date,county,fips,population,confirmed_cases,reported_cases,probable_cases,reported_and_probable_cases,reported_deaths
2023-04-25,Alameda,001,1643700,384812,384819,22966,407785,2222
2023-04-25,Alpine,002,1148,139,139,4,143,0
2023-04-25,Amador,005,37829,10671,10672,1014,11686,98
2023-04-25,Butte,007,227075,41951,41951,10390,52341,498
2023-04-25,Calaveras,009,45235,9080,9080,647,9727,143
2023-04-25,Colusa,011,21464,4022,4024,1387,5411,24
2023-04-25,Contra Costa,013,1133247,276514,276518,22565,299083,1586
2023-04-25,Del Norte,015,27424,7964,7965,491,8456,61
2023-04-25,El Dorado,017,186661,34925,34925,4585,39510,247
2023-04-25,Fresno,019,978130,297009,297018,35365,332383,3021
2023-04-25,Glenn,021,27897,5832,5832,2031,7863,58
2023-04-25,Humboldt,023,135768,23506,23509,5976,29485,171
2023-04-25,Imperial,025,180216,71362,71364,19470,90834,981
2023-04-25,Inyo,027,18085,4805,4805,1329,6134,63
2023-04-25,Kern,029,883053,231963,231969,74334,306303,2502
2023-04-25,Kings,031,150075,63193,63193,4516,67709,486
2023-04-25,Lake,033,64148,13752,13752,1283,15035,163
2023-04-25,Lassen,035,31185,10285,10285,1070,11355,67
2023-04-25,Los Angeles,037,10098052,3513967,3514234,222873,3737107,35955
2023-04-25,Madera,039,155013,46686,46688,8942,55630,378
2023-04-25,Marin,041,260295,49857,49861,5768,55629,317
2023-04-25,Mariposa,043,17540,3382,3382,360,3742,33
2023-04-25,Mendocino,045,87422,17013,17013,4842,21855,145
2023-04-25,Merced,047,269075,77635,77640,12933,90573,903
2023-04-25,Modoc,049,8938,967,967,378,1345,11
2023-04-25,Mono,051,14174,3343,3343,307,3650,8
2023-04-25,Monterey,053,433212,98733,98734,24655,123389,811
2023-04-25,Napa,055,140530,34732,34733,1541,36274,183
2023-04-25,Nevada,057,99092,20380,20385,2350,22735,139
2023-04-25,Orange,059,3164182,717548,717549,79703,797252,8104
2023-04-25,Placer,061,380077,82030,82030,10389,92419,683
2023-04-25,Plumas,063,18699,3854,3854,463,4317,15
2023-04-25,Riverside,065,2383286,739549,739609,42290,781899,6885
2023-04-25,Sacramento,067,1510023,375672,375675,38601,414276,3584
2023-04-25,San Benito,069,59416,17815,17817,1146,18963,119
2023-04-25,San Bernardino,071,2135413,714591,714655,34941,749596,8172
2023-04-25,San Diego,073,3302833,992990,992990,82233,1075223,5848
2023-04-25,San Francisco,075,870044,199283,199293,13566,212859,1202
2023-04-25,San Joaquin,077,732212,211874,211882,17105,228987,2439
2023-04-25,San Luis Obispo,079,281455,66917,66918,8257,75175,574
2023-04-25,San Mateo,081,765935,185609,185613,11304,196917,753
2023-04-25,Santa Barbara,083,443738,113055,113056,7861,120917,767
2023-04-25,Santa Clara,085,1922200,481917,481936,21666,503602,2771
2023-04-25,Santa Cruz,087,273765,69294,69294,4064,73358,276
2023-04-25,Shasta,089,179085,36674,36674,8401,45075,607
2023-04-25,Sierra,091,2930,313,313,61,374,5
2023-04-25,Siskiyou,093,43540,5504,5504,3448,8952,96
2023-04-25,Solano,095,438530,115236,115250,8798,124048,483
2023-04-25,Sonoma,097,501317,114921,114928,5836,120764,568
2023-04-25,Stanislaus,099,539301,146344,146364,23338,169702,1846
2023-04-25,Sutter,101,95872,25969,25974,2548,28522,241
2023-04-25,Tehama,103,63373,14541,14541,3452,17993,237
2023-04-25,Trinity,105,12862,1479,1479,508,1987,25
2023-04-25,Tulare,107,460477,129337,129337,40986,170323,1595
2023-04-25,Tuolumne,109,53932,17004,17005,1014,18019,212
2023-04-25,Ventura,111,848112,222222,222225,18269,240494,1701
2023-04-25,Yolo,113,214977,50506,50506,5022,55528,452
2023-04-25,Yuba,115,75493,20202,20206,1909,22115,135
2023-04-24,Alameda,001,1643700,384812,384270,22966,407236,2221
2023-04-24,Alpine,002,1148,139,139,4,143,0
2023-04-24,Amador,005,37829,10671,10660,1014,11674,98
2023-04-24,Butte,007,227075,41951,41925,10390,52315,497
2023-04-24,Calaveras,009,45235,9080,9070,647,9717,143
2023-04-24,Colusa,011,21464,4022,4023,1387,5410,23
2023-04-24,Contra Costa,013,1133247,276514,276104,22565,298669,1579
2023-04-24,Del Norte,015,27424,7964,7962,491,8453,61
2023-04-24,El Dorado,017,186661,34925,34888,4585,39473,247
2023-04-24,Fresno,019,978130,297009,296764,35365,332129,3018
2023-04-24,Glenn,021,27897,5832,5829,2031,7860,58
2023-04-24,Humboldt,023,135768,23506,23502,5976,29478,171
2023-04-24,Imperial,025,180216,71362,71209,19470,90679,981
2023-04-24,Inyo,027,18085,4805,4800,1329,6129,63
2023-04-24,Kern,029,883053,231963,231881,74334,306215,2500
2023-04-24,Kings,031,150075,63193,63167,4516,67683,486
2023-04-24,Lake,033,64148,13752,13741,1283,15024,163
2023-04-24,Lassen,035,31185,10285,10285,1070,11355,67
2023-04-24,Los Angeles,037,10098052,3513967,3511889,222873,3734762,35903
2023-04-24,Madera,039,155013,46686,46657,8942,55599,378
2023-04-24,Marin,041,260295,49857,49790,5768,55558,317
2023-04-24,Mariposa,043,17540,3382,3377,360,3737,33
2023-04-24,Mendocino,045,87422,17013,17002,4842,21844,145
2023-04-24,Merced,047,269075,77635,77500,12933,90433,903
2023-04-24,Modoc,049,8938,967,965,378,1343,11
2023-04-24,Mono,051,14174,3343,3341,307,3648,8
2023-04-24,Monterey,053,433212,98733,98671,24655,123326,811
2023-04-24,Napa,055,140530,34732,34705,1541,36246,180
2023-04-24,Nevada,057,99092,20380,20360,2350,22710,139
2023-04-24,Orange,059,3164182,717548,716944,79703,796647,8095
2023-04-24,Placer,061,380077,82030,81922,10389,92311,683
2023-04-24,Plumas,063,18699,3854,3851,463,4314,15
2023-04-24,Riverside,065,2383286,739549,739279,42290,781569,6883
2023-04-24,Sacramento,067,1510023,375672,375139,38601,413740,3577
2023-04-24,San Benito,069,59416,17815,17810,1146,18956,118
2023-04-24,San Bernardino,071,2135413,714591,714210,34941,749151,8173
2023-04-24,San Diego,073,3302833,992990,992283,82233,1074516,5844
2023-04-24,San Francisco,075,870044,199283,198973,13566,212539,1197
2023-04-24,San Joaquin,077,732212,211874,211734,17105,228839,2431
2023-04-24,San Luis Obispo,079,281455,66917,66877,8257,75134,570
2023-04-24,San Mateo,081,765935,185609,185403,11304,196707,753
2023-04-24,Santa Barbara,083,443738,113055,112956,7861,120817,767
2023-04-24,Santa Clara,085,1922200,481917,481393,21666,503059,2770
2023-04-24,Santa Cruz,087,273765,69294,69223,4064,73287,276
2023-04-24,Shasta,089,179085,36674,36661,8401,45062,607
2023-04-24,Sierra,091,2930,313,313,61,374,5
2023-04-24,Siskiyou,093,43540,5504,5496,3448,8944,96
2023-04-24,Solano,095,438530,115236,115122,8798,123920,483
2023-04-24,Sonoma,097,501317,114921,114755,5836,120591,568
2023-04-24,Stanislaus,099,539301,146344,146249,23338,169587,1846
2023-04-24,Sutter,101,95872,25969,25947,2548,28495,241
2023-04-24,Tehama,103,63373,14541,14538,3452,17990,234
2023-04-24,Trinity,105,12862,1479,1478,508,1986,25
2023-04-24,Tulare,107,460477,129337,129257,40986,170243,1595
2023-04-24,Tuolumne,109,53932,17004,17002,1014,18016,212
2023-04-24,Ventura,111,848112,222222,222098,18269,240367,1701
2023-04-24,Yolo,113,214977,50506,50465,5022,55487,451
2023-04-24,Yuba,115,75493,20202,20189,1909,22098,135
2023-04-23,Alameda,001,1643700,384742,384270,22966,407236,2221
2023-04-23,Alpine,002,1148,139,139,4,143,0
2023-04-23,Amador,005,37829,10670,10660,1014,11674,98
2023-04-23,Butte,007,227075,41950,41925,10390,52315,497
2023-04-23,Calaveras,009,45235,9079,9070,647,9717,143
2023-04-23,Colusa,011,21464,4022,4023,1387,5410,23
2023-04-23,Contra Costa,013,1133247,276480,276104,22565,298669,1579
2023-04-23,Del Norte,015,27424,7963,7962,491,8453,61
2023-04-23,El Dorado,017,186661,34921,34888,4585,39473,247
2023-04-23,Fresno,019,978130,296982,296764,35365,332129,3018
2023-04-23,Glenn,021,27897,5832,5829,2031,7860,58
2023-04-23,Humboldt,023,135768,23506,23502,5976,29478,171
2023-04-23,Imperial,025,180216,71347,71209,19470,90679,981
2023-04-23,Inyo,027,18085,4804,4800,1329,6129,63
2023-04-23,Kern,029,883053,231959,231881,74334,306215,2500
2023-04-23,Kings,031,150075,63189,63167,4516,67683,486
2023-04-23,Lake,033,64148,13752,13741,1283,15024,163
2023-04-23,Lassen,035,31185,10285,10285,1070,11355,67
2023-04-23,Los Angeles,037,10098052,3513949,3511889,222873,3734762,35903
2023-04-23,Madera,039,155013,46684,46657,8942,55599,378
2023-04-23,Marin,041,260295,49848,49790,5768,55558,317
2023-04-23,Mariposa,043,17540,3382,3377,360,3737,33
2023-04-23,Mendocino,045,87422,17012,17002,4842,21844,145
2023-04-23,Merced,047,269075,77632,77500,12933,90433,903
2023-04-23,Modoc,049,8938,967,965,378,1343,11
2023-04-23,Mono,051,14174,3342,3341,307,3648,8
2023-04-23,Monterey,053,433212,98730,98671,24655,123326,811
2023-04-23,Napa,055,140530,34728,34705,1541,36246,180
2023-04-23,Nevada,057,99092,20379,20360,2350,22710,139
2023-04-23,Orange,059,3164182,717527,716944,79703,796647,8095
2023-04-23,Placer,061,380077,82022,81922,10389,92311,683
2023-04-23,Plumas,063,18699,3852,3851,463,4314,15
2023-04-23,Riverside,065,2383286,739536,739279,42290,781569,6883
2023-04-23,Sacramento,067,1510023,375621,375139,38601,413740,3577
2023-04-23,San Benito,069,59416,17812,17810,1146,18956,118
2023-04-23,San Bernardino,071,2135413,714582,714210,34941,749151,8173
2023-04-23,San Diego,073,3302833,992958,992283,82233,1074516,5844
2023-04-23,San Francisco,075,870044,199248,198973,13566,212539,1197
2023-04-23,San Joaquin,077,732212,211864,211734,17105,228839,2431
2023-04-23,San Luis Obispo,079,281455,66916,66877,8257,75134,570
2023-04-23,San Mateo,081,765935,185597,185403,11304,196707,753
2023-04-23,Santa Barbara,083,443738,113050,112956,7861,120817,767
2023-04-23,Santa Clara,085,1922200,481849,481393,21666,503059,2770
2023-04-23,Santa Cruz,087,273765,69294,69223,4064,73287,276
2023-04-23,Shasta,089,179085,36674,36661,8401,45062,607
2023-04-23,Sierra,091,2930,313,313,61,374,5
2023-04-23,Siskiyou,093,43540,5503,5496,3448,8944,96
2023-04-23,Solano,095,438530,115222,115122,8798,123920,483
2023-04-23,Sonoma,097,501317,114902,114755,5836,120591,568
2023-04-23,Stanislaus,099,539301,146332,146249,23338,169587,1846
2023-04-23,Sutter,101,95872,25968,25947,2548,28495,241
2023-04-23,Tehama,103,63373,14541,14538,3452,17990,234
2023-04-23,Trinity,105,12862,1479,1478,508,1986,25
2023-04-23,Tulare,107,460477,129326,129257,40986,170243,1595
2023-04-23,Tuolumne,109,53932,17004,17002,1014,18016,212
2023-04-23,Ventura,111,848112,222211,222098,18269,240367,1701
2023-04-23,Yolo,113,214977,50503,50465,5022,55487,451
2023-04-23,Yuba,115,75493,20199,20189,1909,22098,135
2023-04-22,Alameda,001,1643700,384708,384270,22966,407236,2221
2023-04-22,Alpine,002,1148,139,139,4,143,0
2023-04-22,Amador,005,37829,10668,10660,1014,11674,98
2023-04-22,Butte,007,227075,41944,41925,10390,52315,497
2023-04-22,Calaveras,009,45235,9079,9070,647,9717,143
2023-04-22,Colusa,011,21464,4022,4023,1387,5410,23
2023-04-22,Contra Costa,013,1133247,276452,276104,22565,298669,1579
2023-04-22,Del Norte,015,27424,7963,7962,491,8453,61
2023-04-22,El Dorado,017,186661,34917,34888,4585,39473,247
2023-04-22,Fresno,019,978130,296963,296764,35365,332129,3018
2023-04-22,Glenn,021,27897,5832,5829,2031,7860,58
2023-04-22,Humboldt,023,135768,23506,23502,5976,29478,171
2023-04-22,Imperial,025,180216,71342,71209,19470,90679,981
2023-04-22,Inyo,027,18085,4804,4800,1329,6129,63
2023-04-22,Kern,029,883053,231955,231881,74334,306215,2500
2023-04-22,Kings,031,150075,63186,63167,4516,67683,486
2023-04-22,Lake,033,64148,13751,13741,1283,15024,163
2023-04-22,Lassen,035,31185,10285,10285,1070,11355,67
2023-04-22,Los Angeles,037,10098052,3513876,3511889,222873,3734762,35903
2023-04-22,Madera,039,155013,46684,46657,8942,55599,378
2023-04-22,Marin,041,260295,49844,49790,5768,55558,317
2023-04-22,Mariposa,043,17540,3382,3377,360,3737,33
2023-04-22,Mendocino,045,87422,17011,17002,4842,21844,145
2023-04-22,Merced,047,269075,77630,77500,12933,90433,903
2023-04-22,Modoc,049,8938,967,965,378,1343,11
2023-04-22,Mono,051,14174,3342,3341,307,3648,8
2023-04-22,Monterey,053,433212,98723,98671,24655,123326,811
2023-04-22,Napa,055,140530,34726,34705,1541,36246,180
2023-04-22,Nevada,057,99092,20375,20360,2350,22710,139
2023-04-22,Orange,059,3164182,717485,716944,79703,796647,8095
2023-04-22,Placer,061,380077,82006,81922,10389,92311,683
2023-04-22,Plumas,063,18699,3852,3851,463,4314,15
2023-04-22,Riverside,065,2383286,739524,739279,42290,781569,6883
2023-04-22,Sacramento,067,1510023,375593,375139,38601,413740,3577
2023-04-22,San Benito,069,59416,17810,17810,1146,18956,118
2023-04-22,San Bernardino,071,2135413,714568,714210,34941,749151,8173
2023-04-22,San Diego,073,3302833,992905,992283,82233,1074516,5844
2023-04-22,San Francisco,075,870044,199223,198973,13566,212539,1197
2023-04-22,San Joaquin,077,732212,211852,211734,17105,228839,2431
2023-04-22,San Luis Obispo,079,281455,66911,66877,8257,75134,570
2023-04-22,San Mateo,081,765935,185586,185403,11304,196707,753
2023-04-22,Santa Barbara,083,443738,113039,112956,7861,120817,767
2023-04-22,Santa Clara,085,1922200,481803,481393,21666,503059,2770
2023-04-22,Santa Cruz,087,273765,69288,69223,4064,73287,276
2023-04-22,Shasta,089,179085,36674,36661,8401,45062,607
2023-04-22,Sierra,091,2930,313,313,61,374,5
2023-04-22,Siskiyou,093,43540,5503,5496,3448,8944,96
2023-04-22,Solano,095,438530,115209,115122,8798,123920,483
2023-04-22,Sonoma,097,501317,114894,114755,5836,120591,568
2023-04-22,Stanislaus,099,539301,146323,146249,23338,169587,1846
2023-04-22,Sutter,101,95872,25966,25947,2548,28495,241
2023-04-22,Tehama,103,63373,14541,14538,3452,17990,234
2023-04-22,Trinity,105,12862,1479,1478,508,1986,25
2023-04-22,Tulare,107,460477,129318,129257,40986,170243,1595
2023-04-22,Tuolumne,109,53932,17002,17002,1014,18016,212
2023-04-22,Ventura,111,848112,222198,222098,18269,240367,1701
2023-04-22,Yolo,113,214977,50501,50465,5022,55487,451
2023-04-22,Yuba,115,75493,20196,20189,1909,22098,135
2023-04-21,Alameda,001,1643700,384666,384270,22966,407236,2221
2023-04-21,Alpine,002,1148,139,139,4,143,0
2023-04-21,Amador,005,37829,10668,10660,1014,11674,98
2023-04-21,Butte,007,227075,41942,41925,10390,52315,497
2023-04-21,Calaveras,009,45235,9077,9070,647,9717,143
2023-04-21,Colusa,011,21464,4022,4023,1387,5410,23
2023-04-21,Contra Costa,013,1133247,276433,276104,22565,298669,1579
2023-04-21,Del Norte,015,27424,7962,7962,491,8453,61
2023-04-21,El Dorado,017,186661,34917,34888,4585,39473,247
2023-04-21,Fresno,019,978130,296940,296764,35365,332129,3018
2023-04-21,Glenn,021,27897,5832,5829,2031,7860,58
2023-04-21,Humboldt,023,135768,23503,23502,5976,29478,171
2023-04-21,Imperial,025,180216,71335,71209,19470,90679,981
2023-04-21,Inyo,027,18085,4804,4800,1329,6129,63
2023-04-21,Kern,029,883053,231946,231881,74334,306215,2500
2023-04-21,Kings,031,150075,63184,63167,4516,67683,486
2023-04-21,Lake,033,64148,13750,13741,1283,15024,163
2023-04-21,Lassen,035,31185,10285,10285,1070,11355,67
2023-04-21,Los Angeles,037,10098052,3513753,3511889,222873,3734762,35903
2023-04-21,Madera,039,155013,46682,46657,8942,55599,378
2023-04-21,Marin,041,260295,49833,49790,5768,55558,317
2023-04-21,Mariposa,043,17540,3382,3377,360,3737,33
2023-04-21,Mendocino,045,87422,17008,17002,4842,21844,145
2023-04-21,Merced,047,269075,77626,77500,12933,90433,903
2023-04-21,Modoc,049,8938,967,965,378,1343,11
2023-04-21,Mono,051,14174,3342,3341,307,3648,8
2023-04-21,Monterey,053,433212,98719,98671,24655,123326,811
2023-04-21,Napa,055,140530,34723,34705,1541,36246,180
2023-04-21,Nevada,057,99092,20373,20360,2350,22710,139
2023-04-21,Orange,059,3164182,717439,716944,79703,796647,8095
2023-04-21,Placer,061,380077,81998,81922,10389,92311,683
2023-04-21,Plumas,063,18699,3852,3851,463,4314,15
2023-04-21,Riverside,065,2383286,739507,739279,42290,781569,6883
2023-04-21,Sacramento,067,1510023,375545,375139,38601,413740,3577
2023-04-21,San Benito,069,59416,17810,17810,1146,18956,118
2023-04-21,San Bernardino,071,2135413,714540,714210,34941,749151,8173
2023-04-21,San Diego,073,3302833,992837,992283,82233,1074516,5844
2023-04-21,San Francisco,075,870044,199200,198973,13566,212539,1197
2023-04-21,San Joaquin,077,732212,211838,211734,17105,228839,2431
2023-04-21,San Luis Obispo,079,281455,66907,66877,8257,75134,570
2023-04-21,San Mateo,081,765935,185567,185403,11304,196707,753
2023-04-21,Santa Barbara,083,443738,113030,112956,7861,120817,767
2023-04-21,Santa Clara,085,1922200,481759,481393,21666,503059,2770
2023-04-21,Santa Cruz,087,273765,69285,69223,4064,73287,276
2023-04-21,Shasta,089,179085,36673,36661,8401,45062,607
2023-04-21,Sierra,091,2930,313,313,61,374,5
2023-04-21,Siskiyou,093,43540,5502,5496,3448,8944,96
2023-04-21,Solano,095,438530,115207,115122,8798,123920,483
2023-04-21,Sonoma,097,501317,114879,114755,5836,120591,568
2023-04-21,Stanislaus,099,539301,146310,146249,23338,169587,1846
2023-04-21,Sutter,101,95872,25965,25947,2548,28495,241
2023-04-21,Tehama,103,63373,14541,14538,3452,17990,234
2023-04-21,Trinity,105,12862,1479,1478,508,1986,25
2023-04-21,Tulare,107,460477,129315,129257,40986,170243,1595
2023-04-21,Tuolumne,109,53932,17002,17002,1014,18016,212
2023-04-21,Ventura,111,848112,222187,222098,18269,240367,1701
2023-04-21,Yolo,113,214977,50495,50465,5022,55487,451
2023-04-21,Yuba,115,75493,20195,20189,1909,22098,135
2023-04-20,Alameda,001,1643700,384599,384270,22966,407236,2221
2023-04-20,Alpine,002,1148,139,139,4,143,0
2023-04-20,Amador,005,37829,10666,10660,1014,11674,98
2023-04-20,Butte,007,227075,41940,41925,10390,52315,497
2023-04-20,Calaveras,009,45235,9075,9070,647,9717,143
2023-04-20,Colusa,011,21464,4022,4023,1387,5410,23
2023-04-20,Contra Costa,013,1133247,276386,276104,22565,298669,1579
2023-04-20,Del Norte,015,27424,7962,7962,491,8453,61
2023-04-20,El Dorado,017,186661,34915,34888,4585,39473,247
2023-04-20,Fresno,019,978130,296915,296764,35365,332129,3018
2023-04-20,Glenn,021,27897,5832,5829,2031,7860,58
2023-04-20,Humboldt,023,135768,23503,23502,5976,29478,171
2023-04-20,Imperial,025,180216,71319,71209,19470,90679,981
2023-04-20,Inyo,027,18085,4803,4800,1329,6129,63
2023-04-20,Kern,029,883053,231931,231881,74334,306215,2500
2023-04-20,Kings,031,150075,63182,63167,4516,67683,486
2023-04-20,Lake,033,64148,13747,13741,1283,15024,163
2023-04-20,Lassen,035,31185,10285,10285,1070,11355,67
2023-04-20,Los Angeles,037,10098052,3513585,3511889,222873,3734762,35903
2023-04-20,Madera,039,155013,46678,46657,8942,55599,378
2023-04-20,Marin,041,260295,49829,49790,5768,55558,317
2023-04-20,Mariposa,043,17540,3382,3377,360,3737,33
2023-04-20,Mendocino,045,87422,17007,17002,4842,21844,145
2023-04-20,Merced,047,269075,77618,77500,12933,90433,903
2023-04-20,Modoc,049,8938,967,965,378,1343,11
2023-04-20,Mono,051,14174,3342,3341,307,3648,8
2023-04-20,Monterey,053,433212,98710,98671,24655,123326,811
2023-04-20,Napa,055,140530,34720,34705,1541,36246,180
2023-04-20,Nevada,057,99092,20370,20360,2350,22710,139
2023-04-20,Orange,059,3164182,717356,716944,79703,796647,8095
2023-04-20,Placer,061,380077,81983,81922,10389,92311,683
2023-04-20,Plumas,063,18699,3852,3851,463,4314,15
2023-04-20,Riverside,065,2383286,739477,739279,42290,781569,6883
2023-04-20,Sacramento,067,1510023,375466,375139,38601,413740,3577
2023-04-20,San Benito,069,59416,17808,17810,1146,18956,118
2023-04-20,San Bernardino,071,2135413,714495,714210,34941,749151,8173
2023-04-20,San Diego,073,3302833,992758,992283,82233,1074516,5844
2023-04-20,San Francisco,075,870044,199157,198973,13566,212539,1197
2023-04-20,San Joaquin,077,732212,211821,211734,17105,228839,2431
2023-04-20,San Luis Obispo,079,281455,66904,66877,8257,75134,570
2023-04-20,San Mateo,081,765935,185546,185403,11304,196707,753
2023-04-20,Santa Barbara,083,443738,113022,112956,7861,120817,767
2023-04-20,Santa Clara,085,1922200,481701,481393,21666,503059,2770
2023-04-20,Santa Cruz,087,273765,69283,69223,4064,73287,276
2023-04-20,Shasta,089,179085,36671,36661,8401,45062,607
2023-04-20,Sierra,091,2930,313,313,61,374,5
2023-04-20,Siskiyou,093,43540,5501,5496,3448,8944,96
2023-04-20,Solano,095,438530,115181,115122,8798,123920,483
2023-04-20,Sonoma,097,501317,114860,114755,5836,120591,568
2023-04-20,Stanislaus,099,539301,146296,146249,23338,169587,1846
2023-04-20,Sutter,101,95872,25959,25947,2548,28495,241
2023-04-20,Tehama,103,63373,14540,14538,3452,17990,234
2023-04-20,Trinity,105,12862,1479,1478,508,1986,25
2023-04-20,Tulare,107,460477,129311,129257,40986,170243,1595
2023-04-20,Tuolumne,109,53932,17002,17002,1014,18016,212
2023-04-20,Ventura,111,848112,222177,222098,18269,240367,1701
2023-04-20,Yolo,113,214977,50489,50465,5022,55487,451
2023-04-20,Yuba,115,75493,20195,20189,1909,22098,135
2023-04-19,Alameda,001,1643700,384515,384270,22966,407236,2221
2023-04-19,Alpine,002,1148,139,139,4,143,0
2023-04-19,Amador,005,37829,10662,10660,1014,11674,98
2023-04-19,Butte,007,227075,41935,41925,10390,52315,497
2023-04-19,Calaveras,009,45235,9075,9070,647,9717,143
2023-04-19,Colusa,011,21464,4022,4023,1387,5410,23
2023-04-19,Contra Costa,013,1133247,276336,276104,22565,298669,1579
2023-04-19,Del Norte,015,27424,7961,7962,491,8453,61
2023-04-19,El Dorado,017,186661,34910,34888,4585,39473,247
2023-04-19,Fresno,019,978130,296890,296764,35365,332129,3018
2023-04-19,Glenn,021,27897,5830,5829,2031,7860,58
2023-04-19,Humboldt,023,135768,23503,23502,5976,29478,171
2023-04-19,Imperial,025,180216,71298,71209,19470,90679,981
2023-04-19,Inyo,027,18085,4802,4800,1329,6129,63
2023-04-19,Kern,029,883053,231920,231881,74334,306215,2500
2023-04-19,Kings,031,150075,63178,63167,4516,67683,486
2023-04-19,Lake,033,64148,13746,13741,1283,15024,163
2023-04-19,Lassen,035,31185,10285,10285,1070,11355,67
2023-04-19,Los Angeles,037,10098052,3513375,3511889,222873,3734762,35903
2023-04-19,Madera,039,155013,46674,46657,8942,55599,378
2023-04-19,Marin,041,260295,49822,49790,5768,55558,317
2023-04-19,Mariposa,043,17540,3382,3377,360,3737,33
2023-04-19,Mendocino,045,87422,17006,17002,4842,21844,145
2023-04-19,Merced,047,269075,77608,77500,12933,90433,903
2023-04-19,Modoc,049,8938,965,965,378,1343,11
2023-04-19,Mono,051,14174,3342,3341,307,3648,8
2023-04-19,Monterey,053,433212,98704,98671,24655,123326,811
2023-04-19,Napa,055,140530,34716,34705,1541,36246,180
2023-04-19,Nevada,057,99092,20369,20360,2350,22710,139
2023-04-19,Orange,059,3164182,717272,716944,79703,796647,8095
2023-04-19,Placer,061,380077,81973,81922,10389,92311,683
2023-04-19,Plumas,063,18699,3852,3851,463,4314,15
2023-04-19,Riverside,065,2383286,739438,739279,42290,781569,6883
2023-04-19,Sacramento,067,1510023,375393,375139,38601,413740,3577
2023-04-19,San Benito,069,59416,17807,17810,1146,18956,118
2023-04-19,San Bernardino,071,2135413,714458,714210,34941,749151,8173
2023-04-19,San Diego,073,3302833,992656,992283,82233,1074516,5844
2023-04-19,San Francisco,075,870044,199122,198973,13566,212539,1197
2023-04-19,San Joaquin,077,732212,211796,211734,17105,228839,2431
2023-04-19,San Luis Obispo,079,281455,66901,66877,8257,75134,570
2023-04-19,San Mateo,081,765935,185522,185403,11304,196707,753
2023-04-19,Santa Barbara,083,443738,113005,112956,7861,120817,767
2023-04-19,Santa Clara,085,1922200,481640,481393,21666,503059,2770
2023-04-19,Santa Cruz,087,273765,69276,69223,4064,73287,276
2023-04-19,Shasta,089,179085,36670,36661,8401,45062,607
2023-04-19,Sierra,091,2930,313,313,61,374,5
2023-04-19,Siskiyou,093,43540,5501,5496,3448,8944,96
2023-04-19,Solano,095,438530,115154,115122,8798,123920,483
2023-04-19,Sonoma,097,501317,114837,114755,5836,120591,568
2023-04-19,Stanislaus,099,539301,146289,146249,23338,169587,1846
2023-04-19,Sutter,101,95872,25956,25947,2548,28495,241
2023-04-19,Tehama,103,63373,14540,14538,3452,17990,234
2023-04-19,Trinity,105,12862,1478,1478,508,1986,25
2023-04-19,Tulare,107,460477,129304,129257,40986,170243,1595
2023-04-19,Tuolumne,109,53932,17002,17002,1014,18016,212
2023-04-19,Ventura,111,848112,222162,222098,18269,240367,1701
2023-04-19,Yolo,113,214977,50486,50465,5022,55487,451
2023-04-19,Yuba,115,75493,20193,20189,1909,22098,135
2023-04-18,Alameda,001,1643700,384433,384270,22966,407236,2221
2023-04-18,Alpine,002,1148,139,139,4,143,0
2023-04-18,Amador,005,37829,10660,10660,1014,11674,98
2023-04-18,Butte,007,227075,41932,41925,10390,52315,497
2023-04-18,Calaveras,009,45235,9073,9070,647,9717,143
2023-04-18,Colusa,011,21464,4022,4023,1387,5410,23
2023-04-18,Contra Costa,013,1133247,276283,276104,22565,298669,1579
2023-04-18,Del Norte,015,27424,7961,7962,491,8453,61
2023-04-18,El Dorado,017,186661,34901,34888,4585,39473,247
2023-04-18,Fresno,019,978130,296860,296764,35365,332129,3018
2023-04-18,Glenn,021,27897,5830,5829,2031,7860,58
2023-04-18,Humboldt,023,135768,23501,23502,5976,29478,171
2023-04-18,Imperial,025,180216,71279,71209,19470,90679,981
2023-04-18,Inyo,027,18085,4802,4800,1329,6129,63
2023-04-18,Kern,029,883053,231911,231881,74334,306215,2500
2023-04-18,Kings,031,150075,63176,63167,4516,67683,486
2023-04-18,Lake,033,64148,13745,13741,1283,15024,163
2023-04-18,Lassen,035,31185,10285,10285,1070,11355,67
2023-04-18,Los Angeles,037,10098052,3513190,3511889,222873,3734762,35903
2023-04-18,Madera,039,155013,46670,46657,8942,55599,378
2023-04-18,Marin,041,260295,49809,49790,5768,55558,317
2023-04-18,Mariposa,043,17540,3380,3377,360,3737,33
2023-04-18,Mendocino,045,87422,17004,17002,4842,21844,145
2023-04-18,Merced,047,269075,77600,77500,12933,90433,903
2023-04-18,Modoc,049,8938,965,965,378,1343,11
2023-04-18,Mono,051,14174,3341,3341,307,3648,8
2023-04-18,Monterey,053,433212,98700,98671,24655,123326,811
2023-04-18,Napa,055,140530,34713,34705,1541,36246,180
2023-04-18,Nevada,057,99092,20363,20360,2350,22710,139
2023-04-18,Orange,059,3164182,717191,716944,79703,796647,8095
2023-04-18,Placer,061,380077,81961,81922,10389,92311,683
2023-04-18,Plumas,063,18699,3852,3851,463,4314,15
2023-04-18,Riverside,065,2383286,739381,739279,42290,781569,6883
2023-04-18,Sacramento,067,1510023,375318,375139,38601,413740,3577
2023-04-18,San Benito,069,59416,17807,17810,1146,18956,118
2023-04-18,San Bernardino,071,2135413,714396,714210,34941,749151,8173
2023-04-18,San Diego,073,3302833,992555,992283,82233,1074516,5844
2023-04-18,San Francisco,075,870044,199067,198973,13566,212539,1197
2023-04-18,San Joaquin,077,732212,211775,211734,17105,228839,2431
2023-04-18,San Luis Obispo,079,281455,66895,66877,8257,75134,570
2023-04-18,San Mateo,081,765935,185498,185403,11304,196707,753
2023-04-18,Santa Barbara,083,443738,112991,112956,7861,120817,767
2023-04-18,Santa Clara,085,1922200,481572,481393,21666,503059,2770
2023-04-18,Santa Cruz,087,273765,69266,69223,4064,73287,276
2023-04-18,Shasta,089,179085,36668,36661,8401,45062,607
2023-04-18,Sierra,091,2930,313,313,61,374,5
2023-04-18,Siskiyou,093,43540,5499,5496,3448,8944,96
2023-04-18,Solano,095,438530,115135,115122,8798,123920,483
2023-04-18,Sonoma,097,501317,114812,114755,5836,120591,568
2023-04-18,Stanislaus,099,539301,146269,146249,23338,169587,1846
2023-04-18,Sutter,101,95872,25949,25947,2548,28495,241
2023-04-18,Tehama,103,63373,14540,14538,3452,17990,234
2023-04-18,Trinity,105,12862,1478,1478,508,1986,25
2023-04-18,Tulare,107,460477,129291,129257,40986,170243,1595
2023-04-18,Tuolumne,109,53932,17001,17002,1014,18016,212
2023-04-18,Ventura,111,848112,222145,222098,18269,240367,1701
2023-04-18,Yolo,113,214977,50483,50465,5022,55487,451
2023-04-18,Yuba,115,75493,20192,20189,1909,22098,135
2023-04-17,Alameda,001,1643700,384347,383667,22966,406633,2216
2023-04-17,Alpine,002,1148,139,139,4,143,0
2023-04-17,Amador,005,37829,10658,10646,1014,11660,98
2023-04-17,Butte,007,227075,41929,41872,10390,52262,496
2023-04-17,Calaveras,009,45235,9073,9060,647,9707,143
2023-04-17,Colusa,011,21464,4022,4022,1387,5409,23
2023-04-17,Contra Costa,013,1133247,276234,275697,22565,298262,1575
2023-04-17,Del Norte,015,27424,7961,7961,491,8452,61
2023-04-17,El Dorado,017,186661,34896,34843,4585,39428,247
2023-04-17,Fresno,019,978130,296823,296446,35365,331811,3015
2023-04-17,Glenn,021,27897,5829,5818,2031,7849,58
2023-04-17,Humboldt,023,135768,23500,23494,5976,29470,170
2023-04-17,Imperial,025,180216,71259,71009,19470,90479,981
2023-04-17,Inyo,027,18085,4800,4797,1329,6126,63
2023-04-17,Kern,029,883053,231894,231738,74334,306072,2499
2023-04-17,Kings,031,150075,63171,63122,4516,67638,486
2023-04-17,Lake,033,64148,13743,13728,1283,15011,163
2023-04-17,Lassen,035,31185,10285,10283,1070,11353,67
2023-04-17,Los Angeles,037,10098052,3512919,3509407,222873,3732280,35863
2023-04-17,Madera,039,155013,46668,46586,8942,55528,378
2023-04-17,Marin,041,260295,49799,49704,5768,55472,317
2023-04-17,Mariposa,043,17540,3379,3377,360,3737,33
2023-04-17,Mendocino,045,87422,17004,16980,4842,21822,145
2023-04-17,Merced,047,269075,77596,77340,12933,90273,903
2023-04-17,Modoc,049,8938,965,964,378,1342,11
2023-04-17,Mono,051,14174,3341,3340,307,3647,8
2023-04-17,Monterey,053,433212,98693,98631,24655,123286,811
2023-04-17,Napa,055,140530,34710,34673,1541,36214,179
2023-04-17,Nevada,057,99092,20362,20325,2350,22675,139
2023-04-17,Orange,059,3164182,717103,716354,79703,796057,8078
2023-04-17,Placer,061,380077,81942,81833,10389,92222,683
2023-04-17,Plumas,063,18699,3851,3844,463,4307,15
2023-04-17,Riverside,065,2383286,739309,738856,42290,781146,6880
2023-04-17,Sacramento,067,1510023,375264,374601,38601,413202,3568
2023-04-17,San Benito,069,59416,17806,17794,1146,18940,118
2023-04-17,San Bernardino,071,2135413,714328,713760,34941,748701,8172
2023-04-17,San Diego,073,3302833,992435,991465,82233,1073698,5841
2023-04-17,San Francisco,075,870044,198999,198667,13566,212233,1196
2023-04-17,San Joaquin,077,732212,211759,211565,17105,228670,2431
2023-04-17,San Luis Obispo,079,281455,66887,66812,8257,75069,570
2023-04-17,San Mateo,081,765935,185459,185171,11304,196475,753
2023-04-17,Santa Barbara,083,443738,112977,112834,7861,120695,767
2023-04-17,Santa Clara,085,1922200,481484,480775,21666,502441,2761
2023-04-17,Santa Cruz,087,273765,69252,69126,4064,73190,276
2023-04-17,Shasta,089,179085,36666,36604,8401,45005,607
2023-04-17,Sierra,091,2930,313,313,61,374,5
2023-04-17,Siskiyou,093,43540,5499,5491,3448,8939,96
2023-04-17,Solano,095,438530,115116,114965,8798,123763,483
2023-04-17,Sonoma,097,501317,114789,114595,5836,120431,564
2023-04-17,Stanislaus,099,539301,146254,146122,23338,169460,1846
2023-04-17,Sutter,101,95872,25944,25929,2548,28477,241
2023-04-17,Tehama,103,63373,14540,14520,3452,17972,234
2023-04-17,Trinity,105,12862,1478,1477,508,1985,25
2023-04-17,Tulare,107,460477,129284,129148,40986,170134,1588
2023-04-17,Tuolumne,109,53932,17001,16994,1014,18008,212
2023-04-17,Ventura,111,848112,222119,221970,18269,240239,1693
2023-04-17,Yolo,113,214977,50481,50397,5022,55419,448
2023-04-17,Yuba,115,75493,20189,20170,1909,22079,135
2023-04-16,Alameda,001,1643700,384250,383667,22966,406633,2216
2023-04-16,Alpine,002,1148,139,139,4,143,0
2023-04-16,Amador,005,37829,10656,10646,1014,11660,98
2023-04-16,Butte,007,227075,41922,41872,10390,52262,496
2023-04-16,Calaveras,009,45235,9071,9060,647,9707,143
2023-04-16,Colusa,011,21464,4022,4022,1387,5409,23
2023-04-16,Contra Costa,013,1133247,276146,275697,22565,298262,1575
2023-04-16,Del Norte,015,27424,7961,7961,491,8452,61
2023-04-16,El Dorado,017,186661,34885,34843,4585,39428,247
2023-04-16,Fresno,019,978130,296790,296446,35365,331811,3015
2023-04-16,Glenn,021,27897,5829,5818,2031,7849,58
2023-04-16,Humboldt,023,135768,23500,23494,5976,29470,170
2023-04-16,Imperial,025,180216,71217,71009,19470,90479,981
2023-04-16,Inyo,027,18085,4800,4797,1329,6126,63
2023-04-16,Kern,029,883053,231876,231738,74326,306064,2499
2023-04-16,Kings,031,150075,63170,63122,4516,67638,486
2023-04-16,Lake,033,64148,13742,13728,1283,15011,163
2023-04-16,Lassen,035,31185,10284,10283,1070,11353,67
2023-04-16,Los Angeles,037,10098052,3512610,3509407,222873,3732280,35863
2023-04-16,Madera,039,155013,46661,46586,8942,55528,378
2023-04-16,Marin,041,260295,49788,49704,5768,55472,317
2023-04-16,Mariposa,043,17540,3378,3377,360,3737,33
2023-04-16,Mendocino,045,87422,17002,16980,4842,21822,145
2023-04-16,Merced,047,269075,77578,77340,12933,90273,903
2023-04-16,Modoc,049,8938,965,964,378,1342,11
2023-04-16,Mono,051,14174,3341,3340,307,3647,8
2023-04-16,Monterey,053,433212,98684,98631,24655,123286,811
2023-04-16,Napa,055,140530,34703,34673,1541,36214,179
2023-04-16,Nevada,057,99092,20362,20325,2348,22673,139
2023-04-16,Orange,059,3164182,717028,716354,79703,796057,8078
2023-04-16,Placer,061,380077,81924,81833,10389,92222,683
2023-04-16,Plumas,063,18699,3850,3844,463,4307,15
2023-04-16,Riverside,065,2383286,739264,738856,42290,781146,6880
2023-04-16,Sacramento,067,1510023,375182,374601,38601,413202,3568
2023-04-16,San Benito,069,59416,17803,17794,1146,18940,118
2023-04-16,San Bernardino,071,2135413,714234,713760,34941,748701,8172
2023-04-16,San Diego,073,3302833,992275,991465,82231,1073696,5841
2023-04-16,San Francisco,075,870044,198960,198667,13566,212233,1196
2023-04-16,San Joaquin,077,732212,211725,211565,17105,228670,2431
2023-04-16,San Luis Obispo,079,281455,66880,66812,8257,75069,570
2023-04-16,San Mateo,081,765935,185429,185171,11304,196475,753
2023-04-16,Santa Barbara,083,443738,112949,112834,7861,120695,767
2023-04-16,Santa Clara,085,1922200,481392,480775,21666,502441,2761
2023-04-16,Santa Cruz,087,273765,69236,69126,4064,73190,276
2023-04-16,Shasta,089,179085,36662,36604,8401,45005,607
2023-04-16,Sierra,091,2930,313,313,61,374,5
2023-04-16,Siskiyou,093,43540,5498,5491,3448,8939,96
2023-04-16,Solano,095,438530,115084,114965,8798,123763,483
2023-04-16,Sonoma,097,501317,114747,114595,5836,120431,564
2023-04-16,Stanislaus,099,539301,146237,146122,23331,169453,1846
2023-04-16,Sutter,101,95872,25941,25929,2548,28477,241
2023-04-16,Tehama,103,63373,14536,14520,3452,17972,234
2023-04-16,Trinity,105,12862,1477,1477,508,1985,25
2023-04-16,Tulare,107,460477,129269,129148,40985,170133,1588
2023-04-16,Tuolumne,109,53932,17000,16994,1014,18008,212
2023-04-16,Ventura,111,848112,222098,221970,18269,240239,1693
2023-04-16,Yolo,113,214977,50471,50397,5022,55419,448
2023-04-16,Yuba,115,75493,20185,20170,1909,22079,135
2023-04-15,Alameda,001,1643700,384182,383667,22966,406633,2216
2023-04-15,Alpine,002,1148,139,139,4,143,0
2023-04-15,Amador,005,37829,10654,10646,1014,11660,98
2023-04-15,Butte,007,227075,41919,41872,10390,52262,496
2023-04-15,Calaveras,009,45235,9071,9060,647,9707,143
2023-04-15,Colusa,011,21464,4022,4022,1387,5409,23
2023-04-15,Contra Costa,013,1133247,276122,275697,22565,298262,1575
2023-04-15,Del Norte,015,27424,7961,7961,491,8452,61
2023-04-15,El Dorado,017,186661,34883,34843,4585,39428,247
2023-04-15,Fresno,019,978130,296766,296446,35365,331811,3015
2023-04-15,Glenn,021,27897,5828,5818,2031,7849,58
2023-04-15,Humboldt,023,135768,23500,23494,5976,29470,170
2023-04-15,Imperial,025,180216,71205,71009,19470,90479,981
2023-04-15,Inyo,027,18085,4799,4797,1329,6126,63
2023-04-15,Kern,029,883053,231865,231738,74323,306061,2499
2023-04-15,Kings,031,150075,63165,63122,4516,67638,486
2023-04-15,Lake,033,64148,13740,13728,1283,15011,163
2023-04-15,Lassen,035,31185,10284,10283,1070,11353,67
2023-04-15,Los Angeles,037,10098052,3512428,3509407,222857,3732264,35863
2023-04-15,Madera,039,155013,46657,46586,8942,55528,378
2023-04-15,Marin,041,260295,49781,49704,5768,55472,317
2023-04-15,Mariposa,043,17540,3378,3377,360,3737,33
2023-04-15,Mendocino,045,87422,16998,16980,4842,21822,145
2023-04-15,Merced,047,269075,77575,77340,12933,90273,903
2023-04-15,Modoc,049,8938,965,964,378,1342,11
2023-04-15,Mono,051,14174,3341,3340,307,3647,8
2023-04-15,Monterey,053,433212,98680,98631,24655,123286,811
2023-04-15,Napa,055,140530,34701,34673,1541,36214,179
2023-04-15,Nevada,057,99092,20361,20325,2348,22673,139
2023-04-15,Orange,059,3164182,716985,716354,79703,796057,8078
2023-04-15,Placer,061,380077,81912,81833,10389,92222,683
2023-04-15,Plumas,063,18699,3850,3844,463,4307,15
2023-04-15,Riverside,065,2383286,739222,738856,42290,781146,6880
2023-04-15,Sacramento,067,1510023,375136,374601,38601,413202,3568
2023-04-15,San Benito,069,59416,17801,17794,1146,18940,118
2023-04-15,San Bernardino,071,2135413,714196,713760,34941,748701,8172
2023-04-15,San Diego,073,3302833,992211,991465,82225,1073690,5841
2023-04-15,San Francisco,075,870044,198936,198667,13566,212233,1196
2023-04-15,San Joaquin,077,732212,211709,211565,17105,228670,2431
2023-04-15,San Luis Obispo,079,281455,66877,66812,8257,75069,570
2023-04-15,San Mateo,081,765935,185416,185171,11304,196475,753
2023-04-15,Santa Barbara,083,443738,112940,112834,7861,120695,767
2023-04-15,Santa Clara,085,1922200,481333,480775,21666,502441,2761
2023-04-15,Santa Cruz,087,273765,69227,69126,4064,73190,276
2023-04-15,Shasta,089,179085,36661,36604,8401,45005,607
2023-04-15,Sierra,091,2930,313,313,61,374,5
2023-04-15,Siskiyou,093,43540,5498,5491,3448,8939,96
2023-04-15,Solano,095,438530,115078,114965,8798,123763,483
2023-04-15,Sonoma,097,501317,114729,114595,5836,120431,564
2023-04-15,Stanislaus,099,539301,146225,146122,23328,169450,1846
2023-04-15,Sutter,101,95872,25940,25929,2548,28477,241
2023-04-15,Tehama,103,63373,14536,14520,3452,17972,234
2023-04-15,Trinity,105,12862,1477,1477,508,1985,25
2023-04-15,Tulare,107,460477,129263,129148,40984,170132,1588
2023-04-15,Tuolumne,109,53932,17000,16994,1014,18008,212
2023-04-15,Ventura,111,848112,222091,221970,18269,240239,1693
2023-04-15,Yolo,113,214977,50465,50397,5022,55419,448
2023-04-15,Yuba,115,75493,20185,20170,1909,22079,135
2023-04-14,Alameda,001,1643700,384132,383667,22966,406633,2216
2023-04-14,Alpine,002,1148,139,139,4,143,0
2023-04-14,Amador,005,37829,10654,10646,1013,11659,98
2023-04-14,Butte,007,227075,41917,41872,10390,52262,496
2023-04-14,Calaveras,009,45235,9071,9060,647,9707,143
2023-04-14,Colusa,011,21464,4021,4022,1387,5409,23
2023-04-14,Contra Costa,013,1133247,276084,275697,22565,298262,1575
2023-04-14,Del Norte,015,27424,7961,7961,491,8452,61
2023-04-14,El Dorado,017,186661,34880,34843,4585,39428,247
2023-04-14,Fresno,019,978130,296743,296446,35363,331809,3015
2023-04-14,Glenn,021,27897,5827,5818,2031,7849,58
2023-04-14,Humboldt,023,135768,23500,23494,5976,29470,170
2023-04-14,Imperial,025,180216,71194,71009,19470,90479,981
2023-04-14,Inyo,027,18085,4798,4797,1329,6126,63
2023-04-14,Kern,029,883053,231858,231738,74322,306060,2499
2023-04-14,Kings,031,150075,63157,63122,4516,67638,486
2023-04-14,Lake,033,64148,13740,13728,1283,15011,163
2023-04-14,Lassen,035,31185,10284,10283,1070,11353,67
2023-04-14,Los Angeles,037,10098052,3512224,3509407,222841,3732248,35863
2023-04-14,Madera,039,155013,46650,46586,8942,55528,378
2023-04-14,Marin,041,260295,49775,49704,5768,55472,317
2023-04-14,Mariposa,043,17540,3378,3377,360,3737,33
2023-04-14,Mendocino,045,87422,16994,16980,4842,21822,145
2023-04-14,Merced,047,269075,77569,77340,12933,90273,903
2023-04-14,Modoc,049,8938,965,964,378,1342,11
2023-04-14,Mono,051,14174,3341,3340,307,3647,8
2023-04-14,Monterey,053,433212,98674,98631,24655,123286,811
2023-04-14,Napa,055,140530,34700,34673,1541,36214,179
2023-04-14,Nevada,057,99092,20361,20325,2348,22673,139
2023-04-14,Orange,059,3164182,716924,716354,79703,796057,8078
2023-04-14,Placer,061,380077,81899,81833,10389,92222,683
2023-04-14,Plumas,063,18699,3850,3844,463,4307,15
2023-04-14,Riverside,065,2383286,739185,738856,42290,781146,6880
2023-04-14,Sacramento,067,1510023,375088,374601,38601,413202,3568
2023-04-14,San Benito,069,59416,17798,17794,1146,18940,118
2023-04-14,San Bernardino,071,2135413,714147,713760,34941,748701,8172
2023-04-14,San Diego,073,3302833,992129,991465,82221,1073686,5841
2023-04-14,San Francisco,075,870044,198909,198667,13566,212233,1196
2023-04-14,San Joaquin,077,732212,211681,211565,17105,228670,2431
2023-04-14,San Luis Obispo,079,281455,66867,66812,8257,75069,570
2023-04-14,San Mateo,081,765935,185400,185171,11304,196475,753
2023-04-14,Santa Barbara,083,443738,112921,112834,7861,120695,767
2023-04-14,Santa Clara,085,1922200,481261,480775,21666,502441,2761
2023-04-14,Santa Cruz,087,273765,69218,69126,4064,73190,276
2023-04-14,Shasta,089,179085,36659,36604,8401,45005,607
2023-04-14,Sierra,091,2930,313,313,61,374,5
2023-04-14,Siskiyou,093,43540,5498,5491,3448,8939,96
2023-04-14,Solano,095,438530,115064,114965,8798,123763,483
2023-04-14,Sonoma,097,501317,114719,114595,5836,120431,564
2023-04-14,Stanislaus,099,539301,146211,146122,23328,169450,1846
2023-04-14,Sutter,101,95872,25938,25929,2548,28477,241
2023-04-14,Tehama,103,63373,14535,14520,3452,17972,234
2023-04-14,Trinity,105,12862,1477,1477,508,1985,25
2023-04-14,Tulare,107,460477,129252,129148,40983,170131,1588
2023-04-14,Tuolumne,109,53932,17000,16994,1014,18008,212
2023-04-14,Ventura,111,848112,222080,221970,18269,240239,1693
2023-04-14,Yolo,113,214977,50457,50397,5022,55419,448
2023-04-14,Yuba,115,75493,20183,20170,1909,22079,135
2023-04-13,Alameda,001,1643700,384057,383667,22966,406633,2216
2023-04-13,Alpine,002,1148,139,139,4,143,0
2023-04-13,Amador,005,37829,10651,10646,1013,11659,98
2023-04-13,Butte,007,227075,41913,41872,10390,52262,496
2023-04-13,Calaveras,009,45235,9070,9060,647,9707,143
2023-04-13,Colusa,011,21464,4021,4022,1387,5409,23
2023-04-13,Contra Costa,013,1133247,276028,275697,22565,298262,1575
2023-04-13,Del Norte,015,27424,7961,7961,491,8452,61
2023-04-13,El Dorado,017,186661,34873,34843,4585,39428,247
2023-04-13,Fresno,019,978130,296712,296446,35360,331806,3015
2023-04-13,Glenn,021,27897,5826,5818,2031,7849,58
2023-04-13,Humboldt,023,135768,23500,23494,5976,29470,170
2023-04-13,Imperial,025,180216,71173,71009,19470,90479,981
2023-04-13,Inyo,027,18085,4797,4797,1329,6126,63
2023-04-13,Kern,029,883053,231844,231738,74320,306058,2499
2023-04-13,Kings,031,150075,63153,63122,4516,67638,486
2023-04-13,Lake,033,64148,13739,13728,1283,15011,163
2023-04-13,Lassen,035,31185,10284,10283,1070,11353,67
2023-04-13,Los Angeles,037,10098052,3511945,3509407,222808,3732215,35863
2023-04-13,Madera,039,155013,46640,46586,8942,55528,378
2023-04-13,Marin,041,260295,49767,49704,5768,55472,317
2023-04-13,Mariposa,043,17540,3378,3377,360,3737,33
2023-04-13,Mendocino,045,87422,16994,16980,4842,21822,145
2023-04-13,Merced,047,269075,77560,77340,12933,90273,903
2023-04-13,Modoc,049,8938,965,964,378,1342,11
2023-04-13,Mono,051,14174,3341,3340,307,3647,8
2023-04-13,Monterey,053,433212,98666,98631,24655,123286,811
2023-04-13,Napa,055,140530,34698,34673,1541,36214,179
2023-04-13,Nevada,057,99092,20355,20325,2348,22673,139
2023-04-13,Orange,059,3164182,716849,716354,79702,796056,8078
2023-04-13,Placer,061,380077,81885,81833,10389,92222,683
2023-04-13,Plumas,063,18699,3849,3844,463,4307,15
2023-04-13,Riverside,065,2383286,739133,738856,42290,781146,6880
2023-04-13,Sacramento,067,1510023,375008,374601,38600,413201,3568
2023-04-13,San Benito,069,59416,17795,17794,1146,18940,118
2023-04-13,San Bernardino,071,2135413,714100,713760,34941,748701,8172
2023-04-13,San Diego,073,3302833,992019,991465,82209,1073674,5841
2023-04-13,San Francisco,075,870044,198866,198667,13564,212231,1196
2023-04-13,San Joaquin,077,732212,211658,211565,17104,228669,2431
2023-04-13,San Luis Obispo,079,281455,66856,66812,8256,75068,570
2023-04-13,San Mateo,081,765935,185370,185171,11304,196475,753
2023-04-13,Santa Barbara,083,443738,112911,112834,7861,120695,767
2023-04-13,Santa Clara,085,1922200,481182,480775,21666,502441,2761
2023-04-13,Santa Cruz,087,273765,69210,69126,4064,73190,276
2023-04-13,Shasta,089,179085,36659,36604,8401,45005,607
2023-04-13,Sierra,091,2930,313,313,61,374,5
2023-04-13,Siskiyou,093,43540,5498,5491,3448,8939,96
2023-04-13,Solano,095,438530,115037,114965,8798,123763,483
2023-04-13,Sonoma,097,501317,114700,114595,5836,120431,564
2023-04-13,Stanislaus,099,539301,146203,146122,23322,169444,1846
2023-04-13,Sutter,101,95872,25935,25929,2548,28477,241
2023-04-13,Tehama,103,63373,14535,14520,3452,17972,234
2023-04-13,Trinity,105,12862,1477,1477,508,1985,25
2023-04-13,Tulare,107,460477,129236,129148,40979,170127,1588
2023-04-13,Tuolumne,109,53932,16998,16994,1014,18008,212
2023-04-13,Ventura,111,848112,222064,221970,18269,240239,1693
2023-04-13,Yolo,113,214977,50454,50397,5022,55419,448
2023-04-13,Yuba,115,75493,20182,20170,1909,22079,135
2023-04-12,Alameda,001,1643700,383968,383667,22966,406633,2216
2023-04-12,Alpine,002,1148,139,139,4,143,0
2023-04-12,Amador,005,37829,10649,10646,1013,11659,98
2023-04-12,Butte,007,227075,41908,41872,10389,52261,496
2023-04-12,Calaveras,009,45235,9068,9060,647,9707,143
2023-04-12,Colusa,011,21464,4021,4022,1387,5409,23
2023-04-12,Contra Costa,013,1133247,275959,275697,22565,298262,1575
2023-04-12,Del Norte,015,27424,7961,7961,491,8452,61
2023-04-12,El Dorado,017,186661,34868,34843,4585,39428,247
2023-04-12,Fresno,019,978130,296666,296446,35360,331806,3015
2023-04-12,Glenn,021,27897,5825,5818,2031,7849,58
2023-04-12,Humboldt,023,135768,23496,23494,5976,29470,170
2023-04-12,Imperial,025,180216,71148,71009,19470,90479,981
2023-04-12,Inyo,027,18085,4797,4797,1329,6126,63
2023-04-12,Kern,029,883053,231826,231738,74316,306054,2499
2023-04-12,Kings,031,150075,63148,63122,4516,67638,486
2023-04-12,Lake,033,64148,13733,13728,1283,15011,163
2023-04-12,Lassen,035,31185,10284,10283,1070,11353,67
2023-04-12,Los Angeles,037,10098052,3511579,3509407,222775,3732182,35863
2023-04-12,Madera,039,155013,46631,46586,8942,55528,378
2023-04-12,Marin,041,260295,49755,49704,5768,55472,317
2023-04-12,Mariposa,043,17540,3377,3377,360,3737,33
2023-04-12,Mendocino,045,87422,16988,16980,4842,21822,145
2023-04-12,Merced,047,269075,77554,77340,12933,90273,903
2023-04-12,Modoc,049,8938,965,964,378,1342,11
2023-04-12,Mono,051,14174,3340,3340,307,3647,8
2023-04-12,Monterey,053,433212,98662,98631,24652,123283,811
2023-04-12,Napa,055,140530,34692,34673,1541,36214,179
2023-04-12,Nevada,057,99092,20347,20325,2348,22673,139
2023-04-12,Orange,059,3164182,716757,716354,79699,796053,8078
2023-04-12,Placer,061,380077,81873,81833,10389,92222,683
2023-04-12,Plumas,063,18699,3848,3844,463,4307,15
2023-04-12,Riverside,065,2383286,739083,738856,42289,781145,6880
2023-04-12,Sacramento,067,1510023,374949,374601,38599,413200,3568
2023-04-12,San Benito,069,59416,17794,17794,1146,18940,118
2023-04-12,San Bernardino,071,2135413,714041,713760,34940,748700,8172
2023-04-12,San Diego,073,3302833,991899,991465,82197,1073662,5841
2023-04-12,San Francisco,075,870044,198814,198667,13564,212231,1196
2023-04-12,San Joaquin,077,732212,211620,211565,17103,228668,2431
2023-04-12,San Luis Obispo,079,281455,66848,66812,8256,75068,570
2023-04-12,San Mateo,081,765935,185342,185171,11303,196474,753
2023-04-12,Santa Barbara,083,443738,112896,112834,7861,120695,767
2023-04-12,Santa Clara,085,1922200,481102,480775,21666,502441,2761
2023-04-12,Santa Cruz,087,273765,69194,69126,4063,73189,276
2023-04-12,Shasta,089,179085,36656,36604,8401,45005,607
2023-04-12,Sierra,091,2930,313,313,61,374,5
2023-04-12,Siskiyou,093,43540,5494,5491,3448,8939,96
2023-04-12,Solano,095,438530,115006,114965,8798,123763,483
2023-04-12,Sonoma,097,501317,114681,114595,5836,120431,564
2023-04-12,Stanislaus,099,539301,146186,146122,23322,169444,1846
2023-04-12,Sutter,101,95872,25930,25929,2548,28477,241
2023-04-12,Tehama,103,63373,14535,14520,3452,17972,234
2023-04-12,Trinity,105,12862,1477,1477,508,1985,25
2023-04-12,Tulare,107,460477,129223,129148,40977,170125,1588
2023-04-12,Tuolumne,109,53932,16996,16994,1014,18008,212
2023-04-12,Ventura,111,848112,222043,221970,18269,240239,1693
2023-04-12,Yolo,113,214977,50445,50397,5022,55419,448
2023-04-12,Yuba,115,75493,20182,20170,1909,22079,135
2023-04-11,Alameda,001,1643700,383881,383667,22965,406632,2216
2023-04-11,Alpine,002,1148,139,139,4,143,0
2023-04-11,Amador,005,37829,10649,10646,1013,11659,98
2023-04-11,Butte,007,227075,41901,41872,10389,52261,496
2023-04-11,Calaveras,009,45235,9066,9060,647,9707,143
2023-04-11,Colusa,011,21464,4021,4022,1387,5409,23
2023-04-11,Contra Costa,013,1133247,275907,275697,22565,298262,1575
2023-04-11,Del Norte,015,27424,7961,7961,491,8452,61
2023-04-11,El Dorado,017,186661,34860,34843,4585,39428,247
2023-04-11,Fresno,019,978130,296630,296446,35360,331806,3015
2023-04-11,Glenn,021,27897,5824,5818,2031,7849,58
2023-04-11,Humboldt,023,135768,23494,23494,5975,29469,170
2023-04-11,Imperial,025,180216,71119,71009,19469,90478,981
2023-04-11,Inyo,027,18085,4796,4797,1329,6126,63
2023-04-11,Kern,029,883053,231807,231738,74299,306037,2499
2023-04-11,Kings,031,150075,63137,63122,4516,67638,486
2023-04-11,Lake,033,64148,13732,13728,1283,15011,163
2023-04-11,Lassen,035,31185,10284,10283,1070,11353,67
2023-04-11,Los Angeles,037,10098052,3511207,3509407,222709,3732116,35863
2023-04-11,Madera,039,155013,46623,46586,8942,55528,378
2023-04-11,Marin,041,260295,49746,49704,5768,55472,317
2023-04-11,Mariposa,043,17540,3377,3377,360,3737,33
2023-04-11,Mendocino,045,87422,16986,16980,4842,21822,145
2023-04-11,Merced,047,269075,77543,77340,12933,90273,903
2023-04-11,Modoc,049,8938,964,964,378,1342,11
2023-04-11,Mono,051,14174,3340,3340,307,3647,8
2023-04-11,Monterey,053,433212,98659,98631,24650,123281,811
2023-04-11,Napa,055,140530,34688,34673,1541,36214,179
2023-04-11,Nevada,057,99092,20344,20325,2348,22673,139
2023-04-11,Orange,059,3164182,716684,716354,79698,796052,8078
2023-04-11,Placer,061,380077,81859,81833,10389,92222,683
2023-04-11,Plumas,063,18699,3847,3844,463,4307,15
2023-04-11,Riverside,065,2383286,739019,738856,42289,781145,6880
2023-04-11,Sacramento,067,1510023,374856,374601,38599,413200,3568
2023-04-11,San Benito,069,59416,17792,17794,1146,18940,118
2023-04-11,San Bernardino,071,2135413,713958,713760,34937,748697,8172
2023-04-11,San Diego,073,3302833,991768,991465,82165,1073630,5841
2023-04-11,San Francisco,075,870044,198757,198667,13564,212231,1196
2023-04-11,San Joaquin,077,732212,211601,211565,17102,228667,2431
2023-04-11,San Luis Obispo,079,281455,66840,66812,8252,75064,570
2023-04-11,San Mateo,081,765935,185309,185171,11302,196473,753
2023-04-11,Santa Barbara,083,443738,112875,112834,7861,120695,767
2023-04-11,Santa Clara,085,1922200,481031,480775,21666,502441,2761
2023-04-11,Santa Cruz,087,273765,69176,69126,4063,73189,276
2023-04-11,Shasta,089,179085,36647,36604,8401,45005,607
2023-04-11,Sierra,091,2930,313,313,61,374,5
2023-04-11,Siskiyou,093,43540,5494,5491,3448,8939,96
2023-04-11,Solano,095,438530,114972,114965,8798,123763,483
2023-04-11,Sonoma,097,501317,114657,114595,5836,120431,564
2023-04-11,Stanislaus,099,539301,146164,146122,23315,169437,1846
2023-04-11,Sutter,101,95872,25929,25929,2548,28477,241
2023-04-11,Tehama,103,63373,14531,14520,3452,17972,234
2023-04-11,Trinity,105,12862,1477,1477,508,1985,25
2023-04-11,Tulare,107,460477,129206,129148,40977,170125,1588
2023-04-11,Tuolumne,109,53932,16996,16994,1014,18008,212
2023-04-11,Ventura,111,848112,222023,221970,18269,240239,1693
2023-04-11,Yolo,113,214977,50439,50397,5022,55419,448
2023-04-11,Yuba,115,75493,20178,20170,1909,22079,135
2023-04-10,Alameda,001,1643700,383795,383136,22965,406101,2208
2023-04-10,Alpine,002,1148,139,139,4,143,0
2023-04-10,Amador,005,37829,10648,10634,1013,11647,98
2023-04-10,Butte,007,227075,41896,41858,10389,52247,495
2023-04-10,Calaveras,009,45235,9066,9054,647,9701,142
2023-04-10,Colusa,011,21464,4021,4019,1387,5406,23
2023-04-10,Contra Costa,013,1133247,275835,275299,22565,297864,1575
2023-04-10,Del Norte,015,27424,7960,7957,491,8448,61
2023-04-10,El Dorado,017,186661,34854,34797,4585,39382,247
2023-04-10,Fresno,019,978130,296588,296202,35360,331562,3011
2023-04-10,Glenn,021,27897,5822,5812,2031,7843,58
2023-04-10,Humboldt,023,135768,23493,23474,5975,29449,170
2023-04-10,Imperial,025,180216,71091,70866,19469,90335,980
2023-04-10,Inyo,027,18085,4796,4793,1329,6122,63
2023-04-10,Kern,029,883053,231777,231582,74291,305873,2497
2023-04-10,Kings,031,150075,63130,63081,4515,67596,485
2023-04-10,Lake,033,64148,13730,13715,1283,14998,163
2023-04-10,Lassen,035,31185,10283,10283,1070,11353,67
2023-04-10,Los Angeles,037,10098052,3510815,3506920,222638,3729558,35807
2023-04-10,Madera,039,155013,46613,46522,8942,55464,378
2023-04-10,Marin,041,260295,49734,49613,5768,55381,317
2023-04-10,Mariposa,043,17540,3377,3371,360,3731,33
2023-04-10,Mendocino,045,87422,16981,16968,4842,21810,145
2023-04-10,Merced,047,269075,77533,77206,12933,90139,903
2023-04-10,Modoc,049,8938,964,963,378,1341,11
2023-04-10,Mono,051,14174,3340,3339,307,3646,8
2023-04-10,Monterey,053,433212,98652,98582,24648,123230,808
2023-04-10,Napa,055,140530,34680,34643,1541,36184,178
2023-04-10,Nevada,057,99092,20342,20263,2348,22611,138
2023-04-10,Orange,059,3164182,716582,715777,79691,795468,8059
2023-04-10,Placer,061,380077,81850,81723,10388,92111,683
2023-04-10,Plumas,063,18699,3847,3841,463,4304,15
2023-04-10,Riverside,065,2383286,738946,738372,42289,780661,6872
2023-04-10,Sacramento,067,1510023,374771,374138,38599,412737,3568
2023-04-10,San Benito,069,59416,17791,17773,1146,18919,118
2023-04-10,San Bernardino,071,2135413,713889,713295,34937,748232,8171
2023-04-10,San Diego,073,3302833,991616,990568,82114,1072682,5835
2023-04-10,San Francisco,075,870044,198712,198391,13564,211955,1194
2023-04-10,San Joaquin,077,732212,211584,211366,17101,228467,2431
2023-04-10,San Luis Obispo,079,281455,66829,66754,8252,75006,569
2023-04-10,San Mateo,081,765935,185274,184958,11302,196260,752
2023-04-10,Santa Barbara,083,443738,112854,112734,7860,120594,767
2023-04-10,Santa Clara,085,1922200,480941,480146,21666,501812,2758
2023-04-10,Santa Cruz,087,273765,69159,69021,4063,73084,277
2023-04-10,Shasta,089,179085,36643,36581,8401,44982,607
2023-04-10,Sierra,091,2930,313,313,61,374,5
2023-04-10,Siskiyou,093,43540,5493,5485,3448,8933,96
2023-04-10,Solano,095,438530,114952,114837,8798,123635,482
2023-04-10,Sonoma,097,501317,114628,114483,5836,120319,565
2023-04-10,Stanislaus,099,539301,146142,145995,23314,169309,1846
2023-04-10,Sutter,101,95872,25928,25899,2548,28447,241
2023-04-10,Tehama,103,63373,14529,14512,3452,17964,234
2023-04-10,Trinity,105,12862,1477,1476,508,1984,25
2023-04-10,Tulare,107,460477,129193,129070,40973,170043,1588
2023-04-10,Tuolumne,109,53932,16995,16987,1014,18001,212
2023-04-10,Ventura,111,848112,222004,221832,18269,240101,1690
2023-04-10,Yolo,113,214977,50431,50343,5022,55365,448
2023-04-10,Yuba,115,75493,20174,20147,1909,22056,135
2023-04-09,Alameda,001,1643700,383688,383136,22961,406097,2208
2023-04-09,Alpine,002,1148,139,139,4,143,0
2023-04-09,Amador,005,37829,10644,10634,997,11631,98
2023-04-09,Butte,007,227075,41891,41858,10383,52241,495
2023-04-09,Calaveras,009,45235,9064,9054,647,9701,142
2023-04-09,Colusa,011,21464,4021,4019,1387,5406,23
2023-04-09,Contra Costa,013,1133247,275751,275299,22562,297861,1575
2023-04-09,Del Norte,015,27424,7960,7957,491,8448,61
2023-04-09,El Dorado,017,186661,34842,34797,4584,39381,247
2023-04-09,Fresno,019,978130,296539,296202,35360,331562,3011
2023-04-09,Glenn,021,27897,5822,5812,2031,7843,58
2023-04-09,Humboldt,023,135768,23491,23474,5975,29449,170
2023-04-09,Imperial,025,180216,71059,70866,19463,90329,980
2023-04-09,Inyo,027,18085,4796,4793,1329,6122,63
2023-04-09,Kern,029,883053,231738,231582,74273,305855,2497
2023-04-09,Kings,031,150075,63115,63081,4515,67596,485
2023-04-09,Lake,033,64148,13726,13715,1283,14998,163
2023-04-09,Lassen,035,31185,10283,10283,1070,11353,67
2023-04-09,Los Angeles,037,10098052,3510258,3506920,222547,3729467,35807
2023-04-09,Madera,039,155013,46594,46522,8942,55464,378
2023-04-09,Marin,041,260295,49718,49613,5768,55381,317
2023-04-09,Mariposa,043,17540,3376,3371,360,3731,33
2023-04-09,Mendocino,045,87422,16978,16968,4839,21807,145
2023-04-09,Merced,047,269075,77526,77206,12933,90139,903
2023-04-09,Modoc,049,8938,964,963,378,1341,11
2023-04-09,Mono,051,14174,3340,3339,307,3646,8
2023-04-09,Monterey,053,433212,98644,98582,24641,123223,808
2023-04-09,Napa,055,140530,34672,34643,1541,36184,178
2023-04-09,Nevada,057,99092,20335,20263,2348,22611,138
2023-04-09,Orange,059,3164182,716507,715777,79668,795445,8059
2023-04-09,Placer,061,380077,81831,81723,10388,92111,683
2023-04-09,Plumas,063,18699,3846,3841,462,4303,15
2023-04-09,Riverside,065,2383286,738871,738372,42281,780653,6872
2023-04-09,Sacramento,067,1510023,374687,374138,38587,412725,3568
2023-04-09,San Benito,069,59416,17790,17773,1146,18919,118
2023-04-09,San Bernardino,071,2135413,713779,713295,34931,748226,8171
2023-04-09,San Diego,073,3302833,991441,990568,82086,1072654,5835
2023-04-09,San Francisco,075,870044,198650,198391,13564,211955,1194
2023-04-09,San Joaquin,077,732212,211568,211366,17097,228463,2431
2023-04-09,San Luis Obispo,079,281455,66818,66754,8250,75004,569
2023-04-09,San Mateo,081,765935,185237,184958,11299,196257,752
2023-04-09,Santa Barbara,083,443738,112832,112734,7860,120594,767
2023-04-09,Santa Clara,085,1922200,480818,480146,21664,501810,2758
2023-04-09,Santa Cruz,087,273765,69137,69021,4063,73084,277
2023-04-09,Shasta,089,179085,36636,36581,8401,44982,607
2023-04-09,Sierra,091,2930,313,313,61,374,5
2023-04-09,Siskiyou,093,43540,5493,5485,3448,8933,96
2023-04-09,Solano,095,438530,114920,114837,8795,123632,482
2023-04-09,Sonoma,097,501317,114598,114483,5836,120319,565
2023-04-09,Stanislaus,099,539301,146122,145995,23308,169303,1846
2023-04-09,Sutter,101,95872,25923,25899,2548,28447,241
2023-04-09,Tehama,103,63373,14526,14512,3451,17963,234
2023-04-09,Trinity,105,12862,1477,1476,507,1983,25
2023-04-09,Tulare,107,460477,129169,129070,40968,170038,1588
2023-04-09,Tuolumne,109,53932,16994,16987,1014,18001,212
2023-04-09,Ventura,111,848112,221987,221832,18269,240101,1690
2023-04-09,Yolo,113,214977,50412,50343,5022,55365,448
2023-04-09,Yuba,115,75493,20170,20147,1908,22055,135
2023-04-08,Alameda,001,1643700,383638,383136,22959,406095,2208
2023-04-08,Alpine,002,1148,139,139,4,143,0
2023-04-08,Amador,005,37829,10644,10634,994,11628,98
2023-04-08,Butte,007,227075,41887,41858,10382,52240,495
2023-04-08,Calaveras,009,45235,9060,9054,647,9701,142
2023-04-08,Colusa,011,21464,4021,4019,1387,5406,23
2023-04-08,Contra Costa,013,1133247,275712,275299,22560,297859,1575
2023-04-08,Del Norte,015,27424,7960,7957,491,8448,61
2023-04-08,El Dorado,017,186661,34840,34797,4584,39381,247
2023-04-08,Fresno,019,978130,296514,296202,35360,331562,3011
2023-04-08,Glenn,021,27897,5821,5812,2031,7843,58
2023-04-08,Humboldt,023,135768,23490,23474,5975,29449,170
2023-04-08,Imperial,025,180216,71043,70866,19462,90328,980
2023-04-08,Inyo,027,18085,4796,4793,1329,6122,63
2023-04-08,Kern,029,883053,231720,231582,74262,305844,2497
2023-04-08,Kings,031,150075,63114,63081,4515,67596,485
2023-04-08,Lake,033,64148,13725,13715,1283,14998,163
2023-04-08,Lassen,035,31185,10283,10283,1070,11353,67
2023-04-08,Los Angeles,037,10098052,3510077,3506920,222506,3729426,35807
2023-04-08,Madera,039,155013,46590,46522,8942,55464,378
2023-04-08,Marin,041,260295,49714,49613,5767,55380,317
2023-04-08,Mariposa,043,17540,3375,3371,360,3731,33
2023-04-08,Mendocino,045,87422,16976,16968,4838,21806,145
2023-04-08,Merced,047,269075,77521,77206,12932,90138,903
2023-04-08,Modoc,049,8938,964,963,378,1341,11
2023-04-08,Mono,051,14174,3340,3339,307,3646,8
2023-04-08,Monterey,053,433212,98638,98582,24636,123218,808
2023-04-08,Napa,055,140530,34667,34643,1541,36184,178
2023-04-08,Nevada,057,99092,20333,20263,2348,22611,138
2023-04-08,Orange,059,3164182,716453,715777,79650,795427,8059
2023-04-08,Placer,061,380077,81820,81723,10388,92111,683
2023-04-08,Plumas,063,18699,3846,3841,462,4303,15
2023-04-08,Riverside,065,2383286,738834,738372,42275,780647,6872
2023-04-08,Sacramento,067,1510023,374657,374138,38587,412725,3568
2023-04-08,San Benito,069,59416,17786,17773,1146,18919,118
2023-04-08,San Bernardino,071,2135413,713736,713295,34930,748225,8171
2023-04-08,San Diego,073,3302833,991348,990568,82083,1072651,5835
2023-04-08,San Francisco,075,870044,198625,198391,13564,211955,1194
2023-04-08,San Joaquin,077,732212,211546,211366,17096,228462,2431
2023-04-08,San Luis Obispo,079,281455,66812,66754,8248,75002,569
2023-04-08,San Mateo,081,765935,185209,184958,11299,196257,752
2023-04-08,Santa Barbara,083,443738,112822,112734,7860,120594,767
2023-04-08,Santa Clara,085,1922200,480761,480146,21660,501806,2758
2023-04-08,Santa Cruz,087,273765,69133,69021,4063,73084,277
2023-04-08,Shasta,089,179085,36636,36581,8401,44982,607
2023-04-08,Sierra,091,2930,313,313,61,374,5
2023-04-08,Siskiyou,093,43540,5493,5485,3448,8933,96
2023-04-08,Solano,095,438530,114916,114837,8792,123629,482
2023-04-08,Sonoma,097,501317,114583,114483,5836,120319,565
2023-04-08,Stanislaus,099,539301,146104,145995,23306,169301,1846
2023-04-08,Sutter,101,95872,25921,25899,2548,28447,241
2023-04-08,Tehama,103,63373,14526,14512,3450,17962,234
2023-04-08,Trinity,105,12862,1476,1476,507,1983,25
2023-04-08,Tulare,107,460477,129155,129070,40967,170037,1588
2023-04-08,Tuolumne,109,53932,16993,16987,1014,18001,212
2023-04-08,Ventura,111,848112,221967,221832,18263,240095,1690
2023-04-08,Yolo,113,214977,50409,50343,5022,55365,448
2023-04-08,Yuba,115,75493,20169,20147,1908,22055,135
2023-04-07,Alameda,001,1643700,383586,383136,22957,406093,2208
2023-04-07,Alpine,002,1148,139,139,4,143,0
2023-04-07,Amador,005,37829,10644,10634,990,11624,98
2023-04-07,Butte,007,227075,41886,41858,10379,52237,495
2023-04-07,Calaveras,009,45235,9060,9054,647,9701,142
2023-04-07,Colusa,011,21464,4021,4019,1387,5406,23
2023-04-07,Contra Costa,013,1133247,275671,275299,22560,297859,1575
2023-04-07,Del Norte,015,27424,7960,7957,491,8448,61
2023-04-07,El Dorado,017,186661,34834,34797,4584,39381,247
2023-04-07,Fresno,019,978130,296472,296202,35358,331560,3011
2023-04-07,Glenn,021,27897,5821,5812,2031,7843,58
2023-04-07,Humboldt,023,135768,23489,23474,5975,29449,170
2023-04-07,Imperial,025,180216,71028,70866,19459,90325,980
2023-04-07,Inyo,027,18085,4796,4793,1329,6122,63
2023-04-07,Kern,029,883053,231708,231582,74246,305828,2497
2023-04-07,Kings,031,150075,63114,63081,4515,67596,485
2023-04-07,Lake,033,64148,13725,13715,1283,14998,163
2023-04-07,Lassen,035,31185,10283,10283,1070,11353,67
2023-04-07,Los Angeles,037,10098052,3509815,3506920,222459,3729379,35807
2023-04-07,Madera,039,155013,46585,46522,8942,55464,378
2023-04-07,Marin,041,260295,49703,49613,5767,55380,317
2023-04-07,Mariposa,043,17540,3375,3371,360,3731,33
2023-04-07,Mendocino,045,87422,16974,16968,4838,21806,145
2023-04-07,Merced,047,269075,77515,77206,12932,90138,903
2023-04-07,Modoc,049,8938,964,963,378,1341,11
2023-04-07,Mono,051,14174,3340,3339,307,3646,8
2023-04-07,Monterey,053,433212,98632,98582,24632,123214,808
2023-04-07,Napa,055,140530,34664,34643,1541,36184,178
2023-04-07,Nevada,057,99092,20329,20263,2348,22611,138
2023-04-07,Orange,059,3164182,716379,715777,79632,795409,8059
2023-04-07,Placer,061,380077,81811,81723,10387,92110,683
2023-04-07,Plumas,063,18699,3846,3841,462,4303,15
2023-04-07,Riverside,065,2383286,738794,738372,42263,780635,6872
2023-04-07,Sacramento,067,1510023,374607,374138,38585,412723,3568
2023-04-07,San Benito,069,59416,17784,17773,1146,18919,118
2023-04-07,San Bernardino,071,2135413,713686,713295,34927,748222,8171
2023-04-07,San Diego,073,3302833,991263,990568,82080,1072648,5835
2023-04-07,San Francisco,075,870044,198590,198391,13559,211950,1194
2023-04-07,San Joaquin,077,732212,211523,211366,17095,228461,2431
2023-04-07,San Luis Obispo,079,281455,66809,66754,8243,74997,569
2023-04-07,San Mateo,081,765935,185179,184958,11298,196256,752
2023-04-07,Santa Barbara,083,443738,112815,112734,7859,120593,767
2023-04-07,Santa Clara,085,1922200,480703,480146,21658,501804,2758
2023-04-07,Santa Cruz,087,273765,69125,69021,4063,73084,277
2023-04-07,Shasta,089,179085,36634,36581,8400,44981,607
2023-04-07,Sierra,091,2930,313,313,61,374,5
2023-04-07,Siskiyou,093,43540,5489,5485,3448,8933,96
2023-04-07,Solano,095,438530,114903,114837,8789,123626,482
2023-04-07,Sonoma,097,501317,114569,114483,5836,120319,565
2023-04-07,Stanislaus,099,539301,146089,145995,23304,169299,1846
2023-04-07,Sutter,101,95872,25915,25899,2548,28447,241
2023-04-07,Tehama,103,63373,14526,14512,3450,17962,234
2023-04-07,Trinity,105,12862,1476,1476,507,1983,25
2023-04-07,Tulare,107,460477,129149,129070,40961,170031,1588
2023-04-07,Tuolumne,109,53932,16993,16987,1014,18001,212
2023-04-07,Ventura,111,848112,221944,221832,18261,240093,1690
2023-04-07,Yolo,113,214977,50404,50343,5022,55365,448
2023-04-07,Yuba,115,75493,20165,20147,1908,22055,135
2023-04-06,Alameda,001,1643700,383513,383136,22951,406087,2208
2023-04-06,Alpine,002,1148,139,139,4,143,0
2023-04-06,Amador,005,37829,10643,10634,987,11621,98
2023-04-06,Butte,007,227075,41884,41858,10374,52232,495
2023-04-06,Calaveras,009,45235,9059,9054,647,9701,142
2023-04-06,Colusa,011,21464,4021,4019,1387,5406,23
2023-04-06,Contra Costa,013,1133247,275617,275299,22555,297854,1575
2023-04-06,Del Norte,015,27424,7959,7957,491,8448,61
2023-04-06,El Dorado,017,186661,34828,34797,4584,39381,247
2023-04-06,Fresno,019,978130,296441,296202,35350,331552,3011
2023-04-06,Glenn,021,27897,5821,5812,2031,7843,58
2023-04-06,Humboldt,023,135768,23487,23474,5975,29449,170
2023-04-06,Imperial,025,180216,71013,70866,19453,90319,980
2023-04-06,Inyo,027,18085,4795,4793,1329,6122,63
2023-04-06,Kern,029,883053,231687,231582,74227,305809,2497
2023-04-06,Kings,031,150075,63106,63081,4515,67596,485
2023-04-06,Lake,033,64148,13721,13715,1283,14998,163
2023-04-06,Lassen,035,31185,10283,10283,1070,11353,67
2023-04-06,Los Angeles,037,10098052,3509472,3506920,222394,3729314,35807
2023-04-06,Madera,039,155013,46574,46522,8942,55464,378
2023-04-06,Marin,041,260295,49694,49613,5767,55380,317
2023-04-06,Mariposa,043,17540,3375,3371,360,3731,33
2023-04-06,Mendocino,045,87422,16972,16968,4838,21806,145
2023-04-06,Merced,047,269075,77509,77206,12932,90138,903
2023-04-06,Modoc,049,8938,964,963,378,1341,11
2023-04-06,Mono,051,14174,3340,3339,307,3646,8
2023-04-06,Monterey,053,433212,98624,98582,24626,123208,808
2023-04-06,Napa,055,140530,34661,34643,1541,36184,178
2023-04-06,Nevada,057,99092,20323,20263,2348,22611,138
2023-04-06,Orange,059,3164182,716321,715777,79614,795391,8059
2023-04-06,Placer,061,380077,81803,81723,10387,92110,683
2023-04-06,Plumas,063,18699,3845,3841,462,4303,15
2023-04-06,Riverside,065,2383286,738738,738372,42257,780629,6872
2023-04-06,Sacramento,067,1510023,374543,374138,38581,412719,3568
2023-04-06,San Benito,069,59416,17782,17773,1146,18919,118
2023-04-06,San Bernardino,071,2135413,713625,713295,34923,748218,8171
2023-04-06,San Diego,073,3302833,991140,990568,82060,1072628,5835
2023-04-06,San Francisco,075,870044,198558,198391,13556,211947,1194
2023-04-06,San Joaquin,077,732212,211499,211366,17093,228459,2431
2023-04-06,San Luis Obispo,079,281455,66796,66754,8240,74994,569
2023-04-06,San Mateo,081,765935,185145,184958,11298,196256,752
2023-04-06,Santa Barbara,083,443738,112801,112734,7859,120593,767
2023-04-06,Santa Clara,085,1922200,480611,480146,21652,501798,2758
2023-04-06,Santa Cruz,087,273765,69113,69021,4058,73079,277
2023-04-06,Shasta,089,179085,36630,36581,8399,44980,607
2023-04-06,Sierra,091,2930,313,313,61,374,5
2023-04-06,Siskiyou,093,43540,5489,5485,3448,8933,96
2023-04-06,Solano,095,438530,114884,114837,8786,123623,482
2023-04-06,Sonoma,097,501317,114551,114483,5835,120318,565
2023-04-06,Stanislaus,099,539301,146075,145995,23297,169292,1846
2023-04-06,Sutter,101,95872,25912,25899,2548,28447,241
2023-04-06,Tehama,103,63373,14524,14512,3450,17962,234
2023-04-06,Trinity,105,12862,1476,1476,507,1983,25
2023-04-06,Tulare,107,460477,129139,129070,40958,170028,1588
2023-04-06,Tuolumne,109,53932,16993,16987,1014,18001,212
2023-04-06,Ventura,111,848112,221923,221832,18258,240090,1690
2023-04-06,Yolo,113,214977,50394,50343,5021,55364,448
2023-04-06,Yuba,115,75493,20162,20147,1908,22055,135
2023-04-05,Alameda,001,1643700,383421,383136,22947,406083,2208
2023-04-05,Alpine,002,1148,139,139,4,143,0
2023-04-05,Amador,005,37829,10642,10634,984,11618,98
2023-04-05,Butte,007,227075,41882,41858,10369,52227,495
2023-04-05,Calaveras,009,45235,9058,9054,647,9701,142
2023-04-05,Colusa,011,21464,4021,4019,1387,5406,23
2023-04-05,Contra Costa,013,1133247,275552,275299,22551,297850,1575
2023-04-05,Del Norte,015,27424,7959,7957,488,8445,61
2023-04-05,El Dorado,017,186661,34822,34797,4583,39380,247
2023-04-05,Fresno,019,978130,296405,296202,35347,331549,3011
2023-04-05,Glenn,021,27897,5820,5812,2030,7842,58
2023-04-05,Humboldt,023,135768,23485,23474,5975,29449,170
2023-04-05,Imperial,025,180216,70990,70866,19433,90299,980
2023-04-05,Inyo,027,18085,4794,4793,1329,6122,63
2023-04-05,Kern,029,883053,231669,231582,74217,305799,2497
2023-04-05,Kings,031,150075,63099,63081,4515,67596,485
2023-04-05,Lake,033,64148,13720,13715,1283,14998,163
2023-04-05,Lassen,035,31185,10283,10283,1069,11352,67
2023-04-05,Los Angeles,037,10098052,3509117,3506920,222327,3729247,35807
2023-04-05,Madera,039,155013,46557,46522,8942,55464,378
2023-04-05,Marin,041,260295,49671,49613,5765,55378,317
2023-04-05,Mariposa,043,17540,3375,3371,360,3731,33
2023-04-05,Mendocino,045,87422,16972,16968,4838,21806,145
2023-04-05,Merced,047,269075,77501,77206,12927,90133,903
2023-04-05,Modoc,049,8938,964,963,378,1341,11
2023-04-05,Mono,051,14174,3340,3339,306,3645,8
2023-04-05,Monterey,053,433212,98617,98582,24616,123198,808
2023-04-05,Napa,055,140530,34658,34643,1541,36184,178
2023-04-05,Nevada,057,99092,20310,20263,2347,22610,138
2023-04-05,Orange,059,3164182,716226,715777,79583,795360,8059
2023-04-05,Placer,061,380077,81791,81723,10384,92107,683
2023-04-05,Plumas,063,18699,3843,3841,462,4303,15
2023-04-05,Riverside,065,2383286,738683,738372,42245,780617,6872
2023-04-05,Sacramento,067,1510023,374469,374138,38579,412717,3568
2023-04-05,San Benito,069,59416,17776,17773,1146,18919,118
2023-04-05,San Bernardino,071,2135413,713564,713295,34917,748212,8171
2023-04-05,San Diego,073,3302833,991033,990568,82043,1072611,5835
2023-04-05,San Francisco,075,870044,198519,198391,13553,211944,1194
2023-04-05,San Joaquin,077,732212,211467,211366,17088,228454,2431
2023-04-05,San Luis Obispo,079,281455,66787,66754,8238,74992,569
2023-04-05,San Mateo,081,765935,185109,184958,11296,196254,752
2023-04-05,Santa Barbara,083,443738,112796,112734,7855,120589,767
2023-04-05,Santa Clara,085,1922200,480530,480146,21646,501792,2758
2023-04-05,Santa Cruz,087,273765,69098,69021,4058,73079,277
2023-04-05,Shasta,089,179085,36628,36581,8397,44978,607
2023-04-05,Sierra,091,2930,313,313,61,374,5
2023-04-05,Siskiyou,093,43540,5489,5485,3448,8933,96
2023-04-05,Solano,095,438530,114866,114837,8784,123621,482
2023-04-05,Sonoma,097,501317,114538,114483,5835,120318,565
2023-04-05,Stanislaus,099,539301,146053,145995,23292,169287,1846
2023-04-05,Sutter,101,95872,25907,25899,2548,28447,241
2023-04-05,Tehama,103,63373,14523,14512,3450,17962,234
2023-04-05,Trinity,105,12862,1476,1476,507,1983,25
2023-04-05,Tulare,107,460477,129132,129070,40953,170023,1588
2023-04-05,Tuolumne,109,53932,16991,16987,1014,18001,212
2023-04-05,Ventura,111,848112,221901,221832,18258,240090,1690
2023-04-05,Yolo,113,214977,50387,50343,5019,55362,448
2023-04-05,Yuba,115,75493,20159,20147,1907,22054,135
2023-04-04,Alameda,001,1643700,383332,383136,22940,406076,2208
2023-04-04,Alpine,002,1148,139,139,4,143,0
2023-04-04,Amador,005,37829,10641,10634,982,11616,98
2023-04-04,Butte,007,227075,41880,41858,10366,52224,495
2023-04-04,Calaveras,009,45235,9057,9054,647,9701,142
2023-04-04,Colusa,011,21464,4021,4019,1386,5405,23
2023-04-04,Contra Costa,013,1133247,275498,275299,22549,297848,1575
2023-04-04,Del Norte,015,27424,7959,7957,488,8445,61
2023-04-04,El Dorado,017,186661,34817,34797,4582,39379,247
2023-04-04,Fresno,019,978130,296357,296202,35314,331516,3011
2023-04-04,Glenn,021,27897,5820,5812,2030,7842,58
2023-04-04,Humboldt,023,135768,23480,23474,5974,29448,170
2023-04-04,Imperial,025,180216,70970,70866,19418,90284,980
2023-04-04,Inyo,027,18085,4793,4793,1329,6122,63
2023-04-04,Kern,029,883053,231644,231582,74201,305783,2497
2023-04-04,Kings,031,150075,63091,63081,4515,67596,485
2023-04-04,Lake,033,64148,13719,13715,1283,14998,163
2023-04-04,Lassen,035,31185,10283,10283,1069,11352,67
2023-04-04,Los Angeles,037,10098052,3508765,3506920,222249,3729169,35807
2023-04-04,Madera,039,155013,46543,46522,8941,55463,378
2023-04-04,Marin,041,260295,49654,49613,5761,55374,317
2023-04-04,Mariposa,043,17540,3374,3371,360,3731,33
2023-04-04,Mendocino,045,87422,16969,16968,4838,21806,145
2023-04-04,Merced,047,269075,77497,77206,12924,90130,903
2023-04-04,Modoc,049,8938,964,963,378,1341,11
2023-04-04,Mono,051,14174,3339,3339,306,3645,8
2023-04-04,Monterey,053,433212,98608,98582,24610,123192,808
2023-04-04,Napa,055,140530,34656,34643,1541,36184,178
2023-04-04,Nevada,057,99092,20305,20263,2347,22610,138
2023-04-04,Orange,059,3164182,716153,715777,79563,795340,8059
2023-04-04,Placer,061,380077,81776,81723,10384,92107,683
2023-04-04,Plumas,063,18699,3843,3841,462,4303,15
2023-04-04,Riverside,065,2383286,738621,738372,42233,780605,6872
2023-04-04,Sacramento,067,1510023,374388,374138,38575,412713,3568
2023-04-04,San Benito,069,59416,17774,17773,1146,18919,118
2023-04-04,San Bernardino,071,2135413,713481,713295,34912,748207,8171
2023-04-04,San Diego,073,3302833,990911,990568,82025,1072593,5835
2023-04-04,San Francisco,075,870044,198472,198391,13552,211943,1194
2023-04-04,San Joaquin,077,732212,211435,211366,17085,228451,2431
2023-04-04,San Luis Obispo,079,281455,66776,66754,8227,74981,569
2023-04-04,San Mateo,081,765935,185085,184958,11294,196252,752
2023-04-04,Santa Barbara,083,443738,112784,112734,7853,120587,767
2023-04-04,Santa Clara,085,1922200,480434,480146,21640,501786,2758
2023-04-04,Santa Cruz,087,273765,69075,69021,4057,73078,277
2023-04-04,Shasta,089,179085,36624,36581,8394,44975,607
2023-04-04,Sierra,091,2930,313,313,61,374,5
2023-04-04,Siskiyou,093,43540,5487,5485,3448,8933,96
2023-04-04,Solano,095,438530,114847,114837,8779,123616,482
2023-04-04,Sonoma,097,501317,114521,114483,5835,120318,565
2023-04-04,Stanislaus,099,539301,146040,145995,23291,169286,1846
2023-04-04,Sutter,101,95872,25902,25899,2548,28447,241
2023-04-04,Tehama,103,63373,14522,14512,3449,17961,234
2023-04-04,Trinity,105,12862,1475,1476,507,1983,25
2023-04-04,Tulare,107,460477,129122,129070,40948,170018,1588
2023-04-04,Tuolumne,109,53932,16990,16987,1014,18001,212
2023-04-04,Ventura,111,848112,221880,221832,18257,240089,1690
2023-04-04,Yolo,113,214977,50383,50343,5019,55362,448
2023-04-04,Yuba,115,75493,20156,20147,1907,22054,135
2023-04-03,Alameda,001,1643700,383257,382538,22937,405475,2205
2023-04-03,Alpine,002,1148,139,139,4,143,0
2023-04-03,Amador,005,37829,10639,10622,980,11602,98
2023-04-03,Butte,007,227075,41877,41836,10362,52198,495
2023-04-03,Calaveras,009,45235,9056,9045,647,9692,142
2023-04-03,Colusa,011,21464,4020,4011,1386,5397,23
2023-04-03,Contra Costa,013,1133247,275422,274856,22546,297402,1571
2023-04-03,Del Norte,015,27424,7958,7951,488,8439,61
2023-04-03,El Dorado,017,186661,34814,34741,4582,39323,247
2023-04-03,Fresno,019,978130,296319,295921,35309,331230,3010
2023-04-03,Glenn,021,27897,5820,5808,2029,7837,58
2023-04-03,Humboldt,023,135768,23477,23454,5970,29424,170
2023-04-03,Imperial,025,180216,70945,70690,19403,90093,980
2023-04-03,Inyo,027,18085,4792,4791,1328,6119,63
2023-04-03,Kern,029,883053,231624,231420,74186,305606,2495
2023-04-03,Kings,031,150075,63086,63048,4514,67562,485
2023-04-03,Lake,033,64148,13717,13699,1283,14982,163
2023-04-03,Lassen,035,31185,10283,10279,1069,11348,67
2023-04-03,Los Angeles,037,10098052,3508402,3504618,222173,3726791,35758
2023-04-03,Madera,039,155013,46538,46486,8941,55427,378
2023-04-03,Marin,041,260295,49636,49518,5757,55275,317
2023-04-03,Mariposa,043,17540,3373,3367,360,3727,33
2023-04-03,Mendocino,045,87422,16967,16953,4838,21791,145
2023-04-03,Merced,047,269075,77483,77065,12922,89987,903
2023-04-03,Modoc,049,8938,963,959,378,1337,11
2023-04-03,Mono,051,14174,3339,3337,306,3643,8
2023-04-03,Monterey,053,433212,98599,98510,24606,123116,807
2023-04-03,Napa,055,140530,34649,34601,1541,36142,178
2023-04-03,Nevada,057,99092,20299,20238,2346,22584,138
2023-04-03,Orange,059,3164182,716074,715130,79527,794657,8050
2023-04-03,Placer,061,380077,81747,81619,10382,92001,683
2023-04-03,Plumas,063,18699,3843,3840,462,4302,15
2023-04-03,Riverside,065,2383286,738547,737911,42204,780115,6869
2023-04-03,Sacramento,067,1510023,374328,373629,38563,412192,3558
2023-04-03,San Benito,069,59416,17769,17746,1146,18892,118
2023-04-03,San Bernardino,071,2135413,713406,712881,34908,747789,8172
2023-04-03,San Diego,073,3302833,990778,989787,82004,1071791,5829
2023-04-03,San Francisco,075,870044,198419,198058,13546,211604,1189
2023-04-03,San Joaquin,077,732212,211402,211137,17083,228220,2428
2023-04-03,San Luis Obispo,079,281455,66769,66716,8223,74939,569
2023-04-03,San Mateo,081,765935,185052,184685,11293,195978,751
2023-04-03,Santa Barbara,083,443738,112756,112631,7846,120477,767
2023-04-03,Santa Clara,085,1922200,480317,479518,21628,501146,2744
2023-04-03,Santa Cruz,087,273765,69056,68891,4056,72947,276
2023-04-03,Shasta,089,179085,36619,36571,8391,44962,607
2023-04-03,Sierra,091,2930,313,313,61,374,5
2023-04-03,Siskiyou,093,43540,5486,5482,3448,8930,96
2023-04-03,Solano,095,438530,114815,114684,8777,123461,482
2023-04-03,Sonoma,097,501317,114501,114338,5834,120172,563
2023-04-03,Stanislaus,099,539301,146017,145876,23272,169148,1846
2023-04-03,Sutter,101,95872,25898,25864,2548,28412,241
2023-04-03,Tehama,103,63373,14521,14504,3446,17950,234
2023-04-03,Trinity,105,12862,1475,1476,507,1983,25
2023-04-03,Tulare,107,460477,129103,128972,40944,169916,1588
2023-04-03,Tuolumne,109,53932,16990,16982,1014,17996,212
2023-04-03,Ventura,111,848112,221866,221691,18257,239948,1684
2023-04-03,Yolo,113,214977,50369,50291,5017,55308,448
2023-04-03,Yuba,115,75493,20151,20125,1907,22032,135
2023-04-02,Alameda,001,1643700,383145,382538,22929,405467,2205
2023-04-02,Alpine,002,1148,139,139,4,143,0
2023-04-02,Amador,005,37829,10636,10622,979,11601,98
2023-04-02,Butte,007,227075,41873,41836,10361,52197,495
2023-04-02,Calaveras,009,45235,9055,9045,647,9692,142
2023-04-02,Colusa,011,21464,4019,4011,1386,5397,23
2023-04-02,Contra Costa,013,1133247,275351,274856,22544,297400,1571
2023-04-02,Del Norte,015,27424,7957,7951,488,8439,61
2023-04-02,El Dorado,017,186661,34799,34741,4581,39322,247
2023-04-02,Fresno,019,978130,296277,295921,35302,331223,3010
2023-04-02,Glenn,021,27897,5817,5808,2027,7835,58
2023-04-02,Humboldt,023,135768,23473,23454,5969,29423,170
2023-04-02,Imperial,025,180216,70912,70690,19373,90063,980
2023-04-02,Inyo,027,18085,4791,4791,1327,6118,63
2023-04-02,Kern,029,883053,231591,231420,74167,305587,2495
2023-04-02,Kings,031,150075,63078,63048,4513,67561,485
2023-04-02,Lake,033,64148,13714,13699,1283,14982,163
2023-04-02,Lassen,035,31185,10283,10279,1068,11347,67
2023-04-02,Los Angeles,037,10098052,3507985,3504618,222093,3726711,35758
2023-04-02,Madera,039,155013,46532,46486,8941,55427,378
2023-04-02,Marin,041,260295,49616,49518,5755,55273,317
2023-04-02,Mariposa,043,17540,3373,3367,360,3727,33
2023-04-02,Mendocino,045,87422,16966,16953,4838,21791,145
2023-04-02,Merced,047,269075,77473,77065,12919,89984,903
2023-04-02,Modoc,049,8938,963,959,378,1337,11
2023-04-02,Mono,051,14174,3339,3337,305,3642,8
2023-04-02,Monterey,053,433212,98594,98510,24597,123107,807
2023-04-02,Napa,055,140530,34645,34601,1541,36142,178
2023-04-02,Nevada,057,99092,20286,20238,2345,22583,138
2023-04-02,Orange,059,3164182,715952,715130,79494,794624,8050
2023-04-02,Placer,061,380077,81735,81619,10378,91997,683
2023-04-02,Plumas,063,18699,3843,3840,462,4302,15
2023-04-02,Riverside,065,2383286,738455,737911,42177,780088,6869
2023-04-02,Sacramento,067,1510023,374236,373629,38555,412184,3558
2023-04-02,San Benito,069,59416,17766,17746,1146,18892,118
2023-04-02,San Bernardino,071,2135413,713303,712881,34899,747780,8172
2023-04-02,San Diego,073,3302833,990630,989787,81973,1071760,5829
2023-04-02,San Francisco,075,870044,198373,198058,13539,211597,1189
2023-04-02,San Joaquin,077,732212,211366,211137,17077,228214,2428
2023-04-02,San Luis Obispo,079,281455,66760,66716,8221,74937,569
2023-04-02,San Mateo,081,765935,185010,184685,11292,195977,751
2023-04-02,Santa Barbara,083,443738,112739,112631,7838,120469,767
2023-04-02,Santa Clara,085,1922200,480185,479518,21620,501138,2744
2023-04-02,Santa Cruz,087,273765,69033,68891,4053,72944,276
2023-04-02,Shasta,089,179085,36614,36571,8386,44957,607
2023-04-02,Sierra,091,2930,313,313,61,374,5
2023-04-02,Siskiyou,093,43540,5484,5482,3448,8930,96
2023-04-02,Solano,095,438530,114801,114684,8774,123458,482
2023-04-02,Sonoma,097,501317,114475,114338,5832,120170,563
2023-04-02,Stanislaus,099,539301,145994,145876,23271,169147,1846
2023-04-02,Sutter,101,95872,25889,25864,2548,28412,241
2023-04-02,Tehama,103,63373,14521,14504,3446,17950,234
2023-04-02,Trinity,105,12862,1475,1476,507,1983,25
2023-04-02,Tulare,107,460477,129093,128972,40934,169906,1588
2023-04-02,Tuolumne,109,53932,16990,16982,1014,17996,212
2023-04-02,Ventura,111,848112,221840,221691,18256,239947,1684
2023-04-02,Yolo,113,214977,50354,50291,5015,55306,448
2023-04-02,Yuba,115,75493,20146,20125,1905,22030,135
2023-04-01,Alameda,001,1643700,383091,382538,22926,405464,2205
2023-04-01,Alpine,002,1148,139,139,4,143,0
2023-04-01,Amador,005,37829,10635,10622,978,11600,98
2023-04-01,Butte,007,227075,41871,41836,10359,52195,495
2023-04-01,Calaveras,009,45235,9054,9045,647,9692,142
2023-04-01,Colusa,011,21464,4019,4011,1386,5397,23
2023-04-01,Contra Costa,013,1133247,275315,274856,22541,297397,1571
2023-04-01,Del Norte,015,27424,7957,7951,487,8438,61
2023-04-01,El Dorado,017,186661,34790,34741,4581,39322,247
2023-04-01,Fresno,019,978130,296249,295921,35299,331220,3010
2023-04-01,Glenn,021,27897,5817,5808,2026,7834,58
2023-04-01,Humboldt,023,135768,23473,23454,5969,29423,170
2023-04-01,Imperial,025,180216,70901,70690,19370,90060,980
2023-04-01,Inyo,027,18085,4791,4791,1327,6118,63
2023-04-01,Kern,029,883053,231576,231420,74154,305574,2495
2023-04-01,Kings,031,150075,63075,63048,4513,67561,485
2023-04-01,Lake,033,64148,13714,13699,1283,14982,163
2023-04-01,Lassen,035,31185,10283,10279,1068,11347,67
2023-04-01,Los Angeles,037,10098052,3507779,3504618,222047,3726665,35758
2023-04-01,Madera,039,155013,46529,46486,8940,55426,378
2023-04-01,Marin,041,260295,49610,49518,5751,55269,317
2023-04-01,Mariposa,043,17540,3373,3367,360,3727,33
2023-04-01,Mendocino,045,87422,16962,16953,4838,21791,145
2023-04-01,Merced,047,269075,77466,77065,12919,89984,903
2023-04-01,Modoc,049,8938,963,959,378,1337,11
2023-04-01,Mono,051,14174,3339,3337,305,3642,8
2023-04-01,Monterey,053,433212,98590,98510,24593,123103,807
2023-04-01,Napa,055,140530,34645,34601,1541,36142,178
2023-04-01,Nevada,057,99092,20283,20238,2345,22583,138
2023-04-01,Orange,059,3164182,715891,715130,79478,794608,8050
2023-04-01,Placer,061,380077,81718,81619,10378,91997,683
2023-04-01,Plumas,063,18699,3842,3840,462,4302,15
2023-04-01,Riverside,065,2383286,738406,737911,42163,780074,6869
2023-04-01,Sacramento,067,1510023,374190,373629,38549,412178,3558
2023-04-01,San Benito,069,59416,17759,17746,1146,18892,118
2023-04-01,San Bernardino,071,2135413,713253,712881,34894,747775,8172
2023-04-01,San Diego,073,3302833,990550,989787,81950,1071737,5829
2023-04-01,San Francisco,075,870044,198341,198058,13535,211593,1189
2023-04-01,San Joaquin,077,732212,211340,211137,17076,228213,2428
2023-04-01,San Luis Obispo,079,281455,66752,66716,8216,74932,569
2023-04-01,San Mateo,081,765935,184979,184685,11290,195975,751
2023-04-01,Santa Barbara,083,443738,112725,112631,7832,120463,767
2023-04-01,Santa Clara,085,1922200,480122,479518,21614,501132,2744
2023-04-01,Santa Cruz,087,273765,69024,68891,4053,72944,276
2023-04-01,Shasta,089,179085,36614,36571,8386,44957,607
2023-04-01,Sierra,091,2930,313,313,61,374,5
2023-04-01,Siskiyou,093,43540,5484,5482,3448,8930,96
2023-04-01,Solano,095,438530,114793,114684,8771,123455,482
2023-04-01,Sonoma,097,501317,114467,114338,5829,120167,563
2023-04-01,Stanislaus,099,539301,145977,145876,23269,169145,1846
2023-04-01,Sutter,101,95872,25885,25864,2548,28412,241
2023-04-01,Tehama,103,63373,14520,14504,3444,17948,234
2023-04-01,Trinity,105,12862,1475,1476,507,1983,25
2023-04-01,Tulare,107,460477,129084,128972,40931,169903,1588
2023-04-01,Tuolumne,109,53932,16989,16982,1014,17996,212
2023-04-01,Ventura,111,848112,221827,221691,18256,239947,1684
2023-04-01,Yolo,113,214977,50346,50291,5012,55303,448
2023-04-01,Yuba,115,75493,20145,20125,1904,22029,135
2023-03-31,Alameda,001,1643700,383026,382538,22922,405460,2205
2023-03-31,Alpine,002,1148,139,139,4,143,0
2023-03-31,Amador,005,37829,10633,10622,975,11597,98
2023-03-31,Butte,007,227075,41870,41836,10359,52195,495
2023-03-31,Calaveras,009,45235,9053,9045,647,9692,142
2023-03-31,Colusa,011,21464,4018,4011,1386,5397,23
2023-03-31,Contra Costa,013,1133247,275261,274856,22539,297395,1571
2023-03-31,Del Norte,015,27424,7957,7951,487,8438,61
2023-03-31,El Dorado,017,186661,34781,34741,4580,39321,247
2023-03-31,Fresno,019,978130,296219,295921,35295,331216,3010
2023-03-31,Glenn,021,27897,5817,5808,2026,7834,58
2023-03-31,Humboldt,023,135768,23469,23454,5969,29423,170
2023-03-31,Imperial,025,180216,70891,70690,19364,90054,980
2023-03-31,Inyo,027,18085,4791,4791,1327,6118,63
2023-03-31,Kern,029,883053,231560,231420,74130,305550,2495
2023-03-31,Kings,031,150075,63072,63048,4513,67561,485
2023-03-31,Lake,033,64148,13710,13699,1283,14982,163
2023-03-31,Lassen,035,31185,10283,10279,1068,11347,67
2023-03-31,Los Angeles,037,10098052,3507523,3504618,221995,3726613,35758
2023-03-31,Madera,039,155013,46524,46486,8940,55426,378
2023-03-31,Marin,041,260295,49594,49518,5749,55267,317
2023-03-31,Mariposa,043,17540,3373,3367,360,3727,33
2023-03-31,Mendocino,045,87422,16961,16953,4838,21791,145
2023-03-31,Merced,047,269075,77462,77065,12919,89984,903
2023-03-31,Modoc,049,8938,963,959,378,1337,11
2023-03-31,Mono,051,14174,3339,3337,305,3642,8
2023-03-31,Monterey,053,433212,98582,98510,24584,123094,807
2023-03-31,Napa,055,140530,34641,34601,1541,36142,178
2023-03-31,Nevada,057,99092,20270,20238,2345,22583,138
2023-03-31,Orange,059,3164182,715830,715130,79456,794586,8050
2023-03-31,Placer,061,380077,81702,81619,10378,91997,683
2023-03-31,Plumas,063,18699,3842,3840,462,4302,15
2023-03-31,Riverside,065,2383286,738364,737911,42148,780059,6869
2023-03-31,Sacramento,067,1510023,374136,373629,38546,412175,3558
2023-03-31,San Benito,069,59416,17757,17746,1146,18892,118
2023-03-31,San Bernardino,071,2135413,713204,712881,34884,747765,8172
2023-03-31,San Diego,073,3302833,990480,989787,81940,1071727,5829
2023-03-31,San Francisco,075,870044,198295,198058,13531,211589,1189
2023-03-31,San Joaquin,077,732212,211320,211137,17071,228208,2428
2023-03-31,San Luis Obispo,079,281455,66744,66716,8214,74930,569
2023-03-31,San Mateo,081,765935,184952,184685,11290,195975,751
2023-03-31,Santa Barbara,083,443738,112714,112631,7831,120462,767
2023-03-31,Santa Clara,085,1922200,480049,479518,21605,501123,2744
2023-03-31,Santa Cruz,087,273765,69011,68891,4049,72940,276
2023-03-31,Shasta,089,179085,36614,36571,8385,44956,607
2023-03-31,Sierra,091,2930,313,313,61,374,5
2023-03-31,Siskiyou,093,43540,5484,5482,3448,8930,96
2023-03-31,Solano,095,438530,114780,114684,8769,123453,482
2023-03-31,Sonoma,097,501317,114457,114338,5829,120167,563
2023-03-31,Stanislaus,099,539301,145963,145876,23267,169143,1846
2023-03-31,Sutter,101,95872,25881,25864,2548,28412,241
2023-03-31,Tehama,103,63373,14517,14504,3441,17945,234
2023-03-31,Trinity,105,12862,1475,1476,507,1983,25
2023-03-31,Tulare,107,460477,129077,128972,40926,169898,1588
2023-03-31,Tuolumne,109,53932,16989,16982,1014,17996,212
2023-03-31,Ventura,111,848112,221801,221691,18252,239943,1684
2023-03-31,Yolo,113,214977,50343,50291,5011,55302,448
2023-03-31,Yuba,115,75493,20143,20125,1903,22028,135
2023-03-30,Alameda,001,1643700,382932,382538,22912,405450,2205
2023-03-30,Alpine,002,1148,139,139,4,143,0
2023-03-30,Amador,005,37829,10631,10622,974,11596,98
2023-03-30,Butte,007,227075,41869,41836,10354,52190,495
2023-03-30,Calaveras,009,45235,9053,9045,647,9692,142
2023-03-30,Colusa,011,21464,4015,4011,1386,5397,23
2023-03-30,Contra Costa,013,1133247,275208,274856,22537,297393,1571
2023-03-30,Del Norte,015,27424,7957,7951,487,8438,61
2023-03-30,El Dorado,017,186661,34774,34741,4580,39321,247
2023-03-30,Fresno,019,978130,296180,295921,35289,331210,3010
2023-03-30,Glenn,021,27897,5816,5808,2026,7834,58
2023-03-30,Humboldt,023,135768,23466,23454,5969,29423,170
2023-03-30,Imperial,025,180216,70867,70690,19358,90048,980
2023-03-30,Inyo,027,18085,4791,4791,1327,6118,63
2023-03-30,Kern,029,883053,231548,231420,74114,305534,2495
2023-03-30,Kings,031,150075,63069,63048,4513,67561,485
2023-03-30,Lake,033,64148,13707,13699,1283,14982,163
2023-03-30,Lassen,035,31185,10283,10279,1068,11347,67
2023-03-30,Los Angeles,037,10098052,3507200,3504618,221916,3726534,35758
2023-03-30,Madera,039,155013,46520,46486,8939,55425,378
2023-03-30,Marin,041,260295,49573,49518,5747,55265,317
2023-03-30,Mariposa,043,17540,3369,3367,359,3726,33
2023-03-30,Mendocino,045,87422,16960,16953,4838,21791,145
2023-03-30,Merced,047,269075,77447,77065,12919,89984,903
2023-03-30,Modoc,049,8938,962,959,378,1337,11
2023-03-30,Mono,051,14174,3339,3337,305,3642,8
2023-03-30,Monterey,053,433212,98571,98510,24575,123085,807
2023-03-30,Napa,055,140530,34633,34601,1540,36141,178
2023-03-30,Nevada,057,99092,20258,20238,2345,22583,138
2023-03-30,Orange,059,3164182,715709,715130,79428,794558,8050
2023-03-30,Placer,061,380077,81682,81619,10376,91995,683
2023-03-30,Plumas,063,18699,3841,3840,462,4302,15
2023-03-30,Riverside,065,2383286,738313,737911,42135,780046,6869
2023-03-30,Sacramento,067,1510023,374046,373629,38536,412165,3558
2023-03-30,San Benito,069,59416,17754,17746,1146,18892,118
2023-03-30,San Bernardino,071,2135413,713146,712881,34878,747759,8172
2023-03-30,San Diego,073,3302833,990374,989787,81932,1071719,5829
2023-03-30,San Francisco,075,870044,198264,198058,13528,211586,1189
2023-03-30,San Joaquin,077,732212,211286,211137,17070,228207,2428
2023-03-30,San Luis Obispo,079,281455,66740,66716,8214,74930,569
2023-03-30,San Mateo,081,765935,184921,184685,11289,195974,751
2023-03-30,Santa Barbara,083,443738,112704,112631,7829,120460,767
2023-03-30,Santa Clara,085,1922200,479966,479518,21598,501116,2744
2023-03-30,Santa Cruz,087,273765,68991,68891,4047,72938,276
2023-03-30,Shasta,089,179085,36612,36571,8383,44954,607
2023-03-30,Sierra,091,2930,313,313,61,374,5
2023-03-30,Siskiyou,093,43540,5484,5482,3447,8929,96
2023-03-30,Solano,095,438530,114758,114684,8767,123451,482
2023-03-30,Sonoma,097,501317,114437,114338,5828,120166,563
2023-03-30,Stanislaus,099,539301,145946,145876,23267,169143,1846
2023-03-30,Sutter,101,95872,25875,25864,2548,28412,241
2023-03-30,Tehama,103,63373,14516,14504,3441,17945,234
2023-03-30,Trinity,105,12862,1475,1476,507,1983,25
2023-03-30,Tulare,107,460477,129062,128972,40919,169891,1588
2023-03-30,Tuolumne,109,53932,16987,16982,1014,17996,212
2023-03-30,Ventura,111,848112,221778,221691,18252,239943,1684
2023-03-30,Yolo,113,214977,50337,50291,5010,55301,448
2023-03-30,Yuba,115,75493,20140,20125,1903,22028,135
2023-03-29,Alameda,001,1643700,382841,382538,22905,405443,2205
2023-03-29,Alpine,002,1148,139,139,4,143,0
2023-03-29,Amador,005,37829,10627,10622,974,11596,98
2023-03-29,Butte,007,227075,41864,41836,10348,52184,495
2023-03-29,Calaveras,009,45235,9053,9045,647,9692,142
2023-03-29,Colusa,011,21464,4015,4011,1385,5396,23
2023-03-29,Contra Costa,013,1133247,275141,274856,22535,297391,1571
2023-03-29,Del Norte,015,27424,7954,7951,487,8438,61
2023-03-29,El Dorado,017,186661,34765,34741,4580,39321,247
2023-03-29,Fresno,019,978130,296131,295921,35278,331199,3010
2023-03-29,Glenn,021,27897,5816,5808,2026,7834,58
2023-03-29,Humboldt,023,135768,23465,23454,5968,29422,170
2023-03-29,Imperial,025,180216,70840,70690,19341,90031,980
2023-03-29,Inyo,027,18085,4791,4791,1326,6117,63
2023-03-29,Kern,029,883053,231525,231420,74095,305515,2495
2023-03-29,Kings,031,150075,63068,63048,4513,67561,485
2023-03-29,Lake,033,64148,13705,13699,1283,14982,163
2023-03-29,Lassen,035,31185,10283,10279,1068,11347,67
2023-03-29,Los Angeles,037,10098052,3506822,3504618,221841,3726459,35758
2023-03-29,Madera,039,155013,46509,46486,8939,55425,378
2023-03-29,Marin,041,260295,49553,49518,5745,55263,317
2023-03-29,Mariposa,043,17540,3369,3367,359,3726,33
2023-03-29,Mendocino,045,87422,16956,16953,4838,21791,145
2023-03-29,Merced,047,269075,77432,77065,12916,89981,903
2023-03-29,Modoc,049,8938,960,959,378,1337,11
2023-03-29,Mono,051,14174,3337,3337,303,3640,8
2023-03-29,Monterey,053,433212,98564,98510,24566,123076,807
2023-03-29,Napa,055,140530,34627,34601,1540,36141,178
2023-03-29,Nevada,057,99092,20249,20238,2344,22582,138
2023-03-29,Orange,059,3164182,715619,715130,79397,794527,8050
2023-03-29,Placer,061,380077,81671,81619,10374,91993,683
2023-03-29,Plumas,063,18699,3841,3840,462,4302,15
2023-03-29,Riverside,065,2383286,738246,737911,42119,780030,6869
2023-03-29,Sacramento,067,1510023,373968,373629,38529,412158,3558
2023-03-29,San Benito,069,59416,17747,17746,1146,18892,118
2023-03-29,San Bernardino,071,2135413,713082,712881,34870,747751,8172
2023-03-29,San Diego,073,3302833,990271,989787,81903,1071690,5829
2023-03-29,San Francisco,075,870044,198195,198058,13519,211577,1189
2023-03-29,San Joaquin,077,732212,211251,211137,17069,228206,2428
2023-03-29,San Luis Obispo,079,281455,66733,66716,8200,74916,569
2023-03-29,San Mateo,081,765935,184875,184685,11288,195973,751
2023-03-29,Santa Barbara,083,443738,112689,112631,7827,120458,767
2023-03-29,Santa Clara,085,1922200,479871,479518,21594,501112,2744
2023-03-29,Santa Cruz,087,273765,68968,68891,4045,72936,276
2023-03-29,Shasta,089,179085,36606,36571,8383,44954,607
2023-03-29,Sierra,091,2930,313,313,61,374,5
2023-03-29,Siskiyou,093,43540,5484,5482,3447,8929,96
2023-03-29,Solano,095,438530,114737,114684,8760,123444,482
2023-03-29,Sonoma,097,501317,114412,114338,5828,120166,563
2023-03-29,Stanislaus,099,539301,145926,145876,23263,169139,1846
2023-03-29,Sutter,101,95872,25872,25864,2548,28412,241
2023-03-29,Tehama,103,63373,14513,14504,3441,17945,234
2023-03-29,Trinity,105,12862,1475,1476,507,1983,25
2023-03-29,Tulare,107,460477,129044,128972,40914,169886,1588
2023-03-29,Tuolumne,109,53932,16987,16982,1014,17996,212
2023-03-29,Ventura,111,848112,221759,221691,18250,239941,1684
2023-03-29,Yolo,113,214977,50331,50291,5007,55298,448
2023-03-29,Yuba,115,75493,20139,20125,1903,22028,135
2023-03-28,Alameda,001,1643700,382762,382538,22896,405434,2205
2023-03-28,Alpine,002,1148,139,139,4,143,0
2023-03-28,Amador,005,37829,10626,10622,974,11596,98
2023-03-28,Butte,007,227075,41859,41836,10348,52184,495
2023-03-28,Calaveras,009,45235,9052,9045,647,9692,142
2023-03-28,Colusa,011,21464,4012,4011,1385,5396,23
2023-03-28,Contra Costa,013,1133247,275085,274856,22531,297387,1571
2023-03-28,Del Norte,015,27424,7953,7951,487,8438,61
2023-03-28,El Dorado,017,186661,34754,34741,4579,39320,247
2023-03-28,Fresno,019,978130,296087,295921,35269,331190,3010
2023-03-28,Glenn,021,27897,5815,5808,2025,7833,58
2023-03-28,Humboldt,023,135768,23461,23454,5963,29417,170
2023-03-28,Imperial,025,180216,70788,70690,19327,90017,980
2023-03-28,Inyo,027,18085,4790,4791,1326,6117,63
2023-03-28,Kern,029,883053,231496,231420,74073,305493,2495
2023-03-28,Kings,031,150075,63060,63048,4512,67560,485
2023-03-28,Lake,033,64148,13702,13699,1283,14982,163
2023-03-28,Lassen,035,31185,10281,10279,1068,11347,67
2023-03-28,Los Angeles,037,10098052,3506437,3504618,221750,3726368,35758
2023-03-28,Madera,039,155013,46506,46486,8937,55423,378
2023-03-28,Marin,041,260295,49547,49518,5743,55261,317
2023-03-28,Mariposa,043,17540,3368,3367,359,3726,33
2023-03-28,Mendocino,045,87422,16954,16953,4838,21791,145
2023-03-28,Merced,047,269075,77418,77065,12914,89979,903
2023-03-28,Modoc,049,8938,959,959,377,1336,11
2023-03-28,Mono,051,14174,3337,3337,303,3640,8
2023-03-28,Monterey,053,433212,98556,98510,24556,123066,807
2023-03-28,Napa,055,140530,34621,34601,1540,36141,178
2023-03-28,Nevada,057,99092,20246,20238,2344,22582,138
2023-03-28,Orange,059,3164182,715512,715130,79365,794495,8050
2023-03-28,Placer,061,380077,81656,81619,10372,91991,683
2023-03-28,Plumas,063,18699,3841,3840,462,4302,15
2023-03-28,Riverside,065,2383286,738157,737911,42099,780010,6869
2023-03-28,Sacramento,067,1510023,373877,373629,38525,412154,3558
2023-03-28,San Benito,069,59416,17745,17746,1146,18892,118
2023-03-28,San Bernardino,071,2135413,713011,712881,34865,747746,8172
2023-03-28,San Diego,073,3302833,990145,989787,81875,1071662,5829
2023-03-28,San Francisco,075,870044,198149,198058,13514,211572,1189
2023-03-28,San Joaquin,077,732212,211221,211137,17064,228201,2428
2023-03-28,San Luis Obispo,079,281455,66731,66716,8200,74916,569
2023-03-28,San Mateo,081,765935,184836,184685,11286,195971,751
2023-03-28,Santa Barbara,083,443738,112670,112631,7820,120451,767
2023-03-28,Santa Clara,085,1922200,479767,479518,21590,501108,2744
2023-03-28,Santa Cruz,087,273765,68948,68891,4041,72932,276
2023-03-28,Shasta,089,179085,36604,36571,8381,44952,607
2023-03-28,Sierra,091,2930,313,313,61,374,5
2023-03-28,Siskiyou,093,43540,5484,5482,3447,8929,96
2023-03-28,Solano,095,438530,114715,114684,8757,123441,482
2023-03-28,Sonoma,097,501317,114387,114338,5828,120166,563
2023-03-28,Stanislaus,099,539301,145913,145876,23253,169129,1846
2023-03-28,Sutter,101,95872,25871,25864,2548,28412,241
2023-03-28,Tehama,103,63373,14512,14504,3440,17944,234
2023-03-28,Trinity,105,12862,1475,1476,507,1983,25
2023-03-28,Tulare,107,460477,129025,128972,40906,169878,1588
2023-03-28,Tuolumne,109,53932,16987,16982,1014,17996,212
2023-03-28,Ventura,111,848112,221744,221691,18246,239937,1684
2023-03-28,Yolo,113,214977,50324,50291,5004,55295,448
2023-03-28,Yuba,115,75493,20136,20125,1902,22027,135
2023-03-27,Alameda,001,1643700,382686,381150,22886,404036,2203
2023-03-27,Alpine,002,1148,139,139,4,143,0
2023-03-27,Amador,005,37829,10623,10609,974,11583,98
2023-03-27,Butte,007,227075,41855,41792,10345,52137,492
2023-03-27,Calaveras,009,45235,9051,9036,645,9681,142
2023-03-27,Colusa,011,21464,4011,4005,1385,5390,23
2023-03-27,Contra Costa,013,1133247,275033,274422,22528,296950,1569
2023-03-27,Del Norte,015,27424,7953,7951,487,8438,61
2023-03-27,El Dorado,017,186661,34749,34701,4579,39280,246
2023-03-27,Fresno,019,978130,296046,295584,35254,330838,3010
2023-03-27,Glenn,021,27897,5814,5806,2025,7831,58
2023-03-27,Humboldt,023,135768,23457,23440,5963,29403,170
2023-03-27,Imperial,025,180216,70757,70547,19313,89860,980
2023-03-27,Inyo,027,18085,4790,4774,1326,6100,63
2023-03-27,Kern,029,883053,231466,230695,74054,304749,2492
2023-03-27,Kings,031,150075,63053,63014,4512,67526,485
2023-03-27,Lake,033,64148,13701,13686,1283,14969,162
2023-03-27,Lassen,035,31185,10280,10272,1068,11340,67
2023-03-27,Los Angeles,037,10098052,3505992,3501151,221647,3722798,35698
2023-03-27,Madera,039,155013,46500,46443,8931,55374,378
2023-03-27,Marin,041,260295,49532,49435,5742,55177,317
2023-03-27,Mariposa,043,17540,3367,3366,359,3725,33
2023-03-27,Mendocino,045,87422,16953,16935,4837,21772,144
2023-03-27,Merced,047,269075,77409,76912,12914,89826,903
2023-03-27,Modoc,049,8938,959,959,377,1336,11
2023-03-27,Mono,051,14174,3337,3336,303,3639,8
2023-03-27,Monterey,053,433212,98540,98451,24546,122997,806
2023-03-27,Napa,055,140530,34609,34556,1539,36095,174
2023-03-27,Nevada,057,99092,20243,20217,2344,22561,138
2023-03-27,Orange,059,3164182,715419,712690,79337,792027,8003
2023-03-27,Placer,061,380077,81646,81483,10371,91854,683
2023-03-27,Plumas,063,18699,3841,3840,462,4302,15
2023-03-27,Riverside,065,2383286,738091,736530,42084,778614,6869
2023-03-27,Sacramento,067,1510023,373815,372735,38512,411247,3548
2023-03-27,San Benito,069,59416,17745,17709,1146,18855,118
2023-03-27,San Bernardino,071,2135413,712942,711341,34852,746193,8171
2023-03-27,San Diego,073,3302833,990008,988863,81838,1070701,5820
2023-03-27,San Francisco,075,870044,198090,197525,13509,211034,1181
2023-03-27,San Joaquin,077,732212,211185,210894,17060,227954,2426
2023-03-27,San Luis Obispo,079,281455,66724,66669,8200,74869,568
2023-03-27,San Mateo,081,765935,184793,183983,11284,195267,751
2023-03-27,Santa Barbara,083,443738,112661,112545,7812,120357,765
2023-03-27,Santa Clara,085,1922200,479662,477584,21583,499167,2740
2023-03-27,Santa Cruz,087,273765,68929,68746,4036,72782,276
2023-03-27,Shasta,089,179085,36600,36537,8377,44914,607
2023-03-27,Sierra,091,2930,313,313,61,374,5
2023-03-27,Siskiyou,093,43540,5484,5481,3447,8928,96
2023-03-27,Solano,095,438530,114691,114503,8752,123255,482
2023-03-27,Sonoma,097,501317,114362,114180,5828,120008,559
2023-03-27,Stanislaus,099,539301,145901,145700,23251,168951,1845
2023-03-27,Sutter,101,95872,25865,25830,2547,28377,241
2023-03-27,Tehama,103,63373,14511,14496,3438,17934,234
2023-03-27,Trinity,105,12862,1475,1476,507,1983,25
2023-03-27,Tulare,107,460477,129007,128856,40897,169753,1583
2023-03-27,Tuolumne,109,53932,16984,16971,1014,17985,211
2023-03-27,Ventura,111,848112,221722,221498,18242,239740,1683
2023-03-27,Yolo,113,214977,50317,50227,5001,55228,448
2023-03-27,Yuba,115,75493,20128,20112,1901,22013,135
2023-03-26,Alameda,001,1643700,382581,381150,22876,404026,2203
2023-03-26,Alpine,002,1148,139,139,4,143,0
2023-03-26,Amador,005,37829,10620,10609,974,11583,98
2023-03-26,Butte,007,227075,41853,41792,10341,52133,492
2023-03-26,Calaveras,009,45235,9046,9036,645,9681,142
2023-03-26,Colusa,011,21464,4011,4005,1385,5390,23
2023-03-26,Contra Costa,013,1133247,274970,274422,22518,296940,1569
2023-03-26,Del Norte,015,27424,7952,7951,487,8438,61
2023-03-26,El Dorado,017,186661,34736,34701,4578,39279,246
2023-03-26,Fresno,019,978130,296013,295584,35240,330824,3010
2023-03-26,Glenn,021,27897,5813,5806,2025,7831,58
2023-03-26,Humboldt,023,135768,23454,23440,5960,29400,170
2023-03-26,Imperial,025,180216,70727,70547,19296,89843,980
2023-03-26,Inyo,027,18085,4790,4774,1325,6099,63
2023-03-26,Kern,029,883053,231437,230695,74025,304720,2492
2023-03-26,Kings,031,150075,63047,63014,4511,67525,485
2023-03-26,Lake,033,64148,13699,13686,1283,14969,162
2023-03-26,Lassen,035,31185,10279,10272,1068,11340,67
2023-03-26,Los Angeles,037,10098052,3505599,3501151,221551,3722702,35698
2023-03-26,Madera,039,155013,46496,46443,8929,55372,378
2023-03-26,Marin,041,260295,49527,49435,5740,55175,317
2023-03-26,Mariposa,043,17540,3367,3366,359,3725,33
2023-03-26,Mendocino,045,87422,16949,16935,4837,21772,144
2023-03-26,Merced,047,269075,77399,76912,12910,89822,903
2023-03-26,Modoc,049,8938,959,959,377,1336,11
2023-03-26,Mono,051,14174,3337,3336,303,3639,8
2023-03-26,Monterey,053,433212,98529,98451,24533,122984,806
2023-03-26,Napa,055,140530,34600,34556,1538,36094,174
2023-03-26,Nevada,057,99092,20238,20217,2344,22561,138
2023-03-26,Orange,059,3164182,715314,712690,79304,791994,8003
2023-03-26,Placer,061,380077,81631,81483,10370,91853,683
2023-03-26,Plumas,063,18699,3841,3840,462,4302,15
2023-03-26,Riverside,065,2383286,738006,736530,42052,778582,6869
2023-03-26,Sacramento,067,1510023,373736,372735,38498,411233,3548
2023-03-26,San Benito,069,59416,17740,17709,1146,18855,118
2023-03-26,San Bernardino,071,2135413,712852,711341,34847,746188,8171
2023-03-26,San Diego,073,3302833,989854,988863,81800,1070663,5820
2023-03-26,San Francisco,075,870044,198029,197525,13497,211022,1181
2023-03-26,San Joaquin,077,732212,211137,210894,17054,227948,2426
2023-03-26,San Luis Obispo,079,281455,66719,66669,8196,74865,568
2023-03-26,San Mateo,081,765935,184737,183983,11281,195264,751
2023-03-26,Santa Barbara,083,443738,112640,112545,7808,120353,765
2023-03-26,Santa Clara,085,1922200,479537,477584,21570,499154,2740
2023-03-26,Santa Cruz,087,273765,68903,68746,4031,72777,276
2023-03-26,Shasta,089,179085,36599,36537,8373,44910,607
2023-03-26,Sierra,091,2930,313,313,61,374,5
2023-03-26,Siskiyou,093,43540,5484,5481,3447,8928,96
2023-03-26,Solano,095,438530,114654,114503,8749,123252,482
2023-03-26,Sonoma,097,501317,114338,114180,5828,120008,559
2023-03-26,Stanislaus,099,539301,145869,145700,23244,168944,1845
2023-03-26,Sutter,101,95872,25854,25830,2547,28377,241
2023-03-26,Tehama,103,63373,14510,14496,3437,17933,234
2023-03-26,Trinity,105,12862,1475,1476,507,1983,25
2023-03-26,Tulare,107,460477,128989,128856,40880,169736,1583
2023-03-26,Tuolumne,109,53932,16983,16971,1014,17985,211
2023-03-26,Ventura,111,848112,221696,221498,18242,239740,1683
2023-03-26,Yolo,113,214977,50314,50227,5000,55227,448
2023-03-26,Yuba,115,75493,20127,20112,1901,22013,135
2023-03-25,Alameda,001,1643700,382530,381150,22871,404021,2203
2023-03-25,Alpine,002,1148,139,139,4,143,0
2023-03-25,Amador,005,37829,10620,10609,974,11583,98
2023-03-25,Butte,007,227075,41848,41792,10339,52131,492
2023-03-25,Calaveras,009,45235,9046,9036,645,9681,142
2023-03-25,Colusa,011,21464,4010,4005,1385,5390,23
2023-03-25,Contra Costa,013,1133247,274934,274422,22517,296939,1569
2023-03-25,Del Norte,015,27424,7951,7951,487,8438,61
2023-03-25,El Dorado,017,186661,34733,34701,4577,39278,246
2023-03-25,Fresno,019,978130,295990,295584,35236,330820,3010
2023-03-25,Glenn,021,27897,5812,5806,2025,7831,58
2023-03-25,Humboldt,023,135768,23454,23440,5960,29400,170
2023-03-25,Imperial,025,180216,70718,70547,19296,89843,980
2023-03-25,Inyo,027,18085,4788,4774,1325,6099,63
2023-03-25,Kern,029,883053,231422,230695,74017,304712,2492
2023-03-25,Kings,031,150075,63043,63014,4511,67525,485
2023-03-25,Lake,033,64148,13699,13686,1283,14969,162
2023-03-25,Lassen,035,31185,10279,10272,1068,11340,67
2023-03-25,Los Angeles,037,10098052,3505355,3501151,221503,3722654,35698
2023-03-25,Madera,039,155013,46491,46443,8929,55372,378
2023-03-25,Marin,041,260295,49522,49435,5738,55173,317
2023-03-25,Mariposa,043,17540,3367,3366,359,3725,33
2023-03-25,Mendocino,045,87422,16946,16935,4837,21772,144
2023-03-25,Merced,047,269075,77386,76912,12910,89822,903
2023-03-25,Modoc,049,8938,959,959,377,1336,11
2023-03-25,Mono,051,14174,3336,3336,303,3639,8
2023-03-25,Monterey,053,433212,98522,98451,24527,122978,806
2023-03-25,Napa,055,140530,34599,34556,1537,36093,174
2023-03-25,Nevada,057,99092,20236,20217,2343,22560,138
2023-03-25,Orange,059,3164182,715248,712690,79279,791969,8003
2023-03-25,Placer,061,380077,81620,81483,10369,91852,683
2023-03-25,Plumas,063,18699,3840,3840,462,4302,15
2023-03-25,Riverside,065,2383286,737953,736530,42036,778566,6869
2023-03-25,Sacramento,067,1510023,373700,372735,38495,411230,3548
2023-03-25,San Benito,069,59416,17738,17709,1146,18855,118
2023-03-25,San Bernardino,071,2135413,712812,711341,34841,746182,8171
2023-03-25,San Diego,073,3302833,989790,988863,81791,1070654,5820
2023-03-25,San Francisco,075,870044,197987,197525,13493,211018,1181
2023-03-25,San Joaquin,077,732212,211113,210894,17049,227943,2426
2023-03-25,San Luis Obispo,079,281455,66710,66669,8195,74864,568
2023-03-25,San Mateo,081,765935,184711,183983,11278,195261,751
2023-03-25,Santa Barbara,083,443738,112627,112545,7803,120348,765
2023-03-25,Santa Clara,085,1922200,479468,477584,21567,499151,2740
2023-03-25,Santa Cruz,087,273765,68895,68746,4031,72777,276
2023-03-25,Shasta,089,179085,36597,36537,8370,44907,607
2023-03-25,Sierra,091,2930,313,313,61,374,5
2023-03-25,Siskiyou,093,43540,5484,5481,3447,8928,96
2023-03-25,Solano,095,438530,114643,114503,8746,123249,482
2023-03-25,Sonoma,097,501317,114321,114180,5828,120008,559
2023-03-25,Stanislaus,099,539301,145855,145700,23241,168941,1845
2023-03-25,Sutter,101,95872,25853,25830,2547,28377,241
2023-03-25,Tehama,103,63373,14510,14496,3437,17933,234
2023-03-25,Trinity,105,12862,1475,1476,507,1983,25
2023-03-25,Tulare,107,460477,128973,128856,40872,169728,1583
2023-03-25,Tuolumne,109,53932,16983,16971,1014,17985,211
2023-03-25,Ventura,111,848112,221680,221498,18240,239738,1683
2023-03-25,Yolo,113,214977,50307,50227,4999,55226,448
2023-03-25,Yuba,115,75493,20126,20112,1901,22013,135
2023-03-24,Alameda,001,1643700,382473,381150,22866,404016,2203
2023-03-24,Alpine,002,1148,139,139,4,143,0
2023-03-24,Amador,005,37829,10619,10609,974,11583,98
2023-03-24,Butte,007,227075,41845,41792,10336,52128,492
2023-03-24,Calaveras,009,45235,9043,9036,645,9681,142
2023-03-24,Colusa,011,21464,4010,4005,1385,5390,23
2023-03-24,Contra Costa,013,1133247,274902,274422,22514,296936,1569
2023-03-24,Del Norte,015,27424,7950,7951,486,8437,61
2023-03-24,El Dorado,017,186661,34731,34701,4577,39278,246
2023-03-24,Fresno,019,978130,295952,295584,35232,330816,3010
2023-03-24,Glenn,021,27897,5811,5806,2025,7831,58
2023-03-24,Humboldt,023,135768,23452,23440,5958,29398,170
2023-03-24,Imperial,025,180216,70707,70547,19292,89839,980
2023-03-24,Inyo,027,18085,4788,4774,1324,6098,63
2023-03-24,Kern,029,883053,231399,230695,74006,304701,2492
2023-03-24,Kings,031,150075,63040,63014,4510,67524,485
2023-03-24,Lake,033,64148,13699,13686,1283,14969,162
2023-03-24,Lassen,035,31185,10279,10272,1068,11340,67
2023-03-24,Los Angeles,037,10098052,3505139,3501151,221449,3722600,35698
2023-03-24,Madera,039,155013,46485,46443,8929,55372,378
2023-03-24,Marin,041,260295,49514,49435,5738,55173,317
2023-03-24,Mariposa,043,17540,3367,3366,359,3725,33
2023-03-24,Mendocino,045,87422,16944,16935,4837,21772,144
2023-03-24,Merced,047,269075,77376,76912,12910,89822,903
2023-03-24,Modoc,049,8938,959,959,377,1336,11
2023-03-24,Mono,051,14174,3336,3336,303,3639,8
2023-03-24,Monterey,053,433212,98518,98451,24522,122973,806
2023-03-24,Napa,055,140530,34596,34556,1536,36092,174
2023-03-24,Nevada,057,99092,20234,20217,2343,22560,138
2023-03-24,Orange,059,3164182,715183,712690,79265,791955,8003
2023-03-24,Placer,061,380077,81608,81483,10369,91852,683
2023-03-24,Plumas,063,18699,3840,3840,462,4302,15
2023-03-24,Riverside,065,2383286,737907,736530,42024,778554,6869
2023-03-24,Sacramento,067,1510023,373659,372735,38493,411228,3548
2023-03-24,San Benito,069,59416,17737,17709,1145,18854,118
2023-03-24,San Bernardino,071,2135413,712768,711341,34838,746179,8171
2023-03-24,San Diego,073,3302833,989711,988863,81782,1070645,5820
2023-03-24,San Francisco,075,870044,197945,197525,13484,211009,1181
2023-03-24,San Joaquin,077,732212,211088,210894,17049,227943,2426
2023-03-24,San Luis Obispo,079,281455,66708,66669,8195,74864,568
2023-03-24,San Mateo,081,765935,184676,183983,11274,195257,751
2023-03-24,Santa Barbara,083,443738,112614,112545,7799,120344,765
2023-03-24,Santa Clara,085,1922200,479407,477584,21561,499145,2740
2023-03-24,Santa Cruz,087,273765,68887,68746,4031,72777,276
2023-03-24,Shasta,089,179085,36597,36537,8370,44907,607
2023-03-24,Sierra,091,2930,313,313,61,374,5
2023-03-24,Siskiyou,093,43540,5484,5481,3447,8928,96
2023-03-24,Solano,095,438530,114634,114503,8744,123247,482
2023-03-24,Sonoma,097,501317,114304,114180,5828,120008,559
2023-03-24,Stanislaus,099,539301,145842,145700,23238,168938,1845
2023-03-24,Sutter,101,95872,25848,25830,2547,28377,241
2023-03-24,Tehama,103,63373,14509,14496,3437,17933,234
2023-03-24,Trinity,105,12862,1475,1476,507,1983,25
2023-03-24,Tulare,107,460477,128963,128856,40864,169720,1583
2023-03-24,Tuolumne,109,53932,16983,16971,1014,17985,211
2023-03-24,Ventura,111,848112,221669,221498,18237,239735,1683
2023-03-24,Yolo,113,214977,50295,50227,4997,55224,448
2023-03-24,Yuba,115,75493,20123,20112,1901,22013,135
2023-03-23,Alameda,001,1643700,382388,381150,22855,404005,2203
2023-03-23,Alpine,002,1148,139,139,4,143,0
2023-03-23,Amador,005,37829,10617,10609,974,11583,98
2023-03-23,Butte,007,227075,41837,41792,10334,52126,492
2023-03-23,Calaveras,009,45235,9042,9036,645,9681,142
2023-03-23,Colusa,011,21464,4010,4005,1384,5389,23
2023-03-23,Contra Costa,013,1133247,274831,274422,22509,296931,1569
2023-03-23,Del Norte,015,27424,7950,7951,486,8437,61
2023-03-23,El Dorado,017,186661,34729,34701,4576,39277,246
2023-03-23,Fresno,019,978130,295922,295584,35224,330808,3010
2023-03-23,Glenn,021,27897,5810,5806,2025,7831,58
2023-03-23,Humboldt,023,135768,23451,23440,5954,29394,170
2023-03-23,Imperial,025,180216,70688,70547,19278,89825,980
2023-03-23,Inyo,027,18085,4787,4774,1324,6098,63
2023-03-23,Kern,029,883053,231380,230695,73978,304673,2492
2023-03-23,Kings,031,150075,63034,63014,4509,67523,485
2023-03-23,Lake,033,64148,13699,13686,1283,14969,162
2023-03-23,Lassen,035,31185,10278,10272,1067,11339,67
2023-03-23,Los Angeles,037,10098052,3504787,3501151,221374,3722525,35698
2023-03-23,Madera,039,155013,46484,46443,8928,55371,378
2023-03-23,Marin,041,260295,49499,49435,5735,55170,317
2023-03-23,Mariposa,043,17540,3367,3366,359,3725,33
2023-03-23,Mendocino,045,87422,16943,16935,4837,21772,144
2023-03-23,Merced,047,269075,77367,76912,12908,89820,903
2023-03-23,Modoc,049,8938,959,959,375,1334,11
2023-03-23,Mono,051,14174,3336,3336,303,3639,8
2023-03-23,Monterey,053,433212,98513,98451,24514,122965,806
2023-03-23,Napa,055,140530,34586,34556,1536,36092,174
2023-03-23,Nevada,057,99092,20233,20217,2343,22560,138
2023-03-23,Orange,059,3164182,715091,712690,79235,791925,8003
2023-03-23,Placer,061,380077,81589,81483,10365,91848,683
2023-03-23,Plumas,063,18699,3840,3840,462,4302,15
2023-03-23,Riverside,065,2383286,737835,736530,42006,778536,6869
2023-03-23,Sacramento,067,1510023,373585,372735,38482,411217,3548
2023-03-23,San Benito,069,59416,17735,17709,1145,18854,118
2023-03-23,San Bernardino,071,2135413,712719,711341,34825,746166,8171
2023-03-23,San Diego,073,3302833,989572,988863,81767,1070630,5820
2023-03-23,San Francisco,075,870044,197894,197525,13478,211003,1181
2023-03-23,San Joaquin,077,732212,211051,210894,17042,227936,2426
2023-03-23,San Luis Obispo,079,281455,66705,66669,8191,74860,568
2023-03-23,San Mateo,081,765935,184634,183983,11270,195253,751
2023-03-23,Santa Barbara,083,443738,112603,112545,7799,120344,765
2023-03-23,Santa Clara,085,1922200,479305,477584,21549,499133,2740
2023-03-23,Santa Cruz,087,273765,68866,68746,4029,72775,276
2023-03-23,Shasta,089,179085,36595,36537,8370,44907,607
2023-03-23,Sierra,091,2930,313,313,61,374,5
2023-03-23,Siskiyou,093,43540,5484,5481,3447,8928,96
2023-03-23,Solano,095,438530,114601,114503,8740,123243,482
2023-03-23,Sonoma,097,501317,114284,114180,5827,120007,559
2023-03-23,Stanislaus,099,539301,145820,145700,23236,168936,1845
2023-03-23,Sutter,101,95872,25846,25830,2547,28377,241
2023-03-23,Tehama,103,63373,14507,14496,3436,17932,234
2023-03-23,Trinity,105,12862,1475,1476,507,1983,25
2023-03-23,Tulare,107,460477,128954,128856,40852,169708,1583
2023-03-23,Tuolumne,109,53932,16979,16971,1014,17985,211
2023-03-23,Ventura,111,848112,221648,221498,18232,239730,1683
2023-03-23,Yolo,113,214977,50284,50227,4995,55222,448
2023-03-23,Yuba,115,75493,20122,20112,1901,22013,135
2023-03-22,Alameda,001,1643700,382286,381150,22841,403991,2203
2023-03-22,Alpine,002,1148,139,139,4,143,0
2023-03-22,Amador,005,37829,10617,10609,974,11583,98
2023-03-22,Butte,007,227075,41832,41792,10328,52120,492
2023-03-22,Calaveras,009,45235,9041,9036,645,9681,142
2023-03-22,Colusa,011,21464,4010,4005,1384,5389,23
2023-03-22,Contra Costa,013,1133247,274776,274422,22506,296928,1569
2023-03-22,Del Norte,015,27424,7948,7951,485,8436,61
2023-03-22,El Dorado,017,186661,34726,34701,4574,39275,246
2023-03-22,Fresno,019,978130,295882,295584,35214,330798,3010
2023-03-22,Glenn,021,27897,5809,5806,2025,7831,58
2023-03-22,Humboldt,023,135768,23448,23440,5951,29391,170
2023-03-22,Imperial,025,180216,70668,70547,19267,89814,980
2023-03-22,Inyo,027,18085,4787,4774,1323,6097,63
2023-03-22,Kern,029,883053,231344,230695,73960,304655,2492
2023-03-22,Kings,031,150075,63029,63014,4508,67522,485
2023-03-22,Lake,033,64148,13694,13686,1283,14969,162
2023-03-22,Lassen,035,31185,10277,10272,1067,11339,67
2023-03-22,Los Angeles,037,10098052,3504387,3501151,221292,3722443,35698
2023-03-22,Madera,039,155013,46479,46443,8926,55369,378
2023-03-22,Marin,041,260295,49489,49435,5733,55168,317
2023-03-22,Mariposa,043,17540,3367,3366,359,3725,33
2023-03-22,Mendocino,045,87422,16941,16935,4837,21772,144
2023-03-22,Merced,047,269075,77352,76912,12905,89817,903
2023-03-22,Modoc,049,8938,959,959,375,1334,11
2023-03-22,Mono,051,14174,3336,3336,303,3639,8
2023-03-22,Monterey,053,433212,98505,98451,24502,122953,806
2023-03-22,Napa,055,140530,34582,34556,1534,36090,174
2023-03-22,Nevada,057,99092,20230,20217,2343,22560,138
2023-03-22,Orange,059,3164182,714995,712690,79202,791892,8003
2023-03-22,Placer,061,380077,81574,81483,10364,91847,683
2023-03-22,Plumas,063,18699,3840,3840,462,4302,15
2023-03-22,Riverside,065,2383286,737749,736530,41987,778517,6869
2023-03-22,Sacramento,067,1510023,373524,372735,38477,411212,3548
2023-03-22,San Benito,069,59416,17730,17709,1145,18854,118
2023-03-22,San Bernardino,071,2135413,712650,711341,34819,746160,8171
2023-03-22,San Diego,073,3302833,989415,988863,81742,1070605,5820
2023-03-22,San Francisco,075,870044,197825,197525,13474,210999,1181
2023-03-22,San Joaquin,077,732212,211013,210894,17041,227935,2426
2023-03-22,San Luis Obispo,079,281455,66696,66669,8191,74860,568
2023-03-22,San Mateo,081,765935,184607,183983,11268,195251,751
2023-03-22,Santa Barbara,083,443738,112597,112545,7788,120333,765
2023-03-22,Santa Clara,085,1922200,479190,477584,21543,499127,2740
2023-03-22,Santa Cruz,087,273765,68845,68746,4025,72771,276
2023-03-22,Shasta,089,179085,36594,36537,8369,44906,607
2023-03-22,Sierra,091,2930,313,313,61,374,5
2023-03-22,Siskiyou,093,43540,5484,5481,3447,8928,96
2023-03-22,Solano,095,438530,114578,114503,8734,123237,482
2023-03-22,Sonoma,097,501317,114264,114180,5827,120007,559
2023-03-22,Stanislaus,099,539301,145801,145700,23234,168934,1845
2023-03-22,Sutter,101,95872,25840,25830,2546,28376,241
2023-03-22,Tehama,103,63373,14507,14496,3436,17932,234
2023-03-22,Trinity,105,12862,1475,1476,507,1983,25
2023-03-22,Tulare,107,460477,128933,128856,40841,169697,1583
2023-03-22,Tuolumne,109,53932,16978,16971,1014,17985,211
2023-03-22,Ventura,111,848112,221625,221498,18230,239728,1683
2023-03-22,Yolo,113,214977,50280,50227,4995,55222,448
2023-03-22,Yuba,115,75493,20119,20112,1897,22009,135
2023-03-21,Alameda,001,1643700,382185,381150,22821,403971,2203
2023-03-21,Alpine,002,1148,139,139,4,143,0
2023-03-21,Amador,005,37829,10615,10609,974,11583,98
2023-03-21,Butte,007,227075,41830,41792,10325,52117,492
2023-03-21,Calaveras,009,45235,9040,9036,645,9681,142
2023-03-21,Colusa,011,21464,4009,4005,1383,5388,23
2023-03-21,Contra Costa,013,1133247,274707,274422,22501,296923,1569
2023-03-21,Del Norte,015,27424,7947,7951,485,8436,61
2023-03-21,El Dorado,017,186661,34718,34701,4574,39275,246
2023-03-21,Fresno,019,978130,295848,295584,35203,330787,3010
2023-03-21,Glenn,021,27897,5808,5806,2025,7831,58
2023-03-21,Humboldt,023,135768,23448,23440,5949,29389,170
2023-03-21,Imperial,025,180216,70636,70547,19256,89803,980
2023-03-21,Inyo,027,18085,4784,4774,1323,6097,63
2023-03-21,Kern,029,883053,231307,230695,73931,304626,2492
2023-03-21,Kings,031,150075,63023,63014,4507,67521,485
2023-03-21,Lake,033,64148,13691,13686,1283,14969,162
2023-03-21,Lassen,035,31185,10274,10272,1067,11339,67
2023-03-21,Los Angeles,037,10098052,3504014,3501151,221200,3722351,35698
2023-03-21,Madera,039,155013,46474,46443,8926,55369,378
2023-03-21,Marin,041,260295,49474,49435,5731,55166,317
2023-03-21,Mariposa,043,17540,3367,3366,359,3725,33
2023-03-21,Mendocino,045,87422,16939,16935,4837,21772,144
2023-03-21,Merced,047,269075,77338,76912,12903,89815,903
2023-03-21,Modoc,049,8938,959,959,375,1334,11
2023-03-21,Mono,051,14174,3336,3336,303,3639,8
2023-03-21,Monterey,053,433212,98496,98451,24494,122945,806
2023-03-21,Napa,055,140530,34576,34556,1534,36090,174
2023-03-21,Nevada,057,99092,20228,20217,2340,22557,138
2023-03-21,Orange,059,3164182,714887,712690,79180,791870,8003
2023-03-21,Placer,061,380077,81558,81483,10362,91845,683
2023-03-21,Plumas,063,18699,3840,3840,462,4302,15
2023-03-21,Riverside,065,2383286,737649,736530,41963,778493,6869
2023-03-21,Sacramento,067,1510023,373449,372735,38466,411201,3548
2023-03-21,San Benito,069,59416,17726,17709,1145,18854,118
2023-03-21,San Bernardino,071,2135413,712600,711341,34809,746150,8171
2023-03-21,San Diego,073,3302833,989267,988863,81708,1070571,5820
2023-03-21,San Francisco,075,870044,197773,197525,13469,210994,1181
2023-03-21,San Joaquin,077,732212,210974,210894,17033,227927,2426
2023-03-21,San Luis Obispo,079,281455,66694,66669,8188,74857,568
2023-03-21,San Mateo,081,765935,184563,183983,11264,195247,751
2023-03-21,Santa Barbara,083,443738,112582,112545,7784,120329,765
2023-03-21,Santa Clara,085,1922200,479099,477584,21538,499122,2740
2023-03-21,Santa Cruz,087,273765,68828,68746,4024,72770,276
2023-03-21,Shasta,089,179085,36588,36537,8366,44903,607
2023-03-21,Sierra,091,2930,313,313,61,374,5
2023-03-21,Siskiyou,093,43540,5484,5481,3447,8928,96
2023-03-21,Solano,095,438530,114545,114503,8733,123236,482
2023-03-21,Sonoma,097,501317,114238,114180,5827,120007,559
2023-03-21,Stanislaus,099,539301,145787,145700,23232,168932,1845
2023-03-21,Sutter,101,95872,25833,25830,2546,28376,241
2023-03-21,Tehama,103,63373,14506,14496,3436,17932,234
2023-03-21,Trinity,105,12862,1475,1476,506,1982,25
2023-03-21,Tulare,107,460477,128919,128856,40826,169682,1583
2023-03-21,Tuolumne,109,53932,16977,16971,1014,17985,211
2023-03-21,Ventura,111,848112,221604,221498,18225,239723,1683
2023-03-21,Yolo,113,214977,50272,50227,4990,55217,448
2023-03-21,Yuba,115,75493,20115,20112,1897,22009,135
2023-03-20,Alameda,001,1643700,382093,380370,22802,403172,2193
2023-03-20,Alpine,002,1148,139,139,4,143,0
2023-03-20,Amador,005,37829,10613,10601,974,11575,99
2023-03-20,Butte,007,227075,41825,41747,10323,52070,491
2023-03-20,Calaveras,009,45235,9039,9027,645,9672,140
2023-03-20,Colusa,011,21464,4007,4003,1383,5386,22
2023-03-20,Contra Costa,013,1133247,274634,273918,22497,296415,1564
2023-03-20,Del Norte,015,27424,7947,7944,485,8429,60
2023-03-20,El Dorado,017,186661,34714,34661,4573,39234,245
2023-03-20,Fresno,019,978130,295797,295109,35195,330304,3003
2023-03-20,Glenn,021,27897,5808,5798,2023,7821,58
2023-03-20,Humboldt,023,135768,23444,23401,5947,29348,170
2023-03-20,Imperial,025,180216,70607,70339,19243,89582,978
2023-03-20,Inyo,027,18085,4780,4769,1323,6092,63
2023-03-20,Kern,029,883053,231280,230440,73890,304330,2485
2023-03-20,Kings,031,150075,63016,62966,4507,67473,481
2023-03-20,Lake,033,64148,13688,13672,1283,14955,160
2023-03-20,Lassen,035,31185,10273,10264,1067,11331,66
2023-03-20,Los Angeles,037,10098052,3503563,3497355,221113,3718468,35618
2023-03-20,Madera,039,155013,46467,46384,8925,55309,378
2023-03-20,Marin,041,260295,49454,49333,5728,55061,317
2023-03-20,Mariposa,043,17540,3367,3364,359,3723,33
2023-03-20,Mendocino,045,87422,16938,16927,4837,21764,144
2023-03-20,Merced,047,269075,77318,76802,12901,89703,903
2023-03-20,Modoc,049,8938,959,958,375,1333,11
2023-03-20,Mono,051,14174,3336,3332,303,3635,8
2023-03-20,Monterey,053,433212,98488,98385,24477,122862,804
2023-03-20,Napa,055,140530,34567,34526,1533,36059,170
2023-03-20,Nevada,057,99092,20219,20193,2340,22533,138
2023-03-20,Orange,059,3164182,714786,711799,79147,790946,7982
2023-03-20,Placer,061,380077,81544,81348,10358,91706,682
2023-03-20,Plumas,063,18699,3840,3835,462,4297,15
2023-03-20,Riverside,065,2383286,737548,735836,41937,777773,6854
2023-03-20,Sacramento,067,1510023,373376,372164,38456,410620,3535
2023-03-20,San Benito,069,59416,17722,17674,1145,18819,118
2023-03-20,San Bernardino,071,2135413,712516,710710,34802,745512,8170
2023-03-20,San Diego,073,3302833,989127,987731,81677,1069408,5810
2023-03-20,San Francisco,075,870044,197721,197071,13464,210535,1180
2023-03-20,San Joaquin,077,732212,210941,210560,17031,227591,2422
2023-03-20,San Luis Obispo,079,281455,66685,66604,8187,74791,564
2023-03-20,San Mateo,081,765935,184524,183649,11261,194910,751
2023-03-20,Santa Barbara,083,443738,112573,112433,7784,120217,764
2023-03-20,Santa Clara,085,1922200,478969,476757,21529,498286,2732
2023-03-20,Santa Cruz,087,273765,68801,68613,4021,72634,276
2023-03-20,Shasta,089,179085,36584,36511,8363,44874,607
2023-03-20,Sierra,091,2930,313,311,61,372,5
2023-03-20,Siskiyou,093,43540,5483,5477,3447,8924,96
2023-03-20,Solano,095,438530,114523,114323,8730,123053,482
2023-03-20,Sonoma,097,501317,114209,113981,5827,119808,559
2023-03-20,Stanislaus,099,539301,145751,145514,23227,168741,1845
2023-03-20,Sutter,101,95872,25828,25794,2545,28339,243
2023-03-20,Tehama,103,63373,14506,14477,3436,17913,234
2023-03-20,Trinity,105,12862,1475,1476,506,1982,25
2023-03-20,Tulare,107,460477,128905,128711,40820,169531,1581
2023-03-20,Tuolumne,109,53932,16976,16944,1014,17958,203
2023-03-20,Ventura,111,848112,221576,221293,18221,239514,1681
2023-03-20,Yolo,113,214977,50257,50166,4990,55156,446
2023-03-20,Yuba,115,75493,20114,20085,1896,21981,135
2023-03-19,Alameda,001,1643700,381966,380370,22781,403151,2193
2023-03-19,Alpine,002,1148,139,139,4,143,0
2023-03-19,Amador,005,37829,10607,10601,974,11575,99
2023-03-19,Butte,007,227075,41818,41747,10319,52066,491
2023-03-19,Calaveras,009,45235,9036,9027,645,9672,140
2023-03-19,Colusa,011,21464,4006,4003,1381,5384,22
2023-03-19,Contra Costa,013,1133247,274557,273918,22493,296411,1564
2023-03-19,Del Norte,015,27424,7947,7944,485,8429,60
2023-03-19,El Dorado,017,186661,34702,34661,4573,39234,245
2023-03-19,Fresno,019,978130,295742,295109,35183,330292,3003
2023-03-19,Glenn,021,27897,5808,5798,2023,7821,58
2023-03-19,Humboldt,023,135768,23443,23401,5944,29345,170
2023-03-19,Imperial,025,180216,70574,70339,19210,89549,978
2023-03-19,Inyo,027,18085,4775,4769,1318,6087,63
2023-03-19,Kern,029,883053,231249,230440,73862,304302,2485
2023-03-19,Kings,031,150075,63016,62966,4505,67471,481
2023-03-19,Lake,033,64148,13687,13672,1283,14955,160
2023-03-19,Lassen,035,31185,10273,10264,1067,11331,66
2023-03-19,Los Angeles,037,10098052,3503041,3497355,221008,3718363,35618
2023-03-19,Madera,039,155013,46458,46384,8924,55308,378
2023-03-19,Marin,041,260295,49445,49333,5726,55059,317
2023-03-19,Mariposa,043,17540,3366,3364,359,3723,33
2023-03-19,Mendocino,045,87422,16934,16927,4837,21764,144
2023-03-19,Merced,047,269075,77291,76802,12899,89701,903
2023-03-19,Modoc,049,8938,958,958,375,1333,11
2023-03-19,Mono,051,14174,3336,3332,303,3635,8
2023-03-19,Monterey,053,433212,98483,98385,24464,122849,804
2023-03-19,Napa,055,140530,34562,34526,1533,36059,170
2023-03-19,Nevada,057,99092,20216,20193,2340,22533,138
2023-03-19,Orange,059,3164182,714667,711799,79105,790904,7982
2023-03-19,Placer,061,380077,81521,81348,10354,91702,682
2023-03-19,Plumas,063,18699,3840,3835,462,4297,15
2023-03-19,Riverside,065,2383286,737441,735836,41911,777747,6854
2023-03-19,Sacramento,067,1510023,373300,372164,38436,410600,3535
2023-03-19,San Benito,069,59416,17701,17674,1143,18817,118
2023-03-19,San Bernardino,071,2135413,712425,710710,34778,745488,8170
2023-03-19,San Diego,073,3302833,988941,987731,81634,1069365,5810
2023-03-19,San Francisco,075,870044,197638,197071,13456,210527,1180
2023-03-19,San Joaquin,077,732212,210891,210560,17029,227589,2422
2023-03-19,San Luis Obispo,079,281455,66674,66604,8184,74788,564
2023-03-19,San Mateo,081,765935,184469,183649,11257,194906,751
2023-03-19,Santa Barbara,083,443738,112556,112433,7777,120210,764
2023-03-19,Santa Clara,085,1922200,478859,476757,21516,498273,2732
2023-03-19,Santa Cruz,087,273765,68770,68613,4017,72630,276
2023-03-19,Shasta,089,179085,36583,36511,8362,44873,607
2023-03-19,Sierra,091,2930,313,311,61,372,5
2023-03-19,Siskiyou,093,43540,5482,5477,3447,8924,96
2023-03-19,Solano,095,438530,114484,114323,8726,123049,482
2023-03-19,Sonoma,097,501317,114179,113981,5825,119806,559
2023-03-19,Stanislaus,099,539301,145721,145514,23219,168733,1845
2023-03-19,Sutter,101,95872,25821,25794,2545,28339,243
2023-03-19,Tehama,103,63373,14505,14477,3435,17912,234
2023-03-19,Trinity,105,12862,1475,1476,506,1982,25
2023-03-19,Tulare,107,460477,128886,128711,40807,169518,1581
2023-03-19,Tuolumne,109,53932,16975,16944,1014,17958,203
2023-03-19,Ventura,111,848112,221553,221293,18220,239513,1681
2023-03-19,Yolo,113,214977,50249,50166,4985,55151,446
2023-03-19,Yuba,115,75493,20111,20085,1895,21980,135
2023-03-18,Alameda,001,1643700,381898,380370,22766,403136,2193
2023-03-18,Alpine,002,1148,139,139,4,143,0
2023-03-18,Amador,005,37829,10605,10601,974,11575,99
2023-03-18,Butte,007,227075,41814,41747,10315,52062,491
2023-03-18,Calaveras,009,45235,9035,9027,645,9672,140
2023-03-18,Colusa,011,21464,4005,4003,1381,5384,22
2023-03-18,Contra Costa,013,1133247,274511,273918,22489,296407,1564
2023-03-18,Del Norte,015,27424,7947,7944,484,8428,60
2023-03-18,El Dorado,017,186661,34699,34661,4572,39233,245
2023-03-18,Fresno,019,978130,295699,295109,35179,330288,3003
2023-03-18,Glenn,021,27897,5807,5798,2023,7821,58
2023-03-18,Humboldt,023,135768,23442,23401,5944,29345,170
2023-03-18,Imperial,025,180216,70563,70339,19209,89548,978
2023-03-18,Inyo,027,18085,4775,4769,1318,6087,63
2023-03-18,Kern,029,883053,231234,230440,73839,304279,2485
2023-03-18,Kings,031,150075,63013,62966,4505,67471,481
2023-03-18,Lake,033,64148,13687,13672,1283,14955,160
2023-03-18,Lassen,035,31185,10273,10264,1067,11331,66
2023-03-18,Los Angeles,037,10098052,3502802,3497355,220952,3718307,35618
2023-03-18,Madera,039,155013,46452,46384,8923,55307,378
2023-03-18,Marin,041,260295,49437,49333,5725,55058,317
2023-03-18,Mariposa,043,17540,3366,3364,359,3723,33
2023-03-18,Mendocino,045,87422,16934,16927,4837,21764,144
2023-03-18,Merced,047,269075,77283,76802,12899,89701,903
2023-03-18,Modoc,049,8938,958,958,375,1333,11
2023-03-18,Mono,051,14174,3336,3332,303,3635,8
2023-03-18,Monterey,053,433212,98479,98385,24448,122833,804
2023-03-18,Napa,055,140530,34559,34526,1533,36059,170
2023-03-18,Nevada,057,99092,20215,20193,2338,22531,138
2023-03-18,Orange,059,3164182,714578,711799,79094,790893,7982
2023-03-18,Placer,061,380077,81515,81348,10353,91701,682
2023-03-18,Plumas,063,18699,3840,3835,462,4297,15
2023-03-18,Riverside,065,2383286,737391,735836,41896,777732,6854
2023-03-18,Sacramento,067,1510023,373253,372164,38433,410597,3535
2023-03-18,San Benito,069,59416,17697,17674,1143,18817,118
2023-03-18,San Bernardino,071,2135413,712380,710710,34776,745486,8170
2023-03-18,San Diego,073,3302833,988843,987731,81627,1069358,5810
2023-03-18,San Francisco,075,870044,197598,197071,13453,210524,1180
2023-03-18,San Joaquin,077,732212,210884,210560,17028,227588,2422
2023-03-18,San Luis Obispo,079,281455,66669,66604,8184,74788,564
2023-03-18,San Mateo,081,765935,184436,183649,11255,194904,751
2023-03-18,Santa Barbara,083,443738,112544,112433,7777,120210,764
2023-03-18,Santa Clara,085,1922200,478771,476757,21512,498269,2732
2023-03-18,Santa Cruz,087,273765,68760,68613,4017,72630,276
2023-03-18,Shasta,089,179085,36580,36511,8361,44872,607
2023-03-18,Sierra,091,2930,313,311,61,372,5
2023-03-18,Siskiyou,093,43540,5482,5477,3447,8924,96
2023-03-18,Solano,095,438530,114466,114323,8723,123046,482
2023-03-18,Sonoma,097,501317,114166,113981,5825,119806,559
2023-03-18,Stanislaus,099,539301,145700,145514,23215,168729,1845
2023-03-18,Sutter,101,95872,25815,25794,2545,28339,243
2023-03-18,Tehama,103,63373,14505,14477,3434,17911,234
2023-03-18,Trinity,105,12862,1475,1476,506,1982,25
2023-03-18,Tulare,107,460477,128877,128711,40800,169511,1581
2023-03-18,Tuolumne,109,53932,16972,16944,1014,17958,203
2023-03-18,Ventura,111,848112,221527,221293,18219,239512,1681
2023-03-18,Yolo,113,214977,50244,50166,4984,55150,446
2023-03-18,Yuba,115,75493,20109,20085,1895,21980,135
2023-03-17,Alameda,001,1643700,381824,380370,22759,403129,2193
2023-03-17,Alpine,002,1148,139,139,4,143,0
2023-03-17,Amador,005,37829,10602,10601,974,11575,99
2023-03-17,Butte,007,227075,41809,41747,10314,52061,491
2023-03-17,Calaveras,009,45235,9034,9027,645,9672,140
2023-03-17,Colusa,011,21464,4004,4003,1380,5383,22
2023-03-17,Contra Costa,013,1133247,274462,273918,22489,296407,1564
2023-03-17,Del Norte,015,27424,7947,7944,484,8428,60
2023-03-17,El Dorado,017,186661,34697,34661,4572,39233,245
2023-03-17,Fresno,019,978130,295652,295109,35174,330283,3003
2023-03-17,Glenn,021,27897,5806,5798,2022,7820,58
2023-03-17,Humboldt,023,135768,23439,23401,5944,29345,170
2023-03-17,Imperial,025,180216,70554,70339,19206,89545,978
2023-03-17,Inyo,027,18085,4774,4769,1317,6086,63
2023-03-17,Kern,029,883053,231217,230440,73824,304264,2485
2023-03-17,Kings,031,150075,63010,62966,4505,67471,481
2023-03-17,Lake,033,64148,13687,13672,1283,14955,160
2023-03-17,Lassen,035,31185,10273,10264,1067,11331,66
2023-03-17,Los Angeles,037,10098052,3502460,3497355,220896,3718251,35618
2023-03-17,Madera,039,155013,46446,46384,8921,55305,378
2023-03-17,Marin,041,260295,49431,49333,5722,55055,317
2023-03-17,Mariposa,043,17540,3366,3364,359,3723,33
2023-03-17,Mendocino,045,87422,16931,16927,4837,21764,144
2023-03-17,Merced,047,269075,77276,76802,12899,89701,903
2023-03-17,Modoc,049,8938,958,958,375,1333,11
2023-03-17,Mono,051,14174,3335,3332,303,3635,8
2023-03-17,Monterey,053,433212,98469,98385,24443,122828,804
2023-03-17,Napa,055,140530,34554,34526,1533,36059,170
2023-03-17,Nevada,057,99092,20214,20193,2337,22530,138
2023-03-17,Orange,059,3164182,714513,711799,79070,790869,7982
2023-03-17,Placer,061,380077,81499,81348,10352,91700,682
2023-03-17,Plumas,063,18699,3840,3835,462,4297,15
2023-03-17,Riverside,065,2383286,737326,735836,41885,777721,6854
2023-03-17,Sacramento,067,1510023,373201,372164,38431,410595,3535
2023-03-17,San Benito,069,59416,17696,17674,1143,18817,118
2023-03-17,San Bernardino,071,2135413,712329,710710,34771,745481,8170
2023-03-17,San Diego,073,3302833,988746,987731,81613,1069344,5810
2023-03-17,San Francisco,075,870044,197555,197071,13451,210522,1180
2023-03-17,San Joaquin,077,732212,210864,210560,17024,227584,2422
2023-03-17,San Luis Obispo,079,281455,66665,66604,8182,74786,564
2023-03-17,San Mateo,081,765935,184412,183649,11253,194902,751
2023-03-17,Santa Barbara,083,443738,112527,112433,7777,120210,764
2023-03-17,Santa Clara,085,1922200,478673,476757,21509,498266,2732
2023-03-17,Santa Cruz,087,273765,68751,68613,4015,72628,276
2023-03-17,Shasta,089,179085,36578,36511,8360,44871,607
2023-03-17,Sierra,091,2930,312,311,61,372,5
2023-03-17,Siskiyou,093,43540,5482,5477,3447,8924,96
2023-03-17,Solano,095,438530,114459,114323,8723,123046,482
2023-03-17,Sonoma,097,501317,114149,113981,5825,119806,559
2023-03-17,Stanislaus,099,539301,145675,145514,23211,168725,1845
2023-03-17,Sutter,101,95872,25812,25794,2545,28339,243
2023-03-17,Tehama,103,63373,14500,14477,3434,17911,234
2023-03-17,Trinity,105,12862,1475,1476,506,1982,25
2023-03-17,Tulare,107,460477,128864,128711,40795,169506,1581
2023-03-17,Tuolumne,109,53932,16970,16944,1014,17958,203
2023-03-17,Ventura,111,848112,221506,221293,18214,239507,1681
2023-03-17,Yolo,113,214977,50235,50166,4979,55145,446
2023-03-17,Yuba,115,75493,20108,20085,1895,21980,135
2023-03-16,Alameda,001,1643700,381703,380370,22744,403114,2193
2023-03-16,Alpine,002,1148,139,139,4,143,0
2023-03-16,Amador,005,37829,10601,10601,974,11575,99
2023-03-16,Butte,007,227075,41802,41747,10311,52058,491
2023-03-16,Calaveras,009,45235,9033,9027,645,9672,140
2023-03-16,Colusa,011,21464,4004,4003,1380,5383,22
2023-03-16,Contra Costa,013,1133247,274420,273918,22485,296403,1564
2023-03-16,Del Norte,015,27424,7947,7944,483,8427,60
2023-03-16,El Dorado,017,186661,34693,34661,4572,39233,245
2023-03-16,Fresno,019,978130,295603,295109,35168,330277,3003
2023-03-16,Glenn,021,27897,5805,5798,2021,7819,58
2023-03-16,Humboldt,023,135768,23434,23401,5944,29345,170
2023-03-16,Imperial,025,180216,70534,70339,19196,89535,978
2023-03-16,Inyo,027,18085,4772,4769,1317,6086,63
2023-03-16,Kern,029,883053,231188,230440,73805,304245,2485
2023-03-16,Kings,031,150075,63008,62966,4503,67469,481
2023-03-16,Lake,033,64148,13685,13672,1283,14955,160
2023-03-16,Lassen,035,31185,10273,10264,1067,11331,66
2023-03-16,Los Angeles,037,10098052,3501977,3497355,220795,3718150,35618
2023-03-16,Madera,039,155013,46442,46384,8919,55303,378
2023-03-16,Marin,041,260295,49412,49333,5722,55055,317
2023-03-16,Mariposa,043,17540,3365,3364,359,3723,33
2023-03-16,Mendocino,045,87422,16931,16927,4836,21763,144
2023-03-16,Merced,047,269075,77260,76802,12897,89699,903
2023-03-16,Modoc,049,8938,958,958,375,1333,11
2023-03-16,Mono,051,14174,3334,3332,303,3635,8
2023-03-16,Monterey,053,433212,98459,98385,24431,122816,804
2023-03-16,Napa,055,140530,34546,34526,1533,36059,170
2023-03-16,Nevada,057,99092,20211,20193,2336,22529,138
2023-03-16,Orange,059,3164182,714406,711799,79031,790830,7982
2023-03-16,Placer,061,380077,81471,81348,10349,91697,682
2023-03-16,Plumas,063,18699,3840,3835,462,4297,15
2023-03-16,Riverside,065,2383286,737254,735836,41868,777704,6854
2023-03-16,Sacramento,067,1510023,373131,372164,38418,410582,3535
2023-03-16,San Benito,069,59416,17696,17674,1143,18817,118
2023-03-16,San Bernardino,071,2135413,712243,710710,34762,745472,8170
2023-03-16,San Diego,073,3302833,988590,987731,81588,1069319,5810
2023-03-16,San Francisco,075,870044,197512,197071,13444,210515,1180
2023-03-16,San Joaquin,077,732212,210820,210560,17020,227580,2422
2023-03-16,San Luis Obispo,079,281455,66660,66604,8179,74783,564
2023-03-16,San Mateo,081,765935,184371,183649,11249,194898,751
2023-03-16,Santa Barbara,083,443738,112511,112433,7773,120206,764
2023-03-16,Santa Clara,085,1922200,478554,476757,21500,498257,2732
2023-03-16,Santa Cruz,087,273765,68734,68613,4010,72623,276
2023-03-16,Shasta,089,179085,36575,36511,8356,44867,607
2023-03-16,Sierra,091,2930,312,311,61,372,5
2023-03-16,Siskiyou,093,43540,5481,5477,3447,8924,96
2023-03-16,Solano,095,438530,114430,114323,8719,123042,482
2023-03-16,Sonoma,097,501317,114105,113981,5824,119805,559
2023-03-16,Stanislaus,099,539301,145649,145514,23208,168722,1845
2023-03-16,Sutter,101,95872,25804,25794,2545,28339,243
2023-03-16,Tehama,103,63373,14498,14477,3433,17910,234
2023-03-16,Trinity,105,12862,1475,1476,506,1982,25
2023-03-16,Tulare,107,460477,128831,128711,40785,169496,1581
2023-03-16,Tuolumne,109,53932,16969,16944,1014,17958,203
2023-03-16,Ventura,111,848112,221481,221293,18208,239501,1681
2023-03-16,Yolo,113,214977,50229,50166,4971,55137,446
2023-03-16,Yuba,115,75493,20105,20085,1893,21978,135
2023-03-15,Alameda,001,1643700,381585,380370,22721,403091,2193
2023-03-15,Alpine,002,1148,139,139,4,143,0
2023-03-15,Amador,005,37829,10599,10601,974,11575,99
2023-03-15,Butte,007,227075,41797,41747,10308,52055,491
2023-03-15,Calaveras,009,45235,9032,9027,645,9672,140
2023-03-15,Colusa,011,21464,4004,4003,1380,5383,22
2023-03-15,Contra Costa,013,1133247,274348,273918,22480,296398,1564
2023-03-15,Del Norte,015,27424,7947,7944,483,8427,60
2023-03-15,El Dorado,017,186661,34689,34661,4572,39233,245
2023-03-15,Fresno,019,978130,295548,295109,35157,330266,3003
2023-03-15,Glenn,021,27897,5804,5798,2021,7819,58
2023-03-15,Humboldt,023,135768,23431,23401,5942,29343,170
2023-03-15,Imperial,025,180216,70510,70339,19179,89518,978
2023-03-15,Inyo,027,18085,4772,4769,1317,6086,63
2023-03-15,Kern,029,883053,231154,230440,73781,304221,2485
2023-03-15,Kings,031,150075,62999,62966,4502,67468,481
2023-03-15,Lake,033,64148,13682,13672,1283,14955,160
2023-03-15,Lassen,035,31185,10271,10264,1067,11331,66
2023-03-15,Los Angeles,037,10098052,3501368,3497355,220713,3718068,35618
2023-03-15,Madera,039,155013,46438,46384,8918,55302,378
2023-03-15,Marin,041,260295,49398,49333,5720,55053,317
2023-03-15,Mariposa,043,17540,3365,3364,359,3723,33
2023-03-15,Mendocino,045,87422,16931,16927,4836,21763,144
2023-03-15,Merced,047,269075,77246,76802,12896,89698,903
2023-03-15,Modoc,049,8938,958,958,375,1333,11
2023-03-15,Mono,051,14174,3332,3332,303,3635,8
2023-03-15,Monterey,053,433212,98448,98385,24411,122796,804
2023-03-15,Napa,055,140530,34544,34526,1533,36059,170
2023-03-15,Nevada,057,99092,20209,20193,2336,22529,138
2023-03-15,Orange,059,3164182,714280,711799,78998,790797,7982
2023-03-15,Placer,061,380077,81459,81348,10348,91696,682
2023-03-15,Plumas,063,18699,3840,3835,462,4297,15
2023-03-15,Riverside,065,2383286,737178,735836,41848,777684,6854
2023-03-15,Sacramento,067,1510023,373070,372164,38411,410575,3535
2023-03-15,San Benito,069,59416,17692,17674,1143,18817,118
2023-03-15,San Bernardino,071,2135413,712160,710710,34758,745468,8170
2023-03-15,San Diego,073,3302833,988422,987731,81542,1069273,5810
2023-03-15,San Francisco,075,870044,197441,197071,13440,210511,1180
2023-03-15,San Joaquin,077,732212,210761,210560,17019,227579,2422
2023-03-15,San Luis Obispo,079,281455,66656,66604,8177,74781,564
2023-03-15,San Mateo,081,765935,184326,183649,11245,194894,751
2023-03-15,Santa Barbara,083,443738,112502,112433,7772,120205,764
2023-03-15,Santa Clara,085,1922200,478451,476757,21489,498246,2732
2023-03-15,Santa Cruz,087,273765,68715,68613,4005,72618,276
2023-03-15,Shasta,089,179085,36574,36511,8356,44867,607
2023-03-15,Sierra,091,2930,312,311,61,372,5
2023-03-15,Siskiyou,093,43540,5481,5477,3445,8922,96
2023-03-15,Solano,095,438530,114396,114323,8717,123040,482
2023-03-15,Sonoma,097,501317,114080,113981,5823,119804,559
2023-03-15,Stanislaus,099,539301,145609,145514,23206,168720,1845
2023-03-15,Sutter,101,95872,25797,25794,2545,28339,243
2023-03-15,Tehama,103,63373,14498,14477,3433,17910,234
2023-03-15,Trinity,105,12862,1475,1476,506,1982,25
2023-03-15,Tulare,107,460477,128823,128711,40778,169489,1581
2023-03-15,Tuolumne,109,53932,16964,16944,1014,17958,203
2023-03-15,Ventura,111,848112,221452,221293,18204,239497,1681
2023-03-15,Yolo,113,214977,50221,50166,4969,55135,446
2023-03-15,Yuba,115,75493,20101,20085,1893,21978,135
2023-03-14,Alameda,001,1643700,381467,380370,22709,403079,2193
2023-03-14,Alpine,002,1148,139,139,4,143,0
2023-03-14,Amador,005,37829,10598,10601,974,11575,99
2023-03-14,Butte,007,227075,41788,41747,10306,52053,491
2023-03-14,Calaveras,009,45235,9030,9027,645,9672,140
2023-03-14,Colusa,011,21464,4004,4003,1380,5383,22
2023-03-14,Contra Costa,013,1133247,274273,273918,22479,296397,1564
2023-03-14,Del Norte,015,27424,7946,7944,481,8425,60
2023-03-14,El Dorado,017,186661,34680,34661,4572,39233,245
2023-03-14,Fresno,019,978130,295489,295109,35143,330252,3003
2023-03-14,Glenn,021,27897,5804,5798,2021,7819,58
2023-03-14,Humboldt,023,135768,23425,23401,5941,29342,170
2023-03-14,Imperial,025,180216,70487,70339,19163,89502,978
2023-03-14,Inyo,027,18085,4770,4769,1316,6085,63
2023-03-14,Kern,029,883053,231117,230440,73752,304192,2485
2023-03-14,Kings,031,150075,62990,62966,4502,67468,481
2023-03-14,Lake,033,64148,13680,13672,1283,14955,160
2023-03-14,Lassen,035,31185,10269,10264,1066,11330,66
2023-03-14,Los Angeles,037,10098052,3500855,3497355,220621,3717976,35618
2023-03-14,Madera,039,155013,46427,46384,8918,55302,378
2023-03-14,Marin,041,260295,49382,49333,5720,55053,317
2023-03-14,Mariposa,043,17540,3365,3364,359,3723,33
2023-03-14,Mendocino,045,87422,16930,16927,4836,21763,144
2023-03-14,Merced,047,269075,77226,76802,12889,89691,903
2023-03-14,Modoc,049,8938,958,958,375,1333,11
2023-03-14,Mono,051,14174,3332,3332,303,3635,8
2023-03-14,Monterey,053,433212,98440,98385,24392,122777,804
2023-03-14,Napa,055,140530,34540,34526,1532,36058,170
2023-03-14,Nevada,057,99092,20205,20193,2336,22529,138
2023-03-14,Orange,059,3164182,714154,711799,78962,790761,7982
2023-03-14,Placer,061,380077,81432,81348,10348,91696,682
2023-03-14,Plumas,063,18699,3838,3835,462,4297,15
2023-03-14,Riverside,065,2383286,737078,735836,41828,777664,6854
2023-03-14,Sacramento,067,1510023,372983,372164,38397,410561,3535
2023-03-14,San Benito,069,59416,17685,17674,1143,18817,118
2023-03-14,San Bernardino,071,2135413,712087,710710,34747,745457,8170
2023-03-14,San Diego,073,3302833,988228,987731,81503,1069234,5810
2023-03-14,San Francisco,075,870044,197389,197071,13435,210506,1180
2023-03-14,San Joaquin,077,732212,210717,210560,17019,227579,2422
2023-03-14,San Luis Obispo,079,281455,66645,66604,8176,74780,564
2023-03-14,San Mateo,081,765935,184281,183649,11241,194890,751
2023-03-14,Santa Barbara,083,443738,112476,112433,7771,120204,764
2023-03-14,Santa Clara,085,1922200,478334,476757,21478,498235,2732
2023-03-14,Santa Cruz,087,273765,68699,68613,4004,72617,276
2023-03-14,Shasta,089,179085,36569,36511,8353,44864,607
2023-03-14,Sierra,091,2930,312,311,61,372,5
2023-03-14,Siskiyou,093,43540,5480,5477,3445,8922,96
2023-03-14,Solano,095,438530,114361,114323,8716,123039,482
2023-03-14,Sonoma,097,501317,114061,113981,5823,119804,559
2023-03-14,Stanislaus,099,539301,145583,145514,23200,168714,1845
2023-03-14,Sutter,101,95872,25795,25794,2545,28339,243
2023-03-14,Tehama,103,63373,14492,14477,3431,17908,234
2023-03-14,Trinity,105,12862,1475,1476,506,1982,25
2023-03-14,Tulare,107,460477,128802,128711,40771,169482,1581
2023-03-14,Tuolumne,109,53932,16963,16944,1014,17958,203
2023-03-14,Ventura,111,848112,221423,221293,18197,239490,1681
2023-03-14,Yolo,113,214977,50207,50166,4967,55133,446
2023-03-14,Yuba,115,75493,20097,20085,1893,21978,135
2023-03-13,Alameda,001,1643700,381331,379541,22694,402235,2192
2023-03-13,Alpine,002,1148,139,139,4,143,0
2023-03-13,Amador,005,37829,10598,10582,974,11556,99
2023-03-13,Butte,007,227075,41781,41706,10301,52007,487
2023-03-13,Calaveras,009,45235,9030,9009,645,9654,140
2023-03-13,Colusa,011,21464,4003,3995,1379,5374,22
2023-03-13,Contra Costa,013,1133247,274199,273314,22475,295789,1559
2023-03-13,Del Norte,015,27424,7945,7937,481,8418,60
2023-03-13,El Dorado,017,186661,34668,34622,4572,39194,245
2023-03-13,Fresno,019,978130,295426,294640,35123,329763,3001
2023-03-13,Glenn,021,27897,5804,5791,2021,7812,58
2023-03-13,Humboldt,023,135768,23423,23392,5938,29330,170
2023-03-13,Imperial,025,180216,70451,70108,19139,89247,978
2023-03-13,Inyo,027,18085,4770,4768,1316,6084,63
2023-03-13,Kern,029,883053,231075,230141,73716,303857,2481
2023-03-13,Kings,031,150075,62976,62890,4501,67391,481
2023-03-13,Lake,033,64148,13676,13661,1283,14944,157
2023-03-13,Lassen,035,31185,10269,10255,1065,11320,66
2023-03-13,Los Angeles,037,10098052,3500354,3492824,220519,3713343,35545
2023-03-13,Madera,039,155013,46417,46322,8917,55239,378
2023-03-13,Marin,041,260295,49366,49217,5719,54936,317
2023-03-13,Mariposa,043,17540,3365,3360,359,3719,33
2023-03-13,Mendocino,045,87422,16927,16909,4836,21745,143
2023-03-13,Merced,047,269075,77213,76684,12888,89572,903
2023-03-13,Modoc,049,8938,958,956,375,1331,11
2023-03-13,Mono,051,14174,3332,3331,302,3633,8
2023-03-13,Monterey,053,433212,98429,98282,24378,122660,804
2023-03-13,Napa,055,140530,34537,34458,1532,35990,170
2023-03-13,Nevada,057,99092,20202,20173,2336,22509,133
2023-03-13,Orange,059,3164182,714044,710847,78924,789771,7966
2023-03-13,Placer,061,380077,81420,81163,10346,91509,682
2023-03-13,Plumas,063,18699,3838,3830,462,4292,15
2023-03-13,Riverside,065,2383286,736958,734898,41809,776707,6853
2023-03-13,Sacramento,067,1510023,372890,371378,38388,409766,3530
2023-03-13,San Benito,069,59416,17681,17658,1143,18801,117
2023-03-13,San Bernardino,071,2135413,711996,709951,34739,744690,8170
2023-03-13,San Diego,073,3302833,988008,986445,81466,1067911,5799
2023-03-13,San Francisco,075,870044,197302,196540,13431,209971,1178
2023-03-13,San Joaquin,077,732212,210673,210181,17013,227194,2421
2023-03-13,San Luis Obispo,079,281455,66637,66519,8170,74689,561
2023-03-13,San Mateo,081,765935,184214,183227,11231,194458,751
2023-03-13,Santa Barbara,083,443738,112462,112255,7770,120025,763
2023-03-13,Santa Clara,085,1922200,478174,475754,21466,497220,2727
2023-03-13,Santa Cruz,087,273765,68681,68493,4001,72494,276
2023-03-13,Shasta,089,179085,36566,36485,8352,44837,607
2023-03-13,Sierra,091,2930,312,311,61,372,5
2023-03-13,Siskiyou,093,43540,5479,5467,3444,8911,96
2023-03-13,Solano,095,438530,114339,114105,8712,122817,482
2023-03-13,Sonoma,097,501317,114026,113762,5823,119585,556
2023-03-13,Stanislaus,099,539301,145552,145296,23195,168491,1845
2023-03-13,Sutter,101,95872,25790,25768,2545,28313,241
2023-03-13,Tehama,103,63373,14492,14471,3430,17901,234
2023-03-13,Trinity,105,12862,1475,1476,506,1982,24
2023-03-13,Tulare,107,460477,128786,128533,40758,169291,1578
2023-03-13,Tuolumne,109,53932,16962,16918,1014,17932,203
2023-03-13,Ventura,111,848112,221400,221062,18194,239256,1678
2023-03-13,Yolo,113,214977,50203,50100,4961,55061,443
2023-03-13,Yuba,115,75493,20096,20055,1893,21948,135
2023-03-12,Alameda,001,1643700,381172,379541,22678,402219,2192
2023-03-12,Alpine,002,1148,139,139,4,143,0
2023-03-12,Amador,005,37829,10597,10582,974,11556,99
2023-03-12,Butte,007,227075,41779,41706,10299,52005,487
2023-03-12,Calaveras,009,45235,9029,9009,644,9653,140
2023-03-12,Colusa,011,21464,4003,3995,1378,5373,22
2023-03-12,Contra Costa,013,1133247,274112,273314,22468,295782,1559
2023-03-12,Del Norte,015,27424,7944,7937,477,8414,60
2023-03-12,El Dorado,017,186661,34664,34622,4571,39193,245
2023-03-12,Fresno,019,978130,295356,294640,35114,329754,3001
2023-03-12,Glenn,021,27897,5804,5791,2020,7811,58
2023-03-12,Humboldt,023,135768,23415,23392,5935,29327,170
2023-03-12,Imperial,025,180216,70424,70108,19109,89217,978
2023-03-12,Inyo,027,18085,4770,4768,1315,6083,63
2023-03-12,Kern,029,883053,231014,230141,73667,303808,2481
2023-03-12,Kings,031,150075,62968,62890,4501,67391,481
2023-03-12,Lake,033,64148,13675,13661,1283,14944,157
2023-03-12,Lassen,035,31185,10267,10255,1065,11320,66
2023-03-12,Los Angeles,037,10098052,3499618,3492824,220412,3713236,35545
2023-03-12,Madera,039,155013,46405,46322,8915,55237,378
2023-03-12,Marin,041,260295,49349,49217,5716,54933,317
2023-03-12,Mariposa,043,17540,3364,3360,359,3719,33
2023-03-12,Mendocino,045,87422,16925,16909,4836,21745,143
2023-03-12,Merced,047,269075,77196,76684,12886,89570,903
2023-03-12,Modoc,049,8938,958,956,375,1331,11
2023-03-12,Mono,051,14174,3332,3331,302,3633,8
2023-03-12,Monterey,053,433212,98417,98282,24354,122636,804
2023-03-12,Napa,055,140530,34529,34458,1532,35990,170
2023-03-12,Nevada,057,99092,20198,20173,2336,22509,133
2023-03-12,Orange,059,3164182,713879,710847,78868,789715,7966
2023-03-12,Placer,061,380077,81390,81163,10343,91506,682
2023-03-12,Plumas,063,18699,3838,3830,462,4292,15
2023-03-12,Riverside,065,2383286,736776,734898,41784,776682,6853
2023-03-12,Sacramento,067,1510023,372745,371378,38363,409741,3530
2023-03-12,San Benito,069,59416,17678,17658,1141,18799,117
2023-03-12,San Bernardino,071,2135413,711836,709951,34731,744682,8170
2023-03-12,San Diego,073,3302833,987787,986445,81430,1067875,5799
2023-03-12,San Francisco,075,870044,197196,196540,13424,209964,1178
2023-03-12,San Joaquin,077,732212,210600,210181,17000,227181,2421
2023-03-12,San Luis Obispo,079,281455,66626,66519,8167,74686,561
2023-03-12,San Mateo,081,765935,184150,183227,11222,194449,751
2023-03-12,Santa Barbara,083,443738,112440,112255,7768,120023,763
2023-03-12,Santa Clara,085,1922200,477992,475754,21447,497201,2727
2023-03-12,Santa Cruz,087,273765,68652,68493,3997,72490,276
2023-03-12,Shasta,089,179085,36565,36485,8350,44835,607
2023-03-12,Sierra,091,2930,312,311,61,372,5
2023-03-12,Siskiyou,093,43540,5475,5467,3444,8911,96
2023-03-12,Solano,095,438530,114280,114105,8704,122809,482
2023-03-12,Sonoma,097,501317,113992,113762,5815,119577,556
2023-03-12,Stanislaus,099,539301,145533,145296,23182,168478,1845
2023-03-12,Sutter,101,95872,25785,25768,2545,28313,241
2023-03-12,Tehama,103,63373,14489,14471,3430,17901,234
2023-03-12,Trinity,105,12862,1475,1476,506,1982,24
2023-03-12,Tulare,107,460477,128756,128533,40736,169269,1578
2023-03-12,Tuolumne,109,53932,16959,16918,1014,17932,203
2023-03-12,Ventura,111,848112,221374,221062,18186,239248,1678
2023-03-12,Yolo,113,214977,50190,50100,4955,55055,443
2023-03-12,Yuba,115,75493,20089,20055,1891,21946,135
2023-03-11,Alameda,001,1643700,381100,379541,22667,402208,2192
2023-03-11,Alpine,002,1148,139,139,4,143,0
2023-03-11,Amador,005,37829,10597,10582,974,11556,99
2023-03-11,Butte,007,227075,41778,41706,10298,52004,487
2023-03-11,Calaveras,009,45235,9028,9009,644,9653,140
2023-03-11,Colusa,011,21464,4002,3995,1378,5373,22
2023-03-11,Contra Costa,013,1133247,274055,273314,22465,295779,1559
2023-03-11,Del Norte,015,27424,7944,7937,477,8414,60
2023-03-11,El Dorado,017,186661,34657,34622,4571,39193,245
2023-03-11,Fresno,019,978130,295322,294640,35107,329747,3001
2023-03-11,Glenn,021,27897,5803,5791,2020,7811,58
2023-03-11,Humboldt,023,135768,23414,23392,5934,29326,170
2023-03-11,Imperial,025,180216,70408,70108,19108,89216,978
2023-03-11,Inyo,027,18085,4770,4768,1315,6083,63
2023-03-11,Kern,029,883053,230977,230141,73639,303780,2481
2023-03-11,Kings,031,150075,62961,62890,4501,67391,481
2023-03-11,Lake,033,64148,13674,13661,1283,14944,157
2023-03-11,Lassen,035,31185,10267,10255,1065,11320,66
2023-03-11,Los Angeles,037,10098052,3499276,3492824,220358,3713182,35545
2023-03-11,Madera,039,155013,46400,46322,8915,55237,378
2023-03-11,Marin,041,260295,49339,49217,5716,54933,317
2023-03-11,Mariposa,043,17540,3363,3360,359,3719,33
2023-03-11,Mendocino,045,87422,16924,16909,4836,21745,143
2023-03-11,Merced,047,269075,77184,76684,12885,89569,903
2023-03-11,Modoc,049,8938,958,956,375,1331,11
2023-03-11,Mono,051,14174,3332,3331,302,3633,8
2023-03-11,Monterey,053,433212,98410,98282,24337,122619,804
2023-03-11,Napa,055,140530,34525,34458,1532,35990,170
2023-03-11,Nevada,057,99092,20198,20173,2336,22509,133
2023-03-11,Orange,059,3164182,713790,710847,78839,789686,7966
2023-03-11,Placer,061,380077,81376,81163,10341,91504,682
2023-03-11,Plumas,063,18699,3838,3830,462,4292,15
2023-03-11,Riverside,065,2383286,736700,734898,41764,776662,6853
2023-03-11,Sacramento,067,1510023,372686,371378,38351,409729,3530
2023-03-11,San Benito,069,59416,17678,17658,1140,18798,117
2023-03-11,San Bernardino,071,2135413,711784,709951,34726,744677,8170
2023-03-11,San Diego,073,3302833,987653,986445,81407,1067852,5799
2023-03-11,San Francisco,075,870044,197154,196540,13420,209960,1178
2023-03-11,San Joaquin,077,732212,210562,210181,16994,227175,2421
2023-03-11,San Luis Obispo,079,281455,66614,66519,8163,74682,561
2023-03-11,San Mateo,081,765935,184112,183227,11222,194449,751
2023-03-11,Santa Barbara,083,443738,112419,112255,7768,120023,763
2023-03-11,Santa Clara,085,1922200,477894,475754,21438,497192,2727
2023-03-11,Santa Cruz,087,273765,68634,68493,3995,72488,276
2023-03-11,Shasta,089,179085,36562,36485,8350,44835,607
2023-03-11,Sierra,091,2930,312,311,61,372,5
2023-03-11,Siskiyou,093,43540,5473,5467,3444,8911,96
2023-03-11,Solano,095,438530,114268,114105,8703,122808,482
2023-03-11,Sonoma,097,501317,113966,113762,5814,119576,556
2023-03-11,Stanislaus,099,539301,145515,145296,23180,168476,1845
2023-03-11,Sutter,101,95872,25783,25768,2544,28312,241
2023-03-11,Tehama,103,63373,14486,14471,3428,17899,234
2023-03-11,Trinity,105,12862,1475,1476,506,1982,24
2023-03-11,Tulare,107,460477,128742,128533,40728,169261,1578
2023-03-11,Tuolumne,109,53932,16958,16918,1014,17932,203
2023-03-11,Ventura,111,848112,221350,221062,18184,239246,1678
2023-03-11,Yolo,113,214977,50188,50100,4952,55052,443
2023-03-11,Yuba,115,75493,20085,20055,1890,21945,135
2023-03-10,Alameda,001,1643700,381000,379541,22660,402201,2192
2023-03-10,Alpine,002,1148,139,139,4,143,0
2023-03-10,Amador,005,37829,10596,10582,974,11556,99
2023-03-10,Butte,007,227075,41773,41706,10293,51999,487
2023-03-10,Calaveras,009,45235,9027,9009,644,9653,140
2023-03-10,Colusa,011,21464,4002,3995,1378,5373,22
2023-03-10,Contra Costa,013,1133247,274001,273314,22459,295773,1559
2023-03-10,Del Norte,015,27424,7943,7937,477,8414,60
2023-03-10,El Dorado,017,186661,34651,34622,4571,39193,245
2023-03-10,Fresno,019,978130,295272,294640,35099,329739,3001
2023-03-10,Glenn,021,27897,5801,5791,2020,7811,58
2023-03-10,Humboldt,023,135768,23411,23392,5933,29325,170
2023-03-10,Imperial,025,180216,70384,70108,19104,89212,978
2023-03-10,Inyo,027,18085,4770,4768,1314,6082,63
2023-03-10,Kern,029,883053,230953,230141,73615,303756,2481
2023-03-10,Kings,031,150075,62953,62890,4500,67390,481
2023-03-10,Lake,033,64148,13674,13661,1283,14944,157
2023-03-10,Lassen,035,31185,10265,10255,1065,11320,66
2023-03-10,Los Angeles,037,10098052,3498879,3492824,220304,3713128,35545
2023-03-10,Madera,039,155013,46396,46322,8914,55236,378
2023-03-10,Marin,041,260295,49329,49217,5716,54933,317
2023-03-10,Mariposa,043,17540,3363,3360,359,3719,33
2023-03-10,Mendocino,045,87422,16921,16909,4836,21745,143
2023-03-10,Merced,047,269075,77176,76684,12885,89569,903
2023-03-10,Modoc,049,8938,958,956,375,1331,11
2023-03-10,Mono,051,14174,3332,3331,302,3633,8
2023-03-10,Monterey,053,433212,98399,98282,24314,122596,804
2023-03-10,Napa,055,140530,34519,34458,1532,35990,170
2023-03-10,Nevada,057,99092,20196,20173,2336,22509,133
2023-03-10,Orange,059,3164182,713705,710847,78812,789659,7966
2023-03-10,Placer,061,380077,81356,81163,10340,91503,682
2023-03-10,Plumas,063,18699,3838,3830,461,4291,15
2023-03-10,Riverside,065,2383286,736616,734898,41752,776650,6853
2023-03-10,Sacramento,067,1510023,372624,371378,38342,409720,3530
2023-03-10,San Benito,069,59416,17678,17658,1140,18798,117
2023-03-10,San Bernardino,071,2135413,711712,709951,34721,744672,8170
2023-03-10,San Diego,073,3302833,987518,986445,81382,1067827,5799
2023-03-10,San Francisco,075,870044,197107,196540,13418,209958,1178
2023-03-10,San Joaquin,077,732212,210526,210181,16990,227171,2421
2023-03-10,San Luis Obispo,079,281455,66603,66519,8163,74682,561
2023-03-10,San Mateo,081,765935,184074,183227,11222,194449,751
2023-03-10,Santa Barbara,083,443738,112404,112255,7768,120023,763
2023-03-10,Santa Clara,085,1922200,477802,475754,21427,497181,2727
2023-03-10,Santa Cruz,087,273765,68620,68493,3995,72488,276
2023-03-10,Shasta,089,179085,36559,36485,8350,44835,607
2023-03-10,Sierra,091,2930,312,311,61,372,5
2023-03-10,Siskiyou,093,43540,5472,5467,3444,8911,96
2023-03-10,Solano,095,438530,114248,114105,8698,122803,482
2023-03-10,Sonoma,097,501317,113953,113762,5814,119576,556
2023-03-10,Stanislaus,099,539301,145495,145296,23179,168475,1845
2023-03-10,Sutter,101,95872,25780,25768,2544,28312,241
2023-03-10,Tehama,103,63373,14485,14471,3427,17898,234
2023-03-10,Trinity,105,12862,1475,1476,506,1982,24
2023-03-10,Tulare,107,460477,128726,128533,40713,169246,1578
2023-03-10,Tuolumne,109,53932,16958,16918,1014,17932,203
2023-03-10,Ventura,111,848112,221330,221062,18182,239244,1678
2023-03-10,Yolo,113,214977,50180,50100,4952,55052,443
2023-03-10,Yuba,115,75493,20079,20055,1889,21944,135
2023-03-09,Alameda,001,1643700,380890,379541,22645,402186,2192
2023-03-09,Alpine,002,1148,139,139,4,143,0
2023-03-09,Amador,005,37829,10591,10582,974,11556,99
2023-03-09,Butte,007,227075,41770,41706,10291,51997,487
2023-03-09,Calaveras,009,45235,9024,9009,644,9653,140
2023-03-09,Colusa,011,21464,4001,3995,1376,5371,22
2023-03-09,Contra Costa,013,1133247,273907,273314,22449,295763,1559
2023-03-09,Del Norte,015,27424,7940,7937,476,8413,60
2023-03-09,El Dorado,017,186661,34641,34622,4570,39192,245
2023-03-09,Fresno,019,978130,295223,294640,35085,329725,3001
2023-03-09,Glenn,021,27897,5797,5791,2019,7810,58
2023-03-09,Humboldt,023,135768,23407,23392,5933,29325,170
2023-03-09,Imperial,025,180216,70351,70108,19087,89195,978
2023-03-09,Inyo,027,18085,4770,4768,1314,6082,63
2023-03-09,Kern,029,883053,230878,230141,73592,303733,2481
2023-03-09,Kings,031,150075,62949,62890,4498,67388,481
2023-03-09,Lake,033,64148,13670,13661,1283,14944,157
2023-03-09,Lassen,035,31185,10265,10255,1065,11320,66
2023-03-09,Los Angeles,037,10098052,3498346,3492824,220217,3713041,35545
2023-03-09,Madera,039,155013,46391,46322,8912,55234,378
2023-03-09,Marin,041,260295,49310,49217,5716,54933,317
2023-03-09,Mariposa,043,17540,3362,3360,359,3719,33
2023-03-09,Mendocino,045,87422,16917,16909,4836,21745,143
2023-03-09,Merced,047,269075,77162,76684,12880,89564,903
2023-03-09,Modoc,049,8938,958,956,375,1331,11
2023-03-09,Mono,051,14174,3332,3331,302,3633,8
2023-03-09,Monterey,053,433212,98388,98282,24301,122583,804
2023-03-09,Napa,055,140530,34506,34458,1532,35990,170
2023-03-09,Nevada,057,99092,20194,20173,2335,22508,133
2023-03-09,Orange,059,3164182,713580,710847,78767,789614,7966
2023-03-09,Placer,061,380077,81339,81163,10338,91501,682
2023-03-09,Plumas,063,18699,3835,3830,461,4291,15
2023-03-09,Riverside,065,2383286,736506,734898,41727,776625,6853
2023-03-09,Sacramento,067,1510023,372532,371378,38325,409703,3530
2023-03-09,San Benito,069,59416,17676,17658,1140,18798,117
2023-03-09,San Bernardino,071,2135413,711617,709951,34711,744662,8170
2023-03-09,San Diego,073,3302833,987328,986445,81353,1067798,5799
2023-03-09,San Francisco,075,870044,197015,196540,13413,209953,1178
2023-03-09,San Joaquin,077,732212,210469,210181,16988,227169,2421
2023-03-09,San Luis Obispo,079,281455,66594,66519,8162,74681,561
2023-03-09,San Mateo,081,765935,184024,183227,11218,194445,751
2023-03-09,Santa Barbara,083,443738,112388,112255,7763,120018,763
2023-03-09,Santa Clara,085,1922200,477662,475754,21418,497172,2727
2023-03-09,Santa Cruz,087,273765,68609,68493,3994,72487,276
2023-03-09,Shasta,089,179085,36554,36485,8349,44834,607
2023-03-09,Sierra,091,2930,312,311,61,372,5
2023-03-09,Siskiyou,093,43540,5471,5467,3444,8911,96
2023-03-09,Solano,095,438530,114215,114105,8697,122802,482
2023-03-09,Sonoma,097,501317,113923,113762,5814,119576,556
2023-03-09,Stanislaus,099,539301,145458,145296,23174,168470,1845
2023-03-09,Sutter,101,95872,25777,25768,2543,28311,241
2023-03-09,Tehama,103,63373,14482,14471,3423,17894,234
2023-03-09,Trinity,105,12862,1475,1476,506,1982,24
2023-03-09,Tulare,107,460477,128706,128533,40695,169228,1578
2023-03-09,Tuolumne,109,53932,16955,16918,1014,17932,203
2023-03-09,Ventura,111,848112,221299,221062,18179,239241,1678
2023-03-09,Yolo,113,214977,50169,50100,4947,55047,443
2023-03-09,Yuba,115,75493,20078,20055,1888,21943,135
2023-03-08,Alameda,001,1643700,380753,379541,22631,402172,2192
2023-03-08,Alpine,002,1148,139,139,4,143,0
2023-03-08,Amador,005,37829,10588,10582,974,11556,99
2023-03-08,Butte,007,227075,41763,41706,10288,51994,487
2023-03-08,Calaveras,009,45235,9023,9009,644,9653,140
2023-03-08,Colusa,011,21464,4000,3995,1375,5370,22
2023-03-08,Contra Costa,013,1133247,273808,273314,22445,295759,1559
2023-03-08,Del Norte,015,27424,7939,7937,476,8413,60
2023-03-08,El Dorado,017,186661,34635,34622,4566,39188,245
2023-03-08,Fresno,019,978130,295165,294640,35072,329712,3001
2023-03-08,Glenn,021,27897,5795,5791,2019,7810,58
2023-03-08,Humboldt,023,135768,23399,23392,5932,29324,170
2023-03-08,Imperial,025,180216,70317,70108,19077,89185,978
2023-03-08,Inyo,027,18085,4770,4768,1314,6082,63
2023-03-08,Kern,029,883053,230830,230141,73560,303701,2481
2023-03-08,Kings,031,150075,62941,62890,4497,67387,481
2023-03-08,Lake,033,64148,13670,13661,1283,14944,157
2023-03-08,Lassen,035,31185,10264,10255,1065,11320,66
2023-03-08,Los Angeles,037,10098052,3497703,3492824,220122,3712946,35545
2023-03-08,Madera,039,155013,46384,46322,8910,55232,378
2023-03-08,Marin,041,260295,49293,49217,5715,54932,317
2023-03-08,Mariposa,043,17540,3361,3360,359,3719,33
2023-03-08,Mendocino,045,87422,16915,16909,4835,21744,143
2023-03-08,Merced,047,269075,77145,76684,12877,89561,903
2023-03-08,Modoc,049,8938,958,956,375,1331,11
2023-03-08,Mono,051,14174,3331,3331,302,3633,8
2023-03-08,Monterey,053,433212,98379,98282,24283,122565,804
2023-03-08,Napa,055,140530,34499,34458,1532,35990,170
2023-03-08,Nevada,057,99092,20192,20173,2334,22507,133
2023-03-08,Orange,059,3164182,713423,710847,78723,789570,7966
2023-03-08,Placer,061,380077,81303,81163,10336,91499,682
2023-03-08,Plumas,063,18699,3835,3830,461,4291,15
2023-03-08,Riverside,065,2383286,736372,734898,41695,776593,6853
2023-03-08,Sacramento,067,1510023,372410,371378,38316,409694,3530
2023-03-08,San Benito,069,59416,17674,17658,1140,18798,117
2023-03-08,San Bernardino,071,2135413,711526,709951,34705,744656,8170
2023-03-08,San Diego,073,3302833,987143,986445,81310,1067755,5799
2023-03-08,San Francisco,075,870044,196942,196540,13413,209953,1178
2023-03-08,San Joaquin,077,732212,210417,210181,16984,227165,2421
2023-03-08,San Luis Obispo,079,281455,66578,66519,8162,74681,561
2023-03-08,San Mateo,081,765935,183963,183227,11214,194441,751
2023-03-08,Santa Barbara,083,443738,112361,112255,7756,120011,763
2023-03-08,Santa Clara,085,1922200,477476,475754,21412,497166,2727
2023-03-08,Santa Cruz,087,273765,68593,68493,3989,72482,276
2023-03-08,Shasta,089,179085,36546,36485,8345,44830,607
2023-03-08,Sierra,091,2930,312,311,61,372,5
2023-03-08,Siskiyou,093,43540,5470,5467,3444,8911,96
2023-03-08,Solano,095,438530,114186,114105,8691,122796,482
2023-03-08,Sonoma,097,501317,113895,113762,5813,119575,556
2023-03-08,Stanislaus,099,539301,145425,145296,23172,168468,1845
2023-03-08,Sutter,101,95872,25773,25768,2543,28311,241
2023-03-08,Tehama,103,63373,14477,14471,3422,17893,234
2023-03-08,Trinity,105,12862,1475,1476,506,1982,24
2023-03-08,Tulare,107,460477,128686,128533,40665,169198,1578
2023-03-08,Tuolumne,109,53932,16955,16918,1014,17932,203
2023-03-08,Ventura,111,848112,221262,221062,18176,239238,1678
2023-03-08,Yolo,113,214977,50155,50100,4944,55044,443
2023-03-08,Yuba,115,75493,20074,20055,1884,21939,135
2023-03-07,Alameda,001,1643700,380611,379541,22607,402148,2192
2023-03-07,Alpine,002,1148,139,139,4,143,0
2023-03-07,Amador,005,37829,10587,10582,974,11556,99
2023-03-07,Butte,007,227075,41755,41706,10283,51989,487
2023-03-07,Calaveras,009,45235,9023,9009,644,9653,140
2023-03-07,Colusa,011,21464,4000,3995,1374,5369,22
2023-03-07,Contra Costa,013,1133247,273707,273314,22444,295758,1559
2023-03-07,Del Norte,015,27424,7937,7937,476,8413,60
2023-03-07,El Dorado,017,186661,34630,34622,4565,39187,245
2023-03-07,Fresno,019,978130,295111,294640,35057,329697,3001
2023-03-07,Glenn,021,27897,5795,5791,2019,7810,58
2023-03-07,Humboldt,023,135768,23397,23392,5931,29323,170
2023-03-07,Imperial,025,180216,70276,70108,19063,89171,978
2023-03-07,Inyo,027,18085,4770,4768,1312,6080,63
2023-03-07,Kern,029,883053,230787,230141,73521,303662,2481
2023-03-07,Kings,031,150075,62930,62890,4493,67383,481
2023-03-07,Lake,033,64148,13669,13661,1283,14944,157
2023-03-07,Lassen,035,31185,10264,10255,1065,11320,66
2023-03-07,Los Angeles,037,10098052,3497068,3492824,220016,3712840,35545
2023-03-07,Madera,039,155013,46375,46322,8909,55231,378
2023-03-07,Marin,041,260295,49283,49217,5714,54931,317
2023-03-07,Mariposa,043,17540,3361,3360,359,3719,33
2023-03-07,Mendocino,045,87422,16913,16909,4835,21744,143
2023-03-07,Merced,047,269075,77129,76684,12875,89559,903
2023-03-07,Modoc,049,8938,958,956,375,1331,11
2023-03-07,Mono,051,14174,3331,3331,302,3633,8
2023-03-07,Monterey,053,433212,98366,98282,24270,122552,804
2023-03-07,Napa,055,140530,34489,34458,1532,35990,170
2023-03-07,Nevada,057,99092,20186,20173,2330,22503,133
2023-03-07,Orange,059,3164182,713269,710847,78666,789513,7966
2023-03-07,Placer,061,380077,81277,81163,10333,91496,682
2023-03-07,Plumas,063,18699,3833,3830,461,4291,15
2023-03-07,Riverside,065,2383286,736216,734898,41671,776569,6853
2023-03-07,Sacramento,067,1510023,372298,371378,38289,409667,3530
2023-03-07,San Benito,069,59416,17671,17658,1139,18797,117
2023-03-07,San Bernardino,071,2135413,711413,709951,34694,744645,8170
2023-03-07,San Diego,073,3302833,986925,986445,81282,1067727,5799
2023-03-07,San Francisco,075,870044,196855,196540,13405,209945,1178
2023-03-07,San Joaquin,077,732212,210367,210181,16977,227158,2421
2023-03-07,San Luis Obispo,079,281455,66568,66519,8159,74678,561
2023-03-07,San Mateo,081,765935,183901,183227,11207,194434,751
2023-03-07,Santa Barbara,083,443738,112335,112255,7755,120010,763
2023-03-07,Santa Clara,085,1922200,477303,475754,21393,497147,2727
2023-03-07,Santa Cruz,087,273765,68586,68493,3985,72478,276
2023-03-07,Shasta,089,179085,36545,36485,8342,44827,607
2023-03-07,Sierra,091,2930,312,311,61,372,5
2023-03-07,Siskiyou,093,43540,5469,5467,3444,8911,96
2023-03-07,Solano,095,438530,114153,114105,8683,122788,482
2023-03-07,Sonoma,097,501317,113868,113762,5813,119575,556
2023-03-07,Stanislaus,099,539301,145399,145296,23165,168461,1845
2023-03-07,Sutter,101,95872,25764,25768,2543,28311,241
2023-03-07,Tehama,103,63373,14477,14471,3421,17892,234
2023-03-07,Trinity,105,12862,1475,1476,506,1982,24
2023-03-07,Tulare,107,460477,128656,128533,40656,169189,1578
2023-03-07,Tuolumne,109,53932,16953,16918,1014,17932,203
2023-03-07,Ventura,111,848112,221219,221062,18172,239234,1678
2023-03-07,Yolo,113,214977,50141,50100,4942,55042,443
2023-03-07,Yuba,115,75493,20069,20055,1884,21939,135
2023-03-06,Alameda,001,1643700,380472,378544,22594,401138,2184
2023-03-06,Alpine,002,1148,139,139,4,143,0
2023-03-06,Amador,005,37829,10584,10569,974,11543,99
2023-03-06,Butte,007,227075,41743,41655,10280,51935,487
2023-03-06,Calaveras,009,45235,9016,8993,644,9637,140
2023-03-06,Colusa,011,21464,3999,3984,1374,5358,22
2023-03-06,Contra Costa,013,1133247,273615,272604,22432,295036,1556
2023-03-06,Del Norte,015,27424,7937,7930,476,8406,60
2023-03-06,El Dorado,017,186661,34621,34553,4565,39118,244
2023-03-06,Fresno,019,978130,295041,294108,35036,329144,2994
2023-03-06,Glenn,021,27897,5794,5788,2018,7806,58
2023-03-06,Humboldt,023,135768,23395,23359,5931,29290,169
2023-03-06,Imperial,025,180216,70237,69938,19048,88986,975
2023-03-06,Inyo,027,18085,4770,4763,1312,6075,63
2023-03-06,Kern,029,883053,230738,229772,73473,303245,2476
2023-03-06,Kings,031,150075,62916,62825,4493,67318,481
2023-03-06,Lake,033,64148,13665,13639,1283,14922,155
2023-03-06,Lassen,035,31185,10263,10250,1065,11315,66
2023-03-06,Los Angeles,037,10098052,3496480,3487619,219883,3707502,35453
2023-03-06,Madera,039,155013,46367,46225,8906,55131,378
2023-03-06,Marin,041,260295,49268,49072,5711,54783,317
2023-03-06,Mariposa,043,17540,3360,3360,359,3719,33
2023-03-06,Mendocino,045,87422,16910,16880,4835,21715,143
2023-03-06,Merced,047,269075,77111,76442,12871,89313,903
2023-03-06,Modoc,049,8938,957,955,374,1329,11
2023-03-06,Mono,051,14174,3331,3326,302,3628,8
2023-03-06,Monterey,053,433212,98357,98109,24244,122353,800
2023-03-06,Napa,055,140530,34482,34402,1532,35934,170
2023-03-06,Nevada,057,99092,20184,20146,2329,22475,133
2023-03-06,Orange,059,3164182,713132,709802,78615,788417,7943
2023-03-06,Placer,061,380077,81251,80996,10328,91324,682
2023-03-06,Plumas,063,18699,3833,3830,461,4291,15
2023-03-06,Riverside,065,2383286,736054,734008,41640,775648,6842
2023-03-06,Sacramento,067,1510023,372183,370439,38266,408705,3534
2023-03-06,San Benito,069,59416,17668,17637,1139,18776,116
2023-03-06,San Bernardino,071,2135413,711288,709085,34681,743766,8170
2023-03-06,San Diego,073,3302833,986691,985023,81243,1066266,5785
2023-03-06,San Francisco,075,870044,196752,195947,13395,209342,1174
2023-03-06,San Joaquin,077,732212,210302,209753,16971,226724,2420
2023-03-06,San Luis Obispo,079,281455,66559,66407,8157,74564,561
2023-03-06,San Mateo,081,765935,183843,182769,11203,193972,750
2023-03-06,Santa Barbara,083,443738,112312,112122,7755,119877,761
2023-03-06,Santa Clara,085,1922200,477134,474566,21372,495938,2715
2023-03-06,Santa Cruz,087,273765,68572,68315,3983,72298,276
2023-03-06,Shasta,089,179085,36539,36444,8338,44782,607
2023-03-06,Sierra,091,2930,312,311,61,372,5
2023-03-06,Siskiyou,093,43540,5469,5462,3444,8906,95
2023-03-06,Solano,095,438530,114110,113771,8680,122451,482
2023-03-06,Sonoma,097,501317,113831,113535,5813,119348,554
2023-03-06,Stanislaus,099,539301,145357,145047,23153,168200,1845
2023-03-06,Sutter,101,95872,25763,25728,2543,28271,238
2023-03-06,Tehama,103,63373,14475,14454,3419,17873,222
2023-03-06,Trinity,105,12862,1475,1474,506,1980,24
2023-03-06,Tulare,107,460477,128622,128286,40638,168924,1577
2023-03-06,Tuolumne,109,53932,16944,16875,1014,17889,203
2023-03-06,Ventura,111,848112,221170,220793,18171,238964,1673
2023-03-06,Yolo,113,214977,50131,50031,4939,54970,443
2023-03-06,Yuba,115,75493,20063,20015,1883,21898,134
2023-03-05,Alameda,001,1643700,380315,378544,22577,401121,2184
2023-03-05,Alpine,002,1148,139,139,4,143,0
2023-03-05,Amador,005,37829,10578,10569,974,11543,99
2023-03-05,Butte,007,227075,41738,41655,10278,51933,487
2023-03-05,Calaveras,009,45235,9012,8993,644,9637,140
2023-03-05,Colusa,011,21464,3995,3984,1371,5355,22
2023-03-05,Contra Costa,013,1133247,273496,272604,22427,295031,1556
2023-03-05,Del Norte,015,27424,7937,7930,475,8405,60
2023-03-05,El Dorado,017,186661,34608,34553,4564,39117,244
2023-03-05,Fresno,019,978130,294965,294108,35017,329125,2994
2023-03-05,Glenn,021,27897,5792,5788,2018,7806,58
2023-03-05,Humboldt,023,135768,23389,23359,5930,29289,169
2023-03-05,Imperial,025,180216,70194,69938,19029,88967,975
2023-03-05,Inyo,027,18085,4769,4763,1312,6075,63
2023-03-05,Kern,029,883053,230690,229772,73427,303199,2476
2023-03-05,Kings,031,150075,62899,62825,4492,67317,481
2023-03-05,Lake,033,64148,13663,13639,1283,14922,155
2023-03-05,Lassen,035,31185,10262,10250,1065,11315,66
2023-03-05,Los Angeles,037,10098052,3495716,3487619,219742,3707361,35453
2023-03-05,Madera,039,155013,46358,46225,8905,55130,378
2023-03-05,Marin,041,260295,49242,49072,5710,54782,317
2023-03-05,Mariposa,043,17540,3360,3360,359,3719,33
2023-03-05,Mendocino,045,87422,16908,16880,4835,21715,143
2023-03-05,Merced,047,269075,77087,76442,12864,89306,903
2023-03-05,Modoc,049,8938,957,955,374,1329,11
2023-03-05,Mono,051,14174,3330,3326,302,3628,8
2023-03-05,Monterey,053,433212,98330,98109,24223,122332,800
2023-03-05,Napa,055,140530,34471,34402,1532,35934,170
2023-03-05,Nevada,057,99092,20180,20146,2326,22472,133
2023-03-05,Orange,059,3164182,712963,709802,78569,788371,7943
2023-03-05,Placer,061,380077,81219,80996,10323,91319,682
2023-03-05,Plumas,063,18699,3833,3830,461,4291,15
2023-03-05,Riverside,065,2383286,735902,734008,41615,775623,6842
2023-03-05,Sacramento,067,1510023,372025,370439,38239,408678,3534
2023-03-05,San Benito,069,59416,17667,17637,1139,18776,116
2023-03-05,San Bernardino,071,2135413,711170,709085,34665,743750,8170
2023-03-05,San Diego,073,3302833,986429,985023,81199,1066222,5785
2023-03-05,San Francisco,075,870044,196653,195947,13386,209333,1174
2023-03-05,San Joaquin,077,732212,210221,209753,16963,226716,2420
2023-03-05,San Luis Obispo,079,281455,66535,66407,8156,74563,561
2023-03-05,San Mateo,081,765935,183767,182769,11199,193968,750
2023-03-05,Santa Barbara,083,443738,112281,112122,7748,119870,761
2023-03-05,Santa Clara,085,1922200,476945,474566,21346,495912,2715
2023-03-05,Santa Cruz,087,273765,68536,68315,3982,72297,276
2023-03-05,Shasta,089,179085,36533,36444,8335,44779,607
2023-03-05,Sierra,091,2930,312,311,61,372,5
2023-03-05,Siskiyou,093,43540,5468,5462,3444,8906,95
2023-03-05,Solano,095,438530,114056,113771,8672,122443,482
2023-03-05,Sonoma,097,501317,113800,113535,5812,119347,554
2023-03-05,Stanislaus,099,539301,145315,145047,23142,168189,1845
2023-03-05,Sutter,101,95872,25761,25728,2543,28271,238
2023-03-05,Tehama,103,63373,14475,14454,3418,17872,222
2023-03-05,Trinity,105,12862,1475,1474,506,1980,24
2023-03-05,Tulare,107,460477,128586,128286,40625,168911,1577
2023-03-05,Tuolumne,109,53932,16943,16875,1013,17888,203
2023-03-05,Ventura,111,848112,221129,220793,18168,238961,1673
2023-03-05,Yolo,113,214977,50121,50031,4936,54967,443
2023-03-05,Yuba,115,75493,20059,20015,1883,21898,134
2023-03-04,Alameda,001,1643700,380232,378544,22566,401110,2184
2023-03-04,Alpine,002,1148,139,139,4,143,0
2023-03-04,Amador,005,37829,10577,10569,974,11543,99
2023-03-04,Butte,007,227075,41734,41655,10275,51930,487
2023-03-04,Calaveras,009,45235,9010,8993,644,9637,140
2023-03-04,Colusa,011,21464,3993,3984,1371,5355,22
2023-03-04,Contra Costa,013,1133247,273425,272604,22426,295030,1556
2023-03-04,Del Norte,015,27424,7937,7930,475,8405,60
2023-03-04,El Dorado,017,186661,34607,34553,4564,39117,244
2023-03-04,Fresno,019,978130,294937,294108,35012,329120,2994
2023-03-04,Glenn,021,27897,5792,5788,2018,7806,58
2023-03-04,Humboldt,023,135768,23388,23359,5930,29289,169
2023-03-04,Imperial,025,180216,70181,69938,19027,88965,975
2023-03-04,Inyo,027,18085,4769,4763,1312,6075,63
2023-03-04,Kern,029,883053,230670,229772,73393,303165,2476
2023-03-04,Kings,031,150075,62893,62825,4492,67317,481
2023-03-04,Lake,033,64148,13663,13639,1283,14922,155
2023-03-04,Lassen,035,31185,10262,10250,1065,11315,66
2023-03-04,Los Angeles,037,10098052,3495317,3487619,219654,3707273,35453
2023-03-04,Madera,039,155013,46354,46225,8904,55129,378
2023-03-04,Marin,041,260295,49224,49072,5710,54782,317
2023-03-04,Mariposa,043,17540,3360,3360,359,3719,33
2023-03-04,Mendocino,045,87422,16905,16880,4835,21715,143
2023-03-04,Merced,047,269075,77081,76442,12864,89306,903
2023-03-04,Modoc,049,8938,956,955,374,1329,11
2023-03-04,Mono,051,14174,3330,3326,302,3628,8
2023-03-04,Monterey,053,433212,98321,98109,24212,122321,800
2023-03-04,Napa,055,140530,34467,34402,1532,35934,170
2023-03-04,Nevada,057,99092,20180,20146,2325,22471,133
2023-03-04,Orange,059,3164182,712877,709802,78524,788326,7943
2023-03-04,Placer,061,380077,81200,80996,10319,91315,682
2023-03-04,Plumas,063,18699,3833,3830,461,4291,15
2023-03-04,Riverside,065,2383286,735818,734008,41595,775603,6842
2023-03-04,Sacramento,067,1510023,371933,370439,38218,408657,3534
2023-03-04,San Benito,069,59416,17667,17637,1139,18776,116
2023-03-04,San Bernardino,071,2135413,711087,709085,34660,743745,8170
2023-03-04,San Diego,073,3302833,986317,985023,81182,1066205,5785
2023-03-04,San Francisco,075,870044,196591,195947,13384,209331,1174
2023-03-04,San Joaquin,077,732212,210179,209753,16957,226710,2420
2023-03-04,San Luis Obispo,079,281455,66527,66407,8154,74561,561
2023-03-04,San Mateo,081,765935,183726,182769,11198,193967,750
2023-03-04,Santa Barbara,083,443738,112270,112122,7748,119870,761
2023-03-04,Santa Clara,085,1922200,476850,474566,21329,495895,2715
2023-03-04,Santa Cruz,087,273765,68531,68315,3981,72296,276
2023-03-04,Shasta,089,179085,36533,36444,8334,44778,607
2023-03-04,Sierra,091,2930,312,311,61,372,5
2023-03-04,Siskiyou,093,43540,5468,5462,3444,8906,95
2023-03-04,Solano,095,438530,114030,113771,8666,122437,482
2023-03-04,Sonoma,097,501317,113782,113535,5812,119347,554
2023-03-04,Stanislaus,099,539301,145288,145047,23137,168184,1845
2023-03-04,Sutter,101,95872,25759,25728,2543,28271,238
2023-03-04,Tehama,103,63373,14473,14454,3418,17872,222
2023-03-04,Trinity,105,12862,1475,1474,506,1980,24
2023-03-04,Tulare,107,460477,128565,128286,40607,168893,1577
2023-03-04,Tuolumne,109,53932,16938,16875,1013,17888,203
2023-03-04,Ventura,111,848112,221110,220793,18164,238957,1673
2023-03-04,Yolo,113,214977,50115,50031,4932,54963,443
2023-03-04,Yuba,115,75493,20058,20015,1881,21896,134
2023-03-03,Alameda,001,1643700,380139,378544,22552,401096,2184
2023-03-03,Alpine,002,1148,139,139,4,143,0
2023-03-03,Amador,005,37829,10577,10569,974,11543,99
2023-03-03,Butte,007,227075,41729,41655,10271,51926,487
2023-03-03,Calaveras,009,45235,9010,8993,644,9637,140
2023-03-03,Colusa,011,21464,3990,3984,1371,5355,22
2023-03-03,Contra Costa,013,1133247,273361,272604,22425,295029,1556
2023-03-03,Del Norte,015,27424,7936,7930,475,8405,60
2023-03-03,El Dorado,017,186661,34603,34553,4564,39117,244
2023-03-03,Fresno,019,978130,294893,294108,35003,329111,2994
2023-03-03,Glenn,021,27897,5792,5788,2018,7806,58
2023-03-03,Humboldt,023,135768,23386,23359,5930,29289,169
2023-03-03,Imperial,025,180216,70163,69938,19024,88962,975
2023-03-03,Inyo,027,18085,4769,4763,1312,6075,63
2023-03-03,Kern,029,883053,230633,229772,73364,303136,2476
2023-03-03,Kings,031,150075,62888,62825,4490,67315,481
2023-03-03,Lake,033,64148,13662,13639,1283,14922,155
2023-03-03,Lassen,035,31185,10261,10250,1065,11315,66
2023-03-03,Los Angeles,037,10098052,3494876,3487619,219587,3707206,35453
2023-03-03,Madera,039,155013,46344,46225,8904,55129,378
2023-03-03,Marin,041,260295,49209,49072,5708,54780,317
2023-03-03,Mariposa,043,17540,3360,3360,359,3719,33
2023-03-03,Mendocino,045,87422,16901,16880,4835,21715,143
2023-03-03,Merced,047,269075,77066,76442,12864,89306,903
2023-03-03,Modoc,049,8938,956,955,374,1329,11
2023-03-03,Mono,051,14174,3330,3326,302,3628,8
2023-03-03,Monterey,053,433212,98297,98109,24188,122297,800
2023-03-03,Napa,055,140530,34464,34402,1532,35934,170
2023-03-03,Nevada,057,99092,20179,20146,2325,22471,133
2023-03-03,Orange,059,3164182,712779,709802,78490,788292,7943
2023-03-03,Placer,061,380077,81179,80996,10318,91314,682
2023-03-03,Plumas,063,18699,3833,3830,461,4291,15
2023-03-03,Riverside,065,2383286,735720,734008,41575,775583,6842
2023-03-03,Sacramento,067,1510023,371865,370439,38205,408644,3534
2023-03-03,San Benito,069,59416,17666,17637,1139,18776,116
2023-03-03,San Bernardino,071,2135413,711000,709085,34657,743742,8170
2023-03-03,San Diego,073,3302833,986201,985023,81165,1066188,5785
2023-03-03,San Francisco,075,870044,196536,195947,13380,209327,1174
2023-03-03,San Joaquin,077,732212,210148,209753,16951,226704,2420
2023-03-03,San Luis Obispo,079,281455,66518,66407,8152,74559,561
2023-03-03,San Mateo,081,765935,183684,182769,11197,193966,750
2023-03-03,Santa Barbara,083,443738,112250,112122,7748,119870,761
2023-03-03,Santa Clara,085,1922200,476740,474566,21314,495880,2715
2023-03-03,Santa Cruz,087,273765,68514,68315,3981,72296,276
2023-03-03,Shasta,089,179085,36530,36444,8333,44777,607
2023-03-03,Sierra,091,2930,312,311,61,372,5
2023-03-03,Siskiyou,093,43540,5468,5462,3444,8906,95
2023-03-03,Solano,095,438530,114012,113771,8665,122436,482
2023-03-03,Sonoma,097,501317,113758,113535,5812,119347,554
2023-03-03,Stanislaus,099,539301,145260,145047,23136,168183,1845
2023-03-03,Sutter,101,95872,25755,25728,2543,28271,238
2023-03-03,Tehama,103,63373,14473,14454,3417,17871,222
2023-03-03,Trinity,105,12862,1475,1474,506,1980,24
2023-03-03,Tulare,107,460477,128540,128286,40597,168883,1577
2023-03-03,Tuolumne,109,53932,16936,16875,1013,17888,203
2023-03-03,Ventura,111,848112,221085,220793,18162,238955,1673
2023-03-03,Yolo,113,214977,50111,50031,4931,54962,443
2023-03-03,Yuba,115,75493,20053,20015,1881,21896,134
2023-03-02,Alameda,001,1643700,380000,378544,22533,401077,2184
2023-03-02,Alpine,002,1148,139,139,4,143,0
2023-03-02,Amador,005,37829,10576,10569,974,11543,99
2023-03-02,Butte,007,227075,41724,41655,10269,51924,487
2023-03-02,Calaveras,009,45235,9004,8993,644,9637,140
2023-03-02,Colusa,011,21464,3990,3984,1365,5349,22
2023-03-02,Contra Costa,013,1133247,273232,272604,22424,295028,1556
2023-03-02,Del Norte,015,27424,7936,7930,475,8405,60
2023-03-02,El Dorado,017,186661,34595,34553,4564,39117,244
2023-03-02,Fresno,019,978130,294838,294108,34991,329099,2994
2023-03-02,Glenn,021,27897,5792,5788,2018,7806,58
2023-03-02,Humboldt,023,135768,23383,23359,5930,29289,169
2023-03-02,Imperial,025,180216,70142,69938,19018,88956,975
2023-03-02,Inyo,027,18085,4769,4763,1312,6075,63
2023-03-02,Kern,029,883053,230587,229772,73323,303095,2476
2023-03-02,Kings,031,150075,62874,62825,4488,67313,481
2023-03-02,Lake,033,64148,13658,13639,1283,14922,155
2023-03-02,Lassen,035,31185,10260,10250,1065,11315,66
2023-03-02,Los Angeles,037,10098052,3494273,3487619,219488,3707107,35453
2023-03-02,Madera,039,155013,46329,46225,8904,55129,378
2023-03-02,Marin,041,260295,49193,49072,5707,54779,317
2023-03-02,Mariposa,043,17540,3360,3360,359,3719,33
2023-03-02,Mendocino,045,87422,16897,16880,4835,21715,143
2023-03-02,Merced,047,269075,77029,76442,12858,89300,903
2023-03-02,Modoc,049,8938,956,955,374,1329,11
2023-03-02,Mono,051,14174,3329,3326,302,3628,8
2023-03-02,Monterey,053,433212,98282,98109,24167,122276,800
2023-03-02,Napa,055,140530,34453,34402,1532,35934,170
2023-03-02,Nevada,057,99092,20174,20146,2325,22471,133
2023-03-02,Orange,059,3164182,712651,709802,78440,788242,7943
2023-03-02,Placer,061,380077,81158,80996,10316,91312,682
2023-03-02,Plumas,063,18699,3833,3830,461,4291,15
2023-03-02,Riverside,065,2383286,735587,734008,41556,775564,6842
2023-03-02,Sacramento,067,1510023,371755,370439,38181,408620,3534
2023-03-02,San Benito,069,59416,17664,17637,1139,18776,116
2023-03-02,San Bernardino,071,2135413,710895,709085,34650,743735,8170
2023-03-02,San Diego,073,3302833,985982,985023,81131,1066154,5785
2023-03-02,San Francisco,075,870044,196437,195947,13369,209316,1174
2023-03-02,San Joaquin,077,732212,210102,209753,16943,226696,2420
2023-03-02,San Luis Obispo,079,281455,66510,66407,8150,74557,561
2023-03-02,San Mateo,081,765935,183622,182769,11191,193960,750
2023-03-02,Santa Barbara,083,443738,112234,112122,7744,119866,761
2023-03-02,Santa Clara,085,1922200,476590,474566,21297,495863,2715
2023-03-02,Santa Cruz,087,273765,68504,68315,3978,72293,276
2023-03-02,Shasta,089,179085,36525,36444,8330,44774,607
2023-03-02,Sierra,091,2930,312,311,61,372,5
2023-03-02,Siskiyou,093,43540,5466,5462,3444,8906,95
2023-03-02,Solano,095,438530,113966,113771,8664,122435,482
2023-03-02,Sonoma,097,501317,113719,113535,5811,119346,554
2023-03-02,Stanislaus,099,539301,145229,145047,23134,168181,1845
2023-03-02,Sutter,101,95872,25750,25728,2542,28270,238
2023-03-02,Tehama,103,63373,14470,14454,3415,17869,222
2023-03-02,Trinity,105,12862,1475,1474,505,1979,24
2023-03-02,Tulare,107,460477,128511,128286,40579,168865,1577
2023-03-02,Tuolumne,109,53932,16933,16875,1013,17888,203
2023-03-02,Ventura,111,848112,221050,220793,18154,238947,1673
2023-03-02,Yolo,113,214977,50100,50031,4925,54956,443
2023-03-02,Yuba,115,75493,20048,20015,1881,21896,134
2023-03-01,Alameda,001,1643700,379870,378544,22522,401066,2184
2023-03-01,Alpine,002,1148,139,139,4,143,0
2023-03-01,Amador,005,37829,10574,10569,974,11543,99
2023-03-01,Butte,007,227075,41719,41655,10267,51922,487
2023-03-01,Calaveras,009,45235,9002,8993,644,9637,140
2023-03-01,Colusa,011,21464,3989,3984,1360,5344,22
2023-03-01,Contra Costa,013,1133247,273150,272604,22417,295021,1556
2023-03-01,Del Norte,015,27424,7936,7930,475,8405,60
2023-03-01,El Dorado,017,186661,34583,34553,4561,39114,244
2023-03-01,Fresno,019,978130,294782,294108,34986,329094,2994
2023-03-01,Glenn,021,27897,5791,5788,2017,7805,58
2023-03-01,Humboldt,023,135768,23382,23359,5929,29288,169
2023-03-01,Imperial,025,180216,70120,69938,19006,88944,975
2023-03-01,Inyo,027,18085,4768,4763,1312,6075,63
2023-03-01,Kern,029,883053,230537,229772,73302,303074,2476
2023-03-01,Kings,031,150075,62866,62825,4488,67313,481
2023-03-01,Lake,033,64148,13653,13639,1283,14922,155
2023-03-01,Lassen,035,31185,10259,10250,1065,11315,66
2023-03-01,Los Angeles,037,10098052,3493479,3487619,219365,3706984,35453
2023-03-01,Madera,039,155013,46310,46225,8902,55127,378
2023-03-01,Marin,041,260295,49171,49072,5707,54779,317
2023-03-01,Mariposa,043,17540,3360,3360,359,3719,33
2023-03-01,Mendocino,045,87422,16893,16880,4835,21715,143
2023-03-01,Merced,047,269075,77011,76442,12857,89299,903
2023-03-01,Modoc,049,8938,956,955,374,1329,11
2023-03-01,Mono,051,14174,3326,3326,302,3628,8
2023-03-01,Monterey,053,433212,98255,98109,24147,122256,800
2023-03-01,Napa,055,140530,34447,34402,1532,35934,170
2023-03-01,Nevada,057,99092,20167,20146,2321,22467,133
2023-03-01,Orange,059,3164182,712498,709802,78391,788193,7943
2023-03-01,Placer,061,380077,81121,80996,10315,91311,682
2023-03-01,Plumas,063,18699,3832,3830,461,4291,15
2023-03-01,Riverside,065,2383286,735445,734008,41536,775544,6842
2023-03-01,Sacramento,067,1510023,371645,370439,38169,408608,3534
2023-03-01,San Benito,069,59416,17662,17637,1139,18776,116
2023-03-01,San Bernardino,071,2135413,710796,709085,34647,743732,8170
2023-03-01,San Diego,073,3302833,985768,985023,81101,1066124,5785
2023-03-01,San Francisco,075,870044,196356,195947,13364,209311,1174
2023-03-01,San Joaquin,077,732212,210026,209753,16937,226690,2420
2023-03-01,San Luis Obispo,079,281455,66497,66407,8149,74556,561
2023-03-01,San Mateo,081,765935,183554,182769,11189,193958,750
2023-03-01,Santa Barbara,083,443738,112213,112122,7744,119866,761
2023-03-01,Santa Clara,085,1922200,476437,474566,21276,495842,2715
2023-03-01,Santa Cruz,087,273765,68479,68315,3973,72288,276
2023-03-01,Shasta,089,179085,36523,36444,8329,44773,607
2023-03-01,Sierra,091,2930,312,311,61,372,5
2023-03-01,Siskiyou,093,43540,5464,5462,3444,8906,95
2023-03-01,Solano,095,438530,113929,113771,8661,122432,482
2023-03-01,Sonoma,097,501317,113690,113535,5808,119343,554
2023-03-01,Stanislaus,099,539301,145191,145047,23124,168171,1845
2023-03-01,Sutter,101,95872,25747,25728,2542,28270,238
2023-03-01,Tehama,103,63373,14465,14454,3413,17867,222
2023-03-01,Trinity,105,12862,1475,1474,505,1979,24
2023-03-01,Tulare,107,460477,128486,128286,40562,168848,1577
2023-03-01,Tuolumne,109,53932,16931,16875,1012,17887,203
2023-03-01,Ventura,111,848112,221004,220793,18149,238942,1673
2023-03-01,Yolo,113,214977,50094,50031,4922,54953,443
2023-03-01,Yuba,115,75493,20045,20015,1881,21896,134
2023-02-28,Alameda,001,1643700,379696,378544,22486,401030,2184
2023-02-28,Alpine,002,1148,139,139,4,143,0
2023-02-28,Amador,005,37829,10571,10569,973,11542,99
2023-02-28,Butte,007,227075,41715,41655,10262,51917,487
2023-02-28,Calaveras,009,45235,8999,8993,643,9636,140
2023-02-28,Colusa,011,21464,3987,3984,1359,5343,22
2023-02-28,Contra Costa,013,1133247,273016,272604,22413,295017,1556
2023-02-28,Del Norte,015,27424,7933,7930,475,8405,60
2023-02-28,El Dorado,017,186661,34576,34553,4558,39111,244
2023-02-28,Fresno,019,978130,294716,294108,34975,329083,2994
2023-02-28,Glenn,021,27897,5791,5788,2015,7803,58
2023-02-28,Humboldt,023,135768,23375,23359,5927,29286,169
2023-02-28,Imperial,025,180216,70099,69938,18991,88929,975
2023-02-28,Inyo,027,18085,4768,4763,1311,6074,63
2023-02-28,Kern,029,883053,230501,229772,73265,303037,2476
2023-02-28,Kings,031,150075,62858,62825,4487,67312,481
2023-02-28,Lake,033,64148,13648,13639,1283,14922,155
2023-02-28,Lassen,035,31185,10259,10250,1065,11315,66
2023-02-28,Los Angeles,037,10098052,3492769,3487619,219224,3706843,35453
2023-02-28,Madera,039,155013,46294,46225,8901,55126,378
2023-02-28,Marin,041,260295,49155,49072,5706,54778,317
2023-02-28,Mariposa,043,17540,3360,3360,359,3719,33
2023-02-28,Mendocino,045,87422,16888,16880,4835,21715,143
2023-02-28,Merced,047,269075,76991,76442,12855,89297,903
2023-02-28,Modoc,049,8938,956,955,374,1329,11
2023-02-28,Mono,051,14174,3326,3326,302,3628,8
2023-02-28,Monterey,053,433212,98232,98109,24123,122232,800
2023-02-28,Napa,055,140530,34436,34402,1531,35933,170
2023-02-28,Nevada,057,99092,20167,20146,2321,22467,133
2023-02-28,Orange,059,3164182,712336,709802,78358,788160,7943
2023-02-28,Placer,061,380077,81098,80996,10313,91309,682
2023-02-28,Plumas,063,18699,3832,3830,461,4291,15
2023-02-28,Riverside,065,2383286,735316,734008,41511,775519,6842
2023-02-28,Sacramento,067,1510023,371477,370439,38142,408581,3534
2023-02-28,San Benito,069,59416,17657,17637,1137,18774,116
2023-02-28,San Bernardino,071,2135413,710661,709085,34637,743722,8170
2023-02-28,San Diego,073,3302833,985551,985023,81069,1066092,5785
2023-02-28,San Francisco,075,870044,196257,195947,13358,209305,1174
2023-02-28,San Joaquin,077,732212,209976,209753,16933,226686,2420
2023-02-28,San Luis Obispo,079,281455,66483,66407,8144,74551,561
2023-02-28,San Mateo,081,765935,183492,182769,11183,193952,750
2023-02-28,Santa Barbara,083,443738,112184,112122,7742,119864,761
2023-02-28,Santa Clara,085,1922200,476240,474566,21260,495826,2715
2023-02-28,Santa Cruz,087,273765,68451,68315,3971,72286,276
2023-02-28,Shasta,089,179085,36520,36444,8325,44769,607
2023-02-28,Sierra,091,2930,312,311,61,372,5
2023-02-28,Siskiyou,093,43540,5464,5462,3444,8906,95
2023-02-28,Solano,095,438530,113891,113771,8657,122428,482
2023-02-28,Sonoma,097,501317,113661,113535,5807,119342,554
2023-02-28,Stanislaus,099,539301,145151,145047,23114,168161,1845
2023-02-28,Sutter,101,95872,25738,25728,2542,28270,238
2023-02-28,Tehama,103,63373,14465,14454,3411,17865,222
2023-02-28,Trinity,105,12862,1475,1474,505,1979,24
2023-02-28,Tulare,107,460477,128447,128286,40552,168838,1577
2023-02-28,Tuolumne,109,53932,16919,16875,1012,17887,203
2023-02-28,Ventura,111,848112,220969,220793,18143,238936,1673
2023-02-28,Yolo,113,214977,50083,50031,4920,54951,443
2023-02-28,Yuba,115,75493,20039,20015,1880,21895,134
2023-02-27,Alameda,001,1643700,379546,377332,22463,399795,2174
2023-02-27,Alpine,002,1148,139,139,4,143,0
2023-02-27,Amador,005,37829,10571,10541,973,11514,99
2023-02-27,Butte,007,227075,41707,41596,10261,51857,487
2023-02-27,Calaveras,009,45235,8997,8974,643,9617,140
2023-02-27,Colusa,011,21464,3986,3971,1357,5328,22
2023-02-27,Contra Costa,013,1133247,272916,271445,22398,293843,1552
2023-02-27,Del Norte,015,27424,7931,7920,475,8395,60
2023-02-27,El Dorado,017,186661,34569,34500,4557,39057,244
2023-02-27,Fresno,019,978130,294650,293597,34962,328559,2991
2023-02-27,Glenn,021,27897,5790,5782,2015,7797,58
2023-02-27,Humboldt,023,135768,23374,23339,5927,29266,169
2023-02-27,Imperial,025,180216,70067,69789,18979,88768,974
2023-02-27,Inyo,027,18085,4766,4758,1310,6068,63
2023-02-27,Kern,029,883053,230408,229379,73221,302600,2476
2023-02-27,Kings,031,150075,62851,62766,4484,67250,478
2023-02-27,Lake,033,64148,13646,13620,1283,14903,155
2023-02-27,Lassen,035,31185,10259,10248,1065,11313,67
2023-02-27,Los Angeles,037,10098052,3491878,3481382,219057,3700439,35366
2023-02-27,Madera,039,155013,46285,46164,8900,55064,378
2023-02-27,Marin,041,260295,49127,48920,5705,54625,317
2023-02-27,Mariposa,043,17540,3360,3352,359,3711,33
2023-02-27,Mendocino,045,87422,16884,16853,4835,21688,144
2023-02-27,Merced,047,269075,76964,76318,12850,89168,903
2023-02-27,Modoc,049,8938,956,954,374,1328,11
2023-02-27,Mono,051,14174,3326,3321,302,3623,8
2023-02-27,Monterey,053,433212,98212,97918,24091,122009,797
2023-02-27,Napa,055,140530,34430,34318,1531,35849,165
2023-02-27,Nevada,057,99092,20166,20125,2321,22446,133
2023-02-27,Orange,059,3164182,712140,708420,78310,786730,7914
2023-02-27,Placer,061,380077,81079,80815,10312,91127,682
2023-02-27,Plumas,063,18699,3832,3825,461,4286,15
2023-02-27,Riverside,065,2383286,735172,733001,41477,774478,6837
2023-02-27,Sacramento,067,1510023,371325,369563,38109,407672,3514
2023-02-27,San Benito,069,59416,17652,17599,1137,18736,116
2023-02-27,San Bernardino,071,2135413,710543,708208,34623,742831,8170
2023-02-27,San Diego,073,3302833,985282,983163,81028,1064191,5768
2023-02-27,San Francisco,075,870044,196153,195263,13354,208617,1168
2023-02-27,San Joaquin,077,732212,209921,209376,16920,226296,2417
2023-02-27,San Luis Obispo,079,281455,66467,66318,8140,74458,561
2023-02-27,San Mateo,081,765935,183418,182302,11180,193482,749
2023-02-27,Santa Barbara,083,443738,112163,111918,7741,119659,761
2023-02-27,Santa Clara,085,1922200,476051,473306,21238,494544,2699
2023-02-27,Santa Cruz,087,273765,68439,68187,3967,72154,276
2023-02-27,Shasta,089,179085,36515,36417,8325,44742,605
2023-02-27,Sierra,091,2930,312,311,61,372,5
2023-02-27,Siskiyou,093,43540,5463,5448,3443,8891,95
2023-02-27,Solano,095,438530,113854,113469,8654,122123,481
2023-02-27,Sonoma,097,501317,113622,113286,5806,119092,552
2023-02-27,Stanislaus,099,539301,145098,144793,23102,167895,1843
2023-02-27,Sutter,101,95872,25728,25688,2541,28229,238
2023-02-27,Tehama,103,63373,14463,14441,3411,17852,222
2023-02-27,Trinity,105,12862,1473,1472,505,1977,24
2023-02-27,Tulare,107,460477,128413,128042,40517,168559,1567
2023-02-27,Tuolumne,109,53932,16907,16833,1012,17845,203
2023-02-27,Ventura,111,848112,220918,220499,18138,238637,1665
2023-02-27,Yolo,113,214977,50067,49933,4918,54851,442
2023-02-27,Yuba,115,75493,20025,19981,1880,21861,134
2023-02-26,Alameda,001,1643700,379358,377332,22436,399768,2174
2023-02-26,Alpine,002,1148,139,139,4,143,0
2023-02-26,Amador,005,37829,10567,10541,973,11514,99
2023-02-26,Butte,007,227075,41700,41596,10259,51855,487
2023-02-26,Calaveras,009,45235,8995,8974,643,9617,140
2023-02-26,Colusa,011,21464,3985,3971,1347,5318,22
2023-02-26,Contra Costa,013,1133247,272811,271445,22386,293831,1552
2023-02-26,Del Norte,015,27424,7930,7920,475,8395,60
2023-02-26,El Dorado,017,186661,34557,34500,4553,39053,244
2023-02-26,Fresno,019,978130,294583,293597,34934,328531,2991
2023-02-26,Glenn,021,27897,5789,5782,2015,7797,58
2023-02-26,Humboldt,023,135768,23369,23339,5924,29263,169
2023-02-26,Imperial,025,180216,70035,69789,18967,88756,974
2023-02-26,Inyo,027,18085,4766,4758,1310,6068,63
2023-02-26,Kern,029,883053,230340,229379,73173,302552,2476
2023-02-26,Kings,031,150075,62839,62766,4480,67246,478
2023-02-26,Lake,033,64148,13643,13620,1283,14903,155
2023-02-26,Lassen,035,31185,10258,10248,1064,11312,67
2023-02-26,Los Angeles,037,10098052,3490965,3481382,218876,3700258,35366
2023-02-26,Madera,039,155013,46274,46164,8897,55061,378
2023-02-26,Marin,041,260295,49113,48920,5703,54623,317
2023-02-26,Mariposa,043,17540,3360,3352,359,3711,33
2023-02-26,Mendocino,045,87422,16883,16853,4832,21685,144
2023-02-26,Merced,047,269075,76942,76318,12842,89160,903
2023-02-26,Modoc,049,8938,956,954,374,1328,11
2023-02-26,Mono,051,14174,3326,3321,302,3623,8
2023-02-26,Monterey,053,433212,98193,97918,24062,121980,797
2023-02-26,Napa,055,140530,34417,34318,1530,35848,165
2023-02-26,Nevada,057,99092,20164,20125,2320,22445,133
2023-02-26,Orange,059,3164182,711967,708420,78237,786657,7914
2023-02-26,Placer,061,380077,81057,80815,10311,91126,682
2023-02-26,Plumas,063,18699,3832,3825,461,4286,15
2023-02-26,Riverside,065,2383286,735013,733001,41434,774435,6837
2023-02-26,Sacramento,067,1510023,371159,369563,38066,407629,3514
2023-02-26,San Benito,069,59416,17649,17599,1136,18735,116
2023-02-26,San Bernardino,071,2135413,710387,708208,34609,742817,8170
2023-02-26,San Diego,073,3302833,984975,983163,80979,1064142,5768
2023-02-26,San Francisco,075,870044,196056,195263,13350,208613,1168
2023-02-26,San Joaquin,077,732212,209827,209376,16904,226280,2417
2023-02-26,San Luis Obispo,079,281455,66445,66318,8131,74449,561
2023-02-26,San Mateo,081,765935,183334,182302,11175,193477,749
2023-02-26,Santa Barbara,083,443738,112138,111918,7738,119656,761
2023-02-26,Santa Clara,085,1922200,475832,473306,21228,494534,2699
2023-02-26,Santa Cruz,087,273765,68418,68187,3965,72152,276
2023-02-26,Shasta,089,179085,36509,36417,8321,44738,605
2023-02-26,Sierra,091,2930,312,311,61,372,5
2023-02-26,Siskiyou,093,43540,5463,5448,3443,8891,95
2023-02-26,Solano,095,438530,113799,113469,8648,122117,481
2023-02-26,Sonoma,097,501317,113584,113286,5802,119088,552
2023-02-26,Stanislaus,099,539301,145055,144793,23082,167875,1843
2023-02-26,Sutter,101,95872,25719,25688,2540,28228,238
2023-02-26,Tehama,103,63373,14461,14441,3410,17851,222
2023-02-26,Trinity,105,12862,1473,1472,505,1977,24
2023-02-26,Tulare,107,460477,128377,128042,40494,168536,1567
2023-02-26,Tuolumne,109,53932,16905,16833,1008,17841,203
2023-02-26,Ventura,111,848112,220881,220499,18132,238631,1665
2023-02-26,Yolo,113,214977,50044,49933,4913,54846,442
2023-02-26,Yuba,115,75493,20017,19981,1877,21858,134
2023-02-25,Alameda,001,1643700,379248,377332,22426,399758,2174
2023-02-25,Alpine,002,1148,139,139,4,143,0
2023-02-25,Amador,005,37829,10565,10541,973,11514,99
2023-02-25,Butte,007,227075,41699,41596,10256,51852,487
2023-02-25,Calaveras,009,45235,8994,8974,643,9617,140
2023-02-25,Colusa,011,21464,3981,3971,1346,5317,22
2023-02-25,Contra Costa,013,1133247,272733,271445,22382,293827,1552
2023-02-25,Del Norte,015,27424,7928,7920,473,8393,60
2023-02-25,El Dorado,017,186661,34551,34500,4552,39052,244
2023-02-25,Fresno,019,978130,294543,293597,34925,328522,2991
2023-02-25,Glenn,021,27897,5789,5782,2015,7797,58
2023-02-25,Humboldt,023,135768,23368,23339,5924,29263,169
2023-02-25,Imperial,025,180216,70015,69789,18965,88754,974
2023-02-25,Inyo,027,18085,4766,4758,1308,6066,63
2023-02-25,Kern,029,883053,230303,229379,73145,302524,2476
2023-02-25,Kings,031,150075,62833,62766,4478,67244,478
2023-02-25,Lake,033,64148,13643,13620,1283,14903,155
2023-02-25,Lassen,035,31185,10258,10248,1064,11312,67
2023-02-25,Los Angeles,037,10098052,3490476,3481382,218784,3700166,35366
2023-02-25,Madera,039,155013,46269,46164,8897,55061,378
2023-02-25,Marin,041,260295,49101,48920,5702,54622,317
2023-02-25,Mariposa,043,17540,3359,3352,359,3711,33
2023-02-25,Mendocino,045,87422,16880,16853,4832,21685,144
2023-02-25,Merced,047,269075,76927,76318,12833,89151,903
2023-02-25,Modoc,049,8938,956,954,374,1328,11
2023-02-25,Mono,051,14174,3325,3321,302,3623,8
2023-02-25,Monterey,053,433212,98173,97918,24046,121964,797
2023-02-25,Napa,055,140530,34411,34318,1529,35847,165
2023-02-25,Nevada,057,99092,20163,20125,2319,22444,133
2023-02-25,Orange,059,3164182,711861,708420,78192,786612,7914
2023-02-25,Placer,061,380077,81035,80815,10311,91126,682
2023-02-25,Plumas,063,18699,3832,3825,461,4286,15
2023-02-25,Riverside,065,2383286,734938,733001,41409,774410,6837
2023-02-25,Sacramento,067,1510023,371090,369563,38060,407623,3514
2023-02-25,San Benito,069,59416,17647,17599,1136,18735,116
2023-02-25,San Bernardino,071,2135413,710316,708208,34597,742805,8170
2023-02-25,San Diego,073,3302833,984822,983163,80961,1064124,5768
2023-02-25,San Francisco,075,870044,196003,195263,13348,208611,1168
2023-02-25,San Joaquin,077,732212,209782,209376,16894,226270,2417
2023-02-25,San Luis Obispo,079,281455,66438,66318,8128,74446,561
2023-02-25,San Mateo,081,765935,183294,182302,11171,193473,749
2023-02-25,Santa Barbara,083,443738,112118,111918,7736,119654,761
2023-02-25,Santa Clara,085,1922200,475667,473306,21219,494525,2699
2023-02-25,Santa Cruz,087,273765,68404,68187,3960,72147,276
2023-02-25,Shasta,089,179085,36505,36417,8318,44735,605
2023-02-25,Sierra,091,2930,312,311,61,372,5
2023-02-25,Siskiyou,093,43540,5463,5448,3443,8891,95
2023-02-25,Solano,095,438530,113777,113469,8645,122114,481
2023-02-25,Sonoma,097,501317,113561,113286,5802,119088,552
2023-02-25,Stanislaus,099,539301,145032,144793,23080,167873,1843
2023-02-25,Sutter,101,95872,25716,25688,2540,28228,238
2023-02-25,Tehama,103,63373,14460,14441,3409,17850,222
2023-02-25,Trinity,105,12862,1473,1472,505,1977,24
2023-02-25,Tulare,107,460477,128354,128042,40482,168524,1567
2023-02-25,Tuolumne,109,53932,16898,16833,1006,17839,203
2023-02-25,Ventura,111,848112,220857,220499,18129,238628,1665
2023-02-25,Yolo,113,214977,50036,49933,4912,54845,442
2023-02-25,Yuba,115,75493,20014,19981,1876,21857,134
2023-02-24,Alameda,001,1643700,379147,377332,22400,399732,2174
2023-02-24,Alpine,002,1148,139,139,4,143,0
2023-02-24,Amador,005,37829,10563,10541,972,11513,99
2023-02-24,Butte,007,227075,41694,41596,10253,51849,487
2023-02-24,Calaveras,009,45235,8991,8974,643,9617,140
2023-02-24,Colusa,011,21464,3981,3971,1346,5317,22
2023-02-24,Contra Costa,013,1133247,272659,271445,22379,293824,1552
2023-02-24,Del Norte,015,27424,7928,7920,473,8393,60
2023-02-24,El Dorado,017,186661,34545,34500,4549,39049,244
2023-02-24,Fresno,019,978130,294497,293597,34920,328517,2991
2023-02-24,Glenn,021,27897,5789,5782,2015,7797,58
2023-02-24,Humboldt,023,135768,23365,23339,5924,29263,169
2023-02-24,Imperial,025,180216,70006,69789,18957,88746,974
2023-02-24,Inyo,027,18085,4766,4758,1308,6066,63
2023-02-24,Kern,029,883053,230272,229379,73116,302495,2476
2023-02-24,Kings,031,150075,62827,62766,4478,67244,478
2023-02-24,Lake,033,64148,13641,13620,1283,14903,155
2023-02-24,Lassen,035,31185,10258,10248,1064,11312,67
2023-02-24,Los Angeles,037,10098052,3490028,3481382,218670,3700052,35366
2023-02-24,Madera,039,155013,46266,46164,8897,55061,378
2023-02-24,Marin,041,260295,49070,48920,5699,54619,317
2023-02-24,Mariposa,043,17540,3359,3352,359,3711,33
2023-02-24,Mendocino,045,87422,16878,16853,4832,21685,144
2023-02-24,Merced,047,269075,76910,76318,12830,89148,903
2023-02-24,Modoc,049,8938,956,954,374,1328,11
2023-02-24,Mono,051,14174,3325,3321,302,3623,8
2023-02-24,Monterey,053,433212,98148,97918,24023,121941,797
2023-02-24,Napa,055,140530,34402,34318,1529,35847,165
2023-02-24,Nevada,057,99092,20160,20125,2319,22444,133
2023-02-24,Orange,059,3164182,711755,708420,78153,786573,7914
2023-02-24,Placer,061,380077,81011,80815,10311,91126,682
2023-02-24,Plumas,063,18699,3831,3825,461,4286,15
2023-02-24,Riverside,065,2383286,734860,733001,41394,774395,6837
2023-02-24,Sacramento,067,1510023,371011,369563,38052,407615,3514
2023-02-24,San Benito,069,59416,17645,17599,1136,18735,116
2023-02-24,San Bernardino,071,2135413,710236,708208,34590,742798,8170
2023-02-24,San Diego,073,3302833,984669,983163,80931,1064094,5768
2023-02-24,San Francisco,075,870044,195934,195263,13344,208607,1168
2023-02-24,San Joaquin,077,732212,209745,209376,16887,226263,2417
2023-02-24,San Luis Obispo,079,281455,66431,66318,8127,74445,561
2023-02-24,San Mateo,081,765935,183241,182302,11166,193468,749
2023-02-24,Santa Barbara,083,443738,112104,111918,7735,119653,761
2023-02-24,Santa Clara,085,1922200,475548,473306,21209,494515,2699
2023-02-24,Santa Cruz,087,273765,68383,68187,3959,72146,276
2023-02-24,Shasta,089,179085,36503,36417,8316,44733,605
2023-02-24,Sierra,091,2930,312,311,61,372,5
2023-02-24,Siskiyou,093,43540,5459,5448,3443,8891,95
2023-02-24,Solano,095,438530,113760,113469,8644,122113,481
2023-02-24,Sonoma,097,501317,113543,113286,5797,119083,552
2023-02-24,Stanislaus,099,539301,145007,144793,23077,167870,1843
2023-02-24,Sutter,101,95872,25712,25688,2540,28228,238
2023-02-24,Tehama,103,63373,14457,14441,3408,17849,222
2023-02-24,Trinity,105,12862,1473,1472,505,1977,24
2023-02-24,Tulare,107,460477,128331,128042,40466,168508,1567
2023-02-24,Tuolumne,109,53932,16895,16833,1006,17839,203
2023-02-24,Ventura,111,848112,220830,220499,18128,238627,1665
2023-02-24,Yolo,113,214977,50032,49933,4910,54843,442
2023-02-24,Yuba,115,75493,20011,19981,1874,21855,134
2023-02-23,Alameda,001,1643700,378988,377332,22388,399720,2174
2023-02-23,Alpine,002,1148,139,139,4,143,0
2023-02-23,Amador,005,37829,10561,10541,972,11513,99
2023-02-23,Butte,007,227075,41682,41596,10252,51848,487
2023-02-23,Calaveras,009,45235,8990,8974,642,9616,140
2023-02-23,Colusa,011,21464,3979,3971,1346,5317,22
2023-02-23,Contra Costa,013,1133247,272558,271445,22371,293816,1552
2023-02-23,Del Norte,015,27424,7928,7920,470,8390,60
2023-02-23,El Dorado,017,186661,34532,34500,4549,39049,244
2023-02-23,Fresno,019,978130,294436,293597,34914,328511,2991
2023-02-23,Glenn,021,27897,5789,5782,2015,7797,58
2023-02-23,Humboldt,023,135768,23362,23339,5923,29262,169
2023-02-23,Imperial,025,180216,69979,69789,18952,88741,974
2023-02-23,Inyo,027,18085,4766,4758,1308,6066,63
2023-02-23,Kern,029,883053,230227,229379,73075,302454,2476
2023-02-23,Kings,031,150075,62822,62766,4477,67243,478
2023-02-23,Lake,033,64148,13641,13620,1283,14903,155
2023-02-23,Lassen,035,31185,10258,10248,1064,11312,67
2023-02-23,Los Angeles,037,10098052,3489370,3481382,218536,3699918,35366
2023-02-23,Madera,039,155013,46261,46164,8891,55055,378
2023-02-23,Marin,041,260295,49051,48920,5698,54618,317
2023-02-23,Mariposa,043,17540,3357,3352,359,3711,33
2023-02-23,Mendocino,045,87422,16874,16853,4832,21685,144
2023-02-23,Merced,047,269075,76895,76318,12829,89147,903
2023-02-23,Modoc,049,8938,956,954,373,1327,11
2023-02-23,Mono,051,14174,3324,3321,302,3623,8
2023-02-23,Monterey,053,433212,98128,97918,23985,121903,797
2023-02-23,Napa,055,140530,34388,34318,1528,35846,165
2023-02-23,Nevada,057,99092,20156,20125,2319,22444,133
2023-02-23,Orange,059,3164182,711597,708420,78101,786521,7914
2023-02-23,Placer,061,380077,80984,80815,10309,91124,682
2023-02-23,Plumas,063,18699,3831,3825,460,4285,15
2023-02-23,Riverside,065,2383286,734759,733001,41379,774380,6837
2023-02-23,Sacramento,067,1510023,370863,369563,38026,407589,3514
2023-02-23,San Benito,069,59416,17640,17599,1135,18734,116
2023-02-23,San Bernardino,071,2135413,710103,708208,34574,742782,8170
2023-02-23,San Diego,073,3302833,984413,983163,80868,1064031,5768
2023-02-23,San Francisco,075,870044,195821,195263,13325,208588,1168
2023-02-23,San Joaquin,077,732212,209695,209376,16882,226258,2417
2023-02-23,San Luis Obispo,079,281455,66424,66318,8125,74443,561
2023-02-23,San Mateo,081,765935,183179,182302,11165,193467,749
2023-02-23,Santa Barbara,083,443738,112089,111918,7732,119650,761
2023-02-23,Santa Clara,085,1922200,475373,473306,21204,494510,2699
2023-02-23,Santa Cruz,087,273765,68361,68187,3956,72143,276
2023-02-23,Shasta,089,179085,36498,36417,8314,44731,605
2023-02-23,Sierra,091,2930,312,311,61,372,5
2023-02-23,Siskiyou,093,43540,5459,5448,3443,8891,95
2023-02-23,Solano,095,438530,113707,113469,8634,122103,481
2023-02-23,Sonoma,097,501317,113506,113286,5795,119081,552
2023-02-23,Stanislaus,099,539301,144974,144793,23073,167866,1843
2023-02-23,Sutter,101,95872,25709,25688,2539,28227,238
2023-02-23,Tehama,103,63373,14456,14441,3408,17849,222
2023-02-23,Trinity,105,12862,1473,1472,505,1977,24
2023-02-23,Tulare,107,460477,128307,128042,40444,168486,1567
2023-02-23,Tuolumne,109,53932,16880,16833,1005,17838,203
2023-02-23,Ventura,111,848112,220801,220499,18126,238625,1665
2023-02-23,Yolo,113,214977,50017,49933,4904,54837,442
2023-02-23,Yuba,115,75493,20003,19981,1872,21853,134
2023-02-22,Alameda,001,1643700,378838,377332,22372,399704,2174
2023-02-22,Alpine,002,1148,139,139,4,143,0
2023-02-22,Amador,005,37829,10560,10541,971,11512,99
2023-02-22,Butte,007,227075,41673,41596,10248,51844,487
2023-02-22,Calaveras,009,45235,8988,8974,642,9616,140
2023-02-22,Colusa,011,21464,3977,3971,1346,5317,22
2023-02-22,Contra Costa,013,1133247,272435,271445,22357,293802,1552
2023-02-22,Del Norte,015,27424,7926,7920,468,8388,60
2023-02-22,El Dorado,017,186661,34524,34500,4549,39049,244
2023-02-22,Fresno,019,978130,294361,293597,34895,328492,2991
2023-02-22,Glenn,021,27897,5789,5782,2015,7797,58
2023-02-22,Humboldt,023,135768,23357,23339,5921,29260,169
2023-02-22,Imperial,025,180216,69954,69789,18938,88727,974
2023-02-22,Inyo,027,18085,4765,4758,1305,6063,63
2023-02-22,Kern,029,883053,230167,229379,73030,302409,2476
2023-02-22,Kings,031,150075,62816,62766,4476,67242,478
2023-02-22,Lake,033,64148,13634,13620,1281,14901,155
2023-02-22,Lassen,035,31185,10258,10248,1064,11312,67
2023-02-22,Los Angeles,037,10098052,3488518,3481382,218352,3699734,35366
2023-02-22,Madera,039,155013,46251,46164,8890,55054,378
2023-02-22,Marin,041,260295,49030,48920,5697,54617,317
2023-02-22,Mariposa,043,17540,3357,3352,359,3711,33
2023-02-22,Mendocino,045,87422,16872,16853,4831,21684,144
2023-02-22,Merced,047,269075,76880,76318,12828,89146,903
2023-02-22,Modoc,049,8938,956,954,373,1327,11
2023-02-22,Mono,051,14174,3324,3321,302,3623,8
2023-02-22,Monterey,053,433212,98097,97918,23950,121868,797
2023-02-22,Napa,055,140530,34381,34318,1528,35846,165
2023-02-22,Nevada,057,99092,20155,20125,2318,22443,133
2023-02-22,Orange,059,3164182,711415,708420,78044,786464,7914
2023-02-22,Placer,061,380077,80964,80815,10307,91122,682
2023-02-22,Plumas,063,18699,3831,3825,460,4285,15
2023-02-22,Riverside,065,2383286,734587,733001,41360,774361,6837
2023-02-22,Sacramento,067,1510023,370712,369563,37998,407561,3514
2023-02-22,San Benito,069,59416,17636,17599,1134,18733,116
2023-02-22,San Bernardino,071,2135413,709985,708208,34557,742765,8170
2023-02-22,San Diego,073,3302833,984115,983163,80806,1063969,5768
2023-02-22,San Francisco,075,870044,195715,195263,13319,208582,1168
2023-02-22,San Joaquin,077,732212,209636,209376,16874,226250,2417
2023-02-22,San Luis Obispo,079,281455,66416,66318,8119,74437,561
2023-02-22,San Mateo,081,765935,183111,182302,11159,193461,749
2023-02-22,Santa Barbara,083,443738,112061,111918,7729,119647,761
2023-02-22,Santa Clara,085,1922200,475168,473306,21196,494502,2699
2023-02-22,Santa Cruz,087,273765,68346,68187,3949,72136,276
2023-02-22,Shasta,089,179085,36491,36417,8309,44726,605
2023-02-22,Sierra,091,2930,312,311,61,372,5
2023-02-22,Siskiyou,093,43540,5456,5448,3443,8891,95
2023-02-22,Solano,095,438530,113664,113469,8626,122095,481
2023-02-22,Sonoma,097,501317,113479,113286,5794,119080,552
2023-02-22,Stanislaus,099,539301,144939,144793,23059,167852,1843
2023-02-22,Sutter,101,95872,25694,25688,2539,28227,238
2023-02-22,Tehama,103,63373,14451,14441,3406,17847,222
2023-02-22,Trinity,105,12862,1473,1472,505,1977,24
2023-02-22,Tulare,107,460477,128272,128042,40413,168455,1567
2023-02-22,Tuolumne,109,53932,16876,16833,1000,17833,203
2023-02-22,Ventura,111,848112,220760,220499,18123,238622,1665
2023-02-22,Yolo,113,214977,50004,49933,4904,54837,442
2023-02-22,Yuba,115,75493,19998,19981,1871,21852,134
2023-02-21,Alameda,001,1643700,378662,377332,22364,399696,2174
2023-02-21,Alpine,002,1148,139,139,4,143,0
2023-02-21,Amador,005,37829,10557,10541,970,11511,99
2023-02-21,Butte,007,227075,41661,41596,10246,51842,487
2023-02-21,Calaveras,009,45235,8987,8974,642,9616,140
2023-02-21,Colusa,011,21464,3976,3971,1346,5317,22
2023-02-21,Contra Costa,013,1133247,272317,271445,22346,293791,1552
2023-02-21,Del Norte,015,27424,7925,7920,467,8387,60
2023-02-21,El Dorado,017,186661,34516,34500,4545,39045,244
2023-02-21,Fresno,019,978130,294285,293597,34878,328475,2991
2023-02-21,Glenn,021,27897,5787,5782,2015,7797,58
2023-02-21,Humboldt,023,135768,23349,23339,5919,29258,169
2023-02-21,Imperial,025,180216,69921,69789,18924,88713,974
2023-02-21,Inyo,027,18085,4765,4758,1305,6063,63
2023-02-21,Kern,029,883053,230076,229379,72988,302367,2476
2023-02-21,Kings,031,150075,62805,62766,4475,67241,478
2023-02-21,Lake,033,64148,13628,13620,1280,14900,155
2023-02-21,Lassen,035,31185,10256,10248,1062,11310,67
2023-02-21,Los Angeles,037,10098052,3487595,3481382,218132,3699514,35366
2023-02-21,Madera,039,155013,46244,46164,8887,55051,378
2023-02-21,Marin,041,260295,49001,48920,5694,54614,317
2023-02-21,Mariposa,043,17540,3356,3352,359,3711,33
2023-02-21,Mendocino,045,87422,16867,16853,4831,21684,144
2023-02-21,Merced,047,269075,76860,76318,12824,89142,903
2023-02-21,Modoc,049,8938,955,954,371,1325,11
2023-02-21,Mono,051,14174,3323,3321,302,3623,8
2023-02-21,Monterey,053,433212,98066,97918,23922,121840,797
2023-02-21,Napa,055,140530,34368,34318,1528,35846,165
2023-02-21,Nevada,057,99092,20146,20125,2317,22442,133
2023-02-21,Orange,059,3164182,711186,708420,77987,786407,7914
2023-02-21,Placer,061,380077,80924,80815,10306,91121,682
2023-02-21,Plumas,063,18699,3831,3825,460,4285,15
2023-02-21,Riverside,065,2383286,734419,733001,41329,774330,6837
2023-02-21,Sacramento,067,1510023,370554,369563,37972,407535,3514
2023-02-21,San Benito,069,59416,17632,17599,1134,18733,116
2023-02-21,San Bernardino,071,2135413,709853,708208,34546,742754,8170
2023-02-21,San Diego,073,3302833,983846,983163,80753,1063916,5768
2023-02-21,San Francisco,075,870044,195620,195263,13310,208573,1168
2023-02-21,San Joaquin,077,732212,209582,209376,16867,226243,2417
2023-02-21,San Luis Obispo,079,281455,66396,66318,8114,74432,561
2023-02-21,San Mateo,081,765935,183026,182302,11150,193452,749
2023-02-21,Santa Barbara,083,443738,112032,111918,7725,119643,761
2023-02-21,Santa Clara,085,1922200,474975,473306,21185,494491,2699
2023-02-21,Santa Cruz,087,273765,68330,68187,3946,72133,276
2023-02-21,Shasta,089,179085,36483,36417,8307,44724,605
2023-02-21,Sierra,091,2930,312,311,61,372,5
2023-02-21,Siskiyou,093,43540,5453,5448,3442,8890,95
2023-02-21,Solano,095,438530,113632,113469,8623,122092,481
2023-02-21,Sonoma,097,501317,113443,113286,5793,119079,552
2023-02-21,Stanislaus,099,539301,144907,144793,23050,167843,1843
2023-02-21,Sutter,101,95872,25689,25688,2539,28227,238
2023-02-21,Tehama,103,63373,14451,14441,3405,17846,222
2023-02-21,Trinity,105,12862,1473,1472,505,1977,24
2023-02-21,Tulare,107,460477,128238,128042,40391,168433,1567
2023-02-21,Tuolumne,109,53932,16869,16833,1000,17833,203
2023-02-21,Ventura,111,848112,220713,220499,18116,238615,1665
2023-02-21,Yolo,113,214977,49993,49933,4900,54833,442
2023-02-21,Yuba,115,75493,19993,19981,1871,21852,134
2023-02-20,Alameda,001,1643700,378425,376312,22343,398655,2174
2023-02-20,Alpine,002,1148,139,139,4,143,0
2023-02-20,Amador,005,37829,10552,10524,968,11492,99
2023-02-20,Butte,007,227075,41652,41548,10239,51787,484
2023-02-20,Calaveras,009,45235,8982,8960,642,9602,140
2023-02-20,Colusa,011,21464,3974,3960,1345,5305,22
2023-02-20,Contra Costa,013,1133247,272192,270737,22336,293073,1542
2023-02-20,Del Norte,015,27424,7924,7892,466,8358,59
2023-02-20,El Dorado,017,186661,34508,34430,4543,38973,243
2023-02-20,Fresno,019,978130,294182,293104,34854,327958,2983
2023-02-20,Glenn,021,27897,5786,5773,2015,7788,58
2023-02-20,Humboldt,023,135768,23345,23276,5919,29195,169
2023-02-20,Imperial,025,180216,69892,69669,18912,88581,974
2023-02-20,Inyo,027,18085,4762,4752,1304,6056,63
2023-02-20,Kern,029,883053,230007,228953,72922,301875,2474
2023-02-20,Kings,031,150075,62790,62684,4472,67156,473
2023-02-20,Lake,033,64148,13625,13595,1279,14874,155
2023-02-20,Lassen,035,31185,10256,10246,1062,11308,66
2023-02-20,Los Angeles,037,10098052,3486517,3475808,217870,3693678,35250
2023-02-20,Madera,039,155013,46223,46098,8884,54982,377
2023-02-20,Marin,041,260295,48981,48759,5691,54450,317
2023-02-20,Mariposa,043,17540,3353,3342,359,3701,32
2023-02-20,Mendocino,045,87422,16863,16830,4828,21658,143
2023-02-20,Merced,047,269075,76840,76157,12820,88977,903
2023-02-20,Modoc,049,8938,955,953,371,1324,11
2023-02-20,Mono,051,14174,3321,3319,302,3621,8
2023-02-20,Monterey,053,433212,98030,97704,23881,121585,796
2023-02-20,Napa,055,140530,34351,34245,1528,35773,165
2023-02-20,Nevada,057,99092,20141,20088,2317,22405,132
2023-02-20,Orange,059,3164182,710936,707080,77919,784999,7892
2023-02-20,Placer,061,380077,80899,80615,10302,90917,682
2023-02-20,Plumas,063,18699,3829,3819,460,4279,14
2023-02-20,Riverside,065,2383286,734257,731962,41313,773275,6827
2023-02-20,Sacramento,067,1510023,370392,368833,37930,406763,3507
2023-02-20,San Benito,069,59416,17623,17566,1134,18700,115
2023-02-20,San Bernardino,071,2135413,709675,707191,34530,741721,8171
2023-02-20,San Diego,073,3302833,983473,981249,80675,1061924,5759
2023-02-20,San Francisco,075,870044,195497,194654,13304,207958,1164
2023-02-20,San Joaquin,077,732212,209506,208935,16863,225798,2415
2023-02-20,San Luis Obispo,079,281455,66384,66209,8112,74321,559
2023-02-20,San Mateo,081,765935,182940,181782,11143,192925,749
2023-02-20,Santa Barbara,083,443738,111987,111692,7719,119411,760
2023-02-20,Santa Clara,085,1922200,474711,472011,21173,493184,2688
2023-02-20,Santa Cruz,087,273765,68279,68030,3933,71963,278
2023-02-20,Shasta,089,179085,36478,36385,8306,44691,606
2023-02-20,Sierra,091,2930,312,311,61,372,5
2023-02-20,Siskiyou,093,43540,5452,5433,3442,8875,95
2023-02-20,Solano,095,438530,113558,113211,8615,121826,481
2023-02-20,Sonoma,097,501317,113405,113031,5786,118817,548
2023-02-20,Stanislaus,099,539301,144855,144597,23033,167630,1842
2023-02-20,Sutter,101,95872,25682,25633,2539,28172,238
2023-02-20,Tehama,103,63373,14449,14421,3405,17826,222
2023-02-20,Trinity,105,12862,1473,1470,505,1975,24
2023-02-20,Tulare,107,460477,128197,127791,40374,168165,1567
2023-02-20,Tuolumne,109,53932,16867,16802,999,17801,203
2023-02-20,Ventura,111,848112,220643,220185,18103,238288,1664
2023-02-20,Yolo,113,214977,49974,49841,4898,54739,439
2023-02-20,Yuba,115,75493,19989,19958,1871,21829,134
2023-02-19,Alameda,001,1643700,378267,376312,22335,398647,2174
2023-02-19,Alpine,002,1148,139,139,4,143,0
2023-02-19,Amador,005,37829,10550,10524,967,11491,99
2023-02-19,Butte,007,227075,41651,41548,10233,51781,484
2023-02-19,Calaveras,009,45235,8981,8960,642,9602,140
2023-02-19,Colusa,011,21464,3969,3960,1345,5305,22
2023-02-19,Contra Costa,013,1133247,272106,270737,22331,293068,1542
2023-02-19,Del Norte,015,27424,7924,7892,466,8358,59
2023-02-19,El Dorado,017,186661,34504,34430,4541,38971,243
2023-02-19,Fresno,019,978130,294118,293104,34841,327945,2983
2023-02-19,Glenn,021,27897,5786,5773,2015,7788,58
2023-02-19,Humboldt,023,135768,23340,23276,5917,29193,169
2023-02-19,Imperial,025,180216,69871,69669,18895,88564,974
2023-02-19,Inyo,027,18085,4762,4752,1304,6056,63
2023-02-19,Kern,029,883053,229958,228953,72856,301809,2474
2023-02-19,Kings,031,150075,62775,62684,4470,67154,473
2023-02-19,Lake,033,64148,13622,13595,1279,14874,155
2023-02-19,Lassen,035,31185,10256,10246,1062,11308,66
2023-02-19,Los Angeles,037,10098052,3485565,3475808,217658,3693466,35250
2023-02-19,Madera,039,155013,46213,46098,8882,54980,377
2023-02-19,Marin,041,260295,48966,48759,5689,54448,317
2023-02-19,Mariposa,043,17540,3353,3342,359,3701,32
2023-02-19,Mendocino,045,87422,16853,16830,4827,21657,143
2023-02-19,Merced,047,269075,76822,76157,12818,88975,903
2023-02-19,Modoc,049,8938,955,953,371,1324,11
2023-02-19,Mono,051,14174,3321,3319,302,3621,8
2023-02-19,Monterey,053,433212,97998,97704,23860,121564,796
2023-02-19,Napa,055,140530,34336,34245,1528,35773,165
2023-02-19,Nevada,057,99092,20138,20088,2316,22404,132
2023-02-19,Orange,059,3164182,710699,707080,77851,784931,7892
2023-02-19,Placer,061,380077,80881,80615,10299,90914,682
2023-02-19,Plumas,063,18699,3828,3819,460,4279,14
2023-02-19,Riverside,065,2383286,734101,731962,41278,773240,6827
2023-02-19,Sacramento,067,1510023,370285,368833,37922,406755,3507
2023-02-19,San Benito,069,59416,17623,17566,1134,18700,115
2023-02-19,San Bernardino,071,2135413,709531,707191,34520,741711,8171
2023-02-19,San Diego,073,3302833,983200,981249,80612,1061861,5759
2023-02-19,San Francisco,075,870044,195414,194654,13291,207945,1164
2023-02-19,San Joaquin,077,732212,209461,208935,16858,225793,2415
2023-02-19,San Luis Obispo,079,281455,66374,66209,8108,74317,559
2023-02-19,San Mateo,081,765935,182883,181782,11138,192920,749
2023-02-19,Santa Barbara,083,443738,111955,111692,7716,119408,760
2023-02-19,Santa Clara,085,1922200,474588,472011,21164,493175,2688
2023-02-19,Santa Cruz,087,273765,68255,68030,3929,71959,278
2023-02-19,Shasta,089,179085,36476,36385,8304,44689,606
2023-02-19,Sierra,091,2930,311,311,61,372,5
2023-02-19,Siskiyou,093,43540,5450,5433,3441,8874,95
2023-02-19,Solano,095,438530,113539,113211,8610,121821,481
2023-02-19,Sonoma,097,501317,113349,113031,5785,118816,548
2023-02-19,Stanislaus,099,539301,144804,144597,23031,167628,1842
2023-02-19,Sutter,101,95872,25676,25633,2539,28172,238
2023-02-19,Tehama,103,63373,14447,14421,3405,17826,222
2023-02-19,Trinity,105,12862,1473,1470,505,1975,24
2023-02-19,Tulare,107,460477,128148,127791,40358,168149,1567
2023-02-19,Tuolumne,109,53932,16859,16802,990,17792,203
2023-02-19,Ventura,111,848112,220602,220185,18085,238270,1664
2023-02-19,Yolo,113,214977,49955,49841,4895,54736,439
2023-02-19,Yuba,115,75493,19986,19958,1870,21828,134
2023-02-18,Alameda,001,1643700,378163,376312,22328,398640,2174
2023-02-18,Alpine,002,1148,139,139,4,143,0
2023-02-18,Amador,005,37829,10549,10524,966,11490,99
2023-02-18,Butte,007,227075,41649,41548,10230,51778,484
2023-02-18,Calaveras,009,45235,8979,8960,642,9602,140
2023-02-18,Colusa,011,21464,3968,3960,1345,5305,22
2023-02-18,Contra Costa,013,1133247,272031,270737,22327,293064,1542
2023-02-18,Del Norte,015,27424,7924,7892,466,8358,59
2023-02-18,El Dorado,017,186661,34500,34430,4541,38971,243
2023-02-18,Fresno,019,978130,294064,293104,34837,327941,2983
2023-02-18,Glenn,021,27897,5786,5773,2014,7787,58
2023-02-18,Humboldt,023,135768,23338,23276,5916,29192,169
2023-02-18,Imperial,025,180216,69856,69669,18895,88564,974
2023-02-18,Inyo,027,18085,4762,4752,1304,6056,63
2023-02-18,Kern,029,883053,229913,228953,72817,301770,2474
2023-02-18,Kings,031,150075,62770,62684,4470,67154,473
2023-02-18,Lake,033,64148,13622,13595,1279,14874,155
2023-02-18,Lassen,035,31185,10256,10246,1062,11308,66
2023-02-18,Los Angeles,037,10098052,3485000,3475808,217523,3693331,35250
2023-02-18,Madera,039,155013,46206,46098,8881,54979,377
2023-02-18,Marin,041,260295,48947,48759,5687,54446,317
2023-02-18,Mariposa,043,17540,3351,3342,359,3701,32
2023-02-18,Mendocino,045,87422,16853,16830,4827,21657,143
2023-02-18,Merced,047,269075,76814,76157,12815,88972,903
2023-02-18,Modoc,049,8938,955,953,371,1324,11
2023-02-18,Mono,051,14174,3321,3319,302,3621,8
2023-02-18,Monterey,053,433212,97980,97704,23836,121540,796
2023-02-18,Napa,055,140530,34330,34245,1528,35773,165
2023-02-18,Nevada,057,99092,20133,20088,2315,22403,132
2023-02-18,Orange,059,3164182,710560,707080,77804,784884,7892
2023-02-18,Placer,061,380077,80858,80615,10294,90909,682
2023-02-18,Plumas,063,18699,3827,3819,460,4279,14
2023-02-18,Riverside,065,2383286,734006,731962,41254,773216,6827
2023-02-18,Sacramento,067,1510023,370207,368833,37913,406746,3507
2023-02-18,San Benito,069,59416,17620,17566,1132,18698,115
2023-02-18,San Bernardino,071,2135413,709428,707191,34511,741702,8171
2023-02-18,San Diego,073,3302833,983047,981249,80580,1061829,5759
2023-02-18,San Francisco,075,870044,195341,194654,13289,207943,1164
2023-02-18,San Joaquin,077,732212,209418,208935,16854,225789,2415
2023-02-18,San Luis Obispo,079,281455,66364,66209,8106,74315,559
2023-02-18,San Mateo,081,765935,182828,181782,11132,192914,749
2023-02-18,Santa Barbara,083,443738,111939,111692,7714,119406,760
2023-02-18,Santa Clara,085,1922200,474444,472011,21159,493170,2688
2023-02-18,Santa Cruz,087,273765,68238,68030,3926,71956,278
2023-02-18,Shasta,089,179085,36474,36385,8303,44688,606
2023-02-18,Sierra,091,2930,311,311,61,372,5
2023-02-18,Siskiyou,093,43540,5447,5433,3441,8874,95
2023-02-18,Solano,095,438530,113516,113211,8607,121818,481
2023-02-18,Sonoma,097,501317,113327,113031,5784,118815,548
2023-02-18,Stanislaus,099,539301,144777,144597,23030,167627,1842
2023-02-18,Sutter,101,95872,25671,25633,2539,28172,238
2023-02-18,Tehama,103,63373,14446,14421,3405,17826,222
2023-02-18,Trinity,105,12862,1473,1470,505,1975,24
2023-02-18,Tulare,107,460477,128125,127791,40343,168134,1567
2023-02-18,Tuolumne,109,53932,16850,16802,990,17792,203
2023-02-18,Ventura,111,848112,220568,220185,18082,238267,1664
2023-02-18,Yolo,113,214977,49946,49841,4894,54735,439
2023-02-18,Yuba,115,75493,19984,19958,1870,21828,134
2023-02-17,Alameda,001,1643700,378042,376312,22320,398632,2174
2023-02-17,Alpine,002,1148,139,139,4,143,0
2023-02-17,Amador,005,37829,10544,10524,966,11490,99
2023-02-17,Butte,007,227075,41647,41548,10227,51775,484
2023-02-17,Calaveras,009,45235,8978,8960,642,9602,140
2023-02-17,Colusa,011,21464,3968,3960,1345,5305,22
2023-02-17,Contra Costa,013,1133247,271950,270737,22322,293059,1542
2023-02-17,Del Norte,015,27424,7922,7892,466,8358,59
2023-02-17,El Dorado,017,186661,34493,34430,4540,38970,243
2023-02-17,Fresno,019,978130,294015,293104,34832,327936,2983
2023-02-17,Glenn,021,27897,5785,5773,2014,7787,58
2023-02-17,Humboldt,023,135768,23335,23276,5915,29191,169
2023-02-17,Imperial,025,180216,69846,69669,18888,88557,974
2023-02-17,Inyo,027,18085,4761,4752,1304,6056,63
2023-02-17,Kern,029,883053,229868,228953,72777,301730,2474
2023-02-17,Kings,031,150075,62765,62684,4470,67154,473
2023-02-17,Lake,033,64148,13618,13595,1279,14874,155
2023-02-17,Lassen,035,31185,10255,10246,1062,11308,66
2023-02-17,Los Angeles,037,10098052,3484431,3475808,217381,3693189,35250
2023-02-17,Madera,039,155013,46197,46098,8881,54979,377
2023-02-17,Marin,041,260295,48919,48759,5687,54446,317
2023-02-17,Mariposa,043,17540,3351,3342,359,3701,32
2023-02-17,Mendocino,045,87422,16853,16830,4827,21657,143
2023-02-17,Merced,047,269075,76799,76157,12810,88967,903
2023-02-17,Modoc,049,8938,955,953,371,1324,11
2023-02-17,Mono,051,14174,3321,3319,302,3621,8
2023-02-17,Monterey,053,433212,97968,97704,23823,121527,796
2023-02-17,Napa,055,140530,34326,34245,1527,35772,165
2023-02-17,Nevada,057,99092,20129,20088,2315,22403,132
2023-02-17,Orange,059,3164182,710441,707080,77760,784840,7892
2023-02-17,Placer,061,380077,80846,80615,10292,90907,682
2023-02-17,Plumas,063,18699,3826,3819,460,4279,14
2023-02-17,Riverside,065,2383286,733924,731962,41233,773195,6827
2023-02-17,Sacramento,067,1510023,370130,368833,37909,406742,3507
2023-02-17,San Benito,069,59416,17620,17566,1132,18698,115
2023-02-17,San Bernardino,071,2135413,709339,707191,34500,741691,8171
2023-02-17,San Diego,073,3302833,982867,981249,80561,1061810,5759
2023-02-17,San Francisco,075,870044,195267,194654,13281,207935,1164
2023-02-17,San Joaquin,077,732212,209366,208935,16844,225779,2415
2023-02-17,San Luis Obispo,079,281455,66350,66209,8105,74314,559
2023-02-17,San Mateo,081,765935,182780,181782,11132,192914,749
2023-02-17,Santa Barbara,083,443738,111921,111692,7714,119406,760
2023-02-17,Santa Clara,085,1922200,474299,472011,21155,493166,2688
2023-02-17,Santa Cruz,087,273765,68218,68030,3922,71952,278
2023-02-17,Shasta,089,179085,36473,36385,8302,44687,606
2023-02-17,Sierra,091,2930,311,311,61,372,5
2023-02-17,Siskiyou,093,43540,5446,5433,3441,8874,95
2023-02-17,Solano,095,438530,113503,113211,8599,121810,481
2023-02-17,Sonoma,097,501317,113300,113031,5783,118814,548
2023-02-17,Stanislaus,099,539301,144756,144597,23025,167622,1842
2023-02-17,Sutter,101,95872,25668,25633,2539,28172,238
2023-02-17,Tehama,103,63373,14446,14421,3405,17826,222
2023-02-17,Trinity,105,12862,1473,1470,505,1975,24
2023-02-17,Tulare,107,460477,128108,127791,40323,168114,1567
2023-02-17,Tuolumne,109,53932,16847,16802,989,17791,203
2023-02-17,Ventura,111,848112,220539,220185,18075,238260,1664
2023-02-17,Yolo,113,214977,49936,49841,4891,54732,439
2023-02-17,Yuba,115,75493,19981,19958,1870,21828,134
2023-02-16,Alameda,001,1643700,377872,376312,22307,398619,2174
2023-02-16,Alpine,002,1148,139,139,4,143,0
2023-02-16,Amador,005,37829,10541,10524,966,11490,99
2023-02-16,Butte,007,227075,41638,41548,10221,51769,484
2023-02-16,Calaveras,009,45235,8973,8960,642,9602,140
2023-02-16,Colusa,011,21464,3965,3960,1344,5304,22
2023-02-16,Contra Costa,013,1133247,271851,270737,22318,293055,1542
2023-02-16,Del Norte,015,27424,7920,7892,466,8358,59
2023-02-16,El Dorado,017,186661,34484,34430,4540,38970,243
2023-02-16,Fresno,019,978130,293953,293104,34816,327920,2983
2023-02-16,Glenn,021,27897,5783,5773,2014,7787,58
2023-02-16,Humboldt,023,135768,23330,23276,5914,29190,169
2023-02-16,Imperial,025,180216,69827,69669,18880,88549,974
2023-02-16,Inyo,027,18085,4761,4752,1303,6055,63
2023-02-16,Kern,029,883053,229823,228953,72731,301684,2474
2023-02-16,Kings,031,150075,62753,62684,4469,67153,473
2023-02-16,Lake,033,64148,13617,13595,1279,14874,155
2023-02-16,Lassen,035,31185,10255,10246,1062,11308,66
2023-02-16,Los Angeles,037,10098052,3483623,3475808,217180,3692988,35250
2023-02-16,Madera,039,155013,46190,46098,8874,54972,377
2023-02-16,Marin,041,260295,48898,48759,5685,54444,317
2023-02-16,Mariposa,043,17540,3349,3342,359,3701,32
2023-02-16,Mendocino,045,87422,16847,16830,4826,21656,143
2023-02-16,Merced,047,269075,76782,76157,12804,88961,903
2023-02-16,Modoc,049,8938,954,953,370,1323,11
2023-02-16,Mono,051,14174,3321,3319,302,3621,8
2023-02-16,Monterey,053,433212,97950,97704,23790,121494,796
2023-02-16,Napa,055,140530,34315,34245,1527,35772,165
2023-02-16,Nevada,057,99092,20124,20088,2311,22399,132
2023-02-16,Orange,059,3164182,710273,707080,77693,784773,7892
2023-02-16,Placer,061,380077,80819,80615,10288,90903,682
2023-02-16,Plumas,063,18699,3824,3819,460,4279,14
2023-02-16,Riverside,065,2383286,733781,731962,41216,773178,6827
2023-02-16,Sacramento,067,1510023,370001,368833,37872,406705,3507
2023-02-16,San Benito,069,59416,17613,17566,1131,18697,115
2023-02-16,San Bernardino,071,2135413,709199,707191,34485,741676,8171
2023-02-16,San Diego,073,3302833,982615,981249,80500,1061749,5759
2023-02-16,San Francisco,075,870044,195173,194654,13273,207927,1164
2023-02-16,San Joaquin,077,732212,209309,208935,16838,225773,2415
2023-02-16,San Luis Obispo,079,281455,66330,66209,8103,74312,559
2023-02-16,San Mateo,081,765935,182705,181782,11128,192910,749
2023-02-16,Santa Barbara,083,443738,111891,111692,7712,119404,760
2023-02-16,Santa Clara,085,1922200,474096,472011,21148,493159,2688
2023-02-16,Santa Cruz,087,273765,68198,68030,3915,71945,278
2023-02-16,Shasta,089,179085,36471,36385,8302,44687,606
2023-02-16,Sierra,091,2930,311,311,61,372,5
2023-02-16,Siskiyou,093,43540,5443,5433,3441,8874,95
2023-02-16,Solano,095,438530,113465,113211,8595,121806,481
2023-02-16,Sonoma,097,501317,113263,113031,5780,118811,548
2023-02-16,Stanislaus,099,539301,144717,144597,23017,167614,1842
2023-02-16,Sutter,101,95872,25664,25633,2539,28172,238
2023-02-16,Tehama,103,63373,14443,14421,3403,17824,222
2023-02-16,Trinity,105,12862,1473,1470,505,1975,24
2023-02-16,Tulare,107,460477,128084,127791,40291,168082,1567
2023-02-16,Tuolumne,109,53932,16844,16802,989,17791,203
2023-02-16,Ventura,111,848112,220503,220185,18071,238256,1664
2023-02-16,Yolo,113,214977,49927,49841,4883,54724,439
2023-02-16,Yuba,115,75493,19977,19958,1870,21828,134
2023-02-15,Alameda,001,1643700,377727,376312,22288,398600,2174
2023-02-15,Alpine,002,1148,139,139,4,143,0
2023-02-15,Amador,005,37829,10535,10524,966,11490,99
2023-02-15,Butte,007,227075,41630,41548,10216,51764,484
2023-02-15,Calaveras,009,45235,8968,8960,642,9602,140
2023-02-15,Colusa,011,21464,3965,3960,1344,5304,22
2023-02-15,Contra Costa,013,1133247,271758,270737,22312,293049,1542
2023-02-15,Del Norte,015,27424,7918,7892,466,8358,59
2023-02-15,El Dorado,017,186661,34477,34430,4539,38969,243
2023-02-15,Fresno,019,978130,293876,293104,34796,327900,2983
2023-02-15,Glenn,021,27897,5783,5773,2014,7787,58
2023-02-15,Humboldt,023,135768,23324,23276,5912,29188,169
2023-02-15,Imperial,025,180216,69806,69669,18869,88538,974
2023-02-15,Inyo,027,18085,4760,4752,1303,6055,63
2023-02-15,Kern,029,883053,229721,228953,72678,301631,2474
2023-02-15,Kings,031,150075,62743,62684,4469,67153,473
2023-02-15,Lake,033,64148,13612,13595,1279,14874,155
2023-02-15,Lassen,035,31185,10254,10246,1062,11308,66
2023-02-15,Los Angeles,037,10098052,3482741,3475808,216984,3692792,35250
2023-02-15,Madera,039,155013,46186,46098,8870,54968,377
2023-02-15,Marin,041,260295,48871,48759,5685,54444,317
2023-02-15,Mariposa,043,17540,3349,3342,359,3701,32
2023-02-15,Mendocino,045,87422,16845,16830,4826,21656,143
2023-02-15,Merced,047,269075,76762,76157,12799,88956,903
2023-02-15,Modoc,049,8938,954,953,370,1323,11
2023-02-15,Mono,051,14174,3319,3319,302,3621,8
2023-02-15,Monterey,053,433212,97926,97704,23753,121457,796
2023-02-15,Napa,055,140530,34307,34245,1527,35772,165
2023-02-15,Nevada,057,99092,20123,20088,2310,22398,132
2023-02-15,Orange,059,3164182,710044,707080,77620,784700,7892
2023-02-15,Placer,061,380077,80795,80615,10285,90900,682
2023-02-15,Plumas,063,18699,3822,3819,460,4279,14
2023-02-15,Riverside,065,2383286,733617,731962,41185,773147,6827
2023-02-15,Sacramento,067,1510023,369888,368833,37844,406677,3507
2023-02-15,San Benito,069,59416,17605,17566,1131,18697,115
2023-02-15,San Bernardino,071,2135413,709078,707191,34467,741658,8171
2023-02-15,San Diego,073,3302833,982342,981249,80433,1061682,5759
2023-02-15,San Francisco,075,870044,195079,194654,13269,207923,1164
2023-02-15,San Joaquin,077,732212,209236,208935,16834,225769,2415
2023-02-15,San Luis Obispo,079,281455,66323,66209,8099,74308,559
2023-02-15,San Mateo,081,765935,182635,181782,11127,192909,749
2023-02-15,Santa Barbara,083,443738,111853,111692,7707,119399,760
2023-02-15,Santa Clara,085,1922200,473904,472011,21138,493149,2688
2023-02-15,Santa Cruz,087,273765,68183,68030,3911,71941,278
2023-02-15,Shasta,089,179085,36466,36385,8299,44684,606
2023-02-15,Sierra,091,2930,311,311,61,372,5
2023-02-15,Siskiyou,093,43540,5443,5433,3440,8873,95
2023-02-15,Solano,095,438530,113432,113211,8591,121802,481
2023-02-15,Sonoma,097,501317,113223,113031,5776,118807,548
2023-02-15,Stanislaus,099,539301,144679,144597,23008,167605,1842
2023-02-15,Sutter,101,95872,25659,25633,2539,28172,238
2023-02-15,Tehama,103,63373,14441,14421,3403,17824,222
2023-02-15,Trinity,105,12862,1473,1470,505,1975,24
2023-02-15,Tulare,107,460477,128047,127791,40274,168065,1567
2023-02-15,Tuolumne,109,53932,16841,16802,987,17789,203
2023-02-15,Ventura,111,848112,220452,220185,18063,238248,1664
2023-02-15,Yolo,113,214977,49915,49841,4878,54719,439
2023-02-15,Yuba,115,75493,19973,19958,1870,21828,134
2023-02-14,Alameda,001,1643700,377590,376312,22273,398585,2174
2023-02-14,Alpine,002,1148,139,139,4,143,0
2023-02-14,Amador,005,37829,10533,10524,966,11490,99
2023-02-14,Butte,007,227075,41619,41548,10214,51762,484
2023-02-14,Calaveras,009,45235,8966,8960,639,9599,140
2023-02-14,Colusa,011,21464,3962,3960,1344,5304,22
2023-02-14,Contra Costa,013,1133247,271634,270737,22304,293041,1542
2023-02-14,Del Norte,015,27424,7915,7892,466,8358,59
2023-02-14,El Dorado,017,186661,34469,34430,4537,38967,243
2023-02-14,Fresno,019,978130,293805,293104,34778,327882,2983
2023-02-14,Glenn,021,27897,5781,5773,2012,7785,58
2023-02-14,Humboldt,023,135768,23318,23276,5907,29183,169
2023-02-14,Imperial,025,180216,69782,69669,18853,88522,974
2023-02-14,Inyo,027,18085,4759,4752,1303,6055,63
2023-02-14,Kern,029,883053,229671,228953,72608,301561,2474
2023-02-14,Kings,031,150075,62733,62684,4467,67151,473
2023-02-14,Lake,033,64148,13611,13595,1279,14874,155
2023-02-14,Lassen,035,31185,10254,10246,1062,11308,66
2023-02-14,Los Angeles,037,10098052,3481803,3475808,216797,3692605,35250
2023-02-14,Madera,039,155013,46174,46098,8864,54962,377
2023-02-14,Marin,041,260295,48844,48759,5684,54443,317
2023-02-14,Mariposa,043,17540,3349,3342,359,3701,32
2023-02-14,Mendocino,045,87422,16842,16830,4826,21656,143
2023-02-14,Merced,047,269075,76745,76157,12794,88951,903
2023-02-14,Modoc,049,8938,954,953,369,1322,11
2023-02-14,Mono,051,14174,3319,3319,302,3621,8
2023-02-14,Monterey,053,433212,97895,97704,23725,121429,796
2023-02-14,Napa,055,140530,34296,34245,1525,35770,165
2023-02-14,Nevada,057,99092,20117,20088,2309,22397,132
2023-02-14,Orange,059,3164182,709839,707080,77540,784620,7892
2023-02-14,Placer,061,380077,80765,80615,10283,90898,682
2023-02-14,Plumas,063,18699,3821,3819,460,4279,14
2023-02-14,Riverside,065,2383286,733430,731962,41147,773109,6827
2023-02-14,Sacramento,067,1510023,369786,368833,37830,406663,3507
2023-02-14,San Benito,069,59416,17603,17566,1131,18697,115
2023-02-14,San Bernardino,071,2135413,708904,707191,34446,741637,8171
2023-02-14,San Diego,073,3302833,982023,981249,80363,1061612,5759
2023-02-14,San Francisco,075,870044,194995,194654,13259,207913,1164
2023-02-14,San Joaquin,077,732212,209162,208935,16826,225761,2415
2023-02-14,San Luis Obispo,079,281455,66311,66209,8097,74306,559
2023-02-14,San Mateo,081,765935,182552,181782,11119,192901,749
2023-02-14,Santa Barbara,083,443738,111820,111692,7703,119395,760
2023-02-14,Santa Clara,085,1922200,473702,472011,21124,493135,2688
2023-02-14,Santa Cruz,087,273765,68165,68030,3909,71939,278
2023-02-14,Shasta,089,179085,36465,36385,8298,44683,606
2023-02-14,Sierra,091,2930,311,311,61,372,5
2023-02-14,Siskiyou,093,43540,5441,5433,3439,8872,95
2023-02-14,Solano,095,438530,113377,113211,8589,121800,481
2023-02-14,Sonoma,097,501317,113178,113031,5770,118801,548
2023-02-14,Stanislaus,099,539301,144639,144597,22996,167593,1842
2023-02-14,Sutter,101,95872,25651,25633,2539,28172,238
2023-02-14,Tehama,103,63373,14437,14421,3403,17824,222
2023-02-14,Trinity,105,12862,1473,1470,505,1975,24
2023-02-14,Tulare,107,460477,128011,127791,40239,168030,1567
2023-02-14,Tuolumne,109,53932,16840,16802,987,17789,203
2023-02-14,Ventura,111,848112,220410,220185,18055,238240,1664
2023-02-14,Yolo,113,214977,49901,49841,4867,54708,439
2023-02-14,Yuba,115,75493,19967,19958,1868,21826,134
2023-02-13,Alameda,001,1643700,377407,375137,22232,397369,2162
2023-02-13,Alpine,002,1148,139,139,4,143,0
2023-02-13,Amador,005,37829,10527,10499,966,11465,99
2023-02-13,Butte,007,227075,41609,41466,10210,51676,486
2023-02-13,Calaveras,009,45235,8965,8942,639,9581,140
2023-02-13,Colusa,011,21464,3962,3949,1342,5291,22
2023-02-13,Contra Costa,013,1133247,271525,270063,22298,292361,1523
2023-02-13,Del Norte,015,27424,7913,7792,466,8258,58
2023-02-13,El Dorado,017,186661,34457,34358,4536,38894,243
2023-02-13,Fresno,019,978130,293727,292431,34760,327191,2979
2023-02-13,Glenn,021,27897,5781,5762,2008,7770,58
2023-02-13,Humboldt,023,135768,23312,23129,5905,29034,169
2023-02-13,Imperial,025,180216,69771,69511,18844,88355,974
2023-02-13,Inyo,027,18085,4756,4744,1303,6047,63
2023-02-13,Kern,029,883053,229606,228620,72560,301180,2470
2023-02-13,Kings,031,150075,62713,62582,4466,67048,471
2023-02-13,Lake,033,64148,13606,13570,1279,14849,151
2023-02-13,Lassen,035,31185,10254,10239,1062,11301,66
2023-02-13,Los Angeles,037,10098052,3480864,3469761,216588,3686349,35132
2023-02-13,Madera,039,155013,46162,46029,8857,54886,377
2023-02-13,Marin,041,260295,48828,48605,5677,54282,317
2023-02-13,Mariposa,043,17540,3347,3331,359,3690,32
2023-02-13,Mendocino,045,87422,16838,16793,4822,21615,142
2023-02-13,Merced,047,269075,76718,75938,12793,88731,903
2023-02-13,Modoc,049,8938,954,952,369,1321,11
2023-02-13,Mono,051,14174,3319,3318,302,3620,8
2023-02-13,Monterey,053,433212,97873,97486,23682,121168,794
2023-02-13,Napa,055,140530,34273,34145,1525,35670,165
2023-02-13,Nevada,057,99092,20113,20045,2307,22352,132
2023-02-13,Orange,059,3164182,709609,705665,77465,783130,7880
2023-02-13,Placer,061,380077,80737,80453,10281,90734,680
2023-02-13,Plumas,063,18699,3821,3817,460,4277,14
2023-02-13,Riverside,065,2383286,733266,730745,41106,771851,6813
2023-02-13,Sacramento,067,1510023,369661,368005,37800,405805,3503
2023-02-13,San Benito,069,59416,17595,17519,1126,18645,115
2023-02-13,San Bernardino,071,2135413,708771,706058,34431,740489,8170
2023-02-13,San Diego,073,3302833,981709,979002,80321,1059323,5745
2023-02-13,San Francisco,075,870044,194902,194077,13253,207330,1154
2023-02-13,San Joaquin,077,732212,209092,208426,16815,225241,2396
2023-02-13,San Luis Obispo,079,281455,66288,66055,8097,74152,552
2023-02-13,San Mateo,081,765935,182476,181227,11113,192340,749
2023-02-13,Santa Barbara,083,443738,111781,111455,7698,119153,759
2023-02-13,Santa Clara,085,1922200,473493,470539,21107,491646,2681
2023-02-13,Santa Cruz,087,273765,68143,67794,3903,71697,276
2023-02-13,Shasta,089,179085,36460,36352,8293,44645,605
2023-02-13,Sierra,091,2930,311,311,61,372,5
2023-02-13,Siskiyou,093,43540,5438,5420,3439,8859,95
2023-02-13,Solano,095,438530,113329,112930,8584,121514,482
2023-02-13,Sonoma,097,501317,113144,112766,5759,118525,549
2023-02-13,Stanislaus,099,539301,144591,144307,22976,167283,1838
2023-02-13,Sutter,101,95872,25644,25583,2538,28121,238
2023-02-13,Tehama,103,63373,14436,14396,3403,17799,222
2023-02-13,Trinity,105,12862,1473,1469,504,1973,24
2023-02-13,Tulare,107,460477,127983,127513,40217,167730,1567
2023-02-13,Tuolumne,109,53932,16835,16757,984,17741,203
2023-02-13,Ventura,111,848112,220360,219808,18049,237857,1662
2023-02-13,Yolo,113,214977,49887,49749,4864,54613,436
2023-02-13,Yuba,115,75493,19964,19930,1868,21798,134
2023-02-12,Alameda,001,1643700,377214,375137,22213,397350,2162
2023-02-12,Alpine,002,1148,139,139,4,143,0
2023-02-12,Amador,005,37829,10525,10499,965,11464,99
2023-02-12,Butte,007,227075,41598,41466,10202,51668,486
2023-02-12,Calaveras,009,45235,8964,8942,638,9580,140
2023-02-12,Colusa,011,21464,3962,3949,1342,5291,22
2023-02-12,Contra Costa,013,1133247,271411,270063,22287,292350,1523
2023-02-12,Del Norte,015,27424,7910,7792,466,8258,58
2023-02-12,El Dorado,017,186661,34443,34358,4536,38894,243
2023-02-12,Fresno,019,978130,293639,292431,34753,327184,2979
2023-02-12,Glenn,021,27897,5780,5762,2008,7770,58
2023-02-12,Humboldt,023,135768,23305,23129,5904,29033,169
2023-02-12,Imperial,025,180216,69744,69511,18826,88337,974
2023-02-12,Inyo,027,18085,4756,4744,1299,6043,63
2023-02-12,Kern,029,883053,229541,228620,72511,301131,2470
2023-02-12,Kings,031,150075,62701,62582,4465,67047,471
2023-02-12,Lake,033,64148,13601,13570,1279,14849,151
2023-02-12,Lassen,035,31185,10254,10239,1062,11301,66
2023-02-12,Los Angeles,037,10098052,3479819,3469761,216365,3686126,35132
2023-02-12,Madera,039,155013,46156,46029,8844,54873,377
2023-02-12,Marin,041,260295,48808,48605,5675,54280,317
2023-02-12,Mariposa,043,17540,3347,3331,359,3690,32
2023-02-12,Mendocino,045,87422,16833,16793,4821,21614,142
2023-02-12,Merced,047,269075,76684,75938,12786,88724,903
2023-02-12,Modoc,049,8938,954,952,369,1321,11
2023-02-12,Mono,051,14174,3319,3318,301,3619,8
2023-02-12,Monterey,053,433212,97831,97486,23657,121143,794
2023-02-12,Napa,055,140530,34259,34145,1525,35670,165
2023-02-12,Nevada,057,99092,20110,20045,2302,22347,132
2023-02-12,Orange,059,3164182,709380,705665,77365,783030,7880
2023-02-12,Placer,061,380077,80714,80453,10279,90732,680
2023-02-12,Plumas,063,18699,3820,3817,460,4277,14
2023-02-12,Riverside,065,2383286,733054,730745,41077,771822,6813
2023-02-12,Sacramento,067,1510023,369528,368005,37779,405784,3503
2023-02-12,San Benito,069,59416,17592,17519,1126,18645,115
2023-02-12,San Bernardino,071,2135413,708568,706058,34413,740471,8170
2023-02-12,San Diego,073,3302833,981308,979002,80260,1059262,5745
2023-02-12,San Francisco,075,870044,194788,194077,13237,207314,1154
2023-02-12,San Joaquin,077,732212,209004,208426,16798,225224,2396
2023-02-12,San Luis Obispo,079,281455,66259,66055,8097,74152,552
2023-02-12,San Mateo,081,765935,182367,181227,11105,192332,749
2023-02-12,Santa Barbara,083,443738,111752,111455,7693,119148,759
2023-02-12,Santa Clara,085,1922200,473251,470539,21095,491634,2681
2023-02-12,Santa Cruz,087,273765,68120,67794,3900,71694,276
2023-02-12,Shasta,089,179085,36455,36352,8290,44642,605
2023-02-12,Sierra,091,2930,311,311,61,372,5
2023-02-12,Siskiyou,093,43540,5438,5420,3437,8857,95
2023-02-12,Solano,095,438530,113287,112930,8578,121508,482
2023-02-12,Sonoma,097,501317,113087,112766,5756,118522,549
2023-02-12,Stanislaus,099,539301,144549,144307,22956,167263,1838
2023-02-12,Sutter,101,95872,25635,25583,2538,28121,238
2023-02-12,Tehama,103,63373,14434,14396,3402,17798,222
2023-02-12,Trinity,105,12862,1473,1469,504,1973,24
2023-02-12,Tulare,107,460477,127946,127513,40197,167710,1567
2023-02-12,Tuolumne,109,53932,16830,16757,984,17741,203
2023-02-12,Ventura,111,848112,220318,219808,18039,237847,1662
2023-02-12,Yolo,113,214977,49877,49749,4860,54609,436
2023-02-12,Yuba,115,75493,19957,19930,1866,21796,134
2023-02-11,Alameda,001,1643700,377098,375137,22205,397342,2162
2023-02-11,Alpine,002,1148,139,139,4,143,0
2023-02-11,Amador,005,37829,10523,10499,965,11464,99
2023-02-11,Butte,007,227075,41593,41466,10194,51660,486
2023-02-11,Calaveras,009,45235,8961,8942,638,9580,140
2023-02-11,Colusa,011,21464,3962,3949,1342,5291,22
2023-02-11,Contra Costa,013,1133247,271335,270063,22284,292347,1523
2023-02-11,Del Norte,015,27424,7910,7792,466,8258,58
2023-02-11,El Dorado,017,186661,34437,34358,4535,38893,243
2023-02-11,Fresno,019,978130,293598,292431,34746,327177,2979
2023-02-11,Glenn,021,27897,5778,5762,2008,7770,58
2023-02-11,Humboldt,023,135768,23299,23129,5903,29032,169
2023-02-11,Imperial,025,180216,69737,69511,18825,88336,974
2023-02-11,Inyo,027,18085,4756,4744,1298,6042,63
2023-02-11,Kern,029,883053,229513,228620,72479,301099,2470
2023-02-11,Kings,031,150075,62699,62582,4464,67046,471
2023-02-11,Lake,033,64148,13599,13570,1279,14849,151
2023-02-11,Lassen,035,31185,10253,10239,1062,11301,66
2023-02-11,Los Angeles,037,10098052,3479191,3469761,216249,3686010,35132
2023-02-11,Madera,039,155013,46155,46029,8844,54873,377
2023-02-11,Marin,041,260295,48791,48605,5673,54278,317
2023-02-11,Mariposa,043,17540,3347,3331,359,3690,32
2023-02-11,Mendocino,045,87422,16832,16793,4821,21614,142
2023-02-11,Merced,047,269075,76675,75938,12779,88717,903
2023-02-11,Modoc,049,8938,954,952,369,1321,11
2023-02-11,Mono,051,14174,3319,3318,301,3619,8
2023-02-11,Monterey,053,433212,97803,97486,23640,121126,794
2023-02-11,Napa,055,140530,34254,34145,1525,35670,165
2023-02-11,Nevada,057,99092,20104,20045,2298,22343,132
2023-02-11,Orange,059,3164182,709248,705665,77310,782975,7880
2023-02-11,Placer,061,380077,80690,80453,10279,90732,680
2023-02-11,Plumas,063,18699,3820,3817,460,4277,14
2023-02-11,Riverside,065,2383286,732950,730745,41053,771798,6813
2023-02-11,Sacramento,067,1510023,369458,368005,37771,405776,3503
2023-02-11,San Benito,069,59416,17587,17519,1126,18645,115
2023-02-11,San Bernardino,071,2135413,708476,706058,34400,740458,8170
2023-02-11,San Diego,073,3302833,981155,979002,80246,1059248,5745
2023-02-11,San Francisco,075,870044,194719,194077,13236,207313,1154
2023-02-11,San Joaquin,077,732212,208970,208426,16793,225219,2396
2023-02-11,San Luis Obispo,079,281455,66247,66055,8097,74152,552
2023-02-11,San Mateo,081,765935,182318,181227,11101,192328,749
2023-02-11,Santa Barbara,083,443738,111727,111455,7692,119147,759
2023-02-11,Santa Clara,085,1922200,473121,470539,21087,491626,2681
2023-02-11,Santa Cruz,087,273765,68103,67794,3900,71694,276
2023-02-11,Shasta,089,179085,36452,36352,8288,44640,605
2023-02-11,Sierra,091,2930,311,311,61,372,5
2023-02-11,Siskiyou,093,43540,5436,5420,3437,8857,95
2023-02-11,Solano,095,438530,113273,112930,8577,121507,482
2023-02-11,Sonoma,097,501317,113062,112766,5753,118519,549
2023-02-11,Stanislaus,099,539301,144516,144307,22955,167262,1838
2023-02-11,Sutter,101,95872,25627,25583,2538,28121,238
2023-02-11,Tehama,103,63373,14433,14396,3402,17798,222
2023-02-11,Trinity,105,12862,1472,1469,504,1973,24
2023-02-11,Tulare,107,460477,127923,127513,40187,167700,1567
2023-02-11,Tuolumne,109,53932,16821,16757,984,17741,203
2023-02-11,Ventura,111,848112,220295,219808,18037,237845,1662
2023-02-11,Yolo,113,214977,49869,49749,4858,54607,436
2023-02-11,Yuba,115,75493,19956,19930,1865,21795,134
2023-02-10,Alameda,001,1643700,377015,375137,22190,397327,2162
2023-02-10,Alpine,002,1148,139,139,4,143,0
2023-02-10,Amador,005,37829,10522,10499,965,11464,99
2023-02-10,Butte,007,227075,41587,41466,10193,51659,486
2023-02-10,Calaveras,009,45235,8959,8942,638,9580,140
2023-02-10,Colusa,011,21464,3959,3949,1342,5291,22
2023-02-10,Contra Costa,013,1133247,271266,270063,22277,292340,1523
2023-02-10,Del Norte,015,27424,7907,7792,466,8258,58
2023-02-10,El Dorado,017,186661,34432,34358,4535,38893,243
2023-02-10,Fresno,019,978130,293548,292431,34742,327173,2979
2023-02-10,Glenn,021,27897,5775,5762,2006,7768,58
2023-02-10,Humboldt,023,135768,23298,23129,5902,29031,169
2023-02-10,Imperial,025,180216,69722,69511,18825,88336,974
2023-02-10,Inyo,027,18085,4756,4744,1298,6042,63
2023-02-10,Kern,029,883053,229478,228620,72447,301067,2470
2023-02-10,Kings,031,150075,62695,62582,4463,67045,471
2023-02-10,Lake,033,64148,13597,13570,1279,14849,151
2023-02-10,Lassen,035,31185,10252,10239,1062,11301,66
2023-02-10,Los Angeles,037,10098052,3478563,3469761,216108,3685869,35132
2023-02-10,Madera,039,155013,46150,46029,8843,54872,377
2023-02-10,Marin,041,260295,48772,48605,5672,54277,317
2023-02-10,Mariposa,043,17540,3347,3331,359,3690,32
2023-02-10,Mendocino,045,87422,16830,16793,4821,21614,142
2023-02-10,Merced,047,269075,76649,75938,12776,88714,903
2023-02-10,Modoc,049,8938,954,952,369,1321,11
2023-02-10,Mono,051,14174,3319,3318,301,3619,8
2023-02-10,Monterey,053,433212,97783,97486,23621,121107,794
2023-02-10,Napa,055,140530,34247,34145,1525,35670,165
2023-02-10,Nevada,057,99092,20098,20045,2297,22342,132
2023-02-10,Orange,059,3164182,709107,705665,77255,782920,7880
2023-02-10,Placer,061,380077,80680,80453,10278,90731,680
2023-02-10,Plumas,063,18699,3819,3817,460,4277,14
2023-02-10,Riverside,065,2383286,732828,730745,41031,771776,6813
2023-02-10,Sacramento,067,1510023,369363,368005,37767,405772,3503
2023-02-10,San Benito,069,59416,17584,17519,1126,18645,115
2023-02-10,San Bernardino,071,2135413,708354,706058,34393,740451,8170
2023-02-10,San Diego,073,3302833,980975,979002,80231,1059233,5745
2023-02-10,San Francisco,075,870044,194661,194077,13227,207304,1154
2023-02-10,San Joaquin,077,732212,208921,208426,16775,225201,2396
2023-02-10,San Luis Obispo,079,281455,66234,66055,8095,74150,552
2023-02-10,San Mateo,081,765935,182252,181227,11096,192323,749
2023-02-10,Santa Barbara,083,443738,111704,111455,7691,119146,759
2023-02-10,Santa Clara,085,1922200,472996,470539,21080,491619,2681
2023-02-10,Santa Cruz,087,273765,68070,67794,3900,71694,276
2023-02-10,Shasta,089,179085,36448,36352,8288,44640,605
2023-02-10,Sierra,091,2930,311,311,61,372,5
2023-02-10,Siskiyou,093,43540,5434,5420,3437,8857,95
2023-02-10,Solano,095,438530,113251,112930,8577,121507,482
2023-02-10,Sonoma,097,501317,113046,112766,5752,118518,549
2023-02-10,Stanislaus,099,539301,144499,144307,22950,167257,1838
2023-02-10,Sutter,101,95872,25619,25583,2538,28121,238
2023-02-10,Tehama,103,63373,14431,14396,3401,17797,222
2023-02-10,Trinity,105,12862,1472,1469,504,1973,24
2023-02-10,Tulare,107,460477,127896,127513,40178,167691,1567
2023-02-10,Tuolumne,109,53932,16818,16757,983,17740,203
2023-02-10,Ventura,111,848112,220263,219808,18032,237840,1662
2023-02-10,Yolo,113,214977,49864,49749,4852,54601,436
2023-02-10,Yuba,115,75493,19954,19930,1864,21794,134
2023-02-09,Alameda,001,1643700,376841,375137,22178,397315,2162
2023-02-09,Alpine,002,1148,139,139,4,143,0
2023-02-09,Amador,005,37829,10517,10499,965,11464,99
2023-02-09,Butte,007,227075,41575,41466,10184,51650,486
2023-02-09,Calaveras,009,45235,8958,8942,638,9580,140
2023-02-09,Colusa,011,21464,3959,3949,1342,5291,22
2023-02-09,Contra Costa,013,1133247,271165,270063,22270,292333,1523
2023-02-09,Del Norte,015,27424,7904,7792,466,8258,58
2023-02-09,El Dorado,017,186661,34427,34358,4534,38892,243
2023-02-09,Fresno,019,978130,293492,292431,34731,327162,2979
2023-02-09,Glenn,021,27897,5773,5762,2004,7766,58
2023-02-09,Humboldt,023,135768,23293,23129,5899,29028,169
2023-02-09,Imperial,025,180216,69706,69511,18818,88329,974
2023-02-09,Inyo,027,18085,4755,4744,1296,6040,63
2023-02-09,Kern,029,883053,229421,228620,72397,301017,2470
2023-02-09,Kings,031,150075,62674,62582,4462,67044,471
2023-02-09,Lake,033,64148,13595,13570,1279,14849,151
2023-02-09,Lassen,035,31185,10251,10239,1062,11301,66
2023-02-09,Los Angeles,037,10098052,3477745,3469761,215904,3685665,35132
2023-02-09,Madera,039,155013,46134,46029,8834,54863,377
2023-02-09,Marin,041,260295,48751,48605,5672,54277,317
2023-02-09,Mariposa,043,17540,3347,3331,359,3690,32
2023-02-09,Mendocino,045,87422,16825,16793,4821,21614,142
2023-02-09,Merced,047,269075,76631,75938,12773,88711,903
2023-02-09,Modoc,049,8938,954,952,369,1321,11
2023-02-09,Mono,051,14174,3318,3318,301,3619,8
2023-02-09,Monterey,053,433212,97749,97486,23581,121067,794
2023-02-09,Napa,055,140530,34229,34145,1524,35669,165
2023-02-09,Nevada,057,99092,20092,20045,2295,22340,132
2023-02-09,Orange,059,3164182,708905,705665,77188,782853,7880
2023-02-09,Placer,061,380077,80663,80453,10276,90729,680
2023-02-09,Plumas,063,18699,3818,3817,460,4277,14
2023-02-09,Riverside,065,2383286,732679,730745,41002,771747,6813
2023-02-09,Sacramento,067,1510023,369233,368005,37743,405748,3503
2023-02-09,San Benito,069,59416,17573,17519,1126,18645,115
2023-02-09,San Bernardino,071,2135413,708221,706058,34373,740431,8170
2023-02-09,San Diego,073,3302833,980702,979002,80185,1059187,5745
2023-02-09,San Francisco,075,870044,194563,194077,13214,207291,1154
2023-02-09,San Joaquin,077,732212,208856,208426,16765,225191,2396
2023-02-09,San Luis Obispo,079,281455,66219,66055,8092,74147,552
2023-02-09,San Mateo,081,765935,182175,181227,11090,192317,749
2023-02-09,Santa Barbara,083,443738,111678,111455,7682,119137,759
2023-02-09,Santa Clara,085,1922200,472771,470539,21064,491603,2681
2023-02-09,Santa Cruz,087,273765,68009,67794,3895,71689,276
2023-02-09,Shasta,089,179085,36445,36352,8284,44636,605
2023-02-09,Sierra,091,2930,311,311,61,372,5
2023-02-09,Siskiyou,093,43540,5433,5420,3437,8857,95
2023-02-09,Solano,095,438530,113213,112930,8575,121505,482
2023-02-09,Sonoma,097,501317,113021,112766,5750,118516,549
2023-02-09,Stanislaus,099,539301,144459,144307,22936,167243,1838
2023-02-09,Sutter,101,95872,25615,25583,2538,28121,238
2023-02-09,Tehama,103,63373,14428,14396,3401,17797,222
2023-02-09,Trinity,105,12862,1472,1469,504,1973,24
2023-02-09,Tulare,107,460477,127851,127513,40151,167664,1567
2023-02-09,Tuolumne,109,53932,16814,16757,983,17740,203
2023-02-09,Ventura,111,848112,220221,219808,18022,237830,1662
2023-02-09,Yolo,113,214977,49849,49749,4846,54595,436
2023-02-09,Yuba,115,75493,19950,19930,1863,21793,134
2023-02-08,Alameda,001,1643700,376669,375137,22166,397303,2162
2023-02-08,Alpine,002,1148,139,139,4,143,0
2023-02-08,Amador,005,37829,10512,10499,965,11464,99
2023-02-08,Butte,007,227075,41562,41466,10173,51639,486
2023-02-08,Calaveras,009,45235,8956,8942,638,9580,140
2023-02-08,Colusa,011,21464,3958,3949,1342,5291,22
2023-02-08,Contra Costa,013,1133247,271056,270063,22262,292325,1523
2023-02-08,Del Norte,015,27424,7901,7792,466,8258,58
2023-02-08,El Dorado,017,186661,34418,34358,4533,38891,243
2023-02-08,Fresno,019,978130,293413,292431,34707,327138,2979
2023-02-08,Glenn,021,27897,5772,5762,2003,7765,58
2023-02-08,Humboldt,023,135768,23287,23129,5896,29025,169
2023-02-08,Imperial,025,180216,69688,69511,18816,88327,974
2023-02-08,Inyo,027,18085,4755,4744,1294,6038,63
2023-02-08,Kern,029,883053,229380,228620,72344,300964,2470
2023-02-08,Kings,031,150075,62654,62582,4459,67041,471
2023-02-08,Lake,033,64148,13595,13570,1278,14848,151
2023-02-08,Lassen,035,31185,10250,10239,1062,11301,66
2023-02-08,Los Angeles,037,10098052,3476892,3469761,215696,3685457,35132
2023-02-08,Madera,039,155013,46126,46029,8833,54862,377
2023-02-08,Marin,041,260295,48726,48605,5670,54275,317
2023-02-08,Mariposa,043,17540,3345,3331,359,3690,32
2023-02-08,Mendocino,045,87422,16823,16793,4821,21614,142
2023-02-08,Merced,047,269075,76606,75938,12765,88703,903
2023-02-08,Modoc,049,8938,954,952,369,1321,11
2023-02-08,Mono,051,14174,3318,3318,300,3618,8
2023-02-08,Monterey,053,433212,97718,97486,23544,121030,794
2023-02-08,Napa,055,140530,34210,34145,1524,35669,165
2023-02-08,Nevada,057,99092,20086,20045,2293,22338,132
2023-02-08,Orange,059,3164182,708709,705665,77119,782784,7880
2023-02-08,Placer,061,380077,80627,80453,10274,90727,680
2023-02-08,Plumas,063,18699,3818,3817,460,4277,14
2023-02-08,Riverside,065,2383286,732511,730745,40979,771724,6813
2023-02-08,Sacramento,067,1510023,369122,368005,37720,405725,3503
2023-02-08,San Benito,069,59416,17569,17519,1124,18643,115
2023-02-08,San Bernardino,071,2135413,708079,706058,34357,740415,8170
2023-02-08,San Diego,073,3302833,980394,979002,80133,1059135,5745
2023-02-08,San Francisco,075,870044,194471,194077,13210,207287,1154
2023-02-08,San Joaquin,077,732212,208768,208426,16758,225184,2396
2023-02-08,San Luis Obispo,079,281455,66196,66055,8087,74142,552
2023-02-08,San Mateo,081,765935,182104,181227,11084,192311,749
2023-02-08,Santa Barbara,083,443738,111651,111455,7677,119132,759
2023-02-08,Santa Clara,085,1922200,472577,470539,21051,491590,2681
2023-02-08,Santa Cruz,087,273765,67983,67794,3891,71685,276
2023-02-08,Shasta,089,179085,36442,36352,8280,44632,605
2023-02-08,Sierra,091,2930,311,311,61,372,5
2023-02-08,Siskiyou,093,43540,5433,5420,3437,8857,95
2023-02-08,Solano,095,438530,113163,112930,8571,121501,482
2023-02-08,Sonoma,097,501317,112986,112766,5749,118515,549
2023-02-08,Stanislaus,099,539301,144414,144307,22922,167229,1838
2023-02-08,Sutter,101,95872,25607,25583,2537,28120,238
2023-02-08,Tehama,103,63373,14427,14396,3400,17796,222
2023-02-08,Trinity,105,12862,1472,1469,504,1973,24
2023-02-08,Tulare,107,460477,127809,127513,40130,167643,1567
2023-02-08,Tuolumne,109,53932,16806,16757,983,17740,203
2023-02-08,Ventura,111,848112,220159,219808,18015,237823,1662
2023-02-08,Yolo,113,214977,49845,49749,4842,54591,436
2023-02-08,Yuba,115,75493,19941,19930,1862,21792,134
2023-02-07,Alameda,001,1643700,376495,375137,22155,397292,2162
2023-02-07,Alpine,002,1148,139,139,4,143,0
2023-02-07,Amador,005,37829,10510,10499,965,11464,99
2023-02-07,Butte,007,227075,41546,41466,10164,51630,486
2023-02-07,Calaveras,009,45235,8955,8942,638,9580,140
2023-02-07,Colusa,011,21464,3955,3949,1342,5291,22
2023-02-07,Contra Costa,013,1133247,270932,270063,22251,292314,1523
2023-02-07,Del Norte,015,27424,7897,7792,466,8258,58
2023-02-07,El Dorado,017,186661,34406,34358,4530,38888,243
2023-02-07,Fresno,019,978130,293338,292431,34688,327119,2979
2023-02-07,Glenn,021,27897,5771,5762,2001,7763,58
2023-02-07,Humboldt,023,135768,23282,23129,5893,29022,169
2023-02-07,Imperial,025,180216,69658,69511,18811,88322,974
2023-02-07,Inyo,027,18085,4754,4744,1291,6035,63
2023-02-07,Kern,029,883053,229328,228620,72274,300894,2470
2023-02-07,Kings,031,150075,62642,62582,4456,67038,471
2023-02-07,Lake,033,64148,13591,13570,1278,14848,151
2023-02-07,Lassen,035,31185,10249,10239,1062,11301,66
2023-02-07,Los Angeles,037,10098052,3475902,3469761,215482,3685243,35132
2023-02-07,Madera,039,155013,46114,46029,8824,54853,377
2023-02-07,Marin,041,260295,48707,48605,5669,54274,317
2023-02-07,Mariposa,043,17540,3344,3331,359,3690,32
2023-02-07,Mendocino,045,87422,16818,16793,4821,21614,142
2023-02-07,Merced,047,269075,76579,75938,12759,88697,903
2023-02-07,Modoc,049,8938,954,952,369,1321,11
2023-02-07,Mono,051,14174,3318,3318,300,3618,8
2023-02-07,Monterey,053,433212,97691,97486,23508,120994,794
2023-02-07,Napa,055,140530,34199,34145,1524,35669,165
2023-02-07,Nevada,057,99092,20078,20045,2291,22336,132
2023-02-07,Orange,059,3164182,708466,705665,77053,782718,7880
2023-02-07,Placer,061,380077,80596,80453,10272,90725,680
2023-02-07,Plumas,063,18699,3818,3817,460,4277,14
2023-02-07,Riverside,065,2383286,732342,730745,40942,771687,6813
2023-02-07,Sacramento,067,1510023,368967,368005,37697,405702,3503
2023-02-07,San Benito,069,59416,17562,17519,1123,18642,115
2023-02-07,San Bernardino,071,2135413,707907,706058,34331,740389,8170
2023-02-07,San Diego,073,3302833,980085,979002,80085,1059087,5745
2023-02-07,San Francisco,075,870044,194383,194077,13210,207287,1154
2023-02-07,San Joaquin,077,732212,208704,208426,16743,225169,2396
2023-02-07,San Luis Obispo,079,281455,66176,66055,8085,74140,552
2023-02-07,San Mateo,081,765935,182042,181227,11082,192309,749
2023-02-07,Santa Barbara,083,443738,111626,111455,7670,119125,759
2023-02-07,Santa Clara,085,1922200,472330,470539,21037,491576,2681
2023-02-07,Santa Cruz,087,273765,67955,67794,3887,71681,276
2023-02-07,Shasta,089,179085,36432,36352,8274,44626,605
2023-02-07,Sierra,091,2930,311,311,61,372,5
2023-02-07,Siskiyou,093,43540,5431,5420,3437,8857,95
2023-02-07,Solano,095,438530,113122,112930,8567,121497,482
2023-02-07,Sonoma,097,501317,112945,112766,5742,118508,549
2023-02-07,Stanislaus,099,539301,144365,144307,22909,167216,1838
2023-02-07,Sutter,101,95872,25603,25583,2537,28120,238
2023-02-07,Tehama,103,63373,14423,14396,3399,17795,222
2023-02-07,Trinity,105,12862,1472,1469,504,1973,24
2023-02-07,Tulare,107,460477,127769,127513,40106,167619,1567
2023-02-07,Tuolumne,109,53932,16801,16757,983,17740,203
2023-02-07,Ventura,111,848112,220109,219808,18003,237811,1662
2023-02-07,Yolo,113,214977,49832,49749,4842,54591,436
2023-02-07,Yuba,115,75493,19940,19930,1859,21789,134
2023-02-06,Alameda,001,1643700,376288,374080,22130,396210,2153
2023-02-06,Alpine,002,1148,139,139,4,143,0
2023-02-06,Amador,005,37829,10508,10469,965,11434,98
2023-02-06,Butte,007,227075,41523,41393,10158,51551,486
2023-02-06,Calaveras,009,45235,8951,8925,638,9563,140
2023-02-06,Colusa,011,21464,3954,3942,1342,5284,22
2023-02-06,Contra Costa,013,1133247,270822,269280,22240,291520,1522
2023-02-06,Del Norte,015,27424,7894,7749,466,8215,58
2023-02-06,El Dorado,017,186661,34392,34310,4529,38839,240
2023-02-06,Fresno,019,978130,293257,291147,34670,325817,2969
2023-02-06,Glenn,021,27897,5770,5754,2000,7754,58
2023-02-06,Humboldt,023,135768,23275,23081,5885,28966,169
2023-02-06,Imperial,025,180216,69629,69391,18795,88186,974
2023-02-06,Inyo,027,18085,4751,4733,1291,6024,63
2023-02-06,Kern,029,883053,229279,228236,72216,300452,2470
2023-02-06,Kings,031,150075,62625,62444,4454,66898,470
2023-02-06,Lake,033,64148,13586,13542,1277,14819,151
2023-02-06,Lassen,035,31185,10249,10232,1062,11294,66
2023-02-06,Los Angeles,037,10098052,3474947,3463362,215288,3678650,35040
2023-02-06,Madera,039,155013,46102,45956,8822,54778,377
2023-02-06,Marin,041,260295,48685,48478,5669,54147,317
2023-02-06,Mariposa,043,17540,3344,3330,359,3689,32
2023-02-06,Mendocino,045,87422,16810,16755,4821,21576,142
2023-02-06,Merced,047,269075,76551,75741,12747,88488,903
2023-02-06,Modoc,049,8938,954,951,369,1320,11
2023-02-06,Mono,051,14174,3318,3313,300,3613,8
2023-02-06,Monterey,053,433212,97650,97259,23465,120724,790
2023-02-06,Napa,055,140530,34181,34034,1523,35557,165
2023-02-06,Nevada,057,99092,20076,20012,2287,22299,132
2023-02-06,Orange,059,3164182,708231,704157,76966,781123,7806
2023-02-06,Placer,061,380077,80576,80269,10270,90539,679
2023-02-06,Plumas,063,18699,3818,3814,460,4274,14
2023-02-06,Riverside,065,2383286,732172,729601,40897,770498,6789
2023-02-06,Sacramento,067,1510023,368842,367271,37665,404936,3487
2023-02-06,San Benito,069,59416,17552,17469,1122,18591,115
2023-02-06,San Bernardino,071,2135413,707751,704949,34309,739258,8170
2023-02-06,San Diego,073,3302833,979686,976987,80022,1057009,5728
2023-02-06,San Francisco,075,870044,194309,193361,13197,206558,1152
2023-02-06,San Joaquin,077,732212,208635,208068,16738,224806,2395
2023-02-06,San Luis Obispo,079,281455,66155,65882,8083,73965,549
2023-02-06,San Mateo,081,765935,181955,180691,11076,191767,749
2023-02-06,Santa Barbara,083,443738,111593,111213,7660,118873,758
2023-02-06,Santa Clara,085,1922200,472120,469329,21017,490346,2672
2023-02-06,Santa Cruz,087,273765,67937,67589,3886,71475,277
2023-02-06,Shasta,089,179085,36427,36324,8270,44594,605
2023-02-06,Sierra,091,2930,311,311,61,372,5
2023-02-06,Siskiyou,093,43540,5427,5407,3436,8843,95
2023-02-06,Solano,095,438530,113069,112466,8559,121025,482
2023-02-06,Sonoma,097,501317,112911,112508,5734,118242,544
2023-02-06,Stanislaus,099,539301,144323,143982,22896,166878,1827
2023-02-06,Sutter,101,95872,25598,25528,2537,28065,237
2023-02-06,Tehama,103,63373,14420,14379,3395,17774,222
2023-02-06,Trinity,105,12862,1472,1468,504,1972,24
2023-02-06,Tulare,107,460477,127736,127199,40081,167280,1562
2023-02-06,Tuolumne,109,53932,16797,16709,983,17692,203
2023-02-06,Ventura,111,848112,220044,219465,17987,237452,1659
2023-02-06,Yolo,113,214977,49812,49661,4839,54500,436
2023-02-06,Yuba,115,75493,19933,19907,1859,21766,134
2023-02-05,Alameda,001,1643700,376059,374080,22114,396194,2153
2023-02-05,Alpine,002,1148,139,139,4,143,0
2023-02-05,Amador,005,37829,10507,10469,965,11434,98
2023-02-05,Butte,007,227075,41501,41393,10150,51543,486
2023-02-05,Calaveras,009,45235,8949,8925,638,9563,140
2023-02-05,Colusa,011,21464,3951,3942,1341,5283,22
2023-02-05,Contra Costa,013,1133247,270678,269280,22231,291511,1522
2023-02-05,Del Norte,015,27424,7873,7749,464,8213,58
2023-02-05,El Dorado,017,186661,34381,34310,4526,38836,240
2023-02-05,Fresno,019,978130,293147,291147,34642,325789,2969
2023-02-05,Glenn,021,27897,5769,5754,2000,7754,58
2023-02-05,Humboldt,023,135768,23267,23081,5876,28957,169
2023-02-05,Imperial,025,180216,69606,69391,18776,88167,974
2023-02-05,Inyo,027,18085,4749,4733,1288,6021,63
2023-02-05,Kern,029,883053,229220,228236,72140,300376,2470
2023-02-05,Kings,031,150075,62600,62444,4453,66897,470
2023-02-05,Lake,033,64148,13577,13542,1277,14819,151
2023-02-05,Lassen,035,31185,10247,10232,1062,11294,66
2023-02-05,Los Angeles,037,10098052,3473812,3463362,215062,3678424,35040
2023-02-05,Madera,039,155013,46093,45956,8816,54772,377
2023-02-05,Marin,041,260295,48658,48478,5669,54147,317
2023-02-05,Mariposa,043,17540,3344,3330,359,3689,32
2023-02-05,Mendocino,045,87422,16805,16755,4818,21573,142
2023-02-05,Merced,047,269075,76522,75741,12738,88479,903
2023-02-05,Modoc,049,8938,953,951,369,1320,11
2023-02-05,Mono,051,14174,3318,3313,300,3613,8
2023-02-05,Monterey,053,433212,97615,97259,23421,120680,790
2023-02-05,Napa,055,140530,34153,34034,1522,35556,165
2023-02-05,Nevada,057,99092,20069,20012,2283,22295,132
2023-02-05,Orange,059,3164182,707995,704157,76887,781044,7806
2023-02-05,Placer,061,380077,80548,80269,10269,90538,679
2023-02-05,Plumas,063,18699,3818,3814,460,4274,14
2023-02-05,Riverside,065,2383286,731962,729601,40864,770465,6789
2023-02-05,Sacramento,067,1510023,368680,367271,37635,404906,3487
2023-02-05,San Benito,069,59416,17543,17469,1121,18590,115
2023-02-05,San Bernardino,071,2135413,707544,704949,34287,739236,8170
2023-02-05,San Diego,073,3302833,979298,976987,79944,1056931,5728
2023-02-05,San Francisco,075,870044,194202,193361,13185,206546,1152
2023-02-05,San Joaquin,077,732212,208532,208068,16728,224796,2395
2023-02-05,San Luis Obispo,079,281455,66122,65882,8077,73959,549
2023-02-05,San Mateo,081,765935,181858,180691,11068,191759,749
2023-02-05,Santa Barbara,083,443738,111552,111213,7655,118868,758
2023-02-05,Santa Clara,085,1922200,471866,469329,20990,490319,2672
2023-02-05,Santa Cruz,087,273765,67893,67589,3877,71466,277
2023-02-05,Shasta,089,179085,36426,36324,8268,44592,605
2023-02-05,Sierra,091,2930,311,311,61,372,5
2023-02-05,Siskiyou,093,43540,5426,5407,3435,8842,95
2023-02-05,Solano,095,438530,112993,112466,8554,121020,482
2023-02-05,Sonoma,097,501317,112869,112508,5731,118239,544
2023-02-05,Stanislaus,099,539301,144271,143982,22864,166846,1827
2023-02-05,Sutter,101,95872,25584,25528,2537,28065,237
2023-02-05,Tehama,103,63373,14416,14379,3394,17773,222
2023-02-05,Trinity,105,12862,1472,1468,504,1972,24
2023-02-05,Tulare,107,460477,127679,127199,40049,167248,1562
2023-02-05,Tuolumne,109,53932,16792,16709,983,17692,203
2023-02-05,Ventura,111,848112,219981,219465,17972,237437,1659
2023-02-05,Yolo,113,214977,49791,49661,4837,54498,436
2023-02-05,Yuba,115,75493,19925,19907,1856,21763,134
2023-02-04,Alameda,001,1643700,375941,374080,22106,396186,2153
2023-02-04,Alpine,002,1148,139,139,4,143,0
2023-02-04,Amador,005,37829,10500,10469,965,11434,98
2023-02-04,Butte,007,227075,41491,41393,10143,51536,486
2023-02-04,Calaveras,009,45235,8948,8925,638,9563,140
2023-02-04,Colusa,011,21464,3951,3942,1340,5282,22
2023-02-04,Contra Costa,013,1133247,270606,269280,22230,291510,1522
2023-02-04,Del Norte,015,27424,7872,7749,463,8212,58
2023-02-04,El Dorado,017,186661,34375,34310,4526,38836,240
2023-02-04,Fresno,019,978130,293095,291147,34639,325786,2969
2023-02-04,Glenn,021,27897,5767,5754,2000,7754,58
2023-02-04,Humboldt,023,135768,23264,23081,5876,28957,169
2023-02-04,Imperial,025,180216,69594,69391,18776,88167,974
2023-02-04,Inyo,027,18085,4749,4733,1288,6021,63
2023-02-04,Kern,029,883053,229188,228236,72107,300343,2470
2023-02-04,Kings,031,150075,62592,62444,4453,66897,470
2023-02-04,Lake,033,64148,13574,13542,1277,14819,151
2023-02-04,Lassen,035,31185,10247,10232,1062,11294,66
2023-02-04,Los Angeles,037,10098052,3473197,3463362,214940,3678302,35040
2023-02-04,Madera,039,155013,46087,45956,8816,54772,377
2023-02-04,Marin,041,260295,48644,48478,5667,54145,317
2023-02-04,Mariposa,043,17540,3344,3330,359,3689,32
2023-02-04,Mendocino,045,87422,16805,16755,4818,21573,142
2023-02-04,Merced,047,269075,76502,75741,12738,88479,903
2023-02-04,Modoc,049,8938,953,951,369,1320,11
2023-02-04,Mono,051,14174,3318,3313,300,3613,8
2023-02-04,Monterey,053,433212,97593,97259,23398,120657,790
2023-02-04,Napa,055,140530,34143,34034,1522,35556,165
2023-02-04,Nevada,057,99092,20066,20012,2283,22295,132
2023-02-04,Orange,059,3164182,707876,704157,76849,781006,7806
2023-02-04,Placer,061,380077,80530,80269,10268,90537,679
2023-02-04,Plumas,063,18699,3817,3814,459,4273,14
2023-02-04,Riverside,065,2383286,731841,729601,40850,770451,6789
2023-02-04,Sacramento,067,1510023,368611,367271,37632,404903,3487
2023-02-04,San Benito,069,59416,17536,17469,1121,18590,115
2023-02-04,San Bernardino,071,2135413,707408,704949,34275,739224,8170
2023-02-04,San Diego,073,3302833,979135,976987,79916,1056903,5728
2023-02-04,San Francisco,075,870044,194143,193361,13180,206541,1152
2023-02-04,San Joaquin,077,732212,208485,208068,16716,224784,2395
2023-02-04,San Luis Obispo,079,281455,66117,65882,8071,73953,549
2023-02-04,San Mateo,081,765935,181793,180691,11065,191756,749
2023-02-04,Santa Barbara,083,443738,111527,111213,7652,118865,758
2023-02-04,Santa Clara,085,1922200,471745,469329,20980,490309,2672
2023-02-04,Santa Cruz,087,273765,67878,67589,3876,71465,277
2023-02-04,Shasta,089,179085,36424,36324,8265,44589,605
2023-02-04,Sierra,091,2930,311,311,61,372,5
2023-02-04,Siskiyou,093,43540,5424,5407,3435,8842,95
2023-02-04,Solano,095,438530,112970,112466,8549,121015,482
2023-02-04,Sonoma,097,501317,112842,112508,5731,118239,544
2023-02-04,Stanislaus,099,539301,144242,143982,22854,166836,1827
2023-02-04,Sutter,101,95872,25580,25528,2537,28065,237
2023-02-04,Tehama,103,63373,14414,14379,3393,17772,222
2023-02-04,Trinity,105,12862,1472,1468,504,1972,24
2023-02-04,Tulare,107,460477,127657,127199,40035,167234,1562
2023-02-04,Tuolumne,109,53932,16780,16709,982,17691,203
2023-02-04,Ventura,111,848112,219942,219465,17965,237430,1659
2023-02-04,Yolo,113,214977,49784,49661,4833,54494,436
2023-02-04,Yuba,115,75493,19922,19907,1855,21762,134
2023-02-03,Alameda,001,1643700,375838,374080,22096,396176,2153
2023-02-03,Alpine,002,1148,139,139,4,143,0
2023-02-03,Amador,005,37829,10499,10469,965,11434,98
2023-02-03,Butte,007,227075,41485,41393,10138,51531,486
2023-02-03,Calaveras,009,45235,8947,8925,638,9563,140
2023-02-03,Colusa,011,21464,3951,3942,1340,5282,22
2023-02-03,Contra Costa,013,1133247,270540,269280,22227,291507,1522
2023-02-03,Del Norte,015,27424,7872,7749,463,8212,58
2023-02-03,El Dorado,017,186661,34371,34310,4525,38835,240
2023-02-03,Fresno,019,978130,293036,291147,34637,325784,2969
2023-02-03,Glenn,021,27897,5767,5754,2000,7754,58
2023-02-03,Humboldt,023,135768,23259,23081,5875,28956,169
2023-02-03,Imperial,025,180216,69578,69391,18771,88162,974
2023-02-03,Inyo,027,18085,4748,4733,1286,6019,63
2023-02-03,Kern,029,883053,229157,228236,72064,300300,2470
2023-02-03,Kings,031,150075,62583,62444,4453,66897,470
2023-02-03,Lake,033,64148,13571,13542,1277,14819,151
2023-02-03,Lassen,035,31185,10246,10232,1062,11294,66
2023-02-03,Los Angeles,037,10098052,3472630,3463362,214807,3678169,35040
2023-02-03,Madera,039,155013,46079,45956,8816,54772,377
2023-02-03,Marin,041,260295,48629,48478,5666,54144,317
2023-02-03,Mariposa,043,17540,3344,3330,359,3689,32
2023-02-03,Mendocino,045,87422,16799,16755,4818,21573,142
2023-02-03,Merced,047,269075,76484,75741,12738,88479,903
2023-02-03,Modoc,049,8938,953,951,369,1320,11
2023-02-03,Mono,051,14174,3318,3313,300,3613,8
2023-02-03,Monterey,053,433212,97562,97259,23380,120639,790
2023-02-03,Napa,055,140530,34130,34034,1522,35556,165
2023-02-03,Nevada,057,99092,20063,20012,2282,22294,132
2023-02-03,Orange,059,3164182,707722,704157,76815,780972,7806
2023-02-03,Placer,061,380077,80507,80269,10265,90534,679
2023-02-03,Plumas,063,18699,3817,3814,459,4273,14
2023-02-03,Riverside,065,2383286,731716,729601,40838,770439,6789
2023-02-03,Sacramento,067,1510023,368534,367271,37625,404896,3487
2023-02-03,San Benito,069,59416,17529,17469,1121,18590,115
2023-02-03,San Bernardino,071,2135413,707293,704949,34256,739205,8170
2023-02-03,San Diego,073,3302833,978954,976987,79891,1056878,5728
2023-02-03,San Francisco,075,870044,194102,193361,13172,206533,1152
2023-02-03,San Joaquin,077,732212,208441,208068,16711,224779,2395
2023-02-03,San Luis Obispo,079,281455,66109,65882,8071,73953,549
2023-02-03,San Mateo,081,765935,181730,180691,11062,191753,749
2023-02-03,Santa Barbara,083,443738,111505,111213,7652,118865,758
2023-02-03,Santa Clara,085,1922200,471619,469329,20975,490304,2672
2023-02-03,Santa Cruz,087,273765,67844,67589,3871,71460,277
2023-02-03,Shasta,089,179085,36421,36324,8264,44588,605
2023-02-03,Sierra,091,2930,311,311,61,372,5
2023-02-03,Siskiyou,093,43540,5423,5407,3435,8842,95
2023-02-03,Solano,095,438530,112953,112466,8549,121015,482
2023-02-03,Sonoma,097,501317,112813,112508,5728,118236,544
2023-02-03,Stanislaus,099,539301,144201,143982,22851,166833,1827
2023-02-03,Sutter,101,95872,25575,25528,2536,28064,237
2023-02-03,Tehama,103,63373,14413,14379,3392,17771,222
2023-02-03,Trinity,105,12862,1472,1468,504,1972,24
2023-02-03,Tulare,107,460477,127631,127199,40021,167220,1562
2023-02-03,Tuolumne,109,53932,16773,16709,982,17691,203
2023-02-03,Ventura,111,848112,219909,219465,17958,237423,1659
2023-02-03,Yolo,113,214977,49775,49661,4832,54493,436
2023-02-03,Yuba,115,75493,19919,19907,1855,21762,134
2023-02-02,Alameda,001,1643700,375660,374080,22082,396162,2153
2023-02-02,Alpine,002,1148,139,139,4,143,0
2023-02-02,Amador,005,37829,10494,10469,963,11432,98
2023-02-02,Butte,007,227075,41476,41393,10130,51523,486
2023-02-02,Calaveras,009,45235,8947,8925,638,9563,140
2023-02-02,Colusa,011,21464,3950,3942,1340,5282,22
2023-02-02,Contra Costa,013,1133247,270434,269280,22220,291500,1522
2023-02-02,Del Norte,015,27424,7865,7749,462,8211,58
2023-02-02,El Dorado,017,186661,34358,34310,4523,38833,240
2023-02-02,Fresno,019,978130,292972,291147,34620,325767,2969
2023-02-02,Glenn,021,27897,5765,5754,2000,7754,58
2023-02-02,Humboldt,023,135768,23244,23081,5867,28948,169
2023-02-02,Imperial,025,180216,69562,69391,18764,88155,974
2023-02-02,Inyo,027,18085,4747,4733,1283,6016,63
2023-02-02,Kern,029,883053,229107,228236,72010,300246,2470
2023-02-02,Kings,031,150075,62561,62444,4450,66894,470
2023-02-02,Lake,033,64148,13568,13542,1276,14818,151
2023-02-02,Lassen,035,31185,10243,10232,1062,11294,66
2023-02-02,Los Angeles,037,10098052,3471839,3463362,214652,3678014,35040
2023-02-02,Madera,039,155013,46068,45956,8815,54771,377
2023-02-02,Marin,041,260295,48605,48478,5662,54140,317
2023-02-02,Mariposa,043,17540,3343,3330,359,3689,32
2023-02-02,Mendocino,045,87422,16795,16755,4815,21570,142
2023-02-02,Merced,047,269075,76463,75741,12731,88472,903
2023-02-02,Modoc,049,8938,953,951,369,1320,11
2023-02-02,Mono,051,14174,3317,3313,300,3613,8
2023-02-02,Monterey,053,433212,97522,97259,23340,120599,790
2023-02-02,Napa,055,140530,34121,34034,1522,35556,165
2023-02-02,Nevada,057,99092,20056,20012,2281,22293,132
2023-02-02,Orange,059,3164182,707536,704157,76756,780913,7806
2023-02-02,Placer,061,380077,80485,80269,10264,90533,679
2023-02-02,Plumas,063,18699,3817,3814,459,4273,14
2023-02-02,Riverside,065,2383286,731591,729601,40814,770415,6789
2023-02-02,Sacramento,067,1510023,368427,367271,37607,404878,3487
2023-02-02,San Benito,069,59416,17522,17469,1118,18587,115
2023-02-02,San Bernardino,071,2135413,707150,704949,34242,739191,8170
2023-02-02,San Diego,073,3302833,978712,976987,79847,1056834,5728
2023-02-02,San Francisco,075,870044,194007,193361,13153,206514,1152
2023-02-02,San Joaquin,077,732212,208381,208068,16705,224773,2395
2023-02-02,San Luis Obispo,079,281455,66074,65882,8065,73947,549
2023-02-02,San Mateo,081,765935,181670,180691,11051,191742,749
2023-02-02,Santa Barbara,083,443738,111465,111213,7641,118854,758
2023-02-02,Santa Clara,085,1922200,471431,469329,20961,490290,2672
2023-02-02,Santa Cruz,087,273765,67818,67589,3867,71456,277
2023-02-02,Shasta,089,179085,36419,36324,8264,44588,605
2023-02-02,Sierra,091,2930,311,311,61,372,5
2023-02-02,Siskiyou,093,43540,5421,5407,3434,8841,95
2023-02-02,Solano,095,438530,112910,112466,8542,121008,482
2023-02-02,Sonoma,097,501317,112775,112508,5725,118233,544
2023-02-02,Stanislaus,099,539301,144167,143982,22832,166814,1827
2023-02-02,Sutter,101,95872,25564,25528,2535,28063,237
2023-02-02,Tehama,103,63373,14411,14379,3392,17771,222
2023-02-02,Trinity,105,12862,1472,1468,504,1972,24
2023-02-02,Tulare,107,460477,127590,127199,40007,167206,1562
2023-02-02,Tuolumne,109,53932,16770,16709,982,17691,203
2023-02-02,Ventura,111,848112,219873,219465,17949,237414,1659
2023-02-02,Yolo,113,214977,49765,49661,4827,54488,436
2023-02-02,Yuba,115,75493,19918,19907,1854,21761,134
2023-02-01,Alameda,001,1643700,375493,374080,22076,396156,2153
2023-02-01,Alpine,002,1148,139,139,4,143,0
2023-02-01,Amador,005,37829,10491,10469,963,11432,98
2023-02-01,Butte,007,227075,41468,41393,10122,51515,486
2023-02-01,Calaveras,009,45235,8941,8925,638,9563,140
2023-02-01,Colusa,011,21464,3950,3942,1339,5281,22
2023-02-01,Contra Costa,013,1133247,270344,269280,22210,291490,1522
2023-02-01,Del Norte,015,27424,7858,7749,460,8209,58
2023-02-01,El Dorado,017,186661,34351,34310,4522,38832,240
2023-02-01,Fresno,019,978130,292902,291147,34599,325746,2969
2023-02-01,Glenn,021,27897,5763,5754,1999,7753,58
2023-02-01,Humboldt,023,135768,23237,23081,5860,28941,169
2023-02-01,Imperial,025,180216,69547,69391,18750,88141,974
2023-02-01,Inyo,027,18085,4746,4733,1279,6012,63
2023-02-01,Kern,029,883053,229044,228236,71938,300174,2470
2023-02-01,Kings,031,150075,62545,62444,4449,66893,470
2023-02-01,Lake,033,64148,13566,13542,1275,14817,151
2023-02-01,Lassen,035,31185,10243,10232,1061,11293,66
2023-02-01,Los Angeles,037,10098052,3470991,3463362,214471,3677833,35040
2023-02-01,Madera,039,155013,46063,45956,8813,54769,377
2023-02-01,Marin,041,260295,48585,48478,5658,54136,317
2023-02-01,Mariposa,043,17540,3343,3330,359,3689,32
2023-02-01,Mendocino,045,87422,16790,16755,4814,21569,142
2023-02-01,Merced,047,269075,76438,75741,12723,88464,903
2023-02-01,Modoc,049,8938,953,951,369,1320,11
2023-02-01,Mono,051,14174,3317,3313,300,3613,8
2023-02-01,Monterey,053,433212,97490,97259,23289,120548,790
2023-02-01,Napa,055,140530,34107,34034,1520,35554,165
2023-02-01,Nevada,057,99092,20052,20012,2281,22293,132
2023-02-01,Orange,059,3164182,707331,704157,76694,780851,7806
2023-02-01,Placer,061,380077,80468,80269,10262,90531,679
2023-02-01,Plumas,063,18699,3817,3814,459,4273,14
2023-02-01,Riverside,065,2383286,731406,729601,40787,770388,6789
2023-02-01,Sacramento,067,1510023,368323,367271,37587,404858,3487
2023-02-01,San Benito,069,59416,17514,17469,1117,18586,115
2023-02-01,San Bernardino,071,2135413,707023,704949,34220,739169,8170
2023-02-01,San Diego,073,3302833,978464,976987,79786,1056773,5728
2023-02-01,San Francisco,075,870044,193923,193361,13148,206509,1152
2023-02-01,San Joaquin,077,732212,208312,208068,16699,224767,2395
2023-02-01,San Luis Obispo,079,281455,66052,65882,8061,73943,549
2023-02-01,San Mateo,081,765935,181574,180691,11042,191733,749
2023-02-01,Santa Barbara,083,443738,111429,111213,7632,118845,758
2023-02-01,Santa Clara,085,1922200,471236,469329,20950,490279,2672
2023-02-01,Santa Cruz,087,273765,67753,67589,3865,71454,277
2023-02-01,Shasta,089,179085,36412,36324,8262,44586,605
2023-02-01,Sierra,091,2930,311,311,61,372,5
2023-02-01,Siskiyou,093,43540,5420,5407,3434,8841,95
2023-02-01,Solano,095,438530,112864,112466,8537,121003,482
2023-02-01,Sonoma,097,501317,112724,112508,5722,118230,544
2023-02-01,Stanislaus,099,539301,144130,143982,22824,166806,1827
2023-02-01,Sutter,101,95872,25560,25528,2535,28063,237
2023-02-01,Tehama,103,63373,14408,14379,3391,17770,222
2023-02-01,Trinity,105,12862,1471,1468,504,1972,24
2023-02-01,Tulare,107,460477,127548,127199,39987,167186,1562
2023-02-01,Tuolumne,109,53932,16767,16709,982,17691,203
2023-02-01,Ventura,111,848112,219822,219465,17937,237402,1659
2023-02-01,Yolo,113,214977,49752,49661,4825,54486,436
2023-02-01,Yuba,115,75493,19915,19907,1850,21757,134
2023-01-31,Alameda,001,1643700,375337,374080,22062,396142,2153
2023-01-31,Alpine,002,1148,139,139,4,143,0
2023-01-31,Amador,005,37829,10488,10469,962,11431,98
2023-01-31,Butte,007,227075,41447,41393,10116,51509,486
2023-01-31,Calaveras,009,45235,8940,8925,638,9563,140
2023-01-31,Colusa,011,21464,3949,3942,1339,5281,22
2023-01-31,Contra Costa,013,1133247,270215,269280,22200,291480,1522
2023-01-31,Del Norte,015,27424,7846,7749,457,8206,58
2023-01-31,El Dorado,017,186661,34343,34310,4518,38828,240
2023-01-31,Fresno,019,978130,292819,291147,34578,325725,2969
2023-01-31,Glenn,021,27897,5761,5754,1998,7752,58
2023-01-31,Humboldt,023,135768,23227,23081,5857,28938,169
2023-01-31,Imperial,025,180216,69521,69391,18743,88134,974
2023-01-31,Inyo,027,18085,4744,4733,1275,6008,63
2023-01-31,Kern,029,883053,229006,228236,71860,300096,2470
2023-01-31,Kings,031,150075,62522,62444,4446,66890,470
2023-01-31,Lake,033,64148,13563,13542,1274,14816,151
2023-01-31,Lassen,035,31185,10243,10232,1061,11293,66
2023-01-31,Los Angeles,037,10098052,3470094,3463362,214267,3677629,35040
2023-01-31,Madera,039,155013,46055,45956,8810,54766,377
2023-01-31,Marin,041,260295,48566,48478,5656,54134,317
2023-01-31,Mariposa,043,17540,3342,3330,359,3689,32
2023-01-31,Mendocino,045,87422,16786,16755,4814,21569,142
2023-01-31,Merced,047,269075,76410,75741,12721,88462,903
2023-01-31,Modoc,049,8938,953,951,368,1319,11
2023-01-31,Mono,051,14174,3316,3313,300,3613,8
2023-01-31,Monterey,053,433212,97451,97259,23245,120504,790
2023-01-31,Napa,055,140530,34087,34034,1520,35554,165
2023-01-31,Nevada,057,99092,20048,20012,2278,22290,132
2023-01-31,Orange,059,3164182,707143,704157,76619,780776,7806
2023-01-31,Placer,061,380077,80442,80269,10259,90528,679
2023-01-31,Plumas,063,18699,3816,3814,459,4273,14
2023-01-31,Riverside,065,2383286,731238,729601,40750,770351,6789
2023-01-31,Sacramento,067,1510023,368225,367271,37565,404836,3487
2023-01-31,San Benito,069,59416,17508,17469,1117,18586,115
2023-01-31,San Bernardino,071,2135413,706825,704949,34197,739146,8170
2023-01-31,San Diego,073,3302833,978155,976987,79723,1056710,5728
2023-01-31,San Francisco,075,870044,193821,193361,13145,206506,1152
2023-01-31,San Joaquin,077,732212,208250,208068,16695,224763,2395
2023-01-31,San Luis Obispo,079,281455,66023,65882,8059,73941,549
2023-01-31,San Mateo,081,765935,181507,180691,11038,191729,749
2023-01-31,Santa Barbara,083,443738,111387,111213,7622,118835,758
2023-01-31,Santa Clara,085,1922200,471029,469329,20928,490257,2672
2023-01-31,Santa Cruz,087,273765,67722,67589,3863,71452,277
2023-01-31,Shasta,089,179085,36409,36324,8259,44583,605
2023-01-31,Sierra,091,2930,311,311,61,372,5
2023-01-31,Siskiyou,093,43540,5419,5407,3433,8840,95
2023-01-31,Solano,095,438530,112823,112466,8532,120998,482
2023-01-31,Sonoma,097,501317,112685,112508,5719,118227,544
2023-01-31,Stanislaus,099,539301,144086,143982,22814,166796,1827
2023-01-31,Sutter,101,95872,25551,25528,2535,28063,237
2023-01-31,Tehama,103,63373,14407,14379,3389,17768,222
2023-01-31,Trinity,105,12862,1471,1468,503,1971,24
2023-01-31,Tulare,107,460477,127500,127199,39961,167160,1562
2023-01-31,Tuolumne,109,53932,16756,16709,982,17691,203
2023-01-31,Ventura,111,848112,219767,219465,17934,237399,1659
2023-01-31,Yolo,113,214977,49741,49661,4822,54483,436
2023-01-31,Yuba,115,75493,19912,19907,1850,21757,134
2023-01-30,Alameda,001,1643700,375183,373183,22038,395221,2138
2023-01-30,Alpine,002,1148,139,139,4,143,0
2023-01-30,Amador,005,37829,10479,10443,962,11405,98
2023-01-30,Butte,007,227075,41439,41340,10112,51452,486
2023-01-30,Calaveras,009,45235,8937,8906,636,9542,140
2023-01-30,Colusa,011,21464,3948,3936,1339,5275,22
2023-01-30,Contra Costa,013,1133247,270107,268472,22195,290667,1521
2023-01-30,Del Norte,015,27424,7836,7725,454,8179,57
2023-01-30,El Dorado,017,186661,34333,34271,4514,38785,238
2023-01-30,Fresno,019,978130,292743,290101,34552,324653,2962
2023-01-30,Glenn,021,27897,5760,5752,1998,7750,58
2023-01-30,Humboldt,023,135768,23219,23039,5855,28894,167
2023-01-30,Imperial,025,180216,69506,69274,18729,88003,973
2023-01-30,Inyo,027,18085,4742,4722,1273,5995,63
2023-01-30,Kern,029,883053,228952,227749,71790,299539,2467
2023-01-30,Kings,031,150075,62498,62312,4439,66751,471
2023-01-30,Lake,033,64148,13561,13502,1273,14775,149
2023-01-30,Lassen,035,31185,10243,10225,1061,11286,67
2023-01-30,Los Angeles,037,10098052,3469045,3457684,214061,3671745,34926
2023-01-30,Madera,039,155013,46047,45883,8809,54692,377
2023-01-30,Marin,041,260295,48541,48374,5654,54028,317
2023-01-30,Mariposa,043,17540,3342,3305,359,3664,32
2023-01-30,Mendocino,045,87422,16779,16728,4813,21541,139
2023-01-30,Merced,047,269075,76385,75565,12715,88280,897
2023-01-30,Modoc,049,8938,952,951,368,1319,11
2023-01-30,Mono,051,14174,3314,3311,300,3611,8
2023-01-30,Monterey,053,433212,97423,97118,23213,120331,789
2023-01-30,Napa,055,140530,34071,33957,1518,35475,164
2023-01-30,Nevada,057,99092,20044,19981,2276,22257,132
2023-01-30,Orange,059,3164182,706938,702777,76553,779330,7781
2023-01-30,Placer,061,380077,80412,80107,10255,90362,679
2023-01-30,Plumas,063,18699,3816,3811,459,4270,13
2023-01-30,Riverside,065,2383286,731044,728514,40719,769233,6788
2023-01-30,Sacramento,067,1510023,368111,366562,37550,404112,3472
2023-01-30,San Benito,069,59416,17502,17434,1113,18547,115
2023-01-30,San Bernardino,071,2135413,706670,703892,34169,738061,8163
2023-01-30,San Diego,073,3302833,977813,974936,79648,1054584,5716
2023-01-30,San Francisco,075,870044,193736,192738,13131,205869,1152
2023-01-30,San Joaquin,077,732212,208200,207738,16689,224427,2391
2023-01-30,San Luis Obispo,079,281455,66005,65721,8053,73774,549
2023-01-30,San Mateo,081,765935,181426,180043,11034,191077,749
2023-01-30,Santa Barbara,083,443738,111354,110976,7616,118592,755
2023-01-30,Santa Clara,085,1922200,470818,467820,20923,488743,2655
2023-01-30,Santa Cruz,087,273765,67705,67454,3859,71313,276
2023-01-30,Shasta,089,179085,36403,36311,8255,44566,605
2023-01-30,Sierra,091,2930,311,311,61,372,5
2023-01-30,Siskiyou,093,43540,5416,5406,3431,8837,95
2023-01-30,Solano,095,438530,112781,112210,8526,120736,482
2023-01-30,Sonoma,097,501317,112644,112332,5717,118049,541
2023-01-30,Stanislaus,099,539301,144046,143769,22811,166580,1816
2023-01-30,Sutter,101,95872,25548,25478,2535,28013,237
2023-01-30,Tehama,103,63373,14403,14356,3389,17745,222
2023-01-30,Trinity,105,12862,1471,1459,503,1962,23
2023-01-30,Tulare,107,460477,127464,126918,39928,166846,1559
2023-01-30,Tuolumne,109,53932,16749,16639,981,17620,203
2023-01-30,Ventura,111,848112,219718,219015,17923,236938,1650
2023-01-30,Yolo,113,214977,49733,49563,4816,54379,435
2023-01-30,Yuba,115,75493,19911,19871,1849,21720,134
2023-01-29,Alameda,001,1643700,375031,373183,22024,395207,2138
2023-01-29,Alpine,002,1148,139,139,4,143,0
2023-01-29,Amador,005,37829,10475,10443,962,11405,98
2023-01-29,Butte,007,227075,41428,41340,10105,51445,486
2023-01-29,Calaveras,009,45235,8934,8906,636,9542,140
2023-01-29,Colusa,011,21464,3945,3936,1338,5274,22
2023-01-29,Contra Costa,013,1133247,269982,268472,22187,290659,1521
2023-01-29,Del Norte,015,27424,7826,7725,454,8179,57
2023-01-29,El Dorado,017,186661,34323,34271,4512,38783,238
2023-01-29,Fresno,019,978130,292668,290101,34526,324627,2962
2023-01-29,Glenn,021,27897,5760,5752,1998,7750,58
2023-01-29,Humboldt,023,135768,23214,23039,5845,28884,167
2023-01-29,Imperial,025,180216,69484,69274,18713,87987,973
2023-01-29,Inyo,027,18085,4739,4722,1273,5995,63
2023-01-29,Kern,029,883053,228895,227749,71731,299480,2467
2023-01-29,Kings,031,150075,62471,62312,4426,66738,471
2023-01-29,Lake,033,64148,13556,13502,1272,14774,149
2023-01-29,Lassen,035,31185,10243,10225,1061,11286,67
2023-01-29,Los Angeles,037,10098052,3467905,3457684,213870,3671554,34926
2023-01-29,Madera,039,155013,46040,45883,8807,54690,377
2023-01-29,Marin,041,260295,48522,48374,5652,54026,317
2023-01-29,Mariposa,043,17540,3341,3305,359,3664,32
2023-01-29,Mendocino,045,87422,16773,16728,4804,21532,139
2023-01-29,Merced,047,269075,76358,75565,12705,88270,897
2023-01-29,Modoc,049,8938,952,951,368,1319,11
2023-01-29,Mono,051,14174,3313,3311,300,3611,8
2023-01-29,Monterey,053,433212,97398,97118,23166,120284,789
2023-01-29,Napa,055,140530,34053,33957,1518,35475,164
2023-01-29,Nevada,057,99092,20040,19981,2274,22255,132
2023-01-29,Orange,059,3164182,706711,702777,76474,779251,7781
2023-01-29,Placer,061,380077,80383,80107,10250,90357,679
2023-01-29,Plumas,063,18699,3816,3811,459,4270,13
2023-01-29,Riverside,065,2383286,730833,728514,40677,769191,6788
2023-01-29,Sacramento,067,1510023,367997,366562,37518,404080,3472
2023-01-29,San Benito,069,59416,17495,17434,1113,18547,115
2023-01-29,San Bernardino,071,2135413,706496,703892,34145,738037,8163
2023-01-29,San Diego,073,3302833,977464,974936,79588,1054524,5716
2023-01-29,San Francisco,075,870044,193645,192738,13123,205861,1152
2023-01-29,San Joaquin,077,732212,208136,207738,16682,224420,2391
2023-01-29,San Luis Obispo,079,281455,65974,65721,8052,73773,549
2023-01-29,San Mateo,081,765935,181349,180043,11031,191074,749
2023-01-29,Santa Barbara,083,443738,111316,110976,7608,118584,755
2023-01-29,Santa Clara,085,1922200,470612,467820,20909,488729,2655
2023-01-29,Santa Cruz,087,273765,67675,67454,3857,71311,276
2023-01-29,Shasta,089,179085,36401,36311,8254,44565,605
2023-01-29,Sierra,091,2930,311,311,61,372,5
2023-01-29,Siskiyou,093,43540,5413,5406,3427,8833,95
2023-01-29,Solano,095,438530,112733,112210,8523,120733,482
2023-01-29,Sonoma,097,501317,112625,112332,5712,118044,541
2023-01-29,Stanislaus,099,539301,144005,143769,22797,166566,1816
2023-01-29,Sutter,101,95872,25538,25478,2532,28010,237
2023-01-29,Tehama,103,63373,14402,14356,3388,17744,222
2023-01-29,Trinity,105,12862,1464,1459,503,1962,23
2023-01-29,Tulare,107,460477,127414,126918,39886,166804,1559
2023-01-29,Tuolumne,109,53932,16746,16639,981,17620,203
2023-01-29,Ventura,111,848112,219655,219015,17911,236926,1650
2023-01-29,Yolo,113,214977,49714,49563,4814,54377,435
2023-01-29,Yuba,115,75493,19907,19871,1847,21718,134
2023-01-28,Alameda,001,1643700,374951,373183,22013,395196,2138
2023-01-28,Alpine,002,1148,139,139,4,143,0
2023-01-28,Amador,005,37829,10474,10443,962,11405,98
2023-01-28,Butte,007,227075,41421,41340,10100,51440,486
2023-01-28,Calaveras,009,45235,8931,8906,636,9542,140
2023-01-28,Colusa,011,21464,3945,3936,1338,5274,22
2023-01-28,Contra Costa,013,1133247,269916,268472,22184,290656,1521
2023-01-28,Del Norte,015,27424,7825,7725,454,8179,57
2023-01-28,El Dorado,017,186661,34317,34271,4512,38783,238
2023-01-28,Fresno,019,978130,292626,290101,34519,324620,2962
2023-01-28,Glenn,021,27897,5759,5752,1998,7750,58
2023-01-28,Humboldt,023,135768,23213,23039,5843,28882,167
2023-01-28,Imperial,025,180216,69473,69274,18711,87985,973
2023-01-28,Inyo,027,18085,4739,4722,1272,5994,63
2023-01-28,Kern,029,883053,228868,227749,71696,299445,2467
2023-01-28,Kings,031,150075,62458,62312,4426,66738,471
2023-01-28,Lake,033,64148,13554,13502,1271,14773,149
2023-01-28,Lassen,035,31185,10243,10225,1061,11286,67
2023-01-28,Los Angeles,037,10098052,3467294,3457684,213772,3671456,34926
2023-01-28,Madera,039,155013,46033,45883,8806,54689,377
2023-01-28,Marin,041,260295,48513,48374,5651,54025,317
2023-01-28,Mariposa,043,17540,3341,3305,359,3664,32
2023-01-28,Mendocino,045,87422,16771,16728,4803,21531,139
2023-01-28,Merced,047,269075,76344,75565,12705,88270,897
2023-01-28,Modoc,049,8938,952,951,368,1319,11
2023-01-28,Mono,051,14174,3313,3311,300,3611,8
2023-01-28,Monterey,053,433212,97374,97118,23150,120268,789
2023-01-28,Napa,055,140530,34050,33957,1518,35475,164
2023-01-28,Nevada,057,99092,20038,19981,2268,22249,132
2023-01-28,Orange,059,3164182,706612,702777,76414,779191,7781
2023-01-28,Placer,061,380077,80359,80107,10249,90356,679
2023-01-28,Plumas,063,18699,3816,3811,459,4270,13
2023-01-28,Riverside,065,2383286,730713,728514,40653,769167,6788
2023-01-28,Sacramento,067,1510023,367937,366562,37509,404071,3472
2023-01-28,San Benito,069,59416,17492,17434,1112,18546,115
2023-01-28,San Bernardino,071,2135413,706405,703892,34136,738028,8163
2023-01-28,San Diego,073,3302833,977338,974936,79568,1054504,5716
2023-01-28,San Francisco,075,870044,193593,192738,13122,205860,1152
2023-01-28,San Joaquin,077,732212,208104,207738,16680,224418,2391
2023-01-28,San Luis Obispo,079,281455,65963,65721,8051,73772,549
2023-01-28,San Mateo,081,765935,181312,180043,11025,191068,749
2023-01-28,Santa Barbara,083,443738,111291,110976,7602,118578,755
2023-01-28,Santa Clara,085,1922200,470482,467820,20905,488725,2655
2023-01-28,Santa Cruz,087,273765,67665,67454,3856,71310,276
2023-01-28,Shasta,089,179085,36400,36311,8253,44564,605
2023-01-28,Sierra,091,2930,311,311,61,372,5
2023-01-28,Siskiyou,093,43540,5412,5406,3427,8833,95
2023-01-28,Solano,095,438530,112711,112210,8521,120731,482
2023-01-28,Sonoma,097,501317,112606,112332,5711,118043,541
2023-01-28,Stanislaus,099,539301,143979,143769,22793,166562,1816
2023-01-28,Sutter,101,95872,25535,25478,2532,28010,237
2023-01-28,Tehama,103,63373,14401,14356,3388,17744,222
2023-01-28,Trinity,105,12862,1464,1459,503,1962,23
2023-01-28,Tulare,107,460477,127392,126918,39868,166786,1559
2023-01-28,Tuolumne,109,53932,16742,16639,981,17620,203
2023-01-28,Ventura,111,848112,219615,219015,17904,236919,1650
2023-01-28,Yolo,113,214977,49708,49563,4811,54374,435
2023-01-28,Yuba,115,75493,19904,19871,1847,21718,134
2023-01-27,Alameda,001,1643700,374862,373183,22006,395189,2138
2023-01-27,Alpine,002,1148,139,139,4,143,0
2023-01-27,Amador,005,37829,10473,10443,962,11405,98
2023-01-27,Butte,007,227075,41417,41340,10098,51438,486
2023-01-27,Calaveras,009,45235,8929,8906,636,9542,140
2023-01-27,Colusa,011,21464,3945,3936,1338,5274,22
2023-01-27,Contra Costa,013,1133247,269850,268472,22181,290653,1521
2023-01-27,Del Norte,015,27424,7824,7725,453,8178,57
2023-01-27,El Dorado,017,186661,34307,34271,4511,38782,238
2023-01-27,Fresno,019,978130,292585,290101,34514,324615,2962
2023-01-27,Glenn,021,27897,5759,5752,1998,7750,58
2023-01-27,Humboldt,023,135768,23207,23039,5839,28878,167
2023-01-27,Imperial,025,180216,69468,69274,18711,87985,973
2023-01-27,Inyo,027,18085,4739,4722,1271,5993,63
2023-01-27,Kern,029,883053,228842,227749,71674,299423,2467
2023-01-27,Kings,031,150075,62448,62312,4426,66738,471
2023-01-27,Lake,033,64148,13553,13502,1271,14773,149
2023-01-27,Lassen,035,31185,10243,10225,1061,11286,67
2023-01-27,Los Angeles,037,10098052,3466718,3457684,213644,3671328,34926
2023-01-27,Madera,039,155013,46027,45883,8805,54688,377
2023-01-27,Marin,041,260295,48497,48374,5650,54024,317
2023-01-27,Mariposa,043,17540,3341,3305,359,3664,32
2023-01-27,Mendocino,045,87422,16769,16728,4803,21531,139
2023-01-27,Merced,047,269075,76324,75565,12704,88269,897
2023-01-27,Modoc,049,8938,952,951,368,1319,11
2023-01-27,Mono,051,14174,3313,3311,300,3611,8
2023-01-27,Monterey,053,433212,97345,97118,23133,120251,789
2023-01-27,Napa,055,140530,34040,33957,1518,35475,164
2023-01-27,Nevada,057,99092,20033,19981,2264,22245,132
2023-01-27,Orange,059,3164182,706498,702777,76377,779154,7781
2023-01-27,Placer,061,380077,80350,80107,10247,90354,679
2023-01-27,Plumas,063,18699,3815,3811,459,4270,13
2023-01-27,Riverside,065,2383286,730607,728514,40634,769148,6788
2023-01-27,Sacramento,067,1510023,367864,366562,37505,404067,3472
2023-01-27,San Benito,069,59416,17490,17434,1112,18546,115
2023-01-27,San Bernardino,071,2135413,706301,703892,34126,738018,8163
2023-01-27,San Diego,073,3302833,977160,974936,79543,1054479,5716
2023-01-27,San Francisco,075,870044,193546,192738,13115,205853,1152
2023-01-27,San Joaquin,077,732212,208078,207738,16675,224413,2391
2023-01-27,San Luis Obispo,079,281455,65949,65721,8046,73767,549
2023-01-27,San Mateo,081,765935,181280,180043,11021,191064,749
2023-01-27,Santa Barbara,083,443738,111272,110976,7601,118577,755
2023-01-27,Santa Clara,085,1922200,470348,467820,20901,488721,2655
2023-01-27,Santa Cruz,087,273765,67633,67454,3852,71306,276
2023-01-27,Shasta,089,179085,36399,36311,8252,44563,605
2023-01-27,Sierra,091,2930,311,311,61,372,5
2023-01-27,Siskiyou,093,43540,5412,5406,3427,8833,95
2023-01-27,Solano,095,438530,112683,112210,8521,120731,482
2023-01-27,Sonoma,097,501317,112587,112332,5708,118040,541
2023-01-27,Stanislaus,099,539301,143956,143769,22792,166561,1816
2023-01-27,Sutter,101,95872,25529,25478,2532,28010,237
2023-01-27,Tehama,103,63373,14400,14356,3386,17742,222
2023-01-27,Trinity,105,12862,1464,1459,503,1962,23
2023-01-27,Tulare,107,460477,127365,126918,39849,166767,1559
2023-01-27,Tuolumne,109,53932,16734,16639,981,17620,203
2023-01-27,Ventura,111,848112,219582,219015,17902,236917,1650
2023-01-27,Yolo,113,214977,49699,49563,4808,54371,435
2023-01-27,Yuba,115,75493,19898,19871,1846,21717,134
2023-01-26,Alameda,001,1643700,374708,373183,21995,395178,2138
2023-01-26,Alpine,002,1148,139,139,4,143,0
2023-01-26,Amador,005,37829,10472,10443,962,11405,98
2023-01-26,Butte,007,227075,41409,41340,10093,51433,486
2023-01-26,Calaveras,009,45235,8927,8906,636,9542,140
2023-01-26,Colusa,011,21464,3944,3936,1338,5274,22
2023-01-26,Contra Costa,013,1133247,269753,268472,22173,290645,1521
2023-01-26,Del Norte,015,27424,7820,7725,449,8174,57
2023-01-26,El Dorado,017,186661,34300,34271,4511,38782,238
2023-01-26,Fresno,019,978130,292515,290101,34492,324593,2962
2023-01-26,Glenn,021,27897,5758,5752,1997,7749,58
2023-01-26,Humboldt,023,135768,23203,23039,5833,28872,167
2023-01-26,Imperial,025,180216,69455,69274,18705,87979,973
2023-01-26,Inyo,027,18085,4736,4722,1270,5992,63
2023-01-26,Kern,029,883053,228802,227749,71635,299384,2467
2023-01-26,Kings,031,150075,62426,62312,4421,66733,471
2023-01-26,Lake,033,64148,13550,13502,1271,14773,149
2023-01-26,Lassen,035,31185,10242,10225,1061,11286,67
2023-01-26,Los Angeles,037,10098052,3465872,3457684,213470,3671154,34926
2023-01-26,Madera,039,155013,46023,45883,8804,54687,377
2023-01-26,Marin,041,260295,48487,48374,5649,54023,317
2023-01-26,Mariposa,043,17540,3341,3305,359,3664,32
2023-01-26,Mendocino,045,87422,16765,16728,4799,21527,139
2023-01-26,Merced,047,269075,76300,75565,12701,88266,897
2023-01-26,Modoc,049,8938,952,951,368,1319,11
2023-01-26,Mono,051,14174,3313,3311,300,3611,8
2023-01-26,Monterey,053,433212,97322,97118,23103,120221,789
2023-01-26,Napa,055,140530,34029,33957,1518,35475,164
2023-01-26,Nevada,057,99092,20032,19981,2255,22236,132
2023-01-26,Orange,059,3164182,706340,702777,76327,779104,7781
2023-01-26,Placer,061,380077,80320,80107,10241,90348,679
2023-01-26,Plumas,063,18699,3815,3811,459,4270,13
2023-01-26,Riverside,065,2383286,730472,728514,40607,769121,6788
2023-01-26,Sacramento,067,1510023,367763,366562,37484,404046,3472
2023-01-26,San Benito,069,59416,17489,17434,1112,18546,115
2023-01-26,San Bernardino,071,2135413,706154,703892,34099,737991,8163
2023-01-26,San Diego,073,3302833,976889,974936,79504,1054440,5716
2023-01-26,San Francisco,075,870044,193468,192738,13110,205848,1152
2023-01-26,San Joaquin,077,732212,208031,207738,16672,224410,2391
2023-01-26,San Luis Obispo,079,281455,65930,65721,8043,73764,549
2023-01-26,San Mateo,081,765935,181207,180043,11017,191060,749
2023-01-26,Santa Barbara,083,443738,111240,110976,7596,118572,755
2023-01-26,Santa Clara,085,1922200,470166,467820,20893,488713,2655
2023-01-26,Santa Cruz,087,273765,67622,67454,3846,71300,276
2023-01-26,Shasta,089,179085,36395,36311,8250,44561,605
2023-01-26,Sierra,091,2930,311,311,61,372,5
2023-01-26,Siskiyou,093,43540,5412,5406,3425,8831,95
2023-01-26,Solano,095,438530,112651,112210,8517,120727,482
2023-01-26,Sonoma,097,501317,112546,112332,5705,118037,541
2023-01-26,Stanislaus,099,539301,143922,143769,22786,166555,1816
2023-01-26,Sutter,101,95872,25526,25478,2532,28010,237
2023-01-26,Tehama,103,63373,14400,14356,3385,17741,222
2023-01-26,Trinity,105,12862,1464,1459,503,1962,23
2023-01-26,Tulare,107,460477,127332,126918,39817,166735,1559
2023-01-26,Tuolumne,109,53932,16723,16639,981,17620,203
2023-01-26,Ventura,111,848112,219542,219015,17892,236907,1650
2023-01-26,Yolo,113,214977,49684,49563,4806,54369,435
2023-01-26,Yuba,115,75493,19896,19871,1843,21714,134
2023-01-25,Alameda,001,1643700,374573,373183,21986,395169,2138
2023-01-25,Alpine,002,1148,139,139,4,143,0
2023-01-25,Amador,005,37829,10467,10443,961,11404,98
2023-01-25,Butte,007,227075,41399,41340,10087,51427,486
2023-01-25,Calaveras,009,45235,8927,8906,636,9542,140
2023-01-25,Colusa,011,21464,3944,3936,1338,5274,22
2023-01-25,Contra Costa,013,1133247,269646,268472,22168,290640,1521
2023-01-25,Del Norte,015,27424,7815,7725,449,8174,57
2023-01-25,El Dorado,017,186661,34292,34271,4510,38781,238
2023-01-25,Fresno,019,978130,292446,290101,34474,324575,2962
2023-01-25,Glenn,021,27897,5758,5752,1997,7749,58
2023-01-25,Humboldt,023,135768,23199,23039,5831,28870,167
2023-01-25,Imperial,025,180216,69440,69274,18701,87975,973
2023-01-25,Inyo,027,18085,4735,4722,1268,5990,63
2023-01-25,Kern,029,883053,228753,227749,71590,299339,2467
2023-01-25,Kings,031,150075,62408,62312,4410,66722,471
2023-01-25,Lake,033,64148,13547,13502,1271,14773,149
2023-01-25,Lassen,035,31185,10242,10225,1061,11286,67
2023-01-25,Los Angeles,037,10098052,3465097,3457684,213313,3670997,34926
2023-01-25,Madera,039,155013,46016,45883,8803,54686,377
2023-01-25,Marin,041,260295,48470,48374,5648,54022,317
2023-01-25,Mariposa,043,17540,3341,3305,359,3664,32
2023-01-25,Mendocino,045,87422,16761,16728,4796,21524,139
2023-01-25,Merced,047,269075,76286,75565,12696,88261,897
2023-01-25,Modoc,049,8938,952,951,368,1319,11
2023-01-25,Mono,051,14174,3313,3311,300,3611,8
2023-01-25,Monterey,053,433212,97306,97118,23080,120198,789
2023-01-25,Napa,055,140530,34017,33957,1518,35475,164
2023-01-25,Nevada,057,99092,20028,19981,2255,22236,132
2023-01-25,Orange,059,3164182,706142,702777,76254,779031,7781
2023-01-25,Placer,061,380077,80294,80107,10239,90346,679
2023-01-25,Plumas,063,18699,3815,3811,459,4270,13
2023-01-25,Riverside,065,2383286,730317,728514,40578,769092,6788
2023-01-25,Sacramento,067,1510023,367677,366562,37468,404030,3472
2023-01-25,San Benito,069,59416,17480,17434,1112,18546,115
2023-01-25,San Bernardino,071,2135413,706044,703892,34090,737982,8163
2023-01-25,San Diego,073,3302833,976596,974936,79459,1054395,5716
2023-01-25,San Francisco,075,870044,193407,192738,13107,205845,1152
2023-01-25,San Joaquin,077,732212,207987,207738,16662,224400,2391
2023-01-25,San Luis Obispo,079,281455,65911,65721,8039,73760,549
2023-01-25,San Mateo,081,765935,181129,180043,11014,191057,749
2023-01-25,Santa Barbara,083,443738,111211,110976,7586,118562,755
2023-01-25,Santa Clara,085,1922200,469994,467820,20889,488709,2655
2023-01-25,Santa Cruz,087,273765,67607,67454,3843,71297,276
2023-01-25,Shasta,089,179085,36394,36311,8248,44559,605
2023-01-25,Sierra,091,2930,311,311,61,372,5
2023-01-25,Siskiyou,093,43540,5412,5406,3425,8831,95
2023-01-25,Solano,095,438530,112618,112210,8512,120722,482
2023-01-25,Sonoma,097,501317,112528,112332,5702,118034,541
2023-01-25,Stanislaus,099,539301,143888,143769,22779,166548,1816
2023-01-25,Sutter,101,95872,25522,25478,2532,28010,237
2023-01-25,Tehama,103,63373,14400,14356,3385,17741,222
2023-01-25,Trinity,105,12862,1464,1459,503,1962,23
2023-01-25,Tulare,107,460477,127294,126918,39793,166711,1559
2023-01-25,Tuolumne,109,53932,16718,16639,981,17620,203
2023-01-25,Ventura,111,848112,219489,219015,17886,236901,1650
2023-01-25,Yolo,113,214977,49674,49563,4805,54368,435
2023-01-25,Yuba,115,75493,19893,19871,1841,21712,134
2023-01-24,Alameda,001,1643700,374459,373183,21982,395165,2138
2023-01-24,Alpine,002,1148,139,139,4,143,0
2023-01-24,Amador,005,37829,10460,10443,961,11404,98
2023-01-24,Butte,007,227075,41392,41340,10084,51424,486
2023-01-24,Calaveras,009,45235,8923,8906,636,9542,140
2023-01-24,Colusa,011,21464,3942,3936,1338,5274,22
2023-01-24,Contra Costa,013,1133247,269536,268472,22150,290622,1521
2023-01-24,Del Norte,015,27424,7809,7725,449,8174,57
2023-01-24,El Dorado,017,186661,34285,34271,4510,38781,238
2023-01-24,Fresno,019,978130,292373,290101,34459,324560,2962
2023-01-24,Glenn,021,27897,5757,5752,1997,7749,58
2023-01-24,Humboldt,023,135768,23193,23039,5830,28869,167
2023-01-24,Imperial,025,180216,69428,69274,18695,87969,973
2023-01-24,Inyo,027,18085,4733,4722,1266,5988,63
2023-01-24,Kern,029,883053,228711,227749,71554,299303,2467
2023-01-24,Kings,031,150075,62393,62312,4400,66712,471
2023-01-24,Lake,033,64148,13542,13502,1270,14772,149
2023-01-24,Lassen,035,31185,10240,10225,1060,11285,67
2023-01-24,Los Angeles,037,10098052,3464225,3457684,213149,3670833,34926
2023-01-24,Madera,039,155013,46007,45883,8802,54685,377
2023-01-24,Marin,041,260295,48452,48374,5647,54021,317
2023-01-24,Mariposa,043,17540,3340,3305,359,3664,32
2023-01-24,Mendocino,045,87422,16756,16728,4796,21524,139
2023-01-24,Merced,047,269075,76267,75565,12693,88258,897
2023-01-24,Modoc,049,8938,952,951,367,1318,11
2023-01-24,Mono,051,14174,3313,3311,300,3611,8
2023-01-24,Monterey,053,433212,97286,97118,23056,120174,789
2023-01-24,Napa,055,140530,34006,33957,1518,35475,164
2023-01-24,Nevada,057,99092,20023,19981,2252,22233,132
2023-01-24,Orange,059,3164182,705949,702777,76194,778971,7781
2023-01-24,Placer,061,380077,80261,80107,10237,90344,679
2023-01-24,Plumas,063,18699,3815,3811,459,4270,13
2023-01-24,Riverside,065,2383286,730142,728514,40551,769065,6788
2023-01-24,Sacramento,067,1510023,367558,366562,37446,404008,3472
2023-01-24,San Benito,069,59416,17478,17434,1111,18545,115
2023-01-24,San Bernardino,071,2135413,705895,703892,34068,737960,8163
2023-01-24,San Diego,073,3302833,976282,974936,79411,1054347,5716
2023-01-24,San Francisco,075,870044,193331,192738,13098,205836,1152
2023-01-24,San Joaquin,077,732212,207940,207738,16627,224365,2391
2023-01-24,San Luis Obispo,079,281455,65888,65721,8032,73753,549
2023-01-24,San Mateo,081,765935,181069,180043,11008,191051,749
2023-01-24,Santa Barbara,083,443738,111168,110976,7575,118551,755
2023-01-24,Santa Clara,085,1922200,469819,467820,20875,488695,2655
2023-01-24,Santa Cruz,087,273765,67583,67454,3838,71292,276
2023-01-24,Shasta,089,179085,36392,36311,8247,44558,605
2023-01-24,Sierra,091,2930,311,311,61,372,5
2023-01-24,Siskiyou,093,43540,5412,5406,3424,8830,95
2023-01-24,Solano,095,438530,112583,112210,8507,120717,482
2023-01-24,Sonoma,097,501317,112507,112332,5700,118032,541
2023-01-24,Stanislaus,099,539301,143850,143769,22766,166535,1816
2023-01-24,Sutter,101,95872,25515,25478,2532,28010,237
2023-01-24,Tehama,103,63373,14398,14356,3382,17738,222
2023-01-24,Trinity,105,12862,1464,1459,503,1962,23
2023-01-24,Tulare,107,460477,127238,126918,39765,166683,1559
2023-01-24,Tuolumne,109,53932,16713,16639,981,17620,203
2023-01-24,Ventura,111,848112,219425,219015,17880,236895,1650
2023-01-24,Yolo,113,214977,49660,49563,4803,54366,435
2023-01-24,Yuba,115,75493,19883,19871,1841,21712,134
2023-01-23,Alameda,001,1643700,374335,372424,21968,394392,2125
2023-01-23,Alpine,002,1148,139,139,4,143,0
2023-01-23,Amador,005,37829,10455,10401,961,11362,97
2023-01-23,Butte,007,227075,41381,41293,10082,51375,481
2023-01-23,Calaveras,009,45235,8921,8893,636,9529,139
2023-01-23,Colusa,011,21464,3941,3925,1338,5263,22
2023-01-23,Contra Costa,013,1133247,269442,267942,22142,290084,1518
2023-01-23,Del Norte,015,27424,7805,7708,448,8156,57
2023-01-23,El Dorado,017,186661,34272,34211,4509,38720,237
2023-01-23,Fresno,019,978130,292294,288834,34438,323272,2952
2023-01-23,Glenn,021,27897,5757,5749,1995,7744,58
2023-01-23,Humboldt,023,135768,23190,23013,5826,28839,167
2023-01-23,Imperial,025,180216,69402,69148,18687,87835,969
2023-01-23,Inyo,027,18085,4732,4717,1264,5981,62
2023-01-23,Kern,029,883053,228657,227433,71497,298930,2461
2023-01-23,Kings,031,150075,62362,62192,4399,66591,470
2023-01-23,Lake,033,64148,13535,13471,1270,14741,149
2023-01-23,Lassen,035,31185,10239,10219,1060,11279,66
2023-01-23,Los Angeles,037,10098052,3463250,3451542,213006,3664548,34790
2023-01-23,Madera,039,155013,45999,45839,8800,54639,377
2023-01-23,Marin,041,260295,48439,48236,5643,53879,317
2023-01-23,Mariposa,043,17540,3337,3290,359,3649,32
2023-01-23,Mendocino,045,87422,16755,16706,4791,21497,139
2023-01-23,Merced,047,269075,76248,75414,12689,88103,883
2023-01-23,Modoc,049,8938,952,950,367,1317,11
2023-01-23,Mono,051,14174,3312,3304,298,3602,8
2023-01-23,Monterey,053,433212,97268,96993,23020,120013,784
2023-01-23,Napa,055,140530,33999,33873,1518,35391,164
2023-01-23,Nevada,057,99092,20015,19957,2251,22208,132
2023-01-23,Orange,059,3164182,705746,701534,76138,777672,7754
2023-01-23,Placer,061,380077,80242,79943,10237,90180,671
2023-01-23,Plumas,063,18699,3813,3805,459,4264,13
2023-01-23,Riverside,065,2383286,729974,727487,40512,767999,6788
2023-01-23,Sacramento,067,1510023,367444,365898,37423,403321,3454
2023-01-23,San Benito,069,59416,17472,17407,1110,18517,115
2023-01-23,San Bernardino,071,2135413,705739,702778,34052,736830,8155
2023-01-23,San Diego,073,3302833,975953,973112,79370,1052482,5703
2023-01-23,San Francisco,075,870044,193263,192280,13092,205372,1147
2023-01-23,San Joaquin,077,732212,207892,207428,16620,224048,2388
2023-01-23,San Luis Obispo,079,281455,65865,65596,8030,73626,545
2023-01-23,San Mateo,081,765935,180995,179715,11007,190722,749
2023-01-23,Santa Barbara,083,443738,111127,110772,7568,118340,752
2023-01-23,Santa Clara,085,1922200,469638,467082,20866,487948,2633
2023-01-23,Santa Cruz,087,273765,67572,67312,3833,71145,277
2023-01-23,Shasta,089,179085,36385,36230,8244,44474,603
2023-01-23,Sierra,091,2930,311,311,61,372,5
2023-01-23,Siskiyou,093,43540,5410,5400,3423,8823,95
2023-01-23,Solano,095,438530,112545,111971,8506,120477,482
2023-01-23,Sonoma,097,501317,112487,112137,5698,117835,541
2023-01-23,Stanislaus,099,539301,143815,143576,22760,166336,1813
2023-01-23,Sutter,101,95872,25512,25442,2532,27974,237
2023-01-23,Tehama,103,63373,14395,14342,3381,17723,222
2023-01-23,Trinity,105,12862,1464,1452,503,1955,23
2023-01-23,Tulare,107,460477,127204,126692,39735,166427,1554
2023-01-23,Tuolumne,109,53932,16704,16613,981,17594,205
2023-01-23,Ventura,111,848112,219355,218678,17870,236548,1640
2023-01-23,Yolo,113,214977,49646,49481,4798,54279,436
2023-01-23,Yuba,115,75493,19879,19840,1838,21678,133
2023-01-22,Alameda,001,1643700,374207,372424,21960,394384,2125
2023-01-22,Alpine,002,1148,139,139,4,143,0
2023-01-22,Amador,005,37829,10454,10401,961,11362,97
2023-01-22,Butte,007,227075,41372,41293,10079,51372,481
2023-01-22,Calaveras,009,45235,8918,8893,636,9529,139
2023-01-22,Colusa,011,21464,3940,3925,1338,5263,22
2023-01-22,Contra Costa,013,1133247,269361,267942,22128,290070,1518
2023-01-22,Del Norte,015,27424,7801,7708,448,8156,57
2023-01-22,El Dorado,017,186661,34268,34211,4509,38720,237
2023-01-22,Fresno,019,978130,292203,288834,34414,323248,2952
2023-01-22,Glenn,021,27897,5755,5749,1995,7744,58
2023-01-22,Humboldt,023,135768,23186,23013,5817,28830,167
2023-01-22,Imperial,025,180216,69384,69148,18681,87829,969
2023-01-22,Inyo,027,18085,4731,4717,1263,5980,62
2023-01-22,Kern,029,883053,228607,227433,71438,298871,2461
2023-01-22,Kings,031,150075,62334,62192,4396,66588,470
2023-01-22,Lake,033,64148,13529,13471,1269,14740,149
2023-01-22,Lassen,035,31185,10238,10219,1060,11279,66
2023-01-22,Los Angeles,037,10098052,3462267,3451542,212826,3664368,34790
2023-01-22,Madera,039,155013,45988,45839,8798,54637,377
2023-01-22,Marin,041,260295,48426,48236,5641,53877,317
2023-01-22,Mariposa,043,17540,3337,3290,359,3649,32
2023-01-22,Mendocino,045,87422,16748,16706,4790,21496,139
2023-01-22,Merced,047,269075,76216,75414,12680,88094,883
2023-01-22,Modoc,049,8938,952,950,367,1317,11
2023-01-22,Mono,051,14174,3311,3304,298,3602,8
2023-01-22,Monterey,053,433212,97245,96993,22990,119983,784
2023-01-22,Napa,055,140530,33988,33873,1518,35391,164
2023-01-22,Nevada,057,99092,20012,19957,2248,22205,132
2023-01-22,Orange,059,3164182,705560,701534,76077,777611,7754
2023-01-22,Placer,061,380077,80221,79943,10236,90179,671
2023-01-22,Plumas,063,18699,3813,3805,459,4264,13
2023-01-22,Riverside,065,2383286,729796,727487,40475,767962,6788
2023-01-22,Sacramento,067,1510023,367324,365898,37400,403298,3454
2023-01-22,San Benito,069,59416,17466,17407,1110,18517,115
2023-01-22,San Bernardino,071,2135413,705557,702778,34017,736795,8155
2023-01-22,San Diego,073,3302833,975598,973112,79296,1052408,5703
2023-01-22,San Francisco,075,870044,193193,192280,13081,205361,1147
2023-01-22,San Joaquin,077,732212,207849,207428,16609,224037,2388
2023-01-22,San Luis Obispo,079,281455,65844,65596,8024,73620,545
2023-01-22,San Mateo,081,765935,180920,179715,11000,190715,749
2023-01-22,Santa Barbara,083,443738,111084,110772,7557,118329,752
2023-01-22,Santa Clara,085,1922200,469486,467082,20851,487933,2633
2023-01-22,Santa Cruz,087,273765,67545,67312,3827,71139,277
2023-01-22,Shasta,089,179085,36382,36230,8239,44469,603
2023-01-22,Sierra,091,2930,311,311,61,372,5
2023-01-22,Siskiyou,093,43540,5409,5400,3423,8823,95
2023-01-22,Solano,095,438530,112502,111971,8502,120473,482
2023-01-22,Sonoma,097,501317,112454,112137,5695,117832,541
2023-01-22,Stanislaus,099,539301,143786,143576,22754,166330,1813
2023-01-22,Sutter,101,95872,25508,25442,2530,27972,237
2023-01-22,Tehama,103,63373,14391,14342,3378,17720,222
2023-01-22,Trinity,105,12862,1462,1452,503,1955,23
2023-01-22,Tulare,107,460477,127167,126692,39700,166392,1554
2023-01-22,Tuolumne,109,53932,16699,16613,981,17594,205
2023-01-22,Ventura,111,848112,219297,218678,17858,236536,1640
2023-01-22,Yolo,113,214977,49631,49481,4797,54278,436
2023-01-22,Yuba,115,75493,19874,19840,1838,21678,133
2023-01-21,Alameda,001,1643700,374129,372424,21957,394381,2125
2023-01-21,Alpine,002,1148,139,139,4,143,0
2023-01-21,Amador,005,37829,10453,10401,961,11362,97
2023-01-21,Butte,007,227075,41370,41293,10076,51369,481
2023-01-21,Calaveras,009,45235,8916,8893,636,9529,139
2023-01-21,Colusa,011,21464,3939,3925,1337,5262,22
2023-01-21,Contra Costa,013,1133247,269310,267942,22128,290070,1518
2023-01-21,Del Norte,015,27424,7798,7708,448,8156,57
2023-01-21,El Dorado,017,186661,34259,34211,4508,38719,237
2023-01-21,Fresno,019,978130,292165,288834,34410,323244,2952
2023-01-21,Glenn,021,27897,5755,5749,1995,7744,58
2023-01-21,Humboldt,023,135768,23184,23013,5816,28829,167
2023-01-21,Imperial,025,180216,69378,69148,18680,87828,969
2023-01-21,Inyo,027,18085,4731,4717,1263,5980,62
2023-01-21,Kern,029,883053,228569,227433,71417,298850,2461
2023-01-21,Kings,031,150075,62326,62192,4396,66588,470
2023-01-21,Lake,033,64148,13526,13471,1269,14740,149
2023-01-21,Lassen,035,31185,10238,10219,1060,11279,66
2023-01-21,Los Angeles,037,10098052,3461707,3451542,212738,3664280,34790
2023-01-21,Madera,039,155013,45982,45839,8798,54637,377
2023-01-21,Marin,041,260295,48408,48236,5639,53875,317
2023-01-21,Mariposa,043,17540,3336,3290,359,3649,32
2023-01-21,Mendocino,045,87422,16747,16706,4789,21495,139
2023-01-21,Merced,047,269075,76210,75414,12679,88093,883
2023-01-21,Modoc,049,8938,952,950,367,1317,11
2023-01-21,Mono,051,14174,3311,3304,298,3602,8
2023-01-21,Monterey,053,433212,97237,96993,22969,119962,784
2023-01-21,Napa,055,140530,33981,33873,1518,35391,164
2023-01-21,Nevada,057,99092,20011,19957,2247,22204,132
2023-01-21,Orange,059,3164182,705463,701534,76019,777553,7754
2023-01-21,Placer,061,380077,80203,79943,10236,90179,671
2023-01-21,Plumas,063,18699,3813,3805,459,4264,13
2023-01-21,Riverside,065,2383286,729712,727487,40458,767945,6788
2023-01-21,Sacramento,067,1510023,367264,365898,37394,403292,3454
2023-01-21,San Benito,069,59416,17462,17407,1108,18515,115
2023-01-21,San Bernardino,071,2135413,705462,702778,34002,736780,8155
2023-01-21,San Diego,073,3302833,975440,973112,79271,1052383,5703
2023-01-21,San Francisco,075,870044,193148,192280,13076,205356,1147
2023-01-21,San Joaquin,077,732212,207825,207428,16603,224031,2388
2023-01-21,San Luis Obispo,079,281455,65841,65596,8022,73618,545
2023-01-21,San Mateo,081,765935,180888,179715,10998,190713,749
2023-01-21,Santa Barbara,083,443738,111064,110772,7555,118327,752
2023-01-21,Santa Clara,085,1922200,469375,467082,20849,487931,2633
2023-01-21,Santa Cruz,087,273765,67538,67312,3827,71139,277
2023-01-21,Shasta,089,179085,36378,36230,8239,44469,603
2023-01-21,Sierra,091,2930,311,311,61,372,5
2023-01-21,Siskiyou,093,43540,5409,5400,3422,8822,95
2023-01-21,Solano,095,438530,112492,111971,8501,120472,482
2023-01-21,Sonoma,097,501317,112428,112137,5695,117832,541
2023-01-21,Stanislaus,099,539301,143774,143576,22753,166329,1813
2023-01-21,Sutter,101,95872,25504,25442,2530,27972,237
2023-01-21,Tehama,103,63373,14389,14342,3377,17719,222
2023-01-21,Trinity,105,12862,1462,1452,503,1955,23
2023-01-21,Tulare,107,460477,127147,126692,39690,166382,1554
2023-01-21,Tuolumne,109,53932,16694,16613,981,17594,205
2023-01-21,Ventura,111,848112,219258,218678,17854,236532,1640
2023-01-21,Yolo,113,214977,49624,49481,4797,54278,436
2023-01-21,Yuba,115,75493,19873,19840,1838,21678,133
2023-01-20,Alameda,001,1643700,374070,372424,21954,394378,2125
2023-01-20,Alpine,002,1148,139,139,4,143,0
2023-01-20,Amador,005,37829,10452,10401,960,11361,97
2023-01-20,Butte,007,227075,41369,41293,10075,51368,481
2023-01-20,Calaveras,009,45235,8915,8893,636,9529,139
2023-01-20,Colusa,011,21464,3939,3925,1336,5261,22
2023-01-20,Contra Costa,013,1133247,269259,267942,22126,290068,1518
2023-01-20,Del Norte,015,27424,7798,7708,447,8155,57
2023-01-20,El Dorado,017,186661,34253,34211,4507,38718,237
2023-01-20,Fresno,019,978130,292113,288834,34404,323238,2952
2023-01-20,Glenn,021,27897,5755,5749,1994,7743,58
2023-01-20,Humboldt,023,135768,23181,23013,5811,28824,167
2023-01-20,Imperial,025,180216,69372,69148,18678,87826,969
2023-01-20,Inyo,027,18085,4730,4717,1263,5980,62
2023-01-20,Kern,029,883053,228538,227433,71393,298826,2461
2023-01-20,Kings,031,150075,62314,62192,4396,66588,470
2023-01-20,Lake,033,64148,13526,13471,1269,14740,149
2023-01-20,Lassen,035,31185,10238,10219,1060,11279,66
2023-01-20,Los Angeles,037,10098052,3461193,3451542,212650,3664192,34790
2023-01-20,Madera,039,155013,45976,45839,8798,54637,377
2023-01-20,Marin,041,260295,48398,48236,5639,53875,317
2023-01-20,Mariposa,043,17540,3334,3290,359,3649,32
2023-01-20,Mendocino,045,87422,16745,16706,4789,21495,139
2023-01-20,Merced,047,269075,76201,75414,12677,88091,883
2023-01-20,Modoc,049,8938,952,950,367,1317,11
2023-01-20,Mono,051,14174,3311,3304,298,3602,8
2023-01-20,Monterey,053,433212,97224,96993,22950,119943,784
2023-01-20,Napa,055,140530,33974,33873,1518,35391,164
2023-01-20,Nevada,057,99092,20008,19957,2247,22204,132
2023-01-20,Orange,059,3164182,705339,701534,75985,777519,7754
2023-01-20,Placer,061,380077,80192,79943,10236,90179,671
2023-01-20,Plumas,063,18699,3812,3805,459,4264,13
2023-01-20,Riverside,065,2383286,729604,727487,40439,767926,6788
2023-01-20,Sacramento,067,1510023,367217,365898,37391,403289,3454
2023-01-20,San Benito,069,59416,17461,17407,1108,18515,115
2023-01-20,San Bernardino,071,2135413,705359,702778,33992,736770,8155
2023-01-20,San Diego,073,3302833,975249,973112,79247,1052359,5703
2023-01-20,San Francisco,075,870044,193106,192280,13064,205344,1147
2023-01-20,San Joaquin,077,732212,207807,207428,16599,224027,2388
2023-01-20,San Luis Obispo,079,281455,65834,65596,8020,73616,545
2023-01-20,San Mateo,081,765935,180862,179715,10997,190712,749
2023-01-20,Santa Barbara,083,443738,111047,110772,7553,118325,752
2023-01-20,Santa Clara,085,1922200,469266,467082,20843,487925,2633
2023-01-20,Santa Cruz,087,273765,67517,67312,3827,71139,277
2023-01-20,Shasta,089,179085,36377,36230,8236,44466,603
2023-01-20,Sierra,091,2930,311,311,61,372,5
2023-01-20,Siskiyou,093,43540,5408,5400,3422,8822,95
2023-01-20,Solano,095,438530,112474,111971,8498,120469,482
2023-01-20,Sonoma,097,501317,112413,112137,5695,117832,541
2023-01-20,Stanislaus,099,539301,143751,143576,22751,166327,1813
2023-01-20,Sutter,101,95872,25501,25442,2530,27972,237
2023-01-20,Tehama,103,63373,14387,14342,3376,17718,222
2023-01-20,Trinity,105,12862,1462,1452,503,1955,23
2023-01-20,Tulare,107,460477,127124,126692,39676,166368,1554
2023-01-20,Tuolumne,109,53932,16687,16613,981,17594,205
2023-01-20,Ventura,111,848112,219223,218678,17850,236528,1640
2023-01-20,Yolo,113,214977,49612,49481,4796,54277,436
2023-01-20,Yuba,115,75493,19871,19840,1838,21678,133
2023-01-19,Alameda,001,1643700,373965,372424,21946,394370,2125
2023-01-19,Alpine,002,1148,139,139,4,143,0
2023-01-19,Amador,005,37829,10450,10401,960,11361,97
2023-01-19,Butte,007,227075,41363,41293,10069,51362,481
2023-01-19,Calaveras,009,45235,8915,8893,636,9529,139
2023-01-19,Colusa,011,21464,3937,3925,1336,5261,22
2023-01-19,Contra Costa,013,1133247,269191,267942,22119,290061,1518
2023-01-19,Del Norte,015,27424,7794,7708,447,8155,57
2023-01-19,El Dorado,017,186661,34249,34211,4505,38716,237
2023-01-19,Fresno,019,978130,292047,288834,34398,323232,2952
2023-01-19,Glenn,021,27897,5755,5749,1994,7743,58
2023-01-19,Humboldt,023,135768,23174,23013,5792,28805,167
2023-01-19,Imperial,025,180216,69361,69148,18677,87825,969
2023-01-19,Inyo,027,18085,4728,4717,1263,5980,62
2023-01-19,Kern,029,883053,228488,227433,71333,298766,2461
2023-01-19,Kings,031,150075,62298,62192,4393,66585,470
2023-01-19,Lake,033,64148,13524,13471,1269,14740,149
2023-01-19,Lassen,035,31185,10238,10219,1060,11279,66
2023-01-19,Los Angeles,037,10098052,3460424,3451542,212539,3664081,34790
2023-01-19,Madera,039,155013,45966,45839,8796,54635,377
2023-01-19,Marin,041,260295,48380,48236,5639,53875,317
2023-01-19,Mariposa,043,17540,3333,3290,359,3649,32
2023-01-19,Mendocino,045,87422,16743,16706,4788,21494,139
2023-01-19,Merced,047,269075,76183,75414,12674,88088,883
2023-01-19,Modoc,049,8938,951,950,366,1316,11
2023-01-19,Mono,051,14174,3311,3304,297,3601,8
2023-01-19,Monterey,053,433212,97209,96993,22933,119926,784
2023-01-19,Napa,055,140530,33966,33873,1518,35391,164
2023-01-19,Nevada,057,99092,20007,19957,2247,22204,132
2023-01-19,Orange,059,3164182,705173,701534,75925,777459,7754
2023-01-19,Placer,061,380077,80170,79943,10235,90178,671
2023-01-19,Plumas,063,18699,3812,3805,459,4264,13
2023-01-19,Riverside,065,2383286,729459,727487,40406,767893,6788
2023-01-19,Sacramento,067,1510023,367125,365898,37377,403275,3454
2023-01-19,San Benito,069,59416,17458,17407,1107,18514,115
2023-01-19,San Bernardino,071,2135413,705228,702778,33975,736753,8155
2023-01-19,San Diego,073,3302833,975003,973112,79190,1052302,5703
2023-01-19,San Francisco,075,870044,193031,192280,13056,205336,1147
2023-01-19,San Joaquin,077,732212,207771,207428,16590,224018,2388
2023-01-19,San Luis Obispo,079,281455,65818,65596,8015,73611,545
2023-01-19,San Mateo,081,765935,180811,179715,10994,190709,749
2023-01-19,Santa Barbara,083,443738,111022,110772,7552,118324,752
2023-01-19,Santa Clara,085,1922200,469142,467082,20835,487917,2633
2023-01-19,Santa Cruz,087,273765,67503,67312,3827,71139,277
2023-01-19,Shasta,089,179085,36375,36230,8235,44465,603
2023-01-19,Sierra,091,2930,311,311,61,372,5
2023-01-19,Siskiyou,093,43540,5406,5400,3422,8822,95
2023-01-19,Solano,095,438530,112434,111971,8495,120466,482
2023-01-19,Sonoma,097,501317,112390,112137,5695,117832,541
2023-01-19,Stanislaus,099,539301,143724,143576,22715,166291,1813
2023-01-19,Sutter,101,95872,25498,25442,2530,27972,237
2023-01-19,Tehama,103,63373,14385,14342,3376,17718,222
2023-01-19,Trinity,105,12862,1462,1452,503,1955,23
2023-01-19,Tulare,107,460477,127091,126692,39653,166345,1554
2023-01-19,Tuolumne,109,53932,16682,16613,981,17594,205
2023-01-19,Ventura,111,848112,219170,218678,17836,236514,1640
2023-01-19,Yolo,113,214977,49604,49481,4795,54276,436
2023-01-19,Yuba,115,75493,19868,19840,1837,21677,133
2023-01-18,Alameda,001,1643700,373846,372424,21936,394360,2125
2023-01-18,Alpine,002,1148,139,139,4,143,0
2023-01-18,Amador,005,37829,10436,10401,960,11361,97
2023-01-18,Butte,007,227075,41355,41293,10062,51355,481
2023-01-18,Calaveras,009,45235,8911,8893,636,9529,139
2023-01-18,Colusa,011,21464,3933,3925,1336,5261,22
2023-01-18,Contra Costa,013,1133247,269104,267942,22115,290057,1518
2023-01-18,Del Norte,015,27424,7789,7708,440,8148,57
2023-01-18,El Dorado,017,186661,34244,34211,4505,38716,237
2023-01-18,Fresno,019,978130,291995,288834,34384,323218,2952
2023-01-18,Glenn,021,27897,5754,5749,1994,7743,58
2023-01-18,Humboldt,023,135768,23171,23013,5786,28799,167
2023-01-18,Imperial,025,180216,69345,69148,18675,87823,969
2023-01-18,Inyo,027,18085,4728,4717,1260,5977,62
2023-01-18,Kern,029,883053,228435,227433,71293,298726,2461
2023-01-18,Kings,031,150075,62283,62192,4392,66584,470
2023-01-18,Lake,033,64148,13521,13471,1269,14740,149
2023-01-18,Lassen,035,31185,10238,10219,1059,11278,66
2023-01-18,Los Angeles,037,10098052,3459613,3451542,212383,3663925,34790
2023-01-18,Madera,039,155013,45958,45839,8796,54635,377
2023-01-18,Marin,041,260295,48363,48236,5638,53874,317
2023-01-18,Mariposa,043,17540,3332,3290,359,3649,32
2023-01-18,Mendocino,045,87422,16740,16706,4783,21489,139
2023-01-18,Merced,047,269075,76163,75414,12674,88088,883
2023-01-18,Modoc,049,8938,951,950,366,1316,11
2023-01-18,Mono,051,14174,3311,3304,297,3601,8
2023-01-18,Monterey,053,433212,97189,96993,22917,119910,784
2023-01-18,Napa,055,140530,33951,33873,1517,35390,164
2023-01-18,Nevada,057,99092,20003,19957,2246,22203,132
2023-01-18,Orange,059,3164182,704987,701534,75875,777409,7754
2023-01-18,Placer,061,380077,80146,79943,10233,90176,671
2023-01-18,Plumas,063,18699,3811,3805,459,4264,13
2023-01-18,Riverside,065,2383286,729317,727487,40390,767877,6788
2023-01-18,Sacramento,067,1510023,367059,365898,37359,403257,3454
2023-01-18,San Benito,069,59416,17454,17407,1107,18514,115
2023-01-18,San Bernardino,071,2135413,705117,702778,33960,736738,8155
2023-01-18,San Diego,073,3302833,974688,973112,79136,1052248,5703
2023-01-18,San Francisco,075,870044,192964,192280,13054,205334,1147
2023-01-18,San Joaquin,077,732212,207731,207428,16586,224014,2388
2023-01-18,San Luis Obispo,079,281455,65801,65596,8007,73603,545
2023-01-18,San Mateo,081,765935,180757,179715,10991,190706,749
2023-01-18,Santa Barbara,083,443738,110991,110772,7539,118311,752
2023-01-18,Santa Clara,085,1922200,468984,467082,20828,487910,2633
2023-01-18,Santa Cruz,087,273765,67493,67312,3824,71136,277
2023-01-18,Shasta,089,179085,36370,36230,8233,44463,603
2023-01-18,Sierra,091,2930,311,311,61,372,5
2023-01-18,Siskiyou,093,43540,5405,5400,3422,8822,95
2023-01-18,Solano,095,438530,112399,111971,8495,120466,482
2023-01-18,Sonoma,097,501317,112363,112137,5691,117828,541
2023-01-18,Stanislaus,099,539301,143694,143576,22713,166289,1813
2023-01-18,Sutter,101,95872,25487,25442,2528,27970,237
2023-01-18,Tehama,103,63373,14384,14342,3373,17715,222
2023-01-18,Trinity,105,12862,1461,1452,503,1955,23
2023-01-18,Tulare,107,460477,127063,126692,39625,166317,1554
2023-01-18,Tuolumne,109,53932,16677,16613,981,17594,205
2023-01-18,Ventura,111,848112,219106,218678,17825,236503,1640
2023-01-18,Yolo,113,214977,49592,49481,4794,54275,436
2023-01-18,Yuba,115,75493,19860,19840,1837,21677,133
2023-01-17,Alameda,001,1643700,373733,372424,21927,394351,2125
2023-01-17,Alpine,002,1148,139,139,4,143,0
2023-01-17,Amador,005,37829,10429,10401,960,11361,97
2023-01-17,Butte,007,227075,41351,41293,10059,51352,481
2023-01-17,Calaveras,009,45235,8909,8893,636,9529,139
2023-01-17,Colusa,011,21464,3932,3925,1336,5261,22
2023-01-17,Contra Costa,013,1133247,269011,267942,22107,290049,1518
2023-01-17,Del Norte,015,27424,7784,7708,440,8148,57
2023-01-17,El Dorado,017,186661,34239,34211,4503,38714,237
2023-01-17,Fresno,019,978130,291930,288834,34374,323208,2952
2023-01-17,Glenn,021,27897,5754,5749,1994,7743,58
2023-01-17,Humboldt,023,135768,23164,23013,5783,28796,167
2023-01-17,Imperial,025,180216,69326,69148,18673,87821,969
2023-01-17,Inyo,027,18085,4727,4717,1253,5970,62
2023-01-17,Kern,029,883053,228391,227433,71248,298681,2461
2023-01-17,Kings,031,150075,62266,62192,4389,66581,470
2023-01-17,Lake,033,64148,13517,13471,1269,14740,149
2023-01-17,Lassen,035,31185,10236,10219,1059,11278,66
2023-01-17,Los Angeles,037,10098052,3458745,3451542,212222,3663764,34790
2023-01-17,Madera,039,155013,45955,45839,8795,54634,377
2023-01-17,Marin,041,260295,48347,48236,5636,53872,317
2023-01-17,Mariposa,043,17540,3332,3290,359,3649,32
2023-01-17,Mendocino,045,87422,16738,16706,4774,21480,139
2023-01-17,Merced,047,269075,76147,75414,12668,88082,883
2023-01-17,Modoc,049,8938,951,950,366,1316,11
2023-01-17,Mono,051,14174,3308,3304,297,3601,8
2023-01-17,Monterey,053,433212,97178,96993,22908,119901,784
2023-01-17,Napa,055,140530,33937,33873,1517,35390,164
2023-01-17,Nevada,057,99092,20001,19957,2246,22203,132
2023-01-17,Orange,059,3164182,704795,701534,75802,777336,7754
2023-01-17,Placer,061,380077,80129,79943,10232,90175,671
2023-01-17,Plumas,063,18699,3808,3805,459,4264,13
2023-01-17,Riverside,065,2383286,729154,727487,40366,767853,6788
2023-01-17,Sacramento,067,1510023,366945,365898,37347,403245,3454
2023-01-17,San Benito,069,59416,17451,17407,1106,18513,115
2023-01-17,San Bernardino,071,2135413,704929,702778,33926,736704,8155
2023-01-17,San Diego,073,3302833,974351,973112,79083,1052195,5703
2023-01-17,San Francisco,075,870044,192894,192280,13050,205330,1147
2023-01-17,San Joaquin,077,732212,207691,207428,16583,224011,2388
2023-01-17,San Luis Obispo,079,281455,65784,65596,8005,73601,545
2023-01-17,San Mateo,081,765935,180700,179715,10991,190706,749
2023-01-17,Santa Barbara,083,443738,110950,110772,7535,118307,752
2023-01-17,Santa Clara,085,1922200,468825,467082,20807,487889,2633
2023-01-17,Santa Cruz,087,273765,67475,67312,3822,71134,277
2023-01-17,Shasta,089,179085,36366,36230,8232,44462,603
2023-01-17,Sierra,091,2930,311,311,61,372,5
2023-01-17,Siskiyou,093,43540,5405,5400,3422,8822,95
2023-01-17,Solano,095,438530,112352,111971,8491,120462,482
2023-01-17,Sonoma,097,501317,112322,112137,5690,117827,541
2023-01-17,Stanislaus,099,539301,143668,143576,22710,166286,1813
2023-01-17,Sutter,101,95872,25477,25442,2528,27970,237
2023-01-17,Tehama,103,63373,14383,14342,3373,17715,222
2023-01-17,Trinity,105,12862,1460,1452,502,1954,23
2023-01-17,Tulare,107,460477,127017,126692,39605,166297,1554
2023-01-17,Tuolumne,109,53932,16673,16613,981,17594,205
2023-01-17,Ventura,111,848112,219052,218678,17814,236492,1640
2023-01-17,Yolo,113,214977,49579,49481,4790,54271,436
2023-01-17,Yuba,115,75493,19854,19840,1836,21676,133
2023-01-16,Alameda,001,1643700,373592,371533,21913,393446,2112
2023-01-16,Alpine,002,1148,139,139,4,143,0
2023-01-16,Amador,005,37829,10421,10384,960,11344,96
2023-01-16,Butte,007,227075,41337,41228,10055,51283,478
2023-01-16,Calaveras,009,45235,8906,8878,636,9514,138
2023-01-16,Colusa,011,21464,3931,3919,1334,5253,22
2023-01-16,Contra Costa,013,1133247,268926,267212,22098,289310,1505
2023-01-16,Del Norte,015,27424,7783,7700,439,8139,57
2023-01-16,El Dorado,017,186661,34232,34153,4501,38654,236
2023-01-16,Fresno,019,978130,291845,287748,34365,322113,2940
2023-01-16,Glenn,021,27897,5753,5747,1994,7741,58
2023-01-16,Humboldt,023,135768,23156,22986,5777,28763,166
2023-01-16,Imperial,025,180216,69317,69018,18664,87682,964
2023-01-16,Inyo,027,18085,4726,4709,1253,5962,62
2023-01-16,Kern,029,883053,228344,226971,71192,298163,2457
2023-01-16,Kings,031,150075,62255,62044,4385,66429,469
2023-01-16,Lake,033,64148,13507,13448,1269,14717,149
2023-01-16,Lassen,035,31185,10234,10212,1057,11269,66
2023-01-16,Los Angeles,037,10098052,3457644,3443850,212013,3655863,34651
2023-01-16,Madera,039,155013,45948,45761,8791,54552,377
2023-01-16,Marin,041,260295,48331,48130,5631,53761,317
2023-01-16,Mariposa,043,17540,3330,3285,359,3644,32
2023-01-16,Mendocino,045,87422,16734,16682,4772,21454,137
2023-01-16,Merced,047,269075,76122,75253,12666,87919,883
2023-01-16,Modoc,049,8938,951,946,366,1312,11
2023-01-16,Mono,051,14174,3307,3299,297,3596,8
2023-01-16,Monterey,053,433212,97161,96874,22898,119772,781
2023-01-16,Napa,055,140530,33922,33808,1517,35325,165
2023-01-16,Nevada,057,99092,19995,19927,2245,22172,132
2023-01-16,Orange,059,3164182,704586,699881,75736,775617,7723
2023-01-16,Placer,061,380077,80103,79766,10228,89994,671
2023-01-16,Plumas,063,18699,3808,3804,458,4262,13
2023-01-16,Riverside,065,2383286,728961,725898,40329,766227,6761
2023-01-16,Sacramento,067,1510023,366845,365352,37317,402669,3434
2023-01-16,San Benito,069,59416,17445,17378,1106,18484,115
2023-01-16,San Bernardino,071,2135413,704709,701674,33908,735582,8146
2023-01-16,San Diego,073,3302833,973921,970800,79027,1049827,5681
2023-01-16,San Francisco,075,870044,192814,191765,13046,204811,1123
2023-01-16,San Joaquin,077,732212,207650,207038,16578,223616,2378
2023-01-16,San Luis Obispo,079,281455,65755,65502,7999,73501,539
2023-01-16,San Mateo,081,765935,180644,179319,10986,190305,749
2023-01-16,Santa Barbara,083,443738,110918,110537,7526,118063,750
2023-01-16,Santa Clara,085,1922200,468619,465994,20795,486789,2601
2023-01-16,Santa Cruz,087,273765,67450,67144,3819,70963,276
2023-01-16,Shasta,089,179085,36362,36179,8230,44409,604
2023-01-16,Sierra,091,2930,311,311,61,372,5
2023-01-16,Siskiyou,093,43540,5404,5384,3422,8806,95
2023-01-16,Solano,095,438530,112317,111700,8489,120189,479
2023-01-16,Sonoma,097,501317,112289,111955,5688,117643,542
2023-01-16,Stanislaus,099,539301,143634,143318,22705,166023,1800
2023-01-16,Sutter,101,95872,25471,25392,2528,27920,237
2023-01-16,Tehama,103,63373,14380,14320,3373,17693,221
2023-01-16,Trinity,105,12862,1460,1448,502,1950,23
2023-01-16,Tulare,107,460477,126983,126451,39580,166031,1552
2023-01-16,Tuolumne,109,53932,16668,16552,981,17533,209
2023-01-16,Ventura,111,848112,218987,218234,17802,236036,1632
2023-01-16,Yolo,113,214977,49561,49393,4781,54174,433
2023-01-16,Yuba,115,75493,19849,19804,1833,21637,132
2023-01-15,Alameda,001,1643700,373475,371533,21910,393443,2112
2023-01-15,Alpine,002,1148,139,139,4,143,0
2023-01-15,Amador,005,37829,10419,10384,960,11344,96
2023-01-15,Butte,007,227075,41331,41228,10052,51280,478
2023-01-15,Calaveras,009,45235,8906,8878,636,9514,138
2023-01-15,Colusa,011,21464,3930,3919,1334,5253,22
2023-01-15,Contra Costa,013,1133247,268855,267212,22096,289308,1505
2023-01-15,Del Norte,015,27424,7781,7700,438,8138,57
2023-01-15,El Dorado,017,186661,34222,34153,4501,38654,236
2023-01-15,Fresno,019,978130,291788,287748,34347,322095,2940
2023-01-15,Glenn,021,27897,5752,5747,1994,7741,58
2023-01-15,Humboldt,023,135768,23153,22986,5774,28760,166
2023-01-15,Imperial,025,180216,69303,69018,18652,87670,964
2023-01-15,Inyo,027,18085,4725,4709,1249,5958,62
2023-01-15,Kern,029,883053,228277,226971,71147,298118,2457
2023-01-15,Kings,031,150075,62240,62044,4385,66429,469
2023-01-15,Lake,033,64148,13505,13448,1269,14717,149
2023-01-15,Lassen,035,31185,10233,10212,1057,11269,66
2023-01-15,Los Angeles,037,10098052,3456857,3443850,211836,3655686,34651
2023-01-15,Madera,039,155013,45940,45761,8791,54552,377
2023-01-15,Marin,041,260295,48304,48130,5628,53758,317
2023-01-15,Mariposa,043,17540,3329,3285,359,3644,32
2023-01-15,Mendocino,045,87422,16731,16682,4772,21454,137
2023-01-15,Merced,047,269075,76105,75253,12665,87918,883
2023-01-15,Modoc,049,8938,950,946,366,1312,11
2023-01-15,Mono,051,14174,3306,3299,297,3596,8
2023-01-15,Monterey,053,433212,97145,96874,22887,119761,781
2023-01-15,Napa,055,140530,33914,33808,1517,35325,165
2023-01-15,Nevada,057,99092,19989,19927,2243,22170,132
2023-01-15,Orange,059,3164182,704367,699881,75661,775542,7723
2023-01-15,Placer,061,380077,80081,79766,10227,89993,671
2023-01-15,Plumas,063,18699,3807,3804,458,4262,13
2023-01-15,Riverside,065,2383286,728788,725898,40308,766206,6761
2023-01-15,Sacramento,067,1510023,366771,365352,37308,402660,3434
2023-01-15,San Benito,069,59416,17442,17378,1106,18484,115
2023-01-15,San Bernardino,071,2135413,704568,701674,33893,735567,8146
2023-01-15,San Diego,073,3302833,973673,970800,78986,1049786,5681
2023-01-15,San Francisco,075,870044,192746,191765,13040,204805,1123
2023-01-15,San Joaquin,077,732212,207603,207038,16574,223612,2378
2023-01-15,San Luis Obispo,079,281455,65739,65502,7997,73499,539
2023-01-15,San Mateo,081,765935,180597,179319,10981,190300,749
2023-01-15,Santa Barbara,083,443738,110881,110537,7524,118061,750
2023-01-15,Santa Clara,085,1922200,468505,465994,20790,486784,2601
2023-01-15,Santa Cruz,087,273765,67420,67144,3818,70962,276
2023-01-15,Shasta,089,179085,36358,36179,8229,44408,604
2023-01-15,Sierra,091,2930,311,311,61,372,5
2023-01-15,Siskiyou,093,43540,5403,5384,3422,8806,95
2023-01-15,Solano,095,438530,112290,111700,8486,120186,479
2023-01-15,Sonoma,097,501317,112256,111955,5688,117643,542
2023-01-15,Stanislaus,099,539301,143603,143318,22705,166023,1800
2023-01-15,Sutter,101,95872,25464,25392,2528,27920,237
2023-01-15,Tehama,103,63373,14380,14320,3372,17692,221
2023-01-15,Trinity,105,12862,1460,1448,502,1950,23
2023-01-15,Tulare,107,460477,126925,126451,39558,166009,1552
2023-01-15,Tuolumne,109,53932,16663,16552,981,17533,209
2023-01-15,Ventura,111,848112,218939,218234,17792,236026,1632
2023-01-15,Yolo,113,214977,49551,49393,4781,54174,433
2023-01-15,Yuba,115,75493,19846,19804,1833,21637,132
2023-01-14,Alameda,001,1643700,373389,371533,21905,393438,2112
2023-01-14,Alpine,002,1148,139,139,4,143,0
2023-01-14,Amador,005,37829,10415,10384,960,11344,96
2023-01-14,Butte,007,227075,41328,41228,10048,51276,478
2023-01-14,Calaveras,009,45235,8904,8878,635,9513,138
2023-01-14,Colusa,011,21464,3929,3919,1334,5253,22
2023-01-14,Contra Costa,013,1133247,268792,267212,22093,289305,1505
2023-01-14,Del Norte,015,27424,7780,7700,438,8138,57
2023-01-14,El Dorado,017,186661,34215,34153,4500,38653,236
2023-01-14,Fresno,019,978130,291746,287748,34341,322089,2940
2023-01-14,Glenn,021,27897,5752,5747,1994,7741,58
2023-01-14,Humboldt,023,135768,23151,22986,5771,28757,166
2023-01-14,Imperial,025,180216,69288,69018,18652,87670,964
2023-01-14,Inyo,027,18085,4723,4709,1249,5958,62
2023-01-14,Kern,029,883053,228241,226971,71115,298086,2457
2023-01-14,Kings,031,150075,62231,62044,4384,66428,469
2023-01-14,Lake,033,64148,13503,13448,1269,14717,149
2023-01-14,Lassen,035,31185,10233,10212,1057,11269,66
2023-01-14,Los Angeles,037,10098052,3456264,3443850,211739,3655589,34651
2023-01-14,Madera,039,155013,45937,45761,8790,54551,377
2023-01-14,Marin,041,260295,48292,48130,5627,53757,317
2023-01-14,Mariposa,043,17540,3328,3285,359,3644,32
2023-01-14,Mendocino,045,87422,16727,16682,4772,21454,137
2023-01-14,Merced,047,269075,76091,75253,12665,87918,883
2023-01-14,Modoc,049,8938,950,946,365,1311,11
2023-01-14,Mono,051,14174,3305,3299,297,3596,8
2023-01-14,Monterey,053,433212,97135,96874,22883,119757,781
2023-01-14,Napa,055,140530,33908,33808,1517,35325,165
2023-01-14,Nevada,057,99092,19989,19927,2241,22168,132
2023-01-14,Orange,059,3164182,704238,699881,75622,775503,7723
2023-01-14,Placer,061,380077,80070,79766,10226,89992,671
2023-01-14,Plumas,063,18699,3807,3804,458,4262,13
2023-01-14,Riverside,065,2383286,728684,725898,40290,766188,6761
2023-01-14,Sacramento,067,1510023,366720,365352,37302,402654,3434
2023-01-14,San Benito,069,59416,17437,17378,1106,18484,115
2023-01-14,San Bernardino,071,2135413,704475,701674,33880,735554,8146
2023-01-14,San Diego,073,3302833,973479,970800,78968,1049768,5681
2023-01-14,San Francisco,075,870044,192705,191765,13039,204804,1123
2023-01-14,San Joaquin,077,732212,207579,207038,16573,223611,2378
2023-01-14,San Luis Obispo,079,281455,65733,65502,7993,73495,539
2023-01-14,San Mateo,081,765935,180567,179319,10977,190296,749
2023-01-14,Santa Barbara,083,443738,110854,110537,7521,118058,750
2023-01-14,Santa Clara,085,1922200,468418,465994,20781,486775,2601
2023-01-14,Santa Cruz,087,273765,67413,67144,3814,70958,276
2023-01-14,Shasta,089,179085,36355,36179,8229,44408,604
2023-01-14,Sierra,091,2930,311,311,61,372,5
2023-01-14,Siskiyou,093,43540,5403,5384,3422,8806,95
2023-01-14,Solano,095,438530,112281,111700,8483,120183,479
2023-01-14,Sonoma,097,501317,112244,111955,5688,117643,542
2023-01-14,Stanislaus,099,539301,143581,143318,22702,166020,1800
2023-01-14,Sutter,101,95872,25461,25392,2528,27920,237
2023-01-14,Tehama,103,63373,14375,14320,3372,17692,221
2023-01-14,Trinity,105,12862,1460,1448,502,1950,23
2023-01-14,Tulare,107,460477,126904,126451,39550,166001,1552
2023-01-14,Tuolumne,109,53932,16660,16552,979,17531,209
2023-01-14,Ventura,111,848112,218900,218234,17786,236020,1632
2023-01-14,Yolo,113,214977,49537,49393,4779,54172,433
2023-01-14,Yuba,115,75493,19844,19804,1832,21636,132
2023-01-13,Alameda,001,1643700,373298,371533,21897,393430,2112
2023-01-13,Alpine,002,1148,139,139,4,143,0
2023-01-13,Amador,005,37829,10413,10384,960,11344,96
2023-01-13,Butte,007,227075,41324,41228,10043,51271,478
2023-01-13,Calaveras,009,45235,8903,8878,635,9513,138
2023-01-13,Colusa,011,21464,3928,3919,1334,5253,22
2023-01-13,Contra Costa,013,1133247,268727,267212,22091,289303,1505
2023-01-13,Del Norte,015,27424,7779,7700,438,8138,57
2023-01-13,El Dorado,017,186661,34210,34153,4500,38653,236
2023-01-13,Fresno,019,978130,291702,287748,34334,322082,2940
2023-01-13,Glenn,021,27897,5752,5747,1994,7741,58
2023-01-13,Humboldt,023,135768,23150,22986,5765,28751,166
2023-01-13,Imperial,025,180216,69278,69018,18648,87666,964
2023-01-13,Inyo,027,18085,4722,4709,1247,5956,62
2023-01-13,Kern,029,883053,228208,226971,71084,298055,2457
2023-01-13,Kings,031,150075,62218,62044,4384,66428,469
2023-01-13,Lake,033,64148,13503,13448,1269,14717,149
2023-01-13,Lassen,035,31185,10233,10212,1057,11269,66
2023-01-13,Los Angeles,037,10098052,3455691,3443850,211642,3655492,34651
2023-01-13,Madera,039,155013,45929,45761,8790,54551,377
2023-01-13,Marin,041,260295,48279,48130,5624,53754,317
2023-01-13,Mariposa,043,17540,3326,3285,359,3644,32
2023-01-13,Mendocino,045,87422,16724,16682,4772,21454,137
2023-01-13,Merced,047,269075,76083,75253,12665,87918,883
2023-01-13,Modoc,049,8938,950,946,365,1311,11
2023-01-13,Mono,051,14174,3304,3299,297,3596,8
2023-01-13,Monterey,053,433212,97116,96874,22877,119751,781
2023-01-13,Napa,055,140530,33897,33808,1516,35324,165
2023-01-13,Nevada,057,99092,19986,19927,2240,22167,132
2023-01-13,Orange,059,3164182,704121,699881,75578,775459,7723
2023-01-13,Placer,061,380077,80052,79766,10226,89992,671
2023-01-13,Plumas,063,18699,3806,3804,458,4262,13
2023-01-13,Riverside,065,2383286,728581,725898,40275,766173,6761
2023-01-13,Sacramento,067,1510023,366658,365352,37297,402649,3434
2023-01-13,San Benito,069,59416,17436,17378,1105,18483,115
2023-01-13,San Bernardino,071,2135413,704382,701674,33871,735545,8146
2023-01-13,San Diego,073,3302833,973288,970800,78938,1049738,5681
2023-01-13,San Francisco,075,870044,192662,191765,13037,204802,1123
2023-01-13,San Joaquin,077,732212,207544,207038,16572,223610,2378
2023-01-13,San Luis Obispo,079,281455,65718,65502,7993,73495,539
2023-01-13,San Mateo,081,765935,180510,179319,10972,190291,749
2023-01-13,Santa Barbara,083,443738,110837,110537,7520,118057,750
2023-01-13,Santa Clara,085,1922200,468306,465994,20778,486772,2601
2023-01-13,Santa Cruz,087,273765,67394,67144,3814,70958,276
2023-01-13,Shasta,089,179085,36354,36179,8228,44407,604
2023-01-13,Sierra,091,2930,311,311,61,372,5
2023-01-13,Siskiyou,093,43540,5401,5384,3422,8806,95
2023-01-13,Solano,095,438530,112254,111700,8477,120177,479
2023-01-13,Sonoma,097,501317,112223,111955,5688,117643,542
2023-01-13,Stanislaus,099,539301,143559,143318,22699,166017,1800
2023-01-13,Sutter,101,95872,25459,25392,2528,27920,237
2023-01-13,Tehama,103,63373,14375,14320,3371,17691,221
2023-01-13,Trinity,105,12862,1459,1448,502,1950,23
2023-01-13,Tulare,107,460477,126874,126451,39535,165986,1552
2023-01-13,Tuolumne,109,53932,16649,16552,979,17531,209
2023-01-13,Ventura,111,848112,218860,218234,17781,236015,1632
2023-01-13,Yolo,113,214977,49526,49393,4777,54170,433
2023-01-13,Yuba,115,75493,19842,19804,1832,21636,132
2023-01-12,Alameda,001,1643700,373163,371533,21886,393419,2112
2023-01-12,Alpine,002,1148,139,139,4,143,0
2023-01-12,Amador,005,37829,10410,10384,960,11344,96
2023-01-12,Butte,007,227075,41314,41228,10041,51269,478
2023-01-12,Calaveras,009,45235,8901,8878,635,9513,138
2023-01-12,Colusa,011,21464,3927,3919,1334,5253,22
2023-01-12,Contra Costa,013,1133247,268631,267212,22086,289298,1505
2023-01-12,Del Norte,015,27424,7777,7700,438,8138,57
2023-01-12,El Dorado,017,186661,34202,34153,4497,38650,236
2023-01-12,Fresno,019,978130,291643,287748,34321,322069,2940
2023-01-12,Glenn,021,27897,5752,5747,1994,7741,58
2023-01-12,Humboldt,023,135768,23142,22986,5764,28750,166
2023-01-12,Imperial,025,180216,69261,69018,18643,87661,964
2023-01-12,Inyo,027,18085,4720,4709,1245,5954,62
2023-01-12,Kern,029,883053,228132,226971,71045,298016,2457
2023-01-12,Kings,031,150075,62201,62044,4381,66425,469
2023-01-12,Lake,033,64148,13500,13448,1268,14716,149
2023-01-12,Lassen,035,31185,10232,10212,1057,11269,66
2023-01-12,Los Angeles,037,10098052,3454795,3443850,211498,3655348,34651
2023-01-12,Madera,039,155013,45913,45761,8790,54551,377
2023-01-12,Marin,041,260295,48260,48130,5620,53750,317
2023-01-12,Mariposa,043,17540,3324,3285,358,3643,32
2023-01-12,Mendocino,045,87422,16721,16682,4772,21454,137
2023-01-12,Merced,047,269075,76062,75253,12662,87915,883
2023-01-12,Modoc,049,8938,950,946,365,1311,11
2023-01-12,Mono,051,14174,3303,3299,297,3596,8
2023-01-12,Monterey,053,433212,97104,96874,22859,119733,781
2023-01-12,Napa,055,140530,33888,33808,1516,35324,165
2023-01-12,Nevada,057,99092,19983,19927,2239,22166,132
2023-01-12,Orange,059,3164182,703893,699881,75521,775402,7723
2023-01-12,Placer,061,380077,80018,79766,10225,89991,671
2023-01-12,Plumas,063,18699,3806,3804,458,4262,13
2023-01-12,Riverside,065,2383286,728396,725898,40238,766136,6761
2023-01-12,Sacramento,067,1510023,366582,365352,37276,402628,3434
2023-01-12,San Benito,069,59416,17434,17378,1105,18483,115
2023-01-12,San Bernardino,071,2135413,704232,701674,33852,735526,8146
2023-01-12,San Diego,073,3302833,972996,970800,78894,1049694,5681
2023-01-12,San Francisco,075,870044,192589,191765,13028,204793,1123
2023-01-12,San Joaquin,077,732212,207492,207038,16567,223605,2378
2023-01-12,San Luis Obispo,079,281455,65701,65502,7979,73481,539
2023-01-12,San Mateo,081,765935,180452,179319,10970,190289,749
2023-01-12,Santa Barbara,083,443738,110790,110537,7519,118056,750
2023-01-12,Santa Clara,085,1922200,468139,465994,20772,486766,2601
2023-01-12,Santa Cruz,087,273765,67364,67144,3813,70957,276
2023-01-12,Shasta,089,179085,36344,36179,8222,44401,604
2023-01-12,Sierra,091,2930,311,311,61,372,5
2023-01-12,Siskiyou,093,43540,5401,5384,3422,8806,95
2023-01-12,Solano,095,438530,112218,111700,8471,120171,479
2023-01-12,Sonoma,097,501317,112198,111955,5686,117641,542
2023-01-12,Stanislaus,099,539301,143539,143318,22646,165964,1800
2023-01-12,Sutter,101,95872,25452,25392,2528,27920,237
2023-01-12,Tehama,103,63373,14374,14320,3371,17691,221
2023-01-12,Trinity,105,12862,1459,1448,500,1948,23
2023-01-12,Tulare,107,460477,126849,126451,39521,165972,1552
2023-01-12,Tuolumne,109,53932,16643,16552,976,17528,209
2023-01-12,Ventura,111,848112,218798,218234,17771,236005,1632
2023-01-12,Yolo,113,214977,49516,49393,4776,54169,433
2023-01-12,Yuba,115,75493,19836,19804,1832,21636,132
2023-01-11,Alameda,001,1643700,373018,371533,21877,393410,2112
2023-01-11,Alpine,002,1148,139,139,4,143,0
2023-01-11,Amador,005,37829,10406,10384,960,11344,96
2023-01-11,Butte,007,227075,41302,41228,10040,51268,478
2023-01-11,Calaveras,009,45235,8900,8878,634,9512,138
2023-01-11,Colusa,011,21464,3926,3919,1333,5252,22
2023-01-11,Contra Costa,013,1133247,268526,267212,22077,289289,1505
2023-01-11,Del Norte,015,27424,7776,7700,438,8138,57
2023-01-11,El Dorado,017,186661,34187,34153,4497,38650,236
2023-01-11,Fresno,019,978130,291571,287748,34303,322051,2940
2023-01-11,Glenn,021,27897,5752,5747,1994,7741,58
2023-01-11,Humboldt,023,135768,23131,22986,5762,28748,166
2023-01-11,Imperial,025,180216,69233,69018,18634,87652,964
2023-01-11,Inyo,027,18085,4718,4709,1243,5952,62
2023-01-11,Kern,029,883053,228059,226971,70986,297957,2457
2023-01-11,Kings,031,150075,62174,62044,4381,66425,469
2023-01-11,Lake,033,64148,13492,13448,1268,14716,149
2023-01-11,Lassen,035,31185,10232,10212,1057,11269,66
2023-01-11,Los Angeles,037,10098052,3453797,3443850,211313,3655163,34651
2023-01-11,Madera,039,155013,45903,45761,8788,54549,377
2023-01-11,Marin,041,260295,48244,48130,5618,53748,317
2023-01-11,Mariposa,043,17540,3322,3285,358,3643,32
2023-01-11,Mendocino,045,87422,16717,16682,4770,21452,137
2023-01-11,Merced,047,269075,76047,75253,12659,87912,883
2023-01-11,Modoc,049,8938,949,946,365,1311,11
2023-01-11,Mono,051,14174,3303,3299,297,3596,8
2023-01-11,Monterey,053,433212,97086,96874,22846,119720,781
2023-01-11,Napa,055,140530,33878,33808,1516,35324,165
2023-01-11,Nevada,057,99092,19979,19927,2238,22165,132
2023-01-11,Orange,059,3164182,703642,699881,75452,775333,7723
2023-01-11,Placer,061,380077,79994,79766,10221,89987,671
2023-01-11,Plumas,063,18699,3806,3804,458,4262,13
2023-01-11,Riverside,065,2383286,728200,725898,40211,766109,6761
2023-01-11,Sacramento,067,1510023,366492,365352,37259,402611,3434
2023-01-11,San Benito,069,59416,17426,17378,1103,18481,115
2023-01-11,San Bernardino,071,2135413,704093,701674,33819,735493,8146
2023-01-11,San Diego,073,3302833,972667,970800,78845,1049645,5681
2023-01-11,San Francisco,075,870044,192534,191765,13021,204786,1123
2023-01-11,San Joaquin,077,732212,207428,207038,16563,223601,2378
2023-01-11,San Luis Obispo,079,281455,65690,65502,7972,73474,539
2023-01-11,San Mateo,081,765935,180397,179319,10967,190286,749
2023-01-11,Santa Barbara,083,443738,110751,110537,7514,118051,750
2023-01-11,Santa Clara,085,1922200,467954,465994,20766,486760,2601
2023-01-11,Santa Cruz,087,273765,67344,67144,3809,70953,276
2023-01-11,Shasta,089,179085,36338,36179,8222,44401,604
2023-01-11,Sierra,091,2930,311,311,61,372,5
2023-01-11,Siskiyou,093,43540,5400,5384,3422,8806,95
2023-01-11,Solano,095,438530,112189,111700,8467,120167,479
2023-01-11,Sonoma,097,501317,112164,111955,5683,117638,542
2023-01-11,Stanislaus,099,539301,143518,143318,22602,165920,1800
2023-01-11,Sutter,101,95872,25445,25392,2527,27919,237
2023-01-11,Tehama,103,63373,14371,14320,3369,17689,221
2023-01-11,Trinity,105,12862,1459,1448,500,1948,23
2023-01-11,Tulare,107,460477,126821,126451,39501,165952,1552
2023-01-11,Tuolumne,109,53932,16635,16552,974,17526,209
2023-01-11,Ventura,111,848112,218737,218234,17760,235994,1632
2023-01-11,Yolo,113,214977,49505,49393,4773,54166,433
2023-01-11,Yuba,115,75493,19831,19804,1829,21633,132
2023-01-10,Alameda,001,1643700,372897,371533,21865,393398,2112
2023-01-10,Alpine,002,1148,139,139,4,143,0
2023-01-10,Amador,005,37829,10406,10384,960,11344,96
2023-01-10,Butte,007,227075,41288,41228,10035,51263,478
2023-01-10,Calaveras,009,45235,8899,8878,634,9512,138
2023-01-10,Colusa,011,21464,3926,3919,1332,5251,22
2023-01-10,Contra Costa,013,1133247,268426,267212,22062,289274,1505
2023-01-10,Del Norte,015,27424,7773,7700,437,8137,57
2023-01-10,El Dorado,017,186661,34177,34153,4495,38648,236
2023-01-10,Fresno,019,978130,291490,287748,34288,322036,2940
2023-01-10,Glenn,021,27897,5751,5747,1994,7741,58
2023-01-10,Humboldt,023,135768,23128,22986,5758,28744,166
2023-01-10,Imperial,025,180216,69212,69018,18623,87641,964
2023-01-10,Inyo,027,18085,4717,4709,1243,5952,62
2023-01-10,Kern,029,883053,228001,226971,70929,297900,2457
2023-01-10,Kings,031,150075,62152,62044,4380,66424,469
2023-01-10,Lake,033,64148,13487,13448,1268,14716,149
2023-01-10,Lassen,035,31185,10229,10212,1057,11269,66
2023-01-10,Los Angeles,037,10098052,3452612,3443850,211129,3654979,34651
2023-01-10,Madera,039,155013,45894,45761,8785,54546,377
2023-01-10,Marin,041,260295,48225,48130,5616,53746,317
2023-01-10,Mariposa,043,17540,3319,3285,358,3643,32
2023-01-10,Mendocino,045,87422,16713,16682,4768,21450,137
2023-01-10,Merced,047,269075,76026,75253,12653,87906,883
2023-01-10,Modoc,049,8938,949,946,365,1311,11
2023-01-10,Mono,051,14174,3303,3299,296,3595,8
2023-01-10,Monterey,053,433212,97070,96874,22822,119696,781
2023-01-10,Napa,055,140530,33866,33808,1516,35324,165
2023-01-10,Nevada,057,99092,19974,19927,2237,22164,132
2023-01-10,Orange,059,3164182,703403,699881,75387,775268,7723
2023-01-10,Placer,061,380077,79966,79766,10218,89984,671
2023-01-10,Plumas,063,18699,3806,3804,458,4262,13
2023-01-10,Riverside,065,2383286,727965,725898,40181,766079,6761
2023-01-10,Sacramento,067,1510023,366390,365352,37235,402587,3434
2023-01-10,San Benito,069,59416,17421,17378,1103,18481,115
2023-01-10,San Bernardino,071,2135413,703897,701674,33797,735471,8146
2023-01-10,San Diego,073,3302833,972294,970800,78780,1049580,5681
2023-01-10,San Francisco,075,870044,192461,191765,13016,204781,1123
2023-01-10,San Joaquin,077,732212,207356,207038,16559,223597,2378
2023-01-10,San Luis Obispo,079,281455,65664,65502,7960,73462,539
2023-01-10,San Mateo,081,765935,180324,179319,10962,190281,749
2023-01-10,Santa Barbara,083,443738,110705,110537,7504,118041,750
2023-01-10,Santa Clara,085,1922200,467723,465994,20752,486746,2601
2023-01-10,Santa Cruz,087,273765,67316,67144,3802,70946,276
2023-01-10,Shasta,089,179085,36326,36179,8221,44400,604
2023-01-10,Sierra,091,2930,311,311,61,372,5
2023-01-10,Siskiyou,093,43540,5399,5384,3422,8806,95
2023-01-10,Solano,095,438530,112147,111700,8463,120163,479
2023-01-10,Sonoma,097,501317,112130,111955,5681,117636,542
2023-01-10,Stanislaus,099,539301,143474,143318,22598,165916,1800
2023-01-10,Sutter,101,95872,25434,25392,2527,27919,237
2023-01-10,Tehama,103,63373,14366,14320,3368,17688,221
2023-01-10,Trinity,105,12862,1457,1448,500,1948,23
2023-01-10,Tulare,107,460477,126771,126451,39480,165931,1552
2023-01-10,Tuolumne,109,53932,16630,16552,974,17526,209
2023-01-10,Ventura,111,848112,218654,218234,17746,235980,1632
2023-01-10,Yolo,113,214977,49499,49393,4771,54164,433
2023-01-10,Yuba,115,75493,19822,19804,1828,21632,132
2023-01-09,Alameda,001,1643700,372722,369872,21848,391720,2098
2023-01-09,Alpine,002,1148,139,138,4,142,0
2023-01-09,Amador,005,37829,10401,10340,960,11300,96
2023-01-09,Butte,007,227075,41277,41102,10030,51132,478
2023-01-09,Calaveras,009,45235,8896,8852,634,9486,137
2023-01-09,Colusa,011,21464,3924,3911,1332,5243,22
2023-01-09,Contra Costa,013,1133247,268311,265846,22052,287898,1501
2023-01-09,Del Norte,015,27424,7773,7680,437,8117,57
2023-01-09,El Dorado,017,186661,34172,34009,4494,38503,236
2023-01-09,Fresno,019,978130,291383,286556,34269,320825,2924
2023-01-09,Glenn,021,27897,5750,5732,1994,7726,58
2023-01-09,Humboldt,023,135768,23121,22878,5750,28628,164
2023-01-09,Imperial,025,180216,69190,68809,18613,87422,964
2023-01-09,Inyo,027,18085,4715,4687,1240,5927,62
2023-01-09,Kern,029,883053,227958,226454,70883,297337,2450
2023-01-09,Kings,031,150075,62129,61886,4378,66264,466
2023-01-09,Lake,033,64148,13484,13363,1268,14631,149
2023-01-09,Lassen,035,31185,10228,10189,1056,11245,66
2023-01-09,Los Angeles,037,10098052,3451523,3434193,210940,3645133,34492
2023-01-09,Madera,039,155013,45881,45608,8775,54383,377
2023-01-09,Marin,041,260295,48206,47893,5611,53504,317
2023-01-09,Mariposa,043,17540,3319,3223,358,3581,32
2023-01-09,Mendocino,045,87422,16709,16582,4766,21348,137
2023-01-09,Merced,047,269075,76002,74969,12651,87620,883
2023-01-09,Modoc,049,8938,949,940,365,1305,11
2023-01-09,Mono,051,14174,3301,3284,296,3580,8
2023-01-09,Monterey,053,433212,97049,96607,22802,119409,778
2023-01-09,Napa,055,140530,33859,33666,1513,35179,164
2023-01-09,Nevada,057,99092,19970,19845,2237,22082,132
2023-01-09,Orange,059,3164182,703130,697391,75288,772679,7683
2023-01-09,Placer,061,380077,79940,79461,10214,89675,672
2023-01-09,Plumas,063,18699,3806,3798,457,4255,13
2023-01-09,Riverside,065,2383286,727742,723578,40150,763728,6748
2023-01-09,Sacramento,067,1510023,366274,364212,37223,401435,3422
2023-01-09,San Benito,069,59416,17417,17293,1103,18396,115
2023-01-09,San Bernardino,071,2135413,703716,699531,33776,733307,8143
2023-01-09,San Diego,073,3302833,971856,967383,78714,1046097,5662
2023-01-09,San Francisco,075,870044,192375,190940,13008,203948,1114
2023-01-09,San Joaquin,077,732212,207294,206280,16548,222828,2369
2023-01-09,San Luis Obispo,079,281455,65647,65166,7953,73119,539
2023-01-09,San Mateo,081,765935,180244,178472,10957,189429,749
2023-01-09,Santa Barbara,083,443738,110676,110007,7503,117510,748
2023-01-09,Santa Clara,085,1922200,467516,463958,20735,484693,2601
2023-01-09,Santa Cruz,087,273765,67279,66937,3799,70736,276
2023-01-09,Shasta,089,179085,36322,36083,8219,44302,602
2023-01-09,Sierra,091,2930,311,310,61,371,5
2023-01-09,Siskiyou,093,43540,5398,5373,3421,8794,95
2023-01-09,Solano,095,438530,112095,111243,8456,119699,478
2023-01-09,Sonoma,097,501317,112100,111530,5678,117208,537
2023-01-09,Stanislaus,099,539301,143429,142918,22591,165509,1801
2023-01-09,Sutter,101,95872,25424,25308,2527,27835,235
2023-01-09,Tehama,103,63373,14364,14258,3365,17623,221
2023-01-09,Trinity,105,12862,1457,1448,498,1946,24
2023-01-09,Tulare,107,460477,126720,125773,39459,165232,1546
2023-01-09,Tuolumne,109,53932,16624,16425,973,17398,211
2023-01-09,Ventura,111,848112,218574,217286,17735,235021,1610
2023-01-09,Yolo,113,214977,49487,49138,4770,53908,428
2023-01-09,Yuba,115,75493,19811,19743,1828,21571,132
2023-01-08,Alameda,001,1643700,372505,369872,21826,391698,2098
2023-01-08,Alpine,002,1148,139,138,4,142,0
2023-01-08,Amador,005,37829,10395,10340,959,11299,96
2023-01-08,Butte,007,227075,41263,41102,10024,51126,478
2023-01-08,Calaveras,009,45235,8891,8852,634,9486,137
2023-01-08,Colusa,011,21464,3924,3911,1330,5241,22
2023-01-08,Contra Costa,013,1133247,268176,265846,22039,287885,1501
2023-01-08,Del Norte,015,27424,7770,7680,437,8117,57
2023-01-08,El Dorado,017,186661,34164,34009,4494,38503,236
2023-01-08,Fresno,019,978130,291272,286556,34255,320811,2924
2023-01-08,Glenn,021,27897,5749,5732,1994,7726,58
2023-01-08,Humboldt,023,135768,23113,22878,5741,28619,164
2023-01-08,Imperial,025,180216,69166,68809,18604,87413,964
2023-01-08,Inyo,027,18085,4713,4687,1239,5926,62
2023-01-08,Kern,029,883053,227873,226454,70817,297271,2450
2023-01-08,Kings,031,150075,62105,61886,4376,66262,466
2023-01-08,Lake,033,64148,13478,13363,1268,14631,149
2023-01-08,Lassen,035,31185,10226,10189,1055,11244,66
2023-01-08,Los Angeles,037,10098052,3450130,3434193,210689,3644882,34492
2023-01-08,Madera,039,155013,45861,45608,8770,54378,377
2023-01-08,Marin,041,260295,48184,47893,5606,53499,317
2023-01-08,Mariposa,043,17540,3319,3223,358,3581,32
2023-01-08,Mendocino,045,87422,16698,16582,4764,21346,137
2023-01-08,Merced,047,269075,75971,74969,12644,87613,883
2023-01-08,Modoc,049,8938,949,940,364,1304,11
2023-01-08,Mono,051,14174,3298,3284,296,3580,8
2023-01-08,Monterey,053,433212,97025,96607,22771,119378,778
2023-01-08,Napa,055,140530,33835,33666,1512,35178,164
2023-01-08,Nevada,057,99092,19961,19845,2234,22079,132
2023-01-08,Orange,059,3164182,702812,697391,75176,772567,7683
2023-01-08,Placer,061,380077,79899,79461,10210,89671,672
2023-01-08,Plumas,063,18699,3806,3798,457,4255,13
2023-01-08,Riverside,065,2383286,727468,723578,40094,763672,6748
2023-01-08,Sacramento,067,1510023,366131,364212,37193,401405,3422
2023-01-08,San Benito,069,59416,17412,17293,1103,18396,115
2023-01-08,San Bernardino,071,2135413,703467,699531,33745,733276,8143
2023-01-08,San Diego,073,3302833,971308,967383,78616,1045999,5662
2023-01-08,San Francisco,075,870044,192249,190940,12996,203936,1114
2023-01-08,San Joaquin,077,732212,207211,206280,16540,222820,2369
2023-01-08,San Luis Obispo,079,281455,65630,65166,7944,73110,539
2023-01-08,San Mateo,081,765935,180147,178472,10952,189424,749
2023-01-08,Santa Barbara,083,443738,110645,110007,7495,117502,748
2023-01-08,Santa Clara,085,1922200,467219,463958,20717,484675,2601
2023-01-08,Santa Cruz,087,273765,67260,66937,3797,70734,276
2023-01-08,Shasta,089,179085,36315,36083,8215,44298,602
2023-01-08,Sierra,091,2930,311,310,61,371,5
2023-01-08,Siskiyou,093,43540,5394,5373,3421,8794,95
2023-01-08,Solano,095,438530,112015,111243,8452,119695,478
2023-01-08,Sonoma,097,501317,112048,111530,5675,117205,537
2023-01-08,Stanislaus,099,539301,143388,142918,22582,165500,1801
2023-01-08,Sutter,101,95872,25414,25308,2527,27835,235
2023-01-08,Tehama,103,63373,14361,14258,3362,17620,221
2023-01-08,Trinity,105,12862,1457,1448,498,1946,24
2023-01-08,Tulare,107,460477,126671,125773,39437,165210,1546
2023-01-08,Tuolumne,109,53932,16617,16425,972,17397,211
2023-01-08,Ventura,111,848112,218483,217286,17718,235004,1610
2023-01-08,Yolo,113,214977,49466,49138,4765,53903,428
2023-01-08,Yuba,115,75493,19808,19743,1828,21571,132
2023-01-07,Alameda,001,1643700,372405,369872,21811,391683,2098
2023-01-07,Alpine,002,1148,139,138,4,142,0
2023-01-07,Amador,005,37829,10394,10340,959,11299,96
2023-01-07,Butte,007,227075,41257,41102,10020,51122,478
2023-01-07,Calaveras,009,45235,8890,8852,633,9485,137
2023-01-07,Colusa,011,21464,3923,3911,1330,5241,22
2023-01-07,Contra Costa,013,1133247,268094,265846,22035,287881,1501
2023-01-07,Del Norte,015,27424,7768,7680,437,8117,57
2023-01-07,El Dorado,017,186661,34156,34009,4492,38501,236
2023-01-07,Fresno,019,978130,291215,286556,34249,320805,2924
2023-01-07,Glenn,021,27897,5748,5732,1992,7724,58
2023-01-07,Humboldt,023,135768,23108,22878,5735,28613,164
2023-01-07,Imperial,025,180216,69151,68809,18604,87413,964
2023-01-07,Inyo,027,18085,4713,4687,1239,5926,62
2023-01-07,Kern,029,883053,227828,226454,70761,297215,2450
2023-01-07,Kings,031,150075,62088,61886,4374,66260,466
2023-01-07,Lake,033,64148,13476,13363,1268,14631,149
2023-01-07,Lassen,035,31185,10224,10189,1055,11244,66
2023-01-07,Los Angeles,037,10098052,3449264,3434193,210556,3644749,34492
2023-01-07,Madera,039,155013,45852,45608,8770,54378,377
2023-01-07,Marin,041,260295,48169,47893,5606,53499,317
2023-01-07,Mariposa,043,17540,3318,3223,358,3581,32
2023-01-07,Mendocino,045,87422,16692,16582,4763,21345,137
2023-01-07,Merced,047,269075,75956,74969,12644,87613,883
2023-01-07,Modoc,049,8938,949,940,364,1304,11
2023-01-07,Mono,051,14174,3298,3284,296,3580,8
2023-01-07,Monterey,053,433212,97007,96607,22765,119372,778
2023-01-07,Napa,055,140530,33832,33666,1511,35177,164
2023-01-07,Nevada,057,99092,19960,19845,2233,22078,132
2023-01-07,Orange,059,3164182,702618,697391,75101,772492,7683
2023-01-07,Placer,061,380077,79871,79461,10208,89669,672
2023-01-07,Plumas,063,18699,3806,3798,457,4255,13
2023-01-07,Riverside,065,2383286,727318,723578,40074,763652,6748
2023-01-07,Sacramento,067,1510023,366061,364212,37186,401398,3422
2023-01-07,San Benito,069,59416,17408,17293,1103,18396,115
2023-01-07,San Bernardino,071,2135413,703295,699531,33729,733260,8143
2023-01-07,San Diego,073,3302833,971035,967383,78599,1045982,5662
2023-01-07,San Francisco,075,870044,192184,190940,12989,203929,1114
2023-01-07,San Joaquin,077,732212,207161,206280,16531,222811,2369
2023-01-07,San Luis Obispo,079,281455,65621,65166,7938,73104,539
2023-01-07,San Mateo,081,765935,180104,178472,10942,189414,749
2023-01-07,Santa Barbara,083,443738,110606,110007,7484,117491,748
2023-01-07,Santa Clara,085,1922200,467071,463958,20707,484665,2601
2023-01-07,Santa Cruz,087,273765,67248,66937,3794,70731,276
2023-01-07,Shasta,089,179085,36308,36083,8214,44297,602
2023-01-07,Sierra,091,2930,311,310,61,371,5
2023-01-07,Siskiyou,093,43540,5391,5373,3421,8794,95
2023-01-07,Solano,095,438530,111989,111243,8450,119693,478
2023-01-07,Sonoma,097,501317,112039,111530,5675,117205,537
2023-01-07,Stanislaus,099,539301,143355,142918,22575,165493,1801
2023-01-07,Sutter,101,95872,25408,25308,2526,27834,235
2023-01-07,Tehama,103,63373,14359,14258,3360,17618,221
2023-01-07,Trinity,105,12862,1457,1448,498,1946,24
2023-01-07,Tulare,107,460477,126650,125773,39425,165198,1546
2023-01-07,Tuolumne,109,53932,16609,16425,972,17397,211
2023-01-07,Ventura,111,848112,218434,217286,17696,234982,1610
2023-01-07,Yolo,113,214977,49456,49138,4763,53901,428
2023-01-07,Yuba,115,75493,19801,19743,1828,21571,132
2023-01-06,Alameda,001,1643700,372282,369872,21802,391674,2098
2023-01-06,Alpine,002,1148,139,138,4,142,0
2023-01-06,Amador,005,37829,10391,10340,958,11298,96
2023-01-06,Butte,007,227075,41248,41102,10016,51118,478
2023-01-06,Calaveras,009,45235,8890,8852,633,9485,137
2023-01-06,Colusa,011,21464,3922,3911,1329,5240,22
2023-01-06,Contra Costa,013,1133247,268006,265846,22030,287876,1501
2023-01-06,Del Norte,015,27424,7767,7680,437,8117,57
2023-01-06,El Dorado,017,186661,34146,34009,4491,38500,236
2023-01-06,Fresno,019,978130,291132,286556,34235,320791,2924
2023-01-06,Glenn,021,27897,5746,5732,1992,7724,58
2023-01-06,Humboldt,023,135768,23103,22878,5732,28610,164
2023-01-06,Imperial,025,180216,69140,68809,18602,87411,964
2023-01-06,Inyo,027,18085,4712,4687,1237,5924,62
2023-01-06,Kern,029,883053,227790,226454,70703,297157,2450
2023-01-06,Kings,031,150075,62071,61886,4374,66260,466
2023-01-06,Lake,033,64148,13473,13363,1268,14631,149
2023-01-06,Lassen,035,31185,10221,10189,1055,11244,66
2023-01-06,Los Angeles,037,10098052,3448277,3434193,210377,3644570,34492
2023-01-06,Madera,039,155013,45844,45608,8765,54373,377
2023-01-06,Marin,041,260295,48154,47893,5604,53497,317
2023-01-06,Mariposa,043,17540,3318,3223,357,3580,32
2023-01-06,Mendocino,045,87422,16688,16582,4763,21345,137
2023-01-06,Merced,047,269075,75937,74969,12642,87611,883
2023-01-06,Modoc,049,8938,949,940,364,1304,11
2023-01-06,Mono,051,14174,3298,3284,295,3579,8
2023-01-06,Monterey,053,433212,96992,96607,22744,119351,778
2023-01-06,Napa,055,140530,33820,33666,1508,35174,164
2023-01-06,Nevada,057,99092,19958,19845,2232,22077,132
2023-01-06,Orange,059,3164182,702357,697391,75018,772409,7683
2023-01-06,Placer,061,380077,79845,79461,10207,89668,672
2023-01-06,Plumas,063,18699,3806,3798,457,4255,13
2023-01-06,Riverside,065,2383286,727133,723578,40045,763623,6748
2023-01-06,Sacramento,067,1510023,365965,364212,37182,401394,3422
2023-01-06,San Benito,069,59416,17400,17293,1099,18392,115
2023-01-06,San Bernardino,071,2135413,703113,699531,33714,733245,8143
2023-01-06,San Diego,073,3302833,970714,967383,78568,1045951,5662
2023-01-06,San Francisco,075,870044,192111,190940,12984,203924,1114
2023-01-06,San Joaquin,077,732212,207099,206280,16526,222806,2369
2023-01-06,San Luis Obispo,079,281455,65607,65166,7933,73099,539
2023-01-06,San Mateo,081,765935,180053,178472,10935,189407,749
2023-01-06,Santa Barbara,083,443738,110559,110007,7481,117488,748
2023-01-06,Santa Clara,085,1922200,466893,463958,20695,484653,2601
2023-01-06,Santa Cruz,087,273765,67233,66937,3789,70726,276
2023-01-06,Shasta,089,179085,36303,36083,8212,44295,602
2023-01-06,Sierra,091,2930,311,310,61,371,5
2023-01-06,Siskiyou,093,43540,5389,5373,3421,8794,95
2023-01-06,Solano,095,438530,111948,111243,8447,119690,478
2023-01-06,Sonoma,097,501317,112014,111530,5671,117201,537
2023-01-06,Stanislaus,099,539301,143332,142918,22572,165490,1801
2023-01-06,Sutter,101,95872,25405,25308,2526,27834,235
2023-01-06,Tehama,103,63373,14356,14258,3359,17617,221
2023-01-06,Trinity,105,12862,1457,1448,495,1943,24
2023-01-06,Tulare,107,460477,126627,125773,39408,165181,1546
2023-01-06,Tuolumne,109,53932,16598,16425,972,17397,211
2023-01-06,Ventura,111,848112,218369,217286,17689,234975,1610
2023-01-06,Yolo,113,214977,49445,49138,4761,53899,428
2023-01-06,Yuba,115,75493,19793,19743,1828,21571,132
2023-01-05,Alameda,001,1643700,372060,369872,21786,391658,2098
2023-01-05,Alpine,002,1148,139,138,4,142,0
2023-01-05,Amador,005,37829,10390,10340,958,11298,96
2023-01-05,Butte,007,227075,41237,41102,10009,51111,478
2023-01-05,Calaveras,009,45235,8889,8852,633,9485,137
2023-01-05,Colusa,011,21464,3919,3911,1329,5240,22
2023-01-05,Contra Costa,013,1133247,267848,265846,22026,287872,1501
2023-01-05,Del Norte,015,27424,7765,7680,437,8117,57
2023-01-05,El Dorado,017,186661,34130,34009,4491,38500,236
2023-01-05,Fresno,019,978130,291025,286556,34220,320776,2924
2023-01-05,Glenn,021,27897,5745,5732,1991,7723,58
2023-01-05,Humboldt,023,135768,23091,22878,5725,28603,164
2023-01-05,Imperial,025,180216,69112,68809,18589,87398,964
2023-01-05,Inyo,027,18085,4712,4687,1236,5923,62
2023-01-05,Kern,029,883053,227689,226454,70628,297082,2450
2023-01-05,Kings,031,150075,62048,61886,4374,66260,466
2023-01-05,Lake,033,64148,13464,13363,1266,14629,149
2023-01-05,Lassen,035,31185,10219,10189,1050,11239,66
2023-01-05,Los Angeles,037,10098052,3446829,3434193,210121,3644314,34492
2023-01-05,Madera,039,155013,45831,45608,8753,54361,377
2023-01-05,Marin,041,260295,48136,47893,5600,53493,317
2023-01-05,Mariposa,043,17540,3315,3223,357,3580,32
2023-01-05,Mendocino,045,87422,16682,16582,4763,21345,137
2023-01-05,Merced,047,269075,75908,74969,12629,87598,883
2023-01-05,Modoc,049,8938,949,940,364,1304,11
2023-01-05,Mono,051,14174,3294,3284,295,3579,8
2023-01-05,Monterey,053,433212,96964,96607,22711,119318,778
2023-01-05,Napa,055,140530,33805,33666,1505,35171,164
2023-01-05,Nevada,057,99092,19951,19845,2232,22077,132
2023-01-05,Orange,059,3164182,701999,697391,74902,772293,7683
2023-01-05,Placer,061,380077,79805,79461,10205,89666,672
2023-01-05,Plumas,063,18699,3803,3798,457,4255,13
2023-01-05,Riverside,065,2383286,726865,723578,40000,763578,6748
2023-01-05,Sacramento,067,1510023,365795,364212,37165,401377,3422
2023-01-05,San Benito,069,59416,17393,17293,1098,18391,115
2023-01-05,San Bernardino,071,2135413,702884,699531,33697,733228,8143
2023-01-05,San Diego,073,3302833,970261,967383,78480,1045863,5662
2023-01-05,San Francisco,075,870044,191967,190940,12967,203907,1114
2023-01-05,San Joaquin,077,732212,207013,206280,16520,222800,2369
2023-01-05,San Luis Obispo,079,281455,65583,65166,7921,73087,539
2023-01-05,San Mateo,081,765935,179947,178472,10924,189396,749
2023-01-05,Santa Barbara,083,443738,110501,110007,7471,117478,748
2023-01-05,Santa Clara,085,1922200,466573,463958,20679,484637,2601
2023-01-05,Santa Cruz,087,273765,67207,66937,3788,70725,276
2023-01-05,Shasta,089,179085,36294,36083,8207,44290,602
2023-01-05,Sierra,091,2930,311,310,61,371,5
2023-01-05,Siskiyou,093,43540,5386,5373,3421,8794,95
2023-01-05,Solano,095,438530,111886,111243,8440,119683,478
2023-01-05,Sonoma,097,501317,111956,111530,5667,117197,537
2023-01-05,Stanislaus,099,539301,143283,142918,22560,165478,1801
2023-01-05,Sutter,101,95872,25392,25308,2526,27834,235
2023-01-05,Tehama,103,63373,14351,14258,3355,17613,221
2023-01-05,Trinity,105,12862,1456,1448,494,1942,24
2023-01-05,Tulare,107,460477,126584,125773,39381,165154,1546
2023-01-05,Tuolumne,109,53932,16581,16425,972,17397,211
2023-01-05,Ventura,111,848112,218265,217286,17670,234956,1610
2023-01-05,Yolo,113,214977,49432,49138,4758,53896,428
2023-01-05,Yuba,115,75493,19787,19743,1827,21570,132
2023-01-04,Alameda,001,1643700,371830,369872,21762,391634,2098
2023-01-04,Alpine,002,1148,139,138,4,142,0
2023-01-04,Amador,005,37829,10384,10340,957,11297,96
2023-01-04,Butte,007,227075,41224,41102,9995,51097,478
2023-01-04,Calaveras,009,45235,8887,8852,632,9484,137
2023-01-04,Colusa,011,21464,3917,3911,1327,5238,22
2023-01-04,Contra Costa,013,1133247,267679,265846,22009,287855,1501
2023-01-04,Del Norte,015,27424,7763,7680,437,8117,57
2023-01-04,El Dorado,017,186661,34121,34009,4491,38500,236
2023-01-04,Fresno,019,978130,290902,286556,34204,320760,2924
2023-01-04,Glenn,021,27897,5745,5732,1988,7720,58
2023-01-04,Humboldt,023,135768,23087,22878,5722,28600,164
2023-01-04,Imperial,025,180216,69097,68809,18572,87381,964
2023-01-04,Inyo,027,18085,4708,4687,1233,5920,62
2023-01-04,Kern,029,883053,227587,226454,70542,296996,2450
2023-01-04,Kings,031,150075,62026,61886,4374,66260,466
2023-01-04,Lake,033,64148,13461,13363,1265,14628,149
2023-01-04,Lassen,035,31185,10215,10189,1048,11237,66
2023-01-04,Los Angeles,037,10098052,3445308,3434193,209875,3644068,34492
2023-01-04,Madera,039,155013,45818,45608,8749,54357,377
2023-01-04,Marin,041,260295,48111,47893,5597,53490,317
2023-01-04,Mariposa,043,17540,3315,3223,357,3580,32
2023-01-04,Mendocino,045,87422,16678,16582,4757,21339,137
2023-01-04,Merced,047,269075,75885,74969,12626,87595,883
2023-01-04,Modoc,049,8938,947,940,364,1304,11
2023-01-04,Mono,051,14174,3293,3284,295,3579,8
2023-01-04,Monterey,053,433212,96927,96607,22684,119291,778
2023-01-04,Napa,055,140530,33778,33666,1505,35171,164
2023-01-04,Nevada,057,99092,19943,19845,2230,22075,132
2023-01-04,Orange,059,3164182,701651,697391,74793,772184,7683
2023-01-04,Placer,061,380077,79771,79461,10202,89663,672
2023-01-04,Plumas,063,18699,3803,3798,457,4255,13
2023-01-04,Riverside,065,2383286,726583,723578,39947,763525,6748
2023-01-04,Sacramento,067,1510023,365669,364212,37127,401339,3422
2023-01-04,San Benito,069,59416,17383,17293,1098,18391,115
2023-01-04,San Bernardino,071,2135413,702659,699531,33668,733199,8143
2023-01-04,San Diego,073,3302833,969703,967383,78387,1045770,5662
2023-01-04,San Francisco,075,870044,191869,190940,12960,203900,1114
2023-01-04,San Joaquin,077,732212,206914,206280,16513,222793,2369
2023-01-04,San Luis Obispo,079,281455,65556,65166,7906,73072,539
2023-01-04,San Mateo,081,765935,179864,178472,10917,189389,749
2023-01-04,Santa Barbara,083,443738,110449,110007,7464,117471,748
2023-01-04,Santa Clara,085,1922200,466279,463958,20657,484615,2601
2023-01-04,Santa Cruz,087,273765,67181,66937,3786,70723,276
2023-01-04,Shasta,089,179085,36277,36083,8207,44290,602
2023-01-04,Sierra,091,2930,311,310,61,371,5
2023-01-04,Siskiyou,093,43540,5384,5373,3421,8794,95
2023-01-04,Solano,095,438530,111831,111243,8434,119677,478
2023-01-04,Sonoma,097,501317,111920,111530,5663,117193,537
2023-01-04,Stanislaus,099,539301,143246,142918,22550,165468,1801
2023-01-04,Sutter,101,95872,25382,25308,2525,27833,235
2023-01-04,Tehama,103,63373,14348,14258,3354,17612,221
2023-01-04,Trinity,105,12862,1455,1448,494,1942,24
2023-01-04,Tulare,107,460477,126530,125773,39349,165122,1546
2023-01-04,Tuolumne,109,53932,16570,16425,972,17397,211
2023-01-04,Ventura,111,848112,218172,217286,17650,234936,1610
2023-01-04,Yolo,113,214977,49419,49138,4758,53896,428
2023-01-04,Yuba,115,75493,19781,19743,1825,21568,132
2023-01-03,Alameda,001,1643700,371581,369872,21737,391609,2098
2023-01-03,Alpine,002,1148,139,138,4,142,0
2023-01-03,Amador,005,37829,10376,10340,957,11297,96
2023-01-03,Butte,007,227075,41212,41102,9991,51093,478
2023-01-03,Calaveras,009,45235,8882,8852,631,9483,137
2023-01-03,Colusa,011,21464,3917,3911,1327,5238,22
2023-01-03,Contra Costa,013,1133247,267492,265846,21998,287844,1501
2023-01-03,Del Norte,015,27424,7760,7680,435,8115,57
2023-01-03,El Dorado,017,186661,34103,34009,4489,38498,236
2023-01-03,Fresno,019,978130,290755,286556,34180,320736,2924
2023-01-03,Glenn,021,27897,5744,5732,1985,7717,58
2023-01-03,Humboldt,023,135768,23077,22878,5719,28597,164
2023-01-03,Imperial,025,180216,69068,68809,18555,87364,964
2023-01-03,Inyo,027,18085,4707,4687,1232,5919,62
2023-01-03,Kern,029,883053,227464,226454,70426,296880,2450
2023-01-03,Kings,031,150075,61990,61886,4374,66260,466
2023-01-03,Lake,033,64148,13452,13363,1265,14628,149
2023-01-03,Lassen,035,31185,10212,10189,1046,11235,66
2023-01-03,Los Angeles,037,10098052,3443552,3434193,209552,3643745,34492
2023-01-03,Madera,039,155013,45804,45608,8743,54351,377
2023-01-03,Marin,041,260295,48097,47893,5592,53485,317
2023-01-03,Mariposa,043,17540,3314,3223,357,3580,32
2023-01-03,Mendocino,045,87422,16675,16582,4756,21338,137
2023-01-03,Merced,047,269075,75849,74969,12620,87589,883
2023-01-03,Modoc,049,8938,945,940,364,1304,11
2023-01-03,Mono,051,14174,3292,3284,295,3579,8
2023-01-03,Monterey,053,433212,96897,96607,22661,119268,778
2023-01-03,Napa,055,140530,33751,33666,1503,35169,164
2023-01-03,Nevada,057,99092,19934,19845,2230,22075,132
2023-01-03,Orange,059,3164182,701221,697391,74649,772040,7683
2023-01-03,Placer,061,380077,79720,79461,10194,89655,672
2023-01-03,Plumas,063,18699,3803,3798,457,4255,13
2023-01-03,Riverside,065,2383286,726211,723578,39886,763464,6748
2023-01-03,Sacramento,067,1510023,365468,364212,37104,401316,3422
2023-01-03,San Benito,069,59416,17376,17293,1097,18390,115
2023-01-03,San Bernardino,071,2135413,702342,699531,33634,733165,8143
2023-01-03,San Diego,073,3302833,969032,967383,78283,1045666,5662
2023-01-03,San Francisco,075,870044,191767,190940,12957,203897,1114
2023-01-03,San Joaquin,077,732212,206820,206280,16497,222777,2369
2023-01-03,San Luis Obispo,079,281455,65521,65166,7886,73052,539
2023-01-03,San Mateo,081,765935,179786,178472,10913,189385,749
2023-01-03,Santa Barbara,083,443738,110384,110007,7451,117458,748
2023-01-03,Santa Clara,085,1922200,466012,463958,20635,484593,2601
2023-01-03,Santa Cruz,087,273765,67158,66937,3781,70718,276
2023-01-03,Shasta,089,179085,36270,36083,8207,44290,602
2023-01-03,Sierra,091,2930,311,310,61,371,5
2023-01-03,Siskiyou,093,43540,5382,5373,3421,8794,95
2023-01-03,Solano,095,438530,111775,111243,8424,119667,478
2023-01-03,Sonoma,097,501317,111874,111530,5663,117193,537
2023-01-03,Stanislaus,099,539301,143191,142918,22545,165463,1801
2023-01-03,Sutter,101,95872,25375,25308,2524,27832,235
2023-01-03,Tehama,103,63373,14340,14258,3353,17611,221
2023-01-03,Trinity,105,12862,1455,1448,492,1940,24
2023-01-03,Tulare,107,460477,126472,125773,39309,165082,1546
2023-01-03,Tuolumne,109,53932,16555,16425,972,17397,211
2023-01-03,Ventura,111,848112,218054,217286,17611,234897,1610
2023-01-03,Yolo,113,214977,49404,49138,4755,53893,428
2023-01-03,Yuba,115,75493,19777,19743,1823,21566,132
2023-01-02,Alameda,001,1643700,371226,367954,21699,389653,2094
2023-01-02,Alpine,002,1148,139,138,4,142,0
2023-01-02,Amador,005,37829,10373,10313,957,11270,96
2023-01-02,Butte,007,227075,41189,41018,9989,51007,474
2023-01-02,Calaveras,009,45235,8877,8818,631,9449,135
2023-01-02,Colusa,011,21464,3916,3906,1327,5233,22
2023-01-02,Contra Costa,013,1133247,267256,264448,21988,286436,1502
2023-01-02,Del Norte,015,27424,7756,7645,433,8078,56
2023-01-02,El Dorado,017,186661,34085,33865,4486,38351,236
2023-01-02,Fresno,019,978130,290577,285444,34151,319595,2918
2023-01-02,Glenn,021,27897,5742,5719,1983,7702,58
2023-01-02,Humboldt,023,135768,23064,22835,5705,28540,163
2023-01-02,Imperial,025,180216,69029,68622,18516,87138,963
2023-01-02,Inyo,027,18085,4705,4670,1229,5899,62
2023-01-02,Kern,029,883053,227338,225659,70284,295943,2450
2023-01-02,Kings,031,150075,61946,61692,4372,66064,466
2023-01-02,Lake,033,64148,13440,13312,1263,14575,149
2023-01-02,Lassen,035,31185,10209,10172,1044,11216,66
2023-01-02,Los Angeles,037,10098052,3441353,3420383,209139,3629522,34360
2023-01-02,Madera,039,155013,45781,45448,8734,54182,377
2023-01-02,Marin,041,260295,48061,47686,5589,53275,317
2023-01-02,Mariposa,043,17540,3310,3211,357,3568,32
2023-01-02,Mendocino,045,87422,16669,16508,4748,21256,137
2023-01-02,Merced,047,269075,75817,74732,12613,87345,883
2023-01-02,Modoc,049,8938,941,931,364,1295,11
2023-01-02,Mono,051,14174,3289,3274,294,3568,8
2023-01-02,Monterey,053,433212,96879,96380,22637,119017,776
2023-01-02,Napa,055,140530,33727,33534,1502,35036,163
2023-01-02,Nevada,057,99092,19928,19774,2229,22003,132
2023-01-02,Orange,059,3164182,700682,694080,74458,768538,7656
2023-01-02,Placer,061,380077,79680,79154,10188,89342,672
2023-01-02,Plumas,063,18699,3801,3787,457,4244,13
2023-01-02,Riverside,065,2383286,725740,720437,39814,760251,6738
2023-01-02,Sacramento,067,1510023,365251,362664,37077,399741,3414
2023-01-02,San Benito,069,59416,17366,17211,1094,18305,108
2023-01-02,San Bernardino,071,2135413,701958,696472,33571,730043,8142
2023-01-02,San Diego,073,3302833,968263,962601,78163,1040764,5641
2023-01-02,San Francisco,075,870044,191584,190012,12952,202964,1104
2023-01-02,San Joaquin,077,732212,206704,205467,16486,221953,2363
2023-01-02,San Luis Obispo,079,281455,65461,64966,7858,72824,536
2023-01-02,San Mateo,081,765935,179630,177703,10905,188608,749
2023-01-02,Santa Barbara,083,443738,110309,109576,7433,117009,747
2023-01-02,Santa Clara,085,1922200,465541,461535,20603,482138,2587
2023-01-02,Santa Cruz,087,273765,67127,66735,3771,70506,276
2023-01-02,Shasta,089,179085,36262,35950,8199,44149,602
2023-01-02,Sierra,091,2930,311,309,61,370,5
2023-01-02,Siskiyou,093,43540,5378,5355,3420,8775,95
2023-01-02,Solano,095,438530,111694,110589,8415,119004,475
2023-01-02,Sonoma,097,501317,111814,111095,5659,116754,536
2023-01-02,Stanislaus,099,539301,143126,142392,22532,164924,1795
2023-01-02,Sutter,101,95872,25362,25207,2523,27730,235
2023-01-02,Tehama,103,63373,14336,14187,3353,17540,219
2023-01-02,Trinity,105,12862,1454,1442,487,1929,23
2023-01-02,Tulare,107,460477,126386,125303,39261,164564,1546
2023-01-02,Tuolumne,109,53932,16550,16340,972,17312,211
2023-01-02,Ventura,111,848112,217912,216327,17562,233889,1605
2023-01-02,Yolo,113,214977,49379,48970,4753,53723,426
2023-01-02,Yuba,115,75493,19763,19654,1822,21476,132
2023-01-01,Alameda,001,1643700,371016,367954,21677,389631,2094
2023-01-01,Alpine,002,1148,139,138,4,142,0
2023-01-01,Amador,005,37829,10371,10313,956,11269,96
2023-01-01,Butte,007,227075,41177,41018,9979,50997,474
2023-01-01,Calaveras,009,45235,8875,8818,630,9448,135
2023-01-01,Colusa,011,21464,3915,3906,1327,5233,22
2023-01-01,Contra Costa,013,1133247,267071,264448,21980,286428,1502
2023-01-01,Del Norte,015,27424,7754,7645,433,8078,56
2023-01-01,El Dorado,017,186661,34060,33865,4485,38350,236
2023-01-01,Fresno,019,978130,290442,285444,34130,319574,2918
2023-01-01,Glenn,021,27897,5739,5719,1974,7693,58
2023-01-01,Humboldt,023,135768,23054,22835,5699,28534,163
2023-01-01,Imperial,025,180216,69011,68622,18506,87128,963
2023-01-01,Inyo,027,18085,4703,4670,1225,5895,62
2023-01-01,Kern,029,883053,227267,225659,70187,295846,2450
2023-01-01,Kings,031,150075,61920,61692,4370,66062,466
2023-01-01,Lake,033,64148,13431,13312,1263,14575,149
2023-01-01,Lassen,035,31185,10208,10172,1043,11215,66
2023-01-01,Los Angeles,037,10098052,3439498,3420383,208836,3629219,34360
2023-01-01,Madera,039,155013,45769,45448,8731,54179,377
2023-01-01,Marin,041,260295,48033,47686,5587,53273,317
2023-01-01,Mariposa,043,17540,3308,3211,356,3567,32
2023-01-01,Mendocino,045,87422,16661,16508,4747,21255,137
2023-01-01,Merced,047,269075,75785,74732,12606,87338,883
2023-01-01,Modoc,049,8938,941,931,364,1295,11
2023-01-01,Mono,051,14174,3288,3274,293,3567,8
2023-01-01,Monterey,053,433212,96851,96380,22619,118999,776
2023-01-01,Napa,055,140530,33716,33534,1501,35035,163
2023-01-01,Nevada,057,99092,19923,19774,2228,22002,132
2023-01-01,Orange,059,3164182,700266,694080,74259,768339,7656
2023-01-01,Placer,061,380077,79650,79154,10181,89335,672
2023-01-01,Plumas,063,18699,3799,3787,457,4244,13
2023-01-01,Riverside,065,2383286,725328,720437,39752,760189,6738
2023-01-01,Sacramento,067,1510023,365083,362664,37051,399715,3414
2023-01-01,San Benito,069,59416,17362,17211,1093,18304,108
2023-01-01,San Bernardino,071,2135413,701633,696472,33535,730007,8142
2023-01-01,San Diego,073,3302833,967755,962601,78078,1040679,5641
2023-01-01,San Francisco,075,870044,191467,190012,12939,202951,1104
2023-01-01,San Joaquin,077,732212,206628,205467,16479,221946,2363
2023-01-01,San Luis Obispo,079,281455,65440,64966,7845,72811,536
2023-01-01,San Mateo,081,765935,179538,177703,10899,188602,749
2023-01-01,Santa Barbara,083,443738,110237,109576,7431,117007,747
2023-01-01,Santa Clara,085,1922200,465234,461535,20580,482115,2587
2023-01-01,Santa Cruz,087,273765,67113,66735,3768,70503,276
2023-01-01,Shasta,089,179085,36253,35950,8194,44144,602
2023-01-01,Sierra,091,2930,311,309,61,370,5
2023-01-01,Siskiyou,093,43540,5376,5355,3420,8775,95
2023-01-01,Solano,095,438530,111624,110589,8405,118994,475
2023-01-01,Sonoma,097,501317,111770,111095,5656,116751,536
2023-01-01,Stanislaus,099,539301,143069,142392,22525,164917,1795
2023-01-01,Sutter,101,95872,25353,25207,2523,27730,235
2023-01-01,Tehama,103,63373,14330,14187,3352,17539,219
2023-01-01,Trinity,105,12862,1454,1442,487,1929,23
2023-01-01,Tulare,107,460477,126332,125303,39220,164523,1546
2023-01-01,Tuolumne,109,53932,16547,16340,972,17312,211
2023-01-01,Ventura,111,848112,217809,216327,17536,233863,1605
2023-01-01,Yolo,113,214977,49365,48970,4751,53721,426
2023-01-01,Yuba,115,75493,19754,19654,1821,21475,132
2022-12-31,Alameda,001,1643700,370878,367954,21664,389618,2094
2022-12-31,Alpine,002,1148,139,138,4,142,0
2022-12-31,Amador,005,37829,10369,10313,956,11269,96
2022-12-31,Butte,007,227075,41168,41018,9975,50993,474
2022-12-31,Calaveras,009,45235,8873,8818,630,9448,135
2022-12-31,Colusa,011,21464,3914,3906,1326,5232,22
2022-12-31,Contra Costa,013,1133247,266963,264448,21977,286425,1502
2022-12-31,Del Norte,015,27424,7752,7645,433,8078,56
2022-12-31,El Dorado,017,186661,34047,33865,4483,38348,236
2022-12-31,Fresno,019,978130,290381,285444,34127,319571,2918
2022-12-31,Glenn,021,27897,5738,5719,1971,7690,58
2022-12-31,Humboldt,023,135768,23050,22835,5695,28530,163
2022-12-31,Imperial,025,180216,69003,68622,18505,87127,963
2022-12-31,Inyo,027,18085,4701,4670,1225,5895,62
2022-12-31,Kern,029,883053,227212,225659,70154,295813,2450
2022-12-31,Kings,031,150075,61914,61692,4370,66062,466
2022-12-31,Lake,033,64148,13427,13312,1263,14575,149
2022-12-31,Lassen,035,31185,10207,10172,1043,11215,66
2022-12-31,Los Angeles,037,10098052,3438650,3420383,208630,3629013,34360
2022-12-31,Madera,039,155013,45759,45448,8730,54178,377
2022-12-31,Marin,041,260295,48017,47686,5587,53273,317
2022-12-31,Mariposa,043,17540,3307,3211,356,3567,32
2022-12-31,Mendocino,045,87422,16659,16508,4746,21254,137
2022-12-31,Merced,047,269075,75776,74732,12604,87336,883
2022-12-31,Modoc,049,8938,941,931,364,1295,11
2022-12-31,Mono,051,14174,3288,3274,293,3567,8
2022-12-31,Monterey,053,433212,96826,96380,22608,118988,776
2022-12-31,Napa,055,140530,33712,33534,1501,35035,163
2022-12-31,Nevada,057,99092,19918,19774,2226,22000,132
2022-12-31,Orange,059,3164182,700071,694080,74173,768253,7656
2022-12-31,Placer,061,380077,79620,79154,10175,89329,672
2022-12-31,Plumas,063,18699,3798,3787,457,4244,13
2022-12-31,Riverside,065,2383286,725150,720437,39711,760148,6738
2022-12-31,Sacramento,067,1510023,365003,362664,37038,399702,3414
2022-12-31,San Benito,069,59416,17359,17211,1093,18304,108
2022-12-31,San Bernardino,071,2135413,701480,696472,33510,729982,8142
2022-12-31,San Diego,073,3302833,967566,962601,78047,1040648,5641
2022-12-31,San Francisco,075,870044,191400,190012,12934,202946,1104
2022-12-31,San Joaquin,077,732212,206577,205467,16474,221941,2363
2022-12-31,San Luis Obispo,079,281455,65429,64966,7843,72809,536
2022-12-31,San Mateo,081,765935,179488,177703,10894,188597,749
2022-12-31,Santa Barbara,083,443738,110204,109576,7425,117001,747
2022-12-31,Santa Clara,085,1922200,465083,461535,20560,482095,2587
2022-12-31,Santa Cruz,087,273765,67105,66735,3765,70500,276
2022-12-31,Shasta,089,179085,36251,35950,8193,44143,602
2022-12-31,Sierra,091,2930,311,309,61,370,5
2022-12-31,Siskiyou,093,43540,5375,5355,3420,8775,95
2022-12-31,Solano,095,438530,111597,110589,8400,118989,475
2022-12-31,Sonoma,097,501317,111733,111095,5653,116748,536
2022-12-31,Stanislaus,099,539301,143033,142392,22522,164914,1795
2022-12-31,Sutter,101,95872,25347,25207,2523,27730,235
2022-12-31,Tehama,103,63373,14325,14187,3352,17539,219
2022-12-31,Trinity,105,12862,1454,1442,487,1929,23
2022-12-31,Tulare,107,460477,126299,125303,39196,164499,1546
2022-12-31,Tuolumne,109,53932,16538,16340,972,17312,211
2022-12-31,Ventura,111,848112,217732,216327,17522,233849,1605
2022-12-31,Yolo,113,214977,49358,48970,4749,53719,426
2022-12-31,Yuba,115,75493,19753,19654,1821,21475,132
2022-12-30,Alameda,001,1643700,370711,367954,21654,389608,2094
2022-12-30,Alpine,002,1148,139,138,4,142,0
2022-12-30,Amador,005,37829,10369,10313,956,11269,96
2022-12-30,Butte,007,227075,41164,41018,9971,50989,474
2022-12-30,Calaveras,009,45235,8869,8818,630,9448,135
2022-12-30,Colusa,011,21464,3914,3906,1325,5231,22
2022-12-30,Contra Costa,013,1133247,266851,264448,21965,286413,1502
2022-12-30,Del Norte,015,27424,7746,7645,433,8078,56
2022-12-30,El Dorado,017,186661,34039,33865,4481,38346,236
2022-12-30,Fresno,019,978130,290282,285444,34116,319560,2918
2022-12-30,Glenn,021,27897,5738,5719,1970,7689,58
2022-12-30,Humboldt,023,135768,23045,22835,5692,28527,163
2022-12-30,Imperial,025,180216,68990,68622,18503,87125,963
2022-12-30,Inyo,027,18085,4698,4670,1223,5893,62
2022-12-30,Kern,029,883053,227142,225659,70076,295735,2450
2022-12-30,Kings,031,150075,61905,61692,4370,66062,466
2022-12-30,Lake,033,64148,13422,13312,1263,14575,149
2022-12-30,Lassen,035,31185,10206,10172,1042,11214,66
2022-12-30,Los Angeles,037,10098052,3437520,3420383,208399,3628782,34360
2022-12-30,Madera,039,155013,45752,45448,8729,54177,377
2022-12-30,Marin,041,260295,47994,47686,5582,53268,317
2022-12-30,Mariposa,043,17540,3305,3211,356,3567,32
2022-12-30,Mendocino,045,87422,16653,16508,4745,21253,137
2022-12-30,Merced,047,269075,75760,74732,12602,87334,883
2022-12-30,Modoc,049,8938,941,931,364,1295,11
2022-12-30,Mono,051,14174,3288,3274,293,3567,8
2022-12-30,Monterey,053,433212,96804,96380,22595,118975,776
2022-12-30,Napa,055,140530,33702,33534,1501,35035,163
2022-12-30,Nevada,057,99092,19912,19774,2225,21999,132
2022-12-30,Orange,059,3164182,699757,694080,74057,768137,7656
2022-12-30,Placer,061,380077,79593,79154,10163,89317,672
2022-12-30,Plumas,063,18699,3798,3787,457,4244,13
2022-12-30,Riverside,065,2383286,724864,720437,39666,760103,6738
2022-12-30,Sacramento,067,1510023,364888,362664,37025,399689,3414
2022-12-30,San Benito,069,59416,17355,17211,1093,18304,108
2022-12-30,San Bernardino,071,2135413,701220,696472,33488,729960,8142
2022-12-30,San Diego,073,3302833,967168,962601,77987,1040588,5641
2022-12-30,San Francisco,075,870044,191335,190012,12926,202938,1104
2022-12-30,San Joaquin,077,732212,206507,205467,16468,221935,2363
2022-12-30,San Luis Obispo,079,281455,65418,64966,7838,72804,536
2022-12-30,San Mateo,081,765935,179445,177703,10888,188591,749
2022-12-30,Santa Barbara,083,443738,110172,109576,7421,116997,747
2022-12-30,Santa Clara,085,1922200,464899,461535,20541,482076,2587
2022-12-30,Santa Cruz,087,273765,67086,66735,3763,70498,276
2022-12-30,Shasta,089,179085,36245,35950,8193,44143,602
2022-12-30,Sierra,091,2930,311,309,61,370,5
2022-12-30,Siskiyou,093,43540,5374,5355,3419,8774,95
2022-12-30,Solano,095,438530,111552,110589,8395,118984,475
2022-12-30,Sonoma,097,501317,111685,111095,5650,116745,536
2022-12-30,Stanislaus,099,539301,142994,142392,22518,164910,1795
2022-12-30,Sutter,101,95872,25337,25207,2523,27730,235
2022-12-30,Tehama,103,63373,14320,14187,3352,17539,219
2022-12-30,Trinity,105,12862,1454,1442,487,1929,23
2022-12-30,Tulare,107,460477,126274,125303,39167,164470,1546
2022-12-30,Tuolumne,109,53932,16527,16340,972,17312,211
2022-12-30,Ventura,111,848112,217672,216327,17501,233828,1605
2022-12-30,Yolo,113,214977,49340,48970,4747,53717,426
2022-12-30,Yuba,115,75493,19738,19654,1821,21475,132
2022-12-29,Alameda,001,1643700,370434,367954,21621,389575,2094
2022-12-29,Alpine,002,1148,139,138,3,141,0
2022-12-29,Amador,005,37829,10363,10313,956,11269,96
2022-12-29,Butte,007,227075,41151,41018,9958,50976,474
2022-12-29,Calaveras,009,45235,8865,8818,629,9447,135
2022-12-29,Colusa,011,21464,3914,3906,1325,5231,22
2022-12-29,Contra Costa,013,1133247,266682,264448,21956,286404,1502
2022-12-29,Del Norte,015,27424,7741,7645,433,8078,56
2022-12-29,El Dorado,017,186661,34023,33865,4477,38342,236
2022-12-29,Fresno,019,978130,290140,285444,34085,319529,2918
2022-12-29,Glenn,021,27897,5735,5719,1969,7688,58
2022-12-29,Humboldt,023,135768,23040,22835,5682,28517,163
2022-12-29,Imperial,025,180216,68968,68622,18487,87109,963
2022-12-29,Inyo,027,18085,4695,4670,1221,5891,62
2022-12-29,Kern,029,883053,226987,225659,69959,295618,2450
2022-12-29,Kings,031,150075,61879,61692,4370,66062,466
2022-12-29,Lake,033,64148,13416,13312,1263,14575,149
2022-12-29,Lassen,035,31185,10203,10172,1041,11213,66
2022-12-29,Los Angeles,037,10098052,3435541,3420383,208018,3628401,34360
2022-12-29,Madera,039,155013,45730,45448,8713,54161,377
2022-12-29,Marin,041,260295,47961,47686,5575,53261,317
2022-12-29,Mariposa,043,17540,3304,3211,356,3567,32
2022-12-29,Mendocino,045,87422,16645,16508,4745,21253,137
2022-12-29,Merced,047,269075,75737,74732,12597,87329,883
2022-12-29,Modoc,049,8938,941,931,364,1295,11
2022-12-29,Mono,051,14174,3287,3274,292,3566,8
2022-12-29,Monterey,053,433212,96767,96380,22576,118956,776
2022-12-29,Napa,055,140530,33681,33534,1500,35034,163
2022-12-29,Nevada,057,99092,19905,19774,2223,21997,132
2022-12-29,Orange,059,3164182,699275,694080,73884,767964,7656
2022-12-29,Placer,061,380077,79548,79154,10159,89313,672
2022-12-29,Plumas,063,18699,3798,3787,457,4244,13
2022-12-29,Riverside,065,2383286,724427,720437,39591,760028,6738
2022-12-29,Sacramento,067,1510023,364623,362664,37000,399664,3414
2022-12-29,San Benito,069,59416,17348,17211,1091,18302,108
2022-12-29,San Bernardino,071,2135413,700812,696472,33451,729923,8142
2022-12-29,San Diego,073,3302833,966456,962601,77872,1040473,5641
2022-12-29,San Francisco,075,870044,191184,190012,12912,202924,1104
2022-12-29,San Joaquin,077,732212,206386,205467,16451,221918,2363
2022-12-29,San Luis Obispo,079,281455,65384,64966,7818,72784,536
2022-12-29,San Mateo,081,765935,179356,177703,10881,188584,749
2022-12-29,Santa Barbara,083,443738,110098,109576,7414,116990,747
2022-12-29,Santa Clara,085,1922200,464475,461535,20521,482056,2587
2022-12-29,Santa Cruz,087,273765,67066,66735,3755,70490,276
2022-12-29,Shasta,089,179085,36226,35950,8186,44136,602
2022-12-29,Sierra,091,2930,311,309,61,370,5
2022-12-29,Siskiyou,093,43540,5373,5355,3415,8770,95
2022-12-29,Solano,095,438530,111452,110589,8383,118972,475
2022-12-29,Sonoma,097,501317,111624,111095,5641,116736,536
2022-12-29,Stanislaus,099,539301,142923,142392,22499,164891,1795
2022-12-29,Sutter,101,95872,25324,25207,2520,27727,235
2022-12-29,Tehama,103,63373,14315,14187,3350,17537,219
2022-12-29,Trinity,105,12862,1454,1442,487,1929,23
2022-12-29,Tulare,107,460477,126196,125303,39134,164437,1546
2022-12-29,Tuolumne,109,53932,16514,16340,972,17312,211
2022-12-29,Ventura,111,848112,217547,216327,17462,233789,1605
2022-12-29,Yolo,113,214977,49316,48970,4742,53712,426
2022-12-29,Yuba,115,75493,19724,19654,1819,21473,132
2022-12-28,Alameda,001,1643700,370088,367954,21598,389552,2094
2022-12-28,Alpine,002,1148,139,138,3,141,0
2022-12-28,Amador,005,37829,10354,10313,956,11269,96
2022-12-28,Butte,007,227075,41140,41018,9952,50970,474
2022-12-28,Calaveras,009,45235,8858,8818,629,9447,135
2022-12-28,Colusa,011,21464,3912,3906,1324,5230,22
2022-12-28,Contra Costa,013,1133247,266448,264448,21930,286378,1502
2022-12-28,Del Norte,015,27424,7738,7645,433,8078,56
2022-12-28,El Dorado,017,186661,34001,33865,4476,38341,236
2022-12-28,Fresno,019,978130,289978,285444,34060,319504,2918
2022-12-28,Glenn,021,27897,5733,5719,1967,7686,58
2022-12-28,Humboldt,023,135768,23037,22835,5670,28505,163
2022-12-28,Imperial,025,180216,68930,68622,18451,87073,963
2022-12-28,Inyo,027,18085,4694,4670,1220,5890,62
2022-12-28,Kern,029,883053,226816,225659,69821,295480,2450
2022-12-28,Kings,031,150075,61834,61692,4367,66059,466
2022-12-28,Lake,033,64148,13409,13312,1262,14574,149
2022-12-28,Lassen,035,31185,10203,10172,1041,11213,66
2022-12-28,Los Angeles,037,10098052,3433343,3420383,207555,3627938,34360
2022-12-28,Madera,039,155013,45691,45448,8711,54159,377
2022-12-28,Marin,041,260295,47933,47686,5571,53257,317
2022-12-28,Mariposa,043,17540,3302,3211,356,3567,32
2022-12-28,Mendocino,045,87422,16637,16508,4738,21246,137
2022-12-28,Merced,047,269075,75702,74732,12590,87322,883
2022-12-28,Modoc,049,8938,939,931,363,1294,11
2022-12-28,Mono,051,14174,3285,3274,292,3566,8
2022-12-28,Monterey,053,433212,96745,96380,22552,118932,776
2022-12-28,Napa,055,140530,33650,33534,1499,35033,163
2022-12-28,Nevada,057,99092,19896,19774,2222,21996,132
2022-12-28,Orange,059,3164182,698728,694080,73684,767764,7656
2022-12-28,Placer,061,380077,79493,79154,10145,89299,672
2022-12-28,Plumas,063,18699,3793,3787,457,4244,13
2022-12-28,Riverside,065,2383286,723896,720437,39519,759956,6738
2022-12-28,Sacramento,067,1510023,364381,362664,36974,399638,3414
2022-12-28,San Benito,069,59416,17332,17211,1087,18298,108
2022-12-28,San Bernardino,071,2135413,700300,696472,33396,729868,8142
2022-12-28,San Diego,073,3302833,965634,962601,77753,1040354,5641
2022-12-28,San Francisco,075,870044,191047,190012,12905,202917,1104
2022-12-28,San Joaquin,077,732212,206238,205467,16429,221896,2363
2022-12-28,San Luis Obispo,079,281455,65341,64966,7809,72775,536
2022-12-28,San Mateo,081,765935,179227,177703,10870,188573,749
2022-12-28,Santa Barbara,083,443738,110031,109576,7397,116973,747
2022-12-28,Santa Clara,085,1922200,464095,461535,20507,482042,2587
2022-12-28,Santa Cruz,087,273765,67035,66735,3751,70486,276
2022-12-28,Shasta,089,179085,36207,35950,8177,44127,602
2022-12-28,Sierra,091,2930,311,309,61,370,5
2022-12-28,Siskiyou,093,43540,5371,5355,3414,8769,95
2022-12-28,Solano,095,438530,111322,110589,8378,118967,475
2022-12-28,Sonoma,097,501317,111559,111095,5633,116728,536
2022-12-28,Stanislaus,099,539301,142848,142392,22493,164885,1795
2022-12-28,Sutter,101,95872,25302,25207,2520,27727,235
2022-12-28,Tehama,103,63373,14304,14187,3349,17536,219
2022-12-28,Trinity,105,12862,1454,1442,487,1929,23
2022-12-28,Tulare,107,460477,126113,125303,39083,164386,1546
2022-12-28,Tuolumne,109,53932,16506,16340,972,17312,211
2022-12-28,Ventura,111,848112,217396,216327,17421,233748,1605
2022-12-28,Yolo,113,214977,49294,48970,4739,53709,426
2022-12-28,Yuba,115,75493,19711,19654,1815,21469,132
2022-12-27,Alameda,001,1643700,369736,367954,21573,389527,2094
2022-12-27,Alpine,002,1148,139,138,3,141,0
2022-12-27,Amador,005,37829,10344,10313,956,11269,96
2022-12-27,Butte,007,227075,41118,41018,9943,50961,474
2022-12-27,Calaveras,009,45235,8851,8818,629,9447,135
2022-12-27,Colusa,011,21464,3911,3906,1324,5230,22
2022-12-27,Contra Costa,013,1133247,266175,264448,21912,286360,1502
2022-12-27,Del Norte,015,27424,7729,7645,430,8075,56
2022-12-27,El Dorado,017,186661,33968,33865,4473,38338,236
2022-12-27,Fresno,019,978130,289747,285444,34020,319464,2918
2022-12-27,Glenn,021,27897,5731,5719,1966,7685,58
2022-12-27,Humboldt,023,135768,23029,22835,5650,28485,163
2022-12-27,Imperial,025,180216,68880,68622,18434,87056,963
2022-12-27,Inyo,027,18085,4692,4670,1209,5879,62
2022-12-27,Kern,029,883053,226628,225659,69681,295340,2450
2022-12-27,Kings,031,150075,61795,61692,4367,66059,466
2022-12-27,Lake,033,64148,13397,13312,1262,14574,149
2022-12-27,Lassen,035,31185,10199,10172,1038,11210,66
2022-12-27,Los Angeles,037,10098052,3430781,3420383,207027,3627410,34360
2022-12-27,Madera,039,155013,45671,45448,8702,54150,377
2022-12-27,Marin,041,260295,47887,47686,5567,53253,317
2022-12-27,Mariposa,043,17540,3299,3211,356,3567,32
2022-12-27,Mendocino,045,87422,16624,16508,4733,21241,137
2022-12-27,Merced,047,269075,75656,74732,12577,87309,883
2022-12-27,Modoc,049,8938,935,931,363,1294,11
2022-12-27,Mono,051,14174,3283,3274,291,3565,8
2022-12-27,Monterey,053,433212,96702,96380,22526,118906,776
2022-12-27,Napa,055,140530,33627,33534,1498,35032,163
2022-12-27,Nevada,057,99092,19888,19774,2218,21992,132
2022-12-27,Orange,059,3164182,698097,694080,73489,767569,7656
2022-12-27,Placer,061,380077,79432,79154,10135,89289,672
2022-12-27,Plumas,063,18699,3791,3787,457,4244,13
2022-12-27,Riverside,065,2383286,723316,720437,39449,759886,6738
2022-12-27,Sacramento,067,1510023,364076,362664,36938,399602,3414
2022-12-27,San Benito,069,59416,17325,17211,1087,18298,108
2022-12-27,San Bernardino,071,2135413,699735,696472,33322,729794,8142
2022-12-27,San Diego,073,3302833,964704,962601,77616,1040217,5641
2022-12-27,San Francisco,075,870044,190909,190012,12895,202907,1104
2022-12-27,San Joaquin,077,732212,206109,205467,16400,221867,2363
2022-12-27,San Luis Obispo,079,281455,65301,64966,7787,72753,536
2022-12-27,San Mateo,081,765935,179073,177703,10857,188560,749
2022-12-27,Santa Barbara,083,443738,109960,109576,7380,116956,747
2022-12-27,Santa Clara,085,1922200,463634,461535,20482,482017,2587
2022-12-27,Santa Cruz,087,273765,66998,66735,3744,70479,276
2022-12-27,Shasta,089,179085,36187,35950,8166,44116,602
2022-12-27,Sierra,091,2930,310,309,61,370,5
2022-12-27,Siskiyou,093,43540,5368,5355,3413,8768,95
2022-12-27,Solano,095,438530,111188,110589,8371,118960,475
2022-12-27,Sonoma,097,501317,111487,111095,5614,116709,536
2022-12-27,Stanislaus,099,539301,142744,142392,22476,164868,1795
2022-12-27,Sutter,101,95872,25284,25207,2517,27724,235
2022-12-27,Tehama,103,63373,14288,14187,3348,17535,219
2022-12-27,Trinity,105,12862,1451,1442,487,1929,23
2022-12-27,Tulare,107,460477,126023,125303,39039,164342,1546
2022-12-27,Tuolumne,109,53932,16494,16340,972,17312,211
2022-12-27,Ventura,111,848112,217236,216327,17382,233709,1605
2022-12-27,Yolo,113,214977,49270,48970,4736,53706,426
2022-12-27,Yuba,115,75493,19700,19654,1814,21468,132
2022-12-26,Alameda,001,1643700,369371,366018,21543,387561,2088
2022-12-26,Alpine,002,1148,139,138,3,141,0
2022-12-26,Amador,005,37829,10339,10269,956,11225,96
2022-12-26,Butte,007,227075,41090,40923,9917,50840,473
2022-12-26,Calaveras,009,45235,8844,8794,628,9422,135
2022-12-26,Colusa,011,21464,3911,3891,1324,5215,22
2022-12-26,Contra Costa,013,1133247,265875,262951,21888,284839,1492
2022-12-26,Del Norte,015,27424,7724,7612,430,8042,56
2022-12-26,El Dorado,017,186661,33938,33729,4469,38198,236
2022-12-26,Fresno,019,978130,289511,284361,33966,318327,2907
2022-12-26,Glenn,021,27897,5730,5702,1965,7667,58
2022-12-26,Humboldt,023,135768,23016,22760,5629,28389,161
2022-12-26,Imperial,025,180216,68824,68403,18373,86776,963
2022-12-26,Inyo,027,18085,4689,4655,1206,5861,60
2022-12-26,Kern,029,883053,226446,224945,69538,294483,2446
2022-12-26,Kings,031,150075,61759,61461,4364,65825,467
2022-12-26,Lake,033,64148,13393,13254,1258,14512,149
2022-12-26,Lassen,035,31185,10196,10151,1036,11187,66
2022-12-26,Los Angeles,037,10098052,3427962,3399852,206414,3606266,34170
2022-12-26,Madera,039,155013,45628,45290,8695,53985,377
2022-12-26,Marin,041,260295,47836,47457,5560,53017,315
2022-12-26,Mariposa,043,17540,3295,3201,356,3557,32
2022-12-26,Mendocino,045,87422,16610,16435,4717,21152,137
2022-12-26,Merced,047,269075,75623,74498,12565,87063,880
2022-12-26,Modoc,049,8938,932,927,363,1290,11
2022-12-26,Mono,051,14174,3279,3264,291,3555,8
2022-12-26,Monterey,053,433212,96663,96192,22509,118701,776
2022-12-26,Napa,055,140530,33603,33370,1498,34868,163
2022-12-26,Nevada,057,99092,19874,19696,2209,21905,132
2022-12-26,Orange,059,3164182,697402,690845,73251,764096,7628
2022-12-26,Placer,061,380077,79376,78813,10129,88942,669
2022-12-26,Plumas,063,18699,3789,3778,457,4235,13
2022-12-26,Riverside,065,2383286,722618,717576,39346,756922,6738
2022-12-26,Sacramento,067,1510023,363732,361095,36903,397998,3407
2022-12-26,San Benito,069,59416,17308,17109,1083,18192,108
2022-12-26,San Bernardino,071,2135413,699086,693567,33240,726807,8136
2022-12-26,San Diego,073,3302833,963630,957866,77438,1035304,5626
2022-12-26,San Francisco,075,870044,190698,188947,12888,201835,1095
2022-12-26,San Joaquin,077,732212,205950,204712,16371,221083,2353
2022-12-26,San Luis Obispo,079,281455,65251,64748,7759,72507,536
2022-12-26,San Mateo,081,765935,178887,176920,10844,187764,748
2022-12-26,Santa Barbara,083,443738,109876,109074,7371,116445,744
2022-12-26,Santa Clara,085,1922200,463098,459089,20463,479552,2579
2022-12-26,Santa Cruz,087,273765,66956,66560,3740,70300,277
2022-12-26,Shasta,089,179085,36164,35856,8156,44012,601
2022-12-26,Sierra,091,2930,310,308,61,369,5
2022-12-26,Siskiyou,093,43540,5363,5334,3411,8745,95
2022-12-26,Solano,095,438530,111055,109900,8362,118262,474
2022-12-26,Sonoma,097,501317,111390,110643,5603,116246,536
2022-12-26,Stanislaus,099,539301,142651,141956,22458,164414,1795
2022-12-26,Sutter,101,95872,25265,25088,2511,27599,235
2022-12-26,Tehama,103,63373,14282,14127,3341,17468,218
2022-12-26,Trinity,105,12862,1450,1438,487,1925,23
2022-12-26,Tulare,107,460477,125917,124848,38981,163829,1546
2022-12-26,Tuolumne,109,53932,16484,16261,970,17231,209
2022-12-26,Ventura,111,848112,217010,215497,17338,232835,1604
2022-12-26,Yolo,113,214977,49245,48842,4731,53573,422
2022-12-26,Yuba,115,75493,19684,19553,1810,21363,132
2022-12-25,Alameda,001,1643700,369079,366018,21520,387538,2088
2022-12-25,Alpine,002,1148,139,138,3,141,0
2022-12-25,Amador,005,37829,10333,10269,956,11225,96
2022-12-25,Butte,007,227075,41076,40923,9903,50826,473
2022-12-25,Calaveras,009,45235,8840,8794,627,9421,135
2022-12-25,Colusa,011,21464,3910,3891,1323,5214,22
2022-12-25,Contra Costa,013,1133247,265625,262951,21882,284833,1492
2022-12-25,Del Norte,015,27424,7719,7612,430,8042,56
2022-12-25,El Dorado,017,186661,33922,33729,4468,38197,236
2022-12-25,Fresno,019,978130,289369,284361,33947,318308,2907
2022-12-25,Glenn,021,27897,5730,5702,1963,7665,58
2022-12-25,Humboldt,023,135768,23006,22760,5620,28380,161
2022-12-25,Imperial,025,180216,68789,68403,18352,86755,963
2022-12-25,Inyo,027,18085,4687,4655,1204,5859,60
2022-12-25,Kern,029,883053,226350,224945,69381,294326,2446
2022-12-25,Kings,031,150075,61718,61461,4363,65824,467
2022-12-25,Lake,033,64148,13390,13254,1258,14512,149
2022-12-25,Lassen,035,31185,10194,10151,1034,11185,66
2022-12-25,Los Angeles,037,10098052,3425642,3399852,205945,3605797,34170
2022-12-25,Madera,039,155013,45611,45290,8694,53984,377
2022-12-25,Marin,041,260295,47804,47457,5557,53014,315
2022-12-25,Mariposa,043,17540,3295,3201,356,3557,32
2022-12-25,Mendocino,045,87422,16596,16435,4715,21150,137
2022-12-25,Merced,047,269075,75582,74498,12558,87056,880
2022-12-25,Modoc,049,8938,931,927,363,1290,11
2022-12-25,Mono,051,14174,3274,3264,291,3555,8
2022-12-25,Monterey,053,433212,96631,96192,22495,118687,776
2022-12-25,Napa,055,140530,33585,33370,1495,34865,163
2022-12-25,Nevada,057,99092,19865,19696,2205,21901,132
2022-12-25,Orange,059,3164182,696831,690845,72998,763843,7628
2022-12-25,Placer,061,380077,79341,78813,10123,88936,669
2022-12-25,Plumas,063,18699,3789,3778,457,4235,13
2022-12-25,Riverside,065,2383286,722101,717576,39265,756841,6738
2022-12-25,Sacramento,067,1510023,363544,361095,36879,397974,3407
2022-12-25,San Benito,069,59416,17298,17109,1083,18192,108
2022-12-25,San Bernardino,071,2135413,698592,693567,33188,726755,8136
2022-12-25,San Diego,073,3302833,962981,957866,77341,1035207,5626
2022-12-25,San Francisco,075,870044,190529,188947,12884,201831,1095
2022-12-25,San Joaquin,077,732212,205839,204712,16358,221070,2353
2022-12-25,San Luis Obispo,079,281455,65225,64748,7748,72496,536
2022-12-25,San Mateo,081,765935,178765,176920,10837,187757,748
2022-12-25,Santa Barbara,083,443738,109815,109074,7369,116443,744
2022-12-25,Santa Clara,085,1922200,462726,459089,20436,479525,2579
2022-12-25,Santa Cruz,087,273765,66895,66560,3736,70296,277
2022-12-25,Shasta,089,179085,36151,35856,8151,44007,601
2022-12-25,Sierra,091,2930,310,308,61,369,5
2022-12-25,Siskiyou,093,43540,5362,5334,3411,8745,95
2022-12-25,Solano,095,438530,110962,109900,8355,118255,474
2022-12-25,Sonoma,097,501317,111328,110643,5602,116245,536
2022-12-25,Stanislaus,099,539301,142583,141956,22450,164406,1795
2022-12-25,Sutter,101,95872,25250,25088,2509,27597,235
2022-12-25,Tehama,103,63373,14275,14127,3340,17467,218
2022-12-25,Trinity,105,12862,1450,1438,487,1925,23
2022-12-25,Tulare,107,460477,125834,124848,38934,163782,1546
2022-12-25,Tuolumne,109,53932,16462,16261,970,17231,209
2022-12-25,Ventura,111,848112,216869,215497,17304,232801,1604
2022-12-25,Yolo,113,214977,49225,48842,4729,53571,422
2022-12-25,Yuba,115,75493,19667,19553,1810,21363,132
2022-12-24,Alameda,001,1643700,368937,366018,21508,387526,2088
2022-12-24,Alpine,002,1148,139,138,3,141,0
2022-12-24,Amador,005,37829,10331,10269,956,11225,96
2022-12-24,Butte,007,227075,41068,40923,9895,50818,473
2022-12-24,Calaveras,009,45235,8839,8794,626,9420,135
2022-12-24,Colusa,011,21464,3910,3891,1323,5214,22
2022-12-24,Contra Costa,013,1133247,265538,262951,21879,284830,1492
2022-12-24,Del Norte,015,27424,7716,7612,430,8042,56
2022-12-24,El Dorado,017,186661,33907,33729,4467,38196,236
2022-12-24,Fresno,019,978130,289290,284361,33945,318306,2907
2022-12-24,Glenn,021,27897,5730,5702,1963,7665,58
2022-12-24,Humboldt,023,135768,22997,22760,5614,28374,161
2022-12-24,Imperial,025,180216,68775,68403,18345,86748,963
2022-12-24,Inyo,027,18085,4686,4655,1204,5859,60
2022-12-24,Kern,029,883053,226306,224945,69366,294311,2446
2022-12-24,Kings,031,150075,61712,61461,4362,65823,467
2022-12-24,Lake,033,64148,13380,13254,1257,14511,149
2022-12-24,Lassen,035,31185,10192,10151,1034,11185,66
2022-12-24,Los Angeles,037,10098052,3424878,3399852,205758,3605610,34170
2022-12-24,Madera,039,155013,45591,45290,8694,53984,377
2022-12-24,Marin,041,260295,47787,47457,5554,53011,315
2022-12-24,Mariposa,043,17540,3293,3201,356,3557,32
2022-12-24,Mendocino,045,87422,16592,16435,4715,21150,137
2022-12-24,Merced,047,269075,75571,74498,12553,87051,880
2022-12-24,Modoc,049,8938,931,927,363,1290,11
2022-12-24,Mono,051,14174,3272,3264,291,3555,8
2022-12-24,Monterey,053,433212,96607,96192,22484,118676,776
2022-12-24,Napa,055,140530,33570,33370,1495,34865,163
2022-12-24,Nevada,057,99092,19858,19696,2204,21900,132
2022-12-24,Orange,059,3164182,696658,690845,72971,763816,7628
2022-12-24,Placer,061,380077,79313,78813,10122,88935,669
2022-12-24,Plumas,063,18699,3788,3778,455,4233,13
2022-12-24,Riverside,065,2383286,721920,717576,39230,756806,6738
2022-12-24,Sacramento,067,1510023,363471,361095,36871,397966,3407
2022-12-24,San Benito,069,59416,17294,17109,1083,18192,108
2022-12-24,San Bernardino,071,2135413,698409,693567,33162,726729,8136
2022-12-24,San Diego,073,3302833,962754,957866,77294,1035160,5626
2022-12-24,San Francisco,075,870044,190465,188947,12882,201829,1095
2022-12-24,San Joaquin,077,732212,205782,204712,16353,221065,2353
2022-12-24,San Luis Obispo,079,281455,65212,64748,7741,72489,536
2022-12-24,San Mateo,081,765935,178698,176920,10835,187755,748
2022-12-24,Santa Barbara,083,443738,109777,109074,7364,116438,744
2022-12-24,Santa Clara,085,1922200,462565,459089,20423,479512,2579
2022-12-24,Santa Cruz,087,273765,66877,66560,3736,70296,277
2022-12-24,Shasta,089,179085,36145,35856,8148,44004,601
2022-12-24,Sierra,091,2930,310,308,61,369,5
2022-12-24,Siskiyou,093,43540,5359,5334,3411,8745,95
2022-12-24,Solano,095,438530,110935,109900,8352,118252,474
2022-12-24,Sonoma,097,501317,111293,110643,5600,116243,536
2022-12-24,Stanislaus,099,539301,142534,141956,22445,164401,1795
2022-12-24,Sutter,101,95872,25241,25088,2509,27597,235
2022-12-24,Tehama,103,63373,14266,14127,3339,17466,218
2022-12-24,Trinity,105,12862,1450,1438,487,1925,23
2022-12-24,Tulare,107,460477,125793,124848,38909,163757,1546
2022-12-24,Tuolumne,109,53932,16454,16261,969,17230,209
2022-12-24,Ventura,111,848112,216799,215497,17289,232786,1604
2022-12-24,Yolo,113,214977,49213,48842,4727,53569,422
2022-12-24,Yuba,115,75493,19659,19553,1810,21363,132
2022-12-23,Alameda,001,1643700,368763,366018,21487,387505,2088
2022-12-23,Alpine,002,1148,139,138,3,141,0
2022-12-23,Amador,005,37829,10326,10269,956,11225,96
2022-12-23,Butte,007,227075,41060,40923,9879,50802,473
2022-12-23,Calaveras,009,45235,8838,8794,625,9419,135
2022-12-23,Colusa,011,21464,3908,3891,1321,5212,22
2022-12-23,Contra Costa,013,1133247,265407,262951,21870,284821,1492
2022-12-23,Del Norte,015,27424,7711,7612,430,8042,56
2022-12-23,El Dorado,017,186661,33887,33729,4466,38195,236
2022-12-23,Fresno,019,978130,289181,284361,33923,318284,2907
2022-12-23,Glenn,021,27897,5727,5702,1962,7664,58
2022-12-23,Humboldt,023,135768,22992,22760,5611,28371,161
2022-12-23,Imperial,025,180216,68748,68403,18339,86742,963
2022-12-23,Inyo,027,18085,4683,4655,1202,5857,60
2022-12-23,Kern,029,883053,226258,224945,69301,294246,2446
2022-12-23,Kings,031,150075,61695,61461,4361,65822,467
2022-12-23,Lake,033,64148,13373,13254,1257,14511,149
2022-12-23,Lassen,035,31185,10190,10151,1034,11185,66
2022-12-23,Los Angeles,037,10098052,3423690,3399852,205441,3605293,34170
2022-12-23,Madera,039,155013,45574,45290,8693,53983,377
2022-12-23,Marin,041,260295,47765,47457,5553,53010,315
2022-12-23,Mariposa,043,17540,3293,3201,356,3557,32
2022-12-23,Mendocino,045,87422,16587,16435,4713,21148,137
2022-12-23,Merced,047,269075,75559,74498,12548,87046,880
2022-12-23,Modoc,049,8938,931,927,363,1290,11
2022-12-23,Mono,051,14174,3272,3264,290,3554,8
2022-12-23,Monterey,053,433212,96580,96192,22466,118658,776
2022-12-23,Napa,055,140530,33551,33370,1494,34864,163
2022-12-23,Nevada,057,99092,19854,19696,2198,21894,132
2022-12-23,Orange,059,3164182,696390,690845,72804,763649,7628
2022-12-23,Placer,061,380077,79289,78813,10116,88929,669
2022-12-23,Plumas,063,18699,3787,3778,455,4233,13
2022-12-23,Riverside,065,2383286,721634,717576,39184,756760,6738
2022-12-23,Sacramento,067,1510023,363355,361095,36866,397961,3407
2022-12-23,San Benito,069,59416,17282,17109,1081,18190,108
2022-12-23,San Bernardino,071,2135413,698137,693567,33130,726697,8136
2022-12-23,San Diego,073,3302833,962321,957866,77253,1035119,5626
2022-12-23,San Francisco,075,870044,190360,188947,12874,201821,1095
2022-12-23,San Joaquin,077,732212,205724,204712,16351,221063,2353
2022-12-23,San Luis Obispo,079,281455,65194,64748,7737,72485,536
2022-12-23,San Mateo,081,765935,178631,176920,10826,187746,748
2022-12-23,Santa Barbara,083,443738,109738,109074,7359,116433,744
2022-12-23,Santa Clara,085,1922200,462378,459089,20406,479495,2579
2022-12-23,Santa Cruz,087,273765,66858,66560,3732,70292,277
2022-12-23,Shasta,089,179085,36138,35856,8146,44002,601
2022-12-23,Sierra,091,2930,310,308,61,369,5
2022-12-23,Siskiyou,093,43540,5358,5334,3411,8745,95
2022-12-23,Solano,095,438530,110878,109900,8344,118244,474
2022-12-23,Sonoma,097,501317,111244,110643,5599,116242,536
2022-12-23,Stanislaus,099,539301,142494,141956,22444,164400,1795
2022-12-23,Sutter,101,95872,25228,25088,2509,27597,235
2022-12-23,Tehama,103,63373,14263,14127,3339,17466,218
2022-12-23,Trinity,105,12862,1449,1438,487,1925,23
2022-12-23,Tulare,107,460477,125758,124848,38883,163731,1546
2022-12-23,Tuolumne,109,53932,16446,16261,968,17229,209
2022-12-23,Ventura,111,848112,216704,215497,17267,232764,1604
2022-12-23,Yolo,113,214977,49202,48842,4726,53568,422
2022-12-23,Yuba,115,75493,19651,19553,1809,21362,132
2022-12-22,Alameda,001,1643700,368424,366018,21459,387477,2088
2022-12-22,Alpine,002,1148,139,138,3,141,0
2022-12-22,Amador,005,37829,10320,10269,956,11225,96
2022-12-22,Butte,007,227075,41050,40923,9866,50789,473
2022-12-22,Calaveras,009,45235,8838,8794,625,9419,135
2022-12-22,Colusa,011,21464,3903,3891,1321,5212,22
2022-12-22,Contra Costa,013,1133247,265156,262951,21861,284812,1492
2022-12-22,Del Norte,015,27424,7704,7612,429,8041,56
2022-12-22,El Dorado,017,186661,33865,33729,4466,38195,236
2022-12-22,Fresno,019,978130,289018,284361,33887,318248,2907
2022-12-22,Glenn,021,27897,5725,5702,1962,7664,58
2022-12-22,Humboldt,023,135768,22981,22760,5603,28363,161
2022-12-22,Imperial,025,180216,68713,68403,18327,86730,963
2022-12-22,Inyo,027,18085,4683,4655,1201,5856,60
2022-12-22,Kern,029,883053,226163,224945,69205,294150,2446
2022-12-22,Kings,031,150075,61681,61461,4361,65822,467
2022-12-22,Lake,033,64148,13367,13254,1257,14511,149
2022-12-22,Lassen,035,31185,10187,10151,1033,11184,66
2022-12-22,Los Angeles,037,10098052,3421667,3399852,204994,3604846,34170
2022-12-22,Madera,039,155013,45541,45290,8685,53975,377
2022-12-22,Marin,041,260295,47735,47457,5551,53008,315
2022-12-22,Mariposa,043,17540,3291,3201,356,3557,32
2022-12-22,Mendocino,045,87422,16577,16435,4712,21147,137
2022-12-22,Merced,047,269075,75521,74498,12544,87042,880
2022-12-22,Modoc,049,8938,929,927,363,1290,11
2022-12-22,Mono,051,14174,3272,3264,290,3554,8
2022-12-22,Monterey,053,433212,96557,96192,22448,118640,776
2022-12-22,Napa,055,140530,33533,33370,1494,34864,163
2022-12-22,Nevada,057,99092,19843,19696,2194,21890,132
2022-12-22,Orange,059,3164182,695906,690845,72616,763461,7628
2022-12-22,Placer,061,380077,79243,78813,10111,88924,669
2022-12-22,Plumas,063,18699,3785,3778,455,4233,13
2022-12-22,Riverside,065,2383286,721219,717576,39114,756690,6738
2022-12-22,Sacramento,067,1510023,363109,361095,36849,397944,3407
2022-12-22,San Benito,069,59416,17265,17109,1075,18184,108
2022-12-22,San Bernardino,071,2135413,697707,693567,33072,726639,8136
2022-12-22,San Diego,073,3302833,961598,957866,77111,1034977,5626
2022-12-22,San Francisco,075,870044,190216,188947,12856,201803,1095
2022-12-22,San Joaquin,077,732212,205615,204712,16340,221052,2353
2022-12-22,San Luis Obispo,079,281455,65152,64748,7714,72462,536
2022-12-22,San Mateo,081,765935,178515,176920,10818,187738,748
2022-12-22,Santa Barbara,083,443738,109660,109074,7343,116417,744
2022-12-22,Santa Clara,085,1922200,461993,459089,20386,479475,2579
2022-12-22,Santa Cruz,087,273765,66832,66560,3724,70284,277
2022-12-22,Shasta,089,179085,36126,35856,8141,43997,601
2022-12-22,Sierra,091,2930,310,308,61,369,5
2022-12-22,Siskiyou,093,43540,5353,5334,3410,8744,95
2022-12-22,Solano,095,438530,110792,109900,8334,118234,474
2022-12-22,Sonoma,097,501317,111174,110643,5595,116238,536
2022-12-22,Stanislaus,099,539301,142428,141956,22433,164389,1795
2022-12-22,Sutter,101,95872,25206,25088,2507,27595,235
2022-12-22,Tehama,103,63373,14258,14127,3339,17466,218
2022-12-22,Trinity,105,12862,1448,1438,486,1924,23
2022-12-22,Tulare,107,460477,125697,124848,38845,163693,1546
2022-12-22,Tuolumne,109,53932,16436,16261,968,17229,209
2022-12-22,Ventura,111,848112,216598,215497,17233,232730,1604
2022-12-22,Yolo,113,214977,49188,48842,4722,53564,422
2022-12-22,Yuba,115,75493,19637,19553,1807,21360,132
2022-12-21,Alameda,001,1643700,368091,366018,21430,387448,2088
2022-12-21,Alpine,002,1148,139,138,3,141,0
2022-12-21,Amador,005,37829,10317,10269,956,11225,96
2022-12-21,Butte,007,227075,41031,40923,9852,50775,473
2022-12-21,Calaveras,009,45235,8831,8794,620,9414,135
2022-12-21,Colusa,011,21464,3900,3891,1321,5212,22
2022-12-21,Contra Costa,013,1133247,264923,262951,21837,284788,1492
2022-12-21,Del Norte,015,27424,7699,7612,419,8031,56
2022-12-21,El Dorado,017,186661,33839,33729,4462,38191,236
2022-12-21,Fresno,019,978130,288822,284361,33859,318220,2907
2022-12-21,Glenn,021,27897,5724,5702,1961,7663,58
2022-12-21,Humboldt,023,135768,22968,22760,5587,28347,161
2022-12-21,Imperial,025,180216,68673,68403,18301,86704,963
2022-12-21,Inyo,027,18085,4682,4655,1200,5855,60
2022-12-21,Kern,029,883053,226032,224945,69096,294041,2446
2022-12-21,Kings,031,150075,61640,61461,4359,65820,467
2022-12-21,Lake,033,64148,13361,13254,1257,14511,149
2022-12-21,Lassen,035,31185,10181,10151,1033,11184,66
2022-12-21,Los Angeles,037,10098052,3419444,3399852,204529,3604381,34170
2022-12-21,Madera,039,155013,45530,45290,8683,53973,377
2022-12-21,Marin,041,260295,47690,47457,5541,52998,315
2022-12-21,Mariposa,043,17540,3283,3201,355,3556,32
2022-12-21,Mendocino,045,87422,16565,16435,4703,21138,137
2022-12-21,Merced,047,269075,75483,74498,12538,87036,880
2022-12-21,Modoc,049,8938,929,927,363,1290,11
2022-12-21,Mono,051,14174,3272,3264,290,3554,8
2022-12-21,Monterey,053,433212,96523,96192,22432,118624,776
2022-12-21,Napa,055,140530,33514,33370,1491,34861,163
2022-12-21,Nevada,057,99092,19833,19696,2192,21888,132
2022-12-21,Orange,059,3164182,695361,690845,72403,763248,7628
2022-12-21,Placer,061,380077,79187,78813,10097,88910,669
2022-12-21,Plumas,063,18699,3782,3778,455,4233,13
2022-12-21,Riverside,065,2383286,720709,717576,39027,756603,6738
2022-12-21,Sacramento,067,1510023,362876,361095,36810,397905,3407
2022-12-21,San Benito,069,59416,17247,17109,1068,18177,108
2022-12-21,San Bernardino,071,2135413,697216,693567,33010,726577,8136
2022-12-21,San Diego,073,3302833,960781,957866,76976,1034842,5626
2022-12-21,San Francisco,075,870044,190067,188947,12846,201793,1095
2022-12-21,San Joaquin,077,732212,205472,204712,16319,221031,2353
2022-12-21,San Luis Obispo,079,281455,65117,64748,7700,72448,536
2022-12-21,San Mateo,081,765935,178365,176920,10810,187730,748
2022-12-21,Santa Barbara,083,443738,109579,109074,7330,116404,744
2022-12-21,Santa Clara,085,1922200,461592,459089,20352,479441,2579
2022-12-21,Santa Cruz,087,273765,66787,66560,3723,70283,277
2022-12-21,Shasta,089,179085,36100,35856,8131,43987,601
2022-12-21,Sierra,091,2930,310,308,61,369,5
2022-12-21,Siskiyou,093,43540,5351,5334,3410,8744,95
2022-12-21,Solano,095,438530,110667,109900,8326,118226,474
2022-12-21,Sonoma,097,501317,111106,110643,5582,116225,536
2022-12-21,Stanislaus,099,539301,142355,141956,22420,164376,1795
2022-12-21,Sutter,101,95872,25189,25088,2507,27595,235
2022-12-21,Tehama,103,63373,14255,14127,3336,17463,218
2022-12-21,Trinity,105,12862,1448,1438,481,1919,23
2022-12-21,Tulare,107,460477,125632,124848,38791,163639,1546
2022-12-21,Tuolumne,109,53932,16414,16261,968,17229,209
2022-12-21,Ventura,111,848112,216462,215497,17199,232696,1604
2022-12-21,Yolo,113,214977,49161,48842,4718,53560,422
2022-12-21,Yuba,115,75493,19615,19553,1806,21359,132
2022-12-20,Alameda,001,1643700,367755,366018,21396,387414,2088
2022-12-20,Alpine,002,1148,139,138,2,140,0
2022-12-20,Amador,005,37829,10311,10269,956,11225,96
2022-12-20,Butte,007,227075,41015,40923,9834,50757,473
2022-12-20,Calaveras,009,45235,8823,8794,620,9414,135
2022-12-20,Colusa,011,21464,3899,3891,1320,5211,22
2022-12-20,Contra Costa,013,1133247,264688,262951,21821,284772,1492
2022-12-20,Del Norte,015,27424,7695,7612,418,8030,56
2022-12-20,El Dorado,017,186661,33816,33729,4458,38187,236
2022-12-20,Fresno,019,978130,288608,284361,33822,318183,2907
2022-12-20,Glenn,021,27897,5722,5702,1960,7662,58
2022-12-20,Humboldt,023,135768,22950,22760,5568,28328,161
2022-12-20,Imperial,025,180216,68643,68403,18274,86677,963
2022-12-20,Inyo,027,18085,4678,4655,1199,5854,60
2022-12-20,Kern,029,883053,225879,224945,68980,293925,2446
2022-12-20,Kings,031,150075,61594,61461,4357,65818,467
2022-12-20,Lake,033,64148,13346,13254,1245,14499,149
2022-12-20,Lassen,035,31185,10175,10151,1032,11183,66
2022-12-20,Los Angeles,037,10098052,3417072,3399852,204034,3603886,34170
2022-12-20,Madera,039,155013,45497,45290,8674,53964,377
2022-12-20,Marin,041,260295,47653,47457,5537,52994,315
2022-12-20,Mariposa,043,17540,3280,3201,355,3556,32
2022-12-20,Mendocino,045,87422,16551,16435,4697,21132,137
2022-12-20,Merced,047,269075,75443,74498,12525,87023,880
2022-12-20,Modoc,049,8938,928,927,363,1290,11
2022-12-20,Mono,051,14174,3270,3264,286,3550,8
2022-12-20,Monterey,053,433212,96493,96192,22409,118601,776
2022-12-20,Napa,055,140530,33489,33370,1490,34860,163
2022-12-20,Nevada,057,99092,19815,19696,2181,21877,132
2022-12-20,Orange,059,3164182,694757,690845,72186,763031,7628
2022-12-20,Placer,061,380077,79133,78813,10088,88901,669
2022-12-20,Plumas,063,18699,3781,3778,454,4232,13
2022-12-20,Riverside,065,2383286,720208,717576,38946,756522,6738
2022-12-20,Sacramento,067,1510023,362630,361095,36780,397875,3407
2022-12-20,San Benito,069,59416,17223,17109,1066,18175,108
2022-12-20,San Bernardino,071,2135413,696694,693567,32965,726532,8136
2022-12-20,San Diego,073,3302833,959983,957866,76861,1034727,5626
2022-12-20,San Francisco,075,870044,189850,188947,12837,201784,1095
2022-12-20,San Joaquin,077,732212,205333,204712,16299,221011,2353
2022-12-20,San Luis Obispo,079,281455,65076,64748,7690,72438,536
2022-12-20,San Mateo,081,765935,178227,176920,10798,187718,748
2022-12-20,Santa Barbara,083,443738,109484,109074,7319,116393,744
2022-12-20,Santa Clara,085,1922200,461181,459089,20320,479409,2579
2022-12-20,Santa Cruz,087,273765,66765,66560,3718,70278,277
2022-12-20,Shasta,089,179085,36081,35856,8128,43984,601
2022-12-20,Sierra,091,2930,310,308,61,369,5
2022-12-20,Siskiyou,093,43540,5347,5334,3408,8742,95
2022-12-20,Solano,095,438530,110548,109900,8321,118221,474
2022-12-20,Sonoma,097,501317,111021,110643,5572,116215,536
2022-12-20,Stanislaus,099,539301,142285,141956,22408,164364,1795
2022-12-20,Sutter,101,95872,25164,25088,2506,27594,235
2022-12-20,Tehama,103,63373,14246,14127,3332,17459,218
2022-12-20,Trinity,105,12862,1448,1438,477,1915,23
2022-12-20,Tulare,107,460477,125561,124848,38764,163612,1546
2022-12-20,Tuolumne,109,53932,16399,16261,964,17225,209
2022-12-20,Ventura,111,848112,216305,215497,17148,232645,1604
2022-12-20,Yolo,113,214977,49135,48842,4708,53550,422
2022-12-20,Yuba,115,75493,19597,19553,1805,21358,132
2022-12-19,Alameda,001,1643700,367401,363758,21350,385108,2082
2022-12-19,Alpine,002,1148,139,139,2,141,0
2022-12-19,Amador,005,37829,10296,10236,956,11192,96
2022-12-19,Butte,007,227075,40995,40800,9818,50618,471
2022-12-19,Calaveras,009,45235,8820,8758,620,9378,135
2022-12-19,Colusa,011,21464,3897,3882,1320,5202,22
2022-12-19,Contra Costa,013,1133247,264422,261280,21800,283080,1491
2022-12-19,Del Norte,015,27424,7691,7586,417,8003,56
2022-12-19,El Dorado,017,186661,33786,33598,4454,38052,235
2022-12-19,Fresno,019,978130,288422,283068,33785,316853,2905
2022-12-19,Glenn,021,27897,5718,5690,1959,7649,58
2022-12-19,Humboldt,023,135768,22934,22679,5561,28240,161
2022-12-19,Imperial,025,180216,68590,68094,18241,86335,963
2022-12-19,Inyo,027,18085,4676,4649,1196,5845,60
2022-12-19,Kern,029,883053,225744,223971,68862,292833,2444
2022-12-19,Kings,031,150075,61560,61254,4355,65609,466
2022-12-19,Lake,033,64148,13335,13201,1243,14444,149
2022-12-19,Lassen,035,31185,10169,10142,1032,11174,66
2022-12-19,Los Angeles,037,10098052,3414467,3390335,203499,3593834,34114
2022-12-19,Madera,039,155013,45462,45131,8660,53791,377
2022-12-19,Marin,041,260295,47622,47184,5534,52718,315
2022-12-19,Mariposa,043,17540,3273,3202,355,3557,32
2022-12-19,Mendocino,045,87422,16535,16396,4695,21091,136
2022-12-19,Merced,047,269075,75411,74307,12522,86829,880
2022-12-19,Modoc,049,8938,928,918,362,1280,11
2022-12-19,Mono,051,14174,3269,3251,283,3534,8
2022-12-19,Monterey,053,433212,96472,95970,22370,118340,776
2022-12-19,Napa,055,140530,33461,33212,1485,34697,162
2022-12-19,Nevada,057,99092,19808,19663,2174,21837,132
2022-12-19,Orange,059,3164182,694116,687587,71983,759570,7596
2022-12-19,Placer,061,380077,79085,78475,10086,88561,666
2022-12-19,Plumas,063,18699,3779,3769,453,4222,13
2022-12-19,Riverside,065,2383286,719685,714426,38862,753288,6694
2022-12-19,Sacramento,067,1510023,362340,359420,36738,396158,3395
2022-12-19,San Benito,069,59416,17202,17018,1061,18079,108
2022-12-19,San Bernardino,071,2135413,696129,690423,32907,723330,8136
2022-12-19,San Diego,073,3302833,959024,953029,76744,1029773,5608
2022-12-19,San Francisco,075,870044,189666,187665,12827,200492,1087
2022-12-19,San Joaquin,077,732212,205200,203845,16278,220123,2353
2022-12-19,San Luis Obispo,079,281455,65039,64540,7678,72218,533
2022-12-19,San Mateo,081,765935,178043,175963,10791,186754,748
2022-12-19,Santa Barbara,083,443738,109390,108635,7308,115943,743
2022-12-19,Santa Clara,085,1922200,460757,456121,20287,476408,2566
2022-12-19,Santa Cruz,087,273765,66735,66157,3711,69868,275
2022-12-19,Shasta,089,179085,36064,35797,8116,43913,599
2022-12-19,Sierra,091,2930,310,309,61,370,5
2022-12-19,Siskiyou,093,43540,5346,5325,3408,8733,94
2022-12-19,Solano,095,438530,110407,109297,8315,117612,472
2022-12-19,Sonoma,097,501317,110936,110159,5563,115722,533
2022-12-19,Stanislaus,099,539301,142200,141472,22393,163865,1796
2022-12-19,Sutter,101,95872,25137,25020,2504,27524,235
2022-12-19,Tehama,103,63373,14234,14104,3329,17433,218
2022-12-19,Trinity,105,12862,1447,1434,475,1909,23
2022-12-19,Tulare,107,460477,125476,124442,38727,163169,1546
2022-12-19,Tuolumne,109,53932,16391,16161,963,17124,209
2022-12-19,Ventura,111,848112,216122,214659,17114,231773,1597
2022-12-19,Yolo,113,214977,49104,48765,4703,53468,416
2022-12-19,Yuba,115,75493,19585,19482,1802,21284,132
2022-12-18,Alameda,001,1643700,366985,363758,21304,385062,2082
2022-12-18,Alpine,002,1148,139,139,2,141,0
2022-12-18,Amador,005,37829,10289,10236,956,11192,96
2022-12-18,Butte,007,227075,40977,40800,9798,50598,471
2022-12-18,Calaveras,009,45235,8815,8758,615,9373,135
2022-12-18,Colusa,011,21464,3896,3882,1320,5202,22
2022-12-18,Contra Costa,013,1133247,264101,261280,21775,283055,1491
2022-12-18,Del Norte,015,27424,7682,7586,416,8002,56
2022-12-18,El Dorado,017,186661,33760,33598,4448,38046,235
2022-12-18,Fresno,019,978130,288211,283068,33730,316798,2905
2022-12-18,Glenn,021,27897,5716,5690,1957,7647,58
2022-12-18,Humboldt,023,135768,22921,22679,5537,28216,161
2022-12-18,Imperial,025,180216,68538,68094,18193,86287,963
2022-12-18,Inyo,027,18085,4673,4649,1194,5843,60
2022-12-18,Kern,029,883053,225574,223971,68753,292724,2444
2022-12-18,Kings,031,150075,61511,61254,4351,65605,466
2022-12-18,Lake,033,64148,13319,13201,1243,14444,149
2022-12-18,Lassen,035,31185,10167,10142,1032,11174,66
2022-12-18,Los Angeles,037,10098052,3411671,3390335,202988,3593323,34114
2022-12-18,Madera,039,155013,45430,45131,8644,53775,377
2022-12-18,Marin,041,260295,47576,47184,5521,52705,315
2022-12-18,Mariposa,043,17540,3271,3202,355,3557,32
2022-12-18,Mendocino,045,87422,16519,16396,4687,21083,136
2022-12-18,Merced,047,269075,75367,74307,12506,86813,880
2022-12-18,Modoc,049,8938,928,918,360,1278,11
2022-12-18,Mono,051,14174,3264,3251,283,3534,8
2022-12-18,Monterey,053,433212,96426,95970,22343,118313,776
2022-12-18,Napa,055,140530,33409,33212,1482,34694,162
2022-12-18,Nevada,057,99092,19790,19663,2169,21832,132
2022-12-18,Orange,059,3164182,693516,687587,71752,759339,7596
2022-12-18,Placer,061,380077,79019,78475,10076,88551,666
2022-12-18,Plumas,063,18699,3777,3769,453,4222,13
2022-12-18,Riverside,065,2383286,719107,714426,38741,753167,6694
2022-12-18,Sacramento,067,1510023,362020,359420,36677,396097,3395
2022-12-18,San Benito,069,59416,17188,17018,1061,18079,108
2022-12-18,San Bernardino,071,2135413,695526,690423,32841,723264,8136
2022-12-18,San Diego,073,3302833,958131,953029,76645,1029674,5608
2022-12-18,San Francisco,075,870044,189402,187665,12816,200481,1087
2022-12-18,San Joaquin,077,732212,205036,203845,16261,220106,2353
2022-12-18,San Luis Obispo,079,281455,64991,64540,7649,72189,533
2022-12-18,San Mateo,081,765935,177855,175963,10776,186739,748
2022-12-18,Santa Barbara,083,443738,109291,108635,7296,115931,743
2022-12-18,Santa Clara,085,1922200,460233,456121,20251,476372,2566
2022-12-18,Santa Cruz,087,273765,66700,66157,3709,69866,275
2022-12-18,Shasta,089,179085,36053,35797,8107,43904,599
2022-12-18,Sierra,091,2930,310,309,61,370,5
2022-12-18,Siskiyou,093,43540,5341,5325,3405,8730,94
2022-12-18,Solano,095,438530,110264,109297,8308,117605,472
2022-12-18,Sonoma,097,501317,110856,110159,5556,115715,533
2022-12-18,Stanislaus,099,539301,142109,141472,22369,163841,1796
2022-12-18,Sutter,101,95872,25125,25020,2503,27523,235
2022-12-18,Tehama,103,63373,14223,14104,3326,17430,218
2022-12-18,Trinity,105,12862,1447,1434,474,1908,23
2022-12-18,Tulare,107,460477,125362,124442,38668,163110,1546
2022-12-18,Tuolumne,109,53932,16378,16161,963,17124,209
2022-12-18,Ventura,111,848112,215940,214659,17073,231732,1597
2022-12-18,Yolo,113,214977,49077,48765,4696,53461,416
2022-12-18,Yuba,115,75493,19562,19482,1797,21279,132
2022-12-17,Alameda,001,1643700,366764,363758,21289,385047,2082
2022-12-17,Alpine,002,1148,139,139,2,141,0
2022-12-17,Amador,005,37829,10283,10236,955,11191,96
2022-12-17,Butte,007,227075,40960,40800,9787,50587,471
2022-12-17,Calaveras,009,45235,8811,8758,611,9369,135
2022-12-17,Colusa,011,21464,3896,3882,1320,5202,22
2022-12-17,Contra Costa,013,1133247,263913,261280,21764,283044,1491
2022-12-17,Del Norte,015,27424,7679,7586,416,8002,56
2022-12-17,El Dorado,017,186661,33746,33598,4448,38046,235
2022-12-17,Fresno,019,978130,288110,283068,33701,316769,2905
2022-12-17,Glenn,021,27897,5714,5690,1957,7647,58
2022-12-17,Humboldt,023,135768,22904,22679,5530,28209,161
2022-12-17,Imperial,025,180216,68523,68094,18189,86283,963
2022-12-17,Inyo,027,18085,4673,4649,1193,5842,60
2022-12-17,Kern,029,883053,225519,223971,68689,292660,2444
2022-12-17,Kings,031,150075,61498,61254,4350,65604,466
2022-12-17,Lake,033,64148,13314,13201,1242,14443,149
2022-12-17,Lassen,035,31185,10167,10142,1032,11174,66
2022-12-17,Los Angeles,037,10098052,3410366,3390335,202727,3593062,34114
2022-12-17,Madera,039,155013,45410,45131,8639,53770,377
2022-12-17,Marin,041,260295,47558,47184,5516,52700,315
2022-12-17,Mariposa,043,17540,3271,3202,355,3557,32
2022-12-17,Mendocino,045,87422,16516,16396,4683,21079,136
2022-12-17,Merced,047,269075,75348,74307,12497,86804,880
2022-12-17,Modoc,049,8938,928,918,360,1278,11
2022-12-17,Mono,051,14174,3263,3251,283,3534,8
2022-12-17,Monterey,053,433212,96399,95970,22332,118302,776
2022-12-17,Napa,055,140530,33399,33212,1481,34693,162
2022-12-17,Nevada,057,99092,19779,19663,2169,21832,132
2022-12-17,Orange,059,3164182,693213,687587,71604,759191,7596
2022-12-17,Placer,061,380077,78976,78475,10075,88550,666
2022-12-17,Plumas,063,18699,3777,3769,453,4222,13
2022-12-17,Riverside,065,2383286,718743,714426,38677,753103,6694
2022-12-17,Sacramento,067,1510023,361899,359420,36663,396083,3395
2022-12-17,San Benito,069,59416,17179,17018,1059,18077,108
2022-12-17,San Bernardino,071,2135413,695220,690423,32816,723239,8136
2022-12-17,San Diego,073,3302833,957721,953029,76606,1029635,5608
2022-12-17,San Francisco,075,870044,189292,187665,12810,200475,1087
2022-12-17,San Joaquin,077,732212,204967,203845,16249,220094,2353
2022-12-17,San Luis Obispo,079,281455,64973,64540,7641,72181,533
2022-12-17,San Mateo,081,765935,177760,175963,10766,186729,748
2022-12-17,Santa Barbara,083,443738,109247,108635,7282,115917,743
2022-12-17,Santa Clara,085,1922200,459992,456121,20227,476348,2566
2022-12-17,Santa Cruz,087,273765,66684,66157,3707,69864,275
2022-12-17,Shasta,089,179085,36043,35797,8107,43904,599
2022-12-17,Sierra,091,2930,310,309,61,370,5
2022-12-17,Siskiyou,093,43540,5341,5325,3405,8730,94
2022-12-17,Solano,095,438530,110226,109297,8304,117601,472
2022-12-17,Sonoma,097,501317,110800,110159,5547,115706,533
2022-12-17,Stanislaus,099,539301,142059,141472,22361,163833,1796
2022-12-17,Sutter,101,95872,25118,25020,2502,27522,235
2022-12-17,Tehama,103,63373,14219,14104,3323,17427,218
2022-12-17,Trinity,105,12862,1447,1434,473,1907,23
2022-12-17,Tulare,107,460477,125309,124442,38639,163081,1546
2022-12-17,Tuolumne,109,53932,16371,16161,962,17123,209
2022-12-17,Ventura,111,848112,215844,214659,17044,231703,1597
2022-12-17,Yolo,113,214977,49054,48765,4691,53456,416
2022-12-17,Yuba,115,75493,19555,19482,1797,21279,132
2022-12-16,Alameda,001,1643700,366526,363758,21266,385024,2082
2022-12-16,Alpine,002,1148,139,139,2,141,0
2022-12-16,Amador,005,37829,10277,10236,955,11191,96
2022-12-16,Butte,007,227075,40952,40800,9778,50578,471
2022-12-16,Calaveras,009,45235,8807,8758,610,9368,135
2022-12-16,Colusa,011,21464,3895,3882,1320,5202,22
2022-12-16,Contra Costa,013,1133247,263725,261280,21749,283029,1491
2022-12-16,Del Norte,015,27424,7675,7586,416,8002,56
2022-12-16,El Dorado,017,186661,33724,33598,4448,38046,235
2022-12-16,Fresno,019,978130,287975,283068,33677,316745,2905
2022-12-16,Glenn,021,27897,5713,5690,1955,7645,58
2022-12-16,Humboldt,023,135768,22892,22679,5524,28203,161
2022-12-16,Imperial,025,180216,68515,68094,18178,86272,963
2022-12-16,Inyo,027,18085,4671,4649,1189,5838,60
2022-12-16,Kern,029,883053,225425,223971,68626,292597,2444
2022-12-16,Kings,031,150075,61475,61254,4349,65603,466
2022-12-16,Lake,033,64148,13304,13201,1241,14442,149
2022-12-16,Lassen,035,31185,10164,10142,1032,11174,66
2022-12-16,Los Angeles,037,10098052,3408898,3390335,202410,3592745,34114
2022-12-16,Madera,039,155013,45389,45131,8635,53766,377
2022-12-16,Marin,041,260295,47518,47184,5515,52699,315
2022-12-16,Mariposa,043,17540,3267,3202,355,3557,32
2022-12-16,Mendocino,045,87422,16501,16396,4683,21079,136
2022-12-16,Merced,047,269075,75329,74307,12490,86797,880
2022-12-16,Modoc,049,8938,928,918,360,1278,11
2022-12-16,Mono,051,14174,3260,3251,283,3534,8
2022-12-16,Monterey,053,433212,96376,95970,22322,118292,776
2022-12-16,Napa,055,140530,33375,33212,1481,34693,162
2022-12-16,Nevada,057,99092,19776,19663,2166,21829,132
2022-12-16,Orange,059,3164182,692897,687587,71449,759036,7596
2022-12-16,Placer,061,380077,78941,78475,10071,88546,666
2022-12-16,Plumas,063,18699,3776,3769,453,4222,13
2022-12-16,Riverside,065,2383286,718410,714426,38624,753050,6694
2022-12-16,Sacramento,067,1510023,361737,359420,36646,396066,3395
2022-12-16,San Benito,069,59416,17167,17018,1058,18076,108
2022-12-16,San Bernardino,071,2135413,694911,690423,32777,723200,8136
2022-12-16,San Diego,073,3302833,957264,953029,76559,1029588,5608
2022-12-16,San Francisco,075,870044,189175,187665,12791,200456,1087
2022-12-16,San Joaquin,077,732212,204885,203845,16236,220081,2353
2022-12-16,San Luis Obispo,079,281455,64961,64540,7637,72177,533
2022-12-16,San Mateo,081,765935,177672,175963,10757,186720,748
2022-12-16,Santa Barbara,083,443738,109200,108635,7281,115916,743
2022-12-16,Santa Clara,085,1922200,459712,456121,20205,476326,2566
2022-12-16,Santa Cruz,087,273765,66658,66157,3704,69861,275
2022-12-16,Shasta,089,179085,36036,35797,8103,43900,599
2022-12-16,Sierra,091,2930,310,309,61,370,5
2022-12-16,Siskiyou,093,43540,5339,5325,3405,8730,94
2022-12-16,Solano,095,438530,110160,109297,8297,117594,472
2022-12-16,Sonoma,097,501317,110740,110159,5543,115702,533
2022-12-16,Stanislaus,099,539301,142018,141472,22360,163832,1796
2022-12-16,Sutter,101,95872,25104,25020,2502,27522,235
2022-12-16,Tehama,103,63373,14210,14104,3322,17426,218
2022-12-16,Trinity,105,12862,1447,1434,473,1907,23
2022-12-16,Tulare,107,460477,125258,124442,38610,163052,1546
2022-12-16,Tuolumne,109,53932,16358,16161,962,17123,209
2022-12-16,Ventura,111,848112,215759,214659,17025,231684,1597
2022-12-16,Yolo,113,214977,49034,48765,4689,53454,416
2022-12-16,Yuba,115,75493,19548,19482,1797,21279,132
2022-12-15,Alameda,001,1643700,366194,363758,21219,384977,2082
2022-12-15,Alpine,002,1148,139,139,2,141,0
2022-12-15,Amador,005,37829,10268,10236,955,11191,96
2022-12-15,Butte,007,227075,40933,40800,9759,50559,471
2022-12-15,Calaveras,009,45235,8804,8758,608,9366,135
2022-12-15,Colusa,011,21464,3893,3882,1320,5202,22
2022-12-15,Contra Costa,013,1133247,263477,261280,21733,283013,1491
2022-12-15,Del Norte,015,27424,7669,7586,416,8002,56
2022-12-15,El Dorado,017,186661,33703,33598,4442,38040,235
2022-12-15,Fresno,019,978130,287820,283068,33630,316698,2905
2022-12-15,Glenn,021,27897,5710,5690,1953,7643,58
2022-12-15,Humboldt,023,135768,22881,22679,5517,28196,161
2022-12-15,Imperial,025,180216,68480,68094,18149,86243,963
2022-12-15,Inyo,027,18085,4670,4649,1187,5836,60
2022-12-15,Kern,029,883053,225277,223971,68515,292486,2444
2022-12-15,Kings,031,150075,61455,61254,4344,65598,466
2022-12-15,Lake,033,64148,13297,13201,1241,14442,149
2022-12-15,Lassen,035,31185,10162,10142,1030,11172,66
2022-12-15,Los Angeles,037,10098052,3406877,3390335,202032,3592367,34114
2022-12-15,Madera,039,155013,45366,45131,8622,53753,377
2022-12-15,Marin,041,260295,47473,47184,5515,52699,315
2022-12-15,Mariposa,043,17540,3264,3202,354,3556,32
2022-12-15,Mendocino,045,87422,16492,16396,4681,21077,136
2022-12-15,Merced,047,269075,75296,74307,12489,86796,880
2022-12-15,Modoc,049,8938,928,918,360,1278,11
2022-12-15,Mono,051,14174,3259,3251,281,3532,8
2022-12-15,Monterey,053,433212,96345,95970,22297,118267,776
2022-12-15,Napa,055,140530,33347,33212,1479,34691,162
2022-12-15,Nevada,057,99092,19770,19663,2155,21818,132
2022-12-15,Orange,059,3164182,692441,687587,71307,758894,7596
2022-12-15,Placer,061,380077,78889,78475,10059,88534,666
2022-12-15,Plumas,063,18699,3775,3769,453,4222,13
2022-12-15,Riverside,065,2383286,717975,714426,38555,752981,6694
2022-12-15,Sacramento,067,1510023,361460,359420,36614,396034,3395
2022-12-15,San Benito,069,59416,17157,17018,1057,18075,108
2022-12-15,San Bernardino,071,2135413,694500,690423,32730,723153,8136
2022-12-15,San Diego,073,3302833,956578,953029,76456,1029485,5608
2022-12-15,San Francisco,075,870044,188986,187665,12777,200442,1087
2022-12-15,San Joaquin,077,732212,204759,203845,16210,220055,2353
2022-12-15,San Luis Obispo,079,281455,64916,64540,7618,72158,533
2022-12-15,San Mateo,081,765935,177535,175963,10746,186709,748
2022-12-15,Santa Barbara,083,443738,109140,108635,7274,115909,743
2022-12-15,Santa Clara,085,1922200,459300,456121,20188,476309,2566
2022-12-15,Santa Cruz,087,273765,66631,66157,3697,69854,275
2022-12-15,Shasta,089,179085,36018,35797,8093,43890,599
2022-12-15,Sierra,091,2930,310,309,61,370,5
2022-12-15,Siskiyou,093,43540,5337,5325,3403,8728,94
2022-12-15,Solano,095,438530,110073,109297,8290,117587,472
2022-12-15,Sonoma,097,501317,110689,110159,5533,115692,533
2022-12-15,Stanislaus,099,539301,141951,141472,22354,163826,1796
2022-12-15,Sutter,101,95872,25095,25020,2502,27522,235
2022-12-15,Tehama,103,63373,14201,14104,3319,17423,218
2022-12-15,Trinity,105,12862,1447,1434,472,1906,23
2022-12-15,Tulare,107,460477,125208,124442,38564,163006,1546
2022-12-15,Tuolumne,109,53932,16347,16161,960,17121,209
2022-12-15,Ventura,111,848112,215616,214659,17001,231660,1597
2022-12-15,Yolo,113,214977,49006,48765,4687,53452,416
2022-12-15,Yuba,115,75493,19537,19482,1796,21278,132
2022-12-14,Alameda,001,1643700,365858,363758,21177,384935,2082
2022-12-14,Alpine,002,1148,139,139,2,141,0
2022-12-14,Amador,005,37829,10266,10236,954,11190,96
2022-12-14,Butte,007,227075,40919,40800,9739,50539,471
2022-12-14,Calaveras,009,45235,8798,8758,608,9366,135
2022-12-14,Colusa,011,21464,3889,3882,1320,5202,22
2022-12-14,Contra Costa,013,1133247,263264,261280,21708,282988,1491
2022-12-14,Del Norte,015,27424,7664,7586,414,8000,56
2022-12-14,El Dorado,017,186661,33685,33598,4440,38038,235
2022-12-14,Fresno,019,978130,287634,283068,33591,316659,2905
2022-12-14,Glenn,021,27897,5707,5690,1953,7643,58
2022-12-14,Humboldt,023,135768,22861,22679,5510,28189,161
2022-12-14,Imperial,025,180216,68430,68094,18107,86201,963
2022-12-14,Inyo,027,18085,4668,4649,1182,5831,60
2022-12-14,Kern,029,883053,225102,223971,68422,292393,2444
2022-12-14,Kings,031,150075,61419,61254,4341,65595,466
2022-12-14,Lake,033,64148,13286,13201,1239,14440,149
2022-12-14,Lassen,035,31185,10161,10142,1030,11172,66
2022-12-14,Los Angeles,037,10098052,3404508,3390335,201563,3591898,34114
2022-12-14,Madera,039,155013,45338,45131,8616,53747,377
2022-12-14,Marin,041,260295,47435,47184,5512,52696,315
2022-12-14,Mariposa,043,17540,3260,3202,354,3556,32
2022-12-14,Mendocino,045,87422,16486,16396,4680,21076,136
2022-12-14,Merced,047,269075,75257,74307,12472,86779,880
2022-12-14,Modoc,049,8938,928,918,360,1278,11
2022-12-14,Mono,051,14174,3259,3251,280,3531,8
2022-12-14,Monterey,053,433212,96318,95970,22261,118231,776
2022-12-14,Napa,055,140530,33329,33212,1478,34690,162
2022-12-14,Nevada,057,99092,19760,19663,2152,21815,132
2022-12-14,Orange,059,3164182,691941,687587,71149,758736,7596
2022-12-14,Placer,061,380077,78826,78475,10053,88528,666
2022-12-14,Plumas,063,18699,3775,3769,452,4221,13
2022-12-14,Riverside,065,2383286,717551,714426,38483,752909,6694
2022-12-14,Sacramento,067,1510023,361206,359420,36577,395997,3395
2022-12-14,San Benito,069,59416,17145,17018,1056,18074,108
2022-12-14,San Bernardino,071,2135413,694017,690423,32677,723100,8136
2022-12-14,San Diego,073,3302833,955810,953029,76339,1029368,5608
2022-12-14,San Francisco,075,870044,188833,187665,12773,200438,1087
2022-12-14,San Joaquin,077,732212,204611,203845,16196,220041,2353
2022-12-14,San Luis Obispo,079,281455,64881,64540,7594,72134,533
2022-12-14,San Mateo,081,765935,177384,175963,10736,186699,748
2022-12-14,Santa Barbara,083,443738,109060,108635,7265,115900,743
2022-12-14,Santa Clara,085,1922200,458906,456121,20166,476287,2566
2022-12-14,Santa Cruz,087,273765,66599,66157,3694,69851,275
2022-12-14,Shasta,089,179085,35989,35797,8084,43881,599
2022-12-14,Sierra,091,2930,310,309,61,370,5
2022-12-14,Siskiyou,093,43540,5336,5325,3402,8727,94
2022-12-14,Solano,095,438530,109985,109297,8279,117576,472
2022-12-14,Sonoma,097,501317,110629,110159,5523,115682,533
2022-12-14,Stanislaus,099,539301,141871,141472,22333,163805,1796
2022-12-14,Sutter,101,95872,25087,25020,2502,27522,235
2022-12-14,Tehama,103,63373,14189,14104,3316,17420,218
2022-12-14,Trinity,105,12862,1447,1434,467,1901,23
2022-12-14,Tulare,107,460477,125144,124442,38516,162958,1546
2022-12-14,Tuolumne,109,53932,16329,16161,959,17120,209
2022-12-14,Ventura,111,848112,215462,214659,16982,231641,1597
2022-12-14,Yolo,113,214977,48980,48765,4676,53441,416
2022-12-14,Yuba,115,75493,19524,19482,1795,21277,132
2022-12-13,Alameda,001,1643700,365465,363758,21134,384892,2082
2022-12-13,Alpine,002,1148,139,139,2,141,0
2022-12-13,Amador,005,37829,10262,10236,954,11190,96
2022-12-13,Butte,007,227075,40889,40800,9726,50526,471
2022-12-13,Calaveras,009,45235,8795,8758,608,9366,135
2022-12-13,Colusa,011,21464,3886,3882,1320,5202,22
2022-12-13,Contra Costa,013,1133247,262992,261280,21686,282966,1491
2022-12-13,Del Norte,015,27424,7659,7586,414,8000,56
2022-12-13,El Dorado,017,186661,33651,33598,4436,38034,235
2022-12-13,Fresno,019,978130,287458,283068,33560,316628,2905
2022-12-13,Glenn,021,27897,5705,5690,1952,7642,58
2022-12-13,Humboldt,023,135768,22837,22679,5504,28183,161
2022-12-13,Imperial,025,180216,68386,68094,18058,86152,963
2022-12-13,Inyo,027,18085,4666,4649,1178,5827,60
2022-12-13,Kern,029,883053,224972,223971,68302,292273,2444
2022-12-13,Kings,031,150075,61378,61254,4334,65588,466
2022-12-13,Lake,033,64148,13273,13201,1239,14440,149
2022-12-13,Lassen,035,31185,10161,10142,1030,11172,66
2022-12-13,Los Angeles,037,10098052,3401941,3390335,201120,3591455,34114
2022-12-13,Madera,039,155013,45308,45131,8602,53733,377
2022-12-13,Marin,041,260295,47395,47184,5509,52693,315
2022-12-13,Mariposa,043,17540,3255,3202,354,3556,32
2022-12-13,Mendocino,045,87422,16481,16396,4671,21067,136
2022-12-13,Merced,047,269075,75206,74307,12466,86773,880
2022-12-13,Modoc,049,8938,926,918,358,1276,11
2022-12-13,Mono,051,14174,3258,3251,280,3531,8
2022-12-13,Monterey,053,433212,96273,95970,22238,118208,776
2022-12-13,Napa,055,140530,33311,33212,1478,34690,162
2022-12-13,Nevada,057,99092,19752,19663,2138,21801,132
2022-12-13,Orange,059,3164182,691395,687587,71015,758602,7596
2022-12-13,Placer,061,380077,78753,78475,10044,88519,666
2022-12-13,Plumas,063,18699,3772,3769,452,4221,13
2022-12-13,Riverside,065,2383286,717031,714426,38420,752846,6694
2022-12-13,Sacramento,067,1510023,360896,359420,36534,395954,3395
2022-12-13,San Benito,069,59416,17127,17018,1054,18072,108
2022-12-13,San Bernardino,071,2135413,693496,690423,32639,723062,8136
2022-12-13,San Diego,073,3302833,955049,953029,76230,1029259,5608
2022-12-13,San Francisco,075,870044,188638,187665,12767,200432,1087
2022-12-13,San Joaquin,077,732212,204458,203845,16162,220007,2353
2022-12-13,San Luis Obispo,079,281455,64831,64540,7579,72119,533
2022-12-13,San Mateo,081,765935,177250,175963,10728,186691,748
2022-12-13,Santa Barbara,083,443738,108980,108635,7257,115892,743
2022-12-13,Santa Clara,085,1922200,458459,456121,20140,476261,2566
2022-12-13,Santa Cruz,087,273765,66563,66157,3689,69846,275
2022-12-13,Shasta,089,179085,35973,35797,8072,43869,599
2022-12-13,Sierra,091,2930,310,309,61,370,5
2022-12-13,Siskiyou,093,43540,5336,5325,3399,8724,94
2022-12-13,Solano,095,438530,109884,109297,8274,117571,472
2022-12-13,Sonoma,097,501317,110566,110159,5516,115675,533
2022-12-13,Stanislaus,099,539301,141803,141472,22313,163785,1796
2022-12-13,Sutter,101,95872,25072,25020,2501,27521,235
2022-12-13,Tehama,103,63373,14176,14104,3312,17416,218
2022-12-13,Trinity,105,12862,1447,1434,464,1898,23
2022-12-13,Tulare,107,460477,125085,124442,38466,162908,1546
2022-12-13,Tuolumne,109,53932,16317,16161,959,17120,209
2022-12-13,Ventura,111,848112,215327,214659,16947,231606,1597
2022-12-13,Yolo,113,214977,48957,48765,4669,53434,416
2022-12-13,Yuba,115,75493,19516,19482,1793,21275,132
2022-12-12,Alameda,001,1643700,365052,360943,21090,382033,2081
2022-12-12,Alpine,002,1148,139,139,2,141,0
2022-12-12,Amador,005,37829,10254,10196,952,11148,96
2022-12-12,Butte,007,227075,40867,40598,9715,50313,470
2022-12-12,Calaveras,009,45235,8791,8727,606,9333,135
2022-12-12,Colusa,011,21464,3885,3869,1320,5189,22
2022-12-12,Contra Costa,013,1133247,262705,259434,21658,281092,1487
2022-12-12,Del Norte,015,27424,7652,7563,413,7976,56
2022-12-12,El Dorado,017,186661,33626,33447,4432,37879,235
2022-12-12,Fresno,019,978130,287241,281598,33508,315106,2899
2022-12-12,Glenn,021,27897,5697,5668,1952,7620,58
2022-12-12,Humboldt,023,135768,22821,22566,5497,28063,161
2022-12-12,Imperial,025,180216,68328,67632,18015,85647,962
2022-12-12,Inyo,027,18085,4664,4627,1171,5798,60
2022-12-12,Kern,029,883053,224804,222985,68189,291174,2437
2022-12-12,Kings,031,150075,61331,60965,4331,65296,464
2022-12-12,Lake,033,64148,13265,13140,1238,14378,149
2022-12-12,Lassen,035,31185,10161,10128,1029,11157,66
2022-12-12,Los Angeles,037,10098052,3399160,3370904,200679,3571583,34009
2022-12-12,Madera,039,155013,45276,44902,8595,53497,379
2022-12-12,Marin,041,260295,47354,46842,5503,52345,315
2022-12-12,Mariposa,043,17540,3248,3190,354,3544,32
2022-12-12,Mendocino,045,87422,16469,16350,4669,21019,136
2022-12-12,Merced,047,269075,75149,73999,12451,86450,877
2022-12-12,Modoc,049,8938,920,908,354,1262,11
2022-12-12,Mono,051,14174,3258,3238,280,3518,8
2022-12-12,Monterey,053,433212,96240,95709,22210,117919,776
2022-12-12,Napa,055,140530,33280,33043,1477,34520,164
2022-12-12,Nevada,057,99092,19736,19565,2133,21698,132
2022-12-12,Orange,059,3164182,690810,684112,70860,754972,7576
2022-12-12,Placer,061,380077,78722,78117,10032,88149,665
2022-12-12,Plumas,063,18699,3772,3762,452,4214,13
2022-12-12,Riverside,065,2383286,716521,710833,38334,749167,6697
2022-12-12,Sacramento,067,1510023,360602,357413,36483,393896,3382
2022-12-12,San Benito,069,59416,17097,16829,1050,17879,108
2022-12-12,San Bernardino,071,2135413,692913,686731,32589,719320,8135
2022-12-12,San Diego,073,3302833,954170,948180,76108,1024288,5584
2022-12-12,San Francisco,075,870044,188438,186203,12759,198962,1081
2022-12-12,San Joaquin,077,732212,204349,202515,16134,218649,2354
2022-12-12,San Luis Obispo,079,281455,64797,64350,7563,71913,533
2022-12-12,San Mateo,081,765935,177085,174791,10722,185513,749
2022-12-12,Santa Barbara,083,443738,108922,108151,7248,115399,739
2022-12-12,Santa Clara,085,1922200,457921,448654,20110,468764,2565
2022-12-12,Santa Cruz,087,273765,66475,65656,3685,69341,275
2022-12-12,Shasta,089,179085,35955,35666,8061,43727,598
2022-12-12,Sierra,091,2930,310,308,61,369,5
2022-12-12,Siskiyou,093,43540,5331,5442,3396,8838,95
2022-12-12,Solano,095,438530,109768,108649,8263,116912,473
2022-12-12,Sonoma,097,501317,110458,109622,5507,115129,531
2022-12-12,Stanislaus,099,539301,141726,140827,22303,163130,1785
2022-12-12,Sutter,101,95872,25056,24906,2501,27407,234
2022-12-12,Tehama,103,63373,14167,14004,3306,17310,218
2022-12-12,Trinity,105,12862,1445,1431,463,1894,23
2022-12-12,Tulare,107,460477,125009,123976,38415,162391,1546
2022-12-12,Tuolumne,109,53932,16303,16054,959,17013,208
2022-12-12,Ventura,111,848112,215185,213720,16924,230644,1598
2022-12-12,Yolo,113,214977,48932,48547,4654,53201,416
2022-12-12,Yuba,115,75493,19504,19399,1788,21187,132
2022-12-11,Alameda,001,1643700,364617,360943,21044,381987,2081
2022-12-11,Alpine,002,1148,139,139,2,141,0
2022-12-11,Amador,005,37829,10252,10196,951,11147,96
2022-12-11,Butte,007,227075,40840,40598,9709,50307,470
2022-12-11,Calaveras,009,45235,8781,8727,603,9330,135
2022-12-11,Colusa,011,21464,3884,3869,1319,5188,22
2022-12-11,Contra Costa,013,1133247,262352,259434,21622,281056,1487
2022-12-11,Del Norte,015,27424,7644,7563,412,7975,56
2022-12-11,El Dorado,017,186661,33603,33447,4429,37876,235
2022-12-11,Fresno,019,978130,286992,281598,33448,315046,2899
2022-12-11,Glenn,021,27897,5695,5668,1947,7615,58
2022-12-11,Humboldt,023,135768,22807,22566,5482,28048,161
2022-12-11,Imperial,025,180216,68253,67632,17921,85553,962
2022-12-11,Inyo,027,18085,4663,4627,1165,5792,60
2022-12-11,Kern,029,883053,224588,222985,68069,291054,2437
2022-12-11,Kings,031,150075,61298,60965,4325,65290,464
2022-12-11,Lake,033,64148,13258,13140,1238,14378,149
2022-12-11,Lassen,035,31185,10158,10128,1027,11155,66
2022-12-11,Los Angeles,037,10098052,3395942,3370904,200120,3571024,34009
2022-12-11,Madera,039,155013,45234,44902,8585,53487,379
2022-12-11,Marin,041,260295,47292,46842,5499,52341,315
2022-12-11,Mariposa,043,17540,3247,3190,353,3543,32
2022-12-11,Mendocino,045,87422,16458,16350,4660,21010,136
2022-12-11,Merced,047,269075,75084,73999,12424,86423,877
2022-12-11,Modoc,049,8938,920,908,354,1262,11
2022-12-11,Mono,051,14174,3257,3238,279,3517,8
2022-12-11,Monterey,053,433212,96178,95709,22185,117894,776
2022-12-11,Napa,055,140530,33241,33043,1472,34515,164
2022-12-11,Nevada,057,99092,19720,19565,2125,21690,132
2022-12-11,Orange,059,3164182,690153,684112,70661,754773,7576
2022-12-11,Placer,061,380077,78666,78117,10020,88137,665
2022-12-11,Plumas,063,18699,3770,3762,452,4214,13
2022-12-11,Riverside,065,2383286,715959,710833,38212,749045,6697
2022-12-11,Sacramento,067,1510023,360262,357413,36416,393829,3382
2022-12-11,San Benito,069,59416,17087,16829,1050,17879,108
2022-12-11,San Bernardino,071,2135413,692262,686731,32538,719269,8135
2022-12-11,San Diego,073,3302833,953289,948180,75934,1024114,5584
2022-12-11,San Francisco,075,870044,188164,186203,12737,198940,1081
2022-12-11,San Joaquin,077,732212,204157,202515,16098,218613,2354
2022-12-11,San Luis Obispo,079,281455,64739,64350,7542,71892,533
2022-12-11,San Mateo,081,765935,176882,174791,10714,185505,749
2022-12-11,Santa Barbara,083,443738,108811,108151,7222,115373,739
2022-12-11,Santa Clara,085,1922200,457297,448654,20063,468717,2565
2022-12-11,Santa Cruz,087,273765,66357,65656,3682,69338,275
2022-12-11,Shasta,089,179085,35938,35666,8040,43706,598
2022-12-11,Sierra,091,2930,310,308,61,369,5
2022-12-11,Siskiyou,093,43540,5327,5442,3393,8835,95
2022-12-11,Solano,095,438530,109638,108649,8257,116906,473
2022-12-11,Sonoma,097,501317,110328,109622,5497,115119,531
2022-12-11,Stanislaus,099,539301,141617,140827,22281,163108,1785
2022-12-11,Sutter,101,95872,25039,24906,2500,27406,234
2022-12-11,Tehama,103,63373,14153,14004,3298,17302,218
2022-12-11,Trinity,105,12862,1444,1431,462,1893,23
2022-12-11,Tulare,107,460477,124908,123976,38367,162343,1546
2022-12-11,Tuolumne,109,53932,16287,16054,958,17012,208
2022-12-11,Ventura,111,848112,215021,213720,16883,230603,1598
2022-12-11,Yolo,113,214977,48907,48547,4644,53191,416
2022-12-11,Yuba,115,75493,19486,19399,1784,21183,132
2022-12-10,Alameda,001,1643700,364370,360943,21011,381954,2081
2022-12-10,Alpine,002,1148,139,139,2,141,0
2022-12-10,Amador,005,37829,10248,10196,951,11147,96
2022-12-10,Butte,007,227075,40826,40598,9701,50299,470
2022-12-10,Calaveras,009,45235,8776,8727,601,9328,135
2022-12-10,Colusa,011,21464,3883,3869,1319,5188,22
2022-12-10,Contra Costa,013,1133247,262177,259434,21613,281047,1487
2022-12-10,Del Norte,015,27424,7639,7563,412,7975,56
2022-12-10,El Dorado,017,186661,33588,33447,4429,37876,235
2022-12-10,Fresno,019,978130,286881,281598,33435,315033,2899
2022-12-10,Glenn,021,27897,5694,5668,1946,7614,58
2022-12-10,Humboldt,023,135768,22790,22566,5474,28040,161
2022-12-10,Imperial,025,180216,68233,67632,17914,85546,962
2022-12-10,Inyo,027,18085,4659,4627,1161,5788,60
2022-12-10,Kern,029,883053,224495,222985,67996,290981,2437
2022-12-10,Kings,031,150075,61287,60965,4325,65290,464
2022-12-10,Lake,033,64148,13253,13140,1238,14378,149
2022-12-10,Lassen,035,31185,10157,10128,1027,11155,66
2022-12-10,Los Angeles,037,10098052,3394479,3370904,199854,3570758,34009
2022-12-10,Madera,039,155013,45221,44902,8582,53484,379
2022-12-10,Marin,041,260295,47261,46842,5495,52337,315
2022-12-10,Mariposa,043,17540,3247,3190,353,3543,32
2022-12-10,Mendocino,045,87422,16453,16350,4659,21009,136
2022-12-10,Merced,047,269075,75059,73999,12417,86416,877
2022-12-10,Modoc,049,8938,920,908,354,1262,11
2022-12-10,Mono,051,14174,3256,3238,279,3517,8
2022-12-10,Monterey,053,433212,96146,95709,22171,117880,776
2022-12-10,Napa,055,140530,33228,33043,1472,34515,164
2022-12-10,Nevada,057,99092,19714,19565,2123,21688,132
2022-12-10,Orange,059,3164182,689864,684112,70550,754662,7576
2022-12-10,Placer,061,380077,78624,78117,10015,88132,665
2022-12-10,Plumas,063,18699,3768,3762,452,4214,13
2022-12-10,Riverside,065,2383286,715637,710833,38159,748992,6697
2022-12-10,Sacramento,067,1510023,360117,357413,36401,393814,3382
2022-12-10,San Benito,069,59416,17069,16829,1048,17877,108
2022-12-10,San Bernardino,071,2135413,691938,686731,32511,719242,8135
2022-12-10,San Diego,073,3302833,952924,948180,75884,1024064,5584
2022-12-10,San Francisco,075,870044,188014,186203,12733,198936,1081
2022-12-10,San Joaquin,077,732212,204072,202515,16078,218593,2354
2022-12-10,San Luis Obispo,079,281455,64719,64350,7536,71886,533
2022-12-10,San Mateo,081,765935,176771,174791,10707,185498,749
2022-12-10,Santa Barbara,083,443738,108761,108151,7212,115363,739
2022-12-10,Santa Clara,085,1922200,456996,448654,20048,468702,2565
2022-12-10,Santa Cruz,087,273765,66323,65656,3678,69334,275
2022-12-10,Shasta,089,179085,35928,35666,8037,43703,598
2022-12-10,Sierra,091,2930,310,308,61,369,5
2022-12-10,Siskiyou,093,43540,5326,5442,3393,8835,95
2022-12-10,Solano,095,438530,109613,108649,8251,116900,473
2022-12-10,Sonoma,097,501317,110287,109622,5497,115119,531
2022-12-10,Stanislaus,099,539301,141561,140827,22267,163094,1785
2022-12-10,Sutter,101,95872,25029,24906,2500,27406,234
2022-12-10,Tehama,103,63373,14148,14004,3297,17301,218
2022-12-10,Trinity,105,12862,1443,1431,462,1893,23
2022-12-10,Tulare,107,460477,124862,123976,38342,162318,1546
2022-12-10,Tuolumne,109,53932,16248,16054,957,17011,208
2022-12-10,Ventura,111,848112,214939,213720,16863,230583,1598
2022-12-10,Yolo,113,214977,48885,48547,4634,53181,416
2022-12-10,Yuba,115,75493,19479,19399,1779,21178,132
2022-12-09,Alameda,001,1643700,364090,360943,20983,381926,2081
2022-12-09,Alpine,002,1148,139,139,2,141,0
2022-12-09,Amador,005,37829,10244,10196,950,11146,96
2022-12-09,Butte,007,227075,40811,40598,9691,50289,470
2022-12-09,Calaveras,009,45235,8771,8727,599,9326,135
2022-12-09,Colusa,011,21464,3879,3869,1319,5188,22
2022-12-09,Contra Costa,013,1133247,262024,259434,21601,281035,1487
2022-12-09,Del Norte,015,27424,7635,7563,412,7975,56
2022-12-09,El Dorado,017,186661,33574,33447,4427,37874,235
2022-12-09,Fresno,019,978130,286737,281598,33383,314981,2899
2022-12-09,Glenn,021,27897,5693,5668,1945,7613,58
2022-12-09,Humboldt,023,135768,22782,22566,5470,28036,161
2022-12-09,Imperial,025,180216,68199,67632,17909,85541,962
2022-12-09,Inyo,027,18085,4658,4627,1159,5786,60
2022-12-09,Kern,029,883053,224399,222985,67933,290918,2437
2022-12-09,Kings,031,150075,61263,60965,4325,65290,464
2022-12-09,Lake,033,64148,13248,13140,1238,14378,149
2022-12-09,Lassen,035,31185,10156,10128,1027,11155,66
2022-12-09,Los Angeles,037,10098052,3392764,3370904,199533,3570437,34009
2022-12-09,Madera,039,155013,45199,44902,8574,53476,379
2022-12-09,Marin,041,260295,47239,46842,5489,52331,315
2022-12-09,Mariposa,043,17540,3246,3190,353,3543,32
2022-12-09,Mendocino,045,87422,16446,16350,4659,21009,136
2022-12-09,Merced,047,269075,75019,73999,12411,86410,877
2022-12-09,Modoc,049,8938,920,908,354,1262,11
2022-12-09,Mono,051,14174,3255,3238,279,3517,8
2022-12-09,Monterey,053,433212,96120,95709,22165,117874,776
2022-12-09,Napa,055,140530,33215,33043,1471,34514,164
2022-12-09,Nevada,057,99092,19707,19565,2120,21685,132
2022-12-09,Orange,059,3164182,689512,684112,70430,754542,7576
2022-12-09,Placer,061,380077,78599,78117,10011,88128,665
2022-12-09,Plumas,063,18699,3767,3762,452,4214,13
2022-12-09,Riverside,065,2383286,715322,710833,38101,748934,6697
2022-12-09,Sacramento,067,1510023,359908,357413,36391,393804,3382
2022-12-09,San Benito,069,59416,17060,16829,1047,17876,108
2022-12-09,San Bernardino,071,2135413,691611,686731,32474,719205,8135
2022-12-09,San Diego,073,3302833,952485,948180,75830,1024010,5584
2022-12-09,San Francisco,075,870044,187899,186203,12719,198922,1081
2022-12-09,San Joaquin,077,732212,203984,202515,16067,218582,2354
2022-12-09,San Luis Obispo,079,281455,64704,64350,7533,71883,533
2022-12-09,San Mateo,081,765935,176655,174791,10700,185491,749
2022-12-09,Santa Barbara,083,443738,108717,108151,7210,115361,739
2022-12-09,Santa Clara,085,1922200,456671,448654,20018,468672,2565
2022-12-09,Santa Cruz,087,273765,66251,65656,3678,69334,275
2022-12-09,Shasta,089,179085,35919,35666,8031,43697,598
2022-12-09,Sierra,091,2930,310,308,61,369,5
2022-12-09,Siskiyou,093,43540,5325,5442,3392,8834,95
2022-12-09,Solano,095,438530,109548,108649,8243,116892,473
2022-12-09,Sonoma,097,501317,110233,109622,5494,115116,531
2022-12-09,Stanislaus,099,539301,141487,140827,22255,163082,1785
2022-12-09,Sutter,101,95872,25019,24906,2500,27406,234
2022-12-09,Tehama,103,63373,14141,14004,3296,17300,218
2022-12-09,Trinity,105,12862,1443,1431,462,1893,23
2022-12-09,Tulare,107,460477,124818,123976,38307,162283,1546
2022-12-09,Tuolumne,109,53932,16232,16054,957,17011,208
2022-12-09,Ventura,111,848112,214852,213720,16844,230564,1598
2022-12-09,Yolo,113,214977,48871,48547,4624,53171,416
2022-12-09,Yuba,115,75493,19472,19399,1778,21177,132
2022-12-08,Alameda,001,1643700,363674,360943,20930,381873,2081
2022-12-08,Alpine,002,1148,139,139,2,141,0
2022-12-08,Amador,005,37829,10238,10196,950,11146,96
2022-12-08,Butte,007,227075,40784,40598,9672,50270,470
2022-12-08,Calaveras,009,45235,8767,8727,598,9325,135
2022-12-08,Colusa,011,21464,3875,3869,1319,5188,22
2022-12-08,Contra Costa,013,1133247,261789,259434,21584,281018,1487
2022-12-08,Del Norte,015,27424,7632,7563,412,7975,56
2022-12-08,El Dorado,017,186661,33549,33447,4426,37873,235
2022-12-08,Fresno,019,978130,286528,281598,33333,314931,2899
2022-12-08,Glenn,021,27897,5687,5668,1942,7610,58
2022-12-08,Humboldt,023,135768,22768,22566,5462,28028,161
2022-12-08,Imperial,025,180216,68125,67632,17872,85504,962
2022-12-08,Inyo,027,18085,4652,4627,1158,5785,60
2022-12-08,Kern,029,883053,224279,222985,67859,290844,2437
2022-12-08,Kings,031,150075,61224,60965,4324,65289,464
2022-12-08,Lake,033,64148,13234,13140,1238,14378,149
2022-12-08,Lassen,035,31185,10154,10128,1027,11155,66
2022-12-08,Los Angeles,037,10098052,3390251,3370904,199113,3570017,34009
2022-12-08,Madera,039,155013,45178,44902,8571,53473,379
2022-12-08,Marin,041,260295,47187,46842,5480,52322,315
2022-12-08,Mariposa,043,17540,3239,3190,353,3543,32
2022-12-08,Mendocino,045,87422,16440,16350,4658,21008,136
2022-12-08,Merced,047,269075,74992,73999,12399,86398,877
2022-12-08,Modoc,049,8938,920,908,354,1262,11
2022-12-08,Mono,051,14174,3254,3238,279,3517,8
2022-12-08,Monterey,053,433212,96092,95709,22137,117846,776
2022-12-08,Napa,055,140530,33183,33043,1470,34513,164
2022-12-08,Nevada,057,99092,19688,19565,2118,21683,132
2022-12-08,Orange,059,3164182,689040,684112,70285,754397,7576
2022-12-08,Placer,061,380077,78547,78117,10005,88122,665
2022-12-08,Plumas,063,18699,3767,3762,452,4214,13
2022-12-08,Riverside,065,2383286,714844,710833,38027,748860,6697
2022-12-08,Sacramento,067,1510023,359605,357413,36329,393742,3382
2022-12-08,San Benito,069,59416,17051,16829,1047,17876,108
2022-12-08,San Bernardino,071,2135413,691062,686731,32427,719158,8135
2022-12-08,San Diego,073,3302833,951841,948180,75712,1023892,5584
2022-12-08,San Francisco,075,870044,187691,186203,12696,198899,1081
2022-12-08,San Joaquin,077,732212,203851,202515,16045,218560,2354
2022-12-08,San Luis Obispo,079,281455,64672,64350,7518,71868,533
2022-12-08,San Mateo,081,765935,176493,174791,10694,185485,749
2022-12-08,Santa Barbara,083,443738,108645,108151,7207,115358,739
2022-12-08,Santa Clara,085,1922200,456172,448654,19987,468641,2565
2022-12-08,Santa Cruz,087,273765,66223,65656,3675,69331,275
2022-12-08,Shasta,089,179085,35906,35666,8027,43693,598
2022-12-08,Sierra,091,2930,310,308,61,369,5
2022-12-08,Siskiyou,093,43540,5322,5442,3391,8833,95
2022-12-08,Solano,095,438530,109442,108649,8238,116887,473
2022-12-08,Sonoma,097,501317,110153,109622,5490,115112,531
2022-12-08,Stanislaus,099,539301,141405,140827,22230,163057,1785
2022-12-08,Sutter,101,95872,24996,24906,2497,27403,234
2022-12-08,Tehama,103,63373,14129,14004,3293,17297,218
2022-12-08,Trinity,105,12862,1442,1431,460,1891,23
2022-12-08,Tulare,107,460477,124776,123976,38256,162232,1546
2022-12-08,Tuolumne,109,53932,16209,16054,957,17011,208
2022-12-08,Ventura,111,848112,214728,213720,16808,230528,1598
2022-12-08,Yolo,113,214977,48829,48547,4621,53168,416
2022-12-08,Yuba,115,75493,19461,19399,1775,21174,132
2022-12-07,Alameda,001,1643700,363286,360943,20879,381822,2081
2022-12-07,Alpine,002,1148,139,139,2,141,0
2022-12-07,Amador,005,37829,10235,10196,950,11146,96
2022-12-07,Butte,007,227075,40752,40598,9657,50255,470
2022-12-07,Calaveras,009,45235,8762,8727,597,9324,135
2022-12-07,Colusa,011,21464,3875,3869,1319,5188,22
2022-12-07,Contra Costa,013,1133247,261553,259434,21553,280987,1487
2022-12-07,Del Norte,015,27424,7630,7563,412,7975,56
2022-12-07,El Dorado,017,186661,33523,33447,4422,37869,235
2022-12-07,Fresno,019,978130,286265,281598,33285,314883,2899
2022-12-07,Glenn,021,27897,5686,5668,1942,7610,58
2022-12-07,Humboldt,023,135768,22752,22566,5447,28013,161
2022-12-07,Imperial,025,180216,68055,67632,17801,85433,962
2022-12-07,Inyo,027,18085,4648,4627,1133,5760,60
2022-12-07,Kern,029,883053,224152,222985,67754,290739,2437
2022-12-07,Kings,031,150075,61181,60965,4320,65285,464
2022-12-07,Lake,033,64148,13226,13140,1238,14378,149
2022-12-07,Lassen,035,31185,10153,10128,1027,11155,66
2022-12-07,Los Angeles,037,10098052,3387565,3370904,198601,3569505,34009
2022-12-07,Madera,039,155013,45132,44902,8567,53469,379
2022-12-07,Marin,041,260295,47144,46842,5474,52316,315
2022-12-07,Mariposa,043,17540,3236,3190,353,3543,32
2022-12-07,Mendocino,045,87422,16436,16350,4653,21003,136
2022-12-07,Merced,047,269075,74942,73999,12366,86365,877
2022-12-07,Modoc,049,8938,919,908,354,1262,11
2022-12-07,Mono,051,14174,3252,3238,279,3517,8
2022-12-07,Monterey,053,433212,96053,95709,22109,117818,776
2022-12-07,Napa,055,140530,33164,33043,1466,34509,164
2022-12-07,Nevada,057,99092,19671,19565,2109,21674,132
2022-12-07,Orange,059,3164182,688518,684112,70116,754228,7576
2022-12-07,Placer,061,380077,78501,78117,10001,88118,665
2022-12-07,Plumas,063,18699,3766,3762,452,4214,13
2022-12-07,Riverside,065,2383286,714291,710833,37953,748786,6697
2022-12-07,Sacramento,067,1510023,359353,357413,36279,393692,3382
2022-12-07,San Benito,069,59416,17028,16829,1043,17872,108
2022-12-07,San Bernardino,071,2135413,690529,686731,32357,719088,8135
2022-12-07,San Diego,073,3302833,951029,948180,75595,1023775,5584
2022-12-07,San Francisco,075,870044,187486,186203,12685,198888,1081
2022-12-07,San Joaquin,077,732212,203689,202515,16015,218530,2354
2022-12-07,San Luis Obispo,079,281455,64646,64350,7498,71848,533
2022-12-07,San Mateo,081,765935,176330,174791,10687,185478,749
2022-12-07,Santa Barbara,083,443738,108563,108151,7199,115350,739
2022-12-07,Santa Clara,085,1922200,455724,448654,19955,468609,2565
2022-12-07,Santa Cruz,087,273765,66129,65656,3665,69321,275
2022-12-07,Shasta,089,179085,35886,35666,8016,43682,598
2022-12-07,Sierra,091,2930,310,308,61,369,5
2022-12-07,Siskiyou,093,43540,5320,5442,3391,8833,95
2022-12-07,Solano,095,438530,109345,108649,8231,116880,473
2022-12-07,Sonoma,097,501317,110081,109622,5488,115110,531
2022-12-07,Stanislaus,099,539301,141343,140827,22209,163036,1785
2022-12-07,Sutter,101,95872,24981,24906,2497,27403,234
2022-12-07,Tehama,103,63373,14120,14004,3290,17294,218
2022-12-07,Trinity,105,12862,1442,1431,459,1890,23
2022-12-07,Tulare,107,460477,124722,123976,38221,162197,1546
2022-12-07,Tuolumne,109,53932,16198,16054,957,17011,208
2022-12-07,Ventura,111,848112,214604,213720,16783,230503,1598
2022-12-07,Yolo,113,214977,48798,48547,4619,53166,416
2022-12-07,Yuba,115,75493,19455,19399,1773,21172,132
2022-12-06,Alameda,001,1643700,362818,360943,20846,381789,2081
2022-12-06,Alpine,002,1148,139,139,2,141,0
2022-12-06,Amador,005,37829,10227,10196,949,11145,96
2022-12-06,Butte,007,227075,40723,40598,9646,50244,470
2022-12-06,Calaveras,009,45235,8756,8727,595,9322,135
2022-12-06,Colusa,011,21464,3874,3869,1319,5188,22
2022-12-06,Contra Costa,013,1133247,261239,259434,21522,280956,1487
2022-12-06,Del Norte,015,27424,7626,7563,412,7975,56
2022-12-06,El Dorado,017,186661,33497,33447,4420,37867,235
2022-12-06,Fresno,019,978130,286039,281598,33230,314828,2899
2022-12-06,Glenn,021,27897,5683,5668,1937,7605,58
2022-12-06,Humboldt,023,135768,22730,22566,5437,28003,161
2022-12-06,Imperial,025,180216,67976,67632,17735,85367,962
2022-12-06,Inyo,027,18085,4645,4627,1129,5756,60
2022-12-06,Kern,029,883053,224048,222985,67641,290626,2437
2022-12-06,Kings,031,150075,61139,60965,4315,65280,464
2022-12-06,Lake,033,64148,13219,13140,1238,14378,149
2022-12-06,Lassen,035,31185,10151,10128,1026,11154,66
2022-12-06,Los Angeles,037,10098052,3384687,3370904,198028,3568932,34009
2022-12-06,Madera,039,155013,45108,44902,8539,53441,379
2022-12-06,Marin,041,260295,47097,46842,5469,52311,315
2022-12-06,Mariposa,043,17540,3236,3190,353,3543,32
2022-12-06,Mendocino,045,87422,16428,16350,4651,21001,136
2022-12-06,Merced,047,269075,74885,73999,12344,86343,877
2022-12-06,Modoc,049,8938,916,908,353,1261,11
2022-12-06,Mono,051,14174,3251,3238,279,3517,8
2022-12-06,Monterey,053,433212,96020,95709,22082,117791,776
2022-12-06,Napa,055,140530,33141,33043,1465,34508,164
2022-12-06,Nevada,057,99092,19656,19565,2100,21665,132
2022-12-06,Orange,059,3164182,687966,684112,69935,754047,7576
2022-12-06,Placer,061,380077,78439,78117,9989,88106,665
2022-12-06,Plumas,063,18699,3766,3762,452,4214,13
2022-12-06,Riverside,065,2383286,713785,710833,37844,748677,6697
2022-12-06,Sacramento,067,1510023,359089,357413,36247,393660,3382
2022-12-06,San Benito,069,59416,17009,16829,1039,17868,108
2022-12-06,San Bernardino,071,2135413,689955,686731,32301,719032,8135
2022-12-06,San Diego,073,3302833,950195,948180,75451,1023631,5584
2022-12-06,San Francisco,075,870044,187260,186203,12676,198879,1081
2022-12-06,San Joaquin,077,732212,203523,202515,15992,218507,2354
2022-12-06,San Luis Obispo,079,281455,64609,64350,7468,71818,533
2022-12-06,San Mateo,081,765935,176133,174791,10668,185459,749
2022-12-06,Santa Barbara,083,443738,108494,108151,7182,115333,739
2022-12-06,Santa Clara,085,1922200,455217,448654,19909,468563,2565
2022-12-06,Santa Cruz,087,273765,66022,65656,3663,69319,275
2022-12-06,Shasta,089,179085,35869,35666,8005,43671,598
2022-12-06,Sierra,091,2930,308,308,61,369,5
2022-12-06,Siskiyou,093,43540,5317,5442,3388,8830,95
2022-12-06,Solano,095,438530,109233,108649,8217,116866,473
2022-12-06,Sonoma,097,501317,109993,109622,5485,115107,531
2022-12-06,Stanislaus,099,539301,141246,140827,22179,163006,1785
2022-12-06,Sutter,101,95872,24966,24906,2494,27400,234
2022-12-06,Tehama,103,63373,14103,14004,3281,17285,218
2022-12-06,Trinity,105,12862,1442,1431,458,1889,23
2022-12-06,Tulare,107,460477,124662,123976,38169,162145,1546
2022-12-06,Tuolumne,109,53932,16189,16054,956,17010,208
2022-12-06,Ventura,111,848112,214437,213720,16749,230469,1598
2022-12-06,Yolo,113,214977,48757,48547,4612,53159,416
2022-12-06,Yuba,115,75493,19441,19399,1772,21171,132
2022-12-05,Alameda,001,1643700,362364,357689,20808,378497,2063
2022-12-05,Alpine,002,1148,139,139,2,141,0
2022-12-05,Amador,005,37829,10222,10150,949,11099,96
2022-12-05,Butte,007,227075,40685,40335,9631,49966,465
2022-12-05,Calaveras,009,45235,8750,8676,594,9270,135
2022-12-05,Colusa,011,21464,3873,3849,1319,5168,22
2022-12-05,Contra Costa,013,1133247,260967,257263,21502,278765,1485
2022-12-05,Del Norte,015,27424,7618,7519,411,7930,56
2022-12-05,El Dorado,017,186661,33480,33200,4416,37616,235
2022-12-05,Fresno,019,978130,285756,279787,33170,312957,2898
2022-12-05,Glenn,021,27897,5680,5647,1937,7584,58
2022-12-05,Humboldt,023,135768,22714,22436,5429,27865,160
2022-12-05,Imperial,025,180216,67873,67001,17667,84668,960
2022-12-05,Inyo,027,18085,4642,4590,1128,5718,60
2022-12-05,Kern,029,883053,223849,222087,67545,289632,2431
2022-12-05,Kings,031,150075,61075,60636,4307,64943,464
2022-12-05,Lake,033,64148,13209,13078,1238,14316,149
2022-12-05,Lassen,035,31185,10146,10110,1026,11136,65
2022-12-05,Los Angeles,037,10098052,3381577,3346956,197470,3544426,33937
2022-12-05,Madera,039,155013,45064,44650,8536,53186,377
2022-12-05,Marin,041,260295,47039,46509,5458,51967,314
2022-12-05,Mariposa,043,17540,3230,3175,353,3528,32
2022-12-05,Mendocino,045,87422,16416,16294,4645,20939,136
2022-12-05,Merced,047,269075,74831,73547,12324,85871,876
2022-12-05,Modoc,049,8938,915,895,353,1248,11
2022-12-05,Mono,051,14174,3249,3237,279,3516,8
2022-12-05,Monterey,053,433212,95975,95364,22061,117425,775
2022-12-05,Napa,055,140530,33118,32859,1462,34321,161
2022-12-05,Nevada,057,99092,19646,19398,2097,21495,132
2022-12-05,Orange,059,3164182,687315,679165,69720,748885,7567
2022-12-05,Placer,061,380077,78390,77618,9981,87599,665
2022-12-05,Plumas,063,18699,3765,3738,451,4189,13
2022-12-05,Riverside,065,2383286,713184,706396,37740,744136,6693
2022-12-05,Sacramento,067,1510023,358777,354844,36191,391035,3377
2022-12-05,San Benito,069,59416,16972,16555,1035,17590,108
2022-12-05,San Bernardino,071,2135413,689311,681872,32243,714115,8133
2022-12-05,San Diego,073,3302833,949321,942451,75309,1017760,5569
2022-12-05,San Francisco,075,870044,187010,184552,12663,197215,1078
2022-12-05,San Joaquin,077,732212,203349,201175,15966,217141,2347
2022-12-05,San Luis Obispo,079,281455,64566,64105,7454,71559,531
2022-12-05,San Mateo,081,765935,175914,173283,10659,183942,748
2022-12-05,Santa Barbara,083,443738,108410,107527,7167,114694,738
2022-12-05,Santa Clara,085,1922200,454661,444150,19863,464013,2560
2022-12-05,Santa Cruz,087,273765,65897,65044,3657,68701,275
2022-12-05,Shasta,089,179085,35851,35519,7995,43514,598
2022-12-05,Sierra,091,2930,308,308,61,369,5
2022-12-05,Siskiyou,093,43540,5316,5406,3386,8792,95
2022-12-05,Solano,095,438530,109133,107925,8201,116126,470
2022-12-05,Sonoma,097,501317,109899,109040,5479,114519,530
2022-12-05,Stanislaus,099,539301,141133,140127,22162,162289,1785
2022-12-05,Sutter,101,95872,24942,24800,2491,27291,234
2022-12-05,Tehama,103,63373,14087,13904,3277,17181,216
2022-12-05,Trinity,105,12862,1442,1428,457,1885,22
2022-12-05,Tulare,107,460477,124570,123368,38114,161482,1546
2022-12-05,Tuolumne,109,53932,16170,15945,955,16900,207
2022-12-05,Ventura,111,848112,214270,212363,16720,229083,1591
2022-12-05,Yolo,113,214977,48723,48329,4608,52937,409
2022-12-05,Yuba,115,75493,19429,19307,1772,21079,132
2022-12-04,Alameda,001,1643700,361805,357689,20753,378442,2063
2022-12-04,Alpine,002,1148,139,139,2,141,0
2022-12-04,Amador,005,37829,10218,10150,949,11099,96
2022-12-04,Butte,007,227075,40623,40335,9614,49949,465
2022-12-04,Calaveras,009,45235,8739,8676,592,9268,135
2022-12-04,Colusa,011,21464,3871,3849,1319,5168,22
2022-12-04,Contra Costa,013,1133247,260603,257263,21463,278726,1485
2022-12-04,Del Norte,015,27424,7612,7519,411,7930,56
2022-12-04,El Dorado,017,186661,33458,33200,4407,37607,235
2022-12-04,Fresno,019,978130,285452,279787,33101,312888,2898
2022-12-04,Glenn,021,27897,5675,5647,1934,7581,58
2022-12-04,Humboldt,023,135768,22684,22436,5419,27855,160
2022-12-04,Imperial,025,180216,67790,67001,17560,84561,960
2022-12-04,Inyo,027,18085,4640,4590,1126,5716,60
2022-12-04,Kern,029,883053,223706,222087,67416,289503,2431
2022-12-04,Kings,031,150075,61018,60636,4292,64928,464
2022-12-04,Lake,033,64148,13195,13078,1237,14315,149
2022-12-04,Lassen,035,31185,10143,10110,1024,11134,65
2022-12-04,Los Angeles,037,10098052,3377725,3346956,196788,3543744,33937
2022-12-04,Madera,039,155013,45036,44650,8526,53176,377
2022-12-04,Marin,041,260295,46972,46509,5449,51958,314
2022-12-04,Mariposa,043,17540,3227,3175,353,3528,32
2022-12-04,Mendocino,045,87422,16408,16294,4641,20935,136
2022-12-04,Merced,047,269075,74777,73547,12285,85832,876
2022-12-04,Modoc,049,8938,913,895,353,1248,11
2022-12-04,Mono,051,14174,3248,3237,279,3516,8
2022-12-04,Monterey,053,433212,95933,95364,22036,117400,775
2022-12-04,Napa,055,140530,33094,32859,1454,34313,161
2022-12-04,Nevada,057,99092,19621,19398,2085,21483,132
2022-12-04,Orange,059,3164182,686619,679165,69455,748620,7567
2022-12-04,Placer,061,380077,78317,77618,9968,87586,665
2022-12-04,Plumas,063,18699,3762,3738,449,4187,13
2022-12-04,Riverside,065,2383286,712485,706396,37620,744016,6693
2022-12-04,Sacramento,067,1510023,358420,354844,36122,390966,3377
2022-12-04,San Benito,069,59416,16956,16555,1035,17590,108
2022-12-04,San Bernardino,071,2135413,688507,681872,32184,714056,8133
2022-12-04,San Diego,073,3302833,948259,942451,75142,1017593,5569
2022-12-04,San Francisco,075,870044,186710,184552,12627,197179,1078
2022-12-04,San Joaquin,077,732212,203162,201175,15927,217102,2347
2022-12-04,San Luis Obispo,079,281455,64524,64105,7440,71545,531
2022-12-04,San Mateo,081,765935,175706,173283,10646,183929,748
2022-12-04,Santa Barbara,083,443738,108311,107527,7158,114685,738
2022-12-04,Santa Clara,085,1922200,454013,444150,19809,463959,2560
2022-12-04,Santa Cruz,087,273765,65833,65044,3646,68690,275
2022-12-04,Shasta,089,179085,35831,35519,7971,43490,598
2022-12-04,Sierra,091,2930,308,308,61,369,5
2022-12-04,Siskiyou,093,43540,5311,5406,3385,8791,95
2022-12-04,Solano,095,438530,108987,107925,8196,116121,470
2022-12-04,Sonoma,097,501317,109799,109040,5472,114512,530
2022-12-04,Stanislaus,099,539301,141014,140127,22139,162266,1785
2022-12-04,Sutter,101,95872,24922,24800,2480,27280,234
2022-12-04,Tehama,103,63373,14072,13904,3276,17180,216
2022-12-04,Trinity,105,12862,1442,1428,457,1885,22
2022-12-04,Tulare,107,460477,124457,123368,38048,161416,1546
2022-12-04,Tuolumne,109,53932,16147,15945,954,16899,207
2022-12-04,Ventura,111,848112,214100,212363,16677,229040,1591
2022-12-04,Yolo,113,214977,48675,48329,4599,52928,409
2022-12-04,Yuba,115,75493,19419,19307,1770,21077,132
2022-12-03,Alameda,001,1643700,361547,357689,20725,378414,2063
2022-12-03,Alpine,002,1148,139,139,2,141,0
2022-12-03,Amador,005,37829,10211,10150,949,11099,96
2022-12-03,Butte,007,227075,40607,40335,9605,49940,465
2022-12-03,Calaveras,009,45235,8736,8676,592,9268,135
2022-12-03,Colusa,011,21464,3869,3849,1319,5168,22
2022-12-03,Contra Costa,013,1133247,260425,257263,21446,278709,1485
2022-12-03,Del Norte,015,27424,7608,7519,410,7929,56
2022-12-03,El Dorado,017,186661,33442,33200,4405,37605,235
2022-12-03,Fresno,019,978130,285326,279787,33079,312866,2898
2022-12-03,Glenn,021,27897,5673,5647,1934,7581,58
2022-12-03,Humboldt,023,135768,22661,22436,5408,27844,160
2022-12-03,Imperial,025,180216,67753,67001,17538,84539,960
2022-12-03,Inyo,027,18085,4639,4590,1125,5715,60
2022-12-03,Kern,029,883053,223652,222087,67339,289426,2431
2022-12-03,Kings,031,150075,60998,60636,4290,64926,464
2022-12-03,Lake,033,64148,13190,13078,1236,14314,149
2022-12-03,Lassen,035,31185,10141,10110,1024,11134,65
2022-12-03,Los Angeles,037,10098052,3375825,3346956,196428,3543384,33937
2022-12-03,Madera,039,155013,45016,44650,8523,53173,377
2022-12-03,Marin,041,260295,46931,46509,5444,51953,314
2022-12-03,Mariposa,043,17540,3225,3175,353,3528,32
2022-12-03,Mendocino,045,87422,16402,16294,4640,20934,136
2022-12-03,Merced,047,269075,74737,73547,12273,85820,876
2022-12-03,Modoc,049,8938,911,895,352,1247,11
2022-12-03,Mono,051,14174,3246,3237,279,3516,8
2022-12-03,Monterey,053,433212,95912,95364,22019,117383,775
2022-12-03,Napa,055,140530,33086,32859,1454,34313,161
2022-12-03,Nevada,057,99092,19614,19398,2083,21481,132
2022-12-03,Orange,059,3164182,686257,679165,69303,748468,7567
2022-12-03,Placer,061,380077,78267,77618,9967,87585,665
2022-12-03,Plumas,063,18699,3760,3738,448,4186,13
2022-12-03,Riverside,065,2383286,712085,706396,37567,743963,6693
2022-12-03,Sacramento,067,1510023,358239,354844,36102,390946,3377
2022-12-03,San Benito,069,59416,16935,16555,1032,17587,108
2022-12-03,San Bernardino,071,2135413,688135,681872,32142,714014,8133
2022-12-03,San Diego,073,3302833,947758,942451,75080,1017531,5569
2022-12-03,San Francisco,075,870044,186567,184552,12622,197174,1078
2022-12-03,San Joaquin,077,732212,203050,201175,15904,217079,2347
2022-12-03,San Luis Obispo,079,281455,64511,64105,7435,71540,531
2022-12-03,San Mateo,081,765935,175579,173283,10639,183922,748
2022-12-03,Santa Barbara,083,443738,108271,107527,7152,114679,738
2022-12-03,Santa Clara,085,1922200,453654,444150,19777,463927,2560
2022-12-03,Santa Cruz,087,273765,65791,65044,3635,68679,275
2022-12-03,Shasta,089,179085,35821,35519,7968,43487,598
2022-12-03,Sierra,091,2930,308,308,61,369,5
2022-12-03,Siskiyou,093,43540,5310,5406,3385,8791,95
2022-12-03,Solano,095,438530,108958,107925,8187,116112,470
2022-12-03,Sonoma,097,501317,109751,109040,5470,114510,530
2022-12-03,Stanislaus,099,539301,140948,140127,22123,162250,1785
2022-12-03,Sutter,101,95872,24906,24800,2480,27280,234
2022-12-03,Tehama,103,63373,14068,13904,3273,17177,216
2022-12-03,Trinity,105,12862,1442,1428,457,1885,22
2022-12-03,Tulare,107,460477,124395,123368,38014,161382,1546
2022-12-03,Tuolumne,109,53932,16131,15945,951,16896,207
2022-12-03,Ventura,111,848112,214005,212363,16656,229019,1591
2022-12-03,Yolo,113,214977,48649,48329,4592,52921,409
2022-12-03,Yuba,115,75493,19414,19307,1769,21076,132
2022-12-02,Alameda,001,1643700,361269,357689,20699,378388,2063
2022-12-02,Alpine,002,1148,139,139,2,141,0
2022-12-02,Amador,005,37829,10205,10150,949,11099,96
2022-12-02,Butte,007,227075,40592,40335,9591,49926,465
2022-12-02,Calaveras,009,45235,8733,8676,592,9268,135
2022-12-02,Colusa,011,21464,3869,3849,1319,5168,22
2022-12-02,Contra Costa,013,1133247,260262,257263,21439,278702,1485
2022-12-02,Del Norte,015,27424,7604,7519,410,7929,56
2022-12-02,El Dorado,017,186661,33425,33200,4405,37605,235
2022-12-02,Fresno,019,978130,285164,279787,33049,312836,2898
2022-12-02,Glenn,021,27897,5672,5647,1933,7580,58
2022-12-02,Humboldt,023,135768,22649,22436,5404,27840,160
2022-12-02,Imperial,025,180216,67710,67001,17520,84521,960
2022-12-02,Inyo,027,18085,4636,4590,1123,5713,60
2022-12-02,Kern,029,883053,223559,222087,67290,289377,2431
2022-12-02,Kings,031,150075,60980,60636,4288,64924,464
2022-12-02,Lake,033,64148,13184,13078,1235,14313,149
2022-12-02,Lassen,035,31185,10140,10110,1023,11133,65
2022-12-02,Los Angeles,037,10098052,3373769,3346956,196011,3542967,33937
2022-12-02,Madera,039,155013,44992,44650,8522,53172,377
2022-12-02,Marin,041,260295,46894,46509,5441,51950,314
2022-12-02,Mariposa,043,17540,3223,3175,352,3527,32
2022-12-02,Mendocino,045,87422,16397,16294,4640,20934,136
2022-12-02,Merced,047,269075,74704,73547,12267,85814,876
2022-12-02,Modoc,049,8938,910,895,351,1246,11
2022-12-02,Mono,051,14174,3246,3237,278,3515,8
2022-12-02,Monterey,053,433212,95880,95364,22001,117365,775
2022-12-02,Napa,055,140530,33072,32859,1450,34309,161
2022-12-02,Nevada,057,99092,19608,19398,2078,21476,132
2022-12-02,Orange,059,3164182,685862,679165,69141,748306,7567
2022-12-02,Placer,061,380077,78239,77618,9960,87578,665
2022-12-02,Plumas,063,18699,3760,3738,448,4186,13
2022-12-02,Riverside,065,2383286,711631,706396,37511,743907,6693
2022-12-02,Sacramento,067,1510023,358013,354844,36071,390915,3377
2022-12-02,San Benito,069,59416,16912,16555,1029,17584,108
2022-12-02,San Bernardino,071,2135413,687754,681872,32116,713988,8133
2022-12-02,San Diego,073,3302833,947251,942451,75003,1017454,5569
2022-12-02,San Francisco,075,870044,186442,184552,12609,197161,1078
2022-12-02,San Joaquin,077,732212,202952,201175,15884,217059,2347
2022-12-02,San Luis Obispo,079,281455,64490,64105,7425,71530,531
2022-12-02,San Mateo,081,765935,175450,173283,10632,183915,748
2022-12-02,Santa Barbara,083,443738,108216,107527,7150,114677,738
2022-12-02,Santa Clara,085,1922200,453329,444150,19758,463908,2560
2022-12-02,Santa Cruz,087,273765,65736,65044,3631,68675,275
2022-12-02,Shasta,089,179085,35804,35519,7966,43485,598
2022-12-02,Sierra,091,2930,308,308,61,369,5
2022-12-02,Siskiyou,093,43540,5308,5406,3385,8791,95
2022-12-02,Solano,095,438530,108887,107925,8180,116105,470
2022-12-02,Sonoma,097,501317,109699,109040,5463,114503,530
2022-12-02,Stanislaus,099,539301,140885,140127,22116,162243,1785
2022-12-02,Sutter,101,95872,24897,24800,2480,27280,234
2022-12-02,Tehama,103,63373,14063,13904,3269,17173,216
2022-12-02,Trinity,105,12862,1442,1428,456,1884,22
2022-12-02,Tulare,107,460477,124349,123368,37961,161329,1546
2022-12-02,Tuolumne,109,53932,16119,15945,949,16894,207
2022-12-02,Ventura,111,848112,213901,212363,16630,228993,1591
2022-12-02,Yolo,113,214977,48637,48329,4591,52920,409
2022-12-02,Yuba,115,75493,19403,19307,1769,21076,132
2022-12-01,Alameda,001,1643700,360853,357689,20653,378342,2063
2022-12-01,Alpine,002,1148,139,139,2,141,0
2022-12-01,Amador,005,37829,10199,10150,949,11099,96
2022-12-01,Butte,007,227075,40564,40335,9576,49911,465
2022-12-01,Calaveras,009,45235,8726,8676,589,9265,135
2022-12-01,Colusa,011,21464,3869,3849,1315,5164,22
2022-12-01,Contra Costa,013,1133247,260019,257263,21418,278681,1485
2022-12-01,Del Norte,015,27424,7602,7519,410,7929,56
2022-12-01,El Dorado,017,186661,33397,33200,4398,37598,235
2022-12-01,Fresno,019,978130,284980,279787,32994,312781,2898
2022-12-01,Glenn,021,27897,5664,5647,1930,7577,58
2022-12-01,Humboldt,023,135768,22632,22436,5399,27835,160
2022-12-01,Imperial,025,180216,67637,67001,17420,84421,960
2022-12-01,Inyo,027,18085,4630,4590,1119,5709,60
2022-12-01,Kern,029,883053,223413,222087,67202,289289,2431
2022-12-01,Kings,031,150075,60941,60636,4285,64921,464
2022-12-01,Lake,033,64148,13178,13078,1235,14313,149
2022-12-01,Lassen,035,31185,10138,10110,1023,11133,65
2022-12-01,Los Angeles,037,10098052,3370890,3346956,195477,3542433,33937
2022-12-01,Madera,039,155013,44959,44650,8509,53159,377
2022-12-01,Marin,041,260295,46853,46509,5428,51937,314
2022-12-01,Mariposa,043,17540,3219,3175,352,3527,32
2022-12-01,Mendocino,045,87422,16392,16294,4640,20934,136
2022-12-01,Merced,047,269075,74657,73547,12252,85799,876
2022-12-01,Modoc,049,8938,907,895,350,1245,11
2022-12-01,Mono,051,14174,3243,3237,277,3514,8
2022-12-01,Monterey,053,433212,95844,95364,21987,117351,775
2022-12-01,Napa,055,140530,33043,32859,1449,34308,161
2022-12-01,Nevada,057,99092,19591,19398,2075,21473,132
2022-12-01,Orange,059,3164182,685255,679165,68951,748116,7567
2022-12-01,Placer,061,380077,78181,77618,9951,87569,665
2022-12-01,Plumas,063,18699,3753,3738,448,4186,13
2022-12-01,Riverside,065,2383286,711089,706396,37421,743817,6693
2022-12-01,Sacramento,067,1510023,357699,354844,36016,390860,3377
2022-12-01,San Benito,069,59416,16881,16555,1026,17581,108
2022-12-01,San Bernardino,071,2135413,687177,681872,32049,713921,8133
2022-12-01,San Diego,073,3302833,946444,942451,74852,1017303,5569
2022-12-01,San Francisco,075,870044,186232,184552,12581,197133,1078
2022-12-01,San Joaquin,077,732212,202799,201175,15857,217032,2347
2022-12-01,San Luis Obispo,079,281455,64468,64105,7411,71516,531
2022-12-01,San Mateo,081,765935,175282,173283,10626,183909,748
2022-12-01,Santa Barbara,083,443738,108150,107527,7143,114670,738
2022-12-01,Santa Clara,085,1922200,452819,444150,19728,463878,2560
2022-12-01,Santa Cruz,087,273765,65668,65044,3624,68668,275
2022-12-01,Shasta,089,179085,35785,35519,7958,43477,598
2022-12-01,Sierra,091,2930,308,308,61,369,5
2022-12-01,Siskiyou,093,43540,5306,5406,3384,8790,95
2022-12-01,Solano,095,438530,108807,107925,8175,116100,470
2022-12-01,Sonoma,097,501317,109630,109040,5450,114490,530
2022-12-01,Stanislaus,099,539301,140801,140127,22103,162230,1785
2022-12-01,Sutter,101,95872,24887,24800,2479,27279,234
2022-12-01,Tehama,103,63373,14046,13904,3264,17168,216
2022-12-01,Trinity,105,12862,1442,1428,455,1883,22
2022-12-01,Tulare,107,460477,124288,123368,37904,161272,1546
2022-12-01,Tuolumne,109,53932,16104,15945,949,16894,207
2022-12-01,Ventura,111,848112,213754,212363,16599,228962,1591
2022-12-01,Yolo,113,214977,48603,48329,4586,52915,409
2022-12-01,Yuba,115,75493,19384,19307,1769,21076,132
2022-11-30,Alameda,001,1643700,360419,357689,20617,378306,2063
2022-11-30,Alpine,002,1148,139,139,2,141,0
2022-11-30,Amador,005,37829,10193,10150,949,11099,96
2022-11-30,Butte,007,227075,40528,40335,9550,49885,465
2022-11-30,Calaveras,009,45235,8721,8676,588,9264,135
2022-11-30,Colusa,011,21464,3866,3849,1314,5163,22
2022-11-30,Contra Costa,013,1133247,259759,257263,21396,278659,1485
2022-11-30,Del Norte,015,27424,7597,7519,409,7928,56
2022-11-30,El Dorado,017,186661,33371,33200,4395,37595,235
2022-11-30,Fresno,019,978130,284714,279787,32945,312732,2898
2022-11-30,Glenn,021,27897,5662,5647,1924,7571,58
2022-11-30,Humboldt,023,135768,22618,22436,5388,27824,160
2022-11-30,Imperial,025,180216,67524,67001,17329,84330,960
2022-11-30,Inyo,027,18085,4629,4590,1116,5706,60
2022-11-30,Kern,029,883053,223311,222087,67125,289212,2431
2022-11-30,Kings,031,150075,60883,60636,4274,64910,464
2022-11-30,Lake,033,64148,13166,13078,1235,14313,149
2022-11-30,Lassen,035,31185,10136,10110,1023,11133,65
2022-11-30,Los Angeles,037,10098052,3367411,3346956,194881,3541837,33937
2022-11-30,Madera,039,155013,44932,44650,8504,53154,377
2022-11-30,Marin,041,260295,46814,46509,5422,51931,314
2022-11-30,Mariposa,043,17540,3215,3175,351,3526,32
2022-11-30,Mendocino,045,87422,16385,16294,4635,20929,136
2022-11-30,Merced,047,269075,74595,73547,12229,85776,876
2022-11-30,Modoc,049,8938,907,895,349,1244,11
2022-11-30,Mono,051,14174,3241,3237,277,3514,8
2022-11-30,Monterey,053,433212,95796,95364,21968,117332,775
2022-11-30,Napa,055,140530,33011,32859,1449,34308,161
2022-11-30,Nevada,057,99092,19579,19398,2070,21468,132
2022-11-30,Orange,059,3164182,684610,679165,68737,747902,7567
2022-11-30,Placer,061,380077,78113,77618,9943,87561,665
2022-11-30,Plumas,063,18699,3751,3738,448,4186,13
2022-11-30,Riverside,065,2383286,710418,706396,37324,743720,6693
2022-11-30,Sacramento,067,1510023,357409,354844,35983,390827,3377
2022-11-30,San Benito,069,59416,16842,16555,1024,17579,108
2022-11-30,San Bernardino,071,2135413,686546,681872,31987,713859,8133
2022-11-30,San Diego,073,3302833,945595,942451,74715,1017166,5569
2022-11-30,San Francisco,075,870044,186003,184552,12565,197117,1078
2022-11-30,San Joaquin,077,732212,202619,201175,15805,216980,2347
2022-11-30,San Luis Obispo,079,281455,64433,64105,7395,71500,531
2022-11-30,San Mateo,081,765935,175092,173283,10614,183897,748
2022-11-30,Santa Barbara,083,443738,108071,107527,7127,114654,738
2022-11-30,Santa Clara,085,1922200,452293,444150,19694,463844,2560
2022-11-30,Santa Cruz,087,273765,65604,65044,3618,68662,275
2022-11-30,Shasta,089,179085,35767,35519,7949,43468,598
2022-11-30,Sierra,091,2930,308,308,61,369,5
2022-11-30,Siskiyou,093,43540,5303,5406,3383,8789,95
2022-11-30,Solano,095,438530,108717,107925,8168,116093,470
2022-11-30,Sonoma,097,501317,109557,109040,5444,114484,530
2022-11-30,Stanislaus,099,539301,140694,140127,22088,162215,1785
2022-11-30,Sutter,101,95872,24869,24800,2476,27276,234
2022-11-30,Tehama,103,63373,14027,13904,3259,17163,216
2022-11-30,Trinity,105,12862,1441,1428,454,1882,22
2022-11-30,Tulare,107,460477,124206,123368,37845,161213,1546
2022-11-30,Tuolumne,109,53932,16088,15945,947,16892,207
2022-11-30,Ventura,111,848112,213562,212363,16555,228918,1591
2022-11-30,Yolo,113,214977,48576,48329,4580,52909,409
2022-11-30,Yuba,115,75493,19372,19307,1769,21076,132
2022-11-29,Alameda,001,1643700,359986,357689,20558,378247,2063
2022-11-29,Alpine,002,1148,139,139,1,140,0
2022-11-29,Amador,005,37829,10189,10150,949,11099,96
2022-11-29,Butte,007,227075,40485,40335,9531,49866,465
2022-11-29,Calaveras,009,45235,8714,8676,588,9264,135
2022-11-29,Colusa,011,21464,3865,3849,1310,5159,22
2022-11-29,Contra Costa,013,1133247,259489,257263,21376,278639,1485
2022-11-29,Del Norte,015,27424,7588,7519,409,7928,56
2022-11-29,El Dorado,017,186661,33330,33200,4392,37592,235
2022-11-29,Fresno,019,978130,284483,279787,32884,312671,2898
2022-11-29,Glenn,021,27897,5660,5647,1923,7570,58
2022-11-29,Humboldt,023,135768,22600,22436,5371,27807,160
2022-11-29,Imperial,025,180216,67430,67001,17241,84242,960
2022-11-29,Inyo,027,18085,4623,4590,1111,5701,60
2022-11-29,Kern,029,883053,223190,222087,67020,289107,2431
2022-11-29,Kings,031,150075,60844,60636,4271,64907,464
2022-11-29,Lake,033,64148,13158,13078,1235,14313,149
2022-11-29,Lassen,035,31185,10133,10110,1022,11132,65
2022-11-29,Los Angeles,037,10098052,3363437,3346956,194243,3541199,33937
2022-11-29,Madera,039,155013,44890,44650,8479,53129,377
2022-11-29,Marin,041,260295,46768,46509,5418,51927,314
2022-11-29,Mariposa,043,17540,3213,3175,350,3525,32
2022-11-29,Mendocino,045,87422,16376,16294,4631,20925,136
2022-11-29,Merced,047,269075,74541,73547,12202,85749,876
2022-11-29,Modoc,049,8938,905,895,349,1244,11
2022-11-29,Mono,051,14174,3240,3237,277,3514,8
2022-11-29,Monterey,053,433212,95754,95364,21937,117301,775
2022-11-29,Napa,055,140530,32986,32859,1449,34308,161
2022-11-29,Nevada,057,99092,19558,19398,2064,21462,132
2022-11-29,Orange,059,3164182,683822,679165,68516,747681,7567
2022-11-29,Placer,061,380077,78042,77618,9933,87551,665
2022-11-29,Plumas,063,18699,3745,3738,447,4185,13
2022-11-29,Riverside,065,2383286,709807,706396,37223,743619,6693
2022-11-29,Sacramento,067,1510023,357019,354844,35937,390781,3377
2022-11-29,San Benito,069,59416,16800,16555,1020,17575,108
2022-11-29,San Bernardino,071,2135413,685895,681872,31925,713797,8133
2022-11-29,San Diego,073,3302833,944689,942451,74539,1016990,5569
2022-11-29,San Francisco,075,870044,185773,184552,12548,197100,1078
2022-11-29,San Joaquin,077,732212,202418,201175,15766,216941,2347
2022-11-29,San Luis Obispo,079,281455,64393,64105,7385,71490,531
2022-11-29,San Mateo,081,765935,174897,173283,10611,183894,748
2022-11-29,Santa Barbara,083,443738,107987,107527,7117,114644,738
2022-11-29,Santa Clara,085,1922200,451733,444150,19657,463807,2560
2022-11-29,Santa Cruz,087,273765,65520,65044,3614,68658,275
2022-11-29,Shasta,089,179085,35747,35519,7934,43453,598
2022-11-29,Sierra,091,2930,308,308,61,369,5
2022-11-29,Siskiyou,093,43540,5299,5406,3382,8788,95
2022-11-29,Solano,095,438530,108608,107925,8161,116086,470
2022-11-29,Sonoma,097,501317,109478,109040,5434,114474,530
2022-11-29,Stanislaus,099,539301,140608,140127,22063,162190,1785
2022-11-29,Sutter,101,95872,24861,24800,2475,27275,234
2022-11-29,Tehama,103,63373,14012,13904,3250,17154,216
2022-11-29,Trinity,105,12862,1439,1428,454,1882,22
2022-11-29,Tulare,107,460477,124118,123368,37803,161171,1546
2022-11-29,Tuolumne,109,53932,16073,15945,945,16890,207
2022-11-29,Ventura,111,848112,213378,212363,16514,228877,1591
2022-11-29,Yolo,113,214977,48540,48329,4569,52898,409
2022-11-29,Yuba,115,75493,19361,19307,1768,21075,132
2022-11-28,Alameda,001,1643700,359529,356253,20525,376778,2059
2022-11-28,Alpine,002,1148,139,138,1,139,0
2022-11-28,Amador,005,37829,10181,10132,949,11081,95
2022-11-28,Butte,007,227075,40446,40206,9508,49714,465
2022-11-28,Calaveras,009,45235,8705,8651,588,9239,135
2022-11-28,Colusa,011,21464,3860,3840,1309,5149,22
2022-11-28,Contra Costa,013,1133247,259184,256191,21338,277529,1483
2022-11-28,Del Norte,015,27424,7579,7502,408,7910,56
2022-11-28,El Dorado,017,186661,33298,33057,4388,37445,233
2022-11-28,Fresno,019,978130,284207,278793,32819,311612,2893
2022-11-28,Glenn,021,27897,5656,5625,1922,7547,58
2022-11-28,Humboldt,023,135768,22580,22351,5351,27702,160
2022-11-28,Imperial,025,180216,67286,66747,17147,83894,960
2022-11-28,Inyo,027,18085,4616,4557,1106,5663,60
2022-11-28,Kern,029,883053,223030,221639,66923,288562,2430
2022-11-28,Kings,031,150075,60780,60457,4259,64716,463
2022-11-28,Lake,033,64148,13145,13042,1232,14274,149
2022-11-28,Lassen,035,31185,10132,10091,1020,11111,65
2022-11-28,Los Angeles,037,10098052,3359110,3332327,193629,3525956,33882
2022-11-28,Madera,039,155013,44859,44503,8469,52972,377
2022-11-28,Marin,041,260295,46726,46293,5410,51703,314
2022-11-28,Mariposa,043,17540,3211,3156,349,3505,32
2022-11-28,Mendocino,045,87422,16369,16255,4618,20873,136
2022-11-28,Merced,047,269075,74479,73259,12178,85437,876
2022-11-28,Modoc,049,8938,903,895,346,1241,11
2022-11-28,Mono,051,14174,3240,3233,275,3508,8
2022-11-28,Monterey,053,433212,95703,95169,21895,117064,775
2022-11-28,Napa,055,140530,32957,32736,1447,34183,161
2022-11-28,Nevada,057,99092,19531,19310,2060,21370,132
2022-11-28,Orange,059,3164182,682960,676959,68259,745218,7565
2022-11-28,Placer,061,380077,77994,77331,9924,87255,665
2022-11-28,Plumas,063,18699,3743,3737,447,4184,13
2022-11-28,Riverside,065,2383286,709137,704180,37130,741310,6692
2022-11-28,Sacramento,067,1510023,356621,353538,35890,389428,3374
2022-11-28,San Benito,069,59416,16754,16474,1008,17482,108
2022-11-28,San Bernardino,071,2135413,685186,679620,31847,711467,8133
2022-11-28,San Diego,073,3302833,943635,938583,74403,1012986,5562
2022-11-28,San Francisco,075,870044,185517,183671,12533,196204,1076
2022-11-28,San Joaquin,077,732212,202228,200474,15723,216197,2344
2022-11-28,San Luis Obispo,079,281455,64360,63962,7376,71338,530
2022-11-28,San Mateo,081,765935,174655,172573,10602,183175,748
2022-11-28,Santa Barbara,083,443738,107889,107184,7104,114288,735
2022-11-28,Santa Clara,085,1922200,451131,442182,19613,461795,2558
2022-11-28,Santa Cruz,087,273765,65425,64814,3610,68424,275
2022-11-28,Shasta,089,179085,35719,35452,7921,43373,596
2022-11-28,Sierra,091,2930,308,308,61,369,5
2022-11-28,Siskiyou,093,43540,5294,5385,3381,8766,95
2022-11-28,Solano,095,438530,108490,107446,8150,115596,469
2022-11-28,Sonoma,097,501317,109392,108690,5425,114115,530
2022-11-28,Stanislaus,099,539301,140493,139741,22026,161767,1785
2022-11-28,Sutter,101,95872,24846,24730,2475,27205,234
2022-11-28,Tehama,103,63373,13994,13857,3249,17106,216
2022-11-28,Trinity,105,12862,1439,1425,454,1879,21
2022-11-28,Tulare,107,460477,124043,123029,37749,160778,1545
2022-11-28,Tuolumne,109,53932,16063,15885,941,16826,206
2022-11-28,Ventura,111,848112,213168,211680,16465,228145,1591
2022-11-28,Yolo,113,214977,48506,48228,4554,52782,408
2022-11-28,Yuba,115,75493,19347,19233,1768,21001,132
2022-11-27,Alameda,001,1643700,358931,356253,20455,376708,2059
2022-11-27,Alpine,002,1148,139,138,1,139,0
2022-11-27,Amador,005,37829,10176,10132,948,11080,95
2022-11-27,Butte,007,227075,40401,40206,9488,49694,465
2022-11-27,Calaveras,009,45235,8699,8651,587,9238,135
2022-11-27,Colusa,011,21464,3857,3840,1307,5147,22
2022-11-27,Contra Costa,013,1133247,258823,256191,21289,277480,1483
2022-11-27,Del Norte,015,27424,7566,7502,405,7907,56
2022-11-27,El Dorado,017,186661,33256,33057,4382,37439,233
2022-11-27,Fresno,019,978130,283865,278793,32752,311545,2893
2022-11-27,Glenn,021,27897,5655,5625,1920,7545,58
2022-11-27,Humboldt,023,135768,22557,22351,5330,27681,160
2022-11-27,Imperial,025,180216,67195,66747,17077,83824,960
2022-11-27,Inyo,027,18085,4608,4557,1103,5660,60
2022-11-27,Kern,029,883053,222870,221639,66781,288420,2430
2022-11-27,Kings,031,150075,60706,60457,4247,64704,463
2022-11-27,Lake,033,64148,13131,13042,1230,14272,149
2022-11-27,Lassen,035,31185,10125,10091,1020,11111,65
2022-11-27,Los Angeles,037,10098052,3353967,3332327,192918,3525245,33882
2022-11-27,Madera,039,155013,44810,44503,8451,52954,377
2022-11-27,Marin,041,260295,46667,46293,5396,51689,314
2022-11-27,Mariposa,043,17540,3207,3156,349,3505,32
2022-11-27,Mendocino,045,87422,16355,16255,4606,20861,136
2022-11-27,Merced,047,269075,74366,73259,12152,85411,876
2022-11-27,Modoc,049,8938,901,895,346,1241,11
2022-11-27,Mono,051,14174,3240,3233,274,3507,8
2022-11-27,Monterey,053,433212,95641,95169,21864,117033,775
2022-11-27,Napa,055,140530,32921,32736,1445,34181,161
2022-11-27,Nevada,057,99092,19500,19310,2049,21359,132
2022-11-27,Orange,059,3164182,682100,676959,67977,744936,7565
2022-11-27,Placer,061,380077,77898,77331,9907,87238,665
2022-11-27,Plumas,063,18699,3741,3737,446,4183,13
2022-11-27,Riverside,065,2383286,708278,704180,37000,741180,6692
2022-11-27,Sacramento,067,1510023,356160,353538,35809,389347,3374
2022-11-27,San Benito,069,59416,16712,16474,1005,17479,108
2022-11-27,San Bernardino,071,2135413,684258,679620,31759,711379,8133
2022-11-27,San Diego,073,3302833,942388,938583,74214,1012797,5562
2022-11-27,San Francisco,075,870044,185207,183671,12505,196176,1076
2022-11-27,San Joaquin,077,732212,201961,200474,15648,216122,2344
2022-11-27,San Luis Obispo,079,281455,64287,63962,7355,71317,530
2022-11-27,San Mateo,081,765935,174335,172573,10587,183160,748
2022-11-27,Santa Barbara,083,443738,107781,107184,7078,114262,735
2022-11-27,Santa Clara,085,1922200,450441,442182,19574,461756,2558
2022-11-27,Santa Cruz,087,273765,65277,64814,3604,68418,275
2022-11-27,Shasta,089,179085,35698,35452,7906,43358,596
2022-11-27,Sierra,091,2930,308,308,61,369,5
2022-11-27,Siskiyou,093,43540,5289,5385,3379,8764,95
2022-11-27,Solano,095,438530,108348,107446,8134,115580,469
2022-11-27,Sonoma,097,501317,109284,108690,5423,114113,530
2022-11-27,Stanislaus,099,539301,140381,139741,22001,161742,1785
2022-11-27,Sutter,101,95872,24826,24730,2474,27204,234
2022-11-27,Tehama,103,63373,13973,13857,3231,17088,216
2022-11-27,Trinity,105,12862,1438,1425,454,1879,21
2022-11-27,Tulare,107,460477,123892,123029,37671,160700,1545
2022-11-27,Tuolumne,109,53932,16056,15885,939,16824,206
2022-11-27,Ventura,111,848112,212929,211680,16417,228097,1591
2022-11-27,Yolo,113,214977,48468,48228,4547,52775,408
2022-11-27,Yuba,115,75493,19327,19233,1765,20998,132
2022-11-26,Alameda,001,1643700,358652,356253,20429,376682,2059
2022-11-26,Alpine,002,1148,139,138,1,139,0
2022-11-26,Amador,005,37829,10171,10132,947,11079,95
2022-11-26,Butte,007,227075,40377,40206,9476,49682,465
2022-11-26,Calaveras,009,45235,8696,8651,587,9238,135
2022-11-26,Colusa,011,21464,3854,3840,1306,5146,22
2022-11-26,Contra Costa,013,1133247,258598,256191,21277,277468,1483
2022-11-26,Del Norte,015,27424,7556,7502,404,7906,56
2022-11-26,El Dorado,017,186661,33235,33057,4382,37439,233
2022-11-26,Fresno,019,978130,283696,278793,32723,311516,2893
2022-11-26,Glenn,021,27897,5651,5625,1914,7539,58
2022-11-26,Humboldt,023,135768,22544,22351,5322,27673,160
2022-11-26,Imperial,025,180216,67153,66747,17061,83808,960
2022-11-26,Inyo,027,18085,4601,4557,1101,5658,60
2022-11-26,Kern,029,883053,222782,221639,66714,288353,2430
2022-11-26,Kings,031,150075,60679,60457,4246,64703,463
2022-11-26,Lake,033,64148,13123,13042,1229,14271,149
2022-11-26,Lassen,035,31185,10124,10091,1020,11111,65
2022-11-26,Los Angeles,037,10098052,3351461,3332327,192536,3524863,33882
2022-11-26,Madera,039,155013,44789,44503,8442,52945,377
2022-11-26,Marin,041,260295,46627,46293,5390,51683,314
2022-11-26,Mariposa,043,17540,3207,3156,349,3505,32
2022-11-26,Mendocino,045,87422,16349,16255,4606,20861,136
2022-11-26,Merced,047,269075,74326,73259,12144,85403,876
2022-11-26,Modoc,049,8938,901,895,346,1241,11
2022-11-26,Mono,051,14174,3239,3233,273,3506,8
2022-11-26,Monterey,053,433212,95600,95169,21846,117015,775
2022-11-26,Napa,055,140530,32909,32736,1445,34181,161
2022-11-26,Nevada,057,99092,19493,19310,2042,21352,132
2022-11-26,Orange,059,3164182,681667,676959,67838,744797,7565
2022-11-26,Placer,061,380077,77839,77331,9899,87230,665
2022-11-26,Plumas,063,18699,3741,3737,446,4183,13
2022-11-26,Riverside,065,2383286,707823,704180,36935,741115,6692
2022-11-26,Sacramento,067,1510023,355958,353538,35776,389314,3374
2022-11-26,San Benito,069,59416,16690,16474,1005,17479,108
2022-11-26,San Bernardino,071,2135413,683847,679620,31718,711338,8133
2022-11-26,San Diego,073,3302833,941940,938583,74120,1012703,5562
2022-11-26,San Francisco,075,870044,185049,183671,12499,196170,1076
2022-11-26,San Joaquin,077,732212,201831,200474,15614,216088,2344
2022-11-26,San Luis Obispo,079,281455,64270,63962,7352,71314,530
2022-11-26,San Mateo,081,765935,174184,172573,10583,183156,748
2022-11-26,Santa Barbara,083,443738,107692,107184,7069,114253,735
2022-11-26,Santa Clara,085,1922200,449938,442182,19545,461727,2558
2022-11-26,Santa Cruz,087,273765,65229,64814,3601,68415,275
2022-11-26,Shasta,089,179085,35684,35452,7901,43353,596
2022-11-26,Sierra,091,2930,308,308,61,369,5
2022-11-26,Siskiyou,093,43540,5282,5385,3379,8764,95
2022-11-26,Solano,095,438530,108299,107446,8127,115573,469
2022-11-26,Sonoma,097,501317,109231,108690,5419,114109,530
2022-11-26,Stanislaus,099,539301,140314,139741,21983,161724,1785
2022-11-26,Sutter,101,95872,24820,24730,2473,27203,234
2022-11-26,Tehama,103,63373,13967,13857,3224,17081,216
2022-11-26,Trinity,105,12862,1438,1425,454,1879,21
2022-11-26,Tulare,107,460477,123843,123029,37613,160642,1545
2022-11-26,Tuolumne,109,53932,16044,15885,938,16823,206
2022-11-26,Ventura,111,848112,212789,211680,16394,228074,1591
2022-11-26,Yolo,113,214977,48448,48228,4542,52770,408
2022-11-26,Yuba,115,75493,19320,19233,1765,20998,132
2022-11-25,Alameda,001,1643700,358377,356253,20401,376654,2059
2022-11-25,Alpine,002,1148,139,138,1,139,0
2022-11-25,Amador,005,37829,10164,10132,946,11078,95
2022-11-25,Butte,007,227075,40360,40206,9462,49668,465
2022-11-25,Calaveras,009,45235,8693,8651,587,9238,135
2022-11-25,Colusa,011,21464,3852,3840,1306,5146,22
2022-11-25,Contra Costa,013,1133247,258429,256191,21263,277454,1483
2022-11-25,Del Norte,015,27424,7555,7502,404,7906,56
2022-11-25,El Dorado,017,186661,33209,33057,4376,37433,233
2022-11-25,Fresno,019,978130,283525,278793,32691,311484,2893
2022-11-25,Glenn,021,27897,5650,5625,1912,7537,58
2022-11-25,Humboldt,023,135768,22531,22351,5319,27670,160
2022-11-25,Imperial,025,180216,67116,66747,17029,83776,960
2022-11-25,Inyo,027,18085,4597,4557,1095,5652,60
2022-11-25,Kern,029,883053,222715,221639,66661,288300,2430
2022-11-25,Kings,031,150075,60656,60457,4246,64703,463
2022-11-25,Lake,033,64148,13121,13042,1229,14271,149
2022-11-25,Lassen,035,31185,10124,10091,1019,11110,65
2022-11-25,Los Angeles,037,10098052,3349136,3332327,192114,3524441,33882
2022-11-25,Madera,039,155013,44763,44503,8434,52937,377
2022-11-25,Marin,041,260295,46586,46293,5388,51681,314
2022-11-25,Mariposa,043,17540,3204,3156,348,3504,32
2022-11-25,Mendocino,045,87422,16341,16255,4603,20858,136
2022-11-25,Merced,047,269075,74291,73259,12139,85398,876
2022-11-25,Modoc,049,8938,900,895,346,1241,11
2022-11-25,Mono,051,14174,3239,3233,273,3506,8
2022-11-25,Monterey,053,433212,95552,95169,21820,116989,775
2022-11-25,Napa,055,140530,32896,32736,1445,34181,161
2022-11-25,Nevada,057,99092,19478,19310,2038,21348,132
2022-11-25,Orange,059,3164182,681256,676959,67723,744682,7565
2022-11-25,Placer,061,380077,77798,77331,9893,87224,665
2022-11-25,Plumas,063,18699,3741,3737,446,4183,13
2022-11-25,Riverside,065,2383286,707436,704180,36859,741039,6692
2022-11-25,Sacramento,067,1510023,355740,353538,35746,389284,3374
2022-11-25,San Benito,069,59416,16664,16474,1005,17479,108
2022-11-25,San Bernardino,071,2135413,683432,679620,31686,711306,8133
2022-11-25,San Diego,073,3302833,941447,938583,74055,1012638,5562
2022-11-25,San Francisco,075,870044,184902,183671,12471,196142,1076
2022-11-25,San Joaquin,077,732212,201717,200474,15595,216069,2344
2022-11-25,San Luis Obispo,079,281455,64255,63962,7344,71306,530
2022-11-25,San Mateo,081,765935,174000,172573,10577,183150,748
2022-11-25,Santa Barbara,083,443738,107629,107184,7067,114251,735
2022-11-25,Santa Clara,085,1922200,449509,442182,19521,461703,2558
2022-11-25,Santa Cruz,087,273765,65192,64814,3599,68413,275
2022-11-25,Shasta,089,179085,35677,35452,7896,43348,596
2022-11-25,Sierra,091,2930,308,308,61,369,5
2022-11-25,Siskiyou,093,43540,5279,5385,3379,8764,95
2022-11-25,Solano,095,438530,108218,107446,8119,115565,469
2022-11-25,Sonoma,097,501317,109179,108690,5419,114109,530
2022-11-25,Stanislaus,099,539301,140240,139741,21972,161713,1785
2022-11-25,Sutter,101,95872,24809,24730,2473,27203,234
2022-11-25,Tehama,103,63373,13958,13857,3219,17076,216
2022-11-25,Trinity,105,12862,1438,1425,454,1879,21
2022-11-25,Tulare,107,460477,123784,123029,37576,160605,1545
2022-11-25,Tuolumne,109,53932,16034,15885,937,16822,206
2022-11-25,Ventura,111,848112,212658,211680,16369,228049,1591
2022-11-25,Yolo,113,214977,48429,48228,4535,52763,408
2022-11-25,Yuba,115,75493,19309,19233,1764,20997,132
2022-11-24,Alameda,001,1643700,358065,356253,20376,376629,2059
2022-11-24,Alpine,002,1148,139,138,1,139,0
2022-11-24,Amador,005,37829,10161,10132,946,11078,95
2022-11-24,Butte,007,227075,40321,40206,9447,49653,465
2022-11-24,Calaveras,009,45235,8686,8651,587,9238,135
2022-11-24,Colusa,011,21464,3849,3840,1306,5146,22
2022-11-24,Contra Costa,013,1133247,258247,256191,21252,277443,1483
2022-11-24,Del Norte,015,27424,7554,7502,404,7906,56
2022-11-24,El Dorado,017,186661,33177,33057,4374,37431,233
2022-11-24,Fresno,019,978130,283337,278793,32642,311435,2893
2022-11-24,Glenn,021,27897,5646,5625,1910,7535,58
2022-11-24,Humboldt,023,135768,22517,22351,5314,27665,160
2022-11-24,Imperial,025,180216,67054,66747,17018,83765,960
2022-11-24,Inyo,027,18085,4593,4557,1094,5651,60
2022-11-24,Kern,029,883053,222641,221639,66590,288229,2430
2022-11-24,Kings,031,150075,60622,60457,4241,64698,463
2022-11-24,Lake,033,64148,13114,13042,1229,14271,149
2022-11-24,Lassen,035,31185,10120,10091,1019,11110,65
2022-11-24,Los Angeles,037,10098052,3346527,3332327,191642,3523969,33882
2022-11-24,Madera,039,155013,44741,44503,8426,52929,377
2022-11-24,Marin,041,260295,46541,46293,5387,51680,314
2022-11-24,Mariposa,043,17540,3200,3156,348,3504,32
2022-11-24,Mendocino,045,87422,16335,16255,4600,20855,136
2022-11-24,Merced,047,269075,74232,73259,12134,85393,876
2022-11-24,Modoc,049,8938,900,895,346,1241,11
2022-11-24,Mono,051,14174,3237,3233,273,3506,8
2022-11-24,Monterey,053,433212,95512,95169,21806,116975,775
2022-11-24,Napa,055,140530,32876,32736,1445,34181,161
2022-11-24,Nevada,057,99092,19463,19310,2034,21344,132
2022-11-24,Orange,059,3164182,680810,676959,67560,744519,7565
2022-11-24,Placer,061,380077,77757,77331,9882,87213,665
2022-11-24,Plumas,063,18699,3740,3737,446,4183,13
2022-11-24,Riverside,065,2383286,706960,704180,36777,740957,6692
2022-11-24,Sacramento,067,1510023,355481,353538,35725,389263,3374
2022-11-24,San Benito,069,59416,16654,16474,1004,17478,108
2022-11-24,San Bernardino,071,2135413,682939,679620,31637,711257,8133
2022-11-24,San Diego,073,3302833,940856,938583,73966,1012549,5562
2022-11-24,San Francisco,075,870044,184742,183671,12455,196126,1076
2022-11-24,San Joaquin,077,732212,201560,200474,15562,216036,2344
2022-11-24,San Luis Obispo,079,281455,64235,63962,7339,71301,530
2022-11-24,San Mateo,081,765935,173862,172573,10573,183146,748
2022-11-24,Santa Barbara,083,443738,107584,107184,7065,114249,735
2022-11-24,Santa Clara,085,1922200,449171,442182,19510,461692,2558
2022-11-24,Santa Cruz,087,273765,65162,64814,3598,68412,275
2022-11-24,Shasta,089,179085,35664,35452,7890,43342,596
2022-11-24,Sierra,091,2930,308,308,61,369,5
2022-11-24,Siskiyou,093,43540,5279,5385,3379,8764,95
2022-11-24,Solano,095,438530,108100,107446,8116,115562,469
2022-11-24,Sonoma,097,501317,109116,108690,5417,114107,530
2022-11-24,Stanislaus,099,539301,140159,139741,21960,161701,1785
2022-11-24,Sutter,101,95872,24797,24730,2473,27203,234
2022-11-24,Tehama,103,63373,13947,13857,3216,17073,216
2022-11-24,Trinity,105,12862,1438,1425,453,1878,21
2022-11-24,Tulare,107,460477,123731,123029,37543,160572,1545
2022-11-24,Tuolumne,109,53932,16020,15885,935,16820,206
2022-11-24,Ventura,111,848112,212515,211680,16332,228012,1591
2022-11-24,Yolo,113,214977,48409,48228,4533,52761,408
2022-11-24,Yuba,115,75493,19292,19233,1764,20997,132
2022-11-23,Alameda,001,1643700,357911,356253,20363,376616,2059
2022-11-23,Alpine,002,1148,139,138,1,139,0
2022-11-23,Amador,005,37829,10158,10132,946,11078,95
2022-11-23,Butte,007,227075,40304,40206,9436,49642,465
2022-11-23,Calaveras,009,45235,8680,8651,587,9238,135
2022-11-23,Colusa,011,21464,3849,3840,1306,5146,22
2022-11-23,Contra Costa,013,1133247,258133,256191,21248,277439,1483
2022-11-23,Del Norte,015,27424,7553,7502,404,7906,56
2022-11-23,El Dorado,017,186661,33167,33057,4373,37430,233
2022-11-23,Fresno,019,978130,283248,278793,32619,311412,2893
2022-11-23,Glenn,021,27897,5645,5625,1909,7534,58
2022-11-23,Humboldt,023,135768,22511,22351,5312,27663,160
2022-11-23,Imperial,025,180216,67012,66747,17012,83759,960
2022-11-23,Inyo,027,18085,4592,4557,1093,5650,60
2022-11-23,Kern,029,883053,222599,221639,66578,288217,2430
2022-11-23,Kings,031,150075,60610,60457,4240,64697,463
2022-11-23,Lake,033,64148,13108,13042,1229,14271,149
2022-11-23,Lassen,035,31185,10116,10091,1019,11110,65
2022-11-23,Los Angeles,037,10098052,3345468,3332327,191419,3523746,33882
2022-11-23,Madera,039,155013,44740,44503,8423,52926,377
2022-11-23,Marin,041,260295,46516,46293,5385,51678,314
2022-11-23,Mariposa,043,17540,3200,3156,348,3504,32
2022-11-23,Mendocino,045,87422,16334,16255,4597,20852,136
2022-11-23,Merced,047,269075,74211,73259,12130,85389,876
2022-11-23,Modoc,049,8938,900,895,346,1241,11
2022-11-23,Mono,051,14174,3237,3233,273,3506,8
2022-11-23,Monterey,053,433212,95491,95169,21798,116967,775
2022-11-23,Napa,055,140530,32865,32736,1445,34181,161
2022-11-23,Nevada,057,99092,19456,19310,2033,21343,132
2022-11-23,Orange,059,3164182,680674,676959,67483,744442,7565
2022-11-23,Placer,061,380077,77719,77331,9878,87209,665
2022-11-23,Plumas,063,18699,3739,3737,446,4183,13
2022-11-23,Riverside,065,2383286,706775,704180,36749,740929,6692
2022-11-23,Sacramento,067,1510023,355361,353538,35708,389246,3374
2022-11-23,San Benito,069,59416,16651,16474,1004,17478,108
2022-11-23,San Bernardino,071,2135413,682742,679620,31619,711239,8133
2022-11-23,San Diego,073,3302833,940646,938583,73927,1012510,5562
2022-11-23,San Francisco,075,870044,184667,183671,12452,196123,1076
2022-11-23,San Joaquin,077,732212,201493,200474,15542,216016,2344
2022-11-23,San Luis Obispo,079,281455,64229,63962,7339,71301,530
2022-11-23,San Mateo,081,765935,173806,172573,10571,183144,748
2022-11-23,Santa Barbara,083,443738,107550,107184,7063,114247,735
2022-11-23,Santa Clara,085,1922200,448994,442182,19495,461677,2558
2022-11-23,Santa Cruz,087,273765,65144,64814,3598,68412,275
2022-11-23,Shasta,089,179085,35658,35452,7888,43340,596
2022-11-23,Sierra,091,2930,308,308,61,369,5
2022-11-23,Siskiyou,093,43540,5276,5385,3379,8764,95
2022-11-23,Solano,095,438530,108085,107446,8114,115560,469
2022-11-23,Sonoma,097,501317,109086,108690,5417,114107,530
2022-11-23,Stanislaus,099,539301,140119,139741,21956,161697,1785
2022-11-23,Sutter,101,95872,24793,24730,2473,27203,234
2022-11-23,Tehama,103,63373,13942,13857,3215,17072,216
2022-11-23,Trinity,105,12862,1438,1425,453,1878,21
2022-11-23,Tulare,107,460477,123682,123029,37523,160552,1545
2022-11-23,Tuolumne,109,53932,16007,15885,935,16820,206
2022-11-23,Ventura,111,848112,212448,211680,16324,228004,1591
2022-11-23,Yolo,113,214977,48391,48228,4530,52758,408
2022-11-23,Yuba,115,75493,19285,19233,1763,20996,132
2022-11-22,Alameda,001,1643700,357541,356253,20322,376575,2059
2022-11-22,Alpine,002,1148,139,138,1,139,0
2022-11-22,Amador,005,37829,10154,10132,946,11078,95
2022-11-22,Butte,007,227075,40276,40206,9427,49633,465
2022-11-22,Calaveras,009,45235,8678,8651,586,9237,135
2022-11-22,Colusa,011,21464,3848,3840,1306,5146,22
2022-11-22,Contra Costa,013,1133247,257891,256191,21227,277418,1483
2022-11-22,Del Norte,015,27424,7548,7502,404,7906,56
2022-11-22,El Dorado,017,186661,33140,33057,4368,37425,233
2022-11-22,Fresno,019,978130,283057,278793,32576,311369,2893
2022-11-22,Glenn,021,27897,5642,5625,1904,7529,58
2022-11-22,Humboldt,023,135768,22486,22351,5301,27652,160
2022-11-22,Imperial,025,180216,66960,66747,16917,83664,960
2022-11-22,Inyo,027,18085,4588,4557,1091,5648,60
2022-11-22,Kern,029,883053,222530,221639,66524,288163,2430
2022-11-22,Kings,031,150075,60568,60457,4238,64695,463
2022-11-22,Lake,033,64148,13105,13042,1227,14269,149
2022-11-22,Lassen,035,31185,10109,10091,1018,11109,65
2022-11-22,Los Angeles,037,10098052,3342763,3332327,190945,3523272,33882
2022-11-22,Madera,039,155013,44715,44503,8412,52915,377
2022-11-22,Marin,041,260295,46474,46293,5383,51676,314
2022-11-22,Mariposa,043,17540,3195,3156,348,3504,32
2022-11-22,Mendocino,045,87422,16328,16255,4593,20848,136
2022-11-22,Merced,047,269075,74171,73259,12123,85382,876
2022-11-22,Modoc,049,8938,900,895,343,1238,11
2022-11-22,Mono,051,14174,3236,3233,273,3506,8
2022-11-22,Monterey,053,433212,95459,95169,21777,116946,775
2022-11-22,Napa,055,140530,32837,32736,1442,34178,161
2022-11-22,Nevada,057,99092,19435,19310,2022,21332,132
2022-11-22,Orange,059,3164182,680250,676959,67323,744282,7565
2022-11-22,Placer,061,380077,77659,77331,9870,87201,665
2022-11-22,Plumas,063,18699,3737,3737,446,4183,13
2022-11-22,Riverside,065,2383286,706348,704180,36671,740851,6692
2022-11-22,Sacramento,067,1510023,355111,353538,35682,389220,3374
2022-11-22,San Benito,069,59416,16635,16474,1002,17476,108
2022-11-22,San Bernardino,071,2135413,682331,679620,31587,711207,8133
2022-11-22,San Diego,073,3302833,940135,938583,73825,1012408,5562
2022-11-22,San Francisco,075,870044,184520,183671,12439,196110,1076
2022-11-22,San Joaquin,077,732212,201364,200474,15511,215985,2344
2022-11-22,San Luis Obispo,079,281455,64208,63962,7326,71288,530
2022-11-22,San Mateo,081,765935,173666,172573,10563,183136,748
2022-11-22,Santa Barbara,083,443738,107498,107184,7049,114233,735
2022-11-22,Santa Clara,085,1922200,448601,442182,19469,461651,2558
2022-11-22,Santa Cruz,087,273765,65099,64814,3594,68408,275
2022-11-22,Shasta,089,179085,35640,35452,7882,43334,596
2022-11-22,Sierra,091,2930,308,308,61,369,5
2022-11-22,Siskiyou,093,43540,5272,5385,3379,8764,95
2022-11-22,Solano,095,438530,108000,107446,8111,115557,469
2022-11-22,Sonoma,097,501317,109019,108690,5408,114098,530
2022-11-22,Stanislaus,099,539301,140047,139741,21944,161685,1785
2022-11-22,Sutter,101,95872,24779,24730,2472,27202,234
2022-11-22,Tehama,103,63373,13932,13857,3214,17071,216
2022-11-22,Trinity,105,12862,1437,1425,452,1877,21
2022-11-22,Tulare,107,460477,123607,123029,37479,160508,1545
2022-11-22,Tuolumne,109,53932,15996,15885,934,16819,206
2022-11-22,Ventura,111,848112,212343,211680,16303,227983,1591
2022-11-22,Yolo,113,214977,48366,48228,4522,52750,408
2022-11-22,Yuba,115,75493,19275,19233,1763,20996,132
2022-11-21,Alameda,001,1643700,357257,354457,20296,374753,2054
2022-11-21,Alpine,002,1148,139,136,1,137,0
2022-11-21,Amador,005,37829,10149,10108,945,11053,95
2022-11-21,Butte,007,227075,40242,40058,9419,49477,461
2022-11-21,Calaveras,009,45235,8673,8612,585,9197,135
2022-11-21,Colusa,011,21464,3846,3828,1306,5134,22
2022-11-21,Contra Costa,013,1133247,257712,254944,21215,276159,1479
2022-11-21,Del Norte,015,27424,7546,7492,404,7896,56
2022-11-21,El Dorado,017,186661,33113,32903,4362,37265,233
2022-11-21,Fresno,019,978130,282885,277735,32527,310262,2888
2022-11-21,Glenn,021,27897,5639,5591,1901,7492,50
2022-11-21,Humboldt,023,135768,22466,22254,5290,27544,160
2022-11-21,Imperial,025,180216,66907,66473,16859,83332,960
2022-11-21,Inyo,027,18085,4582,4530,1087,5617,60
2022-11-21,Kern,029,883053,222430,221145,66472,287617,2430
2022-11-21,Kings,031,150075,60535,60156,4236,64392,462
2022-11-21,Lake,033,64148,13096,12978,1226,14204,149
2022-11-21,Lassen,035,31185,10105,10043,1017,11060,65
2022-11-21,Los Angeles,037,10098052,3340141,3320411,190455,3510866,33830
2022-11-21,Madera,039,155013,44697,44373,8410,52783,375
2022-11-21,Marin,041,260295,46428,46115,5382,51497,314
2022-11-21,Mariposa,043,17540,3188,3138,348,3486,32
2022-11-21,Mendocino,045,87422,16320,16205,4592,20797,136
2022-11-21,Merced,047,269075,74130,73022,12121,85143,875
2022-11-21,Modoc,049,8938,898,889,342,1231,11
2022-11-21,Mono,051,14174,3236,3226,272,3498,8
2022-11-21,Monterey,053,433212,95420,94949,21745,116694,773
2022-11-21,Napa,055,140530,32816,32610,1441,34051,161
2022-11-21,Nevada,057,99092,19413,19238,2015,21253,132
2022-11-21,Orange,059,3164182,679769,674980,67133,742113,7553
2022-11-21,Placer,061,380077,77603,76976,9863,86839,662
2022-11-21,Plumas,063,18699,3737,3729,446,4175,13
2022-11-21,Riverside,065,2383286,705900,702343,36591,738934,6686
2022-11-21,Sacramento,067,1510023,354806,352117,35638,387755,3362
2022-11-21,San Benito,069,59416,16623,16410,1001,17411,108
2022-11-21,San Bernardino,071,2135413,681818,677641,31536,709177,8131
2022-11-21,San Diego,073,3302833,939537,935811,73699,1009510,5557
2022-11-21,San Francisco,075,870044,184346,182855,12431,195286,1074
2022-11-21,San Joaquin,077,732212,201234,199682,15477,215159,2341
2022-11-21,San Luis Obispo,079,281455,64181,63812,7319,71131,530
2022-11-21,San Mateo,081,765935,173539,171862,10558,182420,748
2022-11-21,Santa Barbara,083,443738,107423,106885,7046,113931,733
2022-11-21,Santa Clara,085,1922200,448190,440104,19450,459554,2541
2022-11-21,Santa Cruz,087,273765,65054,64515,3586,68101,276
2022-11-21,Shasta,089,179085,35620,35346,7874,43220,595
2022-11-21,Sierra,091,2930,308,308,60,368,5
2022-11-21,Siskiyou,093,43540,5267,5364,3379,8743,95
2022-11-21,Solano,095,438530,107899,106903,8104,115007,469
2022-11-21,Sonoma,097,501317,108937,108386,5404,113790,527
2022-11-21,Stanislaus,099,539301,139970,139293,21929,161222,1785
2022-11-21,Sutter,101,95872,24763,24642,2472,27114,234
2022-11-21,Tehama,103,63373,13924,13784,3211,16995,216
2022-11-21,Trinity,105,12862,1436,1422,449,1871,20
2022-11-21,Tulare,107,460477,123534,122707,37441,160148,1545
2022-11-21,Tuolumne,109,53932,15991,15805,934,16739,209
2022-11-21,Ventura,111,848112,212202,210938,16274,227212,1586
2022-11-21,Yolo,113,214977,48337,48092,4517,52609,355
2022-11-21,Yuba,115,75493,19255,19157,1762,20919,132
2022-11-20,Alameda,001,1643700,356906,354457,20261,374718,2054
2022-11-20,Alpine,002,1148,139,136,1,137,0
2022-11-20,Amador,005,37829,10146,10108,944,11052,95
2022-11-20,Butte,007,227075,40211,40058,9401,49459,461
2022-11-20,Calaveras,009,45235,8665,8612,585,9197,135
2022-11-20,Colusa,011,21464,3844,3828,1306,5134,22
2022-11-20,Contra Costa,013,1133247,257498,254944,21197,276141,1479
2022-11-20,Del Norte,015,27424,7539,7492,404,7896,56
2022-11-20,El Dorado,017,186661,33061,32903,4358,37261,233
2022-11-20,Fresno,019,978130,282673,277735,32475,310210,2888
2022-11-20,Glenn,021,27897,5634,5591,1900,7491,50
2022-11-20,Humboldt,023,135768,22443,22254,5287,27541,160
2022-11-20,Imperial,025,180216,66841,66473,16810,83283,960
2022-11-20,Inyo,027,18085,4575,4530,1086,5616,60
2022-11-20,Kern,029,883053,222321,221145,66419,287564,2430
2022-11-20,Kings,031,150075,60486,60156,4235,64391,462
2022-11-20,Lake,033,64148,13085,12978,1220,14198,149
2022-11-20,Lassen,035,31185,10104,10043,1015,11058,65
2022-11-20,Los Angeles,037,10098052,3337248,3320411,189964,3510375,33830
2022-11-20,Madera,039,155013,44679,44373,8405,52778,375
2022-11-20,Marin,041,260295,46399,46115,5378,51493,314
2022-11-20,Mariposa,043,17540,3184,3138,348,3486,32
2022-11-20,Mendocino,045,87422,16315,16205,4589,20794,136
2022-11-20,Merced,047,269075,74052,73022,12114,85136,875
2022-11-20,Modoc,049,8938,894,889,342,1231,11
2022-11-20,Mono,051,14174,3234,3226,272,3498,8
2022-11-20,Monterey,053,433212,95380,94949,21717,116666,773
2022-11-20,Napa,055,140530,32793,32610,1438,34048,161
2022-11-20,Nevada,057,99092,19383,19238,2007,21245,132
2022-11-20,Orange,059,3164182,679295,674980,66974,741954,7553
2022-11-20,Placer,061,380077,77542,76976,9860,86836,662
2022-11-20,Plumas,063,18699,3736,3729,446,4175,13
2022-11-20,Riverside,065,2383286,705478,702343,36513,738856,6686
2022-11-20,Sacramento,067,1510023,354512,352117,35610,387727,3362
2022-11-20,San Benito,069,59416,16604,16410,1000,17410,108
2022-11-20,San Bernardino,071,2135413,681283,677641,31491,709132,8131
2022-11-20,San Diego,073,3302833,938858,935811,73582,1009393,5557
2022-11-20,San Francisco,075,870044,184136,182855,12410,195265,1074
2022-11-20,San Joaquin,077,732212,201109,199682,15455,215137,2341
2022-11-20,San Luis Obispo,079,281455,64148,63812,7315,71127,530
2022-11-20,San Mateo,081,765935,173387,171862,10546,182408,748
2022-11-20,Santa Barbara,083,443738,107359,106885,7035,113920,733
2022-11-20,Santa Clara,085,1922200,447786,440104,19428,459532,2541
2022-11-20,Santa Cruz,087,273765,64984,64515,3582,68097,276
2022-11-20,Shasta,089,179085,35601,35346,7862,43208,595
2022-11-20,Sierra,091,2930,308,308,60,368,5
2022-11-20,Siskiyou,093,43540,5265,5364,3378,8742,95
2022-11-20,Solano,095,438530,107788,106903,8095,114998,469
2022-11-20,Sonoma,097,501317,108876,108386,5402,113788,527
2022-11-20,Stanislaus,099,539301,139879,139293,21908,161201,1785
2022-11-20,Sutter,101,95872,24746,24642,2471,27113,234
2022-11-20,Tehama,103,63373,13913,13784,3211,16995,216
2022-11-20,Trinity,105,12862,1436,1422,446,1868,20
2022-11-20,Tulare,107,460477,123466,122707,37397,160104,1545
2022-11-20,Tuolumne,109,53932,15979,15805,933,16738,209
2022-11-20,Ventura,111,848112,212071,210938,16250,227188,1586
2022-11-20,Yolo,113,214977,48311,48092,4508,52600,355
2022-11-20,Yuba,115,75493,19250,19157,1762,20919,132
2022-11-19,Alameda,001,1643700,356722,354457,20247,374704,2054
2022-11-19,Alpine,002,1148,139,136,1,137,0
2022-11-19,Amador,005,37829,10143,10108,944,11052,95
2022-11-19,Butte,007,227075,40199,40058,9391,49449,461
2022-11-19,Calaveras,009,45235,8662,8612,583,9195,135
2022-11-19,Colusa,011,21464,3842,3828,1306,5134,22
2022-11-19,Contra Costa,013,1133247,257400,254944,21194,276138,1479
2022-11-19,Del Norte,015,27424,7538,7492,404,7896,56
2022-11-19,El Dorado,017,186661,33037,32903,4357,37260,233
2022-11-19,Fresno,019,978130,282567,277735,32454,310189,2888
2022-11-19,Glenn,021,27897,5634,5591,1900,7491,50
2022-11-19,Humboldt,023,135768,22428,22254,5281,27535,160
2022-11-19,Imperial,025,180216,66819,66473,16802,83275,960
2022-11-19,Inyo,027,18085,4573,4530,1082,5612,60
2022-11-19,Kern,029,883053,222283,221145,66397,287542,2430
2022-11-19,Kings,031,150075,60464,60156,4233,64389,462
2022-11-19,Lake,033,64148,13081,12978,1220,14198,149
2022-11-19,Lassen,035,31185,10103,10043,1015,11058,65
2022-11-19,Los Angeles,037,10098052,3335737,3320411,189711,3510122,33830
2022-11-19,Madera,039,155013,44664,44373,8404,52777,375
2022-11-19,Marin,041,260295,46376,46115,5378,51493,314
2022-11-19,Mariposa,043,17540,3184,3138,348,3486,32
2022-11-19,Mendocino,045,87422,16312,16205,4584,20789,136
2022-11-19,Merced,047,269075,74028,73022,12110,85132,875
2022-11-19,Modoc,049,8938,894,889,342,1231,11
2022-11-19,Mono,051,14174,3234,3226,272,3498,8
2022-11-19,Monterey,053,433212,95354,94949,21704,116653,773
2022-11-19,Napa,055,140530,32782,32610,1436,34046,161
2022-11-19,Nevada,057,99092,19373,19238,2004,21242,132
2022-11-19,Orange,059,3164182,679067,674980,66899,741879,7553
2022-11-19,Placer,061,380077,77491,76976,9855,86831,662
2022-11-19,Plumas,063,18699,3736,3729,446,4175,13
2022-11-19,Riverside,065,2383286,705240,702343,36465,738808,6686
2022-11-19,Sacramento,067,1510023,354390,352117,35601,387718,3362
2022-11-19,San Benito,069,59416,16591,16410,1000,17410,108
2022-11-19,San Bernardino,071,2135413,681018,677641,31468,709109,8131
2022-11-19,San Diego,073,3302833,938620,935811,73541,1009352,5557
2022-11-19,San Francisco,075,870044,184040,182855,12406,195261,1074
2022-11-19,San Joaquin,077,732212,201019,199682,15427,215109,2341
2022-11-19,San Luis Obispo,079,281455,64133,63812,7311,71123,530
2022-11-19,San Mateo,081,765935,173304,171862,10542,182404,748
2022-11-19,Santa Barbara,083,443738,107322,106885,7030,113915,733
2022-11-19,Santa Clara,085,1922200,447565,440104,19416,459520,2541
2022-11-19,Santa Cruz,087,273765,64966,64515,3580,68095,276
2022-11-19,Shasta,089,179085,35592,35346,7855,43201,595
2022-11-19,Sierra,091,2930,308,308,60,368,5
2022-11-19,Siskiyou,093,43540,5258,5364,3378,8742,95
2022-11-19,Solano,095,438530,107757,106903,8090,114993,469
2022-11-19,Sonoma,097,501317,108851,108386,5401,113787,527
2022-11-19,Stanislaus,099,539301,139818,139293,21907,161200,1785
2022-11-19,Sutter,101,95872,24737,24642,2471,27113,234
2022-11-19,Tehama,103,63373,13906,13784,3210,16994,216
2022-11-19,Trinity,105,12862,1436,1422,446,1868,20
2022-11-19,Tulare,107,460477,123429,122707,37374,160081,1545
2022-11-19,Tuolumne,109,53932,15962,15805,932,16737,209
2022-11-19,Ventura,111,848112,211991,210938,16235,227173,1586
2022-11-19,Yolo,113,214977,48294,48092,4506,52598,355
2022-11-19,Yuba,115,75493,19244,19157,1762,20919,132
2022-11-18,Alameda,001,1643700,356526,354457,20230,374687,2054
2022-11-18,Alpine,002,1148,139,136,1,137,0
2022-11-18,Amador,005,37829,10137,10108,944,11052,95
2022-11-18,Butte,007,227075,40187,40058,9384,49442,461
2022-11-18,Calaveras,009,45235,8657,8612,583,9195,135
2022-11-18,Colusa,011,21464,3840,3828,1306,5134,22
2022-11-18,Contra Costa,013,1133247,257280,254944,21187,276131,1479
2022-11-18,Del Norte,015,27424,7536,7492,404,7896,56
2022-11-18,El Dorado,017,186661,33026,32903,4356,37259,233
2022-11-18,Fresno,019,978130,282453,277735,32434,310169,2888
2022-11-18,Glenn,021,27897,5633,5591,1900,7491,50
2022-11-18,Humboldt,023,135768,22415,22254,5277,27531,160
2022-11-18,Imperial,025,180216,66802,66473,16791,83264,960
2022-11-18,Inyo,027,18085,4571,4530,1077,5607,60
2022-11-18,Kern,029,883053,222249,221145,66348,287493,2430
2022-11-18,Kings,031,150075,60445,60156,4231,64387,462
2022-11-18,Lake,033,64148,13077,12978,1220,14198,149
2022-11-18,Lassen,035,31185,10103,10043,1015,11058,65
2022-11-18,Los Angeles,037,10098052,3334335,3320411,189447,3509858,33830
2022-11-18,Madera,039,155013,44642,44373,8398,52771,375
2022-11-18,Marin,041,260295,46355,46115,5374,51489,314
2022-11-18,Mariposa,043,17540,3177,3138,348,3486,32
2022-11-18,Mendocino,045,87422,16309,16205,4583,20788,136
2022-11-18,Merced,047,269075,74009,73022,12106,85128,875
2022-11-18,Modoc,049,8938,894,889,341,1230,11
2022-11-18,Mono,051,14174,3234,3226,271,3497,8
2022-11-18,Monterey,053,433212,95328,94949,21691,116640,773
2022-11-18,Napa,055,140530,32771,32610,1436,34046,161
2022-11-18,Nevada,057,99092,19366,19238,1995,21233,132
2022-11-18,Orange,059,3164182,678846,674980,66810,741790,7553
2022-11-18,Placer,061,380077,77455,76976,9849,86825,662
2022-11-18,Plumas,063,18699,3735,3729,445,4174,13
2022-11-18,Riverside,065,2383286,705018,702343,36424,738767,6686
2022-11-18,Sacramento,067,1510023,354228,352117,35585,387702,3362
2022-11-18,San Benito,069,59416,16588,16410,1000,17410,108
2022-11-18,San Bernardino,071,2135413,680791,677641,31450,709091,8131
2022-11-18,San Diego,073,3302833,938292,935811,73490,1009301,5557
2022-11-18,San Francisco,075,870044,183935,182855,12385,195240,1074
2022-11-18,San Joaquin,077,732212,200943,199682,15413,215095,2341
2022-11-18,San Luis Obispo,079,281455,64117,63812,7308,71120,530
2022-11-18,San Mateo,081,765935,173244,171862,10534,182396,748
2022-11-18,Santa Barbara,083,443738,107294,106885,7026,113911,733
2022-11-18,Santa Clara,085,1922200,447329,440104,19402,459506,2541
2022-11-18,Santa Cruz,087,273765,64943,64515,3577,68092,276
2022-11-18,Shasta,089,179085,35583,35346,7851,43197,595
2022-11-18,Sierra,091,2930,308,308,60,368,5
2022-11-18,Siskiyou,093,43540,5256,5364,3378,8742,95
2022-11-18,Solano,095,438530,107700,106903,8088,114991,469
2022-11-18,Sonoma,097,501317,108814,108386,5399,113785,527
2022-11-18,Stanislaus,099,539301,139769,139293,21901,161194,1785
2022-11-18,Sutter,101,95872,24730,24642,2471,27113,234
2022-11-18,Tehama,103,63373,13902,13784,3209,16993,216
2022-11-18,Trinity,105,12862,1436,1422,445,1867,20
2022-11-18,Tulare,107,460477,123385,122707,37341,160048,1545
2022-11-18,Tuolumne,109,53932,15949,15805,932,16737,209
2022-11-18,Ventura,111,848112,211913,210938,16214,227152,1586
2022-11-18,Yolo,113,214977,48278,48092,4501,52593,355
2022-11-18,Yuba,115,75493,19233,19157,1762,20919,132
2022-11-17,Alameda,001,1643700,356264,354457,20201,374658,2054
2022-11-17,Alpine,002,1148,138,136,1,137,0
2022-11-17,Amador,005,37829,10134,10108,944,11052,95
2022-11-17,Butte,007,227075,40164,40058,9373,49431,461
2022-11-17,Calaveras,009,45235,8652,8612,581,9193,135
2022-11-17,Colusa,011,21464,3840,3828,1306,5134,22
2022-11-17,Contra Costa,013,1133247,257126,254944,21178,276122,1479
2022-11-17,Del Norte,015,27424,7531,7492,404,7896,56
2022-11-17,El Dorado,017,186661,32996,32903,4356,37259,233
2022-11-17,Fresno,019,978130,282289,277735,32408,310143,2888
2022-11-17,Glenn,021,27897,5627,5591,1896,7487,50
2022-11-17,Humboldt,023,135768,22402,22254,5273,27527,160
2022-11-17,Imperial,025,180216,66751,66473,16752,83225,960
2022-11-17,Inyo,027,18085,4564,4530,1075,5605,60
2022-11-17,Kern,029,883053,222170,221145,66310,287455,2430
2022-11-17,Kings,031,150075,60410,60156,4225,64381,462
2022-11-17,Lake,033,64148,13071,12978,1220,14198,149
2022-11-17,Lassen,035,31185,10096,10043,1012,11055,65
2022-11-17,Los Angeles,037,10098052,3332390,3320411,189148,3509559,33830
2022-11-17,Madera,039,155013,44586,44373,8394,52767,375
2022-11-17,Marin,041,260295,46328,46115,5371,51486,314
2022-11-17,Mariposa,043,17540,3172,3138,348,3486,32
2022-11-17,Mendocino,045,87422,16303,16205,4583,20788,136
2022-11-17,Merced,047,269075,73970,73022,12103,85125,875
2022-11-17,Modoc,049,8938,892,889,341,1230,11
2022-11-17,Mono,051,14174,3233,3226,271,3497,8
2022-11-17,Monterey,053,433212,95299,94949,21666,116615,773
2022-11-17,Napa,055,140530,32747,32610,1435,34045,161
2022-11-17,Nevada,057,99092,19354,19238,1991,21229,132
2022-11-17,Orange,059,3164182,678515,674980,66695,741675,7553
2022-11-17,Placer,061,380077,77409,76976,9843,86819,662
2022-11-17,Plumas,063,18699,3731,3729,445,4174,13
2022-11-17,Riverside,065,2383286,704711,702343,36381,738724,6686
2022-11-17,Sacramento,067,1510023,354004,352117,35556,387673,3362
2022-11-17,San Benito,069,59416,16580,16410,998,17408,108
2022-11-17,San Bernardino,071,2135413,680473,677641,31419,709060,8131
2022-11-17,San Diego,073,3302833,937886,935811,73438,1009249,5557
2022-11-17,San Francisco,075,870044,183804,182855,12367,195222,1074
2022-11-17,San Joaquin,077,732212,200824,199682,15373,215055,2341
2022-11-17,San Luis Obispo,079,281455,64096,63812,7305,71117,530
2022-11-17,San Mateo,081,765935,173143,171862,10533,182395,748
2022-11-17,Santa Barbara,083,443738,107254,106885,7023,113908,733
2022-11-17,Santa Clara,085,1922200,446983,440104,19380,459484,2541
2022-11-17,Santa Cruz,087,273765,64906,64515,3575,68090,276
2022-11-17,Shasta,089,179085,35571,35346,7842,43188,595
2022-11-17,Sierra,091,2930,308,308,60,368,5
2022-11-17,Siskiyou,093,43540,5253,5364,3378,8742,95
2022-11-17,Solano,095,438530,107634,106903,8084,114987,469
2022-11-17,Sonoma,097,501317,108762,108386,5398,113784,527
2022-11-17,Stanislaus,099,539301,139709,139293,21888,161181,1785
2022-11-17,Sutter,101,95872,24719,24642,2471,27113,234
2022-11-17,Tehama,103,63373,13888,13784,3207,16991,216
2022-11-17,Trinity,105,12862,1434,1422,442,1864,20
2022-11-17,Tulare,107,460477,123317,122707,37308,160015,1545
2022-11-17,Tuolumne,109,53932,15933,15805,932,16737,209
2022-11-17,Ventura,111,848112,211812,210938,16193,227131,1586
2022-11-17,Yolo,113,214977,48267,48092,4496,52588,355
2022-11-17,Yuba,115,75493,19218,19157,1760,20917,132
2022-11-16,Alameda,001,1643700,356030,354457,20179,374636,2054
2022-11-16,Alpine,002,1148,138,136,1,137,0
2022-11-16,Amador,005,37829,10127,10108,944,11052,95
2022-11-16,Butte,007,227075,40141,40058,9357,49415,461
2022-11-16,Calaveras,009,45235,8645,8612,580,9192,135
2022-11-16,Colusa,011,21464,3838,3828,1305,5133,22
2022-11-16,Contra Costa,013,1133247,256993,254944,21158,276102,1479
2022-11-16,Del Norte,015,27424,7531,7492,404,7896,56
2022-11-16,El Dorado,017,186661,32973,32903,4355,37258,233
2022-11-16,Fresno,019,978130,282132,277735,32381,310116,2888
2022-11-16,Glenn,021,27897,5624,5591,1895,7486,50
2022-11-16,Humboldt,023,135768,22382,22254,5267,27521,160
2022-11-16,Imperial,025,180216,66712,66473,16689,83162,960
2022-11-16,Inyo,027,18085,4559,4530,1068,5598,60
2022-11-16,Kern,029,883053,222087,221145,66262,287407,2430
2022-11-16,Kings,031,150075,60351,60156,4221,64377,462
2022-11-16,Lake,033,64148,13056,12978,1220,14198,149
2022-11-16,Lassen,035,31185,10092,10043,1010,11053,65
2022-11-16,Los Angeles,037,10098052,3330568,3320411,188817,3509228,33830
2022-11-16,Madera,039,155013,44566,44373,8388,52761,375
2022-11-16,Marin,041,260295,46302,46115,5366,51481,314
2022-11-16,Mariposa,043,17540,3172,3138,348,3486,32
2022-11-16,Mendocino,045,87422,16297,16205,4582,20787,136
2022-11-16,Merced,047,269075,73919,73022,12097,85119,875
2022-11-16,Modoc,049,8938,891,889,341,1230,11
2022-11-16,Mono,051,14174,3233,3226,271,3497,8
2022-11-16,Monterey,053,433212,95261,94949,21642,116591,773
2022-11-16,Napa,055,140530,32716,32610,1432,34042,161
2022-11-16,Nevada,057,99092,19343,19238,1988,21226,132
2022-11-16,Orange,059,3164182,678183,674980,66576,741556,7553
2022-11-16,Placer,061,380077,77350,76976,9841,86817,662
2022-11-16,Plumas,063,18699,3731,3729,445,4174,13
2022-11-16,Riverside,065,2383286,704389,702343,36319,738662,6686
2022-11-16,Sacramento,067,1510023,353756,352117,35524,387641,3362
2022-11-16,San Benito,069,59416,16571,16410,996,17406,108
2022-11-16,San Bernardino,071,2135413,680101,677641,31402,709043,8131
2022-11-16,San Diego,073,3302833,937419,935811,73382,1009193,5557
2022-11-16,San Francisco,075,870044,183670,182855,12357,195212,1074
2022-11-16,San Joaquin,077,732212,200703,199682,15361,215043,2341
2022-11-16,San Luis Obispo,079,281455,64073,63812,7300,71112,530
2022-11-16,San Mateo,081,765935,173034,171862,10530,182392,748
2022-11-16,Santa Barbara,083,443738,107204,106885,7013,113898,733
2022-11-16,Santa Clara,085,1922200,446641,440104,19367,459471,2541
2022-11-16,Santa Cruz,087,273765,64864,64515,3573,68088,276
2022-11-16,Shasta,089,179085,35560,35346,7835,43181,595
2022-11-16,Sierra,091,2930,308,308,60,368,5
2022-11-16,Siskiyou,093,43540,5250,5364,3377,8741,95
2022-11-16,Solano,095,438530,107565,106903,8078,114981,469
2022-11-16,Sonoma,097,501317,108711,108386,5396,113782,527
2022-11-16,Stanislaus,099,539301,139648,139293,21876,161169,1785
2022-11-16,Sutter,101,95872,24704,24642,2471,27113,234
2022-11-16,Tehama,103,63373,13877,13784,3193,16977,216
2022-11-16,Trinity,105,12862,1433,1422,441,1863,20
2022-11-16,Tulare,107,460477,123258,122707,37270,159977,1545
2022-11-16,Tuolumne,109,53932,15918,15805,932,16737,209
2022-11-16,Ventura,111,848112,211696,210938,16171,227109,1586
2022-11-16,Yolo,113,214977,48244,48092,4489,52581,355
2022-11-16,Yuba,115,75493,19204,19157,1760,20917,132
2022-11-15,Alameda,001,1643700,355793,354457,20169,374626,2054
2022-11-15,Alpine,002,1148,138,136,1,137,0
2022-11-15,Amador,005,37829,10121,10108,944,11052,95
2022-11-15,Butte,007,227075,40124,40058,9350,49408,461
2022-11-15,Calaveras,009,45235,8639,8612,580,9192,135
2022-11-15,Colusa,011,21464,3837,3828,1305,5133,22
2022-11-15,Contra Costa,013,1133247,256836,254944,21136,276080,1479
2022-11-15,Del Norte,015,27424,7529,7492,404,7896,56
2022-11-15,El Dorado,017,186661,32948,32903,4350,37253,233
2022-11-15,Fresno,019,978130,281962,277735,32345,310080,2888
2022-11-15,Glenn,021,27897,5620,5591,1894,7485,50
2022-11-15,Humboldt,023,135768,22365,22254,5261,27515,160
2022-11-15,Imperial,025,180216,66675,66473,16653,83126,960
2022-11-15,Inyo,027,18085,4555,4530,1064,5594,60
2022-11-15,Kern,029,883053,221998,221145,65894,287039,2430
2022-11-15,Kings,031,150075,60314,60156,4218,64374,462
2022-11-15,Lake,033,64148,13048,12978,1220,14198,149
2022-11-15,Lassen,035,31185,10085,10043,1009,11052,65
2022-11-15,Los Angeles,037,10098052,3328684,3320411,188543,3508954,33830
2022-11-15,Madera,039,155013,44546,44373,8385,52758,375
2022-11-15,Marin,041,260295,46279,46115,5363,51478,314
2022-11-15,Mariposa,043,17540,3169,3138,348,3486,32
2022-11-15,Mendocino,045,87422,16291,16205,4578,20783,136
2022-11-15,Merced,047,269075,73889,73022,12089,85111,875
2022-11-15,Modoc,049,8938,890,889,341,1230,11
2022-11-15,Mono,051,14174,3233,3226,271,3497,8
2022-11-15,Monterey,053,433212,95229,94949,21609,116558,773
2022-11-15,Napa,055,140530,32692,32610,1431,34041,161
2022-11-15,Nevada,057,99092,19330,19238,1982,21220,132
2022-11-15,Orange,059,3164182,677828,674980,66454,741434,7553
2022-11-15,Placer,061,380077,77302,76976,9833,86809,662
2022-11-15,Plumas,063,18699,3730,3729,445,4174,13
2022-11-15,Riverside,065,2383286,704064,702343,36271,738614,6686
2022-11-15,Sacramento,067,1510023,353505,352117,35493,387610,3362
2022-11-15,San Benito,069,59416,16568,16410,996,17406,108
2022-11-15,San Bernardino,071,2135413,679823,677641,31375,709016,8131
2022-11-15,San Diego,073,3302833,936951,935811,73329,1009140,5557
2022-11-15,San Francisco,075,870044,183538,182855,12345,195200,1074
2022-11-15,San Joaquin,077,732212,200586,199682,15345,215027,2341
2022-11-15,San Luis Obispo,079,281455,64040,63812,7295,71107,530
2022-11-15,San Mateo,081,765935,172922,171862,10526,182388,748
2022-11-15,Santa Barbara,083,443738,107161,106885,7008,113893,733
2022-11-15,Santa Clara,085,1922200,446318,440104,19355,459459,2541
2022-11-15,Santa Cruz,087,273765,64824,64515,3568,68083,276
2022-11-15,Shasta,089,179085,35546,35346,7820,43166,595
2022-11-15,Sierra,091,2930,308,308,60,368,5
2022-11-15,Siskiyou,093,43540,5246,5364,3377,8741,95
2022-11-15,Solano,095,438530,107479,106903,8071,114974,469
2022-11-15,Sonoma,097,501317,108669,108386,5390,113776,527
2022-11-15,Stanislaus,099,539301,139581,139293,21850,161143,1785
2022-11-15,Sutter,101,95872,24693,24642,2470,27112,234
2022-11-15,Tehama,103,63373,13863,13784,3188,16972,216
2022-11-15,Trinity,105,12862,1432,1422,441,1863,20
2022-11-15,Tulare,107,460477,123187,122707,37227,159934,1545
2022-11-15,Tuolumne,109,53932,15912,15805,932,16737,209
2022-11-15,Ventura,111,848112,211584,210938,16159,227097,1586
2022-11-15,Yolo,113,214977,48220,48092,4482,52574,355
2022-11-15,Yuba,115,75493,19194,19157,1758,20915,132
2022-11-14,Alameda,001,1643700,355514,352725,20139,372864,2050
2022-11-14,Alpine,002,1148,138,136,1,137,0
2022-11-14,Amador,005,37829,10121,10080,944,11024,95
2022-11-14,Butte,007,227075,40099,39935,9343,49278,461
2022-11-14,Calaveras,009,45235,8633,8590,580,9170,135
2022-11-14,Colusa,011,21464,3837,3822,1304,5126,22
2022-11-14,Contra Costa,013,1133247,256684,253870,21128,274998,1469
2022-11-14,Del Norte,015,27424,7528,7472,404,7876,56
2022-11-14,El Dorado,017,186661,32927,32713,4350,37063,232
2022-11-14,Fresno,019,978130,281815,276921,32315,309236,2887
2022-11-14,Glenn,021,27897,5618,5570,1893,7463,48
2022-11-14,Humboldt,023,135768,22343,22176,5251,27427,160
2022-11-14,Imperial,025,180216,66627,66182,16613,82795,960
2022-11-14,Inyo,027,18085,4553,4520,1059,5579,60
2022-11-14,Kern,029,883053,221924,220676,65840,286516,2430
2022-11-14,Kings,031,150075,60240,59955,4212,64167,461
2022-11-14,Lake,033,64148,13041,12931,1216,14147,149
2022-11-14,Lassen,035,31185,10071,10019,1008,11027,65
2022-11-14,Los Angeles,037,10098052,3326907,3311644,188216,3499860,33784
2022-11-14,Madera,039,155013,44529,44281,8382,52663,375
2022-11-14,Marin,041,260295,46249,45924,5361,51285,314
2022-11-14,Mariposa,043,17540,3169,3124,348,3472,32
2022-11-14,Mendocino,045,87422,16281,16164,4574,20738,136
2022-11-14,Merced,047,269075,73861,72817,12081,84898,870
2022-11-14,Modoc,049,8938,890,887,334,1221,11
2022-11-14,Mono,051,14174,3233,3218,271,3489,8
2022-11-14,Monterey,053,433212,95193,94708,21575,116283,772
2022-11-14,Napa,055,140530,32670,32510,1429,33939,162
2022-11-14,Nevada,057,99092,19321,19171,1977,21148,132
2022-11-14,Orange,059,3164182,677529,673328,66340,739668,7546
2022-11-14,Placer,061,380077,77241,76490,9826,86316,662
2022-11-14,Plumas,063,18699,3730,3723,445,4168,13
2022-11-14,Riverside,065,2383286,703719,700602,36217,736819,6660
2022-11-14,Sacramento,067,1510023,353253,350522,35458,385980,3358
2022-11-14,San Benito,069,59416,16559,16350,995,17345,108
2022-11-14,San Bernardino,071,2135413,679427,676086,31334,707420,8126
2022-11-14,San Diego,073,3302833,936363,933599,73271,1006870,5538
2022-11-14,San Francisco,075,870044,183388,181964,12337,194301,1072
2022-11-14,San Joaquin,077,732212,200470,199089,15331,214420,2340
2022-11-14,San Luis Obispo,079,281455,64011,63683,7292,70975,525
2022-11-14,San Mateo,081,765935,172780,171191,10519,181710,748
2022-11-14,Santa Barbara,083,443738,107102,106642,7007,113649,733
2022-11-14,Santa Clara,085,1922200,445980,438278,19333,457611,2535
2022-11-14,Santa Cruz,087,273765,64768,64221,3562,67783,274
2022-11-14,Shasta,089,179085,35521,35246,7807,43053,594
2022-11-14,Sierra,091,2930,308,309,60,369,5
2022-11-14,Siskiyou,093,43540,5243,5337,3376,8713,94
2022-11-14,Solano,095,438530,107409,106391,8065,114456,468
2022-11-14,Sonoma,097,501317,108611,108080,5384,113464,525
2022-11-14,Stanislaus,099,539301,139525,138963,21841,160804,1785
2022-11-14,Sutter,101,95872,24671,24537,2470,27007,235
2022-11-14,Tehama,103,63373,13850,13745,3185,16930,216
2022-11-14,Trinity,105,12862,1431,1414,439,1853,20
2022-11-14,Tulare,107,460477,123104,122447,37198,159645,1544
2022-11-14,Tuolumne,109,53932,15894,15727,932,16659,201
2022-11-14,Ventura,111,848112,211474,210439,16141,226580,1585
2022-11-14,Yolo,113,214977,48205,47953,4479,52432,354
2022-11-14,Yuba,115,75493,19185,19098,1758,20856,132
2022-11-13,Alameda,001,1643700,355190,352725,20116,372841,2050
2022-11-13,Alpine,002,1148,137,136,1,137,0
2022-11-13,Amador,005,37829,10118,10080,943,11023,95
2022-11-13,Butte,007,227075,40070,39935,9335,49270,461
2022-11-13,Calaveras,009,45235,8630,8590,577,9167,135
2022-11-13,Colusa,011,21464,3835,3822,1302,5124,22
2022-11-13,Contra Costa,013,1133247,256488,253870,21111,274981,1469
2022-11-13,Del Norte,015,27424,7524,7472,404,7876,56
2022-11-13,El Dorado,017,186661,32903,32713,4347,37060,232
2022-11-13,Fresno,019,978130,281632,276921,32284,309205,2887
2022-11-13,Glenn,021,27897,5610,5570,1893,7463,48
2022-11-13,Humboldt,023,135768,22325,22176,5243,27419,160
2022-11-13,Imperial,025,180216,66564,66182,16564,82746,960
2022-11-13,Inyo,027,18085,4548,4520,1058,5578,60
2022-11-13,Kern,029,883053,221808,220676,65760,286436,2430
2022-11-13,Kings,031,150075,60199,59955,4195,64150,461
2022-11-13,Lake,033,64148,13020,12931,1215,14146,149
2022-11-13,Lassen,035,31185,10055,10019,1008,11027,65
2022-11-13,Los Angeles,037,10098052,3324949,3311644,187916,3499560,33784
2022-11-13,Madera,039,155013,44512,44281,8369,52650,375
2022-11-13,Marin,041,260295,46216,45924,5360,51284,314
2022-11-13,Mariposa,043,17540,3166,3124,348,3472,32
2022-11-13,Mendocino,045,87422,16271,16164,4563,20727,136
2022-11-13,Merced,047,269075,73821,72817,12072,84889,870
2022-11-13,Modoc,049,8938,890,887,331,1218,11
2022-11-13,Mono,051,14174,3233,3218,271,3489,8
2022-11-13,Monterey,053,433212,95148,94708,21541,116249,772
2022-11-13,Napa,055,140530,32651,32510,1428,33938,162
2022-11-13,Nevada,057,99092,19299,19171,1964,21135,132
2022-11-13,Orange,059,3164182,677174,673328,66209,739537,7546
2022-11-13,Placer,061,380077,77173,76490,9823,86313,662
2022-11-13,Plumas,063,18699,3729,3723,445,4168,13
2022-11-13,Riverside,065,2383286,703328,700602,36156,736758,6660
2022-11-13,Sacramento,067,1510023,352998,350522,35410,385932,3358
2022-11-13,San Benito,069,59416,16550,16350,994,17344,108
2022-11-13,San Bernardino,071,2135413,679027,676086,31302,707388,8126
2022-11-13,San Diego,073,3302833,935786,933599,73207,1006806,5538
2022-11-13,San Francisco,075,870044,183246,181964,12326,194290,1072
2022-11-13,San Joaquin,077,732212,200323,199089,15315,214404,2340
2022-11-13,San Luis Obispo,079,281455,63990,63683,7291,70974,525
2022-11-13,San Mateo,081,765935,172649,171191,10515,181706,748
2022-11-13,Santa Barbara,083,443738,107040,106642,6996,113638,733
2022-11-13,Santa Clara,085,1922200,445603,438278,19315,457593,2535
2022-11-13,Santa Cruz,087,273765,64704,64221,3559,67780,274
2022-11-13,Shasta,089,179085,35497,35246,7797,43043,594
2022-11-13,Sierra,091,2930,308,309,60,369,5
2022-11-13,Siskiyou,093,43540,5236,5337,3374,8711,94
2022-11-13,Solano,095,438530,107312,106391,8062,114453,468
2022-11-13,Sonoma,097,501317,108557,108080,5380,113460,525
2022-11-13,Stanislaus,099,539301,139463,138963,21832,160795,1785
2022-11-13,Sutter,101,95872,24658,24537,2468,27005,235
2022-11-13,Tehama,103,63373,13832,13745,3181,16926,216
2022-11-13,Trinity,105,12862,1430,1414,437,1851,20
2022-11-13,Tulare,107,460477,123036,122447,37157,159604,1544
2022-11-13,Tuolumne,109,53932,15882,15727,932,16659,201
2022-11-13,Ventura,111,848112,211359,210439,16127,226566,1585
2022-11-13,Yolo,113,214977,48179,47953,4476,52429,354
2022-11-13,Yuba,115,75493,19171,19098,1756,20854,132
2022-11-12,Alameda,001,1643700,355037,352725,20099,372824,2050
2022-11-12,Alpine,002,1148,137,136,1,137,0
2022-11-12,Amador,005,37829,10117,10080,943,11023,95
2022-11-12,Butte,007,227075,40058,39935,9325,49260,461
2022-11-12,Calaveras,009,45235,8624,8590,576,9166,135
2022-11-12,Colusa,011,21464,3834,3822,1301,5123,22
2022-11-12,Contra Costa,013,1133247,256361,253870,21108,274978,1469
2022-11-12,Del Norte,015,27424,7523,7472,404,7876,56
2022-11-12,El Dorado,017,186661,32886,32713,4345,37058,232
2022-11-12,Fresno,019,978130,281565,276921,32273,309194,2887
2022-11-12,Glenn,021,27897,5606,5570,1893,7463,48
2022-11-12,Humboldt,023,135768,22314,22176,5236,27412,160
2022-11-12,Imperial,025,180216,66551,66182,16552,82734,960
2022-11-12,Inyo,027,18085,4546,4520,1058,5578,60
2022-11-12,Kern,029,883053,221767,220676,65735,286411,2430
2022-11-12,Kings,031,150075,60167,59955,4190,64145,461
2022-11-12,Lake,033,64148,13015,12931,1215,14146,149
2022-11-12,Lassen,035,31185,10050,10019,1008,11027,65
2022-11-12,Los Angeles,037,10098052,3323970,3311644,187747,3499391,33784
2022-11-12,Madera,039,155013,44502,44281,8369,52650,375
2022-11-12,Marin,041,260295,46199,45924,5359,51283,314
2022-11-12,Mariposa,043,17540,3165,3124,348,3472,32
2022-11-12,Mendocino,045,87422,16267,16164,4563,20727,136
2022-11-12,Merced,047,269075,73803,72817,12070,84887,870
2022-11-12,Modoc,049,8938,890,887,331,1218,11
2022-11-12,Mono,051,14174,3232,3218,271,3489,8
2022-11-12,Monterey,053,433212,95120,94708,21517,116225,772
2022-11-12,Napa,055,140530,32639,32510,1428,33938,162
2022-11-12,Nevada,057,99092,19290,19171,1963,21134,132
2022-11-12,Orange,059,3164182,677011,673328,66134,739462,7546
2022-11-12,Placer,061,380077,77126,76490,9821,86311,662
2022-11-12,Plumas,063,18699,3729,3723,445,4168,13
2022-11-12,Riverside,065,2383286,703147,700602,36119,736721,6660
2022-11-12,Sacramento,067,1510023,352883,350522,35399,385921,3358
2022-11-12,San Benito,069,59416,16546,16350,994,17344,108
2022-11-12,San Bernardino,071,2135413,678807,676086,31286,707372,8126
2022-11-12,San Diego,073,3302833,935546,933599,73173,1006772,5538
2022-11-12,San Francisco,075,870044,183179,181964,12318,194282,1072
2022-11-12,San Joaquin,077,732212,200264,199089,15307,214396,2340
2022-11-12,San Luis Obispo,079,281455,63976,63683,7288,70971,525
2022-11-12,San Mateo,081,765935,172583,171191,10507,181698,748
2022-11-12,Santa Barbara,083,443738,107019,106642,6993,113635,733
2022-11-12,Santa Clara,085,1922200,445398,438278,19304,457582,2535
2022-11-12,Santa Cruz,087,273765,64691,64221,3556,67777,274
2022-11-12,Shasta,089,179085,35484,35246,7793,43039,594
2022-11-12,Sierra,091,2930,308,309,60,369,5
2022-11-12,Siskiyou,093,43540,5231,5337,3373,8710,94
2022-11-12,Solano,095,438530,107279,106391,8056,114447,468
2022-11-12,Sonoma,097,501317,108535,108080,5376,113456,525
2022-11-12,Stanislaus,099,539301,139423,138963,21829,160792,1785
2022-11-12,Sutter,101,95872,24648,24537,2468,27005,235
2022-11-12,Tehama,103,63373,13826,13745,3174,16919,216
2022-11-12,Trinity,105,12862,1429,1414,436,1850,20
2022-11-12,Tulare,107,460477,122999,122447,37140,159587,1544
2022-11-12,Tuolumne,109,53932,15871,15727,932,16659,201
2022-11-12,Ventura,111,848112,211284,210439,16116,226555,1585
2022-11-12,Yolo,113,214977,48154,47953,4473,52426,354
2022-11-12,Yuba,115,75493,19164,19098,1754,20852,132
2022-11-11,Alameda,001,1643700,354890,352725,20087,372812,2050
2022-11-11,Alpine,002,1148,137,136,1,137,0
2022-11-11,Amador,005,37829,10109,10080,943,11023,95
2022-11-11,Butte,007,227075,40050,39935,9318,49253,461
2022-11-11,Calaveras,009,45235,8621,8590,576,9166,135
2022-11-11,Colusa,011,21464,3829,3822,1300,5122,22
2022-11-11,Contra Costa,013,1133247,256254,253870,21103,274973,1469
2022-11-11,Del Norte,015,27424,7518,7472,404,7876,56
2022-11-11,El Dorado,017,186661,32872,32713,4342,37055,232
2022-11-11,Fresno,019,978130,281487,276921,32260,309181,2887
2022-11-11,Glenn,021,27897,5604,5570,1893,7463,48
2022-11-11,Humboldt,023,135768,22301,22176,5233,27409,160
2022-11-11,Imperial,025,180216,66535,66182,16539,82721,960
2022-11-11,Inyo,027,18085,4545,4520,1055,5575,60
2022-11-11,Kern,029,883053,221722,220676,65694,286370,2430
2022-11-11,Kings,031,150075,60151,59955,4185,64140,461
2022-11-11,Lake,033,64148,13012,12931,1215,14146,149
2022-11-11,Lassen,035,31185,10048,10019,1008,11027,65
2022-11-11,Los Angeles,037,10098052,3323019,3311644,187572,3499216,33784
2022-11-11,Madera,039,155013,44485,44281,8363,52644,375
2022-11-11,Marin,041,260295,46173,45924,5358,51282,314
2022-11-11,Mariposa,043,17540,3163,3124,348,3472,32
2022-11-11,Mendocino,045,87422,16263,16164,4563,20727,136
2022-11-11,Merced,047,269075,73783,72817,12066,84883,870
2022-11-11,Modoc,049,8938,889,887,331,1218,11
2022-11-11,Mono,051,14174,3231,3218,271,3489,8
2022-11-11,Monterey,053,433212,95105,94708,21500,116208,772
2022-11-11,Napa,055,140530,32629,32510,1427,33937,162
2022-11-11,Nevada,057,99092,19282,19171,1963,21134,132
2022-11-11,Orange,059,3164182,676846,673328,66069,739397,7546
2022-11-11,Placer,061,380077,77100,76490,9819,86309,662
2022-11-11,Plumas,063,18699,3729,3723,445,4168,13
2022-11-11,Riverside,065,2383286,702982,700602,36095,736697,6660
2022-11-11,Sacramento,067,1510023,352759,350522,35391,385913,3358
2022-11-11,San Benito,069,59416,16543,16350,994,17344,108
2022-11-11,San Bernardino,071,2135413,678615,676086,31273,707359,8126
2022-11-11,San Diego,073,3302833,935267,933599,73150,1006749,5538
2022-11-11,San Francisco,075,870044,183105,181964,12306,194270,1072
2022-11-11,San Joaquin,077,732212,200197,199089,15298,214387,2340
2022-11-11,San Luis Obispo,079,281455,63967,63683,7287,70970,525
2022-11-11,San Mateo,081,765935,172511,171191,10506,181697,748
2022-11-11,Santa Barbara,083,443738,107008,106642,6991,113633,733
2022-11-11,Santa Clara,085,1922200,445224,438278,19299,457577,2535
2022-11-11,Santa Cruz,087,273765,64661,64221,3556,67777,274
2022-11-11,Shasta,089,179085,35474,35246,7789,43035,594
2022-11-11,Sierra,091,2930,308,309,60,369,5
2022-11-11,Siskiyou,093,43540,5229,5337,3373,8710,94
2022-11-11,Solano,095,438530,107251,106391,8053,114444,468
2022-11-11,Sonoma,097,501317,108502,108080,5374,113454,525
2022-11-11,Stanislaus,099,539301,139383,138963,21822,160785,1785
2022-11-11,Sutter,101,95872,24640,24537,2468,27005,235
2022-11-11,Tehama,103,63373,13818,13745,3172,16917,216
2022-11-11,Trinity,105,12862,1426,1414,436,1850,20
2022-11-11,Tulare,107,460477,122968,122447,37118,159565,1544
2022-11-11,Tuolumne,109,53932,15861,15727,932,16659,201
2022-11-11,Ventura,111,848112,211219,210439,16101,226540,1585
2022-11-11,Yolo,113,214977,48142,47953,4472,52425,354
2022-11-11,Yuba,115,75493,19157,19098,1754,20852,132
2022-11-10,Alameda,001,1643700,354694,352725,20077,372802,2050
2022-11-10,Alpine,002,1148,137,136,1,137,0
2022-11-10,Amador,005,37829,10109,10080,943,11023,95
2022-11-10,Butte,007,227075,40036,39935,9314,49249,461
2022-11-10,Calaveras,009,45235,8618,8590,574,9164,135
2022-11-10,Colusa,011,21464,3829,3822,1298,5120,22
2022-11-10,Contra Costa,013,1133247,256132,253870,21098,274968,1469
2022-11-10,Del Norte,015,27424,7517,7472,404,7876,56
2022-11-10,El Dorado,017,186661,32849,32713,4341,37054,232
2022-11-10,Fresno,019,978130,281374,276921,32248,309169,2887
2022-11-10,Glenn,021,27897,5602,5570,1893,7463,48
2022-11-10,Humboldt,023,135768,22295,22176,5229,27405,160
2022-11-10,Imperial,025,180216,66506,66182,16506,82688,960
2022-11-10,Inyo,027,18085,4544,4520,1053,5573,60
2022-11-10,Kern,029,883053,221668,220676,65643,286319,2430
2022-11-10,Kings,031,150075,60132,59955,4184,64139,461
2022-11-10,Lake,033,64148,13010,12931,1214,14145,149
2022-11-10,Lassen,035,31185,10045,10019,1008,11027,65
2022-11-10,Los Angeles,037,10098052,3321745,3311644,187397,3499041,33784
2022-11-10,Madera,039,155013,44471,44281,8357,52638,375
2022-11-10,Marin,041,260295,46151,45924,5358,51282,314
2022-11-10,Mariposa,043,17540,3163,3124,348,3472,32
2022-11-10,Mendocino,045,87422,16256,16164,4562,20726,136
2022-11-10,Merced,047,269075,73768,72817,12064,84881,870
2022-11-10,Modoc,049,8938,888,887,331,1218,11
2022-11-10,Mono,051,14174,3230,3218,271,3489,8
2022-11-10,Monterey,053,433212,95081,94708,21471,116179,772
2022-11-10,Napa,055,140530,32616,32510,1426,33936,162
2022-11-10,Nevada,057,99092,19272,19171,1961,21132,132
2022-11-10,Orange,059,3164182,676640,673328,66006,739334,7546
2022-11-10,Placer,061,380077,77056,76490,9816,86306,662
2022-11-10,Plumas,063,18699,3729,3723,445,4168,13
2022-11-10,Riverside,065,2383286,702805,700602,36057,736659,6660
2022-11-10,Sacramento,067,1510023,352589,350522,35378,385900,3358
2022-11-10,San Benito,069,59416,16542,16350,994,17344,108
2022-11-10,San Bernardino,071,2135413,678390,676086,31256,707342,8126
2022-11-10,San Diego,073,3302833,935007,933599,73115,1006714,5538
2022-11-10,San Francisco,075,870044,182999,181964,12297,194261,1072
2022-11-10,San Joaquin,077,732212,200119,199089,15288,214377,2340
2022-11-10,San Luis Obispo,079,281455,63952,63683,7285,70968,525
2022-11-10,San Mateo,081,765935,172421,171191,10504,181695,748
2022-11-10,Santa Barbara,083,443738,106990,106642,6985,113627,733
2022-11-10,Santa Clara,085,1922200,444976,438278,19283,457561,2535
2022-11-10,Santa Cruz,087,273765,64631,64221,3551,67772,274
2022-11-10,Shasta,089,179085,35462,35246,7785,43031,594
2022-11-10,Sierra,091,2930,308,309,60,369,5
2022-11-10,Siskiyou,093,43540,5226,5337,3372,8709,94
2022-11-10,Solano,095,438530,107189,106391,8050,114441,468
2022-11-10,Sonoma,097,501317,108468,108080,5373,113453,525
2022-11-10,Stanislaus,099,539301,139338,138963,21820,160783,1785
2022-11-10,Sutter,101,95872,24626,24537,2468,27005,235
2022-11-10,Tehama,103,63373,13817,13745,3169,16914,216
2022-11-10,Trinity,105,12862,1426,1414,436,1850,20
2022-11-10,Tulare,107,460477,122911,122447,37077,159524,1544
2022-11-10,Tuolumne,109,53932,15852,15727,931,16658,201
2022-11-10,Ventura,111,848112,211124,210439,16087,226526,1585
2022-11-10,Yolo,113,214977,48127,47953,4471,52424,354
2022-11-10,Yuba,115,75493,19152,19098,1753,20851,132
2022-11-09,Alameda,001,1643700,354459,352725,20058,372783,2050
2022-11-09,Alpine,002,1148,137,136,1,137,0
2022-11-09,Amador,005,37829,10107,10080,943,11023,95
2022-11-09,Butte,007,227075,40013,39935,9304,49239,461
2022-11-09,Calaveras,009,45235,8612,8590,572,9162,135
2022-11-09,Colusa,011,21464,3828,3822,1295,5117,22
2022-11-09,Contra Costa,013,1133247,255996,253870,21088,274958,1469
2022-11-09,Del Norte,015,27424,7516,7472,404,7876,56
2022-11-09,El Dorado,017,186661,32824,32713,4340,37053,232
2022-11-09,Fresno,019,978130,281265,276921,32236,309157,2887
2022-11-09,Glenn,021,27897,5601,5570,1893,7463,48
2022-11-09,Humboldt,023,135768,22283,22176,5224,27400,160
2022-11-09,Imperial,025,180216,66468,66182,16458,82640,960
2022-11-09,Inyo,027,18085,4543,4520,1049,5569,60
2022-11-09,Kern,029,883053,221597,220676,65584,286260,2430
2022-11-09,Kings,031,150075,60086,59955,4179,64134,461
2022-11-09,Lake,033,64148,13005,12931,1210,14141,149
2022-11-09,Lassen,035,31185,10042,10019,1008,11027,65
2022-11-09,Los Angeles,037,10098052,3320274,3311644,187206,3498850,33784
2022-11-09,Madera,039,155013,44458,44281,8354,52635,375
2022-11-09,Marin,041,260295,46130,45924,5354,51278,314
2022-11-09,Mariposa,043,17540,3161,3124,348,3472,32
2022-11-09,Mendocino,045,87422,16253,16164,4559,20723,136
2022-11-09,Merced,047,269075,73740,72817,12060,84877,870
2022-11-09,Modoc,049,8938,888,887,331,1218,11
2022-11-09,Mono,051,14174,3229,3218,270,3488,8
2022-11-09,Monterey,053,433212,95050,94708,21450,116158,772
2022-11-09,Napa,055,140530,32597,32510,1425,33935,162
2022-11-09,Nevada,057,99092,19268,19171,1955,21126,132
2022-11-09,Orange,059,3164182,676397,673328,65902,739230,7546
2022-11-09,Placer,061,380077,77010,76490,9811,86301,662
2022-11-09,Plumas,063,18699,3726,3723,445,4168,13
2022-11-09,Riverside,065,2383286,702565,700602,36033,736635,6660
2022-11-09,Sacramento,067,1510023,352418,350522,35341,385863,3358
2022-11-09,San Benito,069,59416,16534,16350,993,17343,108
2022-11-09,San Bernardino,071,2135413,678132,676086,31241,707327,8126
2022-11-09,San Diego,073,3302833,934686,933599,73057,1006656,5538
2022-11-09,San Francisco,075,870044,182900,181964,12292,194256,1072
2022-11-09,San Joaquin,077,732212,200032,199089,15276,214365,2340
2022-11-09,San Luis Obispo,079,281455,63931,63683,7282,70965,525
2022-11-09,San Mateo,081,765935,172312,171191,10503,181694,748
2022-11-09,Santa Barbara,083,443738,106967,106642,6982,113624,733
2022-11-09,Santa Clara,085,1922200,444734,438278,19272,457550,2535
2022-11-09,Santa Cruz,087,273765,64600,64221,3549,67770,274
2022-11-09,Shasta,089,179085,35451,35246,7776,43022,594
2022-11-09,Sierra,091,2930,308,309,60,369,5
2022-11-09,Siskiyou,093,43540,5225,5337,3371,8708,94
2022-11-09,Solano,095,438530,107130,106391,8044,114435,468
2022-11-09,Sonoma,097,501317,108421,108080,5368,113448,525
2022-11-09,Stanislaus,099,539301,139297,138963,21805,160768,1785
2022-11-09,Sutter,101,95872,24611,24537,2467,27004,235
2022-11-09,Tehama,103,63373,13810,13745,3166,16911,216
2022-11-09,Trinity,105,12862,1422,1414,434,1848,20
2022-11-09,Tulare,107,460477,122874,122447,37050,159497,1544
2022-11-09,Tuolumne,109,53932,15838,15727,931,16658,201
2022-11-09,Ventura,111,848112,211050,210439,16065,226504,1585
2022-11-09,Yolo,113,214977,48105,47953,4469,52422,354
2022-11-09,Yuba,115,75493,19143,19098,1747,20845,132
2022-11-08,Alameda,001,1643700,354248,352725,20031,372756,2050
2022-11-08,Alpine,002,1148,137,136,1,137,0
2022-11-08,Amador,005,37829,10105,10080,943,11023,95
2022-11-08,Butte,007,227075,39995,39935,9296,49231,461
2022-11-08,Calaveras,009,45235,8609,8590,572,9162,135
2022-11-08,Colusa,011,21464,3827,3822,1295,5117,22
2022-11-08,Contra Costa,013,1133247,255862,253870,21071,274941,1469
2022-11-08,Del Norte,015,27424,7512,7472,401,7873,56
2022-11-08,El Dorado,017,186661,32800,32713,4338,37051,232
2022-11-08,Fresno,019,978130,281164,276921,32219,309140,2887
2022-11-08,Glenn,021,27897,5600,5570,1893,7463,48
2022-11-08,Humboldt,023,135768,22275,22176,5217,27393,160
2022-11-08,Imperial,025,180216,66414,66182,16400,82582,960
2022-11-08,Inyo,027,18085,4543,4520,1046,5566,60
2022-11-08,Kern,029,883053,221515,220676,65530,286206,2430
2022-11-08,Kings,031,150075,60061,59955,4177,64132,461
2022-11-08,Lake,033,64148,12995,12931,1209,14140,149
2022-11-08,Lassen,035,31185,10040,10019,1007,11026,65
2022-11-08,Los Angeles,037,10098052,3318847,3311644,186997,3498641,33784
2022-11-08,Madera,039,155013,44442,44281,8350,52631,375
2022-11-08,Marin,041,260295,46101,45924,5347,51271,314
2022-11-08,Mariposa,043,17540,3156,3124,348,3472,32
2022-11-08,Mendocino,045,87422,16245,16164,4559,20723,136
2022-11-08,Merced,047,269075,73710,72817,12055,84872,870
2022-11-08,Modoc,049,8938,887,887,331,1218,11
2022-11-08,Mono,051,14174,3225,3218,268,3486,8
2022-11-08,Monterey,053,433212,95021,94708,21441,116149,772
2022-11-08,Napa,055,140530,32584,32510,1425,33935,162
2022-11-08,Nevada,057,99092,19262,19171,1952,21123,132
2022-11-08,Orange,059,3164182,676146,673328,65817,739145,7546
2022-11-08,Placer,061,380077,76964,76490,9805,86295,662
2022-11-08,Plumas,063,18699,3726,3723,445,4168,13
2022-11-08,Riverside,065,2383286,702322,700602,35997,736599,6660
2022-11-08,Sacramento,067,1510023,352223,350522,35303,385825,3358
2022-11-08,San Benito,069,59416,16525,16350,992,17342,108
2022-11-08,San Bernardino,071,2135413,677890,676086,31202,707288,8126
2022-11-08,San Diego,073,3302833,934274,933599,73018,1006617,5538
2022-11-08,San Francisco,075,870044,182779,181964,12279,194243,1072
2022-11-08,San Joaquin,077,732212,199944,199089,15266,214355,2340
2022-11-08,San Luis Obispo,079,281455,63912,63683,7279,70962,525
2022-11-08,San Mateo,081,765935,172213,171191,10502,181693,748
2022-11-08,Santa Barbara,083,443738,106931,106642,6979,113621,733
2022-11-08,Santa Clara,085,1922200,444462,438278,19259,457537,2535
2022-11-08,Santa Cruz,087,273765,64568,64221,3547,67768,274
2022-11-08,Shasta,089,179085,35428,35246,7760,43006,594
2022-11-08,Sierra,091,2930,308,309,60,369,5
2022-11-08,Siskiyou,093,43540,5224,5337,3367,8704,94
2022-11-08,Solano,095,438530,107054,106391,8037,114428,468
2022-11-08,Sonoma,097,501317,108381,108080,5367,113447,525
2022-11-08,Stanislaus,099,539301,139235,138963,21802,160765,1785
2022-11-08,Sutter,101,95872,24594,24537,2467,27004,235
2022-11-08,Tehama,103,63373,13805,13745,3165,16910,216
2022-11-08,Trinity,105,12862,1420,1414,433,1847,20
2022-11-08,Tulare,107,460477,122823,122447,37018,159465,1544
2022-11-08,Tuolumne,109,53932,15828,15727,931,16658,201
2022-11-08,Ventura,111,848112,210984,210439,16056,226495,1585
2022-11-08,Yolo,113,214977,48085,47953,4463,52416,354
2022-11-08,Yuba,115,75493,19133,19098,1745,20843,132
2022-11-07,Alameda,001,1643700,354007,351524,20010,371534,2044
2022-11-07,Alpine,002,1148,136,136,1,137,0
2022-11-07,Amador,005,37829,10101,10055,942,10997,95
2022-11-07,Butte,007,227075,39979,39852,9288,49140,462
2022-11-07,Calaveras,009,45235,8603,8576,572,9148,135
2022-11-07,Colusa,011,21464,3826,3820,1295,5115,22
2022-11-07,Contra Costa,013,1133247,255716,253122,21055,274177,1463
2022-11-07,Del Norte,015,27424,7508,7469,401,7870,56
2022-11-07,El Dorado,017,186661,32784,32622,4337,36959,231
2022-11-07,Fresno,019,978130,281043,276454,32195,308649,2885
2022-11-07,Glenn,021,27897,5598,5557,1891,7448,48
2022-11-07,Humboldt,023,135768,22259,22115,5204,27319,160
2022-11-07,Imperial,025,180216,66376,66024,16363,82387,960
2022-11-07,Inyo,027,18085,4542,4506,1044,5550,60
2022-11-07,Kern,029,883053,221454,220216,65463,285679,2426
2022-11-07,Kings,031,150075,60039,59856,4170,64026,459
2022-11-07,Lake,033,64148,12987,12898,1209,14107,148
2022-11-07,Lassen,035,31185,10036,10007,1007,11014,65
2022-11-07,Los Angeles,037,10098052,3317474,3304428,186745,3491173,33733
2022-11-07,Madera,039,155013,44434,44229,8343,52572,375
2022-11-07,Marin,041,260295,46074,45806,5347,51153,314
2022-11-07,Mariposa,043,17540,3151,3116,348,3464,32
2022-11-07,Mendocino,045,87422,16242,16130,4556,20686,137
2022-11-07,Merced,047,269075,73675,72727,12049,84776,870
2022-11-07,Modoc,049,8938,887,885,331,1216,11
2022-11-07,Mono,051,14174,3223,3216,268,3484,7
2022-11-07,Monterey,053,433212,94993,94541,21423,115964,770
2022-11-07,Napa,055,140530,32564,32484,1425,33909,161
2022-11-07,Nevada,057,99092,19256,19129,1951,21080,132
2022-11-07,Orange,059,3164182,675911,672253,65735,737988,7520
2022-11-07,Placer,061,380077,76921,76321,9799,86120,662
2022-11-07,Plumas,063,18699,3726,3720,445,4165,13
2022-11-07,Riverside,065,2383286,702057,699360,35964,735324,6660
2022-11-07,Sacramento,067,1510023,352040,349696,35270,384966,3350
2022-11-07,San Benito,069,59416,16517,16324,991,17315,108
2022-11-07,San Bernardino,071,2135413,677611,674939,31179,706118,8123
2022-11-07,San Diego,073,3302833,933907,931531,72974,1004505,5532
2022-11-07,San Francisco,075,870044,182671,180989,12266,193255,1067
2022-11-07,San Joaquin,077,732212,199861,198717,15252,213969,2336
2022-11-07,San Luis Obispo,079,281455,63891,63599,7277,70876,525
2022-11-07,San Mateo,081,765935,172118,170464,10500,180964,741
2022-11-07,Santa Barbara,083,443738,106910,106478,6975,113453,732
2022-11-07,Santa Clara,085,1922200,444207,436967,19243,456210,2533
2022-11-07,Santa Cruz,087,273765,64519,64070,3546,67616,274
2022-11-07,Shasta,089,179085,35414,35178,7745,42923,594
2022-11-07,Sierra,091,2930,308,308,60,368,5
2022-11-07,Siskiyou,093,43540,5216,5326,3365,8691,94
2022-11-07,Solano,095,438530,106971,106106,8030,114136,468
2022-11-07,Sonoma,097,501317,108343,107907,5366,113273,524
2022-11-07,Stanislaus,099,539301,139197,138715,21786,160501,1785
2022-11-07,Sutter,101,95872,24576,24470,2467,26937,233
2022-11-07,Tehama,103,63373,13800,13707,3160,16867,216
2022-11-07,Trinity,105,12862,1420,1413,433,1846,20
2022-11-07,Tulare,107,460477,122794,122246,36988,159234,1544
2022-11-07,Tuolumne,109,53932,15817,15672,931,16603,196
2022-11-07,Ventura,111,848112,210902,210085,16042,226127,1584
2022-11-07,Yolo,113,214977,48053,47786,4460,52246,353
2022-11-07,Yuba,115,75493,19125,19059,1743,20802,132
2022-11-06,Alameda,001,1643700,353773,351524,19989,371513,2044
2022-11-06,Alpine,002,1148,136,136,1,137,0
2022-11-06,Amador,005,37829,10096,10055,941,10996,95
2022-11-06,Butte,007,227075,39947,39852,9283,49135,462
2022-11-06,Calaveras,009,45235,8599,8576,572,9148,135
2022-11-06,Colusa,011,21464,3826,3820,1295,5115,22
2022-11-06,Contra Costa,013,1133247,255559,253122,21045,274167,1463
2022-11-06,Del Norte,015,27424,7501,7469,401,7870,56
2022-11-06,El Dorado,017,186661,32770,32622,4333,36955,231
2022-11-06,Fresno,019,978130,280910,276454,32172,308626,2885
2022-11-06,Glenn,021,27897,5581,5557,1884,7441,48
2022-11-06,Humboldt,023,135768,22246,22115,5195,27310,160
2022-11-06,Imperial,025,180216,66326,66024,16324,82348,960
2022-11-06,Inyo,027,18085,4540,4506,1042,5548,60
2022-11-06,Kern,029,883053,221348,220216,65406,285622,2426
2022-11-06,Kings,031,150075,59995,59856,4160,64016,459
2022-11-06,Lake,033,64148,12974,12898,1205,14103,148
2022-11-06,Lassen,035,31185,10035,10007,1006,11013,65
2022-11-06,Los Angeles,037,10098052,3315831,3304428,186503,3490931,33733
2022-11-06,Madera,039,155013,44423,44229,8336,52565,375
2022-11-06,Marin,041,260295,46043,45806,5344,51150,314
2022-11-06,Mariposa,043,17540,3150,3116,348,3464,32
2022-11-06,Mendocino,045,87422,16235,16130,4553,20683,137
2022-11-06,Merced,047,269075,73647,72727,12038,84765,870
2022-11-06,Modoc,049,8938,887,885,331,1216,11
2022-11-06,Mono,051,14174,3223,3216,266,3482,7
2022-11-06,Monterey,053,433212,94943,94541,21401,115942,770
2022-11-06,Napa,055,140530,32542,32484,1425,33909,161
2022-11-06,Nevada,057,99092,19241,19129,1937,21066,132
2022-11-06,Orange,059,3164182,675638,672253,65672,737925,7520
2022-11-06,Placer,061,380077,76869,76321,9795,86116,662
2022-11-06,Plumas,063,18699,3726,3720,445,4165,13
2022-11-06,Riverside,065,2383286,701746,699360,35927,735287,6660
2022-11-06,Sacramento,067,1510023,351814,349696,35231,384927,3350
2022-11-06,San Benito,069,59416,16509,16324,991,17315,108
2022-11-06,San Bernardino,071,2135413,677310,674939,31148,706087,8123
2022-11-06,San Diego,073,3302833,933399,931531,72914,1004445,5532
2022-11-06,San Francisco,075,870044,182535,180989,12253,193242,1067
2022-11-06,San Joaquin,077,732212,199773,198717,15241,213958,2336
2022-11-06,San Luis Obispo,079,281455,63872,63599,7274,70873,525
2022-11-06,San Mateo,081,765935,172014,170464,10495,180959,741
2022-11-06,Santa Barbara,083,443738,106854,106478,6965,113443,732
2022-11-06,Santa Clara,085,1922200,443913,436967,19222,456189,2533
2022-11-06,Santa Cruz,087,273765,64448,64070,3542,67612,274
2022-11-06,Shasta,089,179085,35392,35178,7725,42903,594
2022-11-06,Sierra,091,2930,308,308,60,368,5
2022-11-06,Siskiyou,093,43540,5216,5326,3364,8690,94
2022-11-06,Solano,095,438530,106873,106106,8024,114130,468
2022-11-06,Sonoma,097,501317,108279,107907,5364,113271,524
2022-11-06,Stanislaus,099,539301,139143,138715,21775,160490,1785
2022-11-06,Sutter,101,95872,24556,24470,2466,26936,233
2022-11-06,Tehama,103,63373,13794,13707,3145,16852,216
2022-11-06,Trinity,105,12862,1420,1413,433,1846,20
2022-11-06,Tulare,107,460477,122758,122246,36952,159198,1544
2022-11-06,Tuolumne,109,53932,15806,15672,931,16603,196
2022-11-06,Ventura,111,848112,210815,210085,16020,226105,1584
2022-11-06,Yolo,113,214977,48038,47786,4449,52235,353
2022-11-06,Yuba,115,75493,19117,19059,1742,20801,132
2022-11-05,Alameda,001,1643700,353623,351524,19979,371503,2044
2022-11-05,Alpine,002,1148,136,136,1,137,0
2022-11-05,Amador,005,37829,10094,10055,941,10996,95
2022-11-05,Butte,007,227075,39938,39852,9280,49132,462
2022-11-05,Calaveras,009,45235,8598,8576,572,9148,135
2022-11-05,Colusa,011,21464,3824,3820,1295,5115,22
2022-11-05,Contra Costa,013,1133247,255450,253122,21042,274164,1463
2022-11-05,Del Norte,015,27424,7501,7469,401,7870,56
2022-11-05,El Dorado,017,186661,32753,32622,4329,36951,231
2022-11-05,Fresno,019,978130,280854,276454,32161,308615,2885
2022-11-05,Glenn,021,27897,5579,5557,1883,7440,48
2022-11-05,Humboldt,023,135768,22236,22115,5193,27308,160
2022-11-05,Imperial,025,180216,66302,66024,16311,82335,960
2022-11-05,Inyo,027,18085,4539,4506,1042,5548,60
2022-11-05,Kern,029,883053,221298,220216,65382,285598,2426
2022-11-05,Kings,031,150075,59979,59856,4157,64013,459
2022-11-05,Lake,033,64148,12969,12898,1205,14103,148
2022-11-05,Lassen,035,31185,10035,10007,1006,11013,65
2022-11-05,Los Angeles,037,10098052,3314971,3304428,186362,3490790,33733
2022-11-05,Madera,039,155013,44417,44229,8334,52563,375
2022-11-05,Marin,041,260295,46026,45806,5344,51150,314
2022-11-05,Mariposa,043,17540,3149,3116,348,3464,32
2022-11-05,Mendocino,045,87422,16233,16130,4552,20682,137
2022-11-05,Merced,047,269075,73633,72727,12036,84763,870
2022-11-05,Modoc,049,8938,887,885,331,1216,11
2022-11-05,Mono,051,14174,3223,3216,265,3481,7
2022-11-05,Monterey,053,433212,94918,94541,21391,115932,770
2022-11-05,Napa,055,140530,32538,32484,1424,33908,161
2022-11-05,Nevada,057,99092,19236,19129,1933,21062,132
2022-11-05,Orange,059,3164182,675495,672253,65631,737884,7520
2022-11-05,Placer,061,380077,76828,76321,9791,86112,662
2022-11-05,Plumas,063,18699,3726,3720,444,4164,13
2022-11-05,Riverside,065,2383286,701563,699360,35904,735264,6660
2022-11-05,Sacramento,067,1510023,351692,349696,35217,384913,3350
2022-11-05,San Benito,069,59416,16501,16324,991,17315,108
2022-11-05,San Bernardino,071,2135413,677161,674939,31138,706077,8123
2022-11-05,San Diego,073,3302833,933204,931531,72897,1004428,5532
2022-11-05,San Francisco,075,870044,182454,180989,12248,193237,1067
2022-11-05,San Joaquin,077,732212,199720,198717,15234,213951,2336
2022-11-05,San Luis Obispo,079,281455,63863,63599,7274,70873,525
2022-11-05,San Mateo,081,765935,171953,170464,10493,180957,741
2022-11-05,Santa Barbara,083,443738,106833,106478,6963,113441,732
2022-11-05,Santa Clara,085,1922200,443712,436967,19211,456178,2533
2022-11-05,Santa Cruz,087,273765,64419,64070,3541,67611,274
2022-11-05,Shasta,089,179085,35383,35178,7716,42894,594
2022-11-05,Sierra,091,2930,308,308,60,368,5
2022-11-05,Siskiyou,093,43540,5215,5326,3362,8688,94
2022-11-05,Solano,095,438530,106844,106106,8022,114128,468
2022-11-05,Sonoma,097,501317,108259,107907,5359,113266,524
2022-11-05,Stanislaus,099,539301,139102,138715,21770,160485,1785
2022-11-05,Sutter,101,95872,24546,24470,2466,26936,233
2022-11-05,Tehama,103,63373,13790,13707,3143,16850,216
2022-11-05,Trinity,105,12862,1420,1413,433,1846,20
2022-11-05,Tulare,107,460477,122741,122246,36929,159175,1544
2022-11-05,Tuolumne,109,53932,15798,15672,931,16603,196
2022-11-05,Ventura,111,848112,210764,210085,16011,226096,1584
2022-11-05,Yolo,113,214977,48025,47786,4444,52230,353
2022-11-05,Yuba,115,75493,19112,19059,1741,20800,132
2022-11-04,Alameda,001,1643700,353471,351524,19966,371490,2044
2022-11-04,Alpine,002,1148,136,136,1,137,0
2022-11-04,Amador,005,37829,10091,10055,941,10996,95
2022-11-04,Butte,007,227075,39929,39852,9275,49127,462
2022-11-04,Calaveras,009,45235,8597,8576,572,9148,135
2022-11-04,Colusa,011,21464,3824,3820,1295,5115,22
2022-11-04,Contra Costa,013,1133247,255354,253122,21038,274160,1463
2022-11-04,Del Norte,015,27424,7501,7469,401,7870,56
2022-11-04,El Dorado,017,186661,32744,32622,4329,36951,231
2022-11-04,Fresno,019,978130,280799,276454,32152,308606,2885
2022-11-04,Glenn,021,27897,5578,5557,1882,7439,48
2022-11-04,Humboldt,023,135768,22228,22115,5191,27306,160
2022-11-04,Imperial,025,180216,66289,66024,16304,82328,960
2022-11-04,Inyo,027,18085,4536,4506,1041,5547,60
2022-11-04,Kern,029,883053,221255,220216,65349,285565,2426
2022-11-04,Kings,031,150075,59964,59856,4152,64008,459
2022-11-04,Lake,033,64148,12962,12898,1205,14103,148
2022-11-04,Lassen,035,31185,10034,10007,1006,11013,65
2022-11-04,Los Angeles,037,10098052,3314145,3304428,186216,3490644,33733
2022-11-04,Madera,039,155013,44410,44229,8333,52562,375
2022-11-04,Marin,041,260295,46010,45806,5343,51149,314
2022-11-04,Mariposa,043,17540,3147,3116,348,3464,32
2022-11-04,Mendocino,045,87422,16229,16130,4550,20680,137
2022-11-04,Merced,047,269075,73625,72727,12035,84762,870
2022-11-04,Modoc,049,8938,887,885,330,1215,11
2022-11-04,Mono,051,14174,3221,3216,265,3481,7
2022-11-04,Monterey,053,433212,94891,94541,21379,115920,770
2022-11-04,Napa,055,140530,32533,32484,1423,33907,161
2022-11-04,Nevada,057,99092,19230,19129,1924,21053,132
2022-11-04,Orange,059,3164182,675386,672253,65589,737842,7520
2022-11-04,Placer,061,380077,76809,76321,9790,86111,662
2022-11-04,Plumas,063,18699,3725,3720,443,4163,13
2022-11-04,Riverside,065,2383286,701388,699360,35873,735233,6660
2022-11-04,Sacramento,067,1510023,351581,349696,35204,384900,3350
2022-11-04,San Benito,069,59416,16497,16324,991,17315,108
2022-11-04,San Bernardino,071,2135413,677007,674939,31133,706072,8123
2022-11-04,San Diego,073,3302833,932999,931531,72885,1004416,5532
2022-11-04,San Francisco,075,870044,182386,180989,12242,193231,1067
2022-11-04,San Joaquin,077,732212,199669,198717,15229,213946,2336
2022-11-04,San Luis Obispo,079,281455,63851,63599,7272,70871,525
2022-11-04,San Mateo,081,765935,171881,170464,10490,180954,741
2022-11-04,Santa Barbara,083,443738,106812,106478,6961,113439,732
2022-11-04,Santa Clara,085,1922200,443510,436967,19205,456172,2533
2022-11-04,Santa Cruz,087,273765,64392,64070,3541,67611,274
2022-11-04,Shasta,089,179085,35377,35178,7707,42885,594
2022-11-04,Sierra,091,2930,308,308,60,368,5
2022-11-04,Siskiyou,093,43540,5211,5326,3362,8688,94
2022-11-04,Solano,095,438530,106788,106106,8019,114125,468
2022-11-04,Sonoma,097,501317,108235,107907,5358,113265,524
2022-11-04,Stanislaus,099,539301,139074,138715,21768,160483,1785
2022-11-04,Sutter,101,95872,24538,24470,2466,26936,233
2022-11-04,Tehama,103,63373,13785,13707,3132,16839,216
2022-11-04,Trinity,105,12862,1419,1413,433,1846,20
2022-11-04,Tulare,107,460477,122723,122246,36907,159153,1544
2022-11-04,Tuolumne,109,53932,15786,15672,931,16603,196
2022-11-04,Ventura,111,848112,210711,210085,16002,226087,1584
2022-11-04,Yolo,113,214977,48005,47786,4443,52229,353
2022-11-04,Yuba,115,75493,19109,19059,1741,20800,132
2022-11-03,Alameda,001,1643700,353283,351524,19941,371465,2044
2022-11-03,Alpine,002,1148,136,136,1,137,0
2022-11-03,Amador,005,37829,10086,10055,939,10994,95
2022-11-03,Butte,007,227075,39912,39852,9266,49118,462
2022-11-03,Calaveras,009,45235,8596,8576,572,9148,135
2022-11-03,Colusa,011,21464,3824,3820,1295,5115,22
2022-11-03,Contra Costa,013,1133247,255220,253122,21030,274152,1463
2022-11-03,Del Norte,015,27424,7501,7469,400,7869,56
2022-11-03,El Dorado,017,186661,32728,32622,4329,36951,231
2022-11-03,Fresno,019,978130,280723,276454,32133,308587,2885
2022-11-03,Glenn,021,27897,5575,5557,1881,7438,48
2022-11-03,Humboldt,023,135768,22212,22115,5183,27298,160
2022-11-03,Imperial,025,180216,66264,66024,16266,82290,960
2022-11-03,Inyo,027,18085,4534,4506,1040,5546,60
2022-11-03,Kern,029,883053,221204,220216,65301,285517,2426
2022-11-03,Kings,031,150075,59947,59856,4147,64003,459
2022-11-03,Lake,033,64148,12959,12898,1204,14102,148
2022-11-03,Lassen,035,31185,10031,10007,1005,11012,65
2022-11-03,Los Angeles,037,10098052,3313050,3304428,186014,3490442,33733
2022-11-03,Madera,039,155013,44398,44229,8331,52560,375
2022-11-03,Marin,041,260295,45983,45806,5343,51149,314
2022-11-03,Mariposa,043,17540,3144,3116,348,3464,32
2022-11-03,Mendocino,045,87422,16218,16130,4549,20679,137
2022-11-03,Merced,047,269075,73596,72727,12031,84758,870
2022-11-03,Modoc,049,8938,887,885,330,1215,11
2022-11-03,Mono,051,14174,3220,3216,265,3481,7
2022-11-03,Monterey,053,433212,94865,94541,21364,115905,770
2022-11-03,Napa,055,140530,32523,32484,1421,33905,161
2022-11-03,Nevada,057,99092,19220,19129,1922,21051,132
2022-11-03,Orange,059,3164182,675213,672253,65545,737798,7520
2022-11-03,Placer,061,380077,76774,76321,9786,86107,662
2022-11-03,Plumas,063,18699,3725,3720,443,4163,13
2022-11-03,Riverside,065,2383286,701178,699360,35839,735199,6660
2022-11-03,Sacramento,067,1510023,351411,349696,35176,384872,3350
2022-11-03,San Benito,069,59416,16493,16324,991,17315,108
2022-11-03,San Bernardino,071,2135413,676801,674939,31121,706060,8123
2022-11-03,San Diego,073,3302833,932744,931531,72856,1004387,5532
2022-11-03,San Francisco,075,870044,182279,180989,12237,193226,1067
2022-11-03,San Joaquin,077,732212,199607,198717,15214,213931,2336
2022-11-03,San Luis Obispo,079,281455,63833,63599,7270,70869,525
2022-11-03,San Mateo,081,765935,171782,170464,10489,180953,741
2022-11-03,Santa Barbara,083,443738,106788,106478,6957,113435,732
2022-11-03,Santa Clara,085,1922200,443265,436967,19192,456159,2533
2022-11-03,Santa Cruz,087,273765,64343,64070,3539,67609,274
2022-11-03,Shasta,089,179085,35362,35178,7693,42871,594
2022-11-03,Sierra,091,2930,308,308,60,368,5
2022-11-03,Siskiyou,093,43540,5208,5326,3360,8686,94
2022-11-03,Solano,095,438530,106743,106106,8012,114118,468
2022-11-03,Sonoma,097,501317,108205,107907,5358,113265,524
2022-11-03,Stanislaus,099,539301,139028,138715,21757,160472,1785
2022-11-03,Sutter,101,95872,24530,24470,2465,26935,233
2022-11-03,Tehama,103,63373,13777,13707,3128,16835,216
2022-11-03,Trinity,105,12862,1419,1413,432,1845,20
2022-11-03,Tulare,107,460477,122701,122246,36885,159131,1544
2022-11-03,Tuolumne,109,53932,15779,15672,930,16602,196
2022-11-03,Ventura,111,848112,210654,210085,15991,226076,1584
2022-11-03,Yolo,113,214977,47987,47786,4441,52227,353
2022-11-03,Yuba,115,75493,19102,19059,1741,20800,132
2022-11-02,Alameda,001,1643700,353096,351524,19919,371443,2044
2022-11-02,Alpine,002,1148,136,136,1,137,0
2022-11-02,Amador,005,37829,10076,10055,937,10992,95
2022-11-02,Butte,007,227075,39894,39852,9259,49111,462
2022-11-02,Calaveras,009,45235,8591,8576,572,9148,135
2022-11-02,Colusa,011,21464,3824,3820,1294,5114,22
2022-11-02,Contra Costa,013,1133247,255094,253122,21013,274135,1463
2022-11-02,Del Norte,015,27424,7501,7469,400,7869,56
2022-11-02,El Dorado,017,186661,32713,32622,4326,36948,231
2022-11-02,Fresno,019,978130,280635,276454,32116,308570,2885
2022-11-02,Glenn,021,27897,5571,5557,1879,7436,48
2022-11-02,Humboldt,023,135768,22200,22115,5181,27296,160
2022-11-02,Imperial,025,180216,66230,66024,16248,82272,960
2022-11-02,Inyo,027,18085,4531,4506,1040,5546,60
2022-11-02,Kern,029,883053,221157,220216,65257,285473,2426
2022-11-02,Kings,031,150075,59934,59856,4140,63996,459
2022-11-02,Lake,033,64148,12955,12898,1197,14095,148
2022-11-02,Lassen,035,31185,10029,10007,1004,11011,65
2022-11-02,Los Angeles,037,10098052,3311843,3304428,185823,3490251,33733
2022-11-02,Madera,039,155013,44382,44229,8328,52557,375
2022-11-02,Marin,041,260295,45966,45806,5341,51147,314
2022-11-02,Mariposa,043,17540,3143,3116,348,3464,32
2022-11-02,Mendocino,045,87422,16216,16130,4548,20678,137
2022-11-02,Merced,047,269075,73573,72727,12026,84753,870
2022-11-02,Modoc,049,8938,887,885,328,1213,11
2022-11-02,Mono,051,14174,3220,3216,265,3481,7
2022-11-02,Monterey,053,433212,94839,94541,21355,115896,770
2022-11-02,Napa,055,140530,32513,32484,1421,33905,161
2022-11-02,Nevada,057,99092,19213,19129,1917,21046,132
2022-11-02,Orange,059,3164182,675018,672253,65470,737723,7520
2022-11-02,Placer,061,380077,76737,76321,9779,86100,662
2022-11-02,Plumas,063,18699,3725,3720,443,4163,13
2022-11-02,Riverside,065,2383286,701004,699360,35818,735178,6660
2022-11-02,Sacramento,067,1510023,351234,349696,35144,384840,3350
2022-11-02,San Benito,069,59416,16487,16324,991,17315,108
2022-11-02,San Bernardino,071,2135413,676596,674939,31105,706044,8123
2022-11-02,San Diego,073,3302833,932411,931531,72822,1004353,5532
2022-11-02,San Francisco,075,870044,182174,180989,12233,193222,1067
2022-11-02,San Joaquin,077,732212,199530,198717,15202,213919,2336
2022-11-02,San Luis Obispo,079,281455,63809,63599,7263,70862,525
2022-11-02,San Mateo,081,765935,171717,170464,10483,180947,741
2022-11-02,Santa Barbara,083,443738,106757,106478,6951,113429,732
2022-11-02,Santa Clara,085,1922200,443047,436967,19183,456150,2533
2022-11-02,Santa Cruz,087,273765,64309,64070,3538,67608,274
2022-11-02,Shasta,089,179085,35351,35178,7679,42857,594
2022-11-02,Sierra,091,2930,308,308,60,368,5
2022-11-02,Siskiyou,093,43540,5207,5326,3353,8679,94
2022-11-02,Solano,095,438530,106690,106106,8006,114112,468
2022-11-02,Sonoma,097,501317,108169,107907,5356,113263,524
2022-11-02,Stanislaus,099,539301,138993,138715,21753,160468,1785
2022-11-02,Sutter,101,95872,24512,24470,2465,26935,233
2022-11-02,Tehama,103,63373,13771,13707,3123,16830,216
2022-11-02,Trinity,105,12862,1419,1413,429,1842,20
2022-11-02,Tulare,107,460477,122678,122246,36869,159115,1544
2022-11-02,Tuolumne,109,53932,15775,15672,930,16602,196
2022-11-02,Ventura,111,848112,210601,210085,15981,226066,1584
2022-11-02,Yolo,113,214977,47967,47786,4439,52225,353
2022-11-02,Yuba,115,75493,19093,19059,1741,20800,132
2022-11-01,Alameda,001,1643700,352894,351524,19904,371428,2044
2022-11-01,Alpine,002,1148,136,136,1,137,0
2022-11-01,Amador,005,37829,10070,10055,936,10991,95
2022-11-01,Butte,007,227075,39879,39852,9251,49103,462
2022-11-01,Calaveras,009,45235,8589,8576,572,9148,135
2022-11-01,Colusa,011,21464,3824,3820,1293,5113,22
2022-11-01,Contra Costa,013,1133247,254981,253122,21004,274126,1463
2022-11-01,Del Norte,015,27424,7501,7469,400,7869,56
2022-11-01,El Dorado,017,186661,32693,32622,4324,36946,231
2022-11-01,Fresno,019,978130,280554,276454,32103,308557,2885
2022-11-01,Glenn,021,27897,5570,5557,1877,7434,48
2022-11-01,Humboldt,023,135768,22186,22115,5175,27290,160
2022-11-01,Imperial,025,180216,66201,66024,16240,82264,960
2022-11-01,Inyo,027,18085,4528,4506,1039,5545,60
2022-11-01,Kern,029,883053,221078,220216,65204,285420,2426
2022-11-01,Kings,031,150075,59914,59856,4137,63993,459
2022-11-01,Lake,033,64148,12951,12898,1194,14092,148
2022-11-01,Lassen,035,31185,10027,10007,1003,11010,65
2022-11-01,Los Angeles,037,10098052,3310598,3304428,185606,3490034,33733
2022-11-01,Madera,039,155013,44369,44229,8318,52547,375
2022-11-01,Marin,041,260295,45946,45806,5339,51145,314
2022-11-01,Mariposa,043,17540,3140,3116,348,3464,32
2022-11-01,Mendocino,045,87422,16213,16130,4542,20672,137
2022-11-01,Merced,047,269075,73551,72727,12018,84745,870
2022-11-01,Modoc,049,8938,886,885,327,1212,11
2022-11-01,Mono,051,14174,3220,3216,264,3480,7
2022-11-01,Monterey,053,433212,94809,94541,21344,115885,770
2022-11-01,Napa,055,140530,32501,32484,1420,33904,161
2022-11-01,Nevada,057,99092,19199,19129,1914,21043,132
2022-11-01,Orange,059,3164182,674816,672253,65381,737634,7520
2022-11-01,Placer,061,380077,76709,76321,9770,86091,662
2022-11-01,Plumas,063,18699,3722,3720,443,4163,13
2022-11-01,Riverside,065,2383286,700778,699360,35790,735150,6660
2022-11-01,Sacramento,067,1510023,351072,349696,35120,384816,3350
2022-11-01,San Benito,069,59416,16480,16324,990,17314,108
2022-11-01,San Bernardino,071,2135413,676396,674939,31093,706032,8123
2022-11-01,San Diego,073,3302833,932083,931531,72791,1004322,5532
2022-11-01,San Francisco,075,870044,182065,180989,12223,193212,1067
2022-11-01,San Joaquin,077,732212,199456,198717,15197,213914,2336
2022-11-01,San Luis Obispo,079,281455,63785,63599,7261,70860,525
2022-11-01,San Mateo,081,765935,171638,170464,10481,180945,741
2022-11-01,Santa Barbara,083,443738,106723,106478,6945,113423,732
2022-11-01,Santa Clara,085,1922200,442801,436967,19173,456140,2533
2022-11-01,Santa Cruz,087,273765,64278,64070,3537,67607,274
2022-11-01,Shasta,089,179085,35339,35178,7662,42840,594
2022-11-01,Sierra,091,2930,308,308,60,368,5
2022-11-01,Siskiyou,093,43540,5205,5326,3351,8677,94
2022-11-01,Solano,095,438530,106643,106106,8002,114108,468
2022-11-01,Sonoma,097,501317,108132,107907,5352,113259,524
2022-11-01,Stanislaus,099,539301,138948,138715,21742,160457,1785
2022-11-01,Sutter,101,95872,24505,24470,2465,26935,233
2022-11-01,Tehama,103,63373,13763,13707,3118,16825,216
2022-11-01,Trinity,105,12862,1419,1413,429,1842,20
2022-11-01,Tulare,107,460477,122651,122246,36849,159095,1544
2022-11-01,Tuolumne,109,53932,15769,15672,930,16602,196
2022-11-01,Ventura,111,848112,210530,210085,15967,226052,1584
2022-11-01,Yolo,113,214977,47948,47786,4438,52224,353
2022-11-01,Yuba,115,75493,19086,19059,1741,20800,132
2022-10-31,Alameda,001,1643700,352671,350419,19881,370300,2040
2022-10-31,Alpine,002,1148,136,136,1,137,0
2022-10-31,Amador,005,37829,10069,10038,936,10974,94
2022-10-31,Butte,007,227075,39861,39707,9242,48949,457
2022-10-31,Calaveras,009,45235,8587,8561,572,9133,134
2022-10-31,Colusa,011,21464,3824,3813,1291,5104,22
2022-10-31,Contra Costa,013,1133247,254835,252398,20990,273388,1458
2022-10-31,Del Norte,015,27424,7498,7455,400,7855,56
2022-10-31,El Dorado,017,186661,32676,32513,4320,36833,231
2022-10-31,Fresno,019,978130,280444,275924,32085,308009,2885
2022-10-31,Glenn,021,27897,5569,5553,1876,7429,48
2022-10-31,Humboldt,023,135768,22174,22065,5171,27236,160
2022-10-31,Imperial,025,180216,66166,65903,16225,82128,959
2022-10-31,Inyo,027,18085,4523,4500,1039,5539,60
2022-10-31,Kern,029,883053,220976,219943,65154,285097,2425
2022-10-31,Kings,031,150075,59891,59742,4133,63875,459
2022-10-31,Lake,033,64148,12936,12868,1193,14061,148
2022-10-31,Lassen,035,31185,10026,9989,1003,10992,65
2022-10-31,Los Angeles,037,10098052,3309361,3298549,185379,3483928,33679
2022-10-31,Madera,039,155013,44356,44172,8318,52490,375
2022-10-31,Marin,041,260295,45922,45649,5336,50985,314
2022-10-31,Mariposa,043,17540,3137,3107,348,3455,31
2022-10-31,Mendocino,045,87422,16205,16104,4540,20644,153
2022-10-31,Merced,047,269075,73533,72606,12011,84617,870
2022-10-31,Modoc,049,8938,885,884,327,1211,11
2022-10-31,Mono,051,14174,3220,3215,263,3478,7
2022-10-31,Monterey,053,433212,94774,94425,21322,115747,769
2022-10-31,Napa,055,140530,32487,32448,1419,33867,160
2022-10-31,Nevada,057,99092,19196,19094,1914,21008,132
2022-10-31,Orange,059,3164182,674625,671141,65308,736449,7502
2022-10-31,Placer,061,380077,76690,76178,9764,85942,662
2022-10-31,Plumas,063,18699,3721,3705,443,4148,13
2022-10-31,Riverside,065,2383286,700549,698387,35762,734149,6659
2022-10-31,Sacramento,067,1510023,350918,348942,35095,384037,3346
2022-10-31,San Benito,069,59416,16474,16284,990,17274,108
2022-10-31,San Bernardino,071,2135413,676148,673959,31070,705029,8120
2022-10-31,San Diego,073,3302833,931750,929768,72759,1002527,5524
2022-10-31,San Francisco,075,870044,181955,180409,12219,192628,1066
2022-10-31,San Joaquin,077,732212,199379,198376,15183,213559,2335
2022-10-31,San Luis Obispo,079,281455,63760,63519,7253,70772,525
2022-10-31,San Mateo,081,765935,171536,169941,10479,180420,741
2022-10-31,Santa Barbara,083,443738,106685,106291,6942,113233,729
2022-10-31,Santa Clara,085,1922200,442532,435788,19162,454950,2528
2022-10-31,Santa Cruz,087,273765,64237,63885,3534,67419,274
2022-10-31,Shasta,089,179085,35316,35117,7655,42772,595
2022-10-31,Sierra,091,2930,308,308,60,368,5
2022-10-31,Siskiyou,093,43540,5201,5307,3349,8656,94
2022-10-31,Solano,095,438530,106587,105796,7997,113793,467
2022-10-31,Sonoma,097,501317,108092,107692,5348,113040,524
2022-10-31,Stanislaus,099,539301,138897,138423,21729,160152,1785
2022-10-31,Sutter,101,95872,24490,24425,2465,26890,233
2022-10-31,Tehama,103,63373,13753,13681,3117,16798,210
2022-10-31,Trinity,105,12862,1418,1398,429,1827,20
2022-10-31,Tulare,107,460477,122634,122140,36826,158966,1541
2022-10-31,Tuolumne,109,53932,15734,15658,928,16586,196
2022-10-31,Ventura,111,848112,210454,209746,15955,225701,1582
2022-10-31,Yolo,113,214977,47879,47703,4435,52138,349
2022-10-31,Yuba,115,75493,19078,19009,1741,20750,133
2022-10-30,Alameda,001,1643700,352452,350419,19857,370276,2040
2022-10-30,Alpine,002,1148,136,136,1,137,0
2022-10-30,Amador,005,37829,10065,10038,935,10973,94
2022-10-30,Butte,007,227075,39840,39707,9231,48938,457
2022-10-30,Calaveras,009,45235,8585,8561,572,9133,134
2022-10-30,Colusa,011,21464,3823,3813,1291,5104,22
2022-10-30,Contra Costa,013,1133247,254677,252398,20981,273379,1458
2022-10-30,Del Norte,015,27424,7495,7455,400,7855,56
2022-10-30,El Dorado,017,186661,32667,32513,4316,36829,231
2022-10-30,Fresno,019,978130,280356,275924,32069,307993,2885
2022-10-30,Glenn,021,27897,5561,5553,1876,7429,48
2022-10-30,Humboldt,023,135768,22168,22065,5164,27229,160
2022-10-30,Imperial,025,180216,66142,65903,16200,82103,959
2022-10-30,Inyo,027,18085,4523,4500,1038,5538,60
2022-10-30,Kern,029,883053,220903,219943,65104,285047,2425
2022-10-30,Kings,031,150075,59881,59742,4132,63874,459
2022-10-30,Lake,033,64148,12928,12868,1193,14061,148
2022-10-30,Lassen,035,31185,10021,9989,1003,10992,65
2022-10-30,Los Angeles,037,10098052,3308093,3298549,185141,3483690,33679
2022-10-30,Madera,039,155013,44347,44172,8312,52484,375
2022-10-30,Marin,041,260295,45903,45649,5335,50984,314
2022-10-30,Mariposa,043,17540,3137,3107,348,3455,31
2022-10-30,Mendocino,045,87422,16202,16104,4539,20643,153
2022-10-30,Merced,047,269075,73500,72606,12006,84612,870
2022-10-30,Modoc,049,8938,885,884,327,1211,11
2022-10-30,Mono,051,14174,3219,3215,263,3478,7
2022-10-30,Monterey,053,433212,94744,94425,21311,115736,769
2022-10-30,Napa,055,140530,32472,32448,1417,33865,160
2022-10-30,Nevada,057,99092,19189,19094,1909,21003,132
2022-10-30,Orange,059,3164182,674391,671141,65233,736374,7502
2022-10-30,Placer,061,380077,76670,76178,9761,85939,662
2022-10-30,Plumas,063,18699,3720,3705,443,4148,13
2022-10-30,Riverside,065,2383286,700325,698387,35733,734120,6659
2022-10-30,Sacramento,067,1510023,350783,348942,35059,384001,3346
2022-10-30,San Benito,069,59416,16468,16284,990,17274,108
2022-10-30,San Bernardino,071,2135413,675947,673959,31051,705010,8120
2022-10-30,San Diego,073,3302833,931393,929768,72700,1002468,5524
2022-10-30,San Francisco,075,870044,181828,180409,12209,192618,1066
2022-10-30,San Joaquin,077,732212,199310,198376,15160,213536,2335
2022-10-30,San Luis Obispo,079,281455,63747,63519,7249,70768,525
2022-10-30,San Mateo,081,765935,171442,169941,10476,180417,741
2022-10-30,Santa Barbara,083,443738,106659,106291,6937,113228,729
2022-10-30,Santa Clara,085,1922200,442295,435788,19156,454944,2528
2022-10-30,Santa Cruz,087,273765,64183,63885,3531,67416,274
2022-10-30,Shasta,089,179085,35302,35117,7650,42767,595
2022-10-30,Sierra,091,2930,308,308,60,368,5
2022-10-30,Siskiyou,093,43540,5199,5307,3348,8655,94
2022-10-30,Solano,095,438530,106527,105796,7994,113790,467
2022-10-30,Sonoma,097,501317,108055,107692,5344,113036,524
2022-10-30,Stanislaus,099,539301,138855,138423,21722,160145,1785
2022-10-30,Sutter,101,95872,24480,24425,2465,26890,233
2022-10-30,Tehama,103,63373,13744,13681,3113,16794,210
2022-10-30,Trinity,105,12862,1418,1398,428,1826,20
2022-10-30,Tulare,107,460477,122602,122140,36805,158945,1541
2022-10-30,Tuolumne,109,53932,15728,15658,927,16585,196
2022-10-30,Ventura,111,848112,210383,209746,15941,225687,1582
2022-10-30,Yolo,113,214977,47855,47703,4427,52130,349
2022-10-30,Yuba,115,75493,19070,19009,1739,20748,133
2022-10-29,Alameda,001,1643700,352336,350419,19850,370269,2040
2022-10-29,Alpine,002,1148,136,136,1,137,0
2022-10-29,Amador,005,37829,10063,10038,935,10973,94
2022-10-29,Butte,007,227075,39833,39707,9227,48934,457
2022-10-29,Calaveras,009,45235,8579,8561,572,9133,134
2022-10-29,Colusa,011,21464,3822,3813,1291,5104,22
2022-10-29,Contra Costa,013,1133247,254587,252398,20976,273374,1458
2022-10-29,Del Norte,015,27424,7495,7455,400,7855,56
2022-10-29,El Dorado,017,186661,32660,32513,4314,36827,231
2022-10-29,Fresno,019,978130,280306,275924,32060,307984,2885
2022-10-29,Glenn,021,27897,5560,5553,1876,7429,48
2022-10-29,Humboldt,023,135768,22162,22065,5163,27228,160
2022-10-29,Imperial,025,180216,66131,65903,16184,82087,959
2022-10-29,Inyo,027,18085,4523,4500,1037,5537,60
2022-10-29,Kern,029,883053,220869,219943,65079,285022,2425
2022-10-29,Kings,031,150075,59873,59742,4132,63874,459
2022-10-29,Lake,033,64148,12924,12868,1193,14061,148
2022-10-29,Lassen,035,31185,10021,9989,1003,10992,65
2022-10-29,Los Angeles,037,10098052,3307460,3298549,185028,3483577,33679
2022-10-29,Madera,039,155013,44342,44172,8312,52484,375
2022-10-29,Marin,041,260295,45884,45649,5334,50983,314
2022-10-29,Mariposa,043,17540,3137,3107,348,3455,31
2022-10-29,Mendocino,045,87422,16201,16104,4539,20643,153
2022-10-29,Merced,047,269075,73486,72606,12005,84611,870
2022-10-29,Modoc,049,8938,885,884,327,1211,11
2022-10-29,Mono,051,14174,3219,3215,263,3478,7
2022-10-29,Monterey,053,433212,94731,94425,21304,115729,769
2022-10-29,Napa,055,140530,32462,32448,1417,33865,160
2022-10-29,Nevada,057,99092,19183,19094,1908,21002,132
2022-10-29,Orange,059,3164182,674290,671141,65200,736341,7502
2022-10-29,Placer,061,380077,76654,76178,9759,85937,662
2022-10-29,Plumas,063,18699,3720,3705,443,4148,13
2022-10-29,Riverside,065,2383286,700208,698387,35714,734101,6659
2022-10-29,Sacramento,067,1510023,350713,348942,35044,383986,3346
2022-10-29,San Benito,069,59416,16464,16284,990,17274,108
2022-10-29,San Bernardino,071,2135413,675838,673959,31041,705000,8120
2022-10-29,San Diego,073,3302833,931237,929768,72688,1002456,5524
2022-10-29,San Francisco,075,870044,181759,180409,12207,192616,1066
2022-10-29,San Joaquin,077,732212,199276,198376,15151,213527,2335
2022-10-29,San Luis Obispo,079,281455,63744,63519,7247,70766,525
2022-10-29,San Mateo,081,765935,171387,169941,10475,180416,741
2022-10-29,Santa Barbara,083,443738,106640,106291,6934,113225,729
2022-10-29,Santa Clara,085,1922200,442155,435788,19149,454937,2528
2022-10-29,Santa Cruz,087,273765,64169,63885,3529,67414,274
2022-10-29,Shasta,089,179085,35295,35117,7647,42764,595
2022-10-29,Sierra,091,2930,308,308,60,368,5
2022-10-29,Siskiyou,093,43540,5198,5307,3346,8653,94
2022-10-29,Solano,095,438530,106494,105796,7990,113786,467
2022-10-29,Sonoma,097,501317,108037,107692,5342,113034,524
2022-10-29,Stanislaus,099,539301,138819,138423,21716,160139,1785
2022-10-29,Sutter,101,95872,24474,24425,2465,26890,233
2022-10-29,Tehama,103,63373,13741,13681,3109,16790,210
2022-10-29,Trinity,105,12862,1413,1398,426,1824,20
2022-10-29,Tulare,107,460477,122582,122140,36790,158930,1541
2022-10-29,Tuolumne,109,53932,15722,15658,927,16585,196
2022-10-29,Ventura,111,848112,210341,209746,15927,225673,1582
2022-10-29,Yolo,113,214977,47841,47703,4425,52128,349
2022-10-29,Yuba,115,75493,19066,19009,1739,20748,133
2022-10-28,Alameda,001,1643700,352245,350419,19845,370264,2040
2022-10-28,Alpine,002,1148,136,136,1,137,0
2022-10-28,Amador,005,37829,10057,10038,934,10972,94
2022-10-28,Butte,007,227075,39827,39707,9224,48931,457
2022-10-28,Calaveras,009,45235,8579,8561,572,9133,134
2022-10-28,Colusa,011,21464,3822,3813,1291,5104,22
2022-10-28,Contra Costa,013,1133247,254503,252398,20972,273370,1458
2022-10-28,Del Norte,015,27424,7494,7455,400,7855,56
2022-10-28,El Dorado,017,186661,32650,32513,4312,36825,231
2022-10-28,Fresno,019,978130,280257,275924,32053,307977,2885
2022-10-28,Glenn,021,27897,5559,5553,1874,7427,48
2022-10-28,Humboldt,023,135768,22157,22065,5162,27227,160
2022-10-28,Imperial,025,180216,66116,65903,16176,82079,959
2022-10-28,Inyo,027,18085,4520,4500,1037,5537,60
2022-10-28,Kern,029,883053,220841,219943,65070,285013,2425
2022-10-28,Kings,031,150075,59871,59742,4132,63874,459
2022-10-28,Lake,033,64148,12922,12868,1193,14061,148
2022-10-28,Lassen,035,31185,10021,9989,1003,10992,65
2022-10-28,Los Angeles,037,10098052,3306824,3298549,184903,3483452,33679
2022-10-28,Madera,039,155013,44334,44172,8309,52481,375
2022-10-28,Marin,041,260295,45872,45649,5334,50983,314
2022-10-28,Mariposa,043,17540,3134,3107,348,3455,31
2022-10-28,Mendocino,045,87422,16198,16104,4536,20640,153
2022-10-28,Merced,047,269075,73474,72606,12003,84609,870
2022-10-28,Modoc,049,8938,885,884,327,1211,11
2022-10-28,Mono,051,14174,3219,3215,263,3478,7
2022-10-28,Monterey,053,433212,94717,94425,21295,115720,769
2022-10-28,Napa,055,140530,32454,32448,1417,33865,160
2022-10-28,Nevada,057,99092,19179,19094,1907,21001,132
2022-10-28,Orange,059,3164182,674178,671141,65144,736285,7502
2022-10-28,Placer,061,380077,76641,76178,9757,85935,662
2022-10-28,Plumas,063,18699,3720,3705,443,4148,13
2022-10-28,Riverside,065,2383286,700090,698387,35701,734088,6659
2022-10-28,Sacramento,067,1510023,350612,348942,35037,383979,3346
2022-10-28,San Benito,069,59416,16460,16284,990,17274,108
2022-10-28,San Bernardino,071,2135413,675723,673959,31034,704993,8120
2022-10-28,San Diego,073,3302833,931053,929768,72674,1002442,5524
2022-10-28,San Francisco,075,870044,181701,180409,12202,192611,1066
2022-10-28,San Joaquin,077,732212,199247,198376,15147,213523,2335
2022-10-28,San Luis Obispo,079,281455,63739,63519,7246,70765,525
2022-10-28,San Mateo,081,765935,171330,169941,10472,180413,741
2022-10-28,Santa Barbara,083,443738,106626,106291,6934,113225,729
2022-10-28,Santa Clara,085,1922200,442004,435788,19143,454931,2528
2022-10-28,Santa Cruz,087,273765,64154,63885,3527,67412,274
2022-10-28,Shasta,089,179085,35289,35117,7642,42759,595
2022-10-28,Sierra,091,2930,308,308,60,368,5
2022-10-28,Siskiyou,093,43540,5194,5307,3344,8651,94
2022-10-28,Solano,095,438530,106467,105796,7989,113785,467
2022-10-28,Sonoma,097,501317,108016,107692,5342,113034,524
2022-10-28,Stanislaus,099,539301,138789,138423,21714,160137,1785
2022-10-28,Sutter,101,95872,24465,24425,2464,26889,233
2022-10-28,Tehama,103,63373,13738,13681,3108,16789,210
2022-10-28,Trinity,105,12862,1410,1398,425,1823,20
2022-10-28,Tulare,107,460477,122559,122140,36780,158920,1541
2022-10-28,Tuolumne,109,53932,15720,15658,927,16585,196
2022-10-28,Ventura,111,848112,210301,209746,15920,225666,1582
2022-10-28,Yolo,113,214977,47829,47703,4425,52128,349
2022-10-28,Yuba,115,75493,19060,19009,1738,20747,133
2022-10-27,Alameda,001,1643700,352105,350419,19834,370253,2040
2022-10-27,Alpine,002,1148,136,136,1,137,0
2022-10-27,Amador,005,37829,10056,10038,934,10972,94
2022-10-27,Butte,007,227075,39820,39707,9220,48927,457
2022-10-27,Calaveras,009,45235,8577,8561,571,9132,134
2022-10-27,Colusa,011,21464,3819,3813,1291,5104,22
2022-10-27,Contra Costa,013,1133247,254404,252398,20965,273363,1458
2022-10-27,Del Norte,015,27424,7489,7455,400,7855,56
2022-10-27,El Dorado,017,186661,32632,32513,4312,36825,231
2022-10-27,Fresno,019,978130,280191,275924,32048,307972,2885
2022-10-27,Glenn,021,27897,5556,5553,1874,7427,48
2022-10-27,Humboldt,023,135768,22148,22065,5162,27227,160
2022-10-27,Imperial,025,180216,66103,65903,16164,82067,959
2022-10-27,Inyo,027,18085,4518,4500,1037,5537,60
2022-10-27,Kern,029,883053,220778,219943,65038,284981,2425
2022-10-27,Kings,031,150075,59812,59742,4131,63873,459
2022-10-27,Lake,033,64148,12916,12868,1192,14060,148
2022-10-27,Lassen,035,31185,10019,9989,1002,10991,65
2022-10-27,Los Angeles,037,10098052,3305956,3298549,184753,3483302,33679
2022-10-27,Madera,039,155013,44324,44172,8306,52478,375
2022-10-27,Marin,041,260295,45854,45649,5334,50983,314
2022-10-27,Mariposa,043,17540,3133,3107,348,3455,31
2022-10-27,Mendocino,045,87422,16195,16104,4535,20639,153
2022-10-27,Merced,047,269075,73465,72606,11998,84604,870
2022-10-27,Modoc,049,8938,885,884,327,1211,11
2022-10-27,Mono,051,14174,3219,3215,263,3478,7
2022-10-27,Monterey,053,433212,94696,94425,21279,115704,769
2022-10-27,Napa,055,140530,32448,32448,1415,33863,160
2022-10-27,Nevada,057,99092,19173,19094,1904,20998,132
2022-10-27,Orange,059,3164182,673997,671141,65103,736244,7502
2022-10-27,Placer,061,380077,76628,76178,9752,85930,662
2022-10-27,Plumas,063,18699,3720,3705,443,4148,13
2022-10-27,Riverside,065,2383286,699955,698387,35679,734066,6659
2022-10-27,Sacramento,067,1510023,350476,348942,35021,383963,3346
2022-10-27,San Benito,069,59416,16459,16284,990,17274,108
2022-10-27,San Bernardino,071,2135413,675588,673959,31025,704984,8120
2022-10-27,San Diego,073,3302833,930808,929768,72644,1002412,5524
2022-10-27,San Francisco,075,870044,181611,180409,12192,192601,1066
2022-10-27,San Joaquin,077,732212,199214,198376,15138,213514,2335
2022-10-27,San Luis Obispo,079,281455,63726,63519,7244,70763,525
2022-10-27,San Mateo,081,765935,171240,169941,10470,180411,741
2022-10-27,Santa Barbara,083,443738,106596,106291,6933,113224,729
2022-10-27,Santa Clara,085,1922200,441829,435788,19134,454922,2528
2022-10-27,Santa Cruz,087,273765,64133,63885,3524,67409,274
2022-10-27,Shasta,089,179085,35279,35117,7635,42752,595
2022-10-27,Sierra,091,2930,308,308,60,368,5
2022-10-27,Siskiyou,093,43540,5190,5307,3343,8650,94
2022-10-27,Solano,095,438530,106427,105796,7987,113783,467
2022-10-27,Sonoma,097,501317,107986,107692,5342,113034,524
2022-10-27,Stanislaus,099,539301,138750,138423,21710,160133,1785
2022-10-27,Sutter,101,95872,24457,24425,2463,26888,233
2022-10-27,Tehama,103,63373,13737,13681,3108,16789,210
2022-10-27,Trinity,105,12862,1407,1398,422,1820,20
2022-10-27,Tulare,107,460477,122543,122140,36758,158898,1541
2022-10-27,Tuolumne,109,53932,15717,15658,927,16585,196
2022-10-27,Ventura,111,848112,210241,209746,15913,225659,1582
2022-10-27,Yolo,113,214977,47827,47703,4423,52126,349
2022-10-27,Yuba,115,75493,19055,19009,1737,20746,133
2022-10-26,Alameda,001,1643700,351932,350419,19820,370239,2040
2022-10-26,Alpine,002,1148,136,136,1,137,0
2022-10-26,Amador,005,37829,10055,10038,934,10972,94
2022-10-26,Butte,007,227075,39809,39707,9212,48919,457
2022-10-26,Calaveras,009,45235,8576,8561,570,9131,134
2022-10-26,Colusa,011,21464,3816,3813,1291,5104,22
2022-10-26,Contra Costa,013,1133247,254313,252398,20960,273358,1458
2022-10-26,Del Norte,015,27424,7488,7455,400,7855,56
2022-10-26,El Dorado,017,186661,32610,32513,4311,36824,231
2022-10-26,Fresno,019,978130,280138,275924,32028,307952,2885
2022-10-26,Glenn,021,27897,5556,5553,1873,7426,48
2022-10-26,Humboldt,023,135768,22143,22065,5155,27220,160
2022-10-26,Imperial,025,180216,66083,65903,16153,82056,959
2022-10-26,Inyo,027,18085,4517,4500,1035,5535,60
2022-10-26,Kern,029,883053,220738,219943,65010,284953,2425
2022-10-26,Kings,031,150075,59807,59742,4131,63873,459
2022-10-26,Lake,033,64148,12914,12868,1192,14060,148
2022-10-26,Lassen,035,31185,10014,9989,1001,10990,65
2022-10-26,Los Angeles,037,10098052,3305028,3298549,184609,3483158,33679
2022-10-26,Madera,039,155013,44316,44172,8304,52476,375
2022-10-26,Marin,041,260295,45841,45649,5332,50981,314
2022-10-26,Mariposa,043,17540,3132,3107,348,3455,31
2022-10-26,Mendocino,045,87422,16193,16104,4533,20637,153
2022-10-26,Merced,047,269075,73449,72606,11994,84600,870
2022-10-26,Modoc,049,8938,885,884,327,1211,11
2022-10-26,Mono,051,14174,3219,3215,263,3478,7
2022-10-26,Monterey,053,433212,94671,94425,21268,115693,769
2022-10-26,Napa,055,140530,32440,32448,1415,33863,160
2022-10-26,Nevada,057,99092,19170,19094,1896,20990,132
2022-10-26,Orange,059,3164182,673807,671141,65044,736185,7502
2022-10-26,Placer,061,380077,76606,76178,9746,85924,662
2022-10-26,Plumas,063,18699,3718,3705,443,4148,13
2022-10-26,Riverside,065,2383286,699809,698387,35655,734042,6659
2022-10-26,Sacramento,067,1510023,350397,348942,35005,383947,3346
2022-10-26,San Benito,069,59416,16454,16284,990,17274,108
2022-10-26,San Bernardino,071,2135413,675419,673959,31016,704975,8120
2022-10-26,San Diego,073,3302833,930521,929768,72601,1002369,5524
2022-10-26,San Francisco,075,870044,181532,180409,12188,192597,1066
2022-10-26,San Joaquin,077,732212,199162,198376,15126,213502,2335
2022-10-26,San Luis Obispo,079,281455,63711,63519,7242,70761,525
2022-10-26,San Mateo,081,765935,171149,169941,10467,180408,741
2022-10-26,Santa Barbara,083,443738,106562,106291,6928,113219,729
2022-10-26,Santa Clara,085,1922200,441649,435788,19117,454905,2528
2022-10-26,Santa Cruz,087,273765,64107,63885,3523,67408,274
2022-10-26,Shasta,089,179085,35271,35117,7630,42747,595
2022-10-26,Sierra,091,2930,308,308,60,368,5
2022-10-26,Siskiyou,093,43540,5188,5307,3342,8649,94
2022-10-26,Solano,095,438530,106370,105796,7986,113782,467
2022-10-26,Sonoma,097,501317,107960,107692,5337,113029,524
2022-10-26,Stanislaus,099,539301,138718,138423,21706,160129,1785
2022-10-26,Sutter,101,95872,24447,24425,2463,26888,233
2022-10-26,Tehama,103,63373,13732,13681,3108,16789,210
2022-10-26,Trinity,105,12862,1401,1398,420,1818,20
2022-10-26,Tulare,107,460477,122527,122140,36741,158881,1541
2022-10-26,Tuolumne,109,53932,15711,15658,927,16585,196
2022-10-26,Ventura,111,848112,210178,209746,15906,225652,1582
2022-10-26,Yolo,113,214977,47818,47703,4419,52122,349
2022-10-26,Yuba,115,75493,19048,19009,1737,20746,133
2022-10-25,Alameda,001,1643700,351777,350419,19805,370224,2040
2022-10-25,Alpine,002,1148,136,136,1,137,0
2022-10-25,Amador,005,37829,10053,10038,934,10972,94
2022-10-25,Butte,007,227075,39793,39707,9212,48919,457
2022-10-25,Calaveras,009,45235,8574,8561,570,9131,134
2022-10-25,Colusa,011,21464,3815,3813,1291,5104,22
2022-10-25,Contra Costa,013,1133247,254207,252398,20952,273350,1458
2022-10-25,Del Norte,015,27424,7487,7455,400,7855,56
2022-10-25,El Dorado,017,186661,32589,32513,4309,36822,231
2022-10-25,Fresno,019,978130,280081,275924,32014,307938,2885
2022-10-25,Glenn,021,27897,5554,5553,1873,7426,48
2022-10-25,Humboldt,023,135768,22136,22065,5152,27217,160
2022-10-25,Imperial,025,180216,66061,65903,16146,82049,959
2022-10-25,Inyo,027,18085,4517,4500,1034,5534,60
2022-10-25,Kern,029,883053,220687,219943,64967,284910,2425
2022-10-25,Kings,031,150075,59791,59742,4130,63872,459
2022-10-25,Lake,033,64148,12911,12868,1192,14060,148
2022-10-25,Lassen,035,31185,10007,9989,1001,10990,65
2022-10-25,Los Angeles,037,10098052,3304135,3298549,184466,3483015,33679
2022-10-25,Madera,039,155013,44307,44172,8300,52472,375
2022-10-25,Marin,041,260295,45814,45649,5330,50979,314
2022-10-25,Mariposa,043,17540,3131,3107,348,3455,31
2022-10-25,Mendocino,045,87422,16186,16104,4532,20636,153
2022-10-25,Merced,047,269075,73432,72606,11991,84597,870
2022-10-25,Modoc,049,8938,885,884,326,1210,11
2022-10-25,Mono,051,14174,3219,3215,262,3477,7
2022-10-25,Monterey,053,433212,94646,94425,21256,115681,769
2022-10-25,Napa,055,140530,32437,32448,1414,33862,160
2022-10-25,Nevada,057,99092,19166,19094,1893,20987,132
2022-10-25,Orange,059,3164182,673620,671141,64984,736125,7502
2022-10-25,Placer,061,380077,76570,76178,9743,85921,662
2022-10-25,Plumas,063,18699,3717,3705,443,4148,13
2022-10-25,Riverside,065,2383286,699638,698387,35642,734029,6659
2022-10-25,Sacramento,067,1510023,350285,348942,34968,383910,3346
2022-10-25,San Benito,069,59416,16447,16284,988,17272,108
2022-10-25,San Bernardino,071,2135413,675275,673959,31007,704966,8120
2022-10-25,San Diego,073,3302833,930252,929768,72544,1002312,5524
2022-10-25,San Francisco,075,870044,181442,180409,12178,192587,1066
2022-10-25,San Joaquin,077,732212,199103,198376,15119,213495,2335
2022-10-25,San Luis Obispo,079,281455,63691,63519,7239,70758,525
2022-10-25,San Mateo,081,765935,171077,169941,10466,180407,741
2022-10-25,Santa Barbara,083,443738,106527,106291,6922,113213,729
2022-10-25,Santa Clara,085,1922200,441455,435788,19108,454896,2528
2022-10-25,Santa Cruz,087,273765,64072,63885,3519,67404,274
2022-10-25,Shasta,089,179085,35265,35117,7624,42741,595
2022-10-25,Sierra,091,2930,308,308,60,368,5
2022-10-25,Siskiyou,093,43540,5186,5307,3338,8645,94
2022-10-25,Solano,095,438530,106324,105796,7980,113776,467
2022-10-25,Sonoma,097,501317,107918,107692,5336,113028,524
2022-10-25,Stanislaus,099,539301,138689,138423,21696,160119,1785
2022-10-25,Sutter,101,95872,24440,24425,2463,26888,233
2022-10-25,Tehama,103,63373,13729,13681,3107,16788,210
2022-10-25,Trinity,105,12862,1401,1398,416,1814,20
2022-10-25,Tulare,107,460477,122502,122140,36724,158864,1541
2022-10-25,Tuolumne,109,53932,15710,15658,927,16585,196
2022-10-25,Ventura,111,848112,210126,209746,15896,225642,1582
2022-10-25,Yolo,113,214977,47807,47703,4410,52113,349
2022-10-25,Yuba,115,75493,19041,19009,1737,20746,133
2022-10-24,Alameda,001,1643700,351615,349337,19796,369133,2031
2022-10-24,Alpine,002,1148,136,136,1,137,0
2022-10-24,Amador,005,37829,10051,10025,933,10958,94
2022-10-24,Butte,007,227075,39779,39607,9209,48816,456
2022-10-24,Calaveras,009,45235,8574,8541,569,9110,135
2022-10-24,Colusa,011,21464,3813,3807,1291,5098,22
2022-10-24,Contra Costa,013,1133247,254088,251722,20945,272667,1444
2022-10-24,Del Norte,015,27424,7482,7450,400,7850,56
2022-10-24,El Dorado,017,186661,32576,32443,4308,36751,232
2022-10-24,Fresno,019,978130,280017,275502,31993,307495,2893
2022-10-24,Glenn,021,27897,5553,5543,1873,7416,48
2022-10-24,Humboldt,023,135768,22130,21979,5145,27124,160
2022-10-24,Imperial,025,180216,66040,65801,16137,81938,961
2022-10-24,Inyo,027,18085,4516,4497,1031,5528,60
2022-10-24,Kern,029,883053,220635,219679,64934,284613,2424
2022-10-24,Kings,031,150075,59773,59632,4130,63762,460
2022-10-24,Lake,033,64148,12906,12847,1192,14039,148
2022-10-24,Lassen,035,31185,10007,9977,1001,10978,65
2022-10-24,Los Angeles,037,10098052,3303133,3289814,184296,3474110,33533
2022-10-24,Madera,039,155013,44302,44121,8299,52420,375
2022-10-24,Marin,041,260295,45785,45521,5330,50851,314
2022-10-24,Mariposa,043,17540,3129,3096,346,3442,31
2022-10-24,Mendocino,045,87422,16182,16059,4529,20588,136
2022-10-24,Merced,047,269075,73419,72442,11988,84430,869
2022-10-24,Modoc,049,8938,884,883,326,1209,11
2022-10-24,Mono,051,14174,3219,3212,261,3473,7
2022-10-24,Monterey,053,433212,94624,94275,21241,115516,768
2022-10-24,Napa,055,140530,32433,32395,1414,33809,160
2022-10-24,Nevada,057,99092,19158,19056,1883,20939,132
2022-10-24,Orange,059,3164182,673436,669923,64940,734863,7536
2022-10-24,Placer,061,380077,76539,76022,9740,85762,662
2022-10-24,Plumas,063,18699,3716,3691,442,4133,13
2022-10-24,Riverside,065,2383286,699499,697500,35621,733121,6569
2022-10-24,Sacramento,067,1510023,350164,348260,34941,383201,3337
2022-10-24,San Benito,069,59416,16441,16251,987,17238,107
2022-10-24,San Bernardino,071,2135413,675100,673189,30996,704185,8152
2022-10-24,San Diego,073,3302833,929978,928182,72491,1000673,5517
2022-10-24,San Francisco,075,870044,181335,179967,12175,192142,1056
2022-10-24,San Joaquin,077,732212,199047,198041,15097,213138,2336
2022-10-24,San Luis Obispo,079,281455,63679,63410,7238,70648,525
2022-10-24,San Mateo,081,765935,171015,169484,10463,179947,732
2022-10-24,Santa Barbara,083,443738,106504,106125,6921,113046,726
2022-10-24,Santa Clara,085,1922200,441244,434684,19099,453783,2523
2022-10-24,Santa Cruz,087,273765,64049,63592,3517,67109,275
2022-10-24,Shasta,089,179085,35250,35031,7613,42644,595
2022-10-24,Sierra,091,2930,308,305,60,365,5
2022-10-24,Siskiyou,093,43540,5184,5298,3338,8636,94
2022-10-24,Solano,095,438530,106276,105561,7979,113540,466
2022-10-24,Sonoma,097,501317,107887,107436,5336,112772,527
2022-10-24,Stanislaus,099,539301,138662,138223,21693,159916,1785
2022-10-24,Sutter,101,95872,24435,24393,2463,26856,233
2022-10-24,Tehama,103,63373,13727,13647,3106,16753,209
2022-10-24,Trinity,105,12862,1400,1396,415,1811,20
2022-10-24,Tulare,107,460477,122481,122035,36707,158742,1540
2022-10-24,Tuolumne,109,53932,15707,15626,927,16553,196
2022-10-24,Ventura,111,848112,210076,209427,15891,225318,1571
2022-10-24,Yolo,113,214977,47796,47611,4408,52019,346
2022-10-24,Yuba,115,75493,19032,18969,1737,20706,130
2022-10-23,Alameda,001,1643700,351418,349337,19780,369117,2031
2022-10-23,Alpine,002,1148,136,136,1,137,0
2022-10-23,Amador,005,37829,10050,10025,933,10958,94
2022-10-23,Butte,007,227075,39767,39607,9207,48814,456
2022-10-23,Calaveras,009,45235,8569,8541,569,9110,135
2022-10-23,Colusa,011,21464,3813,3807,1289,5096,22
2022-10-23,Contra Costa,013,1133247,253979,251722,20933,272655,1444
2022-10-23,Del Norte,015,27424,7481,7450,400,7850,56
2022-10-23,El Dorado,017,186661,32563,32443,4306,36749,232
2022-10-23,Fresno,019,978130,279953,275502,31979,307481,2893
2022-10-23,Glenn,021,27897,5551,5543,1871,7414,48
2022-10-23,Humboldt,023,135768,22122,21979,5138,27117,160
2022-10-23,Imperial,025,180216,66027,65801,16119,81920,961
2022-10-23,Inyo,027,18085,4514,4497,1031,5528,60
2022-10-23,Kern,029,883053,220582,219679,64863,284542,2424
2022-10-23,Kings,031,150075,59754,59632,4127,63759,460
2022-10-23,Lake,033,64148,12905,12847,1192,14039,148
2022-10-23,Lassen,035,31185,10004,9977,1000,10977,65
2022-10-23,Los Angeles,037,10098052,3302168,3289814,184106,3473920,33533
2022-10-23,Madera,039,155013,44290,44121,8297,52418,375
2022-10-23,Marin,041,260295,45770,45521,5328,50849,314
2022-10-23,Mariposa,043,17540,3126,3096,345,3441,31
2022-10-23,Mendocino,045,87422,16175,16059,4528,20587,136
2022-10-23,Merced,047,269075,73411,72442,11984,84426,869
2022-10-23,Modoc,049,8938,884,883,326,1209,11
2022-10-23,Mono,051,14174,3219,3212,260,3472,7
2022-10-23,Monterey,053,433212,94604,94275,21226,115501,768
2022-10-23,Napa,055,140530,32415,32395,1414,33809,160
2022-10-23,Nevada,057,99092,19146,19056,1881,20937,132
2022-10-23,Orange,059,3164182,673206,669923,64872,734795,7536
2022-10-23,Placer,061,380077,76509,76022,9736,85758,662
2022-10-23,Plumas,063,18699,3715,3691,441,4132,13
2022-10-23,Riverside,065,2383286,699317,697500,35604,733104,6569
2022-10-23,Sacramento,067,1510023,350015,348260,34916,383176,3337
2022-10-23,San Benito,069,59416,16434,16251,986,17237,107
2022-10-23,San Bernardino,071,2135413,674961,673189,30980,704169,8152
2022-10-23,San Diego,073,3302833,929627,928182,72448,1000630,5517
2022-10-23,San Francisco,075,870044,181227,179967,12167,192134,1056
2022-10-23,San Joaquin,077,732212,198986,198041,15085,213126,2336
2022-10-23,San Luis Obispo,079,281455,63665,63410,7230,70640,525
2022-10-23,San Mateo,081,765935,170926,169484,10460,179944,732
2022-10-23,Santa Barbara,083,443738,106464,106125,6918,113043,726
2022-10-23,Santa Clara,085,1922200,441018,434684,19078,453762,2523
2022-10-23,Santa Cruz,087,273765,63995,63592,3514,67106,275
2022-10-23,Shasta,089,179085,35237,35031,7602,42633,595
2022-10-23,Sierra,091,2930,308,305,60,365,5
2022-10-23,Siskiyou,093,43540,5182,5298,3335,8633,94
2022-10-23,Solano,095,438530,106225,105561,7975,113536,466
2022-10-23,Sonoma,097,501317,107828,107436,5332,112768,527
2022-10-23,Stanislaus,099,539301,138620,138223,21689,159912,1785
2022-10-23,Sutter,101,95872,24429,24393,2463,26856,233
2022-10-23,Tehama,103,63373,13721,13647,3106,16753,209
2022-10-23,Trinity,105,12862,1400,1396,412,1808,20
2022-10-23,Tulare,107,460477,122452,122035,36683,158718,1540
2022-10-23,Tuolumne,109,53932,15704,15626,926,16552,196
2022-10-23,Ventura,111,848112,210025,209427,15878,225305,1571
2022-10-23,Yolo,113,214977,47777,47611,4397,52008,346
2022-10-23,Yuba,115,75493,19026,18969,1736,20705,130
2022-10-22,Alameda,001,1643700,351309,349337,19776,369113,2031
2022-10-22,Alpine,002,1148,136,136,1,137,0
2022-10-22,Amador,005,37829,10048,10025,933,10958,94
2022-10-22,Butte,007,227075,39761,39607,9202,48809,456
2022-10-22,Calaveras,009,45235,8566,8541,569,9110,135
2022-10-22,Colusa,011,21464,3813,3807,1288,5095,22
2022-10-22,Contra Costa,013,1133247,253912,251722,20926,272648,1444
2022-10-22,Del Norte,015,27424,7480,7450,400,7850,56
2022-10-22,El Dorado,017,186661,32556,32443,4305,36748,232
2022-10-22,Fresno,019,978130,279914,275502,31975,307477,2893
2022-10-22,Glenn,021,27897,5550,5543,1871,7414,48
2022-10-22,Humboldt,023,135768,22117,21979,5136,27115,160
2022-10-22,Imperial,025,180216,66013,65801,16112,81913,961
2022-10-22,Inyo,027,18085,4513,4497,1029,5526,60
2022-10-22,Kern,029,883053,220562,219679,64833,284512,2424
2022-10-22,Kings,031,150075,59745,59632,4126,63758,460
2022-10-22,Lake,033,64148,12903,12847,1191,14038,148
2022-10-22,Lassen,035,31185,10004,9977,999,10976,65
2022-10-22,Los Angeles,037,10098052,3301646,3289814,184020,3473834,33533
2022-10-22,Madera,039,155013,44282,44121,8296,52417,375
2022-10-22,Marin,041,260295,45750,45521,5324,50845,314
2022-10-22,Mariposa,043,17540,3126,3096,345,3441,31
2022-10-22,Mendocino,045,87422,16174,16059,4528,20587,136
2022-10-22,Merced,047,269075,73401,72442,11984,84426,869
2022-10-22,Modoc,049,8938,884,883,326,1209,11
2022-10-22,Mono,051,14174,3218,3212,260,3472,7
2022-10-22,Monterey,053,433212,94592,94275,21217,115492,768
2022-10-22,Napa,055,140530,32411,32395,1414,33809,160
2022-10-22,Nevada,057,99092,19142,19056,1881,20937,132
2022-10-22,Orange,059,3164182,673110,669923,64831,734754,7536
2022-10-22,Placer,061,380077,76489,76022,9731,85753,662
2022-10-22,Plumas,063,18699,3715,3691,441,4132,13
2022-10-22,Riverside,065,2383286,699222,697500,35586,733086,6569
2022-10-22,Sacramento,067,1510023,349935,348260,34908,383168,3337
2022-10-22,San Benito,069,59416,16426,16251,986,17237,107
2022-10-22,San Bernardino,071,2135413,674879,673189,30976,704165,8152
2022-10-22,San Diego,073,3302833,929496,928182,72425,1000607,5517
2022-10-22,San Francisco,075,870044,181174,179967,12165,192132,1056
2022-10-22,San Joaquin,077,732212,198962,198041,15078,213119,2336
2022-10-22,San Luis Obispo,079,281455,63661,63410,7229,70639,525
2022-10-22,San Mateo,081,765935,170869,169484,10457,179941,732
2022-10-22,Santa Barbara,083,443738,106451,106125,6915,113040,726
2022-10-22,Santa Clara,085,1922200,440880,434684,19072,453756,2523
2022-10-22,Santa Cruz,087,273765,63982,63592,3514,67106,275
2022-10-22,Shasta,089,179085,35232,35031,7598,42629,595
2022-10-22,Sierra,091,2930,308,305,60,365,5
2022-10-22,Siskiyou,093,43540,5178,5298,3335,8633,94
2022-10-22,Solano,095,438530,106204,105561,7975,113536,466
2022-10-22,Sonoma,097,501317,107815,107436,5331,112767,527
2022-10-22,Stanislaus,099,539301,138602,138223,21686,159909,1785
2022-10-22,Sutter,101,95872,24427,24393,2463,26856,233
2022-10-22,Tehama,103,63373,13717,13647,3104,16751,209
2022-10-22,Trinity,105,12862,1400,1396,412,1808,20
2022-10-22,Tulare,107,460477,122441,122035,36672,158707,1540
2022-10-22,Tuolumne,109,53932,15702,15626,926,16552,196
2022-10-22,Ventura,111,848112,209999,209427,15873,225300,1571
2022-10-22,Yolo,113,214977,47767,47611,4397,52008,346
2022-10-22,Yuba,115,75493,19019,18969,1735,20704,130
2022-10-21,Alameda,001,1643700,351227,349337,19770,369107,2031
2022-10-21,Alpine,002,1148,136,136,1,137,0
2022-10-21,Amador,005,37829,10047,10025,933,10958,94
2022-10-21,Butte,007,227075,39749,39607,9197,48804,456
2022-10-21,Calaveras,009,45235,8566,8541,569,9110,135
2022-10-21,Colusa,011,21464,3812,3807,1288,5095,22
2022-10-21,Contra Costa,013,1133247,253843,251722,20917,272639,1444
2022-10-21,Del Norte,015,27424,7480,7450,400,7850,56
2022-10-21,El Dorado,017,186661,32546,32443,4303,36746,232
2022-10-21,Fresno,019,978130,279878,275502,31970,307472,2893
2022-10-21,Glenn,021,27897,5550,5543,1870,7413,48
2022-10-21,Humboldt,023,135768,22109,21979,5133,27112,160
2022-10-21,Imperial,025,180216,66008,65801,16106,81907,961
2022-10-21,Inyo,027,18085,4513,4497,1029,5526,60
2022-10-21,Kern,029,883053,220541,219679,64813,284492,2424
2022-10-21,Kings,031,150075,59739,59632,4126,63758,460
2022-10-21,Lake,033,64148,12902,12847,1191,14038,148
2022-10-21,Lassen,035,31185,10002,9977,999,10976,65
2022-10-21,Los Angeles,037,10098052,3301083,3289814,183898,3473712,33533
2022-10-21,Madera,039,155013,44275,44121,8293,52414,375
2022-10-21,Marin,041,260295,45730,45521,5322,50843,314
2022-10-21,Mariposa,043,17540,3125,3096,345,3441,31
2022-10-21,Mendocino,045,87422,16167,16059,4528,20587,136
2022-10-21,Merced,047,269075,73395,72442,11983,84425,869
2022-10-21,Modoc,049,8938,884,883,326,1209,11
2022-10-21,Mono,051,14174,3218,3212,260,3472,7
2022-10-21,Monterey,053,433212,94575,94275,21215,115490,768
2022-10-21,Napa,055,140530,32409,32395,1414,33809,160
2022-10-21,Nevada,057,99092,19138,19056,1880,20936,132
2022-10-21,Orange,059,3164182,672988,669923,64793,734716,7536
2022-10-21,Placer,061,380077,76468,76022,9726,85748,662
2022-10-21,Plumas,063,18699,3714,3691,441,4132,13
2022-10-21,Riverside,065,2383286,699131,697500,35574,733074,6569
2022-10-21,Sacramento,067,1510023,349862,348260,34901,383161,3337
2022-10-21,San Benito,069,59416,16424,16251,985,17236,107
2022-10-21,San Bernardino,071,2135413,674800,673189,30970,704159,8152
2022-10-21,San Diego,073,3302833,929346,928182,72403,1000585,5517
2022-10-21,San Francisco,075,870044,181135,179967,12161,192128,1056
2022-10-21,San Joaquin,077,732212,198935,198041,15074,213115,2336
2022-10-21,San Luis Obispo,079,281455,63653,63410,7229,70639,525
2022-10-21,San Mateo,081,765935,170823,169484,10455,179939,732
2022-10-21,Santa Barbara,083,443738,106437,106125,6915,113040,726
2022-10-21,Santa Clara,085,1922200,440747,434684,19064,453748,2523
2022-10-21,Santa Cruz,087,273765,63967,63592,3514,67106,275
2022-10-21,Shasta,089,179085,35225,35031,7591,42622,595
2022-10-21,Sierra,091,2930,308,305,60,365,5
2022-10-21,Siskiyou,093,43540,5178,5298,3335,8633,94
2022-10-21,Solano,095,438530,106181,105561,7974,113535,466
2022-10-21,Sonoma,097,501317,107791,107436,5329,112765,527
2022-10-21,Stanislaus,099,539301,138587,138223,21684,159907,1785
2022-10-21,Sutter,101,95872,24420,24393,2463,26856,233
2022-10-21,Tehama,103,63373,13713,13647,3104,16751,209
2022-10-21,Trinity,105,12862,1400,1396,411,1807,20
2022-10-21,Tulare,107,460477,122434,122035,36666,158701,1540
2022-10-21,Tuolumne,109,53932,15696,15626,926,16552,196
2022-10-21,Ventura,111,848112,209969,209427,15870,225297,1571
2022-10-21,Yolo,113,214977,47757,47611,4396,52007,346
2022-10-21,Yuba,115,75493,19009,18969,1735,20704,130
2022-10-20,Alameda,001,1643700,351082,349337,19767,369104,2031
2022-10-20,Alpine,002,1148,136,136,1,137,0
2022-10-20,Amador,005,37829,10042,10025,933,10958,94
2022-10-20,Butte,007,227075,39742,39607,9195,48802,456
2022-10-20,Calaveras,009,45235,8565,8541,568,9109,135
2022-10-20,Colusa,011,21464,3812,3807,1287,5094,22
2022-10-20,Contra Costa,013,1133247,253741,251722,20913,272635,1444
2022-10-20,Del Norte,015,27424,7480,7450,399,7849,56
2022-10-20,El Dorado,017,186661,32530,32443,4301,36744,232
2022-10-20,Fresno,019,978130,279826,275502,31962,307464,2893
2022-10-20,Glenn,021,27897,5550,5543,1870,7413,48
2022-10-20,Humboldt,023,135768,22103,21979,5127,27106,160
2022-10-20,Imperial,025,180216,65999,65801,16095,81896,961
2022-10-20,Inyo,027,18085,4508,4497,1026,5523,60
2022-10-20,Kern,029,883053,220503,219679,64767,284446,2424
2022-10-20,Kings,031,150075,59724,59632,4124,63756,460
2022-10-20,Lake,033,64148,12898,12847,1191,14038,148
2022-10-20,Lassen,035,31185,9999,9977,999,10976,65
2022-10-20,Los Angeles,037,10098052,3300334,3289814,183770,3473584,33533
2022-10-20,Madera,039,155013,44263,44121,8293,52414,375
2022-10-20,Marin,041,260295,45713,45521,5321,50842,314
2022-10-20,Mariposa,043,17540,3124,3096,344,3440,31
2022-10-20,Mendocino,045,87422,16162,16059,4527,20586,136
2022-10-20,Merced,047,269075,73386,72442,11983,84425,869
2022-10-20,Modoc,049,8938,883,883,325,1208,11
2022-10-20,Mono,051,14174,3218,3212,260,3472,7
2022-10-20,Monterey,053,433212,94559,94275,21202,115477,768
2022-10-20,Napa,055,140530,32403,32395,1414,33809,160
2022-10-20,Nevada,057,99092,19136,19056,1874,20930,132
2022-10-20,Orange,059,3164182,672852,669923,64741,734664,7536
2022-10-20,Placer,061,380077,76437,76022,9722,85744,662
2022-10-20,Plumas,063,18699,3713,3691,441,4132,13
2022-10-20,Riverside,065,2383286,699002,697500,35556,733056,6569
2022-10-20,Sacramento,067,1510023,349722,348260,34883,383143,3337
2022-10-20,San Benito,069,59416,16421,16251,984,17235,107
2022-10-20,San Bernardino,071,2135413,674687,673189,30956,704145,8152
2022-10-20,San Diego,073,3302833,929151,928182,72362,1000544,5517
2022-10-20,San Francisco,075,870044,181073,179967,12155,192122,1056
2022-10-20,San Joaquin,077,732212,198902,198041,15066,213107,2336
2022-10-20,San Luis Obispo,079,281455,63643,63410,7224,70634,525
2022-10-20,San Mateo,081,765935,170752,169484,10453,179937,732
2022-10-20,Santa Barbara,083,443738,106415,106125,6913,113038,726
2022-10-20,Santa Clara,085,1922200,440592,434684,19054,453738,2523
2022-10-20,Santa Cruz,087,273765,63929,63592,3513,67105,275
2022-10-20,Shasta,089,179085,35213,35031,7576,42607,595
2022-10-20,Sierra,091,2930,308,305,60,365,5
2022-10-20,Siskiyou,093,43540,5176,5298,3335,8633,94
2022-10-20,Solano,095,438530,106145,105561,7971,113532,466
2022-10-20,Sonoma,097,501317,107758,107436,5329,112765,527
2022-10-20,Stanislaus,099,539301,138550,138223,21681,159904,1785
2022-10-20,Sutter,101,95872,24416,24393,2463,26856,233
2022-10-20,Tehama,103,63373,13707,13647,3100,16747,209
2022-10-20,Trinity,105,12862,1400,1396,411,1807,20
2022-10-20,Tulare,107,460477,122419,122035,36660,158695,1540
2022-10-20,Tuolumne,109,53932,15690,15626,926,16552,196
2022-10-20,Ventura,111,848112,209930,209427,15861,225288,1571
2022-10-20,Yolo,113,214977,47747,47611,4392,52003,346
2022-10-20,Yuba,115,75493,19003,18969,1735,20704,130
2022-10-19,Alameda,001,1643700,350942,349337,19758,369095,2031
2022-10-19,Alpine,002,1148,136,136,1,137,0
2022-10-19,Amador,005,37829,10040,10025,932,10957,94
2022-10-19,Butte,007,227075,39735,39607,9192,48799,456
2022-10-19,Calaveras,009,45235,8563,8541,568,9109,135
2022-10-19,Colusa,011,21464,3811,3807,1287,5094,22
2022-10-19,Contra Costa,013,1133247,253658,251722,20897,272619,1444
2022-10-19,Del Norte,015,27424,7480,7450,399,7849,56
2022-10-19,El Dorado,017,186661,32515,32443,4299,36742,232
2022-10-19,Fresno,019,978130,279761,275502,31949,307451,2893
2022-10-19,Glenn,021,27897,5547,5543,1870,7413,48
2022-10-19,Humboldt,023,135768,22087,21979,5117,27096,160
2022-10-19,Imperial,025,180216,65983,65801,16084,81885,961
2022-10-19,Inyo,027,18085,4508,4497,1024,5521,60
2022-10-19,Kern,029,883053,220453,219679,64726,284405,2424
2022-10-19,Kings,031,150075,59711,59632,4124,63756,460
2022-10-19,Lake,033,64148,12893,12847,1190,14037,148
2022-10-19,Lassen,035,31185,9996,9977,998,10975,65
2022-10-19,Los Angeles,037,10098052,3299504,3289814,183632,3473446,33533
2022-10-19,Madera,039,155013,44255,44121,8292,52413,375
2022-10-19,Marin,041,260295,45691,45521,5320,50841,314
2022-10-19,Mariposa,043,17540,3121,3096,344,3440,31
2022-10-19,Mendocino,045,87422,16157,16059,4525,20584,136
2022-10-19,Merced,047,269075,73368,72442,11980,84422,869
2022-10-19,Modoc,049,8938,883,883,325,1208,11
2022-10-19,Mono,051,14174,3217,3212,259,3471,7
2022-10-19,Monterey,053,433212,94545,94275,21195,115470,768
2022-10-19,Napa,055,140530,32396,32395,1413,33808,160
2022-10-19,Nevada,057,99092,19131,19056,1871,20927,132
2022-10-19,Orange,059,3164182,672634,669923,64690,734613,7536
2022-10-19,Placer,061,380077,76409,76022,9718,85740,662
2022-10-19,Plumas,063,18699,3710,3691,441,4132,13
2022-10-19,Riverside,065,2383286,698877,697500,35536,733036,6569
2022-10-19,Sacramento,067,1510023,349614,348260,34869,383129,3337
2022-10-19,San Benito,069,59416,16417,16251,984,17235,107
2022-10-19,San Bernardino,071,2135413,674550,673189,30951,704140,8152
2022-10-19,San Diego,073,3302833,928894,928182,72316,1000498,5517
2022-10-19,San Francisco,075,870044,180993,179967,12149,192116,1056
2022-10-19,San Joaquin,077,732212,198859,198041,15056,213097,2336
2022-10-19,San Luis Obispo,079,281455,63629,63410,7223,70633,525
2022-10-19,San Mateo,081,765935,170683,169484,10447,179931,732
2022-10-19,Santa Barbara,083,443738,106386,106125,6911,113036,726
2022-10-19,Santa Clara,085,1922200,440432,434684,19045,453729,2523
2022-10-19,Santa Cruz,087,273765,63880,63592,3512,67104,275
2022-10-19,Shasta,089,179085,35203,35031,7562,42593,595
2022-10-19,Sierra,091,2930,308,305,60,365,5
2022-10-19,Siskiyou,093,43540,5175,5298,3332,8630,94
2022-10-19,Solano,095,438530,106113,105561,7969,113530,466
2022-10-19,Sonoma,097,501317,107726,107436,5326,112762,527
2022-10-19,Stanislaus,099,539301,138517,138223,21678,159901,1785
2022-10-19,Sutter,101,95872,24413,24393,2463,26856,233
2022-10-19,Tehama,103,63373,13702,13647,3098,16745,209
2022-10-19,Trinity,105,12862,1399,1396,411,1807,20
2022-10-19,Tulare,107,460477,122408,122035,36640,158675,1540
2022-10-19,Tuolumne,109,53932,15686,15626,926,16552,196
2022-10-19,Ventura,111,848112,209887,209427,15848,225275,1571
2022-10-19,Yolo,113,214977,47737,47611,4384,51995,346
2022-10-19,Yuba,115,75493,18994,18969,1734,20703,130
2022-10-18,Alameda,001,1643700,350814,349337,19746,369083,2031
2022-10-18,Alpine,002,1148,136,136,1,137,0
2022-10-18,Amador,005,37829,10037,10025,930,10955,94
2022-10-18,Butte,007,227075,39726,39607,9192,48799,456
2022-10-18,Calaveras,009,45235,8558,8541,567,9108,135
2022-10-18,Colusa,011,21464,3810,3807,1285,5092,22
2022-10-18,Contra Costa,013,1133247,253569,251722,20893,272615,1444
2022-10-18,Del Norte,015,27424,7476,7450,399,7849,56
2022-10-18,El Dorado,017,186661,32498,32443,4294,36737,232
2022-10-18,Fresno,019,978130,279704,275502,31936,307438,2893
2022-10-18,Glenn,021,27897,5547,5543,1870,7413,48
2022-10-18,Humboldt,023,135768,22074,21979,5114,27093,160
2022-10-18,Imperial,025,180216,65962,65801,16068,81869,961
2022-10-18,Inyo,027,18085,4508,4497,1021,5518,60
2022-10-18,Kern,029,883053,220402,219679,64689,284368,2424
2022-10-18,Kings,031,150075,59696,59632,4122,63754,460
2022-10-18,Lake,033,64148,12887,12847,1190,14037,148
2022-10-18,Lassen,035,31185,9993,9977,998,10975,65
2022-10-18,Los Angeles,037,10098052,3298694,3289814,183498,3473312,33533
2022-10-18,Madera,039,155013,44246,44121,8290,52411,375
2022-10-18,Marin,041,260295,45665,45521,5318,50839,314
2022-10-18,Mariposa,043,17540,3119,3096,344,3440,31
2022-10-18,Mendocino,045,87422,16146,16059,4525,20584,136
2022-10-18,Merced,047,269075,73349,72442,11973,84415,869
2022-10-18,Modoc,049,8938,883,883,325,1208,11
2022-10-18,Mono,051,14174,3216,3212,259,3471,7
2022-10-18,Monterey,053,433212,94517,94275,21187,115462,768
2022-10-18,Napa,055,140530,32391,32395,1413,33808,160
2022-10-18,Nevada,057,99092,19125,19056,1871,20927,132
2022-10-18,Orange,059,3164182,672449,669923,64611,734534,7536
2022-10-18,Placer,061,380077,76378,76022,9715,85737,662
2022-10-18,Plumas,063,18699,3709,3691,441,4132,13
2022-10-18,Riverside,065,2383286,698726,697500,35520,733020,6569
2022-10-18,Sacramento,067,1510023,349488,348260,34851,383111,3337
2022-10-18,San Benito,069,59416,16412,16251,981,17232,107
2022-10-18,San Bernardino,071,2135413,674436,673189,30935,704124,8152
2022-10-18,San Diego,073,3302833,928596,928182,72268,1000450,5517
2022-10-18,San Francisco,075,870044,180909,179967,12147,192114,1056
2022-10-18,San Joaquin,077,732212,198823,198041,15043,213084,2336
2022-10-18,San Luis Obispo,079,281455,63605,63410,7221,70631,525
2022-10-18,San Mateo,081,765935,170606,169484,10443,179927,732
2022-10-18,Santa Barbara,083,443738,106360,106125,6908,113033,726
2022-10-18,Santa Clara,085,1922200,440255,434684,19027,453711,2523
2022-10-18,Santa Cruz,087,273765,63858,63592,3509,67101,275
2022-10-18,Shasta,089,179085,35196,35031,7558,42589,595
2022-10-18,Sierra,091,2930,308,305,60,365,5
2022-10-18,Siskiyou,093,43540,5175,5298,3330,8628,94
2022-10-18,Solano,095,438530,106075,105561,7964,113525,466
2022-10-18,Sonoma,097,501317,107683,107436,5319,112755,527
2022-10-18,Stanislaus,099,539301,138493,138223,21671,159894,1785
2022-10-18,Sutter,101,95872,24408,24393,2463,26856,233
2022-10-18,Tehama,103,63373,13695,13647,3095,16742,209
2022-10-18,Trinity,105,12862,1399,1396,408,1804,20
2022-10-18,Tulare,107,460477,122389,122035,36622,158657,1540
2022-10-18,Tuolumne,109,53932,15681,15626,926,16552,196
2022-10-18,Ventura,111,848112,209825,209427,15837,225264,1571
2022-10-18,Yolo,113,214977,47728,47611,4381,51992,346
2022-10-18,Yuba,115,75493,18987,18969,1734,20703,130
2022-10-17,Alameda,001,1643700,350662,348487,19741,368228,2027
2022-10-17,Alpine,002,1148,136,135,1,136,0
2022-10-17,Amador,005,37829,10033,10013,930,10943,93
2022-10-17,Butte,007,227075,39711,39567,9190,48757,456
2022-10-17,Calaveras,009,45235,8554,8523,567,9090,133
2022-10-17,Colusa,011,21464,3810,3805,1285,5090,22
2022-10-17,Contra Costa,013,1133247,253461,250897,20886,271783,1440
2022-10-17,Del Norte,015,27424,7476,7440,399,7839,56
2022-10-17,El Dorado,017,186661,32485,32373,4292,36665,231
2022-10-17,Fresno,019,978130,279637,275035,31913,306948,2873
2022-10-17,Glenn,021,27897,5544,5532,1870,7402,48
2022-10-17,Humboldt,023,135768,22061,21914,5102,27016,159
2022-10-17,Imperial,025,180216,65944,65691,16042,81733,958
2022-10-17,Inyo,027,18085,4508,4492,1020,5512,60
2022-10-17,Kern,029,883053,220356,219487,64652,284139,2420
2022-10-17,Kings,031,150075,59685,59560,4121,63681,459
2022-10-17,Lake,033,64148,12884,12815,1189,14004,146
2022-10-17,Lassen,035,31185,9991,9970,998,10968,65
2022-10-17,Los Angeles,037,10098052,3297795,3285385,183348,3468733,33525
2022-10-17,Madera,039,155013,44241,44078,8289,52367,375
2022-10-17,Marin,041,260295,45647,45378,5315,50693,315
2022-10-17,Mariposa,043,17540,3117,3091,344,3435,31
2022-10-17,Mendocino,045,87422,16140,16023,4524,20547,136
2022-10-17,Merced,047,269075,73331,72326,11972,84298,868
2022-10-17,Modoc,049,8938,883,882,325,1207,11
2022-10-17,Mono,051,14174,3216,3206,259,3465,7
2022-10-17,Monterey,053,433212,94493,94183,21181,115364,768
2022-10-17,Napa,055,140530,32382,32326,1412,33738,161
2022-10-17,Nevada,057,99092,19120,19023,1868,20891,132
2022-10-17,Orange,059,3164182,672274,668814,64549,733363,7473
2022-10-17,Placer,061,380077,76347,75902,9703,85605,660
2022-10-17,Plumas,063,18699,3704,3682,439,4121,13
2022-10-17,Riverside,065,2383286,698566,696402,35497,731899,6561
2022-10-17,Sacramento,067,1510023,349349,347495,34838,382333,3324
2022-10-17,San Benito,069,59416,16400,16223,980,17203,107
2022-10-17,San Bernardino,071,2135413,674295,672221,30919,703140,8148
2022-10-17,San Diego,073,3302833,928294,926574,72219,998793,5507
2022-10-17,San Francisco,075,870044,180824,179482,12145,191627,1048
2022-10-17,San Joaquin,077,732212,198776,197672,15036,212708,2322
2022-10-17,San Luis Obispo,079,281455,63590,63321,7220,70541,524
2022-10-17,San Mateo,081,765935,170542,168944,10443,179387,732
2022-10-17,Santa Barbara,083,443738,106340,105931,6905,112836,726
2022-10-17,Santa Clara,085,1922200,440033,433458,19017,452475,2513
2022-10-17,Santa Cruz,087,273765,63809,63316,3508,66824,273
2022-10-17,Shasta,089,179085,35174,34971,7552,42523,595
2022-10-17,Sierra,091,2930,306,305,60,365,5
2022-10-17,Siskiyou,093,43540,5172,5287,3327,8614,92
2022-10-17,Solano,095,438530,106037,105287,7961,113248,465
2022-10-17,Sonoma,097,501317,107643,107199,5315,112514,520
2022-10-17,Stanislaus,099,539301,138463,137994,21663,159657,1782
2022-10-17,Sutter,101,95872,24407,24357,2463,26820,233
2022-10-17,Tehama,103,63373,13691,13624,3094,16718,209
2022-10-17,Trinity,105,12862,1399,1396,408,1804,20
2022-10-17,Tulare,107,460477,122371,121902,36609,158511,1538
2022-10-17,Tuolumne,109,53932,15674,15586,925,16511,196
2022-10-17,Ventura,111,848112,209782,209051,15831,224882,1571
2022-10-17,Yolo,113,214977,47705,47498,4375,51873,343
2022-10-17,Yuba,115,75493,18981,18934,1734,20668,129
2022-10-16,Alameda,001,1643700,350494,348487,19724,368211,2027
2022-10-16,Alpine,002,1148,136,135,1,136,0
2022-10-16,Amador,005,37829,10031,10013,930,10943,93
2022-10-16,Butte,007,227075,39691,39567,9184,48751,456
2022-10-16,Calaveras,009,45235,8553,8523,566,9089,133
2022-10-16,Colusa,011,21464,3809,3805,1285,5090,22
2022-10-16,Contra Costa,013,1133247,253335,250897,20884,271781,1440
2022-10-16,Del Norte,015,27424,7475,7440,399,7839,56
2022-10-16,El Dorado,017,186661,32470,32373,4288,36661,231
2022-10-16,Fresno,019,978130,279549,275035,31895,306930,2873
2022-10-16,Glenn,021,27897,5543,5532,1870,7402,48
2022-10-16,Humboldt,023,135768,22042,21914,5088,27002,159
2022-10-16,Imperial,025,180216,65911,65691,16026,81717,958
2022-10-16,Inyo,027,18085,4507,4492,1017,5509,60
2022-10-16,Kern,029,883053,220307,219487,64607,284094,2420
2022-10-16,Kings,031,150075,59674,59560,4120,63680,459
2022-10-16,Lake,033,64148,12880,12815,1189,14004,146
2022-10-16,Lassen,035,31185,9990,9970,998,10968,65
2022-10-16,Los Angeles,037,10098052,3296874,3285385,183193,3468578,33525
2022-10-16,Madera,039,155013,44227,44078,8287,52365,375
2022-10-16,Marin,041,260295,45625,45378,5314,50692,315
2022-10-16,Mariposa,043,17540,3116,3091,344,3435,31
2022-10-16,Mendocino,045,87422,16131,16023,4522,20545,136
2022-10-16,Merced,047,269075,73311,72326,11971,84297,868
2022-10-16,Modoc,049,8938,883,882,325,1207,11
2022-10-16,Mono,051,14174,3215,3206,259,3465,7
2022-10-16,Monterey,053,433212,94465,94183,21170,115353,768
2022-10-16,Napa,055,140530,32373,32326,1412,33738,161
2022-10-16,Nevada,057,99092,19116,19023,1866,20889,132
2022-10-16,Orange,059,3164182,672068,668814,64499,733313,7473
2022-10-16,Placer,061,380077,76322,75902,9698,85600,660
2022-10-16,Plumas,063,18699,3700,3682,439,4121,13
2022-10-16,Riverside,065,2383286,698393,696402,35469,731871,6561
2022-10-16,Sacramento,067,1510023,349165,347495,34814,382309,3324
2022-10-16,San Benito,069,59416,16396,16223,979,17202,107
2022-10-16,San Bernardino,071,2135413,674130,672221,30914,703135,8148
2022-10-16,San Diego,073,3302833,927974,926574,72169,998743,5507
2022-10-16,San Francisco,075,870044,180714,179482,12136,191618,1048
2022-10-16,San Joaquin,077,732212,198700,197672,15029,212701,2322
2022-10-16,San Luis Obispo,079,281455,63565,63321,7217,70538,524
2022-10-16,San Mateo,081,765935,170438,168944,10442,179386,732
2022-10-16,Santa Barbara,083,443738,106311,105931,6903,112834,726
2022-10-16,Santa Clara,085,1922200,439831,433458,19007,452465,2513
2022-10-16,Santa Cruz,087,273765,63723,63316,3504,66820,273
2022-10-16,Shasta,089,179085,35158,34971,7543,42514,595
2022-10-16,Sierra,091,2930,306,305,60,365,5
2022-10-16,Siskiyou,093,43540,5169,5287,3327,8614,92
2022-10-16,Solano,095,438530,105990,105287,7960,113247,465
2022-10-16,Sonoma,097,501317,107592,107199,5309,112508,520
2022-10-16,Stanislaus,099,539301,138433,137994,21662,159656,1782
2022-10-16,Sutter,101,95872,24401,24357,2459,26816,233
2022-10-16,Tehama,103,63373,13686,13624,3093,16717,209
2022-10-16,Trinity,105,12862,1399,1396,408,1804,20
2022-10-16,Tulare,107,460477,122346,121902,36596,158498,1538
2022-10-16,Tuolumne,109,53932,15672,15586,925,16511,196
2022-10-16,Ventura,111,848112,209712,209051,15824,224875,1571
2022-10-16,Yolo,113,214977,47689,47498,4364,51862,343
2022-10-16,Yuba,115,75493,18976,18934,1734,20668,129
2022-10-15,Alameda,001,1643700,350390,348487,19716,368203,2027
2022-10-15,Alpine,002,1148,136,135,1,136,0
2022-10-15,Amador,005,37829,10029,10013,930,10943,93
2022-10-15,Butte,007,227075,39688,39567,9180,48747,456
2022-10-15,Calaveras,009,45235,8550,8523,566,9089,133
2022-10-15,Colusa,011,21464,3809,3805,1285,5090,22
2022-10-15,Contra Costa,013,1133247,253263,250897,20882,271779,1440
2022-10-15,Del Norte,015,27424,7475,7440,399,7839,56
2022-10-15,El Dorado,017,186661,32460,32373,4288,36661,231
2022-10-15,Fresno,019,978130,279522,275035,31893,306928,2873
2022-10-15,Glenn,021,27897,5542,5532,1870,7402,48
2022-10-15,Humboldt,023,135768,22034,21914,5080,26994,159
2022-10-15,Imperial,025,180216,65904,65691,16020,81711,958
2022-10-15,Inyo,027,18085,4507,4492,1017,5509,60
2022-10-15,Kern,029,883053,220281,219487,64572,284059,2420
2022-10-15,Kings,031,150075,59660,59560,4120,63680,459
2022-10-15,Lake,033,64148,12880,12815,1189,14004,146
2022-10-15,Lassen,035,31185,9989,9970,998,10968,65
2022-10-15,Los Angeles,037,10098052,3296396,3285385,183106,3468491,33525
2022-10-15,Madera,039,155013,44224,44078,8287,52365,375
2022-10-15,Marin,041,260295,45608,45378,5312,50690,315
2022-10-15,Mariposa,043,17540,3116,3091,344,3435,31
2022-10-15,Mendocino,045,87422,16124,16023,4522,20545,136
2022-10-15,Merced,047,269075,73298,72326,11970,84296,868
2022-10-15,Modoc,049,8938,883,882,324,1206,11
2022-10-15,Mono,051,14174,3214,3206,259,3465,7
2022-10-15,Monterey,053,433212,94447,94183,21160,115343,768
2022-10-15,Napa,055,140530,32370,32326,1412,33738,161
2022-10-15,Nevada,057,99092,19112,19023,1864,20887,132
2022-10-15,Orange,059,3164182,671956,668814,64465,733279,7473
2022-10-15,Placer,061,380077,76308,75902,9697,85599,660
2022-10-15,Plumas,063,18699,3699,3682,439,4121,13
2022-10-15,Riverside,065,2383286,698304,696402,35453,731855,6561
2022-10-15,Sacramento,067,1510023,349078,347495,34808,382303,3324
2022-10-15,San Benito,069,59416,16392,16223,978,17201,107
2022-10-15,San Bernardino,071,2135413,674062,672221,30908,703129,8148
2022-10-15,San Diego,073,3302833,927857,926574,72156,998730,5507
2022-10-15,San Francisco,075,870044,180662,179482,12135,191617,1048
2022-10-15,San Joaquin,077,732212,198663,197672,15027,212699,2322
2022-10-15,San Luis Obispo,079,281455,63557,63321,7214,70535,524
2022-10-15,San Mateo,081,765935,170381,168944,10441,179385,732
2022-10-15,Santa Barbara,083,443738,106285,105931,6901,112832,726
2022-10-15,Santa Clara,085,1922200,439721,433458,19003,452461,2513
2022-10-15,Santa Cruz,087,273765,63696,63316,3499,66815,273
2022-10-15,Shasta,089,179085,35151,34971,7541,42512,595
2022-10-15,Sierra,091,2930,306,305,60,365,5
2022-10-15,Siskiyou,093,43540,5168,5287,3325,8612,92
2022-10-15,Solano,095,438530,105973,105287,7954,113241,465
2022-10-15,Sonoma,097,501317,107566,107199,5309,112508,520
2022-10-15,Stanislaus,099,539301,138415,137994,21661,159655,1782
2022-10-15,Sutter,101,95872,24398,24357,2459,26816,233
2022-10-15,Tehama,103,63373,13684,13624,3093,16717,209
2022-10-15,Trinity,105,12862,1399,1396,408,1804,20
2022-10-15,Tulare,107,460477,122334,121902,36584,158486,1538
2022-10-15,Tuolumne,109,53932,15666,15586,925,16511,196
2022-10-15,Ventura,111,848112,209681,209051,15818,224869,1571
2022-10-15,Yolo,113,214977,47680,47498,4362,51860,343
2022-10-15,Yuba,115,75493,18974,18934,1733,20667,129
2022-10-14,Alameda,001,1643700,350310,348487,19707,368194,2027
2022-10-14,Alpine,002,1148,136,135,1,136,0
2022-10-14,Amador,005,37829,10029,10013,930,10943,93
2022-10-14,Butte,007,227075,39680,39567,9176,48743,456
2022-10-14,Calaveras,009,45235,8546,8523,566,9089,133
2022-10-14,Colusa,011,21464,3808,3805,1285,5090,22
2022-10-14,Contra Costa,013,1133247,253201,250897,20879,271776,1440
2022-10-14,Del Norte,015,27424,7475,7440,399,7839,56
2022-10-14,El Dorado,017,186661,32453,32373,4286,36659,231
2022-10-14,Fresno,019,978130,279488,275035,31889,306924,2873
2022-10-14,Glenn,021,27897,5541,5532,1868,7400,48
2022-10-14,Humboldt,023,135768,22032,21914,5076,26990,159
2022-10-14,Imperial,025,180216,65893,65691,16014,81705,958
2022-10-14,Inyo,027,18085,4507,4492,1015,5507,60
2022-10-14,Kern,029,883053,220261,219487,64548,284035,2420
2022-10-14,Kings,031,150075,59653,59560,4120,63680,459
2022-10-14,Lake,033,64148,12878,12815,1189,14004,146
2022-10-14,Lassen,035,31185,9989,9970,998,10968,65
2022-10-14,Los Angeles,037,10098052,3295892,3285385,183010,3468395,33525
2022-10-14,Madera,039,155013,44219,44078,8281,52359,375
2022-10-14,Marin,041,260295,45597,45378,5311,50689,315
2022-10-14,Mariposa,043,17540,3116,3091,344,3435,31
2022-10-14,Mendocino,045,87422,16118,16023,4521,20544,136
2022-10-14,Merced,047,269075,73285,72326,11969,84295,868
2022-10-14,Modoc,049,8938,883,882,324,1206,11
2022-10-14,Mono,051,14174,3214,3206,259,3465,7
2022-10-14,Monterey,053,433212,94427,94183,21156,115339,768
2022-10-14,Napa,055,140530,32362,32326,1412,33738,161
2022-10-14,Nevada,057,99092,19105,19023,1862,20885,132
2022-10-14,Orange,059,3164182,671845,668814,64435,733249,7473
2022-10-14,Placer,061,380077,76291,75902,9693,85595,660
2022-10-14,Plumas,063,18699,3698,3682,439,4121,13
2022-10-14,Riverside,065,2383286,698208,696402,35444,731846,6561
2022-10-14,Sacramento,067,1510023,349002,347495,34805,382300,3324
2022-10-14,San Benito,069,59416,16388,16223,978,17201,107
2022-10-14,San Bernardino,071,2135413,673979,672221,30901,703122,8148
2022-10-14,San Diego,073,3302833,927645,926574,72134,998708,5507
2022-10-14,San Francisco,075,870044,180613,179482,12131,191613,1048
2022-10-14,San Joaquin,077,732212,198630,197672,15023,212695,2322
2022-10-14,San Luis Obispo,079,281455,63547,63321,7212,70533,524
2022-10-14,San Mateo,081,765935,170331,168944,10441,179385,732
2022-10-14,Santa Barbara,083,443738,106270,105931,6901,112832,726
2022-10-14,Santa Clara,085,1922200,439584,433458,18995,452453,2513
2022-10-14,Santa Cruz,087,273765,63664,63316,3498,66814,273
2022-10-14,Shasta,089,179085,35146,34971,7541,42512,595
2022-10-14,Sierra,091,2930,306,305,60,365,5
2022-10-14,Siskiyou,093,43540,5167,5287,3325,8612,92
2022-10-14,Solano,095,438530,105941,105287,7951,113238,465
2022-10-14,Sonoma,097,501317,107546,107199,5308,112507,520
2022-10-14,Stanislaus,099,539301,138392,137994,21656,159650,1782
2022-10-14,Sutter,101,95872,24391,24357,2459,26816,233
2022-10-14,Tehama,103,63373,13680,13624,3092,16716,209
2022-10-14,Trinity,105,12862,1399,1396,408,1804,20
2022-10-14,Tulare,107,460477,122317,121902,36579,158481,1538
2022-10-14,Tuolumne,109,53932,15662,15586,925,16511,196
2022-10-14,Ventura,111,848112,209631,209051,15817,224868,1571
2022-10-14,Yolo,113,214977,47671,47498,4357,51855,343
2022-10-14,Yuba,115,75493,18968,18934,1733,20667,129
2022-10-13,Alameda,001,1643700,350166,348487,19697,368184,2027
2022-10-13,Alpine,002,1148,136,135,1,136,0
2022-10-13,Amador,005,37829,10027,10013,930,10943,93
2022-10-13,Butte,007,227075,39670,39567,9171,48738,456
2022-10-13,Calaveras,009,45235,8544,8523,566,9089,133
2022-10-13,Colusa,011,21464,3808,3805,1285,5090,22
2022-10-13,Contra Costa,013,1133247,253116,250897,20870,271767,1440
2022-10-13,Del Norte,015,27424,7473,7440,399,7839,56
2022-10-13,El Dorado,017,186661,32440,32373,4283,36656,231
2022-10-13,Fresno,019,978130,279445,275035,31881,306916,2873
2022-10-13,Glenn,021,27897,5541,5532,1868,7400,48
2022-10-13,Humboldt,023,135768,22021,21914,5069,26983,159
2022-10-13,Imperial,025,180216,65879,65691,16002,81693,958
2022-10-13,Inyo,027,18085,4506,4492,1015,5507,60
2022-10-13,Kern,029,883053,220228,219487,64511,283998,2420
2022-10-13,Kings,031,150075,59643,59560,4120,63680,459
2022-10-13,Lake,033,64148,12875,12815,1188,14003,146
2022-10-13,Lassen,035,31185,9988,9970,998,10968,65
2022-10-13,Los Angeles,037,10098052,3295153,3285385,182880,3468265,33525
2022-10-13,Madera,039,155013,44211,44078,8278,52356,375
2022-10-13,Marin,041,260295,45568,45378,5307,50685,315
2022-10-13,Mariposa,043,17540,3115,3091,344,3435,31
2022-10-13,Mendocino,045,87422,16112,16023,4521,20544,136
2022-10-13,Merced,047,269075,73269,72326,11965,84291,868
2022-10-13,Modoc,049,8938,883,882,324,1206,11
2022-10-13,Mono,051,14174,3213,3206,258,3464,7
2022-10-13,Monterey,053,433212,94413,94183,21145,115328,768
2022-10-13,Napa,055,140530,32348,32326,1410,33736,161
2022-10-13,Nevada,057,99092,19094,19023,1860,20883,132
2022-10-13,Orange,059,3164182,671688,668814,64388,733202,7473
2022-10-13,Placer,061,380077,76274,75902,9689,85591,660
2022-10-13,Plumas,063,18699,3696,3682,439,4121,13
2022-10-13,Riverside,065,2383286,698082,696402,35430,731832,6561
2022-10-13,Sacramento,067,1510023,348872,347495,34790,382285,3324
2022-10-13,San Benito,069,59416,16387,16223,978,17201,107
2022-10-13,San Bernardino,071,2135413,673880,672221,30895,703116,8148
2022-10-13,San Diego,073,3302833,927441,926574,72110,998684,5507
2022-10-13,San Francisco,075,870044,180521,179482,12128,191610,1048
2022-10-13,San Joaquin,077,732212,198586,197672,15016,212688,2322
2022-10-13,San Luis Obispo,079,281455,63539,63321,7202,70523,524
2022-10-13,San Mateo,081,765935,170237,168944,10441,179385,732
2022-10-13,Santa Barbara,083,443738,106248,105931,6897,112828,726
2022-10-13,Santa Clara,085,1922200,439437,433458,18993,452451,2513
2022-10-13,Santa Cruz,087,273765,63639,63316,3496,66812,273
2022-10-13,Shasta,089,179085,35134,34971,7536,42507,595
2022-10-13,Sierra,091,2930,306,305,60,365,5
2022-10-13,Siskiyou,093,43540,5164,5287,3322,8609,92
2022-10-13,Solano,095,438530,105903,105287,7945,113232,465
2022-10-13,Sonoma,097,501317,107509,107199,5308,112507,520
2022-10-13,Stanislaus,099,539301,138361,137994,21656,159650,1782
2022-10-13,Sutter,101,95872,24386,24357,2459,26816,233
2022-10-13,Tehama,103,63373,13677,13624,3091,16715,209
2022-10-13,Trinity,105,12862,1399,1396,407,1803,20
2022-10-13,Tulare,107,460477,122302,121902,36566,158468,1538
2022-10-13,Tuolumne,109,53932,15655,15586,925,16511,196
2022-10-13,Ventura,111,848112,209583,209051,15811,224862,1571
2022-10-13,Yolo,113,214977,47653,47498,4351,51849,343
2022-10-13,Yuba,115,75493,18962,18934,1733,20667,129
2022-10-12,Alameda,001,1643700,350040,348487,19682,368169,2027
2022-10-12,Alpine,002,1148,135,135,1,136,0
2022-10-12,Amador,005,37829,10025,10013,930,10943,93
2022-10-12,Butte,007,227075,39661,39567,9170,48737,456
2022-10-12,Calaveras,009,45235,8539,8523,566,9089,133
2022-10-12,Colusa,011,21464,3808,3805,1285,5090,22
2022-10-12,Contra Costa,013,1133247,253022,250897,20860,271757,1440
2022-10-12,Del Norte,015,27424,7473,7440,399,7839,56
2022-10-12,El Dorado,017,186661,32430,32373,4282,36655,231
2022-10-12,Fresno,019,978130,279400,275035,31872,306907,2873
2022-10-12,Glenn,021,27897,5540,5532,1868,7400,48
2022-10-12,Humboldt,023,135768,22016,21914,5065,26979,159
2022-10-12,Imperial,025,180216,65858,65691,15993,81684,958
2022-10-12,Inyo,027,18085,4505,4492,1014,5506,60
2022-10-12,Kern,029,883053,220188,219487,64477,283964,2420
2022-10-12,Kings,031,150075,59638,59560,4117,63677,459
2022-10-12,Lake,033,64148,12867,12815,1188,14003,146
2022-10-12,Lassen,035,31185,9985,9970,998,10968,65
2022-10-12,Los Angeles,037,10098052,3294401,3285385,182738,3468123,33525
2022-10-12,Madera,039,155013,44201,44078,8276,52354,375
2022-10-12,Marin,041,260295,45550,45378,5304,50682,315
2022-10-12,Mariposa,043,17540,3114,3091,344,3435,31
2022-10-12,Mendocino,045,87422,16110,16023,4519,20542,136
2022-10-12,Merced,047,269075,73246,72326,11961,84287,868
2022-10-12,Modoc,049,8938,883,882,324,1206,11
2022-10-12,Mono,051,14174,3212,3206,257,3463,7
2022-10-12,Monterey,053,433212,94395,94183,21135,115318,768
2022-10-12,Napa,055,140530,32337,32326,1410,33736,161
2022-10-12,Nevada,057,99092,19086,19023,1859,20882,132
2022-10-12,Orange,059,3164182,671515,668814,64345,733159,7473
2022-10-12,Placer,061,380077,76254,75902,9685,85587,660
2022-10-12,Plumas,063,18699,3694,3682,438,4120,13
2022-10-12,Riverside,065,2383286,697957,696402,35409,731811,6561
2022-10-12,Sacramento,067,1510023,348765,347495,34771,382266,3324
2022-10-12,San Benito,069,59416,16382,16223,976,17199,107
2022-10-12,San Bernardino,071,2135413,673750,672221,30885,703106,8148
2022-10-12,San Diego,073,3302833,927187,926574,72075,998649,5507
2022-10-12,San Francisco,075,870044,180441,179482,12127,191609,1048
2022-10-12,San Joaquin,077,732212,198528,197672,15011,212683,2322
2022-10-12,San Luis Obispo,079,281455,63526,63321,7198,70519,524
2022-10-12,San Mateo,081,765935,170156,168944,10439,179383,732
2022-10-12,Santa Barbara,083,443738,106232,105931,6896,112827,726
2022-10-12,Santa Clara,085,1922200,439250,433458,18987,452445,2513
2022-10-12,Santa Cruz,087,273765,63602,63316,3496,66812,273
2022-10-12,Shasta,089,179085,35120,34971,7529,42500,595
2022-10-12,Sierra,091,2930,306,305,60,365,5
2022-10-12,Siskiyou,093,43540,5164,5287,3319,8606,92
2022-10-12,Solano,095,438530,105860,105287,7942,113229,465
2022-10-12,Sonoma,097,501317,107477,107199,5307,112506,520
2022-10-12,Stanislaus,099,539301,138315,137994,21651,159645,1782
2022-10-12,Sutter,101,95872,24380,24357,2459,26816,233
2022-10-12,Tehama,103,63373,13675,13624,3090,16714,209
2022-10-12,Trinity,105,12862,1399,1396,405,1801,20
2022-10-12,Tulare,107,460477,122278,121902,36545,158447,1538
2022-10-12,Tuolumne,109,53932,15651,15586,925,16511,196
2022-10-12,Ventura,111,848112,209531,209051,15809,224860,1571
2022-10-12,Yolo,113,214977,47633,47498,4347,51845,343
2022-10-12,Yuba,115,75493,18955,18934,1731,20665,129
2022-10-11,Alameda,001,1643700,349872,348487,19676,368163,2027
2022-10-11,Alpine,002,1148,135,135,1,136,0
2022-10-11,Amador,005,37829,10021,10013,930,10943,93
2022-10-11,Butte,007,227075,39646,39567,9170,48737,456
2022-10-11,Calaveras,009,45235,8535,8523,565,9088,133
2022-10-11,Colusa,011,21464,3807,3805,1285,5090,22
2022-10-11,Contra Costa,013,1133247,252907,250897,20855,271752,1440
2022-10-11,Del Norte,015,27424,7468,7440,399,7839,56
2022-10-11,El Dorado,017,186661,32411,32373,4282,36655,231
2022-10-11,Fresno,019,978130,279345,275035,31859,306894,2873
2022-10-11,Glenn,021,27897,5539,5532,1867,7399,48
2022-10-11,Humboldt,023,135768,22010,21914,5055,26969,159
2022-10-11,Imperial,025,180216,65845,65691,15975,81666,958
2022-10-11,Inyo,027,18085,4503,4492,1013,5505,60
2022-10-11,Kern,029,883053,220161,219487,64452,283939,2420
2022-10-11,Kings,031,150075,59624,59560,4112,63672,459
2022-10-11,Lake,033,64148,12863,12815,1186,14001,146
2022-10-11,Lassen,035,31185,9984,9970,998,10968,65
2022-10-11,Los Angeles,037,10098052,3293578,3285385,182611,3467996,33525
2022-10-11,Madera,039,155013,44194,44078,8275,52353,375
2022-10-11,Marin,041,260295,45533,45378,5300,50678,315
2022-10-11,Mariposa,043,17540,3113,3091,344,3435,31
2022-10-11,Mendocino,045,87422,16105,16023,4517,20540,136
2022-10-11,Merced,047,269075,73220,72326,11960,84286,868
2022-10-11,Modoc,049,8938,882,882,324,1206,11
2022-10-11,Mono,051,14174,3212,3206,256,3462,7
2022-10-11,Monterey,053,433212,94385,94183,21127,115310,768
2022-10-11,Napa,055,140530,32333,32326,1409,33735,161
2022-10-11,Nevada,057,99092,19075,19023,1857,20880,132
2022-10-11,Orange,059,3164182,671332,668814,64308,733122,7473
2022-10-11,Placer,061,380077,76224,75902,9683,85585,660
2022-10-11,Plumas,063,18699,3694,3682,437,4119,13
2022-10-11,Riverside,065,2383286,697823,696402,35399,731801,6561
2022-10-11,Sacramento,067,1510023,348602,347495,34751,382246,3324
2022-10-11,San Benito,069,59416,16376,16223,975,17198,107
2022-10-11,San Bernardino,071,2135413,673614,672221,30876,703097,8148
2022-10-11,San Diego,073,3302833,926908,926574,72038,998612,5507
2022-10-11,San Francisco,075,870044,180347,179482,12126,191608,1048
2022-10-11,San Joaquin,077,732212,198483,197672,15006,212678,2322
2022-10-11,San Luis Obispo,079,281455,63504,63321,7186,70507,524
2022-10-11,San Mateo,081,765935,170077,168944,10437,179381,732
2022-10-11,Santa Barbara,083,443738,106203,105931,6894,112825,726
2022-10-11,Santa Clara,085,1922200,439074,433458,18979,452437,2513
2022-10-11,Santa Cruz,087,273765,63560,63316,3494,66810,273
2022-10-11,Shasta,089,179085,35108,34971,7519,42490,595
2022-10-11,Sierra,091,2930,306,305,60,365,5
2022-10-11,Siskiyou,093,43540,5163,5287,3317,8604,92
2022-10-11,Solano,095,438530,105818,105287,7940,113227,465
2022-10-11,Sonoma,097,501317,107434,107199,5303,112502,520
2022-10-11,Stanislaus,099,539301,138283,137994,21647,159641,1782
2022-10-11,Sutter,101,95872,24376,24357,2459,26816,233
2022-10-11,Tehama,103,63373,13674,13624,3087,16711,209
2022-10-11,Trinity,105,12862,1399,1396,404,1800,20
2022-10-11,Tulare,107,460477,122253,121902,36533,158435,1538
2022-10-11,Tuolumne,109,53932,15645,15586,925,16511,196
2022-10-11,Ventura,111,848112,209478,209051,15803,224854,1571
2022-10-11,Yolo,113,214977,47626,47498,4341,51839,343
2022-10-11,Yuba,115,75493,18943,18934,1731,20665,129
2022-10-10,Alameda,001,1643700,349720,347497,19667,367164,2023
2022-10-10,Alpine,002,1148,135,135,1,136,0
2022-10-10,Amador,005,37829,10018,9999,930,10929,93
2022-10-10,Butte,007,227075,39635,39453,9168,48621,454
2022-10-10,Calaveras,009,45235,8535,8511,564,9075,133
2022-10-10,Colusa,011,21464,3806,3794,1285,5079,22
2022-10-10,Contra Costa,013,1133247,252786,250136,20841,270977,1430
2022-10-10,Del Norte,015,27424,7465,7433,398,7831,56
2022-10-10,El Dorado,017,186661,32396,32320,4280,36600,231
2022-10-10,Fresno,019,978130,279287,274628,31848,306476,2865
2022-10-10,Glenn,021,27897,5538,5510,1867,7377,48
2022-10-10,Humboldt,023,135768,21991,21831,5051,26882,159
2022-10-10,Imperial,025,180216,65827,65532,15958,81490,958
2022-10-10,Inyo,027,18085,4502,4489,1011,5500,59
2022-10-10,Kern,029,883053,220118,219191,64414,283605,2418
2022-10-10,Kings,031,150075,59615,59489,4110,63599,458
2022-10-10,Lake,033,64148,12859,12795,1186,13981,147
2022-10-10,Lassen,035,31185,9984,9967,997,10964,65
2022-10-10,Los Angeles,037,10098052,3292702,3278961,182461,3461422,33467
2022-10-10,Madera,039,155013,44182,44029,8271,52300,374
2022-10-10,Marin,041,260295,45515,45190,5296,50486,313
2022-10-10,Mariposa,043,17540,3111,3088,344,3432,31
2022-10-10,Mendocino,045,87422,16092,15992,4514,20506,136
2022-10-10,Merced,047,269075,73202,72236,11954,84190,865
2022-10-10,Modoc,049,8938,882,876,324,1200,11
2022-10-10,Mono,051,14174,3210,3205,256,3461,7
2022-10-10,Monterey,053,433212,94368,94111,21124,115235,766
2022-10-10,Napa,055,140530,32322,32258,1409,33667,160
2022-10-10,Nevada,057,99092,19071,18989,1856,20845,132
2022-10-10,Orange,059,3164182,671137,667297,64257,731554,7452
2022-10-10,Placer,061,380077,76198,75768,9678,85446,660
2022-10-10,Plumas,063,18699,3693,3669,436,4105,13
2022-10-10,Riverside,065,2383286,697668,695315,35387,730702,6567
2022-10-10,Sacramento,067,1510023,348478,346748,34714,381462,3310
2022-10-10,San Benito,069,59416,16372,16188,975,17163,106
2022-10-10,San Bernardino,071,2135413,673460,670906,30866,701772,8116
2022-10-10,San Diego,073,3302833,926646,924672,71998,996670,5498
2022-10-10,San Francisco,075,870044,180257,178943,12122,191065,1045
2022-10-10,San Joaquin,077,732212,198423,197390,15001,212391,2319
2022-10-10,San Luis Obispo,079,281455,63481,63219,7181,70400,524
2022-10-10,San Mateo,081,765935,169990,168413,10434,178847,737
2022-10-10,Santa Barbara,083,443738,106158,105695,6893,112588,725
2022-10-10,Santa Clara,085,1922200,438863,432327,18966,451293,2506
2022-10-10,Santa Cruz,087,273765,63525,63099,3493,66592,273
2022-10-10,Shasta,089,179085,35092,34904,7513,42417,593
2022-10-10,Sierra,091,2930,306,305,60,365,5
2022-10-10,Siskiyou,093,43540,5160,5272,3316,8588,92
2022-10-10,Solano,095,438530,105771,105042,7935,112977,465
2022-10-10,Sonoma,097,501317,107398,106940,5299,112239,520
2022-10-10,Stanislaus,099,539301,138241,137838,21643,159481,1781
2022-10-10,Sutter,101,95872,24367,24326,2459,26785,232
2022-10-10,Tehama,103,63373,13670,13603,3087,16690,210
2022-10-10,Trinity,105,12862,1399,1394,400,1794,20
2022-10-10,Tulare,107,460477,122235,121787,36515,158302,1531
2022-10-10,Tuolumne,109,53932,15639,15558,925,16483,196
2022-10-10,Ventura,111,848112,209406,208632,15796,224428,1567
2022-10-10,Yolo,113,214977,47603,47422,4340,51762,341
2022-10-10,Yuba,115,75493,18937,18914,1731,20645,129
2022-10-09,Alameda,001,1643700,349561,347497,19649,367146,2023
2022-10-09,Alpine,002,1148,135,135,1,136,0
2022-10-09,Amador,005,37829,10016,9999,930,10929,93
2022-10-09,Butte,007,227075,39627,39453,9167,48620,454
2022-10-09,Calaveras,009,45235,8532,8511,564,9075,133
2022-10-09,Colusa,011,21464,3806,3794,1285,5079,22
2022-10-09,Contra Costa,013,1133247,252674,250136,20828,270964,1430
2022-10-09,Del Norte,015,27424,7464,7433,398,7831,56
2022-10-09,El Dorado,017,186661,32384,32320,4280,36600,231
2022-10-09,Fresno,019,978130,279197,274628,31837,306465,2865
2022-10-09,Glenn,021,27897,5535,5510,1866,7376,48
2022-10-09,Humboldt,023,135768,21978,21831,5045,26876,159
2022-10-09,Imperial,025,180216,65795,65532,15938,81470,958
2022-10-09,Inyo,027,18085,4502,4489,1009,5498,59
2022-10-09,Kern,029,883053,220081,219191,64350,283541,2418
2022-10-09,Kings,031,150075,59598,59489,4109,63598,458
2022-10-09,Lake,033,64148,12852,12795,1186,13981,147
2022-10-09,Lassen,035,31185,9984,9967,997,10964,65
2022-10-09,Los Angeles,037,10098052,3291714,3278961,182296,3461257,33467
2022-10-09,Madera,039,155013,44172,44029,8269,52298,374
2022-10-09,Marin,041,260295,45482,45190,5290,50480,313
2022-10-09,Mariposa,043,17540,3109,3088,344,3432,31
2022-10-09,Mendocino,045,87422,16086,15992,4514,20506,136
2022-10-09,Merced,047,269075,73184,72236,11949,84185,865
2022-10-09,Modoc,049,8938,882,876,324,1200,11
2022-10-09,Mono,051,14174,3210,3205,256,3461,7
2022-10-09,Monterey,053,433212,94352,94111,21114,115225,766
2022-10-09,Napa,055,140530,32308,32258,1408,33666,160
2022-10-09,Nevada,057,99092,19064,18989,1854,20843,132
2022-10-09,Orange,059,3164182,670909,667297,64187,731484,7452
2022-10-09,Placer,061,380077,76180,75768,9675,85443,660
2022-10-09,Plumas,063,18699,3691,3669,436,4105,13
2022-10-09,Riverside,065,2383286,697470,695315,35376,730691,6567
2022-10-09,Sacramento,067,1510023,348316,346748,34694,381442,3310
2022-10-09,San Benito,069,59416,16370,16188,975,17163,106
2022-10-09,San Bernardino,071,2135413,673304,670906,30857,701763,8116
2022-10-09,San Diego,073,3302833,926366,924672,71964,996636,5498
2022-10-09,San Francisco,075,870044,180160,178943,12119,191062,1045
2022-10-09,San Joaquin,077,732212,198344,197390,14996,212386,2319
2022-10-09,San Luis Obispo,079,281455,63474,63219,7174,70393,524
2022-10-09,San Mateo,081,765935,169878,168413,10431,178844,737
2022-10-09,Santa Barbara,083,443738,106124,105695,6889,112584,725
2022-10-09,Santa Clara,085,1922200,438646,432327,18954,451281,2506
2022-10-09,Santa Cruz,087,273765,63460,63099,3491,66590,273
2022-10-09,Shasta,089,179085,35068,34904,7506,42410,593
2022-10-09,Sierra,091,2930,306,305,60,365,5
2022-10-09,Siskiyou,093,43540,5160,5272,3315,8587,92
2022-10-09,Solano,095,438530,105716,105042,7933,112975,465
2022-10-09,Sonoma,097,501317,107352,106940,5298,112238,520
2022-10-09,Stanislaus,099,539301,138215,137838,21635,159473,1781
2022-10-09,Sutter,101,95872,24356,24326,2458,26784,232
2022-10-09,Tehama,103,63373,13668,13603,3087,16690,210
2022-10-09,Trinity,105,12862,1399,1394,400,1794,20
2022-10-09,Tulare,107,460477,122212,121787,36495,158282,1531
2022-10-09,Tuolumne,109,53932,15632,15558,925,16483,196
2022-10-09,Ventura,111,848112,209357,208632,15791,224423,1567
2022-10-09,Yolo,113,214977,47580,47422,4337,51759,341
2022-10-09,Yuba,115,75493,18934,18914,1731,20645,129
2022-10-08,Alameda,001,1643700,349472,347497,19642,367139,2023
2022-10-08,Alpine,002,1148,135,135,1,136,0
2022-10-08,Amador,005,37829,10015,9999,929,10928,93
2022-10-08,Butte,007,227075,39622,39453,9161,48614,454
2022-10-08,Calaveras,009,45235,8530,8511,564,9075,133
2022-10-08,Colusa,011,21464,3806,3794,1285,5079,22
2022-10-08,Contra Costa,013,1133247,252594,250136,20825,270961,1430
2022-10-08,Del Norte,015,27424,7464,7433,398,7831,56
2022-10-08,El Dorado,017,186661,32375,32320,4279,36599,231
2022-10-08,Fresno,019,978130,279167,274628,31834,306462,2865
2022-10-08,Glenn,021,27897,5534,5510,1866,7376,48
2022-10-08,Humboldt,023,135768,21967,21831,5039,26870,159
2022-10-08,Imperial,025,180216,65770,65532,15932,81464,958
2022-10-08,Inyo,027,18085,4502,4489,1007,5496,59
2022-10-08,Kern,029,883053,220046,219191,64329,283520,2418
2022-10-08,Kings,031,150075,59594,59489,4109,63598,458
2022-10-08,Lake,033,64148,12849,12795,1186,13981,147
2022-10-08,Lassen,035,31185,9984,9967,997,10964,65
2022-10-08,Los Angeles,037,10098052,3291153,3278961,182207,3461168,33467
2022-10-08,Madera,039,155013,44167,44029,8269,52298,374
2022-10-08,Marin,041,260295,45462,45190,5284,50474,313
2022-10-08,Mariposa,043,17540,3109,3088,344,3432,31
2022-10-08,Mendocino,045,87422,16085,15992,4511,20503,136
2022-10-08,Merced,047,269075,73174,72236,11948,84184,865
2022-10-08,Modoc,049,8938,880,876,324,1200,11
2022-10-08,Mono,051,14174,3210,3205,256,3461,7
2022-10-08,Monterey,053,433212,94342,94111,21112,115223,766
2022-10-08,Napa,055,140530,32301,32258,1408,33666,160
2022-10-08,Nevada,057,99092,19062,18989,1853,20842,132
2022-10-08,Orange,059,3164182,670791,667297,64144,731441,7452
2022-10-08,Placer,061,380077,76151,75768,9672,85440,660
2022-10-08,Plumas,063,18699,3690,3669,436,4105,13
2022-10-08,Riverside,065,2383286,697371,695315,35364,730679,6567
2022-10-08,Sacramento,067,1510023,348256,346748,34691,381439,3310
2022-10-08,San Benito,069,59416,16367,16188,975,17163,106
2022-10-08,San Bernardino,071,2135413,673225,670906,30851,701757,8116
2022-10-08,San Diego,073,3302833,926233,924672,71949,996621,5498
2022-10-08,San Francisco,075,870044,180111,178943,12115,191058,1045
2022-10-08,San Joaquin,077,732212,198309,197390,14991,212381,2319
2022-10-08,San Luis Obispo,079,281455,63468,63219,7173,70392,524
2022-10-08,San Mateo,081,765935,169827,168413,10428,178841,737
2022-10-08,Santa Barbara,083,443738,106100,105695,6887,112582,725
2022-10-08,Santa Clara,085,1922200,438523,432327,18950,451277,2506
2022-10-08,Santa Cruz,087,273765,63438,63099,3491,66590,273
2022-10-08,Shasta,089,179085,35062,34904,7501,42405,593
2022-10-08,Sierra,091,2930,306,305,60,365,5
2022-10-08,Siskiyou,093,43540,5160,5272,3314,8586,92
2022-10-08,Solano,095,438530,105695,105042,7927,112969,465
2022-10-08,Sonoma,097,501317,107321,106940,5298,112238,520
2022-10-08,Stanislaus,099,539301,138198,137838,21632,159470,1781
2022-10-08,Sutter,101,95872,24353,24326,2458,26784,232
2022-10-08,Tehama,103,63373,13667,13603,3086,16689,210
2022-10-08,Trinity,105,12862,1399,1394,400,1794,20
2022-10-08,Tulare,107,460477,122188,121787,36489,158276,1531
2022-10-08,Tuolumne,109,53932,15627,15558,925,16483,196
2022-10-08,Ventura,111,848112,209323,208632,15787,224419,1567
2022-10-08,Yolo,113,214977,47570,47422,4336,51758,341
2022-10-08,Yuba,115,75493,18931,18914,1731,20645,129
2022-10-07,Alameda,001,1643700,349355,347497,19640,367137,2023
2022-10-07,Alpine,002,1148,135,135,1,136,0
2022-10-07,Amador,005,37829,10013,9999,929,10928,93
2022-10-07,Butte,007,227075,39621,39453,9159,48612,454
2022-10-07,Calaveras,009,45235,8529,8511,564,9075,133
2022-10-07,Colusa,011,21464,3806,3794,1284,5078,22
2022-10-07,Contra Costa,013,1133247,252512,250136,20824,270960,1430
2022-10-07,Del Norte,015,27424,7464,7433,397,7830,56
2022-10-07,El Dorado,017,186661,32366,32320,4277,36597,231
2022-10-07,Fresno,019,978130,279138,274628,31831,306459,2865
2022-10-07,Glenn,021,27897,5533,5510,1865,7375,48
2022-10-07,Humboldt,023,135768,21960,21831,5032,26863,159
2022-10-07,Imperial,025,180216,65758,65532,15926,81458,958
2022-10-07,Inyo,027,18085,4500,4489,1005,5494,59
2022-10-07,Kern,029,883053,220015,219191,64302,283493,2418
2022-10-07,Kings,031,150075,59586,59489,4109,63598,458
2022-10-07,Lake,033,64148,12845,12795,1186,13981,147
2022-10-07,Lassen,035,31185,9984,9967,997,10964,65
2022-10-07,Los Angeles,037,10098052,3290543,3278961,182104,3461065,33467
2022-10-07,Madera,039,155013,44163,44029,8267,52296,374
2022-10-07,Marin,041,260295,45443,45190,5282,50472,313
2022-10-07,Mariposa,043,17540,3106,3088,344,3432,31
2022-10-07,Mendocino,045,87422,16081,15992,4510,20502,136
2022-10-07,Merced,047,269075,73167,72236,11946,84182,865
2022-10-07,Modoc,049,8938,880,876,324,1200,11
2022-10-07,Mono,051,14174,3209,3205,256,3461,7
2022-10-07,Monterey,053,433212,94327,94111,21108,115219,766
2022-10-07,Napa,055,140530,32293,32258,1408,33666,160
2022-10-07,Nevada,057,99092,19060,18989,1849,20838,132
2022-10-07,Orange,059,3164182,670668,667297,64110,731407,7452
2022-10-07,Placer,061,380077,76132,75768,9668,85436,660
2022-10-07,Plumas,063,18699,3687,3669,436,4105,13
2022-10-07,Riverside,065,2383286,697279,695315,35352,730667,6567
2022-10-07,Sacramento,067,1510023,348167,346748,34685,381433,3310
2022-10-07,San Benito,069,59416,16365,16188,975,17163,106
2022-10-07,San Bernardino,071,2135413,673139,670906,30847,701753,8116
2022-10-07,San Diego,073,3302833,926062,924672,71931,996603,5498
2022-10-07,San Francisco,075,870044,180047,178943,12111,191054,1045
2022-10-07,San Joaquin,077,732212,198275,197390,14990,212380,2319
2022-10-07,San Luis Obispo,079,281455,63456,63219,7172,70391,524
2022-10-07,San Mateo,081,765935,169756,168413,10428,178841,737
2022-10-07,Santa Barbara,083,443738,106075,105695,6886,112581,725
2022-10-07,Santa Clara,085,1922200,438389,432327,18945,451272,2506
2022-10-07,Santa Cruz,087,273765,63406,63099,3490,66589,273
2022-10-07,Shasta,089,179085,35056,34904,7498,42402,593
2022-10-07,Sierra,091,2930,306,305,60,365,5
2022-10-07,Siskiyou,093,43540,5159,5272,3313,8585,92
2022-10-07,Solano,095,438530,105666,105042,7923,112965,465
2022-10-07,Sonoma,097,501317,107294,106940,5297,112237,520
2022-10-07,Stanislaus,099,539301,138180,137838,21631,159469,1781
2022-10-07,Sutter,101,95872,24346,24326,2458,26784,232
2022-10-07,Tehama,103,63373,13667,13603,3084,16687,210
2022-10-07,Trinity,105,12862,1398,1394,400,1794,20
2022-10-07,Tulare,107,460477,122171,121787,36476,158263,1531
2022-10-07,Tuolumne,109,53932,15623,15558,925,16483,196
2022-10-07,Ventura,111,848112,209280,208632,15783,224415,1567
2022-10-07,Yolo,113,214977,47563,47422,4332,51754,341
2022-10-07,Yuba,115,75493,18931,18914,1731,20645,129
2022-10-06,Alameda,001,1643700,349217,347497,19629,367126,2023
2022-10-06,Alpine,002,1148,135,135,1,136,0
2022-10-06,Amador,005,37829,10011,9999,929,10928,93
2022-10-06,Butte,007,227075,39612,39453,9154,48607,454
2022-10-06,Calaveras,009,45235,8527,8511,563,9074,133
2022-10-06,Colusa,011,21464,3806,3794,1284,5078,22
2022-10-06,Contra Costa,013,1133247,252419,250136,20820,270956,1430
2022-10-06,Del Norte,015,27424,7462,7433,397,7830,56
2022-10-06,El Dorado,017,186661,32356,32320,4275,36595,231
2022-10-06,Fresno,019,978130,279088,274628,31825,306453,2865
2022-10-06,Glenn,021,27897,5532,5510,1864,7374,48
2022-10-06,Humboldt,023,135768,21948,21831,5024,26855,159
2022-10-06,Imperial,025,180216,65734,65532,15918,81450,958
2022-10-06,Inyo,027,18085,4500,4489,1004,5493,59
2022-10-06,Kern,029,883053,219983,219191,64276,283467,2418
2022-10-06,Kings,031,150075,59572,59489,4107,63596,458
2022-10-06,Lake,033,64148,12844,12795,1186,13981,147
2022-10-06,Lassen,035,31185,9984,9967,997,10964,65
2022-10-06,Los Angeles,037,10098052,3289697,3278961,181957,3460918,33467
2022-10-06,Madera,039,155013,44154,44029,8267,52296,374
2022-10-06,Marin,041,260295,45425,45190,5280,50470,313
2022-10-06,Mariposa,043,17540,3106,3088,344,3432,31
2022-10-06,Mendocino,045,87422,16079,15992,4509,20501,136
2022-10-06,Merced,047,269075,73155,72236,11945,84181,865
2022-10-06,Modoc,049,8938,879,876,324,1200,11
2022-10-06,Mono,051,14174,3209,3205,256,3461,7
2022-10-06,Monterey,053,433212,94318,94111,21099,115210,766
2022-10-06,Napa,055,140530,32286,32258,1408,33666,160
2022-10-06,Nevada,057,99092,19054,18989,1848,20837,132
2022-10-06,Orange,059,3164182,670468,667297,64060,731357,7452
2022-10-06,Placer,061,380077,76107,75768,9666,85434,660
2022-10-06,Plumas,063,18699,3685,3669,436,4105,13
2022-10-06,Riverside,065,2383286,697146,695315,35343,730658,6567
2022-10-06,Sacramento,067,1510023,348050,346748,34670,381418,3310
2022-10-06,San Benito,069,59416,16362,16188,974,17162,106
2022-10-06,San Bernardino,071,2135413,673001,670906,30837,701743,8116
2022-10-06,San Diego,073,3302833,925814,924672,71883,996555,5498
2022-10-06,San Francisco,075,870044,179967,178943,12109,191052,1045
2022-10-06,San Joaquin,077,732212,198225,197390,14983,212373,2319
2022-10-06,San Luis Obispo,079,281455,63438,63219,7168,70387,524
2022-10-06,San Mateo,081,765935,169687,168413,10426,178839,737
2022-10-06,Santa Barbara,083,443738,106050,105695,6884,112579,725
2022-10-06,Santa Clara,085,1922200,438223,432327,18939,451266,2506
2022-10-06,Santa Cruz,087,273765,63367,63099,3487,66586,273
2022-10-06,Shasta,089,179085,35045,34904,7492,42396,593
2022-10-06,Sierra,091,2930,306,305,60,365,5
2022-10-06,Siskiyou,093,43540,5157,5272,3313,8585,92
2022-10-06,Solano,095,438530,105635,105042,7919,112961,465
2022-10-06,Sonoma,097,501317,107269,106940,5296,112236,520
2022-10-06,Stanislaus,099,539301,138149,137838,21624,159462,1781
2022-10-06,Sutter,101,95872,24336,24326,2458,26784,232
2022-10-06,Tehama,103,63373,13661,13603,3083,16686,210
2022-10-06,Trinity,105,12862,1398,1394,398,1792,20
2022-10-06,Tulare,107,460477,122154,121787,36471,158258,1531
2022-10-06,Tuolumne,109,53932,15620,15558,924,16482,196
2022-10-06,Ventura,111,848112,209217,208632,15773,224405,1567
2022-10-06,Yolo,113,214977,47550,47422,4330,51752,341
2022-10-06,Yuba,115,75493,18930,18914,1731,20645,129
2022-10-05,Alameda,001,1643700,349054,347497,19620,367117,2023
2022-10-05,Alpine,002,1148,135,135,1,136,0
2022-10-05,Amador,005,37829,10009,9999,929,10928,93
2022-10-05,Butte,007,227075,39605,39453,9151,48604,454
2022-10-05,Calaveras,009,45235,8525,8511,563,9074,133
2022-10-05,Colusa,011,21464,3805,3794,1284,5078,22
2022-10-05,Contra Costa,013,1133247,252324,250136,20809,270945,1430
2022-10-05,Del Norte,015,27424,7459,7433,397,7830,56
2022-10-05,El Dorado,017,186661,32340,32320,4275,36595,231
2022-10-05,Fresno,019,978130,279016,274628,31819,306447,2865
2022-10-05,Glenn,021,27897,5532,5510,1863,7373,48
2022-10-05,Humboldt,023,135768,21934,21831,5019,26850,159
2022-10-05,Imperial,025,180216,65710,65532,15904,81436,958
2022-10-05,Inyo,027,18085,4500,4489,1001,5490,59
2022-10-05,Kern,029,883053,219935,219191,64233,283424,2418
2022-10-05,Kings,031,150075,59563,59489,4106,63595,458
2022-10-05,Lake,033,64148,12842,12795,1185,13980,147
2022-10-05,Lassen,035,31185,9984,9967,996,10963,65
2022-10-05,Los Angeles,037,10098052,3288864,3278961,181809,3460770,33467
2022-10-05,Madera,039,155013,44146,44029,8264,52293,374
2022-10-05,Marin,041,260295,45401,45190,5276,50466,313
2022-10-05,Mariposa,043,17540,3105,3088,344,3432,31
2022-10-05,Mendocino,045,87422,16077,15992,4504,20496,136
2022-10-05,Merced,047,269075,73143,72236,11942,84178,865
2022-10-05,Modoc,049,8938,879,876,324,1200,11
2022-10-05,Mono,051,14174,3209,3205,256,3461,7
2022-10-05,Monterey,053,433212,94304,94111,21094,115205,766
2022-10-05,Napa,055,140530,32277,32258,1408,33666,160
2022-10-05,Nevada,057,99092,19046,18989,1848,20837,132
2022-10-05,Orange,059,3164182,670282,667297,64009,731306,7452
2022-10-05,Placer,061,380077,76083,75768,9663,85431,660
2022-10-05,Plumas,063,18699,3682,3669,435,4104,13
2022-10-05,Riverside,065,2383286,697002,695315,35325,730640,6567
2022-10-05,Sacramento,067,1510023,347952,346748,34658,381406,3310
2022-10-05,San Benito,069,59416,16359,16188,974,17162,106
2022-10-05,San Bernardino,071,2135413,672835,670906,30829,701735,8116
2022-10-05,San Diego,073,3302833,925589,924672,71858,996530,5498
2022-10-05,San Francisco,075,870044,179867,178943,12103,191046,1045
2022-10-05,San Joaquin,077,732212,198180,197390,14973,212363,2319
2022-10-05,San Luis Obispo,079,281455,63433,63219,7163,70382,524
2022-10-05,San Mateo,081,765935,169607,168413,10426,178839,737
2022-10-05,Santa Barbara,083,443738,106022,105695,6881,112576,725
2022-10-05,Santa Clara,085,1922200,438040,432327,18934,451261,2506
2022-10-05,Santa Cruz,087,273765,63335,63099,3487,66586,273
2022-10-05,Shasta,089,179085,35038,34904,7485,42389,593
2022-10-05,Sierra,091,2930,306,305,60,365,5
2022-10-05,Siskiyou,093,43540,5152,5272,3311,8583,92
2022-10-05,Solano,095,438530,105599,105042,7915,112957,465
2022-10-05,Sonoma,097,501317,107234,106940,5296,112236,520
2022-10-05,Stanislaus,099,539301,138120,137838,21616,159454,1781
2022-10-05,Sutter,101,95872,24332,24326,2458,26784,232
2022-10-05,Tehama,103,63373,13657,13603,3082,16685,210
2022-10-05,Trinity,105,12862,1398,1394,398,1792,20
2022-10-05,Tulare,107,460477,122136,121787,36449,158236,1531
2022-10-05,Tuolumne,109,53932,15614,15558,924,16482,196
2022-10-05,Ventura,111,848112,209157,208632,15771,224403,1567
2022-10-05,Yolo,113,214977,47534,47422,4328,51750,341
2022-10-05,Yuba,115,75493,18925,18914,1728,20642,129
2022-10-04,Alameda,001,1643700,348908,347497,19608,367105,2023
2022-10-04,Alpine,002,1148,135,135,1,136,0
2022-10-04,Amador,005,37829,10007,9999,929,10928,93
2022-10-04,Butte,007,227075,39593,39453,9149,48602,454
2022-10-04,Calaveras,009,45235,8524,8511,561,9072,133
2022-10-04,Colusa,011,21464,3805,3794,1284,5078,22
2022-10-04,Contra Costa,013,1133247,252239,250136,20802,270938,1430
2022-10-04,Del Norte,015,27424,7457,7433,397,7830,56
2022-10-04,El Dorado,017,186661,32335,32320,4274,36594,231
2022-10-04,Fresno,019,978130,278955,274628,31813,306441,2865
2022-10-04,Glenn,021,27897,5531,5510,1863,7373,48
2022-10-04,Humboldt,023,135768,21921,21831,5018,26849,159
2022-10-04,Imperial,025,180216,65675,65532,15889,81421,958
2022-10-04,Inyo,027,18085,4499,4489,999,5488,59
2022-10-04,Kern,029,883053,219876,219191,64192,283383,2418
2022-10-04,Kings,031,150075,59548,59489,4105,63594,458
2022-10-04,Lake,033,64148,12837,12795,1185,13980,147
2022-10-04,Lassen,035,31185,9983,9967,995,10962,65
2022-10-04,Los Angeles,037,10098052,3287967,3278961,181646,3460607,33467
2022-10-04,Madera,039,155013,44132,44029,8262,52291,374
2022-10-04,Marin,041,260295,45370,45190,5276,50466,313
2022-10-04,Mariposa,043,17540,3105,3088,344,3432,31
2022-10-04,Mendocino,045,87422,16073,15992,4498,20490,136
2022-10-04,Merced,047,269075,73123,72236,11940,84176,865
2022-10-04,Modoc,049,8938,879,876,324,1200,11
2022-10-04,Mono,051,14174,3209,3205,255,3460,7
2022-10-04,Monterey,053,433212,94291,94111,21089,115200,766
2022-10-04,Napa,055,140530,32273,32258,1408,33666,160
2022-10-04,Nevada,057,99092,19043,18989,1848,20837,132
2022-10-04,Orange,059,3164182,670066,667297,63931,731228,7452
2022-10-04,Placer,061,380077,76050,75768,9659,85427,660
2022-10-04,Plumas,063,18699,3676,3669,434,4103,13
2022-10-04,Riverside,065,2383286,696843,695315,35310,730625,6567
2022-10-04,Sacramento,067,1510023,347827,346748,34634,381382,3310
2022-10-04,San Benito,069,59416,16346,16188,973,17161,106
2022-10-04,San Bernardino,071,2135413,672684,670906,30821,701727,8116
2022-10-04,San Diego,073,3302833,925256,924672,71807,996479,5498
2022-10-04,San Francisco,075,870044,179775,178943,12100,191043,1045
2022-10-04,San Joaquin,077,732212,198135,197390,14966,212356,2319
2022-10-04,San Luis Obispo,079,281455,63416,63219,7154,70373,524
2022-10-04,San Mateo,081,765935,169517,168413,10425,178838,737
2022-10-04,Santa Barbara,083,443738,105991,105695,6879,112574,725
2022-10-04,Santa Clara,085,1922200,437846,432327,18928,451255,2506
2022-10-04,Santa Cruz,087,273765,63299,63099,3485,66584,273
2022-10-04,Shasta,089,179085,35024,34904,7480,42384,593
2022-10-04,Sierra,091,2930,306,305,60,365,5
2022-10-04,Siskiyou,093,43540,5151,5272,3311,8583,92
2022-10-04,Solano,095,438530,105551,105042,7913,112955,465
2022-10-04,Sonoma,097,501317,107199,106940,5293,112233,520
2022-10-04,Stanislaus,099,539301,138093,137838,21614,159452,1781
2022-10-04,Sutter,101,95872,24322,24326,2457,26783,232
2022-10-04,Tehama,103,63373,13654,13603,3080,16683,210
2022-10-04,Trinity,105,12862,1398,1394,398,1792,20
2022-10-04,Tulare,107,460477,122112,121787,36439,158226,1531
2022-10-04,Tuolumne,109,53932,15613,15558,924,16482,196
2022-10-04,Ventura,111,848112,209088,208632,15767,224399,1567
2022-10-04,Yolo,113,214977,47517,47422,4325,51747,341
2022-10-04,Yuba,115,75493,18920,18914,1726,20640,129
2022-10-03,Alameda,001,1643700,348720,346369,19601,365970,2020
2022-10-03,Alpine,002,1148,135,134,1,135,0
2022-10-03,Amador,005,37829,10005,9987,929,10916,90
2022-10-03,Butte,007,227075,39578,39378,9145,48523,454
2022-10-03,Calaveras,009,45235,8523,8497,561,9058,133
2022-10-03,Colusa,011,21464,3805,3782,1283,5065,22
2022-10-03,Contra Costa,013,1133247,252124,249273,20797,270070,1426
2022-10-03,Del Norte,015,27424,7456,7421,397,7818,56
2022-10-03,El Dorado,017,186661,32327,32238,4272,36510,231
2022-10-03,Fresno,019,978130,278896,274028,31800,305828,2859
2022-10-03,Glenn,021,27897,5531,5509,1863,7372,48
2022-10-03,Humboldt,023,135768,21906,21744,5016,26760,157
2022-10-03,Imperial,025,180216,65656,65425,15874,81299,958
2022-10-03,Inyo,027,18085,4498,4483,996,5479,59
2022-10-03,Kern,029,883053,219817,218846,64141,282987,2417
2022-10-03,Kings,031,150075,59530,59394,4102,63496,459
2022-10-03,Lake,033,64148,12833,12761,1185,13946,147
2022-10-03,Lassen,035,31185,9981,9962,994,10956,65
2022-10-03,Los Angeles,037,10098052,3286937,3271661,181486,3453147,33336
2022-10-03,Madera,039,155013,44124,43953,8259,52212,374
2022-10-03,Marin,041,260295,45341,45002,5275,50277,310
2022-10-03,Mariposa,043,17540,3105,3079,343,3422,31
2022-10-03,Mendocino,045,87422,16066,15950,4492,20442,136
2022-10-03,Merced,047,269075,73109,72117,11937,84054,863
2022-10-03,Modoc,049,8938,877,873,324,1197,11
2022-10-03,Mono,051,14174,3209,3201,255,3456,7
2022-10-03,Monterey,053,433212,94276,93991,21074,115065,766
2022-10-03,Napa,055,140530,32258,32171,1408,33579,160
2022-10-03,Nevada,057,99092,19036,18923,1846,20769,132
2022-10-03,Orange,059,3164182,669841,665825,63864,729689,7435
2022-10-03,Placer,061,380077,76030,75573,9654,85227,661
2022-10-03,Plumas,063,18699,3675,3645,434,4079,13
2022-10-03,Riverside,065,2383286,696671,694250,35293,729543,6543
2022-10-03,Sacramento,067,1510023,347683,345905,34619,380524,3294
2022-10-03,San Benito,069,59416,16339,16152,973,17125,106
2022-10-03,San Bernardino,071,2135413,672504,668798,30804,699602,8106
2022-10-03,San Diego,073,3302833,924937,922323,71763,994086,5491
2022-10-03,San Francisco,075,870044,179663,178486,12094,190580,1043
2022-10-03,San Joaquin,077,732212,198071,197009,14961,211970,2319
2022-10-03,San Luis Obispo,079,281455,63400,63060,7148,70208,524
2022-10-03,San Mateo,081,765935,169434,167790,10424,178214,736
2022-10-03,Santa Barbara,083,443738,105950,105437,6877,112314,722
2022-10-03,Santa Clara,085,1922200,437623,430899,18916,449815,2494
2022-10-03,Santa Cruz,087,273765,63252,62866,3484,66350,273
2022-10-03,Shasta,089,179085,35017,34849,7475,42324,592
2022-10-03,Sierra,091,2930,306,304,60,364,5
2022-10-03,Siskiyou,093,43540,5151,5261,3308,8569,91
2022-10-03,Solano,095,438530,105493,104704,7911,112615,464
2022-10-03,Sonoma,097,501317,107157,106624,5287,111911,519
2022-10-03,Stanislaus,099,539301,138059,137589,21610,159199,1780
2022-10-03,Sutter,101,95872,24320,24265,2457,26722,232
2022-10-03,Tehama,103,63373,13651,13564,3080,16644,210
2022-10-03,Trinity,105,12862,1398,1392,397,1789,20
2022-10-03,Tulare,107,460477,122091,121589,36420,158009,1531
2022-10-03,Tuolumne,109,53932,15610,15516,924,16440,196
2022-10-03,Ventura,111,848112,209017,208124,15752,223876,1565
2022-10-03,Yolo,113,214977,47500,47279,4320,51599,341
2022-10-03,Yuba,115,75493,18917,18881,1721,20602,132
2022-10-02,Alameda,001,1643700,348511,346369,19587,365956,2020
2022-10-02,Alpine,002,1148,135,134,1,135,0
2022-10-02,Amador,005,37829,10005,9987,929,10916,90
2022-10-02,Butte,007,227075,39566,39378,9143,48521,454
2022-10-02,Calaveras,009,45235,8519,8497,560,9057,133
2022-10-02,Colusa,011,21464,3803,3782,1283,5065,22
2022-10-02,Contra Costa,013,1133247,252010,249273,20785,270058,1426
2022-10-02,Del Norte,015,27424,7453,7421,397,7818,56
2022-10-02,El Dorado,017,186661,32316,32238,4271,36509,231
2022-10-02,Fresno,019,978130,278820,274028,31787,305815,2859
2022-10-02,Glenn,021,27897,5528,5509,1863,7372,48
2022-10-02,Humboldt,023,135768,21889,21744,5007,26751,157
2022-10-02,Imperial,025,180216,65622,65425,15851,81276,958
2022-10-02,Inyo,027,18085,4498,4483,994,5477,59
2022-10-02,Kern,029,883053,219766,218846,64088,282934,2417
2022-10-02,Kings,031,150075,59515,59394,4101,63495,459
2022-10-02,Lake,033,64148,12827,12761,1185,13946,147
2022-10-02,Lassen,035,31185,9980,9962,992,10954,65
2022-10-02,Los Angeles,037,10098052,3285790,3271661,181328,3452989,33336
2022-10-02,Madera,039,155013,44116,43953,8256,52209,374
2022-10-02,Marin,041,260295,45308,45002,5270,50272,310
2022-10-02,Mariposa,043,17540,3105,3079,343,3422,31
2022-10-02,Mendocino,045,87422,16057,15950,4489,20439,136
2022-10-02,Merced,047,269075,73081,72117,11933,84050,863
2022-10-02,Modoc,049,8938,877,873,324,1197,11
2022-10-02,Mono,051,14174,3209,3201,255,3456,7
2022-10-02,Monterey,053,433212,94260,93991,21061,115052,766
2022-10-02,Napa,055,140530,32247,32171,1406,33577,160
2022-10-02,Nevada,057,99092,19030,18923,1846,20769,132
2022-10-02,Orange,059,3164182,669571,665825,63782,729607,7435
2022-10-02,Placer,061,380077,76002,75573,9651,85224,661
2022-10-02,Plumas,063,18699,3671,3645,433,4078,13
2022-10-02,Riverside,065,2383286,696479,694250,35274,729524,6543
2022-10-02,Sacramento,067,1510023,347504,345905,34588,380493,3294
2022-10-02,San Benito,069,59416,16334,16152,973,17125,106
2022-10-02,San Bernardino,071,2135413,672266,668798,30778,699576,8106
2022-10-02,San Diego,073,3302833,924567,922323,71714,994037,5491
2022-10-02,San Francisco,075,870044,179535,178486,12088,190574,1043
2022-10-02,San Joaquin,077,732212,197995,197009,14957,211966,2319
2022-10-02,San Luis Obispo,079,281455,63363,63060,7139,70199,524
2022-10-02,San Mateo,081,765935,169312,167790,10421,178211,736
2022-10-02,Santa Barbara,083,443738,105902,105437,6870,112307,722
2022-10-02,Santa Clara,085,1922200,437398,430899,18902,449801,2494
2022-10-02,Santa Cruz,087,273765,63212,62866,3477,66343,273
2022-10-02,Shasta,089,179085,35002,34849,7472,42321,592
2022-10-02,Sierra,091,2930,306,304,60,364,5
2022-10-02,Siskiyou,093,43540,5151,5261,3307,8568,91
2022-10-02,Solano,095,438530,105430,104704,7904,112608,464
2022-10-02,Sonoma,097,501317,107107,106624,5284,111908,519
2022-10-02,Stanislaus,099,539301,138025,137589,21606,159195,1780
2022-10-02,Sutter,101,95872,24310,24265,2457,26722,232
2022-10-02,Tehama,103,63373,13646,13564,3074,16638,210
2022-10-02,Trinity,105,12862,1398,1392,397,1789,20
2022-10-02,Tulare,107,460477,122065,121589,36401,157990,1531
2022-10-02,Tuolumne,109,53932,15605,15516,924,16440,196
2022-10-02,Ventura,111,848112,208935,208124,15733,223857,1565
2022-10-02,Yolo,113,214977,47488,47279,4315,51594,341
2022-10-02,Yuba,115,75493,18911,18881,1719,20600,132
2022-10-01,Alameda,001,1643700,348392,346369,19586,365955,2020
2022-10-01,Alpine,002,1148,135,134,1,135,0
2022-10-01,Amador,005,37829,10003,9987,929,10916,90
2022-10-01,Butte,007,227075,39555,39378,9136,48514,454
2022-10-01,Calaveras,009,45235,8519,8497,559,9056,133
2022-10-01,Colusa,011,21464,3803,3782,1281,5063,22
2022-10-01,Contra Costa,013,1133247,251936,249273,20782,270055,1426
2022-10-01,Del Norte,015,27424,7451,7421,397,7818,56
2022-10-01,El Dorado,017,186661,32309,32238,4271,36509,231
2022-10-01,Fresno,019,978130,278789,274028,31785,305813,2859
2022-10-01,Glenn,021,27897,5527,5509,1863,7372,48
2022-10-01,Humboldt,023,135768,21886,21744,5006,26750,157
2022-10-01,Imperial,025,180216,65605,65425,15841,81266,958
2022-10-01,Inyo,027,18085,4498,4483,994,5477,59
2022-10-01,Kern,029,883053,219748,218846,64058,282904,2417
2022-10-01,Kings,031,150075,59506,59394,4101,63495,459
2022-10-01,Lake,033,64148,12824,12761,1185,13946,147
2022-10-01,Lassen,035,31185,9978,9962,992,10954,65
2022-10-01,Los Angeles,037,10098052,3285162,3271661,181215,3452876,33336
2022-10-01,Madera,039,155013,44112,43953,8256,52209,374
2022-10-01,Marin,041,260295,45285,45002,5270,50272,310
2022-10-01,Mariposa,043,17540,3105,3079,343,3422,31
2022-10-01,Mendocino,045,87422,16050,15950,4485,20435,136
2022-10-01,Merced,047,269075,73071,72117,11931,84048,863
2022-10-01,Modoc,049,8938,877,873,324,1197,11
2022-10-01,Mono,051,14174,3209,3201,255,3456,7
2022-10-01,Monterey,053,433212,94247,93991,21054,115045,766
2022-10-01,Napa,055,140530,32242,32171,1406,33577,160
2022-10-01,Nevada,057,99092,19027,18923,1845,20768,132
2022-10-01,Orange,059,3164182,669424,665825,63736,729561,7435
2022-10-01,Placer,061,380077,75975,75573,9649,85222,661
2022-10-01,Plumas,063,18699,3670,3645,433,4078,13
2022-10-01,Riverside,065,2383286,696356,694250,35261,729511,6543
2022-10-01,Sacramento,067,1510023,347429,345905,34582,380487,3294
2022-10-01,San Benito,069,59416,16326,16152,970,17122,106
2022-10-01,San Bernardino,071,2135413,672162,668798,30768,699566,8106
2022-10-01,San Diego,073,3302833,924449,922323,71684,994007,5491
2022-10-01,San Francisco,075,870044,179477,178486,12082,190568,1043
2022-10-01,San Joaquin,077,732212,197964,197009,14951,211960,2319
2022-10-01,San Luis Obispo,079,281455,63353,63060,7136,70196,524
2022-10-01,San Mateo,081,765935,169267,167790,10419,178209,736
2022-10-01,Santa Barbara,083,443738,105872,105437,6868,112305,722
2022-10-01,Santa Clara,085,1922200,437225,430899,18900,449799,2494
2022-10-01,Santa Cruz,087,273765,63198,62866,3471,66337,273
2022-10-01,Shasta,089,179085,34996,34849,7468,42317,592
2022-10-01,Sierra,091,2930,306,304,60,364,5
2022-10-01,Siskiyou,093,43540,5149,5261,3305,8566,91
2022-10-01,Solano,095,438530,105422,104704,7902,112606,464
2022-10-01,Sonoma,097,501317,107081,106624,5282,111906,519
2022-10-01,Stanislaus,099,539301,138002,137589,21605,159194,1780
2022-10-01,Sutter,101,95872,24305,24265,2457,26722,232
2022-10-01,Tehama,103,63373,13644,13564,3073,16637,210
2022-10-01,Trinity,105,12862,1398,1392,397,1789,20
2022-10-01,Tulare,107,460477,122057,121589,36389,157978,1531
2022-10-01,Tuolumne,109,53932,15603,15516,924,16440,196
2022-10-01,Ventura,111,848112,208887,208124,15726,223850,1565
2022-10-01,Yolo,113,214977,47478,47279,4313,51592,341
2022-10-01,Yuba,115,75493,18904,18881,1718,20599,132
2022-09-30,Alameda,001,1643700,348273,346369,19580,365949,2020
2022-09-30,Alpine,002,1148,135,134,1,135,0
2022-09-30,Amador,005,37829,10001,9987,929,10916,90
2022-09-30,Butte,007,227075,39544,39378,9134,48512,454
2022-09-30,Calaveras,009,45235,8516,8497,559,9056,133
2022-09-30,Colusa,011,21464,3802,3782,1280,5062,22
2022-09-30,Contra Costa,013,1133247,251841,249273,20780,270053,1426
2022-09-30,Del Norte,015,27424,7450,7421,397,7818,56
2022-09-30,El Dorado,017,186661,32300,32238,4267,36505,231
2022-09-30,Fresno,019,978130,278746,274028,31777,305805,2859
2022-09-30,Glenn,021,27897,5526,5509,1863,7372,48
2022-09-30,Humboldt,023,135768,21873,21744,5003,26747,157
2022-09-30,Imperial,025,180216,65595,65425,15833,81258,958
2022-09-30,Inyo,027,18085,4497,4483,992,5475,59
2022-09-30,Kern,029,883053,219727,218846,64026,282872,2417
2022-09-30,Kings,031,150075,59500,59394,4101,63495,459
2022-09-30,Lake,033,64148,12821,12761,1185,13946,147
2022-09-30,Lassen,035,31185,9978,9962,992,10954,65
2022-09-30,Los Angeles,037,10098052,3284417,3271661,181099,3452760,33336
2022-09-30,Madera,039,155013,44106,43953,8255,52208,374
2022-09-30,Marin,041,260295,45261,45002,5269,50271,310
2022-09-30,Mariposa,043,17540,3104,3079,343,3422,31
2022-09-30,Mendocino,045,87422,16042,15950,4481,20431,136
2022-09-30,Merced,047,269075,73059,72117,11931,84048,863
2022-09-30,Modoc,049,8938,877,873,324,1197,11
2022-09-30,Mono,051,14174,3209,3201,255,3456,7
2022-09-30,Monterey,053,433212,94228,93991,21048,115039,766
2022-09-30,Napa,055,140530,32231,32171,1406,33577,160
2022-09-30,Nevada,057,99092,19021,18923,1845,20768,132
2022-09-30,Orange,059,3164182,669286,665825,63697,729522,7435
2022-09-30,Placer,061,380077,75957,75573,9643,85216,661
2022-09-30,Plumas,063,18699,3669,3645,433,4078,13
2022-09-30,Riverside,065,2383286,696243,694250,35250,729500,6543
2022-09-30,Sacramento,067,1510023,347344,345905,34576,380481,3294
2022-09-30,San Benito,069,59416,16323,16152,970,17122,106
2022-09-30,San Bernardino,071,2135413,672035,668798,30760,699558,8106
2022-09-30,San Diego,073,3302833,924232,922323,71655,993978,5491
2022-09-30,San Francisco,075,870044,179412,178486,12076,190562,1043
2022-09-30,San Joaquin,077,732212,197930,197009,14948,211957,2319
2022-09-30,San Luis Obispo,079,281455,63348,63060,7133,70193,524
2022-09-30,San Mateo,081,765935,169201,167790,10416,178206,736
2022-09-30,Santa Barbara,083,443738,105847,105437,6868,112305,722
2022-09-30,Santa Clara,085,1922200,437038,430899,18892,449791,2494
2022-09-30,Santa Cruz,087,273765,63176,62866,3469,66335,273
2022-09-30,Shasta,089,179085,34993,34849,7464,42313,592
2022-09-30,Sierra,091,2930,306,304,60,364,5
2022-09-30,Siskiyou,093,43540,5148,5261,3305,8566,91
2022-09-30,Solano,095,438530,105392,104704,7899,112603,464
2022-09-30,Sonoma,097,501317,107047,106624,5280,111904,519
2022-09-30,Stanislaus,099,539301,137982,137589,21603,159192,1780
2022-09-30,Sutter,101,95872,24303,24265,2457,26722,232
2022-09-30,Tehama,103,63373,13642,13564,3073,16637,210
2022-09-30,Trinity,105,12862,1397,1392,397,1789,20
2022-09-30,Tulare,107,460477,122036,121589,36376,157965,1531
2022-09-30,Tuolumne,109,53932,15600,15516,924,16440,196
2022-09-30,Ventura,111,848112,208835,208124,15721,223845,1565
2022-09-30,Yolo,113,214977,47467,47279,4313,51592,341
2022-09-30,Yuba,115,75493,18899,18881,1718,20599,132
2022-09-29,Alameda,001,1643700,348106,346369,19566,365935,2020
2022-09-29,Alpine,002,1148,135,134,1,135,0
2022-09-29,Amador,005,37829,9998,9987,928,10915,90
2022-09-29,Butte,007,227075,39538,39378,9129,48507,454
2022-09-29,Calaveras,009,45235,8511,8497,558,9055,133
2022-09-29,Colusa,011,21464,3801,3782,1280,5062,22
2022-09-29,Contra Costa,013,1133247,251740,249273,20770,270043,1426
2022-09-29,Del Norte,015,27424,7447,7421,397,7818,56
2022-09-29,El Dorado,017,186661,32289,32238,4262,36500,231
2022-09-29,Fresno,019,978130,278651,274028,31767,305795,2859
2022-09-29,Glenn,021,27897,5526,5509,1863,7372,48
2022-09-29,Humboldt,023,135768,21861,21744,5001,26745,157
2022-09-29,Imperial,025,180216,65575,65425,15821,81246,958
2022-09-29,Inyo,027,18085,4497,4483,990,5473,59
2022-09-29,Kern,029,883053,219693,218846,63986,282832,2417
2022-09-29,Kings,031,150075,59493,59394,4100,63494,459
2022-09-29,Lake,033,64148,12817,12761,1185,13946,147
2022-09-29,Lassen,035,31185,9977,9962,992,10954,65
2022-09-29,Los Angeles,037,10098052,3283426,3271661,180987,3452648,33336
2022-09-29,Madera,039,155013,44096,43953,8252,52205,374
2022-09-29,Marin,041,260295,45236,45002,5265,50267,310
2022-09-29,Mariposa,043,17540,3102,3079,343,3422,31
2022-09-29,Mendocino,045,87422,16038,15950,4481,20431,136
2022-09-29,Merced,047,269075,73044,72117,11930,84047,863
2022-09-29,Modoc,049,8938,877,873,324,1197,11
2022-09-29,Mono,051,14174,3208,3201,255,3456,7
2022-09-29,Monterey,053,433212,94217,93991,21041,115032,766
2022-09-29,Napa,055,140530,32220,32171,1406,33577,160
2022-09-29,Nevada,057,99092,19011,18923,1842,20765,132
2022-09-29,Orange,059,3164182,669054,665825,63647,729472,7435
2022-09-29,Placer,061,380077,75933,75573,9634,85207,661
2022-09-29,Plumas,063,18699,3668,3645,432,4077,13
2022-09-29,Riverside,065,2383286,696092,694250,35238,729488,6543
2022-09-29,Sacramento,067,1510023,347204,345905,34557,380462,3294
2022-09-29,San Benito,069,59416,16318,16152,969,17121,106
2022-09-29,San Bernardino,071,2135413,671885,668798,30749,699547,8106
2022-09-29,San Diego,073,3302833,923986,922323,71624,993947,5491
2022-09-29,San Francisco,075,870044,179323,178486,12066,190552,1043
2022-09-29,San Joaquin,077,732212,197885,197009,14939,211948,2319
2022-09-29,San Luis Obispo,079,281455,63328,63060,7127,70187,524
2022-09-29,San Mateo,081,765935,169118,167790,10414,178204,736
2022-09-29,Santa Barbara,083,443738,105813,105437,6865,112302,722
2022-09-29,Santa Clara,085,1922200,436839,430899,18884,449783,2494
2022-09-29,Santa Cruz,087,273765,63132,62866,3463,66329,273
2022-09-29,Shasta,089,179085,34986,34849,7458,42307,592
2022-09-29,Sierra,091,2930,306,304,60,364,5
2022-09-29,Siskiyou,093,43540,5145,5261,3304,8565,91
2022-09-29,Solano,095,438530,105357,104704,7894,112598,464
2022-09-29,Sonoma,097,501317,106988,106624,5278,111902,519
2022-09-29,Stanislaus,099,539301,137950,137589,21602,159191,1780
2022-09-29,Sutter,101,95872,24300,24265,2457,26722,232
2022-09-29,Tehama,103,63373,13640,13564,3072,16636,210
2022-09-29,Trinity,105,12862,1397,1392,394,1786,20
2022-09-29,Tulare,107,460477,122020,121589,36356,157945,1531
2022-09-29,Tuolumne,109,53932,15596,15516,924,16440,196
2022-09-29,Ventura,111,848112,208775,208124,15712,223836,1565
2022-09-29,Yolo,113,214977,47453,47279,4311,51590,341
2022-09-29,Yuba,115,75493,18897,18881,1718,20599,132
2022-09-28,Alameda,001,1643700,347942,346369,19551,365920,2020
2022-09-28,Alpine,002,1148,134,134,1,135,0
2022-09-28,Amador,005,37829,9996,9987,928,10915,90
2022-09-28,Butte,007,227075,39531,39378,9121,48499,454
2022-09-28,Calaveras,009,45235,8509,8497,558,9055,133
2022-09-28,Colusa,011,21464,3801,3782,1280,5062,22
2022-09-28,Contra Costa,013,1133247,251630,249273,20757,270030,1426
2022-09-28,Del Norte,015,27424,7445,7421,397,7818,56
2022-09-28,El Dorado,017,186661,32282,32238,4260,36498,231
2022-09-28,Fresno,019,978130,278570,274028,31750,305778,2859
2022-09-28,Glenn,021,27897,5525,5509,1863,7372,48
2022-09-28,Humboldt,023,135768,21851,21744,4998,26742,157
2022-09-28,Imperial,025,180216,65559,65425,15814,81239,958
2022-09-28,Inyo,027,18085,4495,4483,990,5473,59
2022-09-28,Kern,029,883053,219640,218846,63937,282783,2417
2022-09-28,Kings,031,150075,59471,59394,4096,63490,459
2022-09-28,Lake,033,64148,12808,12761,1185,13946,147
2022-09-28,Lassen,035,31185,9976,9962,992,10954,65
2022-09-28,Los Angeles,037,10098052,3282305,3271661,180881,3452542,33336
2022-09-28,Madera,039,155013,44090,43953,8251,52204,374
2022-09-28,Marin,041,260295,45209,45002,5264,50266,310
2022-09-28,Mariposa,043,17540,3102,3079,343,3422,31
2022-09-28,Mendocino,045,87422,16035,15950,4477,20427,136
2022-09-28,Merced,047,269075,73032,72117,11924,84041,863
2022-09-28,Modoc,049,8938,877,873,323,1196,11
2022-09-28,Mono,051,14174,3208,3201,255,3456,7
2022-09-28,Monterey,053,433212,94203,93991,21033,115024,766
2022-09-28,Napa,055,140530,32205,32171,1404,33575,160
2022-09-28,Nevada,057,99092,19003,18923,1829,20752,132
2022-09-28,Orange,059,3164182,668820,665825,63589,729414,7435
2022-09-28,Placer,061,380077,75899,75573,9631,85204,661
2022-09-28,Plumas,063,18699,3666,3645,432,4077,13
2022-09-28,Riverside,065,2383286,695927,694250,35221,729471,6543
2022-09-28,Sacramento,067,1510023,347075,345905,34534,380439,3294
2022-09-28,San Benito,069,59416,16313,16152,966,17118,106
2022-09-28,San Bernardino,071,2135413,671714,668798,30734,699532,8106
2022-09-28,San Diego,073,3302833,923668,922323,71593,993916,5491
2022-09-28,San Francisco,075,870044,179222,178486,12063,190549,1043
2022-09-28,San Joaquin,077,732212,197847,197009,14936,211945,2319
2022-09-28,San Luis Obispo,079,281455,63311,63060,7119,70179,524
2022-09-28,San Mateo,081,765935,169039,167790,10410,178200,736
2022-09-28,Santa Barbara,083,443738,105779,105437,6860,112297,722
2022-09-28,Santa Clara,085,1922200,436671,430899,18875,449774,2494
2022-09-28,Santa Cruz,087,273765,63095,62866,3462,66328,273
2022-09-28,Shasta,089,179085,34981,34849,7453,42302,592
2022-09-28,Sierra,091,2930,306,304,60,364,5
2022-09-28,Siskiyou,093,43540,5143,5261,3303,8564,91
2022-09-28,Solano,095,438530,105328,104704,7892,112596,464
2022-09-28,Sonoma,097,501317,106953,106624,5272,111896,519
2022-09-28,Stanislaus,099,539301,137917,137589,21598,159187,1780
2022-09-28,Sutter,101,95872,24286,24265,2456,26721,232
2022-09-28,Tehama,103,63373,13636,13564,3072,16636,210
2022-09-28,Trinity,105,12862,1397,1392,392,1784,20
2022-09-28,Tulare,107,460477,121993,121589,36347,157936,1531
2022-09-28,Tuolumne,109,53932,15592,15516,924,16440,196
2022-09-28,Ventura,111,848112,208710,208124,15709,223833,1565
2022-09-28,Yolo,113,214977,47430,47279,4308,51587,341
2022-09-28,Yuba,115,75493,18892,18881,1715,20596,132
2022-09-27,Alameda,001,1643700,347768,346369,19538,365907,2020
2022-09-27,Alpine,002,1148,134,134,1,135,0
2022-09-27,Amador,005,37829,9992,9987,926,10913,90
2022-09-27,Butte,007,227075,39523,39378,9116,48494,454
2022-09-27,Calaveras,009,45235,8507,8497,558,9055,133
2022-09-27,Colusa,011,21464,3801,3782,1280,5062,22
2022-09-27,Contra Costa,013,1133247,251519,249273,20748,270021,1426
2022-09-27,Del Norte,015,27424,7445,7421,397,7818,56
2022-09-27,El Dorado,017,186661,32265,32238,4258,36496,231
2022-09-27,Fresno,019,978130,278506,274028,31740,305768,2859
2022-09-27,Glenn,021,27897,5524,5509,1863,7372,48
2022-09-27,Humboldt,023,135768,21840,21744,4993,26737,157
2022-09-27,Imperial,025,180216,65536,65425,15809,81234,958
2022-09-27,Inyo,027,18085,4493,4483,988,5471,59
2022-09-27,Kern,029,883053,219582,218846,63909,282755,2417
2022-09-27,Kings,031,150075,59455,59394,4096,63490,459
2022-09-27,Lake,033,64148,12804,12761,1184,13945,147
2022-09-27,Lassen,035,31185,9974,9962,992,10954,65
2022-09-27,Los Angeles,037,10098052,3281106,3271661,180722,3452383,33336
2022-09-27,Madera,039,155013,44078,43953,8250,52203,374
2022-09-27,Marin,041,260295,45181,45002,5260,50262,310
2022-09-27,Mariposa,043,17540,3101,3079,343,3422,31
2022-09-27,Mendocino,045,87422,16026,15950,4471,20421,136
2022-09-27,Merced,047,269075,73013,72117,11918,84035,863
2022-09-27,Modoc,049,8938,877,873,323,1196,11
2022-09-27,Mono,051,14174,3207,3201,255,3456,7
2022-09-27,Monterey,053,433212,94182,93991,21017,115008,766
2022-09-27,Napa,055,140530,32188,32171,1404,33575,160
2022-09-27,Nevada,057,99092,18994,18923,1828,20751,132
2022-09-27,Orange,059,3164182,668540,665825,63527,729352,7435
2022-09-27,Placer,061,380077,75858,75573,9626,85199,661
2022-09-27,Plumas,063,18699,3663,3645,432,4077,13
2022-09-27,Riverside,065,2383286,695730,694250,35198,729448,6543
2022-09-27,Sacramento,067,1510023,346926,345905,34506,380411,3294
2022-09-27,San Benito,069,59416,16312,16152,966,17118,106
2022-09-27,San Bernardino,071,2135413,671462,668798,30720,699518,8106
2022-09-27,San Diego,073,3302833,923273,922323,71557,993880,5491
2022-09-27,San Francisco,075,870044,179110,178486,12061,190547,1043
2022-09-27,San Joaquin,077,732212,197795,197009,14929,211938,2319
2022-09-27,San Luis Obispo,079,281455,63282,63060,7118,70178,524
2022-09-27,San Mateo,081,765935,168967,167790,10408,178198,736
2022-09-27,Santa Barbara,083,443738,105736,105437,6854,112291,722
2022-09-27,Santa Clara,085,1922200,436442,430899,18861,449760,2494
2022-09-27,Santa Cruz,087,273765,63064,62866,3457,66323,273
2022-09-27,Shasta,089,179085,34970,34849,7445,42294,592
2022-09-27,Sierra,091,2930,304,304,60,364,5
2022-09-27,Siskiyou,093,43540,5141,5261,3303,8564,91
2022-09-27,Solano,095,438530,105285,104704,7890,112594,464
2022-09-27,Sonoma,097,501317,106903,106624,5269,111893,519
2022-09-27,Stanislaus,099,539301,137889,137589,21597,159186,1780
2022-09-27,Sutter,101,95872,24272,24265,2456,26721,232
2022-09-27,Tehama,103,63373,13634,13564,3071,16635,210
2022-09-27,Trinity,105,12862,1397,1392,389,1781,20
2022-09-27,Tulare,107,460477,121968,121589,36330,157919,1531
2022-09-27,Tuolumne,109,53932,15586,15516,924,16440,196
2022-09-27,Ventura,111,848112,208630,208124,15699,223823,1565
2022-09-27,Yolo,113,214977,47402,47279,4307,51586,341
2022-09-27,Yuba,115,75493,18888,18881,1714,20595,132
2022-09-26,Alameda,001,1643700,347574,345351,19532,364883,2012
2022-09-26,Alpine,002,1148,134,134,1,135,0
2022-09-26,Amador,005,37829,9991,9954,925,10879,90
2022-09-26,Butte,007,227075,39511,39282,9113,48395,453
2022-09-26,Calaveras,009,45235,8504,8475,555,9030,133
2022-09-26,Colusa,011,21464,3798,3775,1278,5053,22
2022-09-26,Contra Costa,013,1133247,251385,248053,20734,268787,1424
2022-09-26,Del Norte,015,27424,7444,7403,397,7800,57
2022-09-26,El Dorado,017,186661,32247,32159,4255,36414,231
2022-09-26,Fresno,019,978130,278433,273381,31724,305105,2850
2022-09-26,Glenn,021,27897,5524,5494,1863,7357,48
2022-09-26,Humboldt,023,135768,21828,21641,4988,26629,156
2022-09-26,Imperial,025,180216,65515,65297,15794,81091,957
2022-09-26,Inyo,027,18085,4493,4481,987,5468,59
2022-09-26,Kern,029,883053,219522,218413,63881,282294,2408
2022-09-26,Kings,031,150075,59443,59288,4094,63382,456
2022-09-26,Lake,033,64148,12798,12731,1184,13915,146
2022-09-26,Lassen,035,31185,9974,9947,991,10938,65
2022-09-26,Los Angeles,037,10098052,3279917,3263510,180550,3444060,33258
2022-09-26,Madera,039,155013,44059,43910,8247,52157,374
2022-09-26,Marin,041,260295,45150,44823,5255,50078,310
2022-09-26,Mariposa,043,17540,3100,3074,343,3417,31
2022-09-26,Mendocino,045,87422,16016,15911,4471,20382,136
2022-09-26,Merced,047,269075,73000,71875,11914,83789,862
2022-09-26,Modoc,049,8938,875,872,323,1195,11
2022-09-26,Mono,051,14174,3205,3198,255,3453,7
2022-09-26,Monterey,053,433212,94165,93829,20996,114825,766
2022-09-26,Napa,055,140530,32170,32094,1403,33497,160
2022-09-26,Nevada,057,99092,18985,18861,1826,20687,132
2022-09-26,Orange,059,3164182,668269,664263,63464,727727,7425
2022-09-26,Placer,061,380077,75822,75381,9618,84999,660
2022-09-26,Plumas,063,18699,3663,3632,432,4064,13
2022-09-26,Riverside,065,2383286,695525,693038,35184,728222,6610
2022-09-26,Sacramento,067,1510023,346762,344748,34479,379227,3282
2022-09-26,San Benito,069,59416,16305,16114,966,17080,106
2022-09-26,San Bernardino,071,2135413,671261,667124,30710,697834,8097
2022-09-26,San Diego,073,3302833,922851,920118,71528,991646,5487
2022-09-26,San Francisco,075,870044,179008,176887,12060,188947,1031
2022-09-26,San Joaquin,077,732212,197729,196573,14919,211492,2306
2022-09-26,San Luis Obispo,079,281455,63250,62950,7114,70064,522
2022-09-26,San Mateo,081,765935,168874,167123,10406,177529,736
2022-09-26,Santa Barbara,083,443738,105697,105185,6849,112034,720
2022-09-26,Santa Clara,085,1922200,436187,429334,18844,448178,2486
2022-09-26,Santa Cruz,087,273765,63025,62704,3455,66159,274
2022-09-26,Shasta,089,179085,34961,34762,7436,42198,592
2022-09-26,Sierra,091,2930,304,303,60,363,5
2022-09-26,Siskiyou,093,43540,5141,5243,3301,8544,90
2022-09-26,Solano,095,438530,105242,104383,7884,112267,463
2022-09-26,Sonoma,097,501317,106834,106322,5265,111587,519
2022-09-26,Stanislaus,099,539301,137859,137340,21591,158931,1752
2022-09-26,Sutter,101,95872,24263,24198,2456,26654,232
2022-09-26,Tehama,103,63373,13631,13528,3071,16599,210
2022-09-26,Trinity,105,12862,1397,1390,388,1778,20
2022-09-26,Tulare,107,460477,121928,121446,36309,157755,1530
2022-09-26,Tuolumne,109,53932,15584,15469,923,16392,196
2022-09-26,Ventura,111,848112,208538,207684,15691,223375,1566
2022-09-26,Yolo,113,214977,47377,47147,4301,51448,335
2022-09-26,Yuba,115,75493,18882,18834,1712,20546,129
2022-09-25,Alameda,001,1643700,347352,345351,19515,364866,2012
2022-09-25,Alpine,002,1148,134,134,1,135,0
2022-09-25,Amador,005,37829,9987,9954,923,10877,90
2022-09-25,Butte,007,227075,39489,39282,9106,48388,453
2022-09-25,Calaveras,009,45235,8500,8475,550,9025,133
2022-09-25,Colusa,011,21464,3796,3775,1272,5047,22
2022-09-25,Contra Costa,013,1133247,251233,248053,20715,268768,1424
2022-09-25,Del Norte,015,27424,7439,7403,397,7800,57
2022-09-25,El Dorado,017,186661,32233,32159,4252,36411,231
2022-09-25,Fresno,019,978130,278326,273381,31698,305079,2850
2022-09-25,Glenn,021,27897,5524,5494,1863,7357,48
2022-09-25,Humboldt,023,135768,21818,21641,4984,26625,156
2022-09-25,Imperial,025,180216,65495,65297,15781,81078,957
2022-09-25,Inyo,027,18085,4490,4481,986,5467,59
2022-09-25,Kern,029,883053,219458,218413,63808,282221,2408
2022-09-25,Kings,031,150075,59424,59288,4093,63381,456
2022-09-25,Lake,033,64148,12793,12731,1182,13913,146
2022-09-25,Lassen,035,31185,9973,9947,991,10938,65
2022-09-25,Los Angeles,037,10098052,3278445,3263510,180358,3443868,33258
2022-09-25,Madera,039,155013,44045,43910,8242,52152,374
2022-09-25,Marin,041,260295,45109,44823,5255,50078,310
2022-09-25,Mariposa,043,17540,3100,3074,343,3417,31
2022-09-25,Mendocino,045,87422,16006,15911,4464,20375,136
2022-09-25,Merced,047,269075,72976,71875,11907,83782,862
2022-09-25,Modoc,049,8938,875,872,323,1195,11
2022-09-25,Mono,051,14174,3205,3198,253,3451,7
2022-09-25,Monterey,053,433212,94141,93829,20985,114814,766
2022-09-25,Napa,055,140530,32152,32094,1402,33496,160
2022-09-25,Nevada,057,99092,18972,18861,1826,20687,132
2022-09-25,Orange,059,3164182,667959,664263,63399,727662,7425
2022-09-25,Placer,061,380077,75776,75381,9605,84986,660
2022-09-25,Plumas,063,18699,3657,3632,432,4064,13
2022-09-25,Riverside,065,2383286,695303,693038,35167,728205,6610
2022-09-25,Sacramento,067,1510023,346602,344748,34444,379192,3282
2022-09-25,San Benito,069,59416,16293,16114,966,17080,106
2022-09-25,San Bernardino,071,2135413,671019,667124,30689,697813,8097
2022-09-25,San Diego,073,3302833,922401,920118,71488,991606,5487
2022-09-25,San Francisco,075,870044,178880,176887,12056,188943,1031
2022-09-25,San Joaquin,077,732212,197642,196573,14902,211475,2306
2022-09-25,San Luis Obispo,079,281455,63216,62950,7106,70056,522
2022-09-25,San Mateo,081,765935,168742,167123,10400,177523,736
2022-09-25,Santa Barbara,083,443738,105643,105185,6848,112033,720
2022-09-25,Santa Clara,085,1922200,435938,429334,18829,448163,2486
2022-09-25,Santa Cruz,087,273765,62976,62704,3447,66151,274
2022-09-25,Shasta,089,179085,34948,34762,7427,42189,592
2022-09-25,Sierra,091,2930,304,303,60,363,5
2022-09-25,Siskiyou,093,43540,5139,5243,3300,8543,90
2022-09-25,Solano,095,438530,105176,104383,7880,112263,463
2022-09-25,Sonoma,097,501317,106778,106322,5262,111584,519
2022-09-25,Stanislaus,099,539301,137807,137340,21588,158928,1752
2022-09-25,Sutter,101,95872,24247,24198,2456,26654,232
2022-09-25,Tehama,103,63373,13623,13528,3071,16599,210
2022-09-25,Trinity,105,12862,1397,1390,388,1778,20
2022-09-25,Tulare,107,460477,121897,121446,36287,157733,1530
2022-09-25,Tuolumne,109,53932,15578,15469,922,16391,196
2022-09-25,Ventura,111,848112,208434,207684,15679,223363,1566
2022-09-25,Yolo,113,214977,47350,47147,4296,51443,335
2022-09-25,Yuba,115,75493,18878,18834,1711,20545,129
2022-09-24,Alameda,001,1643700,347238,345351,19510,364861,2012
2022-09-24,Alpine,002,1148,134,134,1,135,0
2022-09-24,Amador,005,37829,9985,9954,922,10876,90
2022-09-24,Butte,007,227075,39482,39282,9104,48386,453
2022-09-24,Calaveras,009,45235,8497,8475,550,9025,133
2022-09-24,Colusa,011,21464,3795,3775,1271,5046,22
2022-09-24,Contra Costa,013,1133247,251146,248053,20711,268764,1424
2022-09-24,Del Norte,015,27424,7436,7403,397,7800,57
2022-09-24,El Dorado,017,186661,32221,32159,4248,36407,231
2022-09-24,Fresno,019,978130,278287,273381,31692,305073,2850
2022-09-24,Glenn,021,27897,5523,5494,1863,7357,48
2022-09-24,Humboldt,023,135768,21804,21641,4983,26624,156
2022-09-24,Imperial,025,180216,65480,65297,15775,81072,957
2022-09-24,Inyo,027,18085,4490,4481,986,5467,59
2022-09-24,Kern,029,883053,219426,218413,63771,282184,2408
2022-09-24,Kings,031,150075,59412,59288,4093,63381,456
2022-09-24,Lake,033,64148,12791,12731,1181,13912,146
2022-09-24,Lassen,035,31185,9972,9947,991,10938,65
2022-09-24,Los Angeles,037,10098052,3277718,3263510,180214,3443724,33258
2022-09-24,Madera,039,155013,44042,43910,8239,52149,374
2022-09-24,Marin,041,260295,45094,44823,5255,50078,310
2022-09-24,Mariposa,043,17540,3098,3074,343,3417,31
2022-09-24,Mendocino,045,87422,16002,15911,4463,20374,136
2022-09-24,Merced,047,269075,72963,71875,11907,83782,862
2022-09-24,Modoc,049,8938,875,872,322,1194,11
2022-09-24,Mono,051,14174,3205,3198,253,3451,7
2022-09-24,Monterey,053,433212,94131,93829,20980,114809,766
2022-09-24,Napa,055,140530,32143,32094,1401,33495,160
2022-09-24,Nevada,057,99092,18967,18861,1823,20684,132
2022-09-24,Orange,059,3164182,667791,664263,63341,727604,7425
2022-09-24,Placer,061,380077,75752,75381,9599,84980,660
2022-09-24,Plumas,063,18699,3654,3632,432,4064,13
2022-09-24,Riverside,065,2383286,695175,693038,35158,728196,6610
2022-09-24,Sacramento,067,1510023,346528,344748,34436,379184,3282
2022-09-24,San Benito,069,59416,16285,16114,966,17080,106
2022-09-24,San Bernardino,071,2135413,670901,667124,30682,697806,8097
2022-09-24,San Diego,073,3302833,922195,920118,71474,991592,5487
2022-09-24,San Francisco,075,870044,178802,176887,12050,188937,1031
2022-09-24,San Joaquin,077,732212,197616,196573,14895,211468,2306
2022-09-24,San Luis Obispo,079,281455,63204,62950,7105,70055,522
2022-09-24,San Mateo,081,765935,168663,167123,10396,177519,736
2022-09-24,Santa Barbara,083,443738,105619,105185,6848,112033,720
2022-09-24,Santa Clara,085,1922200,435776,429334,18819,448153,2486
2022-09-24,Santa Cruz,087,273765,62959,62704,3444,66148,274
2022-09-24,Shasta,089,179085,34943,34762,7425,42187,592
2022-09-24,Sierra,091,2930,304,303,60,363,5
2022-09-24,Siskiyou,093,43540,5136,5243,3300,8543,90
2022-09-24,Solano,095,438530,105157,104383,7879,112262,463
2022-09-24,Sonoma,097,501317,106750,106322,5259,111581,519
2022-09-24,Stanislaus,099,539301,137780,137340,21582,158922,1752
2022-09-24,Sutter,101,95872,24240,24198,2456,26654,232
2022-09-24,Tehama,103,63373,13618,13528,3070,16598,210
2022-09-24,Trinity,105,12862,1397,1390,388,1778,20
2022-09-24,Tulare,107,460477,121878,121446,36270,157716,1530
2022-09-24,Tuolumne,109,53932,15570,15469,922,16391,196
2022-09-24,Ventura,111,848112,208387,207684,15672,223356,1566
2022-09-24,Yolo,113,214977,47335,47147,4294,51441,335
2022-09-24,Yuba,115,75493,18873,18834,1710,20544,129
2022-09-23,Alameda,001,1643700,347096,345351,19501,364852,2012
2022-09-23,Alpine,002,1148,134,134,1,135,0
2022-09-23,Amador,005,37829,9981,9954,922,10876,90
2022-09-23,Butte,007,227075,39474,39282,9101,48383,453
2022-09-23,Calaveras,009,45235,8496,8475,550,9025,133
2022-09-23,Colusa,011,21464,3795,3775,1271,5046,22
2022-09-23,Contra Costa,013,1133247,251064,248053,20707,268760,1424
2022-09-23,Del Norte,015,27424,7433,7403,397,7800,57
2022-09-23,El Dorado,017,186661,32207,32159,4246,36405,231
2022-09-23,Fresno,019,978130,278240,273381,31683,305064,2850
2022-09-23,Glenn,021,27897,5521,5494,1862,7356,48
2022-09-23,Humboldt,023,135768,21787,21641,4976,26617,156
2022-09-23,Imperial,025,180216,65470,65297,15768,81065,957
2022-09-23,Inyo,027,18085,4490,4481,982,5463,59
2022-09-23,Kern,029,883053,219385,218413,63747,282160,2408
2022-09-23,Kings,031,150075,59404,59288,4093,63381,456
2022-09-23,Lake,033,64148,12791,12731,1181,13912,146
2022-09-23,Lassen,035,31185,9970,9947,991,10938,65
2022-09-23,Los Angeles,037,10098052,3276950,3263510,180133,3443643,33258
2022-09-23,Madera,039,155013,44032,43910,8239,52149,374
2022-09-23,Marin,041,260295,45071,44823,5253,50076,310
2022-09-23,Mariposa,043,17540,3097,3074,343,3417,31
2022-09-23,Mendocino,045,87422,16000,15911,4463,20374,136
2022-09-23,Merced,047,269075,72952,71875,11906,83781,862
2022-09-23,Modoc,049,8938,875,872,322,1194,11
2022-09-23,Mono,051,14174,3205,3198,253,3451,7
2022-09-23,Monterey,053,433212,94123,93829,20970,114799,766
2022-09-23,Napa,055,140530,32134,32094,1401,33495,160
2022-09-23,Nevada,057,99092,18963,18861,1822,20683,132
2022-09-23,Orange,059,3164182,667615,664263,63310,727573,7425
2022-09-23,Placer,061,380077,75730,75381,9593,84974,660
2022-09-23,Plumas,063,18699,3651,3632,432,4064,13
2022-09-23,Riverside,065,2383286,695042,693038,35148,728186,6610
2022-09-23,Sacramento,067,1510023,346454,344748,34432,379180,3282
2022-09-23,San Benito,069,59416,16285,16114,966,17080,106
2022-09-23,San Bernardino,071,2135413,670768,667124,30675,697799,8097
2022-09-23,San Diego,073,3302833,921950,920118,71441,991559,5487
2022-09-23,San Francisco,075,870044,178726,176887,12045,188932,1031
2022-09-23,San Joaquin,077,732212,197578,196573,14884,211457,2306
2022-09-23,San Luis Obispo,079,281455,63194,62950,7104,70054,522
2022-09-23,San Mateo,081,765935,168587,167123,10394,177517,736
2022-09-23,Santa Barbara,083,443738,105592,105185,6847,112032,720
2022-09-23,Santa Clara,085,1922200,435606,429334,18809,448143,2486
2022-09-23,Santa Cruz,087,273765,62943,62704,3442,66146,274
2022-09-23,Shasta,089,179085,34938,34762,7420,42182,592
2022-09-23,Sierra,091,2930,304,303,60,363,5
2022-09-23,Siskiyou,093,43540,5134,5243,3300,8543,90
2022-09-23,Solano,095,438530,105128,104383,7876,112259,463
2022-09-23,Sonoma,097,501317,106723,106322,5258,111580,519
2022-09-23,Stanislaus,099,539301,137755,137340,21578,158918,1752
2022-09-23,Sutter,101,95872,24232,24198,2456,26654,232
2022-09-23,Tehama,103,63373,13614,13528,3068,16596,210
2022-09-23,Trinity,105,12862,1396,1390,388,1778,20
2022-09-23,Tulare,107,460477,121858,121446,36251,157697,1530
2022-09-23,Tuolumne,109,53932,15564,15469,922,16391,196
2022-09-23,Ventura,111,848112,208325,207684,15666,223350,1566
2022-09-23,Yolo,113,214977,47317,47147,4294,51441,335
2022-09-23,Yuba,115,75493,18871,18834,1710,20544,129
2022-09-22,Alameda,001,1643700,346925,345351,19498,364849,2012
2022-09-22,Alpine,002,1148,134,134,1,135,0
2022-09-22,Amador,005,37829,9977,9954,922,10876,90
2022-09-22,Butte,007,227075,39462,39282,9097,48379,453
2022-09-22,Calaveras,009,45235,8494,8475,544,9019,133
2022-09-22,Colusa,011,21464,3793,3775,1271,5046,22
2022-09-22,Contra Costa,013,1133247,250947,248053,20693,268746,1424
2022-09-22,Del Norte,015,27424,7432,7403,397,7800,57
2022-09-22,El Dorado,017,186661,32196,32159,4243,36402,231
2022-09-22,Fresno,019,978130,278156,273381,31667,305048,2850
2022-09-22,Glenn,021,27897,5520,5494,1862,7356,48
2022-09-22,Humboldt,023,135768,21773,21641,4974,26615,156
2022-09-22,Imperial,025,180216,65457,65297,15755,81052,957
2022-09-22,Inyo,027,18085,4490,4481,980,5461,59
2022-09-22,Kern,029,883053,219338,218413,63699,282112,2408
2022-09-22,Kings,031,150075,59389,59288,4093,63381,456
2022-09-22,Lake,033,64148,12788,12731,1181,13912,146
2022-09-22,Lassen,035,31185,9969,9947,991,10938,65
2022-09-22,Los Angeles,037,10098052,3275906,3263510,179984,3443494,33258
2022-09-22,Madera,039,155013,44025,43910,8239,52149,374
2022-09-22,Marin,041,260295,45056,44823,5251,50074,310
2022-09-22,Mariposa,043,17540,3096,3074,343,3417,31
2022-09-22,Mendocino,045,87422,15995,15911,4463,20374,136
2022-09-22,Merced,047,269075,72931,71875,11904,83779,862
2022-09-22,Modoc,049,8938,875,872,322,1194,11
2022-09-22,Mono,051,14174,3204,3198,252,3450,7
2022-09-22,Monterey,053,433212,94104,93829,20961,114790,766
2022-09-22,Napa,055,140530,32116,32094,1400,33494,160
2022-09-22,Nevada,057,99092,18957,18861,1821,20682,132
2022-09-22,Orange,059,3164182,667388,664263,63261,727524,7425
2022-09-22,Placer,061,380077,75698,75381,9587,84968,660
2022-09-22,Plumas,063,18699,3648,3632,432,4064,13
2022-09-22,Riverside,065,2383286,694861,693038,35140,728178,6610
2022-09-22,Sacramento,067,1510023,346293,344748,34413,379161,3282
2022-09-22,San Benito,069,59416,16285,16114,965,17079,106
2022-09-22,San Bernardino,071,2135413,670618,667124,30661,697785,8097
2022-09-22,San Diego,073,3302833,921587,920118,71401,991519,5487
2022-09-22,San Francisco,075,870044,178620,176887,12039,188926,1031
2022-09-22,San Joaquin,077,732212,197530,196573,14875,211448,2306
2022-09-22,San Luis Obispo,079,281455,63176,62950,7102,70052,522
2022-09-22,San Mateo,081,765935,168518,167123,10392,177515,736
2022-09-22,Santa Barbara,083,443738,105562,105185,6844,112029,720
2022-09-22,Santa Clara,085,1922200,435423,429334,18799,448133,2486
2022-09-22,Santa Cruz,087,273765,62899,62704,3431,66135,274
2022-09-22,Shasta,089,179085,34923,34762,7414,42176,592
2022-09-22,Sierra,091,2930,304,303,60,363,5
2022-09-22,Siskiyou,093,43540,5133,5243,3299,8542,90
2022-09-22,Solano,095,438530,105068,104383,7871,112254,463
2022-09-22,Sonoma,097,501317,106687,106322,5257,111579,519
2022-09-22,Stanislaus,099,539301,137722,137340,21575,158915,1752
2022-09-22,Sutter,101,95872,24221,24198,2456,26654,232
2022-09-22,Tehama,103,63373,13608,13528,3066,16594,210
2022-09-22,Trinity,105,12862,1394,1390,388,1778,20
2022-09-22,Tulare,107,460477,121840,121446,36235,157681,1530
2022-09-22,Tuolumne,109,53932,15557,15469,921,16390,196
2022-09-22,Ventura,111,848112,208239,207684,15659,223343,1566
2022-09-22,Yolo,113,214977,47303,47147,4288,51435,335
2022-09-22,Yuba,115,75493,18863,18834,1707,20541,129
2022-09-21,Alameda,001,1643700,346755,345351,19487,364838,2012
2022-09-21,Alpine,002,1148,134,134,1,135,0
2022-09-21,Amador,005,37829,9976,9954,922,10876,90
2022-09-21,Butte,007,227075,39449,39282,9088,48370,453
2022-09-21,Calaveras,009,45235,8491,8475,543,9018,133
2022-09-21,Colusa,011,21464,3793,3775,1271,5046,22
2022-09-21,Contra Costa,013,1133247,250829,248053,20684,268737,1424
2022-09-21,Del Norte,015,27424,7430,7403,397,7800,57
2022-09-21,El Dorado,017,186661,32184,32159,4240,36399,231
2022-09-21,Fresno,019,978130,278079,273381,31655,305036,2850
2022-09-21,Glenn,021,27897,5519,5494,1861,7355,48
2022-09-21,Humboldt,023,135768,21756,21641,4972,26613,156
2022-09-21,Imperial,025,180216,65441,65297,15745,81042,957
2022-09-21,Inyo,027,18085,4490,4481,977,5458,59
2022-09-21,Kern,029,883053,219284,218413,63653,282066,2408
2022-09-21,Kings,031,150075,59373,59288,4093,63381,456
2022-09-21,Lake,033,64148,12781,12731,1180,13911,146
2022-09-21,Lassen,035,31185,9969,9947,991,10938,65
2022-09-21,Los Angeles,037,10098052,3274739,3263510,179818,3443328,33258
2022-09-21,Madera,039,155013,44010,43910,8239,52149,374
2022-09-21,Marin,041,260295,45032,44823,5251,50074,310
2022-09-21,Mariposa,043,17540,3096,3074,343,3417,31
2022-09-21,Mendocino,045,87422,15987,15911,4462,20373,136
2022-09-21,Merced,047,269075,72914,71875,11904,83779,862
2022-09-21,Modoc,049,8938,875,872,322,1194,11
2022-09-21,Mono,051,14174,3204,3198,252,3450,7
2022-09-21,Monterey,053,433212,94083,93829,20952,114781,766
2022-09-21,Napa,055,140530,32109,32094,1400,33494,160
2022-09-21,Nevada,057,99092,18947,18861,1821,20682,132
2022-09-21,Orange,059,3164182,667127,664263,63213,727476,7425
2022-09-21,Placer,061,380077,75664,75381,9583,84964,660
2022-09-21,Plumas,063,18699,3646,3632,432,4064,13
2022-09-21,Riverside,065,2383286,694676,693038,35121,728159,6610
2022-09-21,Sacramento,067,1510023,346137,344748,34397,379145,3282
2022-09-21,San Benito,069,59416,16272,16114,963,17077,106
2022-09-21,San Bernardino,071,2135413,670464,667124,30655,697779,8097
2022-09-21,San Diego,073,3302833,921208,920118,71354,991472,5487
2022-09-21,San Francisco,075,870044,178523,176887,12030,188917,1031
2022-09-21,San Joaquin,077,732212,197475,196573,14869,211442,2306
2022-09-21,San Luis Obispo,079,281455,63158,62950,7095,70045,522
2022-09-21,San Mateo,081,765935,168442,167123,10391,177514,736
2022-09-21,Santa Barbara,083,443738,105516,105185,6842,112027,720
2022-09-21,Santa Clara,085,1922200,435231,429334,18792,448126,2486
2022-09-21,Santa Cruz,087,273765,62852,62704,3427,66131,274
2022-09-21,Shasta,089,179085,34916,34762,7409,42171,592
2022-09-21,Sierra,091,2930,303,303,60,363,5
2022-09-21,Siskiyou,093,43540,5130,5243,3298,8541,90
2022-09-21,Solano,095,438530,105024,104383,7868,112251,463
2022-09-21,Sonoma,097,501317,106653,106322,5251,111573,519
2022-09-21,Stanislaus,099,539301,137688,137340,21565,158905,1752
2022-09-21,Sutter,101,95872,24212,24198,2456,26654,232
2022-09-21,Tehama,103,63373,13602,13528,3066,16594,210
2022-09-21,Trinity,105,12862,1394,1390,388,1778,20
2022-09-21,Tulare,107,460477,121811,121446,36218,157664,1530
2022-09-21,Tuolumne,109,53932,15552,15469,918,16387,196
2022-09-21,Ventura,111,848112,208163,207684,15652,223336,1566
2022-09-21,Yolo,113,214977,47283,47147,4282,51429,335
2022-09-21,Yuba,115,75493,18855,18834,1707,20541,129
2022-09-20,Alameda,001,1643700,346597,345351,19476,364827,2012
2022-09-20,Alpine,002,1148,134,134,1,135,0
2022-09-20,Amador,005,37829,9968,9954,922,10876,90
2022-09-20,Butte,007,227075,39434,39282,9078,48360,453
2022-09-20,Calaveras,009,45235,8489,8475,543,9018,133
2022-09-20,Colusa,011,21464,3793,3775,1271,5046,22
2022-09-20,Contra Costa,013,1133247,250703,248053,20671,268724,1424
2022-09-20,Del Norte,015,27424,7425,7403,397,7800,57
2022-09-20,El Dorado,017,186661,32170,32159,4236,36395,231
2022-09-20,Fresno,019,978130,278003,273381,31642,305023,2850
2022-09-20,Glenn,021,27897,5518,5494,1860,7354,48
2022-09-20,Humboldt,023,135768,21743,21641,4969,26610,156
2022-09-20,Imperial,025,180216,65419,65297,15734,81031,957
2022-09-20,Inyo,027,18085,4489,4481,974,5455,59
2022-09-20,Kern,029,883053,219228,218413,63611,282024,2408
2022-09-20,Kings,031,150075,59350,59288,4092,63380,456
2022-09-20,Lake,033,64148,12778,12731,1180,13911,146
2022-09-20,Lassen,035,31185,9966,9947,991,10938,65
2022-09-20,Los Angeles,037,10098052,3273576,3263510,179673,3443183,33258
2022-09-20,Madera,039,155013,44001,43910,8234,52144,374
2022-09-20,Marin,041,260295,45007,44823,5246,50069,310
2022-09-20,Mariposa,043,17540,3096,3074,343,3417,31
2022-09-20,Mendocino,045,87422,15982,15911,4460,20371,136
2022-09-20,Merced,047,269075,72888,71875,11902,83777,862
2022-09-20,Modoc,049,8938,875,872,322,1194,11
2022-09-20,Mono,051,14174,3204,3198,252,3450,7
2022-09-20,Monterey,053,433212,94064,93829,20943,114772,766
2022-09-20,Napa,055,140530,32100,32094,1399,33493,160
2022-09-20,Nevada,057,99092,18942,18861,1821,20682,132
2022-09-20,Orange,059,3164182,666841,664263,63167,727430,7425
2022-09-20,Placer,061,380077,75635,75381,9578,84959,660
2022-09-20,Plumas,063,18699,3644,3632,432,4064,13
2022-09-20,Riverside,065,2383286,694473,693038,35093,728131,6610
2022-09-20,Sacramento,067,1510023,345982,344748,34374,379122,3282
2022-09-20,San Benito,069,59416,16265,16114,963,17077,106
2022-09-20,San Bernardino,071,2135413,670249,667124,30643,697767,8097
2022-09-20,San Diego,073,3302833,920797,920118,71298,991416,5487
2022-09-20,San Francisco,075,870044,178422,176887,12024,188911,1031
2022-09-20,San Joaquin,077,732212,197413,196573,14864,211437,2306
2022-09-20,San Luis Obispo,079,281455,63141,62950,7087,70037,522
2022-09-20,San Mateo,081,765935,168358,167123,10387,177510,736
2022-09-20,Santa Barbara,083,443738,105480,105185,6837,112022,720
2022-09-20,Santa Clara,085,1922200,435023,429334,18781,448115,2486
2022-09-20,Santa Cruz,087,273765,62830,62704,3422,66126,274
2022-09-20,Shasta,089,179085,34905,34762,7405,42167,592
2022-09-20,Sierra,091,2930,303,303,60,363,5
2022-09-20,Siskiyou,093,43540,5126,5243,3298,8541,90
2022-09-20,Solano,095,438530,104978,104383,7861,112244,463
2022-09-20,Sonoma,097,501317,106600,106322,5250,111572,519
2022-09-20,Stanislaus,099,539301,137644,137340,21560,158900,1752
2022-09-20,Sutter,101,95872,24208,24198,2456,26654,232
2022-09-20,Tehama,103,63373,13600,13528,3066,16594,210
2022-09-20,Trinity,105,12862,1394,1390,388,1778,20
2022-09-20,Tulare,107,460477,121789,121446,36196,157642,1530
2022-09-20,Tuolumne,109,53932,15546,15469,917,16386,196
2022-09-20,Ventura,111,848112,208080,207684,15647,223331,1566
2022-09-20,Yolo,113,214977,47262,47147,4278,51425,335
2022-09-20,Yuba,115,75493,18851,18834,1707,20541,129
2022-09-19,Alameda,001,1643700,346423,344045,19462,363507,2007
2022-09-19,Alpine,002,1148,134,134,1,135,0
2022-09-19,Amador,005,37829,9964,9908,922,10830,90
2022-09-19,Butte,007,227075,39421,39155,9070,48225,453
2022-09-19,Calaveras,009,45235,8484,8455,542,8997,133
2022-09-19,Colusa,011,21464,3791,3765,1271,5036,22
2022-09-19,Contra Costa,013,1133247,250608,247095,20647,267742,1423
2022-09-19,Del Norte,015,27424,7422,7381,397,7778,56
2022-09-19,El Dorado,017,186661,32161,32088,4232,36320,231
2022-09-19,Fresno,019,978130,277916,272774,31634,304408,2839
2022-09-19,Glenn,021,27897,5517,5481,1859,7340,48
2022-09-19,Humboldt,023,135768,21730,21561,4964,26525,155
2022-09-19,Imperial,025,180216,65400,65099,15720,80819,956
2022-09-19,Inyo,027,18085,4488,4472,972,5444,59
2022-09-19,Kern,029,883053,219165,217694,63552,281246,2405
2022-09-19,Kings,031,150075,59336,59122,4092,63214,456
2022-09-19,Lake,033,64148,12772,12696,1180,13876,144
2022-09-19,Lassen,035,31185,9961,9938,991,10929,65
2022-09-19,Los Angeles,037,10098052,3272193,3253906,179491,3433397,33160
2022-09-19,Madera,039,155013,43975,43782,8229,52011,373
2022-09-19,Marin,041,260295,44977,44702,5242,49944,309
2022-09-19,Mariposa,043,17540,3096,3064,343,3407,31
2022-09-19,Mendocino,045,87422,15975,15872,4458,20330,136
2022-09-19,Merced,047,269075,72873,71732,11895,83627,862
2022-09-19,Modoc,049,8938,875,872,322,1194,11
2022-09-19,Mono,051,14174,3204,3191,252,3443,7
2022-09-19,Monterey,053,433212,94030,93692,20930,114622,762
2022-09-19,Napa,055,140530,32085,31979,1398,33377,160
2022-09-19,Nevada,057,99092,18936,18824,1819,20643,132
2022-09-19,Orange,059,3164182,666549,662784,63113,725897,7398
2022-09-19,Placer,061,380077,75613,75159,9576,84735,660
2022-09-19,Plumas,063,18699,3642,3609,432,4041,13
2022-09-19,Riverside,065,2383286,694236,691630,35080,726710,6608
2022-09-19,Sacramento,067,1510023,345832,343926,34355,378281,3267
2022-09-19,San Benito,069,59416,16255,16057,963,17020,106
2022-09-19,San Bernardino,071,2135413,670022,664360,30628,694988,8074
2022-09-19,San Diego,073,3302833,920369,917229,71211,988440,5479
2022-09-19,San Francisco,075,870044,178330,176724,12016,188740,1025
2022-09-19,San Joaquin,077,732212,197320,196128,14857,210985,2304
2022-09-19,San Luis Obispo,079,281455,63119,62716,7081,69797,520
2022-09-19,San Mateo,081,765935,168257,166572,10381,176953,735
2022-09-19,Santa Barbara,083,443738,105438,104912,6832,111744,718
2022-09-19,Santa Clara,085,1922200,434786,428065,18769,446834,2473
2022-09-19,Santa Cruz,087,273765,62800,62480,3416,65896,274
2022-09-19,Shasta,089,179085,34886,34648,7398,42046,591
2022-09-19,Sierra,091,2930,303,303,60,363,5
2022-09-19,Siskiyou,093,43540,5123,5226,3296,8522,90
2022-09-19,Solano,095,438530,104933,104085,7858,111943,462
2022-09-19,Sonoma,097,501317,106543,106028,5250,111278,518
2022-09-19,Stanislaus,099,539301,137598,136981,21549,158530,1727
2022-09-19,Sutter,101,95872,24194,24119,2456,26575,232
2022-09-19,Tehama,103,63373,13595,13503,3065,16568,210
2022-09-19,Trinity,105,12862,1394,1385,388,1773,20
2022-09-19,Tulare,107,460477,121760,121230,36177,157407,1531
2022-09-19,Tuolumne,109,53932,15540,15411,917,16328,196
2022-09-19,Ventura,111,848112,207981,207049,15644,222693,1563
2022-09-19,Yolo,113,214977,47247,47085,4276,51361,334
2022-09-19,Yuba,115,75493,18841,18764,1700,20464,129
2022-09-18,Alameda,001,1643700,346216,344045,19449,363494,2007
2022-09-18,Alpine,002,1148,134,134,1,135,0
2022-09-18,Amador,005,37829,9958,9908,922,10830,90
2022-09-18,Butte,007,227075,39403,39155,9059,48214,453
2022-09-18,Calaveras,009,45235,8478,8455,539,8994,133
2022-09-18,Colusa,011,21464,3790,3765,1271,5036,22
2022-09-18,Contra Costa,013,1133247,250457,247095,20636,267731,1423
2022-09-18,Del Norte,015,27424,7416,7381,397,7778,56
2022-09-18,El Dorado,017,186661,32147,32088,4229,36317,231
2022-09-18,Fresno,019,978130,277818,272774,31609,304383,2839
2022-09-18,Glenn,021,27897,5512,5481,1859,7340,48
2022-09-18,Humboldt,023,135768,21716,21561,4956,26517,155
2022-09-18,Imperial,025,180216,65381,65099,15698,80797,956
2022-09-18,Inyo,027,18085,4486,4472,971,5443,59
2022-09-18,Kern,029,883053,219090,217694,63479,281173,2405
2022-09-18,Kings,031,150075,59318,59122,4088,63210,456
2022-09-18,Lake,033,64148,12766,12696,1177,13873,144
2022-09-18,Lassen,035,31185,9957,9938,991,10929,65
2022-09-18,Los Angeles,037,10098052,3270643,3253906,179324,3433230,33160
2022-09-18,Madera,039,155013,43951,43782,8226,52008,373
2022-09-18,Marin,041,260295,44954,44702,5238,49940,309
2022-09-18,Mariposa,043,17540,3095,3064,343,3407,31
2022-09-18,Mendocino,045,87422,15971,15872,4453,20325,136
2022-09-18,Merced,047,269075,72845,71732,11888,83620,862
2022-09-18,Modoc,049,8938,874,872,322,1194,11
2022-09-18,Mono,051,14174,3204,3191,251,3442,7
2022-09-18,Monterey,053,433212,94001,93692,20914,114606,762
2022-09-18,Napa,055,140530,32069,31979,1398,33377,160
2022-09-18,Nevada,057,99092,18923,18824,1818,20642,132
2022-09-18,Orange,059,3164182,666256,662784,63032,725816,7398
2022-09-18,Placer,061,380077,75576,75159,9567,84726,660
2022-09-18,Plumas,063,18699,3636,3609,432,4041,13
2022-09-18,Riverside,065,2383286,693998,691630,35053,726683,6608
2022-09-18,Sacramento,067,1510023,345644,343926,34325,378251,3267
2022-09-18,San Benito,069,59416,16249,16057,960,17017,106
2022-09-18,San Bernardino,071,2135413,669777,664360,30612,694972,8074
2022-09-18,San Diego,073,3302833,919890,917229,71160,988389,5479
2022-09-18,San Francisco,075,870044,178188,176724,12012,188736,1025
2022-09-18,San Joaquin,077,732212,197240,196128,14851,210979,2304
2022-09-18,San Luis Obispo,079,281455,63099,62716,7072,69788,520
2022-09-18,San Mateo,081,765935,168148,166572,10376,176948,735
2022-09-18,Santa Barbara,083,443738,105392,104912,6828,111740,718
2022-09-18,Santa Clara,085,1922200,434536,428065,18749,446814,2473
2022-09-18,Santa Cruz,087,273765,62770,62480,3411,65891,274
2022-09-18,Shasta,089,179085,34867,34648,7385,42033,591
2022-09-18,Sierra,091,2930,303,303,60,363,5
2022-09-18,Siskiyou,093,43540,5120,5226,3294,8520,90
2022-09-18,Solano,095,438530,104878,104085,7847,111932,462
2022-09-18,Sonoma,097,501317,106487,106028,5247,111275,518
2022-09-18,Stanislaus,099,539301,137545,136981,21537,158518,1727
2022-09-18,Sutter,101,95872,24181,24119,2456,26575,232
2022-09-18,Tehama,103,63373,13585,13503,3063,16566,210
2022-09-18,Trinity,105,12862,1394,1385,384,1769,20
2022-09-18,Tulare,107,460477,121710,121230,36147,157377,1531
2022-09-18,Tuolumne,109,53932,15530,15411,916,16327,196
2022-09-18,Ventura,111,848112,207870,207049,15631,222680,1563
2022-09-18,Yolo,113,214977,47234,47085,4273,51358,334
2022-09-18,Yuba,115,75493,18831,18764,1700,20464,129
2022-09-17,Alameda,001,1643700,346095,344045,19446,363491,2007
2022-09-17,Alpine,002,1148,134,134,1,135,0
2022-09-17,Amador,005,37829,9956,9908,922,10830,90
2022-09-17,Butte,007,227075,39392,39155,9054,48209,453
2022-09-17,Calaveras,009,45235,8474,8455,537,8992,133
2022-09-17,Colusa,011,21464,3786,3765,1271,5036,22
2022-09-17,Contra Costa,013,1133247,250372,247095,20633,267728,1423
2022-09-17,Del Norte,015,27424,7414,7381,397,7778,56
2022-09-17,El Dorado,017,186661,32141,32088,4229,36317,231
2022-09-17,Fresno,019,978130,277772,272774,31599,304373,2839
2022-09-17,Glenn,021,27897,5508,5481,1857,7338,48
2022-09-17,Humboldt,023,135768,21708,21561,4950,26511,155
2022-09-17,Imperial,025,180216,65360,65099,15690,80789,956
2022-09-17,Inyo,027,18085,4486,4472,969,5441,59
2022-09-17,Kern,029,883053,219053,217694,63436,281130,2405
2022-09-17,Kings,031,150075,59307,59122,4086,63208,456
2022-09-17,Lake,033,64148,12765,12696,1177,13873,144
2022-09-17,Lassen,035,31185,9957,9938,991,10929,65
2022-09-17,Los Angeles,037,10098052,3269810,3253906,179180,3433086,33160
2022-09-17,Madera,039,155013,43944,43782,8226,52008,373
2022-09-17,Marin,041,260295,44938,44702,5234,49936,309
2022-09-17,Mariposa,043,17540,3094,3064,343,3407,31
2022-09-17,Mendocino,045,87422,15969,15872,4453,20325,136
2022-09-17,Merced,047,269075,72831,71732,11884,83616,862
2022-09-17,Modoc,049,8938,874,872,322,1194,11
2022-09-17,Mono,051,14174,3204,3191,251,3442,7
2022-09-17,Monterey,053,433212,93988,93692,20905,114597,762
2022-09-17,Napa,055,140530,32063,31979,1397,33376,160
2022-09-17,Nevada,057,99092,18914,18824,1816,20640,132
2022-09-17,Orange,059,3164182,666071,662784,62995,725779,7398
2022-09-17,Placer,061,380077,75541,75159,9561,84720,660
2022-09-17,Plumas,063,18699,3634,3609,432,4041,13
2022-09-17,Riverside,065,2383286,693851,691630,35038,726668,6608
2022-09-17,Sacramento,067,1510023,345564,343926,34306,378232,3267
2022-09-17,San Benito,069,59416,16244,16057,959,17016,106
2022-09-17,San Bernardino,071,2135413,669643,664360,30602,694962,8074
2022-09-17,San Diego,073,3302833,919712,917229,71139,988368,5479
2022-09-17,San Francisco,075,870044,178126,176724,12008,188732,1025
2022-09-17,San Joaquin,077,732212,197215,196128,14848,210976,2304
2022-09-17,San Luis Obispo,079,281455,63088,62716,7072,69788,520
2022-09-17,San Mateo,081,765935,168081,166572,10369,176941,735
2022-09-17,Santa Barbara,083,443738,105362,104912,6827,111739,718
2022-09-17,Santa Clara,085,1922200,434389,428065,18744,446809,2473
2022-09-17,Santa Cruz,087,273765,62762,62480,3411,65891,274
2022-09-17,Shasta,089,179085,34856,34648,7380,42028,591
2022-09-17,Sierra,091,2930,303,303,60,363,5
2022-09-17,Siskiyou,093,43540,5119,5226,3293,8519,90
2022-09-17,Solano,095,438530,104867,104085,7844,111929,462
2022-09-17,Sonoma,097,501317,106451,106028,5246,111274,518
2022-09-17,Stanislaus,099,539301,137520,136981,21531,158512,1727
2022-09-17,Sutter,101,95872,24175,24119,2456,26575,232
2022-09-17,Tehama,103,63373,13583,13503,3062,16565,210
2022-09-17,Trinity,105,12862,1394,1385,384,1769,20
2022-09-17,Tulare,107,460477,121692,121230,36135,157365,1531
2022-09-17,Tuolumne,109,53932,15524,15411,916,16327,196
2022-09-17,Ventura,111,848112,207824,207049,15622,222671,1563
2022-09-17,Yolo,113,214977,47224,47085,4268,51353,334
2022-09-17,Yuba,115,75493,18828,18764,1700,20464,129
2022-09-16,Alameda,001,1643700,345960,344045,19433,363478,2007
2022-09-16,Alpine,002,1148,134,134,1,135,0
2022-09-16,Amador,005,37829,9954,9908,922,10830,90
2022-09-16,Butte,007,227075,39376,39155,9051,48206,453
2022-09-16,Calaveras,009,45235,8471,8455,537,8992,133
2022-09-16,Colusa,011,21464,3785,3765,1271,5036,22
2022-09-16,Contra Costa,013,1133247,250287,247095,20626,267721,1423
2022-09-16,Del Norte,015,27424,7413,7381,397,7778,56
2022-09-16,El Dorado,017,186661,32134,32088,4227,36315,231
2022-09-16,Fresno,019,978130,277732,272774,31590,304364,2839
2022-09-16,Glenn,021,27897,5508,5481,1857,7338,48
2022-09-16,Humboldt,023,135768,21698,21561,4950,26511,155
2022-09-16,Imperial,025,180216,65347,65099,15685,80784,956
2022-09-16,Inyo,027,18085,4486,4472,967,5439,59
2022-09-16,Kern,029,883053,219011,217694,63414,281108,2405
2022-09-16,Kings,031,150075,59292,59122,4086,63208,456
2022-09-16,Lake,033,64148,12761,12696,1177,13873,144
2022-09-16,Lassen,035,31185,9956,9938,990,10928,65
2022-09-16,Los Angeles,037,10098052,3268911,3253906,179081,3432987,33160
2022-09-16,Madera,039,155013,43930,43782,8226,52008,373
2022-09-16,Marin,041,260295,44916,44702,5231,49933,309
2022-09-16,Mariposa,043,17540,3093,3064,343,3407,31
2022-09-16,Mendocino,045,87422,15964,15872,4452,20324,136
2022-09-16,Merced,047,269075,72816,71732,11882,83614,862
2022-09-16,Modoc,049,8938,874,872,322,1194,11
2022-09-16,Mono,051,14174,3204,3191,251,3442,7
2022-09-16,Monterey,053,433212,93971,93692,20902,114594,762
2022-09-16,Napa,055,140530,32053,31979,1396,33375,160
2022-09-16,Nevada,057,99092,18909,18824,1816,20640,132
2022-09-16,Orange,059,3164182,665901,662784,62942,725726,7398
2022-09-16,Placer,061,380077,75523,75159,9556,84715,660
2022-09-16,Plumas,063,18699,3632,3609,432,4041,13
2022-09-16,Riverside,065,2383286,693732,691630,35020,726650,6608
2022-09-16,Sacramento,067,1510023,345469,343926,34299,378225,3267
2022-09-16,San Benito,069,59416,16237,16057,959,17016,106
2022-09-16,San Bernardino,071,2135413,669493,664360,30593,694953,8074
2022-09-16,San Diego,073,3302833,919432,917229,71112,988341,5479
2022-09-16,San Francisco,075,870044,178067,176724,12002,188726,1025
2022-09-16,San Joaquin,077,732212,197179,196128,14844,210972,2304
2022-09-16,San Luis Obispo,079,281455,63072,62716,7071,69787,520
2022-09-16,San Mateo,081,765935,168010,166572,10366,176938,735
2022-09-16,Santa Barbara,083,443738,105336,104912,6825,111737,718
2022-09-16,Santa Clara,085,1922200,434247,428065,18737,446802,2473
2022-09-16,Santa Cruz,087,273765,62741,62480,3411,65891,274
2022-09-16,Shasta,089,179085,34850,34648,7376,42024,591
2022-09-16,Sierra,091,2930,303,303,60,363,5
2022-09-16,Siskiyou,093,43540,5117,5226,3293,8519,90
2022-09-16,Solano,095,438530,104843,104085,7841,111926,462
2022-09-16,Sonoma,097,501317,106421,106028,5246,111274,518
2022-09-16,Stanislaus,099,539301,137483,136981,21528,158509,1727
2022-09-16,Sutter,101,95872,24162,24119,2456,26575,232
2022-09-16,Tehama,103,63373,13581,13503,3061,16564,210
2022-09-16,Trinity,105,12862,1394,1385,384,1769,20
2022-09-16,Tulare,107,460477,121666,121230,36117,157347,1531
2022-09-16,Tuolumne,109,53932,15513,15411,916,16327,196
2022-09-16,Ventura,111,848112,207755,207049,15611,222660,1563
2022-09-16,Yolo,113,214977,47213,47085,4263,51348,334
2022-09-16,Yuba,115,75493,18819,18764,1700,20464,129
2022-09-15,Alameda,001,1643700,345784,344045,19421,363466,2007
2022-09-15,Alpine,002,1148,134,134,1,135,0
2022-09-15,Amador,005,37829,9950,9908,922,10830,90
2022-09-15,Butte,007,227075,39366,39155,9046,48201,453
2022-09-15,Calaveras,009,45235,8469,8455,534,8989,133
2022-09-15,Colusa,011,21464,3784,3765,1271,5036,22
2022-09-15,Contra Costa,013,1133247,250154,247095,20608,267703,1423
2022-09-15,Del Norte,015,27424,7410,7381,397,7778,56
2022-09-15,El Dorado,017,186661,32125,32088,4225,36313,231
2022-09-15,Fresno,019,978130,277628,272774,31580,304354,2839
2022-09-15,Glenn,021,27897,5508,5481,1856,7337,48
2022-09-15,Humboldt,023,135768,21681,21561,4942,26503,155
2022-09-15,Imperial,025,180216,65323,65099,15670,80769,956
2022-09-15,Inyo,027,18085,4486,4472,964,5436,59
2022-09-15,Kern,029,883053,218952,217694,63360,281054,2405
2022-09-15,Kings,031,150075,59274,59122,4086,63208,456
2022-09-15,Lake,033,64148,12758,12696,1176,13872,144
2022-09-15,Lassen,035,31185,9955,9938,990,10928,65
2022-09-15,Los Angeles,037,10098052,3267748,3253906,178922,3432828,33160
2022-09-15,Madera,039,155013,43919,43782,8223,52005,373
2022-09-15,Marin,041,260295,44898,44702,5228,49930,309
2022-09-15,Mariposa,043,17540,3092,3064,342,3406,31
2022-09-15,Mendocino,045,87422,15953,15872,4450,20322,136
2022-09-15,Merced,047,269075,72794,71732,11878,83610,862
2022-09-15,Modoc,049,8938,874,872,321,1193,11
2022-09-15,Mono,051,14174,3204,3191,249,3440,7
2022-09-15,Monterey,053,433212,93950,93692,20892,114584,762
2022-09-15,Napa,055,140530,32040,31979,1396,33375,160
2022-09-15,Nevada,057,99092,18901,18824,1813,20637,132
2022-09-15,Orange,059,3164182,665664,662784,62869,725653,7398
2022-09-15,Placer,061,380077,75486,75159,9551,84710,660
2022-09-15,Plumas,063,18699,3632,3609,432,4041,13
2022-09-15,Riverside,065,2383286,693557,691630,35004,726634,6608
2022-09-15,Sacramento,067,1510023,345310,343926,34273,378199,3267
2022-09-15,San Benito,069,59416,16231,16057,959,17016,106
2022-09-15,San Bernardino,071,2135413,669296,664360,30579,694939,8074
2022-09-15,San Diego,073,3302833,919073,917229,71072,988301,5479
2022-09-15,San Francisco,075,870044,177959,176724,11995,188719,1025
2022-09-15,San Joaquin,077,732212,197111,196128,14831,210959,2304
2022-09-15,San Luis Obispo,079,281455,63048,62716,7068,69784,520
2022-09-15,San Mateo,081,765935,167915,166572,10358,176930,735
2022-09-15,Santa Barbara,083,443738,105296,104912,6819,111731,718
2022-09-15,Santa Clara,085,1922200,434032,428065,18723,446788,2473
2022-09-15,Santa Cruz,087,273765,62719,62480,3407,65887,274
2022-09-15,Shasta,089,179085,34843,34648,7368,42016,591
2022-09-15,Sierra,091,2930,303,303,60,363,5
2022-09-15,Siskiyou,093,43540,5113,5226,3290,8516,90
2022-09-15,Solano,095,438530,104801,104085,7835,111920,462
2022-09-15,Sonoma,097,501317,106383,106028,5244,111272,518
2022-09-15,Stanislaus,099,539301,137440,136981,21524,158505,1727
2022-09-15,Sutter,101,95872,24154,24119,2456,26575,232
2022-09-15,Tehama,103,63373,13576,13503,3059,16562,210
2022-09-15,Trinity,105,12862,1393,1385,383,1768,20
2022-09-15,Tulare,107,460477,121638,121230,36097,157327,1531
2022-09-15,Tuolumne,109,53932,15504,15411,916,16327,196
2022-09-15,Ventura,111,848112,207660,207049,15597,222646,1563
2022-09-15,Yolo,113,214977,47200,47085,4261,51346,334
2022-09-15,Yuba,115,75493,18811,18764,1698,20462,129
2022-09-14,Alameda,001,1643700,345602,344045,19409,363454,2007
2022-09-14,Alpine,002,1148,134,134,1,135,0
2022-09-14,Amador,005,37829,9944,9908,922,10830,90
2022-09-14,Butte,007,227075,39347,39155,9039,48194,453
2022-09-14,Calaveras,009,45235,8463,8455,532,8987,133
2022-09-14,Colusa,011,21464,3781,3765,1271,5036,22
2022-09-14,Contra Costa,013,1133247,250044,247095,20594,267689,1423
2022-09-14,Del Norte,015,27424,7407,7381,397,7778,56
2022-09-14,El Dorado,017,186661,32113,32088,4219,36307,231
2022-09-14,Fresno,019,978130,277533,272774,31565,304339,2839
2022-09-14,Glenn,021,27897,5508,5481,1853,7334,48
2022-09-14,Humboldt,023,135768,21659,21561,4939,26500,155
2022-09-14,Imperial,025,180216,65297,65099,15653,80752,956
2022-09-14,Inyo,027,18085,4484,4472,962,5434,59
2022-09-14,Kern,029,883053,218890,217694,63304,280998,2405
2022-09-14,Kings,031,150075,59252,59122,4082,63204,456
2022-09-14,Lake,033,64148,12750,12696,1175,13871,144
2022-09-14,Lassen,035,31185,9955,9938,988,10926,65
2022-09-14,Los Angeles,037,10098052,3266492,3253906,178779,3432685,33160
2022-09-14,Madera,039,155013,43889,43782,8218,52000,373
2022-09-14,Marin,041,260295,44876,44702,5220,49922,309
2022-09-14,Mariposa,043,17540,3091,3064,342,3406,31
2022-09-14,Mendocino,045,87422,15948,15872,4449,20321,136
2022-09-14,Merced,047,269075,72766,71732,11868,83600,862
2022-09-14,Modoc,049,8938,873,872,320,1192,11
2022-09-14,Mono,051,14174,3204,3191,248,3439,7
2022-09-14,Monterey,053,433212,93931,93692,20884,114576,762
2022-09-14,Napa,055,140530,32026,31979,1392,33371,160
2022-09-14,Nevada,057,99092,18890,18824,1811,20635,132
2022-09-14,Orange,059,3164182,665365,662784,62820,725604,7398
2022-09-14,Placer,061,380077,75455,75159,9548,84707,660
2022-09-14,Plumas,063,18699,3626,3609,432,4041,13
2022-09-14,Riverside,065,2383286,693320,691630,34977,726607,6608
2022-09-14,Sacramento,067,1510023,345150,343926,34233,378159,3267
2022-09-14,San Benito,069,59416,16223,16057,959,17016,106
2022-09-14,San Bernardino,071,2135413,669099,664360,30564,694924,8074
2022-09-14,San Diego,073,3302833,918693,917229,71024,988253,5479
2022-09-14,San Francisco,075,870044,177860,176724,11988,188712,1025
2022-09-14,San Joaquin,077,732212,197041,196128,14819,210947,2304
2022-09-14,San Luis Obispo,079,281455,63024,62716,7063,69779,520
2022-09-14,San Mateo,081,765935,167833,166572,10354,176926,735
2022-09-14,Santa Barbara,083,443738,105261,104912,6817,111729,718
2022-09-14,Santa Clara,085,1922200,433831,428065,18714,446779,2473
2022-09-14,Santa Cruz,087,273765,62705,62480,3405,65885,274
2022-09-14,Shasta,089,179085,34831,34648,7358,42006,591
2022-09-14,Sierra,091,2930,303,303,60,363,5
2022-09-14,Siskiyou,093,43540,5109,5226,3289,8515,90
2022-09-14,Solano,095,438530,104768,104085,7830,111915,462
2022-09-14,Sonoma,097,501317,106331,106028,5240,111268,518
2022-09-14,Stanislaus,099,539301,137373,136981,21514,158495,1727
2022-09-14,Sutter,101,95872,24141,24119,2456,26575,232
2022-09-14,Tehama,103,63373,13575,13503,3056,16559,210
2022-09-14,Trinity,105,12862,1393,1385,379,1764,20
2022-09-14,Tulare,107,460477,121613,121230,36074,157304,1531
2022-09-14,Tuolumne,109,53932,15496,15411,916,16327,196
2022-09-14,Ventura,111,848112,207571,207049,15587,222636,1563
2022-09-14,Yolo,113,214977,47191,47085,4255,51340,334
2022-09-14,Yuba,115,75493,18804,18764,1697,20461,129
2022-09-13,Alameda,001,1643700,345409,344045,19398,363443,2007
2022-09-13,Alpine,002,1148,134,134,1,135,0
2022-09-13,Amador,005,37829,9939,9908,922,10830,90
2022-09-13,Butte,007,227075,39319,39155,9033,48188,453
2022-09-13,Calaveras,009,45235,8460,8455,530,8985,133
2022-09-13,Colusa,011,21464,3779,3765,1271,5036,22
2022-09-13,Contra Costa,013,1133247,249912,247095,20584,267679,1423
2022-09-13,Del Norte,015,27424,7403,7381,397,7778,56
2022-09-13,El Dorado,017,186661,32099,32088,4215,36303,231
2022-09-13,Fresno,019,978130,277439,272774,31547,304321,2839
2022-09-13,Glenn,021,27897,5507,5481,1851,7332,48
2022-09-13,Humboldt,023,135768,21641,21561,4930,26491,155
2022-09-13,Imperial,025,180216,65274,65099,15643,80742,956
2022-09-13,Inyo,027,18085,4482,4472,959,5431,59
2022-09-13,Kern,029,883053,218797,217694,63221,280915,2405
2022-09-13,Kings,031,150075,59216,59122,4080,63202,456
2022-09-13,Lake,033,64148,12744,12696,1175,13871,144
2022-09-13,Lassen,035,31185,9955,9938,985,10923,65
2022-09-13,Los Angeles,037,10098052,3265170,3253906,178629,3432535,33160
2022-09-13,Madera,039,155013,43878,43782,8210,51992,373
2022-09-13,Marin,041,260295,44860,44702,5216,49918,309
2022-09-13,Mariposa,043,17540,3089,3064,342,3406,31
2022-09-13,Mendocino,045,87422,15943,15872,4445,20317,136
2022-09-13,Merced,047,269075,72743,71732,11865,83597,862
2022-09-13,Modoc,049,8938,873,872,320,1192,11
2022-09-13,Mono,051,14174,3204,3191,248,3439,7
2022-09-13,Monterey,053,433212,93902,93692,20872,114564,762
2022-09-13,Napa,055,140530,32006,31979,1392,33371,160
2022-09-13,Nevada,057,99092,18879,18824,1809,20633,132
2022-09-13,Orange,059,3164182,665073,662784,62753,725537,7398
2022-09-13,Placer,061,380077,75421,75159,9544,84703,660
2022-09-13,Plumas,063,18699,3623,3609,432,4041,13
2022-09-13,Riverside,065,2383286,693096,691630,34953,726583,6608
2022-09-13,Sacramento,067,1510023,344965,343926,34200,378126,3267
2022-09-13,San Benito,069,59416,16214,16057,959,17016,106
2022-09-13,San Bernardino,071,2135413,668850,664360,30547,694907,8074
2022-09-13,San Diego,073,3302833,918290,917229,70985,988214,5479
2022-09-13,San Francisco,075,870044,177753,176724,11982,188706,1025
2022-09-13,San Joaquin,077,732212,196957,196128,14810,210938,2304
2022-09-13,San Luis Obispo,079,281455,62994,62716,7055,69771,520
2022-09-13,San Mateo,081,765935,167747,166572,10352,176924,735
2022-09-13,Santa Barbara,083,443738,105206,104912,6810,111722,718
2022-09-13,Santa Clara,085,1922200,433595,428065,18704,446769,2473
2022-09-13,Santa Cruz,087,273765,62680,62480,3403,65883,274
2022-09-13,Shasta,089,179085,34806,34648,7354,42002,591
2022-09-13,Sierra,091,2930,303,303,60,363,5
2022-09-13,Siskiyou,093,43540,5105,5226,3288,8514,90
2022-09-13,Solano,095,438530,104712,104085,7821,111906,462
2022-09-13,Sonoma,097,501317,106275,106028,5238,111266,518
2022-09-13,Stanislaus,099,539301,137323,136981,21508,158489,1727
2022-09-13,Sutter,101,95872,24130,24119,2455,26574,232
2022-09-13,Tehama,103,63373,13566,13503,3055,16558,210
2022-09-13,Trinity,105,12862,1392,1385,379,1764,20
2022-09-13,Tulare,107,460477,121582,121230,36045,157275,1531
2022-09-13,Tuolumne,109,53932,15490,15411,916,16327,196
2022-09-13,Ventura,111,848112,207475,207049,15571,222620,1563
2022-09-13,Yolo,113,214977,47179,47085,4250,51335,334
2022-09-13,Yuba,115,75493,18795,18764,1696,20460,129
2022-09-12,Alameda,001,1643700,345186,343017,19381,362398,2006
2022-09-12,Alpine,002,1148,134,134,1,135,0
2022-09-12,Amador,005,37829,9931,9890,921,10811,89
2022-09-12,Butte,007,227075,39300,39049,9024,48073,453
2022-09-12,Calaveras,009,45235,8456,8444,530,8974,133
2022-09-12,Colusa,011,21464,3778,3755,1270,5025,22
2022-09-12,Contra Costa,013,1133247,249782,246174,20567,266741,1415
2022-09-12,Del Norte,015,27424,7400,7354,397,7751,56
2022-09-12,El Dorado,017,186661,32082,32027,4209,36236,229
2022-09-12,Fresno,019,978130,277312,272161,31527,303688,2835
2022-09-12,Glenn,021,27897,5503,5473,1851,7324,48
2022-09-12,Humboldt,023,135768,21625,21494,4919,26413,155
2022-09-12,Imperial,025,180216,65250,64926,15625,80551,956
2022-09-12,Inyo,027,18085,4480,4465,957,5422,59
2022-09-12,Kern,029,883053,218720,217203,63151,280354,2404
2022-09-12,Kings,031,150075,59199,58980,4076,63056,455
2022-09-12,Lake,033,64148,12735,12663,1172,13835,144
2022-09-12,Lassen,035,31185,9954,9931,985,10916,64
2022-09-12,Los Angeles,037,10098052,3263641,3246402,178444,3424846,33094
2022-09-12,Madera,039,155013,43866,43599,8200,51799,373
2022-09-12,Marin,041,260295,44840,44584,5212,49796,305
2022-09-12,Mariposa,043,17540,3084,3058,342,3400,31
2022-09-12,Mendocino,045,87422,15932,15853,4437,20290,135
2022-09-12,Merced,047,269075,72703,71563,11852,83415,856
2022-09-12,Modoc,049,8938,873,872,318,1190,11
2022-09-12,Mono,051,14174,3200,3188,248,3436,7
2022-09-12,Monterey,053,433212,93868,93513,20849,114362,762
2022-09-12,Napa,055,140530,31984,31910,1392,33302,158
2022-09-12,Nevada,057,99092,18870,18784,1808,20592,132
2022-09-12,Orange,059,3164182,664761,661329,62683,724012,7371
2022-09-12,Placer,061,380077,75390,74994,9539,84533,657
2022-09-12,Plumas,063,18699,3620,3594,431,4025,13
2022-09-12,Riverside,065,2383286,692809,690018,34931,724949,6596
2022-09-12,Sacramento,067,1510023,344792,343048,34169,377217,3254
2022-09-12,San Benito,069,59416,16201,16000,959,16959,103
2022-09-12,San Bernardino,071,2135413,668536,662248,30530,692778,8057
2022-09-12,San Diego,073,3302833,917806,915648,70936,986584,5474
2022-09-12,San Francisco,075,870044,177635,176512,11975,188487,1022
2022-09-12,San Joaquin,077,732212,196861,195697,14797,210494,2303
2022-09-12,San Luis Obispo,079,281455,62964,62569,7050,69619,519
2022-09-12,San Mateo,081,765935,167650,166165,10343,176508,735
2022-09-12,Santa Barbara,083,443738,105169,104627,6806,111433,717
2022-09-12,Santa Clara,085,1922200,433336,426854,18692,445546,2478
2022-09-12,Santa Cruz,087,273765,62652,62255,3402,65657,274
2022-09-12,Shasta,089,179085,34785,34531,7348,41879,591
2022-09-12,Sierra,091,2930,303,303,60,363,5
2022-09-12,Siskiyou,093,43540,5102,5197,3285,8482,90
2022-09-12,Solano,095,438530,104659,103841,7812,111653,461
2022-09-12,Sonoma,097,501317,106226,105778,5231,111009,521
2022-09-12,Stanislaus,099,539301,137265,136674,21503,158177,1726
2022-09-12,Sutter,101,95872,24119,24037,2453,26490,228
2022-09-12,Tehama,103,63373,13560,13471,3054,16525,210
2022-09-12,Trinity,105,12862,1391,1383,378,1761,20
2022-09-12,Tulare,107,460477,121525,120972,36014,156986,1529
2022-09-12,Tuolumne,109,53932,15481,15362,916,16278,196
2022-09-12,Ventura,111,848112,207365,206442,15556,221998,1558
2022-09-12,Yolo,113,214977,47164,46989,4248,51237,334
2022-09-12,Yuba,115,75493,18781,18709,1691,20400,129
2022-09-11,Alameda,001,1643700,344916,343017,19358,362375,2006
2022-09-11,Alpine,002,1148,134,134,1,135,0
2022-09-11,Amador,005,37829,9924,9890,918,10808,89
2022-09-11,Butte,007,227075,39265,39049,9017,48066,453
2022-09-11,Calaveras,009,45235,8453,8444,529,8973,133
2022-09-11,Colusa,011,21464,3776,3755,1268,5023,22
2022-09-11,Contra Costa,013,1133247,249615,246174,20539,266713,1415
2022-09-11,Del Norte,015,27424,7395,7354,396,7750,56
2022-09-11,El Dorado,017,186661,32066,32027,4201,36228,229
2022-09-11,Fresno,019,978130,277201,272161,31505,303666,2835
2022-09-11,Glenn,021,27897,5500,5473,1851,7324,48
2022-09-11,Humboldt,023,135768,21606,21494,4906,26400,155
2022-09-11,Imperial,025,180216,65207,64926,15597,80523,956
2022-09-11,Inyo,027,18085,4479,4465,948,5413,59
2022-09-11,Kern,029,883053,218614,217203,63050,280253,2404
2022-09-11,Kings,031,150075,59162,58980,4073,63053,455
2022-09-11,Lake,033,64148,12721,12663,1169,13832,144
2022-09-11,Lassen,035,31185,9948,9931,985,10916,64
2022-09-11,Los Angeles,037,10098052,3261894,3246402,178205,3424607,33094
2022-09-11,Madera,039,155013,43834,43599,8193,51792,373
2022-09-11,Marin,041,260295,44813,44584,5210,49794,305
2022-09-11,Mariposa,043,17540,3081,3058,342,3400,31
2022-09-11,Mendocino,045,87422,15922,15853,4431,20284,135
2022-09-11,Merced,047,269075,72666,71563,11841,83404,856
2022-09-11,Modoc,049,8938,873,872,317,1189,11
2022-09-11,Mono,051,14174,3197,3188,248,3436,7
2022-09-11,Monterey,053,433212,93838,93513,20831,114344,762
2022-09-11,Napa,055,140530,31963,31910,1391,33301,158
2022-09-11,Nevada,057,99092,18860,18784,1804,20588,132
2022-09-11,Orange,059,3164182,664454,661329,62615,723944,7371
2022-09-11,Placer,061,380077,75356,74994,9533,84527,657
2022-09-11,Plumas,063,18699,3614,3594,431,4025,13
2022-09-11,Riverside,065,2383286,692524,690018,34902,724920,6596
2022-09-11,Sacramento,067,1510023,344586,343048,34107,377155,3254
2022-09-11,San Benito,069,59416,16192,16000,955,16955,103
2022-09-11,San Bernardino,071,2135413,668210,662248,30513,692761,8057
2022-09-11,San Diego,073,3302833,917264,915648,70873,986521,5474
2022-09-11,San Francisco,075,870044,177481,176512,11961,188473,1022
2022-09-11,San Joaquin,077,732212,196757,195697,14776,210473,2303
2022-09-11,San Luis Obispo,079,281455,62932,62569,7036,69605,519
2022-09-11,San Mateo,081,765935,167536,166165,10338,176503,735
2022-09-11,Santa Barbara,083,443738,105128,104627,6802,111429,717
2022-09-11,Santa Clara,085,1922200,433040,426854,18680,445534,2478
2022-09-11,Santa Cruz,087,273765,62616,62255,3398,65653,274
2022-09-11,Shasta,089,179085,34754,34531,7340,41871,591
2022-09-11,Sierra,091,2930,303,303,60,363,5
2022-09-11,Siskiyou,093,43540,5100,5197,3279,8476,90
2022-09-11,Solano,095,438530,104578,103841,7806,111647,461
2022-09-11,Sonoma,097,501317,106159,105778,5225,111003,521
2022-09-11,Stanislaus,099,539301,137198,136674,21487,158161,1726
2022-09-11,Sutter,101,95872,24097,24037,2452,26489,228
2022-09-11,Tehama,103,63373,13546,13471,3051,16522,210
2022-09-11,Trinity,105,12862,1391,1383,378,1761,20
2022-09-11,Tulare,107,460477,121472,120972,35982,156954,1529
2022-09-11,Tuolumne,109,53932,15472,15362,916,16278,196
2022-09-11,Ventura,111,848112,207224,206442,15532,221974,1558
2022-09-11,Yolo,113,214977,47136,46989,4245,51234,334
2022-09-11,Yuba,115,75493,18772,18709,1688,20397,129
2022-09-10,Alameda,001,1643700,344775,343017,19355,362372,2006
2022-09-10,Alpine,002,1148,134,134,1,135,0
2022-09-10,Amador,005,37829,9921,9890,917,10807,89
2022-09-10,Butte,007,227075,39248,39049,9016,48065,453
2022-09-10,Calaveras,009,45235,8451,8444,529,8973,133
2022-09-10,Colusa,011,21464,3775,3755,1268,5023,22
2022-09-10,Contra Costa,013,1133247,249505,246174,20529,266703,1415
2022-09-10,Del Norte,015,27424,7392,7354,396,7750,56
2022-09-10,El Dorado,017,186661,32058,32027,4200,36227,229
2022-09-10,Fresno,019,978130,277116,272161,31494,303655,2835
2022-09-10,Glenn,021,27897,5497,5473,1850,7323,48
2022-09-10,Humboldt,023,135768,21597,21494,4902,26396,155
2022-09-10,Imperial,025,180216,65185,64926,15586,80512,956
2022-09-10,Inyo,027,18085,4479,4465,948,5413,59
2022-09-10,Kern,029,883053,218560,217203,63010,280213,2404
2022-09-10,Kings,031,150075,59152,58980,4073,63053,455
2022-09-10,Lake,033,64148,12718,12663,1169,13832,144
2022-09-10,Lassen,035,31185,9947,9931,985,10916,64
2022-09-10,Los Angeles,037,10098052,3260952,3246402,178064,3424466,33094
2022-09-10,Madera,039,155013,43817,43599,8190,51789,373
2022-09-10,Marin,041,260295,44788,44584,5205,49789,305
2022-09-10,Mariposa,043,17540,3081,3058,341,3399,31
2022-09-10,Mendocino,045,87422,15919,15853,4429,20282,135
2022-09-10,Merced,047,269075,72652,71563,11838,83401,856
2022-09-10,Modoc,049,8938,873,872,316,1188,11
2022-09-10,Mono,051,14174,3196,3188,248,3436,7
2022-09-10,Monterey,053,433212,93817,93513,20827,114340,762
2022-09-10,Napa,055,140530,31955,31910,1391,33301,158
2022-09-10,Nevada,057,99092,18856,18784,1804,20588,132
2022-09-10,Orange,059,3164182,664272,661329,62579,723908,7371
2022-09-10,Placer,061,380077,75327,74994,9531,84525,657
2022-09-10,Plumas,063,18699,3610,3594,431,4025,13
2022-09-10,Riverside,065,2383286,692340,690018,34891,724909,6596
2022-09-10,Sacramento,067,1510023,344486,343048,34101,377149,3254
2022-09-10,San Benito,069,59416,16185,16000,955,16955,103
2022-09-10,San Bernardino,071,2135413,668048,662248,30498,692746,8057
2022-09-10,San Diego,073,3302833,917036,915648,70849,986497,5474
2022-09-10,San Francisco,075,870044,177423,176512,11958,188470,1022
2022-09-10,San Joaquin,077,732212,196705,195697,14768,210465,2303
2022-09-10,San Luis Obispo,079,281455,62919,62569,7034,69603,519
2022-09-10,San Mateo,081,765935,167460,166165,10330,176495,735
2022-09-10,Santa Barbara,083,443738,105107,104627,6800,111427,717
2022-09-10,Santa Clara,085,1922200,432812,426854,18671,445525,2478
2022-09-10,Santa Cruz,087,273765,62605,62255,3396,65651,274
2022-09-10,Shasta,089,179085,34743,34531,7337,41868,591
2022-09-10,Sierra,091,2930,303,303,60,363,5
2022-09-10,Siskiyou,093,43540,5100,5197,3279,8476,90
2022-09-10,Solano,095,438530,104553,103841,7803,111644,461
2022-09-10,Sonoma,097,501317,106137,105778,5225,111003,521
2022-09-10,Stanislaus,099,539301,137158,136674,21481,158155,1726
2022-09-10,Sutter,101,95872,24082,24037,2452,26489,228
2022-09-10,Tehama,103,63373,13545,13471,3051,16522,210
2022-09-10,Trinity,105,12862,1391,1383,378,1761,20
2022-09-10,Tulare,107,460477,121446,120972,35969,156941,1529
2022-09-10,Tuolumne,109,53932,15466,15362,916,16278,196
2022-09-10,Ventura,111,848112,207155,206442,15518,221960,1558
2022-09-10,Yolo,113,214977,47126,46989,4242,51231,334
2022-09-10,Yuba,115,75493,18764,18709,1687,20396,129
2022-09-09,Alameda,001,1643700,344594,343017,19348,362365,2006
2022-09-09,Alpine,002,1148,134,134,1,135,0
2022-09-09,Amador,005,37829,9916,9890,917,10807,89
2022-09-09,Butte,007,227075,39235,39049,9011,48060,453
2022-09-09,Calaveras,009,45235,8449,8444,529,8973,133
2022-09-09,Colusa,011,21464,3773,3755,1267,5022,22
2022-09-09,Contra Costa,013,1133247,249428,246174,20518,266692,1415
2022-09-09,Del Norte,015,27424,7391,7354,396,7750,56
2022-09-09,El Dorado,017,186661,32050,32027,4198,36225,229
2022-09-09,Fresno,019,978130,277046,272161,31483,303644,2835
2022-09-09,Glenn,021,27897,5495,5473,1850,7323,48
2022-09-09,Humboldt,023,135768,21590,21494,4897,26391,155
2022-09-09,Imperial,025,180216,65160,64926,15578,80504,956
2022-09-09,Inyo,027,18085,4477,4465,940,5405,59
2022-09-09,Kern,029,883053,218497,217203,62966,280169,2404
2022-09-09,Kings,031,150075,59133,58980,4073,63053,455
2022-09-09,Lake,033,64148,12715,12663,1168,13831,144
2022-09-09,Lassen,035,31185,9947,9931,985,10916,64
2022-09-09,Los Angeles,037,10098052,3259910,3246402,177924,3424326,33094
2022-09-09,Madera,039,155013,43799,43599,8188,51787,373
2022-09-09,Marin,041,260295,44775,44584,5204,49788,305
2022-09-09,Mariposa,043,17540,3080,3058,341,3399,31
2022-09-09,Mendocino,045,87422,15913,15853,4425,20278,135
2022-09-09,Merced,047,269075,72631,71563,11836,83399,856
2022-09-09,Modoc,049,8938,873,872,316,1188,11
2022-09-09,Mono,051,14174,3196,3188,248,3436,7
2022-09-09,Monterey,053,433212,93802,93513,20818,114331,762
2022-09-09,Napa,055,140530,31943,31910,1391,33301,158
2022-09-09,Nevada,057,99092,18849,18784,1804,20588,132
2022-09-09,Orange,059,3164182,664082,661329,62537,723866,7371
2022-09-09,Placer,061,380077,75305,74994,9528,84522,657
2022-09-09,Plumas,063,18699,3608,3594,431,4025,13
2022-09-09,Riverside,065,2383286,692152,690018,34877,724895,6596
2022-09-09,Sacramento,067,1510023,344346,343048,34092,377140,3254
2022-09-09,San Benito,069,59416,16172,16000,955,16955,103
2022-09-09,San Bernardino,071,2135413,667870,662248,30490,692738,8057
2022-09-09,San Diego,073,3302833,916774,915648,70824,986472,5474
2022-09-09,San Francisco,075,870044,177350,176512,11950,188462,1022
2022-09-09,San Joaquin,077,732212,196649,195697,14753,210450,2303
2022-09-09,San Luis Obispo,079,281455,62913,62569,7031,69600,519
2022-09-09,San Mateo,081,765935,167404,166165,10328,176493,735
2022-09-09,Santa Barbara,083,443738,105070,104627,6797,111424,717
2022-09-09,Santa Clara,085,1922200,432616,426854,18662,445516,2478
2022-09-09,Santa Cruz,087,273765,62584,62255,3394,65649,274
2022-09-09,Shasta,089,179085,34727,34531,7331,41862,591
2022-09-09,Sierra,091,2930,303,303,60,363,5
2022-09-09,Siskiyou,093,43540,5093,5197,3279,8476,90
2022-09-09,Solano,095,438530,104519,103841,7798,111639,461
2022-09-09,Sonoma,097,501317,106109,105778,5225,111003,521
2022-09-09,Stanislaus,099,539301,137130,136674,21474,158148,1726
2022-09-09,Sutter,101,95872,24075,24037,2451,26488,228
2022-09-09,Tehama,103,63373,13540,13471,3051,16522,210
2022-09-09,Trinity,105,12862,1390,1383,378,1761,20
2022-09-09,Tulare,107,460477,121406,120972,35951,156923,1529
2022-09-09,Tuolumne,109,53932,15465,15362,916,16278,196
2022-09-09,Ventura,111,848112,207085,206442,15504,221946,1558
2022-09-09,Yolo,113,214977,47111,46989,4242,51231,334
2022-09-09,Yuba,115,75493,18755,18709,1687,20396,129
2022-09-08,Alameda,001,1643700,344364,343017,19339,362356,2006
2022-09-08,Alpine,002,1148,134,134,1,135,0
2022-09-08,Amador,005,37829,9909,9890,917,10807,89
2022-09-08,Butte,007,227075,39212,39049,9001,48050,453
2022-09-08,Calaveras,009,45235,8449,8444,528,8972,133
2022-09-08,Colusa,011,21464,3773,3755,1267,5022,22
2022-09-08,Contra Costa,013,1133247,249299,246174,20500,266674,1415
2022-09-08,Del Norte,015,27424,7381,7354,396,7750,56
2022-09-08,El Dorado,017,186661,32033,32027,4196,36223,229
2022-09-08,Fresno,019,978130,276930,272161,31461,303622,2835
2022-09-08,Glenn,021,27897,5495,5473,1850,7323,48
2022-09-08,Humboldt,023,135768,21564,21494,4893,26387,155
2022-09-08,Imperial,025,180216,65128,64926,15558,80484,956
2022-09-08,Inyo,027,18085,4475,4465,938,5403,59
2022-09-08,Kern,029,883053,218406,217203,62876,280079,2404
2022-09-08,Kings,031,150075,59104,58980,4071,63051,455
2022-09-08,Lake,033,64148,12706,12663,1168,13831,144
2022-09-08,Lassen,035,31185,9946,9931,985,10916,64
2022-09-08,Los Angeles,037,10098052,3258444,3246402,177731,3424133,33094
2022-09-08,Madera,039,155013,43769,43599,8182,51781,373
2022-09-08,Marin,041,260295,44749,44584,5200,49784,305
2022-09-08,Mariposa,043,17540,3077,3058,341,3399,31
2022-09-08,Mendocino,045,87422,15906,15853,4425,20278,135
2022-09-08,Merced,047,269075,72602,71563,11823,83386,856
2022-09-08,Modoc,049,8938,873,872,316,1188,11
2022-09-08,Mono,051,14174,3196,3188,247,3435,7
2022-09-08,Monterey,053,433212,93770,93513,20797,114310,762
2022-09-08,Napa,055,140530,31930,31910,1391,33301,158
2022-09-08,Nevada,057,99092,18839,18784,1803,20587,132
2022-09-08,Orange,059,3164182,663793,661329,62473,723802,7371
2022-09-08,Placer,061,380077,75273,74994,9524,84518,657
2022-09-08,Plumas,063,18699,3605,3594,431,4025,13
2022-09-08,Riverside,065,2383286,691874,690018,34854,724872,6596
2022-09-08,Sacramento,067,1510023,344170,343048,34069,377117,3254
2022-09-08,San Benito,069,59416,16160,16000,955,16955,103
2022-09-08,San Bernardino,071,2135413,667569,662248,30480,692728,8057
2022-09-08,San Diego,073,3302833,916397,915648,70771,986419,5474
2022-09-08,San Francisco,075,870044,177225,176512,11942,188454,1022
2022-09-08,San Joaquin,077,732212,196564,195697,14736,210433,2303
2022-09-08,San Luis Obispo,079,281455,62895,62569,7025,69594,519
2022-09-08,San Mateo,081,765935,167314,166165,10324,176489,735
2022-09-08,Santa Barbara,083,443738,105028,104627,6792,111419,717
2022-09-08,Santa Clara,085,1922200,432345,426854,18652,445506,2478
2022-09-08,Santa Cruz,087,273765,62553,62255,3391,65646,274
2022-09-08,Shasta,089,179085,34705,34531,7322,41853,591
2022-09-08,Sierra,091,2930,303,303,60,363,5
2022-09-08,Siskiyou,093,43540,5088,5197,3278,8475,90
2022-09-08,Solano,095,438530,104464,103841,7786,111627,461
2022-09-08,Sonoma,097,501317,106026,105778,5219,110997,521
2022-09-08,Stanislaus,099,539301,137064,136674,21459,158133,1726
2022-09-08,Sutter,101,95872,24063,24037,2451,26488,228
2022-09-08,Tehama,103,63373,13532,13471,3048,16519,210
2022-09-08,Trinity,105,12862,1390,1383,378,1761,20
2022-09-08,Tulare,107,460477,121360,120972,35922,156894,1529
2022-09-08,Tuolumne,109,53932,15458,15362,915,16277,196
2022-09-08,Ventura,111,848112,206967,206442,15480,221922,1558
2022-09-08,Yolo,113,214977,47090,46989,4234,51223,334
2022-09-08,Yuba,115,75493,18745,18709,1683,20392,129
2022-09-07,Alameda,001,1643700,344118,342480,19332,361812,1999
2022-09-07,Alpine,002,1148,134,133,1,134,0
2022-09-07,Amador,005,37829,9906,9877,917,10794,89
2022-09-07,Butte,007,227075,39182,38969,8989,47958,453
2022-09-07,Calaveras,009,45235,8447,8437,526,8963,133
2022-09-07,Colusa,011,21464,3770,3748,1267,5015,22
2022-09-07,Contra Costa,013,1133247,249158,245708,20484,266192,1415
2022-09-07,Del Norte,015,27424,7379,7346,396,7742,56
2022-09-07,El Dorado,017,186661,32020,31979,4195,36174,229
2022-09-07,Fresno,019,978130,276769,271753,31434,303187,2835
2022-09-07,Glenn,021,27897,5493,5468,1849,7317,48
2022-09-07,Humboldt,023,135768,21546,21459,4890,26349,155
2022-09-07,Imperial,025,180216,65095,64755,15536,80291,956
2022-09-07,Inyo,027,18085,4470,4456,931,5387,59
2022-09-07,Kern,029,883053,218306,216932,62784,279716,2404
2022-09-07,Kings,031,150075,59069,58922,4067,62989,455
2022-09-07,Lake,033,64148,12697,12647,1167,13814,143
2022-09-07,Lassen,035,31185,9946,9918,984,10902,64
2022-09-07,Los Angeles,037,10098052,3256838,3242352,177536,3419888,32971
2022-09-07,Madera,039,155013,43722,43533,8182,51715,373
2022-09-07,Marin,041,260295,44726,44489,5198,49687,305
2022-09-07,Mariposa,043,17540,3075,3046,341,3387,31
2022-09-07,Mendocino,045,87422,15901,15813,4419,20232,135
2022-09-07,Merced,047,269075,72567,71448,11811,83259,856
2022-09-07,Modoc,049,8938,873,868,316,1184,11
2022-09-07,Mono,051,14174,3195,3184,247,3431,7
2022-09-07,Monterey,053,433212,93741,93430,20778,114208,762
2022-09-07,Napa,055,140530,31910,31854,1391,33245,156
2022-09-07,Nevada,057,99092,18826,18761,1801,20562,132
2022-09-07,Orange,059,3164182,663479,660580,62401,722981,7362
2022-09-07,Placer,061,380077,75245,74884,9515,84399,658
2022-09-07,Plumas,063,18699,3603,3588,430,4018,13
2022-09-07,Riverside,065,2383286,691537,688794,34827,723621,6591
2022-09-07,Sacramento,067,1510023,344005,342602,34035,376637,3248
2022-09-07,San Benito,069,59416,16147,15933,954,16887,103
2022-09-07,San Bernardino,071,2135413,667308,660303,30464,690767,8023
2022-09-07,San Diego,073,3302833,915904,914552,70726,985278,5468
2022-09-07,San Francisco,075,870044,177122,176386,11932,188318,1018
2022-09-07,San Joaquin,077,732212,196450,195359,14724,210083,2303
2022-09-07,San Luis Obispo,079,281455,62874,62548,7022,69570,517
2022-09-07,San Mateo,081,765935,167208,165893,10318,176211,736
2022-09-07,Santa Barbara,083,443738,104984,104452,6787,111239,717
2022-09-07,Santa Clara,085,1922200,432053,426178,18641,444819,2472
2022-09-07,Santa Cruz,087,273765,62520,62187,3388,65575,274
2022-09-07,Shasta,089,179085,34683,34484,7305,41789,591
2022-09-07,Sierra,091,2930,303,303,60,363,5
2022-09-07,Siskiyou,093,43540,5083,5190,3277,8467,89
2022-09-07,Solano,095,438530,104406,103665,7779,111444,463
2022-09-07,Sonoma,097,501317,105963,105389,5216,110605,517
2022-09-07,Stanislaus,099,539301,136986,136477,21449,157926,1726
2022-09-07,Sutter,101,95872,24049,23984,2451,26435,228
2022-09-07,Tehama,103,63373,13529,13453,3044,16497,210
2022-09-07,Trinity,105,12862,1390,1382,378,1760,20
2022-09-07,Tulare,107,460477,121308,120846,35892,156738,1529
2022-09-07,Tuolumne,109,53932,15451,15327,915,16242,196
2022-09-07,Ventura,111,848112,206846,206121,15463,221584,1557
2022-09-07,Yolo,113,214977,47062,46966,4228,51194,334
2022-09-07,Yuba,115,75493,18732,18665,1682,20347,129
2022-09-06,Alameda,001,1643700,343854,342480,19320,361800,1999
2022-09-06,Alpine,002,1148,133,133,1,134,0
2022-09-06,Amador,005,37829,9903,9877,917,10794,89
2022-09-06,Butte,007,227075,39151,38969,8978,47947,453
2022-09-06,Calaveras,009,45235,8445,8437,524,8961,133
2022-09-06,Colusa,011,21464,3768,3748,1267,5015,22
2022-09-06,Contra Costa,013,1133247,248990,245708,20457,266165,1415
2022-09-06,Del Norte,015,27424,7371,7346,396,7742,56
2022-09-06,El Dorado,017,186661,32002,31979,4189,36168,229
2022-09-06,Fresno,019,978130,276639,271753,31401,303154,2835
2022-09-06,Glenn,021,27897,5491,5468,1847,7315,48
2022-09-06,Humboldt,023,135768,21528,21459,4885,26344,155
2022-09-06,Imperial,025,180216,65045,64755,15508,80263,956
2022-09-06,Inyo,027,18085,4467,4456,925,5381,59
2022-09-06,Kern,029,883053,218210,216932,62684,279616,2404
2022-09-06,Kings,031,150075,59028,58922,4062,62984,455
2022-09-06,Lake,033,64148,12694,12647,1151,13798,143
2022-09-06,Lassen,035,31185,9943,9918,982,10900,64
2022-09-06,Los Angeles,037,10098052,3255050,3242352,177326,3419678,32971
2022-09-06,Madera,039,155013,43680,43533,8177,51710,373
2022-09-06,Marin,041,260295,44695,44489,5194,49683,305
2022-09-06,Mariposa,043,17540,3073,3046,341,3387,31
2022-09-06,Mendocino,045,87422,15895,15813,4412,20225,135
2022-09-06,Merced,047,269075,72529,71448,11794,83242,856
2022-09-06,Modoc,049,8938,872,868,316,1184,11
2022-09-06,Mono,051,14174,3195,3184,246,3430,7
2022-09-06,Monterey,053,433212,93707,93430,20761,114191,762
2022-09-06,Napa,055,140530,31894,31854,1391,33245,156
2022-09-06,Nevada,057,99092,18816,18761,1797,20558,132
2022-09-06,Orange,059,3164182,663101,660580,62331,722911,7362
2022-09-06,Placer,061,380077,75201,74884,9513,84397,658
2022-09-06,Plumas,063,18699,3599,3588,430,4018,13
2022-09-06,Riverside,065,2383286,691059,688794,34796,723590,6591
2022-09-06,Sacramento,067,1510023,343786,342602,33996,376598,3248
2022-09-06,San Benito,069,59416,16131,15933,954,16887,103
2022-09-06,San Bernardino,071,2135413,667027,660303,30449,690752,8023
2022-09-06,San Diego,073,3302833,915397,914552,70671,985223,5468
2022-09-06,San Francisco,075,870044,176983,176386,11920,188306,1018
2022-09-06,San Joaquin,077,732212,196357,195359,14711,210070,2303
2022-09-06,San Luis Obispo,079,281455,62832,62548,7020,69568,517
2022-09-06,San Mateo,081,765935,167099,165893,10310,176203,736
2022-09-06,Santa Barbara,083,443738,104927,104452,6782,111234,717
2022-09-06,Santa Clara,085,1922200,431785,426178,18630,444808,2472
2022-09-06,Santa Cruz,087,273765,62439,62187,3388,65575,274
2022-09-06,Shasta,089,179085,34635,34484,7282,41766,591
2022-09-06,Sierra,091,2930,303,303,60,363,5
2022-09-06,Siskiyou,093,43540,5081,5190,3273,8463,89
2022-09-06,Solano,095,438530,104340,103665,7767,111432,463
2022-09-06,Sonoma,097,501317,105900,105389,5213,110602,517
2022-09-06,Stanislaus,099,539301,136915,136477,21435,157912,1726
2022-09-06,Sutter,101,95872,24024,23984,2451,26435,228
2022-09-06,Tehama,103,63373,13520,13453,3041,16494,210
2022-09-06,Trinity,105,12862,1389,1382,378,1760,20
2022-09-06,Tulare,107,460477,121254,120846,35855,156701,1529
2022-09-06,Tuolumne,109,53932,15439,15327,915,16242,196
2022-09-06,Ventura,111,848112,206700,206121,15446,221567,1557
2022-09-06,Yolo,113,214977,47046,46966,4217,51183,334
2022-09-06,Yuba,115,75493,18710,18665,1681,20346,129
2022-09-05,Alameda,001,1643700,343558,342480,19312,361792,1999
2022-09-05,Alpine,002,1148,133,133,1,134,0
2022-09-05,Amador,005,37829,9899,9877,917,10794,89
2022-09-05,Butte,007,227075,39104,38969,8965,47934,453
2022-09-05,Calaveras,009,45235,8442,8437,523,8960,133
2022-09-05,Colusa,011,21464,3761,3748,1264,5012,22
2022-09-05,Contra Costa,013,1133247,248803,245708,20438,266146,1415
2022-09-05,Del Norte,015,27424,7366,7346,394,7740,56
2022-09-05,El Dorado,017,186661,31978,31979,4183,36162,229
2022-09-05,Fresno,019,978130,276405,271753,31332,303085,2835
2022-09-05,Glenn,021,27897,5488,5468,1843,7311,48
2022-09-05,Humboldt,023,135768,21512,21459,4879,26338,155
2022-09-05,Imperial,025,180216,64991,64755,15464,80219,956
2022-09-05,Inyo,027,18085,4465,4456,923,5379,59
2022-09-05,Kern,029,883053,218074,216932,62556,279488,2404
2022-09-05,Kings,031,150075,58970,58922,4059,62981,455
2022-09-05,Lake,033,64148,12687,12647,1149,13796,143
2022-09-05,Lassen,035,31185,9934,9918,981,10899,64
2022-09-05,Los Angeles,037,10098052,3252619,3242352,177062,3419414,32971
2022-09-05,Madera,039,155013,43624,43533,8155,51688,373
2022-09-05,Marin,041,260295,44666,44489,5194,49683,305
2022-09-05,Mariposa,043,17540,3068,3046,341,3387,31
2022-09-05,Mendocino,045,87422,15874,15813,4401,20214,135
2022-09-05,Merced,047,269075,72466,71448,11763,83211,856
2022-09-05,Modoc,049,8938,871,868,315,1183,11
2022-09-05,Mono,051,14174,3193,3184,243,3427,7
2022-09-05,Monterey,053,433212,93639,93430,20740,114170,762
2022-09-05,Napa,055,140530,31865,31854,1388,33242,156
2022-09-05,Nevada,057,99092,18809,18761,1792,20553,132
2022-09-05,Orange,059,3164182,662608,660580,62234,722814,7362
2022-09-05,Placer,061,380077,75150,74884,9508,84392,658
2022-09-05,Plumas,063,18699,3598,3588,430,4018,13
2022-09-05,Riverside,065,2383286,690545,688794,34745,723539,6591
2022-09-05,Sacramento,067,1510023,343491,342602,33934,376536,3248
2022-09-05,San Benito,069,59416,16105,15933,951,16884,103
2022-09-05,San Bernardino,071,2135413,666585,660303,30419,690722,8023
2022-09-05,San Diego,073,3302833,914772,914552,70576,985128,5468
2022-09-05,San Francisco,075,870044,176820,176386,11913,188299,1018
2022-09-05,San Joaquin,077,732212,196217,195359,14696,210055,2303
2022-09-05,San Luis Obispo,079,281455,62777,62548,7003,69551,517
2022-09-05,San Mateo,081,765935,166979,165893,10302,176195,736
2022-09-05,Santa Barbara,083,443738,104840,104452,6777,111229,717
2022-09-05,Santa Clara,085,1922200,431412,426178,18614,444792,2472
2022-09-05,Santa Cruz,087,273765,62380,62187,3384,65571,274
2022-09-05,Shasta,089,179085,34603,34484,7269,41753,591
2022-09-05,Sierra,091,2930,303,303,60,363,5
2022-09-05,Siskiyou,093,43540,5075,5190,3273,8463,89
2022-09-05,Solano,095,438530,104244,103665,7749,111414,463
2022-09-05,Sonoma,097,501317,105827,105389,5206,110595,517
2022-09-05,Stanislaus,099,539301,136818,136477,21417,157894,1726
2022-09-05,Sutter,101,95872,24000,23984,2449,26433,228
2022-09-05,Tehama,103,63373,13512,13453,3040,16493,210
2022-09-05,Trinity,105,12862,1389,1382,377,1759,20
2022-09-05,Tulare,107,460477,121156,120846,35796,156642,1529
2022-09-05,Tuolumne,109,53932,15420,15327,914,16241,196
2022-09-05,Ventura,111,848112,206523,206121,15410,221531,1557
2022-09-05,Yolo,113,214977,47021,46966,4209,51175,334
2022-09-05,Yuba,115,75493,18688,18665,1679,20344,129
2022-09-04,Alameda,001,1643700,343411,341621,19305,360926,1998
2022-09-04,Alpine,002,1148,133,133,1,134,0
2022-09-04,Amador,005,37829,9895,9855,916,10771,89
2022-09-04,Butte,007,227075,39082,38851,8958,47809,453
2022-09-04,Calaveras,009,45235,8440,8422,522,8944,133
2022-09-04,Colusa,011,21464,3760,3742,1261,5003,22
2022-09-04,Contra Costa,013,1133247,248697,245022,20432,265454,1410
2022-09-04,Del Norte,015,27424,7364,7340,393,7733,56
2022-09-04,El Dorado,017,186661,31961,31929,4180,36109,229
2022-09-04,Fresno,019,978130,276300,271062,31317,302379,2835
2022-09-04,Glenn,021,27897,5487,5462,1843,7305,48
2022-09-04,Humboldt,023,135768,21502,21390,4875,26265,154
2022-09-04,Imperial,025,180216,64964,64678,15452,80130,956
2022-09-04,Inyo,027,18085,4463,4449,920,5369,59
2022-09-04,Kern,029,883053,217989,216471,62460,278931,2404
2022-09-04,Kings,031,150075,58956,58753,4059,62812,455
2022-09-04,Lake,033,64148,12680,12608,1148,13756,143
2022-09-04,Lassen,035,31185,9931,9908,981,10889,64
2022-09-04,Los Angeles,037,10098052,3251669,3235242,176946,3412188,32927
2022-09-04,Madera,039,155013,43610,43403,8148,51551,373
2022-09-04,Marin,041,260295,44639,44394,5190,49584,305
2022-09-04,Mariposa,043,17540,3067,3036,341,3377,31
2022-09-04,Mendocino,045,87422,15870,15781,4400,20181,134
2022-09-04,Merced,047,269075,72442,71280,11758,83038,856
2022-09-04,Modoc,049,8938,871,868,315,1183,11
2022-09-04,Mono,051,14174,3193,3183,243,3426,7
2022-09-04,Monterey,053,433212,93605,93246,20718,113964,761
2022-09-04,Napa,055,140530,31856,31799,1388,33187,156
2022-09-04,Nevada,057,99092,18799,18705,1791,20496,132
2022-09-04,Orange,059,3164182,662421,659290,62185,721475,7347
2022-09-04,Placer,061,380077,75115,74754,9506,84260,657
2022-09-04,Plumas,063,18699,3596,3587,430,4017,13
2022-09-04,Riverside,065,2383286,690349,687184,34729,721913,6581
2022-09-04,Sacramento,067,1510023,343386,341766,33918,375684,3243
2022-09-04,San Benito,069,59416,16100,15900,950,16850,103
2022-09-04,San Bernardino,071,2135413,666432,658354,30406,688760,8006
2022-09-04,San Diego,073,3302833,914533,912824,70557,983381,5464
2022-09-04,San Francisco,075,870044,176741,176131,11908,188039,1015
2022-09-04,San Joaquin,077,732212,196093,194904,14678,209582,2301
2022-09-04,San Luis Obispo,079,281455,62767,62455,6999,69454,517
2022-09-04,San Mateo,081,765935,166916,165520,10299,175819,738
2022-09-04,Santa Barbara,083,443738,104789,104161,6772,110933,716
2022-09-04,Santa Clara,085,1922200,431207,425040,18607,443647,2473
2022-09-04,Santa Cruz,087,273765,62361,61989,3383,65372,273
2022-09-04,Shasta,089,179085,34596,34422,7262,41684,591
2022-09-04,Sierra,091,2930,303,303,60,363,5
2022-09-04,Siskiyou,093,43540,5072,5168,3270,8438,89
2022-09-04,Solano,095,438530,104226,103457,7745,111202,461
2022-09-04,Sonoma,097,501317,105801,105162,5201,110363,517
2022-09-04,Stanislaus,099,539301,136758,136168,21408,157576,1726
2022-09-04,Sutter,101,95872,23985,23927,2449,26376,228
2022-09-04,Tehama,103,63373,13504,13406,3037,16443,210
2022-09-04,Trinity,105,12862,1389,1377,376,1753,20
2022-09-04,Tulare,107,460477,121111,120592,35761,156353,1527
2022-09-04,Tuolumne,109,53932,15406,15294,913,16207,196
2022-09-04,Ventura,111,848112,206432,205627,15401,221028,1558
2022-09-04,Yolo,113,214977,47011,46882,4203,51085,334
2022-09-04,Yuba,115,75493,18684,18615,1679,20294,129
2022-09-03,Alameda,001,1643700,343285,341621,19301,360922,1998
2022-09-03,Alpine,002,1148,133,133,1,134,0
2022-09-03,Amador,005,37829,9890,9855,915,10770,89
2022-09-03,Butte,007,227075,39065,38851,8950,47801,453
2022-09-03,Calaveras,009,45235,8439,8422,522,8944,133
2022-09-03,Colusa,011,21464,3760,3742,1260,5002,22
2022-09-03,Contra Costa,013,1133247,248586,245022,20427,265449,1410
2022-09-03,Del Norte,015,27424,7364,7340,393,7733,56
2022-09-03,El Dorado,017,186661,31953,31929,4178,36107,229
2022-09-03,Fresno,019,978130,276220,271062,31301,302363,2835
2022-09-03,Glenn,021,27897,5486,5462,1843,7305,48
2022-09-03,Humboldt,023,135768,21494,21390,4875,26265,154
2022-09-03,Imperial,025,180216,64945,64678,15442,80120,956
2022-09-03,Inyo,027,18085,4462,4449,918,5367,59
2022-09-03,Kern,029,883053,217919,216471,62396,278867,2404
2022-09-03,Kings,031,150075,58943,58753,4059,62812,455
2022-09-03,Lake,033,64148,12674,12608,1148,13756,143
2022-09-03,Lassen,035,31185,9931,9908,981,10889,64
2022-09-03,Los Angeles,037,10098052,3250717,3235242,176814,3412056,32927
2022-09-03,Madera,039,155013,43591,43403,8147,51550,373
2022-09-03,Marin,041,260295,44624,44394,5188,49582,305
2022-09-03,Mariposa,043,17540,3066,3036,340,3376,31
2022-09-03,Mendocino,045,87422,15858,15781,4397,20178,134
2022-09-03,Merced,047,269075,72416,71280,11755,83035,856
2022-09-03,Modoc,049,8938,871,868,315,1183,11
2022-09-03,Mono,051,14174,3193,3183,242,3425,7
2022-09-03,Monterey,053,433212,93589,93246,20707,113953,761
2022-09-03,Napa,055,140530,31850,31799,1388,33187,156
2022-09-03,Nevada,057,99092,18793,18705,1791,20496,132
2022-09-03,Orange,059,3164182,662220,659290,62129,721419,7347
2022-09-03,Placer,061,380077,75083,74754,9504,84258,657
2022-09-03,Plumas,063,18699,3594,3587,430,4017,13
2022-09-03,Riverside,065,2383286,690141,687184,34706,721890,6581
2022-09-03,Sacramento,067,1510023,343263,341766,33909,375675,3243
2022-09-03,San Benito,069,59416,16094,15900,949,16849,103
2022-09-03,San Bernardino,071,2135413,666241,658354,30383,688737,8006
2022-09-03,San Diego,073,3302833,914287,912824,70537,983361,5464
2022-09-03,San Francisco,075,870044,176686,176131,11904,188035,1015
2022-09-03,San Joaquin,077,732212,196037,194904,14669,209573,2301
2022-09-03,San Luis Obispo,079,281455,62757,62455,6996,69451,517
2022-09-03,San Mateo,081,765935,166850,165520,10293,175813,738
2022-09-03,Santa Barbara,083,443738,104743,104161,6768,110929,716
2022-09-03,Santa Clara,085,1922200,431020,425040,18604,443644,2473
2022-09-03,Santa Cruz,087,273765,62342,61989,3382,65371,273
2022-09-03,Shasta,089,179085,34583,34422,7259,41681,591
2022-09-03,Sierra,091,2930,303,303,60,363,5
2022-09-03,Siskiyou,093,43540,5069,5168,3270,8438,89
2022-09-03,Solano,095,438530,104212,103457,7740,111197,461
2022-09-03,Sonoma,097,501317,105778,105162,5201,110363,517
2022-09-03,Stanislaus,099,539301,136715,136168,21403,157571,1726
2022-09-03,Sutter,101,95872,23975,23927,2448,26375,228
2022-09-03,Tehama,103,63373,13499,13406,3036,16442,210
2022-09-03,Trinity,105,12862,1389,1377,376,1753,20
2022-09-03,Tulare,107,460477,121079,120592,35723,156315,1527
2022-09-03,Tuolumne,109,53932,15401,15294,913,16207,196
2022-09-03,Ventura,111,848112,206351,205627,15389,221016,1558
2022-09-03,Yolo,113,214977,47001,46882,4201,51083,334
2022-09-03,Yuba,115,75493,18675,18615,1678,20293,129
2022-09-02,Alameda,001,1643700,343150,341621,19297,360918,1998
2022-09-02,Alpine,002,1148,133,133,1,134,0
2022-09-02,Amador,005,37829,9888,9855,915,10770,89
2022-09-02,Butte,007,227075,39053,38851,8938,47789,453
2022-09-02,Calaveras,009,45235,8434,8422,522,8944,133
2022-09-02,Colusa,011,21464,3759,3742,1260,5002,22
2022-09-02,Contra Costa,013,1133247,248490,245022,20416,265438,1410
2022-09-02,Del Norte,015,27424,7363,7340,392,7732,56
2022-09-02,El Dorado,017,186661,31941,31929,4177,36106,229
2022-09-02,Fresno,019,978130,276105,271062,31278,302340,2835
2022-09-02,Glenn,021,27897,5482,5462,1843,7305,48
2022-09-02,Humboldt,023,135768,21485,21390,4872,26262,154
2022-09-02,Imperial,025,180216,64924,64678,15429,80107,956
2022-09-02,Inyo,027,18085,4459,4449,917,5366,59
2022-09-02,Kern,029,883053,217836,216471,62328,278799,2404
2022-09-02,Kings,031,150075,58931,58753,4056,62809,455
2022-09-02,Lake,033,64148,12670,12608,1147,13755,143
2022-09-02,Lassen,035,31185,9930,9908,981,10889,64
2022-09-02,Los Angeles,037,10098052,3249659,3235242,176655,3411897,32927
2022-09-02,Madera,039,155013,43577,43403,8143,51546,373
2022-09-02,Marin,041,260295,44606,44394,5178,49572,305
2022-09-02,Mariposa,043,17540,3062,3036,339,3375,31
2022-09-02,Mendocino,045,87422,15856,15781,4396,20177,134
2022-09-02,Merced,047,269075,72390,71280,11751,83031,856
2022-09-02,Modoc,049,8938,871,868,315,1183,11
2022-09-02,Mono,051,14174,3193,3183,242,3425,7
2022-09-02,Monterey,053,433212,93562,93246,20690,113936,761
2022-09-02,Napa,055,140530,31837,31799,1388,33187,156
2022-09-02,Nevada,057,99092,18788,18705,1789,20494,132
2022-09-02,Orange,059,3164182,662021,659290,62068,721358,7347
2022-09-02,Placer,061,380077,75066,74754,9498,84252,657
2022-09-02,Plumas,063,18699,3593,3587,430,4017,13
2022-09-02,Riverside,065,2383286,689891,687184,34693,721877,6581
2022-09-02,Sacramento,067,1510023,343112,341766,33903,375669,3243
2022-09-02,San Benito,069,59416,16087,15900,949,16849,103
2022-09-02,San Bernardino,071,2135413,666058,658354,30370,688724,8006
2022-09-02,San Diego,073,3302833,914014,912824,70510,983334,5464
2022-09-02,San Francisco,075,870044,176619,176131,11888,188019,1015
2022-09-02,San Joaquin,077,732212,195932,194904,14651,209555,2301
2022-09-02,San Luis Obispo,079,281455,62741,62455,6995,69450,517
2022-09-02,San Mateo,081,765935,166766,165520,10290,175810,738
2022-09-02,Santa Barbara,083,443738,104695,104161,6766,110927,716
2022-09-02,Santa Clara,085,1922200,430816,425040,18592,443632,2473
2022-09-02,Santa Cruz,087,273765,62319,61989,3380,65369,273
2022-09-02,Shasta,089,179085,34577,34422,7256,41678,591
2022-09-02,Sierra,091,2930,303,303,60,363,5
2022-09-02,Siskiyou,093,43540,5066,5168,3270,8438,89
2022-09-02,Solano,095,438530,104178,103457,7735,111192,461
2022-09-02,Sonoma,097,501317,105742,105162,5199,110361,517
2022-09-02,Stanislaus,099,539301,136669,136168,21397,157565,1726
2022-09-02,Sutter,101,95872,23964,23927,2448,26375,228
2022-09-02,Tehama,103,63373,13497,13406,3034,16440,210
2022-09-02,Trinity,105,12862,1388,1377,376,1753,20
2022-09-02,Tulare,107,460477,121035,120592,35699,156291,1527
2022-09-02,Tuolumne,109,53932,15399,15294,912,16206,196
2022-09-02,Ventura,111,848112,206260,205627,15376,221003,1558
2022-09-02,Yolo,113,214977,46990,46882,4197,51079,334
2022-09-02,Yuba,115,75493,18667,18615,1675,20290,129
2022-09-01,Alameda,001,1643700,342911,341621,19286,360907,1998
2022-09-01,Alpine,002,1148,133,133,1,134,0
2022-09-01,Amador,005,37829,9884,9855,915,10770,89
2022-09-01,Butte,007,227075,39024,38851,8924,47775,453
2022-09-01,Calaveras,009,45235,8428,8422,521,8943,133
2022-09-01,Colusa,011,21464,3755,3742,1260,5002,22
2022-09-01,Contra Costa,013,1133247,248339,245022,20394,265416,1410
2022-09-01,Del Norte,015,27424,7362,7340,390,7730,56
2022-09-01,El Dorado,017,186661,31932,31929,4176,36105,229
2022-09-01,Fresno,019,978130,275930,271062,31217,302279,2835
2022-09-01,Glenn,021,27897,5480,5462,1843,7305,48
2022-09-01,Humboldt,023,135768,21472,21390,4865,26255,154
2022-09-01,Imperial,025,180216,64877,64678,15407,80085,956
2022-09-01,Inyo,027,18085,4457,4449,916,5365,59
2022-09-01,Kern,029,883053,217758,216471,62213,278684,2404
2022-09-01,Kings,031,150075,58903,58753,4054,62807,455
2022-09-01,Lake,033,64148,12660,12608,1145,13753,143
2022-09-01,Lassen,035,31185,9930,9908,979,10887,64
2022-09-01,Los Angeles,037,10098052,3248071,3235242,176436,3411678,32927
2022-09-01,Madera,039,155013,43540,43403,8140,51543,373
2022-09-01,Marin,041,260295,44573,44394,5170,49564,305
2022-09-01,Mariposa,043,17540,3061,3036,339,3375,31
2022-09-01,Mendocino,045,87422,15851,15781,4394,20175,134
2022-09-01,Merced,047,269075,72356,71280,11736,83016,856
2022-09-01,Modoc,049,8938,871,868,314,1182,11
2022-09-01,Mono,051,14174,3193,3183,241,3424,7
2022-09-01,Monterey,053,433212,93522,93246,20669,113915,761
2022-09-01,Napa,055,140530,31818,31799,1388,33187,156
2022-09-01,Nevada,057,99092,18779,18705,1789,20494,132
2022-09-01,Orange,059,3164182,661695,659290,61991,721281,7347
2022-09-01,Placer,061,380077,75029,74754,9491,84245,657
2022-09-01,Plumas,063,18699,3592,3587,430,4017,13
2022-09-01,Riverside,065,2383286,689548,687184,34655,721839,6581
2022-09-01,Sacramento,067,1510023,342910,341766,33863,375629,3243
2022-09-01,San Benito,069,59416,16079,15900,948,16848,103
2022-09-01,San Bernardino,071,2135413,665724,658354,30339,688693,8006
2022-09-01,San Diego,073,3302833,913594,912824,70461,983285,5464
2022-09-01,San Francisco,075,870044,176481,176131,11877,188008,1015
2022-09-01,San Joaquin,077,732212,195841,194904,14631,209535,2301
2022-09-01,San Luis Obispo,079,281455,62703,62455,6988,69443,517
2022-09-01,San Mateo,081,765935,166669,165520,10281,175801,738
2022-09-01,Santa Barbara,083,443738,104633,104161,6758,110919,716
2022-09-01,Santa Clara,085,1922200,430520,425040,18584,443624,2473
2022-09-01,Santa Cruz,087,273765,62266,61989,3375,65364,273
2022-09-01,Shasta,089,179085,34557,34422,7251,41673,591
2022-09-01,Sierra,091,2930,303,303,60,363,5
2022-09-01,Siskiyou,093,43540,5065,5168,3269,8437,89
2022-09-01,Solano,095,438530,104108,103457,7731,111188,461
2022-09-01,Sonoma,097,501317,105673,105162,5192,110354,517
2022-09-01,Stanislaus,099,539301,136586,136168,21382,157550,1726
2022-09-01,Sutter,101,95872,23945,23927,2446,26373,228
2022-09-01,Tehama,103,63373,13491,13406,3031,16437,210
2022-09-01,Trinity,105,12862,1387,1377,373,1750,20
2022-09-01,Tulare,107,460477,120981,120592,35655,156247,1527
2022-09-01,Tuolumne,109,53932,15391,15294,912,16206,196
2022-09-01,Ventura,111,848112,206114,205627,15359,220986,1558
2022-09-01,Yolo,113,214977,46961,46882,4190,51072,334
2022-09-01,Yuba,115,75493,18653,18615,1675,20290,129
2022-08-31,Alameda,001,1643700,342677,340789,19273,360062,1986
2022-08-31,Alpine,002,1148,133,133,1,134,0
2022-08-31,Amador,005,37829,9880,9829,913,10742,89
2022-08-31,Butte,007,227075,38988,38720,8908,47628,452
2022-08-31,Calaveras,009,45235,8424,8404,520,8924,133
2022-08-31,Colusa,011,21464,3754,3744,1260,5004,22
2022-08-31,Contra Costa,013,1133247,248180,244168,20368,264536,1409
2022-08-31,Del Norte,015,27424,7359,7333,390,7723,56
2022-08-31,El Dorado,017,186661,31923,31864,4172,36036,226
2022-08-31,Fresno,019,978130,275745,270456,31083,301539,2829
2022-08-31,Glenn,021,27897,5479,5448,1842,7290,48
2022-08-31,Humboldt,023,135768,21446,21325,4860,26185,154
2022-08-31,Imperial,025,180216,64847,64562,15385,79947,953
2022-08-31,Inyo,027,18085,4455,4444,914,5358,59
2022-08-31,Kern,029,883053,217642,216037,62077,278114,2404
2022-08-31,Kings,031,150075,58867,58629,4049,62678,455
2022-08-31,Lake,033,64148,12649,12563,1145,13708,142
2022-08-31,Lassen,035,31185,9925,9889,978,10867,64
2022-08-31,Los Angeles,037,10098052,3246248,3228552,176201,3404753,32877
2022-08-31,Madera,039,155013,43508,43269,8126,51395,372
2022-08-31,Marin,041,260295,44542,44330,5164,49494,305
2022-08-31,Mariposa,043,17540,3060,3025,339,3364,31
2022-08-31,Mendocino,045,87422,15843,15733,4390,20123,134
2022-08-31,Merced,047,269075,72324,71089,11714,82803,852
2022-08-31,Modoc,049,8938,869,865,314,1179,11
2022-08-31,Mono,051,14174,3192,3181,241,3422,7
2022-08-31,Monterey,053,433212,93478,93046,20647,113693,762
2022-08-31,Napa,055,140530,31801,31725,1387,33112,156
2022-08-31,Nevada,057,99092,18762,18649,1788,20437,132
2022-08-31,Orange,059,3164182,661277,658076,61909,719985,7340
2022-08-31,Placer,061,380077,74987,74612,9485,84097,657
2022-08-31,Plumas,063,18699,3591,3581,430,4011,13
2022-08-31,Riverside,065,2383286,689133,685704,34618,720322,6581
2022-08-31,Sacramento,067,1510023,342696,340949,33820,374769,3230
2022-08-31,San Benito,069,59416,16067,15860,946,16806,103
2022-08-31,San Bernardino,071,2135413,665281,656343,30303,686646,8014
2022-08-31,San Diego,073,3302833,913126,910878,70403,981281,5459
2022-08-31,San Francisco,075,870044,176366,175752,11868,187620,1001
2022-08-31,San Joaquin,077,732212,195682,194437,14612,209049,2298
2022-08-31,San Luis Obispo,079,281455,62673,62312,6976,69288,515
2022-08-31,San Mateo,081,765935,166562,165161,10274,175435,738
2022-08-31,Santa Barbara,083,443738,104546,103894,6749,110643,717
2022-08-31,Santa Clara,085,1922200,430212,424011,18567,442578,2467
2022-08-31,Santa Cruz,087,273765,62217,61812,3372,65184,272
2022-08-31,Shasta,089,179085,34542,34355,7244,41599,590
2022-08-31,Sierra,091,2930,303,302,60,362,5
2022-08-31,Siskiyou,093,43540,5057,5152,3268,8420,89
2022-08-31,Solano,095,438530,104045,103173,7726,110899,461
2022-08-31,Sonoma,097,501317,105601,104964,5182,110146,527
2022-08-31,Stanislaus,099,539301,136496,135801,21360,157161,1722
2022-08-31,Sutter,101,95872,23928,23856,2445,26301,228
2022-08-31,Tehama,103,63373,13478,13370,3026,16396,210
2022-08-31,Trinity,105,12862,1387,1373,373,1746,20
2022-08-31,Tulare,107,460477,120902,120346,35610,155956,1527
2022-08-31,Tuolumne,109,53932,15382,15250,910,16160,196
2022-08-31,Ventura,111,848112,205969,205157,15342,220499,1557
2022-08-31,Yolo,113,214977,46927,46807,4178,50985,334
2022-08-31,Yuba,115,75493,18630,18558,1672,20230,129
2022-08-30,Alameda,001,1643700,342431,340789,19255,360044,1986
2022-08-30,Alpine,002,1148,133,133,1,134,0
2022-08-30,Amador,005,37829,9869,9829,913,10742,89
2022-08-30,Butte,007,227075,38953,38720,8893,47613,452
2022-08-30,Calaveras,009,45235,8421,8404,518,8922,133
2022-08-30,Colusa,011,21464,3753,3744,1258,5002,22
2022-08-30,Contra Costa,013,1133247,248024,244168,20350,264518,1409
2022-08-30,Del Norte,015,27424,7358,7333,390,7723,56
2022-08-30,El Dorado,017,186661,31904,31864,4169,36033,226
2022-08-30,Fresno,019,978130,275545,270456,30985,301441,2829
2022-08-30,Glenn,021,27897,5479,5448,1841,7289,48
2022-08-30,Humboldt,023,135768,21425,21325,4856,26181,154
2022-08-30,Imperial,025,180216,64800,64562,15350,79912,953
2022-08-30,Inyo,027,18085,4454,4444,911,5355,59
2022-08-30,Kern,029,883053,217506,216037,61931,277968,2404
2022-08-30,Kings,031,150075,58811,58629,4045,62674,455
2022-08-30,Lake,033,64148,12639,12563,1143,13706,142
2022-08-30,Lassen,035,31185,9921,9889,978,10867,64
2022-08-30,Los Angeles,037,10098052,3244150,3228552,175936,3404488,32877
2022-08-30,Madera,039,155013,43457,43269,8110,51379,372
2022-08-30,Marin,041,260295,44509,44330,5160,49490,305
2022-08-30,Mariposa,043,17540,3056,3025,339,3364,31
2022-08-30,Mendocino,045,87422,15832,15733,4380,20113,134
2022-08-30,Merced,047,269075,72275,71089,11691,82780,852
2022-08-30,Modoc,049,8938,869,865,314,1179,11
2022-08-30,Mono,051,14174,3190,3181,241,3422,7
2022-08-30,Monterey,053,433212,93432,93046,20631,113677,762
2022-08-30,Napa,055,140530,31783,31725,1386,33111,156
2022-08-30,Nevada,057,99092,18744,18649,1768,20417,132
2022-08-30,Orange,059,3164182,660817,658076,61801,719877,7340
2022-08-30,Placer,061,380077,74950,74612,9477,84089,657
2022-08-30,Plumas,063,18699,3590,3581,430,4011,13
2022-08-30,Riverside,065,2383286,688685,685704,34580,720284,6581
2022-08-30,Sacramento,067,1510023,342496,340949,33779,374728,3230
2022-08-30,San Benito,069,59416,16053,15860,943,16803,103
2022-08-30,San Bernardino,071,2135413,664803,656343,30271,686614,8014
2022-08-30,San Diego,073,3302833,912598,910878,70308,981186,5459
2022-08-30,San Francisco,075,870044,176244,175752,11859,187611,1001
2022-08-30,San Joaquin,077,732212,195530,194437,14578,209015,2298
2022-08-30,San Luis Obispo,079,281455,62634,62312,6962,69274,515
2022-08-30,San Mateo,081,765935,166455,165161,10265,175426,738
2022-08-30,Santa Barbara,083,443738,104450,103894,6739,110633,717
2022-08-30,Santa Clara,085,1922200,429882,424011,18555,442566,2467
2022-08-30,Santa Cruz,087,273765,62165,61812,3366,65178,272
2022-08-30,Shasta,089,179085,34518,34355,7239,41594,590
2022-08-30,Sierra,091,2930,303,302,60,362,5
2022-08-30,Siskiyou,093,43540,5049,5152,3266,8418,89
2022-08-30,Solano,095,438530,103957,103173,7719,110892,461
2022-08-30,Sonoma,097,501317,105539,104964,5175,110139,527
2022-08-30,Stanislaus,099,539301,136390,135801,21346,157147,1722
2022-08-30,Sutter,101,95872,23910,23856,2445,26301,228
2022-08-30,Tehama,103,63373,13471,13370,3019,16389,210
2022-08-30,Trinity,105,12862,1386,1373,372,1745,20
2022-08-30,Tulare,107,460477,120817,120346,35557,155903,1527
2022-08-30,Tuolumne,109,53932,15367,15250,910,16160,196
2022-08-30,Ventura,111,848112,205807,205157,15304,220461,1557
2022-08-30,Yolo,113,214977,46907,46807,4170,50977,334
2022-08-30,Yuba,115,75493,18618,18558,1670,20228,129
2022-08-29,Alameda,001,1643700,342098,340789,19231,360020,1986
2022-08-29,Alpine,002,1148,133,133,1,134,0
2022-08-29,Amador,005,37829,9855,9829,912,10741,89
2022-08-29,Butte,007,227075,38911,38720,8877,47597,452
2022-08-29,Calaveras,009,45235,8420,8404,516,8920,133
2022-08-29,Colusa,011,21464,3753,3744,1258,5002,22
2022-08-29,Contra Costa,013,1133247,247849,244168,20326,264494,1409
2022-08-29,Del Norte,015,27424,7357,7333,390,7723,56
2022-08-29,El Dorado,017,186661,31887,31864,4165,36029,226
2022-08-29,Fresno,019,978130,275318,270456,30946,301402,2829
2022-08-29,Glenn,021,27897,5477,5448,1838,7286,48
2022-08-29,Humboldt,023,135768,21402,21325,4849,26174,154
2022-08-29,Imperial,025,180216,64756,64562,15311,79873,953
2022-08-29,Inyo,027,18085,4453,4444,907,5351,59
2022-08-29,Kern,029,883053,217335,216037,61789,277826,2404
2022-08-29,Kings,031,150075,58741,58629,4041,62670,455
2022-08-29,Lake,033,64148,12625,12563,1142,13705,142
2022-08-29,Lassen,035,31185,9915,9889,978,10867,64
2022-08-29,Los Angeles,037,10098052,3241912,3228552,175661,3404213,32877
2022-08-29,Madera,039,155013,43418,43269,8090,51359,372
2022-08-29,Marin,041,260295,44475,44330,5154,49484,305
2022-08-29,Mariposa,043,17540,3052,3025,338,3363,31
2022-08-29,Mendocino,045,87422,15817,15733,4369,20102,134
2022-08-29,Merced,047,269075,72215,71089,11662,82751,852
2022-08-29,Modoc,049,8938,868,865,313,1178,11
2022-08-29,Mono,051,14174,3189,3181,241,3422,7
2022-08-29,Monterey,053,433212,93394,93046,20601,113647,762
2022-08-29,Napa,055,140530,31763,31725,1386,33111,156
2022-08-29,Nevada,057,99092,18728,18649,1766,20415,132
2022-08-29,Orange,059,3164182,660363,658076,61724,719800,7340
2022-08-29,Placer,061,380077,74912,74612,9465,84077,657
2022-08-29,Plumas,063,18699,3589,3581,430,4011,13
2022-08-29,Riverside,065,2383286,688112,685704,34526,720230,6581
2022-08-29,Sacramento,067,1510023,342218,340949,33722,374671,3230
2022-08-29,San Benito,069,59416,16040,15860,941,16801,103
2022-08-29,San Bernardino,071,2135413,664217,656343,30233,686576,8014
2022-08-29,San Diego,073,3302833,911970,910878,70241,981119,5459
2022-08-29,San Francisco,075,870044,176139,175752,11848,187600,1001
2022-08-29,San Joaquin,077,732212,195386,194437,14548,208985,2298
2022-08-29,San Luis Obispo,079,281455,62601,62312,6949,69261,515
2022-08-29,San Mateo,081,765935,166347,165161,10257,175418,738
2022-08-29,Santa Barbara,083,443738,104355,103894,6728,110622,717
2022-08-29,Santa Clara,085,1922200,429483,424011,18531,442542,2467
2022-08-29,Santa Cruz,087,273765,62098,61812,3359,65171,272
2022-08-29,Shasta,089,179085,34499,34355,7226,41581,590
2022-08-29,Sierra,091,2930,303,302,60,362,5
2022-08-29,Siskiyou,093,43540,5045,5152,3265,8417,89
2022-08-29,Solano,095,438530,103876,103173,7708,110881,461
2022-08-29,Sonoma,097,501317,105458,104964,5169,110133,527
2022-08-29,Stanislaus,099,539301,136270,135801,21311,157112,1722
2022-08-29,Sutter,101,95872,23882,23856,2442,26298,228
2022-08-29,Tehama,103,63373,13462,13370,3018,16388,210
2022-08-29,Trinity,105,12862,1385,1373,372,1745,20
2022-08-29,Tulare,107,460477,120725,120346,35489,155835,1527
2022-08-29,Tuolumne,109,53932,15352,15250,910,16160,196
2022-08-29,Ventura,111,848112,205659,205157,15281,220438,1557
2022-08-29,Yolo,113,214977,46881,46807,4160,50967,334
2022-08-29,Yuba,115,75493,18600,18558,1665,20223,129
2022-08-28,Alameda,001,1643700,341772,339618,19209,358827,1978
2022-08-28,Alpine,002,1148,133,133,1,134,0
2022-08-28,Amador,005,37829,9848,9802,910,10712,89
2022-08-28,Butte,007,227075,38860,38606,8866,47472,452
2022-08-28,Calaveras,009,45235,8412,8368,515,8883,133
2022-08-28,Colusa,011,21464,3750,3736,1254,4990,22
2022-08-28,Contra Costa,013,1133247,247627,243331,20307,263638,1404
2022-08-28,Del Norte,015,27424,7351,7316,389,7705,55
2022-08-28,El Dorado,017,186661,31856,31760,4157,35917,226
2022-08-28,Fresno,019,978130,275070,269680,30890,300570,2829
2022-08-28,Glenn,021,27897,5474,5434,1836,7270,49
2022-08-28,Humboldt,023,135768,21377,21264,4835,26099,154
2022-08-28,Imperial,025,180216,64703,64391,15262,79653,953
2022-08-28,Inyo,027,18085,4452,4443,904,5347,59
2022-08-28,Kern,029,883053,217195,215612,61603,277215,2399
2022-08-28,Kings,031,150075,58684,58443,4030,62473,455
2022-08-28,Lake,033,64148,12613,12524,1138,13662,142
2022-08-28,Lassen,035,31185,9903,9871,978,10849,64
2022-08-28,Los Angeles,037,10098052,3239210,3219328,175307,3394635,32833
2022-08-28,Madera,039,155013,43368,43105,8056,51161,372
2022-08-28,Marin,041,260295,44443,44192,5145,49337,305
2022-08-28,Mariposa,043,17540,3046,3018,337,3355,31
2022-08-28,Mendocino,045,87422,15803,15698,4365,20063,134
2022-08-28,Merced,047,269075,72140,70906,11612,82518,851
2022-08-28,Modoc,049,8938,868,865,313,1178,11
2022-08-28,Mono,051,14174,3188,3181,241,3422,7
2022-08-28,Monterey,053,433212,93328,92844,20572,113416,760
2022-08-28,Napa,055,140530,31735,31668,1385,33053,156
2022-08-28,Nevada,057,99092,18705,18592,1765,20357,132
2022-08-28,Orange,059,3164182,659886,656440,61623,718063,7326
2022-08-28,Placer,061,380077,74866,74391,9453,83844,657
2022-08-28,Plumas,063,18699,3587,3571,430,4001,13
2022-08-28,Riverside,065,2383286,687474,683511,34461,717972,6580
2022-08-28,Sacramento,067,1510023,341889,339846,33652,373498,3222
2022-08-28,San Benito,069,59416,16027,15805,938,16743,103
2022-08-28,San Bernardino,071,2135413,663608,653843,30178,684021,8017
2022-08-28,San Diego,073,3302833,911211,908809,70133,978942,5456
2022-08-28,San Francisco,075,870044,175986,175204,11836,187040,1000
2022-08-28,San Joaquin,077,732212,195151,193880,14518,208398,2296
2022-08-28,San Luis Obispo,079,281455,62552,62105,6930,69035,515
2022-08-28,San Mateo,081,765935,166192,164675,10246,174921,738
2022-08-28,Santa Barbara,083,443738,104221,103496,6709,110205,717
2022-08-28,Santa Clara,085,1922200,429069,422650,18510,441160,2459
2022-08-28,Santa Cruz,087,273765,61997,61594,3345,64939,273
2022-08-28,Shasta,089,179085,34461,34283,7213,41496,590
2022-08-28,Sierra,091,2930,302,300,60,360,5
2022-08-28,Siskiyou,093,43540,5039,5140,3263,8403,89
2022-08-28,Solano,095,438530,103780,102855,7700,110555,460
2022-08-28,Sonoma,097,501317,105375,104646,5158,109804,557
2022-08-28,Stanislaus,099,539301,136117,135310,21284,156594,1722
2022-08-28,Sutter,101,95872,23855,23759,2439,26198,228
2022-08-28,Tehama,103,63373,13442,13340,3016,16356,210
2022-08-28,Trinity,105,12862,1385,1370,370,1740,20
2022-08-28,Tulare,107,460477,120611,119942,35382,155324,1527
2022-08-28,Tuolumne,109,53932,15346,15193,905,16098,196
2022-08-28,Ventura,111,848112,205460,204567,15213,219780,1553
2022-08-28,Yolo,113,214977,46829,46744,4149,50893,334
2022-08-28,Yuba,115,75493,18581,18482,1659,20141,129
2022-08-27,Alameda,001,1643700,341575,339618,19203,358821,1978
2022-08-27,Alpine,002,1148,133,133,1,134,0
2022-08-27,Amador,005,37829,9842,9802,909,10711,89
2022-08-27,Butte,007,227075,38832,38606,8853,47459,452
2022-08-27,Calaveras,009,45235,8407,8368,515,8883,133
2022-08-27,Colusa,011,21464,3748,3736,1249,4985,22
2022-08-27,Contra Costa,013,1133247,247486,243331,20298,263629,1404
2022-08-27,Del Norte,015,27424,7349,7316,389,7705,55
2022-08-27,El Dorado,017,186661,31844,31760,4153,35913,226
2022-08-27,Fresno,019,978130,274947,269680,30874,300554,2829
2022-08-27,Glenn,021,27897,5472,5434,1836,7270,49
2022-08-27,Humboldt,023,135768,21361,21264,4827,26091,154
2022-08-27,Imperial,025,180216,64681,64391,15252,79643,953
2022-08-27,Inyo,027,18085,4451,4443,904,5347,59
2022-08-27,Kern,029,883053,217109,215612,61490,277102,2399
2022-08-27,Kings,031,150075,58654,58443,4027,62470,455
2022-08-27,Lake,033,64148,12608,12524,1134,13658,142
2022-08-27,Lassen,035,31185,9899,9871,978,10849,64
2022-08-27,Los Angeles,037,10098052,3237882,3219328,175095,3394423,32833
2022-08-27,Madera,039,155013,43333,43105,8052,51157,372
2022-08-27,Marin,041,260295,44422,44192,5136,49328,305
2022-08-27,Mariposa,043,17540,3045,3018,336,3354,31
2022-08-27,Mendocino,045,87422,15797,15698,4363,20061,134
2022-08-27,Merced,047,269075,72096,70906,11604,82510,851
2022-08-27,Modoc,049,8938,868,865,313,1178,11
2022-08-27,Mono,051,14174,3187,3181,241,3422,7
2022-08-27,Monterey,053,433212,93296,92844,20556,113400,760
2022-08-27,Napa,055,140530,31720,31668,1383,33051,156
2022-08-27,Nevada,057,99092,18694,18592,1763,20355,132
2022-08-27,Orange,059,3164182,659612,656440,61524,717964,7326
2022-08-27,Placer,061,380077,74829,74391,9449,83840,657
2022-08-27,Plumas,063,18699,3586,3571,430,4001,13
2022-08-27,Riverside,065,2383286,687139,683511,34435,717946,6580
2022-08-27,Sacramento,067,1510023,341752,339846,33638,373484,3222
2022-08-27,San Benito,069,59416,16011,15805,933,16738,103
2022-08-27,San Bernardino,071,2135413,663287,653843,30149,683992,8017
2022-08-27,San Diego,073,3302833,910873,908809,70092,978901,5456
2022-08-27,San Francisco,075,870044,175913,175204,11830,187034,1000
2022-08-27,San Joaquin,077,732212,195092,193880,14497,208377,2296
2022-08-27,San Luis Obispo,079,281455,62537,62105,6923,69028,515
2022-08-27,San Mateo,081,765935,166095,164675,10245,174920,738
2022-08-27,Santa Barbara,083,443738,104158,103496,6698,110194,717
2022-08-27,Santa Clara,085,1922200,428851,422650,18500,441150,2459
2022-08-27,Santa Cruz,087,273765,61984,61594,3344,64938,273
2022-08-27,Shasta,089,179085,34450,34283,7208,41491,590
2022-08-27,Sierra,091,2930,302,300,60,360,5
2022-08-27,Siskiyou,093,43540,5037,5140,3263,8403,89
2022-08-27,Solano,095,438530,103743,102855,7692,110547,460
2022-08-27,Sonoma,097,501317,105333,104646,5155,109801,557
2022-08-27,Stanislaus,099,539301,136038,135310,21263,156573,1722
2022-08-27,Sutter,101,95872,23840,23759,2439,26198,228
2022-08-27,Tehama,103,63373,13436,13340,3015,16355,210
2022-08-27,Trinity,105,12862,1384,1370,368,1738,20
2022-08-27,Tulare,107,460477,120551,119942,35333,155275,1527
2022-08-27,Tuolumne,109,53932,15339,15193,904,16097,196
2022-08-27,Ventura,111,848112,205375,204567,15200,219767,1553
2022-08-27,Yolo,113,214977,46809,46744,4145,50889,334
2022-08-27,Yuba,115,75493,18569,18482,1658,20140,129
2022-08-26,Alameda,001,1643700,341402,339618,19200,358818,1978
2022-08-26,Alpine,002,1148,133,133,1,134,0
2022-08-26,Amador,005,37829,9839,9802,907,10709,89
2022-08-26,Butte,007,227075,38818,38606,8841,47447,452
2022-08-26,Calaveras,009,45235,8402,8368,515,8883,133
2022-08-26,Colusa,011,21464,3747,3736,1249,4985,22
2022-08-26,Contra Costa,013,1133247,247329,243331,20291,263622,1404
2022-08-26,Del Norte,015,27424,7347,7316,389,7705,55
2022-08-26,El Dorado,017,186661,31824,31760,4152,35912,226
2022-08-26,Fresno,019,978130,274791,269680,30837,300517,2829
2022-08-26,Glenn,021,27897,5469,5434,1834,7268,49
2022-08-26,Humboldt,023,135768,21354,21264,4825,26089,154
2022-08-26,Imperial,025,180216,64658,64391,15239,79630,953
2022-08-26,Inyo,027,18085,4450,4443,897,5340,59
2022-08-26,Kern,029,883053,217017,215612,61389,277001,2399
2022-08-26,Kings,031,150075,58640,58443,4025,62468,455
2022-08-26,Lake,033,64148,12600,12524,1133,13657,142
2022-08-26,Lassen,035,31185,9897,9871,978,10849,64
2022-08-26,Los Angeles,037,10098052,3236471,3219328,174881,3394209,32833
2022-08-26,Madera,039,155013,43303,43105,8046,51151,372
2022-08-26,Marin,041,260295,44390,44192,5134,49326,305
2022-08-26,Mariposa,043,17540,3040,3018,332,3350,31
2022-08-26,Mendocino,045,87422,15791,15698,4361,20059,134
2022-08-26,Merced,047,269075,72056,70906,11595,82501,851
2022-08-26,Modoc,049,8938,867,865,313,1178,11
2022-08-26,Mono,051,14174,3187,3181,241,3422,7
2022-08-26,Monterey,053,433212,93255,92844,20541,113385,760
2022-08-26,Napa,055,140530,31706,31668,1383,33051,156
2022-08-26,Nevada,057,99092,18682,18592,1761,20353,132
2022-08-26,Orange,059,3164182,659346,656440,61463,717903,7326
2022-08-26,Placer,061,380077,74795,74391,9438,83829,657
2022-08-26,Plumas,063,18699,3585,3571,430,4001,13
2022-08-26,Riverside,065,2383286,686784,683511,34403,717914,6580
2022-08-26,Sacramento,067,1510023,341563,339846,33620,373466,3222
2022-08-26,San Benito,069,59416,16000,15805,933,16738,103
2022-08-26,San Bernardino,071,2135413,662957,653843,30128,683971,8017
2022-08-26,San Diego,073,3302833,910451,908809,70069,978878,5456
2022-08-26,San Francisco,075,870044,175829,175204,11825,187029,1000
2022-08-26,San Joaquin,077,732212,195018,193880,14480,208360,2296
2022-08-26,San Luis Obispo,079,281455,62515,62105,6919,69024,515
2022-08-26,San Mateo,081,765935,166001,164675,10240,174915,738
2022-08-26,Santa Barbara,083,443738,104106,103496,6692,110188,717
2022-08-26,Santa Clara,085,1922200,428630,422650,18490,441140,2459
2022-08-26,Santa Cruz,087,273765,61937,61594,3340,64934,273
2022-08-26,Shasta,089,179085,34438,34283,7204,41487,590
2022-08-26,Sierra,091,2930,302,300,60,360,5
2022-08-26,Siskiyou,093,43540,5034,5140,3263,8403,89
2022-08-26,Solano,095,438530,103685,102855,7681,110536,460
2022-08-26,Sonoma,097,501317,105288,104646,5155,109801,557
2022-08-26,Stanislaus,099,539301,135961,135310,21254,156564,1722
2022-08-26,Sutter,101,95872,23821,23759,2438,26197,228
2022-08-26,Tehama,103,63373,13425,13340,3013,16353,210
2022-08-26,Trinity,105,12862,1384,1370,368,1738,20
2022-08-26,Tulare,107,460477,120488,119942,35285,155227,1527
2022-08-26,Tuolumne,109,53932,15327,15193,904,16097,196
2022-08-26,Ventura,111,848112,205295,204567,15185,219752,1553
2022-08-26,Yolo,113,214977,46797,46744,4141,50885,334
2022-08-26,Yuba,115,75493,18556,18482,1658,20140,129
2022-08-25,Alameda,001,1643700,341109,339618,19173,358791,1978
2022-08-25,Alpine,002,1148,133,133,1,134,0
2022-08-25,Amador,005,37829,9832,9802,907,10709,89
2022-08-25,Butte,007,227075,38794,38606,8832,47438,452
2022-08-25,Calaveras,009,45235,8396,8368,515,8883,133
2022-08-25,Colusa,011,21464,3747,3736,1247,4983,22
2022-08-25,Contra Costa,013,1133247,247125,243331,20270,263601,1404
2022-08-25,Del Norte,015,27424,7338,7316,389,7705,55
2022-08-25,El Dorado,017,186661,31803,31760,4147,35907,226
2022-08-25,Fresno,019,978130,274590,269680,30786,300466,2829
2022-08-25,Glenn,021,27897,5464,5434,1833,7267,49
2022-08-25,Humboldt,023,135768,21333,21264,4815,26079,154
2022-08-25,Imperial,025,180216,64616,64391,15211,79602,953
2022-08-25,Inyo,027,18085,4450,4443,890,5333,59
2022-08-25,Kern,029,883053,216872,215612,61281,276893,2399
2022-08-25,Kings,031,150075,58584,58443,4017,62460,455
2022-08-25,Lake,033,64148,12586,12524,1131,13655,142
2022-08-25,Lassen,035,31185,9896,9871,977,10848,64
2022-08-25,Los Angeles,037,10098052,3234311,3219328,174588,3393916,32833
2022-08-25,Madera,039,155013,43256,43105,8032,51137,372
2022-08-25,Marin,041,260295,44362,44192,5126,49318,305
2022-08-25,Mariposa,043,17540,3038,3018,332,3350,31
2022-08-25,Mendocino,045,87422,15782,15698,4360,20058,134
2022-08-25,Merced,047,269075,72009,70906,11563,82469,851
2022-08-25,Modoc,049,8938,867,865,313,1178,11
2022-08-25,Mono,051,14174,3187,3181,241,3422,7
2022-08-25,Monterey,053,433212,93203,92844,20520,113364,760
2022-08-25,Napa,055,140530,31688,31668,1383,33051,156
2022-08-25,Nevada,057,99092,18660,18592,1756,20348,132
2022-08-25,Orange,059,3164182,658922,656440,61378,717818,7326
2022-08-25,Placer,061,380077,74745,74391,9431,83822,657
2022-08-25,Plumas,063,18699,3583,3571,430,4001,13
2022-08-25,Riverside,065,2383286,686260,683511,34356,717867,6580
2022-08-25,Sacramento,067,1510023,341285,339846,33576,373422,3222
2022-08-25,San Benito,069,59416,15987,15805,932,16737,103
2022-08-25,San Bernardino,071,2135413,662421,653843,30097,683940,8017
2022-08-25,San Diego,073,3302833,909905,908809,69990,978799,5456
2022-08-25,San Francisco,075,870044,175716,175204,11820,187024,1000
2022-08-25,San Joaquin,077,732212,194871,193880,14455,208335,2296
2022-08-25,San Luis Obispo,079,281455,62415,62105,6909,69014,515
2022-08-25,San Mateo,081,765935,165870,164675,10233,174908,738
2022-08-25,Santa Barbara,083,443738,104011,103496,6677,110173,717
2022-08-25,Santa Clara,085,1922200,428309,422650,18472,441122,2459
2022-08-25,Santa Cruz,087,273765,61877,61594,3336,64930,273
2022-08-25,Shasta,089,179085,34419,34283,7192,41475,590
2022-08-25,Sierra,091,2930,302,300,60,360,5
2022-08-25,Siskiyou,093,43540,5029,5140,3258,8398,89
2022-08-25,Solano,095,438530,103599,102855,7671,110526,460
2022-08-25,Sonoma,097,501317,105212,104646,5148,109794,557
2022-08-25,Stanislaus,099,539301,135835,135310,21231,156541,1722
2022-08-25,Sutter,101,95872,23798,23759,2436,26195,228
2022-08-25,Tehama,103,63373,13417,13340,3006,16346,210
2022-08-25,Trinity,105,12862,1384,1370,367,1737,20
2022-08-25,Tulare,107,460477,120393,119942,35215,155157,1527
2022-08-25,Tuolumne,109,53932,15309,15193,903,16096,196
2022-08-25,Ventura,111,848112,205141,204567,15135,219702,1553
2022-08-25,Yolo,113,214977,46770,46744,4132,50876,334
2022-08-25,Yuba,115,75493,18537,18482,1655,20137,129
2022-08-24,Alameda,001,1643700,340799,338591,19149,357740,1976
2022-08-24,Alpine,002,1148,133,131,1,132,0
2022-08-24,Amador,005,37829,9825,9786,904,10690,89
2022-08-24,Butte,007,227075,38756,38458,8816,47274,449
2022-08-24,Calaveras,009,45235,8381,8334,514,8848,132
2022-08-24,Colusa,011,21464,3747,3722,1244,4966,22
2022-08-24,Contra Costa,013,1133247,246937,242633,20244,262877,1399
2022-08-24,Del Norte,015,27424,7334,7308,387,7695,55
2022-08-24,El Dorado,017,186661,31788,31682,4142,35824,225
2022-08-24,Fresno,019,978130,274394,269025,30729,299754,2822
2022-08-24,Glenn,021,27897,5462,5423,1833,7256,48
2022-08-24,Humboldt,023,135768,21312,21195,4804,25999,153
2022-08-24,Imperial,025,180216,64579,64271,15194,79465,951
2022-08-24,Inyo,027,18085,4449,4440,889,5329,59
2022-08-24,Kern,029,883053,216721,215225,61158,276383,2399
2022-08-24,Kings,031,150075,58530,58324,4013,62337,454
2022-08-24,Lake,033,64148,12576,12476,1130,13606,142
2022-08-24,Lassen,035,31185,9893,9867,974,10841,64
2022-08-24,Los Angeles,037,10098052,3231949,3211321,174276,3385597,32783
2022-08-24,Madera,039,155013,43215,42984,8007,50991,372
2022-08-24,Marin,041,260295,44325,44082,5118,49200,305
2022-08-24,Mariposa,043,17540,3038,3010,332,3342,31
2022-08-24,Mendocino,045,87422,15770,15623,4350,19973,134
2022-08-24,Merced,047,269075,71959,70665,11530,82195,849
2022-08-24,Modoc,049,8938,867,864,312,1176,11
2022-08-24,Mono,051,14174,3187,3181,241,3422,7
2022-08-24,Monterey,053,433212,93142,92590,20480,113070,760
2022-08-24,Napa,055,140530,31678,31602,1381,32983,156
2022-08-24,Nevada,057,99092,18644,18565,1753,20318,132
2022-08-24,Orange,059,3164182,658464,654893,61286,716179,7312
2022-08-24,Placer,061,380077,74684,74226,9426,83652,657
2022-08-24,Plumas,063,18699,3579,3555,430,3985,13
2022-08-24,Riverside,065,2383286,685721,681805,34303,716108,6573
2022-08-24,Sacramento,067,1510023,341006,339009,33529,372538,3208
2022-08-24,San Benito,069,59416,15965,15745,929,16674,103
2022-08-24,San Bernardino,071,2135413,661904,651496,30059,681555,8018
2022-08-24,San Diego,073,3302833,909341,906885,69920,976805,5453
2022-08-24,San Francisco,075,870044,175573,174731,11815,186546,974
2022-08-24,San Joaquin,077,732212,194715,193370,14429,207799,2288
2022-08-24,San Luis Obispo,079,281455,62376,61962,6896,68858,515
2022-08-24,San Mateo,081,765935,165751,164307,10227,174534,738
2022-08-24,Santa Barbara,083,443738,103934,103237,6661,109898,716
2022-08-24,Santa Clara,085,1922200,427952,421483,18460,439943,2454
2022-08-24,Santa Cruz,087,273765,61850,61387,3330,64717,270
2022-08-24,Shasta,089,179085,34405,34180,7178,41358,589
2022-08-24,Sierra,091,2930,302,301,60,361,5
2022-08-24,Siskiyou,093,43540,5025,5133,3257,8390,88
2022-08-24,Solano,095,438530,103512,102631,7660,110291,459
2022-08-24,Sonoma,097,501317,105135,104444,5147,109591,520
2022-08-24,Stanislaus,099,539301,135706,134894,21205,156099,1720
2022-08-24,Sutter,101,95872,23766,23673,2435,26108,228
2022-08-24,Tehama,103,63373,13412,13312,3002,16314,209
2022-08-24,Trinity,105,12862,1383,1369,367,1736,20
2022-08-24,Tulare,107,460477,120285,119644,35114,154758,1525
2022-08-24,Tuolumne,109,53932,15299,15140,903,16043,196
2022-08-24,Ventura,111,848112,204975,204064,15095,219159,1551
2022-08-24,Yolo,113,214977,46741,46665,4123,50788,333
2022-08-24,Yuba,115,75493,18513,18425,1649,20074,129
2022-08-23,Alameda,001,1643700,340478,338591,19124,357715,1976
2022-08-23,Alpine,002,1148,133,131,1,132,0
2022-08-23,Amador,005,37829,9814,9786,903,10689,89
2022-08-23,Butte,007,227075,38724,38458,8796,47254,449
2022-08-23,Calaveras,009,45235,8372,8334,510,8844,132
2022-08-23,Colusa,011,21464,3744,3722,1240,4962,22
2022-08-23,Contra Costa,013,1133247,246738,242633,20214,262847,1399
2022-08-23,Del Norte,015,27424,7330,7308,387,7695,55
2022-08-23,El Dorado,017,186661,31768,31682,4139,35821,225
2022-08-23,Fresno,019,978130,274140,269025,30669,299694,2822
2022-08-23,Glenn,021,27897,5456,5423,1832,7255,48
2022-08-23,Humboldt,023,135768,21299,21195,4792,25987,153
2022-08-23,Imperial,025,180216,64536,64271,15175,79446,951
2022-08-23,Inyo,027,18085,4447,4440,882,5322,59
2022-08-23,Kern,029,883053,216586,215225,60987,276212,2399
2022-08-23,Kings,031,150075,58479,58324,4008,62332,454
2022-08-23,Lake,033,64148,12556,12476,1129,13605,142
2022-08-23,Lassen,035,31185,9889,9867,974,10841,64
2022-08-23,Los Angeles,037,10098052,3229282,3211321,173954,3385275,32783
2022-08-23,Madera,039,155013,43170,42984,7983,50967,372
2022-08-23,Marin,041,260295,44293,44082,5115,49197,305
2022-08-23,Mariposa,043,17540,3034,3010,328,3338,31
2022-08-23,Mendocino,045,87422,15752,15623,4342,19965,134
2022-08-23,Merced,047,269075,71898,70665,11477,82142,849
2022-08-23,Modoc,049,8938,867,864,312,1176,11
2022-08-23,Mono,051,14174,3187,3181,241,3422,7
2022-08-23,Monterey,053,433212,93074,92590,20436,113026,760
2022-08-23,Napa,055,140530,31660,31602,1381,32983,156
2022-08-23,Nevada,057,99092,18630,18565,1745,20310,132
2022-08-23,Orange,059,3164182,657937,654893,61176,716069,7312
2022-08-23,Placer,061,380077,74619,74226,9412,83638,657
2022-08-23,Plumas,063,18699,3573,3555,430,3985,13
2022-08-23,Riverside,065,2383286,685105,681805,34238,716043,6573
2022-08-23,Sacramento,067,1510023,340679,339009,33478,372487,3208
2022-08-23,San Benito,069,59416,15942,15745,925,16670,103
2022-08-23,San Bernardino,071,2135413,661281,651496,30009,681505,8018
2022-08-23,San Diego,073,3302833,908724,906885,69843,976728,5453
2022-08-23,San Francisco,075,870044,175417,174731,11805,186536,974
2022-08-23,San Joaquin,077,732212,194560,193370,14386,207756,2288
2022-08-23,San Luis Obispo,079,281455,62328,61962,6885,68847,515
2022-08-23,San Mateo,081,765935,165622,164307,10224,174531,738
2022-08-23,Santa Barbara,083,443738,103839,103237,6646,109883,716
2022-08-23,Santa Clara,085,1922200,427563,421483,18448,439931,2454
2022-08-23,Santa Cruz,087,273765,61797,61387,3327,64714,270
2022-08-23,Shasta,089,179085,34382,34180,7172,41352,589
2022-08-23,Sierra,091,2930,302,301,60,361,5
2022-08-23,Siskiyou,093,43540,5025,5133,3255,8388,88
2022-08-23,Solano,095,438530,103417,102631,7654,110285,459
2022-08-23,Sonoma,097,501317,105054,104444,5136,109580,520
2022-08-23,Stanislaus,099,539301,135586,134894,21161,156055,1720
2022-08-23,Sutter,101,95872,23747,23673,2430,26103,228
2022-08-23,Tehama,103,63373,13401,13312,3000,16312,209
2022-08-23,Trinity,105,12862,1381,1369,367,1736,20
2022-08-23,Tulare,107,460477,120173,119644,35012,154656,1525
2022-08-23,Tuolumne,109,53932,15284,15140,902,16042,196
2022-08-23,Ventura,111,848112,204800,204064,15059,219123,1551
2022-08-23,Yolo,113,214977,46715,46665,4121,50786,333
2022-08-23,Yuba,115,75493,18492,18425,1645,20070,129
2022-08-22,Alameda,001,1643700,340108,338591,19098,357689,1976
2022-08-22,Alpine,002,1148,133,131,1,132,0
2022-08-22,Amador,005,37829,9809,9786,902,10688,89
2022-08-22,Butte,007,227075,38675,38458,8779,47237,449
2022-08-22,Calaveras,009,45235,8361,8334,508,8842,132
2022-08-22,Colusa,011,21464,3742,3722,1236,4958,22
2022-08-22,Contra Costa,013,1133247,246490,242633,20175,262808,1399
2022-08-22,Del Norte,015,27424,7329,7308,387,7695,55
2022-08-22,El Dorado,017,186661,31744,31682,4135,35817,225
2022-08-22,Fresno,019,978130,273899,269025,30584,299609,2822
2022-08-22,Glenn,021,27897,5455,5423,1830,7253,48
2022-08-22,Humboldt,023,135768,21278,21195,4777,25972,153
2022-08-22,Imperial,025,180216,64462,64271,15134,79405,951
2022-08-22,Inyo,027,18085,4445,4440,882,5322,59
2022-08-22,Kern,029,883053,216429,215225,60795,276020,2399
2022-08-22,Kings,031,150075,58427,58324,4000,62324,454
2022-08-22,Lake,033,64148,12532,12476,1126,13602,142
2022-08-22,Lassen,035,31185,9887,9867,974,10841,64
2022-08-22,Los Angeles,037,10098052,3226348,3211321,173609,3384930,32783
2022-08-22,Madera,039,155013,43116,42984,7958,50942,372
2022-08-22,Marin,041,260295,44260,44082,5107,49189,305
2022-08-22,Mariposa,043,17540,3027,3010,327,3337,31
2022-08-22,Mendocino,045,87422,15730,15623,4325,19948,134
2022-08-22,Merced,047,269075,71822,70665,11435,82100,849
2022-08-22,Modoc,049,8938,867,864,312,1176,11
2022-08-22,Mono,051,14174,3187,3181,241,3422,7
2022-08-22,Monterey,053,433212,92999,92590,20387,112977,760
2022-08-22,Napa,055,140530,31634,31602,1378,32980,156
2022-08-22,Nevada,057,99092,18612,18565,1739,20304,132
2022-08-22,Orange,059,3164182,657331,654893,61058,715951,7312
2022-08-22,Placer,061,380077,74542,74226,9405,83631,657
2022-08-22,Plumas,063,18699,3572,3555,430,3985,13
2022-08-22,Riverside,065,2383286,684435,681805,34173,715978,6573
2022-08-22,Sacramento,067,1510023,340338,339009,33395,372404,3208
2022-08-22,San Benito,069,59416,15920,15745,924,16669,103
2022-08-22,San Bernardino,071,2135413,660536,651496,29947,681443,8018
2022-08-22,San Diego,073,3302833,908038,906885,69722,976607,5453
2022-08-22,San Francisco,075,870044,175266,174731,11791,186522,974
2022-08-22,San Joaquin,077,732212,194381,193370,14346,207716,2288
2022-08-22,San Luis Obispo,079,281455,62275,61962,6872,68834,515
2022-08-22,San Mateo,081,765935,165475,164307,10213,174520,738
2022-08-22,Santa Barbara,083,443738,103717,103237,6628,109865,716
2022-08-22,Santa Clara,085,1922200,427126,421483,18426,439909,2454
2022-08-22,Santa Cruz,087,273765,61713,61387,3323,64710,270
2022-08-22,Shasta,089,179085,34365,34180,7162,41342,589
2022-08-22,Sierra,091,2930,302,301,60,361,5
2022-08-22,Siskiyou,093,43540,5021,5133,3253,8386,88
2022-08-22,Solano,095,438530,103327,102631,7641,110272,459
2022-08-22,Sonoma,097,501317,104972,104444,5123,109567,520
2022-08-22,Stanislaus,099,539301,135420,134894,21125,156019,1720
2022-08-22,Sutter,101,95872,23712,23673,2430,26103,228
2022-08-22,Tehama,103,63373,13395,13312,2997,16309,209
2022-08-22,Trinity,105,12862,1376,1369,365,1734,20
2022-08-22,Tulare,107,460477,120043,119644,34911,154555,1525
2022-08-22,Tuolumne,109,53932,15261,15140,902,16042,196
2022-08-22,Ventura,111,848112,204638,204064,14985,219049,1551
2022-08-22,Yolo,113,214977,46677,46665,4111,50776,333
2022-08-22,Yuba,115,75493,18465,18425,1641,20066,129
2022-08-21,Alameda,001,1643700,339676,337238,19070,356308,1970
2022-08-21,Alpine,002,1148,132,131,1,132,0
2022-08-21,Amador,005,37829,9802,9761,897,10658,89
2022-08-21,Butte,007,227075,38629,38316,8761,47077,449
2022-08-21,Calaveras,009,45235,8348,8313,506,8819,132
2022-08-21,Colusa,011,21464,3736,3718,1230,4948,22
2022-08-21,Contra Costa,013,1133247,246201,241665,20144,261809,1399
2022-08-21,Del Norte,015,27424,7322,7290,386,7676,55
2022-08-21,El Dorado,017,186661,31711,31600,4130,35730,225
2022-08-21,Fresno,019,978130,273623,268147,30494,298641,2822
2022-08-21,Glenn,021,27897,5451,5413,1829,7242,48
2022-08-21,Humboldt,023,135768,21254,21104,4759,25863,153
2022-08-21,Imperial,025,180216,64401,64092,15094,79186,951
2022-08-21,Inyo,027,18085,4445,4435,878,5313,59
2022-08-21,Kern,029,883053,216235,214656,60600,275256,2389
2022-08-21,Kings,031,150075,58356,58109,3989,62098,454
2022-08-21,Lake,033,64148,12508,12426,1124,13550,142
2022-08-21,Lassen,035,31185,9880,9843,974,10817,64
2022-08-21,Los Angeles,037,10098052,3223084,3200023,173209,3373232,32746
2022-08-21,Madera,039,155013,43066,42822,7920,50742,372
2022-08-21,Marin,041,260295,44211,43966,5088,49054,305
2022-08-21,Mariposa,043,17540,3025,3003,327,3330,31
2022-08-21,Mendocino,045,87422,15700,15578,4302,19880,134
2022-08-21,Merced,047,269075,71730,70449,11361,81810,846
2022-08-21,Modoc,049,8938,866,862,312,1174,11
2022-08-21,Mono,051,14174,3187,3177,239,3416,7
2022-08-21,Monterey,053,433212,92895,92287,20332,112619,760
2022-08-21,Napa,055,140530,31612,31534,1377,32911,156
2022-08-21,Nevada,057,99092,18600,18497,1735,20232,132
2022-08-21,Orange,059,3164182,656663,652703,60929,713632,7280
2022-08-21,Placer,061,380077,74480,74027,9401,83428,657
2022-08-21,Plumas,063,18699,3565,3550,430,3980,13
2022-08-21,Riverside,065,2383286,683594,679298,34094,713392,6574
2022-08-21,Sacramento,067,1510023,339968,337745,33324,371069,3208
2022-08-21,San Benito,069,59416,15897,15698,921,16619,103
2022-08-21,San Bernardino,071,2135413,659670,648583,29892,678475,8014
2022-08-21,San Diego,073,3302833,907183,904015,69641,973656,5448
2022-08-21,San Francisco,075,870044,175063,174151,11774,185925,973
2022-08-21,San Joaquin,077,732212,194134,192738,14306,207044,2288
2022-08-21,San Luis Obispo,079,281455,62223,61764,6847,68611,516
2022-08-21,San Mateo,081,765935,165315,163705,10208,173913,738
2022-08-21,Santa Barbara,083,443738,103587,102795,6603,109398,713
2022-08-21,Santa Clara,085,1922200,426584,419723,18398,438121,2437
2022-08-21,Santa Cruz,087,273765,61598,61098,3318,64416,269
2022-08-21,Shasta,089,179085,34325,34105,7147,41252,588
2022-08-21,Sierra,091,2930,302,298,60,358,4
2022-08-21,Siskiyou,093,43540,5020,5119,3246,8365,88
2022-08-21,Solano,095,438530,103242,102355,7630,109985,457
2022-08-21,Sonoma,097,501317,104865,104090,5110,109200,511
2022-08-21,Stanislaus,099,539301,135253,134407,21055,155462,1719
2022-08-21,Sutter,101,95872,23679,23587,2423,26010,228
2022-08-21,Tehama,103,63373,13384,13289,2993,16282,209
2022-08-21,Trinity,105,12862,1374,1366,364,1730,20
2022-08-21,Tulare,107,460477,119915,119251,34760,154011,1521
2022-08-21,Tuolumne,109,53932,15244,15085,900,15985,196
2022-08-21,Ventura,111,848112,204404,203318,14916,218234,1547
2022-08-21,Yolo,113,214977,46637,46567,4106,50673,333
2022-08-21,Yuba,115,75493,18442,18363,1634,19997,129
2022-08-20,Alameda,001,1643700,339459,337238,19055,356293,1970
2022-08-20,Alpine,002,1148,132,131,1,132,0
2022-08-20,Amador,005,37829,9799,9761,897,10658,89
2022-08-20,Butte,007,227075,38600,38316,8757,47073,449
2022-08-20,Calaveras,009,45235,8345,8313,505,8818,132
2022-08-20,Colusa,011,21464,3732,3718,1224,4942,22
2022-08-20,Contra Costa,013,1133247,246060,241665,20135,261800,1399
2022-08-20,Del Norte,015,27424,7321,7290,386,7676,55
2022-08-20,El Dorado,017,186661,31691,31600,4128,35728,225
2022-08-20,Fresno,019,978130,273477,268147,30470,298617,2822
2022-08-20,Glenn,021,27897,5448,5413,1829,7242,48
2022-08-20,Humboldt,023,135768,21235,21104,4747,25851,153
2022-08-20,Imperial,025,180216,64364,64092,15075,79167,951
2022-08-20,Inyo,027,18085,4445,4435,878,5313,59
2022-08-20,Kern,029,883053,216142,214656,60473,275129,2389
2022-08-20,Kings,031,150075,58329,58109,3984,62093,454
2022-08-20,Lake,033,64148,12498,12426,1120,13546,142
2022-08-20,Lassen,035,31185,9877,9843,974,10817,64
2022-08-20,Los Angeles,037,10098052,3221493,3200023,172985,3373008,32746
2022-08-20,Madera,039,155013,43042,42822,7914,50736,372
2022-08-20,Marin,041,260295,44193,43966,5086,49052,305
2022-08-20,Mariposa,043,17540,3025,3003,327,3330,31
2022-08-20,Mendocino,045,87422,15684,15578,4301,19879,134
2022-08-20,Merced,047,269075,71706,70449,11353,81802,846
2022-08-20,Modoc,049,8938,866,862,312,1174,11
2022-08-20,Mono,051,14174,3187,3177,237,3414,7
2022-08-20,Monterey,053,433212,92849,92287,20304,112591,760
2022-08-20,Napa,055,140530,31604,31534,1377,32911,156
2022-08-20,Nevada,057,99092,18597,18497,1733,20230,132
2022-08-20,Orange,059,3164182,656332,652703,60848,713551,7280
2022-08-20,Placer,061,380077,74431,74027,9397,83424,657
2022-08-20,Plumas,063,18699,3565,3550,430,3980,13
2022-08-20,Riverside,065,2383286,683165,679298,34067,713365,6574
2022-08-20,Sacramento,067,1510023,339803,337745,33301,371046,3208
2022-08-20,San Benito,069,59416,15878,15698,918,16616,103
2022-08-20,San Bernardino,071,2135413,659233,648583,29863,678446,8014
2022-08-20,San Diego,073,3302833,906802,904015,69615,973630,5448
2022-08-20,San Francisco,075,870044,174939,174151,11773,185924,973
2022-08-20,San Joaquin,077,732212,194034,192738,14279,207017,2288
2022-08-20,San Luis Obispo,079,281455,62205,61764,6839,68603,516
2022-08-20,San Mateo,081,765935,165214,163705,10205,173910,738
2022-08-20,Santa Barbara,083,443738,103516,102795,6596,109391,713
2022-08-20,Santa Clara,085,1922200,426308,419723,18386,438109,2437
2022-08-20,Santa Cruz,087,273765,61568,61098,3314,64412,269
2022-08-20,Shasta,089,179085,34299,34105,7145,41250,588
2022-08-20,Sierra,091,2930,302,298,60,358,4
2022-08-20,Siskiyou,093,43540,5015,5119,3245,8364,88
2022-08-20,Solano,095,438530,103196,102355,7622,109977,457
2022-08-20,Sonoma,097,501317,104811,104090,5107,109197,511
2022-08-20,Stanislaus,099,539301,135161,134407,21040,155447,1719
2022-08-20,Sutter,101,95872,23651,23587,2423,26010,228
2022-08-20,Tehama,103,63373,13376,13289,2993,16282,209
2022-08-20,Trinity,105,12862,1374,1366,364,1730,20
2022-08-20,Tulare,107,460477,119833,119251,34710,153961,1521
2022-08-20,Tuolumne,109,53932,15235,15085,898,15983,196
2022-08-20,Ventura,111,848112,204295,203318,14900,218218,1547
2022-08-20,Yolo,113,214977,46609,46567,4098,50665,333
2022-08-20,Yuba,115,75493,18435,18363,1633,19996,129
2022-08-19,Alameda,001,1643700,339244,337238,19031,356269,1970
2022-08-19,Alpine,002,1148,132,131,1,132,0
2022-08-19,Amador,005,37829,9798,9761,897,10658,89
2022-08-19,Butte,007,227075,38579,38316,8746,47062,449
2022-08-19,Calaveras,009,45235,8340,8313,505,8818,132
2022-08-19,Colusa,011,21464,3731,3718,1223,4941,22
2022-08-19,Contra Costa,013,1133247,245918,241665,20124,261789,1399
2022-08-19,Del Norte,015,27424,7316,7290,386,7676,55
2022-08-19,El Dorado,017,186661,31679,31600,4124,35724,225
2022-08-19,Fresno,019,978130,273313,268147,30446,298593,2822
2022-08-19,Glenn,021,27897,5447,5413,1829,7242,48
2022-08-19,Humboldt,023,135768,21225,21104,4737,25841,153
2022-08-19,Imperial,025,180216,64336,64092,15060,79152,951
2022-08-19,Inyo,027,18085,4445,4435,874,5309,59
2022-08-19,Kern,029,883053,216049,214656,60376,275032,2389
2022-08-19,Kings,031,150075,58287,58109,3977,62086,454
2022-08-19,Lake,033,64148,12485,12426,1118,13544,142
2022-08-19,Lassen,035,31185,9874,9843,974,10817,64
2022-08-19,Los Angeles,037,10098052,3219663,3200023,172768,3372791,32746
2022-08-19,Madera,039,155013,43020,42822,7910,50732,372
2022-08-19,Marin,041,260295,44158,43966,5080,49046,305
2022-08-19,Mariposa,043,17540,3023,3003,327,3330,31
2022-08-19,Mendocino,045,87422,15671,15578,4293,19871,134
2022-08-19,Merced,047,269075,71666,70449,11348,81797,846
2022-08-19,Modoc,049,8938,866,862,312,1174,11
2022-08-19,Mono,051,14174,3187,3177,237,3414,7
2022-08-19,Monterey,053,433212,92795,92287,20274,112561,760
2022-08-19,Napa,055,140530,31586,31534,1375,32909,156
2022-08-19,Nevada,057,99092,18592,18497,1732,20229,132
2022-08-19,Orange,059,3164182,655956,652703,60764,713467,7280
2022-08-19,Placer,061,380077,74395,74027,9389,83416,657
2022-08-19,Plumas,063,18699,3564,3550,430,3980,13
2022-08-19,Riverside,065,2383286,682745,679298,34037,713335,6574
2022-08-19,Sacramento,067,1510023,339613,337745,33274,371019,3208
2022-08-19,San Benito,069,59416,15875,15698,916,16614,103
2022-08-19,San Bernardino,071,2135413,658771,648583,29852,678435,8014
2022-08-19,San Diego,073,3302833,906304,904015,69564,973579,5448
2022-08-19,San Francisco,075,870044,174801,174151,11756,185907,973
2022-08-19,San Joaquin,077,732212,193931,192738,14256,206994,2288
2022-08-19,San Luis Obispo,079,281455,62190,61764,6837,68601,516
2022-08-19,San Mateo,081,765935,165096,163705,10200,173905,738
2022-08-19,Santa Barbara,083,443738,103436,102795,6592,109387,713
2022-08-19,Santa Clara,085,1922200,425991,419723,18372,438095,2437
2022-08-19,Santa Cruz,087,273765,61505,61098,3309,64407,269
2022-08-19,Shasta,089,179085,34282,34105,7145,41250,588
2022-08-19,Sierra,091,2930,302,298,60,358,4
2022-08-19,Siskiyou,093,43540,5008,5119,3245,8364,88
2022-08-19,Solano,095,438530,103136,102355,7615,109970,457
2022-08-19,Sonoma,097,501317,104751,104090,5104,109194,511
2022-08-19,Stanislaus,099,539301,135078,134407,21023,155430,1719
2022-08-19,Sutter,101,95872,23634,23587,2422,26009,228
2022-08-19,Tehama,103,63373,13366,13289,2987,16276,209
2022-08-19,Trinity,105,12862,1373,1366,364,1730,20
2022-08-19,Tulare,107,460477,119746,119251,34658,153909,1521
2022-08-19,Tuolumne,109,53932,15228,15085,897,15982,196
2022-08-19,Ventura,111,848112,204168,203318,14880,218198,1547
2022-08-19,Yolo,113,214977,46586,46567,4095,50662,333
2022-08-19,Yuba,115,75493,18420,18363,1633,19996,129
2022-08-18,Alameda,001,1643700,338946,337238,19002,356240,1970
2022-08-18,Alpine,002,1148,131,131,1,132,0
2022-08-18,Amador,005,37829,9793,9761,896,10657,89
2022-08-18,Butte,007,227075,38549,38316,8732,47048,449
2022-08-18,Calaveras,009,45235,8335,8313,505,8818,132
2022-08-18,Colusa,011,21464,3731,3718,1219,4937,22
2022-08-18,Contra Costa,013,1133247,245705,241665,20095,261760,1399
2022-08-18,Del Norte,015,27424,7311,7290,385,7675,55
2022-08-18,El Dorado,017,186661,31664,31600,4121,35721,225
2022-08-18,Fresno,019,978130,273089,268147,30389,298536,2822
2022-08-18,Glenn,021,27897,5442,5413,1828,7241,48
2022-08-18,Humboldt,023,135768,21200,21104,4710,25814,153
2022-08-18,Imperial,025,180216,64311,64092,15019,79111,951
2022-08-18,Inyo,027,18085,4444,4435,869,5304,59
2022-08-18,Kern,029,883053,215900,214656,60241,274897,2389
2022-08-18,Kings,031,150075,58242,58109,3966,62075,454
2022-08-18,Lake,033,64148,12471,12426,1117,13543,142
2022-08-18,Lassen,035,31185,9873,9843,973,10816,64
2022-08-18,Los Angeles,037,10098052,3217175,3200023,172485,3372508,32746
2022-08-18,Madera,039,155013,42979,42822,7892,50714,372
2022-08-18,Marin,041,260295,44126,43966,5069,49035,305
2022-08-18,Mariposa,043,17540,3021,3003,327,3330,31
2022-08-18,Mendocino,045,87422,15657,15578,4292,19870,134
2022-08-18,Merced,047,269075,71584,70449,11317,81766,846
2022-08-18,Modoc,049,8938,866,862,312,1174,11
2022-08-18,Mono,051,14174,3185,3177,236,3413,7
2022-08-18,Monterey,053,433212,92707,92287,20238,112525,760
2022-08-18,Napa,055,140530,31566,31534,1375,32909,156
2022-08-18,Nevada,057,99092,18575,18497,1728,20225,132
2022-08-18,Orange,059,3164182,655473,652703,60657,713360,7280
2022-08-18,Placer,061,380077,74339,74027,9385,83412,657
2022-08-18,Plumas,063,18699,3560,3550,430,3980,13
2022-08-18,Riverside,065,2383286,682158,679298,33992,713290,6574
2022-08-18,Sacramento,067,1510023,339316,337745,33215,370960,3208
2022-08-18,San Benito,069,59416,15863,15698,913,16611,103
2022-08-18,San Bernardino,071,2135413,658084,648583,29810,678393,8014
2022-08-18,San Diego,073,3302833,905659,904015,69488,973503,5448
2022-08-18,San Francisco,075,870044,174649,174151,11732,185883,973
2022-08-18,San Joaquin,077,732212,193760,192738,14227,206965,2288
2022-08-18,San Luis Obispo,079,281455,62146,61764,6824,68588,516
2022-08-18,San Mateo,081,765935,164915,163705,10193,173898,738
2022-08-18,Santa Barbara,083,443738,103327,102795,6583,109378,713
2022-08-18,Santa Clara,085,1922200,425548,419723,18340,438063,2437
2022-08-18,Santa Cruz,087,273765,61434,61098,3303,64401,269
2022-08-18,Shasta,089,179085,34261,34105,7141,41246,588
2022-08-18,Sierra,091,2930,301,298,60,358,4
2022-08-18,Siskiyou,093,43540,5006,5119,3243,8362,88
2022-08-18,Solano,095,438530,103064,102355,7604,109959,457
2022-08-18,Sonoma,097,501317,104663,104090,5095,109185,511
2022-08-18,Stanislaus,099,539301,134950,134407,20988,155395,1719
2022-08-18,Sutter,101,95872,23613,23587,2421,26008,228
2022-08-18,Tehama,103,63373,13359,13289,2983,16272,209
2022-08-18,Trinity,105,12862,1372,1366,361,1727,20
2022-08-18,Tulare,107,460477,119648,119251,34564,153815,1521
2022-08-18,Tuolumne,109,53932,15185,15085,894,15979,196
2022-08-18,Ventura,111,848112,203990,203318,14843,218161,1547
2022-08-18,Yolo,113,214977,46561,46567,4087,50654,333
2022-08-18,Yuba,115,75493,18400,18363,1630,19993,129
2022-08-17,Alameda,001,1643700,338606,336198,18967,355165,1948
2022-08-17,Alpine,002,1148,131,131,1,132,0
2022-08-17,Amador,005,37829,9785,9728,896,10624,89
2022-08-17,Butte,007,227075,38510,38203,8720,46923,447
2022-08-17,Calaveras,009,45235,8328,8295,502,8797,131
2022-08-17,Colusa,011,21464,3730,3716,1217,4933,22
2022-08-17,Contra Costa,013,1133247,245478,240894,20060,260954,1394
2022-08-17,Del Norte,015,27424,7307,7274,385,7659,55
2022-08-17,El Dorado,017,186661,31646,31523,4117,35640,225
2022-08-17,Fresno,019,978130,272859,267367,30325,297692,2818
2022-08-17,Glenn,021,27897,5441,5403,1826,7229,48
2022-08-17,Humboldt,023,135768,21176,21029,4696,25725,153
2022-08-17,Imperial,025,180216,64268,63972,14988,78960,950
2022-08-17,Inyo,027,18085,4442,4421,866,5287,58
2022-08-17,Kern,029,883053,215767,214040,60109,274149,2389
2022-08-17,Kings,031,150075,58178,57948,3964,61912,454
2022-08-17,Lake,033,64148,12461,12383,1116,13499,142
2022-08-17,Lassen,035,31185,9864,9813,973,10786,64
2022-08-17,Los Angeles,037,10098052,3214371,3190808,172162,3362970,32701
2022-08-17,Madera,039,155013,42929,42677,7855,50532,372
2022-08-17,Marin,041,260295,44093,43852,5065,48917,305
2022-08-17,Mariposa,043,17540,3017,2998,326,3324,31
2022-08-17,Mendocino,045,87422,15647,15504,4286,19790,132
2022-08-17,Merced,047,269075,71525,70232,11274,81506,843
2022-08-17,Modoc,049,8938,865,857,312,1169,11
2022-08-17,Mono,051,14174,3185,3175,236,3411,7
2022-08-17,Monterey,053,433212,92643,91984,20183,112167,759
2022-08-17,Napa,055,140530,31550,31454,1374,32828,155
2022-08-17,Nevada,057,99092,18558,18443,1726,20169,132
2022-08-17,Orange,059,3164182,654854,650827,60542,711369,7266
2022-08-17,Placer,061,380077,74288,73852,9379,83231,655
2022-08-17,Plumas,063,18699,3558,3544,429,3973,13
2022-08-17,Riverside,065,2383286,681513,677437,33935,711372,6562
2022-08-17,Sacramento,067,1510023,338988,336667,33173,369840,3194
2022-08-17,San Benito,069,59416,15847,15655,912,16567,103
2022-08-17,San Bernardino,071,2135413,657432,646584,29759,676343,7999
2022-08-17,San Diego,073,3302833,904914,901794,69420,971214,5442
2022-08-17,San Francisco,075,870044,174513,173590,11720,185310,971
2022-08-17,San Joaquin,077,732212,193609,192078,14190,206268,2283
2022-08-17,San Luis Obispo,079,281455,62092,61604,6812,68416,514
2022-08-17,San Mateo,081,765935,164815,163218,10187,173405,738
2022-08-17,Santa Barbara,083,443738,103210,102430,6568,108998,712
2022-08-17,Santa Clara,085,1922200,425074,418231,18333,436564,2424
2022-08-17,Santa Cruz,087,273765,61344,60880,3298,64178,269
2022-08-17,Shasta,089,179085,34243,33984,7132,41116,587
2022-08-17,Sierra,091,2930,301,297,60,357,4
2022-08-17,Siskiyou,093,43540,5003,5102,3240,8342,88
2022-08-17,Solano,095,438530,102979,102115,7598,109713,459
2022-08-17,Sonoma,097,501317,104560,103844,5089,108933,504
2022-08-17,Stanislaus,099,539301,134804,133989,20951,154940,1715
2022-08-17,Sutter,101,95872,23579,23489,2415,25904,228
2022-08-17,Tehama,103,63373,13356,13259,2978,16237,209
2022-08-17,Trinity,105,12862,1372,1362,359,1721,20
2022-08-17,Tulare,107,460477,119539,118997,34458,153455,1521
2022-08-17,Tuolumne,109,53932,15177,15044,892,15936,196
2022-08-17,Ventura,111,848112,203809,202609,14788,217397,1546
2022-08-17,Yolo,113,214977,46529,46414,4082,50496,331
2022-08-17,Yuba,115,75493,18380,18305,1627,19932,129
2022-08-16,Alameda,001,1643700,338231,336198,18952,355150,1948
2022-08-16,Alpine,002,1148,131,131,1,132,0
2022-08-16,Amador,005,37829,9772,9728,891,10619,89
2022-08-16,Butte,007,227075,38476,38203,8707,46910,447
2022-08-16,Calaveras,009,45235,8320,8295,502,8797,131
2022-08-16,Colusa,011,21464,3729,3716,1215,4931,22
2022-08-16,Contra Costa,013,1133247,245241,240894,20019,260913,1394
2022-08-16,Del Norte,015,27424,7302,7274,385,7659,55
2022-08-16,El Dorado,017,186661,31625,31523,4111,35634,225
2022-08-16,Fresno,019,978130,272611,267367,30277,297644,2818
2022-08-16,Glenn,021,27897,5440,5403,1823,7226,48
2022-08-16,Humboldt,023,135768,21149,21029,4669,25698,153
2022-08-16,Imperial,025,180216,64217,63972,14950,78922,950
2022-08-16,Inyo,027,18085,4438,4421,862,5283,58
2022-08-16,Kern,029,883053,215624,214040,59962,274002,2389
2022-08-16,Kings,031,150075,58132,57948,3961,61909,454
2022-08-16,Lake,033,64148,12445,12383,1112,13495,142
2022-08-16,Lassen,035,31185,9851,9813,972,10785,64
2022-08-16,Los Angeles,037,10098052,3211286,3190808,171816,3362624,32701
2022-08-16,Madera,039,155013,42871,42677,7833,50510,372
2022-08-16,Marin,041,260295,44055,43852,5060,48912,305
2022-08-16,Mariposa,043,17540,3015,2998,326,3324,31
2022-08-16,Mendocino,045,87422,15628,15504,4273,19777,132
2022-08-16,Merced,047,269075,71446,70232,11231,81463,843
2022-08-16,Modoc,049,8938,865,857,312,1169,11
2022-08-16,Mono,051,14174,3185,3175,235,3410,7
2022-08-16,Monterey,053,433212,92562,91984,20114,112098,759
2022-08-16,Napa,055,140530,31531,31454,1373,32827,155
2022-08-16,Nevada,057,99092,18542,18443,1723,20166,132
2022-08-16,Orange,059,3164182,654167,650827,60416,711243,7266
2022-08-16,Placer,061,380077,74218,73852,9371,83223,655
2022-08-16,Plumas,063,18699,3556,3544,429,3973,13
2022-08-16,Riverside,065,2383286,680813,677437,33890,711327,6562
2022-08-16,Sacramento,067,1510023,338652,336667,33138,369805,3194
2022-08-16,San Benito,069,59416,15834,15655,909,16564,103
2022-08-16,San Bernardino,071,2135413,656690,646584,29693,676277,7999
2022-08-16,San Diego,073,3302833,904097,901794,69326,971120,5442
2022-08-16,San Francisco,075,870044,174350,173590,11715,185305,971
2022-08-16,San Joaquin,077,732212,193393,192078,14159,206237,2283
2022-08-16,San Luis Obispo,079,281455,62054,61604,6805,68409,514
2022-08-16,San Mateo,081,765935,164651,163218,10176,173394,738
2022-08-16,Santa Barbara,083,443738,103079,102430,6548,108978,712
2022-08-16,Santa Clara,085,1922200,424584,418231,18314,436545,2424
2022-08-16,Santa Cruz,087,273765,61291,60880,3293,64173,269
2022-08-16,Shasta,089,179085,34216,33984,7123,41107,587
2022-08-16,Sierra,091,2930,300,297,60,357,4
2022-08-16,Siskiyou,093,43540,4999,5102,3235,8337,88
2022-08-16,Solano,095,438530,102906,102115,7580,109695,459
2022-08-16,Sonoma,097,501317,104457,103844,5081,108925,504
2022-08-16,Stanislaus,099,539301,134667,133989,20891,154880,1715
2022-08-16,Sutter,101,95872,23555,23489,2409,25898,228
2022-08-16,Tehama,103,63373,13350,13259,2973,16232,209
2022-08-16,Trinity,105,12862,1369,1362,359,1721,20
2022-08-16,Tulare,107,460477,119449,118997,34341,153338,1521
2022-08-16,Tuolumne,109,53932,15163,15044,892,15936,196
2022-08-16,Ventura,111,848112,203573,202609,14739,217348,1546
2022-08-16,Yolo,113,214977,46511,46414,4077,50491,331
2022-08-16,Yuba,115,75493,18361,18305,1621,19926,129
2022-08-15,Alameda,001,1643700,337849,336198,18919,355117,1948
2022-08-15,Alpine,002,1148,131,131,1,132,0
2022-08-15,Amador,005,37829,9760,9728,891,10619,89
2022-08-15,Butte,007,227075,38453,38203,8689,46892,447
2022-08-15,Calaveras,009,45235,8318,8295,501,8796,131
2022-08-15,Colusa,011,21464,3726,3716,1214,4930,22
2022-08-15,Contra Costa,013,1133247,244958,240894,19987,260881,1394
2022-08-15,Del Norte,015,27424,7297,7274,384,7658,55
2022-08-15,El Dorado,017,186661,31592,31523,4108,35631,225
2022-08-15,Fresno,019,978130,272302,267367,30211,297578,2818
2022-08-15,Glenn,021,27897,5432,5403,1822,7225,48
2022-08-15,Humboldt,023,135768,21127,21029,4648,25677,153
2022-08-15,Imperial,025,180216,64171,63972,14914,78886,950
2022-08-15,Inyo,027,18085,4437,4421,860,5281,58
2022-08-15,Kern,029,883053,215430,214040,59820,273860,2389
2022-08-15,Kings,031,150075,58058,57948,3952,61900,454
2022-08-15,Lake,033,64148,12428,12383,1111,13494,142
2022-08-15,Lassen,035,31185,9850,9813,972,10785,64
2022-08-15,Los Angeles,037,10098052,3207863,3190808,171471,3362279,32701
2022-08-15,Madera,039,155013,42816,42677,7794,50471,372
2022-08-15,Marin,041,260295,44010,43852,5054,48906,305
2022-08-15,Mariposa,043,17540,3013,2998,325,3323,31
2022-08-15,Mendocino,045,87422,15609,15504,4268,19772,132
2022-08-15,Merced,047,269075,71375,70232,11183,81415,843
2022-08-15,Modoc,049,8938,861,857,312,1169,11
2022-08-15,Mono,051,14174,3183,3175,235,3410,7
2022-08-15,Monterey,053,433212,92450,91984,20048,112032,759
2022-08-15,Napa,055,140530,31507,31454,1373,32827,155
2022-08-15,Nevada,057,99092,18528,18443,1722,20165,132
2022-08-15,Orange,059,3164182,653436,650827,60291,711118,7266
2022-08-15,Placer,061,380077,74158,73852,9362,83214,655
2022-08-15,Plumas,063,18699,3552,3544,429,3973,13
2022-08-15,Riverside,065,2383286,680015,677437,33833,711270,6562
2022-08-15,Sacramento,067,1510023,338249,336667,33099,369766,3194
2022-08-15,San Benito,069,59416,15818,15655,907,16562,103
2022-08-15,San Bernardino,071,2135413,655840,646584,29628,676212,7999
2022-08-15,San Diego,073,3302833,903255,901794,69216,971010,5442
2022-08-15,San Francisco,075,870044,174169,173590,11710,185300,971
2022-08-15,San Joaquin,077,732212,193185,192078,14121,206199,2283
2022-08-15,San Luis Obispo,079,281455,62016,61604,6787,68391,514
2022-08-15,San Mateo,081,765935,164447,163218,10170,173388,738
2022-08-15,Santa Barbara,083,443738,102981,102430,6526,108956,712
2022-08-15,Santa Clara,085,1922200,424048,418231,18290,436521,2424
2022-08-15,Santa Cruz,087,273765,61211,60880,3288,64168,269
2022-08-15,Shasta,089,179085,34191,33984,7113,41097,587
2022-08-15,Sierra,091,2930,300,297,60,357,4
2022-08-15,Siskiyou,093,43540,4996,5102,3231,8333,88
2022-08-15,Solano,095,438530,102793,102115,7565,109680,459
2022-08-15,Sonoma,097,501317,104367,103844,5074,108918,504
2022-08-15,Stanislaus,099,539301,134526,133989,20857,154846,1715
2022-08-15,Sutter,101,95872,23523,23489,2407,25896,228
2022-08-15,Tehama,103,63373,13342,13259,2966,16225,209
2022-08-15,Trinity,105,12862,1366,1362,357,1719,20
2022-08-15,Tulare,107,460477,119312,118997,34231,153228,1521
2022-08-15,Tuolumne,109,53932,15155,15044,892,15936,196
2022-08-15,Ventura,111,848112,203319,202609,14678,217287,1546
2022-08-15,Yolo,113,214977,46477,46414,4074,50488,331
2022-08-15,Yuba,115,75493,18338,18305,1616,19921,129
2022-08-14,Alameda,001,1643700,337382,334944,18898,353842,1948
2022-08-14,Alpine,002,1148,131,131,1,132,0
2022-08-14,Amador,005,37829,9751,9705,889,10594,89
2022-08-14,Butte,007,227075,38402,38062,8673,46735,447
2022-08-14,Calaveras,009,45235,8309,8271,500,8771,131
2022-08-14,Colusa,011,21464,3726,3704,1211,4915,22
2022-08-14,Contra Costa,013,1133247,244685,239735,19938,259673,1393
2022-08-14,Del Norte,015,27424,7287,7245,383,7628,54
2022-08-14,El Dorado,017,186661,31561,31430,4103,35533,225
2022-08-14,Fresno,019,978130,272001,266211,30156,296367,2816
2022-08-14,Glenn,021,27897,5429,5393,1821,7214,48
2022-08-14,Humboldt,023,135768,21098,20954,4634,25588,153
2022-08-14,Imperial,025,180216,64104,63766,14874,78640,950
2022-08-14,Inyo,027,18085,4430,4418,856,5274,58
2022-08-14,Kern,029,883053,215241,213071,59642,272713,2380
2022-08-14,Kings,031,150075,58002,57748,3945,61693,454
2022-08-14,Lake,033,64148,12409,12324,1108,13432,142
2022-08-14,Lassen,035,31185,9830,9795,971,10766,64
2022-08-14,Los Angeles,037,10098052,3204285,3177769,171071,3348840,32657
2022-08-14,Madera,039,155013,42754,42517,7751,50268,372
2022-08-14,Marin,041,260295,43963,43662,5049,48711,305
2022-08-14,Mariposa,043,17540,3011,2986,324,3310,31
2022-08-14,Mendocino,045,87422,15589,15456,4262,19718,132
2022-08-14,Merced,047,269075,71262,69974,11124,81098,842
2022-08-14,Modoc,049,8938,860,856,312,1168,11
2022-08-14,Mono,051,14174,3181,3170,235,3405,7
2022-08-14,Monterey,053,433212,92325,91612,19974,111586,759
2022-08-14,Napa,055,140530,31470,31312,1372,32684,156
2022-08-14,Nevada,057,99092,18508,18398,1719,20117,132
2022-08-14,Orange,059,3164182,652695,648171,60143,708314,7248
2022-08-14,Placer,061,380077,74094,73588,9349,82937,656
2022-08-14,Plumas,063,18699,3550,3539,429,3968,13
2022-08-14,Riverside,065,2383286,679196,674362,33753,708115,6561
2022-08-14,Sacramento,067,1510023,337768,335292,33045,368337,3190
2022-08-14,San Benito,069,59416,15796,15578,898,16476,103
2022-08-14,San Bernardino,071,2135413,654963,643895,29563,673458,7983
2022-08-14,San Diego,073,3302833,902360,898646,69104,967750,5437
2022-08-14,San Francisco,075,870044,173955,172876,11698,184574,955
2022-08-14,San Joaquin,077,732212,192888,191272,14061,205333,2283
2022-08-14,San Luis Obispo,079,281455,61954,61403,6760,68163,512
2022-08-14,San Mateo,081,765935,164239,162531,10157,172688,738
2022-08-14,Santa Barbara,083,443738,102842,101942,6500,108442,712
2022-08-14,Santa Clara,085,1922200,423465,416369,18256,434625,2422
2022-08-14,Santa Cruz,087,273765,61105,60594,3281,63875,273
2022-08-14,Shasta,089,179085,34146,33895,7099,40994,584
2022-08-14,Sierra,091,2930,300,296,60,356,4
2022-08-14,Siskiyou,093,43540,4990,5086,3229,8315,88
2022-08-14,Solano,095,438530,102653,101761,7556,109317,458
2022-08-14,Sonoma,097,501317,104259,103496,5061,108557,504
2022-08-14,Stanislaus,099,539301,134342,133490,20803,154293,1702
2022-08-14,Sutter,101,95872,23481,23386,2403,25789,228
2022-08-14,Tehama,103,63373,13335,13213,2965,16178,209
2022-08-14,Trinity,105,12862,1365,1356,357,1713,20
2022-08-14,Tulare,107,460477,119157,118563,34116,152679,1520
2022-08-14,Tuolumne,109,53932,15135,14964,891,15855,196
2022-08-14,Ventura,111,848112,203052,201765,14638,216403,1541
2022-08-14,Yolo,113,214977,46430,46225,4068,50293,331
2022-08-14,Yuba,115,75493,18316,18232,1613,19845,129
2022-08-13,Alameda,001,1643700,337127,334944,18883,353827,1948
2022-08-13,Alpine,002,1148,131,131,1,132,0
2022-08-13,Amador,005,37829,9747,9705,889,10594,89
2022-08-13,Butte,007,227075,38378,38062,8662,46724,447
2022-08-13,Calaveras,009,45235,8305,8271,499,8770,131
2022-08-13,Colusa,011,21464,3723,3704,1211,4915,22
2022-08-13,Contra Costa,013,1133247,244516,239735,19915,259650,1393
2022-08-13,Del Norte,015,27424,7285,7245,383,7628,54
2022-08-13,El Dorado,017,186661,31548,31430,4102,35532,225
2022-08-13,Fresno,019,978130,271861,266211,30127,296338,2816
2022-08-13,Glenn,021,27897,5429,5393,1819,7212,48
2022-08-13,Humboldt,023,135768,21081,20954,4625,25579,153
2022-08-13,Imperial,025,180216,64062,63766,14857,78623,950
2022-08-13,Inyo,027,18085,4428,4418,855,5273,58
2022-08-13,Kern,029,883053,215147,213071,59561,272632,2380
2022-08-13,Kings,031,150075,57977,57748,3945,61693,454
2022-08-13,Lake,033,64148,12398,12324,1108,13432,142
2022-08-13,Lassen,035,31185,9824,9795,970,10765,64
2022-08-13,Los Angeles,037,10098052,3202423,3177769,170805,3348574,32657
2022-08-13,Madera,039,155013,42738,42517,7744,50261,372
2022-08-13,Marin,041,260295,43943,43662,5046,48708,305
2022-08-13,Mariposa,043,17540,3010,2986,324,3310,31
2022-08-13,Mendocino,045,87422,15577,15456,4259,19715,132
2022-08-13,Merced,047,269075,71223,69974,11118,81092,842
2022-08-13,Modoc,049,8938,860,856,312,1168,11
2022-08-13,Mono,051,14174,3181,3170,234,3404,7
2022-08-13,Monterey,053,433212,92261,91612,19938,111550,759
2022-08-13,Napa,055,140530,31456,31312,1371,32683,156
2022-08-13,Nevada,057,99092,18497,18398,1717,20115,132
2022-08-13,Orange,059,3164182,652290,648171,60068,708239,7248
2022-08-13,Placer,061,380077,74046,73588,9343,82931,656
2022-08-13,Plumas,063,18699,3548,3539,429,3968,13
2022-08-13,Riverside,065,2383286,678756,674362,33724,708086,6561
2022-08-13,Sacramento,067,1510023,337575,335292,33035,368327,3190
2022-08-13,San Benito,069,59416,15788,15578,893,16471,103
2022-08-13,San Bernardino,071,2135413,654483,643895,29541,673436,7983
2022-08-13,San Diego,073,3302833,901910,898646,69061,967707,5437
2022-08-13,San Francisco,075,870044,173838,172876,11692,184568,955
2022-08-13,San Joaquin,077,732212,192764,191272,14039,205311,2283
2022-08-13,San Luis Obispo,079,281455,61935,61403,6755,68158,512
2022-08-13,San Mateo,081,765935,164127,162531,10145,172676,738
2022-08-13,Santa Barbara,083,443738,102762,101942,6487,108429,712
2022-08-13,Santa Clara,085,1922200,423135,416369,18238,434607,2422
2022-08-13,Santa Cruz,087,273765,61067,60594,3276,63870,273
2022-08-13,Shasta,089,179085,34108,33895,7095,40990,584
2022-08-13,Sierra,091,2930,300,296,60,356,4
2022-08-13,Siskiyou,093,43540,4989,5086,3226,8312,88
2022-08-13,Solano,095,438530,102613,101761,7547,109308,458
2022-08-13,Sonoma,097,501317,104203,103496,5061,108557,504
2022-08-13,Stanislaus,099,539301,134240,133490,20779,154269,1702
2022-08-13,Sutter,101,95872,23467,23386,2403,25789,228
2022-08-13,Tehama,103,63373,13330,13213,2964,16177,209
2022-08-13,Trinity,105,12862,1364,1356,357,1713,20
2022-08-13,Tulare,107,460477,119084,118563,34059,152622,1520
2022-08-13,Tuolumne,109,53932,15120,14964,887,15851,196
2022-08-13,Ventura,111,848112,202888,201765,14624,216389,1541
2022-08-13,Yolo,113,214977,46401,46225,4066,50291,331
2022-08-13,Yuba,115,75493,18307,18232,1611,19843,129
2022-08-12,Alameda,001,1643700,336875,334944,18870,353814,1948
2022-08-12,Alpine,002,1148,131,131,1,132,0
2022-08-12,Amador,005,37829,9737,9705,886,10591,89
2022-08-12,Butte,007,227075,38358,38062,8653,46715,447
2022-08-12,Calaveras,009,45235,8297,8271,496,8767,131
2022-08-12,Colusa,011,21464,3720,3704,1211,4915,22
2022-08-12,Contra Costa,013,1133247,244347,239735,19898,259633,1393
2022-08-12,Del Norte,015,27424,7281,7245,383,7628,54
2022-08-12,El Dorado,017,186661,31530,31430,4098,35528,225
2022-08-12,Fresno,019,978130,271651,266211,30102,296313,2816
2022-08-12,Glenn,021,27897,5429,5393,1819,7212,48
2022-08-12,Humboldt,023,135768,21059,20954,4617,25571,153
2022-08-12,Imperial,025,180216,64035,63766,14842,78608,950
2022-08-12,Inyo,027,18085,4427,4418,853,5271,58
2022-08-12,Kern,029,883053,215044,213071,59473,272544,2380
2022-08-12,Kings,031,150075,57957,57748,3944,61692,454
2022-08-12,Lake,033,64148,12394,12324,1105,13429,142
2022-08-12,Lassen,035,31185,9822,9795,970,10765,64
2022-08-12,Los Angeles,037,10098052,3200324,3177769,170556,3348325,32657
2022-08-12,Madera,039,155013,42709,42517,7738,50255,372
2022-08-12,Marin,041,260295,43912,43662,5039,48701,305
2022-08-12,Mariposa,043,17540,3010,2986,324,3310,31
2022-08-12,Mendocino,045,87422,15565,15456,4252,19708,132
2022-08-12,Merced,047,269075,71190,69974,11111,81085,842
2022-08-12,Modoc,049,8938,860,856,312,1168,11
2022-08-12,Mono,051,14174,3181,3170,234,3404,7
2022-08-12,Monterey,053,433212,92203,91612,19905,111517,759
2022-08-12,Napa,055,140530,31435,31312,1370,32682,156
2022-08-12,Nevada,057,99092,18493,18398,1715,20113,132
2022-08-12,Orange,059,3164182,651864,648171,59977,708148,7248
2022-08-12,Placer,061,380077,73995,73588,9333,82921,656
2022-08-12,Plumas,063,18699,3546,3539,429,3968,13
2022-08-12,Riverside,065,2383286,678329,674362,33695,708057,6561
2022-08-12,Sacramento,067,1510023,337358,335292,33018,368310,3190
2022-08-12,San Benito,069,59416,15771,15578,892,16470,103
2022-08-12,San Bernardino,071,2135413,654070,643895,29525,673420,7983
2022-08-12,San Diego,073,3302833,901378,898646,68987,967633,5437
2022-08-12,San Francisco,075,870044,173710,172876,11684,184560,955
2022-08-12,San Joaquin,077,732212,192639,191272,14020,205292,2283
2022-08-12,San Luis Obispo,079,281455,61912,61403,6749,68152,512
2022-08-12,San Mateo,081,765935,163994,162531,10142,172673,738
2022-08-12,Santa Barbara,083,443738,102680,101942,6482,108424,712
2022-08-12,Santa Clara,085,1922200,422788,416369,18220,434589,2422
2022-08-12,Santa Cruz,087,273765,61014,60594,3274,63868,273
2022-08-12,Shasta,089,179085,34094,33895,7087,40982,584
2022-08-12,Sierra,091,2930,298,296,59,355,4
2022-08-12,Siskiyou,093,43540,4987,5086,3226,8312,88
2022-08-12,Solano,095,438530,102541,101761,7535,109296,458
2022-08-12,Sonoma,097,501317,104145,103496,5060,108556,504
2022-08-12,Stanislaus,099,539301,134153,133490,20768,154258,1702
2022-08-12,Sutter,101,95872,23452,23386,2403,25789,228
2022-08-12,Tehama,103,63373,13323,13213,2963,16176,209
2022-08-12,Trinity,105,12862,1361,1356,356,1712,20
2022-08-12,Tulare,107,460477,119021,118563,34004,152567,1520
2022-08-12,Tuolumne,109,53932,15112,14964,887,15851,196
2022-08-12,Ventura,111,848112,202742,201765,14607,216372,1541
2022-08-12,Yolo,113,214977,46379,46225,4061,50286,331
2022-08-12,Yuba,115,75493,18296,18232,1610,19842,129
2022-08-11,Alameda,001,1643700,336548,334944,18843,353787,1948
2022-08-11,Alpine,002,1148,131,131,1,132,0
2022-08-11,Amador,005,37829,9734,9705,883,10588,89
2022-08-11,Butte,007,227075,38320,38062,8641,46703,447
2022-08-11,Calaveras,009,45235,8290,8271,495,8766,131
2022-08-11,Colusa,011,21464,3717,3704,1210,4914,22
2022-08-11,Contra Costa,013,1133247,244085,239735,19867,259602,1393
2022-08-11,Del Norte,015,27424,7274,7245,382,7627,54
2022-08-11,El Dorado,017,186661,31499,31430,4091,35521,225
2022-08-11,Fresno,019,978130,271401,266211,30056,296267,2816
2022-08-11,Glenn,021,27897,5427,5393,1818,7211,48
2022-08-11,Humboldt,023,135768,21029,20954,4608,25562,153
2022-08-11,Imperial,025,180216,63988,63766,14796,78562,950
2022-08-11,Inyo,027,18085,4425,4418,848,5266,58
2022-08-11,Kern,029,883053,214851,213071,59326,272397,2380
2022-08-11,Kings,031,150075,57899,57748,3937,61685,454
2022-08-11,Lake,033,64148,12384,12324,1104,13428,142
2022-08-11,Lassen,035,31185,9817,9795,970,10765,64
2022-08-11,Los Angeles,037,10098052,3197302,3177769,170176,3347945,32657
2022-08-11,Madera,039,155013,42662,42517,7713,50230,372
2022-08-11,Marin,041,260295,43873,43662,5032,48694,305
2022-08-11,Mariposa,043,17540,3008,2986,323,3309,31
2022-08-11,Mendocino,045,87422,15553,15456,4250,19706,132
2022-08-11,Merced,047,269075,71130,69974,11076,81050,842
2022-08-11,Modoc,049,8938,859,856,312,1168,11
2022-08-11,Mono,051,14174,3181,3170,234,3404,7
2022-08-11,Monterey,053,433212,92102,91612,19851,111463,759
2022-08-11,Napa,055,140530,31396,31312,1369,32681,156
2022-08-11,Nevada,057,99092,18473,18398,1713,20111,132
2022-08-11,Orange,059,3164182,651206,648171,59831,708002,7248
2022-08-11,Placer,061,380077,73929,73588,9322,82910,656
2022-08-11,Plumas,063,18699,3545,3539,428,3967,13
2022-08-11,Riverside,065,2383286,677711,674362,33655,708017,6561
2022-08-11,Sacramento,067,1510023,337045,335292,32987,368279,3190
2022-08-11,San Benito,069,59416,15755,15578,891,16469,103
2022-08-11,San Bernardino,071,2135413,653310,643895,29483,673378,7983
2022-08-11,San Diego,073,3302833,900600,898646,68862,967508,5437
2022-08-11,San Francisco,075,870044,173551,172876,11667,184543,955
2022-08-11,San Joaquin,077,732212,192448,191272,13988,205260,2283
2022-08-11,San Luis Obispo,079,281455,61860,61403,6725,68128,512
2022-08-11,San Mateo,081,765935,163828,162531,10133,172664,738
2022-08-11,Santa Barbara,083,443738,102569,101942,6462,108404,712
2022-08-11,Santa Clara,085,1922200,422343,416369,18201,434570,2422
2022-08-11,Santa Cruz,087,273765,60949,60594,3270,63864,273
2022-08-11,Shasta,089,179085,34073,33895,7075,40970,584
2022-08-11,Sierra,091,2930,297,296,59,355,4
2022-08-11,Siskiyou,093,43540,4985,5086,3222,8308,88
2022-08-11,Solano,095,438530,102473,101761,7521,109282,458
2022-08-11,Sonoma,097,501317,104047,103496,5054,108550,504
2022-08-11,Stanislaus,099,539301,133995,133490,20726,154216,1702
2022-08-11,Sutter,101,95872,23422,23386,2403,25789,228
2022-08-11,Tehama,103,63373,13314,13213,2963,16176,209
2022-08-11,Trinity,105,12862,1361,1356,355,1711,20
2022-08-11,Tulare,107,460477,118920,118563,33917,152480,1520
2022-08-11,Tuolumne,109,53932,15104,14964,885,15849,196
2022-08-11,Ventura,111,848112,202537,201765,14573,216338,1541
2022-08-11,Yolo,113,214977,46345,46225,4057,50282,331
2022-08-11,Yuba,115,75493,18273,18232,1607,19839,129
2022-08-10,Alameda,001,1643700,336146,333587,18817,352404,1944
2022-08-10,Alpine,002,1148,131,131,1,132,0
2022-08-10,Amador,005,37829,9729,9677,880,10557,88
2022-08-10,Butte,007,227075,38284,37892,8633,46525,446
2022-08-10,Calaveras,009,45235,8284,8251,492,8743,130
2022-08-10,Colusa,011,21464,3713,3700,1210,4910,22
2022-08-10,Contra Costa,013,1133247,243831,238658,19830,258488,1382
2022-08-10,Del Norte,015,27424,7269,7220,382,7602,54
2022-08-10,El Dorado,017,186661,31472,31354,4078,35432,225
2022-08-10,Fresno,019,978130,271128,265300,29996,295296,2815
2022-08-10,Glenn,021,27897,5425,5387,1815,7202,48
2022-08-10,Humboldt,023,135768,21014,20843,4591,25434,153
2022-08-10,Imperial,025,180216,63930,63532,14754,78286,949
2022-08-10,Inyo,027,18085,4425,4416,847,5263,57
2022-08-10,Kern,029,883053,214661,212602,59178,271780,2380
2022-08-10,Kings,031,150075,57852,57569,3935,61504,453
2022-08-10,Lake,033,64148,12370,12281,1104,13385,142
2022-08-10,Lassen,035,31185,9810,9682,970,10652,64
2022-08-10,Los Angeles,037,10098052,3194081,3168105,169808,3337913,32609
2022-08-10,Madera,039,155013,42623,42350,7699,50049,372
2022-08-10,Marin,041,260295,43827,43532,5029,48561,302
2022-08-10,Mariposa,043,17540,3007,2980,323,3303,31
2022-08-10,Mendocino,045,87422,15538,15394,4249,19643,132
2022-08-10,Merced,047,269075,71057,69740,11052,80792,839
2022-08-10,Modoc,049,8938,858,855,311,1166,11
2022-08-10,Mono,051,14174,3179,3165,234,3399,7
2022-08-10,Monterey,053,433212,92000,91307,19786,111093,758
2022-08-10,Napa,055,140530,31358,31223,1368,32591,153
2022-08-10,Nevada,057,99092,18459,18354,1711,20065,132
2022-08-10,Orange,059,3164182,650478,646005,59706,705711,7235
2022-08-10,Placer,061,380077,73873,73348,9314,82662,650
2022-08-10,Plumas,063,18699,3543,3525,428,3953,13
2022-08-10,Riverside,065,2383286,676978,672334,33605,705939,6555
2022-08-10,Sacramento,067,1510023,336716,334382,32954,367336,3177
2022-08-10,San Benito,069,59416,15725,15507,885,16392,101
2022-08-10,San Bernardino,071,2135413,652655,641936,29437,671373,7977
2022-08-10,San Diego,073,3302833,899748,895482,68746,964228,5429
2022-08-10,San Francisco,075,870044,173384,172265,11649,183914,945
2022-08-10,San Joaquin,077,732212,192221,190596,13943,204539,2281
2022-08-10,San Luis Obispo,079,281455,61815,61207,6710,67917,510
2022-08-10,San Mateo,081,765935,163628,161882,10127,172009,738
2022-08-10,Santa Barbara,083,443738,102442,101558,6444,108002,711
2022-08-10,Santa Clara,085,1922200,421806,414659,18179,432838,2398
2022-08-10,Santa Cruz,087,273765,60868,60360,3268,63628,269
2022-08-10,Shasta,089,179085,34050,33816,7068,40884,584
2022-08-10,Sierra,091,2930,297,295,59,354,4
2022-08-10,Siskiyou,093,43540,4982,5074,3216,8290,87
2022-08-10,Solano,095,438530,102380,101393,7517,108910,457
2022-08-10,Sonoma,097,501317,103952,103168,5048,108216,501
2022-08-10,Stanislaus,099,539301,133854,133071,20694,153765,1702
2022-08-10,Sutter,101,95872,23393,23279,2402,25681,228
2022-08-10,Tehama,103,63373,13306,13187,2963,16150,209
2022-08-10,Trinity,105,12862,1360,1350,355,1705,20
2022-08-10,Tulare,107,460477,118834,118239,33837,152076,1520
2022-08-10,Tuolumne,109,53932,15069,14922,883,15805,196
2022-08-10,Ventura,111,848112,202308,201179,14540,215719,1539
2022-08-10,Yolo,113,214977,46309,46069,4052,50121,330
2022-08-10,Yuba,115,75493,18253,18179,1603,19782,129
2022-08-09,Alameda,001,1643700,335718,333587,18779,352366,1944
2022-08-09,Alpine,002,1148,131,131,1,132,0
2022-08-09,Amador,005,37829,9719,9677,879,10556,88
2022-08-09,Butte,007,227075,38245,37892,8622,46514,446
2022-08-09,Calaveras,009,45235,8277,8251,492,8743,130
2022-08-09,Colusa,011,21464,3710,3700,1209,4909,22
2022-08-09,Contra Costa,013,1133247,243554,238658,19785,258443,1382
2022-08-09,Del Norte,015,27424,7252,7220,381,7601,54
2022-08-09,El Dorado,017,186661,31443,31354,4072,35426,225
2022-08-09,Fresno,019,978130,270797,265300,29960,295260,2815
2022-08-09,Glenn,021,27897,5423,5387,1815,7202,48
2022-08-09,Humboldt,023,135768,20988,20843,4582,25425,153
2022-08-09,Imperial,025,180216,63866,63532,14698,78230,949
2022-08-09,Inyo,027,18085,4424,4416,843,5259,57
2022-08-09,Kern,029,883053,214458,212602,59034,271636,2380
2022-08-09,Kings,031,150075,57786,57569,3932,61501,453
2022-08-09,Lake,033,64148,12346,12281,1103,13384,142
2022-08-09,Lassen,035,31185,9804,9682,970,10652,64
2022-08-09,Los Angeles,037,10098052,3190569,3168105,169423,3337528,32609
2022-08-09,Madera,039,155013,42569,42350,7688,50038,372
2022-08-09,Marin,041,260295,43772,43532,5025,48557,302
2022-08-09,Mariposa,043,17540,3003,2980,322,3302,31
2022-08-09,Mendocino,045,87422,15519,15394,4240,19634,132
2022-08-09,Merced,047,269075,70992,69740,11022,80762,839
2022-08-09,Modoc,049,8938,858,855,310,1165,11
2022-08-09,Mono,051,14174,3179,3165,233,3398,7
2022-08-09,Monterey,053,433212,91888,91307,19719,111026,758
2022-08-09,Napa,055,140530,31330,31223,1366,32589,153
2022-08-09,Nevada,057,99092,18447,18354,1709,20063,132
2022-08-09,Orange,059,3164182,649638,646005,59548,705553,7235
2022-08-09,Placer,061,380077,73807,73348,9307,82655,650
2022-08-09,Plumas,063,18699,3538,3525,428,3953,13
2022-08-09,Riverside,065,2383286,676224,672334,33550,705884,6555
2022-08-09,Sacramento,067,1510023,336295,334382,32921,367303,3177
2022-08-09,San Benito,069,59416,15706,15507,881,16388,101
2022-08-09,San Bernardino,071,2135413,651951,641936,29381,671317,7977
2022-08-09,San Diego,073,3302833,898845,895482,68617,964099,5429
2022-08-09,San Francisco,075,870044,173125,172265,11630,183895,945
2022-08-09,San Joaquin,077,732212,192007,190596,13901,204497,2281
2022-08-09,San Luis Obispo,079,281455,61757,61207,6687,67894,510
2022-08-09,San Mateo,081,765935,163429,161882,10112,171994,738
2022-08-09,Santa Barbara,083,443738,102284,101558,6415,107973,711
2022-08-09,Santa Clara,085,1922200,421271,414659,18157,432816,2398
2022-08-09,Santa Cruz,087,273765,60794,60360,3259,63619,269
2022-08-09,Shasta,089,179085,34028,33816,7065,40881,584
2022-08-09,Sierra,091,2930,297,295,59,354,4
2022-08-09,Siskiyou,093,43540,4980,5074,3212,8286,87
2022-08-09,Solano,095,438530,102276,101393,7506,108899,457
2022-08-09,Sonoma,097,501317,103847,103168,5042,108210,501
2022-08-09,Stanislaus,099,539301,133710,133071,20663,153734,1702
2022-08-09,Sutter,101,95872,23362,23279,2401,25680,228
2022-08-09,Tehama,103,63373,13292,13187,2954,16141,209
2022-08-09,Trinity,105,12862,1358,1350,354,1704,20
2022-08-09,Tulare,107,460477,118719,118239,33754,151993,1520
2022-08-09,Tuolumne,109,53932,15053,14922,883,15805,196
2022-08-09,Ventura,111,848112,202072,201179,14507,215686,1539
2022-08-09,Yolo,113,214977,46267,46069,4040,50109,330
2022-08-09,Yuba,115,75493,18234,18179,1593,19772,129
2022-08-08,Alameda,001,1643700,335254,333587,18736,352323,1944
2022-08-08,Alpine,002,1148,131,131,1,132,0
2022-08-08,Amador,005,37829,9713,9677,878,10555,88
2022-08-08,Butte,007,227075,38191,37892,8609,46501,446
2022-08-08,Calaveras,009,45235,8272,8251,489,8740,130
2022-08-08,Colusa,011,21464,3710,3700,1208,4908,22
2022-08-08,Contra Costa,013,1133247,243180,238658,19738,258396,1382
2022-08-08,Del Norte,015,27424,7244,7220,381,7601,54
2022-08-08,El Dorado,017,186661,31414,31354,4065,35419,225
2022-08-08,Fresno,019,978130,270431,265300,29907,295207,2815
2022-08-08,Glenn,021,27897,5417,5387,1814,7201,48
2022-08-08,Humboldt,023,135768,20948,20843,4567,25410,153
2022-08-08,Imperial,025,180216,63806,63532,14630,78162,949
2022-08-08,Inyo,027,18085,4423,4416,842,5258,57
2022-08-08,Kern,029,883053,214193,212602,58878,271480,2380
2022-08-08,Kings,031,150075,57726,57569,3923,61492,453
2022-08-08,Lake,033,64148,12324,12281,1100,13381,142
2022-08-08,Lassen,035,31185,9791,9682,967,10649,64
2022-08-08,Los Angeles,037,10098052,3186918,3168105,168989,3337094,32609
2022-08-08,Madera,039,155013,42511,42350,7665,50015,372
2022-08-08,Marin,041,260295,43715,43532,5014,48546,302
2022-08-08,Mariposa,043,17540,2998,2980,319,3299,31
2022-08-08,Mendocino,045,87422,15505,15394,4230,19624,132
2022-08-08,Merced,047,269075,70922,69740,10993,80733,839
2022-08-08,Modoc,049,8938,857,855,310,1165,11
2022-08-08,Mono,051,14174,3179,3165,233,3398,7
2022-08-08,Monterey,053,433212,91788,91307,19639,110946,758
2022-08-08,Napa,055,140530,31295,31223,1365,32588,153
2022-08-08,Nevada,057,99092,18430,18354,1702,20056,132
2022-08-08,Orange,059,3164182,648774,646005,59386,705391,7235
2022-08-08,Placer,061,380077,73747,73348,9297,82645,650
2022-08-08,Plumas,063,18699,3535,3525,427,3952,13
2022-08-08,Riverside,065,2383286,675416,672334,33499,705833,6555
2022-08-08,Sacramento,067,1510023,335890,334382,32882,367264,3177
2022-08-08,San Benito,069,59416,15678,15507,878,16385,101
2022-08-08,San Bernardino,071,2135413,651103,641936,29325,671261,7977
2022-08-08,San Diego,073,3302833,897753,895482,68485,963967,5429
2022-08-08,San Francisco,075,870044,172902,172265,11613,183878,945
2022-08-08,San Joaquin,077,732212,191742,190596,13859,204455,2281
2022-08-08,San Luis Obispo,079,281455,61691,61207,6665,67872,510
2022-08-08,San Mateo,081,765935,163212,161882,10104,171986,738
2022-08-08,Santa Barbara,083,443738,102150,101558,6399,107957,711
2022-08-08,Santa Clara,085,1922200,420648,414659,18133,432792,2398
2022-08-08,Santa Cruz,087,273765,60718,60360,3256,63616,269
2022-08-08,Shasta,089,179085,33997,33816,7057,40873,584
2022-08-08,Sierra,091,2930,297,295,59,354,4
2022-08-08,Siskiyou,093,43540,4977,5074,3209,8283,87
2022-08-08,Solano,095,438530,102131,101393,7492,108885,457
2022-08-08,Sonoma,097,501317,103735,103168,5033,108201,501
2022-08-08,Stanislaus,099,539301,133586,133071,20635,153706,1702
2022-08-08,Sutter,101,95872,23326,23279,2401,25680,228
2022-08-08,Tehama,103,63373,13282,13187,2952,16139,209
2022-08-08,Trinity,105,12862,1358,1350,353,1703,20
2022-08-08,Tulare,107,460477,118577,118239,33667,151906,1520
2022-08-08,Tuolumne,109,53932,15045,14922,882,15804,196
2022-08-08,Ventura,111,848112,201825,201179,14458,215637,1539
2022-08-08,Yolo,113,214977,46213,46069,4034,50103,330
2022-08-08,Yuba,115,75493,18210,18179,1591,19770,129
2022-08-07,Alameda,001,1643700,334691,331755,18699,350454,1945
2022-08-07,Alpine,002,1148,131,130,1,131,0
2022-08-07,Amador,005,37829,9706,9655,876,10531,88
2022-08-07,Butte,007,227075,38119,37717,8597,46314,446
2022-08-07,Calaveras,009,45235,8259,8219,485,8704,129
2022-08-07,Colusa,011,21464,3706,3696,1207,4903,22
2022-08-07,Contra Costa,013,1133247,242788,237436,19692,257128,1383
2022-08-07,Del Norte,015,27424,7232,7191,378,7569,54
2022-08-07,El Dorado,017,186661,31374,31240,4060,35300,225
2022-08-07,Fresno,019,978130,270004,263912,29831,293743,2815
2022-08-07,Glenn,021,27897,5415,5379,1811,7190,48
2022-08-07,Humboldt,023,135768,20909,20746,4547,25293,153
2022-08-07,Imperial,025,180216,63722,63198,14557,77755,949
2022-08-07,Inyo,027,18085,4423,4408,839,5247,57
2022-08-07,Kern,029,883053,213961,211798,58676,270474,2375
2022-08-07,Kings,031,150075,57629,57294,3916,61210,453
2022-08-07,Lake,033,64148,12310,12220,1100,13320,142
2022-08-07,Lassen,035,31185,9735,9654,967,10621,64
2022-08-07,Los Angeles,037,10098052,3182451,3153757,168596,3322353,32563
2022-08-07,Madera,039,155013,42454,42139,7626,49765,372
2022-08-07,Marin,041,260295,43658,43295,5004,48299,302
2022-08-07,Mariposa,043,17540,2995,2965,318,3283,31
2022-08-07,Mendocino,045,87422,15485,15335,4212,19547,132
2022-08-07,Merced,047,269075,70795,69498,10942,80440,838
2022-08-07,Modoc,049,8938,856,853,310,1163,11
2022-08-07,Mono,051,14174,3176,3161,233,3394,7
2022-08-07,Monterey,053,433212,91654,90884,19550,110434,757
2022-08-07,Napa,055,140530,31251,31052,1363,32415,151
2022-08-07,Nevada,057,99092,18406,18309,1696,20005,132
2022-08-07,Orange,059,3164182,647846,643029,59193,702222,7213
2022-08-07,Placer,061,380077,73657,73064,9281,82345,648
2022-08-07,Plumas,063,18699,3534,3516,427,3943,13
2022-08-07,Riverside,065,2383286,674477,669230,33420,702650,6555
2022-08-07,Sacramento,067,1510023,335404,332928,32828,365756,3175
2022-08-07,San Benito,069,59416,15651,15403,875,16278,101
2022-08-07,San Bernardino,071,2135413,650200,639120,29260,668380,7956
2022-08-07,San Diego,073,3302833,896483,891504,68372,959876,5424
2022-08-07,San Francisco,075,870044,172621,171486,11586,183072,946
2022-08-07,San Joaquin,077,732212,191437,189696,13801,203497,2276
2022-08-07,San Luis Obispo,079,281455,61593,60903,6633,67536,510
2022-08-07,San Mateo,081,765935,162961,161011,10087,171098,734
2022-08-07,Santa Barbara,083,443738,101961,100995,6373,107368,711
2022-08-07,Santa Clara,085,1922200,419929,412411,18116,430527,2386
2022-08-07,Santa Cruz,087,273765,60596,59982,3241,63223,269
2022-08-07,Shasta,089,179085,33946,33727,7043,40770,583
2022-08-07,Sierra,091,2930,296,295,59,354,4
2022-08-07,Siskiyou,093,43540,4975,5045,3205,8250,87
2022-08-07,Solano,095,438530,101972,100081,7476,107557,457
2022-08-07,Sonoma,097,501317,103616,102682,5026,107708,502
2022-08-07,Stanislaus,099,539301,133391,132406,20601,153007,1701
2022-08-07,Sutter,101,95872,23290,23178,2400,25578,228
2022-08-07,Tehama,103,63373,13271,13155,2948,16103,209
2022-08-07,Trinity,105,12862,1356,1347,352,1699,20
2022-08-07,Tulare,107,460477,118424,117668,33570,151238,1516
2022-08-07,Tuolumne,109,53932,15028,14844,882,15726,196
2022-08-07,Ventura,111,848112,201566,200270,14413,214683,1537
2022-08-07,Yolo,113,214977,46163,45902,4024,49926,331
2022-08-07,Yuba,115,75493,18191,18099,1587,19686,124
2022-08-06,Alameda,001,1643700,334441,331755,18689,350444,1945
2022-08-06,Alpine,002,1148,131,130,1,131,0
2022-08-06,Amador,005,37829,9699,9655,874,10529,88
2022-08-06,Butte,007,227075,38081,37717,8587,46304,446
2022-08-06,Calaveras,009,45235,8252,8219,484,8703,129
2022-08-06,Colusa,011,21464,3704,3696,1204,4900,22
2022-08-06,Contra Costa,013,1133247,242542,237436,19673,257109,1383
2022-08-06,Del Norte,015,27424,7226,7191,378,7569,54
2022-08-06,El Dorado,017,186661,31357,31240,4057,35297,225
2022-08-06,Fresno,019,978130,269824,263912,29809,293721,2815
2022-08-06,Glenn,021,27897,5415,5379,1810,7189,48
2022-08-06,Humboldt,023,135768,20888,20746,4539,25285,153
2022-08-06,Imperial,025,180216,63675,63198,14529,77727,949
2022-08-06,Inyo,027,18085,4423,4408,838,5246,57
2022-08-06,Kern,029,883053,213861,211798,58562,270360,2375
2022-08-06,Kings,031,150075,57589,57294,3916,61210,453
2022-08-06,Lake,033,64148,12305,12220,1099,13319,142
2022-08-06,Lassen,035,31185,9702,9654,967,10621,64
2022-08-06,Los Angeles,037,10098052,3180246,3153757,168314,3322071,32563
2022-08-06,Madera,039,155013,42410,42139,7620,49759,372
2022-08-06,Marin,041,260295,43629,43295,4999,48294,302
2022-08-06,Mariposa,043,17540,2994,2965,318,3283,31
2022-08-06,Mendocino,045,87422,15476,15335,4211,19546,132
2022-08-06,Merced,047,269075,70765,69498,10937,80435,838
2022-08-06,Modoc,049,8938,856,853,310,1163,11
2022-08-06,Mono,051,14174,3173,3161,233,3394,7
2022-08-06,Monterey,053,433212,91601,90884,19505,110389,757
2022-08-06,Napa,055,140530,31230,31052,1362,32414,151
2022-08-06,Nevada,057,99092,18397,18309,1695,20004,132
2022-08-06,Orange,059,3164182,647391,643029,59084,702113,7213
2022-08-06,Placer,061,380077,73600,73064,9274,82338,648
2022-08-06,Plumas,063,18699,3532,3516,427,3943,13
2022-08-06,Riverside,065,2383286,673954,669230,33384,702614,6555
2022-08-06,Sacramento,067,1510023,335229,332928,32819,365747,3175
2022-08-06,San Benito,069,59416,15634,15403,873,16276,101
2022-08-06,San Bernardino,071,2135413,649726,639120,29226,668346,7956
2022-08-06,San Diego,073,3302833,895927,891504,68329,959833,5424
2022-08-06,San Francisco,075,870044,172464,171486,11576,183062,946
2022-08-06,San Joaquin,077,732212,191308,189696,13765,203461,2276
2022-08-06,San Luis Obispo,079,281455,61565,60903,6628,67531,510
2022-08-06,San Mateo,081,765935,162822,161011,10081,171092,734
2022-08-06,Santa Barbara,083,443738,101887,100995,6361,107356,711
2022-08-06,Santa Clara,085,1922200,419457,412411,18098,430509,2386
2022-08-06,Santa Cruz,087,273765,60539,59982,3234,63216,269
2022-08-06,Shasta,089,179085,33915,33727,7033,40760,583
2022-08-06,Sierra,091,2930,296,295,59,354,4
2022-08-06,Siskiyou,093,43540,4973,5045,3203,8248,87
2022-08-06,Solano,095,438530,101923,100081,7470,107551,457
2022-08-06,Sonoma,097,501317,103552,102682,5019,107701,502
2022-08-06,Stanislaus,099,539301,133288,132406,20591,152997,1701
2022-08-06,Sutter,101,95872,23266,23178,2400,25578,228
2022-08-06,Tehama,103,63373,13266,13155,2944,16099,209
2022-08-06,Trinity,105,12862,1356,1347,352,1699,20
2022-08-06,Tulare,107,460477,118343,117668,33527,151195,1516
2022-08-06,Tuolumne,109,53932,15020,14844,881,15725,196
2022-08-06,Ventura,111,848112,201457,200270,14391,214661,1537
2022-08-06,Yolo,113,214977,46132,45902,4016,49918,331
2022-08-06,Yuba,115,75493,18175,18099,1586,19685,124
2022-08-05,Alameda,001,1643700,334131,331755,18679,350434,1945
2022-08-05,Alpine,002,1148,131,130,1,131,0
2022-08-05,Amador,005,37829,9697,9655,873,10528,88
2022-08-05,Butte,007,227075,38043,37717,8576,46293,446
2022-08-05,Calaveras,009,45235,8248,8219,484,8703,129
2022-08-05,Colusa,011,21464,3703,3696,1204,4900,22
2022-08-05,Contra Costa,013,1133247,242349,237436,19647,257083,1383
2022-08-05,Del Norte,015,27424,7222,7191,377,7568,54
2022-08-05,El Dorado,017,186661,31349,31240,4056,35296,225
2022-08-05,Fresno,019,978130,269641,263912,29786,293698,2815
2022-08-05,Glenn,021,27897,5414,5379,1809,7188,48
2022-08-05,Humboldt,023,135768,20871,20746,4526,25272,153
2022-08-05,Imperial,025,180216,63600,63198,14490,77688,949
2022-08-05,Inyo,027,18085,4423,4408,838,5246,57
2022-08-05,Kern,029,883053,213744,211798,58471,270269,2375
2022-08-05,Kings,031,150075,57564,57294,3915,61209,453
2022-08-05,Lake,033,64148,12295,12220,1099,13319,142
2022-08-05,Lassen,035,31185,9690,9654,966,10620,64
2022-08-05,Los Angeles,037,10098052,3177733,3153757,168031,3321788,32563
2022-08-05,Madera,039,155013,42367,42139,7610,49749,372
2022-08-05,Marin,041,260295,43586,43295,4993,48288,302
2022-08-05,Mariposa,043,17540,2989,2965,317,3282,31
2022-08-05,Mendocino,045,87422,15460,15335,4209,19544,132
2022-08-05,Merced,047,269075,70714,69498,10931,80429,838
2022-08-05,Modoc,049,8938,856,853,310,1163,11
2022-08-05,Mono,051,14174,3172,3161,233,3394,7
2022-08-05,Monterey,053,433212,91533,90884,19470,110354,757
2022-08-05,Napa,055,140530,31201,31052,1361,32413,151
2022-08-05,Nevada,057,99092,18387,18309,1694,20003,132
2022-08-05,Orange,059,3164182,646865,643029,58977,702006,7213
2022-08-05,Placer,061,380077,73548,73064,9267,82331,648
2022-08-05,Plumas,063,18699,3530,3516,427,3943,13
2022-08-05,Riverside,065,2383286,673387,669230,33342,702572,6555
2022-08-05,Sacramento,067,1510023,334979,332928,32798,365726,3175
2022-08-05,San Benito,069,59416,15612,15403,871,16274,101
2022-08-05,San Bernardino,071,2135413,649259,639120,29201,668321,7956
2022-08-05,San Diego,073,3302833,895266,891504,68248,959752,5424
2022-08-05,San Francisco,075,870044,172321,171486,11556,183042,946
2022-08-05,San Joaquin,077,732212,191180,189696,13731,203427,2276
2022-08-05,San Luis Obispo,079,281455,61530,60903,6620,67523,510
2022-08-05,San Mateo,081,765935,162645,161011,10072,171083,734
2022-08-05,Santa Barbara,083,443738,101785,100995,6353,107348,711
2022-08-05,Santa Clara,085,1922200,418952,412411,18068,430479,2386
2022-08-05,Santa Cruz,087,273765,60472,59982,3230,63212,269
2022-08-05,Shasta,089,179085,33905,33727,7030,40757,583
2022-08-05,Sierra,091,2930,296,295,59,354,4
2022-08-05,Siskiyou,093,43540,4970,5045,3201,8246,87
2022-08-05,Solano,095,438530,101845,100081,7462,107543,457
2022-08-05,Sonoma,097,501317,103474,102682,5015,107697,502
2022-08-05,Stanislaus,099,539301,133187,132406,20580,152986,1701
2022-08-05,Sutter,101,95872,23247,23178,2398,25576,228
2022-08-05,Tehama,103,63373,13258,13155,2944,16099,209
2022-08-05,Trinity,105,12862,1355,1347,352,1699,20
2022-08-05,Tulare,107,460477,118257,117668,33474,151142,1516
2022-08-05,Tuolumne,109,53932,15007,14844,880,15724,196
2022-08-05,Ventura,111,848112,201307,200270,14362,214632,1537
2022-08-05,Yolo,113,214977,46113,45902,4002,49904,331
2022-08-05,Yuba,115,75493,18167,18099,1585,19684,124
2022-08-04,Alameda,001,1643700,333665,331755,18642,350397,1945
2022-08-04,Alpine,002,1148,130,130,1,131,0
2022-08-04,Amador,005,37829,9686,9655,869,10524,88
2022-08-04,Butte,007,227075,37999,37717,8561,46278,446
2022-08-04,Calaveras,009,45235,8241,8219,483,8702,129
2022-08-04,Colusa,011,21464,3702,3696,1204,4900,22
2022-08-04,Contra Costa,013,1133247,242075,237436,19607,257043,1383
2022-08-04,Del Norte,015,27424,7214,7191,376,7567,54
2022-08-04,El Dorado,017,186661,31318,31240,4053,35293,225
2022-08-04,Fresno,019,978130,269306,263912,29734,293646,2815
2022-08-04,Glenn,021,27897,5409,5379,1806,7185,48
2022-08-04,Humboldt,023,135768,20845,20746,4515,25261,153
2022-08-04,Imperial,025,180216,63533,63198,14436,77634,949
2022-08-04,Inyo,027,18085,4422,4408,837,5245,57
2022-08-04,Kern,029,883053,213531,211798,58341,270139,2375
2022-08-04,Kings,031,150075,57497,57294,3908,61202,453
2022-08-04,Lake,033,64148,12280,12220,1099,13319,142
2022-08-04,Lassen,035,31185,9685,9654,963,10617,64
2022-08-04,Los Angeles,037,10098052,3174011,3153757,167643,3321400,32563
2022-08-04,Madera,039,155013,42324,42139,7569,49708,372
2022-08-04,Marin,041,260295,43530,43295,4966,48261,302
2022-08-04,Mariposa,043,17540,2983,2965,316,3281,31
2022-08-04,Mendocino,045,87422,15445,15335,4203,19538,132
2022-08-04,Merced,047,269075,70641,69498,10893,80391,838
2022-08-04,Modoc,049,8938,856,853,310,1163,11
2022-08-04,Mono,051,14174,3172,3161,233,3394,7
2022-08-04,Monterey,053,433212,91423,90884,19407,110291,757
2022-08-04,Napa,055,140530,31165,31052,1360,32412,151
2022-08-04,Nevada,057,99092,18375,18309,1688,19997,132
2022-08-04,Orange,059,3164182,646068,643029,58839,701868,7213
2022-08-04,Placer,061,380077,73475,73064,9255,82319,648
2022-08-04,Plumas,063,18699,3524,3516,427,3943,13
2022-08-04,Riverside,065,2383286,672656,669230,33304,702534,6555
2022-08-04,Sacramento,067,1510023,334554,332928,32773,365701,3175
2022-08-04,San Benito,069,59416,15582,15403,865,16268,101
2022-08-04,San Bernardino,071,2135413,648542,639120,29148,668268,7956
2022-08-04,San Diego,073,3302833,894285,891504,68147,959651,5424
2022-08-04,San Francisco,075,870044,172108,171486,11528,183014,946
2022-08-04,San Joaquin,077,732212,190975,189696,13691,203387,2276
2022-08-04,San Luis Obispo,079,281455,61457,60903,6598,67501,510
2022-08-04,San Mateo,081,765935,162421,161011,10065,171076,734
2022-08-04,Santa Barbara,083,443738,101652,100995,6332,107327,711
2022-08-04,Santa Clara,085,1922200,418366,412411,18040,430451,2386
2022-08-04,Santa Cruz,087,273765,60384,59982,3229,63211,269
2022-08-04,Shasta,089,179085,33881,33727,7017,40744,583
2022-08-04,Sierra,091,2930,296,295,59,354,4
2022-08-04,Siskiyou,093,43540,4966,5045,3195,8240,87
2022-08-04,Solano,095,438530,101734,100081,7451,107532,457
2022-08-04,Sonoma,097,501317,103365,102682,5005,107687,502
2022-08-04,Stanislaus,099,539301,133028,132406,20556,152962,1701
2022-08-04,Sutter,101,95872,23221,23178,2396,25574,228
2022-08-04,Tehama,103,63373,13244,13155,2939,16094,209
2022-08-04,Trinity,105,12862,1354,1347,351,1698,20
2022-08-04,Tulare,107,460477,118140,117668,33414,151082,1516
2022-08-04,Tuolumne,109,53932,14983,14844,878,15722,196
2022-08-04,Ventura,111,848112,201074,200270,14325,214595,1537
2022-08-04,Yolo,113,214977,46075,45902,3994,49896,331
2022-08-04,Yuba,115,75493,18148,18099,1584,19683,124
2022-08-03,Alameda,001,1643700,333149,330158,18604,348762,1941
2022-08-03,Alpine,002,1148,130,130,1,131,0
2022-08-03,Amador,005,37829,9680,9627,866,10493,88
2022-08-03,Butte,007,227075,37954,37567,8551,46118,444
2022-08-03,Calaveras,009,45235,8233,8194,482,8676,128
2022-08-03,Colusa,011,21464,3702,3676,1204,4880,22
2022-08-03,Contra Costa,013,1133247,241748,236190,19559,255749,1381
2022-08-03,Del Norte,015,27424,7210,7156,376,7532,54
2022-08-03,El Dorado,017,186661,31283,31165,4044,35209,222
2022-08-03,Fresno,019,978130,268895,262758,29686,292444,2806
2022-08-03,Glenn,021,27897,5407,5363,1802,7165,48
2022-08-03,Humboldt,023,135768,20811,20640,4498,25138,153
2022-08-03,Imperial,025,180216,63453,62884,14387,77271,949
2022-08-03,Inyo,027,18085,4422,4398,831,5229,57
2022-08-03,Kern,029,883053,213342,211047,58165,269212,2375
2022-08-03,Kings,031,150075,57433,57065,3904,60969,453
2022-08-03,Lake,033,64148,12261,12172,1098,13270,142
2022-08-03,Lassen,035,31185,9682,9563,963,10526,64
2022-08-03,Los Angeles,037,10098052,3170261,3140955,167250,3308205,32500
2022-08-03,Madera,039,155013,42281,41918,7551,49469,372
2022-08-03,Marin,041,260295,43466,43127,4954,48081,300
2022-08-03,Mariposa,043,17540,2979,2950,316,3266,30
2022-08-03,Mendocino,045,87422,15427,15260,4195,19455,132
2022-08-03,Merced,047,269075,70575,69198,10860,80058,838
2022-08-03,Modoc,049,8938,855,842,310,1152,11
2022-08-03,Mono,051,14174,3171,3157,232,3389,7
2022-08-03,Monterey,053,433212,91318,90456,19344,109800,754
2022-08-03,Napa,055,140530,31128,30935,1355,32290,151
2022-08-03,Nevada,057,99092,18364,18253,1685,19938,132
2022-08-03,Orange,059,3164182,645224,640110,58670,698780,7202
2022-08-03,Placer,061,380077,73391,72834,9239,82073,646
2022-08-03,Plumas,063,18699,3521,3496,427,3923,13
2022-08-03,Riverside,065,2383286,671796,666773,33244,700017,6547
2022-08-03,Sacramento,067,1510023,334126,331584,32739,364323,3162
2022-08-03,San Benito,069,59416,15552,15338,858,16196,100
2022-08-03,San Bernardino,071,2135413,647783,636510,29100,665610,7951
2022-08-03,San Diego,073,3302833,893070,887729,68023,955752,5417
2022-08-03,San Francisco,075,870044,171898,170637,11510,182147,939
2022-08-03,San Joaquin,077,732212,190730,188962,13658,202620,2276
2022-08-03,San Luis Obispo,079,281455,61370,60648,6585,67233,504
2022-08-03,San Mateo,081,765935,162227,160258,10057,170315,725
2022-08-03,Santa Barbara,083,443738,101528,100558,6312,106870,710
2022-08-03,Santa Clara,085,1922200,417880,410394,18011,428405,2383
2022-08-03,Santa Cruz,087,273765,60295,59661,3226,62887,269
2022-08-03,Shasta,089,179085,33851,33630,7013,40643,582
2022-08-03,Sierra,091,2930,296,295,59,354,4
2022-08-03,Siskiyou,093,43540,4964,5021,3193,8214,86
2022-08-03,Solano,095,438530,101614,99608,7438,107046,459
2022-08-03,Sonoma,097,501317,103240,102306,4992,107298,500
2022-08-03,Stanislaus,099,539301,132885,131869,20527,152396,1701
2022-08-03,Sutter,101,95872,23193,23056,2394,25450,228
2022-08-03,Tehama,103,63373,13232,13135,2935,16070,209
2022-08-03,Trinity,105,12862,1354,1342,350,1692,20
2022-08-03,Tulare,107,460477,118005,117288,33347,150635,1516
2022-08-03,Tuolumne,109,53932,14963,14778,878,15656,196
2022-08-03,Ventura,111,848112,200834,199530,14291,213821,1536
2022-08-03,Yolo,113,214977,46026,45757,3977,49734,330
2022-08-03,Yuba,115,75493,18119,18036,1583,19619,124
2022-08-02,Alameda,001,1643700,332606,330158,18573,348731,1941
2022-08-02,Alpine,002,1148,130,130,1,131,0
2022-08-02,Amador,005,37829,9670,9627,859,10486,88
2022-08-02,Butte,007,227075,37915,37567,8539,46106,444
2022-08-02,Calaveras,009,45235,8218,8194,480,8674,128
2022-08-02,Colusa,011,21464,3699,3676,1203,4879,22
2022-08-02,Contra Costa,013,1133247,241396,236190,19499,255689,1381
2022-08-02,Del Norte,015,27424,7200,7156,376,7532,54
2022-08-02,El Dorado,017,186661,31250,31165,4038,35203,222
2022-08-02,Fresno,019,978130,268467,262758,29601,292359,2806
2022-08-02,Glenn,021,27897,5403,5363,1801,7164,48
2022-08-02,Humboldt,023,135768,20773,20640,4476,25116,153
2022-08-02,Imperial,025,180216,63371,62884,14338,77222,949
2022-08-02,Inyo,027,18085,4419,4398,821,5219,57
2022-08-02,Kern,029,883053,213099,211047,57968,269015,2375
2022-08-02,Kings,031,150075,57352,57065,3899,60964,453
2022-08-02,Lake,033,64148,12248,12172,1096,13268,142
2022-08-02,Lassen,035,31185,9679,9563,962,10525,64
2022-08-02,Los Angeles,037,10098052,3165890,3140955,166761,3307716,32500
2022-08-02,Madera,039,155013,42214,41918,7528,49446,372
2022-08-02,Marin,041,260295,43408,43127,4946,48073,300
2022-08-02,Mariposa,043,17540,2975,2950,316,3266,30
2022-08-02,Mendocino,045,87422,15397,15260,4181,19441,132
2022-08-02,Merced,047,269075,70496,69198,10820,80018,838
2022-08-02,Modoc,049,8938,855,842,310,1152,11
2022-08-02,Mono,051,14174,3170,3157,230,3387,7
2022-08-02,Monterey,053,433212,91195,90456,19274,109730,754
2022-08-02,Napa,055,140530,31092,30935,1352,32287,151
2022-08-02,Nevada,057,99092,18348,18253,1685,19938,132
2022-08-02,Orange,059,3164182,644316,640110,58495,698605,7202
2022-08-02,Placer,061,380077,73302,72834,9226,82060,646
2022-08-02,Plumas,063,18699,3516,3496,427,3923,13
2022-08-02,Riverside,065,2383286,670870,666773,33197,699970,6547
2022-08-02,Sacramento,067,1510023,333709,331584,32691,364275,3162
2022-08-02,San Benito,069,59416,15513,15338,854,16192,100
2022-08-02,San Bernardino,071,2135413,646927,636510,29052,665562,7951
2022-08-02,San Diego,073,3302833,891910,887729,67893,955622,5417
2022-08-02,San Francisco,075,870044,171662,170637,11496,182133,939
2022-08-02,San Joaquin,077,732212,190492,188962,13613,202575,2276
2022-08-02,San Luis Obispo,079,281455,61281,60648,6558,67206,504
2022-08-02,San Mateo,081,765935,161980,160258,10052,170310,725
2022-08-02,Santa Barbara,083,443738,101361,100558,6286,106844,710
2022-08-02,Santa Clara,085,1922200,417251,410394,17977,428371,2383
2022-08-02,Santa Cruz,087,273765,60205,59661,3219,62880,269
2022-08-02,Shasta,089,179085,33826,33630,7002,40632,582
2022-08-02,Sierra,091,2930,296,295,59,354,4
2022-08-02,Siskiyou,093,43540,4956,5021,3189,8210,86
2022-08-02,Solano,095,438530,101431,99608,7416,107024,459
2022-08-02,Sonoma,097,501317,103065,102306,4979,107285,500
2022-08-02,Stanislaus,099,539301,132726,131869,20484,152353,1701
2022-08-02,Sutter,101,95872,23158,23056,2394,25450,228
2022-08-02,Tehama,103,63373,13220,13135,2932,16067,209
2022-08-02,Trinity,105,12862,1354,1342,348,1690,20
2022-08-02,Tulare,107,460477,117868,117288,33262,150550,1516
2022-08-02,Tuolumne,109,53932,14946,14778,876,15654,196
2022-08-02,Ventura,111,848112,200579,199530,14249,213779,1536
2022-08-02,Yolo,113,214977,45977,45757,3971,49728,330
2022-08-02,Yuba,115,75493,18098,18036,1578,19614,124
2022-08-01,Alameda,001,1643700,331940,330158,18536,348694,1941
2022-08-01,Alpine,002,1148,130,130,1,131,0
2022-08-01,Amador,005,37829,9663,9627,857,10484,88
2022-08-01,Butte,007,227075,37857,37567,8525,46092,444
2022-08-01,Calaveras,009,45235,8215,8194,479,8673,128
2022-08-01,Colusa,011,21464,3695,3676,1194,4870,22
2022-08-01,Contra Costa,013,1133247,241001,236190,19446,255636,1381
2022-08-01,Del Norte,015,27424,7195,7156,376,7532,54
2022-08-01,El Dorado,017,186661,31223,31165,4033,35198,222
2022-08-01,Fresno,019,978130,268010,262758,29518,292276,2806
2022-08-01,Glenn,021,27897,5395,5363,1800,7163,48
2022-08-01,Humboldt,023,135768,20740,20640,4460,25100,153
2022-08-01,Imperial,025,180216,63258,62884,14279,77163,949
2022-08-01,Inyo,027,18085,4415,4398,817,5215,57
2022-08-01,Kern,029,883053,212854,211047,57798,268845,2375
2022-08-01,Kings,031,150075,57259,57065,3889,60954,453
2022-08-01,Lake,033,64148,12218,12172,1096,13268,142
2022-08-01,Lassen,035,31185,9659,9563,962,10525,64
2022-08-01,Los Angeles,037,10098052,3161136,3140955,166274,3307229,32500
2022-08-01,Madera,039,155013,42131,41918,7497,49415,372
2022-08-01,Marin,041,260295,43354,43127,4922,48049,300
2022-08-01,Mariposa,043,17540,2970,2950,315,3265,30
2022-08-01,Mendocino,045,87422,15373,15260,4172,19432,132
2022-08-01,Merced,047,269075,70384,69198,10789,79987,838
2022-08-01,Modoc,049,8938,855,842,310,1152,11
2022-08-01,Mono,051,14174,3169,3157,228,3385,7
2022-08-01,Monterey,053,433212,91052,90456,19199,109655,754
2022-08-01,Napa,055,140530,31043,30935,1348,32283,151
2022-08-01,Nevada,057,99092,18336,18253,1680,19933,132
2022-08-01,Orange,059,3164182,643339,640110,58318,698428,7202
2022-08-01,Placer,061,380077,73234,72834,9212,82046,646
2022-08-01,Plumas,063,18699,3512,3496,427,3923,13
2022-08-01,Riverside,065,2383286,669850,666773,33150,699923,6547
2022-08-01,Sacramento,067,1510023,333265,331584,32652,364236,3162
2022-08-01,San Benito,069,59416,15492,15338,854,16192,100
2022-08-01,San Bernardino,071,2135413,645992,636510,28993,665503,7951
2022-08-01,San Diego,073,3302833,890484,887729,67718,955447,5417
2022-08-01,San Francisco,075,870044,171407,170637,11482,182119,939
2022-08-01,San Joaquin,077,732212,190220,188962,13571,202533,2276
2022-08-01,San Luis Obispo,079,281455,61182,60648,6544,67192,504
2022-08-01,San Mateo,081,765935,161684,160258,10040,170298,725
2022-08-01,Santa Barbara,083,443738,101186,100558,6261,106819,710
2022-08-01,Santa Clara,085,1922200,416464,410394,17951,428345,2383
2022-08-01,Santa Cruz,087,273765,60099,59661,3207,62868,269
2022-08-01,Shasta,089,179085,33797,33630,6992,40622,582
2022-08-01,Sierra,091,2930,296,295,59,354,4
2022-08-01,Siskiyou,093,43540,4950,5021,3183,8204,86
2022-08-01,Solano,095,438530,101248,99608,7397,107005,459
2022-08-01,Sonoma,097,501317,102896,102306,4969,107275,500
2022-08-01,Stanislaus,099,539301,132551,131869,20455,152324,1701
2022-08-01,Sutter,101,95872,23103,23056,2393,25449,228
2022-08-01,Tehama,103,63373,13204,13135,2926,16061,209
2022-08-01,Trinity,105,12862,1353,1342,347,1689,20
2022-08-01,Tulare,107,460477,117692,117288,33184,150472,1516
2022-08-01,Tuolumne,109,53932,14927,14778,876,15654,196
2022-08-01,Ventura,111,848112,200322,199530,14205,213735,1536
2022-08-01,Yolo,113,214977,45926,45757,3956,49713,330
2022-08-01,Yuba,115,75493,18074,18036,1574,19610,124
2022-07-31,Alameda,001,1643700,331202,327608,18497,346105,1941
2022-07-31,Alpine,002,1148,130,130,1,131,0
2022-07-31,Amador,005,37829,9650,9609,852,10461,88
2022-07-31,Butte,007,227075,37781,37349,8505,45854,444
2022-07-31,Calaveras,009,45235,8203,8145,476,8621,128
2022-07-31,Colusa,011,21464,3691,3664,1192,4856,22
2022-07-31,Contra Costa,013,1133247,240524,234635,19377,254012,1375
2022-07-31,Del Norte,015,27424,7183,7136,373,7509,54
2022-07-31,El Dorado,017,186661,31196,31007,4024,35031,222
2022-07-31,Fresno,019,978130,267453,260858,29433,290291,2805
2022-07-31,Glenn,021,27897,5392,5350,1798,7148,48
2022-07-31,Humboldt,023,135768,20700,20523,4429,24952,151
2022-07-31,Imperial,025,180216,63153,62471,14200,76671,949
2022-07-31,Inyo,027,18085,4410,4388,812,5200,57
2022-07-31,Kern,029,883053,212539,210190,57554,267744,2375
2022-07-31,Kings,031,150075,57133,56673,3880,60553,454
2022-07-31,Lake,033,64148,12202,12102,1094,13196,142
2022-07-31,Lassen,035,31185,9579,9548,962,10510,64
2022-07-31,Los Angeles,037,10098052,3155877,3122700,165646,3288346,32445
2022-07-31,Madera,039,155013,42043,41641,7464,49105,372
2022-07-31,Marin,041,260295,43282,42840,4909,47749,300
2022-07-31,Mariposa,043,17540,2964,2940,314,3254,30
2022-07-31,Mendocino,045,87422,15354,15172,4163,19335,132
2022-07-31,Merced,047,269075,70255,68853,10745,79598,838
2022-07-31,Modoc,049,8938,851,841,310,1151,11
2022-07-31,Mono,051,14174,3168,3155,225,3380,7
2022-07-31,Monterey,053,433212,90892,89974,19115,109089,754
2022-07-31,Napa,055,140530,30977,30777,1344,32121,150
2022-07-31,Nevada,057,99092,18298,18187,1678,19865,131
2022-07-31,Orange,059,3164182,642306,636403,58109,694512,7194
2022-07-31,Placer,061,380077,73131,72444,9196,81640,647
2022-07-31,Plumas,063,18699,3506,3490,426,3916,13
2022-07-31,Riverside,065,2383286,668761,662929,33068,695997,6543
2022-07-31,Sacramento,067,1510023,332667,329639,32595,362234,3156
2022-07-31,San Benito,069,59416,15459,15256,848,16104,100
2022-07-31,San Bernardino,071,2135413,644837,633131,28895,662026,7941
2022-07-31,San Diego,073,3302833,888873,881822,67569,949391,5409
2022-07-31,San Francisco,075,870044,171010,169564,11442,181006,937
2022-07-31,San Joaquin,077,732212,189860,187937,13482,201419,2276
2022-07-31,San Luis Obispo,079,281455,61034,60370,6509,66879,503
2022-07-31,San Mateo,081,765935,161435,159145,10013,169158,726
2022-07-31,Santa Barbara,083,443738,100954,99946,6219,106165,708
2022-07-31,Santa Clara,085,1922200,415685,407392,17918,425310,2381
2022-07-31,Santa Cruz,087,273765,59931,59227,3191,62418,269
2022-07-31,Shasta,089,179085,33746,33454,6969,40423,581
2022-07-31,Sierra,091,2930,296,293,59,352,4
2022-07-31,Siskiyou,093,43540,4940,4997,3180,8177,86
2022-07-31,Solano,095,438530,101048,99034,7383,106417,457
2022-07-31,Sonoma,097,501317,102742,101747,4943,106690,500
2022-07-31,Stanislaus,099,539301,132313,131081,20408,151489,1696
2022-07-31,Sutter,101,95872,23059,22931,2382,25313,228
2022-07-31,Tehama,103,63373,13196,13079,2917,15996,208
2022-07-31,Trinity,105,12862,1351,1340,346,1686,20
2022-07-31,Tulare,107,460477,117500,116640,33064,149704,1514
2022-07-31,Tuolumne,109,53932,14903,14701,873,15574,196
2022-07-31,Ventura,111,848112,200003,198498,14125,212623,1530
2022-07-31,Yolo,113,214977,45865,45511,3945,49456,327
2022-07-31,Yuba,115,75493,18043,17951,1566,19517,124
2022-07-30,Alameda,001,1643700,330863,327608,18478,346086,1941
2022-07-30,Alpine,002,1148,130,130,1,131,0
2022-07-30,Amador,005,37829,9648,9609,847,10456,88
2022-07-30,Butte,007,227075,37752,37349,8496,45845,444
2022-07-30,Calaveras,009,45235,8193,8145,475,8620,128
2022-07-30,Colusa,011,21464,3686,3664,1192,4856,22
2022-07-30,Contra Costa,013,1133247,240248,234635,19336,253971,1375
2022-07-30,Del Norte,015,27424,7178,7136,371,7507,54
2022-07-30,El Dorado,017,186661,31177,31007,4020,35027,222
2022-07-30,Fresno,019,978130,267246,260858,29388,290246,2805
2022-07-30,Glenn,021,27897,5387,5350,1797,7147,48
2022-07-30,Humboldt,023,135768,20681,20523,4417,24940,151
2022-07-30,Imperial,025,180216,63105,62471,14172,76643,949
2022-07-30,Inyo,027,18085,4409,4388,808,5196,57
2022-07-30,Kern,029,883053,212410,210190,57411,267601,2375
2022-07-30,Kings,031,150075,57100,56673,3880,60553,454
2022-07-30,Lake,033,64148,12192,12102,1093,13195,142
2022-07-30,Lassen,035,31185,9578,9548,960,10508,64
2022-07-30,Los Angeles,037,10098052,3153391,3122700,165244,3287944,32445
2022-07-30,Madera,039,155013,42009,41641,7459,49100,372
2022-07-30,Marin,041,260295,43250,42840,4907,47747,300
2022-07-30,Mariposa,043,17540,2962,2940,313,3253,30
2022-07-30,Mendocino,045,87422,15330,15172,4159,19331,132
2022-07-30,Merced,047,269075,70204,68853,10738,79591,838
2022-07-30,Modoc,049,8938,851,841,310,1151,11
2022-07-30,Mono,051,14174,3167,3155,224,3379,7
2022-07-30,Monterey,053,433212,90800,89974,19068,109042,754
2022-07-30,Napa,055,140530,30949,30777,1341,32118,150
2022-07-30,Nevada,057,99092,18289,18187,1674,19861,131
2022-07-30,Orange,059,3164182,641750,636403,57999,694402,7194
2022-07-30,Placer,061,380077,73092,72444,9183,81627,647
2022-07-30,Plumas,063,18699,3506,3490,426,3916,13
2022-07-30,Riverside,065,2383286,668209,662929,33039,695968,6543
2022-07-30,Sacramento,067,1510023,332424,329639,32584,362223,3156
2022-07-30,San Benito,069,59416,15446,15256,845,16101,100
2022-07-30,San Bernardino,071,2135413,644350,633131,28852,661983,7941
2022-07-30,San Diego,073,3302833,888228,881822,67510,949332,5409
2022-07-30,San Francisco,075,870044,170858,169564,11432,180996,937
2022-07-30,San Joaquin,077,732212,189734,187937,13452,201389,2276
2022-07-30,San Luis Obispo,079,281455,60994,60370,6496,66866,503
2022-07-30,San Mateo,081,765935,161250,159145,9995,169140,726
2022-07-30,Santa Barbara,083,443738,100861,99946,6200,106146,708
2022-07-30,Santa Clara,085,1922200,415198,407392,17900,425292,2381
2022-07-30,Santa Cruz,087,273765,59865,59227,3184,62411,269
2022-07-30,Shasta,089,179085,33726,33454,6968,40422,581
2022-07-30,Sierra,091,2930,296,293,59,352,4
2022-07-30,Siskiyou,093,43540,4940,4997,3178,8175,86
2022-07-30,Solano,095,438530,100990,99034,7370,106404,457
2022-07-30,Sonoma,097,501317,102652,101747,4936,106683,500
2022-07-30,Stanislaus,099,539301,132181,131081,20383,151464,1696
2022-07-30,Sutter,101,95872,23034,22931,2381,25312,228
2022-07-30,Tehama,103,63373,13190,13079,2914,15993,208
2022-07-30,Trinity,105,12862,1351,1340,346,1686,20
2022-07-30,Tulare,107,460477,117409,116640,32999,149639,1514
2022-07-30,Tuolumne,109,53932,14884,14701,873,15574,196
2022-07-30,Ventura,111,848112,199831,198498,14092,212590,1530
2022-07-30,Yolo,113,214977,45838,45511,3942,49453,327
2022-07-30,Yuba,115,75493,18030,17951,1566,19517,124
2022-07-29,Alameda,001,1643700,330502,327608,18450,346058,1941
2022-07-29,Alpine,002,1148,130,130,1,131,0
2022-07-29,Amador,005,37829,9647,9609,846,10455,88
2022-07-29,Butte,007,227075,37721,37349,8479,45828,444
2022-07-29,Calaveras,009,45235,8189,8145,475,8620,128
2022-07-29,Colusa,011,21464,3686,3664,1192,4856,22
2022-07-29,Contra Costa,013,1133247,240019,234635,19312,253947,1375
2022-07-29,Del Norte,015,27424,7173,7136,370,7506,54
2022-07-29,El Dorado,017,186661,31155,31007,4019,35026,222
2022-07-29,Fresno,019,978130,267000,260858,29339,290197,2805
2022-07-29,Glenn,021,27897,5384,5350,1795,7145,48
2022-07-29,Humboldt,023,135768,20655,20523,4407,24930,151
2022-07-29,Imperial,025,180216,63044,62471,14144,76615,949
2022-07-29,Inyo,027,18085,4408,4388,807,5195,57
2022-07-29,Kern,029,883053,212241,210190,57271,267461,2375
2022-07-29,Kings,031,150075,57063,56673,3879,60552,454
2022-07-29,Lake,033,64148,12177,12102,1090,13192,142
2022-07-29,Lassen,035,31185,9576,9548,960,10508,64
2022-07-29,Los Angeles,037,10098052,3150524,3122700,164911,3287611,32445
2022-07-29,Madera,039,155013,41964,41641,7448,49089,372
2022-07-29,Marin,041,260295,43203,42840,4899,47739,300
2022-07-29,Mariposa,043,17540,2961,2940,313,3253,30
2022-07-29,Mendocino,045,87422,15312,15172,4147,19319,132
2022-07-29,Merced,047,269075,70142,68853,10722,79575,838
2022-07-29,Modoc,049,8938,851,841,310,1151,11
2022-07-29,Mono,051,14174,3166,3155,223,3378,7
2022-07-29,Monterey,053,433212,90707,89974,19033,109007,754
2022-07-29,Napa,055,140530,30924,30777,1340,32117,150
2022-07-29,Nevada,057,99092,18278,18187,1672,19859,131
2022-07-29,Orange,059,3164182,641156,636403,57854,694257,7194
2022-07-29,Placer,061,380077,73019,72444,9169,81613,647
2022-07-29,Plumas,063,18699,3505,3490,426,3916,13
2022-07-29,Riverside,065,2383286,667666,662929,32994,695923,6543
2022-07-29,Sacramento,067,1510023,332112,329639,32565,362204,3156
2022-07-29,San Benito,069,59416,15428,15256,844,16100,100
2022-07-29,San Bernardino,071,2135413,643814,633131,28818,661949,7941
2022-07-29,San Diego,073,3302833,887376,881822,67400,949222,5409
2022-07-29,San Francisco,075,870044,170681,169564,11420,180984,937
2022-07-29,San Joaquin,077,732212,189618,187937,13427,201364,2276
2022-07-29,San Luis Obispo,079,281455,60958,60370,6484,66854,503
2022-07-29,San Mateo,081,765935,161074,159145,9986,169131,726
2022-07-29,Santa Barbara,083,443738,100738,99946,6190,106136,708
2022-07-29,Santa Clara,085,1922200,414721,407392,17879,425271,2381
2022-07-29,Santa Cruz,087,273765,59789,59227,3181,62408,269
2022-07-29,Shasta,089,179085,33699,33454,6961,40415,581
2022-07-29,Sierra,091,2930,296,293,58,351,4
2022-07-29,Siskiyou,093,43540,4939,4997,3178,8175,86
2022-07-29,Solano,095,438530,100860,99034,7358,106392,457
2022-07-29,Sonoma,097,501317,102548,101747,4925,106672,500
2022-07-29,Stanislaus,099,539301,132079,131081,20371,151452,1696
2022-07-29,Sutter,101,95872,23014,22931,2381,25312,228
2022-07-29,Tehama,103,63373,13183,13079,2912,15991,208
2022-07-29,Trinity,105,12862,1347,1340,345,1685,20
2022-07-29,Tulare,107,460477,117308,116640,32939,149579,1514
2022-07-29,Tuolumne,109,53932,14870,14701,872,15573,196
2022-07-29,Ventura,111,848112,199681,198498,14052,212550,1530
2022-07-29,Yolo,113,214977,45803,45511,3929,49440,327
2022-07-29,Yuba,115,75493,18009,17951,1564,19515,124
2022-07-28,Alameda,001,1643700,330011,327608,18402,346010,1941
2022-07-28,Alpine,002,1148,130,130,1,131,0
2022-07-28,Amador,005,37829,9640,9609,845,10454,88
2022-07-28,Butte,007,227075,37669,37349,8466,45815,444
2022-07-28,Calaveras,009,45235,8178,8145,474,8619,128
2022-07-28,Colusa,011,21464,3680,3664,1192,4856,22
2022-07-28,Contra Costa,013,1133247,239652,234635,19258,253893,1375
2022-07-28,Del Norte,015,27424,7167,7136,369,7505,54
2022-07-28,El Dorado,017,186661,31120,31007,4014,35021,222
2022-07-28,Fresno,019,978130,266568,260858,29264,290122,2805
2022-07-28,Glenn,021,27897,5382,5350,1791,7141,48
2022-07-28,Humboldt,023,135768,20621,20523,4396,24919,151
2022-07-28,Imperial,025,180216,62945,62471,14080,76551,949
2022-07-28,Inyo,027,18085,4404,4388,805,5193,57
2022-07-28,Kern,029,883053,211985,210190,57103,267293,2375
2022-07-28,Kings,031,150075,56960,56673,3876,60549,454
2022-07-28,Lake,033,64148,12160,12102,1089,13191,142
2022-07-28,Lassen,035,31185,9571,9548,960,10508,64
2022-07-28,Los Angeles,037,10098052,3146198,3122700,164357,3287057,32445
2022-07-28,Madera,039,155013,41906,41641,7439,49080,372
2022-07-28,Marin,041,260295,43155,42840,4894,47734,300
2022-07-28,Mariposa,043,17540,2958,2940,310,3250,30
2022-07-28,Mendocino,045,87422,15291,15172,4136,19308,132
2022-07-28,Merced,047,269075,70060,68853,10682,79535,838
2022-07-28,Modoc,049,8938,848,841,310,1151,11
2022-07-28,Mono,051,14174,3166,3155,222,3377,7
2022-07-28,Monterey,053,433212,90551,89974,18958,108932,754
2022-07-28,Napa,055,140530,30885,30777,1338,32115,150
2022-07-28,Nevada,057,99092,18265,18187,1666,19853,131
2022-07-28,Orange,059,3164182,640200,636403,57699,694102,7194
2022-07-28,Placer,061,380077,72928,72444,9148,81592,647
2022-07-28,Plumas,063,18699,3504,3490,426,3916,13
2022-07-28,Riverside,065,2383286,666859,662929,32943,695872,6543
2022-07-28,Sacramento,067,1510023,331696,329639,32536,362175,3156
2022-07-28,San Benito,069,59416,15399,15256,839,16095,100
2022-07-28,San Bernardino,071,2135413,642965,633131,28775,661906,7941
2022-07-28,San Diego,073,3302833,886026,881822,67269,949091,5409
2022-07-28,San Francisco,075,870044,170444,169564,11390,180954,937
2022-07-28,San Joaquin,077,732212,189364,187937,13379,201316,2276
2022-07-28,San Luis Obispo,079,281455,60870,60370,6464,66834,503
2022-07-28,San Mateo,081,765935,160817,159145,9973,169118,726
2022-07-28,Santa Barbara,083,443738,100599,99946,6159,106105,708
2022-07-28,Santa Clara,085,1922200,414078,407392,17846,425238,2381
2022-07-28,Santa Cruz,087,273765,59671,59227,3169,62396,269
2022-07-28,Shasta,089,179085,33671,33454,6946,40400,581
2022-07-28,Sierra,091,2930,296,293,58,351,4
2022-07-28,Siskiyou,093,43540,4935,4997,3172,8169,86
2022-07-28,Solano,095,438530,100710,99034,7347,106381,457
2022-07-28,Sonoma,097,501317,102424,101747,4899,106646,500
2022-07-28,Stanislaus,099,539301,131930,131081,20330,151411,1696
2022-07-28,Sutter,101,95872,22983,22931,2376,25307,228
2022-07-28,Tehama,103,63373,13165,13079,2903,15982,208
2022-07-28,Trinity,105,12862,1346,1340,344,1684,20
2022-07-28,Tulare,107,460477,117180,116640,32841,149481,1514
2022-07-28,Tuolumne,109,53932,14851,14701,870,15571,196
2022-07-28,Ventura,111,848112,199413,198498,14012,212510,1530
2022-07-28,Yolo,113,214977,45754,45511,3917,49428,327
2022-07-28,Yuba,115,75493,17995,17951,1555,19506,124
2022-07-27,Alameda,001,1643700,329483,325669,18356,344025,1938
2022-07-27,Alpine,002,1148,130,130,1,131,0
2022-07-27,Amador,005,37829,9632,9568,844,10412,87
2022-07-27,Butte,007,227075,37625,37146,8454,45600,441
2022-07-27,Calaveras,009,45235,8168,8105,473,8578,130
2022-07-27,Colusa,011,21464,3672,3649,1192,4841,22
2022-07-27,Contra Costa,013,1133247,239294,233236,19209,252445,1374
2022-07-27,Del Norte,015,27424,7163,7161,369,7530,54
2022-07-27,El Dorado,017,186661,31074,30891,4005,34896,222
2022-07-27,Fresno,019,978130,266150,259483,29183,288666,2801
2022-07-27,Glenn,021,27897,5378,5327,1790,7117,48
2022-07-27,Humboldt,023,135768,20581,20406,4388,24794,150
2022-07-27,Imperial,025,180216,62861,62014,14026,76040,948
2022-07-27,Inyo,027,18085,4400,4381,801,5182,57
2022-07-27,Kern,029,883053,211748,209400,56889,266289,2368
2022-07-27,Kings,031,150075,56885,56417,3868,60285,451
2022-07-27,Lake,033,64148,12144,12025,1087,13112,142
2022-07-27,Lassen,035,31185,9566,9509,959,10468,64
2022-07-27,Los Angeles,037,10098052,3141421,3107063,163844,3270907,32392
2022-07-27,Madera,039,155013,41819,41423,7426,48849,372
2022-07-27,Marin,041,260295,43083,42624,4886,47510,300
2022-07-27,Mariposa,043,17540,2953,2927,310,3237,30
2022-07-27,Mendocino,045,87422,15262,15066,4121,19187,131
2022-07-27,Merced,047,269075,69946,68455,10652,79107,838
2022-07-27,Modoc,049,8938,846,840,310,1150,10
2022-07-27,Mono,051,14174,3164,3148,220,3368,7
2022-07-27,Monterey,053,433212,90417,89520,18886,108406,752
2022-07-27,Napa,055,140530,30842,30647,1337,31984,150
2022-07-27,Nevada,057,99092,18246,18134,1666,19800,132
2022-07-27,Orange,059,3164182,639199,632871,57519,690390,7188
2022-07-27,Placer,061,380077,72847,72194,9127,81321,647
2022-07-27,Plumas,063,18699,3498,3472,426,3898,13
2022-07-27,Riverside,065,2383286,665847,659650,32863,692513,6528
2022-07-27,Sacramento,067,1510023,331237,328249,32482,360731,3146
2022-07-27,San Benito,069,59416,15379,15188,837,16025,100
2022-07-27,San Bernardino,071,2135413,642087,629895,28720,658615,7937
2022-07-27,San Diego,073,3302833,884587,876507,67127,943634,5386
2022-07-27,San Francisco,075,870044,170197,168570,11374,179944,931
2022-07-27,San Joaquin,077,732212,189074,187066,13336,200402,2267
2022-07-27,San Luis Obispo,079,281455,60788,60180,6430,66610,502
2022-07-27,San Mateo,081,765935,160568,158343,9964,168307,724
2022-07-27,Santa Barbara,083,443738,100441,99460,6121,105581,707
2022-07-27,Santa Clara,085,1922200,413395,404896,17823,422719,2380
2022-07-27,Santa Cruz,087,273765,59576,58873,3156,62029,269
2022-07-27,Shasta,089,179085,33637,33314,6936,40250,578
2022-07-27,Sierra,091,2930,295,293,58,351,4
2022-07-27,Siskiyou,093,43540,4929,4975,3169,8144,84
2022-07-27,Solano,095,438530,100546,98579,7336,105915,457
2022-07-27,Sonoma,097,501317,102283,101316,4885,106201,499
2022-07-27,Stanislaus,099,539301,131730,130451,20288,150739,1695
2022-07-27,Sutter,101,95872,22947,22811,2370,25181,228
2022-07-27,Tehama,103,63373,13151,13036,2898,15934,207
2022-07-27,Trinity,105,12862,1345,1337,343,1680,20
2022-07-27,Tulare,107,460477,117018,116167,32768,148935,1514
2022-07-27,Tuolumne,109,53932,14821,14594,867,15461,196
2022-07-27,Ventura,111,848112,199133,197572,13947,211519,1527
2022-07-27,Yolo,113,214977,45708,45359,3900,49259,326
2022-07-27,Yuba,115,75493,17971,17873,1547,19420,124
2022-07-26,Alameda,001,1643700,328844,325669,18317,343986,1938
2022-07-26,Alpine,002,1148,130,130,1,131,0
2022-07-26,Amador,005,37829,9623,9568,840,10408,87
2022-07-26,Butte,007,227075,37565,37146,8437,45583,441
2022-07-26,Calaveras,009,45235,8158,8105,471,8576,130
2022-07-26,Colusa,011,21464,3671,3649,1192,4841,22
2022-07-26,Contra Costa,013,1133247,238857,233236,19153,252389,1374
2022-07-26,Del Norte,015,27424,7150,7161,369,7530,54
2022-07-26,El Dorado,017,186661,31030,30891,4000,34891,222
2022-07-26,Fresno,019,978130,265606,259483,29087,288570,2801
2022-07-26,Glenn,021,27897,5375,5327,1786,7113,48
2022-07-26,Humboldt,023,135768,20549,20406,4374,24780,150
2022-07-26,Imperial,025,180216,62741,62014,13945,75959,948
2022-07-26,Inyo,027,18085,4397,4381,799,5180,57
2022-07-26,Kern,029,883053,211422,209400,56668,266068,2368
2022-07-26,Kings,031,150075,56771,56417,3866,60283,451
2022-07-26,Lake,033,64148,12114,12025,1085,13110,142
2022-07-26,Lassen,035,31185,9563,9509,957,10466,64
2022-07-26,Los Angeles,037,10098052,3136389,3107063,163246,3270309,32392
2022-07-26,Madera,039,155013,41755,41423,7400,48823,372
2022-07-26,Marin,041,260295,43017,42624,4875,47499,300
2022-07-26,Mariposa,043,17540,2951,2927,310,3237,30
2022-07-26,Mendocino,045,87422,15238,15066,4110,19176,131
2022-07-26,Merced,047,269075,69853,68455,10627,79082,838
2022-07-26,Modoc,049,8938,844,840,310,1150,10
2022-07-26,Mono,051,14174,3162,3148,219,3367,7
2022-07-26,Monterey,053,433212,90278,89520,18799,108319,752
2022-07-26,Napa,055,140530,30805,30647,1331,31978,150
2022-07-26,Nevada,057,99092,18223,18134,1663,19797,132
2022-07-26,Orange,059,3164182,638091,632871,57290,690161,7188
2022-07-26,Placer,061,380077,72729,72194,9107,81301,647
2022-07-26,Plumas,063,18699,3495,3472,425,3897,13
2022-07-26,Riverside,065,2383286,664815,659650,32784,692434,6528
2022-07-26,Sacramento,067,1510023,330704,328249,32411,360660,3146
2022-07-26,San Benito,069,59416,15349,15188,835,16023,100
2022-07-26,San Bernardino,071,2135413,641093,629895,28651,658546,7937
2022-07-26,San Diego,073,3302833,882898,876507,66935,943442,5386
2022-07-26,San Francisco,075,870044,169908,168570,11359,179929,931
2022-07-26,San Joaquin,077,732212,188779,187066,13276,200342,2267
2022-07-26,San Luis Obispo,079,281455,60709,60180,6403,66583,502
2022-07-26,San Mateo,081,765935,160284,158343,9953,168296,724
2022-07-26,Santa Barbara,083,443738,100262,99460,6098,105558,707
2022-07-26,Santa Clara,085,1922200,412532,404896,17785,422681,2380
2022-07-26,Santa Cruz,087,273765,59472,58873,3139,62012,269
2022-07-26,Shasta,089,179085,33603,33314,6921,40235,578
2022-07-26,Sierra,091,2930,294,293,58,351,4
2022-07-26,Siskiyou,093,43540,4924,4975,3161,8136,84
2022-07-26,Solano,095,438530,100350,98579,7320,105899,457
2022-07-26,Sonoma,097,501317,102134,101316,4857,106173,499
2022-07-26,Stanislaus,099,539301,131517,130451,20263,150714,1695
2022-07-26,Sutter,101,95872,22917,22811,2369,25180,228
2022-07-26,Tehama,103,63373,13132,13036,2893,15929,207
2022-07-26,Trinity,105,12862,1344,1337,341,1678,20
2022-07-26,Tulare,107,460477,116868,116167,32680,148847,1514
2022-07-26,Tuolumne,109,53932,14802,14594,865,15459,196
2022-07-26,Ventura,111,848112,198822,197572,13888,211460,1527
2022-07-26,Yolo,113,214977,45657,45359,3889,49248,326
2022-07-26,Yuba,115,75493,17953,17873,1546,19419,124
2022-07-25,Alameda,001,1643700,328122,325669,18259,343928,1938
2022-07-25,Alpine,002,1148,130,130,1,131,0
2022-07-25,Amador,005,37829,9610,9568,837,10405,87
2022-07-25,Butte,007,227075,37489,37146,8422,45568,441
2022-07-25,Calaveras,009,45235,8147,8105,470,8575,130
2022-07-25,Colusa,011,21464,3669,3649,1189,4838,22
2022-07-25,Contra Costa,013,1133247,238372,233236,19071,252307,1374
2022-07-25,Del Norte,015,27424,7142,7161,368,7529,54
2022-07-25,El Dorado,017,186661,30991,30891,3986,34877,222
2022-07-25,Fresno,019,978130,265011,259483,28983,288466,2801
2022-07-25,Glenn,021,27897,5367,5327,1783,7110,48
2022-07-25,Humboldt,023,135768,20516,20406,4354,24760,150
2022-07-25,Imperial,025,180216,62622,62014,13857,75871,948
2022-07-25,Inyo,027,18085,4395,4381,793,5174,57
2022-07-25,Kern,029,883053,211125,209400,56440,265840,2368
2022-07-25,Kings,031,150075,56635,56417,3857,60274,451
2022-07-25,Lake,033,64148,12093,12025,1083,13108,142
2022-07-25,Lassen,035,31185,9556,9509,956,10465,64
2022-07-25,Los Angeles,037,10098052,3130534,3107063,162682,3269745,32392
2022-07-25,Madera,039,155013,41668,41423,7374,48797,372
2022-07-25,Marin,041,260295,42943,42624,4868,47492,300
2022-07-25,Mariposa,043,17540,2948,2927,307,3234,30
2022-07-25,Mendocino,045,87422,15199,15066,4097,19163,131
2022-07-25,Merced,047,269075,69740,68455,10596,79051,838
2022-07-25,Modoc,049,8938,839,840,308,1148,10
2022-07-25,Mono,051,14174,3160,3148,218,3366,7
2022-07-25,Monterey,053,433212,90122,89520,18689,108209,752
2022-07-25,Napa,055,140530,30761,30647,1330,31977,150
2022-07-25,Nevada,057,99092,18211,18134,1656,19790,132
2022-07-25,Orange,059,3164182,636833,632871,57082,689953,7188
2022-07-25,Placer,061,380077,72646,72194,9101,81295,647
2022-07-25,Plumas,063,18699,3489,3472,424,3896,13
2022-07-25,Riverside,065,2383286,663723,659650,32705,692355,6528
2022-07-25,Sacramento,067,1510023,330169,328249,32348,360597,3146
2022-07-25,San Benito,069,59416,15315,15188,833,16021,100
2022-07-25,San Bernardino,071,2135413,639922,629895,28594,658489,7937
2022-07-25,San Diego,073,3302833,881118,876507,66742,943249,5386
2022-07-25,San Francisco,075,870044,169592,168570,11344,179914,931
2022-07-25,San Joaquin,077,732212,188486,187066,13200,200266,2267
2022-07-25,San Luis Obispo,079,281455,60604,60180,6370,66550,502
2022-07-25,San Mateo,081,765935,159910,158343,9932,168275,724
2022-07-25,Santa Barbara,083,443738,100067,99460,6073,105533,707
2022-07-25,Santa Clara,085,1922200,411637,404896,17699,422595,2380
2022-07-25,Santa Cruz,087,273765,59351,58873,3126,61999,269
2022-07-25,Shasta,089,179085,33550,33314,6913,40227,578
2022-07-25,Sierra,091,2930,293,293,58,351,4
2022-07-25,Siskiyou,093,43540,4921,4975,3152,8127,84
2022-07-25,Solano,095,438530,100103,98579,7304,105883,457
2022-07-25,Sonoma,097,501317,101975,101316,4839,106155,499
2022-07-25,Stanislaus,099,539301,131318,130451,20233,150684,1695
2022-07-25,Sutter,101,95872,22871,22811,2368,25179,228
2022-07-25,Tehama,103,63373,13115,13036,2885,15921,207
2022-07-25,Trinity,105,12862,1342,1337,341,1678,20
2022-07-25,Tulare,107,460477,116657,116167,32582,148749,1514
2022-07-25,Tuolumne,109,53932,14783,14594,865,15459,196
2022-07-25,Ventura,111,848112,198514,197572,13833,211405,1527
2022-07-25,Yolo,113,214977,45593,45359,3873,49232,326
2022-07-25,Yuba,115,75493,17915,17873,1545,19418,124
2022-07-24,Alameda,001,1643700,327318,323165,18212,341377,1933
2022-07-24,Alpine,002,1148,130,130,1,131,0
2022-07-24,Amador,005,37829,9588,9526,834,10360,87
2022-07-24,Butte,007,227075,37424,36994,8394,45388,440
2022-07-24,Calaveras,009,45235,8130,8064,468,8532,128
2022-07-24,Colusa,011,21464,3663,3639,1189,4828,22
2022-07-24,Contra Costa,013,1133247,237840,231714,18991,250705,1363
2022-07-24,Del Norte,015,27424,7123,7128,364,7492,54
2022-07-24,El Dorado,017,186661,30945,30722,3970,34692,222
2022-07-24,Fresno,019,978130,264357,257571,28879,286450,2792
2022-07-24,Glenn,021,27897,5361,5311,1781,7092,48
2022-07-24,Humboldt,023,135768,20483,20283,4337,24620,150
2022-07-24,Imperial,025,180216,62460,61671,13737,75408,948
2022-07-24,Inyo,027,18085,4391,4366,782,5148,57
2022-07-24,Kern,029,883053,210750,208535,56196,264731,2366
2022-07-24,Kings,031,150075,56511,56103,3845,59948,451
2022-07-24,Lake,033,64148,12067,11957,1080,13037,142
2022-07-24,Lassen,035,31185,9529,9504,953,10457,64
2022-07-24,Los Angeles,037,10098052,3124040,3085376,161994,3247370,32340
2022-07-24,Madera,039,155013,41569,41145,7343,48488,372
2022-07-24,Marin,041,260295,42873,42347,4856,47203,300
2022-07-24,Mariposa,043,17540,2945,2897,306,3203,30
2022-07-24,Mendocino,045,87422,15149,14988,4065,19053,131
2022-07-24,Merced,047,269075,69581,68127,10537,78664,837
2022-07-24,Modoc,049,8938,839,829,307,1136,10
2022-07-24,Mono,051,14174,3159,3141,218,3359,7
2022-07-24,Monterey,053,433212,89944,89067,18589,107656,747
2022-07-24,Napa,055,140530,30707,30495,1329,31824,148
2022-07-24,Nevada,057,99092,18192,18073,1647,19720,131
2022-07-24,Orange,059,3164182,635475,627948,56829,684777,7181
2022-07-24,Placer,061,380077,72521,71870,9088,80958,644
2022-07-24,Plumas,063,18699,3488,3464,424,3888,13
2022-07-24,Riverside,065,2383286,662421,655603,32591,688194,6527
2022-07-24,Sacramento,067,1510023,329483,326216,32277,358493,3136
2022-07-24,San Benito,069,59416,15291,15049,832,15881,100
2022-07-24,San Bernardino,071,2135413,638534,626059,28514,654573,7933
2022-07-24,San Diego,073,3302833,879045,870102,66549,936651,5380
2022-07-24,San Francisco,075,870044,169136,167260,11314,178574,931
2022-07-24,San Joaquin,077,732212,188125,186142,13123,199265,2267
2022-07-24,San Luis Obispo,079,281455,60457,59919,6338,66257,500
2022-07-24,San Mateo,081,765935,159567,157266,9911,167177,724
2022-07-24,Santa Barbara,083,443738,99840,98826,6033,104859,706
2022-07-24,Santa Clara,085,1922200,410673,401495,17659,419154,2381
2022-07-24,Santa Cruz,087,273765,59179,58386,3105,61491,268
2022-07-24,Shasta,089,179085,33485,33185,6898,40083,578
2022-07-24,Sierra,091,2930,293,293,58,351,4
2022-07-24,Siskiyou,093,43540,4917,4938,3137,8075,84
2022-07-24,Solano,095,438530,99886,98016,7289,105305,457
2022-07-24,Sonoma,097,501317,101772,100735,4818,105553,499
2022-07-24,Stanislaus,099,539301,131025,129813,20196,150009,1695
2022-07-24,Sutter,101,95872,22820,22687,2365,25052,228
2022-07-24,Tehama,103,63373,13103,12974,2875,15849,207
2022-07-24,Trinity,105,12862,1341,1330,339,1669,20
2022-07-24,Tulare,107,460477,116471,115548,32478,148026,1513
2022-07-24,Tuolumne,109,53932,14749,14514,864,15378,196
2022-07-24,Ventura,111,848112,198106,196127,13731,209858,1525
2022-07-24,Yolo,113,214977,45517,45141,3861,49002,327
2022-07-24,Yuba,115,75493,17888,17770,1543,19313,124
2022-07-23,Alameda,001,1643700,326905,323165,18196,341361,1933
2022-07-23,Alpine,002,1148,130,130,1,131,0
2022-07-23,Amador,005,37829,9578,9526,834,10360,87
2022-07-23,Butte,007,227075,37377,36994,8387,45381,440
2022-07-23,Calaveras,009,45235,8119,8064,468,8532,128
2022-07-23,Colusa,011,21464,3658,3639,1189,4828,22
2022-07-23,Contra Costa,013,1133247,237542,231714,18961,250675,1363
2022-07-23,Del Norte,015,27424,7120,7128,363,7491,54
2022-07-23,El Dorado,017,186661,30927,30722,3968,34690,222
2022-07-23,Fresno,019,978130,264131,257571,28820,286391,2792
2022-07-23,Glenn,021,27897,5359,5311,1779,7090,48
2022-07-23,Humboldt,023,135768,20456,20283,4324,24607,150
2022-07-23,Imperial,025,180216,62397,61671,13715,75386,948
2022-07-23,Inyo,027,18085,4389,4366,781,5147,57
2022-07-23,Kern,029,883053,210577,208535,56053,264588,2366
2022-07-23,Kings,031,150075,56468,56103,3842,59945,451
2022-07-23,Lake,033,64148,12056,11957,1079,13036,142
2022-07-23,Lassen,035,31185,9527,9504,953,10457,64
2022-07-23,Los Angeles,037,10098052,3121193,3085376,161539,3246915,32340
2022-07-23,Madera,039,155013,41507,41145,7337,48482,372
2022-07-23,Marin,041,260295,42798,42347,4846,47193,300
2022-07-23,Mariposa,043,17540,2942,2897,306,3203,30
2022-07-23,Mendocino,045,87422,15129,14988,4058,19046,131
2022-07-23,Merced,047,269075,69510,68127,10522,78649,837
2022-07-23,Modoc,049,8938,839,829,307,1136,10
2022-07-23,Mono,051,14174,3158,3141,218,3359,7
2022-07-23,Monterey,053,433212,89856,89067,18568,107635,747
2022-07-23,Napa,055,140530,30674,30495,1328,31823,148
2022-07-23,Nevada,057,99092,18180,18073,1645,19718,131
2022-07-23,Orange,059,3164182,634773,627948,56626,684574,7181
2022-07-23,Placer,061,380077,72450,71870,9078,80948,644
2022-07-23,Plumas,063,18699,3487,3464,424,3888,13
2022-07-23,Riverside,065,2383286,661714,655603,32551,688154,6527
2022-07-23,Sacramento,067,1510023,329208,326216,32259,358475,3136
2022-07-23,San Benito,069,59416,15283,15049,823,15872,100
2022-07-23,San Bernardino,071,2135413,637904,626059,28471,654530,7933
2022-07-23,San Diego,073,3302833,878220,870102,66489,936591,5380
2022-07-23,San Francisco,075,870044,168944,167260,11298,178558,931
2022-07-23,San Joaquin,077,732212,187969,186142,13100,199242,2267
2022-07-23,San Luis Obispo,079,281455,60428,59919,6327,66246,500
2022-07-23,San Mateo,081,765935,159387,157266,9897,167163,724
2022-07-23,Santa Barbara,083,443738,99741,98826,6002,104828,706
2022-07-23,Santa Clara,085,1922200,410059,401495,17634,419129,2381
2022-07-23,Santa Cruz,087,273765,59128,58386,3093,61479,268
2022-07-23,Shasta,089,179085,33446,33185,6892,40077,578
2022-07-23,Sierra,091,2930,293,293,58,351,4
2022-07-23,Siskiyou,093,43540,4915,4938,3135,8073,84
2022-07-23,Solano,095,438530,99818,98016,7283,105299,457
2022-07-23,Sonoma,097,501317,101684,100735,4808,105543,499
2022-07-23,Stanislaus,099,539301,130894,129813,20160,149973,1695
2022-07-23,Sutter,101,95872,22799,22687,2365,25052,228
2022-07-23,Tehama,103,63373,13089,12974,2872,15846,207
2022-07-23,Trinity,105,12862,1341,1330,338,1668,20
2022-07-23,Tulare,107,460477,116354,115548,32409,147957,1513
2022-07-23,Tuolumne,109,53932,14726,14514,864,15378,196
2022-07-23,Ventura,111,848112,197921,196127,13696,209823,1525
2022-07-23,Yolo,113,214977,45481,45141,3853,48994,327
2022-07-23,Yuba,115,75493,17875,17770,1539,19309,124
2022-07-22,Alameda,001,1643700,326491,323165,18167,341332,1933
2022-07-22,Alpine,002,1148,130,130,1,131,0
2022-07-22,Amador,005,37829,9572,9526,833,10359,87
2022-07-22,Butte,007,227075,37342,36994,8371,45365,440
2022-07-22,Calaveras,009,45235,8110,8064,468,8532,128
2022-07-22,Colusa,011,21464,3657,3639,1185,4824,22
2022-07-22,Contra Costa,013,1133247,237248,231714,18924,250638,1363
2022-07-22,Del Norte,015,27424,7113,7128,363,7491,54
2022-07-22,El Dorado,017,186661,30898,30722,3963,34685,222
2022-07-22,Fresno,019,978130,263847,257571,28771,286342,2792
2022-07-22,Glenn,021,27897,5355,5311,1778,7089,48
2022-07-22,Humboldt,023,135768,20432,20283,4314,24597,150
2022-07-22,Imperial,025,180216,62306,61671,13683,75354,948
2022-07-22,Inyo,027,18085,4389,4366,774,5140,57
2022-07-22,Kern,029,883053,210368,208535,55904,264439,2366
2022-07-22,Kings,031,150075,56432,56103,3841,59944,451
2022-07-22,Lake,033,64148,12042,11957,1077,13034,142
2022-07-22,Lassen,035,31185,9527,9504,953,10457,64
2022-07-22,Los Angeles,037,10098052,3117656,3085376,161090,3246466,32340
2022-07-22,Madera,039,155013,41464,41145,7326,48471,372
2022-07-22,Marin,041,260295,42743,42347,4838,47185,300
2022-07-22,Mariposa,043,17540,2940,2897,306,3203,30
2022-07-22,Mendocino,045,87422,15105,14988,4050,19038,131
2022-07-22,Merced,047,269075,69440,68127,10510,78637,837
2022-07-22,Modoc,049,8938,839,829,307,1136,10
2022-07-22,Mono,051,14174,3157,3141,217,3358,7
2022-07-22,Monterey,053,433212,89766,89067,18534,107601,747
2022-07-22,Napa,055,140530,30643,30495,1328,31823,148
2022-07-22,Nevada,057,99092,18168,18073,1638,19711,131
2022-07-22,Orange,059,3164182,633994,627948,56467,684415,7181
2022-07-22,Placer,061,380077,72404,71870,9070,80940,644
2022-07-22,Plumas,063,18699,3486,3464,424,3888,13
2022-07-22,Riverside,065,2383286,660970,655603,32487,688090,6527
2022-07-22,Sacramento,067,1510023,328851,326216,32234,358450,3136
2022-07-22,San Benito,069,59416,15273,15049,823,15872,100
2022-07-22,San Bernardino,071,2135413,637278,626059,28426,654485,7933
2022-07-22,San Diego,073,3302833,877139,870102,66351,936453,5380
2022-07-22,San Francisco,075,870044,168750,167260,11269,178529,931
2022-07-22,San Joaquin,077,732212,187808,186142,13068,199210,2267
2022-07-22,San Luis Obispo,079,281455,60373,59919,6315,66234,500
2022-07-22,San Mateo,081,765935,159155,157266,9885,167151,724
2022-07-22,Santa Barbara,083,443738,99639,98826,5996,104822,706
2022-07-22,Santa Clara,085,1922200,409406,401495,17607,419102,2381
2022-07-22,Santa Cruz,087,273765,59022,58386,3085,61471,268
2022-07-22,Shasta,089,179085,33415,33185,6887,40072,578
2022-07-22,Sierra,091,2930,293,293,58,351,4
2022-07-22,Siskiyou,093,43540,4912,4938,3132,8070,84
2022-07-22,Solano,095,438530,99680,98016,7269,105285,457
2022-07-22,Sonoma,097,501317,101577,100735,4790,105525,499
2022-07-22,Stanislaus,099,539301,130764,129813,20135,149948,1695
2022-07-22,Sutter,101,95872,22775,22687,2364,25051,228
2022-07-22,Tehama,103,63373,13080,12974,2870,15844,207
2022-07-22,Trinity,105,12862,1339,1330,337,1667,20
2022-07-22,Tulare,107,460477,116240,115548,32352,147900,1513
2022-07-22,Tuolumne,109,53932,14702,14514,860,15374,196
2022-07-22,Ventura,111,848112,197734,196127,13661,209788,1525
2022-07-22,Yolo,113,214977,45427,45141,3836,48977,327
2022-07-22,Yuba,115,75493,17861,17770,1537,19307,124
2022-07-21,Alameda,001,1643700,325815,323165,18119,341284,1933
2022-07-21,Alpine,002,1148,130,130,1,131,0
2022-07-21,Amador,005,37829,9565,9526,831,10357,87
2022-07-21,Butte,007,227075,37302,36994,8351,45345,440
2022-07-21,Calaveras,009,45235,8095,8064,466,8530,128
2022-07-21,Colusa,011,21464,3653,3639,1183,4822,22
2022-07-21,Contra Costa,013,1133247,236865,231714,18866,250580,1363
2022-07-21,Del Norte,015,27424,7103,7128,363,7491,54
2022-07-21,El Dorado,017,186661,30847,30722,3960,34682,222
2022-07-21,Fresno,019,978130,263372,257571,28687,286258,2792
2022-07-21,Glenn,021,27897,5349,5311,1778,7089,48
2022-07-21,Humboldt,023,135768,20401,20283,4291,24574,150
2022-07-21,Imperial,025,180216,62193,61671,13587,75258,948
2022-07-21,Inyo,027,18085,4385,4366,767,5133,57
2022-07-21,Kern,029,883053,210092,208535,55721,264256,2366
2022-07-21,Kings,031,150075,56359,56103,3828,59931,451
2022-07-21,Lake,033,64148,12029,11957,1074,13031,142
2022-07-21,Lassen,035,31185,9524,9504,953,10457,64
2022-07-21,Los Angeles,037,10098052,3112035,3085376,160478,3245854,32340
2022-07-21,Madera,039,155013,41386,41145,7304,48449,372
2022-07-21,Marin,041,260295,42678,42347,4834,47181,300
2022-07-21,Mariposa,043,17540,2936,2897,305,3202,30
2022-07-21,Mendocino,045,87422,15079,14988,4044,19032,131
2022-07-21,Merced,047,269075,69335,68127,10485,78612,837
2022-07-21,Modoc,049,8938,837,829,307,1136,10
2022-07-21,Mono,051,14174,3153,3141,216,3357,7
2022-07-21,Monterey,053,433212,89642,89067,18459,107526,747
2022-07-21,Napa,055,140530,30598,30495,1328,31823,148
2022-07-21,Nevada,057,99092,18149,18073,1632,19705,131
2022-07-21,Orange,059,3164182,632863,627948,56235,684183,7181
2022-07-21,Placer,061,380077,72297,71870,9047,80917,644
2022-07-21,Plumas,063,18699,3485,3464,424,3888,13
2022-07-21,Riverside,065,2383286,659907,655603,32413,688016,6527
2022-07-21,Sacramento,067,1510023,328338,326216,32191,358407,3136
2022-07-21,San Benito,069,59416,15231,15049,820,15869,100
2022-07-21,San Bernardino,071,2135413,636252,626059,28361,654420,7933
2022-07-21,San Diego,073,3302833,875460,870102,66156,936258,5380
2022-07-21,San Francisco,075,870044,168394,167260,11217,178477,931
2022-07-21,San Joaquin,077,732212,187553,186142,13020,199162,2267
2022-07-21,San Luis Obispo,079,281455,60316,59919,6285,66204,500
2022-07-21,San Mateo,081,765935,158852,157266,9870,167136,724
2022-07-21,Santa Barbara,083,443738,99478,98826,5976,104802,706
2022-07-21,Santa Clara,085,1922200,408602,401495,17569,419064,2381
2022-07-21,Santa Cruz,087,273765,58904,58386,3070,61456,268
2022-07-21,Shasta,089,179085,33366,33185,6873,40058,578
2022-07-21,Sierra,091,2930,293,293,58,351,4
2022-07-21,Siskiyou,093,43540,4906,4938,3126,8064,84
2022-07-21,Solano,095,438530,99531,98016,7261,105277,457
2022-07-21,Sonoma,097,501317,101433,100735,4776,105511,499
2022-07-21,Stanislaus,099,539301,130574,129813,20111,149924,1695
2022-07-21,Sutter,101,95872,22748,22687,2362,25049,228
2022-07-21,Tehama,103,63373,13063,12974,2859,15833,207
2022-07-21,Trinity,105,12862,1335,1330,337,1667,20
2022-07-21,Tulare,107,460477,116080,115548,32280,147828,1513
2022-07-21,Tuolumne,109,53932,14669,14514,857,15371,196
2022-07-21,Ventura,111,848112,197408,196127,13571,209698,1525
2022-07-21,Yolo,113,214977,45365,45141,3823,48964,327
2022-07-21,Yuba,115,75493,17832,17770,1534,19304,124
2022-07-20,Alameda,001,1643700,325135,321347,18076,339423,1915
2022-07-20,Alpine,002,1148,130,130,1,131,0
2022-07-20,Amador,005,37829,9547,9478,829,10307,87
2022-07-20,Butte,007,227075,37253,36820,8331,45151,440
2022-07-20,Calaveras,009,45235,8086,8035,465,8500,126
2022-07-20,Colusa,011,21464,3649,3627,1181,4808,22
2022-07-20,Contra Costa,013,1133247,236465,230356,18817,249173,1362
2022-07-20,Del Norte,015,27424,7094,7081,363,7444,54
2022-07-20,El Dorado,017,186661,30816,30628,3950,34578,221
2022-07-20,Fresno,019,978130,262853,256217,28613,284830,2790
2022-07-20,Glenn,021,27897,5345,5287,1775,7062,48
2022-07-20,Humboldt,023,135768,20362,20149,4273,24422,150
2022-07-20,Imperial,025,180216,62048,61170,13492,74662,944
2022-07-20,Inyo,027,18085,4383,4355,762,5117,56
2022-07-20,Kern,029,883053,209792,207603,55533,263136,2366
2022-07-20,Kings,031,150075,56274,55836,3817,59653,449
2022-07-20,Lake,033,64148,12008,11895,1069,12964,142
2022-07-20,Lassen,035,31185,9515,9455,953,10408,64
2022-07-20,Los Angeles,037,10098052,3106424,3068779,159854,3228633,32292
2022-07-20,Madera,039,155013,41314,40902,7284,48186,372
2022-07-20,Marin,041,260295,42598,42153,4827,46980,300
2022-07-20,Mariposa,043,17540,2921,2884,303,3187,30
2022-07-20,Mendocino,045,87422,15064,14890,4032,18922,131
2022-07-20,Merced,047,269075,69235,67775,10461,78236,833
2022-07-20,Modoc,049,8938,836,799,306,1105,9
2022-07-20,Mono,051,14174,3150,3138,213,3351,7
2022-07-20,Monterey,053,433212,89504,88606,18378,106984,747
2022-07-20,Napa,055,140530,30560,30353,1325,31678,145
2022-07-20,Nevada,057,99092,18123,18020,1626,19646,131
2022-07-20,Orange,059,3164182,631588,624998,55992,680990,7173
2022-07-20,Placer,061,380077,72215,71614,9029,80643,639
2022-07-20,Plumas,063,18699,3479,3433,423,3856,13
2022-07-20,Riverside,065,2383286,658806,652192,32315,684507,6510
2022-07-20,Sacramento,067,1510023,327789,324765,32141,356906,3123
2022-07-20,San Benito,069,59416,15199,14966,817,15783,100
2022-07-20,San Bernardino,071,2135413,635206,622760,28297,651057,7921
2022-07-20,San Diego,073,3302833,873633,864434,65972,930406,5375
2022-07-20,San Francisco,075,870044,168064,166241,11199,177440,929
2022-07-20,San Joaquin,077,732212,187265,185319,12963,198282,2262
2022-07-20,San Luis Obispo,079,281455,60246,59727,6256,65983,499
2022-07-20,San Mateo,081,765935,158553,156191,9850,166041,724
2022-07-20,Santa Barbara,083,443738,99298,98322,5949,104271,703
2022-07-20,Santa Clara,085,1922200,407796,398816,17531,416347,2374
2022-07-20,Santa Cruz,087,273765,58790,58004,3057,61061,267
2022-07-20,Shasta,089,179085,33325,33017,6866,39883,576
2022-07-20,Sierra,091,2930,293,292,58,350,4
2022-07-20,Siskiyou,093,43540,4894,4921,3120,8041,84
2022-07-20,Solano,095,438530,99361,97577,7239,104816,459
2022-07-20,Sonoma,097,501317,101245,100304,4763,105067,499
2022-07-20,Stanislaus,099,539301,130407,129200,20067,149267,1695
2022-07-20,Sutter,101,95872,22713,22592,2359,24951,228
2022-07-20,Tehama,103,63373,13047,12923,2855,15778,205
2022-07-20,Trinity,105,12862,1335,1319,336,1655,20
2022-07-20,Tulare,107,460477,115894,115073,32169,147242,1510
2022-07-20,Tuolumne,109,53932,14643,14389,856,15245,196
2022-07-20,Ventura,111,848112,197089,195189,13498,208687,1522
2022-07-20,Yolo,113,214977,45309,44950,3812,48762,325
2022-07-20,Yuba,115,75493,17808,17661,1533,19194,124
2022-07-19,Alameda,001,1643700,324460,321347,18052,339399,1915
2022-07-19,Alpine,002,1148,130,130,1,131,0
2022-07-19,Amador,005,37829,9535,9478,825,10303,87
2022-07-19,Butte,007,227075,37200,36820,8317,45137,440
2022-07-19,Calaveras,009,45235,8076,8035,465,8500,126
2022-07-19,Colusa,011,21464,3646,3627,1177,4804,22
2022-07-19,Contra Costa,013,1133247,236014,230356,18760,249116,1362
2022-07-19,Del Norte,015,27424,7086,7081,362,7443,54
2022-07-19,El Dorado,017,186661,30773,30628,3941,34569,221
2022-07-19,Fresno,019,978130,262244,256217,28522,284739,2790
2022-07-19,Glenn,021,27897,5338,5287,1774,7061,48
2022-07-19,Humboldt,023,135768,20327,20149,4259,24408,150
2022-07-19,Imperial,025,180216,61914,61170,13402,74572,944
2022-07-19,Inyo,027,18085,4381,4355,760,5115,56
2022-07-19,Kern,029,883053,209512,207603,55340,262943,2366
2022-07-19,Kings,031,150075,56171,55836,3798,59634,449
2022-07-19,Lake,033,64148,11987,11895,1061,12956,142
2022-07-19,Lassen,035,31185,9507,9455,953,10408,64
2022-07-19,Los Angeles,037,10098052,3100246,3068779,159147,3227926,32292
2022-07-19,Madera,039,155013,41235,40902,7261,48163,372
2022-07-19,Marin,041,260295,42535,42153,4814,46967,300
2022-07-19,Mariposa,043,17540,2916,2884,302,3186,30
2022-07-19,Mendocino,045,87422,15032,14890,4021,18911,131
2022-07-19,Merced,047,269075,69130,67775,10429,78204,833
2022-07-19,Modoc,049,8938,835,799,306,1105,9
2022-07-19,Mono,051,14174,3146,3138,213,3351,7
2022-07-19,Monterey,053,433212,89353,88606,18298,106904,747
2022-07-19,Napa,055,140530,30504,30353,1321,31674,145
2022-07-19,Nevada,057,99092,18109,18020,1619,19639,131
2022-07-19,Orange,059,3164182,630295,624998,55741,680739,7173
2022-07-19,Placer,061,380077,72127,71614,9012,80626,639
2022-07-19,Plumas,063,18699,3473,3433,421,3854,13
2022-07-19,Riverside,065,2383286,657494,652192,32220,684412,6510
2022-07-19,Sacramento,067,1510023,327157,324765,32099,356864,3123
2022-07-19,San Benito,069,59416,15155,14966,815,15781,100
2022-07-19,San Bernardino,071,2135413,634085,622760,28224,650984,7921
2022-07-19,San Diego,073,3302833,871543,864434,65726,930160,5375
2022-07-19,San Francisco,075,870044,167712,166241,11180,177421,929
2022-07-19,San Joaquin,077,732212,186982,185319,12901,198220,2262
2022-07-19,San Luis Obispo,079,281455,60162,59727,6218,65945,499
2022-07-19,San Mateo,081,765935,158255,156191,9827,166018,724
2022-07-19,Santa Barbara,083,443738,99087,98322,5927,104249,703
2022-07-19,Santa Clara,085,1922200,406845,398816,17479,416295,2374
2022-07-19,Santa Cruz,087,273765,58668,58004,3042,61046,267
2022-07-19,Shasta,089,179085,33293,33017,6852,39869,576
2022-07-19,Sierra,091,2930,293,292,58,350,4
2022-07-19,Siskiyou,093,43540,4889,4921,3113,8034,84
2022-07-19,Solano,095,438530,99135,97577,7212,104789,459
2022-07-19,Sonoma,097,501317,101088,100304,4735,105039,499
2022-07-19,Stanislaus,099,539301,130164,129200,20034,149234,1695
2022-07-19,Sutter,101,95872,22683,22592,2356,24948,228
2022-07-19,Tehama,103,63373,13033,12923,2848,15771,205
2022-07-19,Trinity,105,12862,1332,1319,335,1654,20
2022-07-19,Tulare,107,460477,115708,115073,32062,147135,1510
2022-07-19,Tuolumne,109,53932,14619,14389,847,15236,196
2022-07-19,Ventura,111,848112,196744,195189,13420,208609,1522
2022-07-19,Yolo,113,214977,45249,44950,3802,48752,325
2022-07-19,Yuba,115,75493,17775,17661,1532,19193,124
2022-07-18,Alameda,001,1643700,323719,321347,18020,339367,1915
2022-07-18,Alpine,002,1148,130,130,1,131,0
2022-07-18,Amador,005,37829,9520,9478,825,10303,87
2022-07-18,Butte,007,227075,37130,36820,8304,45124,440
2022-07-18,Calaveras,009,45235,8065,8035,462,8497,126
2022-07-18,Colusa,011,21464,3643,3627,1171,4798,22
2022-07-18,Contra Costa,013,1133247,235548,230356,18689,249045,1362
2022-07-18,Del Norte,015,27424,7075,7081,360,7441,54
2022-07-18,El Dorado,017,186661,30721,30628,3932,34560,221
2022-07-18,Fresno,019,978130,261652,256217,28440,284657,2790
2022-07-18,Glenn,021,27897,5336,5287,1774,7061,48
2022-07-18,Humboldt,023,135768,20286,20149,4239,24388,150
2022-07-18,Imperial,025,180216,61749,61170,13305,74475,944
2022-07-18,Inyo,027,18085,4377,4355,759,5114,56
2022-07-18,Kern,029,883053,209195,207603,55087,262690,2366
2022-07-18,Kings,031,150075,56064,55836,3790,59626,449
2022-07-18,Lake,033,64148,11965,11895,1055,12950,142
2022-07-18,Lassen,035,31185,9503,9455,952,10407,64
2022-07-18,Los Angeles,037,10098052,3093401,3068779,158481,3227260,32292
2022-07-18,Madera,039,155013,41129,40902,7233,48135,372
2022-07-18,Marin,041,260295,42454,42153,4804,46957,300
2022-07-18,Mariposa,043,17540,2908,2884,301,3185,30
2022-07-18,Mendocino,045,87422,15003,14890,4010,18900,131
2022-07-18,Merced,047,269075,69008,67775,10403,78178,833
2022-07-18,Modoc,049,8938,834,799,306,1105,9
2022-07-18,Mono,051,14174,3145,3138,213,3351,7
2022-07-18,Monterey,053,433212,89189,88606,18218,106824,747
2022-07-18,Napa,055,140530,30464,30353,1318,31671,145
2022-07-18,Nevada,057,99092,18095,18020,1607,19627,131
2022-07-18,Orange,059,3164182,628808,624998,55474,680472,7173
2022-07-18,Placer,061,380077,72040,71614,8996,80610,639
2022-07-18,Plumas,063,18699,3464,3433,420,3853,13
2022-07-18,Riverside,065,2383286,656206,652192,32110,684302,6510
2022-07-18,Sacramento,067,1510023,326535,324765,32041,356806,3123
2022-07-18,San Benito,069,59416,15114,14966,810,15776,100
2022-07-18,San Bernardino,071,2135413,632822,622760,28152,650912,7921
2022-07-18,San Diego,073,3302833,869225,864434,65456,929890,5375
2022-07-18,San Francisco,075,870044,167292,166241,11155,177396,929
2022-07-18,San Joaquin,077,732212,186648,185319,12842,198161,2262
2022-07-18,San Luis Obispo,079,281455,60065,59727,6193,65920,499
2022-07-18,San Mateo,081,765935,157880,156191,9807,165998,724
2022-07-18,Santa Barbara,083,443738,98889,98322,5906,104228,703
2022-07-18,Santa Clara,085,1922200,405865,398816,17427,416243,2374
2022-07-18,Santa Cruz,087,273765,58519,58004,3030,61034,267
2022-07-18,Shasta,089,179085,33244,33017,6836,39853,576
2022-07-18,Sierra,091,2930,293,292,58,350,4
2022-07-18,Siskiyou,093,43540,4885,4921,3106,8027,84
2022-07-18,Solano,095,438530,98900,97577,7191,104768,459
2022-07-18,Sonoma,097,501317,100909,100304,4717,105021,499
2022-07-18,Stanislaus,099,539301,129941,129200,19995,149195,1695
2022-07-18,Sutter,101,95872,22649,22592,2356,24948,228
2022-07-18,Tehama,103,63373,13012,12923,2848,15771,205
2022-07-18,Trinity,105,12862,1330,1319,334,1653,20
2022-07-18,Tulare,107,460477,115513,115073,31974,147047,1510
2022-07-18,Tuolumne,109,53932,14583,14389,845,15234,196
2022-07-18,Ventura,111,848112,196361,195189,13347,208536,1522
2022-07-18,Yolo,113,214977,45179,44950,3791,48741,325
2022-07-18,Yuba,115,75493,17740,17661,1523,19184,124
2022-07-17,Alameda,001,1643700,322813,318442,17963,336405,1911
2022-07-17,Alpine,002,1148,130,130,1,131,0
2022-07-17,Amador,005,37829,9511,9437,821,10258,87
2022-07-17,Butte,007,227075,37069,36644,8282,44926,440
2022-07-17,Calaveras,009,45235,8049,7994,452,8446,126
2022-07-17,Colusa,011,21464,3637,3617,1165,4782,22
2022-07-17,Contra Costa,013,1133247,234985,228634,18615,247249,1356
2022-07-17,Del Norte,015,27424,7048,6860,358,7218,54
2022-07-17,El Dorado,017,186661,30673,30461,3918,34379,219
2022-07-17,Fresno,019,978130,260952,254088,28332,282420,2790
2022-07-17,Glenn,021,27897,5330,5273,1772,7045,48
2022-07-17,Humboldt,023,135768,20230,20016,4222,24238,150
2022-07-17,Imperial,025,180216,61554,60550,13160,73710,944
2022-07-17,Inyo,027,18085,4367,4343,755,5098,56
2022-07-17,Kern,029,883053,208693,206466,54857,261323,2364
2022-07-17,Kings,031,150075,55926,55432,3767,59199,449
2022-07-17,Lake,033,64148,11933,11835,1051,12886,141
2022-07-17,Lassen,035,31185,9477,9425,948,10373,64
2022-07-17,Los Angeles,037,10098052,3086081,3042708,157682,3200390,32248
2022-07-17,Madera,039,155013,41019,40627,7188,47815,372
2022-07-17,Marin,041,260295,42356,41829,4797,46626,300
2022-07-17,Mariposa,043,17540,2901,2866,301,3167,30
2022-07-17,Mendocino,045,87422,14963,14799,3992,18791,131
2022-07-17,Merced,047,269075,68872,67416,10363,77779,833
2022-07-17,Modoc,049,8938,831,799,306,1105,9
2022-07-17,Mono,051,14174,3143,3131,209,3340,7
2022-07-17,Monterey,053,433212,88996,88118,18148,106266,747
2022-07-17,Napa,055,140530,30405,30176,1317,31493,145
2022-07-17,Nevada,057,99092,18068,17941,1599,19540,131
2022-07-17,Orange,059,3164182,627229,620414,55194,675608,7161
2022-07-17,Placer,061,380077,71951,71232,8977,80209,637
2022-07-17,Plumas,063,18699,3449,3406,420,3826,13
2022-07-17,Riverside,065,2383286,654740,647328,31994,679322,6508
2022-07-17,Sacramento,067,1510023,325867,322788,31982,354770,3119
2022-07-17,San Benito,069,59416,15088,14869,804,15673,100
2022-07-17,San Bernardino,071,2135413,631388,618482,28043,646525,7914
2022-07-17,San Diego,073,3302833,866850,857262,65253,922515,5370
2022-07-17,San Francisco,075,870044,166827,164853,11111,175964,928
2022-07-17,San Joaquin,077,732212,186271,184187,12762,196949,2262
2022-07-17,San Luis Obispo,079,281455,59947,59437,6154,65591,499
2022-07-17,San Mateo,081,765935,157508,154961,9786,164747,723
2022-07-17,Santa Barbara,083,443738,98620,97600,5879,103479,702
2022-07-17,Santa Clara,085,1922200,404803,395466,17372,412838,2371
2022-07-17,Santa Cruz,087,273765,58322,57531,3012,60543,267
2022-07-17,Shasta,089,179085,33191,32871,6810,39681,575
2022-07-17,Sierra,091,2930,293,291,58,349,4
2022-07-17,Siskiyou,093,43540,4879,4899,3092,7991,83
2022-07-17,Solano,095,438530,98698,96974,7166,104140,457
2022-07-17,Sonoma,097,501317,100715,99679,4699,104378,499
2022-07-17,Stanislaus,099,539301,129674,128436,19958,148394,1692
2022-07-17,Sutter,101,95872,22596,22452,2353,24805,228
2022-07-17,Tehama,103,63373,12988,12860,2840,15700,205
2022-07-17,Trinity,105,12862,1327,1304,332,1636,20
2022-07-17,Tulare,107,460477,115290,114399,31881,146280,1510
2022-07-17,Tuolumne,109,53932,14550,14280,837,15117,196
2022-07-17,Ventura,111,848112,195903,193965,13230,207195,1519
2022-07-17,Yolo,113,214977,45103,44703,3774,48477,324
2022-07-17,Yuba,115,75493,17700,17567,1513,19080,124
2022-07-16,Alameda,001,1643700,322395,318442,17945,336387,1911
2022-07-16,Alpine,002,1148,130,130,1,131,0
2022-07-16,Amador,005,37829,9503,9437,821,10258,87
2022-07-16,Butte,007,227075,37048,36644,8267,44911,440
2022-07-16,Calaveras,009,45235,8044,7994,446,8440,126
2022-07-16,Colusa,011,21464,3633,3617,1161,4778,22
2022-07-16,Contra Costa,013,1133247,234676,228634,18562,247196,1356
2022-07-16,Del Norte,015,27424,7037,6860,358,7218,54
2022-07-16,El Dorado,017,186661,30652,30461,3916,34377,219
2022-07-16,Fresno,019,978130,260662,254088,28287,282375,2790
2022-07-16,Glenn,021,27897,5325,5273,1769,7042,48
2022-07-16,Humboldt,023,135768,20199,20016,4210,24226,150
2022-07-16,Imperial,025,180216,61469,60550,13116,73666,944
2022-07-16,Inyo,027,18085,4366,4343,754,5097,56
2022-07-16,Kern,029,883053,208518,206466,54689,261155,2364
2022-07-16,Kings,031,150075,55886,55432,3763,59195,449
2022-07-16,Lake,033,64148,11917,11835,1051,12886,141
2022-07-16,Lassen,035,31185,9475,9425,947,10372,64
2022-07-16,Los Angeles,037,10098052,3082605,3042708,157204,3199912,32248
2022-07-16,Madera,039,155013,40976,40627,7175,47802,372
2022-07-16,Marin,041,260295,42320,41829,4790,46619,300
2022-07-16,Mariposa,043,17540,2899,2866,301,3167,30
2022-07-16,Mendocino,045,87422,14955,14799,3989,18788,131
2022-07-16,Merced,047,269075,68783,67416,10352,77768,833
2022-07-16,Modoc,049,8938,831,799,306,1105,9
2022-07-16,Mono,051,14174,3142,3131,208,3339,7
2022-07-16,Monterey,053,433212,88902,88118,18106,106224,747
2022-07-16,Napa,055,140530,30376,30176,1315,31491,145
2022-07-16,Nevada,057,99092,18054,17941,1592,19533,131
2022-07-16,Orange,059,3164182,626502,620414,55036,675450,7161
2022-07-16,Placer,061,380077,71866,71232,8961,80193,637
2022-07-16,Plumas,063,18699,3445,3406,419,3825,13
2022-07-16,Riverside,065,2383286,653951,647328,31943,679271,6508
2022-07-16,Sacramento,067,1510023,325594,322788,31967,354755,3119
2022-07-16,San Benito,069,59416,15071,14869,800,15669,100
2022-07-16,San Bernardino,071,2135413,630642,618482,27981,646463,7914
2022-07-16,San Diego,073,3302833,865938,857262,65169,922431,5370
2022-07-16,San Francisco,075,870044,166643,164853,11095,175948,928
2022-07-16,San Joaquin,077,732212,186112,184187,12732,196919,2262
2022-07-16,San Luis Obispo,079,281455,59919,59437,6134,65571,499
2022-07-16,San Mateo,081,765935,157266,154961,9776,164737,723
2022-07-16,Santa Barbara,083,443738,98504,97600,5859,103459,702
2022-07-16,Santa Clara,085,1922200,404133,395466,17346,412812,2371
2022-07-16,Santa Cruz,087,273765,58250,57531,3007,60538,267
2022-07-16,Shasta,089,179085,33171,32871,6806,39677,575
2022-07-16,Sierra,091,2930,293,291,58,349,4
2022-07-16,Siskiyou,093,43540,4878,4899,3087,7986,83
2022-07-16,Solano,095,438530,98623,96974,7149,104123,457
2022-07-16,Sonoma,097,501317,100627,99679,4688,104367,499
2022-07-16,Stanislaus,099,539301,129543,128436,19924,148360,1692
2022-07-16,Sutter,101,95872,22573,22452,2352,24804,228
2022-07-16,Tehama,103,63373,12979,12860,2835,15695,205
2022-07-16,Trinity,105,12862,1325,1304,332,1636,20
2022-07-16,Tulare,107,460477,115183,114399,31821,146220,1510
2022-07-16,Tuolumne,109,53932,14526,14280,837,15117,196
2022-07-16,Ventura,111,848112,195677,193965,13189,207154,1519
2022-07-16,Yolo,113,214977,45057,44703,3761,48464,324
2022-07-16,Yuba,115,75493,17676,17567,1513,19080,124
2022-07-15,Alameda,001,1643700,321932,318442,17910,336352,1911
2022-07-15,Alpine,002,1148,130,130,1,131,0
2022-07-15,Amador,005,37829,9500,9437,820,10257,87
2022-07-15,Butte,007,227075,37009,36644,8262,44906,440
2022-07-15,Calaveras,009,45235,8038,7994,442,8436,126
2022-07-15,Colusa,011,21464,3631,3617,1159,4776,22
2022-07-15,Contra Costa,013,1133247,234399,228634,18511,247145,1356
2022-07-15,Del Norte,015,27424,7026,6860,355,7215,54
2022-07-15,El Dorado,017,186661,30624,30461,3913,34374,219
2022-07-15,Fresno,019,978130,260265,254088,28222,282310,2790
2022-07-15,Glenn,021,27897,5322,5273,1766,7039,48
2022-07-15,Humboldt,023,135768,20175,20016,4198,24214,150
2022-07-15,Imperial,025,180216,61396,60550,13074,73624,944
2022-07-15,Inyo,027,18085,4361,4343,749,5092,56
2022-07-15,Kern,029,883053,208299,206466,54518,260984,2364
2022-07-15,Kings,031,150075,55822,55432,3756,59188,449
2022-07-15,Lake,033,64148,11905,11835,1048,12883,141
2022-07-15,Lassen,035,31185,9473,9425,945,10370,64
2022-07-15,Los Angeles,037,10098052,3078408,3042708,156686,3199394,32248
2022-07-15,Madera,039,155013,40913,40627,7156,47783,372
2022-07-15,Marin,041,260295,42260,41829,4779,46608,300
2022-07-15,Mariposa,043,17540,2896,2866,300,3166,30
2022-07-15,Mendocino,045,87422,14931,14799,3984,18783,131
2022-07-15,Merced,047,269075,68719,67416,10340,77756,833
2022-07-15,Modoc,049,8938,830,799,306,1105,9
2022-07-15,Mono,051,14174,3140,3131,207,3338,7
2022-07-15,Monterey,053,433212,88788,88118,18079,106197,747
2022-07-15,Napa,055,140530,30344,30176,1314,31490,145
2022-07-15,Nevada,057,99092,18042,17941,1590,19531,131
2022-07-15,Orange,059,3164182,625659,620414,54860,675274,7161
2022-07-15,Placer,061,380077,71793,71232,8935,80167,637
2022-07-15,Plumas,063,18699,3438,3406,417,3823,13
2022-07-15,Riverside,065,2383286,653125,647328,31881,679209,6508
2022-07-15,Sacramento,067,1510023,325223,322788,31938,354726,3119
2022-07-15,San Benito,069,59416,15056,14869,800,15669,100
2022-07-15,San Bernardino,071,2135413,629892,618482,27939,646421,7914
2022-07-15,San Diego,073,3302833,864664,857262,65005,922267,5370
2022-07-15,San Francisco,075,870044,166390,164853,11055,175908,928
2022-07-15,San Joaquin,077,732212,185933,184187,12687,196874,2262
2022-07-15,San Luis Obispo,079,281455,59887,59437,6122,65559,499
2022-07-15,San Mateo,081,765935,157028,154961,9759,164720,723
2022-07-15,Santa Barbara,083,443738,98375,97600,5852,103452,702
2022-07-15,Santa Clara,085,1922200,403449,395466,17317,412783,2371
2022-07-15,Santa Cruz,087,273765,58160,57531,2995,60526,267
2022-07-15,Shasta,089,179085,33148,32871,6799,39670,575
2022-07-15,Sierra,091,2930,293,291,58,349,4
2022-07-15,Siskiyou,093,43540,4878,4899,3085,7984,83
2022-07-15,Solano,095,438530,98474,96974,7137,104111,457
2022-07-15,Sonoma,097,501317,100504,99679,4680,104359,499
2022-07-15,Stanislaus,099,539301,129420,128436,19903,148339,1692
2022-07-15,Sutter,101,95872,22546,22452,2351,24803,228
2022-07-15,Tehama,103,63373,12972,12860,2827,15687,205
2022-07-15,Trinity,105,12862,1321,1304,332,1636,20
2022-07-15,Tulare,107,460477,115032,114399,31736,146135,1510
2022-07-15,Tuolumne,109,53932,14483,14280,834,15114,196
2022-07-15,Ventura,111,848112,195451,193965,13150,207115,1519
2022-07-15,Yolo,113,214977,45011,44703,3751,48454,324
2022-07-15,Yuba,115,75493,17650,17567,1513,19080,124
2022-07-14,Alameda,001,1643700,321165,318442,17849,336291,1911
2022-07-14,Alpine,002,1148,130,130,1,131,0
2022-07-14,Amador,005,37829,9487,9437,814,10251,87
2022-07-14,Butte,007,227075,36969,36644,8256,44900,440
2022-07-14,Calaveras,009,45235,8031,7994,438,8432,126
2022-07-14,Colusa,011,21464,3631,3617,1157,4774,22
2022-07-14,Contra Costa,013,1133247,233955,228634,18424,247058,1356
2022-07-14,Del Norte,015,27424,7004,6860,354,7214,54
2022-07-14,El Dorado,017,186661,30588,30461,3904,34365,219
2022-07-14,Fresno,019,978130,259727,254088,28125,282213,2790
2022-07-14,Glenn,021,27897,5313,5273,1763,7036,48
2022-07-14,Humboldt,023,135768,20135,20016,4183,24199,150
2022-07-14,Imperial,025,180216,61216,60550,12959,73509,944
2022-07-14,Inyo,027,18085,4359,4343,744,5087,56
2022-07-14,Kern,029,883053,207969,206466,54319,260785,2364
2022-07-14,Kings,031,150075,55727,55432,3745,59177,449
2022-07-14,Lake,033,64148,11889,11835,1046,12881,141
2022-07-14,Lassen,035,31185,9468,9425,944,10369,64
2022-07-14,Los Angeles,037,10098052,3072210,3042708,155975,3198683,32248
2022-07-14,Madera,039,155013,40839,40627,7098,47725,372
2022-07-14,Marin,041,260295,42169,41829,4773,46602,300
2022-07-14,Mariposa,043,17540,2890,2866,295,3161,30
2022-07-14,Mendocino,045,87422,14917,14799,3978,18777,131
2022-07-14,Merced,047,269075,68626,67416,10313,77729,833
2022-07-14,Modoc,049,8938,830,799,306,1105,9
2022-07-14,Mono,051,14174,3139,3131,207,3338,7
2022-07-14,Monterey,053,433212,88671,88118,18001,106119,747
2022-07-14,Napa,055,140530,30300,30176,1310,31486,145
2022-07-14,Nevada,057,99092,18017,17941,1581,19522,131
2022-07-14,Orange,059,3164182,624387,620414,54622,675036,7161
2022-07-14,Placer,061,380077,71683,71232,8914,80146,637
2022-07-14,Plumas,063,18699,3429,3406,416,3822,13
2022-07-14,Riverside,065,2383286,651890,647328,31806,679134,6508
2022-07-14,Sacramento,067,1510023,324668,322788,31891,354679,3119
2022-07-14,San Benito,069,59416,15026,14869,796,15665,100
2022-07-14,San Bernardino,071,2135413,628732,618482,27861,646343,7914
2022-07-14,San Diego,073,3302833,862786,857262,64776,922038,5370
2022-07-14,San Francisco,075,870044,166046,164853,11007,175860,928
2022-07-14,San Joaquin,077,732212,185619,184187,12645,196832,2262
2022-07-14,San Luis Obispo,079,281455,59800,59437,6076,65513,499
2022-07-14,San Mateo,081,765935,156737,154961,9738,164699,723
2022-07-14,Santa Barbara,083,443738,98196,97600,5840,103440,702
2022-07-14,Santa Clara,085,1922200,402590,395466,17274,412740,2371
2022-07-14,Santa Cruz,087,273765,58068,57531,2981,60512,267
2022-07-14,Shasta,089,179085,33100,32871,6787,39658,575
2022-07-14,Sierra,091,2930,293,291,58,349,4
2022-07-14,Siskiyou,093,43540,4871,4899,3077,7976,83
2022-07-14,Solano,095,438530,98291,96974,7124,104098,457
2022-07-14,Sonoma,097,501317,100370,99679,4657,104336,499
2022-07-14,Stanislaus,099,539301,129213,128436,19869,148305,1692
2022-07-14,Sutter,101,95872,22520,22452,2350,24802,228
2022-07-14,Tehama,103,63373,12949,12860,2822,15682,205
2022-07-14,Trinity,105,12862,1321,1304,328,1632,20
2022-07-14,Tulare,107,460477,114903,114399,31637,146036,1510
2022-07-14,Tuolumne,109,53932,14443,14280,830,15110,196
2022-07-14,Ventura,111,848112,195102,193965,13077,207042,1519
2022-07-14,Yolo,113,214977,44947,44703,3736,48439,324
2022-07-14,Yuba,115,75493,17618,17567,1504,19071,124
2022-07-13,Alameda,001,1643700,320459,316026,17810,333836,1911
2022-07-13,Alpine,002,1148,130,129,1,130,0
2022-07-13,Amador,005,37829,9476,9388,813,10201,87
2022-07-13,Butte,007,227075,36912,36405,8242,44647,439
2022-07-13,Calaveras,009,45235,8018,7945,437,8382,125
2022-07-13,Colusa,011,21464,3626,3606,1157,4763,22
2022-07-13,Contra Costa,013,1133247,233472,226833,18339,245172,1356
2022-07-13,Del Norte,015,27424,6985,6790,354,7144,54
2022-07-13,El Dorado,017,186661,30539,30273,3898,34171,218
2022-07-13,Fresno,019,978130,259169,252573,28010,280583,2786
2022-07-13,Glenn,021,27897,5309,5256,1762,7018,48
2022-07-13,Humboldt,023,135768,20101,19854,4168,24022,150
2022-07-13,Imperial,025,180216,61060,60011,12879,72890,944
2022-07-13,Inyo,027,18085,4358,4324,739,5063,56
2022-07-13,Kern,029,883053,207553,205428,54084,259512,2359
2022-07-13,Kings,031,150075,55616,55138,3736,58874,449
2022-07-13,Lake,033,64148,11871,11773,1045,12818,140
2022-07-13,Lassen,035,31185,9446,9381,943,10324,64
2022-07-13,Los Angeles,037,10098052,3065524,3024953,155272,3180225,32206
2022-07-13,Madera,039,155013,40773,40378,7070,47448,372
2022-07-13,Marin,041,260295,42102,41616,4765,46381,300
2022-07-13,Mariposa,043,17540,2885,2847,294,3141,30
2022-07-13,Mendocino,045,87422,14897,14713,3961,18674,128
2022-07-13,Merced,047,269075,68492,67028,10282,77310,832
2022-07-13,Modoc,049,8938,829,791,305,1096,9
2022-07-13,Mono,051,14174,3138,3131,203,3334,7
2022-07-13,Monterey,053,433212,88526,87575,17924,105499,745
2022-07-13,Napa,055,140530,30261,30032,1308,31340,145
2022-07-13,Nevada,057,99092,17999,17849,1573,19422,131
2022-07-13,Orange,059,3164182,623004,616278,54370,670648,7147
2022-07-13,Placer,061,380077,71575,70890,8900,79790,637
2022-07-13,Plumas,063,18699,3421,3354,415,3769,13
2022-07-13,Riverside,065,2383286,650680,643472,31709,675181,6504
2022-07-13,Sacramento,067,1510023,324137,321076,31844,352920,3114
2022-07-13,San Benito,069,59416,14999,14774,790,15564,100
2022-07-13,San Bernardino,071,2135413,627543,614957,27764,642721,7907
2022-07-13,San Diego,073,3302833,860883,851596,64545,916141,5363
2022-07-13,San Francisco,075,870044,165638,163635,10979,174614,919
2022-07-13,San Joaquin,077,732212,185290,183283,12601,195884,2260
2022-07-13,San Luis Obispo,079,281455,59694,59134,6028,65162,498
2022-07-13,San Mateo,081,765935,156394,153875,9721,163596,723
2022-07-13,Santa Barbara,083,443738,98016,97053,5827,102880,699
2022-07-13,Santa Clara,085,1922200,401699,392415,17234,409649,2365
2022-07-13,Santa Cruz,087,273765,57932,57124,2974,60098,267
2022-07-13,Shasta,089,179085,33043,32708,6772,39480,574
2022-07-13,Sierra,091,2930,293,289,58,347,4
2022-07-13,Siskiyou,093,43540,4866,4873,3075,7948,82
2022-07-13,Solano,095,438530,98084,96479,7098,103577,455
2022-07-13,Sonoma,097,501317,100212,99173,4640,103813,499
2022-07-13,Stanislaus,099,539301,129016,127845,19811,147656,1689
2022-07-13,Sutter,101,95872,22473,22331,2348,24679,228
2022-07-13,Tehama,103,63373,12936,12793,2819,15612,205
2022-07-13,Trinity,105,12862,1320,1293,326,1619,20
2022-07-13,Tulare,107,460477,114709,113830,31543,145373,1508
2022-07-13,Tuolumne,109,53932,14418,14159,825,14984,194
2022-07-13,Ventura,111,848112,194765,192923,12994,205917,1518
2022-07-13,Yolo,113,214977,44886,44447,3726,48173,326
2022-07-13,Yuba,115,75493,17591,17464,1496,18960,124
2022-07-12,Alameda,001,1643700,319687,316026,17765,333791,1911
2022-07-12,Alpine,002,1148,130,129,1,130,0
2022-07-12,Amador,005,37829,9443,9388,806,10194,87
2022-07-12,Butte,007,227075,36855,36405,8223,44628,439
2022-07-12,Calaveras,009,45235,8003,7945,435,8380,125
2022-07-12,Colusa,011,21464,3624,3606,1154,4760,22
2022-07-12,Contra Costa,013,1133247,232968,226833,18263,245096,1356
2022-07-12,Del Norte,015,27424,6938,6790,351,7141,54
2022-07-12,El Dorado,017,186661,30499,30273,3892,34165,218
2022-07-12,Fresno,019,978130,258621,252573,27919,280492,2786
2022-07-12,Glenn,021,27897,5305,5256,1758,7014,48
2022-07-12,Humboldt,023,135768,20050,19854,4151,24005,150
2022-07-12,Imperial,025,180216,60884,60011,12779,72790,944
2022-07-12,Inyo,027,18085,4350,4324,739,5063,56
2022-07-12,Kern,029,883053,207215,205428,53875,259303,2359
2022-07-12,Kings,031,150075,55506,55138,3726,58864,449
2022-07-12,Lake,033,64148,11859,11773,1040,12813,140
2022-07-12,Lassen,035,31185,9432,9381,937,10318,64
2022-07-12,Los Angeles,037,10098052,3058706,3024953,154576,3179529,32206
2022-07-12,Madera,039,155013,40687,40378,7055,47433,372
2022-07-12,Marin,041,260295,42027,41616,4756,46372,300
2022-07-12,Mariposa,043,17540,2874,2847,294,3141,30
2022-07-12,Mendocino,045,87422,14857,14713,3937,18650,128
2022-07-12,Merced,047,269075,68381,67028,10250,77278,832
2022-07-12,Modoc,049,8938,827,791,302,1093,9
2022-07-12,Mono,051,14174,3135,3131,203,3334,7
2022-07-12,Monterey,053,433212,88373,87575,17836,105411,745
2022-07-12,Napa,055,140530,30207,30032,1305,31337,145
2022-07-12,Nevada,057,99092,17977,17849,1566,19415,131
2022-07-12,Orange,059,3164182,621594,616278,54108,670386,7147
2022-07-12,Placer,061,380077,71465,70890,8885,79775,637
2022-07-12,Plumas,063,18699,3415,3354,414,3768,13
2022-07-12,Riverside,065,2383286,649399,643472,31614,675086,6504
2022-07-12,Sacramento,067,1510023,323536,321076,31796,352872,3114
2022-07-12,San Benito,069,59416,14953,14774,784,15558,100
2022-07-12,San Bernardino,071,2135413,626210,614957,27676,642633,7907
2022-07-12,San Diego,073,3302833,858523,851596,64312,915908,5363
2022-07-12,San Francisco,075,870044,165229,163635,10955,174590,919
2022-07-12,San Joaquin,077,732212,184977,183283,12543,195826,2260
2022-07-12,San Luis Obispo,079,281455,59615,59134,5998,65132,498
2022-07-12,San Mateo,081,765935,155994,153875,9702,163577,723
2022-07-12,Santa Barbara,083,443738,97800,97053,5810,102863,699
2022-07-12,Santa Clara,085,1922200,400738,392415,17192,409607,2365
2022-07-12,Santa Cruz,087,273765,57795,57124,2965,60089,267
2022-07-12,Shasta,089,179085,32980,32708,6753,39461,574
2022-07-12,Sierra,091,2930,292,289,58,347,4
2022-07-12,Siskiyou,093,43540,4857,4873,3073,7946,82
2022-07-12,Solano,095,438530,97868,96479,7073,103552,455
2022-07-12,Sonoma,097,501317,100049,99173,4612,103785,499
2022-07-12,Stanislaus,099,539301,128770,127845,19771,147616,1689
2022-07-12,Sutter,101,95872,22439,22331,2346,24677,228
2022-07-12,Tehama,103,63373,12916,12793,2812,15605,205
2022-07-12,Trinity,105,12862,1312,1293,326,1619,20
2022-07-12,Tulare,107,460477,114515,113830,31443,145273,1508
2022-07-12,Tuolumne,109,53932,14384,14159,821,14980,194
2022-07-12,Ventura,111,848112,194433,192923,12895,205818,1518
2022-07-12,Yolo,113,214977,44816,44447,3718,48165,326
2022-07-12,Yuba,115,75493,17563,17464,1483,18947,124
2022-07-11,Alameda,001,1643700,318766,316026,17704,333730,1911
2022-07-11,Alpine,002,1148,130,129,1,130,0
2022-07-11,Amador,005,37829,9435,9388,800,10188,87
2022-07-11,Butte,007,227075,36796,36405,8204,44609,439
2022-07-11,Calaveras,009,45235,7987,7945,433,8378,125
2022-07-11,Colusa,011,21464,3620,3606,1151,4757,22
2022-07-11,Contra Costa,013,1133247,232489,226833,18203,245036,1356
2022-07-11,Del Norte,015,27424,6907,6790,341,7131,54
2022-07-11,El Dorado,017,186661,30442,30273,3881,34154,218
2022-07-11,Fresno,019,978130,257947,252573,27836,280409,2786
2022-07-11,Glenn,021,27897,5302,5256,1756,7012,48
2022-07-11,Humboldt,023,135768,19991,19854,4132,23986,150
2022-07-11,Imperial,025,180216,60725,60011,12668,72679,944
2022-07-11,Inyo,027,18085,4347,4324,735,5059,56
2022-07-11,Kern,029,883053,206877,205428,53673,259101,2359
2022-07-11,Kings,031,150075,55356,55138,3717,58855,449
2022-07-11,Lake,033,64148,11833,11773,1038,12811,140
2022-07-11,Lassen,035,31185,9425,9381,937,10318,64
2022-07-11,Los Angeles,037,10098052,3051553,3024953,153783,3178736,32206
2022-07-11,Madera,039,155013,40600,40378,7010,47388,372
2022-07-11,Marin,041,260295,41938,41616,4747,46363,300
2022-07-11,Mariposa,043,17540,2866,2847,292,3139,30
2022-07-11,Mendocino,045,87422,14818,14713,3923,18636,128
2022-07-11,Merced,047,269075,68255,67028,10215,77243,832
2022-07-11,Modoc,049,8938,821,791,300,1091,9
2022-07-11,Mono,051,14174,3135,3131,202,3333,7
2022-07-11,Monterey,053,433212,88204,87575,17770,105345,745
2022-07-11,Napa,055,140530,30146,30032,1305,31337,145
2022-07-11,Nevada,057,99092,17960,17849,1564,19413,131
2022-07-11,Orange,059,3164182,620016,616278,53842,670120,7147
2022-07-11,Placer,061,380077,71356,70890,8869,79759,637
2022-07-11,Plumas,063,18699,3404,3354,412,3766,13
2022-07-11,Riverside,065,2383286,647963,643472,31529,675001,6504
2022-07-11,Sacramento,067,1510023,322990,321076,31744,352820,3114
2022-07-11,San Benito,069,59416,14915,14774,781,15555,100
2022-07-11,San Bernardino,071,2135413,624824,614957,27585,642542,7907
2022-07-11,San Diego,073,3302833,856145,851596,64067,915663,5363
2022-07-11,San Francisco,075,870044,164801,163635,10927,174562,919
2022-07-11,San Joaquin,077,732212,184595,183283,12496,195779,2260
2022-07-11,San Luis Obispo,079,281455,59506,59134,5966,65100,498
2022-07-11,San Mateo,081,765935,155590,153875,9669,163544,723
2022-07-11,Santa Barbara,083,443738,97591,97053,5797,102850,699
2022-07-11,Santa Clara,085,1922200,399671,392415,17134,409549,2365
2022-07-11,Santa Cruz,087,273765,57645,57124,2951,60075,267
2022-07-11,Shasta,089,179085,32924,32708,6723,39431,574
2022-07-11,Sierra,091,2930,292,289,58,347,4
2022-07-11,Siskiyou,093,43540,4851,4873,3066,7939,82
2022-07-11,Solano,095,438530,97654,96479,7055,103534,455
2022-07-11,Sonoma,097,501317,99855,99173,4592,103765,499
2022-07-11,Stanislaus,099,539301,128546,127845,19732,147577,1689
2022-07-11,Sutter,101,95872,22396,22331,2339,24670,228
2022-07-11,Tehama,103,63373,12902,12793,2805,15598,205
2022-07-11,Trinity,105,12862,1310,1293,325,1618,20
2022-07-11,Tulare,107,460477,114328,113830,31338,145168,1508
2022-07-11,Tuolumne,109,53932,14344,14159,819,14978,194
2022-07-11,Ventura,111,848112,194037,192923,12807,205730,1518
2022-07-11,Yolo,113,214977,44749,44447,3703,48150,326
2022-07-11,Yuba,115,75493,17527,17464,1480,18944,124
2022-07-10,Alameda,001,1643700,317766,312651,17626,330277,1912
2022-07-10,Alpine,002,1148,130,129,1,130,0
2022-07-10,Amador,005,37829,9425,9335,797,10132,87
2022-07-10,Butte,007,227075,36696,36165,8182,44347,438
2022-07-10,Calaveras,009,45235,7978,7895,432,8327,125
2022-07-10,Colusa,011,21464,3616,3586,1143,4729,22
2022-07-10,Contra Costa,013,1133247,231878,224718,18108,242826,1351
2022-07-10,Del Norte,015,27424,6867,6666,335,7001,54
2022-07-10,El Dorado,017,186661,30357,30070,3873,33943,218
2022-07-10,Fresno,019,978130,257272,250379,27743,278122,2786
2022-07-10,Glenn,021,27897,5297,5231,1752,6983,48
2022-07-10,Humboldt,023,135768,19932,19677,4118,23795,149
2022-07-10,Imperial,025,180216,60500,59558,12529,72087,944
2022-07-10,Inyo,027,18085,4342,4297,729,5026,56
2022-07-10,Kern,029,883053,206359,204128,53430,257558,2359
2022-07-10,Kings,031,150075,55182,54725,3711,58436,449
2022-07-10,Lake,033,64148,11808,11685,1035,12720,140
2022-07-10,Lassen,035,31185,9410,9362,935,10297,64
2022-07-10,Los Angeles,037,10098052,3044239,3002013,152962,3154975,32151
2022-07-10,Madera,039,155013,40492,40081,6976,47057,372
2022-07-10,Marin,041,260295,41841,41271,4738,46009,302
2022-07-10,Mariposa,043,17540,2859,2805,288,3093,30
2022-07-10,Mendocino,045,87422,14788,14610,3906,18516,128
2022-07-10,Merced,047,269075,68098,66616,10158,76774,832
2022-07-10,Modoc,049,8938,820,789,292,1081,9
2022-07-10,Mono,051,14174,3134,3119,200,3319,7
2022-07-10,Monterey,053,433212,88011,87002,17694,104696,745
2022-07-10,Napa,055,140530,30083,29807,1303,31110,145
2022-07-10,Nevada,057,99092,17899,17693,1555,19248,131
2022-07-10,Orange,059,3164182,618314,610975,53511,664486,7132
2022-07-10,Placer,061,380077,71239,70401,8850,79251,632
2022-07-10,Plumas,063,18699,3391,3339,408,3747,13
2022-07-10,Riverside,065,2383286,646368,638193,31397,669590,6506
2022-07-10,Sacramento,067,1510023,322284,318556,31662,350218,3108
2022-07-10,San Benito,069,59416,14879,14628,770,15398,100
2022-07-10,San Bernardino,071,2135413,623359,610086,27504,637590,7893
2022-07-10,San Diego,073,3302833,853656,844085,63796,907881,5357
2022-07-10,San Francisco,075,870044,164250,161931,10854,172785,914
2022-07-10,San Joaquin,077,732212,184218,181958,12435,194393,2257
2022-07-10,San Luis Obispo,079,281455,59385,58636,5928,64564,498
2022-07-10,San Mateo,081,765935,155120,152319,9642,161961,723
2022-07-10,Santa Barbara,083,443738,97358,96266,5771,102037,697
2022-07-10,Santa Clara,085,1922200,398535,388270,17072,405342,2360
2022-07-10,Santa Cruz,087,273765,57454,56455,2934,59389,266
2022-07-10,Shasta,089,179085,32857,32536,6699,39235,576
2022-07-10,Sierra,091,2930,290,291,58,349,4
2022-07-10,Siskiyou,093,43540,4848,4855,3053,7908,82
2022-07-10,Solano,095,438530,97401,95651,7022,102673,455
2022-07-10,Sonoma,097,501317,99652,98430,4560,102990,496
2022-07-10,Stanislaus,099,539301,128305,126897,19685,146582,1686
2022-07-10,Sutter,101,95872,22347,22165,2338,24503,228
2022-07-10,Tehama,103,63373,12875,12716,2792,15508,205
2022-07-10,Trinity,105,12862,1304,1272,323,1595,20
2022-07-10,Tulare,107,460477,114071,113002,31242,144244,1508
2022-07-10,Tuolumne,109,53932,14307,14019,811,14830,194
2022-07-10,Ventura,111,848112,193562,191462,12703,204165,1518
2022-07-10,Yolo,113,214977,44671,44152,3688,47840,323
2022-07-10,Yuba,115,75493,17488,17345,1478,18823,125
2022-07-09,Alameda,001,1643700,317277,312651,17602,330253,1912
2022-07-09,Alpine,002,1148,130,129,1,130,0
2022-07-09,Amador,005,37829,9417,9335,795,10130,87
2022-07-09,Butte,007,227075,36651,36165,8168,44333,438
2022-07-09,Calaveras,009,45235,7963,7895,431,8326,125
2022-07-09,Colusa,011,21464,3615,3586,1142,4728,22
2022-07-09,Contra Costa,013,1133247,231570,224718,18049,242767,1351
2022-07-09,Del Norte,015,27424,6859,6666,335,7001,54
2022-07-09,El Dorado,017,186661,30314,30070,3868,33938,218
2022-07-09,Fresno,019,978130,257010,250379,27702,278081,2786
2022-07-09,Glenn,021,27897,5290,5231,1752,6983,48
2022-07-09,Humboldt,023,135768,19914,19677,4108,23785,149
2022-07-09,Imperial,025,180216,60421,59558,12476,72034,944
2022-07-09,Inyo,027,18085,4337,4297,728,5025,56
2022-07-09,Kern,029,883053,206172,204128,53287,257415,2359
2022-07-09,Kings,031,150075,55143,54725,3709,58434,449
2022-07-09,Lake,033,64148,11800,11685,1034,12719,140
2022-07-09,Lassen,035,31185,9409,9362,935,10297,64
2022-07-09,Los Angeles,037,10098052,3040733,3002013,152470,3154483,32151
2022-07-09,Madera,039,155013,40452,40081,6968,47049,372
2022-07-09,Marin,041,260295,41785,41271,4727,45998,302
2022-07-09,Mariposa,043,17540,2854,2805,288,3093,30
2022-07-09,Mendocino,045,87422,14773,14610,3896,18506,128
2022-07-09,Merced,047,269075,68046,66616,10153,76769,832
2022-07-09,Modoc,049,8938,820,789,288,1077,9
2022-07-09,Mono,051,14174,3133,3119,200,3319,7
2022-07-09,Monterey,053,433212,87913,87002,17645,104647,745
2022-07-09,Napa,055,140530,30051,29807,1300,31107,145
2022-07-09,Nevada,057,99092,17887,17693,1551,19244,131
2022-07-09,Orange,059,3164182,617451,610975,53314,664289,7132
2022-07-09,Placer,061,380077,71150,70401,8842,79243,632
2022-07-09,Plumas,063,18699,3384,3339,406,3745,13
2022-07-09,Riverside,065,2383286,645468,638193,31342,669535,6506
2022-07-09,Sacramento,067,1510023,321983,318556,31638,350194,3108
2022-07-09,San Benito,069,59416,14859,14628,769,15397,100
2022-07-09,San Bernardino,071,2135413,622639,610086,27453,637539,7893
2022-07-09,San Diego,073,3302833,852747,844085,63708,907793,5357
2022-07-09,San Francisco,075,870044,164021,161931,10833,172764,914
2022-07-09,San Joaquin,077,732212,184050,181958,12405,194363,2257
2022-07-09,San Luis Obispo,079,281455,59328,58636,5909,64545,498
2022-07-09,San Mateo,081,765935,154875,152319,9627,161946,723
2022-07-09,Santa Barbara,083,443738,97225,96266,5761,102027,697
2022-07-09,Santa Clara,085,1922200,397799,388270,17044,405314,2360
2022-07-09,Santa Cruz,087,273765,57377,56455,2925,59380,266
2022-07-09,Shasta,089,179085,32835,32536,6689,39225,576
2022-07-09,Sierra,091,2930,290,291,58,349,4
2022-07-09,Siskiyou,093,43540,4845,4855,3051,7906,82
2022-07-09,Solano,095,438530,97314,95651,7007,102658,455
2022-07-09,Sonoma,097,501317,99567,98430,4554,102984,496
2022-07-09,Stanislaus,099,539301,128142,126897,19654,146551,1686
2022-07-09,Sutter,101,95872,22319,22165,2338,24503,228
2022-07-09,Tehama,103,63373,12859,12716,2783,15499,205
2022-07-09,Trinity,105,12862,1304,1272,322,1594,20
2022-07-09,Tulare,107,460477,113961,113002,31184,144186,1508
2022-07-09,Tuolumne,109,53932,14269,14019,809,14828,194
2022-07-09,Ventura,111,848112,193300,191462,12656,204118,1518
2022-07-09,Yolo,113,214977,44621,44152,3674,47826,323
2022-07-09,Yuba,115,75493,17465,17345,1478,18823,125
2022-07-08,Alameda,001,1643700,316754,312651,17558,330209,1912
2022-07-08,Alpine,002,1148,130,129,1,130,0
2022-07-08,Amador,005,37829,9407,9335,793,10128,87
2022-07-08,Butte,007,227075,36620,36165,8154,44319,438
2022-07-08,Calaveras,009,45235,7948,7895,431,8326,125
2022-07-08,Colusa,011,21464,3611,3586,1142,4728,22
2022-07-08,Contra Costa,013,1133247,231218,224718,18000,242718,1351
2022-07-08,Del Norte,015,27424,6848,6666,333,6999,54
2022-07-08,El Dorado,017,186661,30289,30070,3860,33930,218
2022-07-08,Fresno,019,978130,256639,250379,27649,278028,2786
2022-07-08,Glenn,021,27897,5285,5231,1749,6980,48
2022-07-08,Humboldt,023,135768,19901,19677,4097,23774,149
2022-07-08,Imperial,025,180216,60333,59558,12436,71994,944
2022-07-08,Inyo,027,18085,4336,4297,724,5021,56
2022-07-08,Kern,029,883053,205923,204128,53149,257277,2359
2022-07-08,Kings,031,150075,55102,54725,3708,58433,449
2022-07-08,Lake,033,64148,11783,11685,1031,12716,140
2022-07-08,Lassen,035,31185,9403,9362,934,10296,64
2022-07-08,Los Angeles,037,10098052,3036451,3002013,151889,3153902,32151
2022-07-08,Madera,039,155013,40398,40081,6954,47035,372
2022-07-08,Marin,041,260295,41699,41271,4711,45982,302
2022-07-08,Mariposa,043,17540,2851,2805,287,3092,30
2022-07-08,Mendocino,045,87422,14755,14610,3892,18502,128
2022-07-08,Merced,047,269075,67978,66616,10143,76759,832
2022-07-08,Modoc,049,8938,820,789,288,1077,9
2022-07-08,Mono,051,14174,3131,3119,199,3318,7
2022-07-08,Monterey,053,433212,87785,87002,17615,104617,745
2022-07-08,Napa,055,140530,30027,29807,1299,31106,145
2022-07-08,Nevada,057,99092,17879,17693,1549,19242,131
2022-07-08,Orange,059,3164182,616548,610975,53106,664081,7132
2022-07-08,Placer,061,380077,71075,70401,8828,79229,632
2022-07-08,Plumas,063,18699,3379,3339,406,3745,13
2022-07-08,Riverside,065,2383286,644557,638193,31284,669477,6506
2022-07-08,Sacramento,067,1510023,321543,318556,31610,350166,3108
2022-07-08,San Benito,069,59416,14842,14628,766,15394,100
2022-07-08,San Bernardino,071,2135413,621879,610086,27410,637496,7893
2022-07-08,San Diego,073,3302833,851493,844085,63540,907625,5357
2022-07-08,San Francisco,075,870044,163756,161931,10806,172737,914
2022-07-08,San Joaquin,077,732212,183876,181958,12388,194346,2257
2022-07-08,San Luis Obispo,079,281455,59292,58636,5894,64530,498
2022-07-08,San Mateo,081,765935,154578,152319,9613,161932,723
2022-07-08,Santa Barbara,083,443738,97098,96266,5757,102023,697
2022-07-08,Santa Clara,085,1922200,397027,388270,17022,405292,2360
2022-07-08,Santa Cruz,087,273765,57289,56455,2917,59372,266
2022-07-08,Shasta,089,179085,32805,32536,6681,39217,576
2022-07-08,Sierra,091,2930,290,291,58,349,4
2022-07-08,Siskiyou,093,43540,4843,4855,3048,7903,82
2022-07-08,Solano,095,438530,97195,95651,6993,102644,455
2022-07-08,Sonoma,097,501317,99415,98430,4537,102967,496
2022-07-08,Stanislaus,099,539301,128005,126897,19641,146538,1686
2022-07-08,Sutter,101,95872,22294,22165,2337,24502,228
2022-07-08,Tehama,103,63373,12847,12716,2781,15497,205
2022-07-08,Trinity,105,12862,1302,1272,321,1593,20
2022-07-08,Tulare,107,460477,113840,113002,31116,144118,1508
2022-07-08,Tuolumne,109,53932,14238,14019,803,14822,194
2022-07-08,Ventura,111,848112,193061,191462,12617,204079,1518
2022-07-08,Yolo,113,214977,44568,44152,3662,47814,323
2022-07-08,Yuba,115,75493,17449,17345,1477,18822,125
2022-07-07,Alameda,001,1643700,315948,312651,17508,330159,1912
2022-07-07,Alpine,002,1148,129,129,1,130,0
2022-07-07,Amador,005,37829,9391,9335,786,10121,87
2022-07-07,Butte,007,227075,36556,36165,8134,44299,438
2022-07-07,Calaveras,009,45235,7939,7895,426,8321,125
2022-07-07,Colusa,011,21464,3606,3586,1141,4727,22
2022-07-07,Contra Costa,013,1133247,230670,224718,17924,242642,1351
2022-07-07,Del Norte,015,27424,6822,6666,329,6995,54
2022-07-07,El Dorado,017,186661,30237,30070,3849,33919,218
2022-07-07,Fresno,019,978130,256088,250379,27544,277923,2786
2022-07-07,Glenn,021,27897,5279,5231,1747,6978,48
2022-07-07,Humboldt,023,135768,19856,19677,4081,23758,149
2022-07-07,Imperial,025,180216,60158,59558,12326,71884,944
2022-07-07,Inyo,027,18085,4331,4297,716,5013,56
2022-07-07,Kern,029,883053,205619,204128,52940,257068,2359
2022-07-07,Kings,031,150075,55024,54725,3704,58429,449
2022-07-07,Lake,033,64148,11762,11685,1031,12716,140
2022-07-07,Lassen,035,31185,9402,9362,934,10296,64
2022-07-07,Los Angeles,037,10098052,3030111,3002013,151201,3153214,32151
2022-07-07,Madera,039,155013,40318,40081,6938,47019,372
2022-07-07,Marin,041,260295,41621,41271,4700,45971,302
2022-07-07,Mariposa,043,17540,2844,2805,284,3089,30
2022-07-07,Mendocino,045,87422,14738,14610,3887,18497,128
2022-07-07,Merced,047,269075,67863,66616,10110,76726,832
2022-07-07,Modoc,049,8938,815,789,285,1074,9
2022-07-07,Mono,051,14174,3130,3119,197,3316,7
2022-07-07,Monterey,053,433212,87625,87002,17552,104554,745
2022-07-07,Napa,055,140530,29957,29807,1291,31098,145
2022-07-07,Nevada,057,99092,17849,17693,1544,19237,131
2022-07-07,Orange,059,3164182,615151,610975,52891,663866,7132
2022-07-07,Placer,061,380077,70965,70401,8803,79204,632
2022-07-07,Plumas,063,18699,3372,3339,405,3744,13
2022-07-07,Riverside,065,2383286,643231,638193,31221,669414,6506
2022-07-07,Sacramento,067,1510023,320906,318556,31559,350115,3108
2022-07-07,San Benito,069,59416,14812,14628,766,15394,100
2022-07-07,San Bernardino,071,2135413,620575,610086,27346,637432,7893
2022-07-07,San Diego,073,3302833,849579,844085,63309,907394,5357
2022-07-07,San Francisco,075,870044,163374,161931,10754,172685,914
2022-07-07,San Joaquin,077,732212,183539,181958,12337,194295,2257
2022-07-07,San Luis Obispo,079,281455,59213,58636,5862,64498,498
2022-07-07,San Mateo,081,765935,154229,152319,9604,161923,723
2022-07-07,Santa Barbara,083,443738,96904,96266,5742,102008,697
2022-07-07,Santa Clara,085,1922200,396037,388270,16971,405241,2360
2022-07-07,Santa Cruz,087,273765,57130,56455,2903,59358,266
2022-07-07,Shasta,089,179085,32769,32536,6664,39200,576
2022-07-07,Sierra,091,2930,289,291,57,348,4
2022-07-07,Siskiyou,093,43540,4837,4855,3043,7898,82
2022-07-07,Solano,095,438530,96919,95651,6980,102631,455
2022-07-07,Sonoma,097,501317,99277,98430,4518,102948,496
2022-07-07,Stanislaus,099,539301,127805,126897,19604,146501,1686
2022-07-07,Sutter,101,95872,22248,22165,2335,24500,228
2022-07-07,Tehama,103,63373,12830,12716,2772,15488,205
2022-07-07,Trinity,105,12862,1297,1272,320,1592,20
2022-07-07,Tulare,107,460477,113631,113002,31023,144025,1508
2022-07-07,Tuolumne,109,53932,14201,14019,798,14817,194
2022-07-07,Ventura,111,848112,192741,191462,12536,203998,1518
2022-07-07,Yolo,113,214977,44511,44152,3649,47801,323
2022-07-07,Yuba,115,75493,17415,17345,1475,18820,125
2022-07-06,Alameda,001,1643700,315111,310551,17466,328017,1899
2022-07-06,Alpine,002,1148,129,129,1,130,0
2022-07-06,Amador,005,37829,9371,9301,786,10087,87
2022-07-06,Butte,007,227075,36492,36053,8118,44171,436
2022-07-06,Calaveras,009,45235,7930,7873,424,8297,124
2022-07-06,Colusa,011,21464,3603,3579,1140,4719,22
2022-07-06,Contra Costa,013,1133247,230152,223500,17869,241369,1348
2022-07-06,Del Norte,015,27424,6792,6623,327,6950,54
2022-07-06,El Dorado,017,186661,30192,29953,3837,33790,218
2022-07-06,Fresno,019,978130,255530,249480,27461,276941,2786
2022-07-06,Glenn,021,27897,5274,5222,1747,6969,48
2022-07-06,Humboldt,023,135768,19809,19608,4070,23678,149
2022-07-06,Imperial,025,180216,59958,59184,12239,71423,944
2022-07-06,Inyo,027,18085,4325,4282,710,4992,56
2022-07-06,Kern,029,883053,205293,203587,52723,256310,2353
2022-07-06,Kings,031,150075,54906,54560,3699,58259,449
2022-07-06,Lake,033,64148,11743,11659,1031,12690,140
2022-07-06,Lassen,035,31185,9385,9350,934,10284,64
2022-07-06,Los Angeles,037,10098052,3023654,2991161,150482,3141643,32116
2022-07-06,Madera,039,155013,40247,39952,6916,46868,372
2022-07-06,Marin,041,260295,41553,41036,4690,45726,302
2022-07-06,Mariposa,043,17540,2834,2797,284,3081,30
2022-07-06,Mendocino,045,87422,14710,14540,3875,18415,127
2022-07-06,Merced,047,269075,67741,66420,10087,76507,832
2022-07-06,Modoc,049,8938,809,788,283,1071,8
2022-07-06,Mono,051,14174,3129,3109,197,3306,7
2022-07-06,Monterey,053,433212,87466,86639,17486,104125,744
2022-07-06,Napa,055,140530,29897,29690,1289,30979,144
2022-07-06,Nevada,057,99092,17820,17660,1538,19198,131
2022-07-06,Orange,059,3164182,613624,608084,52664,660748,7125
2022-07-06,Placer,061,380077,70852,70113,8782,78895,632
2022-07-06,Plumas,063,18699,3361,3316,404,3720,13
2022-07-06,Riverside,065,2383286,641870,636209,31149,667358,6505
2022-07-06,Sacramento,067,1510023,320216,317315,31508,348823,3104
2022-07-06,San Benito,069,59416,14770,14556,755,15311,100
2022-07-06,San Bernardino,071,2135413,619321,608119,27270,635389,7870
2022-07-06,San Diego,073,3302833,847452,839970,63054,903024,5349
2022-07-06,San Francisco,075,870044,162952,160612,10721,171333,910
2022-07-06,San Joaquin,077,732212,183224,181448,12307,193755,2256
2022-07-06,San Luis Obispo,079,281455,59101,58488,5822,64310,496
2022-07-06,San Mateo,081,765935,153821,151344,9574,160918,723
2022-07-06,Santa Barbara,083,443738,96713,95918,5721,101639,702
2022-07-06,Santa Clara,085,1922200,394930,385553,16905,402458,2358
2022-07-06,Santa Cruz,087,273765,56988,56307,2884,59191,267
2022-07-06,Shasta,089,179085,32715,32444,6641,39085,570
2022-07-06,Sierra,091,2930,289,290,57,347,4
2022-07-06,Siskiyou,093,43540,4832,4841,3037,7878,82
2022-07-06,Solano,095,438530,96666,95181,6955,102136,455
2022-07-06,Sonoma,097,501317,99095,98031,4500,102531,495
2022-07-06,Stanislaus,099,539301,127582,126492,19573,146065,1682
2022-07-06,Sutter,101,95872,22197,22089,2334,24423,228
2022-07-06,Tehama,103,63373,12819,12680,2766,15446,205
2022-07-06,Trinity,105,12862,1289,1263,316,1579,20
2022-07-06,Tulare,107,460477,113417,112684,30928,143612,1500
2022-07-06,Tuolumne,109,53932,14167,13960,786,14746,189
2022-07-06,Ventura,111,848112,192358,190794,12461,203255,1517
2022-07-06,Yolo,113,214977,44427,43171,3629,46800,324
2022-07-06,Yuba,115,75493,17377,17277,1469,18746,124
2022-07-05,Alameda,001,1643700,314124,310551,17410,327961,1899
2022-07-05,Alpine,002,1148,129,129,1,130,0
2022-07-05,Amador,005,37829,9356,9301,782,10083,87
2022-07-05,Butte,007,227075,36409,36053,8097,44150,436
2022-07-05,Calaveras,009,45235,7919,7873,423,8296,124
2022-07-05,Colusa,011,21464,3598,3579,1138,4717,22
2022-07-05,Contra Costa,013,1133247,229518,223500,17793,241293,1348
2022-07-05,Del Norte,015,27424,6766,6623,322,6945,54
2022-07-05,El Dorado,017,186661,30142,29953,3828,33781,218
2022-07-05,Fresno,019,978130,254927,249480,27374,276854,2786
2022-07-05,Glenn,021,27897,5265,5222,1746,6968,48
2022-07-05,Humboldt,023,135768,19771,19608,4059,23667,149
2022-07-05,Imperial,025,180216,59817,59184,12141,71325,944
2022-07-05,Inyo,027,18085,4311,4282,700,4982,56
2022-07-05,Kern,029,883053,204851,203587,52484,256071,2353
2022-07-05,Kings,031,150075,54775,54560,3685,58245,449
2022-07-05,Lake,033,64148,11720,11659,1028,12687,140
2022-07-05,Lassen,035,31185,9374,9350,934,10284,64
2022-07-05,Los Angeles,037,10098052,3016717,2991161,149724,3140885,32116
2022-07-05,Madera,039,155013,40162,39952,6891,46843,372
2022-07-05,Marin,041,260295,41452,41036,4680,45716,302
2022-07-05,Mariposa,043,17540,2824,2797,281,3078,30
2022-07-05,Mendocino,045,87422,14664,14540,3859,18399,127
2022-07-05,Merced,047,269075,67621,66420,10056,76476,832
2022-07-05,Modoc,049,8938,801,788,283,1071,8
2022-07-05,Mono,051,14174,3126,3109,194,3303,7
2022-07-05,Monterey,053,433212,87301,86639,17435,104074,744
2022-07-05,Napa,055,140530,29844,29690,1284,30974,144
2022-07-05,Nevada,057,99092,17781,17660,1528,19188,131
2022-07-05,Orange,059,3164182,612071,608084,52397,660481,7125
2022-07-05,Placer,061,380077,70746,70113,8761,78874,632
2022-07-05,Plumas,063,18699,3351,3316,403,3719,13
2022-07-05,Riverside,065,2383286,640398,636209,31062,667271,6505
2022-07-05,Sacramento,067,1510023,319563,317315,31433,348748,3104
2022-07-05,San Benito,069,59416,14736,14556,748,15304,100
2022-07-05,San Bernardino,071,2135413,617990,608119,27192,635311,7870
2022-07-05,San Diego,073,3302833,845107,839970,62819,902789,5349
2022-07-05,San Francisco,075,870044,162428,160612,10695,171307,910
2022-07-05,San Joaquin,077,732212,182860,181448,12234,193682,2256
2022-07-05,San Luis Obispo,079,281455,58941,58488,5780,64268,496
2022-07-05,San Mateo,081,765935,153336,151344,9552,160896,723
2022-07-05,Santa Barbara,083,443738,96489,95918,5692,101610,702
2022-07-05,Santa Clara,085,1922200,393764,385553,16842,402395,2358
2022-07-05,Santa Cruz,087,273765,56812,56307,2868,59175,267
2022-07-05,Shasta,089,179085,32673,32444,6617,39061,570
2022-07-05,Sierra,091,2930,289,290,57,347,4
2022-07-05,Siskiyou,093,43540,4828,4841,3025,7866,82
2022-07-05,Solano,095,438530,96375,95181,6931,102112,455
2022-07-05,Sonoma,097,501317,98849,98031,4482,102513,495
2022-07-05,Stanislaus,099,539301,127342,126492,19531,146023,1682
2022-07-05,Sutter,101,95872,22155,22089,2332,24421,228
2022-07-05,Tehama,103,63373,12794,12680,2762,15442,205
2022-07-05,Trinity,105,12862,1280,1263,314,1577,20
2022-07-05,Tulare,107,460477,113179,112684,30847,143531,1500
2022-07-05,Tuolumne,109,53932,14133,13960,779,14739,189
2022-07-05,Ventura,111,848112,191958,190794,12398,203192,1517
2022-07-05,Yolo,113,214977,44341,43171,3619,46790,324
2022-07-05,Yuba,115,75493,17348,17277,1468,18745,124
2022-07-04,Alameda,001,1643700,312972,310551,17326,327877,1899
2022-07-04,Alpine,002,1148,129,129,1,130,0
2022-07-04,Amador,005,37829,9343,9301,781,10082,87
2022-07-04,Butte,007,227075,36299,36053,8079,44132,436
2022-07-04,Calaveras,009,45235,7909,7873,423,8296,124
2022-07-04,Colusa,011,21464,3594,3579,1136,4715,22
2022-07-04,Contra Costa,013,1133247,228804,223500,17692,241192,1348
2022-07-04,Del Norte,015,27424,6733,6623,318,6941,54
2022-07-04,El Dorado,017,186661,30058,29953,3810,33763,218
2022-07-04,Fresno,019,978130,254283,249480,27243,276723,2786
2022-07-04,Glenn,021,27897,5257,5222,1740,6962,48
2022-07-04,Humboldt,023,135768,19700,19608,4045,23653,149
2022-07-04,Imperial,025,180216,59607,59184,12021,71205,944
2022-07-04,Inyo,027,18085,4307,4282,690,4972,56
2022-07-04,Kern,029,883053,204396,203587,52208,255795,2353
2022-07-04,Kings,031,150075,54624,54560,3681,58241,449
2022-07-04,Lake,033,64148,11707,11659,1026,12685,140
2022-07-04,Lassen,035,31185,9366,9350,933,10283,64
2022-07-04,Los Angeles,037,10098052,3008228,2991161,148806,3139967,32116
2022-07-04,Madera,039,155013,40068,39952,6865,46817,372
2022-07-04,Marin,041,260295,41335,41036,4669,45705,302
2022-07-04,Mariposa,043,17540,2814,2797,276,3073,30
2022-07-04,Mendocino,045,87422,14628,14540,3813,18353,127
2022-07-04,Merced,047,269075,67491,66420,10008,76428,832
2022-07-04,Modoc,049,8938,793,788,279,1067,8
2022-07-04,Mono,051,14174,3124,3109,192,3301,7
2022-07-04,Monterey,053,433212,87107,86639,17365,104004,744
2022-07-04,Napa,055,140530,29779,29690,1280,30970,144
2022-07-04,Nevada,057,99092,17739,17660,1520,19180,131
2022-07-04,Orange,059,3164182,610265,608084,52071,660155,7125
2022-07-04,Placer,061,380077,70572,70113,8731,78844,632
2022-07-04,Plumas,063,18699,3333,3316,402,3718,13
2022-07-04,Riverside,065,2383286,638753,636209,30967,667176,6505
2022-07-04,Sacramento,067,1510023,318778,317315,31335,348650,3104
2022-07-04,San Benito,069,59416,14680,14556,743,15299,100
2022-07-04,San Bernardino,071,2135413,616383,608119,27116,635235,7870
2022-07-04,San Diego,073,3302833,842480,839970,62482,902452,5349
2022-07-04,San Francisco,075,870044,161802,160612,10636,171248,910
2022-07-04,San Joaquin,077,732212,182454,181448,12168,193616,2256
2022-07-04,San Luis Obispo,079,281455,58752,58488,5709,64197,496
2022-07-04,San Mateo,081,765935,152812,151344,9513,160857,723
2022-07-04,Santa Barbara,083,443738,96265,95918,5669,101587,702
2022-07-04,Santa Clara,085,1922200,392268,385553,16774,402327,2358
2022-07-04,Santa Cruz,087,273765,56614,56307,2846,59153,267
2022-07-04,Shasta,089,179085,32596,32444,6588,39032,570
2022-07-04,Sierra,091,2930,289,290,57,347,4
2022-07-04,Siskiyou,093,43540,4822,4841,3019,7860,82
2022-07-04,Solano,095,438530,96022,95181,6895,102076,455
2022-07-04,Sonoma,097,501317,98555,98031,4455,102486,495
2022-07-04,Stanislaus,099,539301,127052,126492,19476,145968,1682
2022-07-04,Sutter,101,95872,22109,22089,2330,24419,228
2022-07-04,Tehama,103,63373,12768,12680,2748,15428,205
2022-07-04,Trinity,105,12862,1275,1263,312,1575,20
2022-07-04,Tulare,107,460477,112942,112684,30735,143419,1500
2022-07-04,Tuolumne,109,53932,14090,13960,775,14735,189
2022-07-04,Ventura,111,848112,191488,190794,12292,203086,1517
2022-07-04,Yolo,113,214977,44247,43171,3601,46772,324
2022-07-04,Yuba,115,75493,17309,17277,1468,18745,124
2022-07-03,Alameda,001,1643700,312414,307672,17295,324967,1898
2022-07-03,Alpine,002,1148,129,129,1,130,0
2022-07-03,Amador,005,37829,9335,9243,778,10021,87
2022-07-03,Butte,007,227075,36285,35846,8072,43918,436
2022-07-03,Calaveras,009,45235,7893,7836,423,8259,124
2022-07-03,Colusa,011,21464,3592,3566,1134,4700,22
2022-07-03,Contra Costa,013,1133247,228452,221545,17660,239205,1343
2022-07-03,Del Norte,015,27424,6724,6543,317,6860,53
2022-07-03,El Dorado,017,186661,30026,29764,3804,33568,217
2022-07-03,Fresno,019,978130,254031,247952,27207,275159,2783
2022-07-03,Glenn,021,27897,5256,5211,1737,6948,48
2022-07-03,Humboldt,023,135768,19678,19516,4036,23552,149
2022-07-03,Imperial,025,180216,59532,58768,11982,70750,944
2022-07-03,Inyo,027,18085,4303,4261,688,4949,56
2022-07-03,Kern,029,883053,204252,202502,52053,254555,2352
2022-07-03,Kings,031,150075,54600,54262,3679,57941,449
2022-07-03,Lake,033,64148,11696,11595,1026,12621,140
2022-07-03,Lassen,035,31185,9363,9336,932,10268,64
2022-07-03,Los Angeles,037,10098052,3005406,2969395,148427,3117822,32089
2022-07-03,Madera,039,155013,40041,39738,6860,46598,372
2022-07-03,Marin,041,260295,41265,40653,4660,45313,297
2022-07-03,Mariposa,043,17540,2810,2780,275,3055,30
2022-07-03,Mendocino,045,87422,14616,14464,3812,18276,127
2022-07-03,Merced,047,269075,67444,66093,10003,76096,832
2022-07-03,Modoc,049,8938,793,787,279,1066,8
2022-07-03,Mono,051,14174,3123,3099,191,3290,7
2022-07-03,Monterey,053,433212,86995,86212,17311,103523,744
2022-07-03,Napa,055,140530,29759,29486,1277,30763,145
2022-07-03,Nevada,057,99092,17720,17546,1513,19059,131
2022-07-03,Orange,059,3164182,609718,603511,51926,655437,7114
2022-07-03,Placer,061,380077,70485,69606,8717,78323,631
2022-07-03,Plumas,063,18699,3326,3294,402,3696,13
2022-07-03,Riverside,065,2383286,638182,632038,30924,662962,6502
2022-07-03,Sacramento,067,1510023,318509,315165,31313,346478,3100
2022-07-03,San Benito,069,59416,14673,14420,742,15162,100
2022-07-03,San Bernardino,071,2135413,615775,604093,27081,631174,7860
2022-07-03,San Diego,073,3302833,841750,834116,62410,896526,5341
2022-07-03,San Francisco,075,870044,161467,158871,10624,169495,910
2022-07-03,San Joaquin,077,732212,182281,180368,12131,192499,2256
2022-07-03,San Luis Obispo,079,281455,58683,58079,5699,63778,489
2022-07-03,San Mateo,081,765935,152506,149812,9496,159308,723
2022-07-03,Santa Barbara,083,443738,96157,95214,5657,100871,699
2022-07-03,Santa Clara,085,1922200,391540,381630,16743,398373,2355
2022-07-03,Santa Cruz,087,273765,56553,55757,2825,58582,267
2022-07-03,Shasta,089,179085,32561,32280,6578,38858,570
2022-07-03,Sierra,091,2930,288,283,57,340,4
2022-07-03,Siskiyou,093,43540,4819,4808,3017,7825,82
2022-07-03,Solano,095,438530,95944,94437,6889,101326,455
2022-07-03,Sonoma,097,501317,98446,97379,4450,101829,495
2022-07-03,Stanislaus,099,539301,126932,125788,19460,145248,1681
2022-07-03,Sutter,101,95872,22088,21935,2329,24264,228
2022-07-03,Tehama,103,63373,12750,12615,2746,15361,205
2022-07-03,Trinity,105,12862,1274,1256,309,1565,20
2022-07-03,Tulare,107,460477,112844,112118,30697,142815,1500
2022-07-03,Tuolumne,109,53932,14067,13886,772,14658,189
2022-07-03,Ventura,111,848112,191277,189493,12271,201764,1517
2022-07-03,Yolo,113,214977,44204,42760,3591,46351,324
2022-07-03,Yuba,115,75493,17295,17168,1467,18635,124
2022-07-02,Alameda,001,1643700,312036,307672,17268,324940,1898
2022-07-02,Alpine,002,1148,129,129,1,130,0
2022-07-02,Amador,005,37829,9319,9243,777,10020,87
2022-07-02,Butte,007,227075,36260,35846,8059,43905,436
2022-07-02,Calaveras,009,45235,7887,7836,423,8259,124
2022-07-02,Colusa,011,21464,3588,3566,1132,4698,22
2022-07-02,Contra Costa,013,1133247,228107,221545,17608,239153,1343
2022-07-02,Del Norte,015,27424,6714,6543,317,6860,53
2022-07-02,El Dorado,017,186661,29992,29764,3800,33564,217
2022-07-02,Fresno,019,978130,253803,247952,27170,275122,2783
2022-07-02,Glenn,021,27897,5251,5211,1736,6947,48
2022-07-02,Humboldt,023,135768,19652,19516,4032,23548,149
2022-07-02,Imperial,025,180216,59452,58768,11961,70729,944
2022-07-02,Inyo,027,18085,4299,4261,686,4947,56
2022-07-02,Kern,029,883053,204093,202502,51891,254393,2352
2022-07-02,Kings,031,150075,54555,54262,3679,57941,449
2022-07-02,Lake,033,64148,11687,11595,1024,12619,140
2022-07-02,Lassen,035,31185,9362,9336,931,10267,64
2022-07-02,Los Angeles,037,10098052,3002644,2969395,148001,3117396,32089
2022-07-02,Madera,039,155013,40011,39738,6856,46594,372
2022-07-02,Marin,041,260295,41203,40653,4643,45296,297
2022-07-02,Mariposa,043,17540,2806,2780,274,3054,30
2022-07-02,Mendocino,045,87422,14588,14464,3812,18276,127
2022-07-02,Merced,047,269075,67385,66093,9994,76087,832
2022-07-02,Modoc,049,8938,793,787,278,1065,8
2022-07-02,Mono,051,14174,3120,3099,191,3290,7
2022-07-02,Monterey,053,433212,86904,86212,17273,103485,744
2022-07-02,Napa,055,140530,29730,29486,1277,30763,145
2022-07-02,Nevada,057,99092,17705,17546,1507,19053,131
2022-07-02,Orange,059,3164182,609065,603511,51768,655279,7114
2022-07-02,Placer,061,380077,70392,69606,8703,78309,631
2022-07-02,Plumas,063,18699,3317,3294,402,3696,13
2022-07-02,Riverside,065,2383286,637587,632038,30879,662917,6502
2022-07-02,Sacramento,067,1510023,318174,315165,31288,346453,3100
2022-07-02,San Benito,069,59416,14654,14420,733,15153,100
2022-07-02,San Bernardino,071,2135413,615241,604093,27046,631139,7860
2022-07-02,San Diego,073,3302833,840943,834116,62345,896461,5341
2022-07-02,San Francisco,075,870044,161186,158871,10600,169471,910
2022-07-02,San Joaquin,077,732212,182148,180368,12105,192473,2256
2022-07-02,San Luis Obispo,079,281455,58634,58079,5685,63764,489
2022-07-02,San Mateo,081,765935,152247,149812,9477,159289,723
2022-07-02,Santa Barbara,083,443738,96030,95214,5646,100860,699
2022-07-02,Santa Clara,085,1922200,390807,381630,16713,398343,2355
2022-07-02,Santa Cruz,087,273765,56494,55757,2814,58571,267
2022-07-02,Shasta,089,179085,32531,32280,6567,38847,570
2022-07-02,Sierra,091,2930,288,283,57,340,4
2022-07-02,Siskiyou,093,43540,4815,4808,3016,7824,82
2022-07-02,Solano,095,438530,95871,94437,6873,101310,455
2022-07-02,Sonoma,097,501317,98340,97379,4442,101821,495
2022-07-02,Stanislaus,099,539301,126813,125788,19444,145232,1681
2022-07-02,Sutter,101,95872,22069,21935,2329,24264,228
2022-07-02,Tehama,103,63373,12727,12615,2745,15360,205
2022-07-02,Trinity,105,12862,1272,1256,308,1564,20
2022-07-02,Tulare,107,460477,112743,112118,30656,142774,1500
2022-07-02,Tuolumne,109,53932,14054,13886,763,14649,189
2022-07-02,Ventura,111,848112,191105,189493,12246,201739,1517
2022-07-02,Yolo,113,214977,44159,42760,3584,46344,324
2022-07-02,Yuba,115,75493,17283,17168,1467,18635,124
2022-07-01,Alameda,001,1643700,311554,307672,17236,324908,1898
2022-07-01,Alpine,002,1148,129,129,1,130,0
2022-07-01,Amador,005,37829,9314,9243,775,10018,87
2022-07-01,Butte,007,227075,36233,35846,8041,43887,436
2022-07-01,Calaveras,009,45235,7876,7836,423,8259,124
2022-07-01,Colusa,011,21464,3585,3566,1132,4698,22
2022-07-01,Contra Costa,013,1133247,227805,221545,17565,239110,1343
2022-07-01,Del Norte,015,27424,6694,6543,315,6858,53
2022-07-01,El Dorado,017,186661,29967,29764,3792,33556,217
2022-07-01,Fresno,019,978130,253515,247952,27115,275067,2783
2022-07-01,Glenn,021,27897,5251,5211,1736,6947,48
2022-07-01,Humboldt,023,135768,19630,19516,4023,23539,149
2022-07-01,Imperial,025,180216,59375,58768,11934,70702,944
2022-07-01,Inyo,027,18085,4292,4261,680,4941,56
2022-07-01,Kern,029,883053,203881,202502,51756,254258,2352
2022-07-01,Kings,031,150075,54522,54262,3675,57937,449
2022-07-01,Lake,033,64148,11676,11595,1023,12618,140
2022-07-01,Lassen,035,31185,9359,9336,931,10267,64
2022-07-01,Los Angeles,037,10098052,2999156,2969395,147485,3116880,32089
2022-07-01,Madera,039,155013,39968,39738,6842,46580,372
2022-07-01,Marin,041,260295,41130,40653,4630,45283,297
2022-07-01,Mariposa,043,17540,2804,2780,273,3053,30
2022-07-01,Mendocino,045,87422,14568,14464,3808,18272,127
2022-07-01,Merced,047,269075,67300,66093,9990,76083,832
2022-07-01,Modoc,049,8938,793,787,277,1064,8
2022-07-01,Mono,051,14174,3112,3099,190,3289,7
2022-07-01,Monterey,053,433212,86822,86212,17242,103454,744
2022-07-01,Napa,055,140530,29686,29486,1277,30763,145
2022-07-01,Nevada,057,99092,17685,17546,1502,19048,131
2022-07-01,Orange,059,3164182,608345,603511,51602,655113,7114
2022-07-01,Placer,061,380077,70325,69606,8683,78289,631
2022-07-01,Plumas,063,18699,3314,3294,402,3696,13
2022-07-01,Riverside,065,2383286,636870,632038,30826,662864,6502
2022-07-01,Sacramento,067,1510023,317791,315165,31262,346427,3100
2022-07-01,San Benito,069,59416,14636,14420,732,15152,100
2022-07-01,San Bernardino,071,2135413,614599,604093,27012,631105,7860
2022-07-01,San Diego,073,3302833,839908,834116,62204,896320,5341
2022-07-01,San Francisco,075,870044,160910,158871,10561,169432,910
2022-07-01,San Joaquin,077,732212,182003,180368,12073,192441,2256
2022-07-01,San Luis Obispo,079,281455,58605,58079,5673,63752,489
2022-07-01,San Mateo,081,765935,151965,149812,9461,159273,723
2022-07-01,Santa Barbara,083,443738,95914,95214,5637,100851,699
2022-07-01,Santa Clara,085,1922200,390101,381630,16677,398307,2355
2022-07-01,Santa Cruz,087,273765,56428,55757,2801,58558,267
2022-07-01,Shasta,089,179085,32511,32280,6557,38837,570
2022-07-01,Sierra,091,2930,288,283,57,340,4
2022-07-01,Siskiyou,093,43540,4815,4808,3014,7822,82
2022-07-01,Solano,095,438530,95702,94437,6856,101293,455
2022-07-01,Sonoma,097,501317,98219,97379,4423,101802,495
2022-07-01,Stanislaus,099,539301,126684,125788,19417,145205,1681
2022-07-01,Sutter,101,95872,22040,21935,2329,24264,228
2022-07-01,Tehama,103,63373,12718,12615,2743,15358,205
2022-07-01,Trinity,105,12862,1271,1256,308,1564,20
2022-07-01,Tulare,107,460477,112646,112118,30614,142732,1500
2022-07-01,Tuolumne,109,53932,14035,13886,756,14642,189
2022-07-01,Ventura,111,848112,190894,189493,12210,201703,1517
2022-07-01,Yolo,113,214977,44123,42760,3569,46329,324
2022-07-01,Yuba,115,75493,17262,17168,1467,18635,124
2022-06-30,Alameda,001,1643700,310728,307672,17180,324852,1898
2022-06-30,Alpine,002,1148,129,129,1,130,0
2022-06-30,Amador,005,37829,9304,9243,772,10015,87
2022-06-30,Butte,007,227075,36183,35846,8024,43870,436
2022-06-30,Calaveras,009,45235,7865,7836,422,8258,124
2022-06-30,Colusa,011,21464,3581,3566,1130,4696,22
2022-06-30,Contra Costa,013,1133247,227255,221545,17494,239039,1343
2022-06-30,Del Norte,015,27424,6677,6543,312,6855,53
2022-06-30,El Dorado,017,186661,29922,29764,3782,33546,217
2022-06-30,Fresno,019,978130,253116,247952,27066,275018,2783
2022-06-30,Glenn,021,27897,5248,5211,1736,6947,48
2022-06-30,Humboldt,023,135768,19593,19516,4017,23533,149
2022-06-30,Imperial,025,180216,59261,58768,11902,70670,944
2022-06-30,Inyo,027,18085,4286,4261,680,4941,56
2022-06-30,Kern,029,883053,203555,202502,51571,254073,2352
2022-06-30,Kings,031,150075,54446,54262,3672,57934,449
2022-06-30,Lake,033,64148,11657,11595,1020,12615,140
2022-06-30,Lassen,035,31185,9356,9336,930,10266,64
2022-06-30,Los Angeles,037,10098052,2993749,2969395,146885,3116280,32089
2022-06-30,Madera,039,155013,39902,39738,6815,46553,372
2022-06-30,Marin,041,260295,41046,40653,4623,45276,297
2022-06-30,Mariposa,043,17540,2797,2780,271,3051,30
2022-06-30,Mendocino,045,87422,14551,14464,3802,18266,127
2022-06-30,Merced,047,269075,67201,66093,9972,76065,832
2022-06-30,Modoc,049,8938,792,787,276,1063,8
2022-06-30,Mono,051,14174,3110,3099,189,3288,7
2022-06-30,Monterey,053,433212,86673,86212,17179,103391,744
2022-06-30,Napa,055,140530,29628,29486,1271,30757,145
2022-06-30,Nevada,057,99092,17657,17546,1495,19041,131
2022-06-30,Orange,059,3164182,607174,603511,51390,654901,7114
2022-06-30,Placer,061,380077,70175,69606,8654,78260,631
2022-06-30,Plumas,063,18699,3309,3294,401,3695,13
2022-06-30,Riverside,065,2383286,635770,632038,30756,662794,6502
2022-06-30,Sacramento,067,1510023,317196,315165,31222,346387,3100
2022-06-30,San Benito,069,59416,14600,14420,729,15149,100
2022-06-30,San Bernardino,071,2135413,613551,604093,26970,631063,7860
2022-06-30,San Diego,073,3302833,838391,834116,61993,896109,5341
2022-06-30,San Francisco,075,870044,160486,158871,10531,169402,910
2022-06-30,San Joaquin,077,732212,181723,180368,12042,192410,2256
2022-06-30,San Luis Obispo,079,281455,58505,58079,5645,63724,489
2022-06-30,San Mateo,081,765935,151541,149812,9430,159242,723
2022-06-30,Santa Barbara,083,443738,95716,95214,5625,100839,699
2022-06-30,Santa Clara,085,1922200,389006,381630,16632,398262,2355
2022-06-30,Santa Cruz,087,273765,56309,55757,2787,58544,267
2022-06-30,Shasta,089,179085,32471,32280,6538,38818,570
2022-06-30,Sierra,091,2930,288,283,57,340,4
2022-06-30,Siskiyou,093,43540,4810,4808,3007,7815,82
2022-06-30,Solano,095,438530,95498,94437,6824,101261,455
2022-06-30,Sonoma,097,501317,98055,97379,4402,101781,495
2022-06-30,Stanislaus,099,539301,126490,125788,19386,145174,1681
2022-06-30,Sutter,101,95872,22007,21935,2327,24262,228
2022-06-30,Tehama,103,63373,12697,12615,2740,15355,205
2022-06-30,Trinity,105,12862,1265,1256,306,1562,20
2022-06-30,Tulare,107,460477,112496,112118,30539,142657,1500
2022-06-30,Tuolumne,109,53932,14016,13886,750,14636,189
2022-06-30,Ventura,111,848112,190550,189493,12135,201628,1517
2022-06-30,Yolo,113,214977,44051,42760,3552,46312,324
2022-06-30,Yuba,115,75493,17234,17168,1461,18629,124
2022-06-29,Alameda,001,1643700,309928,305288,17139,322427,1895
2022-06-29,Alpine,002,1148,129,129,1,130,0
2022-06-29,Amador,005,37829,9297,9205,772,9977,87
2022-06-29,Butte,007,227075,36135,35651,8008,43659,434
2022-06-29,Calaveras,009,45235,7854,7798,419,8217,124
2022-06-29,Colusa,011,21464,3578,3548,1128,4676,22
2022-06-29,Contra Costa,013,1133247,226773,219921,17440,237361,1339
2022-06-29,Del Norte,015,27424,6651,6484,308,6792,53
2022-06-29,El Dorado,017,186661,29864,29549,3766,33315,216
2022-06-29,Fresno,019,978130,252723,246740,27000,273740,2777
2022-06-29,Glenn,021,27897,5247,5192,1734,6926,48
2022-06-29,Humboldt,023,135768,19567,19411,4007,23418,149
2022-06-29,Imperial,025,180216,59142,58498,11856,70354,944
2022-06-29,Inyo,027,18085,4282,4243,675,4918,56
2022-06-29,Kern,029,883053,203266,201537,51392,252929,2343
2022-06-29,Kings,031,150075,54356,54031,3670,57701,448
2022-06-29,Lake,033,64148,11630,11548,1016,12564,140
2022-06-29,Lassen,035,31185,9351,9310,930,10240,64
2022-06-29,Los Angeles,037,10098052,2988107,2955489,146291,3101780,32062
2022-06-29,Madera,039,155013,39851,39554,6806,46360,372
2022-06-29,Marin,041,260295,40942,40397,4617,45014,297
2022-06-29,Mariposa,043,17540,2795,2753,271,3024,30
2022-06-29,Mendocino,045,87422,14522,14383,3786,18169,127
2022-06-29,Merced,047,269075,67107,65733,9960,75693,830
2022-06-29,Modoc,049,8938,790,780,275,1055,8
2022-06-29,Mono,051,14174,3110,3081,187,3268,7
2022-06-29,Monterey,053,433212,86540,85711,17129,102840,743
2022-06-29,Napa,055,140530,29576,29285,1267,30552,144
2022-06-29,Nevada,057,99092,17623,17439,1491,18930,129
2022-06-29,Orange,059,3164182,606007,599951,51201,651152,7095
2022-06-29,Placer,061,380077,70039,69244,8645,77889,629
2022-06-29,Plumas,063,18699,3306,3267,399,3666,13
2022-06-29,Riverside,065,2383286,634710,629035,30688,659723,6493
2022-06-29,Sacramento,067,1510023,316599,313224,31176,344400,3082
2022-06-29,San Benito,069,59416,14563,14302,721,15023,100
2022-06-29,San Bernardino,071,2135413,612556,600960,26873,627833,7825
2022-06-29,San Diego,073,3302833,836663,828907,61759,890666,5336
2022-06-29,San Francisco,075,870044,159993,157419,10497,167916,902
2022-06-29,San Joaquin,077,732212,181427,179476,12004,191480,2252
2022-06-29,San Luis Obispo,079,281455,58370,57783,5607,63390,486
2022-06-29,San Mateo,081,765935,151154,148533,9410,157943,723
2022-06-29,Santa Barbara,083,443738,95565,94683,5614,100297,699
2022-06-29,Santa Clara,085,1922200,388011,378000,16572,394572,2348
2022-06-29,Santa Cruz,087,273765,56184,55432,2773,58205,266
2022-06-29,Shasta,089,179085,32424,32106,6522,38628,570
2022-06-29,Sierra,091,2930,286,283,57,340,4
2022-06-29,Siskiyou,093,43540,4804,4773,3007,7780,82
2022-06-29,Solano,095,438530,95263,92975,6805,99780,455
2022-06-29,Sonoma,097,501317,97870,96854,4390,101244,493
2022-06-29,Stanislaus,099,539301,126314,125189,19356,144545,1674
2022-06-29,Sutter,101,95872,21954,21836,2322,24158,227
2022-06-29,Tehama,103,63373,12678,12561,2739,15300,205
2022-06-29,Trinity,105,12862,1263,1245,305,1550,20
2022-06-29,Tulare,107,460477,112361,111707,30465,142172,1499
2022-06-29,Tuolumne,109,53932,13991,13779,734,14513,189
2022-06-29,Ventura,111,848112,190243,188519,12071,200590,1514
2022-06-29,Yolo,113,214977,43949,42410,3541,45951,323
2022-06-29,Yuba,115,75493,17205,17082,1459,18541,124
2022-06-28,Alameda,001,1643700,309080,305288,17103,322391,1895
2022-06-28,Alpine,002,1148,129,129,1,130,0
2022-06-28,Amador,005,37829,9292,9205,771,9976,87
2022-06-28,Butte,007,227075,36069,35651,7990,43641,434
2022-06-28,Calaveras,009,45235,7842,7798,419,8217,124
2022-06-28,Colusa,011,21464,3577,3548,1127,4675,22
2022-06-28,Contra Costa,013,1133247,226165,219921,17377,237298,1339
2022-06-28,Del Norte,015,27424,6614,6484,306,6790,53
2022-06-28,El Dorado,017,186661,29816,29549,3755,33304,216
2022-06-28,Fresno,019,978130,252288,246740,26943,273683,2777
2022-06-28,Glenn,021,27897,5239,5192,1729,6921,48
2022-06-28,Humboldt,023,135768,19547,19411,4000,23411,149
2022-06-28,Imperial,025,180216,59047,58498,11777,70275,944
2022-06-28,Inyo,027,18085,4275,4243,669,4912,56
2022-06-28,Kern,029,883053,202968,201537,51180,252717,2343
2022-06-28,Kings,031,150075,54275,54031,3665,57696,448
2022-06-28,Lake,033,64148,11619,11548,1014,12562,140
2022-06-28,Lassen,035,31185,9344,9310,930,10240,64
2022-06-28,Los Angeles,037,10098052,2982166,2955489,145681,3101170,32062
2022-06-28,Madera,039,155013,39792,39554,6789,46343,372
2022-06-28,Marin,041,260295,40834,40397,4610,45007,297
2022-06-28,Mariposa,043,17540,2787,2753,269,3022,30
2022-06-28,Mendocino,045,87422,14494,14383,3774,18157,127
2022-06-28,Merced,047,269075,67004,65733,9942,75675,830
2022-06-28,Modoc,049,8938,788,780,274,1054,8
2022-06-28,Mono,051,14174,3103,3081,185,3266,7
2022-06-28,Monterey,053,433212,86415,85711,17082,102793,743
2022-06-28,Napa,055,140530,29508,29285,1264,30549,144
2022-06-28,Nevada,057,99092,17592,17439,1486,18925,129
2022-06-28,Orange,059,3164182,604653,599951,51014,650965,7095
2022-06-28,Placer,061,380077,69879,69244,8626,77870,629
2022-06-28,Plumas,063,18699,3306,3267,398,3665,13
2022-06-28,Riverside,065,2383286,633510,629035,30641,659676,6493
2022-06-28,Sacramento,067,1510023,315924,313224,31110,344334,3082
2022-06-28,San Benito,069,59416,14524,14302,720,15022,100
2022-06-28,San Bernardino,071,2135413,611427,600960,26827,627787,7825
2022-06-28,San Diego,073,3302833,834804,828907,61518,890425,5336
2022-06-28,San Francisco,075,870044,159464,157419,10472,167891,902
2022-06-28,San Joaquin,077,732212,181117,179476,11968,191444,2252
2022-06-28,San Luis Obispo,079,281455,58251,57783,5570,63353,486
2022-06-28,San Mateo,081,765935,150690,148533,9385,157918,723
2022-06-28,Santa Barbara,083,443738,95395,94683,5597,100280,699
2022-06-28,Santa Clara,085,1922200,386889,378000,16514,394514,2348
2022-06-28,Santa Cruz,087,273765,56051,55432,2765,58197,266
2022-06-28,Shasta,089,179085,32377,32106,6509,38615,570
2022-06-28,Sierra,091,2930,286,283,57,340,4
2022-06-28,Siskiyou,093,43540,4798,4773,3001,7774,82
2022-06-28,Solano,095,438530,94988,92975,6787,99762,455
2022-06-28,Sonoma,097,501317,97660,96854,4374,101228,493
2022-06-28,Stanislaus,099,539301,126113,125189,19333,144522,1674
2022-06-28,Sutter,101,95872,21919,21836,2320,24156,227
2022-06-28,Tehama,103,63373,12658,12561,2735,15296,205
2022-06-28,Trinity,105,12862,1260,1245,303,1548,20
2022-06-28,Tulare,107,460477,112174,111707,30390,142097,1499
2022-06-28,Tuolumne,109,53932,13960,13779,728,14507,189
2022-06-28,Ventura,111,848112,189920,188519,11992,200511,1514
2022-06-28,Yolo,113,214977,43838,42410,3535,45945,323
2022-06-28,Yuba,115,75493,17169,17082,1455,18537,124
2022-06-27,Alameda,001,1643700,308141,305288,17048,322336,1895
2022-06-27,Alpine,002,1148,129,129,1,130,0
2022-06-27,Amador,005,37829,9277,9205,769,9974,87
2022-06-27,Butte,007,227075,36015,35651,7970,43621,434
2022-06-27,Calaveras,009,45235,7828,7798,419,8217,124
2022-06-27,Colusa,011,21464,3573,3548,1125,4673,22
2022-06-27,Contra Costa,013,1133247,225484,219921,17313,237234,1339
2022-06-27,Del Norte,015,27424,6593,6484,300,6784,53
2022-06-27,El Dorado,017,186661,29751,29549,3737,33286,216
2022-06-27,Fresno,019,978130,251815,246740,26873,273613,2777
2022-06-27,Glenn,021,27897,5233,5192,1722,6914,48
2022-06-27,Humboldt,023,135768,19512,19411,3988,23399,149
2022-06-27,Imperial,025,180216,58910,58498,11711,70209,944
2022-06-27,Inyo,027,18085,4265,4243,660,4903,56
2022-06-27,Kern,029,883053,202602,201537,50974,252511,2343
2022-06-27,Kings,031,150075,54188,54031,3662,57693,448
2022-06-27,Lake,033,64148,11600,11548,1009,12557,140
2022-06-27,Lassen,035,31185,9335,9310,930,10240,64
2022-06-27,Los Angeles,037,10098052,2975964,2955489,145115,3100604,32062
2022-06-27,Madera,039,155013,39727,39554,6777,46331,372
2022-06-27,Marin,041,260295,40727,40397,4597,44994,297
2022-06-27,Mariposa,043,17540,2778,2753,267,3020,30
2022-06-27,Mendocino,045,87422,14464,14383,3768,18151,127
2022-06-27,Merced,047,269075,66895,65733,9907,75640,830
2022-06-27,Modoc,049,8938,783,780,273,1053,8
2022-06-27,Mono,051,14174,3102,3081,185,3266,7
2022-06-27,Monterey,053,433212,86264,85711,17021,102732,743
2022-06-27,Napa,055,140530,29439,29285,1261,30546,144
2022-06-27,Nevada,057,99092,17562,17439,1472,18911,129
2022-06-27,Orange,059,3164182,603285,599951,50791,650742,7095
2022-06-27,Placer,061,380077,69764,69244,8601,77845,629
2022-06-27,Plumas,063,18699,3301,3267,397,3664,13
2022-06-27,Riverside,065,2383286,632357,629035,30575,659610,6493
2022-06-27,Sacramento,067,1510023,315198,313224,31053,344277,3082
2022-06-27,San Benito,069,59416,14469,14302,717,15019,100
2022-06-27,San Bernardino,071,2135413,610318,600960,26780,627740,7825
2022-06-27,San Diego,073,3302833,832883,828907,61288,890195,5336
2022-06-27,San Francisco,075,870044,158911,157419,10446,167865,902
2022-06-27,San Joaquin,077,732212,180772,179476,11926,191402,2252
2022-06-27,San Luis Obispo,079,281455,58136,57783,5533,63316,486
2022-06-27,San Mateo,081,765935,150212,148533,9351,157884,723
2022-06-27,Santa Barbara,083,443738,95208,94683,5583,100266,699
2022-06-27,Santa Clara,085,1922200,385464,378000,16460,394460,2348
2022-06-27,Santa Cruz,087,273765,55881,55432,2757,58189,266
2022-06-27,Shasta,089,179085,32316,32106,6491,38597,570
2022-06-27,Sierra,091,2930,286,283,57,340,4
2022-06-27,Siskiyou,093,43540,4788,4773,2994,7767,82
2022-06-27,Solano,095,438530,94677,92975,6755,99730,455
2022-06-27,Sonoma,097,501317,97467,96854,4355,101209,493
2022-06-27,Stanislaus,099,539301,125887,125189,19312,144501,1674
2022-06-27,Sutter,101,95872,21879,21836,2317,24153,227
2022-06-27,Tehama,103,63373,12636,12561,2733,15294,205
2022-06-27,Trinity,105,12862,1258,1245,301,1546,20
2022-06-27,Tulare,107,460477,111998,111707,30303,142010,1499
2022-06-27,Tuolumne,109,53932,13925,13779,720,14499,189
2022-06-27,Ventura,111,848112,189540,188519,11930,200449,1514
2022-06-27,Yolo,113,214977,43712,42410,3527,45937,323
2022-06-27,Yuba,115,75493,17141,17082,1452,18534,124
2022-06-26,Alameda,001,1643700,307060,302071,16993,319064,1891
2022-06-26,Alpine,002,1148,129,129,1,130,0
2022-06-26,Amador,005,37829,9238,9135,767,9902,87
2022-06-26,Butte,007,227075,35942,35406,7945,43351,433
2022-06-26,Calaveras,009,45235,7813,7754,416,8170,124
2022-06-26,Colusa,011,21464,3564,3540,1121,4661,22
2022-06-26,Contra Costa,013,1133247,224857,218053,17229,235282,1335
2022-06-26,Del Norte,015,27424,6571,6398,296,6694,52
2022-06-26,El Dorado,017,186661,29668,29313,3712,33025,216
2022-06-26,Fresno,019,978130,251275,245118,26808,271926,2777
2022-06-26,Glenn,021,27897,5228,5178,1719,6897,48
2022-06-26,Humboldt,023,135768,19477,19234,3977,23211,149
2022-06-26,Imperial,025,180216,58762,58127,11616,69743,944
2022-06-26,Inyo,027,18085,4254,4228,647,4875,56
2022-06-26,Kern,029,883053,202293,200556,50772,251328,2344
2022-06-26,Kings,031,150075,54080,53783,3658,57441,448
2022-06-26,Lake,033,64148,11581,11471,1007,12478,140
2022-06-26,Lassen,035,31185,9326,9287,930,10217,64
2022-06-26,Los Angeles,037,10098052,2969372,2936815,144473,3081288,32036
2022-06-26,Madera,039,155013,39658,39319,6757,46076,372
2022-06-26,Marin,041,260295,40606,39979,4576,44555,297
2022-06-26,Mariposa,043,17540,2770,2713,267,2980,30
2022-06-26,Mendocino,045,87422,14435,14292,3741,18033,127
2022-06-26,Merced,047,269075,66764,65408,9880,75288,828
2022-06-26,Modoc,049,8938,782,777,271,1048,8
2022-06-26,Mono,051,14174,3092,3076,185,3261,7
2022-06-26,Monterey,053,433212,86089,85275,16960,102235,743
2022-06-26,Napa,055,140530,29359,29054,1258,30312,144
2022-06-26,Nevada,057,99092,17518,17339,1468,18807,129
2022-06-26,Orange,059,3164182,601793,595761,50578,646339,7090
2022-06-26,Placer,061,380077,69635,68785,8572,77357,628
2022-06-26,Plumas,063,18699,3289,3241,397,3638,13
2022-06-26,Riverside,065,2383286,631130,625794,30518,656312,6493
2022-06-26,Sacramento,067,1510023,314375,310837,30986,341823,3077
2022-06-26,San Benito,069,59416,14424,14192,714,14906,99
2022-06-26,San Bernardino,071,2135413,609106,598062,26721,624783,7803
2022-06-26,San Diego,073,3302833,830699,822848,61116,883964,5332
2022-06-26,San Francisco,075,870044,158280,155609,10394,166003,899
2022-06-26,San Joaquin,077,732212,180394,178447,11881,190328,2252
2022-06-26,San Luis Obispo,079,281455,58001,57472,5482,62954,485
2022-06-26,San Mateo,081,765935,149694,146955,9321,156276,723
2022-06-26,Santa Barbara,083,443738,95000,94017,5555,99572,699
2022-06-26,Santa Clara,085,1922200,384080,373961,16379,390340,2338
2022-06-26,Santa Cruz,087,273765,55724,54874,2748,57622,265
2022-06-26,Shasta,089,179085,32233,31921,6473,38394,570
2022-06-26,Sierra,091,2930,285,283,57,340,4
2022-06-26,Siskiyou,093,43540,4770,4744,2987,7731,81
2022-06-26,Solano,095,438530,94404,92248,6717,98965,455
2022-06-26,Sonoma,097,501317,97232,95981,4319,100300,493
2022-06-26,Stanislaus,099,539301,125686,124493,19283,143776,1672
2022-06-26,Sutter,101,95872,21839,21733,2316,24049,227
2022-06-26,Tehama,103,63373,12619,12510,2727,15237,205
2022-06-26,Trinity,105,12862,1253,1233,299,1532,20
2022-06-26,Tulare,107,460477,111819,111188,30223,141411,1496
2022-06-26,Tuolumne,109,53932,13897,13688,713,14401,189
2022-06-26,Ventura,111,848112,189145,187389,11851,199240,1514
2022-06-26,Yolo,113,214977,43597,41932,3513,45445,323
2022-06-26,Yuba,115,75493,17104,16994,1443,18437,124
2022-06-25,Alameda,001,1643700,306590,302071,16978,319049,1891
2022-06-25,Alpine,002,1148,129,129,1,130,0
2022-06-25,Amador,005,37829,9228,9135,766,9901,87
2022-06-25,Butte,007,227075,35903,35406,7923,43329,433
2022-06-25,Calaveras,009,45235,7804,7754,416,8170,124
2022-06-25,Colusa,011,21464,3559,3540,1121,4661,22
2022-06-25,Contra Costa,013,1133247,224496,218053,17186,235239,1335
2022-06-25,Del Norte,015,27424,6557,6398,293,6691,52
2022-06-25,El Dorado,017,186661,29629,29313,3706,33019,216
2022-06-25,Fresno,019,978130,251042,245118,26782,271900,2777
2022-06-25,Glenn,021,27897,5223,5178,1717,6895,48
2022-06-25,Humboldt,023,135768,19456,19234,3966,23200,149
2022-06-25,Imperial,025,180216,58680,58127,11585,69712,944
2022-06-25,Inyo,027,18085,4252,4228,643,4871,56
2022-06-25,Kern,029,883053,202134,200556,50667,251223,2344
2022-06-25,Kings,031,150075,54042,53783,3658,57441,448
2022-06-25,Lake,033,64148,11572,11471,1006,12477,140
2022-06-25,Lassen,035,31185,9320,9287,928,10215,64
2022-06-25,Los Angeles,037,10098052,2966356,2936815,144091,3080906,32036
2022-06-25,Madera,039,155013,39625,39319,6754,46073,372
2022-06-25,Marin,041,260295,40553,39979,4569,44548,297
2022-06-25,Mariposa,043,17540,2768,2713,267,2980,30
2022-06-25,Mendocino,045,87422,14423,14292,3736,18028,127
2022-06-25,Merced,047,269075,66687,65408,9877,75285,828
2022-06-25,Modoc,049,8938,782,777,271,1048,8
2022-06-25,Mono,051,14174,3087,3076,185,3261,7
2022-06-25,Monterey,053,433212,85988,85275,16931,102206,743
2022-06-25,Napa,055,140530,29328,29054,1254,30308,144
2022-06-25,Nevada,057,99092,17494,17339,1464,18803,129
2022-06-25,Orange,059,3164182,601092,595761,50436,646197,7090
2022-06-25,Placer,061,380077,69536,68785,8552,77337,628
2022-06-25,Plumas,063,18699,3285,3241,397,3638,13
2022-06-25,Riverside,065,2383286,630485,625794,30476,656270,6493
2022-06-25,Sacramento,067,1510023,314064,310837,30958,341795,3077
2022-06-25,San Benito,069,59416,14399,14192,713,14905,99
2022-06-25,San Bernardino,071,2135413,608505,598062,26693,624755,7803
2022-06-25,San Diego,073,3302833,829792,822848,61052,883900,5332
2022-06-25,San Francisco,075,870044,157985,155609,10376,165985,899
2022-06-25,San Joaquin,077,732212,180244,178447,11866,190313,2252
2022-06-25,San Luis Obispo,079,281455,57930,57472,5472,62944,485
2022-06-25,San Mateo,081,765935,149418,146955,9300,156255,723
2022-06-25,Santa Barbara,083,443738,94857,94017,5542,99559,699
2022-06-25,Santa Clara,085,1922200,383225,373961,16351,390312,2338
2022-06-25,Santa Cruz,087,273765,55654,54874,2745,57619,265
2022-06-25,Shasta,089,179085,32197,31921,6459,38380,570
2022-06-25,Sierra,091,2930,285,283,57,340,4
2022-06-25,Siskiyou,093,43540,4767,4744,2984,7728,81
2022-06-25,Solano,095,438530,94319,92248,6696,98944,455
2022-06-25,Sonoma,097,501317,97121,95981,4308,100289,493
2022-06-25,Stanislaus,099,539301,125556,124493,19264,143757,1672
2022-06-25,Sutter,101,95872,21818,21733,2315,24048,227
2022-06-25,Tehama,103,63373,12607,12510,2722,15232,205
2022-06-25,Trinity,105,12862,1252,1233,297,1530,20
2022-06-25,Tulare,107,460477,111737,111188,30183,141371,1496
2022-06-25,Tuolumne,109,53932,13878,13688,710,14398,189
2022-06-25,Ventura,111,848112,188937,187389,11822,199211,1514
2022-06-25,Yolo,113,214977,43532,41932,3507,45439,323
2022-06-25,Yuba,115,75493,17083,16994,1442,18436,124
2022-06-24,Alameda,001,1643700,306014,302071,16944,319015,1891
2022-06-24,Alpine,002,1148,129,129,1,130,0
2022-06-24,Amador,005,37829,9221,9135,764,9899,87
2022-06-24,Butte,007,227075,35873,35406,7909,43315,433
2022-06-24,Calaveras,009,45235,7799,7754,415,8169,124
2022-06-24,Colusa,011,21464,3558,3540,1118,4658,22
2022-06-24,Contra Costa,013,1133247,224155,218053,17159,235212,1335
2022-06-24,Del Norte,015,27424,6546,6398,291,6689,52
2022-06-24,El Dorado,017,186661,29586,29313,3702,33015,216
2022-06-24,Fresno,019,978130,250751,245118,26746,271864,2777
2022-06-24,Glenn,021,27897,5221,5178,1717,6895,48
2022-06-24,Humboldt,023,135768,19425,19234,3961,23195,149
2022-06-24,Imperial,025,180216,58608,58127,11555,69682,944
2022-06-24,Inyo,027,18085,4250,4228,639,4867,56
2022-06-24,Kern,029,883053,201959,200556,50571,251127,2344
2022-06-24,Kings,031,150075,53998,53783,3654,57437,448
2022-06-24,Lake,033,64148,11561,11471,1006,12477,140
2022-06-24,Lassen,035,31185,9317,9287,927,10214,64
2022-06-24,Los Angeles,037,10098052,2963069,2936815,143766,3080581,32036
2022-06-24,Madera,039,155013,39579,39319,6748,46067,372
2022-06-24,Marin,041,260295,40477,39979,4557,44536,297
2022-06-24,Mariposa,043,17540,2761,2713,267,2980,30
2022-06-24,Mendocino,045,87422,14414,14292,3733,18025,127
2022-06-24,Merced,047,269075,66649,65408,9868,75276,828
2022-06-24,Modoc,049,8938,782,777,271,1048,8
2022-06-24,Mono,051,14174,3083,3076,184,3260,7
2022-06-24,Monterey,053,433212,85907,85275,16905,102180,743
2022-06-24,Napa,055,140530,29300,29054,1253,30307,144
2022-06-24,Nevada,057,99092,17478,17339,1458,18797,129
2022-06-24,Orange,059,3164182,600402,595761,50290,646051,7090
2022-06-24,Placer,061,380077,69459,68785,8535,77320,628
2022-06-24,Plumas,063,18699,3281,3241,397,3638,13
2022-06-24,Riverside,065,2383286,629838,625794,30432,656226,6493
2022-06-24,Sacramento,067,1510023,313668,310837,30932,341769,3077
2022-06-24,San Benito,069,59416,14386,14192,711,14903,99
2022-06-24,San Bernardino,071,2135413,607918,598062,26668,624730,7803
2022-06-24,San Diego,073,3302833,828754,822848,60970,883818,5332
2022-06-24,San Francisco,075,870044,157673,155609,10349,165958,899
2022-06-24,San Joaquin,077,732212,180066,178447,11840,190287,2252
2022-06-24,San Luis Obispo,079,281455,57885,57472,5467,62939,485
2022-06-24,San Mateo,081,765935,149082,146955,9287,156242,723
2022-06-24,Santa Barbara,083,443738,94726,94017,5539,99556,699
2022-06-24,Santa Clara,085,1922200,382392,373961,16298,390259,2338
2022-06-24,Santa Cruz,087,273765,55553,54874,2734,57608,265
2022-06-24,Shasta,089,179085,32167,31921,6450,38371,570
2022-06-24,Sierra,091,2930,285,283,57,340,4
2022-06-24,Siskiyou,093,43540,4759,4744,2983,7727,81
2022-06-24,Solano,095,438530,94167,92248,6682,98930,455
2022-06-24,Sonoma,097,501317,96981,95981,4291,100272,493
2022-06-24,Stanislaus,099,539301,125431,124493,19242,143735,1672
2022-06-24,Sutter,101,95872,21803,21733,2314,24047,227
2022-06-24,Tehama,103,63373,12592,12510,2716,15226,205
2022-06-24,Trinity,105,12862,1249,1233,297,1530,20
2022-06-24,Tulare,107,460477,111637,111188,30125,141313,1496
2022-06-24,Tuolumne,109,53932,13859,13688,704,14392,189
2022-06-24,Ventura,111,848112,188710,187389,11793,199182,1514
2022-06-24,Yolo,113,214977,43439,41932,3498,45430,323
2022-06-24,Yuba,115,75493,17065,16994,1442,18436,124
2022-06-23,Alameda,001,1643700,305191,302071,16883,318954,1891
2022-06-23,Alpine,002,1148,129,129,1,130,0
2022-06-23,Amador,005,37829,9212,9135,763,9898,87
2022-06-23,Butte,007,227075,35813,35406,7890,43296,433
2022-06-23,Calaveras,009,45235,7788,7754,414,8168,124
2022-06-23,Colusa,011,21464,3551,3540,1116,4656,22
2022-06-23,Contra Costa,013,1133247,223644,218053,17064,235117,1335
2022-06-23,Del Norte,015,27424,6514,6398,289,6687,52
2022-06-23,El Dorado,017,186661,29529,29313,3690,33003,216
2022-06-23,Fresno,019,978130,250340,245118,26684,271802,2777
2022-06-23,Glenn,021,27897,5218,5178,1708,6886,48
2022-06-23,Humboldt,023,135768,19403,19234,3957,23191,149
2022-06-23,Imperial,025,180216,58534,58127,11502,69629,944
2022-06-23,Inyo,027,18085,4247,4228,636,4864,56
2022-06-23,Kern,029,883053,201675,200556,50420,250976,2344
2022-06-23,Kings,031,150075,53938,53783,3651,57434,448
2022-06-23,Lake,033,64148,11540,11471,1006,12477,140
2022-06-23,Lassen,035,31185,9307,9287,926,10213,64
2022-06-23,Los Angeles,037,10098052,2958399,2936815,143224,3080039,32036
2022-06-23,Madera,039,155013,39516,39319,6733,46052,372
2022-06-23,Marin,041,260295,40363,39979,4533,44512,297
2022-06-23,Mariposa,043,17540,2749,2713,267,2980,30
2022-06-23,Mendocino,045,87422,14385,14292,3729,18021,127
2022-06-23,Merced,047,269075,66571,65408,9852,75260,828
2022-06-23,Modoc,049,8938,781,777,271,1048,8
2022-06-23,Mono,051,14174,3081,3076,183,3259,7
2022-06-23,Monterey,053,433212,85761,85275,16852,102127,743
2022-06-23,Napa,055,140530,29243,29054,1252,30306,144
2022-06-23,Nevada,057,99092,17445,17339,1458,18797,129
2022-06-23,Orange,059,3164182,599389,595761,50104,645865,7090
2022-06-23,Placer,061,380077,69319,68785,8511,77296,628
2022-06-23,Plumas,063,18699,3276,3241,395,3636,13
2022-06-23,Riverside,065,2383286,628916,625794,30383,656177,6493
2022-06-23,Sacramento,067,1510023,313063,310837,30885,341722,3077
2022-06-23,San Benito,069,59416,14355,14192,709,14901,99
2022-06-23,San Bernardino,071,2135413,607122,598062,26634,624696,7803
2022-06-23,San Diego,073,3302833,827284,822848,60771,883619,5332
2022-06-23,San Francisco,075,870044,157213,155609,10317,165926,899
2022-06-23,San Joaquin,077,732212,179788,178447,11813,190260,2252
2022-06-23,San Luis Obispo,079,281455,57796,57472,5435,62907,485
2022-06-23,San Mateo,081,765935,148733,146955,9252,156207,723
2022-06-23,Santa Barbara,083,443738,94560,94017,5511,99528,699
2022-06-23,Santa Clara,085,1922200,381395,373961,16250,390211,2338
2022-06-23,Santa Cruz,087,273765,55442,54874,2722,57596,265
2022-06-23,Shasta,089,179085,32125,31921,6438,38359,570
2022-06-23,Sierra,091,2930,284,283,57,340,4
2022-06-23,Siskiyou,093,43540,4753,4744,2976,7720,81
2022-06-23,Solano,095,438530,93917,92248,6640,98888,455
2022-06-23,Sonoma,097,501317,96785,95981,4271,100252,493
2022-06-23,Stanislaus,099,539301,125251,124493,19211,143704,1672
2022-06-23,Sutter,101,95872,21769,21733,2314,24047,227
2022-06-23,Tehama,103,63373,12583,12510,2713,15223,205
2022-06-23,Trinity,105,12862,1247,1233,297,1530,20
2022-06-23,Tulare,107,460477,111510,111188,30056,141244,1496
2022-06-23,Tuolumne,109,53932,13832,13688,692,14380,189
2022-06-23,Ventura,111,848112,188414,187389,11756,199145,1514
2022-06-23,Yolo,113,214977,43334,41932,3487,45419,323
2022-06-23,Yuba,115,75493,17044,16994,1436,18430,124
2022-06-22,Alameda,001,1643700,304365,299567,16824,316391,1888
2022-06-22,Alpine,002,1148,129,129,1,130,0
2022-06-22,Amador,005,37829,9206,9049,762,9811,87
2022-06-22,Butte,007,227075,35747,35203,7872,43075,433
2022-06-22,Calaveras,009,45235,7776,7716,414,8130,122
2022-06-22,Colusa,011,21464,3548,3529,1116,4645,21
2022-06-22,Contra Costa,013,1133247,223121,216355,17009,233364,1328
2022-06-22,Del Norte,015,27424,6496,6367,288,6655,52
2022-06-22,El Dorado,017,186661,29466,29139,3677,32816,215
2022-06-22,Fresno,019,978130,249917,244129,26629,270758,2772
2022-06-22,Glenn,021,27897,5216,5161,1703,6864,48
2022-06-22,Humboldt,023,135768,19351,19111,3937,23048,148
2022-06-22,Imperial,025,180216,58433,57866,11468,69334,944
2022-06-22,Inyo,027,18085,4242,4222,635,4857,56
2022-06-22,Kern,029,883053,201402,199721,50286,250007,2341
2022-06-22,Kings,031,150075,53874,53568,3647,57215,448
2022-06-22,Lake,033,64148,11523,11426,1000,12426,140
2022-06-22,Lassen,035,31185,9299,9259,924,10183,64
2022-06-22,Los Angeles,037,10098052,2953435,2925667,142759,3068426,32015
2022-06-22,Madera,039,155013,39459,39139,6714,45853,372
2022-06-22,Marin,041,260295,40260,39687,4527,44214,297
2022-06-22,Mariposa,043,17540,2743,2695,264,2959,30
2022-06-22,Mendocino,045,87422,14369,14201,3708,17909,127
2022-06-22,Merced,047,269075,66474,65120,9828,74948,827
2022-06-22,Modoc,049,8938,780,773,267,1040,8
2022-06-22,Mono,051,14174,3080,3073,181,3254,7
2022-06-22,Monterey,053,433212,85634,84752,16809,101561,742
2022-06-22,Napa,055,140530,29173,28894,1248,30142,144
2022-06-22,Nevada,057,99092,17426,17280,1448,18728,129
2022-06-22,Orange,059,3164182,598196,592215,49912,642127,7084
2022-06-22,Placer,061,380077,69204,68447,8498,76945,628
2022-06-22,Plumas,063,18699,3266,3220,395,3615,13
2022-06-22,Riverside,065,2383286,628065,623584,30327,653911,6491
2022-06-22,Sacramento,067,1510023,312435,309105,30849,339954,3071
2022-06-22,San Benito,069,59416,14330,14128,706,14834,99
2022-06-22,San Bernardino,071,2135413,606323,595517,26604,622121,7774
2022-06-22,San Diego,073,3302833,825679,815124,60582,875706,5318
2022-06-22,San Francisco,075,870044,156735,154213,10287,164500,897
2022-06-22,San Joaquin,077,732212,179525,177637,11788,189425,2251
2022-06-22,San Luis Obispo,079,281455,57706,57177,5400,62577,485
2022-06-22,San Mateo,081,765935,148323,145781,9229,155010,723
2022-06-22,Santa Barbara,083,443738,94412,93576,5497,99073,700
2022-06-22,Santa Clara,085,1922200,380293,370678,16140,386818,2340
2022-06-22,Santa Cruz,087,273765,55323,54525,2709,57234,265
2022-06-22,Shasta,089,179085,32080,31786,6423,38209,570
2022-06-22,Sierra,091,2930,284,283,57,340,4
2022-06-22,Siskiyou,093,43540,4746,4711,2973,7684,81
2022-06-22,Solano,095,438530,93658,91528,6574,98102,454
2022-06-22,Sonoma,097,501317,96575,95363,4250,99613,493
2022-06-22,Stanislaus,099,539301,125054,124023,19154,143177,1670
2022-06-22,Sutter,101,95872,21737,21649,2313,23962,227
2022-06-22,Tehama,103,63373,12572,12465,2711,15176,205
2022-06-22,Trinity,105,12862,1245,1223,297,1520,20
2022-06-22,Tulare,107,460477,111374,110768,29976,140744,1496
2022-06-22,Tuolumne,109,53932,13813,13596,686,14282,189
2022-06-22,Ventura,111,848112,188109,186601,11704,198305,1514
2022-06-22,Yolo,113,214977,43212,41689,3476,45165,323
2022-06-22,Yuba,115,75493,17024,16912,1432,18344,124
2022-06-21,Alameda,001,1643700,303567,299567,16787,316354,1888
2022-06-21,Alpine,002,1148,129,129,1,130,0
2022-06-21,Amador,005,37829,9199,9049,759,9808,87
2022-06-21,Butte,007,227075,35675,35203,7860,43063,433
2022-06-21,Calaveras,009,45235,7767,7716,413,8129,122
2022-06-21,Colusa,011,21464,3546,3529,1114,4643,21
2022-06-21,Contra Costa,013,1133247,222557,216355,16960,233315,1328
2022-06-21,Del Norte,015,27424,6465,6367,286,6653,52
2022-06-21,El Dorado,017,186661,29394,29139,3670,32809,215
2022-06-21,Fresno,019,978130,249479,244129,26562,270691,2772
2022-06-21,Glenn,021,27897,5209,5161,1701,6862,48
2022-06-21,Humboldt,023,135768,19299,19111,3924,23035,148
2022-06-21,Imperial,025,180216,58338,57866,11433,69299,944
2022-06-21,Inyo,027,18085,4237,4222,629,4851,56
2022-06-21,Kern,029,883053,201080,199721,50103,249824,2341
2022-06-21,Kings,031,150075,53799,53568,3646,57214,448
2022-06-21,Lake,033,64148,11500,11426,997,12423,140
2022-06-21,Lassen,035,31185,9289,9259,921,10180,64
2022-06-21,Los Angeles,037,10098052,2948611,2925667,142250,3067917,32015
2022-06-21,Madera,039,155013,39375,39139,6703,45842,372
2022-06-21,Marin,041,260295,40170,39687,4515,44202,297
2022-06-21,Mariposa,043,17540,2737,2695,263,2958,30
2022-06-21,Mendocino,045,87422,14340,14201,3699,17900,127
2022-06-21,Merced,047,269075,66374,65120,9795,74915,827
2022-06-21,Modoc,049,8938,777,773,266,1039,8
2022-06-21,Mono,051,14174,3078,3073,180,3253,7
2022-06-21,Monterey,053,433212,85478,84752,16767,101519,742
2022-06-21,Napa,055,140530,29120,28894,1247,30141,144
2022-06-21,Nevada,057,99092,17398,17280,1445,18725,129
2022-06-21,Orange,059,3164182,597004,592215,49761,641976,7084
2022-06-21,Placer,061,380077,69076,68447,8477,76924,628
2022-06-21,Plumas,063,18699,3257,3220,394,3614,13
2022-06-21,Riverside,065,2383286,627102,623584,30267,653851,6491
2022-06-21,Sacramento,067,1510023,311741,309105,30797,339902,3071
2022-06-21,San Benito,069,59416,14294,14128,703,14831,99
2022-06-21,San Bernardino,071,2135413,605497,595517,26557,622074,7774
2022-06-21,San Diego,073,3302833,823999,815124,60379,875503,5318
2022-06-21,San Francisco,075,870044,156258,154213,10256,164469,897
2022-06-21,San Joaquin,077,732212,179206,177637,11758,189395,2251
2022-06-21,San Luis Obispo,079,281455,57595,57177,5355,62532,485
2022-06-21,San Mateo,081,765935,147830,145781,9209,154990,723
2022-06-21,Santa Barbara,083,443738,94245,93576,5483,99059,700
2022-06-21,Santa Clara,085,1922200,379127,370678,16091,386769,2340
2022-06-21,Santa Cruz,087,273765,55193,54525,2701,57226,265
2022-06-21,Shasta,089,179085,32034,31786,6405,38191,570
2022-06-21,Sierra,091,2930,284,283,57,340,4
2022-06-21,Siskiyou,093,43540,4738,4711,2965,7676,81
2022-06-21,Solano,095,438530,93395,91528,6556,98084,454
2022-06-21,Sonoma,097,501317,96338,95363,4226,99589,493
2022-06-21,Stanislaus,099,539301,124862,124023,19124,143147,1670
2022-06-21,Sutter,101,95872,21713,21649,2311,23960,227
2022-06-21,Tehama,103,63373,12558,12465,2711,15176,205
2022-06-21,Trinity,105,12862,1239,1223,297,1520,20
2022-06-21,Tulare,107,460477,111236,110768,29917,140685,1496
2022-06-21,Tuolumne,109,53932,13789,13596,680,14276,189
2022-06-21,Ventura,111,848112,187786,186601,11649,198250,1514
2022-06-21,Yolo,113,214977,43080,41689,3464,45153,323
2022-06-21,Yuba,115,75493,16995,16912,1431,18343,124
2022-06-20,Alameda,001,1643700,302668,299567,16725,316292,1888
2022-06-20,Alpine,002,1148,129,129,1,130,0
2022-06-20,Amador,005,37829,9189,9049,757,9806,87
2022-06-20,Butte,007,227075,35605,35203,7846,43049,433
2022-06-20,Calaveras,009,45235,7759,7716,413,8129,122
2022-06-20,Colusa,011,21464,3545,3529,1113,4642,21
2022-06-20,Contra Costa,013,1133247,221955,216355,16892,233247,1328
2022-06-20,Del Norte,015,27424,6453,6367,282,6649,52
2022-06-20,El Dorado,017,186661,29324,29139,3651,32790,215
2022-06-20,Fresno,019,978130,248988,244129,26497,270626,2772
2022-06-20,Glenn,021,27897,5205,5161,1698,6859,48
2022-06-20,Humboldt,023,135768,19251,19111,3907,23018,148
2022-06-20,Imperial,025,180216,58205,57866,11398,69264,944
2022-06-20,Inyo,027,18085,4233,4222,624,4846,56
2022-06-20,Kern,029,883053,200783,199721,49955,249676,2341
2022-06-20,Kings,031,150075,53718,53568,3644,57212,448
2022-06-20,Lake,033,64148,11478,11426,995,12421,140
2022-06-20,Lassen,035,31185,9284,9259,920,10179,64
2022-06-20,Los Angeles,037,10098052,2943201,2925667,141768,3067435,32015
2022-06-20,Madera,039,155013,39313,39139,6685,45824,372
2022-06-20,Marin,041,260295,40067,39687,4492,44179,297
2022-06-20,Mariposa,043,17540,2723,2695,263,2958,30
2022-06-20,Mendocino,045,87422,14311,14201,3694,17895,127
2022-06-20,Merced,047,269075,66281,65120,9769,74889,827
2022-06-20,Modoc,049,8938,776,773,265,1038,8
2022-06-20,Mono,051,14174,3077,3073,177,3250,7
2022-06-20,Monterey,053,433212,85329,84752,16703,101455,742
2022-06-20,Napa,055,140530,29048,28894,1244,30138,144
2022-06-20,Nevada,057,99092,17373,17280,1436,18716,129
2022-06-20,Orange,059,3164182,595734,592215,49598,641813,7084
2022-06-20,Placer,061,380077,68956,68447,8448,76895,628
2022-06-20,Plumas,063,18699,3251,3220,394,3614,13
2022-06-20,Riverside,065,2383286,626162,623584,30199,653783,6491
2022-06-20,Sacramento,067,1510023,311034,309105,30720,339825,3071
2022-06-20,San Benito,069,59416,14248,14128,697,14825,99
2022-06-20,San Bernardino,071,2135413,604595,595517,26519,622036,7774
2022-06-20,San Diego,073,3302833,822011,815124,60125,875249,5318
2022-06-20,San Francisco,075,870044,155642,154213,10217,164430,897
2022-06-20,San Joaquin,077,732212,178879,177637,11712,189349,2251
2022-06-20,San Luis Obispo,079,281455,57491,57177,5307,62484,485
2022-06-20,San Mateo,081,765935,147322,145781,9184,154965,723
2022-06-20,Santa Barbara,083,443738,94060,93576,5458,99034,700
2022-06-20,Santa Clara,085,1922200,377922,370678,16030,386708,2340
2022-06-20,Santa Cruz,087,273765,55020,54525,2694,57219,265
2022-06-20,Shasta,089,179085,31977,31786,6393,38179,570
2022-06-20,Sierra,091,2930,284,283,56,339,4
2022-06-20,Siskiyou,093,43540,4725,4711,2953,7664,81
2022-06-20,Solano,095,438530,93063,91528,6534,98062,454
2022-06-20,Sonoma,097,501317,96099,95363,4200,99563,493
2022-06-20,Stanislaus,099,539301,124675,124023,19095,143118,1670
2022-06-20,Sutter,101,95872,21682,21649,2293,23942,227
2022-06-20,Tehama,103,63373,12543,12465,2708,15173,205
2022-06-20,Trinity,105,12862,1234,1223,297,1520,20
2022-06-20,Tulare,107,460477,111090,110768,29854,140622,1496
2022-06-20,Tuolumne,109,53932,13753,13596,680,14276,189
2022-06-20,Ventura,111,848112,187450,186601,11609,198210,1514
2022-06-20,Yolo,113,214977,42918,41689,3446,45135,323
2022-06-20,Yuba,115,75493,16969,16912,1425,18337,124
2022-06-19,Alameda,001,1643700,301746,296062,16694,312756,1883
2022-06-19,Alpine,002,1148,129,129,1,130,0
2022-06-19,Amador,005,37829,9139,8985,744,9729,87
2022-06-19,Butte,007,227075,35543,34920,7823,42743,432
2022-06-19,Calaveras,009,45235,7741,7664,412,8076,122
2022-06-19,Colusa,011,21464,3541,3519,1109,4628,21
2022-06-19,Contra Costa,013,1133247,221267,213994,16827,230821,1323
2022-06-19,Del Norte,015,27424,6436,6307,279,6586,52
2022-06-19,El Dorado,017,186661,29243,28904,3636,32540,215
2022-06-19,Fresno,019,978130,248537,242214,26429,268643,2768
2022-06-19,Glenn,021,27897,5196,5131,1696,6827,48
2022-06-19,Humboldt,023,135768,19205,18885,3882,22767,148
2022-06-19,Imperial,025,180216,58082,57450,11365,68815,944
2022-06-19,Inyo,027,18085,4232,4209,623,4832,56
2022-06-19,Kern,029,883053,200416,198567,49782,248349,2340
2022-06-19,Kings,031,150075,53624,53242,3641,56883,448
2022-06-19,Lake,033,64148,11464,11318,994,12312,140
2022-06-19,Lassen,035,31185,9271,9225,920,10145,64
2022-06-19,Los Angeles,037,10098052,2938334,2909197,141212,3050409,31999
2022-06-19,Madera,039,155013,39221,38859,6664,45523,372
2022-06-19,Marin,041,260295,39939,39214,4482,43696,294
2022-06-19,Mariposa,043,17540,2716,2662,262,2924,30
2022-06-19,Mendocino,045,87422,14284,14090,3681,17771,127
2022-06-19,Merced,047,269075,66180,64734,9739,74473,827
2022-06-19,Modoc,049,8938,773,771,264,1035,8
2022-06-19,Mono,051,14174,3075,3066,176,3242,6
2022-06-19,Monterey,053,433212,85181,84032,16657,100689,744
2022-06-19,Napa,055,140530,28987,28619,1240,29859,144
2022-06-19,Nevada,057,99092,17343,17134,1428,18562,129
2022-06-19,Orange,059,3164182,594438,587176,49397,636573,7074
2022-06-19,Placer,061,380077,68837,67961,8420,76381,628
2022-06-19,Plumas,063,18699,3243,3201,394,3595,13
2022-06-19,Riverside,065,2383286,625289,619760,30150,649910,6488
2022-06-19,Sacramento,067,1510023,310303,306215,30663,336878,3072
2022-06-19,San Benito,069,59416,14229,13985,695,14680,99
2022-06-19,San Bernardino,071,2135413,603770,591926,26482,618408,7765
2022-06-19,San Diego,073,3302833,820480,815124,60002,875126,5318
2022-06-19,San Francisco,075,870044,155124,151898,10178,162076,897
2022-06-19,San Joaquin,077,732212,178556,176323,11674,187997,2251
2022-06-19,San Luis Obispo,079,281455,57350,56767,5250,62017,485
2022-06-19,San Mateo,081,765935,146867,143879,9151,153030,723
2022-06-19,Santa Barbara,083,443738,93890,92906,5442,98348,699
2022-06-19,Santa Clara,085,1922200,376744,365638,15967,381605,2328
2022-06-19,Santa Cruz,087,273765,54857,53866,2675,56541,264
2022-06-19,Shasta,089,179085,31918,31647,6382,38029,568
2022-06-19,Sierra,091,2930,284,281,56,337,4
2022-06-19,Siskiyou,093,43540,4713,4672,2947,7619,81
2022-06-19,Solano,095,438530,92804,90548,6521,97069,454
2022-06-19,Sonoma,097,501317,95857,94318,4179,98497,493
2022-06-19,Stanislaus,099,539301,124489,123264,19046,142310,1668
2022-06-19,Sutter,101,95872,21647,21501,2285,23786,227
2022-06-19,Tehama,103,63373,12534,12410,2702,15112,205
2022-06-19,Trinity,105,12862,1231,1220,297,1517,20
2022-06-19,Tulare,107,460477,110907,110041,29799,139840,1496
2022-06-19,Tuolumne,109,53932,13726,13487,680,14167,189
2022-06-19,Ventura,111,848112,187098,185219,11564,196783,1513
2022-06-19,Yolo,113,214977,42830,41135,3433,44568,323
2022-06-19,Yuba,115,75493,16937,16786,1422,18208,124
2022-06-18,Alameda,001,1643700,301278,296062,16674,312736,1883
2022-06-18,Alpine,002,1148,129,129,1,130,0
2022-06-18,Amador,005,37829,9132,8985,740,9725,87
2022-06-18,Butte,007,227075,35493,34920,7812,42732,432
2022-06-18,Calaveras,009,45235,7729,7664,412,8076,122
2022-06-18,Colusa,011,21464,3538,3519,1109,4628,21
2022-06-18,Contra Costa,013,1133247,220952,213994,16799,230793,1323
2022-06-18,Del Norte,015,27424,6430,6307,278,6585,52
2022-06-18,El Dorado,017,186661,29214,28904,3633,32537,215
2022-06-18,Fresno,019,978130,248336,242214,26410,268624,2768
2022-06-18,Glenn,021,27897,5193,5131,1695,6826,48
2022-06-18,Humboldt,023,135768,19176,18885,3875,22760,148
2022-06-18,Imperial,025,180216,58012,57450,11352,68802,944
2022-06-18,Inyo,027,18085,4231,4209,622,4831,56
2022-06-18,Kern,029,883053,200292,198567,49685,248252,2340
2022-06-18,Kings,031,150075,53588,53242,3640,56882,448
2022-06-18,Lake,033,64148,11453,11318,992,12310,140
2022-06-18,Lassen,035,31185,9267,9225,920,10145,64
2022-06-18,Los Angeles,037,10098052,2935891,2909197,140922,3050119,31999
2022-06-18,Madera,039,155013,39197,38859,6658,45517,372
2022-06-18,Marin,041,260295,39875,39214,4472,43686,294
2022-06-18,Mariposa,043,17540,2711,2662,262,2924,30
2022-06-18,Mendocino,045,87422,14262,14090,3678,17768,127
2022-06-18,Merced,047,269075,66115,64734,9729,74463,827
2022-06-18,Modoc,049,8938,773,771,264,1035,8
2022-06-18,Mono,051,14174,3074,3066,176,3242,6
2022-06-18,Monterey,053,433212,85090,84032,16629,100661,744
2022-06-18,Napa,055,140530,28962,28619,1239,29858,144
2022-06-18,Nevada,057,99092,17331,17134,1427,18561,129
2022-06-18,Orange,059,3164182,593810,587176,49277,636453,7074
2022-06-18,Placer,061,380077,68771,67961,8406,76367,628
2022-06-18,Plumas,063,18699,3235,3201,394,3595,13
2022-06-18,Riverside,065,2383286,624755,619760,30135,649895,6488
2022-06-18,Sacramento,067,1510023,309983,306215,30639,336854,3072
2022-06-18,San Benito,069,59416,14214,13985,688,14673,99
2022-06-18,San Bernardino,071,2135413,603340,591926,26460,618386,7765
2022-06-18,San Diego,073,3302833,819763,815124,59941,875065,5318
2022-06-18,San Francisco,075,870044,154793,151898,10159,162057,897
2022-06-18,San Joaquin,077,732212,178393,176323,11665,187988,2251
2022-06-18,San Luis Obispo,079,281455,57305,56767,5241,62008,485
2022-06-18,San Mateo,081,765935,146597,143879,9129,153008,723
2022-06-18,Santa Barbara,083,443738,93779,92906,5432,98338,699
2022-06-18,Santa Clara,085,1922200,375990,365638,15921,381559,2328
2022-06-18,Santa Cruz,087,273765,54781,53866,2665,56531,264
2022-06-18,Shasta,089,179085,31897,31647,6379,38026,568
2022-06-18,Sierra,091,2930,284,281,56,337,4
2022-06-18,Siskiyou,093,43540,4705,4672,2943,7615,81
2022-06-18,Solano,095,438530,92720,90548,6512,97060,454
2022-06-18,Sonoma,097,501317,95717,94318,4161,98479,493
2022-06-18,Stanislaus,099,539301,124382,123264,19025,142289,1668
2022-06-18,Sutter,101,95872,21626,21501,2282,23783,227
2022-06-18,Tehama,103,63373,12525,12410,2698,15108,205
2022-06-18,Trinity,105,12862,1230,1220,297,1517,20
2022-06-18,Tulare,107,460477,110821,110041,29759,139800,1496
2022-06-18,Tuolumne,109,53932,13704,13487,677,14164,189
2022-06-18,Ventura,111,848112,186923,185219,11541,196760,1513
2022-06-18,Yolo,113,214977,42761,41135,3428,44563,323
2022-06-18,Yuba,115,75493,16924,16786,1422,18208,124
2022-06-17,Alameda,001,1643700,300805,296062,16660,312722,1883
2022-06-17,Alpine,002,1148,129,129,1,130,0
2022-06-17,Amador,005,37829,9123,8985,740,9725,87
2022-06-17,Butte,007,227075,35462,34920,7802,42722,432
2022-06-17,Calaveras,009,45235,7721,7664,412,8076,122
2022-06-17,Colusa,011,21464,3537,3519,1104,4623,21
2022-06-17,Contra Costa,013,1133247,220651,213994,16774,230768,1323
2022-06-17,Del Norte,015,27424,6416,6307,278,6585,52
2022-06-17,El Dorado,017,186661,29181,28904,3629,32533,215
2022-06-17,Fresno,019,978130,248090,242214,26382,268596,2768
2022-06-17,Glenn,021,27897,5192,5131,1689,6820,48
2022-06-17,Humboldt,023,135768,19149,18885,3871,22756,148
2022-06-17,Imperial,025,180216,57959,57450,11340,68790,944
2022-06-17,Inyo,027,18085,4227,4209,616,4825,56
2022-06-17,Kern,029,883053,200138,198567,49629,248196,2340
2022-06-17,Kings,031,150075,53561,53242,3639,56881,448
2022-06-17,Lake,033,64148,11445,11318,991,12309,140
2022-06-17,Lassen,035,31185,9266,9225,919,10144,64
2022-06-17,Los Angeles,037,10098052,2933046,2909197,140623,3049820,31999
2022-06-17,Madera,039,155013,39170,38859,6652,45511,372
2022-06-17,Marin,041,260295,39780,39214,4459,43673,294
2022-06-17,Mariposa,043,17540,2707,2662,262,2924,30
2022-06-17,Mendocino,045,87422,14245,14090,3674,17764,127
2022-06-17,Merced,047,269075,66058,64734,9724,74458,827
2022-06-17,Modoc,049,8938,773,771,264,1035,8
2022-06-17,Mono,051,14174,3074,3066,176,3242,6
2022-06-17,Monterey,053,433212,85000,84032,16599,100631,744
2022-06-17,Napa,055,140530,28923,28619,1236,29855,144
2022-06-17,Nevada,057,99092,17313,17134,1422,18556,129
2022-06-17,Orange,059,3164182,593132,587176,49138,636314,7074
2022-06-17,Placer,061,380077,68711,67961,8392,76353,628
2022-06-17,Plumas,063,18699,3234,3201,393,3594,13
2022-06-17,Riverside,065,2383286,624204,619760,30099,649859,6488
2022-06-17,Sacramento,067,1510023,309595,306215,30616,336831,3072
2022-06-17,San Benito,069,59416,14202,13985,688,14673,99
2022-06-17,San Bernardino,071,2135413,602901,591926,26429,618355,7765
2022-06-17,San Diego,073,3302833,818798,815124,59838,874962,5318
2022-06-17,San Francisco,075,870044,154478,151898,10126,162024,897
2022-06-17,San Joaquin,077,732212,178241,176323,11654,187977,2251
2022-06-17,San Luis Obispo,079,281455,57268,56767,5235,62002,485
2022-06-17,San Mateo,081,765935,146293,143879,9110,152989,723
2022-06-17,Santa Barbara,083,443738,93673,92906,5420,98326,699
2022-06-17,Santa Clara,085,1922200,375164,365638,15890,381528,2328
2022-06-17,Santa Cruz,087,273765,54715,53866,2660,56526,264
2022-06-17,Shasta,089,179085,31870,31647,6371,38018,568
2022-06-17,Sierra,091,2930,284,281,56,337,4
2022-06-17,Siskiyou,093,43540,4698,4672,2943,7615,81
2022-06-17,Solano,095,438530,92574,90548,6500,97048,454
2022-06-17,Sonoma,097,501317,95551,94318,4144,98462,493
2022-06-17,Stanislaus,099,539301,124286,123264,19015,142279,1668
2022-06-17,Sutter,101,95872,21604,21501,2276,23777,227
2022-06-17,Tehama,103,63373,12510,12410,2695,15105,205
2022-06-17,Trinity,105,12862,1230,1220,297,1517,20
2022-06-17,Tulare,107,460477,110732,110041,29727,139768,1496
2022-06-17,Tuolumne,109,53932,13691,13487,676,14163,189
2022-06-17,Ventura,111,848112,186743,185219,11520,196739,1513
2022-06-17,Yolo,113,214977,42678,41135,3415,44550,323
2022-06-17,Yuba,115,75493,16917,16786,1419,18205,124
2022-06-16,Alameda,001,1643700,300022,296062,16612,312674,1883
2022-06-16,Alpine,002,1148,129,129,1,130,0
2022-06-16,Amador,005,37829,9116,8985,735,9720,87
2022-06-16,Butte,007,227075,35387,34920,7786,42706,432
2022-06-16,Calaveras,009,45235,7709,7664,410,8074,122
2022-06-16,Colusa,011,21464,3535,3519,1103,4622,21
2022-06-16,Contra Costa,013,1133247,220187,213994,16723,230717,1323
2022-06-16,Del Norte,015,27424,6402,6307,277,6584,52
2022-06-16,El Dorado,017,186661,29129,28904,3617,32521,215
2022-06-16,Fresno,019,978130,247716,242214,26320,268534,2768
2022-06-16,Glenn,021,27897,5183,5131,1688,6819,48
2022-06-16,Humboldt,023,135768,19119,18885,3857,22742,148
2022-06-16,Imperial,025,180216,57860,57450,11311,68761,944
2022-06-16,Inyo,027,18085,4226,4209,613,4822,56
2022-06-16,Kern,029,883053,199927,198567,49510,248077,2340
2022-06-16,Kings,031,150075,53494,53242,3636,56878,448
2022-06-16,Lake,033,64148,11429,11318,991,12309,140
2022-06-16,Lassen,035,31185,9259,9225,919,10144,64
2022-06-16,Los Angeles,037,10098052,2929056,2909197,140265,3049462,31999
2022-06-16,Madera,039,155013,39139,38859,6642,45501,372
2022-06-16,Marin,041,260295,39680,39214,4446,43660,294
2022-06-16,Mariposa,043,17540,2699,2662,260,2922,30
2022-06-16,Mendocino,045,87422,14216,14090,3664,17754,127
2022-06-16,Merced,047,269075,65979,64734,9705,74439,827
2022-06-16,Modoc,049,8938,773,771,264,1035,8
2022-06-16,Mono,051,14174,3073,3066,175,3241,6
2022-06-16,Monterey,053,433212,84852,84032,16544,100576,744
2022-06-16,Napa,055,140530,28878,28619,1233,29852,144
2022-06-16,Nevada,057,99092,17290,17134,1417,18551,129
2022-06-16,Orange,059,3164182,592108,587176,48979,636155,7074
2022-06-16,Placer,061,380077,68626,67961,8369,76330,628
2022-06-16,Plumas,063,18699,3227,3201,392,3593,13
2022-06-16,Riverside,065,2383286,623458,619760,30055,649815,6488
2022-06-16,Sacramento,067,1510023,309015,306215,30581,336796,3072
2022-06-16,San Benito,069,59416,14177,13985,685,14670,99
2022-06-16,San Bernardino,071,2135413,602242,591926,26391,618317,7765
2022-06-16,San Diego,073,3302833,817277,815124,59679,874803,5318
2022-06-16,San Francisco,075,870044,154030,151898,10086,161984,897
2022-06-16,San Joaquin,077,732212,177988,176323,11634,187957,2251
2022-06-16,San Luis Obispo,079,281455,57190,56767,5215,61982,485
2022-06-16,San Mateo,081,765935,145926,143879,9094,152973,723
2022-06-16,Santa Barbara,083,443738,93524,92906,5407,98313,699
2022-06-16,Santa Clara,085,1922200,374218,365638,15842,381480,2328
2022-06-16,Santa Cruz,087,273765,54582,53866,2648,56514,264
2022-06-16,Shasta,089,179085,31839,31647,6360,38007,568
2022-06-16,Sierra,091,2930,283,281,56,337,4
2022-06-16,Siskiyou,093,43540,4689,4672,2934,7606,81
2022-06-16,Solano,095,438530,92378,90548,6488,97036,454
2022-06-16,Sonoma,097,501317,95364,94318,4127,98445,493
2022-06-16,Stanislaus,099,539301,124125,123264,18998,142262,1668
2022-06-16,Sutter,101,95872,21579,21501,2274,23775,227
2022-06-16,Tehama,103,63373,12491,12410,2693,15103,205
2022-06-16,Trinity,105,12862,1228,1220,294,1514,20
2022-06-16,Tulare,107,460477,110602,110041,29687,139728,1496
2022-06-16,Tuolumne,109,53932,13667,13487,672,14159,189
2022-06-16,Ventura,111,848112,186472,185219,11475,196694,1513
2022-06-16,Yolo,113,214977,42587,41135,3404,44539,323
2022-06-16,Yuba,115,75493,16893,16786,1415,18201,124
2022-06-15,Alameda,001,1643700,299238,295002,16586,311588,1880
2022-06-15,Alpine,002,1148,129,129,1,130,0
2022-06-15,Amador,005,37829,9108,8972,735,9707,87
2022-06-15,Butte,007,227075,35324,34841,7767,42608,430
2022-06-15,Calaveras,009,45235,7706,7648,408,8056,122
2022-06-15,Colusa,011,21464,3531,3515,1101,4616,21
2022-06-15,Contra Costa,013,1133247,219724,213219,16679,229898,1321
2022-06-15,Del Norte,015,27424,6391,6298,276,6574,52
2022-06-15,El Dorado,017,186661,29075,28829,3605,32434,215
2022-06-15,Fresno,019,978130,247343,241768,26274,268042,2767
2022-06-15,Glenn,021,27897,5177,5128,1680,6808,48
2022-06-15,Humboldt,023,135768,19081,18836,3832,22668,148
2022-06-15,Imperial,025,180216,57777,57373,11286,68659,941
2022-06-15,Inyo,027,18085,4224,4205,612,4817,56
2022-06-15,Kern,029,883053,199662,198216,49397,247613,2338
2022-06-15,Kings,031,150075,53441,53170,3633,56803,448
2022-06-15,Lake,033,64148,11409,11303,986,12289,140
2022-06-15,Lassen,035,31185,9255,9209,918,10127,64
2022-06-15,Los Angeles,037,10098052,2924769,2897298,139904,3037202,31971
2022-06-15,Madera,039,155013,39094,38776,6625,45401,372
2022-06-15,Marin,041,260295,39590,39027,4440,43467,294
2022-06-15,Mariposa,043,17540,2695,2651,258,2909,30
2022-06-15,Mendocino,045,87422,14184,14052,3654,17706,127
2022-06-15,Merced,047,269075,65898,64595,9693,74288,825
2022-06-15,Modoc,049,8938,772,772,264,1036,8
2022-06-15,Mono,051,14174,3073,3060,174,3234,6
2022-06-15,Monterey,053,433212,84709,83837,16505,100342,741
2022-06-15,Napa,055,140530,28818,28518,1224,29742,144
2022-06-15,Nevada,057,99092,17265,17107,1413,18520,127
2022-06-15,Orange,059,3164182,591079,585496,48791,634287,7067
2022-06-15,Placer,061,380077,68502,67805,8353,76158,628
2022-06-15,Plumas,063,18699,3222,3185,390,3575,13
2022-06-15,Riverside,065,2383286,622729,618584,30003,648587,6482
2022-06-15,Sacramento,067,1510023,308416,305361,30531,335892,3059
2022-06-15,San Benito,069,59416,14137,13953,678,14631,99
2022-06-15,San Bernardino,071,2135413,601584,590328,26351,616679,7735
2022-06-15,San Diego,073,3302833,815729,811093,59511,870604,5316
2022-06-15,San Francisco,075,870044,153603,151170,10061,161231,890
2022-06-15,San Joaquin,077,732212,177742,175966,11600,187566,2244
2022-06-15,San Luis Obispo,079,281455,57102,56535,5178,61713,486
2022-06-15,San Mateo,081,765935,145526,143277,9078,152355,722
2022-06-15,Santa Barbara,083,443738,93391,92710,5400,98110,698
2022-06-15,Santa Clara,085,1922200,373208,364014,15806,379820,2323
2022-06-15,Santa Cruz,087,273765,54467,53718,2643,56361,265
2022-06-15,Shasta,089,179085,31799,31598,6353,37951,568
2022-06-15,Sierra,091,2930,281,280,56,336,4
2022-06-15,Siskiyou,093,43540,4678,4656,2924,7580,81
2022-06-15,Solano,095,438530,92147,90265,6476,96741,453
2022-06-15,Sonoma,097,501317,95172,94041,4115,98156,492
2022-06-15,Stanislaus,099,539301,123983,122944,18973,141917,1668
2022-06-15,Sutter,101,95872,21551,21448,2269,23717,227
2022-06-15,Tehama,103,63373,12483,12392,2687,15079,205
2022-06-15,Trinity,105,12862,1227,1217,292,1509,20
2022-06-15,Tulare,107,460477,110498,109930,29650,139580,1495
2022-06-15,Tuolumne,109,53932,13656,13459,672,14131,189
2022-06-15,Ventura,111,848112,186200,184750,11426,196176,1509
2022-06-15,Yolo,113,214977,42483,40756,3389,44145,322
2022-06-15,Yuba,115,75493,16868,16754,1410,18164,124
2022-06-14,Alameda,001,1643700,298538,295002,16542,311544,1880
2022-06-14,Alpine,002,1148,129,129,1,130,0
2022-06-14,Amador,005,37829,9092,8972,730,9702,87
2022-06-14,Butte,007,227075,35269,34841,7751,42592,430
2022-06-14,Calaveras,009,45235,7695,7648,407,8055,122
2022-06-14,Colusa,011,21464,3529,3515,1100,4615,21
2022-06-14,Contra Costa,013,1133247,219188,213219,16620,229839,1321
2022-06-14,Del Norte,015,27424,6383,6298,273,6571,52
2022-06-14,El Dorado,017,186661,29023,28829,3597,32426,215
2022-06-14,Fresno,019,978130,246945,241768,26212,267980,2767
2022-06-14,Glenn,021,27897,5168,5128,1677,6805,48
2022-06-14,Humboldt,023,135768,19031,18836,3815,22651,148
2022-06-14,Imperial,025,180216,57703,57373,11255,68628,941
2022-06-14,Inyo,027,18085,4218,4205,611,4816,56
2022-06-14,Kern,029,883053,199400,198216,49268,247484,2338
2022-06-14,Kings,031,150075,53371,53170,3631,56801,448
2022-06-14,Lake,033,64148,11383,11303,985,12288,140
2022-06-14,Lassen,035,31185,9249,9209,915,10124,64
2022-06-14,Los Angeles,037,10098052,2920246,2897298,139484,3036782,31971
2022-06-14,Madera,039,155013,39040,38776,6616,45392,372
2022-06-14,Marin,041,260295,39481,39027,4429,43456,294
2022-06-14,Mariposa,043,17540,2684,2651,255,2906,30
2022-06-14,Mendocino,045,87422,14156,14052,3641,17693,127
2022-06-14,Merced,047,269075,65816,64595,9668,74263,825
2022-06-14,Modoc,049,8938,772,772,263,1035,8
2022-06-14,Mono,051,14174,3073,3060,173,3233,6
2022-06-14,Monterey,053,433212,84571,83837,16459,100296,741
2022-06-14,Napa,055,140530,28754,28518,1223,29741,144
2022-06-14,Nevada,057,99092,17234,17107,1408,18515,127
2022-06-14,Orange,059,3164182,589951,585496,48615,634111,7067
2022-06-14,Placer,061,380077,68379,67805,8338,76143,628
2022-06-14,Plumas,063,18699,3218,3185,390,3575,13
2022-06-14,Riverside,065,2383286,621946,618584,29968,648552,6482
2022-06-14,Sacramento,067,1510023,307784,305361,30446,335807,3059
2022-06-14,San Benito,069,59416,14102,13953,676,14629,99
2022-06-14,San Bernardino,071,2135413,600864,590328,26306,616634,7735
2022-06-14,San Diego,073,3302833,814017,811093,59364,870457,5316
2022-06-14,San Francisco,075,870044,153118,151170,10032,161202,890
2022-06-14,San Joaquin,077,732212,177473,175966,11564,187530,2244
2022-06-14,San Luis Obispo,079,281455,56993,56535,5130,61665,486
2022-06-14,San Mateo,081,765935,145139,143277,9064,152341,722
2022-06-14,Santa Barbara,083,443738,93255,92710,5384,98094,698
2022-06-14,Santa Clara,085,1922200,372139,364014,15762,379776,2323
2022-06-14,Santa Cruz,087,273765,54340,53718,2632,56350,265
2022-06-14,Shasta,089,179085,31769,31598,6345,37943,568
2022-06-14,Sierra,091,2930,281,280,56,336,4
2022-06-14,Siskiyou,093,43540,4668,4656,2918,7574,81
2022-06-14,Solano,095,438530,91884,90265,6454,96719,453
2022-06-14,Sonoma,097,501317,94957,94041,4101,98142,492
2022-06-14,Stanislaus,099,539301,123806,122944,18943,141887,1668
2022-06-14,Sutter,101,95872,21513,21448,2265,23713,227
2022-06-14,Tehama,103,63373,12465,12392,2686,15078,205
2022-06-14,Trinity,105,12862,1226,1217,292,1509,20
2022-06-14,Tulare,107,460477,110354,109930,29604,139534,1495
2022-06-14,Tuolumne,109,53932,13635,13459,668,14127,189
2022-06-14,Ventura,111,848112,185907,184750,11388,196138,1509
2022-06-14,Yolo,113,214977,42376,40756,3378,44134,322
2022-06-14,Yuba,115,75493,16838,16754,1407,18161,124
2022-06-13,Alameda,001,1643700,297713,295002,16489,311491,1880
2022-06-13,Alpine,002,1148,129,129,1,130,0
2022-06-13,Amador,005,37829,9085,8972,728,9700,87
2022-06-13,Butte,007,227075,35191,34841,7726,42567,430
2022-06-13,Calaveras,009,45235,7677,7648,407,8055,122
2022-06-13,Colusa,011,21464,3529,3515,1097,4612,21
2022-06-13,Contra Costa,013,1133247,218609,213219,16553,229772,1321
2022-06-13,Del Norte,015,27424,6371,6298,269,6567,52
2022-06-13,El Dorado,017,186661,28973,28829,3585,32414,215
2022-06-13,Fresno,019,978130,246517,241768,26156,267924,2767
2022-06-13,Glenn,021,27897,5164,5128,1673,6801,48
2022-06-13,Humboldt,023,135768,18978,18836,3791,22627,148
2022-06-13,Imperial,025,180216,57603,57373,11210,68583,941
2022-06-13,Inyo,027,18085,4214,4205,606,4811,56
2022-06-13,Kern,029,883053,199131,198216,49118,247334,2338
2022-06-13,Kings,031,150075,53305,53170,3627,56797,448
2022-06-13,Lake,033,64148,11358,11303,984,12287,140
2022-06-13,Lassen,035,31185,9241,9209,912,10121,64
2022-06-13,Los Angeles,037,10098052,2915673,2897298,139094,3036392,31971
2022-06-13,Madera,039,155013,38973,38776,6598,45374,372
2022-06-13,Marin,041,260295,39374,39027,4401,43428,294
2022-06-13,Mariposa,043,17540,2670,2651,254,2905,30
2022-06-13,Mendocino,045,87422,14131,14052,3625,17677,127
2022-06-13,Merced,047,269075,65740,64595,9640,74235,825
2022-06-13,Modoc,049,8938,771,772,263,1035,8
2022-06-13,Mono,051,14174,3071,3060,173,3233,6
2022-06-13,Monterey,053,433212,84435,83837,16408,100245,741
2022-06-13,Napa,055,140530,28683,28518,1219,29737,144
2022-06-13,Nevada,057,99092,17203,17107,1405,18512,127
2022-06-13,Orange,059,3164182,588715,585496,48423,633919,7067
2022-06-13,Placer,061,380077,68282,67805,8315,76120,628
2022-06-13,Plumas,063,18699,3213,3185,389,3574,13
2022-06-13,Riverside,065,2383286,621202,618584,29933,648517,6482
2022-06-13,Sacramento,067,1510023,307103,305361,30376,335737,3059
2022-06-13,San Benito,069,59416,14075,13953,670,14623,99
2022-06-13,San Bernardino,071,2135413,600063,590328,26275,616603,7735
2022-06-13,San Diego,073,3302833,812313,811093,59256,870349,5316
2022-06-13,San Francisco,075,870044,152583,151170,10014,161184,890
2022-06-13,San Joaquin,077,732212,177209,175966,11527,187493,2244
2022-06-13,San Luis Obispo,079,281455,56890,56535,5078,61613,486
2022-06-13,San Mateo,081,765935,144699,143277,9042,152319,722
2022-06-13,Santa Barbara,083,443738,93126,92710,5371,98081,698
2022-06-13,Santa Clara,085,1922200,371113,364014,15711,379725,2323
2022-06-13,Santa Cruz,087,273765,54202,53718,2625,56343,265
2022-06-13,Shasta,089,179085,31736,31598,6338,37936,568
2022-06-13,Sierra,091,2930,281,280,56,336,4
2022-06-13,Siskiyou,093,43540,4664,4656,2910,7566,81
2022-06-13,Solano,095,438530,91643,90265,6430,96695,453
2022-06-13,Sonoma,097,501317,94700,94041,4082,98123,492
2022-06-13,Stanislaus,099,539301,123639,122944,18919,141863,1668
2022-06-13,Sutter,101,95872,21485,21448,2261,23709,227
2022-06-13,Tehama,103,63373,12446,12392,2683,15075,205
2022-06-13,Trinity,105,12862,1224,1217,292,1509,20
2022-06-13,Tulare,107,460477,110201,109930,29554,139484,1495
2022-06-13,Tuolumne,109,53932,13612,13459,665,14124,189
2022-06-13,Ventura,111,848112,185615,184750,11336,196086,1509
2022-06-13,Yolo,113,214977,42238,40756,3366,44122,322
2022-06-13,Yuba,115,75493,16820,16754,1403,18157,124
2022-06-12,Alameda,001,1643700,296894,292112,16434,308546,1877
2022-06-12,Alpine,002,1148,129,129,1,130,0
2022-06-12,Amador,005,37829,9062,8869,727,9596,87
2022-06-12,Butte,007,227075,35134,34596,7705,42301,427
2022-06-12,Calaveras,009,45235,7663,7604,404,8008,122
2022-06-12,Colusa,011,21464,3528,3505,1096,4601,21
2022-06-12,Contra Costa,013,1133247,218018,211229,16482,227711,1315
2022-06-12,Del Norte,015,27424,6357,6253,269,6522,52
2022-06-12,El Dorado,017,186661,28912,28641,3568,32209,215
2022-06-12,Fresno,019,978130,246049,240345,26102,266447,2766
2022-06-12,Glenn,021,27897,5161,5104,1671,6775,48
2022-06-12,Humboldt,023,135768,18913,18696,3755,22451,148
2022-06-12,Imperial,025,180216,57525,57129,11166,68295,941
2022-06-12,Inyo,027,18085,4212,4194,605,4799,56
2022-06-12,Kern,029,883053,198849,197353,48984,246337,2338
2022-06-12,Kings,031,150075,53227,52978,3622,56600,447
2022-06-12,Lake,033,64148,11334,11202,983,12185,139
2022-06-12,Lassen,035,31185,9223,9172,910,10082,64
2022-06-12,Los Angeles,037,10098052,2910723,2878981,138613,3017594,31947
2022-06-12,Madera,039,155013,38880,38567,6572,45139,372
2022-06-12,Marin,041,260295,39264,38593,4377,42970,294
2022-06-12,Mariposa,043,17540,2664,2625,253,2878,30
2022-06-12,Mendocino,045,87422,14108,13945,3619,17564,127
2022-06-12,Merced,047,269075,65625,64286,9611,73897,825
2022-06-12,Modoc,049,8938,771,767,263,1030,8
2022-06-12,Mono,051,14174,3067,3052,172,3224,6
2022-06-12,Monterey,053,433212,84278,83391,16330,99721,739
2022-06-12,Napa,055,140530,28621,28202,1210,29412,143
2022-06-12,Nevada,057,99092,17159,16989,1399,18388,127
2022-06-12,Orange,059,3164182,587440,581624,48222,629846,7057
2022-06-12,Placer,061,380077,68168,67306,8293,75599,628
2022-06-12,Plumas,063,18699,3207,3172,388,3560,13
2022-06-12,Riverside,065,2383286,620256,615556,29865,645421,6481
2022-06-12,Sacramento,067,1510023,306357,302721,30266,332987,3058
2022-06-12,San Benito,069,59416,14041,13832,664,14496,99
2022-06-12,San Bernardino,071,2135413,599134,587385,26225,613610,7708
2022-06-12,San Diego,073,3302833,810580,805360,59120,864480,5315
2022-06-12,San Francisco,075,870044,152034,149278,9970,159248,890
2022-06-12,San Joaquin,077,732212,176851,174822,11500,186322,2244
2022-06-12,San Luis Obispo,079,281455,56753,56160,5017,61177,485
2022-06-12,San Mateo,081,765935,144232,141719,9001,150720,715
2022-06-12,Santa Barbara,083,443738,92953,92177,5356,97533,694
2022-06-12,Santa Clara,085,1922200,369929,359925,15665,375590,2322
2022-06-12,Santa Cruz,087,273765,54042,53171,2620,55791,264
2022-06-12,Shasta,089,179085,31689,31483,6324,37807,566
2022-06-12,Sierra,091,2930,281,278,56,334,4
2022-06-12,Siskiyou,093,43540,4656,4633,2905,7538,81
2022-06-12,Solano,095,438530,91349,89424,6411,95835,453
2022-06-12,Sonoma,097,501317,94444,93218,4058,97276,492
2022-06-12,Stanislaus,099,539301,123439,122267,18878,141145,1665
2022-06-12,Sutter,101,95872,21445,21333,2246,23579,227
2022-06-12,Tehama,103,63373,12427,12343,2678,15021,205
2022-06-12,Trinity,105,12862,1221,1213,292,1505,20
2022-06-12,Tulare,107,460477,110007,109467,29489,138956,1495
2022-06-12,Tuolumne,109,53932,13584,13382,663,14045,189
2022-06-12,Ventura,111,848112,185260,183680,11289,194969,1508
2022-06-12,Yolo,113,214977,42117,40202,3361,43563,323
2022-06-12,Yuba,115,75493,16792,16653,1396,18049,123
2022-06-11,Alameda,001,1643700,296479,292112,16412,308524,1877
2022-06-11,Alpine,002,1148,129,129,1,130,0
2022-06-11,Amador,005,37829,9048,8869,727,9596,87
2022-06-11,Butte,007,227075,35099,34596,7689,42285,427
2022-06-11,Calaveras,009,45235,7656,7604,403,8007,122
2022-06-11,Colusa,011,21464,3526,3505,1095,4600,21
2022-06-11,Contra Costa,013,1133247,217705,211229,16447,227676,1315
2022-06-11,Del Norte,015,27424,6349,6253,269,6522,52
2022-06-11,El Dorado,017,186661,28893,28641,3566,32207,215
2022-06-11,Fresno,019,978130,245853,240345,26082,266427,2766
2022-06-11,Glenn,021,27897,5159,5104,1671,6775,48
2022-06-11,Humboldt,023,135768,18893,18696,3747,22443,148
2022-06-11,Imperial,025,180216,57469,57129,11150,68279,941
2022-06-11,Inyo,027,18085,4212,4194,603,4797,56
2022-06-11,Kern,029,883053,198725,197353,48905,246258,2338
2022-06-11,Kings,031,150075,53195,52978,3621,56599,447
2022-06-11,Lake,033,64148,11326,11202,980,12182,139
2022-06-11,Lassen,035,31185,9218,9172,909,10081,64
2022-06-11,Los Angeles,037,10098052,2908373,2878981,138322,3017303,31947
2022-06-11,Madera,039,155013,38859,38567,6570,45137,372
2022-06-11,Marin,041,260295,39186,38593,4343,42936,294
2022-06-11,Mariposa,043,17540,2660,2625,252,2877,30
2022-06-11,Mendocino,045,87422,14097,13945,3615,17560,127
2022-06-11,Merced,047,269075,65577,64286,9607,73893,825
2022-06-11,Modoc,049,8938,771,767,263,1030,8
2022-06-11,Mono,051,14174,3067,3052,172,3224,6
2022-06-11,Monterey,053,433212,84193,83391,16298,99689,739
2022-06-11,Napa,055,140530,28582,28202,1206,29408,143
2022-06-11,Nevada,057,99092,17145,16989,1397,18386,127
2022-06-11,Orange,059,3164182,586798,581624,48075,629699,7057
2022-06-11,Placer,061,380077,68082,67306,8284,75590,628
2022-06-11,Plumas,063,18699,3204,3172,388,3560,13
2022-06-11,Riverside,065,2383286,619730,615556,29836,645392,6481
2022-06-11,Sacramento,067,1510023,306046,302721,30231,332952,3058
2022-06-11,San Benito,069,59416,14031,13832,661,14493,99
2022-06-11,San Bernardino,071,2135413,598711,587385,26202,613587,7708
2022-06-11,San Diego,073,3302833,809879,805360,59074,864434,5315
2022-06-11,San Francisco,075,870044,151715,149278,9950,159228,890
2022-06-11,San Joaquin,077,732212,176697,174822,11481,186303,2244
2022-06-11,San Luis Obispo,079,281455,56719,56160,5007,61167,485
2022-06-11,San Mateo,081,765935,144009,141719,8978,150697,715
2022-06-11,Santa Barbara,083,443738,92887,92177,5342,97519,694
2022-06-11,Santa Clara,085,1922200,369166,359925,15628,375553,2322
2022-06-11,Santa Cruz,087,273765,53987,53171,2606,55777,264
2022-06-11,Shasta,089,179085,31673,31483,6318,37801,566
2022-06-11,Sierra,091,2930,281,278,56,334,4
2022-06-11,Siskiyou,093,43540,4650,4633,2897,7530,81
2022-06-11,Solano,095,438530,91259,89424,6401,95825,453
2022-06-11,Sonoma,097,501317,94337,93218,4033,97251,492
2022-06-11,Stanislaus,099,539301,123337,122267,18855,141122,1665
2022-06-11,Sutter,101,95872,21427,21333,2245,23578,227
2022-06-11,Tehama,103,63373,12420,12343,2678,15021,205
2022-06-11,Trinity,105,12862,1220,1213,292,1505,20
2022-06-11,Tulare,107,460477,109919,109467,29460,138927,1495
2022-06-11,Tuolumne,109,53932,13558,13382,662,14044,189
2022-06-11,Ventura,111,848112,185082,183680,11257,194937,1508
2022-06-11,Yolo,113,214977,42052,40202,3354,43556,323
2022-06-11,Yuba,115,75493,16773,16653,1392,18045,123
2022-06-10,Alameda,001,1643700,296004,292112,16389,308501,1877
2022-06-10,Alpine,002,1148,129,129,1,130,0
2022-06-10,Amador,005,37829,9035,8869,726,9595,87
2022-06-10,Butte,007,227075,35067,34596,7675,42271,427
2022-06-10,Calaveras,009,45235,7651,7604,402,8006,122
2022-06-10,Colusa,011,21464,3521,3505,1094,4599,21
2022-06-10,Contra Costa,013,1133247,217438,211229,16416,227645,1315
2022-06-10,Del Norte,015,27424,6343,6253,268,6521,52
2022-06-10,El Dorado,017,186661,28865,28641,3563,32204,215
2022-06-10,Fresno,019,978130,245624,240345,26059,266404,2766
2022-06-10,Glenn,021,27897,5157,5104,1668,6772,48
2022-06-10,Humboldt,023,135768,18871,18696,3740,22436,148
2022-06-10,Imperial,025,180216,57423,57129,11147,68276,941
2022-06-10,Inyo,027,18085,4211,4194,600,4794,56
2022-06-10,Kern,029,883053,198579,197353,48812,246165,2338
2022-06-10,Kings,031,150075,53174,52978,3620,56598,447
2022-06-10,Lake,033,64148,11311,11202,979,12181,139
2022-06-10,Lassen,035,31185,9215,9172,907,10079,64
2022-06-10,Los Angeles,037,10098052,2905644,2878981,138053,3017034,31947
2022-06-10,Madera,039,155013,38831,38567,6562,45129,372
2022-06-10,Marin,041,260295,39091,38593,4316,42909,294
2022-06-10,Mariposa,043,17540,2656,2625,251,2876,30
2022-06-10,Mendocino,045,87422,14079,13945,3607,17552,127
2022-06-10,Merced,047,269075,65533,64286,9602,73888,825
2022-06-10,Modoc,049,8938,771,767,263,1030,8
2022-06-10,Mono,051,14174,3067,3052,171,3223,6
2022-06-10,Monterey,053,433212,84101,83391,16258,99649,739
2022-06-10,Napa,055,140530,28552,28202,1205,29407,143
2022-06-10,Nevada,057,99092,17132,16989,1396,18385,127
2022-06-10,Orange,059,3164182,586136,581624,47949,629573,7057
2022-06-10,Placer,061,380077,68010,67306,8261,75567,628
2022-06-10,Plumas,063,18699,3200,3172,388,3560,13
2022-06-10,Riverside,065,2383286,619207,615556,29807,645363,6481
2022-06-10,Sacramento,067,1510023,305650,302721,30208,332929,3058
2022-06-10,San Benito,069,59416,14018,13832,660,14492,99
2022-06-10,San Bernardino,071,2135413,598301,587385,26171,613556,7708
2022-06-10,San Diego,073,3302833,808965,805360,59038,864398,5315
2022-06-10,San Francisco,075,870044,151398,149278,9912,159190,890
2022-06-10,San Joaquin,077,732212,176581,174822,11465,186287,2244
2022-06-10,San Luis Obispo,079,281455,56684,56160,5000,61160,485
2022-06-10,San Mateo,081,765935,143752,141719,8965,150684,715
2022-06-10,Santa Barbara,083,443738,92788,92177,5338,97515,694
2022-06-10,Santa Clara,085,1922200,368419,359925,15594,375519,2322
2022-06-10,Santa Cruz,087,273765,53888,53171,2596,55767,264
2022-06-10,Shasta,089,179085,31653,31483,6309,37792,566
2022-06-10,Sierra,091,2930,280,278,56,334,4
2022-06-10,Siskiyou,093,43540,4643,4633,2891,7524,81
2022-06-10,Solano,095,438530,91097,89424,6387,95811,453
2022-06-10,Sonoma,097,501317,94174,93218,4010,97228,492
2022-06-10,Stanislaus,099,539301,123217,122267,18841,141108,1665
2022-06-10,Sutter,101,95872,21412,21333,2243,23576,227
2022-06-10,Tehama,103,63373,12412,12343,2677,15020,205
2022-06-10,Trinity,105,12862,1218,1213,292,1505,20
2022-06-10,Tulare,107,460477,109851,109467,29438,138905,1495
2022-06-10,Tuolumne,109,53932,13544,13382,660,14042,189
2022-06-10,Ventura,111,848112,184896,183680,11223,194903,1508
2022-06-10,Yolo,113,214977,41962,40202,3347,43549,323
2022-06-10,Yuba,115,75493,16752,16653,1389,18042,123
2022-06-09,Alameda,001,1643700,295091,292112,16339,308451,1877
2022-06-09,Alpine,002,1148,129,129,1,130,0
2022-06-09,Amador,005,37829,9025,8869,723,9592,87
2022-06-09,Butte,007,227075,35007,34596,7664,42260,427
2022-06-09,Calaveras,009,45235,7641,7604,402,8006,122
2022-06-09,Colusa,011,21464,3520,3505,1092,4597,21
2022-06-09,Contra Costa,013,1133247,216925,211229,16371,227600,1315
2022-06-09,Del Norte,015,27424,6330,6253,265,6518,52
2022-06-09,El Dorado,017,186661,28808,28641,3553,32194,215
2022-06-09,Fresno,019,978130,245269,240345,26013,266358,2766
2022-06-09,Glenn,021,27897,5151,5104,1666,6770,48
2022-06-09,Humboldt,023,135768,18822,18696,3729,22425,148
2022-06-09,Imperial,025,180216,57365,57129,11130,68259,941
2022-06-09,Inyo,027,18085,4208,4194,595,4789,56
2022-06-09,Kern,029,883053,198377,197353,48711,246064,2338
2022-06-09,Kings,031,150075,53133,52978,3617,56595,447
2022-06-09,Lake,033,64148,11286,11202,977,12179,139
2022-06-09,Lassen,035,31185,9196,9172,905,10077,64
2022-06-09,Los Angeles,037,10098052,2901245,2878981,137672,3016653,31947
2022-06-09,Madera,039,155013,38777,38567,6548,45115,372
2022-06-09,Marin,041,260295,38989,38593,4291,42884,294
2022-06-09,Mariposa,043,17540,2652,2625,250,2875,30
2022-06-09,Mendocino,045,87422,14051,13945,3605,17550,127
2022-06-09,Merced,047,269075,65456,64286,9593,73879,825
2022-06-09,Modoc,049,8938,770,767,263,1030,8
2022-06-09,Mono,051,14174,3061,3052,169,3221,6
2022-06-09,Monterey,053,433212,83977,83391,16189,99580,739
2022-06-09,Napa,055,140530,28491,28202,1203,29405,143
2022-06-09,Nevada,057,99092,17098,16989,1395,18384,127
2022-06-09,Orange,059,3164182,585070,581624,47777,629401,7057
2022-06-09,Placer,061,380077,67888,67306,8241,75547,628
2022-06-09,Plumas,063,18699,3194,3172,388,3560,13
2022-06-09,Riverside,065,2383286,618514,615556,29767,645323,6481
2022-06-09,Sacramento,067,1510023,305069,302721,30120,332841,3058
2022-06-09,San Benito,069,59416,14000,13832,658,14490,99
2022-06-09,San Bernardino,071,2135413,597632,587385,26138,613523,7708
2022-06-09,San Diego,073,3302833,807560,805360,58898,864258,5315
2022-06-09,San Francisco,075,870044,151008,149278,9882,159160,890
2022-06-09,San Joaquin,077,732212,176287,174822,11445,186267,2244
2022-06-09,San Luis Obispo,079,281455,56597,56160,4971,61131,485
2022-06-09,San Mateo,081,765935,143367,141719,8938,150657,715
2022-06-09,Santa Barbara,083,443738,92657,92177,5333,97510,694
2022-06-09,Santa Clara,085,1922200,367451,359925,15527,375452,2322
2022-06-09,Santa Cruz,087,273765,53756,53171,2586,55757,264
2022-06-09,Shasta,089,179085,31621,31483,6299,37782,566
2022-06-09,Sierra,091,2930,280,278,56,334,4
2022-06-09,Siskiyou,093,43540,4636,4633,2877,7510,81
2022-06-09,Solano,095,438530,90848,89424,6373,95797,453
2022-06-09,Sonoma,097,501317,94018,93218,3991,97209,492
2022-06-09,Stanislaus,099,539301,123049,122267,18826,141093,1665
2022-06-09,Sutter,101,95872,21375,21333,2243,23576,227
2022-06-09,Tehama,103,63373,12393,12343,2676,15019,205
2022-06-09,Trinity,105,12862,1217,1213,292,1505,20
2022-06-09,Tulare,107,460477,109727,109467,29402,138869,1495
2022-06-09,Tuolumne,109,53932,13513,13382,657,14039,189
2022-06-09,Ventura,111,848112,184628,183680,11189,194869,1508
2022-06-09,Yolo,113,214977,41850,40202,3331,43533,323
2022-06-09,Yuba,115,75493,16729,16653,1386,18039,123
2022-06-08,Alameda,001,1643700,294327,289661,16288,305949,1873
2022-06-08,Alpine,002,1148,129,128,1,129,0
2022-06-08,Amador,005,37829,9017,8818,721,9539,87
2022-06-08,Butte,007,227075,34940,34380,7646,42026,427
2022-06-08,Calaveras,009,45235,7627,7564,402,7966,122
2022-06-08,Colusa,011,21464,3518,3495,1089,4584,21
2022-06-08,Contra Costa,013,1133247,216412,209384,16307,225691,1310
2022-06-08,Del Norte,015,27424,6308,6229,265,6494,52
2022-06-08,El Dorado,017,186661,28757,28478,3543,32021,215
2022-06-08,Fresno,019,978130,244930,239376,25941,265317,2766
2022-06-08,Glenn,021,27897,5147,5095,1663,6758,48
2022-06-08,Humboldt,023,135768,18792,18598,3703,22301,147
2022-06-08,Imperial,025,180216,57290,56912,11110,68022,941
2022-06-08,Inyo,027,18085,4206,4189,594,4783,56
2022-06-08,Kern,029,883053,198106,196763,48598,245361,2338
2022-06-08,Kings,031,150075,53063,52821,3613,56434,447
2022-06-08,Lake,033,64148,11265,11158,974,12132,137
2022-06-08,Lassen,035,31185,9183,9148,905,10053,64
2022-06-08,Los Angeles,037,10098052,2896630,2865901,137282,3003183,31920
2022-06-08,Madera,039,155013,38732,38408,6535,44943,372
2022-06-08,Marin,041,260295,38897,38338,4274,42612,294
2022-06-08,Mariposa,043,17540,2642,2614,249,2863,30
2022-06-08,Mendocino,045,87422,14030,13859,3593,17452,127
2022-06-08,Merced,047,269075,65390,64080,9571,73651,825
2022-06-08,Modoc,049,8938,766,761,263,1024,8
2022-06-08,Mono,051,14174,3057,3044,169,3213,6
2022-06-08,Monterey,053,433212,83866,83063,16139,99202,740
2022-06-08,Napa,055,140530,28402,27996,1198,29194,143
2022-06-08,Nevada,057,99092,17072,16907,1391,18298,127
2022-06-08,Orange,059,3164182,583963,578530,47576,626106,7044
2022-06-08,Placer,061,380077,67759,66951,8213,75164,627
2022-06-08,Plumas,063,18699,3191,3150,387,3537,13
2022-06-08,Riverside,065,2383286,617827,613469,29732,643201,6480
2022-06-08,Sacramento,067,1510023,304425,300875,30035,330910,3054
2022-06-08,San Benito,069,59416,13966,13734,656,14390,99
2022-06-08,San Bernardino,071,2135413,596937,585029,26094,611123,7685
2022-06-08,San Diego,073,3302833,806063,800840,58723,859563,5308
2022-06-08,San Francisco,075,870044,150584,147960,9856,157816,885
2022-06-08,San Joaquin,077,732212,176009,173887,11415,185302,2241
2022-06-08,San Luis Obispo,079,281455,56441,55822,4908,60730,484
2022-06-08,San Mateo,081,765935,142968,140569,8889,149458,710
2022-06-08,Santa Barbara,083,443738,92518,91747,5322,97069,693
2022-06-08,Santa Clara,085,1922200,366478,356452,15479,371931,2321
2022-06-08,Santa Cruz,087,273765,53616,52753,2575,55328,264
2022-06-08,Shasta,089,179085,31588,31394,6288,37682,565
2022-06-08,Sierra,091,2930,280,278,56,334,4
2022-06-08,Siskiyou,093,43540,4631,4609,2875,7484,81
2022-06-08,Solano,095,438530,90579,88522,6353,94875,453
2022-06-08,Sonoma,097,501317,93832,92644,3957,96601,491
2022-06-08,Stanislaus,099,539301,122868,121787,18791,140578,1662
2022-06-08,Sutter,101,95872,21351,21256,2238,23494,227
2022-06-08,Tehama,103,63373,12386,12306,2675,14981,205
2022-06-08,Trinity,105,12862,1216,1211,291,1502,20
2022-06-08,Tulare,107,460477,109640,109091,29346,138437,1494
2022-06-08,Tuolumne,109,53932,13498,13335,656,13991,189
2022-06-08,Ventura,111,848112,184352,182847,11139,193986,1506
2022-06-08,Yolo,113,214977,41745,39962,3317,43279,321
2022-06-08,Yuba,115,75493,16704,16558,1378,17936,122
2022-06-07,Alameda,001,1643700,293521,289661,16244,305905,1873
2022-06-07,Alpine,002,1148,129,128,1,129,0
2022-06-07,Amador,005,37829,9007,8818,718,9536,87
2022-06-07,Butte,007,227075,34861,34380,7621,42001,427
2022-06-07,Calaveras,009,45235,7619,7564,400,7964,122
2022-06-07,Colusa,011,21464,3518,3495,1086,4581,21
2022-06-07,Contra Costa,013,1133247,215850,209384,16254,225638,1310
2022-06-07,Del Norte,015,27424,6300,6229,262,6491,52
2022-06-07,El Dorado,017,186661,28696,28478,3532,32010,215
2022-06-07,Fresno,019,978130,244544,239376,25875,265251,2766
2022-06-07,Glenn,021,27897,5140,5095,1663,6758,48
2022-06-07,Humboldt,023,135768,18754,18598,3687,22285,147
2022-06-07,Imperial,025,180216,57230,56912,11075,67987,941
2022-06-07,Inyo,027,18085,4205,4189,586,4775,56
2022-06-07,Kern,029,883053,197849,196763,48485,245248,2338
2022-06-07,Kings,031,150075,53005,52821,3609,56430,447
2022-06-07,Lake,033,64148,11240,11158,968,12126,137
2022-06-07,Lassen,035,31185,9174,9148,904,10052,64
2022-06-07,Los Angeles,037,10098052,2891313,2865901,136850,3002751,31920
2022-06-07,Madera,039,155013,38660,38408,6519,44927,372
2022-06-07,Marin,041,260295,38813,38338,4247,42585,294
2022-06-07,Mariposa,043,17540,2635,2614,247,2861,30
2022-06-07,Mendocino,045,87422,13998,13859,3562,17421,127
2022-06-07,Merced,047,269075,65299,64080,9555,73635,825
2022-06-07,Modoc,049,8938,766,761,261,1022,8
2022-06-07,Mono,051,14174,3055,3044,167,3211,6
2022-06-07,Monterey,053,433212,83737,83063,16085,99148,740
2022-06-07,Napa,055,140530,28328,27996,1191,29187,143
2022-06-07,Nevada,057,99092,17045,16907,1385,18292,127
2022-06-07,Orange,059,3164182,582842,578530,47400,625930,7044
2022-06-07,Placer,061,380077,67610,66951,8181,75132,627
2022-06-07,Plumas,063,18699,3186,3150,386,3536,13
2022-06-07,Riverside,065,2383286,616948,613469,29681,643150,6480
2022-06-07,Sacramento,067,1510023,303700,300875,29930,330805,3054
2022-06-07,San Benito,069,59416,13923,13734,652,14386,99
2022-06-07,San Bernardino,071,2135413,596163,585029,26066,611095,7685
2022-06-07,San Diego,073,3302833,804487,800840,58512,859352,5308
2022-06-07,San Francisco,075,870044,150069,147960,9834,157794,885
2022-06-07,San Joaquin,077,732212,175673,173887,11378,185265,2241
2022-06-07,San Luis Obispo,079,281455,56338,55822,4863,60685,484
2022-06-07,San Mateo,081,765935,142549,140569,8834,149403,710
2022-06-07,Santa Barbara,083,443738,92372,91747,5309,97056,693
2022-06-07,Santa Clara,085,1922200,365333,356452,15399,371851,2321
2022-06-07,Santa Cruz,087,273765,53515,52753,2568,55321,264
2022-06-07,Shasta,089,179085,31551,31394,6281,37675,565
2022-06-07,Sierra,091,2930,279,278,56,334,4
2022-06-07,Siskiyou,093,43540,4624,4609,2871,7480,81
2022-06-07,Solano,095,438530,90249,88522,6336,94858,453
2022-06-07,Sonoma,097,501317,93605,92644,3925,96569,491
2022-06-07,Stanislaus,099,539301,122695,121787,18771,140558,1662
2022-06-07,Sutter,101,95872,21322,21256,2236,23492,227
2022-06-07,Tehama,103,63373,12370,12306,2671,14977,205
2022-06-07,Trinity,105,12862,1215,1211,291,1502,20
2022-06-07,Tulare,107,460477,109513,109091,29292,138383,1494
2022-06-07,Tuolumne,109,53932,13483,13335,654,13989,189
2022-06-07,Ventura,111,848112,183987,182847,11095,193942,1506
2022-06-07,Yolo,113,214977,41628,39962,3308,43270,321
2022-06-07,Yuba,115,75493,16675,16558,1377,17935,122
2022-06-06,Alameda,001,1643700,292635,289661,16196,305857,1873
2022-06-06,Alpine,002,1148,129,128,1,129,0
2022-06-06,Amador,005,37829,8956,8818,716,9534,87
2022-06-06,Butte,007,227075,34797,34380,7607,41987,427
2022-06-06,Calaveras,009,45235,7608,7564,400,7964,122
2022-06-06,Colusa,011,21464,3517,3495,1082,4577,21
2022-06-06,Contra Costa,013,1133247,215195,209384,16171,225555,1310
2022-06-06,Del Norte,015,27424,6292,6229,261,6490,52
2022-06-06,El Dorado,017,186661,28649,28478,3520,31998,215
2022-06-06,Fresno,019,978130,244119,239376,25805,265181,2766
2022-06-06,Glenn,021,27897,5132,5095,1661,6756,48
2022-06-06,Humboldt,023,135768,18716,18598,3674,22272,147
2022-06-06,Imperial,025,180216,57157,56912,11041,67953,941
2022-06-06,Inyo,027,18085,4201,4189,583,4772,56
2022-06-06,Kern,029,883053,197566,196763,48347,245110,2338
2022-06-06,Kings,031,150075,52948,52821,3606,56427,447
2022-06-06,Lake,033,64148,11220,11158,962,12120,137
2022-06-06,Lassen,035,31185,9164,9148,903,10051,64
2022-06-06,Los Angeles,037,10098052,2885682,2865901,136433,3002334,31920
2022-06-06,Madera,039,155013,38592,38408,6491,44899,372
2022-06-06,Marin,041,260295,38688,38338,4210,42548,294
2022-06-06,Mariposa,043,17540,2625,2614,245,2859,30
2022-06-06,Mendocino,045,87422,13969,13859,3551,17410,127
2022-06-06,Merced,047,269075,65179,64080,9531,73611,825
2022-06-06,Modoc,049,8938,764,761,259,1020,8
2022-06-06,Mono,051,14174,3052,3044,166,3210,6
2022-06-06,Monterey,053,433212,83594,83063,16020,99083,740
2022-06-06,Napa,055,140530,28249,27996,1182,29178,143
2022-06-06,Nevada,057,99092,17017,16907,1381,18288,127
2022-06-06,Orange,059,3164182,581710,578530,47223,625753,7044
2022-06-06,Placer,061,380077,67492,66951,8148,75099,627
2022-06-06,Plumas,063,18699,3179,3150,385,3535,13
2022-06-06,Riverside,065,2383286,616156,613469,29631,643100,6480
2022-06-06,Sacramento,067,1510023,302924,300875,29825,330700,3054
2022-06-06,San Benito,069,59416,13875,13734,648,14382,99
2022-06-06,San Bernardino,071,2135413,595389,585029,26024,611053,7685
2022-06-06,San Diego,073,3302833,802698,800840,58280,859120,5308
2022-06-06,San Francisco,075,870044,149550,147960,9813,157773,885
2022-06-06,San Joaquin,077,732212,175289,173887,11347,185234,2241
2022-06-06,San Luis Obispo,079,281455,56229,55822,4830,60652,484
2022-06-06,San Mateo,081,765935,142064,140569,8797,149366,710
2022-06-06,Santa Barbara,083,443738,92195,91747,5291,97038,693
2022-06-06,Santa Clara,085,1922200,364069,356452,15315,371767,2321
2022-06-06,Santa Cruz,087,273765,53360,52753,2556,55309,264
2022-06-06,Shasta,089,179085,31516,31394,6269,37663,565
2022-06-06,Sierra,091,2930,279,278,56,334,4
2022-06-06,Siskiyou,093,43540,4614,4609,2861,7470,81
2022-06-06,Solano,095,438530,89954,88522,6316,94838,453
2022-06-06,Sonoma,097,501317,93364,92644,3897,96541,491
2022-06-06,Stanislaus,099,539301,122506,121787,18745,140532,1662
2022-06-06,Sutter,101,95872,21292,21256,2230,23486,227
2022-06-06,Tehama,103,63373,12358,12306,2669,14975,205
2022-06-06,Trinity,105,12862,1213,1211,291,1502,20
2022-06-06,Tulare,107,460477,109372,109091,29237,138328,1494
2022-06-06,Tuolumne,109,53932,13464,13335,653,13988,189
2022-06-06,Ventura,111,848112,183680,182847,11052,193899,1506
2022-06-06,Yolo,113,214977,41471,39962,3297,43259,321
2022-06-06,Yuba,115,75493,16632,16558,1370,17928,122
2022-06-05,Alameda,001,1643700,291584,285785,16132,301917,1873
2022-06-05,Alpine,002,1148,128,128,1,129,0
2022-06-05,Amador,005,37829,8919,8775,713,9488,87
2022-06-05,Butte,007,227075,34718,34129,7589,41718,427
2022-06-05,Calaveras,009,45235,7592,7525,394,7919,121
2022-06-05,Colusa,011,21464,3511,3484,1082,4566,21
2022-06-05,Contra Costa,013,1133247,214485,206711,16061,222772,1310
2022-06-05,Del Norte,015,27424,6281,6206,257,6463,52
2022-06-05,El Dorado,017,186661,28572,28241,3511,31752,214
2022-06-05,Fresno,019,978130,243650,237945,25715,263660,2766
2022-06-05,Glenn,021,27897,5125,5063,1661,6724,48
2022-06-05,Humboldt,023,135768,18666,18433,3652,22085,147
2022-06-05,Imperial,025,180216,57062,56690,10991,67681,941
2022-06-05,Inyo,027,18085,4197,4176,578,4754,56
2022-06-05,Kern,029,883053,197255,195863,48230,244093,2338
2022-06-05,Kings,031,150075,52871,52597,3600,56197,447
2022-06-05,Lake,033,64148,11201,11064,958,12022,137
2022-06-05,Lassen,035,31185,9156,9106,899,10005,64
2022-06-05,Los Angeles,037,10098052,2879618,2846989,135909,2982898,31899
2022-06-05,Madera,039,155013,38529,38188,6475,44663,372
2022-06-05,Marin,041,260295,38574,37879,4177,42056,294
2022-06-05,Mariposa,043,17540,2623,2557,244,2801,30
2022-06-05,Mendocino,045,87422,13933,13738,3504,17242,125
2022-06-05,Merced,047,269075,65088,63756,9497,73253,825
2022-06-05,Modoc,049,8938,763,759,259,1018,8
2022-06-05,Mono,051,14174,3049,3037,164,3201,6
2022-06-05,Monterey,053,433212,83431,82451,15939,98390,738
2022-06-05,Napa,055,140530,28120,27686,1173,28859,143
2022-06-05,Nevada,057,99092,16974,16728,1365,18093,127
2022-06-05,Orange,059,3164182,580440,574146,47028,621174,7038
2022-06-05,Placer,061,380077,67350,66428,8115,74543,627
2022-06-05,Plumas,063,18699,3171,3138,385,3523,13
2022-06-05,Riverside,065,2383286,615216,610369,29568,639937,6481
2022-06-05,Sacramento,067,1510023,302011,297787,29676,327463,3052
2022-06-05,San Benito,069,59416,13830,13572,642,14214,99
2022-06-05,San Bernardino,071,2135413,594400,582305,25980,608285,7664
2022-06-05,San Diego,073,3302833,800804,794822,58088,852910,5303
2022-06-05,San Francisco,075,870044,148966,145876,9760,155636,881
2022-06-05,San Joaquin,077,732212,174850,172621,11299,183920,2242
2022-06-05,San Luis Obispo,079,281455,56067,55333,4757,60090,484
2022-06-05,San Mateo,081,765935,141548,138536,8749,147285,710
2022-06-05,Santa Barbara,083,443738,92003,90911,5272,96183,693
2022-06-05,Santa Clara,085,1922200,362647,351492,15226,366718,2317
2022-06-05,Santa Cruz,087,273765,53168,52333,2543,54876,263
2022-06-05,Shasta,089,179085,31475,31272,6258,37530,565
2022-06-05,Sierra,091,2930,279,278,56,334,4
2022-06-05,Siskiyou,093,43540,4609,4591,2849,7440,81
2022-06-05,Solano,095,438530,89609,87571,6299,93870,452
2022-06-05,Sonoma,097,501317,93084,91518,3868,95386,491
2022-06-05,Stanislaus,099,539301,122312,121001,18717,139718,1661
2022-06-05,Sutter,101,95872,21260,21125,2223,23348,227
2022-06-05,Tehama,103,63373,12339,12262,2666,14928,204
2022-06-05,Trinity,105,12862,1213,1204,291,1495,20
2022-06-05,Tulare,107,460477,109185,108598,29164,137762,1490
2022-06-05,Tuolumne,109,53932,13435,13251,640,13891,189
2022-06-05,Ventura,111,848112,183327,181709,10995,192704,1505
2022-06-05,Yolo,113,214977,41340,39561,3285,42846,321
2022-06-05,Yuba,115,75493,16591,16467,1362,17829,122
2022-06-04,Alameda,001,1643700,291079,285785,16108,301893,1873
2022-06-04,Alpine,002,1148,128,128,1,129,0
2022-06-04,Amador,005,37829,8910,8775,711,9486,87
2022-06-04,Butte,007,227075,34679,34129,7584,41713,427
2022-06-04,Calaveras,009,45235,7578,7525,394,7919,121
2022-06-04,Colusa,011,21464,3508,3484,1077,4561,21
2022-06-04,Contra Costa,013,1133247,214096,206711,16021,222732,1310
2022-06-04,Del Norte,015,27424,6280,6206,257,6463,52
2022-06-04,El Dorado,017,186661,28533,28241,3507,31748,214
2022-06-04,Fresno,019,978130,243479,237945,25698,263643,2766
2022-06-04,Glenn,021,27897,5121,5063,1660,6723,48
2022-06-04,Humboldt,023,135768,18644,18433,3646,22079,147
2022-06-04,Imperial,025,180216,57010,56690,10976,67666,941
2022-06-04,Inyo,027,18085,4197,4176,577,4753,56
2022-06-04,Kern,029,883053,197132,195863,48162,244025,2338
2022-06-04,Kings,031,150075,52830,52597,3600,56197,447
2022-06-04,Lake,033,64148,11186,11064,952,12016,137
2022-06-04,Lassen,035,31185,9151,9106,898,10004,64
2022-06-04,Los Angeles,037,10098052,2877161,2846989,135636,2982625,31899
2022-06-04,Madera,039,155013,38494,38188,6471,44659,372
2022-06-04,Marin,041,260295,38497,37879,4136,42015,294
2022-06-04,Mariposa,043,17540,2620,2557,244,2801,30
2022-06-04,Mendocino,045,87422,13920,13738,3503,17241,125
2022-06-04,Merced,047,269075,65038,63756,9488,73244,825
2022-06-04,Modoc,049,8938,762,759,258,1017,8
2022-06-04,Mono,051,14174,3049,3037,164,3201,6
2022-06-04,Monterey,053,433212,83346,82451,15904,98355,738
2022-06-04,Napa,055,140530,28078,27686,1171,28857,143
2022-06-04,Nevada,057,99092,16961,16728,1364,18092,127
2022-06-04,Orange,059,3164182,579797,574146,46901,621047,7038
2022-06-04,Placer,061,380077,67270,66428,8098,74526,627
2022-06-04,Plumas,063,18699,3167,3138,384,3522,13
2022-06-04,Riverside,065,2383286,614680,610369,29543,639912,6481
2022-06-04,Sacramento,067,1510023,301650,297787,29645,327432,3052
2022-06-04,San Benito,069,59416,13804,13572,639,14211,99
2022-06-04,San Bernardino,071,2135413,593951,582305,25951,608256,7664
2022-06-04,San Diego,073,3302833,800078,794822,58041,852863,5303
2022-06-04,San Francisco,075,870044,148636,145876,9739,155615,881
2022-06-04,San Joaquin,077,732212,174705,172621,11262,183883,2242
2022-06-04,San Luis Obispo,079,281455,56028,55333,4751,60084,484
2022-06-04,San Mateo,081,765935,141242,138536,8721,147257,710
2022-06-04,Santa Barbara,083,443738,91905,90911,5251,96162,693
2022-06-04,Santa Clara,085,1922200,361777,351492,15185,366677,2317
2022-06-04,Santa Cruz,087,273765,53083,52333,2530,54863,263
2022-06-04,Shasta,089,179085,31452,31272,6255,37527,565
2022-06-04,Sierra,091,2930,279,278,56,334,4
2022-06-04,Siskiyou,093,43540,4605,4591,2843,7434,81
2022-06-04,Solano,095,438530,89523,87571,6282,93853,452
2022-06-04,Sonoma,097,501317,92930,91518,3854,95372,491
2022-06-04,Stanislaus,099,539301,122174,121001,18702,139703,1661
2022-06-04,Sutter,101,95872,21233,21125,2220,23345,227
2022-06-04,Tehama,103,63373,12325,12262,2665,14927,204
2022-06-04,Trinity,105,12862,1213,1204,291,1495,20
2022-06-04,Tulare,107,460477,109119,108598,29120,137718,1490
2022-06-04,Tuolumne,109,53932,13425,13251,637,13888,189
2022-06-04,Ventura,111,848112,183142,181709,10978,192687,1505
2022-06-04,Yolo,113,214977,41257,39561,3280,42841,321
2022-06-04,Yuba,115,75493,16575,16467,1358,17825,122
2022-06-03,Alameda,001,1643700,290542,285785,16078,301863,1873
2022-06-03,Alpine,002,1148,128,128,1,129,0
2022-06-03,Amador,005,37829,8904,8775,709,9484,87
2022-06-03,Butte,007,227075,34628,34129,7574,41703,427
2022-06-03,Calaveras,009,45235,7573,7525,394,7919,121
2022-06-03,Colusa,011,21464,3508,3484,1075,4559,21
2022-06-03,Contra Costa,013,1133247,213786,206711,15992,222703,1310
2022-06-03,Del Norte,015,27424,6276,6206,254,6460,52
2022-06-03,El Dorado,017,186661,28504,28241,3504,31745,214
2022-06-03,Fresno,019,978130,243249,237945,25665,263610,2766
2022-06-03,Glenn,021,27897,5115,5063,1658,6721,48
2022-06-03,Humboldt,023,135768,18624,18433,3641,22074,147
2022-06-03,Imperial,025,180216,56964,56690,10966,67656,941
2022-06-03,Inyo,027,18085,4196,4176,577,4753,56
2022-06-03,Kern,029,883053,196990,195863,48094,243957,2338
2022-06-03,Kings,031,150075,52806,52597,3600,56197,447
2022-06-03,Lake,033,64148,11175,11064,949,12013,137
2022-06-03,Lassen,035,31185,9146,9106,898,10004,64
2022-06-03,Los Angeles,037,10098052,2874256,2846989,135347,2982336,31899
2022-06-03,Madera,039,155013,38450,38188,6462,44650,372
2022-06-03,Marin,041,260295,38428,37879,4101,41980,294
2022-06-03,Mariposa,043,17540,2617,2557,244,2801,30
2022-06-03,Mendocino,045,87422,13898,13738,3502,17240,125
2022-06-03,Merced,047,269075,64987,63756,9485,73241,825
2022-06-03,Modoc,049,8938,762,759,258,1017,8
2022-06-03,Mono,051,14174,3046,3037,164,3201,6
2022-06-03,Monterey,053,433212,83247,82451,15857,98308,738
2022-06-03,Napa,055,140530,28028,27686,1163,28849,143
2022-06-03,Nevada,057,99092,16941,16728,1363,18091,127
2022-06-03,Orange,059,3164182,579113,574146,46786,620932,7038
2022-06-03,Placer,061,380077,67185,66428,8081,74509,627
2022-06-03,Plumas,063,18699,3165,3138,383,3521,13
2022-06-03,Riverside,065,2383286,614152,610369,29513,639882,6481
2022-06-03,Sacramento,067,1510023,301179,297787,29609,327396,3052
2022-06-03,San Benito,069,59416,13791,13572,635,14207,99
2022-06-03,San Bernardino,071,2135413,593499,582305,25916,608221,7664
2022-06-03,San Diego,073,3302833,799132,794822,57918,852740,5303
2022-06-03,San Francisco,075,870044,148266,145876,9707,155583,881
2022-06-03,San Joaquin,077,732212,174540,172621,11243,183864,2242
2022-06-03,San Luis Obispo,079,281455,55983,55333,4742,60075,484
2022-06-03,San Mateo,081,765935,140958,138536,8709,147245,710
2022-06-03,Santa Barbara,083,443738,91786,90911,5249,96160,693
2022-06-03,Santa Clara,085,1922200,360884,351492,15138,366630,2317
2022-06-03,Santa Cruz,087,273765,52951,52333,2517,54850,263
2022-06-03,Shasta,089,179085,31440,31272,6254,37526,565
2022-06-03,Sierra,091,2930,279,278,56,334,4
2022-06-03,Siskiyou,093,43540,4600,4591,2842,7433,81
2022-06-03,Solano,095,438530,89406,87571,6271,93842,452
2022-06-03,Sonoma,097,501317,92783,91518,3845,95363,491
2022-06-03,Stanislaus,099,539301,122069,121001,18681,139682,1661
2022-06-03,Sutter,101,95872,21210,21125,2219,23344,227
2022-06-03,Tehama,103,63373,12319,12262,2664,14926,204
2022-06-03,Trinity,105,12862,1211,1204,291,1495,20
2022-06-03,Tulare,107,460477,109051,108598,29084,137682,1490
2022-06-03,Tuolumne,109,53932,13414,13251,634,13885,189
2022-06-03,Ventura,111,848112,182954,181709,10953,192662,1505
2022-06-03,Yolo,113,214977,41195,39561,3266,42827,321
2022-06-03,Yuba,115,75493,16550,16467,1356,17823,122
2022-06-02,Alameda,001,1643700,289640,285785,16014,301799,1873
2022-06-02,Alpine,002,1148,128,128,1,129,0
2022-06-02,Amador,005,37829,8881,8775,707,9482,87
2022-06-02,Butte,007,227075,34552,34129,7558,41687,427
2022-06-02,Calaveras,009,45235,7560,7525,393,7918,121
2022-06-02,Colusa,011,21464,3505,3484,1075,4559,21
2022-06-02,Contra Costa,013,1133247,213200,206711,15900,222611,1310
2022-06-02,Del Norte,015,27424,6265,6206,253,6459,52
2022-06-02,El Dorado,017,186661,28436,28241,3492,31733,214
2022-06-02,Fresno,019,978130,242902,237945,25610,263555,2766
2022-06-02,Glenn,021,27897,5109,5063,1655,6718,48
2022-06-02,Humboldt,023,135768,18583,18433,3620,22053,147
2022-06-02,Imperial,025,180216,56904,56690,10954,67644,941
2022-06-02,Inyo,027,18085,4196,4176,574,4750,56
2022-06-02,Kern,029,883053,196707,195863,47989,243852,2338
2022-06-02,Kings,031,150075,52754,52597,3595,56192,447
2022-06-02,Lake,033,64148,11153,11064,947,12011,137
2022-06-02,Lassen,035,31185,9135,9106,898,10004,64
2022-06-02,Los Angeles,037,10098052,2869338,2846989,134922,2981911,31899
2022-06-02,Madera,039,155013,38396,38188,6449,44637,372
2022-06-02,Marin,041,260295,38330,37879,4074,41953,294
2022-06-02,Mariposa,043,17540,2612,2557,243,2800,30
2022-06-02,Mendocino,045,87422,13869,13738,3494,17232,125
2022-06-02,Merced,047,269075,64910,63756,9475,73231,825
2022-06-02,Modoc,049,8938,761,759,258,1017,8
2022-06-02,Mono,051,14174,3046,3037,164,3201,6
2022-06-02,Monterey,053,433212,83096,82451,15793,98244,738
2022-06-02,Napa,055,140530,27952,27686,1160,28846,143
2022-06-02,Nevada,057,99092,16904,16728,1358,18086,127
2022-06-02,Orange,059,3164182,578083,574146,46622,620768,7038
2022-06-02,Placer,061,380077,67065,66428,8056,74484,627
2022-06-02,Plumas,063,18699,3156,3138,383,3521,13
2022-06-02,Riverside,065,2383286,613469,610369,29455,639824,6481
2022-06-02,Sacramento,067,1510023,300536,297787,29503,327290,3052
2022-06-02,San Benito,069,59416,13758,13572,633,14205,99
2022-06-02,San Bernardino,071,2135413,592829,582305,25870,608175,7664
2022-06-02,San Diego,073,3302833,797758,794822,57749,852571,5303
2022-06-02,San Francisco,075,870044,147847,145876,9658,155534,881
2022-06-02,San Joaquin,077,732212,174229,172621,11210,183831,2242
2022-06-02,San Luis Obispo,079,281455,55853,55333,4707,60040,484
2022-06-02,San Mateo,081,765935,140576,138536,8657,147193,710
2022-06-02,Santa Barbara,083,443738,91612,90911,5234,96145,693
2022-06-02,Santa Clara,085,1922200,359793,351492,15018,366510,2317
2022-06-02,Santa Cruz,087,273765,52835,52333,2506,54839,263
2022-06-02,Shasta,089,179085,31410,31272,6247,37519,565
2022-06-02,Sierra,091,2930,279,278,56,334,4
2022-06-02,Siskiyou,093,43540,4593,4591,2833,7424,81
2022-06-02,Solano,095,438530,89130,87571,6261,93832,452
2022-06-02,Sonoma,097,501317,92557,91518,3819,95337,491
2022-06-02,Stanislaus,099,539301,121909,121001,18652,139653,1661
2022-06-02,Sutter,101,95872,21183,21125,2213,23338,227
2022-06-02,Tehama,103,63373,12307,12262,2657,14919,204
2022-06-02,Trinity,105,12862,1209,1204,291,1495,20
2022-06-02,Tulare,107,460477,108921,108598,29017,137615,1490
2022-06-02,Tuolumne,109,53932,13395,13251,632,13883,189
2022-06-02,Ventura,111,848112,182683,181709,10919,192628,1505
2022-06-02,Yolo,113,214977,41086,39561,3256,42817,321
2022-06-02,Yuba,115,75493,16529,16467,1349,17816,122
2022-06-01,Alameda,001,1643700,288627,284051,15959,300010,1868
2022-06-01,Alpine,002,1148,128,128,1,129,0
2022-06-01,Amador,005,37829,8875,8741,705,9446,87
2022-06-01,Butte,007,227075,34482,34059,7544,41603,427
2022-06-01,Calaveras,009,45235,7555,7502,390,7892,120
2022-06-01,Colusa,011,21464,3502,3476,1075,4551,21
2022-06-01,Contra Costa,013,1133247,212555,205699,15823,221522,1310
2022-06-01,Del Norte,015,27424,6255,6188,252,6440,51
2022-06-01,El Dorado,017,186661,28375,28133,3474,31607,214
2022-06-01,Fresno,019,978130,242543,237367,25555,262922,2765
2022-06-01,Glenn,021,27897,5104,5059,1654,6713,48
2022-06-01,Humboldt,023,135768,18540,18371,3597,21968,147
2022-06-01,Imperial,025,180216,56836,56445,10927,67372,938
2022-06-01,Inyo,027,18085,4192,4171,568,4739,56
2022-06-01,Kern,029,883053,196481,195438,47906,243344,2336
2022-06-01,Kings,031,150075,52696,52491,3591,56082,447
2022-06-01,Lake,033,64148,11132,11024,942,11966,137
2022-06-01,Lassen,035,31185,9121,9083,897,9980,64
2022-06-01,Los Angeles,037,10098052,2863944,2836856,134490,2971346,31882
2022-06-01,Madera,039,155013,38358,38115,6435,44550,372
2022-06-01,Marin,041,260295,38214,37654,4034,41688,293
2022-06-01,Mariposa,043,17540,2597,2549,242,2791,30
2022-06-01,Mendocino,045,87422,13842,13692,3478,17170,125
2022-06-01,Merced,047,269075,64831,63637,9455,73092,824
2022-06-01,Modoc,049,8938,758,755,257,1012,8
2022-06-01,Mono,051,14174,3044,3035,163,3198,6
2022-06-01,Monterey,053,433212,82942,82215,15730,97945,737
2022-06-01,Napa,055,140530,27876,27580,1150,28730,143
2022-06-01,Nevada,057,99092,16865,16693,1349,18042,127
2022-06-01,Orange,059,3164182,576826,571973,46452,618425,7032
2022-06-01,Placer,061,380077,66923,66199,8024,74223,627
2022-06-01,Plumas,063,18699,3149,3117,382,3499,13
2022-06-01,Riverside,065,2383286,612729,608913,29409,638322,6480
2022-06-01,Sacramento,067,1510023,299780,296457,29394,325851,3045
2022-06-01,San Benito,069,59416,13720,13510,622,14132,98
2022-06-01,San Bernardino,071,2135413,592116,580767,25832,606599,7641
2022-06-01,San Diego,073,3302833,796068,791557,57551,849108,5292
2022-06-01,San Francisco,075,870044,147328,144476,9620,154096,879
2022-06-01,San Joaquin,077,732212,173930,172170,11181,183351,2241
2022-06-01,San Luis Obispo,079,281455,55686,55099,4674,59773,482
2022-06-01,San Mateo,081,765935,140092,137566,8582,146148,710
2022-06-01,Santa Barbara,083,443738,91429,90531,5219,95750,693
2022-06-01,Santa Clara,085,1922200,358631,348742,14927,363669,2317
2022-06-01,Santa Cruz,087,273765,52722,52141,2496,54637,263
2022-06-01,Shasta,089,179085,31379,31247,6244,37491,564
2022-06-01,Sierra,091,2930,279,280,56,336,4
2022-06-01,Siskiyou,093,43540,4587,4574,2828,7402,81
2022-06-01,Solano,095,438530,88893,87206,6233,93439,452
2022-06-01,Sonoma,097,501317,92303,91174,3795,94969,491
2022-06-01,Stanislaus,099,539301,121719,120778,18630,139408,1656
2022-06-01,Sutter,101,95872,21154,21065,2209,23274,227
2022-06-01,Tehama,103,63373,12300,12245,2653,14898,204
2022-06-01,Trinity,105,12862,1208,1200,290,1490,20
2022-06-01,Tulare,107,460477,108810,108401,28961,137362,1490
2022-06-01,Tuolumne,109,53932,13380,13221,631,13852,189
2022-06-01,Ventura,111,848112,182400,181163,10888,192051,1503
2022-06-01,Yolo,113,214977,41003,39371,3245,42616,320
2022-06-01,Yuba,115,75493,16505,16406,1341,17747,122
2022-05-31,Alameda,001,1643700,287522,284051,15905,299956,1868
2022-05-31,Alpine,002,1148,128,128,1,129,0
2022-05-31,Amador,005,37829,8857,8741,699,9440,87
2022-05-31,Butte,007,227075,34421,34059,7526,41585,427
2022-05-31,Calaveras,009,45235,7544,7502,390,7892,120
2022-05-31,Colusa,011,21464,3497,3476,1074,4550,21
2022-05-31,Contra Costa,013,1133247,211802,205699,15728,221427,1310
2022-05-31,Del Norte,015,27424,6246,6188,250,6438,51
2022-05-31,El Dorado,017,186661,28314,28133,3454,31587,214
2022-05-31,Fresno,019,978130,242140,237367,25486,262853,2765
2022-05-31,Glenn,021,27897,5096,5059,1652,6711,48
2022-05-31,Humboldt,023,135768,18509,18371,3577,21948,147
2022-05-31,Imperial,025,180216,56772,56445,10901,67346,938
2022-05-31,Inyo,027,18085,4186,4171,566,4737,56
2022-05-31,Kern,029,883053,196236,195438,47810,243248,2336
2022-05-31,Kings,031,150075,52646,52491,3585,56076,447
2022-05-31,Lake,033,64148,11113,11024,938,11962,137
2022-05-31,Lassen,035,31185,9109,9083,896,9979,64
2022-05-31,Los Angeles,037,10098052,2857875,2836856,134023,2970879,31882
2022-05-31,Madera,039,155013,38294,38115,6415,44530,372
2022-05-31,Marin,041,260295,38075,37654,3999,41653,293
2022-05-31,Mariposa,043,17540,2591,2549,237,2786,30
2022-05-31,Mendocino,045,87422,13807,13692,3461,17153,125
2022-05-31,Merced,047,269075,64744,63637,9432,73069,824
2022-05-31,Modoc,049,8938,756,755,257,1012,8
2022-05-31,Mono,051,14174,3040,3035,163,3198,6
2022-05-31,Monterey,053,433212,82782,82215,15664,97879,737
2022-05-31,Napa,055,140530,27783,27580,1147,28727,143
2022-05-31,Nevada,057,99092,16818,16693,1347,18040,127
2022-05-31,Orange,059,3164182,575595,571973,46251,618224,7032
2022-05-31,Placer,061,380077,66764,66199,7994,74193,627
2022-05-31,Plumas,063,18699,3145,3117,381,3498,13
2022-05-31,Riverside,065,2383286,611810,608913,29347,638260,6480
2022-05-31,Sacramento,067,1510023,298926,296457,29247,325704,3045
2022-05-31,San Benito,069,59416,13664,13510,617,14127,98
2022-05-31,San Bernardino,071,2135413,591234,580767,25796,606563,7641
2022-05-31,San Diego,073,3302833,794191,791557,57347,848904,5292
2022-05-31,San Francisco,075,870044,146685,144476,9578,154054,879
2022-05-31,San Joaquin,077,732212,173554,172170,11138,183308,2241
2022-05-31,San Luis Obispo,079,281455,55535,55099,4609,59708,482
2022-05-31,San Mateo,081,765935,139532,137566,8540,146106,710
2022-05-31,Santa Barbara,083,443738,91205,90531,5196,95727,693
2022-05-31,Santa Clara,085,1922200,357120,348742,14850,363592,2317
2022-05-31,Santa Cruz,087,273765,52602,52141,2476,54617,263
2022-05-31,Shasta,089,179085,31345,31247,6233,37480,564
2022-05-31,Sierra,091,2930,278,280,55,335,4
2022-05-31,Siskiyou,093,43540,4582,4574,2822,7396,81
2022-05-31,Solano,095,438530,88554,87206,6209,93415,452
2022-05-31,Sonoma,097,501317,92014,91174,3756,94930,491
2022-05-31,Stanislaus,099,539301,121514,120778,18605,139383,1656
2022-05-31,Sutter,101,95872,21125,21065,2203,23268,227
2022-05-31,Tehama,103,63373,12291,12245,2648,14893,204
2022-05-31,Trinity,105,12862,1207,1200,290,1490,20
2022-05-31,Tulare,107,460477,108674,108401,28901,137302,1490
2022-05-31,Tuolumne,109,53932,13365,13221,628,13849,189
2022-05-31,Ventura,111,848112,182080,181163,10839,192002,1503
2022-05-31,Yolo,113,214977,40830,39371,3234,42605,320
2022-05-31,Yuba,115,75493,16473,16406,1335,17741,122
2022-05-30,Alameda,001,1643700,286147,284051,15819,299870,1868
2022-05-30,Alpine,002,1148,128,128,1,129,0
2022-05-30,Amador,005,37829,8842,8741,698,9439,87
2022-05-30,Butte,007,227075,34344,34059,7503,41562,427
2022-05-30,Calaveras,009,45235,7535,7502,390,7892,120
2022-05-30,Colusa,011,21464,3495,3476,1073,4549,21
2022-05-30,Contra Costa,013,1133247,210958,205699,15592,221291,1310
2022-05-30,Del Norte,015,27424,6228,6188,249,6437,51
2022-05-30,El Dorado,017,186661,28236,28133,3434,31567,214
2022-05-30,Fresno,019,978130,241668,237367,25411,262778,2765
2022-05-30,Glenn,021,27897,5091,5059,1649,6708,48
2022-05-30,Humboldt,023,135768,18455,18371,3549,21920,147
2022-05-30,Imperial,025,180216,56691,56445,10871,67316,938
2022-05-30,Inyo,027,18085,4181,4171,565,4736,56
2022-05-30,Kern,029,883053,195955,195438,47694,243132,2336
2022-05-30,Kings,031,150075,52551,52491,3584,56075,447
2022-05-30,Lake,033,64148,11084,11024,929,11953,137
2022-05-30,Lassen,035,31185,9093,9083,893,9976,64
2022-05-30,Los Angeles,037,10098052,2850580,2836856,133519,2970375,31882
2022-05-30,Madera,039,155013,38238,38115,6375,44490,372
2022-05-30,Marin,041,260295,37949,37654,3957,41611,293
2022-05-30,Mariposa,043,17540,2568,2549,233,2782,30
2022-05-30,Mendocino,045,87422,13760,13692,3443,17135,125
2022-05-30,Merced,047,269075,64647,63637,9395,73032,824
2022-05-30,Modoc,049,8938,753,755,255,1010,8
2022-05-30,Mono,051,14174,3037,3035,163,3198,6
2022-05-30,Monterey,053,433212,82592,82215,15576,97791,737
2022-05-30,Napa,055,140530,27706,27580,1139,28719,143
2022-05-30,Nevada,057,99092,16771,16693,1342,18035,127
2022-05-30,Orange,059,3164182,574130,571973,46035,618008,7032
2022-05-30,Placer,061,380077,66624,66199,7965,74164,627
2022-05-30,Plumas,063,18699,3139,3117,378,3495,13
2022-05-30,Riverside,065,2383286,610800,608913,29269,638182,6480
2022-05-30,Sacramento,067,1510023,297973,296457,29087,325544,3045
2022-05-30,San Benito,069,59416,13602,13510,609,14119,98
2022-05-30,San Bernardino,071,2135413,590259,580767,25760,606527,7641
2022-05-30,San Diego,073,3302833,791922,791557,57054,848611,5292
2022-05-30,San Francisco,075,870044,146029,144476,9525,154001,879
2022-05-30,San Joaquin,077,732212,173156,172170,11097,183267,2241
2022-05-30,San Luis Obispo,079,281455,55328,55099,4538,59637,482
2022-05-30,San Mateo,081,765935,138850,137566,8488,146054,710
2022-05-30,Santa Barbara,083,443738,90949,90531,5162,95693,693
2022-05-30,Santa Clara,085,1922200,355565,348742,14762,363504,2317
2022-05-30,Santa Cruz,087,273765,52464,52141,2466,54607,263
2022-05-30,Shasta,089,179085,31306,31247,6226,37473,564
2022-05-30,Sierra,091,2930,278,280,55,335,4
2022-05-30,Siskiyou,093,43540,4573,4574,2810,7384,81
2022-05-30,Solano,095,438530,88206,87206,6153,93359,452
2022-05-30,Sonoma,097,501317,91728,91174,3712,94886,491
2022-05-30,Stanislaus,099,539301,121323,120778,18575,139353,1656
2022-05-30,Sutter,101,95872,21086,21065,2197,23262,227
2022-05-30,Tehama,103,63373,12275,12245,2644,14889,204
2022-05-30,Trinity,105,12862,1206,1200,290,1490,20
2022-05-30,Tulare,107,460477,108515,108401,28812,137213,1490
2022-05-30,Tuolumne,109,53932,13340,13221,624,13845,189
2022-05-30,Ventura,111,848112,181707,181163,10787,191950,1503
2022-05-30,Yolo,113,214977,40643,39371,3224,42595,320
2022-05-30,Yuba,115,75493,16445,16406,1331,17737,122
2022-05-29,Alameda,001,1643700,285661,280775,15795,296570,1863
2022-05-29,Alpine,002,1148,128,126,1,127,0
2022-05-29,Amador,005,37829,8837,8696,695,9391,86
2022-05-29,Butte,007,227075,34328,33876,7496,41372,426
2022-05-29,Calaveras,009,45235,7524,7469,390,7859,120
2022-05-29,Colusa,011,21464,3494,3474,1072,4546,21
2022-05-29,Contra Costa,013,1133247,210613,203528,15567,219095,1306
2022-05-29,Del Norte,015,27424,6226,6166,248,6414,51
2022-05-29,El Dorado,017,186661,28210,27898,3431,31329,214
2022-05-29,Fresno,019,978130,241538,236250,25391,261641,2764
2022-05-29,Glenn,021,27897,5086,5048,1649,6697,48
2022-05-29,Humboldt,023,135768,18434,18257,3538,21795,147
2022-05-29,Imperial,025,180216,56653,56323,10854,67177,939
2022-05-29,Inyo,027,18085,4180,4161,565,4726,56
2022-05-29,Kern,029,883053,195857,194687,47629,242316,2334
2022-05-29,Kings,031,150075,52525,52292,3584,55876,447
2022-05-29,Lake,033,64148,11075,10958,927,11885,137
2022-05-29,Lassen,035,31185,9089,9049,893,9942,64
2022-05-29,Los Angeles,037,10098052,2848339,2819145,133247,2952392,31862
2022-05-29,Madera,039,155013,38215,37955,6370,44325,371
2022-05-29,Marin,041,260295,37880,37215,3925,41140,293
2022-05-29,Mariposa,043,17540,2563,2526,233,2759,31
2022-05-29,Mendocino,045,87422,13739,13612,3442,17054,124
2022-05-29,Merced,047,269075,64626,63389,9392,72781,824
2022-05-29,Modoc,049,8938,753,751,255,1006,8
2022-05-29,Mono,051,14174,3036,3030,163,3193,6
2022-05-29,Monterey,053,433212,82527,81875,15532,97407,737
2022-05-29,Napa,055,140530,27678,27376,1138,28514,144
2022-05-29,Nevada,057,99092,16756,16568,1340,17908,127
2022-05-29,Orange,059,3164182,573553,568369,45857,614226,7028
2022-05-29,Placer,061,380077,66555,65672,7955,73627,626
2022-05-29,Plumas,063,18699,3132,3096,378,3474,13
2022-05-29,Riverside,065,2383286,610453,606444,29235,635679,6480
2022-05-29,Sacramento,067,1510023,297515,294000,29058,323058,3032
2022-05-29,San Benito,069,59416,13596,13402,607,14009,98
2022-05-29,San Bernardino,071,2135413,589965,578656,25744,604400,7610
2022-05-29,San Diego,073,3302833,791181,786243,56975,843218,5288
2022-05-29,San Francisco,075,870044,145600,142456,9516,151972,879
2022-05-29,San Joaquin,077,732212,172994,171282,11079,182361,2241
2022-05-29,San Luis Obispo,079,281455,55276,54701,4526,59227,481
2022-05-29,San Mateo,081,765935,138595,135746,8475,144221,710
2022-05-29,Santa Barbara,083,443738,90819,89940,5161,95101,693
2022-05-29,Santa Clara,085,1922200,354770,344223,14723,358946,2304
2022-05-29,Santa Cruz,087,273765,52388,51819,2459,54278,263
2022-05-29,Shasta,089,179085,31294,31165,6222,37387,564
2022-05-29,Sierra,091,2930,278,278,55,333,4
2022-05-29,Siskiyou,093,43540,4568,4537,2808,7345,81
2022-05-29,Solano,095,438530,88151,86565,6142,92707,452
2022-05-29,Sonoma,097,501317,91635,90364,3697,94061,490
2022-05-29,Stanislaus,099,539301,121224,120241,18556,138797,1657
2022-05-29,Sutter,101,95872,21066,20976,2197,23173,227
2022-05-29,Tehama,103,63373,12265,12210,2643,14853,204
2022-05-29,Trinity,105,12862,1205,1196,290,1486,20
2022-05-29,Tulare,107,460477,108430,108029,28767,136796,1484
2022-05-29,Tuolumne,109,53932,13325,13141,624,13765,189
2022-05-29,Ventura,111,848112,181562,179953,10777,190730,1503
2022-05-29,Yolo,113,214977,40591,39016,3221,42237,319
2022-05-29,Yuba,115,75493,16429,16314,1327,17641,122
2022-05-28,Alameda,001,1643700,285284,280775,15768,296543,1863
2022-05-28,Alpine,002,1148,128,126,1,127,0
2022-05-28,Amador,005,37829,8828,8696,695,9391,86
2022-05-28,Butte,007,227075,34304,33876,7480,41356,426
2022-05-28,Calaveras,009,45235,7520,7469,390,7859,120
2022-05-28,Colusa,011,21464,3489,3474,1071,4545,21
2022-05-28,Contra Costa,013,1133247,210345,203528,15543,219071,1306
2022-05-28,Del Norte,015,27424,6222,6166,246,6412,51
2022-05-28,El Dorado,017,186661,28180,27898,3430,31328,214
2022-05-28,Fresno,019,978130,241380,236250,25360,261610,2764
2022-05-28,Glenn,021,27897,5083,5048,1649,6697,48
2022-05-28,Humboldt,023,135768,18410,18257,3528,21785,147
2022-05-28,Imperial,025,180216,56627,56323,10844,67167,939
2022-05-28,Inyo,027,18085,4180,4161,563,4724,56
2022-05-28,Kern,029,883053,195758,194687,47579,242266,2334
2022-05-28,Kings,031,150075,52501,52292,3583,55875,447
2022-05-28,Lake,033,64148,11065,10958,927,11885,137
2022-05-28,Lassen,035,31185,9084,9049,893,9942,64
2022-05-28,Los Angeles,037,10098052,2846358,2819145,132980,2952125,31862
2022-05-28,Madera,039,155013,38198,37955,6367,44322,371
2022-05-28,Marin,041,260295,37813,37215,3895,41110,293
2022-05-28,Mariposa,043,17540,2559,2526,233,2759,31
2022-05-28,Mendocino,045,87422,13727,13612,3442,17054,124
2022-05-28,Merced,047,269075,64593,63389,9386,72775,824
2022-05-28,Modoc,049,8938,753,751,255,1006,8
2022-05-28,Mono,051,14174,3036,3030,162,3192,6
2022-05-28,Monterey,053,433212,82459,81875,15500,97375,737
2022-05-28,Napa,055,140530,27633,27376,1137,28513,144
2022-05-28,Nevada,057,99092,16744,16568,1338,17906,127
2022-05-28,Orange,059,3164182,573038,568369,45736,614105,7028
2022-05-28,Placer,061,380077,66482,65672,7942,73614,626
2022-05-28,Plumas,063,18699,3126,3096,377,3473,13
2022-05-28,Riverside,065,2383286,610073,606444,29207,635651,6480
2022-05-28,Sacramento,067,1510023,297242,294000,29038,323038,3032
2022-05-28,San Benito,069,59416,13581,13402,607,14009,98
2022-05-28,San Bernardino,071,2135413,589601,578656,25717,604373,7610
2022-05-28,San Diego,073,3302833,790524,786243,56923,843166,5288
2022-05-28,San Francisco,075,870044,145294,142456,9495,151951,879
2022-05-28,San Joaquin,077,732212,172891,171282,11064,182346,2241
2022-05-28,San Luis Obispo,079,281455,55241,54701,4523,59224,481
2022-05-28,San Mateo,081,765935,138317,135746,8448,144194,710
2022-05-28,Santa Barbara,083,443738,90719,89940,5151,95091,693
2022-05-28,Santa Clara,085,1922200,353984,344223,14696,358919,2304
2022-05-28,Santa Cruz,087,273765,52348,51819,2451,54270,263
2022-05-28,Shasta,089,179085,31283,31165,6217,37382,564
2022-05-28,Sierra,091,2930,278,278,54,332,4
2022-05-28,Siskiyou,093,43540,4560,4537,2804,7341,81
2022-05-28,Solano,095,438530,88077,86565,6132,92697,452
2022-05-28,Sonoma,097,501317,91493,90364,3686,94050,490
2022-05-28,Stanislaus,099,539301,121125,120241,18548,138789,1657
2022-05-28,Sutter,101,95872,21051,20976,2195,23171,227
2022-05-28,Tehama,103,63373,12253,12210,2640,14850,204
2022-05-28,Trinity,105,12862,1204,1196,290,1486,20
2022-05-28,Tulare,107,460477,108375,108029,28733,136762,1484
2022-05-28,Tuolumne,109,53932,13309,13141,623,13764,189
2022-05-28,Ventura,111,848112,181396,179953,10757,190710,1503
2022-05-28,Yolo,113,214977,40537,39016,3214,42230,319
2022-05-28,Yuba,115,75493,16415,16314,1325,17639,122
2022-05-27,Alameda,001,1643700,284809,280775,15727,296502,1863
2022-05-27,Alpine,002,1148,127,126,1,127,0
2022-05-27,Amador,005,37829,8823,8696,695,9391,86
2022-05-27,Butte,007,227075,34278,33876,7465,41341,426
2022-05-27,Calaveras,009,45235,7513,7469,390,7859,120
2022-05-27,Colusa,011,21464,3489,3474,1071,4545,21
2022-05-27,Contra Costa,013,1133247,210061,203528,15511,219039,1306
2022-05-27,Del Norte,015,27424,6216,6166,246,6412,51
2022-05-27,El Dorado,017,186661,28156,27898,3422,31320,214
2022-05-27,Fresno,019,978130,241206,236250,25328,261578,2764
2022-05-27,Glenn,021,27897,5081,5048,1648,6696,48
2022-05-27,Humboldt,023,135768,18400,18257,3522,21779,147
2022-05-27,Imperial,025,180216,56543,56323,10839,67162,939
2022-05-27,Inyo,027,18085,4178,4161,562,4723,56
2022-05-27,Kern,029,883053,195649,194687,47511,242198,2334
2022-05-27,Kings,031,150075,52473,52292,3580,55872,447
2022-05-27,Lake,033,64148,11059,10958,925,11883,137
2022-05-27,Lassen,035,31185,9080,9049,893,9942,64
2022-05-27,Los Angeles,037,10098052,2844008,2819145,132734,2951879,31862
2022-05-27,Madera,039,155013,38164,37955,6358,44313,371
2022-05-27,Marin,041,260295,37744,37215,3861,41076,293
2022-05-27,Mariposa,043,17540,2553,2526,233,2759,31
2022-05-27,Mendocino,045,87422,13710,13612,3438,17050,124
2022-05-27,Merced,047,269075,64552,63389,9381,72770,824
2022-05-27,Modoc,049,8938,753,751,255,1006,8
2022-05-27,Mono,051,14174,3035,3030,162,3192,6
2022-05-27,Monterey,053,433212,82400,81875,15455,97330,737
2022-05-27,Napa,055,140530,27600,27376,1134,28510,144
2022-05-27,Nevada,057,99092,16733,16568,1334,17902,127
2022-05-27,Orange,059,3164182,572480,568369,45625,613994,7028
2022-05-27,Placer,061,380077,66412,65672,7932,73604,626
2022-05-27,Plumas,063,18699,3123,3096,377,3473,13
2022-05-27,Riverside,065,2383286,609658,606444,29175,635619,6480
2022-05-27,Sacramento,067,1510023,296865,294000,28996,322996,3032
2022-05-27,San Benito,069,59416,13569,13402,607,14009,98
2022-05-27,San Bernardino,071,2135413,589264,578656,25692,604348,7610
2022-05-27,San Diego,073,3302833,789648,786243,56832,843075,5288
2022-05-27,San Francisco,075,870044,144962,142456,9455,151911,879
2022-05-27,San Joaquin,077,732212,172759,171282,11043,182325,2241
2022-05-27,San Luis Obispo,079,281455,55178,54701,4512,59213,481
2022-05-27,San Mateo,081,765935,138066,135746,8423,144169,710
2022-05-27,Santa Barbara,083,443738,90630,89940,5150,95090,693
2022-05-27,Santa Clara,085,1922200,353240,344223,14680,358903,2304
2022-05-27,Santa Cruz,087,273765,52293,51819,2439,54258,263
2022-05-27,Shasta,089,179085,31273,31165,6211,37376,564
2022-05-27,Sierra,091,2930,278,278,54,332,4
2022-05-27,Siskiyou,093,43540,4558,4537,2802,7339,81
2022-05-27,Solano,095,438530,87949,86565,6121,92686,452
2022-05-27,Sonoma,097,501317,91348,90364,3674,94038,490
2022-05-27,Stanislaus,099,539301,121043,120241,18533,138774,1657
2022-05-27,Sutter,101,95872,21034,20976,2194,23170,227
2022-05-27,Tehama,103,63373,12250,12210,2639,14849,204
2022-05-27,Trinity,105,12862,1204,1196,290,1486,20
2022-05-27,Tulare,107,460477,108307,108029,28696,136725,1484
2022-05-27,Tuolumne,109,53932,13299,13141,622,13763,189
2022-05-27,Ventura,111,848112,181220,179953,10734,190687,1503
2022-05-27,Yolo,113,214977,40467,39016,3206,42222,319
2022-05-27,Yuba,115,75493,16401,16314,1324,17638,122
2022-05-26,Alameda,001,1643700,283958,280775,15652,296427,1863
2022-05-26,Alpine,002,1148,127,126,1,127,0
2022-05-26,Amador,005,37829,8810,8696,695,9391,86
2022-05-26,Butte,007,227075,34222,33876,7443,41319,426
2022-05-26,Calaveras,009,45235,7503,7469,390,7859,120
2022-05-26,Colusa,011,21464,3486,3474,1068,4542,21
2022-05-26,Contra Costa,013,1133247,209582,203528,15439,218967,1306
2022-05-26,Del Norte,015,27424,6208,6166,242,6408,51
2022-05-26,El Dorado,017,186661,28107,27898,3411,31309,214
2022-05-26,Fresno,019,978130,240950,236250,25272,261522,2764
2022-05-26,Glenn,021,27897,5075,5048,1648,6696,48
2022-05-26,Humboldt,023,135768,18359,18257,3509,21766,147
2022-05-26,Imperial,025,180216,56511,56323,10824,67147,939
2022-05-26,Inyo,027,18085,4177,4161,559,4720,56
2022-05-26,Kern,029,883053,195485,194687,47436,242123,2334
2022-05-26,Kings,031,150075,52426,52292,3577,55869,447
2022-05-26,Lake,033,64148,11044,10958,925,11883,137
2022-05-26,Lassen,035,31185,9071,9049,893,9942,64
2022-05-26,Los Angeles,037,10098052,2839839,2819145,132400,2951545,31862
2022-05-26,Madera,039,155013,38120,37955,6347,44302,371
2022-05-26,Marin,041,260295,37649,37215,3820,41035,293
2022-05-26,Mariposa,043,17540,2548,2526,231,2757,31
2022-05-26,Mendocino,045,87422,13684,13612,3429,17041,124
2022-05-26,Merced,047,269075,64487,63389,9371,72760,824
2022-05-26,Modoc,049,8938,752,751,255,1006,8
2022-05-26,Mono,051,14174,3034,3030,161,3191,6
2022-05-26,Monterey,053,433212,82321,81875,15402,97277,737
2022-05-26,Napa,055,140530,27548,27376,1132,28508,144
2022-05-26,Nevada,057,99092,16702,16568,1325,17893,127
2022-05-26,Orange,059,3164182,571573,568369,45499,613868,7028
2022-05-26,Placer,061,380077,66271,65672,7912,73584,626
2022-05-26,Plumas,063,18699,3119,3096,376,3472,13
2022-05-26,Riverside,065,2383286,609041,606444,29124,635568,6480
2022-05-26,Sacramento,067,1510023,296210,294000,28904,322904,3032
2022-05-26,San Benito,069,59416,13553,13402,605,14007,98
2022-05-26,San Bernardino,071,2135413,588718,578656,25677,604333,7610
2022-05-26,San Diego,073,3302833,788344,786243,56692,842935,5288
2022-05-26,San Francisco,075,870044,144505,142456,9408,151864,879
2022-05-26,San Joaquin,077,732212,172535,171282,11019,182301,2241
2022-05-26,San Luis Obispo,079,281455,55079,54701,4481,59182,481
2022-05-26,San Mateo,081,765935,137673,135746,8385,144131,710
2022-05-26,Santa Barbara,083,443738,90482,89940,5130,95070,693
2022-05-26,Santa Clara,085,1922200,352278,344223,14594,358817,2304
2022-05-26,Santa Cruz,087,273765,52202,51819,2431,54250,263
2022-05-26,Shasta,089,179085,31246,31165,6208,37373,564
2022-05-26,Sierra,091,2930,278,278,54,332,4
2022-05-26,Siskiyou,093,43540,4554,4537,2800,7337,81
2022-05-26,Solano,095,438530,87746,86565,6112,92677,452
2022-05-26,Sonoma,097,501317,91157,90364,3647,94011,490
2022-05-26,Stanislaus,099,539301,120939,120241,18514,138755,1657
2022-05-26,Sutter,101,95872,21014,20976,2190,23166,227
2022-05-26,Tehama,103,63373,12240,12210,2638,14848,204
2022-05-26,Trinity,105,12862,1202,1196,290,1486,20
2022-05-26,Tulare,107,460477,108242,108029,28641,136670,1484
2022-05-26,Tuolumne,109,53932,13279,13141,618,13759,189
2022-05-26,Ventura,111,848112,180958,179953,10697,190650,1503
2022-05-26,Yolo,113,214977,40364,39016,3197,42213,319
2022-05-26,Yuba,115,75493,16385,16314,1322,17636,122
2022-05-25,Alameda,001,1643700,283052,278228,15595,293823,1860
2022-05-25,Alpine,002,1148,126,126,1,127,0
2022-05-25,Amador,005,37829,8793,8654,693,9347,86
2022-05-25,Butte,007,227075,34160,33755,7420,41175,426
2022-05-25,Calaveras,009,45235,7495,7450,388,7838,120
2022-05-25,Colusa,011,21464,3485,3471,1066,4537,21
2022-05-25,Contra Costa,013,1133247,209030,201866,15365,217231,1306
2022-05-25,Del Norte,015,27424,6202,6145,236,6381,50
2022-05-25,El Dorado,017,186661,28056,27715,3402,31117,213
2022-05-25,Fresno,019,978130,240661,235569,25222,260791,2763
2022-05-25,Glenn,021,27897,5070,5030,1646,6676,48
2022-05-25,Humboldt,023,135768,18333,18133,3490,21623,147
2022-05-25,Imperial,025,180216,56455,56203,10812,67015,923
2022-05-25,Inyo,027,18085,4174,4152,559,4711,56
2022-05-25,Kern,029,883053,195291,194251,47349,241600,2336
2022-05-25,Kings,031,150075,52373,52178,3573,55751,447
2022-05-25,Lake,033,64148,11031,10908,924,11832,137
2022-05-25,Lassen,035,31185,9064,9028,893,9921,64
2022-05-25,Los Angeles,037,10098052,2835213,2806770,132030,2938800,31845
2022-05-25,Madera,039,155013,38081,37867,6334,44201,370
2022-05-25,Marin,041,260295,37549,36890,3792,40682,293
2022-05-25,Mariposa,043,17540,2538,2514,229,2743,30
2022-05-25,Mendocino,045,87422,13669,13545,3423,16968,124
2022-05-25,Merced,047,269075,64420,63220,9341,72561,823
2022-05-25,Modoc,049,8938,751,750,254,1004,8
2022-05-25,Mono,051,14174,3034,3024,160,3184,6
2022-05-25,Monterey,053,433212,82256,81592,15359,96951,737
2022-05-25,Napa,055,140530,27499,27240,1126,28366,143
2022-05-25,Nevada,057,99092,16667,16517,1319,17836,127
2022-05-25,Orange,059,3164182,570558,565564,45341,610905,7026
2022-05-25,Placer,061,380077,66127,65309,7891,73200,626
2022-05-25,Plumas,063,18699,3113,3065,375,3440,13
2022-05-25,Riverside,065,2383286,608361,604465,29072,633537,6480
2022-05-25,Sacramento,067,1510023,295566,292211,28796,321007,3028
2022-05-25,San Benito,069,59416,13518,13338,598,13936,98
2022-05-25,San Bernardino,071,2135413,588188,576982,25651,602633,7568
2022-05-25,San Diego,073,3302833,786879,782420,56506,838926,5284
2022-05-25,San Francisco,075,870044,144003,141015,9380,150395,872
2022-05-25,San Joaquin,077,732212,172298,170626,10998,181624,2238
2022-05-25,San Luis Obispo,079,281455,54972,54342,4429,58771,481
2022-05-25,San Mateo,081,765935,137215,134441,8320,142761,710
2022-05-25,Santa Barbara,083,443738,90315,89426,5115,94541,693
2022-05-25,Santa Clara,085,1922200,351209,340868,14488,355356,2304
2022-05-25,Santa Cruz,087,273765,52118,51644,2416,54060,263
2022-05-25,Shasta,089,179085,31221,31072,6199,37271,564
2022-05-25,Sierra,091,2930,278,277,54,331,4
2022-05-25,Siskiyou,093,43540,4544,4516,2797,7313,81
2022-05-25,Solano,095,438530,87530,86024,6095,92119,451
2022-05-25,Sonoma,097,501317,90965,89810,3608,93418,490
2022-05-25,Stanislaus,099,539301,120804,119894,18491,138385,1654
2022-05-25,Sutter,101,95872,20989,20904,2187,23091,226
2022-05-25,Tehama,103,63373,12234,12189,2634,14823,201
2022-05-25,Trinity,105,12862,1202,1194,290,1484,20
2022-05-25,Tulare,107,460477,108159,107790,28598,136388,1482
2022-05-25,Tuolumne,109,53932,13257,13086,615,13701,182
2022-05-25,Ventura,111,848112,180668,179116,10660,189776,1499
2022-05-25,Yolo,113,214977,40270,38782,3187,41969,319
2022-05-25,Yuba,115,75493,16358,16260,1316,17576,122
2022-05-24,Alameda,001,1643700,282170,278228,15536,293764,1860
2022-05-24,Alpine,002,1148,126,126,1,127,0
2022-05-24,Amador,005,37829,8786,8654,689,9343,86
2022-05-24,Butte,007,227075,34116,33755,7398,41153,426
2022-05-24,Calaveras,009,45235,7488,7450,386,7836,120
2022-05-24,Colusa,011,21464,3483,3471,1064,4535,21
2022-05-24,Contra Costa,013,1133247,208378,201866,15265,217131,1306
2022-05-24,Del Norte,015,27424,6197,6145,234,6379,50
2022-05-24,El Dorado,017,186661,27987,27715,3395,31110,213
2022-05-24,Fresno,019,978130,240348,235569,25185,260754,2763
2022-05-24,Glenn,021,27897,5068,5030,1646,6676,48
2022-05-24,Humboldt,023,135768,18301,18133,3472,21605,147
2022-05-24,Imperial,025,180216,56402,56203,10799,67002,923
2022-05-24,Inyo,027,18085,4166,4152,556,4708,56
2022-05-24,Kern,029,883053,195095,194251,47243,241494,2336
2022-05-24,Kings,031,150075,52308,52178,3568,55746,447
2022-05-24,Lake,033,64148,11014,10908,922,11830,137
2022-05-24,Lassen,035,31185,9051,9028,889,9917,64
2022-05-24,Los Angeles,037,10098052,2829942,2806770,131641,2938411,31845
2022-05-24,Madera,039,155013,38034,37867,6319,44186,370
2022-05-24,Marin,041,260295,37440,36890,3743,40633,293
2022-05-24,Mariposa,043,17540,2531,2514,227,2741,30
2022-05-24,Mendocino,045,87422,13645,13545,3413,16958,124
2022-05-24,Merced,047,269075,64360,63220,9310,72530,823
2022-05-24,Modoc,049,8938,750,750,253,1003,8
2022-05-24,Mono,051,14174,3031,3024,160,3184,6
2022-05-24,Monterey,053,433212,82166,81592,15298,96890,737
2022-05-24,Napa,055,140530,27450,27240,1114,28354,143
2022-05-24,Nevada,057,99092,16625,16517,1312,17829,127
2022-05-24,Orange,059,3164182,569510,565564,45169,610733,7026
2022-05-24,Placer,061,380077,66024,65309,7875,73184,626
2022-05-24,Plumas,063,18699,3107,3065,375,3440,13
2022-05-24,Riverside,065,2383286,607666,604465,29023,633488,6480
2022-05-24,Sacramento,067,1510023,294881,292211,28675,320886,3028
2022-05-24,San Benito,069,59416,13483,13338,596,13934,98
2022-05-24,San Bernardino,071,2135413,587563,576982,25622,602604,7568
2022-05-24,San Diego,073,3302833,785230,782420,56292,838712,5284
2022-05-24,San Francisco,075,870044,143465,141015,9353,150368,872
2022-05-24,San Joaquin,077,732212,172029,170626,10966,181592,2238
2022-05-24,San Luis Obispo,079,281455,54821,54342,4376,58718,481
2022-05-24,San Mateo,081,765935,136678,134441,8266,142707,710
2022-05-24,Santa Barbara,083,443738,90152,89426,5088,94514,693
2022-05-24,Santa Clara,085,1922200,349919,340868,14398,355266,2304
2022-05-24,Santa Cruz,087,273765,52041,51644,2406,54050,263
2022-05-24,Shasta,089,179085,31196,31072,6187,37259,564
2022-05-24,Sierra,091,2930,278,277,54,331,4
2022-05-24,Siskiyou,093,43540,4534,4516,2789,7305,81
2022-05-24,Solano,095,438530,87294,86024,6068,92092,451
2022-05-24,Sonoma,097,501317,90756,89810,3570,93380,490
2022-05-24,Stanislaus,099,539301,120663,119894,18455,138349,1654
2022-05-24,Sutter,101,95872,20968,20904,2183,23087,226
2022-05-24,Tehama,103,63373,12225,12189,2632,14821,201
2022-05-24,Trinity,105,12862,1199,1194,290,1484,20
2022-05-24,Tulare,107,460477,108039,107790,28544,136334,1482
2022-05-24,Tuolumne,109,53932,13242,13086,615,13701,182
2022-05-24,Ventura,111,848112,180357,179116,10610,189726,1499
2022-05-24,Yolo,113,214977,40166,38782,3182,41964,319
2022-05-24,Yuba,115,75493,16331,16260,1308,17568,122
2022-05-23,Alameda,001,1643700,281234,278228,15447,293675,1860
2022-05-23,Alpine,002,1148,126,126,1,127,0
2022-05-23,Amador,005,37829,8753,8654,686,9340,86
2022-05-23,Butte,007,227075,34068,33755,7370,41125,426
2022-05-23,Calaveras,009,45235,7481,7450,384,7834,120
2022-05-23,Colusa,011,21464,3482,3471,1062,4533,21
2022-05-23,Contra Costa,013,1133247,207636,201866,15183,217049,1306
2022-05-23,Del Norte,015,27424,6192,6145,230,6375,50
2022-05-23,El Dorado,017,186661,27904,27715,3386,31101,213
2022-05-23,Fresno,019,978130,239999,235569,25118,260687,2763
2022-05-23,Glenn,021,27897,5064,5030,1642,6672,48
2022-05-23,Humboldt,023,135768,18274,18133,3450,21583,147
2022-05-23,Imperial,025,180216,56359,56203,10778,66981,923
2022-05-23,Inyo,027,18085,4163,4152,555,4707,56
2022-05-23,Kern,029,883053,194877,194251,47157,241408,2336
2022-05-23,Kings,031,150075,52259,52178,3563,55741,447
2022-05-23,Lake,033,64148,10995,10908,920,11828,137
2022-05-23,Lassen,035,31185,9043,9028,886,9914,64
2022-05-23,Los Angeles,037,10098052,2824536,2806770,131277,2938047,31845
2022-05-23,Madera,039,155013,38003,37867,6296,44163,370
2022-05-23,Marin,041,260295,37298,36890,3698,40588,293
2022-05-23,Mariposa,043,17540,2529,2514,225,2739,30
2022-05-23,Mendocino,045,87422,13623,13545,3399,16944,124
2022-05-23,Merced,047,269075,64282,63220,9282,72502,823
2022-05-23,Modoc,049,8938,749,750,253,1003,8
2022-05-23,Mono,051,14174,3031,3024,160,3184,6
2022-05-23,Monterey,053,433212,82066,81592,15234,96826,737
2022-05-23,Napa,055,140530,27393,27240,1107,28347,143
2022-05-23,Nevada,057,99092,16590,16517,1309,17826,127
2022-05-23,Orange,059,3164182,568492,565564,45022,610586,7026
2022-05-23,Placer,061,380077,65886,65309,7842,73151,626
2022-05-23,Plumas,063,18699,3104,3065,374,3439,13
2022-05-23,Riverside,065,2383286,606936,604465,28971,633436,6480
2022-05-23,Sacramento,067,1510023,294133,292211,28548,320759,3028
2022-05-23,San Benito,069,59416,13448,13338,593,13931,98
2022-05-23,San Bernardino,071,2135413,586924,576982,25588,602570,7568
2022-05-23,San Diego,073,3302833,783508,782420,56081,838501,5284
2022-05-23,San Francisco,075,870044,142896,141015,9320,150335,872
2022-05-23,San Joaquin,077,732212,171757,170626,10933,181559,2238
2022-05-23,San Luis Obispo,079,281455,54675,54342,4329,58671,481
2022-05-23,San Mateo,081,765935,136097,134441,8216,142657,710
2022-05-23,Santa Barbara,083,443738,89917,89426,5064,94490,693
2022-05-23,Santa Clara,085,1922200,348535,340868,14310,355178,2304
2022-05-23,Santa Cruz,087,273765,51938,51644,2391,54035,263
2022-05-23,Shasta,089,179085,31173,31072,6181,37253,564
2022-05-23,Sierra,091,2930,278,277,54,331,4
2022-05-23,Siskiyou,093,43540,4520,4516,2785,7301,81
2022-05-23,Solano,095,438530,87021,86024,6048,92072,451
2022-05-23,Sonoma,097,501317,90528,89810,3521,93331,490
2022-05-23,Stanislaus,099,539301,120522,119894,18415,138309,1654
2022-05-23,Sutter,101,95872,20928,20904,2178,23082,226
2022-05-23,Tehama,103,63373,12213,12189,2631,14820,201
2022-05-23,Trinity,105,12862,1198,1194,290,1484,20
2022-05-23,Tulare,107,460477,107918,107790,28474,136264,1482
2022-05-23,Tuolumne,109,53932,13218,13086,611,13697,182
2022-05-23,Ventura,111,848112,180026,179116,10579,189695,1499
2022-05-23,Yolo,113,214977,40033,38782,3165,41947,319
2022-05-23,Yuba,115,75493,16301,16260,1304,17564,122
2022-05-22,Alameda,001,1643700,280148,274996,15338,290334,1858
2022-05-22,Alpine,002,1148,126,126,1,127,0
2022-05-22,Amador,005,37829,8736,8628,680,9308,86
2022-05-22,Butte,007,227075,34016,33606,7342,40948,426
2022-05-22,Calaveras,009,45235,7470,7424,380,7804,120
2022-05-22,Colusa,011,21464,3478,3468,1059,4527,21
2022-05-22,Contra Costa,013,1133247,206906,199703,15050,214753,1305
2022-05-22,Del Norte,015,27424,6176,6045,219,6264,50
2022-05-22,El Dorado,017,186661,27828,27517,3370,30887,213
2022-05-22,Fresno,019,978130,239651,234657,25065,259722,2760
2022-05-22,Glenn,021,27897,5054,5020,1641,6661,48
2022-05-22,Humboldt,023,135768,18221,17984,3423,21407,146
2022-05-22,Imperial,025,180216,56291,56014,10762,66776,923
2022-05-22,Inyo,027,18085,4155,4135,553,4688,56
2022-05-22,Kern,029,883053,194640,193705,47057,240762,2334
2022-05-22,Kings,031,150075,52196,52038,3557,55595,447
2022-05-22,Lake,033,64148,10963,10867,918,11785,137
2022-05-22,Lassen,035,31185,9027,9011,883,9894,64
2022-05-22,Los Angeles,037,10098052,2818694,2791671,130851,2922522,31815
2022-05-22,Madera,039,155013,37956,37744,6261,44005,370
2022-05-22,Marin,041,260295,37152,36394,3654,40048,293
2022-05-22,Mariposa,043,17540,2525,2490,224,2714,30
2022-05-22,Mendocino,045,87422,13595,13461,3370,16831,124
2022-05-22,Merced,047,269075,64206,62969,9251,72220,823
2022-05-22,Modoc,049,8938,748,750,253,1003,8
2022-05-22,Mono,051,14174,3030,3012,160,3172,6
2022-05-22,Monterey,053,433212,81908,81224,15135,96359,735
2022-05-22,Napa,055,140530,27322,27034,1099,28133,143
2022-05-22,Nevada,057,99092,16556,16410,1298,17708,127
2022-05-22,Orange,059,3164182,567383,562531,44836,607367,7025
2022-05-22,Placer,061,380077,65723,64802,7809,72611,626
2022-05-22,Plumas,063,18699,3097,3052,372,3424,13
2022-05-22,Riverside,065,2383286,606093,601808,28905,630713,6476
2022-05-22,Sacramento,067,1510023,293331,289972,28386,318358,3027
2022-05-22,San Benito,069,59416,13416,13234,587,13821,98
2022-05-22,San Bernardino,071,2135413,586212,575194,25549,600743,7523
2022-05-22,San Diego,073,3302833,781889,777404,55888,833292,5282
2022-05-22,San Francisco,075,870044,142211,138922,9303,148225,871
2022-05-22,San Joaquin,077,732212,171447,169745,10889,180634,2237
2022-05-22,San Luis Obispo,079,281455,54520,54012,4268,58280,481
2022-05-22,San Mateo,081,765935,135525,132636,8162,140798,711
2022-05-22,Santa Barbara,083,443738,89685,88783,5029,93812,692
2022-05-22,Santa Clara,085,1922200,347090,336488,14233,350721,2301
2022-05-22,Santa Cruz,087,273765,51845,51333,2377,53710,263
2022-05-22,Shasta,089,179085,31124,30966,6169,37135,564
2022-05-22,Sierra,091,2930,278,276,54,330,4
2022-05-22,Siskiyou,093,43540,4511,4501,2784,7285,81
2022-05-22,Solano,095,438530,86736,85038,6015,91053,451
2022-05-22,Sonoma,097,501317,90241,88889,3466,92355,489
2022-05-22,Stanislaus,099,539301,120348,119396,18390,137786,1653
2022-05-22,Sutter,101,95872,20898,20809,2170,22979,226
2022-05-22,Tehama,103,63373,12205,12162,2626,14788,201
2022-05-22,Trinity,105,12862,1198,1191,289,1480,20
2022-05-22,Tulare,107,460477,107814,107485,28390,135875,1477
2022-05-22,Tuolumne,109,53932,13198,12977,609,13586,182
2022-05-22,Ventura,111,848112,179679,178024,10527,188551,1499
2022-05-22,Yolo,113,214977,39908,38377,3141,41518,319
2022-05-22,Yuba,115,75493,16274,16180,1295,17475,122
2022-05-21,Alameda,001,1643700,279684,274996,15317,290313,1858
2022-05-21,Alpine,002,1148,126,126,1,127,0
2022-05-21,Amador,005,37829,8725,8628,680,9308,86
2022-05-21,Butte,007,227075,33995,33606,7328,40934,426
2022-05-21,Calaveras,009,45235,7464,7424,380,7804,120
2022-05-21,Colusa,011,21464,3478,3468,1058,4526,21
2022-05-21,Contra Costa,013,1133247,206545,199703,15018,214721,1305
2022-05-21,Del Norte,015,27424,6171,6045,217,6262,50
2022-05-21,El Dorado,017,186661,27791,27517,3368,30885,213
2022-05-21,Fresno,019,978130,239518,234657,25044,259701,2760
2022-05-21,Glenn,021,27897,5051,5020,1640,6660,48
2022-05-21,Humboldt,023,135768,18196,17984,3415,21399,146
2022-05-21,Imperial,025,180216,56257,56014,10758,66772,923
2022-05-21,Inyo,027,18085,4153,4135,551,4686,56
2022-05-21,Kern,029,883053,194542,193705,46997,240702,2334
2022-05-21,Kings,031,150075,52173,52038,3556,55594,447
2022-05-21,Lake,033,64148,10955,10867,918,11785,137
2022-05-21,Lassen,035,31185,9024,9011,883,9894,64
2022-05-21,Los Angeles,037,10098052,2816379,2791671,130605,2922276,31815
2022-05-21,Madera,039,155013,37938,37744,6255,43999,370
2022-05-21,Marin,041,260295,37057,36394,3610,40004,293
2022-05-21,Mariposa,043,17540,2523,2490,224,2714,30
2022-05-21,Mendocino,045,87422,13584,13461,3365,16826,124
2022-05-21,Merced,047,269075,64171,62969,9245,72214,823
2022-05-21,Modoc,049,8938,747,750,253,1003,8
2022-05-21,Mono,051,14174,3030,3012,160,3172,6
2022-05-21,Monterey,053,433212,81842,81224,15080,96304,735
2022-05-21,Napa,055,140530,27289,27034,1096,28130,143
2022-05-21,Nevada,057,99092,16550,16410,1298,17708,127
2022-05-21,Orange,059,3164182,566865,562531,44722,607253,7025
2022-05-21,Placer,061,380077,65618,64802,7797,72599,626
2022-05-21,Plumas,063,18699,3090,3052,372,3424,13
2022-05-21,Riverside,065,2383286,605619,601808,28880,630688,6476
2022-05-21,Sacramento,067,1510023,293002,289972,28356,318328,3027
2022-05-21,San Benito,069,59416,13404,13234,579,13813,98
2022-05-21,San Bernardino,071,2135413,585872,575194,25524,600718,7523
2022-05-21,San Diego,073,3302833,781196,777404,55824,833228,5282
2022-05-21,San Francisco,075,870044,141904,138922,9290,148212,871
2022-05-21,San Joaquin,077,732212,171330,169745,10870,180615,2237
2022-05-21,San Luis Obispo,079,281455,54441,54012,4254,58266,481
2022-05-21,San Mateo,081,765935,135212,132636,8136,140772,711
2022-05-21,Santa Barbara,083,443738,89593,88783,5016,93799,692
2022-05-21,Santa Clara,085,1922200,346239,336488,14190,350678,2301
2022-05-21,Santa Cruz,087,273765,51800,51333,2358,53691,263
2022-05-21,Shasta,089,179085,31113,30966,6167,37133,564
2022-05-21,Sierra,091,2930,277,276,54,330,4
2022-05-21,Siskiyou,093,43540,4507,4501,2782,7283,81
2022-05-21,Solano,095,438530,86651,85038,6009,91047,451
2022-05-21,Sonoma,097,501317,90115,88889,3457,92346,489
2022-05-21,Stanislaus,099,539301,120266,119396,18366,137762,1653
2022-05-21,Sutter,101,95872,20888,20809,2165,22974,226
2022-05-21,Tehama,103,63373,12203,12162,2625,14787,201
2022-05-21,Trinity,105,12862,1198,1191,289,1480,20
2022-05-21,Tulare,107,460477,107753,107485,28354,135839,1477
2022-05-21,Tuolumne,109,53932,13191,12977,609,13586,182
2022-05-21,Ventura,111,848112,179504,178024,10508,188532,1499
2022-05-21,Yolo,113,214977,39845,38377,3130,41507,319
2022-05-21,Yuba,115,75493,16261,16180,1293,17473,122
2022-05-20,Alameda,001,1643700,279143,274996,15291,290287,1858
2022-05-20,Alpine,002,1148,126,126,1,127,0
2022-05-20,Amador,005,37829,8718,8628,680,9308,86
2022-05-20,Butte,007,227075,33973,33606,7316,40922,426
2022-05-20,Calaveras,009,45235,7456,7424,380,7804,120
2022-05-20,Colusa,011,21464,3478,3468,1058,4526,21
2022-05-20,Contra Costa,013,1133247,206187,199703,15000,214703,1305
2022-05-20,Del Norte,015,27424,6166,6045,216,6261,50
2022-05-20,El Dorado,017,186661,27757,27517,3365,30882,213
2022-05-20,Fresno,019,978130,239357,234657,25013,259670,2760
2022-05-20,Glenn,021,27897,5048,5020,1640,6660,48
2022-05-20,Humboldt,023,135768,18174,17984,3407,21391,146
2022-05-20,Imperial,025,180216,56233,56014,10755,66769,923
2022-05-20,Inyo,027,18085,4150,4135,547,4682,56
2022-05-20,Kern,029,883053,194438,193705,46949,240654,2334
2022-05-20,Kings,031,150075,52158,52038,3555,55593,447
2022-05-20,Lake,033,64148,10938,10867,918,11785,137
2022-05-20,Lassen,035,31185,9022,9011,883,9894,64
2022-05-20,Los Angeles,037,10098052,2814017,2791671,130375,2922046,31815
2022-05-20,Madera,039,155013,37919,37744,6247,43991,370
2022-05-20,Marin,041,260295,36983,36394,3571,39965,293
2022-05-20,Mariposa,043,17540,2518,2490,224,2714,30
2022-05-20,Mendocino,045,87422,13569,13461,3361,16822,124
2022-05-20,Merced,047,269075,64137,62969,9242,72211,823
2022-05-20,Modoc,049,8938,747,750,253,1003,8
2022-05-20,Mono,051,14174,3026,3012,160,3172,6
2022-05-20,Monterey,053,433212,81784,81224,15040,96264,735
2022-05-20,Napa,055,140530,27259,27034,1092,28126,143
2022-05-20,Nevada,057,99092,16542,16410,1296,17706,127
2022-05-20,Orange,059,3164182,566289,562531,44623,607154,7025
2022-05-20,Placer,061,380077,65539,64802,7781,72583,626
2022-05-20,Plumas,063,18699,3088,3052,372,3424,13
2022-05-20,Riverside,065,2383286,605166,601808,28857,630665,6476
2022-05-20,Sacramento,067,1510023,292626,289972,28333,318305,3027
2022-05-20,San Benito,069,59416,13387,13234,578,13812,98
2022-05-20,San Bernardino,071,2135413,585551,575194,25505,600699,7523
2022-05-20,San Diego,073,3302833,780396,777404,55734,833138,5282
2022-05-20,San Francisco,075,870044,141569,138922,9259,148181,871
2022-05-20,San Joaquin,077,732212,171208,169745,10862,180607,2237
2022-05-20,San Luis Obispo,079,281455,54405,54012,4249,58261,481
2022-05-20,San Mateo,081,765935,134891,132636,8113,140749,711
2022-05-20,Santa Barbara,083,443738,89509,88783,5011,93794,692
2022-05-20,Santa Clara,085,1922200,345443,336488,14139,350627,2301
2022-05-20,Santa Cruz,087,273765,51755,51333,2340,53673,263
2022-05-20,Shasta,089,179085,31100,30966,6164,37130,564
2022-05-20,Sierra,091,2930,277,276,54,330,4
2022-05-20,Siskiyou,093,43540,4504,4501,2780,7281,81
2022-05-20,Solano,095,438530,86507,85038,6001,91039,451
2022-05-20,Sonoma,097,501317,89988,88889,3444,92333,489
2022-05-20,Stanislaus,099,539301,120184,119396,18353,137749,1653
2022-05-20,Sutter,101,95872,20879,20809,2164,22973,226
2022-05-20,Tehama,103,63373,12199,12162,2624,14786,201
2022-05-20,Trinity,105,12862,1198,1191,289,1480,20
2022-05-20,Tulare,107,460477,107694,107485,28315,135800,1477
2022-05-20,Tuolumne,109,53932,13172,12977,607,13584,182
2022-05-20,Ventura,111,848112,179307,178024,10490,188514,1499
2022-05-20,Yolo,113,214977,39776,38377,3124,41501,319
2022-05-20,Yuba,115,75493,16246,16180,1289,17469,122
2022-05-19,Alameda,001,1643700,278320,274996,15222,290218,1858
2022-05-19,Alpine,002,1148,126,126,1,127,0
2022-05-19,Amador,005,37829,8710,8628,680,9308,86
2022-05-19,Butte,007,227075,33935,33606,7307,40913,426
2022-05-19,Calaveras,009,45235,7450,7424,377,7801,120
2022-05-19,Colusa,011,21464,3477,3468,1057,4525,21
2022-05-19,Contra Costa,013,1133247,205643,199703,14926,214629,1305
2022-05-19,Del Norte,015,27424,6162,6045,211,6256,50
2022-05-19,El Dorado,017,186661,27705,27517,3350,30867,213
2022-05-19,Fresno,019,978130,239131,234657,24973,259630,2760
2022-05-19,Glenn,021,27897,5047,5020,1636,6656,48
2022-05-19,Humboldt,023,135768,18140,17984,3392,21376,146
2022-05-19,Imperial,025,180216,56185,56014,10754,66768,923
2022-05-19,Inyo,027,18085,4146,4135,546,4681,56
2022-05-19,Kern,029,883053,194297,193705,46874,240579,2334
2022-05-19,Kings,031,150075,52131,52038,3554,55592,447
2022-05-19,Lake,033,64148,10930,10867,916,11783,137
2022-05-19,Lassen,035,31185,9018,9011,883,9894,64
2022-05-19,Los Angeles,037,10098052,2810056,2791671,130044,2921715,31815
2022-05-19,Madera,039,155013,37882,37744,6231,43975,370
2022-05-19,Marin,041,260295,36887,36394,3538,39932,293
2022-05-19,Mariposa,043,17540,2510,2490,224,2714,30
2022-05-19,Mendocino,045,87422,13546,13461,3354,16815,124
2022-05-19,Merced,047,269075,64075,62969,9226,72195,823
2022-05-19,Modoc,049,8938,747,750,253,1003,8
2022-05-19,Mono,051,14174,3025,3012,156,3168,6
2022-05-19,Monterey,053,433212,81703,81224,14975,96199,735
2022-05-19,Napa,055,140530,27202,27034,1089,28123,143
2022-05-19,Nevada,057,99092,16508,16410,1289,17699,127
2022-05-19,Orange,059,3164182,565449,562531,44492,607023,7025
2022-05-19,Placer,061,380077,65415,64802,7765,72567,626
2022-05-19,Plumas,063,18699,3082,3052,372,3424,13
2022-05-19,Riverside,065,2383286,604535,601808,28813,630621,6476
2022-05-19,Sacramento,067,1510023,292063,289972,28248,318220,3027
2022-05-19,San Benito,069,59416,13359,13234,575,13809,98
2022-05-19,San Bernardino,071,2135413,585035,575194,25484,600678,7523
2022-05-19,San Diego,073,3302833,779159,777404,55569,832973,5282
2022-05-19,San Francisco,075,870044,141099,138922,9226,148148,871
2022-05-19,San Joaquin,077,732212,170963,169745,10845,180590,2237
2022-05-19,San Luis Obispo,079,281455,54301,54012,4217,58229,481
2022-05-19,San Mateo,081,765935,134420,132636,8055,140691,711
2022-05-19,Santa Barbara,083,443738,89356,88783,4984,93767,692
2022-05-19,Santa Clara,085,1922200,344361,336488,14052,350540,2301
2022-05-19,Santa Cruz,087,273765,51677,51333,2326,53659,263
2022-05-19,Shasta,089,179085,31071,30966,6158,37124,564
2022-05-19,Sierra,091,2930,277,276,54,330,4
2022-05-19,Siskiyou,093,43540,4501,4501,2778,7279,81
2022-05-19,Solano,095,438530,86319,85038,5976,91014,451
2022-05-19,Sonoma,097,501317,89783,88889,3410,92299,489
2022-05-19,Stanislaus,099,539301,120053,119396,18331,137727,1653
2022-05-19,Sutter,101,95872,20843,20809,2161,22970,226
2022-05-19,Tehama,103,63373,12189,12162,2621,14783,201
2022-05-19,Trinity,105,12862,1197,1191,289,1480,20
2022-05-19,Tulare,107,460477,107602,107485,28269,135754,1477
2022-05-19,Tuolumne,109,53932,13148,12977,604,13581,182
2022-05-19,Ventura,111,848112,179032,178024,10451,188475,1499
2022-05-19,Yolo,113,214977,39686,38377,3116,41493,319
2022-05-19,Yuba,115,75493,16226,16180,1281,17461,122
2022-05-18,Alameda,001,1643700,277475,272530,15154,287684,1859
2022-05-18,Alpine,002,1148,126,126,1,127,0
2022-05-18,Amador,005,37829,8692,8592,680,9272,86
2022-05-18,Butte,007,227075,33894,33486,7292,40778,426
2022-05-18,Calaveras,009,45235,7442,7400,377,7777,120
2022-05-18,Colusa,011,21464,3477,3467,1057,4524,21
2022-05-18,Contra Costa,013,1133247,205085,198207,14839,213046,1303
2022-05-18,Del Norte,015,27424,6153,6001,207,6208,50
2022-05-18,El Dorado,017,186661,27655,27388,3343,30731,212
2022-05-18,Fresno,019,978130,238867,234055,24932,258987,2759
2022-05-18,Glenn,021,27897,5046,5012,1636,6648,48
2022-05-18,Humboldt,023,135768,18115,17868,3371,21239,146
2022-05-18,Imperial,025,180216,56123,55915,10747,66662,918
2022-05-18,Inyo,027,18085,4142,4120,540,4660,56
2022-05-18,Kern,029,883053,194180,193338,46814,240152,2327
2022-05-18,Kings,031,150075,52102,51903,3551,55454,447
2022-05-18,Lake,033,64148,10921,10831,915,11746,137
2022-05-18,Lassen,035,31185,9012,8994,883,9877,65
2022-05-18,Los Angeles,037,10098052,2805733,2780354,129762,2910116,31789
2022-05-18,Madera,039,155013,37844,37644,6222,43866,365
2022-05-18,Marin,041,260295,36797,36024,3497,39521,293
2022-05-18,Mariposa,043,17540,2503,2481,224,2705,30
2022-05-18,Mendocino,045,87422,13525,13403,3339,16742,124
2022-05-18,Merced,047,269075,64010,62802,9199,72001,818
2022-05-18,Modoc,049,8938,747,748,253,1001,8
2022-05-18,Mono,051,14174,3024,3010,154,3164,6
2022-05-18,Monterey,053,433212,81595,80955,14919,95874,735
2022-05-18,Napa,055,140530,27160,26912,1082,27994,143
2022-05-18,Nevada,057,99092,16488,16361,1284,17645,127
2022-05-18,Orange,059,3164182,564637,560094,44383,604477,7021
2022-05-18,Placer,061,380077,65269,64432,7750,72182,626
2022-05-18,Plumas,063,18699,3074,3022,369,3391,13
2022-05-18,Riverside,065,2383286,603884,599947,28761,628708,6471
2022-05-18,Sacramento,067,1510023,291540,288335,28164,316499,3022
2022-05-18,San Benito,069,59416,13335,13186,571,13757,98
2022-05-18,San Bernardino,071,2135413,584564,573790,25457,599247,7455
2022-05-18,San Diego,073,3302833,777723,773934,55406,829340,5277
2022-05-18,San Francisco,075,870044,140572,137341,9199,146540,869
2022-05-18,San Joaquin,077,732212,170728,169045,10760,179805,2236
2022-05-18,San Luis Obispo,079,281455,54202,53756,4183,57939,478
2022-05-18,San Mateo,081,765935,133989,131330,7988,139318,709
2022-05-18,Santa Barbara,083,443738,89196,88317,4963,93280,693
2022-05-18,Santa Clara,085,1922200,343212,333230,13959,347189,2300
2022-05-18,Santa Cruz,087,273765,51589,51020,2313,53333,263
2022-05-18,Shasta,089,179085,31048,30899,6153,37052,558
2022-05-18,Sierra,091,2930,277,275,54,329,4
2022-05-18,Siskiyou,093,43540,4496,4495,2776,7271,81
2022-05-18,Solano,095,438530,86055,84476,5958,90434,451
2022-05-18,Sonoma,097,501317,89584,88195,3371,91566,489
2022-05-18,Stanislaus,099,539301,119943,119025,18298,137323,1645
2022-05-18,Sutter,101,95872,20821,20763,2152,22915,226
2022-05-18,Tehama,103,63373,12183,12133,2618,14751,201
2022-05-18,Trinity,105,12862,1197,1189,289,1478,20
2022-05-18,Tulare,107,460477,107533,107292,28211,135503,1477
2022-05-18,Tuolumne,109,53932,13129,12917,602,13519,182
2022-05-18,Ventura,111,848112,178763,177233,10407,187640,1497
2022-05-18,Yolo,113,214977,39574,38139,3104,41243,316
2022-05-18,Yuba,115,75493,16202,16109,1272,17381,122
2022-05-17,Alameda,001,1643700,276636,272530,15087,287617,1859
2022-05-17,Alpine,002,1148,126,126,1,127,0
2022-05-17,Amador,005,37829,8683,8592,678,9270,86
2022-05-17,Butte,007,227075,33842,33486,7271,40757,426
2022-05-17,Calaveras,009,45235,7435,7400,377,7777,120
2022-05-17,Colusa,011,21464,3476,3467,1056,4523,21
2022-05-17,Contra Costa,013,1133247,204449,198207,14755,212962,1303
2022-05-17,Del Norte,015,27424,6138,6001,207,6208,50
2022-05-17,El Dorado,017,186661,27604,27388,3337,30725,212
2022-05-17,Fresno,019,978130,238612,234055,24901,258956,2759
2022-05-17,Glenn,021,27897,5043,5012,1635,6647,48
2022-05-17,Humboldt,023,135768,18075,17868,3354,21222,146
2022-05-17,Imperial,025,180216,56080,55915,10737,66652,918
2022-05-17,Inyo,027,18085,4140,4120,531,4651,56
2022-05-17,Kern,029,883053,194023,193338,46758,240096,2327
2022-05-17,Kings,031,150075,52059,51903,3547,55450,447
2022-05-17,Lake,033,64148,10906,10831,913,11744,137
2022-05-17,Lassen,035,31185,9007,8994,882,9876,65
2022-05-17,Los Angeles,037,10098052,2801209,2780354,129450,2909804,31789
2022-05-17,Madera,039,155013,37818,37644,6207,43851,365
2022-05-17,Marin,041,260295,36664,36024,3436,39460,293
2022-05-17,Mariposa,043,17540,2498,2481,223,2704,30
2022-05-17,Mendocino,045,87422,13499,13403,3329,16732,124
2022-05-17,Merced,047,269075,63944,62802,9180,71982,818
2022-05-17,Modoc,049,8938,747,748,253,1001,8
2022-05-17,Mono,051,14174,3020,3010,154,3164,6
2022-05-17,Monterey,053,433212,81477,80955,14855,95810,735
2022-05-17,Napa,055,140530,27112,26912,1074,27986,143
2022-05-17,Nevada,057,99092,16459,16361,1276,17637,127
2022-05-17,Orange,059,3164182,563724,560094,44241,604335,7021
2022-05-17,Placer,061,380077,65108,64432,7713,72145,626
2022-05-17,Plumas,063,18699,3068,3022,368,3390,13
2022-05-17,Riverside,065,2383286,603195,599947,28718,628665,6471
2022-05-17,Sacramento,067,1510023,290906,288335,28061,316396,3022
2022-05-17,San Benito,069,59416,13298,13186,570,13756,98
2022-05-17,San Bernardino,071,2135413,584073,573790,25443,599233,7455
2022-05-17,San Diego,073,3302833,776208,773934,55241,829175,5277
2022-05-17,San Francisco,075,870044,139994,137341,9168,146509,869
2022-05-17,San Joaquin,077,732212,170486,169045,10719,179764,2236
2022-05-17,San Luis Obispo,079,281455,54109,53756,4139,57895,478
2022-05-17,San Mateo,081,765935,133489,131330,7949,139279,709
2022-05-17,Santa Barbara,083,443738,88998,88317,4945,93262,693
2022-05-17,Santa Clara,085,1922200,342031,333230,13886,347116,2300
2022-05-17,Santa Cruz,087,273765,51512,51020,2305,53325,263
2022-05-17,Shasta,089,179085,31011,30899,6150,37049,558
2022-05-17,Sierra,091,2930,277,275,54,329,4
2022-05-17,Siskiyou,093,43540,4494,4495,2774,7269,81
2022-05-17,Solano,095,438530,85769,84476,5928,90404,451
2022-05-17,Sonoma,097,501317,89340,88195,3326,91521,489
2022-05-17,Stanislaus,099,539301,119794,119025,18269,137294,1645
2022-05-17,Sutter,101,95872,20801,20763,2148,22911,226
2022-05-17,Tehama,103,63373,12171,12133,2615,14748,201
2022-05-17,Trinity,105,12862,1196,1189,289,1478,20
2022-05-17,Tulare,107,460477,107440,107292,28173,135465,1477
2022-05-17,Tuolumne,109,53932,13115,12917,602,13519,182
2022-05-17,Ventura,111,848112,178440,177233,10353,187586,1497
2022-05-17,Yolo,113,214977,39437,38139,3097,41236,316
2022-05-17,Yuba,115,75493,16177,16109,1269,17378,122
2022-05-16,Alameda,001,1643700,275631,272530,15010,287540,1859
2022-05-16,Alpine,002,1148,126,126,1,127,0
2022-05-16,Amador,005,37829,8673,8592,677,9269,86
2022-05-16,Butte,007,227075,33784,33486,7255,40741,426
2022-05-16,Calaveras,009,45235,7429,7400,375,7775,120
2022-05-16,Colusa,011,21464,3475,3467,1056,4523,21
2022-05-16,Contra Costa,013,1133247,203805,198207,14673,212880,1303
2022-05-16,Del Norte,015,27424,6125,6001,204,6205,50
2022-05-16,El Dorado,017,186661,27545,27388,3329,30717,212
2022-05-16,Fresno,019,978130,238347,234055,24860,258915,2759
2022-05-16,Glenn,021,27897,5038,5012,1630,6642,48
2022-05-16,Humboldt,023,135768,18029,17868,3340,21208,146
2022-05-16,Imperial,025,180216,56016,55915,10724,66639,918
2022-05-16,Inyo,027,18085,4136,4120,528,4648,56
2022-05-16,Kern,029,883053,193871,193338,46692,240030,2327
2022-05-16,Kings,031,150075,52009,51903,3546,55449,447
2022-05-16,Lake,033,64148,10899,10831,912,11743,137
2022-05-16,Lassen,035,31185,9002,8994,880,9874,65
2022-05-16,Los Angeles,037,10098052,2796788,2780354,129164,2909518,31789
2022-05-16,Madera,039,155013,37787,37644,6184,43828,365
2022-05-16,Marin,041,260295,36500,36024,3388,39412,293
2022-05-16,Mariposa,043,17540,2497,2481,222,2703,30
2022-05-16,Mendocino,045,87422,13473,13403,3317,16720,124
2022-05-16,Merced,047,269075,63873,62802,9144,71946,818
2022-05-16,Modoc,049,8938,747,748,253,1001,8
2022-05-16,Mono,051,14174,3017,3010,154,3164,6
2022-05-16,Monterey,053,433212,81365,80955,14769,95724,735
2022-05-16,Napa,055,140530,27061,26912,1069,27981,143
2022-05-16,Nevada,057,99092,16440,16361,1271,17632,127
2022-05-16,Orange,059,3164182,562867,560094,44113,604207,7021
2022-05-16,Placer,061,380077,64998,64432,7681,72113,626
2022-05-16,Plumas,063,18699,3058,3022,367,3389,13
2022-05-16,Riverside,065,2383286,602480,599947,28662,628609,6471
2022-05-16,Sacramento,067,1510023,290234,288335,27966,316301,3022
2022-05-16,San Benito,069,59416,13280,13186,564,13750,98
2022-05-16,San Bernardino,071,2135413,583600,573790,25413,599203,7455
2022-05-16,San Diego,073,3302833,774667,773934,55073,829007,5277
2022-05-16,San Francisco,075,870044,139291,137341,9136,146477,869
2022-05-16,San Joaquin,077,732212,170208,169045,10534,179579,2236
2022-05-16,San Luis Obispo,079,281455,54006,53756,4110,57866,478
2022-05-16,San Mateo,081,765935,132942,131330,7894,139224,709
2022-05-16,Santa Barbara,083,443738,88853,88317,4934,93251,693
2022-05-16,Santa Clara,085,1922200,340706,333230,13799,347029,2300
2022-05-16,Santa Cruz,087,273765,51433,51020,2290,53310,263
2022-05-16,Shasta,089,179085,30978,30899,6142,37041,558
2022-05-16,Sierra,091,2930,277,275,53,328,4
2022-05-16,Siskiyou,093,43540,4491,4495,2767,7262,81
2022-05-16,Solano,095,438530,85508,84476,5902,90378,451
2022-05-16,Sonoma,097,501317,89040,88195,3288,91483,489
2022-05-16,Stanislaus,099,539301,119649,119025,18236,137261,1645
2022-05-16,Sutter,101,95872,20787,20763,2141,22904,226
2022-05-16,Tehama,103,63373,12163,12133,2612,14745,201
2022-05-16,Trinity,105,12862,1195,1189,289,1478,20
2022-05-16,Tulare,107,460477,107360,107292,28128,135420,1477
2022-05-16,Tuolumne,109,53932,13082,12917,599,13516,182
2022-05-16,Ventura,111,848112,178109,177233,10295,187528,1497
2022-05-16,Yolo,113,214977,39302,38139,3088,41227,316
2022-05-16,Yuba,115,75493,16150,16109,1266,17375,122
2022-05-15,Alameda,001,1643700,274565,268944,14940,283884,1857
2022-05-15,Alpine,002,1148,126,125,1,126,0
2022-05-15,Amador,005,37829,8657,8574,672,9246,86
2022-05-15,Butte,007,227075,33726,33377,7234,40611,424
2022-05-15,Calaveras,009,45235,7410,7378,373,7751,120
2022-05-15,Colusa,011,21464,3472,3463,1054,4517,21
2022-05-15,Contra Costa,013,1133247,203036,195925,14592,210517,1301
2022-05-15,Del Norte,015,27424,6051,5919,202,6121,50
2022-05-15,El Dorado,017,186661,27483,27216,3316,30532,212
2022-05-15,Fresno,019,978130,238079,233305,24825,258130,2757
2022-05-15,Glenn,021,27897,5035,5004,1629,6633,48
2022-05-15,Humboldt,023,135768,17980,17633,3300,20933,146
2022-05-15,Imperial,025,180216,55980,55756,10702,66458,917
2022-05-15,Inyo,027,18085,4132,4114,524,4638,56
2022-05-15,Kern,029,883053,193693,192939,46609,239548,2314
2022-05-15,Kings,031,150075,51949,51779,3542,55321,447
2022-05-15,Lake,033,64148,10881,10790,909,11699,137
2022-05-15,Lassen,035,31185,8993,8987,879,9866,65
2022-05-15,Los Angeles,037,10098052,2792201,2768726,128792,2897518,31768
2022-05-15,Madera,039,155013,37745,37520,6166,43686,365
2022-05-15,Marin,041,260295,36329,35486,3349,38835,293
2022-05-15,Mariposa,043,17540,2492,2463,221,2684,30
2022-05-15,Mendocino,045,87422,13453,13349,3290,16639,124
2022-05-15,Merced,047,269075,63789,62627,9098,71725,818
2022-05-15,Modoc,049,8938,746,747,253,1000,8
2022-05-15,Mono,051,14174,3014,3002,152,3154,6
2022-05-15,Monterey,053,433212,81255,80620,14681,95301,735
2022-05-15,Napa,055,140530,27006,26698,1065,27763,143
2022-05-15,Nevada,057,99092,16410,16240,1268,17508,127
2022-05-15,Orange,059,3164182,561914,557134,43972,601106,7017
2022-05-15,Placer,061,380077,64821,63963,7652,71615,626
2022-05-15,Plumas,063,18699,3052,3006,367,3373,13
2022-05-15,Riverside,065,2383286,601761,597914,28594,626508,6471
2022-05-15,Sacramento,067,1510023,289516,286403,27830,314233,3022
2022-05-15,San Benito,069,59416,13255,13106,562,13668,98
2022-05-15,San Bernardino,071,2135413,583051,572057,25384,597441,7423
2022-05-15,San Diego,073,3302833,773162,770323,54875,825198,5271
2022-05-15,San Francisco,075,870044,138577,134916,9101,144017,866
2022-05-15,San Joaquin,077,732212,169965,168174,10457,178631,2236
2022-05-15,San Luis Obispo,079,281455,53878,53502,4068,57570,478
2022-05-15,San Mateo,081,765935,132407,129480,7824,137304,709
2022-05-15,Santa Barbara,083,443738,88623,87773,4899,92672,693
2022-05-15,Santa Clara,085,1922200,339288,328609,13707,342316,2297
2022-05-15,Santa Cruz,087,273765,51328,50268,2274,52542,263
2022-05-15,Shasta,089,179085,30938,30799,6136,36935,557
2022-05-15,Sierra,091,2930,277,275,53,328,4
2022-05-15,Siskiyou,093,43540,4489,4482,2764,7246,81
2022-05-15,Solano,095,438530,85187,83669,5869,89538,451
2022-05-15,Sonoma,097,501317,88715,87070,3263,90333,488
2022-05-15,Stanislaus,099,539301,119477,118586,18204,136790,1645
2022-05-15,Sutter,101,95872,20760,20690,2131,22821,226
2022-05-15,Tehama,103,63373,12145,12115,2606,14721,201
2022-05-15,Trinity,105,12862,1194,1188,289,1477,20
2022-05-15,Tulare,107,460477,107259,107077,28081,135158,1469
2022-05-15,Tuolumne,109,53932,13027,12851,597,13448,182
2022-05-15,Ventura,111,848112,177763,176317,10233,186550,1497
2022-05-15,Yolo,113,214977,39187,37737,3076,40813,316
2022-05-15,Yuba,115,75493,16116,16028,1257,17285,122
2022-05-14,Alameda,001,1643700,274137,268944,14920,283864,1857
2022-05-14,Alpine,002,1148,125,125,1,126,0
2022-05-14,Amador,005,37829,8651,8574,672,9246,86
2022-05-14,Butte,007,227075,33706,33377,7226,40603,424
2022-05-14,Calaveras,009,45235,7408,7378,373,7751,120
2022-05-14,Colusa,011,21464,3472,3463,1054,4517,21
2022-05-14,Contra Costa,013,1133247,202656,195925,14561,210486,1301
2022-05-14,Del Norte,015,27424,6042,5919,200,6119,50
2022-05-14,El Dorado,017,186661,27452,27216,3311,30527,212
2022-05-14,Fresno,019,978130,237955,233305,24815,258120,2757
2022-05-14,Glenn,021,27897,5034,5004,1625,6629,48
2022-05-14,Humboldt,023,135768,17954,17633,3293,20926,146
2022-05-14,Imperial,025,180216,55949,55756,10699,66455,917
2022-05-14,Inyo,027,18085,4127,4114,524,4638,56
2022-05-14,Kern,029,883053,193622,192939,46563,239502,2314
2022-05-14,Kings,031,150075,51922,51779,3542,55321,447
2022-05-14,Lake,033,64148,10871,10790,904,11694,137
2022-05-14,Lassen,035,31185,8991,8987,879,9866,65
2022-05-14,Los Angeles,037,10098052,2790269,2768726,128577,2897303,31768
2022-05-14,Madera,039,155013,37730,37520,6166,43686,365
2022-05-14,Marin,041,260295,36222,35486,3300,38786,293
2022-05-14,Mariposa,043,17540,2491,2463,221,2684,30
2022-05-14,Mendocino,045,87422,13443,13349,3286,16635,124
2022-05-14,Merced,047,269075,63753,62627,9095,71722,818
2022-05-14,Modoc,049,8938,745,747,253,1000,8
2022-05-14,Mono,051,14174,3014,3002,151,3153,6
2022-05-14,Monterey,053,433212,81190,80620,14628,95248,735
2022-05-14,Napa,055,140530,26982,26698,1058,27756,143
2022-05-14,Nevada,057,99092,16395,16240,1267,17507,127
2022-05-14,Orange,059,3164182,561468,557134,43882,601016,7017
2022-05-14,Placer,061,380077,64712,63963,7629,71592,626
2022-05-14,Plumas,063,18699,3048,3006,367,3373,13
2022-05-14,Riverside,065,2383286,601349,597914,28559,626473,6471
2022-05-14,Sacramento,067,1510023,289245,286403,27808,314211,3022
2022-05-14,San Benito,069,59416,13245,13106,559,13665,98
2022-05-14,San Bernardino,071,2135413,582773,572057,25372,597429,7423
2022-05-14,San Diego,073,3302833,772561,770323,54829,825152,5271
2022-05-14,San Francisco,075,870044,138219,134916,9077,143993,866
2022-05-14,San Joaquin,077,732212,169820,168174,10441,178615,2236
2022-05-14,San Luis Obispo,079,281455,53851,53502,4065,57567,478
2022-05-14,San Mateo,081,765935,132082,129480,7796,137276,709
2022-05-14,Santa Barbara,083,443738,88516,87773,4894,92667,693
2022-05-14,Santa Clara,085,1922200,338457,328609,13668,342277,2297
2022-05-14,Santa Cruz,087,273765,51281,50268,2260,52528,263
2022-05-14,Shasta,089,179085,30934,30799,6135,36934,557
2022-05-14,Sierra,091,2930,277,275,53,328,4
2022-05-14,Siskiyou,093,43540,4486,4482,2762,7244,81
2022-05-14,Solano,095,438530,85123,83669,5859,89528,451
2022-05-14,Sonoma,097,501317,88571,87070,3251,90321,488
2022-05-14,Stanislaus,099,539301,119392,118586,18192,136778,1645
2022-05-14,Sutter,101,95872,20753,20690,2130,22820,226
2022-05-14,Tehama,103,63373,12139,12115,2605,14720,201
2022-05-14,Trinity,105,12862,1194,1188,289,1477,20
2022-05-14,Tulare,107,460477,107209,107077,28057,135134,1469
2022-05-14,Tuolumne,109,53932,13016,12851,597,13448,182
2022-05-14,Ventura,111,848112,177601,176317,10208,186525,1497
2022-05-14,Yolo,113,214977,39118,37737,3069,40806,316
2022-05-14,Yuba,115,75493,16109,16028,1256,17284,122
2022-05-13,Alameda,001,1643700,273653,268944,14889,283833,1857
2022-05-13,Alpine,002,1148,125,125,1,126,0
2022-05-13,Amador,005,37829,8646,8574,671,9245,86
2022-05-13,Butte,007,227075,33689,33377,7224,40601,424
2022-05-13,Calaveras,009,45235,7405,7378,373,7751,120
2022-05-13,Colusa,011,21464,3471,3463,1054,4517,21
2022-05-13,Contra Costa,013,1133247,202311,195925,14532,210457,1301
2022-05-13,Del Norte,015,27424,6039,5919,200,6119,50
2022-05-13,El Dorado,017,186661,27424,27216,3311,30527,212
2022-05-13,Fresno,019,978130,237847,233305,24796,258101,2757
2022-05-13,Glenn,021,27897,5032,5004,1624,6628,48
2022-05-13,Humboldt,023,135768,17930,17633,3285,20918,146
2022-05-13,Imperial,025,180216,55930,55756,10698,66454,917
2022-05-13,Inyo,027,18085,4127,4114,523,4637,56
2022-05-13,Kern,029,883053,193547,192939,46534,239473,2314
2022-05-13,Kings,031,150075,51898,51779,3542,55321,447
2022-05-13,Lake,033,64148,10868,10790,904,11694,137
2022-05-13,Lassen,035,31185,8990,8987,879,9866,65
2022-05-13,Los Angeles,037,10098052,2788327,2768726,128383,2897109,31768
2022-05-13,Madera,039,155013,37710,37520,6157,43677,365
2022-05-13,Marin,041,260295,36119,35486,3257,38743,293
2022-05-13,Mariposa,043,17540,2489,2463,221,2684,30
2022-05-13,Mendocino,045,87422,13429,13349,3279,16628,124
2022-05-13,Merced,047,269075,63718,62627,9086,71713,818
2022-05-13,Modoc,049,8938,745,747,253,1000,8
2022-05-13,Mono,051,14174,3012,3002,150,3152,6
2022-05-13,Monterey,053,433212,81134,80620,14589,95209,735
2022-05-13,Napa,055,140530,26946,26698,1056,27754,143
2022-05-13,Nevada,057,99092,16380,16240,1266,17506,127
2022-05-13,Orange,059,3164182,561000,557134,43807,600941,7017
2022-05-13,Placer,061,380077,64634,63963,7619,71582,626
2022-05-13,Plumas,063,18699,3041,3006,367,3373,13
2022-05-13,Riverside,065,2383286,600962,597914,28530,626444,6471
2022-05-13,Sacramento,067,1510023,288907,286403,27783,314186,3022
2022-05-13,San Benito,069,59416,13241,13106,559,13665,98
2022-05-13,San Bernardino,071,2135413,582532,572057,25364,597421,7423
2022-05-13,San Diego,073,3302833,771922,770323,54750,825073,5271
2022-05-13,San Francisco,075,870044,137869,134916,9057,143973,866
2022-05-13,San Joaquin,077,732212,169700,168174,10429,178603,2236
2022-05-13,San Luis Obispo,079,281455,53815,53502,4061,57563,478
2022-05-13,San Mateo,081,765935,131790,129480,7775,137255,709
2022-05-13,Santa Barbara,083,443738,88422,87773,4891,92664,693
2022-05-13,Santa Clara,085,1922200,337654,328609,13635,342244,2297
2022-05-13,Santa Cruz,087,273765,51194,50268,2252,52520,263
2022-05-13,Shasta,089,179085,30930,30799,6135,36934,557
2022-05-13,Sierra,091,2930,276,275,50,325,4
2022-05-13,Siskiyou,093,43540,4485,4482,2762,7244,81
2022-05-13,Solano,095,438530,84999,83669,5852,89521,451
2022-05-13,Sonoma,097,501317,88394,87070,3237,90307,488
2022-05-13,Stanislaus,099,539301,119298,118586,18178,136764,1645
2022-05-13,Sutter,101,95872,20741,20690,2129,22819,226
2022-05-13,Tehama,103,63373,12137,12115,2603,14718,201
2022-05-13,Trinity,105,12862,1193,1188,289,1477,20
2022-05-13,Tulare,107,460477,107162,107077,28022,135099,1469
2022-05-13,Tuolumne,109,53932,13000,12851,597,13448,182
2022-05-13,Ventura,111,848112,177421,176317,10194,186511,1497
2022-05-13,Yolo,113,214977,39055,37737,3065,40802,316
2022-05-13,Yuba,115,75493,16096,16028,1253,17281,122
2022-05-12,Alameda,001,1643700,272907,268944,14836,283780,1857
2022-05-12,Alpine,002,1148,125,125,1,126,0
2022-05-12,Amador,005,37829,8637,8574,671,9245,86
2022-05-12,Butte,007,227075,33662,33377,7210,40587,424
2022-05-12,Calaveras,009,45235,7401,7378,372,7750,120
2022-05-12,Colusa,011,21464,3471,3463,1053,4516,21
2022-05-12,Contra Costa,013,1133247,201791,195925,14469,210394,1301
2022-05-12,Del Norte,015,27424,6022,5919,199,6118,50
2022-05-12,El Dorado,017,186661,27384,27216,3302,30518,212
2022-05-12,Fresno,019,978130,237693,233305,24776,258081,2757
2022-05-12,Glenn,021,27897,5028,5004,1622,6626,48
2022-05-12,Humboldt,023,135768,17888,17633,3272,20905,146
2022-05-12,Imperial,025,180216,55903,55756,10685,66441,917
2022-05-12,Inyo,027,18085,4123,4114,518,4632,56
2022-05-12,Kern,029,883053,193481,192939,46486,239425,2314
2022-05-12,Kings,031,150075,51878,51779,3540,55319,447
2022-05-12,Lake,033,64148,10850,10790,898,11688,137
2022-05-12,Lassen,035,31185,8989,8987,879,9866,65
2022-05-12,Los Angeles,037,10098052,2785120,2768726,128118,2896844,31768
2022-05-12,Madera,039,155013,37685,37520,6145,43665,365
2022-05-12,Marin,041,260295,36019,35486,3234,38720,293
2022-05-12,Mariposa,043,17540,2484,2463,220,2683,30
2022-05-12,Mendocino,045,87422,13412,13349,3267,16616,124
2022-05-12,Merced,047,269075,63686,62627,9075,71702,818
2022-05-12,Modoc,049,8938,744,747,253,1000,8
2022-05-12,Mono,051,14174,3012,3002,149,3151,6
2022-05-12,Monterey,053,433212,81077,80620,14546,95166,735
2022-05-12,Napa,055,140530,26901,26698,1054,27752,143
2022-05-12,Nevada,057,99092,16358,16240,1265,17505,127
2022-05-12,Orange,059,3164182,560359,557134,43698,600832,7017
2022-05-12,Placer,061,380077,64528,63963,7596,71559,626
2022-05-12,Plumas,063,18699,3035,3006,367,3373,13
2022-05-12,Riverside,065,2383286,600503,597914,28497,626411,6471
2022-05-12,Sacramento,067,1510023,288450,286403,27719,314122,3022
2022-05-12,San Benito,069,59416,13226,13106,558,13664,98
2022-05-12,San Bernardino,071,2135413,582180,572057,25347,597404,7423
2022-05-12,San Diego,073,3302833,770971,770323,54660,824983,5271
2022-05-12,San Francisco,075,870044,137490,134916,9019,143935,866
2022-05-12,San Joaquin,077,732212,169519,168174,10389,178563,2236
2022-05-12,San Luis Obispo,079,281455,53756,53502,4032,57534,478
2022-05-12,San Mateo,081,765935,131378,129480,7724,137204,709
2022-05-12,Santa Barbara,083,443738,88316,87773,4880,92653,693
2022-05-12,Santa Clara,085,1922200,336680,328609,13551,342160,2297
2022-05-12,Santa Cruz,087,273765,51050,50268,2246,52514,263
2022-05-12,Shasta,089,179085,30917,30799,6133,36932,557
2022-05-12,Sierra,091,2930,275,275,50,325,4
2022-05-12,Siskiyou,093,43540,4480,4482,2760,7242,81
2022-05-12,Solano,095,438530,84779,83669,5839,89508,451
2022-05-12,Sonoma,097,501317,88174,87070,3211,90281,488
2022-05-12,Stanislaus,099,539301,119194,118586,18149,136735,1645
2022-05-12,Sutter,101,95872,20725,20690,2128,22818,226
2022-05-12,Tehama,103,63373,12130,12115,2600,14715,201
2022-05-12,Trinity,105,12862,1192,1188,288,1476,20
2022-05-12,Tulare,107,460477,107109,107077,27975,135052,1469
2022-05-12,Tuolumne,109,53932,12980,12851,595,13446,182
2022-05-12,Ventura,111,848112,177191,176317,10151,186468,1497
2022-05-12,Yolo,113,214977,38942,37737,3055,40792,316
2022-05-12,Yuba,115,75493,16080,16028,1250,17278,122
2022-05-11,Alameda,001,1643700,272198,267982,14784,282766,1853
2022-05-11,Alpine,002,1148,125,125,1,126,0
2022-05-11,Amador,005,37829,8629,8564,671,9235,86
2022-05-11,Butte,007,227075,33630,33339,7204,40543,423
2022-05-11,Calaveras,009,45235,7396,7368,368,7736,120
2022-05-11,Colusa,011,21464,3470,3462,1053,4515,21
2022-05-11,Contra Costa,013,1133247,201271,195153,14412,209565,1302
2022-05-11,Del Norte,015,27424,6012,5911,199,6110,50
2022-05-11,El Dorado,017,186661,27348,27172,3294,30466,212
2022-05-11,Fresno,019,978130,237528,233021,24744,257765,2754
2022-05-11,Glenn,021,27897,5028,5001,1620,6621,48
2022-05-11,Humboldt,023,135768,17844,17585,3256,20841,146
2022-05-11,Imperial,025,180216,55878,55751,10674,66425,917
2022-05-11,Inyo,027,18085,4122,4093,517,4610,56
2022-05-11,Kern,029,883053,193383,192795,46441,239236,2292
2022-05-11,Kings,031,150075,51851,51752,3538,55290,447
2022-05-11,Lake,033,64148,10837,10786,897,11683,137
2022-05-11,Lassen,035,31185,8988,8984,878,9862,65
2022-05-11,Los Angeles,037,10098052,2782004,2761410,127889,2889299,31747
2022-05-11,Madera,039,155013,37653,37496,6134,43630,365
2022-05-11,Marin,041,260295,35918,35336,3193,38529,292
2022-05-11,Mariposa,043,17540,2479,2461,220,2681,30
2022-05-11,Mendocino,045,87422,13397,13320,3250,16570,124
2022-05-11,Merced,047,269075,63643,62567,9054,71621,818
2022-05-11,Modoc,049,8938,743,747,253,1000,8
2022-05-11,Mono,051,14174,3012,2999,148,3147,6
2022-05-11,Monterey,053,433212,81014,80534,14495,95029,733
2022-05-11,Napa,055,140530,26850,26660,1052,27712,143
2022-05-11,Nevada,057,99092,16342,16230,1260,17490,127
2022-05-11,Orange,059,3164182,559683,556265,43613,599878,7009
2022-05-11,Placer,061,380077,64431,63823,7579,71402,625
2022-05-11,Plumas,063,18699,3027,2998,367,3365,13
2022-05-11,Riverside,065,2383286,600052,597302,28460,625762,6468
2022-05-11,Sacramento,067,1510023,288030,285799,27669,313468,3020
2022-05-11,San Benito,069,59416,13206,13088,554,13642,98
2022-05-11,San Bernardino,071,2135413,581816,571372,25338,596710,7354
2022-05-11,San Diego,073,3302833,769989,768135,54529,822664,5257
2022-05-11,San Francisco,075,870044,136993,134027,8994,143021,864
2022-05-11,San Joaquin,077,732212,169345,167949,10368,178317,2233
2022-05-11,San Luis Obispo,079,281455,53709,53420,4015,57435,478
2022-05-11,San Mateo,081,765935,130976,128821,7681,136502,711
2022-05-11,Santa Barbara,083,443738,88186,87593,4868,92461,693
2022-05-11,Santa Clara,085,1922200,335676,327177,13503,340680,2294
2022-05-11,Santa Cruz,087,273765,50892,50031,2232,52263,263
2022-05-11,Shasta,089,179085,30885,30768,6130,36898,564
2022-05-11,Sierra,091,2930,275,275,50,325,4
2022-05-11,Siskiyou,093,43540,4478,4478,2760,7238,81
2022-05-11,Solano,095,438530,84576,83464,5826,89290,450
2022-05-11,Sonoma,097,501317,87970,86798,3198,89996,488
2022-05-11,Stanislaus,099,539301,119091,118445,18127,136572,1644
2022-05-11,Sutter,101,95872,20710,20668,2127,22795,225
2022-05-11,Tehama,103,63373,12130,12106,2600,14706,201
2022-05-11,Trinity,105,12862,1190,1188,288,1476,20
2022-05-11,Tulare,107,460477,107053,107068,27943,135011,1468
2022-05-11,Tuolumne,109,53932,12963,12829,595,13424,181
2022-05-11,Ventura,111,848112,176992,175955,10109,186064,1491
2022-05-11,Yolo,113,214977,38827,37654,3050,40704,316
2022-05-11,Yuba,115,75493,16061,15997,1240,17237,122
2022-05-10,Alameda,001,1643700,271415,267982,14728,282710,1853
2022-05-10,Alpine,002,1148,125,125,1,126,0
2022-05-10,Amador,005,37829,8625,8564,670,9234,86
2022-05-10,Butte,007,227075,33603,33339,7200,40539,423
2022-05-10,Calaveras,009,45235,7392,7368,367,7735,120
2022-05-10,Colusa,011,21464,3470,3462,1052,4514,21
2022-05-10,Contra Costa,013,1133247,200786,195153,14370,209523,1302
2022-05-10,Del Norte,015,27424,5959,5911,199,6110,50
2022-05-10,El Dorado,017,186661,27311,27172,3288,30460,212
2022-05-10,Fresno,019,978130,237365,233021,24714,257735,2754
2022-05-10,Glenn,021,27897,5025,5001,1620,6621,48
2022-05-10,Humboldt,023,135768,17806,17585,3239,20824,146
2022-05-10,Imperial,025,180216,55843,55751,10656,66407,917
2022-05-10,Inyo,027,18085,4120,4093,511,4604,56
2022-05-10,Kern,029,883053,193281,192795,46400,239195,2292
2022-05-10,Kings,031,150075,51820,51752,3538,55290,447
2022-05-10,Lake,033,64148,10832,10786,897,11683,137
2022-05-10,Lassen,035,31185,8983,8984,878,9862,65
2022-05-10,Los Angeles,037,10098052,2778717,2761410,127656,2889066,31747
2022-05-10,Madera,039,155013,37620,37496,6121,43617,365
2022-05-10,Marin,041,260295,35801,35336,3150,38486,292
2022-05-10,Mariposa,043,17540,2479,2461,220,2681,30
2022-05-10,Mendocino,045,87422,13385,13320,3237,16557,124
2022-05-10,Merced,047,269075,63599,62567,9035,71602,818
2022-05-10,Modoc,049,8938,743,747,253,1000,8
2022-05-10,Mono,051,14174,3008,2999,145,3144,6
2022-05-10,Monterey,053,433212,80948,80534,14447,94981,733
2022-05-10,Napa,055,140530,26812,26660,1050,27710,143
2022-05-10,Nevada,057,99092,16322,16230,1257,17487,127
2022-05-10,Orange,059,3164182,558980,556265,43518,599783,7009
2022-05-10,Placer,061,380077,64317,63823,7563,71386,625
2022-05-10,Plumas,063,18699,3019,2998,366,3364,13
2022-05-10,Riverside,065,2383286,599625,597302,28431,625733,6468
2022-05-10,Sacramento,067,1510023,287524,285799,27602,313401,3020
2022-05-10,San Benito,069,59416,13189,13088,549,13637,98
2022-05-10,San Bernardino,071,2135413,581466,571372,25312,596684,7354
2022-05-10,San Diego,073,3302833,768974,768135,54407,822542,5257
2022-05-10,San Francisco,075,870044,136438,134027,8967,142994,864
2022-05-10,San Joaquin,077,732212,169190,167949,10306,178255,2233
2022-05-10,San Luis Obispo,079,281455,53633,53420,3990,57410,478
2022-05-10,San Mateo,081,765935,130593,128821,7643,136464,711
2022-05-10,Santa Barbara,083,443738,88070,87593,4853,92446,693
2022-05-10,Santa Clara,085,1922200,334642,327177,13423,340600,2294
2022-05-10,Santa Cruz,087,273765,50766,50031,2221,52252,263
2022-05-10,Shasta,089,179085,30865,30768,6129,36897,564
2022-05-10,Sierra,091,2930,275,275,49,324,4
2022-05-10,Siskiyou,093,43540,4474,4478,2760,7238,81
2022-05-10,Solano,095,438530,84388,83464,5807,89271,450
2022-05-10,Sonoma,097,501317,87728,86798,3160,89958,488
2022-05-10,Stanislaus,099,539301,118996,118445,18108,136553,1644
2022-05-10,Sutter,101,95872,20691,20668,2124,22792,225
2022-05-10,Tehama,103,63373,12127,12106,2593,14699,201
2022-05-10,Trinity,105,12862,1190,1188,288,1476,20
2022-05-10,Tulare,107,460477,107011,107068,27915,134983,1468
2022-05-10,Tuolumne,109,53932,12951,12829,595,13424,181
2022-05-10,Ventura,111,848112,176774,175955,10071,186026,1491
2022-05-10,Yolo,113,214977,38723,37654,3039,40693,316
2022-05-10,Yuba,115,75493,16040,15997,1237,17234,122
2022-05-09,Alameda,001,1643700,270638,267982,14684,282666,1853
2022-05-09,Alpine,002,1148,125,125,1,126,0
2022-05-09,Amador,005,37829,8619,8564,670,9234,86
2022-05-09,Butte,007,227075,33577,33339,7191,40530,423
2022-05-09,Calaveras,009,45235,7386,7368,367,7735,120
2022-05-09,Colusa,011,21464,3468,3462,1050,4512,21
2022-05-09,Contra Costa,013,1133247,200313,195153,14312,209465,1302
2022-05-09,Del Norte,015,27424,5950,5911,198,6109,50
2022-05-09,El Dorado,017,186661,27279,27172,3279,30451,212
2022-05-09,Fresno,019,978130,237208,233021,24692,257713,2754
2022-05-09,Glenn,021,27897,5023,5001,1619,6620,48
2022-05-09,Humboldt,023,135768,17755,17585,3217,20802,146
2022-05-09,Imperial,025,180216,55809,55751,10643,66394,917
2022-05-09,Inyo,027,18085,4117,4093,508,4601,56
2022-05-09,Kern,029,883053,193184,192795,46343,239138,2292
2022-05-09,Kings,031,150075,51789,51752,3537,55289,447
2022-05-09,Lake,033,64148,10824,10786,896,11682,137
2022-05-09,Lassen,035,31185,8981,8984,878,9862,65
2022-05-09,Los Angeles,037,10098052,2775368,2761410,127413,2888823,31747
2022-05-09,Madera,039,155013,37588,37496,6112,43608,365
2022-05-09,Marin,041,260295,35684,35336,3115,38451,292
2022-05-09,Mariposa,043,17540,2474,2461,220,2681,30
2022-05-09,Mendocino,045,87422,13374,13320,3226,16546,124
2022-05-09,Merced,047,269075,63559,62567,9016,71583,818
2022-05-09,Modoc,049,8938,743,747,253,1000,8
2022-05-09,Mono,051,14174,3006,2999,143,3142,6
2022-05-09,Monterey,053,433212,80856,80534,14394,94928,733
2022-05-09,Napa,055,140530,26762,26660,1048,27708,143
2022-05-09,Nevada,057,99092,16294,16230,1251,17481,127
2022-05-09,Orange,059,3164182,558310,556265,43435,599700,7009
2022-05-09,Placer,061,380077,64256,63823,7548,71371,625
2022-05-09,Plumas,063,18699,3010,2998,366,3364,13
2022-05-09,Riverside,065,2383286,599135,597302,28395,625697,6468
2022-05-09,Sacramento,067,1510023,287093,285799,27529,313328,3020
2022-05-09,San Benito,069,59416,13170,13088,547,13635,98
2022-05-09,San Bernardino,071,2135413,581127,571372,25301,596673,7354
2022-05-09,San Diego,073,3302833,768001,768135,54265,822400,5257
2022-05-09,San Francisco,075,870044,135878,134027,8941,142968,864
2022-05-09,San Joaquin,077,732212,169007,167949,10284,178233,2233
2022-05-09,San Luis Obispo,079,281455,53580,53420,3969,57389,478
2022-05-09,San Mateo,081,765935,130166,128821,7605,136426,711
2022-05-09,Santa Barbara,083,443738,87940,87593,4842,92435,693
2022-05-09,Santa Clara,085,1922200,333501,327177,13359,340536,2294
2022-05-09,Santa Cruz,087,273765,50625,50031,2213,52244,263
2022-05-09,Shasta,089,179085,30852,30768,6127,36895,564
2022-05-09,Sierra,091,2930,275,275,49,324,4
2022-05-09,Siskiyou,093,43540,4472,4478,2760,7238,81
2022-05-09,Solano,095,438530,84229,83464,5794,89258,450
2022-05-09,Sonoma,097,501317,87467,86798,3134,89932,488
2022-05-09,Stanislaus,099,539301,118900,118445,18090,136535,1644
2022-05-09,Sutter,101,95872,20678,20668,2123,22791,225
2022-05-09,Tehama,103,63373,12125,12106,2591,14697,201
2022-05-09,Trinity,105,12862,1190,1188,288,1476,20
2022-05-09,Tulare,107,460477,106963,107068,27879,134947,1468
2022-05-09,Tuolumne,109,53932,12943,12829,595,13424,181
2022-05-09,Ventura,111,848112,176557,175955,10021,185976,1491
2022-05-09,Yolo,113,214977,38614,37654,3030,40684,316
2022-05-09,Yuba,115,75493,16031,15997,1236,17233,122
2022-05-08,Alameda,001,1643700,269746,265198,14618,279816,1855
2022-05-08,Alpine,002,1148,125,125,1,126,0
2022-05-08,Amador,005,37829,8608,8556,667,9223,86
2022-05-08,Butte,007,227075,33554,33269,7180,40449,421
2022-05-08,Calaveras,009,45235,7379,7353,366,7719,120
2022-05-08,Colusa,011,21464,3467,3459,1050,4509,21
2022-05-08,Contra Costa,013,1133247,199798,193961,14231,208192,1302
2022-05-08,Del Norte,015,27424,5934,5884,198,6082,50
2022-05-08,El Dorado,017,186661,27241,27081,3274,30355,210
2022-05-08,Fresno,019,978130,237039,232655,24669,257324,2754
2022-05-08,Glenn,021,27897,5021,4996,1619,6615,48
2022-05-08,Humboldt,023,135768,17702,17410,3178,20588,146
2022-05-08,Imperial,025,180216,55775,55683,10634,66317,917
2022-05-08,Inyo,027,18085,4110,4087,508,4595,56
2022-05-08,Kern,029,883053,193090,192590,46296,238886,2287
2022-05-08,Kings,031,150075,51772,51702,3537,55239,447
2022-05-08,Lake,033,64148,10817,10766,896,11662,137
2022-05-08,Lassen,035,31185,8977,8978,878,9856,65
2022-05-08,Los Angeles,037,10098052,2771778,2751478,127123,2878601,31738
2022-05-08,Madera,039,155013,37566,37420,6093,43513,365
2022-05-08,Marin,041,260295,35558,34934,3068,38002,292
2022-05-08,Mariposa,043,17540,2467,2438,219,2657,30
2022-05-08,Mendocino,045,87422,13355,13270,3200,16470,124
2022-05-08,Merced,047,269075,63510,62471,8987,71458,818
2022-05-08,Modoc,049,8938,743,745,253,998,8
2022-05-08,Mono,051,14174,3005,2997,141,3138,6
2022-05-08,Monterey,053,433212,80763,80246,14312,94558,733
2022-05-08,Napa,055,140530,26721,26524,1045,27569,143
2022-05-08,Nevada,057,99092,16270,16171,1249,17420,127
2022-05-08,Orange,059,3164182,557627,554411,43330,597741,7007
2022-05-08,Placer,061,380077,64145,63577,7521,71098,625
2022-05-08,Plumas,063,18699,3006,2996,366,3362,13
2022-05-08,Riverside,065,2383286,598648,596022,28360,624382,6467
2022-05-08,Sacramento,067,1510023,286582,284564,27456,312020,3016
2022-05-08,San Benito,069,59416,13155,13047,544,13591,98
2022-05-08,San Bernardino,071,2135413,580691,570381,25266,595647,7306
2022-05-08,San Diego,073,3302833,766972,765377,54161,819538,5244
2022-05-08,San Francisco,075,870044,135223,132659,8909,141568,861
2022-05-08,San Joaquin,077,732212,168822,167568,10251,177819,2229
2022-05-08,San Luis Obispo,079,281455,53508,53273,3949,57222,477
2022-05-08,San Mateo,081,765935,129702,127615,7553,135168,709
2022-05-08,Santa Barbara,083,443738,87806,87305,4833,92138,692
2022-05-08,Santa Clara,085,1922200,332428,324946,13286,338232,2287
2022-05-08,Santa Cruz,087,273765,50445,49605,2209,51814,262
2022-05-08,Shasta,089,179085,30823,30721,6123,36844,563
2022-05-08,Sierra,091,2930,275,275,49,324,4
2022-05-08,Siskiyou,093,43540,4469,4470,2755,7225,81
2022-05-08,Solano,095,438530,84054,83038,5770,88808,450
2022-05-08,Sonoma,097,501317,87248,86150,3099,89249,488
2022-05-08,Stanislaus,099,539301,118792,118235,18065,136300,1643
2022-05-08,Sutter,101,95872,20657,20694,2119,22813,225
2022-05-08,Tehama,103,63373,12119,12098,2588,14686,201
2022-05-08,Trinity,105,12862,1189,1180,288,1468,20
2022-05-08,Tulare,107,460477,106922,106987,27845,134832,1468
2022-05-08,Tuolumne,109,53932,12930,12793,591,13384,181
2022-05-08,Ventura,111,848112,176321,175454,9975,185429,1491
2022-05-08,Yolo,113,214977,38507,37456,3016,40472,315
2022-05-08,Yuba,115,75493,16009,15964,1232,17196,122
2022-05-07,Alameda,001,1643700,269365,265198,14600,279798,1855
2022-05-07,Alpine,002,1148,125,125,1,126,0
2022-05-07,Amador,005,37829,8606,8556,667,9223,86
2022-05-07,Butte,007,227075,33546,33269,7174,40443,421
2022-05-07,Calaveras,009,45235,7372,7353,366,7719,120
2022-05-07,Colusa,011,21464,3467,3459,1050,4509,21
2022-05-07,Contra Costa,013,1133247,199556,193961,14214,208175,1302
2022-05-07,Del Norte,015,27424,5932,5884,198,6082,50
2022-05-07,El Dorado,017,186661,27223,27081,3272,30353,210
2022-05-07,Fresno,019,978130,236981,232655,24663,257318,2754
2022-05-07,Glenn,021,27897,5020,4996,1619,6615,48
2022-05-07,Humboldt,023,135768,17673,17410,3170,20580,146
2022-05-07,Imperial,025,180216,55752,55683,10628,66311,917
2022-05-07,Inyo,027,18085,4107,4087,508,4595,56
2022-05-07,Kern,029,883053,193055,192590,46275,238865,2287
2022-05-07,Kings,031,150075,51761,51702,3537,55239,447
2022-05-07,Lake,033,64148,10813,10766,896,11662,137
2022-05-07,Lassen,035,31185,8977,8978,878,9856,65
2022-05-07,Los Angeles,037,10098052,2770200,2751478,126951,2878429,31738
2022-05-07,Madera,039,155013,37559,37420,6093,43513,365
2022-05-07,Marin,041,260295,35484,34934,3036,37970,292
2022-05-07,Mariposa,043,17540,2464,2438,219,2657,30
2022-05-07,Mendocino,045,87422,13346,13270,3197,16467,124
2022-05-07,Merced,047,269075,63497,62471,8987,71458,818
2022-05-07,Modoc,049,8938,743,745,253,998,8
2022-05-07,Mono,051,14174,3004,2997,140,3137,6
2022-05-07,Monterey,053,433212,80703,80246,14286,94532,733
2022-05-07,Napa,055,140530,26691,26524,1044,27568,143
2022-05-07,Nevada,057,99092,16259,16171,1244,17415,127
2022-05-07,Orange,059,3164182,557297,554411,43275,597686,7007
2022-05-07,Placer,061,380077,64077,63577,7511,71088,625
2022-05-07,Plumas,063,18699,3006,2996,365,3361,13
2022-05-07,Riverside,065,2383286,598392,596022,28333,624355,6467
2022-05-07,Sacramento,067,1510023,286387,284564,27444,312008,3016
2022-05-07,San Benito,069,59416,13146,13047,539,13586,98
2022-05-07,San Bernardino,071,2135413,580479,570381,25261,595642,7306
2022-05-07,San Diego,073,3302833,766486,765377,54131,819508,5244
2022-05-07,San Francisco,075,870044,134894,132659,8889,141548,861
2022-05-07,San Joaquin,077,732212,168717,167568,10242,177810,2229
2022-05-07,San Luis Obispo,079,281455,53496,53273,3938,57211,477
2022-05-07,San Mateo,081,765935,129417,127615,7532,135147,709
2022-05-07,Santa Barbara,083,443738,87726,87305,4830,92135,692
2022-05-07,Santa Clara,085,1922200,331807,324946,13256,338202,2287
2022-05-07,Santa Cruz,087,273765,50392,49605,2199,51804,262
2022-05-07,Shasta,089,179085,30815,30721,6123,36844,563
2022-05-07,Sierra,091,2930,275,275,49,324,4
2022-05-07,Siskiyou,093,43540,4467,4470,2755,7225,81
2022-05-07,Solano,095,438530,83996,83038,5765,88803,450
2022-05-07,Sonoma,097,501317,87122,86150,3090,89240,488
2022-05-07,Stanislaus,099,539301,118745,118235,18056,136291,1643
2022-05-07,Sutter,101,95872,20648,20694,2119,22813,225
2022-05-07,Tehama,103,63373,12117,12098,2587,14685,201
2022-05-07,Trinity,105,12862,1189,1180,288,1468,20
2022-05-07,Tulare,107,460477,106898,106987,27832,134819,1468
2022-05-07,Tuolumne,109,53932,12923,12793,591,13384,181
2022-05-07,Ventura,111,848112,176210,175454,9951,185405,1491
2022-05-07,Yolo,113,214977,38462,37456,3014,40470,315
2022-05-07,Yuba,115,75493,16000,15964,1232,17196,122
2022-05-06,Alameda,001,1643700,268985,265198,14579,279777,1855
2022-05-06,Alpine,002,1148,125,125,1,126,0
2022-05-06,Amador,005,37829,8605,8556,666,9222,86
2022-05-06,Butte,007,227075,33537,33269,7171,40440,421
2022-05-06,Calaveras,009,45235,7370,7353,366,7719,120
2022-05-06,Colusa,011,21464,3467,3459,1050,4509,21
2022-05-06,Contra Costa,013,1133247,199324,193961,14201,208162,1302
2022-05-06,Del Norte,015,27424,5922,5884,198,6082,50
2022-05-06,El Dorado,017,186661,27198,27081,3269,30350,210
2022-05-06,Fresno,019,978130,236904,232655,24654,257309,2754
2022-05-06,Glenn,021,27897,5020,4996,1619,6615,48
2022-05-06,Humboldt,023,135768,17646,17410,3163,20573,146
2022-05-06,Imperial,025,180216,55743,55683,10625,66308,917
2022-05-06,Inyo,027,18085,4098,4087,505,4592,56
2022-05-06,Kern,029,883053,193003,192590,46245,238835,2287
2022-05-06,Kings,031,150075,51753,51702,3537,55239,447
2022-05-06,Lake,033,64148,10811,10766,896,11662,137
2022-05-06,Lassen,035,31185,8977,8978,878,9856,65
2022-05-06,Los Angeles,037,10098052,2768383,2751478,126802,2878280,31738
2022-05-06,Madera,039,155013,37545,37420,6090,43510,365
2022-05-06,Marin,041,260295,35406,34934,2990,37924,292
2022-05-06,Mariposa,043,17540,2463,2438,212,2650,30
2022-05-06,Mendocino,045,87422,13334,13270,3195,16465,124
2022-05-06,Merced,047,269075,63480,62471,8986,71457,818
2022-05-06,Modoc,049,8938,743,745,253,998,8
2022-05-06,Mono,051,14174,3003,2997,140,3137,6
2022-05-06,Monterey,053,433212,80664,80246,14249,94495,733
2022-05-06,Napa,055,140530,26674,26524,1044,27568,143
2022-05-06,Nevada,057,99092,16247,16171,1242,17413,127
2022-05-06,Orange,059,3164182,556954,554411,43208,597619,7007
2022-05-06,Placer,061,380077,64016,63577,7500,71077,625
2022-05-06,Plumas,063,18699,3004,2996,365,3361,13
2022-05-06,Riverside,065,2383286,598162,596022,28313,624335,6467
2022-05-06,Sacramento,067,1510023,286130,284564,27423,311987,3016
2022-05-06,San Benito,069,59416,13141,13047,539,13586,98
2022-05-06,San Bernardino,071,2135413,580302,570381,25255,595636,7306
2022-05-06,San Diego,073,3302833,765975,765377,54095,819472,5244
2022-05-06,San Francisco,075,870044,134568,132659,8868,141527,861
2022-05-06,San Joaquin,077,732212,168627,167568,10230,177798,2229
2022-05-06,San Luis Obispo,079,281455,53470,53273,3933,57206,477
2022-05-06,San Mateo,081,765935,129188,127615,7524,135139,709
2022-05-06,Santa Barbara,083,443738,87672,87305,4828,92133,692
2022-05-06,Santa Clara,085,1922200,331214,324946,13241,338187,2287
2022-05-06,Santa Cruz,087,273765,50327,49605,2195,51800,262
2022-05-06,Shasta,089,179085,30809,30721,6122,36843,563
2022-05-06,Sierra,091,2930,275,275,49,324,4
2022-05-06,Siskiyou,093,43540,4465,4470,2753,7223,81
2022-05-06,Solano,095,438530,83907,83038,5757,88795,450
2022-05-06,Sonoma,097,501317,87000,86150,3075,89225,488
2022-05-06,Stanislaus,099,539301,118688,118235,18049,136284,1643
2022-05-06,Sutter,101,95872,20642,20694,2119,22813,225
2022-05-06,Tehama,103,63373,12112,12098,2587,14685,201
2022-05-06,Trinity,105,12862,1188,1180,288,1468,20
2022-05-06,Tulare,107,460477,106878,106987,27822,134809,1468
2022-05-06,Tuolumne,109,53932,12916,12793,590,13383,181
2022-05-06,Ventura,111,848112,176093,175454,9921,185375,1491
2022-05-06,Yolo,113,214977,38415,37456,3010,40466,315
2022-05-06,Yuba,115,75493,15989,15964,1231,17195,122
2022-05-05,Alameda,001,1643700,268396,265198,14537,279735,1855
2022-05-05,Alpine,002,1148,125,125,1,126,0
2022-05-05,Amador,005,37829,8603,8556,665,9221,86
2022-05-05,Butte,007,227075,33518,33269,7164,40433,421
2022-05-05,Calaveras,009,45235,7366,7353,364,7717,120
2022-05-05,Colusa,011,21464,3467,3459,1047,4506,21
2022-05-05,Contra Costa,013,1133247,198931,193961,14157,208118,1302
2022-05-05,Del Norte,015,27424,5921,5884,198,6082,50
2022-05-05,El Dorado,017,186661,27173,27081,3262,30343,210
2022-05-05,Fresno,019,978130,236803,232655,24631,257286,2754
2022-05-05,Glenn,021,27897,5020,4996,1618,6614,48
2022-05-05,Humboldt,023,135768,17609,17410,3149,20559,146
2022-05-05,Imperial,025,180216,55736,55683,10614,66297,917
2022-05-05,Inyo,027,18085,4094,4087,504,4591,56
2022-05-05,Kern,029,883053,192945,192590,46208,238798,2287
2022-05-05,Kings,031,150075,51745,51702,3537,55239,447
2022-05-05,Lake,033,64148,10807,10766,896,11662,137
2022-05-05,Lassen,035,31185,8977,8978,878,9856,65
2022-05-05,Los Angeles,037,10098052,2765805,2751478,126582,2878060,31738
2022-05-05,Madera,039,155013,37528,37420,6085,43505,365
2022-05-05,Marin,041,260295,35296,34934,2968,37902,292
2022-05-05,Mariposa,043,17540,2461,2438,211,2649,30
2022-05-05,Mendocino,045,87422,13323,13270,3187,16457,124
2022-05-05,Merced,047,269075,63448,62471,8982,71453,818
2022-05-05,Modoc,049,8938,743,745,251,996,8
2022-05-05,Mono,051,14174,3002,2997,139,3136,6
2022-05-05,Monterey,053,433212,80608,80246,14220,94466,733
2022-05-05,Napa,055,140530,26641,26524,1043,27567,143
2022-05-05,Nevada,057,99092,16237,16171,1239,17410,127
2022-05-05,Orange,059,3164182,556444,554411,43150,597561,7007
2022-05-05,Placer,061,380077,63952,63577,7489,71066,625
2022-05-05,Plumas,063,18699,3003,2996,365,3361,13
2022-05-05,Riverside,065,2383286,597825,596022,28286,624308,6467
2022-05-05,Sacramento,067,1510023,285791,284564,27372,311936,3016
2022-05-05,San Benito,069,59416,13130,13047,537,13584,98
2022-05-05,San Bernardino,071,2135413,580011,570381,25239,595620,7306
2022-05-05,San Diego,073,3302833,765234,765377,54026,819403,5244
2022-05-05,San Francisco,075,870044,134150,132659,8833,141492,861
2022-05-05,San Joaquin,077,732212,168537,167568,10202,177770,2229
2022-05-05,San Luis Obispo,079,281455,53434,53273,3918,57191,477
2022-05-05,San Mateo,081,765935,128850,127615,7499,135114,709
2022-05-05,Santa Barbara,083,443738,87597,87305,4823,92128,692
2022-05-05,Santa Clara,085,1922200,330417,324946,13179,338125,2287
2022-05-05,Santa Cruz,087,273765,50229,49605,2191,51796,262
2022-05-05,Shasta,089,179085,30799,30721,6120,36841,563
2022-05-05,Sierra,091,2930,275,275,49,324,4
2022-05-05,Siskiyou,093,43540,4463,4470,2753,7223,81
2022-05-05,Solano,095,438530,83786,83038,5739,88777,450
2022-05-05,Sonoma,097,501317,86827,86150,3057,89207,488
2022-05-05,Stanislaus,099,539301,118630,118235,18035,136270,1643
2022-05-05,Sutter,101,95872,20640,20694,2117,22811,225
2022-05-05,Tehama,103,63373,12108,12098,2585,14683,201
2022-05-05,Trinity,105,12862,1188,1180,288,1468,20
2022-05-05,Tulare,107,460477,106848,106987,27804,134791,1468
2022-05-05,Tuolumne,109,53932,12898,12793,587,13380,181
2022-05-05,Ventura,111,848112,175906,175454,9878,185332,1491
2022-05-05,Yolo,113,214977,38343,37456,2999,40455,315
2022-05-05,Yuba,115,75493,15979,15964,1228,17192,122
2022-05-04,Alameda,001,1643700,267725,263736,14495,278231,1850
2022-05-04,Alpine,002,1148,125,124,1,125,0
2022-05-04,Amador,005,37829,8600,8546,664,9210,86
2022-05-04,Butte,007,227075,33501,33220,7159,40379,417
2022-05-04,Calaveras,009,45235,7361,7344,364,7708,120
2022-05-04,Colusa,011,21464,3466,3460,1047,4507,21
2022-05-04,Contra Costa,013,1133247,198564,193175,14102,207277,1302
2022-05-04,Del Norte,015,27424,5913,5866,198,6064,50
2022-05-04,El Dorado,017,186661,27145,27021,3255,30276,210
2022-05-04,Fresno,019,978130,236685,232332,24621,256953,2751
2022-05-04,Glenn,021,27897,5018,4995,1618,6613,48
2022-05-04,Humboldt,023,135768,17569,17316,3139,20455,146
2022-05-04,Imperial,025,180216,55713,55548,10606,66154,910
2022-05-04,Inyo,027,18085,4094,4085,501,4586,56
2022-05-04,Kern,029,883053,192879,192432,46172,238604,2281
2022-05-04,Kings,031,150075,51727,51663,3536,55199,447
2022-05-04,Lake,033,64148,10802,10758,896,11654,137
2022-05-04,Lassen,035,31185,8976,8972,876,9848,65
2022-05-04,Los Angeles,037,10098052,2763026,2744894,126391,2871285,31722
2022-05-04,Madera,039,155013,37504,37395,6080,43475,365
2022-05-04,Marin,041,260295,35209,34727,2946,37673,291
2022-05-04,Mariposa,043,17540,2455,2435,206,2641,30
2022-05-04,Mendocino,045,87422,13315,13247,3179,16426,123
2022-05-04,Merced,047,269075,63421,62419,8971,71390,818
2022-05-04,Modoc,049,8938,743,746,251,997,8
2022-05-04,Mono,051,14174,3001,2993,136,3129,6
2022-05-04,Monterey,053,433212,80546,80038,14196,94234,732
2022-05-04,Napa,055,140530,26603,26434,1040,27474,143
2022-05-04,Nevada,057,99092,16221,16136,1235,17371,127
2022-05-04,Orange,059,3164182,555858,553177,43073,596250,7006
2022-05-04,Placer,061,380077,63869,63410,7484,70894,625
2022-05-04,Plumas,063,18699,3001,2947,365,3312,13
2022-05-04,Riverside,065,2383286,597490,594981,28260,623241,6457
2022-05-04,Sacramento,067,1510023,285459,283939,27336,311275,3013
2022-05-04,San Benito,069,59416,13121,13019,531,13550,98
2022-05-04,San Bernardino,071,2135413,579745,569570,25226,594796,7240
2022-05-04,San Diego,073,3302833,764485,763453,53934,817387,5239
2022-05-04,San Francisco,075,870044,133741,131599,8812,140411,860
2022-05-04,San Joaquin,077,732212,168433,167280,10173,177453,2225
2022-05-04,San Luis Obispo,079,281455,53390,53156,3907,57063,477
2022-05-04,San Mateo,081,765935,128525,126800,7465,134265,710
2022-05-04,Santa Barbara,083,443738,87492,87058,4808,91866,688
2022-05-04,Santa Clara,085,1922200,329610,322805,13126,335931,2285
2022-05-04,Santa Cruz,087,273765,50114,49230,2188,51418,262
2022-05-04,Shasta,089,179085,30783,30681,6118,36799,556
2022-05-04,Sierra,091,2930,275,275,49,324,4
2022-05-04,Siskiyou,093,43540,4460,4463,2751,7214,81
2022-05-04,Solano,095,438530,83640,82796,5728,88524,449
2022-05-04,Sonoma,097,501317,86651,85694,3032,88726,488
2022-05-04,Stanislaus,099,539301,118567,118123,18024,136147,1643
2022-05-04,Sutter,101,95872,20629,20672,2115,22787,224
2022-05-04,Tehama,103,63373,12106,12090,2580,14670,201
2022-05-04,Trinity,105,12862,1188,1180,288,1468,20
2022-05-04,Tulare,107,460477,106829,106935,27789,134724,1464
2022-05-04,Tuolumne,109,53932,12891,12757,585,13342,181
2022-05-04,Ventura,111,848112,175738,175066,9836,184902,1486
2022-05-04,Yolo,113,214977,38267,37344,2994,40338,315
2022-05-04,Yuba,115,75493,15970,15940,1225,17165,122
2022-05-03,Alameda,001,1643700,267124,263736,14452,278188,1850
2022-05-03,Alpine,002,1148,125,124,1,125,0
2022-05-03,Amador,005,37829,8597,8546,663,9209,86
2022-05-03,Butte,007,227075,33485,33220,7154,40374,417
2022-05-03,Calaveras,009,45235,7354,7344,364,7708,120
2022-05-03,Colusa,011,21464,3465,3460,1047,4507,21
2022-05-03,Contra Costa,013,1133247,198171,193175,14059,207234,1302
2022-05-03,Del Norte,015,27424,5906,5866,196,6062,50
2022-05-03,El Dorado,017,186661,27124,27021,3251,30272,210
2022-05-03,Fresno,019,978130,236575,232332,24602,256934,2751
2022-05-03,Glenn,021,27897,5017,4995,1616,6611,48
2022-05-03,Humboldt,023,135768,17533,17316,3120,20436,146
2022-05-03,Imperial,025,180216,55691,55548,10600,66148,910
2022-05-03,Inyo,027,18085,4092,4085,501,4586,56
2022-05-03,Kern,029,883053,192801,192432,46140,238572,2281
2022-05-03,Kings,031,150075,51715,51663,3536,55199,447
2022-05-03,Lake,033,64148,10798,10758,895,11653,137
2022-05-03,Lassen,035,31185,8976,8972,876,9848,65
2022-05-03,Los Angeles,037,10098052,2759967,2744894,126158,2871052,31722
2022-05-03,Madera,039,155013,37473,37395,6075,43470,365
2022-05-03,Marin,041,260295,35099,34727,2923,37650,291
2022-05-03,Mariposa,043,17540,2447,2435,206,2641,30
2022-05-03,Mendocino,045,87422,13300,13247,3161,16408,123
2022-05-03,Merced,047,269075,63393,62419,8947,71366,818
2022-05-03,Modoc,049,8938,742,746,251,997,8
2022-05-03,Mono,051,14174,2999,2993,135,3128,6
2022-05-03,Monterey,053,433212,80494,80038,14162,94200,732
2022-05-03,Napa,055,140530,26568,26434,1033,27467,143
2022-05-03,Nevada,057,99092,16210,16136,1235,17371,127
2022-05-03,Orange,059,3164182,555333,553177,42993,596170,7006
2022-05-03,Placer,061,380077,63775,63410,7469,70879,625
2022-05-03,Plumas,063,18699,2997,2947,365,3312,13
2022-05-03,Riverside,065,2383286,597124,594981,28236,623217,6457
2022-05-03,Sacramento,067,1510023,285141,283939,27291,311230,3013
2022-05-03,San Benito,069,59416,13108,13019,528,13547,98
2022-05-03,San Bernardino,071,2135413,579476,569570,25214,594784,7240
2022-05-03,San Diego,073,3302833,763642,763453,53834,817287,5239
2022-05-03,San Francisco,075,870044,133264,131599,8782,140381,860
2022-05-03,San Joaquin,077,732212,168351,167280,10146,177426,2225
2022-05-03,San Luis Obispo,079,281455,53343,53156,3898,57054,477
2022-05-03,San Mateo,081,765935,128176,126800,7432,134232,710
2022-05-03,Santa Barbara,083,443738,87403,87058,4806,91864,688
2022-05-03,Santa Clara,085,1922200,328792,322805,13076,335881,2285
2022-05-03,Santa Cruz,087,273765,50022,49230,2182,51412,262
2022-05-03,Shasta,089,179085,30764,30681,6117,36798,556
2022-05-03,Sierra,091,2930,275,275,49,324,4
2022-05-03,Siskiyou,093,43540,4459,4463,2751,7214,81
2022-05-03,Solano,095,438530,83450,82796,5716,88512,449
2022-05-03,Sonoma,097,501317,86469,85694,3008,88702,488
2022-05-03,Stanislaus,099,539301,118513,118123,18011,136134,1643
2022-05-03,Sutter,101,95872,20624,20672,2113,22785,224
2022-05-03,Tehama,103,63373,12102,12090,2579,14669,201
2022-05-03,Trinity,105,12862,1187,1180,288,1468,20
2022-05-03,Tulare,107,460477,106801,106935,27775,134710,1464
2022-05-03,Tuolumne,109,53932,12878,12757,585,13342,181
2022-05-03,Ventura,111,848112,175569,175066,9793,184859,1486
2022-05-03,Yolo,113,214977,38199,37344,2993,40337,315
2022-05-03,Yuba,115,75493,15959,15940,1217,17157,122
2022-05-02,Alameda,001,1643700,266487,263736,14410,278146,1850
2022-05-02,Alpine,002,1148,125,124,1,125,0
2022-05-02,Amador,005,37829,8594,8546,660,9206,86
2022-05-02,Butte,007,227075,33462,33220,7151,40371,417
2022-05-02,Calaveras,009,45235,7353,7344,363,7707,120
2022-05-02,Colusa,011,21464,3465,3460,1047,4507,21
2022-05-02,Contra Costa,013,1133247,197797,193175,14021,207196,1302
2022-05-02,Del Norte,015,27424,5901,5866,191,6057,50
2022-05-02,El Dorado,017,186661,27100,27021,3246,30267,210
2022-05-02,Fresno,019,978130,236462,232332,24574,256906,2751
2022-05-02,Glenn,021,27897,5015,4995,1616,6611,48
2022-05-02,Humboldt,023,135768,17482,17316,3106,20422,146
2022-05-02,Imperial,025,180216,55678,55548,10593,66141,910
2022-05-02,Inyo,027,18085,4091,4085,499,4584,56
2022-05-02,Kern,029,883053,192717,192432,46111,238543,2281
2022-05-02,Kings,031,150075,51698,51663,3536,55199,447
2022-05-02,Lake,033,64148,10794,10758,895,11653,137
2022-05-02,Lassen,035,31185,8974,8972,876,9848,65
2022-05-02,Los Angeles,037,10098052,2756941,2744894,125940,2870834,31722
2022-05-02,Madera,039,155013,37456,37395,6068,43463,365
2022-05-02,Marin,041,260295,34973,34727,2900,37627,291
2022-05-02,Mariposa,043,17540,2442,2435,206,2641,30
2022-05-02,Mendocino,045,87422,13282,13247,3148,16395,123
2022-05-02,Merced,047,269075,63361,62419,8940,71359,818
2022-05-02,Modoc,049,8938,741,746,251,997,8
2022-05-02,Mono,051,14174,2997,2993,134,3127,6
2022-05-02,Monterey,053,433212,80416,80038,14121,94159,732
2022-05-02,Napa,055,140530,26529,26434,1031,27465,143
2022-05-02,Nevada,057,99092,16192,16136,1233,17369,127
2022-05-02,Orange,059,3164182,554792,553177,42897,596074,7006
2022-05-02,Placer,061,380077,63719,63410,7462,70872,625
2022-05-02,Plumas,063,18699,2997,2947,365,3312,13
2022-05-02,Riverside,065,2383286,596733,594981,28209,623190,6457
2022-05-02,Sacramento,067,1510023,284835,283939,27252,311191,3013
2022-05-02,San Benito,069,59416,13096,13019,528,13547,98
2022-05-02,San Bernardino,071,2135413,579189,569570,25196,594766,7240
2022-05-02,San Diego,073,3302833,762779,763453,53738,817191,5239
2022-05-02,San Francisco,075,870044,132828,131599,8755,140354,860
2022-05-02,San Joaquin,077,732212,168235,167280,10134,177414,2225
2022-05-02,San Luis Obispo,079,281455,53290,53156,3889,57045,477
2022-05-02,San Mateo,081,765935,127851,126800,7417,134217,710
2022-05-02,Santa Barbara,083,443738,87302,87058,4802,91860,688
2022-05-02,Santa Clara,085,1922200,327877,322805,13030,335835,2285
2022-05-02,Santa Cruz,087,273765,49896,49230,2178,51408,262
2022-05-02,Shasta,089,179085,30745,30681,6116,36797,556
2022-05-02,Sierra,091,2930,275,275,49,324,4
2022-05-02,Siskiyou,093,43540,4456,4463,2749,7212,81
2022-05-02,Solano,095,438530,83309,82796,5706,88502,449
2022-05-02,Sonoma,097,501317,86288,85694,2987,88681,488
2022-05-02,Stanislaus,099,539301,118440,118123,17997,136120,1643
2022-05-02,Sutter,101,95872,20617,20672,2110,22782,224
2022-05-02,Tehama,103,63373,12097,12090,2576,14666,201
2022-05-02,Trinity,105,12862,1186,1180,288,1468,20
2022-05-02,Tulare,107,460477,106779,106935,27759,134694,1464
2022-05-02,Tuolumne,109,53932,12872,12757,585,13342,181
2022-05-02,Ventura,111,848112,175406,175066,9761,184827,1486
2022-05-02,Yolo,113,214977,38121,37344,2987,40331,315
2022-05-02,Yuba,115,75493,15954,15940,1215,17155,122
2022-05-01,Alameda,001,1643700,265786,262027,14356,276383,1851
2022-05-01,Alpine,002,1148,125,124,1,125,0
2022-05-01,Amador,005,37829,8594,8533,660,9193,86
2022-05-01,Butte,007,227075,33435,33172,7146,40318,418
2022-05-01,Calaveras,009,45235,7349,7328,357,7685,120
2022-05-01,Colusa,011,21464,3465,3457,1047,4504,21
2022-05-01,Contra Costa,013,1133247,197411,192136,13950,206086,1301
2022-05-01,Del Norte,015,27424,5893,5841,191,6032,50
2022-05-01,El Dorado,017,186661,27069,26946,3242,30188,210
2022-05-01,Fresno,019,978130,236356,232067,24554,256621,2748
2022-05-01,Glenn,021,27897,5015,4995,1616,6611,48
2022-05-01,Humboldt,023,135768,17418,17194,3081,20275,145
2022-05-01,Imperial,025,180216,55654,55503,10590,66093,910
2022-05-01,Inyo,027,18085,4090,4084,498,4582,56
2022-05-01,Kern,029,883053,192653,192250,46065,238315,2265
2022-05-01,Kings,031,150075,51677,51640,3532,55172,447
2022-05-01,Lake,033,64148,10787,10742,893,11635,137
2022-05-01,Lassen,035,31185,8974,8966,876,9842,65
2022-05-01,Los Angeles,037,10098052,2753935,2736900,125705,2862605,31712
2022-05-01,Madera,039,155013,37439,37360,6057,43417,365
2022-05-01,Marin,041,260295,34886,34519,2867,37386,291
2022-05-01,Mariposa,043,17540,2441,2430,206,2636,30
2022-05-01,Mendocino,045,87422,13263,13219,3132,16351,123
2022-05-01,Merced,047,269075,63329,62357,8924,71281,818
2022-05-01,Modoc,049,8938,741,745,251,996,8
2022-05-01,Mono,051,14174,2994,2989,132,3121,6
2022-05-01,Monterey,053,433212,80337,79881,14080,93961,731
2022-05-01,Napa,055,140530,26484,26319,1027,27346,143
2022-05-01,Nevada,057,99092,16173,16100,1232,17332,127
2022-05-01,Orange,059,3164182,554236,551822,42793,594615,6998
2022-05-01,Placer,061,380077,63646,63273,7448,70721,625
2022-05-01,Plumas,063,18699,2996,2946,365,3311,13
2022-05-01,Riverside,065,2383286,596270,593965,28174,622139,6457
2022-05-01,Sacramento,067,1510023,284500,283048,27193,310241,3007
2022-05-01,San Benito,069,59416,13088,12988,528,13516,98
2022-05-01,San Bernardino,071,2135413,578870,568758,25179,593937,7191
2022-05-01,San Diego,073,3302833,761897,761253,53647,814900,5238
2022-05-01,San Francisco,075,870044,132336,130241,8724,138965,860
2022-05-01,San Joaquin,077,732212,168092,167028,10104,177132,2225
2022-05-01,San Luis Obispo,079,281455,53218,53040,3873,56913,477
2022-05-01,San Mateo,081,765935,127485,125807,7378,133185,705
2022-05-01,Santa Barbara,083,443738,87197,86768,4792,91560,688
2022-05-01,Santa Clara,085,1922200,326929,320709,12980,333689,2281
2022-05-01,Santa Cruz,087,273765,49744,48798,2170,50968,262
2022-05-01,Shasta,089,179085,30729,30649,6114,36763,554
2022-05-01,Sierra,091,2930,275,274,49,323,4
2022-05-01,Siskiyou,093,43540,4455,4458,2743,7201,81
2022-05-01,Solano,095,438530,83177,82459,5691,88150,449
2022-05-01,Sonoma,097,501317,86069,85290,2959,88249,488
2022-05-01,Stanislaus,099,539301,118385,117943,17981,135924,1643
2022-05-01,Sutter,101,95872,20609,20644,2103,22747,224
2022-05-01,Tehama,103,63373,12096,12078,2575,14653,202
2022-05-01,Trinity,105,12862,1186,1179,288,1467,20
2022-05-01,Tulare,107,460477,106746,106856,27738,134594,1458
2022-05-01,Tuolumne,109,53932,12852,12713,579,13292,181
2022-05-01,Ventura,111,848112,175234,174679,9708,184387,1486
2022-05-01,Yolo,113,214977,38056,37173,2977,40150,314
2022-05-01,Yuba,115,75493,15944,15917,1213,17130,121
2022-04-30,Alameda,001,1643700,265377,262027,14339,276366,1851
2022-04-30,Alpine,002,1148,125,124,1,125,0
2022-04-30,Amador,005,37829,8592,8533,660,9193,86
2022-04-30,Butte,007,227075,33429,33172,7142,40314,418
2022-04-30,Calaveras,009,45235,7346,7328,356,7684,120
2022-04-30,Colusa,011,21464,3464,3457,1047,4504,21
2022-04-30,Contra Costa,013,1133247,197164,192136,13940,206076,1301
2022-04-30,Del Norte,015,27424,5888,5841,191,6032,50
2022-04-30,El Dorado,017,186661,27050,26946,3238,30184,210
2022-04-30,Fresno,019,978130,236309,232067,24547,256614,2748
2022-04-30,Glenn,021,27897,5014,4995,1615,6610,48
2022-04-30,Humboldt,023,135768,17375,17194,3072,20266,145
2022-04-30,Imperial,025,180216,55641,55503,10587,66090,910
2022-04-30,Inyo,027,18085,4090,4084,498,4582,56
2022-04-30,Kern,029,883053,192617,192250,46047,238297,2265
2022-04-30,Kings,031,150075,51671,51640,3531,55171,447
2022-04-30,Lake,033,64148,10784,10742,893,11635,137
2022-04-30,Lassen,035,31185,8974,8966,876,9842,65
2022-04-30,Los Angeles,037,10098052,2752553,2736900,125529,2862429,31712
2022-04-30,Madera,039,155013,37428,37360,6056,43416,365
2022-04-30,Marin,041,260295,34840,34519,2837,37356,291
2022-04-30,Mariposa,043,17540,2439,2430,205,2635,30
2022-04-30,Mendocino,045,87422,13259,13219,3132,16351,123
2022-04-30,Merced,047,269075,63314,62357,8922,71279,818
2022-04-30,Modoc,049,8938,741,745,251,996,8
2022-04-30,Mono,051,14174,2993,2989,130,3119,6
2022-04-30,Monterey,053,433212,80269,79881,14057,93938,731
2022-04-30,Napa,055,140530,26461,26319,1026,27345,143
2022-04-30,Nevada,057,99092,16158,16100,1231,17331,127
2022-04-30,Orange,059,3164182,553969,551822,42750,594572,6998
2022-04-30,Placer,061,380077,63600,63273,7440,70713,625
2022-04-30,Plumas,063,18699,2993,2946,365,3311,13
2022-04-30,Riverside,065,2383286,596025,593965,28156,622121,6457
2022-04-30,Sacramento,067,1510023,284378,283048,27180,310228,3007
2022-04-30,San Benito,069,59416,13085,12988,528,13516,98
2022-04-30,San Bernardino,071,2135413,578695,568758,25170,593928,7191
2022-04-30,San Diego,073,3302833,761523,761253,53615,814868,5238
2022-04-30,San Francisco,075,870044,132047,130241,8701,138942,860
2022-04-30,San Joaquin,077,732212,168037,167028,10099,177127,2225
2022-04-30,San Luis Obispo,079,281455,53207,53040,3870,56910,477
2022-04-30,San Mateo,081,765935,127266,125807,7360,133167,705
2022-04-30,Santa Barbara,083,443738,87141,86768,4789,91557,688
2022-04-30,Santa Clara,085,1922200,326355,320709,12956,333665,2281
2022-04-30,Santa Cruz,087,273765,49698,48798,2170,50968,262
2022-04-30,Shasta,089,179085,30722,30649,6112,36761,554
2022-04-30,Sierra,091,2930,275,274,49,323,4
2022-04-30,Siskiyou,093,43540,4453,4458,2742,7200,81
2022-04-30,Solano,095,438530,83158,82459,5689,88148,449
2022-04-30,Sonoma,097,501317,85952,85290,2947,88237,488
2022-04-30,Stanislaus,099,539301,118354,117943,17975,135918,1643
2022-04-30,Sutter,101,95872,20604,20644,2103,22747,224
2022-04-30,Tehama,103,63373,12092,12078,2573,14651,202
2022-04-30,Trinity,105,12862,1186,1179,288,1467,20
2022-04-30,Tulare,107,460477,106726,106856,27726,134582,1458
2022-04-30,Tuolumne,109,53932,12843,12713,579,13292,181
2022-04-30,Ventura,111,848112,175150,174679,9676,184355,1486
2022-04-30,Yolo,113,214977,38010,37173,2976,40149,314
2022-04-30,Yuba,115,75493,15938,15917,1212,17129,121
2022-04-29,Alameda,001,1643700,265067,262027,14325,276352,1851
2022-04-29,Alpine,002,1148,124,124,1,125,0
2022-04-29,Amador,005,37829,8585,8533,658,9191,86
2022-04-29,Butte,007,227075,33424,33172,7136,40308,418
2022-04-29,Calaveras,009,45235,7344,7328,356,7684,120
2022-04-29,Colusa,011,21464,3463,3457,1047,4504,21
2022-04-29,Contra Costa,013,1133247,196969,192136,13921,206057,1301
2022-04-29,Del Norte,015,27424,5884,5841,191,6032,50
2022-04-29,El Dorado,017,186661,27038,26946,3236,30182,210
2022-04-29,Fresno,019,978130,236258,232067,24539,256606,2748
2022-04-29,Glenn,021,27897,5014,4995,1614,6609,48
2022-04-29,Humboldt,023,135768,17350,17194,3064,20258,145
2022-04-29,Imperial,025,180216,55625,55503,10586,66089,910
2022-04-29,Inyo,027,18085,4090,4084,496,4580,56
2022-04-29,Kern,029,883053,192589,192250,46036,238286,2265
2022-04-29,Kings,031,150075,51665,51640,3531,55171,447
2022-04-29,Lake,033,64148,10783,10742,893,11635,137
2022-04-29,Lassen,035,31185,8973,8966,876,9842,65
2022-04-29,Los Angeles,037,10098052,2751258,2736900,125384,2862284,31712
2022-04-29,Madera,039,155013,37418,37360,6055,43415,365
2022-04-29,Marin,041,260295,34775,34519,2817,37336,291
2022-04-29,Mariposa,043,17540,2437,2430,205,2635,30
2022-04-29,Mendocino,045,87422,13254,13219,3131,16350,123
2022-04-29,Merced,047,269075,63302,62357,8920,71277,818
2022-04-29,Modoc,049,8938,741,745,251,996,8
2022-04-29,Mono,051,14174,2993,2989,130,3119,6
2022-04-29,Monterey,053,433212,80235,79881,14043,93924,731
2022-04-29,Napa,055,140530,26433,26319,1024,27343,143
2022-04-29,Nevada,057,99092,16151,16100,1230,17330,127
2022-04-29,Orange,059,3164182,553702,551822,42696,594518,6998
2022-04-29,Placer,061,380077,63570,63273,7433,70706,625
2022-04-29,Plumas,063,18699,2992,2946,365,3311,13
2022-04-29,Riverside,065,2383286,595805,593965,28135,622100,6457
2022-04-29,Sacramento,067,1510023,284231,283048,27172,310220,3007
2022-04-29,San Benito,069,59416,13080,12988,528,13516,98
2022-04-29,San Bernardino,071,2135413,578537,568758,25160,593918,7191
2022-04-29,San Diego,073,3302833,761107,761253,53589,814842,5238
2022-04-29,San Francisco,075,870044,131824,130241,8681,138922,860
2022-04-29,San Joaquin,077,732212,167982,167028,10095,177123,2225
2022-04-29,San Luis Obispo,079,281455,53192,53040,3865,56905,477
2022-04-29,San Mateo,081,765935,127067,125807,7347,133154,705
2022-04-29,Santa Barbara,083,443738,87101,86768,4787,91555,688
2022-04-29,Santa Clara,085,1922200,325844,320709,12926,333635,2281
2022-04-29,Santa Cruz,087,273765,49642,48798,2166,50964,262
2022-04-29,Shasta,089,179085,30720,30649,6111,36760,554
2022-04-29,Sierra,091,2930,275,274,49,323,4
2022-04-29,Siskiyou,093,43540,4452,4458,2742,7200,81
2022-04-29,Solano,095,438530,83101,82459,5684,88143,449
2022-04-29,Sonoma,097,501317,85844,85290,2934,88224,488
2022-04-29,Stanislaus,099,539301,118331,117943,17969,135912,1643
2022-04-29,Sutter,101,95872,20597,20644,2102,22746,224
2022-04-29,Tehama,103,63373,12090,12078,2573,14651,202
2022-04-29,Trinity,105,12862,1186,1179,288,1467,20
2022-04-29,Tulare,107,460477,106708,106856,27709,134565,1458
2022-04-29,Tuolumne,109,53932,12836,12713,576,13289,181
2022-04-29,Ventura,111,848112,175074,174679,9654,184333,1486
2022-04-29,Yolo,113,214977,37977,37173,2973,40146,314
2022-04-29,Yuba,115,75493,15933,15917,1212,17129,121
2022-04-28,Alameda,001,1643700,264626,262027,14289,276316,1851
2022-04-28,Alpine,002,1148,124,124,1,125,0
2022-04-28,Amador,005,37829,8582,8533,658,9191,86
2022-04-28,Butte,007,227075,33415,33172,7130,40302,418
2022-04-28,Calaveras,009,45235,7340,7328,356,7684,120
2022-04-28,Colusa,011,21464,3463,3457,1047,4504,21
2022-04-28,Contra Costa,013,1133247,196711,192136,13880,206016,1301
2022-04-28,Del Norte,015,27424,5878,5841,191,6032,50
2022-04-28,El Dorado,017,186661,27016,26946,3232,30178,210
2022-04-28,Fresno,019,978130,236199,232067,24530,256597,2748
2022-04-28,Glenn,021,27897,5011,4995,1614,6609,48
2022-04-28,Humboldt,023,135768,17316,17194,3048,20242,145
2022-04-28,Imperial,025,180216,55613,55503,10581,66084,910
2022-04-28,Inyo,027,18085,4090,4084,496,4580,56
2022-04-28,Kern,029,883053,192550,192250,46022,238272,2265
2022-04-28,Kings,031,150075,51659,51640,3531,55171,447
2022-04-28,Lake,033,64148,10779,10742,893,11635,137
2022-04-28,Lassen,035,31185,8973,8966,876,9842,65
2022-04-28,Los Angeles,037,10098052,2749200,2736900,125197,2862097,31712
2022-04-28,Madera,039,155013,37412,37360,6052,43412,365
2022-04-28,Marin,041,260295,34725,34519,2802,37321,291
2022-04-28,Mariposa,043,17540,2437,2430,205,2635,30
2022-04-28,Mendocino,045,87422,13243,13219,3114,16333,123
2022-04-28,Merced,047,269075,63281,62357,8911,71268,818
2022-04-28,Modoc,049,8938,741,745,251,996,8
2022-04-28,Mono,051,14174,2991,2989,130,3119,6
2022-04-28,Monterey,053,433212,80196,79881,14019,93900,731
2022-04-28,Napa,055,140530,26402,26319,1021,27340,143
2022-04-28,Nevada,057,99092,16143,16100,1227,17327,127
2022-04-28,Orange,059,3164182,553343,551822,42628,594450,6998
2022-04-28,Placer,061,380077,63523,63273,7425,70698,625
2022-04-28,Plumas,063,18699,2991,2946,365,3311,13
2022-04-28,Riverside,065,2383286,595523,593965,28113,622078,6457
2022-04-28,Sacramento,067,1510023,284045,283048,27134,310182,3007
2022-04-28,San Benito,069,59416,13070,12988,526,13514,98
2022-04-28,San Bernardino,071,2135413,578337,568758,25152,593910,7191
2022-04-28,San Diego,073,3302833,760567,761253,53525,814778,5238
2022-04-28,San Francisco,075,870044,131519,130241,8646,138887,860
2022-04-28,San Joaquin,077,732212,167912,167028,10079,177107,2225
2022-04-28,San Luis Obispo,079,281455,53164,53040,3847,56887,477
2022-04-28,San Mateo,081,765935,126818,125807,7326,133133,705
2022-04-28,Santa Barbara,083,443738,87048,86768,4784,91552,688
2022-04-28,Santa Clara,085,1922200,325300,320709,12892,333601,2281
2022-04-28,Santa Cruz,087,273765,49545,48798,2160,50958,262
2022-04-28,Shasta,089,179085,30712,30649,6111,36760,554
2022-04-28,Sierra,091,2930,275,274,49,323,4
2022-04-28,Siskiyou,093,43540,4449,4458,2742,7200,81
2022-04-28,Solano,095,438530,83017,82459,5679,88138,449
2022-04-28,Sonoma,097,501317,85729,85290,2920,88210,488
2022-04-28,Stanislaus,099,539301,118293,117943,17962,135905,1643
2022-04-28,Sutter,101,95872,20587,20644,2099,22743,224
2022-04-28,Tehama,103,63373,12089,12078,2572,14650,202
2022-04-28,Trinity,105,12862,1186,1179,288,1467,20
2022-04-28,Tulare,107,460477,106686,106856,27700,134556,1458
2022-04-28,Tuolumne,109,53932,12824,12713,575,13288,181
2022-04-28,Ventura,111,848112,174985,174679,9618,184297,1486
2022-04-28,Yolo,113,214977,37940,37173,2970,40143,314
2022-04-28,Yuba,115,75493,15924,15917,1210,17127,121
2022-04-27,Alameda,001,1643700,264145,260871,14247,275118,1843
2022-04-27,Alpine,002,1148,124,124,1,125,0
2022-04-27,Amador,005,37829,8581,8518,658,9176,86
2022-04-27,Butte,007,227075,33404,33118,7125,40243,411
2022-04-27,Calaveras,009,45235,7337,7307,356,7663,119
2022-04-27,Colusa,011,21464,3463,3457,1047,4504,21
2022-04-27,Contra Costa,013,1133247,196446,191412,13850,205262,1300
2022-04-27,Del Norte,015,27424,5873,5833,191,6024,50
2022-04-27,El Dorado,017,186661,27004,26898,3227,30125,209
2022-04-27,Fresno,019,978130,236132,231951,24517,256468,2744
2022-04-27,Glenn,021,27897,5011,4993,1614,6607,48
2022-04-27,Humboldt,023,135768,17286,17138,3037,20175,145
2022-04-27,Imperial,025,180216,55595,55480,10578,66058,910
2022-04-27,Inyo,027,18085,4089,4080,495,4575,56
2022-04-27,Kern,029,883053,192514,192157,46003,238160,2271
2022-04-27,Kings,031,150075,51654,51617,3530,55147,444
2022-04-27,Lake,033,64148,10775,10732,893,11625,135
2022-04-27,Lassen,035,31185,8972,8965,876,9841,65
2022-04-27,Los Angeles,037,10098052,2746890,2731988,125009,2856997,31691
2022-04-27,Madera,039,155013,37402,37339,6051,43390,354
2022-04-27,Marin,041,260295,34664,34354,2788,37142,288
2022-04-27,Mariposa,043,17540,2435,2427,205,2632,30
2022-04-27,Mendocino,045,87422,13236,13188,3106,16294,123
2022-04-27,Merced,047,269075,63267,62315,8906,71221,815
2022-04-27,Modoc,049,8938,741,745,251,996,8
2022-04-27,Mono,051,14174,2991,2989,130,3119,6
2022-04-27,Monterey,053,433212,80154,79695,13979,93674,729
2022-04-27,Napa,055,140530,26373,26210,1016,27226,143
2022-04-27,Nevada,057,99092,16127,16080,1224,17304,127
2022-04-27,Orange,059,3164182,552970,550859,42566,593425,6991
2022-04-27,Placer,061,380077,63481,63154,7410,70564,623
2022-04-27,Plumas,063,18699,2990,2934,365,3299,13
2022-04-27,Riverside,065,2383286,595257,593397,28097,621494,6453
2022-04-27,Sacramento,067,1510023,283842,281802,27102,308904,3001
2022-04-27,San Benito,069,59416,13057,12989,524,13513,98
2022-04-27,San Bernardino,071,2135413,578139,568018,25145,593163,7105
2022-04-27,San Diego,073,3302833,759993,759873,53462,813335,5236
2022-04-27,San Francisco,075,870044,131165,129284,8621,137905,857
2022-04-27,San Joaquin,077,732212,167835,166848,10064,176912,2225
2022-04-27,San Luis Obispo,079,281455,53119,52911,3836,56747,476
2022-04-27,San Mateo,081,765935,126583,125018,7275,132293,702
2022-04-27,Santa Barbara,083,443738,86984,86557,4777,91334,685
2022-04-27,Santa Clara,085,1922200,324729,319077,12847,331924,2282
2022-04-27,Santa Cruz,087,273765,49460,48500,2153,50653,262
2022-04-27,Shasta,089,179085,30701,30633,6108,36741,554
2022-04-27,Sierra,091,2930,274,276,49,325,4
2022-04-27,Siskiyou,093,43540,4449,4455,2738,7193,81
2022-04-27,Solano,095,438530,82903,82220,5671,87891,448
2022-04-27,Sonoma,097,501317,85620,84983,2902,87885,487
2022-04-27,Stanislaus,099,539301,118251,117841,17952,135793,1643
2022-04-27,Sutter,101,95872,20583,20627,2095,22722,224
2022-04-27,Tehama,103,63373,12089,12073,2572,14645,201
2022-04-27,Trinity,105,12862,1186,1179,288,1467,20
2022-04-27,Tulare,107,460477,106669,106580,27691,134271,1453
2022-04-27,Tuolumne,109,53932,12807,12684,574,13258,181
2022-04-27,Ventura,111,848112,174881,174425,9603,184028,1480
2022-04-27,Yolo,113,214977,37891,37096,2965,40061,314
2022-04-27,Yuba,115,75493,15920,15902,1205,17107,121
2022-04-26,Alameda,001,1643700,263622,260871,14209,275080,1843
2022-04-26,Alpine,002,1148,124,124,1,125,0
2022-04-26,Amador,005,37829,8578,8518,657,9175,86
2022-04-26,Butte,007,227075,33387,33118,7118,40236,411
2022-04-26,Calaveras,009,45235,7333,7307,355,7662,119
2022-04-26,Colusa,011,21464,3463,3457,1047,4504,21
2022-04-26,Contra Costa,013,1133247,196184,191412,13813,205225,1300
2022-04-26,Del Norte,015,27424,5865,5833,191,6024,50
2022-04-26,El Dorado,017,186661,26982,26898,3223,30121,209
2022-04-26,Fresno,019,978130,236051,231951,24507,256458,2744
2022-04-26,Glenn,021,27897,5011,4993,1613,6606,48
2022-04-26,Humboldt,023,135768,17255,17138,3031,20169,145
2022-04-26,Imperial,025,180216,55575,55480,10573,66053,910
2022-04-26,Inyo,027,18085,4089,4080,495,4575,56
2022-04-26,Kern,029,883053,192467,192157,45978,238135,2271
2022-04-26,Kings,031,150075,51648,51617,3530,55147,444
2022-04-26,Lake,033,64148,10768,10732,893,11625,135
2022-04-26,Lassen,035,31185,8967,8965,876,9841,65
2022-04-26,Los Angeles,037,10098052,2744510,2731988,124822,2856810,31691
2022-04-26,Madera,039,155013,37394,37339,6044,43383,354
2022-04-26,Marin,041,260295,34610,34354,2769,37123,288
2022-04-26,Mariposa,043,17540,2435,2427,205,2632,30
2022-04-26,Mendocino,045,87422,13232,13188,3100,16288,123
2022-04-26,Merced,047,269075,63244,62315,8889,71204,815
2022-04-26,Modoc,049,8938,741,745,251,996,8
2022-04-26,Mono,051,14174,2991,2989,129,3118,6
2022-04-26,Monterey,053,433212,80099,79695,13940,93635,729
2022-04-26,Napa,055,140530,26342,26210,1012,27222,143
2022-04-26,Nevada,057,99092,16118,16080,1224,17304,127
2022-04-26,Orange,059,3164182,552561,550859,42506,593365,6991
2022-04-26,Placer,061,380077,63448,63154,7406,70560,623
2022-04-26,Plumas,063,18699,2990,2934,365,3299,13
2022-04-26,Riverside,065,2383286,594947,593397,28071,621468,6453
2022-04-26,Sacramento,067,1510023,283604,281802,27081,308883,3001
2022-04-26,San Benito,069,59416,13053,12989,523,13512,98
2022-04-26,San Bernardino,071,2135413,577929,568018,25131,593149,7105
2022-04-26,San Diego,073,3302833,759334,759873,53357,813230,5236
2022-04-26,San Francisco,075,870044,130765,129284,8596,137880,857
2022-04-26,San Joaquin,077,732212,167773,166848,10054,176902,2225
2022-04-26,San Luis Obispo,079,281455,53090,52911,3825,56736,476
2022-04-26,San Mateo,081,765935,126306,125018,7246,132264,702
2022-04-26,Santa Barbara,083,443738,86923,86557,4772,91329,685
2022-04-26,Santa Clara,085,1922200,324167,319077,12803,331880,2282
2022-04-26,Santa Cruz,087,273765,49360,48500,2150,50650,262
2022-04-26,Shasta,089,179085,30689,30633,6108,36741,554
2022-04-26,Sierra,091,2930,274,276,49,325,4
2022-04-26,Siskiyou,093,43540,4447,4455,2736,7191,81
2022-04-26,Solano,095,438530,82803,82220,5660,87880,448
2022-04-26,Sonoma,097,501317,85514,84983,2886,87869,487
2022-04-26,Stanislaus,099,539301,118216,117841,17942,135783,1643
2022-04-26,Sutter,101,95872,20573,20627,2095,22722,224
2022-04-26,Tehama,103,63373,12080,12073,2572,14645,201
2022-04-26,Trinity,105,12862,1186,1179,288,1467,20
2022-04-26,Tulare,107,460477,106642,106580,27676,134256,1453
2022-04-26,Tuolumne,109,53932,12788,12684,572,13256,181
2022-04-26,Ventura,111,848112,174772,174425,9577,184002,1480
2022-04-26,Yolo,113,214977,37832,37096,2960,40056,314
2022-04-26,Yuba,115,75493,15918,15902,1205,17107,121
2022-04-25,Alameda,001,1643700,263109,260871,14168,275039,1843
2022-04-25,Alpine,002,1148,124,124,1,125,0
2022-04-25,Amador,005,37829,8575,8518,657,9175,86
2022-04-25,Butte,007,227075,33371,33118,7109,40227,411
2022-04-25,Calaveras,009,45235,7330,7307,355,7662,119
2022-04-25,Colusa,011,21464,3463,3457,1047,4504,21
2022-04-25,Contra Costa,013,1133247,195919,191412,13776,205188,1300
2022-04-25,Del Norte,015,27424,5859,5833,189,6022,50
2022-04-25,El Dorado,017,186661,26960,26898,3221,30119,209
2022-04-25,Fresno,019,978130,235959,231951,24495,256446,2744
2022-04-25,Glenn,021,27897,5011,4993,1613,6606,48
2022-04-25,Humboldt,023,135768,17213,17138,3023,20161,145
2022-04-25,Imperial,025,180216,55555,55480,10568,66048,910
2022-04-25,Inyo,027,18085,4089,4080,495,4575,56
2022-04-25,Kern,029,883053,192423,192157,45960,238117,2271
2022-04-25,Kings,031,150075,51639,51617,3529,55146,444
2022-04-25,Lake,033,64148,10765,10732,892,11624,135
2022-04-25,Lassen,035,31185,8966,8965,876,9841,65
2022-04-25,Los Angeles,037,10098052,2742130,2731988,124658,2856646,31691
2022-04-25,Madera,039,155013,37380,37339,6040,43379,354
2022-04-25,Marin,041,260295,34546,34354,2745,37099,288
2022-04-25,Mariposa,043,17540,2435,2427,204,2631,30
2022-04-25,Mendocino,045,87422,13222,13188,3083,16271,123
2022-04-25,Merced,047,269075,63230,62315,8887,71202,815
2022-04-25,Modoc,049,8938,741,745,251,996,8
2022-04-25,Mono,051,14174,2991,2989,129,3118,6
2022-04-25,Monterey,053,433212,80060,79695,13915,93610,729
2022-04-25,Napa,055,140530,26301,26210,1010,27220,143
2022-04-25,Nevada,057,99092,16112,16080,1222,17302,127
2022-04-25,Orange,059,3164182,552152,550859,42443,593302,6991
2022-04-25,Placer,061,380077,63413,63154,7402,70556,623
2022-04-25,Plumas,063,18699,2988,2934,365,3299,13
2022-04-25,Riverside,065,2383286,594683,593397,28054,621451,6453
2022-04-25,Sacramento,067,1510023,283439,281802,27050,308852,3001
2022-04-25,San Benito,069,59416,13046,12989,523,13512,98
2022-04-25,San Bernardino,071,2135413,577699,568018,25114,593132,7105
2022-04-25,San Diego,073,3302833,758657,759873,53279,813152,5236
2022-04-25,San Francisco,075,870044,130404,129284,8574,137858,857
2022-04-25,San Joaquin,077,732212,167689,166848,10041,176889,2225
2022-04-25,San Luis Obispo,079,281455,53041,52911,3817,56728,476
2022-04-25,San Mateo,081,765935,126032,125018,7228,132246,702
2022-04-25,Santa Barbara,083,443738,86862,86557,4766,91323,685
2022-04-25,Santa Clara,085,1922200,323520,319077,12759,331836,2282
2022-04-25,Santa Cruz,087,273765,49218,48500,2141,50641,262
2022-04-25,Shasta,089,179085,30677,30633,6105,36738,554
2022-04-25,Sierra,091,2930,274,276,49,325,4
2022-04-25,Siskiyou,093,43540,4447,4455,2735,7190,81
2022-04-25,Solano,095,438530,82685,82220,5649,87869,448
2022-04-25,Sonoma,097,501317,85390,84983,2867,87850,487
2022-04-25,Stanislaus,099,539301,118171,117841,17935,135776,1643
2022-04-25,Sutter,101,95872,20570,20627,2095,22722,224
2022-04-25,Tehama,103,63373,12080,12073,2572,14645,201
2022-04-25,Trinity,105,12862,1185,1179,288,1467,20
2022-04-25,Tulare,107,460477,106617,106580,27666,134246,1453
2022-04-25,Tuolumne,109,53932,12778,12684,572,13256,181
2022-04-25,Ventura,111,848112,174662,174425,9553,183978,1480
2022-04-25,Yolo,113,214977,37769,37096,2956,40052,314
2022-04-25,Yuba,115,75493,15908,15902,1204,17106,121
2022-04-24,Alameda,001,1643700,262526,259619,14123,273742,1837
2022-04-24,Alpine,002,1148,124,124,1,125,0
2022-04-24,Amador,005,37829,8566,8509,656,9165,86
2022-04-24,Butte,007,227075,33354,33105,7102,40207,411
2022-04-24,Calaveras,009,45235,7321,7296,353,7649,119
2022-04-24,Colusa,011,21464,3462,3453,1047,4500,21
2022-04-24,Contra Costa,013,1133247,195615,190611,13743,204354,1298
2022-04-24,Del Norte,015,27424,5850,5827,187,6014,50
2022-04-24,El Dorado,017,186661,26942,26837,3219,30056,209
2022-04-24,Fresno,019,978130,235878,231751,24482,256233,2744
2022-04-24,Glenn,021,27897,5011,4989,1611,6600,48
2022-04-24,Humboldt,023,135768,17188,17033,3009,20042,145
2022-04-24,Imperial,025,180216,55543,55434,10560,65994,910
2022-04-24,Inyo,027,18085,4085,4079,494,4573,56
2022-04-24,Kern,029,883053,192370,192012,45946,237958,2267
2022-04-24,Kings,031,150075,51630,51588,3529,55117,444
2022-04-24,Lake,033,64148,10757,10720,889,11609,134
2022-04-24,Lassen,035,31185,8965,8966,876,9842,65
2022-04-24,Los Angeles,037,10098052,2739789,2725630,124513,2850143,31667
2022-04-24,Madera,039,155013,37365,37333,6034,43367,354
2022-04-24,Marin,041,260295,34492,34150,2711,36861,288
2022-04-24,Mariposa,043,17540,2432,2422,204,2626,30
2022-04-24,Mendocino,045,87422,13217,13158,3071,16229,122
2022-04-24,Merced,047,269075,63206,62286,8878,71164,815
2022-04-24,Modoc,049,8938,741,745,251,996,8
2022-04-24,Mono,051,14174,2989,2986,129,3115,6
2022-04-24,Monterey,053,433212,80007,79560,13882,93442,729
2022-04-24,Napa,055,140530,26264,26093,1009,27102,143
2022-04-24,Nevada,057,99092,16096,16052,1220,17272,127
2022-04-24,Orange,059,3164182,551731,549765,42380,592145,6989
2022-04-24,Placer,061,380077,63361,63037,7395,70432,622
2022-04-24,Plumas,063,18699,2986,2934,365,3299,13
2022-04-24,Riverside,065,2383286,594404,592683,28019,620702,6450
2022-04-24,Sacramento,067,1510023,283230,280551,27017,307568,2993
2022-04-24,San Benito,069,59416,13042,12966,523,13489,98
2022-04-24,San Bernardino,071,2135413,577465,566806,25092,591898,7047
2022-04-24,San Diego,073,3302833,758028,758311,53216,811527,5233
2022-04-24,San Francisco,075,870044,129959,128323,8548,136871,857
2022-04-24,San Joaquin,077,732212,167603,166626,10004,176630,2224
2022-04-24,San Luis Obispo,079,281455,52965,52826,3807,56633,476
2022-04-24,San Mateo,081,765935,125715,124106,7199,131305,703
2022-04-24,Santa Barbara,083,443738,86793,86376,4764,91140,685
2022-04-24,Santa Clara,085,1922200,322834,317487,12708,330195,2277
2022-04-24,Santa Cruz,087,273765,49104,48255,2135,50390,261
2022-04-24,Shasta,089,179085,30666,30607,6103,36710,557
2022-04-24,Sierra,091,2930,274,276,49,325,4
2022-04-24,Siskiyou,093,43540,4445,4453,2733,7186,81
2022-04-24,Solano,095,438530,82575,81982,5640,87622,448
2022-04-24,Sonoma,097,501317,85254,84581,2845,87426,486
2022-04-24,Stanislaus,099,539301,118119,117737,17929,135666,1632
2022-04-24,Sutter,101,95872,20561,20605,2092,22697,224
2022-04-24,Tehama,103,63373,12076,12064,2572,14636,201
2022-04-24,Trinity,105,12862,1185,1177,288,1465,20
2022-04-24,Tulare,107,460477,106588,106354,27655,134009,1446
2022-04-24,Tuolumne,109,53932,12765,12664,571,13235,181
2022-04-24,Ventura,111,848112,174550,174091,9532,183623,1479
2022-04-24,Yolo,113,214977,37729,36990,2953,39943,314
2022-04-24,Yuba,115,75493,15904,15888,1204,17092,121
2022-04-23,Alameda,001,1643700,262278,259619,14111,273730,1837
2022-04-23,Alpine,002,1148,124,124,1,125,0
2022-04-23,Amador,005,37829,8560,8509,656,9165,86
2022-04-23,Butte,007,227075,33345,33105,7099,40204,411
2022-04-23,Calaveras,009,45235,7313,7296,353,7649,119
2022-04-23,Colusa,011,21464,3462,3453,1047,4500,21
2022-04-23,Contra Costa,013,1133247,195459,190611,13725,204336,1298
2022-04-23,Del Norte,015,27424,5848,5827,186,6013,50
2022-04-23,El Dorado,017,186661,26932,26837,3218,30055,209
2022-04-23,Fresno,019,978130,235845,231751,24476,256227,2744
2022-04-23,Glenn,021,27897,5011,4989,1611,6600,48
2022-04-23,Humboldt,023,135768,17172,17033,3006,20039,145
2022-04-23,Imperial,025,180216,55532,55434,10559,65993,910
2022-04-23,Inyo,027,18085,4085,4079,493,4572,56
2022-04-23,Kern,029,883053,192342,192012,45932,237944,2267
2022-04-23,Kings,031,150075,51625,51588,3528,55116,444
2022-04-23,Lake,033,64148,10756,10720,889,11609,134
2022-04-23,Lassen,035,31185,8965,8966,876,9842,65
2022-04-23,Los Angeles,037,10098052,2738843,2725630,124408,2850038,31667
2022-04-23,Madera,039,155013,37358,37333,6033,43366,354
2022-04-23,Marin,041,260295,34457,34150,2665,36815,288
2022-04-23,Mariposa,043,17540,2432,2422,204,2626,30
2022-04-23,Mendocino,045,87422,13210,13158,3071,16229,122
2022-04-23,Merced,047,269075,63196,62286,8878,71164,815
2022-04-23,Modoc,049,8938,741,745,251,996,8
2022-04-23,Mono,051,14174,2989,2986,129,3115,6
2022-04-23,Monterey,053,433212,79938,79560,13867,93427,729
2022-04-23,Napa,055,140530,26243,26093,1007,27100,143
2022-04-23,Nevada,057,99092,16090,16052,1218,17270,127
2022-04-23,Orange,059,3164182,551514,549765,42332,592097,6989
2022-04-23,Placer,061,380077,63331,63037,7394,70431,622
2022-04-23,Plumas,063,18699,2986,2934,365,3299,13
2022-04-23,Riverside,065,2383286,594268,592683,28009,620692,6450
2022-04-23,Sacramento,067,1510023,283130,280551,27014,307565,2993
2022-04-23,San Benito,069,59416,13041,12966,523,13489,98
2022-04-23,San Bernardino,071,2135413,577342,566806,25089,591895,7047
2022-04-23,San Diego,073,3302833,757765,758311,53197,811508,5233
2022-04-23,San Francisco,075,870044,129753,128323,8522,136845,857
2022-04-23,San Joaquin,077,732212,167562,166626,9996,176622,2224
2022-04-23,San Luis Obispo,079,281455,52950,52826,3803,56629,476
2022-04-23,San Mateo,081,765935,125552,124106,7193,131299,703
2022-04-23,Santa Barbara,083,443738,86757,86376,4763,91139,685
2022-04-23,Santa Clara,085,1922200,322452,317487,12681,330168,2277
2022-04-23,Santa Cruz,087,273765,49054,48255,2133,50388,261
2022-04-23,Shasta,089,179085,30663,30607,6103,36710,557
2022-04-23,Sierra,091,2930,274,276,49,325,4
2022-04-23,Siskiyou,093,43540,4443,4453,2733,7186,81
2022-04-23,Solano,095,438530,82547,81982,5635,87617,448
2022-04-23,Sonoma,097,501317,85185,84581,2836,87417,486
2022-04-23,Stanislaus,099,539301,118083,117737,17927,135664,1632
2022-04-23,Sutter,101,95872,20555,20605,2092,22697,224
2022-04-23,Tehama,103,63373,12075,12064,2572,14636,201
2022-04-23,Trinity,105,12862,1185,1177,288,1465,20
2022-04-23,Tulare,107,460477,106580,106354,27645,133999,1446
2022-04-23,Tuolumne,109,53932,12760,12664,571,13235,181
2022-04-23,Ventura,111,848112,174487,174091,9524,183615,1479
2022-04-23,Yolo,113,214977,37701,36990,2949,39939,314
2022-04-23,Yuba,115,75493,15902,15888,1204,17092,121
2022-04-22,Alameda,001,1643700,262048,259619,14092,273711,1837
2022-04-22,Alpine,002,1148,124,124,1,125,0
2022-04-22,Amador,005,37829,8559,8509,654,9163,86
2022-04-22,Butte,007,227075,33339,33105,7094,40199,411
2022-04-22,Calaveras,009,45235,7312,7296,353,7649,119
2022-04-22,Colusa,011,21464,3462,3453,1047,4500,21
2022-04-22,Contra Costa,013,1133247,195321,190611,13709,204320,1298
2022-04-22,Del Norte,015,27424,5848,5827,186,6013,50
2022-04-22,El Dorado,017,186661,26919,26837,3214,30051,209
2022-04-22,Fresno,019,978130,235815,231751,24472,256223,2744
2022-04-22,Glenn,021,27897,5009,4989,1611,6600,48
2022-04-22,Humboldt,023,135768,17156,17033,3000,20033,145
2022-04-22,Imperial,025,180216,55526,55434,10559,65993,910
2022-04-22,Inyo,027,18085,4085,4079,492,4571,56
2022-04-22,Kern,029,883053,192321,192012,45929,237941,2267
2022-04-22,Kings,031,150075,51621,51588,3527,55115,444
2022-04-22,Lake,033,64148,10755,10720,889,11609,134
2022-04-22,Lassen,035,31185,8965,8966,876,9842,65
2022-04-22,Los Angeles,037,10098052,2737763,2725630,124348,2849978,31667
2022-04-22,Madera,039,155013,37353,37333,6032,43365,354
2022-04-22,Marin,041,260295,34420,34150,2654,36804,288
2022-04-22,Mariposa,043,17540,2431,2422,204,2626,30
2022-04-22,Mendocino,045,87422,13205,13158,3066,16224,122
2022-04-22,Merced,047,269075,63189,62286,8866,71152,815
2022-04-22,Modoc,049,8938,741,745,251,996,8
2022-04-22,Mono,051,14174,2989,2986,128,3114,6
2022-04-22,Monterey,053,433212,79903,79560,13853,93413,729
2022-04-22,Napa,055,140530,26226,26093,1005,27098,143
2022-04-22,Nevada,057,99092,16090,16052,1218,17270,127
2022-04-22,Orange,059,3164182,551329,549765,42279,592044,6989
2022-04-22,Placer,061,380077,63308,63037,7391,70428,622
2022-04-22,Plumas,063,18699,2986,2934,365,3299,13
2022-04-22,Riverside,065,2383286,594124,592683,27994,620677,6450
2022-04-22,Sacramento,067,1510023,283042,280551,27002,307553,2993
2022-04-22,San Benito,069,59416,13036,12966,523,13489,98
2022-04-22,San Bernardino,071,2135413,577229,566806,25081,591887,7047
2022-04-22,San Diego,073,3302833,757446,758311,53169,811480,5233
2022-04-22,San Francisco,075,870044,129586,128323,8496,136819,857
2022-04-22,San Joaquin,077,732212,167531,166626,9994,176620,2224
2022-04-22,San Luis Obispo,079,281455,52944,52826,3802,56628,476
2022-04-22,San Mateo,081,765935,125385,124106,7182,131288,703
2022-04-22,Santa Barbara,083,443738,86711,86376,4762,91138,685
2022-04-22,Santa Clara,085,1922200,322105,317487,12667,330154,2277
2022-04-22,Santa Cruz,087,273765,49014,48255,2132,50387,261
2022-04-22,Shasta,089,179085,30658,30607,6102,36709,557
2022-04-22,Sierra,091,2930,274,276,48,324,4
2022-04-22,Siskiyou,093,43540,4443,4453,2733,7186,81
2022-04-22,Solano,095,438530,82490,81982,5632,87614,448
2022-04-22,Sonoma,097,501317,85120,84581,2832,87413,486
2022-04-22,Stanislaus,099,539301,118061,117737,17922,135659,1632
2022-04-22,Sutter,101,95872,20549,20605,2092,22697,224
2022-04-22,Tehama,103,63373,12070,12064,2571,14635,201
2022-04-22,Trinity,105,12862,1185,1177,287,1464,20
2022-04-22,Tulare,107,460477,106570,106354,27637,133991,1446
2022-04-22,Tuolumne,109,53932,12754,12664,569,13233,181
2022-04-22,Ventura,111,848112,174412,174091,9513,183604,1479
2022-04-22,Yolo,113,214977,37680,36990,2947,39937,314
2022-04-22,Yuba,115,75493,15899,15888,1203,17091,121
2022-04-21,Alameda,001,1643700,261686,259619,14055,273674,1837
2022-04-21,Alpine,002,1148,124,124,1,125,0
2022-04-21,Amador,005,37829,8556,8509,654,9163,86
2022-04-21,Butte,007,227075,33332,33105,7086,40191,411
2022-04-21,Calaveras,009,45235,7309,7296,353,7649,119
2022-04-21,Colusa,011,21464,3461,3453,1047,4500,21
2022-04-21,Contra Costa,013,1133247,195125,190611,13688,204299,1298
2022-04-21,Del Norte,015,27424,5847,5827,186,6013,50
2022-04-21,El Dorado,017,186661,26903,26837,3213,30050,209
2022-04-21,Fresno,019,978130,235772,231751,24463,256214,2744
2022-04-21,Glenn,021,27897,5009,4989,1610,6599,48
2022-04-21,Humboldt,023,135768,17133,17033,2992,20025,145
2022-04-21,Imperial,025,180216,55517,55434,10559,65993,910
2022-04-21,Inyo,027,18085,4085,4079,492,4571,56
2022-04-21,Kern,029,883053,192288,192012,45914,237926,2267
2022-04-21,Kings,031,150075,51613,51588,3527,55115,444
2022-04-21,Lake,033,64148,10752,10720,889,11609,134
2022-04-21,Lassen,035,31185,8965,8966,876,9842,65
2022-04-21,Los Angeles,037,10098052,2736117,2725630,124234,2849864,31667
2022-04-21,Madera,039,155013,37350,37333,6031,43364,354
2022-04-21,Marin,041,260295,34372,34150,2644,36794,288
2022-04-21,Mariposa,043,17540,2430,2422,204,2626,30
2022-04-21,Mendocino,045,87422,13198,13158,3063,16221,122
2022-04-21,Merced,047,269075,63171,62286,8863,71149,815
2022-04-21,Modoc,049,8938,741,745,251,996,8
2022-04-21,Mono,051,14174,2988,2986,127,3113,6
2022-04-21,Monterey,053,433212,79876,79560,13839,93399,729
2022-04-21,Napa,055,140530,26195,26093,1004,27097,143
2022-04-21,Nevada,057,99092,16086,16052,1218,17270,127
2022-04-21,Orange,059,3164182,551078,549765,42242,592007,6989
2022-04-21,Placer,061,380077,63269,63037,7387,70424,622
2022-04-21,Plumas,063,18699,2986,2934,365,3299,13
2022-04-21,Riverside,065,2383286,593963,592683,27976,620659,6450
2022-04-21,Sacramento,067,1510023,282893,280551,26983,307534,2993
2022-04-21,San Benito,069,59416,13030,12966,523,13489,98
2022-04-21,San Bernardino,071,2135413,577037,566806,25069,591875,7047
2022-04-21,San Diego,073,3302833,757020,758311,53125,811436,5233
2022-04-21,San Francisco,075,870044,129363,128323,8469,136792,857
2022-04-21,San Joaquin,077,732212,167479,166626,9989,176615,2224
2022-04-21,San Luis Obispo,079,281455,52924,52826,3795,56621,476
2022-04-21,San Mateo,081,765935,125179,124106,7165,131271,703
2022-04-21,Santa Barbara,083,443738,86652,86376,4759,91135,685
2022-04-21,Santa Clara,085,1922200,321655,317487,12645,330132,2277
2022-04-21,Santa Cruz,087,273765,48968,48255,2130,50385,261
2022-04-21,Shasta,089,179085,30650,30607,6102,36709,557
2022-04-21,Sierra,091,2930,274,276,48,324,4
2022-04-21,Siskiyou,093,43540,4443,4453,2733,7186,81
2022-04-21,Solano,095,438530,82426,81982,5626,87608,448
2022-04-21,Sonoma,097,501317,85005,84581,2812,87393,486
2022-04-21,Stanislaus,099,539301,118022,117737,17914,135651,1632
2022-04-21,Sutter,101,95872,20540,20605,2090,22695,224
2022-04-21,Tehama,103,63373,12070,12064,2571,14635,201
2022-04-21,Trinity,105,12862,1185,1177,287,1464,20
2022-04-21,Tulare,107,460477,106562,106354,27633,133987,1446
2022-04-21,Tuolumne,109,53932,12749,12664,569,13233,181
2022-04-21,Ventura,111,848112,174330,174091,9507,183598,1479
2022-04-21,Yolo,113,214977,37650,36990,2947,39937,314
2022-04-21,Yuba,115,75493,15897,15888,1203,17091,121
2022-04-20,Alameda,001,1643700,261320,258734,14029,272763,1832
2022-04-20,Alpine,002,1148,124,124,1,125,0
2022-04-20,Amador,005,37829,8554,8494,654,9148,86
2022-04-20,Butte,007,227075,33316,33083,7079,40162,408
2022-04-20,Calaveras,009,45235,7303,7288,352,7640,119
2022-04-20,Colusa,011,21464,3461,3453,1047,4500,21
2022-04-20,Contra Costa,013,1133247,194890,190042,13663,203705,1299
2022-04-20,Del Norte,015,27424,5841,5814,186,6000,50
2022-04-20,El Dorado,017,186661,26888,26821,3209,30030,209
2022-04-20,Fresno,019,978130,235722,231568,24462,256030,2740
2022-04-20,Glenn,021,27897,5008,4988,1607,6595,48
2022-04-20,Humboldt,023,135768,17111,16976,2988,19964,145
2022-04-20,Imperial,025,180216,55509,55405,10556,65961,910
2022-04-20,Inyo,027,18085,4085,4075,491,4566,56
2022-04-20,Kern,029,883053,192253,191915,45898,237813,2262
2022-04-20,Kings,031,150075,51604,51571,3525,55096,445
2022-04-20,Lake,033,64148,10752,10711,889,11600,134
2022-04-20,Lassen,035,31185,8965,8951,876,9827,65
2022-04-20,Los Angeles,037,10098052,2734379,2721699,124115,2845814,31630
2022-04-20,Madera,039,155013,37347,37333,6028,43361,354
2022-04-20,Marin,041,260295,34331,33985,2621,36606,288
2022-04-20,Mariposa,043,17540,2428,2412,204,2616,30
2022-04-20,Mendocino,045,87422,13192,13128,3055,16183,122
2022-04-20,Merced,047,269075,63161,62322,8851,71173,813
2022-04-20,Modoc,049,8938,741,744,251,995,8
2022-04-20,Mono,051,14174,2988,2984,127,3111,6
2022-04-20,Monterey,053,433212,79831,79419,13820,93239,727
2022-04-20,Napa,055,140530,26161,26016,1000,27016,143
2022-04-20,Nevada,057,99092,16076,16034,1215,17249,127
2022-04-20,Orange,059,3164182,550750,549136,42195,591331,6963
2022-04-20,Placer,061,380077,63241,62928,7381,70309,619
2022-04-20,Plumas,063,18699,2986,2932,365,3297,13
2022-04-20,Riverside,065,2383286,593771,592224,27954,620178,6447
2022-04-20,Sacramento,067,1510023,282745,279326,26969,306295,2987
2022-04-20,San Benito,069,59416,13024,12971,520,13491,98
2022-04-20,San Bernardino,071,2135413,576830,565405,25052,590457,6977
2022-04-20,San Diego,073,3302833,756579,757138,53064,810202,5231
2022-04-20,San Francisco,075,870044,129054,127594,8451,136045,854
2022-04-20,San Joaquin,077,732212,167411,166531,9982,176513,2222
2022-04-20,San Luis Obispo,079,281455,52897,52740,3788,56528,476
2022-04-20,San Mateo,081,765935,124960,123279,7134,130413,701
2022-04-20,Santa Barbara,083,443738,86616,86214,4753,90967,685
2022-04-20,Santa Clara,085,1922200,321244,316355,12607,328962,2274
2022-04-20,Santa Cruz,087,273765,48904,47997,2126,50123,261
2022-04-20,Shasta,089,179085,30647,30590,6101,36691,554
2022-04-20,Sierra,091,2930,274,276,48,324,4
2022-04-20,Siskiyou,093,43540,4442,4446,2732,7178,80
2022-04-20,Solano,095,438530,82355,81841,5623,87464,447
2022-04-20,Sonoma,097,501317,84918,84429,2788,87217,485
2022-04-20,Stanislaus,099,539301,117985,117540,17903,135443,1630
2022-04-20,Sutter,101,95872,20533,20632,2090,22722,224
2022-04-20,Tehama,103,63373,12068,12061,2571,14632,199
2022-04-20,Trinity,105,12862,1185,1178,287,1465,20
2022-04-20,Tulare,107,460477,106554,105974,27622,133596,1439
2022-04-20,Tuolumne,109,53932,12744,12648,568,13216,180
2022-04-20,Ventura,111,848112,174242,173904,9498,183402,1475
2022-04-20,Yolo,113,214977,37600,36785,2944,39729,311
2022-04-20,Yuba,115,75493,15893,15868,1201,17069,121
2022-04-19,Alameda,001,1643700,260957,258734,14000,272734,1832
2022-04-19,Alpine,002,1148,124,124,1,125,0
2022-04-19,Amador,005,37829,8550,8494,651,9145,86
2022-04-19,Butte,007,227075,33309,33083,7075,40158,408
2022-04-19,Calaveras,009,45235,7300,7288,352,7640,119
2022-04-19,Colusa,011,21464,3461,3453,1047,4500,21
2022-04-19,Contra Costa,013,1133247,194644,190042,13645,203687,1299
2022-04-19,Del Norte,015,27424,5839,5814,184,5998,50
2022-04-19,El Dorado,017,186661,26874,26821,3206,30027,209
2022-04-19,Fresno,019,978130,235666,231568,24452,256020,2740
2022-04-19,Glenn,021,27897,5007,4988,1607,6595,48
2022-04-19,Humboldt,023,135768,17074,16976,2977,19953,145
2022-04-19,Imperial,025,180216,55502,55405,10553,65958,910
2022-04-19,Inyo,027,18085,4082,4075,491,4566,56
2022-04-19,Kern,029,883053,192217,191915,45888,237803,2262
2022-04-19,Kings,031,150075,51590,51571,3524,55095,445
2022-04-19,Lake,033,64148,10748,10711,888,11599,134
2022-04-19,Lassen,035,31185,8965,8951,876,9827,65
2022-04-19,Los Angeles,037,10098052,2732586,2721699,123988,2845687,31630
2022-04-19,Madera,039,155013,37344,37333,6027,43360,354
2022-04-19,Marin,041,260295,34280,33985,2605,36590,288
2022-04-19,Mariposa,043,17540,2428,2412,203,2615,30
2022-04-19,Mendocino,045,87422,13184,13128,3044,16172,122
2022-04-19,Merced,047,269075,63143,62322,8848,71170,813
2022-04-19,Modoc,049,8938,741,744,251,995,8
2022-04-19,Mono,051,14174,2988,2984,127,3111,6
2022-04-19,Monterey,053,433212,79812,79419,13807,93226,727
2022-04-19,Napa,055,140530,26138,26016,991,27007,143
2022-04-19,Nevada,057,99092,16070,16034,1213,17247,127
2022-04-19,Orange,059,3164182,550471,549136,42151,591287,6963
2022-04-19,Placer,061,380077,63208,62928,7376,70304,619
2022-04-19,Plumas,063,18699,2986,2932,365,3297,13
2022-04-19,Riverside,065,2383286,593589,592224,27942,620166,6447
2022-04-19,Sacramento,067,1510023,282570,279326,26947,306273,2987
2022-04-19,San Benito,069,59416,13018,12971,519,13490,98
2022-04-19,San Bernardino,071,2135413,576616,565405,25030,590435,6977
2022-04-19,San Diego,073,3302833,756114,757138,52999,810137,5231
2022-04-19,San Francisco,075,870044,128721,127594,8434,136028,854
2022-04-19,San Joaquin,077,732212,167361,166531,9978,176509,2222
2022-04-19,San Luis Obispo,079,281455,52861,52740,3782,56522,476
2022-04-19,San Mateo,081,765935,124727,123279,7114,130393,701
2022-04-19,Santa Barbara,083,443738,86562,86214,4745,90959,685
2022-04-19,Santa Clara,085,1922200,320824,316355,12579,328934,2274
2022-04-19,Santa Cruz,087,273765,48849,47997,2124,50121,261
2022-04-19,Shasta,089,179085,30635,30590,6100,36690,554
2022-04-19,Sierra,091,2930,274,276,48,324,4
2022-04-19,Siskiyou,093,43540,4441,4446,2730,7176,80
2022-04-19,Solano,095,438530,82271,81841,5616,87457,447
2022-04-19,Sonoma,097,501317,84816,84429,2759,87188,485
2022-04-19,Stanislaus,099,539301,117959,117540,17898,135438,1630
2022-04-19,Sutter,101,95872,20533,20632,2090,22722,224
2022-04-19,Tehama,103,63373,12067,12061,2571,14632,199
2022-04-19,Trinity,105,12862,1184,1178,287,1465,20
2022-04-19,Tulare,107,460477,106539,105974,27616,133590,1439
2022-04-19,Tuolumne,109,53932,12742,12648,568,13216,180
2022-04-19,Ventura,111,848112,174149,173904,9485,183389,1475
2022-04-19,Yolo,113,214977,37555,36785,2942,39727,311
2022-04-19,Yuba,115,75493,15886,15868,1201,17069,121
2022-04-18,Alameda,001,1643700,260570,258734,13980,272714,1832
2022-04-18,Alpine,002,1148,124,124,1,125,0
2022-04-18,Amador,005,37829,8549,8494,650,9144,86
2022-04-18,Butte,007,227075,33305,33083,7070,40153,408
2022-04-18,Calaveras,009,45235,7296,7288,351,7639,119
2022-04-18,Colusa,011,21464,3460,3453,1047,4500,21
2022-04-18,Contra Costa,013,1133247,194409,190042,13620,203662,1299
2022-04-18,Del Norte,015,27424,5834,5814,184,5998,50
2022-04-18,El Dorado,017,186661,26857,26821,3204,30025,209
2022-04-18,Fresno,019,978130,235623,231568,24441,256009,2740
2022-04-18,Glenn,021,27897,5007,4988,1606,6594,48
2022-04-18,Humboldt,023,135768,17045,16976,2974,19950,145
2022-04-18,Imperial,025,180216,55490,55405,10551,65956,910
2022-04-18,Inyo,027,18085,4082,4075,491,4566,56
2022-04-18,Kern,029,883053,192172,191915,45876,237791,2262
2022-04-18,Kings,031,150075,51585,51571,3524,55095,445
2022-04-18,Lake,033,64148,10744,10711,887,11598,134
2022-04-18,Lassen,035,31185,8965,8951,876,9827,65
2022-04-18,Los Angeles,037,10098052,2730760,2721699,123873,2845572,31630
2022-04-18,Madera,039,155013,37336,37333,6026,43359,354
2022-04-18,Marin,041,260295,34217,33985,2582,36567,288
2022-04-18,Mariposa,043,17540,2426,2412,203,2615,30
2022-04-18,Mendocino,045,87422,13167,13128,3039,16167,122
2022-04-18,Merced,047,269075,63131,62322,8842,71164,813
2022-04-18,Modoc,049,8938,740,744,251,995,8
2022-04-18,Mono,051,14174,2987,2984,127,3111,6
2022-04-18,Monterey,053,433212,79737,79419,13791,93210,727
2022-04-18,Napa,055,140530,26102,26016,990,27006,143
2022-04-18,Nevada,057,99092,16060,16034,1211,17245,127
2022-04-18,Orange,059,3164182,550183,549136,42114,591250,6963
2022-04-18,Placer,061,380077,63174,62928,7374,70302,619
2022-04-18,Plumas,063,18699,2986,2932,365,3297,13
2022-04-18,Riverside,065,2383286,593379,592224,27922,620146,6447
2022-04-18,Sacramento,067,1510023,282414,279326,26935,306261,2987
2022-04-18,San Benito,069,59416,13012,12971,519,13490,98
2022-04-18,San Bernardino,071,2135413,576406,565405,25012,590417,6977
2022-04-18,San Diego,073,3302833,755644,757138,52940,810078,5231
2022-04-18,San Francisco,075,870044,128403,127594,8422,136016,854
2022-04-18,San Joaquin,077,732212,167302,166531,9971,176502,2222
2022-04-18,San Luis Obispo,079,281455,52832,52740,3777,56517,476
2022-04-18,San Mateo,081,765935,124494,123279,7095,130374,701
2022-04-18,Santa Barbara,083,443738,86491,86214,4740,90954,685
2022-04-18,Santa Clara,085,1922200,320378,316355,12555,328910,2274
2022-04-18,Santa Cruz,087,273765,48744,47997,2122,50119,261
2022-04-18,Shasta,089,179085,30629,30590,6097,36687,554
2022-04-18,Sierra,091,2930,274,276,48,324,4
2022-04-18,Siskiyou,093,43540,4440,4446,2729,7175,80
2022-04-18,Solano,095,438530,82206,81841,5610,87451,447
2022-04-18,Sonoma,097,501317,84716,84429,2744,87173,485
2022-04-18,Stanislaus,099,539301,117930,117540,17895,135435,1630
2022-04-18,Sutter,101,95872,20531,20632,2088,22720,224
2022-04-18,Tehama,103,63373,12063,12061,2571,14632,199
2022-04-18,Trinity,105,12862,1184,1178,287,1465,20
2022-04-18,Tulare,107,460477,106524,105974,27608,133582,1439
2022-04-18,Tuolumne,109,53932,12735,12648,567,13215,180
2022-04-18,Ventura,111,848112,174058,173904,9475,183379,1475
2022-04-18,Yolo,113,214977,37497,36785,2942,39727,311
2022-04-18,Yuba,115,75493,15877,15868,1200,17068,121
2022-04-17,Alameda,001,1643700,260174,257897,13956,271853,1829
2022-04-17,Alpine,002,1148,124,124,1,125,0
2022-04-17,Amador,005,37829,8544,8491,648,9139,86
2022-04-17,Butte,007,227075,33302,33053,7067,40120,405
2022-04-17,Calaveras,009,45235,7293,7275,350,7625,119
2022-04-17,Colusa,011,21464,3459,3450,1047,4497,21
2022-04-17,Contra Costa,013,1133247,194180,189742,13584,203326,1298
2022-04-17,Del Norte,015,27424,5829,5809,184,5993,50
2022-04-17,El Dorado,017,186661,26847,26796,3202,29998,209
2022-04-17,Fresno,019,978130,235545,231455,24436,255891,2739
2022-04-17,Glenn,021,27897,5007,4991,1606,6597,48
2022-04-17,Humboldt,023,135768,17010,16929,2968,19897,143
2022-04-17,Imperial,025,180216,55481,55371,10550,65921,910
2022-04-17,Inyo,027,18085,4080,4075,491,4566,56
2022-04-17,Kern,029,883053,192137,191866,45861,237727,2258
2022-04-17,Kings,031,150075,51574,51544,3522,55066,445
2022-04-17,Lake,033,64148,10743,10702,887,11589,134
2022-04-17,Lassen,035,31185,8965,8950,876,9826,65
2022-04-17,Los Angeles,037,10098052,2728777,2717479,123754,2841233,31598
2022-04-17,Madera,039,155013,37330,37362,6026,43388,354
2022-04-17,Marin,041,260295,34150,33829,2552,36381,288
2022-04-17,Mariposa,043,17540,2418,2406,203,2609,30
2022-04-17,Mendocino,045,87422,13152,13107,3035,16142,122
2022-04-17,Merced,047,269075,63111,62295,8836,71131,813
2022-04-17,Modoc,049,8938,740,743,251,994,8
2022-04-17,Mono,051,14174,2986,2977,127,3104,6
2022-04-17,Monterey,053,433212,79704,79311,13771,93082,727
2022-04-17,Napa,055,140530,26057,25929,984,26913,143
2022-04-17,Nevada,057,99092,16044,16014,1206,17220,123
2022-04-17,Orange,059,3164182,549818,548311,42063,590374,6945
2022-04-17,Placer,061,380077,63135,62882,7367,70249,618
2022-04-17,Plumas,063,18699,2986,2929,365,3294,13
2022-04-17,Riverside,065,2383286,593156,591772,27903,619675,6443
2022-04-17,Sacramento,067,1510023,282251,278523,26911,305434,2978
2022-04-17,San Benito,069,59416,13009,12926,518,13444,98
2022-04-17,San Bernardino,071,2135413,576168,564397,24998,589395,6948
2022-04-17,San Diego,073,3302833,755158,756165,52872,809037,5229
2022-04-17,San Francisco,075,870044,128084,126976,8406,135382,854
2022-04-17,San Joaquin,077,732212,167252,166645,9965,176610,2220
2022-04-17,San Luis Obispo,079,281455,52763,52698,3772,56470,476
2022-04-17,San Mateo,081,765935,124253,122652,7081,129733,699
2022-04-17,Santa Barbara,083,443738,86433,86030,4733,90763,684
2022-04-17,Santa Clara,085,1922200,319886,315296,12529,327825,2268
2022-04-17,Santa Cruz,087,273765,48622,47895,2120,50015,261
2022-04-17,Shasta,089,179085,30619,30578,6093,36671,554
2022-04-17,Sierra,091,2930,274,276,48,324,4
2022-04-17,Siskiyou,093,43540,4435,4444,2728,7172,80
2022-04-17,Solano,095,438530,82139,81781,5604,87385,447
2022-04-17,Sonoma,097,501317,84604,84172,2737,86909,485
2022-04-17,Stanislaus,099,539301,117900,117567,17888,135455,1619
2022-04-17,Sutter,101,95872,20526,20621,2087,22708,224
2022-04-17,Tehama,103,63373,12062,12061,2571,14632,199
2022-04-17,Trinity,105,12862,1183,1178,287,1465,20
2022-04-17,Tulare,107,460477,106509,105757,27600,133357,1428
2022-04-17,Tuolumne,109,53932,12729,12640,567,13207,180
2022-04-17,Ventura,111,848112,173961,173665,9456,183121,1474
2022-04-17,Yolo,113,214977,37448,36752,2940,39692,311
2022-04-17,Yuba,115,75493,15871,15857,1200,17057,121
2022-04-16,Alameda,001,1643700,260021,257897,13946,271843,1829
2022-04-16,Alpine,002,1148,124,124,1,125,0
2022-04-16,Amador,005,37829,8542,8491,648,9139,86
2022-04-16,Butte,007,227075,33298,33053,7065,40118,405
2022-04-16,Calaveras,009,45235,7291,7275,350,7625,119
2022-04-16,Colusa,011,21464,3459,3450,1047,4497,21
2022-04-16,Contra Costa,013,1133247,194089,189742,13578,203320,1298
2022-04-16,Del Norte,015,27424,5829,5809,184,5993,50
2022-04-16,El Dorado,017,186661,26836,26796,3202,29998,209
2022-04-16,Fresno,019,978130,235517,231455,24435,255890,2739
2022-04-16,Glenn,021,27897,5007,4991,1606,6597,48
2022-04-16,Humboldt,023,135768,17002,16929,2963,19892,143
2022-04-16,Imperial,025,180216,55475,55371,10549,65920,910
2022-04-16,Inyo,027,18085,4080,4075,491,4566,56
2022-04-16,Kern,029,883053,192126,191866,45849,237715,2258
2022-04-16,Kings,031,150075,51571,51544,3522,55066,445
2022-04-16,Lake,033,64148,10741,10702,887,11589,134
2022-04-16,Lassen,035,31185,8965,8950,876,9826,65
2022-04-16,Los Angeles,037,10098052,2728060,2717479,123704,2841183,31598
2022-04-16,Madera,039,155013,37328,37362,6026,43388,354
2022-04-16,Marin,041,260295,34112,33829,2526,36355,288
2022-04-16,Mariposa,043,17540,2417,2406,203,2609,30
2022-04-16,Mendocino,045,87422,13146,13107,3035,16142,122
2022-04-16,Merced,047,269075,63108,62295,8835,71130,813
2022-04-16,Modoc,049,8938,740,743,251,994,8
2022-04-16,Mono,051,14174,2986,2977,127,3104,6
2022-04-16,Monterey,053,433212,79689,79311,13762,93073,727
2022-04-16,Napa,055,140530,26034,25929,982,26911,143
2022-04-16,Nevada,057,99092,16041,16014,1203,17217,123
2022-04-16,Orange,059,3164182,549702,548311,42032,590343,6945
2022-04-16,Placer,061,380077,63118,62882,7365,70247,618
2022-04-16,Plumas,063,18699,2984,2929,365,3294,13
2022-04-16,Riverside,065,2383286,593076,591772,27896,619668,6443
2022-04-16,Sacramento,067,1510023,282199,278523,26908,305431,2978
2022-04-16,San Benito,069,59416,13008,12926,518,13444,98
2022-04-16,San Bernardino,071,2135413,576068,564397,24994,589391,6948
2022-04-16,San Diego,073,3302833,755010,756165,52858,809023,5229
2022-04-16,San Francisco,075,870044,127927,126976,8397,135373,854
2022-04-16,San Joaquin,077,732212,167211,166645,9962,176607,2220
2022-04-16,San Luis Obispo,079,281455,52757,52698,3771,56469,476
2022-04-16,San Mateo,081,765935,124149,122652,7078,129730,699
2022-04-16,Santa Barbara,083,443738,86403,86030,4733,90763,684
2022-04-16,Santa Clara,085,1922200,319645,315296,12521,327817,2268
2022-04-16,Santa Cruz,087,273765,48594,47895,2120,50015,261
2022-04-16,Shasta,089,179085,30615,30578,6093,36671,554
2022-04-16,Sierra,091,2930,274,276,48,324,4
2022-04-16,Siskiyou,093,43540,4435,4444,2728,7172,80
2022-04-16,Solano,095,438530,82124,81781,5602,87383,447
2022-04-16,Sonoma,097,501317,84555,84172,2728,86900,485
2022-04-16,Stanislaus,099,539301,117880,117567,17883,135450,1619
2022-04-16,Sutter,101,95872,20522,20621,2087,22708,224
2022-04-16,Tehama,103,63373,12061,12061,2571,14632,199
2022-04-16,Trinity,105,12862,1183,1178,287,1465,20
2022-04-16,Tulare,107,460477,106499,105757,27598,133355,1428
2022-04-16,Tuolumne,109,53932,12728,12640,567,13207,180
2022-04-16,Ventura,111,848112,173933,173665,9452,183117,1474
2022-04-16,Yolo,113,214977,37440,36752,2939,39691,311
2022-04-16,Yuba,115,75493,15867,15857,1200,17057,121
2022-04-15,Alameda,001,1643700,259840,257897,13938,271835,1829
2022-04-15,Alpine,002,1148,124,124,1,125,0
2022-04-15,Amador,005,37829,8541,8491,646,9137,86
2022-04-15,Butte,007,227075,33296,33053,7063,40116,405
2022-04-15,Calaveras,009,45235,7289,7275,350,7625,119
2022-04-15,Colusa,011,21464,3459,3450,1047,4497,21
2022-04-15,Contra Costa,013,1133247,193971,189742,13571,203313,1298
2022-04-15,Del Norte,015,27424,5828,5809,184,5993,50
2022-04-15,El Dorado,017,186661,26821,26796,3201,29997,209
2022-04-15,Fresno,019,978130,235488,231455,24434,255889,2739
2022-04-15,Glenn,021,27897,5006,4991,1606,6597,48
2022-04-15,Humboldt,023,135768,16990,16929,2962,19891,143
2022-04-15,Imperial,025,180216,55473,55371,10549,65920,910
2022-04-15,Inyo,027,18085,4080,4075,490,4565,56
2022-04-15,Kern,029,883053,192111,191866,45839,237705,2258
2022-04-15,Kings,031,150075,51567,51544,3522,55066,445
2022-04-15,Lake,033,64148,10736,10702,887,11589,134
2022-04-15,Lassen,035,31185,8965,8950,876,9826,65
2022-04-15,Los Angeles,037,10098052,2727282,2717479,123637,2841116,31598
2022-04-15,Madera,039,155013,37326,37362,6026,43388,354
2022-04-15,Marin,041,260295,34078,33829,2505,36334,288
2022-04-15,Mariposa,043,17540,2416,2406,203,2609,30
2022-04-15,Mendocino,045,87422,13140,13107,3033,16140,122
2022-04-15,Merced,047,269075,63104,62295,8835,71130,813
2022-04-15,Modoc,049,8938,740,743,251,994,8
2022-04-15,Mono,051,14174,2981,2977,126,3103,6
2022-04-15,Monterey,053,433212,79662,79311,13756,93067,727
2022-04-15,Napa,055,140530,26017,25929,981,26910,143
2022-04-15,Nevada,057,99092,16039,16014,1202,17216,123
2022-04-15,Orange,059,3164182,549581,548311,42000,590311,6945
2022-04-15,Placer,061,380077,63103,62882,7364,70246,618
2022-04-15,Plumas,063,18699,2984,2929,365,3294,13
2022-04-15,Riverside,065,2383286,592975,591772,27890,619662,6443
2022-04-15,Sacramento,067,1510023,282120,278523,26904,305427,2978
2022-04-15,San Benito,069,59416,13006,12926,517,13443,98
2022-04-15,San Bernardino,071,2135413,575987,564397,24991,589388,6948
2022-04-15,San Diego,073,3302833,754817,756165,52839,809004,5229
2022-04-15,San Francisco,075,870044,127778,126976,8381,135357,854
2022-04-15,San Joaquin,077,732212,167188,166645,9960,176605,2220
2022-04-15,San Luis Obispo,079,281455,52749,52698,3771,56469,476
2022-04-15,San Mateo,081,765935,124013,122652,7071,129723,699
2022-04-15,Santa Barbara,083,443738,86370,86030,4732,90762,684
2022-04-15,Santa Clara,085,1922200,319353,315296,12512,327808,2268
2022-04-15,Santa Cruz,087,273765,48566,47895,2119,50014,261
2022-04-15,Shasta,089,179085,30606,30578,6093,36671,554
2022-04-15,Sierra,091,2930,274,276,48,324,4
2022-04-15,Siskiyou,093,43540,4433,4444,2728,7172,80
2022-04-15,Solano,095,438530,82099,81781,5602,87383,447
2022-04-15,Sonoma,097,501317,84502,84172,2712,86884,485
2022-04-15,Stanislaus,099,539301,117860,117567,17881,135448,1619
2022-04-15,Sutter,101,95872,20519,20621,2087,22708,224
2022-04-15,Tehama,103,63373,12061,12061,2571,14632,199
2022-04-15,Trinity,105,12862,1183,1178,287,1465,20
2022-04-15,Tulare,107,460477,106493,105757,27591,133348,1428
2022-04-15,Tuolumne,109,53932,12725,12640,564,13204,180
2022-04-15,Ventura,111,848112,173904,173665,9446,183111,1474
2022-04-15,Yolo,113,214977,37423,36752,2939,39691,311
2022-04-15,Yuba,115,75493,15864,15857,1200,17057,121
2022-04-14,Alameda,001,1643700,259577,257897,13927,271824,1829
2022-04-14,Alpine,002,1148,124,124,1,125,0
2022-04-14,Amador,005,37829,8541,8491,646,9137,86
2022-04-14,Butte,007,227075,33291,33053,7060,40113,405
2022-04-14,Calaveras,009,45235,7288,7275,350,7625,119
2022-04-14,Colusa,011,21464,3459,3450,1047,4497,21
2022-04-14,Contra Costa,013,1133247,193815,189742,13559,203301,1298
2022-04-14,Del Norte,015,27424,5827,5809,184,5993,50
2022-04-14,El Dorado,017,186661,26818,26796,3199,29995,209
2022-04-14,Fresno,019,978130,235461,231455,24433,255888,2739
2022-04-14,Glenn,021,27897,5006,4991,1604,6595,48
2022-04-14,Humboldt,023,135768,16975,16929,2961,19890,143
2022-04-14,Imperial,025,180216,55463,55371,10549,65920,910
2022-04-14,Inyo,027,18085,4080,4075,489,4564,56
2022-04-14,Kern,029,883053,192092,191866,45831,237697,2258
2022-04-14,Kings,031,150075,51559,51544,3522,55066,445
2022-04-14,Lake,033,64148,10735,10702,887,11589,134
2022-04-14,Lassen,035,31185,8965,8950,875,9825,65
2022-04-14,Los Angeles,037,10098052,2726196,2717479,123548,2841027,31598
2022-04-14,Madera,039,155013,37324,37362,6026,43388,354
2022-04-14,Marin,041,260295,34038,33829,2484,36313,288
2022-04-14,Mariposa,043,17540,2415,2406,203,2609,30
2022-04-14,Mendocino,045,87422,13135,13107,3033,16140,122
2022-04-14,Merced,047,269075,63100,62295,8834,71129,813
2022-04-14,Modoc,049,8938,739,743,251,994,8
2022-04-14,Mono,051,14174,2981,2977,125,3102,6
2022-04-14,Monterey,053,433212,79637,79311,13751,93062,727
2022-04-14,Napa,055,140530,25995,25929,980,26909,143
2022-04-14,Nevada,057,99092,16032,16014,1201,17215,123
2022-04-14,Orange,059,3164182,549390,548311,41971,590282,6945
2022-04-14,Placer,061,380077,63085,62882,7359,70241,618
2022-04-14,Plumas,063,18699,2984,2929,365,3294,13
2022-04-14,Riverside,065,2383286,592854,591772,27880,619652,6443
2022-04-14,Sacramento,067,1510023,282000,278523,26890,305413,2978
2022-04-14,San Benito,069,59416,13000,12926,517,13443,98
2022-04-14,San Bernardino,071,2135413,575816,564397,24986,589383,6948
2022-04-14,San Diego,073,3302833,754540,756165,52801,808966,5229
2022-04-14,San Francisco,075,870044,127574,126976,8368,135344,854
2022-04-14,San Joaquin,077,732212,167157,166645,9959,176604,2220
2022-04-14,San Luis Obispo,079,281455,52733,52698,3767,56465,476
2022-04-14,San Mateo,081,765935,123851,122652,7059,129711,699
2022-04-14,Santa Barbara,083,443738,86325,86030,4730,90760,684
2022-04-14,Santa Clara,085,1922200,319050,315296,12503,327799,2268
2022-04-14,Santa Cruz,087,273765,48536,47895,2118,50013,261
2022-04-14,Shasta,089,179085,30604,30578,6092,36670,554
2022-04-14,Sierra,091,2930,274,276,48,324,4
2022-04-14,Siskiyou,093,43540,4433,4444,2727,7171,80
2022-04-14,Solano,095,438530,82059,81781,5596,87377,447
2022-04-14,Sonoma,097,501317,84412,84172,2707,86879,485
2022-04-14,Stanislaus,099,539301,117841,117567,17878,135445,1619
2022-04-14,Sutter,101,95872,20517,20621,2078,22699,224
2022-04-14,Tehama,103,63373,12060,12061,2570,14631,199
2022-04-14,Trinity,105,12862,1183,1178,287,1465,20
2022-04-14,Tulare,107,460477,106479,105757,27587,133344,1428
2022-04-14,Tuolumne,109,53932,12720,12640,563,13203,180
2022-04-14,Ventura,111,848112,173855,173665,9440,183105,1474
2022-04-14,Yolo,113,214977,37396,36752,2936,39688,311
2022-04-14,Yuba,115,75493,15861,15857,1200,17057,121
2022-04-13,Alameda,001,1643700,259326,257440,13906,271346,1833
2022-04-13,Alpine,002,1148,124,124,1,125,0
2022-04-13,Amador,005,37829,8539,8490,646,9136,86
2022-04-13,Butte,007,227075,33283,33044,7060,40104,402
2022-04-13,Calaveras,009,45235,7287,7270,350,7620,119
2022-04-13,Colusa,011,21464,3459,3451,1047,4498,21
2022-04-13,Contra Costa,013,1133247,193681,189471,13545,203016,1298
2022-04-13,Del Norte,015,27424,5825,5812,184,5996,50
2022-04-13,El Dorado,017,186661,26814,26794,3199,29993,208
2022-04-13,Fresno,019,978130,235428,231325,24421,255746,2738
2022-04-13,Glenn,021,27897,5004,4989,1604,6593,48
2022-04-13,Humboldt,023,135768,16961,16922,2960,19882,143
2022-04-13,Imperial,025,180216,55450,55353,10546,65899,910
2022-04-13,Inyo,027,18085,4080,4074,486,4560,56
2022-04-13,Kern,029,883053,192067,191859,45825,237684,2249
2022-04-13,Kings,031,150075,51553,51535,3522,55057,443
2022-04-13,Lake,033,64148,10733,10695,887,11582,134
2022-04-13,Lassen,035,31185,8964,8949,875,9824,65
2022-04-13,Los Angeles,037,10098052,2724936,2715722,123474,2839196,31578
2022-04-13,Madera,039,155013,37321,37361,6026,43387,354
2022-04-13,Marin,041,260295,33999,33747,2455,36202,288
2022-04-13,Mariposa,043,17540,2409,2402,203,2605,29
2022-04-13,Mendocino,045,87422,13126,13101,3031,16132,120
2022-04-13,Merced,047,269075,63090,62276,8833,71109,811
2022-04-13,Modoc,049,8938,739,743,251,994,8
2022-04-13,Mono,051,14174,2979,2971,125,3096,6
2022-04-13,Monterey,053,433212,79624,79179,13744,92923,727
2022-04-13,Napa,055,140530,25978,25892,977,26869,143
2022-04-13,Nevada,057,99092,16026,16002,1201,17203,123
2022-04-13,Orange,059,3164182,549194,547783,41947,589730,6935
2022-04-13,Placer,061,380077,63058,62851,7356,70207,615
2022-04-13,Plumas,063,18699,2983,2923,365,3288,13
2022-04-13,Riverside,065,2383286,592715,591659,27873,619532,6437
2022-04-13,Sacramento,067,1510023,281912,277866,26887,304753,2974
2022-04-13,San Benito,069,59416,12994,12927,517,13444,98
2022-04-13,San Bernardino,071,2135413,575671,563709,24981,588690,6905
2022-04-13,San Diego,073,3302833,754256,755584,52769,808353,5223
2022-04-13,San Francisco,075,870044,127406,126608,8348,134956,850
2022-04-13,San Joaquin,077,732212,167122,166654,9957,176611,2219
2022-04-13,San Luis Obispo,079,281455,52709,52660,3767,56427,476
2022-04-13,San Mateo,081,765935,123696,122167,7038,129205,699
2022-04-13,Santa Barbara,083,443738,86287,85938,4725,90663,684
2022-04-13,Santa Clara,085,1922200,318778,314863,12486,327349,2267
2022-04-13,Santa Cruz,087,273765,48481,47765,2117,49882,260
2022-04-13,Shasta,089,179085,30602,30569,6092,36661,551
2022-04-13,Sierra,091,2930,274,276,48,324,4
2022-04-13,Siskiyou,093,43540,4432,4444,2726,7170,80
2022-04-13,Solano,095,438530,82020,81843,5593,87436,448
2022-04-13,Sonoma,097,501317,84341,84033,2693,86726,485
2022-04-13,Stanislaus,099,539301,117823,117573,17873,135446,1577
2022-04-13,Sutter,101,95872,20513,20610,2078,22688,223
2022-04-13,Tehama,103,63373,12059,12062,2569,14631,200
2022-04-13,Trinity,105,12862,1183,1177,287,1464,20
2022-04-13,Tulare,107,460477,106472,105519,27582,133101,1426
2022-04-13,Tuolumne,109,53932,12714,12639,563,13202,180
2022-04-13,Ventura,111,848112,173798,173558,9434,182992,1474
2022-04-13,Yolo,113,214977,37357,36684,2934,39618,311
2022-04-13,Yuba,115,75493,15857,15851,1200,17051,121
2022-04-12,Alameda,001,1643700,259081,257440,13895,271335,1833
2022-04-12,Alpine,002,1148,124,124,1,125,0
2022-04-12,Amador,005,37829,8538,8490,646,9136,86
2022-04-12,Butte,007,227075,33271,33044,7054,40098,402
2022-04-12,Calaveras,009,45235,7283,7270,349,7619,119
2022-04-12,Colusa,011,21464,3459,3451,1047,4498,21
2022-04-12,Contra Costa,013,1133247,193526,189471,13532,203003,1298
2022-04-12,Del Norte,015,27424,5822,5812,184,5996,50
2022-04-12,El Dorado,017,186661,26803,26794,3199,29993,208
2022-04-12,Fresno,019,978130,235398,231325,24414,255739,2738
2022-04-12,Glenn,021,27897,5004,4989,1604,6593,48
2022-04-12,Humboldt,023,135768,16953,16922,2958,19880,143
2022-04-12,Imperial,025,180216,55446,55353,10537,65890,910
2022-04-12,Inyo,027,18085,4080,4074,486,4560,56
2022-04-12,Kern,029,883053,192047,191859,45815,237674,2249
2022-04-12,Kings,031,150075,51545,51535,3520,55055,443
2022-04-12,Lake,033,64148,10729,10695,886,11581,134
2022-04-12,Lassen,035,31185,8964,8949,875,9824,65
2022-04-12,Los Angeles,037,10098052,2723695,2715722,123372,2839094,31578
2022-04-12,Madera,039,155013,37320,37361,6026,43387,354
2022-04-12,Marin,041,260295,33953,33747,2429,36176,288
2022-04-12,Mariposa,043,17540,2409,2402,203,2605,29
2022-04-12,Mendocino,045,87422,13118,13101,3025,16126,120
2022-04-12,Merced,047,269075,63076,62276,8831,71107,811
2022-04-12,Modoc,049,8938,739,743,250,993,8
2022-04-12,Mono,051,14174,2979,2971,125,3096,6
2022-04-12,Monterey,053,433212,79600,79179,13737,92916,727
2022-04-12,Napa,055,140530,25955,25892,967,26859,143
2022-04-12,Nevada,057,99092,16023,16002,1200,17202,123
2022-04-12,Orange,059,3164182,548943,547783,41912,589695,6935
2022-04-12,Placer,061,380077,63035,62851,7350,70201,615
2022-04-12,Plumas,063,18699,2982,2923,365,3288,13
2022-04-12,Riverside,065,2383286,592569,591659,27853,619512,6437
2022-04-12,Sacramento,067,1510023,281797,277866,26884,304750,2974
2022-04-12,San Benito,069,59416,12989,12927,516,13443,98
2022-04-12,San Bernardino,071,2135413,575498,563709,24978,588687,6905
2022-04-12,San Diego,073,3302833,753924,755584,52727,808311,5223
2022-04-12,San Francisco,075,870044,127193,126608,8334,134942,850
2022-04-12,San Joaquin,077,732212,167092,166654,9955,176609,2219
2022-04-12,San Luis Obispo,079,281455,52675,52660,3761,56421,476
2022-04-12,San Mateo,081,765935,123531,122167,7024,129191,699
2022-04-12,Santa Barbara,083,443738,86241,85938,4721,90659,684
2022-04-12,Santa Clara,085,1922200,318485,314863,12476,327339,2267
2022-04-12,Santa Cruz,087,273765,48401,47765,2114,49879,260
2022-04-12,Shasta,089,179085,30602,30569,6091,36660,551
2022-04-12,Sierra,091,2930,274,276,48,324,4
2022-04-12,Siskiyou,093,43540,4432,4444,2724,7168,80
2022-04-12,Solano,095,438530,81980,81843,5591,87434,448
2022-04-12,Sonoma,097,501317,84282,84033,2687,86720,485
2022-04-12,Stanislaus,099,539301,117803,117573,17869,135442,1577
2022-04-12,Sutter,101,95872,20510,20610,2078,22688,223
2022-04-12,Tehama,103,63373,12057,12062,2569,14631,200
2022-04-12,Trinity,105,12862,1183,1177,287,1464,20
2022-04-12,Tulare,107,460477,106457,105519,27578,133097,1426
2022-04-12,Tuolumne,109,53932,12712,12639,561,13200,180
2022-04-12,Ventura,111,848112,173750,173558,9428,182986,1474
2022-04-12,Yolo,113,214977,37317,36684,2928,39612,311
2022-04-12,Yuba,115,75493,15852,15851,1200,17051,121
2022-04-11,Alameda,001,1643700,258789,256649,13880,270529,1826
2022-04-11,Alpine,002,1148,124,124,1,125,0
2022-04-11,Amador,005,37829,8537,8489,646,9135,86
2022-04-11,Butte,007,227075,33258,33031,7050,40081,399
2022-04-11,Calaveras,009,45235,7280,7260,349,7609,119
2022-04-11,Colusa,011,21464,3457,3449,1047,4496,21
2022-04-11,Contra Costa,013,1133247,193359,189154,13515,202669,1296
2022-04-11,Del Norte,015,27424,5821,5811,184,5995,50
2022-04-11,El Dorado,017,186661,26791,26757,3198,29955,207
2022-04-11,Fresno,019,978130,235376,231090,24413,255503,2731
2022-04-11,Glenn,021,27897,5003,4988,1603,6591,47
2022-04-11,Humboldt,023,135768,16938,16913,2956,19869,141
2022-04-11,Imperial,025,180216,55441,55267,10535,65802,910
2022-04-11,Inyo,027,18085,4080,4071,486,4557,56
2022-04-11,Kern,029,883053,192022,191542,45813,237355,2244
2022-04-11,Kings,031,150075,51541,51519,3520,55039,443
2022-04-11,Lake,033,64148,10728,10690,885,11575,134
2022-04-11,Lassen,035,31185,8964,8948,875,9823,65
2022-04-11,Los Angeles,037,10098052,2722442,2709735,123300,2833035,31509
2022-04-11,Madera,039,155013,37313,37356,6026,43382,354
2022-04-11,Marin,041,260295,33895,33648,2412,36060,288
2022-04-11,Mariposa,043,17540,2408,2394,203,2597,29
2022-04-11,Mendocino,045,87422,13114,13087,3023,16110,120
2022-04-11,Merced,047,269075,63066,62231,8829,71060,811
2022-04-11,Modoc,049,8938,739,743,250,993,8
2022-04-11,Mono,051,14174,2978,2967,124,3091,6
2022-04-11,Monterey,053,433212,79580,79103,13728,92831,727
2022-04-11,Napa,055,140530,25938,25824,965,26789,144
2022-04-11,Nevada,057,99092,16019,15976,1200,17176,123
2022-04-11,Orange,059,3164182,548737,546983,41878,588861,6912
2022-04-11,Placer,061,380077,63013,62831,7349,70180,616
2022-04-11,Plumas,063,18699,2980,2887,365,3252,13
2022-04-11,Riverside,065,2383286,592441,591268,27836,619104,6429
2022-04-11,Sacramento,067,1510023,281698,277125,26880,304005,2972
2022-04-11,San Benito,069,59416,12988,12917,516,13433,98
2022-04-11,San Bernardino,071,2135413,575348,562571,24969,587540,6892
2022-04-11,San Diego,073,3302833,753597,754281,52688,806969,5210
2022-04-11,San Francisco,075,870044,126963,125963,8322,134285,844
2022-04-11,San Joaquin,077,732212,167054,166547,9949,176496,2212
2022-04-11,San Luis Obispo,079,281455,52652,52609,3760,56369,476
2022-04-11,San Mateo,081,765935,123341,121514,7014,128528,698
2022-04-11,Santa Barbara,083,443738,86192,85754,4716,90470,680
2022-04-11,Santa Clara,085,1922200,318140,313965,12461,326426,2266
2022-04-11,Santa Cruz,087,273765,48306,47624,2111,49735,259
2022-04-11,Shasta,089,179085,30597,30586,6090,36676,549
2022-04-11,Sierra,091,2930,274,272,48,320,4
2022-04-11,Siskiyou,093,43540,4432,4444,2722,7166,80
2022-04-11,Solano,095,438530,81952,81886,5590,87476,448
2022-04-11,Sonoma,097,501317,84214,83600,2675,86275,485
2022-04-11,Stanislaus,099,539301,117768,117528,17861,135389,1578
2022-04-11,Sutter,101,95872,20507,20591,2078,22669,223
2022-04-11,Tehama,103,63373,12056,12059,2568,14627,201
2022-04-11,Trinity,105,12862,1183,1177,287,1464,20
2022-04-11,Tulare,107,460477,106446,105278,27570,132848,1415
2022-04-11,Tuolumne,109,53932,12709,12632,561,13193,180
2022-04-11,Ventura,111,848112,173691,173343,9427,182770,1467
2022-04-11,Yolo,113,214977,37280,36587,2926,39513,312
2022-04-11,Yuba,115,75493,15849,15848,1199,17047,121
2022-04-10,Alameda,001,1643700,258454,256649,13869,270518,1826
2022-04-10,Alpine,002,1148,124,124,1,125,0
2022-04-10,Amador,005,37829,8535,8489,646,9135,86
2022-04-10,Butte,007,227075,33254,33031,7046,40077,399
2022-04-10,Calaveras,009,45235,7277,7260,349,7609,119
2022-04-10,Colusa,011,21464,3456,3449,1047,4496,21
2022-04-10,Contra Costa,013,1133247,193199,189154,13495,202649,1296
2022-04-10,Del Norte,015,27424,5818,5811,184,5995,50
2022-04-10,El Dorado,017,186661,26783,26757,3196,29953,207
2022-04-10,Fresno,019,978130,235338,231090,24411,255501,2731
2022-04-10,Glenn,021,27897,5003,4988,1603,6591,47
2022-04-10,Humboldt,023,135768,16928,16913,2954,19867,141
2022-04-10,Imperial,025,180216,55437,55267,10532,65799,910
2022-04-10,Inyo,027,18085,4080,4071,484,4555,56
2022-04-10,Kern,029,883053,192004,191542,45808,237350,2244
2022-04-10,Kings,031,150075,51539,51519,3520,55039,443
2022-04-10,Lake,033,64148,10724,10690,883,11573,134
2022-04-10,Lassen,035,31185,8963,8948,875,9823,65
2022-04-10,Los Angeles,037,10098052,2721118,2709735,123212,2832947,31509
2022-04-10,Madera,039,155013,37308,37356,6025,43381,354
2022-04-10,Marin,041,260295,33855,33648,2383,36031,288
2022-04-10,Mariposa,043,17540,2406,2394,203,2597,29
2022-04-10,Mendocino,045,87422,13106,13087,3022,16109,120
2022-04-10,Merced,047,269075,63055,62231,8827,71058,811
2022-04-10,Modoc,049,8938,739,743,250,993,8
2022-04-10,Mono,051,14174,2975,2967,124,3091,6
2022-04-10,Monterey,053,433212,79564,79103,13718,92821,727
2022-04-10,Napa,055,140530,25916,25824,963,26787,144
2022-04-10,Nevada,057,99092,16002,15976,1200,17176,123
2022-04-10,Orange,059,3164182,548486,546983,41838,588821,6912
2022-04-10,Placer,061,380077,62979,62831,7348,70179,616
2022-04-10,Plumas,063,18699,2977,2887,365,3252,13
2022-04-10,Riverside,065,2383286,592291,591268,27823,619091,6429
2022-04-10,Sacramento,067,1510023,281599,277125,26870,303995,2972
2022-04-10,San Benito,069,59416,12985,12917,516,13433,98
2022-04-10,San Bernardino,071,2135413,575115,562571,24960,587531,6892
2022-04-10,San Diego,073,3302833,753267,754281,52641,806922,5210
2022-04-10,San Francisco,075,870044,126722,125963,8307,134270,844
2022-04-10,San Joaquin,077,732212,167008,166547,9941,176488,2212
2022-04-10,San Luis Obispo,079,281455,52617,52609,3758,56367,476
2022-04-10,San Mateo,081,765935,123172,121514,7001,128515,698
2022-04-10,Santa Barbara,083,443738,86108,85754,4706,90460,680
2022-04-10,Santa Clara,085,1922200,317810,313965,12447,326412,2266
2022-04-10,Santa Cruz,087,273765,48216,47624,2110,49734,259
2022-04-10,Shasta,089,179085,30590,30586,6090,36676,549
2022-04-10,Sierra,091,2930,274,272,48,320,4
2022-04-10,Siskiyou,093,43540,4432,4444,2721,7165,80
2022-04-10,Solano,095,438530,81905,81886,5585,87471,448
2022-04-10,Sonoma,097,501317,84113,83600,2668,86268,485
2022-04-10,Stanislaus,099,539301,117745,117528,17854,135382,1578
2022-04-10,Sutter,101,95872,20503,20591,2074,22665,223
2022-04-10,Tehama,103,63373,12054,12059,2568,14627,201
2022-04-10,Trinity,105,12862,1183,1177,287,1464,20
2022-04-10,Tulare,107,460477,106429,105278,27563,132841,1415
2022-04-10,Tuolumne,109,53932,12702,12632,561,13193,180
2022-04-10,Ventura,111,848112,173612,173343,9422,182765,1467
2022-04-10,Yolo,113,214977,37250,36587,2921,39508,312
2022-04-10,Yuba,115,75493,15848,15848,1199,17047,121
2022-04-09,Alameda,001,1643700,258281,256649,13864,270513,1826
2022-04-09,Alpine,002,1148,124,124,1,125,0
2022-04-09,Amador,005,37829,8535,8489,645,9134,86
2022-04-09,Butte,007,227075,33251,33031,7046,40077,399
2022-04-09,Calaveras,009,45235,7276,7260,349,7609,119
2022-04-09,Colusa,011,21464,3455,3449,1047,4496,21
2022-04-09,Contra Costa,013,1133247,193101,189154,13488,202642,1296
2022-04-09,Del Norte,015,27424,5817,5811,184,5995,50
2022-04-09,El Dorado,017,186661,26775,26757,3196,29953,207
2022-04-09,Fresno,019,978130,235317,231090,24411,255501,2731
2022-04-09,Glenn,021,27897,5003,4988,1603,6591,47
2022-04-09,Humboldt,023,135768,16921,16913,2954,19867,141
2022-04-09,Imperial,025,180216,55432,55267,10530,65797,910
2022-04-09,Inyo,027,18085,4080,4071,484,4555,56
2022-04-09,Kern,029,883053,191995,191542,45803,237345,2244
2022-04-09,Kings,031,150075,51533,51519,3520,55039,443
2022-04-09,Lake,033,64148,10722,10690,883,11573,134
2022-04-09,Lassen,035,31185,8963,8948,875,9823,65
2022-04-09,Los Angeles,037,10098052,2720433,2709735,123140,2832875,31509
2022-04-09,Madera,039,155013,37305,37356,6025,43381,354
2022-04-09,Marin,041,260295,33817,33648,2347,35995,288
2022-04-09,Mariposa,043,17540,2406,2394,203,2597,29
2022-04-09,Mendocino,045,87422,13104,13087,3022,16109,120
2022-04-09,Merced,047,269075,63044,62231,8825,71056,811
2022-04-09,Modoc,049,8938,739,743,250,993,8
2022-04-09,Mono,051,14174,2974,2967,123,3090,6
2022-04-09,Monterey,053,433212,79555,79103,13714,92817,727
2022-04-09,Napa,055,140530,25891,25824,963,26787,144
2022-04-09,Nevada,057,99092,15999,15976,1200,17176,123
2022-04-09,Orange,059,3164182,548365,546983,41816,588799,6912
2022-04-09,Placer,061,380077,62964,62831,7346,70177,616
2022-04-09,Plumas,063,18699,2977,2887,365,3252,13
2022-04-09,Riverside,065,2383286,592201,591268,27813,619081,6429
2022-04-09,Sacramento,067,1510023,281552,277125,26868,303993,2972
2022-04-09,San Benito,069,59416,12984,12917,515,13432,98
2022-04-09,San Bernardino,071,2135413,575048,562571,24957,587528,6892
2022-04-09,San Diego,073,3302833,753119,754281,52628,806909,5210
2022-04-09,San Francisco,075,870044,126597,125963,8299,134262,844
2022-04-09,San Joaquin,077,732212,166992,166547,9938,176485,2212
2022-04-09,San Luis Obispo,079,281455,52617,52609,3755,56364,476
2022-04-09,San Mateo,081,765935,123078,121514,6998,128512,698
2022-04-09,Santa Barbara,083,443738,86075,85754,4706,90460,680
2022-04-09,Santa Clara,085,1922200,317614,313965,12444,326409,2266
2022-04-09,Santa Cruz,087,273765,48183,47624,2108,49732,259
2022-04-09,Shasta,089,179085,30588,30586,6090,36676,549
2022-04-09,Sierra,091,2930,274,272,48,320,4
2022-04-09,Siskiyou,093,43540,4431,4444,2720,7164,80
2022-04-09,Solano,095,438530,81887,81886,5583,87469,448
2022-04-09,Sonoma,097,501317,84074,83600,2664,86264,485
2022-04-09,Stanislaus,099,539301,117732,117528,17852,135380,1578
2022-04-09,Sutter,101,95872,20503,20591,2074,22665,223
2022-04-09,Tehama,103,63373,12054,12059,2568,14627,201
2022-04-09,Trinity,105,12862,1183,1177,287,1464,20
2022-04-09,Tulare,107,460477,106426,105278,27561,132839,1415
2022-04-09,Tuolumne,109,53932,12700,12632,561,13193,180
2022-04-09,Ventura,111,848112,173575,173343,9419,182762,1467
2022-04-09,Yolo,113,214977,37231,36587,2921,39508,312
2022-04-09,Yuba,115,75493,15847,15848,1199,17047,121
2022-04-08,Alameda,001,1643700,258120,256649,13858,270507,1826
2022-04-08,Alpine,002,1148,124,124,1,125,0
2022-04-08,Amador,005,37829,8533,8489,644,9133,86
2022-04-08,Butte,007,227075,33245,33031,7043,40074,399
2022-04-08,Calaveras,009,45235,7274,7260,349,7609,119
2022-04-08,Colusa,011,21464,3455,3449,1047,4496,21
2022-04-08,Contra Costa,013,1133247,193023,189154,13475,202629,1296
2022-04-08,Del Norte,015,27424,5815,5811,184,5995,50
2022-04-08,El Dorado,017,186661,26773,26757,3196,29953,207
2022-04-08,Fresno,019,978130,235297,231090,24409,255499,2731
2022-04-08,Glenn,021,27897,5003,4988,1603,6591,47
2022-04-08,Humboldt,023,135768,16917,16913,2952,19865,141
2022-04-08,Imperial,025,180216,55428,55267,10530,65797,910
2022-04-08,Inyo,027,18085,4078,4071,483,4554,56
2022-04-08,Kern,029,883053,191976,191542,45802,237344,2244
2022-04-08,Kings,031,150075,51528,51519,3520,55039,443
2022-04-08,Lake,033,64148,10722,10690,883,11573,134
2022-04-08,Lassen,035,31185,8963,8948,875,9823,65
2022-04-08,Los Angeles,037,10098052,2719807,2709735,123082,2832817,31509
2022-04-08,Madera,039,155013,37303,37356,6024,43380,354
2022-04-08,Marin,041,260295,33795,33648,2333,35981,288
2022-04-08,Mariposa,043,17540,2406,2394,202,2596,29
2022-04-08,Mendocino,045,87422,13102,13087,3022,16109,120
2022-04-08,Merced,047,269075,63039,62231,8822,71053,811
2022-04-08,Modoc,049,8938,739,743,250,993,8
2022-04-08,Mono,051,14174,2972,2967,123,3090,6
2022-04-08,Monterey,053,433212,79545,79103,13713,92816,727
2022-04-08,Napa,055,140530,25879,25824,955,26779,144
2022-04-08,Nevada,057,99092,15996,15976,1200,17176,123
2022-04-08,Orange,059,3164182,548244,546983,41802,588785,6912
2022-04-08,Placer,061,380077,62946,62831,7344,70175,616
2022-04-08,Plumas,063,18699,2974,2887,365,3252,13
2022-04-08,Riverside,065,2383286,592125,591268,27810,619078,6429
2022-04-08,Sacramento,067,1510023,281505,277125,26867,303992,2972
2022-04-08,San Benito,069,59416,12984,12917,515,13432,98
2022-04-08,San Bernardino,071,2135413,574995,562571,24954,587525,6892
2022-04-08,San Diego,073,3302833,752951,754281,52617,806898,5210
2022-04-08,San Francisco,075,870044,126500,125963,8294,134257,844
2022-04-08,San Joaquin,077,732212,166974,166547,9936,176483,2212
2022-04-08,San Luis Obispo,079,281455,52612,52609,3755,56364,476
2022-04-08,San Mateo,081,765935,122971,121514,6994,128508,698
2022-04-08,Santa Barbara,083,443738,86054,85754,4706,90460,680
2022-04-08,Santa Clara,085,1922200,317428,313965,12437,326402,2266
2022-04-08,Santa Cruz,087,273765,48166,47624,2105,49729,259
2022-04-08,Shasta,089,179085,30585,30586,6090,36676,549
2022-04-08,Sierra,091,2930,274,272,48,320,4
2022-04-08,Siskiyou,093,43540,4431,4444,2720,7164,80
2022-04-08,Solano,095,438530,81867,81886,5582,87468,448
2022-04-08,Sonoma,097,501317,84023,83600,2660,86260,485
2022-04-08,Stanislaus,099,539301,117717,117528,17850,135378,1578
2022-04-08,Sutter,101,95872,20503,20591,2074,22665,223
2022-04-08,Tehama,103,63373,12054,12059,2568,14627,201
2022-04-08,Trinity,105,12862,1183,1177,287,1464,20
2022-04-08,Tulare,107,460477,106421,105278,27557,132835,1415
2022-04-08,Tuolumne,109,53932,12699,12632,560,13192,180
2022-04-08,Ventura,111,848112,173546,173343,9417,182760,1467
2022-04-08,Yolo,113,214977,37222,36587,2920,39507,312
2022-04-08,Yuba,115,75493,15846,15848,1199,17047,121
2022-04-07,Alameda,001,1643700,257924,256649,13850,270499,1826
2022-04-07,Alpine,002,1148,124,124,1,125,0
2022-04-07,Amador,005,37829,8532,8489,641,9130,86
2022-04-07,Butte,007,227075,33241,33031,7041,40072,399
2022-04-07,Calaveras,009,45235,7272,7260,349,7609,119
2022-04-07,Colusa,011,21464,3454,3449,1047,4496,21
2022-04-07,Contra Costa,013,1133247,192904,189154,13463,202617,1296
2022-04-07,Del Norte,015,27424,5814,5811,184,5995,50
2022-04-07,El Dorado,017,186661,26761,26757,3194,29951,207
2022-04-07,Fresno,019,978130,235270,231090,24408,255498,2731
2022-04-07,Glenn,021,27897,5002,4988,1602,6590,47
2022-04-07,Humboldt,023,135768,16910,16913,2950,19863,141
2022-04-07,Imperial,025,180216,55426,55267,10528,65795,910
2022-04-07,Inyo,027,18085,4078,4071,483,4554,56
2022-04-07,Kern,029,883053,191952,191542,45799,237341,2244
2022-04-07,Kings,031,150075,51520,51519,3520,55039,443
2022-04-07,Lake,033,64148,10718,10690,883,11573,134
2022-04-07,Lassen,035,31185,8963,8948,875,9823,65
2022-04-07,Los Angeles,037,10098052,2718899,2709735,123007,2832742,31509
2022-04-07,Madera,039,155013,37299,37356,6024,43380,354
2022-04-07,Marin,041,260295,33775,33648,2314,35962,288
2022-04-07,Mariposa,043,17540,2403,2394,201,2595,29
2022-04-07,Mendocino,045,87422,13098,13087,3021,16108,120
2022-04-07,Merced,047,269075,63029,62231,8817,71048,811
2022-04-07,Modoc,049,8938,739,743,250,993,8
2022-04-07,Mono,051,14174,2971,2967,123,3090,6
2022-04-07,Monterey,053,433212,79523,79103,13709,92812,727
2022-04-07,Napa,055,140530,25863,25824,951,26775,144
2022-04-07,Nevada,057,99092,15988,15976,1199,17175,123
2022-04-07,Orange,059,3164182,548088,546983,41772,588755,6912
2022-04-07,Placer,061,380077,62929,62831,7341,70172,616
2022-04-07,Plumas,063,18699,2974,2887,365,3252,13
2022-04-07,Riverside,065,2383286,592023,591268,27796,619064,6429
2022-04-07,Sacramento,067,1510023,281440,277125,26860,303985,2972
2022-04-07,San Benito,069,59416,12983,12917,515,13432,98
2022-04-07,San Bernardino,071,2135413,574834,562571,24941,587512,6892
2022-04-07,San Diego,073,3302833,752685,754281,52585,806866,5210
2022-04-07,San Francisco,075,870044,126343,125963,8279,134242,844
2022-04-07,San Joaquin,077,732212,166934,166547,9933,176480,2212
2022-04-07,San Luis Obispo,079,281455,52594,52609,3753,56362,476
2022-04-07,San Mateo,081,765935,122848,121514,6978,128492,698
2022-04-07,Santa Barbara,083,443738,86010,85754,4704,90458,680
2022-04-07,Santa Clara,085,1922200,317205,313965,12425,326390,2266
2022-04-07,Santa Cruz,087,273765,48147,47624,2101,49725,259
2022-04-07,Shasta,089,179085,30583,30586,6090,36676,549
2022-04-07,Sierra,091,2930,274,272,48,320,4
2022-04-07,Siskiyou,093,43540,4431,4444,2719,7163,80
2022-04-07,Solano,095,438530,81837,81886,5582,87468,448
2022-04-07,Sonoma,097,501317,83980,83600,2654,86254,485
2022-04-07,Stanislaus,099,539301,117695,117528,17847,135375,1578
2022-04-07,Sutter,101,95872,20499,20591,2073,22664,223
2022-04-07,Tehama,103,63373,12053,12059,2568,14627,201
2022-04-07,Trinity,105,12862,1183,1177,287,1464,20
2022-04-07,Tulare,107,460477,106414,105278,27556,132834,1415
2022-04-07,Tuolumne,109,53932,12697,12632,559,13191,180
2022-04-07,Ventura,111,848112,173517,173343,9415,182758,1467
2022-04-07,Yolo,113,214977,37204,36587,2920,39507,312
2022-04-07,Yuba,115,75493,15844,15848,1199,17047,121
2022-04-06,Alameda,001,1643700,257739,256143,13842,269985,1814
2022-04-06,Alpine,002,1148,124,124,1,125,0
2022-04-06,Amador,005,37829,8531,8488,641,9129,86
2022-04-06,Butte,007,227075,33236,32997,7039,40036,396
2022-04-06,Calaveras,009,45235,7270,7258,349,7607,120
2022-04-06,Colusa,011,21464,3454,3447,1047,4494,21
2022-04-06,Contra Costa,013,1133247,192838,188850,13447,202297,1296
2022-04-06,Del Norte,015,27424,5814,5809,184,5993,50
2022-04-06,El Dorado,017,186661,26758,26744,3194,29938,205
2022-04-06,Fresno,019,978130,235235,230942,24404,255346,2725
2022-04-06,Glenn,021,27897,5002,4986,1601,6587,47
2022-04-06,Humboldt,023,135768,16906,16904,2949,19853,140
2022-04-06,Imperial,025,180216,55420,55294,10528,65822,908
2022-04-06,Inyo,027,18085,4077,4068,481,4549,56
2022-04-06,Kern,029,883053,191930,191449,45797,237246,2234
2022-04-06,Kings,031,150075,51519,51491,3519,55010,443
2022-04-06,Lake,033,64148,10714,10679,883,11562,136
2022-04-06,Lassen,035,31185,8963,8945,875,9820,65
2022-04-06,Los Angeles,037,10098052,2717854,2707306,122937,2830243,31465
2022-04-06,Madera,039,155013,37295,37349,6024,43373,354
2022-04-06,Marin,041,260295,33753,33566,2306,35872,288
2022-04-06,Mariposa,043,17540,2402,2392,201,2593,29
2022-04-06,Mendocino,045,87422,13094,13074,3020,16094,119
2022-04-06,Merced,047,269075,63021,62195,8813,71008,810
2022-04-06,Modoc,049,8938,739,741,250,991,8
2022-04-06,Mono,051,14174,2970,2967,123,3090,6
2022-04-06,Monterey,053,433212,79510,79019,13701,92720,727
2022-04-06,Napa,055,140530,25844,25790,947,26737,143
2022-04-06,Nevada,057,99092,15986,15974,1199,17173,123
2022-04-06,Orange,059,3164182,547920,546491,41749,588240,6887
2022-04-06,Placer,061,380077,62923,62787,7340,70127,615
2022-04-06,Plumas,063,18699,2974,2850,365,3215,13
2022-04-06,Riverside,065,2383286,591926,590826,27791,618617,6424
2022-04-06,Sacramento,067,1510023,281362,276567,26856,303423,2953
2022-04-06,San Benito,069,59416,12982,12908,515,13423,98
2022-04-06,San Bernardino,071,2135413,574701,561648,24939,586587,6883
2022-04-06,San Diego,073,3302833,752391,753402,52547,805949,5192
2022-04-06,San Francisco,075,870044,126184,125536,8273,133809,843
2022-04-06,San Joaquin,077,732212,166901,166415,9930,176345,2207
2022-04-06,San Luis Obispo,079,281455,52572,52557,3751,56308,475
2022-04-06,San Mateo,081,765935,122739,121041,6967,128008,693
2022-04-06,Santa Barbara,083,443738,85970,85630,4700,90330,679
2022-04-06,Santa Clara,085,1922200,317007,313278,12405,325683,2265
2022-04-06,Santa Cruz,087,273765,48092,47446,2096,49542,259
2022-04-06,Shasta,089,179085,30582,30565,6090,36655,529
2022-04-06,Sierra,091,2930,274,272,47,319,4
2022-04-06,Siskiyou,093,43540,4431,4442,2719,7161,80
2022-04-06,Solano,095,438530,81802,81789,5577,87366,447
2022-04-06,Sonoma,097,501317,83916,83361,2649,86010,485
2022-04-06,Stanislaus,099,539301,117679,117534,17841,135375,1578
2022-04-06,Sutter,101,95872,20494,20581,2073,22654,222
2022-04-06,Tehama,103,63373,12051,12049,2568,14617,198
2022-04-06,Trinity,105,12862,1183,1173,287,1460,20
2022-04-06,Tulare,107,460477,106407,104826,27551,132377,1414
2022-04-06,Tuolumne,109,53932,12695,12621,559,13180,180
2022-04-06,Ventura,111,848112,173464,173179,9409,182588,1460
2022-04-06,Yolo,113,214977,37179,36393,2919,39312,314
2022-04-06,Yuba,115,75493,15839,15839,1199,17038,121
2022-04-05,Alameda,001,1643700,257527,256143,13832,269975,1814
2022-04-05,Alpine,002,1148,124,124,1,125,0
2022-04-05,Amador,005,37829,8529,8488,641,9129,86
2022-04-05,Butte,007,227075,33231,32997,7036,40033,396
2022-04-05,Calaveras,009,45235,7266,7258,349,7607,120
2022-04-05,Colusa,011,21464,3452,3447,1046,4493,21
2022-04-05,Contra Costa,013,1133247,192746,188850,13440,202290,1296
2022-04-05,Del Norte,015,27424,5812,5809,184,5993,50
2022-04-05,El Dorado,017,186661,26747,26744,3194,29938,205
2022-04-05,Fresno,019,978130,235198,230942,24396,255338,2725
2022-04-05,Glenn,021,27897,5002,4986,1600,6586,47
2022-04-05,Humboldt,023,135768,16900,16904,2949,19853,140
2022-04-05,Imperial,025,180216,55418,55294,10527,65821,908
2022-04-05,Inyo,027,18085,4076,4068,480,4548,56
2022-04-05,Kern,029,883053,191910,191449,45794,237243,2234
2022-04-05,Kings,031,150075,51516,51491,3519,55010,443
2022-04-05,Lake,033,64148,10711,10679,883,11562,136
2022-04-05,Lassen,035,31185,8963,8945,874,9819,65
2022-04-05,Los Angeles,037,10098052,2716800,2707306,122863,2830169,31465
2022-04-05,Madera,039,155013,37288,37349,6022,43371,354
2022-04-05,Marin,041,260295,33698,33566,2291,35857,288
2022-04-05,Mariposa,043,17540,2402,2392,201,2593,29
2022-04-05,Mendocino,045,87422,13088,13074,3019,16093,119
2022-04-05,Merced,047,269075,63009,62195,8808,71003,810
2022-04-05,Modoc,049,8938,739,741,250,991,8
2022-04-05,Mono,051,14174,2969,2967,123,3090,6
2022-04-05,Monterey,053,433212,79487,79019,13690,92709,727
2022-04-05,Napa,055,140530,25835,25790,942,26732,143
2022-04-05,Nevada,057,99092,15978,15974,1199,17173,123
2022-04-05,Orange,059,3164182,547738,546491,41720,588211,6887
2022-04-05,Placer,061,380077,62897,62787,7340,70127,615
2022-04-05,Plumas,063,18699,2974,2850,365,3215,13
2022-04-05,Riverside,065,2383286,591805,590826,27779,618605,6424
2022-04-05,Sacramento,067,1510023,281282,276567,26851,303418,2953
2022-04-05,San Benito,069,59416,12975,12908,515,13423,98
2022-04-05,San Bernardino,071,2135413,574570,561648,24929,586577,6883
2022-04-05,San Diego,073,3302833,752083,753402,52503,805905,5192
2022-04-05,San Francisco,075,870044,125981,125536,8265,133801,843
2022-04-05,San Joaquin,077,732212,166859,166415,9928,176343,2207
2022-04-05,San Luis Obispo,079,281455,52555,52557,3746,56303,475
2022-04-05,San Mateo,081,765935,122621,121041,6957,127998,693
2022-04-05,Santa Barbara,083,443738,85934,85630,4699,90329,679
2022-04-05,Santa Clara,085,1922200,316747,313278,12392,325670,2265
2022-04-05,Santa Cruz,087,273765,48025,47446,2093,49539,259
2022-04-05,Shasta,089,179085,30582,30565,6088,36653,529
2022-04-05,Sierra,091,2930,274,272,47,319,4
2022-04-05,Siskiyou,093,43540,4431,4442,2719,7161,80
2022-04-05,Solano,095,438530,81749,81789,5574,87363,447
2022-04-05,Sonoma,097,501317,83852,83361,2640,86001,485
2022-04-05,Stanislaus,099,539301,117665,117534,17832,135366,1578
2022-04-05,Sutter,101,95872,20490,20581,2072,22653,222
2022-04-05,Tehama,103,63373,12049,12049,2567,14616,198
2022-04-05,Trinity,105,12862,1183,1173,287,1460,20
2022-04-05,Tulare,107,460477,106397,104826,27548,132374,1414
2022-04-05,Tuolumne,109,53932,12694,12621,559,13180,180
2022-04-05,Ventura,111,848112,173408,173179,9402,182581,1460
2022-04-05,Yolo,113,214977,37164,36393,2916,39309,314
2022-04-05,Yuba,115,75493,15837,15839,1199,17038,121
2022-04-04,Alameda,001,1643700,257296,256143,13817,269960,1814
2022-04-04,Alpine,002,1148,124,124,1,125,0
2022-04-04,Amador,005,37829,8528,8488,640,9128,86
2022-04-04,Butte,007,227075,33225,32997,7033,40030,396
2022-04-04,Calaveras,009,45235,7266,7258,349,7607,120
2022-04-04,Colusa,011,21464,3451,3447,1046,4493,21
2022-04-04,Contra Costa,013,1133247,192645,188850,13432,202282,1296
2022-04-04,Del Norte,015,27424,5812,5809,184,5993,50
2022-04-04,El Dorado,017,186661,26743,26744,3194,29938,205
2022-04-04,Fresno,019,978130,235180,230942,24391,255333,2725
2022-04-04,Glenn,021,27897,5001,4986,1600,6586,47
2022-04-04,Humboldt,023,135768,16892,16904,2944,19848,140
2022-04-04,Imperial,025,180216,55413,55294,10527,65821,908
2022-04-04,Inyo,027,18085,4076,4068,478,4546,56
2022-04-04,Kern,029,883053,191887,191449,45789,237238,2234
2022-04-04,Kings,031,150075,51510,51491,3519,55010,443
2022-04-04,Lake,033,64148,10706,10679,883,11562,136
2022-04-04,Lassen,035,31185,8963,8945,874,9819,65
2022-04-04,Los Angeles,037,10098052,2715705,2707306,122819,2830125,31465
2022-04-04,Madera,039,155013,37284,37349,6022,43371,354
2022-04-04,Marin,041,260295,33681,33566,2283,35849,288
2022-04-04,Mariposa,043,17540,2401,2392,201,2593,29
2022-04-04,Mendocino,045,87422,13082,13074,3017,16091,119
2022-04-04,Merced,047,269075,62998,62195,8803,70998,810
2022-04-04,Modoc,049,8938,739,741,250,991,8
2022-04-04,Mono,051,14174,2969,2967,123,3090,6
2022-04-04,Monterey,053,433212,79471,79019,13684,92703,727
2022-04-04,Napa,055,140530,25818,25790,941,26731,143
2022-04-04,Nevada,057,99092,15974,15974,1198,17172,123
2022-04-04,Orange,059,3164182,547572,546491,41694,588185,6887
2022-04-04,Placer,061,380077,62887,62787,7339,70126,615
2022-04-04,Plumas,063,18699,2973,2850,365,3215,13
2022-04-04,Riverside,065,2383286,591713,590826,27767,618593,6424
2022-04-04,Sacramento,067,1510023,281190,276567,26843,303410,2953
2022-04-04,San Benito,069,59416,12972,12908,515,13423,98
2022-04-04,San Bernardino,071,2135413,574432,561648,24922,586570,6883
2022-04-04,San Diego,073,3302833,751764,753402,52466,805868,5192
2022-04-04,San Francisco,075,870044,125781,125536,8256,133792,843
2022-04-04,San Joaquin,077,732212,166833,166415,9925,176340,2207
2022-04-04,San Luis Obispo,079,281455,52532,52557,3744,56301,475
2022-04-04,San Mateo,081,765935,122483,121041,6945,127986,693
2022-04-04,Santa Barbara,083,443738,85889,85630,4698,90328,679
2022-04-04,Santa Clara,085,1922200,316478,313278,12380,325658,2265
2022-04-04,Santa Cruz,087,273765,47978,47446,2093,49539,259
2022-04-04,Shasta,089,179085,30579,30565,6087,36652,529
2022-04-04,Sierra,091,2930,274,272,47,319,4
2022-04-04,Siskiyou,093,43540,4431,4442,2719,7161,80
2022-04-04,Solano,095,438530,81703,81789,5571,87360,447
2022-04-04,Sonoma,097,501317,83798,83361,2633,85994,485
2022-04-04,Stanislaus,099,539301,117644,117534,17825,135359,1578
2022-04-04,Sutter,101,95872,20487,20581,2072,22653,222
2022-04-04,Tehama,103,63373,12047,12049,2567,14616,198
2022-04-04,Trinity,105,12862,1183,1173,287,1460,20
2022-04-04,Tulare,107,460477,106388,104826,27545,132371,1414
2022-04-04,Tuolumne,109,53932,12687,12621,559,13180,180
2022-04-04,Ventura,111,848112,173368,173179,9399,182578,1460
2022-04-04,Yolo,113,214977,37150,36393,2914,39307,314
2022-04-04,Yuba,115,75493,15834,15839,1199,17038,121
2022-04-03,Alameda,001,1643700,257042,255650,13814,269464,1813
2022-04-03,Alpine,002,1148,124,124,1,125,0
2022-04-03,Amador,005,37829,8527,8485,640,9125,86
2022-04-03,Butte,007,227075,33218,32981,7031,40012,396
2022-04-03,Calaveras,009,45235,7266,7254,349,7603,119
2022-04-03,Colusa,011,21464,3451,3445,1046,4491,21
2022-04-03,Contra Costa,013,1133247,192539,188658,13422,202080,1291
2022-04-03,Del Norte,015,27424,5812,5812,184,5996,50
2022-04-03,El Dorado,017,186661,26728,26732,3191,29923,200
2022-04-03,Fresno,019,978130,235148,230559,24388,254947,2722
2022-04-03,Glenn,021,27897,5001,4982,1600,6582,47
2022-04-03,Humboldt,023,135768,16886,16898,2944,19842,140
2022-04-03,Imperial,025,180216,55411,55266,10524,65790,908
2022-04-03,Inyo,027,18085,4074,4063,478,4541,56
2022-04-03,Kern,029,883053,191862,191384,45784,237168,2224
2022-04-03,Kings,031,150075,51504,51470,3517,54987,443
2022-04-03,Lake,033,64148,10704,10674,883,11557,136
2022-04-03,Lassen,035,31185,8962,8943,874,9817,65
2022-04-03,Los Angeles,037,10098052,2714515,2703576,122734,2826310,31410
2022-04-03,Madera,039,155013,37282,37333,6021,43354,354
2022-04-03,Marin,041,260295,33646,33493,2275,35768,287
2022-04-03,Mariposa,043,17540,2400,2391,201,2592,29
2022-04-03,Mendocino,045,87422,13076,13058,3016,16074,119
2022-04-03,Merced,047,269075,62983,62149,8797,70946,808
2022-04-03,Modoc,049,8938,738,741,250,991,8
2022-04-03,Mono,051,14174,2969,2967,123,3090,6
2022-04-03,Monterey,053,433212,79454,78964,13659,92623,726
2022-04-03,Napa,055,140530,25799,25757,940,26697,143
2022-04-03,Nevada,057,99092,15968,15962,1197,17159,123
2022-04-03,Orange,059,3164182,547373,546047,41669,587716,6880
2022-04-03,Placer,061,380077,62861,62740,7334,70074,614
2022-04-03,Plumas,063,18699,2972,2803,365,3168,14
2022-04-03,Riverside,065,2383286,591556,590563,27752,618315,6418
2022-04-03,Sacramento,067,1510023,281115,276218,26830,303048,2950
2022-04-03,San Benito,069,59416,12968,12901,515,13416,98
2022-04-03,San Bernardino,071,2135413,574287,561362,24919,586281,6865
2022-04-03,San Diego,073,3302833,751435,752281,52429,804710,5178
2022-04-03,San Francisco,075,870044,125550,125075,8250,133325,843
2022-04-03,San Joaquin,077,732212,166778,166336,9920,176256,2202
2022-04-03,San Luis Obispo,079,281455,52513,52512,3744,56256,475
2022-04-03,San Mateo,081,765935,122343,120717,6938,127655,693
2022-04-03,Santa Barbara,083,443738,85844,85611,4696,90307,678
2022-04-03,Santa Clara,085,1922200,316178,312517,12371,324888,2258
2022-04-03,Santa Cruz,087,273765,47923,47371,2091,49462,259
2022-04-03,Shasta,089,179085,30569,30556,6086,36642,530
2022-04-03,Sierra,091,2930,274,273,47,320,4
2022-04-03,Siskiyou,093,43540,4431,4439,2719,7158,80
2022-04-03,Solano,095,438530,81661,81848,5565,87413,446
2022-04-03,Sonoma,097,501317,83719,83235,2625,85860,485
2022-04-03,Stanislaus,099,539301,117613,117536,17819,135355,1581
2022-04-03,Sutter,101,95872,20484,20570,2072,22642,222
2022-04-03,Tehama,103,63373,12045,12046,2567,14613,198
2022-04-03,Trinity,105,12862,1183,1173,287,1460,20
2022-04-03,Tulare,107,460477,106381,104736,27538,132274,1410
2022-04-03,Tuolumne,109,53932,12686,12618,559,13177,180
2022-04-03,Ventura,111,848112,173315,173044,9395,182439,1460
2022-04-03,Yolo,113,214977,37129,36347,2912,39259,313
2022-04-03,Yuba,115,75493,15832,15835,1199,17034,120
2022-04-02,Alameda,001,1643700,256939,255650,13814,269464,1813
2022-04-02,Alpine,002,1148,124,124,1,125,0
2022-04-02,Amador,005,37829,8527,8485,640,9125,86
2022-04-02,Butte,007,227075,33214,32981,7030,40011,396
2022-04-02,Calaveras,009,45235,7266,7254,349,7603,119
2022-04-02,Colusa,011,21464,3451,3445,1046,4491,21
2022-04-02,Contra Costa,013,1133247,192480,188658,13419,202077,1291
2022-04-02,Del Norte,015,27424,5811,5812,184,5996,50
2022-04-02,El Dorado,017,186661,26725,26732,3191,29923,200
2022-04-02,Fresno,019,978130,235119,230559,24388,254947,2722
2022-04-02,Glenn,021,27897,5001,4982,1600,6582,47
2022-04-02,Humboldt,023,135768,16882,16898,2944,19842,140
2022-04-02,Imperial,025,180216,55408,55266,10522,65788,908
2022-04-02,Inyo,027,18085,4074,4063,478,4541,56
2022-04-02,Kern,029,883053,191847,191384,45780,237164,2224
2022-04-02,Kings,031,150075,51501,51470,3517,54987,443
2022-04-02,Lake,033,64148,10703,10674,883,11557,136
2022-04-02,Lassen,035,31185,8962,8943,874,9817,65
2022-04-02,Los Angeles,037,10098052,2713995,2703576,122694,2826270,31410
2022-04-02,Madera,039,155013,37279,37333,6021,43354,354
2022-04-02,Marin,041,260295,33623,33493,2267,35760,287
2022-04-02,Mariposa,043,17540,2399,2391,201,2592,29
2022-04-02,Mendocino,045,87422,13074,13058,3016,16074,119
2022-04-02,Merced,047,269075,62980,62149,8797,70946,808
2022-04-02,Modoc,049,8938,738,741,250,991,8
2022-04-02,Mono,051,14174,2969,2967,122,3089,6
2022-04-02,Monterey,053,433212,79441,78964,13653,92617,726
2022-04-02,Napa,055,140530,25785,25757,939,26696,143
2022-04-02,Nevada,057,99092,15964,15962,1196,17158,123
2022-04-02,Orange,059,3164182,547268,546047,41657,587704,6880
2022-04-02,Placer,061,380077,62850,62740,7332,70072,614
2022-04-02,Plumas,063,18699,2972,2803,365,3168,14
2022-04-02,Riverside,065,2383286,591482,590563,27747,618310,6418
2022-04-02,Sacramento,067,1510023,281075,276218,26829,303047,2950
2022-04-02,San Benito,069,59416,12967,12901,515,13416,98
2022-04-02,San Bernardino,071,2135413,574234,561362,24916,586278,6865
2022-04-02,San Diego,073,3302833,751311,752281,52419,804700,5178
2022-04-02,San Francisco,075,870044,125445,125075,8242,133317,843
2022-04-02,San Joaquin,077,732212,166756,166336,9918,176254,2202
2022-04-02,San Luis Obispo,079,281455,52508,52512,3744,56256,475
2022-04-02,San Mateo,081,765935,122246,120717,6931,127648,693
2022-04-02,Santa Barbara,083,443738,85825,85611,4695,90306,678
2022-04-02,Santa Clara,085,1922200,316014,312517,12367,324884,2258
2022-04-02,Santa Cruz,087,273765,47911,47371,2090,49461,259
2022-04-02,Shasta,089,179085,30568,30556,6086,36642,530
2022-04-02,Sierra,091,2930,274,273,47,320,4
2022-04-02,Siskiyou,093,43540,4431,4439,2718,7157,80
2022-04-02,Solano,095,438530,81646,81848,5564,87412,446
2022-04-02,Sonoma,097,501317,83671,83235,2619,85854,485
2022-04-02,Stanislaus,099,539301,117604,117536,17817,135353,1581
2022-04-02,Sutter,101,95872,20479,20570,2072,22642,222
2022-04-02,Tehama,103,63373,12045,12046,2567,14613,198
2022-04-02,Trinity,105,12862,1183,1173,287,1460,20
2022-04-02,Tulare,107,460477,106377,104736,27535,132271,1410
2022-04-02,Tuolumne,109,53932,12684,12618,559,13177,180
2022-04-02,Ventura,111,848112,173274,173044,9395,182439,1460
2022-04-02,Yolo,113,214977,37117,36347,2909,39256,313
2022-04-02,Yuba,115,75493,15831,15835,1199,17034,120
2022-04-01,Alameda,001,1643700,256824,255650,13809,269459,1813
2022-04-01,Alpine,002,1148,124,124,1,125,0
2022-04-01,Amador,005,37829,8527,8485,640,9125,86
2022-04-01,Butte,007,227075,33210,32981,7027,40008,396
2022-04-01,Calaveras,009,45235,7264,7254,349,7603,119
2022-04-01,Colusa,011,21464,3450,3445,1046,4491,21
2022-04-01,Contra Costa,013,1133247,192427,188658,13418,202076,1291
2022-04-01,Del Norte,015,27424,5809,5812,184,5996,50
2022-04-01,El Dorado,017,186661,26722,26732,3190,29922,200
2022-04-01,Fresno,019,978130,235094,230559,24386,254945,2722
2022-04-01,Glenn,021,27897,5001,4982,1600,6582,47
2022-04-01,Humboldt,023,135768,16880,16898,2944,19842,140
2022-04-01,Imperial,025,180216,55406,55266,10522,65788,908
2022-04-01,Inyo,027,18085,4072,4063,477,4540,56
2022-04-01,Kern,029,883053,191836,191384,45777,237161,2224
2022-04-01,Kings,031,150075,51498,51470,3517,54987,443
2022-04-01,Lake,033,64148,10700,10674,883,11557,136
2022-04-01,Lassen,035,31185,8961,8943,874,9817,65
2022-04-01,Los Angeles,037,10098052,2713501,2703576,122651,2826227,31410
2022-04-01,Madera,039,155013,37278,37333,6021,43354,354
2022-04-01,Marin,041,260295,33605,33493,2260,35753,287
2022-04-01,Mariposa,043,17540,2396,2391,201,2592,29
2022-04-01,Mendocino,045,87422,13071,13058,3015,16073,119
2022-04-01,Merced,047,269075,62973,62149,8796,70945,808
2022-04-01,Modoc,049,8938,738,741,250,991,8
2022-04-01,Mono,051,14174,2969,2967,122,3089,6
2022-04-01,Monterey,053,433212,79423,78964,13650,92614,726
2022-04-01,Napa,055,140530,25775,25757,939,26696,143
2022-04-01,Nevada,057,99092,15964,15962,1195,17157,123
2022-04-01,Orange,059,3164182,547160,546047,41649,587696,6880
2022-04-01,Placer,061,380077,62836,62740,7332,70072,614
2022-04-01,Plumas,063,18699,2972,2803,364,3167,14
2022-04-01,Riverside,065,2383286,591416,590563,27734,618297,6418
2022-04-01,Sacramento,067,1510023,281037,276218,26822,303040,2950
2022-04-01,San Benito,069,59416,12966,12901,515,13416,98
2022-04-01,San Bernardino,071,2135413,574178,561362,24912,586274,6865
2022-04-01,San Diego,073,3302833,751166,752281,52403,804684,5178
2022-04-01,San Francisco,075,870044,125335,125075,8236,133311,843
2022-04-01,San Joaquin,077,732212,166736,166336,9915,176251,2202
2022-04-01,San Luis Obispo,079,281455,52502,52512,3743,56255,475
2022-04-01,San Mateo,081,765935,122182,120717,6927,127644,693
2022-04-01,Santa Barbara,083,443738,85805,85611,4695,90306,678
2022-04-01,Santa Clara,085,1922200,315864,312517,12366,324883,2258
2022-04-01,Santa Cruz,087,273765,47896,47371,2088,49459,259
2022-04-01,Shasta,089,179085,30567,30556,6086,36642,530
2022-04-01,Sierra,091,2930,274,273,47,320,4
2022-04-01,Siskiyou,093,43540,4431,4439,2717,7156,80
2022-04-01,Solano,095,438530,81630,81848,5564,87412,446
2022-04-01,Sonoma,097,501317,83627,83235,2618,85853,485
2022-04-01,Stanislaus,099,539301,117592,117536,17814,135350,1581
2022-04-01,Sutter,101,95872,20479,20570,2072,22642,222
2022-04-01,Tehama,103,63373,12045,12046,2567,14613,198
2022-04-01,Trinity,105,12862,1183,1173,287,1460,20
2022-04-01,Tulare,107,460477,106372,104736,27531,132267,1410
2022-04-01,Tuolumne,109,53932,12683,12618,559,13177,180
2022-04-01,Ventura,111,848112,173243,173044,9391,182435,1460
2022-04-01,Yolo,113,214977,37103,36347,2908,39255,313
2022-04-01,Yuba,115,75493,15830,15835,1199,17034,120
2022-03-31,Alameda,001,1643700,256650,255650,13796,269446,1813
2022-03-31,Alpine,002,1148,124,124,1,125,0
2022-03-31,Amador,005,37829,8527,8485,640,9125,86
2022-03-31,Butte,007,227075,33206,32981,7024,40005,396
2022-03-31,Calaveras,009,45235,7261,7254,349,7603,119
2022-03-31,Colusa,011,21464,3449,3445,1046,4491,21
2022-03-31,Contra Costa,013,1133247,192329,188658,13412,202070,1291
2022-03-31,Del Norte,015,27424,5808,5812,184,5996,50
2022-03-31,El Dorado,017,186661,26714,26732,3190,29922,200
2022-03-31,Fresno,019,978130,235059,230559,24365,254924,2722
2022-03-31,Glenn,021,27897,5000,4982,1600,6582,47
2022-03-31,Humboldt,023,135768,16876,16898,2944,19842,140
2022-03-31,Imperial,025,180216,55403,55266,10521,65787,908
2022-03-31,Inyo,027,18085,4071,4063,474,4537,56
2022-03-31,Kern,029,883053,191821,191384,45768,237152,2224
2022-03-31,Kings,031,150075,51489,51470,3517,54987,443
2022-03-31,Lake,033,64148,10699,10674,882,11556,136
2022-03-31,Lassen,035,31185,8959,8943,874,9817,65
2022-03-31,Los Angeles,037,10098052,2712759,2703576,122594,2826170,31410
2022-03-31,Madera,039,155013,37275,37333,6021,43354,354
2022-03-31,Marin,041,260295,33579,33493,2248,35741,287
2022-03-31,Mariposa,043,17540,2395,2391,200,2591,29
2022-03-31,Mendocino,045,87422,13067,13058,3015,16073,119
2022-03-31,Merced,047,269075,62968,62149,8793,70942,808
2022-03-31,Modoc,049,8938,738,741,250,991,8
2022-03-31,Mono,051,14174,2969,2967,122,3089,6
2022-03-31,Monterey,053,433212,79406,78964,13639,92603,726
2022-03-31,Napa,055,140530,25768,25757,937,26694,143
2022-03-31,Nevada,057,99092,15957,15962,1194,17156,123
2022-03-31,Orange,059,3164182,547012,546047,41635,587682,6880
2022-03-31,Placer,061,380077,62811,62740,7329,70069,614
2022-03-31,Plumas,063,18699,2972,2803,363,3166,14
2022-03-31,Riverside,065,2383286,591306,590563,27731,618294,6418
2022-03-31,Sacramento,067,1510023,280962,276218,26814,303032,2950
2022-03-31,San Benito,069,59416,12965,12901,515,13416,98
2022-03-31,San Bernardino,071,2135413,574081,561362,24901,586263,6865
2022-03-31,San Diego,073,3302833,750930,752281,52376,804657,5178
2022-03-31,San Francisco,075,870044,125178,125075,8224,133299,843
2022-03-31,San Joaquin,077,732212,166702,166336,9900,176236,2202
2022-03-31,San Luis Obispo,079,281455,52488,52512,3742,56254,475
2022-03-31,San Mateo,081,765935,122071,120717,6926,127643,693
2022-03-31,Santa Barbara,083,443738,85775,85611,4695,90306,678
2022-03-31,Santa Clara,085,1922200,315636,312517,12355,324872,2258
2022-03-31,Santa Cruz,087,273765,47877,47371,2086,49457,259
2022-03-31,Shasta,089,179085,30561,30556,6086,36642,530
2022-03-31,Sierra,091,2930,271,273,47,320,4
2022-03-31,Siskiyou,093,43540,4430,4439,2717,7156,80
2022-03-31,Solano,095,438530,81601,81848,5561,87409,446
2022-03-31,Sonoma,097,501317,83584,83235,2612,85847,485
2022-03-31,Stanislaus,099,539301,117575,117536,17809,135345,1581
2022-03-31,Sutter,101,95872,20476,20570,2071,22641,222
2022-03-31,Tehama,103,63373,12044,12046,2566,14612,198
2022-03-31,Trinity,105,12862,1183,1173,287,1460,20
2022-03-31,Tulare,107,460477,106362,104736,27523,132259,1410
2022-03-31,Tuolumne,109,53932,12682,12618,559,13177,180
2022-03-31,Ventura,111,848112,173204,173044,9388,182432,1460
2022-03-31,Yolo,113,214977,37087,36347,2908,39255,313
2022-03-31,Yuba,115,75493,15830,15835,1196,17031,120
2022-03-30,Alameda,001,1643700,256519,255467,13788,269255,1812
2022-03-30,Alpine,002,1148,124,124,1,125,0
2022-03-30,Amador,005,37829,8527,8485,640,9125,86
2022-03-30,Butte,007,227075,33201,32968,7018,39986,396
2022-03-30,Calaveras,009,45235,7259,7253,348,7601,119
2022-03-30,Colusa,011,21464,3449,3445,1046,4491,21
2022-03-30,Contra Costa,013,1133247,192268,188496,13401,201897,1291
2022-03-30,Del Norte,015,27424,5806,5808,184,5992,50
2022-03-30,El Dorado,017,186661,26705,26722,3190,29912,200
2022-03-30,Fresno,019,978130,235048,230448,24359,254807,2720
2022-03-30,Glenn,021,27897,4999,4982,1600,6582,47
2022-03-30,Humboldt,023,135768,16873,16894,2944,19838,140
2022-03-30,Imperial,025,180216,55399,55252,10518,65770,908
2022-03-30,Inyo,027,18085,4070,4062,472,4534,56
2022-03-30,Kern,029,883053,191793,191363,45763,237126,2219
2022-03-30,Kings,031,150075,51483,51446,3516,54962,443
2022-03-30,Lake,033,64148,10698,10674,882,11556,136
2022-03-30,Lassen,035,31185,8959,8943,874,9817,65
2022-03-30,Los Angeles,037,10098052,2711943,2702536,122540,2825076,31384
2022-03-30,Madera,039,155013,37269,37330,6020,43350,354
2022-03-30,Marin,041,260295,33559,33453,2229,35682,287
2022-03-30,Mariposa,043,17540,2395,2390,200,2590,27
2022-03-30,Mendocino,045,87422,13063,13055,3012,16067,118
2022-03-30,Merced,047,269075,62963,62136,8788,70924,808
2022-03-30,Modoc,049,8938,738,739,250,989,8
2022-03-30,Mono,051,14174,2968,2967,122,3089,6
2022-03-30,Monterey,053,433212,79389,78911,13632,92543,726
2022-03-30,Napa,055,140530,25756,25745,936,26681,141
2022-03-30,Nevada,057,99092,15954,15960,1192,17152,123
2022-03-30,Orange,059,3164182,546861,545895,41613,587508,6876
2022-03-30,Placer,061,380077,62796,62705,7325,70030,614
2022-03-30,Plumas,063,18699,2972,2762,361,3123,13
2022-03-30,Riverside,065,2383286,591223,590437,27718,618155,6411
2022-03-30,Sacramento,067,1510023,280894,276081,26807,302888,2949
2022-03-30,San Benito,069,59416,12961,12898,515,13413,98
2022-03-30,San Bernardino,071,2135413,573997,561153,24897,586050,6863
2022-03-30,San Diego,073,3302833,750699,751684,52349,804033,5169
2022-03-30,San Francisco,075,870044,125072,124930,8215,133145,841
2022-03-30,San Joaquin,077,732212,166673,166299,9894,176193,2201
2022-03-30,San Luis Obispo,079,281455,52474,52484,3738,56222,475
2022-03-30,San Mateo,081,765935,121970,120548,6926,127474,693
2022-03-30,Santa Barbara,083,443738,85753,85488,4692,90180,677
2022-03-30,Santa Clara,085,1922200,315454,312253,12335,324588,2258
2022-03-30,Santa Cruz,087,273765,47821,47340,2085,49425,259
2022-03-30,Shasta,089,179085,30558,30555,6086,36641,530
2022-03-30,Sierra,091,2930,271,273,47,320,4
2022-03-30,Siskiyou,093,43540,4430,4439,2717,7156,80
2022-03-30,Solano,095,438530,81582,81816,5557,87373,443
2022-03-30,Sonoma,097,501317,83547,83163,2611,85774,485
2022-03-30,Stanislaus,099,539301,117562,117593,17806,135399,1559
2022-03-30,Sutter,101,95872,20471,20565,2071,22636,222
2022-03-30,Tehama,103,63373,12043,12045,2565,14610,198
2022-03-30,Trinity,105,12862,1182,1173,287,1460,20
2022-03-30,Tulare,107,460477,106356,104667,27516,132183,1410
2022-03-30,Tuolumne,109,53932,12680,12616,559,13175,180
2022-03-30,Ventura,111,848112,173164,172984,9380,182364,1460
2022-03-30,Yolo,113,214977,37077,36325,2905,39230,313
2022-03-30,Yuba,115,75493,15828,15830,1196,17026,120
2022-03-29,Alameda,001,1643700,256394,255261,13778,269039,1810
2022-03-29,Alpine,002,1148,124,124,1,125,0
2022-03-29,Amador,005,37829,8527,8483,640,9123,86
2022-03-29,Butte,007,227075,33198,32954,7018,39972,396
2022-03-29,Calaveras,009,45235,7258,7250,347,7597,119
2022-03-29,Colusa,011,21464,3449,3445,1046,4491,21
2022-03-29,Contra Costa,013,1133247,192180,188359,13393,201752,1290
2022-03-29,Del Norte,015,27424,5806,5806,183,5989,50
2022-03-29,El Dorado,017,186661,26700,26706,3190,29896,200
2022-03-29,Fresno,019,978130,235020,230256,24355,254611,2718
2022-03-29,Glenn,021,27897,4999,4983,1600,6583,47
2022-03-29,Humboldt,023,135768,16870,16892,2941,19833,140
2022-03-29,Imperial,025,180216,55385,55233,10517,65750,908
2022-03-29,Inyo,027,18085,4068,4062,471,4533,56
2022-03-29,Kern,029,883053,191761,191338,45756,237094,2220
2022-03-29,Kings,031,150075,51476,51416,3515,54931,443
2022-03-29,Lake,033,64148,10694,10674,882,11556,136
2022-03-29,Lassen,035,31185,8958,8943,874,9817,65
2022-03-29,Los Angeles,037,10098052,2711113,2702005,122494,2824499,31378
2022-03-29,Madera,039,155013,37261,37325,6017,43342,354
2022-03-29,Marin,041,260295,33539,33431,2224,35655,287
2022-03-29,Mariposa,043,17540,2395,2388,200,2588,23
2022-03-29,Mendocino,045,87422,13059,13053,3011,16064,119
2022-03-29,Merced,047,269075,62950,62123,8787,70910,806
2022-03-29,Modoc,049,8938,736,737,250,987,8
2022-03-29,Mono,051,14174,2968,2966,122,3088,5
2022-03-29,Monterey,053,433212,79376,78774,13624,92398,725
2022-03-29,Napa,055,140530,25749,25732,936,26668,141
2022-03-29,Nevada,057,99092,15946,15956,1192,17148,123
2022-03-29,Orange,059,3164182,546713,545832,41597,587429,6871
2022-03-29,Placer,061,380077,62778,62687,7320,70007,614
2022-03-29,Plumas,063,18699,2970,2761,361,3122,13
2022-03-29,Riverside,065,2383286,591121,590359,27710,618069,6403
2022-03-29,Sacramento,067,1510023,280828,276040,26795,302835,2946
2022-03-29,San Benito,069,59416,12959,12892,515,13407,97
2022-03-29,San Bernardino,071,2135413,573901,561026,24889,585915,6860
2022-03-29,San Diego,073,3302833,750457,751240,52326,803566,5159
2022-03-29,San Francisco,075,870044,124921,124789,8209,132998,840
2022-03-29,San Joaquin,077,732212,166637,166241,9886,176127,2198
2022-03-29,San Luis Obispo,079,281455,52458,52455,3734,56189,472
2022-03-29,San Mateo,081,765935,121875,120435,6924,127359,686
2022-03-29,Santa Barbara,083,443738,85729,85464,4692,90156,676
2022-03-29,Santa Clara,085,1922200,315215,312067,12318,324385,2259
2022-03-29,Santa Cruz,087,273765,47801,47323,2084,49407,259
2022-03-29,Shasta,089,179085,30551,30552,6084,36636,529
2022-03-29,Sierra,091,2930,271,273,47,320,4
2022-03-29,Siskiyou,093,43540,4430,4439,2716,7155,80
2022-03-29,Solano,095,438530,81558,81713,5554,87267,441
2022-03-29,Sonoma,097,501317,83514,83130,2605,85735,485
2022-03-29,Stanislaus,099,539301,117543,117683,17800,135483,1559
2022-03-29,Sutter,101,95872,20469,20556,2070,22626,221
2022-03-29,Tehama,103,63373,12041,12045,2565,14610,198
2022-03-29,Trinity,105,12862,1182,1173,287,1460,20
2022-03-29,Tulare,107,460477,106352,104622,27511,132133,1406
2022-03-29,Tuolumne,109,53932,12677,12615,559,13174,180
2022-03-29,Ventura,111,848112,173108,172946,9379,182325,1460
2022-03-29,Yolo,113,214977,37064,36296,2904,39200,313
2022-03-29,Yuba,115,75493,15824,15824,1195,17019,117
2022-03-28,Alameda,001,1643700,256241,255192,13769,268961,1808
2022-03-28,Alpine,002,1148,124,124,1,125,0
2022-03-28,Amador,005,37829,8526,8480,640,9120,86
2022-03-28,Butte,007,227075,33181,32947,7018,39965,392
2022-03-28,Calaveras,009,45235,7258,7247,347,7594,119
2022-03-28,Colusa,011,21464,3449,3445,1046,4491,21
2022-03-28,Contra Costa,013,1133247,192100,188305,13388,201693,1290
2022-03-28,Del Norte,015,27424,5804,5834,183,6017,50
2022-03-28,El Dorado,017,186661,26693,26703,3188,29891,200
2022-03-28,Fresno,019,978130,234992,230144,24338,254482,2717
2022-03-28,Glenn,021,27897,4998,4983,1600,6583,47
2022-03-28,Humboldt,023,135768,16869,16916,2941,19857,140
2022-03-28,Imperial,025,180216,55374,55245,10517,65762,909
2022-03-28,Inyo,027,18085,4067,4062,471,4533,56
2022-03-28,Kern,029,883053,191735,191333,45747,237080,2212
2022-03-28,Kings,031,150075,51463,51405,3515,54920,443
2022-03-28,Lake,033,64148,10692,10673,882,11555,136
2022-03-28,Lassen,035,31185,8958,8946,874,9820,63
2022-03-28,Los Angeles,037,10098052,2710244,2700997,122455,2823452,31349
2022-03-28,Madera,039,155013,37257,37324,6017,43341,354
2022-03-28,Marin,041,260295,33514,33391,2219,35610,287
2022-03-28,Mariposa,043,17540,2394,2388,200,2588,23
2022-03-28,Mendocino,045,87422,13057,13046,3010,16056,118
2022-03-28,Merced,047,269075,62940,62116,8780,70896,805
2022-03-28,Modoc,049,8938,735,736,250,986,7
2022-03-28,Mono,051,14174,2968,2966,122,3088,5
2022-03-28,Monterey,053,433212,79343,78784,13620,92404,724
2022-03-28,Napa,055,140530,25743,25723,935,26658,140
2022-03-28,Nevada,057,99092,15944,15969,1192,17161,123
2022-03-28,Orange,059,3164182,546583,545700,41571,587271,6860
2022-03-28,Placer,061,380077,62758,62687,7319,70006,613
2022-03-28,Plumas,063,18699,2969,2760,361,3121,13
2022-03-28,Riverside,065,2383286,591021,590298,27702,618000,6397
2022-03-28,Sacramento,067,1510023,280759,275889,26783,302672,2946
2022-03-28,San Benito,069,59416,12959,12889,515,13404,97
2022-03-28,San Bernardino,071,2135413,573819,560836,24878,585714,6858
2022-03-28,San Diego,073,3302833,750220,750659,52292,802951,5155
2022-03-28,San Francisco,075,870044,124780,124678,8199,132877,839
2022-03-28,San Joaquin,077,732212,166606,166247,9884,176131,2196
2022-03-28,San Luis Obispo,079,281455,52433,52434,3731,56165,470
2022-03-28,San Mateo,081,765935,121759,120337,6919,127256,686
2022-03-28,Santa Barbara,083,443738,85702,85442,4690,90132,675
2022-03-28,Santa Clara,085,1922200,314986,311953,12309,324262,2257
2022-03-28,Santa Cruz,087,273765,47768,47324,2084,49408,259
2022-03-28,Shasta,089,179085,30550,30550,6083,36633,527
2022-03-28,Sierra,091,2930,271,273,47,320,4
2022-03-28,Siskiyou,093,43540,4429,4438,2716,7154,80
2022-03-28,Solano,095,438530,81530,81704,5549,87253,441
2022-03-28,Sonoma,097,501317,83468,83105,2600,85705,485
2022-03-28,Stanislaus,099,539301,117531,117783,17795,135578,1562
2022-03-28,Sutter,101,95872,20463,20549,2070,22619,221
2022-03-28,Tehama,103,63373,12041,12041,2565,14606,200
2022-03-28,Trinity,105,12862,1182,1173,287,1460,20
2022-03-28,Tulare,107,460477,106340,104576,27505,132081,1404
2022-03-28,Tuolumne,109,53932,12677,12627,559,13186,180
2022-03-28,Ventura,111,848112,173070,172867,9378,182245,1455
2022-03-28,Yolo,113,214977,37046,36282,2902,39184,312
2022-03-28,Yuba,115,75493,15823,15821,1193,17014,117
2022-03-27,Alameda,001,1643700,256054,255132,13760,268892,1809
2022-03-27,Alpine,002,1148,124,124,1,125,0
2022-03-27,Amador,005,37829,8523,8480,640,9120,86
2022-03-27,Butte,007,227075,33168,32943,7012,39955,392
2022-03-27,Calaveras,009,45235,7256,7245,347,7592,119
2022-03-27,Colusa,011,21464,3449,3445,1046,4491,21
2022-03-27,Contra Costa,013,1133247,191986,188251,13371,201622,1290
2022-03-27,Del Norte,015,27424,5803,5836,183,6019,50
2022-03-27,El Dorado,017,186661,26679,26699,3185,29884,200
2022-03-27,Fresno,019,978130,234945,230049,24320,254369,2717
2022-03-27,Glenn,021,27897,4996,4983,1600,6583,47
2022-03-27,Humboldt,023,135768,16865,16920,2941,19861,140
2022-03-27,Imperial,025,180216,55361,55240,10516,65756,909
2022-03-27,Inyo,027,18085,4066,4062,469,4531,56
2022-03-27,Kern,029,883053,191697,191332,45741,237073,2213
2022-03-27,Kings,031,150075,51454,51400,3515,54915,443
2022-03-27,Lake,033,64148,10691,10672,881,11553,136
2022-03-27,Lassen,035,31185,8958,8946,874,9820,63
2022-03-27,Los Angeles,037,10098052,2709427,2700983,122408,2823391,31348
2022-03-27,Madera,039,155013,37253,37323,6015,43338,354
2022-03-27,Marin,041,260295,33477,33391,2209,35600,287
2022-03-27,Mariposa,043,17540,2394,2390,200,2590,23
2022-03-27,Mendocino,045,87422,13053,13046,3008,16054,118
2022-03-27,Merced,047,269075,62930,62110,8779,70889,805
2022-03-27,Modoc,049,8938,734,736,248,984,7
2022-03-27,Mono,051,14174,2968,2966,122,3088,5
2022-03-27,Monterey,053,433212,79322,78778,13608,92386,724
2022-03-27,Napa,055,140530,25727,25723,935,26658,140
2022-03-27,Nevada,057,99092,15940,15967,1190,17157,123
2022-03-27,Orange,059,3164182,546449,545644,41536,587180,6860
2022-03-27,Placer,061,380077,62741,62680,7318,69998,613
2022-03-27,Plumas,063,18699,2968,2760,359,3119,13
2022-03-27,Riverside,065,2383286,590935,590251,27691,617942,6395
2022-03-27,Sacramento,067,1510023,280679,275854,26776,302630,2941
2022-03-27,San Benito,069,59416,12954,12889,514,13403,97
2022-03-27,San Bernardino,071,2135413,573702,560853,24876,585729,6862
2022-03-27,San Diego,073,3302833,749964,750659,52268,802927,5155
2022-03-27,San Francisco,075,870044,124595,124619,8188,132807,839
2022-03-27,San Joaquin,077,732212,166571,166238,9880,176118,2196
2022-03-27,San Luis Obispo,079,281455,52412,52430,3729,56159,470
2022-03-27,San Mateo,081,765935,121654,120324,6914,127238,686
2022-03-27,Santa Barbara,083,443738,85666,85434,4688,90122,675
2022-03-27,Santa Clara,085,1922200,314775,311822,12302,324124,2257
2022-03-27,Santa Cruz,087,273765,47735,47321,2082,49403,259
2022-03-27,Shasta,089,179085,30545,30550,6081,36631,527
2022-03-27,Sierra,091,2930,271,273,47,320,4
2022-03-27,Siskiyou,093,43540,4429,4436,2715,7151,80
2022-03-27,Solano,095,438530,81488,81691,5546,87237,441
2022-03-27,Sonoma,097,501317,83415,83088,2596,85684,485
2022-03-27,Stanislaus,099,539301,117511,117778,17792,135570,1562
2022-03-27,Sutter,101,95872,20457,20545,2070,22615,221
2022-03-27,Tehama,103,63373,12041,12040,2565,14605,200
2022-03-27,Trinity,105,12862,1182,1173,287,1460,20
2022-03-27,Tulare,107,460477,106331,104582,27496,132078,1404
2022-03-27,Tuolumne,109,53932,12676,12628,559,13187,180
2022-03-27,Ventura,111,848112,173025,172831,9376,182207,1455
2022-03-27,Yolo,113,214977,37025,36232,2899,39131,312
2022-03-27,Yuba,115,75493,15820,15821,1186,17007,117
2022-03-26,Alameda,001,1643700,255974,254691,13759,268450,1803
2022-03-26,Alpine,002,1148,124,124,1,125,0
2022-03-26,Amador,005,37829,8523,8476,640,9116,86
2022-03-26,Butte,007,227075,33164,32929,7010,39939,391
2022-03-26,Calaveras,009,45235,7254,7240,347,7587,120
2022-03-26,Colusa,011,21464,3447,3445,1046,4491,21
2022-03-26,Contra Costa,013,1133247,191933,187990,13368,201358,1285
2022-03-26,Del Norte,015,27424,5801,5831,183,6014,50
2022-03-26,El Dorado,017,186661,26671,26674,3183,29857,200
2022-03-26,Fresno,019,978130,234922,229799,24319,254118,2710
2022-03-26,Glenn,021,27897,4995,4978,1600,6578,47
2022-03-26,Humboldt,023,135768,16861,16911,2941,19852,139
2022-03-26,Imperial,025,180216,55355,55230,10515,65745,913
2022-03-26,Inyo,027,18085,4066,4060,468,4528,56
2022-03-26,Kern,029,883053,191684,191288,45737,237025,2201
2022-03-26,Kings,031,150075,51453,51397,3515,54912,444
2022-03-26,Lake,033,64148,10691,10659,881,11540,136
2022-03-26,Lassen,035,31185,8958,8944,874,9818,63
2022-03-26,Los Angeles,037,10098052,2708971,2698028,122367,2820395,31291
2022-03-26,Madera,039,155013,37250,37321,6013,43334,354
2022-03-26,Marin,041,260295,33466,33317,2205,35522,287
2022-03-26,Mariposa,043,17540,2394,2386,200,2586,23
2022-03-26,Mendocino,045,87422,13049,13038,3008,16046,118
2022-03-26,Merced,047,269075,62923,62083,8778,70861,805
2022-03-26,Modoc,049,8938,734,736,248,984,7
2022-03-26,Mono,051,14174,2968,2966,122,3088,5
2022-03-26,Monterey,053,433212,79315,78688,13606,92294,724
2022-03-26,Napa,055,140530,25723,25701,935,26636,139
2022-03-26,Nevada,057,99092,15936,15960,1190,17150,123
2022-03-26,Orange,059,3164182,546374,545294,41525,586819,6853
2022-03-26,Placer,061,380077,62728,62634,7314,69948,613
2022-03-26,Plumas,063,18699,2968,2758,358,3116,13
2022-03-26,Riverside,065,2383286,590866,590060,27690,617750,6397
2022-03-26,Sacramento,067,1510023,280645,275529,26774,302303,2935
2022-03-26,San Benito,069,59416,12954,12885,514,13399,97
2022-03-26,San Bernardino,071,2135413,573642,560742,24872,585614,6840
2022-03-26,San Diego,073,3302833,749839,750170,52262,802432,5146
2022-03-26,San Francisco,075,870044,124488,124265,8182,132447,839
2022-03-26,San Joaquin,077,732212,166549,166079,9879,175958,2195
2022-03-26,San Luis Obispo,079,281455,52406,52369,3729,56098,469
2022-03-26,San Mateo,081,765935,121595,120165,6906,127071,684
2022-03-26,Santa Barbara,083,443738,85646,85477,4686,90163,674
2022-03-26,Santa Clara,085,1922200,314617,311189,12295,323484,2250
2022-03-26,Santa Cruz,087,273765,47724,47329,2082,49411,259
2022-03-26,Shasta,089,179085,30544,30542,6080,36622,527
2022-03-26,Sierra,091,2930,271,273,47,320,4
2022-03-26,Siskiyou,093,43540,4428,4433,2715,7148,80
2022-03-26,Solano,095,438530,81479,81659,5546,87205,441
2022-03-26,Sonoma,097,501317,83385,83113,2591,85704,485
2022-03-26,Stanislaus,099,539301,117504,117962,17791,135753,1565
2022-03-26,Sutter,101,95872,20455,20536,2070,22606,221
2022-03-26,Tehama,103,63373,12041,12036,2564,14600,195
2022-03-26,Trinity,105,12862,1182,1174,287,1461,20
2022-03-26,Tulare,107,460477,106323,104538,27495,132033,1400
2022-03-26,Tuolumne,109,53932,12674,12628,559,13187,180
2022-03-26,Ventura,111,848112,172983,172690,9372,182062,1455
2022-03-26,Yolo,113,214977,37016,36234,2899,39133,311
2022-03-26,Yuba,115,75493,15819,15807,1186,16993,117
2022-03-25,Alameda,001,1643700,255911,254691,13756,268447,1803
2022-03-25,Alpine,002,1148,124,124,1,125,0
2022-03-25,Amador,005,37829,8522,8476,640,9116,86
2022-03-25,Butte,007,227075,33159,32929,7010,39939,391
2022-03-25,Calaveras,009,45235,7253,7240,347,7587,120
2022-03-25,Colusa,011,21464,3447,3445,1046,4491,21
2022-03-25,Contra Costa,013,1133247,191884,187990,13365,201355,1285
2022-03-25,Del Norte,015,27424,5801,5831,183,6014,50
2022-03-25,El Dorado,017,186661,26667,26674,3183,29857,200
2022-03-25,Fresno,019,978130,234893,229799,24311,254110,2710
2022-03-25,Glenn,021,27897,4995,4978,1600,6578,47
2022-03-25,Humboldt,023,135768,16861,16911,2941,19852,139
2022-03-25,Imperial,025,180216,55350,55230,10514,65744,913
2022-03-25,Inyo,027,18085,4065,4060,468,4528,56
2022-03-25,Kern,029,883053,191674,191288,45736,237024,2201
2022-03-25,Kings,031,150075,51452,51397,3515,54912,444
2022-03-25,Lake,033,64148,10691,10659,881,11540,136
2022-03-25,Lassen,035,31185,8957,8944,874,9818,63
2022-03-25,Los Angeles,037,10098052,2708547,2698028,122335,2820363,31291
2022-03-25,Madera,039,155013,37249,37321,6012,43333,354
2022-03-25,Marin,041,260295,33451,33317,2196,35513,287
2022-03-25,Mariposa,043,17540,2394,2386,200,2586,23
2022-03-25,Mendocino,045,87422,13049,13038,3008,16046,118
2022-03-25,Merced,047,269075,62917,62083,8777,70860,805
2022-03-25,Modoc,049,8938,734,736,248,984,7
2022-03-25,Mono,051,14174,2967,2966,122,3088,5
2022-03-25,Monterey,053,433212,79304,78688,13603,92291,724
2022-03-25,Napa,055,140530,25716,25701,935,26636,139
2022-03-25,Nevada,057,99092,15935,15960,1190,17150,123
2022-03-25,Orange,059,3164182,546300,545294,41508,586802,6853
2022-03-25,Placer,061,380077,62721,62634,7311,69945,613
2022-03-25,Plumas,063,18699,2967,2758,358,3116,13
2022-03-25,Riverside,065,2383286,590806,590060,27679,617739,6397
2022-03-25,Sacramento,067,1510023,280603,275529,26773,302302,2935
2022-03-25,San Benito,069,59416,12954,12885,514,13399,97
2022-03-25,San Bernardino,071,2135413,573602,560742,24869,585611,6840
2022-03-25,San Diego,073,3302833,749716,750170,52251,802421,5146
2022-03-25,San Francisco,075,870044,124407,124265,8169,132434,839
2022-03-25,San Joaquin,077,732212,166535,166079,9877,175956,2195
2022-03-25,San Luis Obispo,079,281455,52403,52369,3728,56097,469
2022-03-25,San Mateo,081,765935,121543,120165,6906,127071,684
2022-03-25,Santa Barbara,083,443738,85631,85477,4684,90161,674
2022-03-25,Santa Clara,085,1922200,314466,311189,12290,323479,2250
2022-03-25,Santa Cruz,087,273765,47716,47329,2082,49411,259
2022-03-25,Shasta,089,179085,30540,30542,6079,36621,527
2022-03-25,Sierra,091,2930,271,273,47,320,4
2022-03-25,Siskiyou,093,43540,4426,4433,2713,7146,80
2022-03-25,Solano,095,438530,81465,81659,5544,87203,441
2022-03-25,Sonoma,097,501317,83348,83113,2591,85704,485
2022-03-25,Stanislaus,099,539301,117490,117962,17790,135752,1565
2022-03-25,Sutter,101,95872,20450,20536,2070,22606,221
2022-03-25,Tehama,103,63373,12039,12036,2564,14600,195
2022-03-25,Trinity,105,12862,1182,1174,287,1461,20
2022-03-25,Tulare,107,460477,106319,104538,27495,132033,1400
2022-03-25,Tuolumne,109,53932,12673,12628,559,13187,180
2022-03-25,Ventura,111,848112,172945,172690,9372,182062,1455
2022-03-25,Yolo,113,214977,37004,36234,2898,39132,311
2022-03-25,Yuba,115,75493,15814,15807,1185,16992,117
2022-03-24,Alameda,001,1643700,255798,254691,13740,268431,1803
2022-03-24,Alpine,002,1148,124,124,1,125,0
2022-03-24,Amador,005,37829,8522,8476,640,9116,86
2022-03-24,Butte,007,227075,33153,32929,7010,39939,391
2022-03-24,Calaveras,009,45235,7251,7240,347,7587,120
2022-03-24,Colusa,011,21464,3447,3445,1046,4491,21
2022-03-24,Contra Costa,013,1133247,191805,187990,13362,201352,1285
2022-03-24,Del Norte,015,27424,5797,5831,183,6014,50
2022-03-24,El Dorado,017,186661,26657,26674,3183,29857,200
2022-03-24,Fresno,019,978130,234851,229799,24301,254100,2710
2022-03-24,Glenn,021,27897,4994,4978,1600,6578,47
2022-03-24,Humboldt,023,135768,16856,16911,2939,19850,139
2022-03-24,Imperial,025,180216,55343,55230,10514,65744,913
2022-03-24,Inyo,027,18085,4064,4060,468,4528,56
2022-03-24,Kern,029,883053,191664,191288,45734,237022,2201
2022-03-24,Kings,031,150075,51443,51397,3513,54910,444
2022-03-24,Lake,033,64148,10690,10659,881,11540,136
2022-03-24,Lassen,035,31185,8956,8944,874,9818,63
2022-03-24,Los Angeles,037,10098052,2707974,2698028,122291,2820319,31291
2022-03-24,Madera,039,155013,37247,37321,6010,43331,354
2022-03-24,Marin,041,260295,33429,33317,2187,35504,287
2022-03-24,Mariposa,043,17540,2394,2386,200,2586,23
2022-03-24,Mendocino,045,87422,13043,13038,3005,16043,118
2022-03-24,Merced,047,269075,62910,62083,8776,70859,805
2022-03-24,Modoc,049,8938,734,736,248,984,7
2022-03-24,Mono,051,14174,2967,2966,122,3088,5
2022-03-24,Monterey,053,433212,79278,78688,13589,92277,724
2022-03-24,Napa,055,140530,25707,25701,935,26636,139
2022-03-24,Nevada,057,99092,15931,15960,1189,17149,123
2022-03-24,Orange,059,3164182,546198,545294,41493,586787,6853
2022-03-24,Placer,061,380077,62701,62634,7310,69944,613
2022-03-24,Plumas,063,18699,2967,2758,358,3116,13
2022-03-24,Riverside,065,2383286,590729,590060,27671,617731,6397
2022-03-24,Sacramento,067,1510023,280533,275529,26769,302298,2935
2022-03-24,San Benito,069,59416,12953,12885,513,13398,97
2022-03-24,San Bernardino,071,2135413,573517,560742,24865,585607,6840
2022-03-24,San Diego,073,3302833,749509,750170,52238,802408,5146
2022-03-24,San Francisco,075,870044,124325,124265,8163,132428,839
2022-03-24,San Joaquin,077,732212,166508,166079,9877,175956,2195
2022-03-24,San Luis Obispo,079,281455,52387,52369,3727,56096,469
2022-03-24,San Mateo,081,765935,121494,120165,6903,127068,684
2022-03-24,Santa Barbara,083,443738,85616,85477,4681,90158,674
2022-03-24,Santa Clara,085,1922200,314318,311189,12274,323463,2250
2022-03-24,Santa Cruz,087,273765,47698,47329,2081,49410,259
2022-03-24,Shasta,089,179085,30532,30542,6079,36621,527
2022-03-24,Sierra,091,2930,271,273,47,320,4
2022-03-24,Siskiyou,093,43540,4424,4433,2713,7146,80
2022-03-24,Solano,095,438530,81446,81659,5543,87202,441
2022-03-24,Sonoma,097,501317,83313,83113,2589,85702,485
2022-03-24,Stanislaus,099,539301,117481,117962,17787,135749,1565
2022-03-24,Sutter,101,95872,20445,20536,2070,22606,221
2022-03-24,Tehama,103,63373,12037,12036,2563,14599,195
2022-03-24,Trinity,105,12862,1182,1174,287,1461,20
2022-03-24,Tulare,107,460477,106308,104538,27490,132028,1400
2022-03-24,Tuolumne,109,53932,12671,12628,559,13187,180
2022-03-24,Ventura,111,848112,172902,172690,9369,182059,1455
2022-03-24,Yolo,113,214977,36998,36234,2894,39128,311
2022-03-24,Yuba,115,75493,15810,15807,1183,16990,117
2022-03-23,Alameda,001,1643700,255665,254559,13729,268288,1802
2022-03-23,Alpine,002,1148,124,124,1,125,0
2022-03-23,Amador,005,37829,8522,8475,640,9115,86
2022-03-23,Butte,007,227075,33138,32920,7009,39929,387
2022-03-23,Calaveras,009,45235,7246,7237,347,7584,120
2022-03-23,Colusa,011,21464,3446,3444,1046,4490,21
2022-03-23,Contra Costa,013,1133247,191707,187898,13351,201249,1279
2022-03-23,Del Norte,015,27424,5795,5830,183,6013,50
2022-03-23,El Dorado,017,186661,26651,26670,3183,29853,200
2022-03-23,Fresno,019,978130,234815,229656,24288,253944,2710
2022-03-23,Glenn,021,27897,4994,4975,1600,6575,47
2022-03-23,Humboldt,023,135768,16855,16908,2938,19846,139
2022-03-23,Imperial,025,180216,55337,55211,10513,65724,909
2022-03-23,Inyo,027,18085,4064,4060,468,4528,56
2022-03-23,Kern,029,883053,191647,191241,45729,236970,2196
2022-03-23,Kings,031,150075,51431,51384,3513,54897,442
2022-03-23,Lake,033,64148,10686,10658,880,11538,135
2022-03-23,Lassen,035,31185,8955,8944,873,9817,63
2022-03-23,Los Angeles,037,10098052,2707294,2697227,122262,2819489,31267
2022-03-23,Madera,039,155013,37242,37317,6008,43325,354
2022-03-23,Marin,041,260295,33403,33274,2182,35456,287
2022-03-23,Mariposa,043,17540,2392,2382,199,2581,11
2022-03-23,Mendocino,045,87422,13039,13033,3004,16037,118
2022-03-23,Merced,047,269075,62899,62056,8773,70829,805
2022-03-23,Modoc,049,8938,734,736,248,984,7
2022-03-23,Mono,051,14174,2967,2966,122,3088,5
2022-03-23,Monterey,053,433212,79261,78655,13565,92220,724
2022-03-23,Napa,055,140530,25693,25691,933,26624,139
2022-03-23,Nevada,057,99092,15929,15958,1189,17147,123
2022-03-23,Orange,059,3164182,546066,545158,41480,586638,6852
2022-03-23,Placer,061,380077,62683,62622,7308,69930,613
2022-03-23,Plumas,063,18699,2967,2747,358,3105,13
2022-03-23,Riverside,065,2383286,590655,589947,27666,617613,6388
2022-03-23,Sacramento,067,1510023,280470,275398,26761,302159,2934
2022-03-23,San Benito,069,59416,12952,12884,513,13397,97
2022-03-23,San Bernardino,071,2135413,573444,560550,24861,585411,6828
2022-03-23,San Diego,073,3302833,749316,749871,52215,802086,5143
2022-03-23,San Francisco,075,870044,124211,124110,8156,132266,838
2022-03-23,San Joaquin,077,732212,166471,166041,9869,175910,2187
2022-03-23,San Luis Obispo,079,281455,52370,52344,3722,56066,469
2022-03-23,San Mateo,081,765935,121409,120080,6893,126973,685
2022-03-23,Santa Barbara,083,443738,85599,85464,4680,90144,673
2022-03-23,Santa Clara,085,1922200,314151,310956,12262,323218,2250
2022-03-23,Santa Cruz,087,273765,47679,47314,2077,49391,259
2022-03-23,Shasta,089,179085,30528,30524,6078,36602,526
2022-03-23,Sierra,091,2930,271,273,47,320,4
2022-03-23,Siskiyou,093,43540,4424,4433,2713,7146,80
2022-03-23,Solano,095,438530,81412,81615,5542,87157,441
2022-03-23,Sonoma,097,501317,83280,83074,2586,85660,482
2022-03-23,Stanislaus,099,539301,117464,118041,17784,135825,1568
2022-03-23,Sutter,101,95872,20442,20532,2070,22602,218
2022-03-23,Tehama,103,63373,12034,12035,2563,14598,195
2022-03-23,Trinity,105,12862,1182,1174,287,1461,20
2022-03-23,Tulare,107,460477,106291,104489,27485,131974,1394
2022-03-23,Tuolumne,109,53932,12670,12629,559,13188,180
2022-03-23,Ventura,111,848112,172854,172647,9367,182014,1455
2022-03-23,Yolo,113,214977,36979,36197,2892,39089,308
2022-03-23,Yuba,115,75493,15803,15801,1182,16983,117
2022-03-22,Alameda,001,1643700,255542,254467,13653,268120,1802
2022-03-22,Alpine,002,1148,124,122,1,123,0
2022-03-22,Amador,005,37829,8521,8462,639,9101,86
2022-03-22,Butte,007,227075,33128,32907,7005,39912,387
2022-03-22,Calaveras,009,45235,7244,7237,347,7584,120
2022-03-22,Colusa,011,21464,3445,3445,1046,4491,21
2022-03-22,Contra Costa,013,1133247,191630,187813,13330,201143,1279
2022-03-22,Del Norte,015,27424,5789,5824,183,6007,50
2022-03-22,El Dorado,017,186661,26644,26661,3183,29844,200
2022-03-22,Fresno,019,978130,234766,229551,24279,253830,2708
2022-03-22,Glenn,021,27897,4992,4971,1600,6571,47
2022-03-22,Humboldt,023,135768,16852,16911,2938,19849,139
2022-03-22,Imperial,025,180216,55325,55170,10511,65681,908
2022-03-22,Inyo,027,18085,4064,4060,468,4528,56
2022-03-22,Kern,029,883053,191624,191213,45721,236934,2195
2022-03-22,Kings,031,150075,51420,51369,3512,54881,442
2022-03-22,Lake,033,64148,10684,10657,879,11536,135
2022-03-22,Lassen,035,31185,8955,8940,873,9813,63
2022-03-22,Los Angeles,037,10098052,2706627,2696746,122216,2818962,31250
2022-03-22,Madera,039,155013,37239,37304,6005,43309,354
2022-03-22,Marin,041,260295,33378,33253,2178,35431,287
2022-03-22,Mariposa,043,17540,2390,2382,199,2581,6
2022-03-22,Mendocino,045,87422,13034,13030,3002,16032,118
2022-03-22,Merced,047,269075,62888,62056,8769,70825,805
2022-03-22,Modoc,049,8938,734,735,248,983,7
2022-03-22,Mono,051,14174,2967,2963,122,3085,5
2022-03-22,Monterey,053,433212,79244,78614,13555,92169,724
2022-03-22,Napa,055,140530,25683,25688,932,26620,139
2022-03-22,Nevada,057,99092,15921,15950,1189,17139,123
2022-03-22,Orange,059,3164182,545925,545075,41463,586538,6843
2022-03-22,Placer,061,380077,62670,62604,7306,69910,610
2022-03-22,Plumas,063,18699,2966,2744,358,3102,13
2022-03-22,Riverside,065,2383286,590580,589816,27663,617479,6383
2022-03-22,Sacramento,067,1510023,280394,275374,26750,302124,2927
2022-03-22,San Benito,069,59416,12951,12884,512,13396,97
2022-03-22,San Bernardino,071,2135413,573362,560371,24841,585212,6811
2022-03-22,San Diego,073,3302833,749118,749647,52195,801842,5141
2022-03-22,San Francisco,075,870044,124104,123998,8150,132148,838
2022-03-22,San Joaquin,077,732212,166443,165992,9866,175858,2187
2022-03-22,San Luis Obispo,079,281455,52362,52257,3722,55979,465
2022-03-22,San Mateo,081,765935,121336,119975,6890,126865,686
2022-03-22,Santa Barbara,083,443738,85582,85457,4679,90136,672
2022-03-22,Santa Clara,085,1922200,313972,310787,12251,323038,2249
2022-03-22,Santa Cruz,087,273765,47659,47287,2076,49363,259
2022-03-22,Shasta,089,179085,30522,30528,6078,36606,525
2022-03-22,Sierra,091,2930,271,273,47,320,4
2022-03-22,Siskiyou,093,43540,4424,4429,2712,7141,80
2022-03-22,Solano,095,438530,81389,81587,5539,87126,440
2022-03-22,Sonoma,097,501317,83251,83042,2583,85625,482
2022-03-22,Stanislaus,099,539301,117447,118025,17780,135805,1568
2022-03-22,Sutter,101,95872,20441,20525,2067,22592,218
2022-03-22,Tehama,103,63373,12032,12034,2563,14597,162
2022-03-22,Trinity,105,12862,1182,1174,287,1461,20
2022-03-22,Tulare,107,460477,106279,104431,27477,131908,1391
2022-03-22,Tuolumne,109,53932,12670,12628,559,13187,180
2022-03-22,Ventura,111,848112,172805,172590,9365,181955,1455
2022-03-22,Yolo,113,214977,36959,36184,2891,39075,308
2022-03-22,Yuba,115,75493,15800,15795,1181,16976,117
2022-03-21,Alameda,001,1643700,255316,254354,13646,268000,1799
2022-03-21,Alpine,002,1148,124,122,1,123,0
2022-03-21,Amador,005,37829,8518,8461,638,9099,85
2022-03-21,Butte,007,227075,33117,32895,7002,39897,385
2022-03-21,Calaveras,009,45235,7243,7237,347,7584,119
2022-03-21,Colusa,011,21464,3445,3445,1046,4491,21
2022-03-21,Contra Costa,013,1133247,191566,187509,13315,200824,1276
2022-03-21,Del Norte,015,27424,5788,5824,183,6007,50
2022-03-21,El Dorado,017,186661,26633,26610,3183,29793,199
2022-03-21,Fresno,019,978130,234717,229374,24270,253644,2707
2022-03-21,Glenn,021,27897,4990,4972,1595,6567,46
2022-03-21,Humboldt,023,135768,16842,16912,2925,19837,139
2022-03-21,Imperial,025,180216,55311,55133,10510,65643,908
2022-03-21,Inyo,027,18085,4063,4060,468,4528,56
2022-03-21,Kern,029,883053,191591,191184,45715,236899,2187
2022-03-21,Kings,031,150075,51406,51366,3510,54876,441
2022-03-21,Lake,033,64148,10682,10655,879,11534,135
2022-03-21,Lassen,035,31185,8954,8939,873,9812,63
2022-03-21,Los Angeles,037,10098052,2705769,2694711,122168,2816879,31218
2022-03-21,Madera,039,155013,37233,37288,6002,43290,354
2022-03-21,Marin,041,260295,33334,33242,2173,35415,287
2022-03-21,Mariposa,043,17540,2389,2383,198,2581,6
2022-03-21,Mendocino,045,87422,13026,13028,3000,16028,118
2022-03-21,Merced,047,269075,62876,62048,8764,70812,803
2022-03-21,Modoc,049,8938,732,734,248,982,7
2022-03-21,Mono,051,14174,2967,2962,122,3084,5
2022-03-21,Monterey,053,433212,79195,78572,13542,92114,724
2022-03-21,Napa,055,140530,25675,25684,930,26614,138
2022-03-21,Nevada,057,99092,15917,15963,1188,17151,123
2022-03-21,Orange,059,3164182,545774,544943,41446,586389,6841
2022-03-21,Placer,061,380077,62650,62550,7305,69855,610
2022-03-21,Plumas,063,18699,2966,2744,358,3102,13
2022-03-21,Riverside,065,2383286,590499,589707,27659,617366,6376
2022-03-21,Sacramento,067,1510023,280304,275334,26735,302069,2925
2022-03-21,San Benito,069,59416,12945,12872,512,13384,97
2022-03-21,San Bernardino,071,2135413,573274,560210,24828,585038,6807
2022-03-21,San Diego,073,3302833,748893,748833,52176,801009,5138
2022-03-21,San Francisco,075,870044,123936,123912,8141,132053,835
2022-03-21,San Joaquin,077,732212,166417,165939,9863,175802,2185
2022-03-21,San Luis Obispo,079,281455,52337,52219,3717,55936,463
2022-03-21,San Mateo,081,765935,121177,119899,6888,126787,684
2022-03-21,Santa Barbara,083,443738,85567,85416,4677,90093,672
2022-03-21,Santa Clara,085,1922200,313710,310509,12248,322757,2245
2022-03-21,Santa Cruz,087,273765,47623,47267,2075,49342,259
2022-03-21,Shasta,089,179085,30516,30523,6076,36599,525
2022-03-21,Sierra,091,2930,271,273,47,320,4
2022-03-21,Siskiyou,093,43540,4424,4426,2712,7138,80
2022-03-21,Solano,095,438530,81361,81399,5538,86937,441
2022-03-21,Sonoma,097,501317,83208,82979,2581,85560,482
2022-03-21,Stanislaus,099,539301,117412,118144,17778,135922,1571
2022-03-21,Sutter,101,95872,20438,20523,2055,22578,218
2022-03-21,Tehama,103,63373,12028,12030,2563,14593,160
2022-03-21,Trinity,105,12862,1182,1174,287,1461,20
2022-03-21,Tulare,107,460477,106259,104350,27472,131822,1389
2022-03-21,Tuolumne,109,53932,12670,12620,559,13179,180
2022-03-21,Ventura,111,848112,172735,172537,9361,181898,1452
2022-03-21,Yolo,113,214977,36943,36141,2889,39030,307
2022-03-21,Yuba,115,75493,15797,15790,1180,16970,117
2022-03-20,Alameda,001,1643700,255179,254293,13636,267929,1801
2022-03-20,Alpine,002,1148,122,122,1,123,0
2022-03-20,Amador,005,37829,8515,8460,638,9098,85
2022-03-20,Butte,007,227075,33102,32892,6998,39890,385
2022-03-20,Calaveras,009,45235,7243,7233,344,7577,119
2022-03-20,Colusa,011,21464,3445,3446,1046,4492,21
2022-03-20,Contra Costa,013,1133247,191463,187467,13305,200772,1276
2022-03-20,Del Norte,015,27424,5786,5821,183,6004,50
2022-03-20,El Dorado,017,186661,26624,26608,3183,29791,199
2022-03-20,Fresno,019,978130,234639,229297,24259,253556,2707
2022-03-20,Glenn,021,27897,4989,4972,1595,6567,46
2022-03-20,Humboldt,023,135768,16840,16913,2923,19836,139
2022-03-20,Imperial,025,180216,55300,55133,10510,65643,908
2022-03-20,Inyo,027,18085,4063,4060,468,4528,56
2022-03-20,Kern,029,883053,191549,191170,45710,236880,2187
2022-03-20,Kings,031,150075,51395,51360,3510,54870,441
2022-03-20,Lake,033,64148,10678,10652,879,11531,135
2022-03-20,Lassen,035,31185,8952,8938,873,9811,63
2022-03-20,Los Angeles,037,10098052,2704977,2694698,122125,2816823,31219
2022-03-20,Madera,039,155013,37228,37284,5999,43283,354
2022-03-20,Marin,041,260295,33318,33232,2172,35404,275
2022-03-20,Mariposa,043,17540,2389,2383,198,2581,6
2022-03-20,Mendocino,045,87422,13019,13027,2995,16022,118
2022-03-20,Merced,047,269075,62864,62041,8760,70801,803
2022-03-20,Modoc,049,8938,732,734,248,982,7
2022-03-20,Mono,051,14174,2965,2962,122,3084,5
2022-03-20,Monterey,053,433212,79162,78566,13531,92097,723
2022-03-20,Napa,055,140530,25663,25682,929,26611,138
2022-03-20,Nevada,057,99092,15913,15964,1188,17152,123
2022-03-20,Orange,059,3164182,545652,544862,41427,586289,6841
2022-03-20,Placer,061,380077,62628,62525,7305,69830,610
2022-03-20,Plumas,063,18699,2966,2744,358,3102,13
2022-03-20,Riverside,065,2383286,590403,589657,27655,617312,6376
2022-03-20,Sacramento,067,1510023,280222,275317,26722,302039,2927
2022-03-20,San Benito,069,59416,12945,12869,511,13380,97
2022-03-20,San Bernardino,071,2135413,573193,560220,24819,585039,6805
2022-03-20,San Diego,073,3302833,748657,748833,52142,800975,5138
2022-03-20,San Francisco,075,870044,123787,123858,8129,131987,835
2022-03-20,San Joaquin,077,732212,166386,165927,9858,175785,2185
2022-03-20,San Luis Obispo,079,281455,52313,52217,3714,55931,463
2022-03-20,San Mateo,081,765935,121117,119901,6882,126783,684
2022-03-20,Santa Barbara,083,443738,85542,85412,4676,90088,672
2022-03-20,Santa Clara,085,1922200,313502,310412,12240,322652,2243
2022-03-20,Santa Cruz,087,273765,47596,47265,2074,49339,259
2022-03-20,Shasta,089,179085,30507,30522,6075,36597,525
2022-03-20,Sierra,091,2930,271,273,47,320,4
2022-03-20,Siskiyou,093,43540,4423,4426,2712,7138,80
2022-03-20,Solano,095,438530,81331,81393,5536,86929,441
2022-03-20,Sonoma,097,501317,83163,82965,2580,85545,481
2022-03-20,Stanislaus,099,539301,117387,118146,17775,135921,1572
2022-03-20,Sutter,101,95872,20431,20519,2047,22566,218
2022-03-20,Tehama,103,63373,12026,12030,2563,14593,160
2022-03-20,Trinity,105,12862,1182,1174,287,1461,20
2022-03-20,Tulare,107,460477,106239,104353,27460,131813,1389
2022-03-20,Tuolumne,109,53932,12665,12617,559,13176,180
2022-03-20,Ventura,111,848112,172685,172514,9356,181870,1451
2022-03-20,Yolo,113,214977,36924,36135,2888,39023,307
2022-03-20,Yuba,115,75493,15788,15787,1178,16965,117
2022-03-19,Alameda,001,1643700,255103,253936,13634,267570,1797
2022-03-19,Alpine,002,1148,122,122,1,123,0
2022-03-19,Amador,005,37829,8512,8456,638,9094,85
2022-03-19,Butte,007,227075,33094,32856,6998,39854,385
2022-03-19,Calaveras,009,45235,7243,7229,344,7573,119
2022-03-19,Colusa,011,21464,3443,3445,1046,4491,21
2022-03-19,Contra Costa,013,1133247,191427,187225,13304,200529,1276
2022-03-19,Del Norte,015,27424,5783,5815,183,5998,48
2022-03-19,El Dorado,017,186661,26620,26618,3183,29801,199
2022-03-19,Fresno,019,978130,234616,228965,24258,253223,2694
2022-03-19,Glenn,021,27897,4989,4971,1595,6566,44
2022-03-19,Humboldt,023,135768,16834,16901,2923,19824,138
2022-03-19,Imperial,025,180216,55299,55038,10509,65547,898
2022-03-19,Inyo,027,18085,4063,4061,468,4529,56
2022-03-19,Kern,029,883053,191534,190943,45702,236645,2184
2022-03-19,Kings,031,150075,51390,51334,3510,54844,441
2022-03-19,Lake,033,64148,10678,10641,879,11520,135
2022-03-19,Lassen,035,31185,8952,8925,873,9798,63
2022-03-19,Los Angeles,037,10098052,2704600,2686759,122091,2808850,31133
2022-03-19,Madera,039,155013,37228,37273,5999,43272,354
2022-03-19,Marin,041,260295,33299,33163,2168,35331,272
2022-03-19,Mariposa,043,17540,2388,2378,198,2576,6
2022-03-19,Mendocino,045,87422,13019,13012,2995,16007,117
2022-03-19,Merced,047,269075,62859,61985,8757,70742,800
2022-03-19,Modoc,049,8938,732,734,248,982,7
2022-03-19,Mono,051,14174,2965,2961,122,3083,5
2022-03-19,Monterey,053,433212,79151,78483,13524,92007,720
2022-03-19,Napa,055,140530,25660,25654,929,26583,138
2022-03-19,Nevada,057,99092,15911,15960,1188,17148,123
2022-03-19,Orange,059,3164182,545580,543907,41411,585318,6817
2022-03-19,Placer,061,380077,62614,62483,7305,69788,605
2022-03-19,Plumas,063,18699,2966,2724,358,3082,13
2022-03-19,Riverside,065,2383286,590353,589017,27648,616665,6359
2022-03-19,Sacramento,067,1510023,280180,274855,26718,301573,2913
2022-03-19,San Benito,069,59416,12944,12859,511,13370,97
2022-03-19,San Bernardino,071,2135413,573147,559935,24817,584752,6778
2022-03-19,San Diego,073,3302833,748557,747344,52128,799472,5133
2022-03-19,San Francisco,075,870044,123717,123587,8127,131714,833
2022-03-19,San Joaquin,077,732212,166361,165765,9855,175620,2181
2022-03-19,San Luis Obispo,079,281455,52307,52174,3714,55888,463
2022-03-19,San Mateo,081,765935,121080,119782,6881,126663,667
2022-03-19,Santa Barbara,083,443738,85527,85336,4675,90011,671
2022-03-19,Santa Clara,085,1922200,313380,309918,12231,322149,2225
2022-03-19,Santa Cruz,087,273765,47588,47203,2070,49273,256
2022-03-19,Shasta,089,179085,30503,30495,6075,36570,525
2022-03-19,Sierra,091,2930,271,273,47,320,4
2022-03-19,Siskiyou,093,43540,4422,4422,2712,7134,76
2022-03-19,Solano,095,438530,81322,81340,5533,86873,441
2022-03-19,Sonoma,097,501317,83146,82838,2577,85415,472
2022-03-19,Stanislaus,099,539301,117377,118138,17773,135911,1568
2022-03-19,Sutter,101,95872,20428,20503,2047,22550,218
2022-03-19,Tehama,103,63373,12026,12007,2563,14570,160
2022-03-19,Trinity,105,12862,1182,1173,287,1460,20
2022-03-19,Tulare,107,460477,106230,104290,27455,131745,1384
2022-03-19,Tuolumne,109,53932,12664,12617,559,13176,180
2022-03-19,Ventura,111,848112,172654,172380,9355,181735,1451
2022-03-19,Yolo,113,214977,36915,36086,2888,38974,306
2022-03-19,Yuba,115,75493,15784,15768,1177,16945,117
2022-03-18,Alameda,001,1643700,255041,253936,13630,267566,1797
2022-03-18,Alpine,002,1148,122,122,1,123,0
2022-03-18,Amador,005,37829,8512,8456,638,9094,85
2022-03-18,Butte,007,227075,33089,32856,6995,39851,385
2022-03-18,Calaveras,009,45235,7243,7229,344,7573,119
2022-03-18,Colusa,011,21464,3443,3445,1046,4491,21
2022-03-18,Contra Costa,013,1133247,191395,187225,13302,200527,1276
2022-03-18,Del Norte,015,27424,5781,5815,183,5998,48
2022-03-18,El Dorado,017,186661,26615,26618,3181,29799,199
2022-03-18,Fresno,019,978130,234583,228965,24258,253223,2694
2022-03-18,Glenn,021,27897,4988,4971,1595,6566,44
2022-03-18,Humboldt,023,135768,16831,16901,2922,19823,138
2022-03-18,Imperial,025,180216,55297,55038,10509,65547,898
2022-03-18,Inyo,027,18085,4063,4061,468,4529,56
2022-03-18,Kern,029,883053,191523,190943,45699,236642,2184
2022-03-18,Kings,031,150075,51382,51334,3510,54844,441
2022-03-18,Lake,033,64148,10676,10641,878,11519,135
2022-03-18,Lassen,035,31185,8951,8925,873,9798,63
2022-03-18,Los Angeles,037,10098052,2704246,2686759,122065,2808824,31133
2022-03-18,Madera,039,155013,37223,37273,5999,43272,354
2022-03-18,Marin,041,260295,33285,33163,2168,35331,272
2022-03-18,Mariposa,043,17540,2387,2378,198,2576,6
2022-03-18,Mendocino,045,87422,13015,13012,2995,16007,117
2022-03-18,Merced,047,269075,62847,61985,8757,70742,800
2022-03-18,Modoc,049,8938,732,734,248,982,7
2022-03-18,Mono,051,14174,2964,2961,122,3083,5
2022-03-18,Monterey,053,433212,79133,78483,13522,92005,720
2022-03-18,Napa,055,140530,25657,25654,929,26583,138
2022-03-18,Nevada,057,99092,15908,15960,1187,17147,123
2022-03-18,Orange,059,3164182,545513,543907,41402,585309,6817
2022-03-18,Placer,061,380077,62605,62483,7305,69788,605
2022-03-18,Plumas,063,18699,2966,2724,358,3082,13
2022-03-18,Riverside,065,2383286,590292,589017,27644,616661,6359
2022-03-18,Sacramento,067,1510023,280144,274855,26714,301569,2913
2022-03-18,San Benito,069,59416,12942,12859,511,13370,97
2022-03-18,San Bernardino,071,2135413,573109,559935,24815,584750,6778
2022-03-18,San Diego,073,3302833,748449,747344,52113,799457,5133
2022-03-18,San Francisco,075,870044,123637,123587,8122,131709,833
2022-03-18,San Joaquin,077,732212,166346,165765,9850,175615,2181
2022-03-18,San Luis Obispo,079,281455,52300,52174,3714,55888,463
2022-03-18,San Mateo,081,765935,121045,119782,6878,126660,667
2022-03-18,Santa Barbara,083,443738,85517,85336,4674,90010,671
2022-03-18,Santa Clara,085,1922200,313274,309918,12228,322146,2225
2022-03-18,Santa Cruz,087,273765,47576,47203,2069,49272,256
2022-03-18,Shasta,089,179085,30502,30495,6075,36570,525
2022-03-18,Sierra,091,2930,271,273,47,320,4
2022-03-18,Siskiyou,093,43540,4422,4422,2712,7134,76
2022-03-18,Solano,095,438530,81311,81340,5527,86867,441
2022-03-18,Sonoma,097,501317,83125,82838,2576,85414,472
2022-03-18,Stanislaus,099,539301,117364,118138,17773,135911,1568
2022-03-18,Sutter,101,95872,20425,20503,2047,22550,218
2022-03-18,Tehama,103,63373,12025,12007,2563,14570,160
2022-03-18,Trinity,105,12862,1182,1173,287,1460,20
2022-03-18,Tulare,107,460477,106224,104290,27450,131740,1384
2022-03-18,Tuolumne,109,53932,12663,12617,559,13176,180
2022-03-18,Ventura,111,848112,172634,172380,9350,181730,1451
2022-03-18,Yolo,113,214977,36904,36086,2888,38974,306
2022-03-18,Yuba,115,75493,15782,15768,1177,16945,117
2022-03-17,Alameda,001,1643700,254940,253936,13624,267560,1797
2022-03-17,Alpine,002,1148,122,122,1,123,0
2022-03-17,Amador,005,37829,8505,8456,638,9094,85
2022-03-17,Butte,007,227075,33076,32856,6993,39849,385
2022-03-17,Calaveras,009,45235,7240,7229,344,7573,119
2022-03-17,Colusa,011,21464,3443,3445,1046,4491,21
2022-03-17,Contra Costa,013,1133247,191331,187225,13291,200516,1276
2022-03-17,Del Norte,015,27424,5779,5815,183,5998,48
2022-03-17,El Dorado,017,186661,26609,26618,3181,29799,199
2022-03-17,Fresno,019,978130,234533,228965,24254,253219,2694
2022-03-17,Glenn,021,27897,4988,4971,1595,6566,44
2022-03-17,Humboldt,023,135768,16827,16901,2920,19821,138
2022-03-17,Imperial,025,180216,55286,55038,10509,65547,898
2022-03-17,Inyo,027,18085,4063,4061,468,4529,56
2022-03-17,Kern,029,883053,191492,190943,45696,236639,2184
2022-03-17,Kings,031,150075,51379,51334,3509,54843,441
2022-03-17,Lake,033,64148,10673,10641,878,11519,135
2022-03-17,Lassen,035,31185,8949,8925,873,9798,63
2022-03-17,Los Angeles,037,10098052,2703588,2686759,122030,2808789,31133
2022-03-17,Madera,039,155013,37219,37273,5999,43272,354
2022-03-17,Marin,041,260295,33273,33163,2167,35330,272
2022-03-17,Mariposa,043,17540,2387,2378,198,2576,6
2022-03-17,Mendocino,045,87422,13011,13012,2992,16004,117
2022-03-17,Merced,047,269075,62841,61985,8754,70739,800
2022-03-17,Modoc,049,8938,732,734,248,982,7
2022-03-17,Mono,051,14174,2964,2961,121,3082,5
2022-03-17,Monterey,053,433212,79110,78483,13516,91999,720
2022-03-17,Napa,055,140530,25652,25654,929,26583,138
2022-03-17,Nevada,057,99092,15905,15960,1187,17147,123
2022-03-17,Orange,059,3164182,545419,543907,41392,585299,6817
2022-03-17,Placer,061,380077,62589,62483,7303,69786,605
2022-03-17,Plumas,063,18699,2965,2724,358,3082,13
2022-03-17,Riverside,065,2383286,590212,589017,27637,616654,6359
2022-03-17,Sacramento,067,1510023,280078,274855,26708,301563,2913
2022-03-17,San Benito,069,59416,12941,12859,511,13370,97
2022-03-17,San Bernardino,071,2135413,573045,559935,24812,584747,6778
2022-03-17,San Diego,073,3302833,748274,747344,52097,799441,5133
2022-03-17,San Francisco,075,870044,123557,123587,8117,131704,833
2022-03-17,San Joaquin,077,732212,166326,165765,9848,175613,2181
2022-03-17,San Luis Obispo,079,281455,52286,52174,3712,55886,463
2022-03-17,San Mateo,081,765935,120997,119782,6874,126656,667
2022-03-17,Santa Barbara,083,443738,85502,85336,4674,90010,671
2022-03-17,Santa Clara,085,1922200,313153,309918,12224,322142,2225
2022-03-17,Santa Cruz,087,273765,47560,47203,2067,49270,256
2022-03-17,Shasta,089,179085,30498,30495,6073,36568,525
2022-03-17,Sierra,091,2930,271,273,47,320,4
2022-03-17,Siskiyou,093,43540,4422,4422,2712,7134,76
2022-03-17,Solano,095,438530,81282,81340,5523,86863,441
2022-03-17,Sonoma,097,501317,83096,82838,2574,85412,472
2022-03-17,Stanislaus,099,539301,117349,118138,17768,135906,1568
2022-03-17,Sutter,101,95872,20415,20503,2036,22539,218
2022-03-17,Tehama,103,63373,12025,12007,2563,14570,160
2022-03-17,Trinity,105,12862,1182,1173,287,1460,20
2022-03-17,Tulare,107,460477,106209,104290,27440,131730,1384
2022-03-17,Tuolumne,109,53932,12661,12617,558,13175,180
2022-03-17,Ventura,111,848112,172585,172380,9348,181728,1451
2022-03-17,Yolo,113,214977,36890,36086,2888,38974,306
2022-03-17,Yuba,115,75493,15780,15768,1176,16944,117
2022-03-16,Alameda,001,1643700,254841,253792,13621,267413,1794
2022-03-16,Alpine,002,1148,122,122,1,123,0
2022-03-16,Amador,005,37829,8497,8449,638,9087,85
2022-03-16,Butte,007,227075,33065,32837,6988,39825,385
2022-03-16,Calaveras,009,45235,7238,7229,344,7573,120
2022-03-16,Colusa,011,21464,3443,3445,1046,4491,22
2022-03-16,Contra Costa,013,1133247,191273,187100,13280,200380,1266
2022-03-16,Del Norte,015,27424,5778,5811,181,5992,48
2022-03-16,El Dorado,017,186661,26596,26602,3180,29782,199
2022-03-16,Fresno,019,978130,234486,228786,24243,253029,2689
2022-03-16,Glenn,021,27897,4987,4969,1595,6564,44
2022-03-16,Humboldt,023,135768,16824,16893,2920,19813,138
2022-03-16,Imperial,025,180216,55275,55002,10508,65510,897
2022-03-16,Inyo,027,18085,4062,4061,468,4529,56
2022-03-16,Kern,029,883053,191449,190835,45689,236524,2170
2022-03-16,Kings,031,150075,51364,51321,3509,54830,437
2022-03-16,Lake,033,64148,10671,10633,877,11510,133
2022-03-16,Lassen,035,31185,8946,8924,873,9797,62
2022-03-16,Los Angeles,037,10098052,2702957,2685789,121990,2807779,31102
2022-03-16,Madera,039,155013,37209,37262,5998,43260,354
2022-03-16,Marin,041,260295,33252,33136,2165,35301,272
2022-03-16,Mariposa,043,17540,2385,2376,198,2574,6
2022-03-16,Mendocino,045,87422,13008,13011,2991,16002,117
2022-03-16,Merced,047,269075,62825,61959,8750,70709,798
2022-03-16,Modoc,049,8938,731,734,248,982,7
2022-03-16,Mono,051,14174,2964,2960,121,3081,5
2022-03-16,Monterey,053,433212,79088,78416,13511,91927,720
2022-03-16,Napa,055,140530,25643,25638,929,26567,138
2022-03-16,Nevada,057,99092,15903,15960,1187,17147,123
2022-03-16,Orange,059,3164182,545296,543326,41369,584695,6791
2022-03-16,Placer,061,380077,62574,62435,7301,69736,605
2022-03-16,Plumas,063,18699,2965,2723,358,3081,13
2022-03-16,Riverside,065,2383286,590116,588761,27634,616395,6351
2022-03-16,Sacramento,067,1510023,280010,274709,26701,301410,2910
2022-03-16,San Benito,069,59416,12936,12854,511,13365,97
2022-03-16,San Bernardino,071,2135413,572964,559746,24805,584551,6775
2022-03-16,San Diego,073,3302833,748067,746970,52073,799043,5126
2022-03-16,San Francisco,075,870044,123456,123446,8110,131556,831
2022-03-16,San Joaquin,077,732212,166279,165703,9845,175548,2169
2022-03-16,San Luis Obispo,079,281455,52268,52132,3708,55840,462
2022-03-16,San Mateo,081,765935,120934,119680,6866,126546,660
2022-03-16,Santa Barbara,083,443738,85469,85322,4670,89992,670
2022-03-16,Santa Clara,085,1922200,312967,309689,12209,321898,2224
2022-03-16,Santa Cruz,087,273765,47530,47161,2067,49228,255
2022-03-16,Shasta,089,179085,30489,30489,6069,36558,527
2022-03-16,Sierra,091,2930,271,273,47,320,4
2022-03-16,Siskiyou,093,43540,4420,4419,2710,7129,76
2022-03-16,Solano,095,438530,81259,81277,5521,86798,440
2022-03-16,Sonoma,097,501317,83052,82791,2565,85356,472
2022-03-16,Stanislaus,099,539301,117323,118072,17766,135838,1567
2022-03-16,Sutter,101,95872,20413,20494,2035,22529,218
2022-03-16,Tehama,103,63373,12023,11999,2563,14562,160
2022-03-16,Trinity,105,12862,1182,1173,287,1460,20
2022-03-16,Tulare,107,460477,106196,104217,27434,131651,1377
2022-03-16,Tuolumne,109,53932,12656,12610,558,13168,180
2022-03-16,Ventura,111,848112,172544,172212,9344,181556,1451
2022-03-16,Yolo,113,214977,36867,36079,2887,38966,307
2022-03-16,Yuba,115,75493,15775,15758,1176,16934,117
2022-03-15,Alameda,001,1643700,254706,253694,13612,267306,1793
2022-03-15,Alpine,002,1148,122,122,1,123,0
2022-03-15,Amador,005,37829,8494,8448,638,9086,85
2022-03-15,Butte,007,227075,33052,32822,6987,39809,385
2022-03-15,Calaveras,009,45235,7236,7236,344,7580,118
2022-03-15,Colusa,011,21464,3443,3445,1046,4491,21
2022-03-15,Contra Costa,013,1133247,191192,187021,13273,200294,1265
2022-03-15,Del Norte,015,27424,5775,5806,178,5984,48
2022-03-15,El Dorado,017,186661,26593,26596,3180,29776,199
2022-03-15,Fresno,019,978130,234443,228631,24234,252865,2689
2022-03-15,Glenn,021,27897,4985,4966,1595,6561,44
2022-03-15,Humboldt,023,135768,16818,16889,2919,19808,138
2022-03-15,Imperial,025,180216,55264,54981,10503,65484,896
2022-03-15,Inyo,027,18085,4062,4062,467,4529,56
2022-03-15,Kern,029,883053,191420,190645,45679,236324,2168
2022-03-15,Kings,031,150075,51345,51317,3505,54822,437
2022-03-15,Lake,033,64148,10667,10631,877,11508,131
2022-03-15,Lassen,035,31185,8944,8926,873,9799,62
2022-03-15,Los Angeles,037,10098052,2702269,2685071,121933,2807004,31077
2022-03-15,Madera,039,155013,37200,37258,5997,43255,354
2022-03-15,Marin,041,260295,33229,33111,2164,35275,272
2022-03-15,Mariposa,043,17540,2383,2377,198,2575,6
2022-03-15,Mendocino,045,87422,13003,13005,2990,15995,117
2022-03-15,Merced,047,269075,62808,61916,8741,70657,798
2022-03-15,Modoc,049,8938,731,733,248,981,7
2022-03-15,Mono,051,14174,2964,2961,121,3082,5
2022-03-15,Monterey,053,433212,79058,78400,13503,91903,718
2022-03-15,Napa,055,140530,25635,25657,927,26584,138
2022-03-15,Nevada,057,99092,15901,15960,1185,17145,123
2022-03-15,Orange,059,3164182,545155,543197,41362,584559,6780
2022-03-15,Placer,061,380077,62556,62398,7297,69695,604
2022-03-15,Plumas,063,18699,2964,2722,358,3080,13
2022-03-15,Riverside,065,2383286,590017,588622,27626,616248,6333
2022-03-15,Sacramento,067,1510023,279925,274633,26695,301328,2907
2022-03-15,San Benito,069,59416,12931,12849,511,13360,95
2022-03-15,San Bernardino,071,2135413,572888,559605,24802,584407,6770
2022-03-15,San Diego,073,3302833,747824,746474,52051,798525,5116
2022-03-15,San Francisco,075,870044,123340,123526,8101,131627,831
2022-03-15,San Joaquin,077,732212,166236,165664,9839,175503,2161
2022-03-15,San Luis Obispo,079,281455,52258,52060,3704,55764,458
2022-03-15,San Mateo,081,765935,120882,119586,6860,126446,649
2022-03-15,Santa Barbara,083,443738,85444,85353,4666,90019,668
2022-03-15,Santa Clara,085,1922200,312803,309535,12198,321733,2224
2022-03-15,Santa Cruz,087,273765,47477,47117,2067,49184,255
2022-03-15,Shasta,089,179085,30480,30476,6066,36542,524
2022-03-15,Sierra,091,2930,271,273,47,320,4
2022-03-15,Siskiyou,093,43540,4420,4420,2710,7130,76
2022-03-15,Solano,095,438530,81223,81260,5520,86780,440
2022-03-15,Sonoma,097,501317,83012,82737,2565,85302,472
2022-03-15,Stanislaus,099,539301,117305,118085,17763,135848,1567
2022-03-15,Sutter,101,95872,20410,20480,2026,22506,217
2022-03-15,Tehama,103,63373,12020,11997,2563,14560,160
2022-03-15,Trinity,105,12862,1182,1173,287,1460,20
2022-03-15,Tulare,107,460477,106177,104153,27422,131575,1375
2022-03-15,Tuolumne,109,53932,12652,12602,558,13160,180
2022-03-15,Ventura,111,848112,172499,172150,9341,181491,1451
2022-03-15,Yolo,113,214977,36852,36079,2883,38962,308
2022-03-15,Yuba,115,75493,15767,15756,1176,16932,116
2022-03-14,Alameda,001,1643700,254594,253629,13608,267237,1791
2022-03-14,Alpine,002,1148,122,122,1,123,0
2022-03-14,Amador,005,37829,8489,8448,638,9086,85
2022-03-14,Butte,007,227075,33036,32812,6987,39799,385
2022-03-14,Calaveras,009,45235,7235,7245,344,7589,118
2022-03-14,Colusa,011,21464,3442,3445,1046,4491,21
2022-03-14,Contra Costa,013,1133247,191100,186969,13265,200234,1265
2022-03-14,Del Norte,015,27424,5769,5807,178,5985,48
2022-03-14,El Dorado,017,186661,26587,26570,3180,29750,199
2022-03-14,Fresno,019,978130,234371,228470,24224,252694,2682
2022-03-14,Glenn,021,27897,4983,4966,1595,6561,44
2022-03-14,Humboldt,023,135768,16811,16890,2917,19807,137
2022-03-14,Imperial,025,180216,55253,54933,10502,65435,897
2022-03-14,Inyo,027,18085,4062,4062,467,4529,56
2022-03-14,Kern,029,883053,191385,190526,45668,236194,2166
2022-03-14,Kings,031,150075,51327,51293,3504,54797,437
2022-03-14,Lake,033,64148,10664,10631,877,11508,131
2022-03-14,Lassen,035,31185,8944,8927,872,9799,62
2022-03-14,Los Angeles,037,10098052,2701638,2683369,121868,2805237,31034
2022-03-14,Madera,039,155013,37193,37255,5996,43251,354
2022-03-14,Marin,041,260295,33201,33099,2164,35263,272
2022-03-14,Mariposa,043,17540,2382,2376,198,2574,6
2022-03-14,Mendocino,045,87422,12998,12992,2983,15975,117
2022-03-14,Merced,047,269075,62789,61905,8739,70644,795
2022-03-14,Modoc,049,8938,730,731,248,979,7
2022-03-14,Mono,051,14174,2963,2961,121,3082,5
2022-03-14,Monterey,053,433212,79043,78376,13467,91843,718
2022-03-14,Napa,055,140530,25621,25649,927,26576,138
2022-03-14,Nevada,057,99092,15899,15954,1185,17139,123
2022-03-14,Orange,059,3164182,545018,543099,41347,584446,6775
2022-03-14,Placer,061,380077,62538,62389,7295,69684,601
2022-03-14,Plumas,063,18699,2964,2711,358,3069,13
2022-03-14,Riverside,065,2383286,589883,588531,27616,616147,6332
2022-03-14,Sacramento,067,1510023,279842,274682,26690,301372,2899
2022-03-14,San Benito,069,59416,12926,12846,511,13357,95
2022-03-14,San Bernardino,071,2135413,572801,559505,24797,584302,6767
2022-03-14,San Diego,073,3302833,747522,745515,52022,797537,5108
2022-03-14,San Francisco,075,870044,123249,123575,8094,131669,824
2022-03-14,San Joaquin,077,732212,166197,165662,9838,175500,2142
2022-03-14,San Luis Obispo,079,281455,52230,52046,3701,55747,458
2022-03-14,San Mateo,081,765935,120809,119564,6858,126422,649
2022-03-14,Santa Barbara,083,443738,85407,85396,4665,90061,667
2022-03-14,Santa Clara,085,1922200,312611,309600,12195,321795,2223
2022-03-14,Santa Cruz,087,273765,47439,47107,2065,49172,255
2022-03-14,Shasta,089,179085,30475,30462,6063,36525,520
2022-03-14,Sierra,091,2930,271,273,47,320,4
2022-03-14,Siskiyou,093,43540,4415,4419,2709,7128,76
2022-03-14,Solano,095,438530,81174,81233,5515,86748,440
2022-03-14,Sonoma,097,501317,82977,82731,2561,85292,473
2022-03-14,Stanislaus,099,539301,117270,118088,17759,135847,1567
2022-03-14,Sutter,101,95872,20404,20478,2026,22504,217
2022-03-14,Tehama,103,63373,12018,11996,2563,14559,160
2022-03-14,Trinity,105,12862,1182,1172,287,1459,20
2022-03-14,Tulare,107,460477,106151,104121,27415,131536,1365
2022-03-14,Tuolumne,109,53932,12651,12567,557,13124,180
2022-03-14,Ventura,111,848112,172446,172107,9339,181446,1442
2022-03-14,Yolo,113,214977,36836,36059,2881,38940,308
2022-03-14,Yuba,115,75493,15755,15748,1176,16924,116
2022-03-13,Alameda,001,1643700,254468,253547,13600,267147,1792
2022-03-13,Alpine,002,1148,122,122,1,123,0
2022-03-13,Amador,005,37829,8487,8444,638,9082,85
2022-03-13,Butte,007,227075,33017,32806,6984,39790,384
2022-03-13,Calaveras,009,45235,7230,7253,344,7597,118
2022-03-13,Colusa,011,21464,3442,3444,1044,4488,21
2022-03-13,Contra Costa,013,1133247,191001,186911,13252,200163,1265
2022-03-13,Del Norte,015,27424,5765,5808,178,5986,48
2022-03-13,El Dorado,017,186661,26582,26563,3179,29742,199
2022-03-13,Fresno,019,978130,234288,228421,24210,252631,2683
2022-03-13,Glenn,021,27897,4980,4966,1594,6560,44
2022-03-13,Humboldt,023,135768,16803,16883,2917,19800,137
2022-03-13,Imperial,025,180216,55242,54934,10500,65434,897
2022-03-13,Inyo,027,18085,4062,4062,466,4528,56
2022-03-13,Kern,029,883053,191331,190495,45656,236151,2166
2022-03-13,Kings,031,150075,51318,51273,3504,54777,437
2022-03-13,Lake,033,64148,10661,10626,877,11503,131
2022-03-13,Lassen,035,31185,8943,8929,871,9800,62
2022-03-13,Los Angeles,037,10098052,2700913,2683351,121826,2805177,31034
2022-03-13,Madera,039,155013,37185,37248,5996,43244,354
2022-03-13,Marin,041,260295,33177,33083,2162,35245,272
2022-03-13,Mariposa,043,17540,2380,2376,198,2574,6
2022-03-13,Mendocino,045,87422,12992,12987,2978,15965,117
2022-03-13,Merced,047,269075,62767,61895,8729,70624,795
2022-03-13,Modoc,049,8938,730,731,248,979,7
2022-03-13,Mono,051,14174,2963,2961,121,3082,5
2022-03-13,Monterey,053,433212,79007,78366,13419,91785,718
2022-03-13,Napa,055,140530,25607,25639,926,26565,138
2022-03-13,Nevada,057,99092,15892,15959,1185,17144,123
2022-03-13,Orange,059,3164182,544898,543036,41323,584359,6774
2022-03-13,Placer,061,380077,62514,62372,7292,69664,601
2022-03-13,Plumas,063,18699,2964,2711,358,3069,13
2022-03-13,Riverside,065,2383286,589750,588487,27610,616097,6332
2022-03-13,Sacramento,067,1510023,279733,274715,26677,301392,2899
2022-03-13,San Benito,069,59416,12920,12844,509,13353,95
2022-03-13,San Bernardino,071,2135413,572710,559450,24787,584237,6767
2022-03-13,San Diego,073,3302833,747181,745515,51988,797503,5108
2022-03-13,San Francisco,075,870044,123129,123622,8088,131710,824
2022-03-13,San Joaquin,077,732212,166148,165641,9836,175477,2142
2022-03-13,San Luis Obispo,079,281455,52200,52040,3699,55739,458
2022-03-13,San Mateo,081,765935,120731,119521,6849,126370,649
2022-03-13,Santa Barbara,083,443738,85367,85453,4663,90116,667
2022-03-13,Santa Clara,085,1922200,312425,309493,12187,321680,2225
2022-03-13,Santa Cruz,087,273765,47387,47087,2065,49152,255
2022-03-13,Shasta,089,179085,30458,30457,6061,36518,520
2022-03-13,Sierra,091,2930,271,273,47,320,4
2022-03-13,Siskiyou,093,43540,4415,4418,2709,7127,76
2022-03-13,Solano,095,438530,81138,81217,5510,86727,440
2022-03-13,Sonoma,097,501317,82943,82711,2557,85268,473
2022-03-13,Stanislaus,099,539301,117237,118075,17754,135829,1567
2022-03-13,Sutter,101,95872,20400,20474,2026,22500,217
2022-03-13,Tehama,103,63373,12017,11997,2562,14559,160
2022-03-13,Trinity,105,12862,1182,1172,287,1459,20
2022-03-13,Tulare,107,460477,106117,104119,27407,131526,1365
2022-03-13,Tuolumne,109,53932,12648,12565,557,13122,180
2022-03-13,Ventura,111,848112,172388,172080,9332,181412,1442
2022-03-13,Yolo,113,214977,36817,36019,2879,38898,308
2022-03-13,Yuba,115,75493,15750,15741,1176,16917,116
2022-03-12,Alameda,001,1643700,254401,253079,13595,266674,1783
2022-03-12,Alpine,002,1148,122,122,1,123,0
2022-03-12,Amador,005,37829,8483,8427,638,9065,84
2022-03-12,Butte,007,227075,33012,32774,6982,39756,380
2022-03-12,Calaveras,009,45235,7229,7253,344,7597,118
2022-03-12,Colusa,011,21464,3442,3440,1044,4484,21
2022-03-12,Contra Costa,013,1133247,190959,186618,13251,199869,1256
2022-03-12,Del Norte,015,27424,5764,5791,178,5969,48
2022-03-12,El Dorado,017,186661,26578,26538,3179,29717,199
2022-03-12,Fresno,019,978130,234266,228041,24210,252251,2653
2022-03-12,Glenn,021,27897,4980,4955,1594,6549,44
2022-03-12,Humboldt,023,135768,16799,16862,2916,19778,137
2022-03-12,Imperial,025,180216,55237,54837,10497,65334,896
2022-03-12,Inyo,027,18085,4062,4056,466,4522,56
2022-03-12,Kern,029,883053,191314,190330,45651,235981,2162
2022-03-12,Kings,031,150075,51312,51145,3504,54649,436
2022-03-12,Lake,033,64148,10659,10594,876,11470,131
2022-03-12,Lassen,035,31185,8942,8915,871,9786,62
2022-03-12,Los Angeles,037,10098052,2700587,2678858,121804,2800662,30901
2022-03-12,Madera,039,155013,37180,37223,5996,43219,354
2022-03-12,Marin,041,260295,33152,33015,2161,35176,272
2022-03-12,Mariposa,043,17540,2380,2372,198,2570,6
2022-03-12,Mendocino,045,87422,12988,12965,2978,15943,117
2022-03-12,Merced,047,269075,62760,61840,8727,70567,795
2022-03-12,Modoc,049,8938,730,730,248,978,7
2022-03-12,Mono,051,14174,2963,2960,120,3080,5
2022-03-12,Monterey,053,433212,79000,78285,13417,91702,716
2022-03-12,Napa,055,140530,25597,25584,925,26509,138
2022-03-12,Nevada,057,99092,15886,15947,1185,17132,123
2022-03-12,Orange,059,3164182,544834,542354,41314,583668,6718
2022-03-12,Placer,061,380077,62504,62282,7292,69574,598
2022-03-12,Plumas,063,18699,2964,2707,358,3065,13
2022-03-12,Riverside,065,2383286,589684,588022,27605,615627,6317
2022-03-12,Sacramento,067,1510023,279693,274519,26673,301192,2886
2022-03-12,San Benito,069,59416,12917,12868,509,13377,95
2022-03-12,San Bernardino,071,2135413,572662,559013,24786,583799,6734
2022-03-12,San Diego,073,3302833,747059,744386,51966,796352,5090
2022-03-12,San Francisco,075,870044,123064,123610,8082,131692,823
2022-03-12,San Joaquin,077,732212,166127,165516,9833,175349,2117
2022-03-12,San Luis Obispo,079,281455,52191,51947,3696,55643,457
2022-03-12,San Mateo,081,765935,120695,119288,6848,126136,641
2022-03-12,Santa Barbara,083,443738,85348,85421,4663,90084,664
2022-03-12,Santa Clara,085,1922200,312321,308989,12182,321171,2208
2022-03-12,Santa Cruz,087,273765,47374,46982,2064,49046,254
2022-03-12,Shasta,089,179085,30446,30419,6059,36478,517
2022-03-12,Sierra,091,2930,271,273,47,320,4
2022-03-12,Siskiyou,093,43540,4415,4405,2709,7114,75
2022-03-12,Solano,095,438530,81124,81058,5510,86568,436
2022-03-12,Sonoma,097,501317,82926,82622,2555,85177,473
2022-03-12,Stanislaus,099,539301,117223,117884,17753,135637,1564
2022-03-12,Sutter,101,95872,20399,20429,2026,22455,217
2022-03-12,Tehama,103,63373,12017,11983,2562,14545,159
2022-03-12,Trinity,105,12862,1181,1172,287,1459,20
2022-03-12,Tulare,107,460477,106112,103994,27403,131397,1358
2022-03-12,Tuolumne,109,53932,12647,12476,557,13033,180
2022-03-12,Ventura,111,848112,172363,171932,9331,181263,1442
2022-03-12,Yolo,113,214977,36810,35982,2877,38859,308
2022-03-12,Yuba,115,75493,15750,15722,1176,16898,116
2022-03-11,Alameda,001,1643700,254339,253079,13595,266674,1783
2022-03-11,Alpine,002,1148,122,122,1,123,0
2022-03-11,Amador,005,37829,8481,8427,638,9065,84
2022-03-11,Butte,007,227075,33008,32774,6981,39755,380
2022-03-11,Calaveras,009,45235,7229,7253,344,7597,118
2022-03-11,Colusa,011,21464,3442,3440,1044,4484,21
2022-03-11,Contra Costa,013,1133247,190910,186618,13249,199867,1256
2022-03-11,Del Norte,015,27424,5760,5791,178,5969,48
2022-03-11,El Dorado,017,186661,26574,26538,3179,29717,199
2022-03-11,Fresno,019,978130,234211,228041,24206,252247,2653
2022-03-11,Glenn,021,27897,4980,4955,1594,6549,44
2022-03-11,Humboldt,023,135768,16794,16862,2915,19777,137
2022-03-11,Imperial,025,180216,55231,54837,10496,65333,896
2022-03-11,Inyo,027,18085,4062,4056,466,4522,56
2022-03-11,Kern,029,883053,191292,190330,45646,235976,2162
2022-03-11,Kings,031,150075,51293,51145,3504,54649,436
2022-03-11,Lake,033,64148,10655,10594,876,11470,131
2022-03-11,Lassen,035,31185,8941,8915,871,9786,62
2022-03-11,Los Angeles,037,10098052,2700266,2678858,121776,2800634,30901
2022-03-11,Madera,039,155013,37175,37223,5996,43219,354
2022-03-11,Marin,041,260295,33136,33015,2160,35175,272
2022-03-11,Mariposa,043,17540,2379,2372,198,2570,6
2022-03-11,Mendocino,045,87422,12982,12965,2978,15943,117
2022-03-11,Merced,047,269075,62753,61840,8725,70565,795
2022-03-11,Modoc,049,8938,730,730,248,978,7
2022-03-11,Mono,051,14174,2962,2960,120,3080,5
2022-03-11,Monterey,053,433212,78987,78285,13410,91695,716
2022-03-11,Napa,055,140530,25586,25584,925,26509,138
2022-03-11,Nevada,057,99092,15883,15947,1185,17132,123
2022-03-11,Orange,059,3164182,544765,542354,41300,583654,6718
2022-03-11,Placer,061,380077,62491,62282,7291,69573,598
2022-03-11,Plumas,063,18699,2962,2707,358,3065,13
2022-03-11,Riverside,065,2383286,589607,588022,27601,615623,6317
2022-03-11,Sacramento,067,1510023,279623,274519,26671,301190,2886
2022-03-11,San Benito,069,59416,12916,12868,509,13377,95
2022-03-11,San Bernardino,071,2135413,572605,559013,24781,583794,6734
2022-03-11,San Diego,073,3302833,746893,744386,51952,796338,5090
2022-03-11,San Francisco,075,870044,123007,123610,8078,131688,823
2022-03-11,San Joaquin,077,732212,166089,165516,9830,175346,2117
2022-03-11,San Luis Obispo,079,281455,52183,51947,3695,55642,457
2022-03-11,San Mateo,081,765935,120646,119288,6845,126133,641
2022-03-11,Santa Barbara,083,443738,85328,85421,4662,90083,664
2022-03-11,Santa Clara,085,1922200,312184,308989,12179,321168,2208
2022-03-11,Santa Cruz,087,273765,47359,46982,2064,49046,254
2022-03-11,Shasta,089,179085,30441,30419,6056,36475,517
2022-03-11,Sierra,091,2930,271,273,47,320,4
2022-03-11,Siskiyou,093,43540,4415,4405,2707,7112,75
2022-03-11,Solano,095,438530,81110,81058,5509,86567,436
2022-03-11,Sonoma,097,501317,82900,82622,2553,85175,473
2022-03-11,Stanislaus,099,539301,117209,117884,17751,135635,1564
2022-03-11,Sutter,101,95872,20397,20429,2026,22455,217
2022-03-11,Tehama,103,63373,12015,11983,2562,14545,159
2022-03-11,Trinity,105,12862,1181,1172,287,1459,20
2022-03-11,Tulare,107,460477,106098,103994,27397,131391,1358
2022-03-11,Tuolumne,109,53932,12645,12476,557,13033,180
2022-03-11,Ventura,111,848112,172327,171932,9326,181258,1442
2022-03-11,Yolo,113,214977,36799,35982,2877,38859,308
2022-03-11,Yuba,115,75493,15747,15722,1176,16898,116
2022-03-10,Alameda,001,1643700,254214,253079,13591,266670,1783
2022-03-10,Alpine,002,1148,122,122,1,123,0
2022-03-10,Amador,005,37829,8480,8427,638,9065,84
2022-03-10,Butte,007,227075,32992,32774,6979,39753,380
2022-03-10,Calaveras,009,45235,7228,7253,343,7596,118
2022-03-10,Colusa,011,21464,3442,3440,1044,4484,21
2022-03-10,Contra Costa,013,1133247,190826,186618,13239,199857,1256
2022-03-10,Del Norte,015,27424,5751,5791,178,5969,48
2022-03-10,El Dorado,017,186661,26563,26538,3178,29716,199
2022-03-10,Fresno,019,978130,234135,228041,24196,252237,2653
2022-03-10,Glenn,021,27897,4977,4955,1594,6549,44
2022-03-10,Humboldt,023,135768,16785,16862,2914,19776,137
2022-03-10,Imperial,025,180216,55221,54837,10495,65332,896
2022-03-10,Inyo,027,18085,4061,4056,466,4522,56
2022-03-10,Kern,029,883053,191259,190330,45632,235962,2162
2022-03-10,Kings,031,150075,51264,51145,3503,54648,436
2022-03-10,Lake,033,64148,10645,10594,875,11469,131
2022-03-10,Lassen,035,31185,8941,8915,871,9786,62
2022-03-10,Los Angeles,037,10098052,2699712,2678858,121735,2800593,30901
2022-03-10,Madera,039,155013,37169,37223,5989,43212,354
2022-03-10,Marin,041,260295,33123,33015,2156,35171,272
2022-03-10,Mariposa,043,17540,2379,2372,198,2570,6
2022-03-10,Mendocino,045,87422,12978,12965,2978,15943,117
2022-03-10,Merced,047,269075,62733,61840,8720,70560,795
2022-03-10,Modoc,049,8938,729,730,248,978,7
2022-03-10,Mono,051,14174,2962,2960,120,3080,5
2022-03-10,Monterey,053,433212,78964,78285,13385,91670,716
2022-03-10,Napa,055,140530,25577,25584,924,26508,138
2022-03-10,Nevada,057,99092,15876,15947,1185,17132,123
2022-03-10,Orange,059,3164182,544644,542354,41282,583636,6718
2022-03-10,Placer,061,380077,62470,62282,7286,69568,598
2022-03-10,Plumas,063,18699,2961,2707,358,3065,13
2022-03-10,Riverside,065,2383286,589492,588022,27596,615618,6317
2022-03-10,Sacramento,067,1510023,279546,274519,26665,301184,2886
2022-03-10,San Benito,069,59416,12915,12868,508,13376,95
2022-03-10,San Bernardino,071,2135413,572532,559013,24777,583790,6734
2022-03-10,San Diego,073,3302833,746636,744386,51921,796307,5090
2022-03-10,San Francisco,075,870044,122940,123610,8072,131682,823
2022-03-10,San Joaquin,077,732212,166056,165516,9828,175344,2117
2022-03-10,San Luis Obispo,079,281455,52160,51947,3692,55639,457
2022-03-10,San Mateo,081,765935,120583,119288,6843,126131,641
2022-03-10,Santa Barbara,083,443738,85296,85421,4661,90082,664
2022-03-10,Santa Clara,085,1922200,312012,308989,12172,321161,2208
2022-03-10,Santa Cruz,087,273765,47327,46982,2064,49046,254
2022-03-10,Shasta,089,179085,30432,30419,6054,36473,517
2022-03-10,Sierra,091,2930,271,273,47,320,4
2022-03-10,Siskiyou,093,43540,4415,4405,2707,7112,75
2022-03-10,Solano,095,438530,81074,81058,5504,86562,436
2022-03-10,Sonoma,097,501317,82874,82622,2553,85175,473
2022-03-10,Stanislaus,099,539301,117174,117884,17749,135633,1564
2022-03-10,Sutter,101,95872,20393,20429,2026,22455,217
2022-03-10,Tehama,103,63373,12014,11983,2562,14545,159
2022-03-10,Trinity,105,12862,1181,1172,287,1459,20
2022-03-10,Tulare,107,460477,106080,103994,27391,131385,1358
2022-03-10,Tuolumne,109,53932,12642,12476,557,13033,180
2022-03-10,Ventura,111,848112,172286,171932,9323,181255,1442
2022-03-10,Yolo,113,214977,36786,35982,2876,38858,308
2022-03-10,Yuba,115,75493,15737,15722,1175,16897,116
2022-03-09,Alameda,001,1643700,254082,252893,13587,266480,1781
2022-03-09,Alpine,002,1148,122,125,1,126,0
2022-03-09,Amador,005,37829,8474,8409,638,9047,84
2022-03-09,Butte,007,227075,32983,32767,6975,39742,380
2022-03-09,Calaveras,009,45235,7226,7249,343,7592,117
2022-03-09,Colusa,011,21464,3441,3439,1044,4483,21
2022-03-09,Contra Costa,013,1133247,190720,186483,13224,199707,1256
2022-03-09,Del Norte,015,27424,5747,5765,178,5943,48
2022-03-09,El Dorado,017,186661,26559,26515,3177,29692,198
2022-03-09,Fresno,019,978130,234034,227885,24188,252073,2653
2022-03-09,Glenn,021,27897,4977,4953,1593,6546,44
2022-03-09,Humboldt,023,135768,16780,16854,2911,19765,137
2022-03-09,Imperial,025,180216,55215,54764,10493,65257,894
2022-03-09,Inyo,027,18085,4061,4056,466,4522,56
2022-03-09,Kern,029,883053,191211,190254,45619,235873,2159
2022-03-09,Kings,031,150075,51243,51122,3503,54625,435
2022-03-09,Lake,033,64148,10638,10586,875,11461,130
2022-03-09,Lassen,035,31185,8941,8901,871,9772,62
2022-03-09,Los Angeles,037,10098052,2699067,2677901,121695,2799596,30842
2022-03-09,Madera,039,155013,37161,37207,5988,43195,354
2022-03-09,Marin,041,260295,33105,32967,2156,35123,272
2022-03-09,Mariposa,043,17540,2376,2372,198,2570,6
2022-03-09,Mendocino,045,87422,12974,12957,2973,15930,117
2022-03-09,Merced,047,269075,62716,61792,8714,70506,792
2022-03-09,Modoc,049,8938,728,730,247,977,7
2022-03-09,Mono,051,14174,2962,2962,120,3082,5
2022-03-09,Monterey,053,433212,78941,78258,13342,91600,716
2022-03-09,Napa,055,140530,25556,25561,923,26484,138
2022-03-09,Nevada,057,99092,15867,15938,1184,17122,123
2022-03-09,Orange,059,3164182,544513,542278,41270,583548,6700
2022-03-09,Placer,061,380077,62447,62242,7282,69524,598
2022-03-09,Plumas,063,18699,2960,2708,358,3066,13
2022-03-09,Riverside,065,2383286,589380,587833,27586,615419,6305
2022-03-09,Sacramento,067,1510023,279457,274373,26649,301022,2877
2022-03-09,San Benito,069,59416,12898,12864,508,13372,95
2022-03-09,San Bernardino,071,2135413,572430,558795,24766,583561,6723
2022-03-09,San Diego,073,3302833,746364,743956,51895,795851,5083
2022-03-09,San Francisco,075,870044,122849,123676,8068,131744,812
2022-03-09,San Joaquin,077,732212,166016,165444,9822,175266,2113
2022-03-09,San Luis Obispo,079,281455,52141,51923,3690,55613,457
2022-03-09,San Mateo,081,765935,120525,119194,6831,126025,639
2022-03-09,Santa Barbara,083,443738,85282,85382,4659,90041,661
2022-03-09,Santa Clara,085,1922200,311857,308765,12162,320927,2206
2022-03-09,Santa Cruz,087,273765,47287,46917,2063,48980,254
2022-03-09,Shasta,089,179085,30410,30407,6053,36460,493
2022-03-09,Sierra,091,2930,271,273,47,320,4
2022-03-09,Siskiyou,093,43540,4414,4403,2706,7109,75
2022-03-09,Solano,095,438530,81038,80984,5503,86487,436
2022-03-09,Sonoma,097,501317,82841,82574,2551,85125,473
2022-03-09,Stanislaus,099,539301,117137,117827,17744,135571,1541
2022-03-09,Sutter,101,95872,20382,20409,2022,22431,217
2022-03-09,Tehama,103,63373,12010,11980,2562,14542,159
2022-03-09,Trinity,105,12862,1181,1174,287,1461,20
2022-03-09,Tulare,107,460477,106052,103932,27378,131310,1350
2022-03-09,Tuolumne,109,53932,12640,12444,557,13001,180
2022-03-09,Ventura,111,848112,172235,171852,9320,181172,1448
2022-03-09,Yolo,113,214977,36767,35973,2864,38837,308
2022-03-09,Yuba,115,75493,15732,15714,1174,16888,115
2022-03-08,Alameda,001,1643700,253925,252744,13574,266318,1769
2022-03-08,Alpine,002,1148,122,125,1,126,0
2022-03-08,Amador,005,37829,8460,8407,638,9045,84
2022-03-08,Butte,007,227075,32969,32759,6971,39730,380
2022-03-08,Calaveras,009,45235,7222,7245,343,7588,117
2022-03-08,Colusa,011,21464,3438,3439,1043,4482,21
2022-03-08,Contra Costa,013,1133247,190633,186396,13211,199607,1256
2022-03-08,Del Norte,015,27424,5742,5763,178,5941,48
2022-03-08,El Dorado,017,186661,26549,26503,3172,29675,197
2022-03-08,Fresno,019,978130,233936,227808,24179,251987,2653
2022-03-08,Glenn,021,27897,4975,4944,1592,6536,43
2022-03-08,Humboldt,023,135768,16768,16837,2898,19735,137
2022-03-08,Imperial,025,180216,55201,54721,10491,65212,890
2022-03-08,Inyo,027,18085,4058,4056,466,4522,56
2022-03-08,Kern,029,883053,191148,190208,45605,235813,2154
2022-03-08,Kings,031,150075,51201,51089,3501,54590,434
2022-03-08,Lake,033,64148,10628,10571,875,11446,130
2022-03-08,Lassen,035,31185,8940,8897,871,9768,62
2022-03-08,Los Angeles,037,10098052,2698375,2677166,121659,2798825,30803
2022-03-08,Madera,039,155013,37151,37185,5987,43172,354
2022-03-08,Marin,041,260295,33068,32943,2155,35098,272
2022-03-08,Mariposa,043,17540,2374,2371,198,2569,6
2022-03-08,Mendocino,045,87422,12970,12950,2972,15922,117
2022-03-08,Merced,047,269075,62695,61767,8703,70470,791
2022-03-08,Modoc,049,8938,727,729,247,976,7
2022-03-08,Mono,051,14174,2961,2961,120,3081,5
2022-03-08,Monterey,053,433212,78921,78247,13305,91552,711
2022-03-08,Napa,055,140530,25530,25528,922,26450,137
2022-03-08,Nevada,057,99092,15856,15939,1183,17122,122
2022-03-08,Orange,059,3164182,544366,542164,41250,583414,6692
2022-03-08,Placer,061,380077,62419,62221,7281,69502,594
2022-03-08,Plumas,063,18699,2960,2703,358,3061,13
2022-03-08,Riverside,065,2383286,589271,587686,27579,615265,6294
2022-03-08,Sacramento,067,1510023,279355,274276,26630,300906,2872
2022-03-08,San Benito,069,59416,12896,12855,508,13363,94
2022-03-08,San Bernardino,071,2135413,572337,558512,24756,583268,6715
2022-03-08,San Diego,073,3302833,746021,743604,51878,795482,5077
2022-03-08,San Francisco,075,870044,122753,123675,8063,131738,807
2022-03-08,San Joaquin,077,732212,165980,165381,9818,175199,2104
2022-03-08,San Luis Obispo,079,281455,52113,51900,3687,55587,451
2022-03-08,San Mateo,081,765935,120444,119103,6821,125924,638
2022-03-08,Santa Barbara,083,443738,85250,85363,4659,90022,659
2022-03-08,Santa Clara,085,1922200,311630,308528,12155,320683,2206
2022-03-08,Santa Cruz,087,273765,47250,46875,2062,48937,254
2022-03-08,Shasta,089,179085,30391,30372,6050,36422,493
2022-03-08,Sierra,091,2930,271,273,47,320,4
2022-03-08,Siskiyou,093,43540,4410,4404,2706,7110,74
2022-03-08,Solano,095,438530,81010,80924,5500,86424,434
2022-03-08,Sonoma,097,501317,82794,82571,2550,85121,473
2022-03-08,Stanislaus,099,539301,117093,117782,17735,135517,1541
2022-03-08,Sutter,101,95872,20374,20403,2022,22425,217
2022-03-08,Tehama,103,63373,12006,11972,2561,14533,158
2022-03-08,Trinity,105,12862,1181,1174,287,1461,20
2022-03-08,Tulare,107,460477,106014,103893,27367,131260,1334
2022-03-08,Tuolumne,109,53932,12635,12427,555,12982,180
2022-03-08,Ventura,111,848112,172171,171806,9313,181119,1447
2022-03-08,Yolo,113,214977,36741,35946,2863,38809,306
2022-03-08,Yuba,115,75493,15727,15705,1173,16878,115
2022-03-07,Alameda,001,1643700,253716,252578,13563,266141,1766
2022-03-07,Alpine,002,1148,122,125,1,126,0
2022-03-07,Amador,005,37829,8457,8368,638,9006,84
2022-03-07,Butte,007,227075,32954,32734,6967,39701,378
2022-03-07,Calaveras,009,45235,7218,7242,343,7585,116
2022-03-07,Colusa,011,21464,3438,3437,1043,4480,21
2022-03-07,Contra Costa,013,1133247,190533,186087,13190,199277,1256
2022-03-07,Del Norte,015,27424,5738,5758,178,5936,48
2022-03-07,El Dorado,017,186661,26543,26487,3171,29658,196
2022-03-07,Fresno,019,978130,233845,227670,24155,251825,2653
2022-03-07,Glenn,021,27897,4972,4939,1592,6531,43
2022-03-07,Humboldt,023,135768,16755,16829,2893,19722,137
2022-03-07,Imperial,025,180216,55179,54712,10486,65198,890
2022-03-07,Inyo,027,18085,4056,4054,466,4520,56
2022-03-07,Kern,029,883053,191084,190163,45582,235745,2152
2022-03-07,Kings,031,150075,51171,51065,3496,54561,433
2022-03-07,Lake,033,64148,10616,10562,874,11436,130
2022-03-07,Lassen,035,31185,8939,8896,871,9767,62
2022-03-07,Los Angeles,037,10098052,2697577,2675497,121617,2797114,30759
2022-03-07,Madera,039,155013,37141,37164,5985,43149,354
2022-03-07,Marin,041,260295,33031,32919,2152,35071,272
2022-03-07,Mariposa,043,17540,2373,2369,198,2567,6
2022-03-07,Mendocino,045,87422,12963,12940,2971,15911,117
2022-03-07,Merced,047,269075,62655,61751,8696,70447,791
2022-03-07,Modoc,049,8938,727,729,247,976,7
2022-03-07,Mono,051,14174,2961,2960,120,3080,5
2022-03-07,Monterey,053,433212,78887,78161,13257,91418,706
2022-03-07,Napa,055,140530,25502,25500,922,26422,136
2022-03-07,Nevada,057,99092,15849,15935,1177,17112,122
2022-03-07,Orange,059,3164182,544195,542028,41224,583252,6687
2022-03-07,Placer,061,380077,62390,62215,7280,69495,591
2022-03-07,Plumas,063,18699,2960,2702,358,3060,13
2022-03-07,Riverside,065,2383286,589144,587537,27571,615108,6279
2022-03-07,Sacramento,067,1510023,279254,274079,26617,300696,2866
2022-03-07,San Benito,069,59416,12890,12843,508,13351,94
2022-03-07,San Bernardino,071,2135413,572232,558265,24746,583011,6703
2022-03-07,San Diego,073,3302833,745679,742287,51835,794122,5068
2022-03-07,San Francisco,075,870044,122641,123655,8057,131712,807
2022-03-07,San Joaquin,077,732212,165929,165343,9811,175154,2091
2022-03-07,San Luis Obispo,079,281455,52068,51874,3685,55559,448
2022-03-07,San Mateo,081,765935,120368,119035,6814,125849,630
2022-03-07,Santa Barbara,083,443738,85211,85345,4658,90003,659
2022-03-07,Santa Clara,085,1922200,311434,308517,12147,320664,2202
2022-03-07,Santa Cruz,087,273765,47200,46823,2061,48884,254
2022-03-07,Shasta,089,179085,30378,30352,6047,36399,493
2022-03-07,Sierra,091,2930,271,273,47,320,4
2022-03-07,Siskiyou,093,43540,4406,4398,2705,7103,74
2022-03-07,Solano,095,438530,80953,80886,5498,86384,435
2022-03-07,Sonoma,097,501317,82749,82530,2549,85079,473
2022-03-07,Stanislaus,099,539301,117054,117713,17728,135441,1537
2022-03-07,Sutter,101,95872,20363,20400,2021,22421,217
2022-03-07,Tehama,103,63373,12001,11966,2560,14526,158
2022-03-07,Trinity,105,12862,1179,1173,287,1460,20
2022-03-07,Tulare,107,460477,105977,103834,27357,131191,1316
2022-03-07,Tuolumne,109,53932,12629,12408,554,12962,179
2022-03-07,Ventura,111,848112,172120,171886,9311,181197,1436
2022-03-07,Yolo,113,214977,36718,35934,2857,38791,306
2022-03-07,Yuba,115,75493,15720,15701,1172,16873,115
2022-03-06,Alameda,001,1643700,253523,252460,13554,266014,1766
2022-03-06,Alpine,002,1148,122,125,1,126,0
2022-03-06,Amador,005,37829,8454,8367,636,9003,84
2022-03-06,Butte,007,227075,32942,32714,6962,39676,376
2022-03-06,Calaveras,009,45235,7216,7236,342,7578,116
2022-03-06,Colusa,011,21464,3436,3435,1042,4477,21
2022-03-06,Contra Costa,013,1133247,190419,185974,13165,199139,1256
2022-03-06,Del Norte,015,27424,5723,5744,177,5921,48
2022-03-06,El Dorado,017,186661,26536,26478,3169,29647,196
2022-03-06,Fresno,019,978130,233703,227514,24145,251659,2653
2022-03-06,Glenn,021,27897,4968,4939,1592,6531,43
2022-03-06,Humboldt,023,135768,16745,16813,2890,19703,137
2022-03-06,Imperial,025,180216,55161,54719,10476,65195,890
2022-03-06,Inyo,027,18085,4054,4053,466,4519,56
2022-03-06,Kern,029,883053,191028,190088,45562,235650,2152
2022-03-06,Kings,031,150075,51101,51050,3494,54544,432
2022-03-06,Lake,033,64148,10602,10539,873,11412,130
2022-03-06,Lassen,035,31185,8926,8887,870,9757,62
2022-03-06,Los Angeles,037,10098052,2696653,2675456,121563,2797019,30759
2022-03-06,Madera,039,155013,37111,37135,5978,43113,354
2022-03-06,Marin,041,260295,33005,32879,2151,35030,272
2022-03-06,Mariposa,043,17540,2372,2365,197,2562,6
2022-03-06,Mendocino,045,87422,12951,12923,2967,15890,116
2022-03-06,Merced,047,269075,62623,61722,8678,70400,791
2022-03-06,Modoc,049,8938,727,729,247,976,7
2022-03-06,Mono,051,14174,2961,2959,120,3079,5
2022-03-06,Monterey,053,433212,78841,78154,13226,91380,706
2022-03-06,Napa,055,140530,25467,25457,920,26377,136
2022-03-06,Nevada,057,99092,15838,15924,1176,17100,122
2022-03-06,Orange,059,3164182,544038,541903,41177,583080,6688
2022-03-06,Placer,061,380077,62358,62185,7277,69462,591
2022-03-06,Plumas,063,18699,2955,2704,358,3062,13
2022-03-06,Riverside,065,2383286,588981,587388,27551,614939,6279
2022-03-06,Sacramento,067,1510023,279118,273935,26593,300528,2869
2022-03-06,San Benito,069,59416,12879,12835,507,13342,94
2022-03-06,San Bernardino,071,2135413,572110,558139,24734,582873,6701
2022-03-06,San Diego,073,3302833,745284,742287,51786,794073,5068
2022-03-06,San Francisco,075,870044,122509,123742,8054,131796,806
2022-03-06,San Joaquin,077,732212,165847,165252,9805,175057,2091
2022-03-06,San Luis Obispo,079,281455,52030,51828,3683,55511,448
2022-03-06,San Mateo,081,765935,120285,118916,6805,125721,630
2022-03-06,Santa Barbara,083,443738,85170,85317,4653,89970,659
2022-03-06,Santa Clara,085,1922200,311166,308250,12145,320395,2201
2022-03-06,Santa Cruz,087,273765,47149,46755,2060,48815,254
2022-03-06,Shasta,089,179085,30355,30332,6031,36363,493
2022-03-06,Sierra,091,2930,271,273,47,320,4
2022-03-06,Siskiyou,093,43540,4404,4398,2703,7101,74
2022-03-06,Solano,095,438530,80896,80833,5492,86325,435
2022-03-06,Sonoma,097,501317,82714,82458,2545,85003,473
2022-03-06,Stanislaus,099,539301,117008,117680,17716,135396,1536
2022-03-06,Sutter,101,95872,20351,20390,2017,22407,217
2022-03-06,Tehama,103,63373,11993,11963,2560,14523,158
2022-03-06,Trinity,105,12862,1179,1172,286,1458,20
2022-03-06,Tulare,107,460477,105921,103794,27345,131139,1316
2022-03-06,Tuolumne,109,53932,12623,12379,552,12931,179
2022-03-06,Ventura,111,848112,172051,171819,9309,181128,1436
2022-03-06,Yolo,113,214977,36692,35882,2854,38736,306
2022-03-06,Yuba,115,75493,15716,15694,1171,16865,115
2022-03-05,Alameda,001,1643700,253406,251988,13549,265537,1760
2022-03-05,Alpine,002,1148,122,125,1,126,0
2022-03-05,Amador,005,37829,8451,8344,636,8980,83
2022-03-05,Butte,007,227075,32934,32663,6958,39621,372
2022-03-05,Calaveras,009,45235,7213,7236,342,7578,116
2022-03-05,Colusa,011,21464,3436,3433,1042,4475,21
2022-03-05,Contra Costa,013,1133247,190356,185734,13160,198894,1235
2022-03-05,Del Norte,015,27424,5720,5725,177,5902,48
2022-03-05,El Dorado,017,186661,26530,26446,3166,29612,193
2022-03-05,Fresno,019,978130,233651,227154,24144,251298,2640
2022-03-05,Glenn,021,27897,4964,4927,1592,6519,43
2022-03-05,Humboldt,023,135768,16739,16781,2888,19669,136
2022-03-05,Imperial,025,180216,55151,54650,10474,65124,880
2022-03-05,Inyo,027,18085,4053,4043,465,4508,56
2022-03-05,Kern,029,883053,190995,189817,45544,235361,2141
2022-03-05,Kings,031,150075,51094,50926,3493,54419,431
2022-03-05,Lake,033,64148,10594,10512,872,11384,130
2022-03-05,Lassen,035,31185,8917,8818,870,9688,62
2022-03-05,Los Angeles,037,10098052,2696289,2671564,121527,2793091,30608
2022-03-05,Madera,039,155013,37096,37100,5978,43078,354
2022-03-05,Marin,041,260295,32993,32829,2151,34980,272
2022-03-05,Mariposa,043,17540,2372,2363,197,2560,6
2022-03-05,Mendocino,045,87422,12948,12845,2967,15812,113
2022-03-05,Merced,047,269075,62612,61653,8678,70331,789
2022-03-05,Modoc,049,8938,727,729,247,976,7
2022-03-05,Mono,051,14174,2961,2961,120,3081,5
2022-03-05,Monterey,053,433212,78822,78028,13219,91247,704
2022-03-05,Napa,055,140530,25449,25405,920,26325,134
2022-03-05,Nevada,057,99092,15834,15907,1176,17083,122
2022-03-05,Orange,059,3164182,543914,541463,41165,582628,6638
2022-03-05,Placer,061,380077,62343,62117,7270,69387,591
2022-03-05,Plumas,063,18699,2954,2701,358,3059,13
2022-03-05,Riverside,065,2383286,588890,586785,27547,614332,6239
2022-03-05,Sacramento,067,1510023,279054,273487,26587,300074,2847
2022-03-05,San Benito,069,59416,12877,12820,507,13327,94
2022-03-05,San Bernardino,071,2135413,572052,557421,24728,582149,6641
2022-03-05,San Diego,073,3302833,745096,740747,51775,792522,5045
2022-03-05,San Francisco,075,870044,122439,123537,8051,131588,798
2022-03-05,San Joaquin,077,732212,165807,165085,9797,174882,2069
2022-03-05,San Luis Obispo,079,281455,52022,51739,3682,55421,446
2022-03-05,San Mateo,081,765935,120230,118646,6801,125447,621
2022-03-05,Santa Barbara,083,443738,85155,85249,4653,89902,655
2022-03-05,Santa Clara,085,1922200,311049,307689,12142,319831,2195
2022-03-05,Santa Cruz,087,273765,47129,46622,2060,48682,253
2022-03-05,Shasta,089,179085,30343,30282,6031,36313,492
2022-03-05,Sierra,091,2930,271,273,46,319,4
2022-03-05,Siskiyou,093,43540,4403,4389,2702,7091,74
2022-03-05,Solano,095,438530,80879,80690,5492,86182,435
2022-03-05,Sonoma,097,501317,82692,82313,2545,84858,473
2022-03-05,Stanislaus,099,539301,116982,117501,17714,135215,1531
2022-03-05,Sutter,101,95872,20343,20346,2017,22363,217
2022-03-05,Tehama,103,63373,11990,11939,2560,14499,158
2022-03-05,Trinity,105,12862,1179,1170,284,1454,20
2022-03-05,Tulare,107,460477,105907,103534,27336,130870,1305
2022-03-05,Tuolumne,109,53932,12619,12325,551,12876,178
2022-03-05,Ventura,111,848112,172010,171666,9307,180973,1436
2022-03-05,Yolo,113,214977,36678,35856,2854,38710,306
2022-03-05,Yuba,115,75493,15708,15666,1171,16837,115
2022-03-04,Alameda,001,1643700,253311,251988,13541,265529,1760
2022-03-04,Alpine,002,1148,122,125,1,126,0
2022-03-04,Amador,005,37829,8450,8344,636,8980,83
2022-03-04,Butte,007,227075,32928,32663,6953,39616,372
2022-03-04,Calaveras,009,45235,7212,7236,342,7578,116
2022-03-04,Colusa,011,21464,3434,3433,1042,4475,21
2022-03-04,Contra Costa,013,1133247,190288,185734,13157,198891,1235
2022-03-04,Del Norte,015,27424,5710,5725,177,5902,48
2022-03-04,El Dorado,017,186661,26526,26446,3166,29612,193
2022-03-04,Fresno,019,978130,233589,227154,24136,251290,2640
2022-03-04,Glenn,021,27897,4963,4927,1592,6519,43
2022-03-04,Humboldt,023,135768,16735,16781,2888,19669,136
2022-03-04,Imperial,025,180216,55144,54650,10470,65120,880
2022-03-04,Inyo,027,18085,4053,4043,465,4508,56
2022-03-04,Kern,029,883053,190953,189817,45534,235351,2141
2022-03-04,Kings,031,150075,51081,50926,3493,54419,431
2022-03-04,Lake,033,64148,10593,10512,872,11384,130
2022-03-04,Lassen,035,31185,8915,8818,870,9688,62
2022-03-04,Los Angeles,037,10098052,2695759,2671564,121497,2793061,30608
2022-03-04,Madera,039,155013,37087,37100,5978,43078,354
2022-03-04,Marin,041,260295,32971,32829,2149,34978,272
2022-03-04,Mariposa,043,17540,2367,2363,197,2560,6
2022-03-04,Mendocino,045,87422,12942,12845,2967,15812,113
2022-03-04,Merced,047,269075,62602,61653,8676,70329,789
2022-03-04,Modoc,049,8938,727,729,247,976,7
2022-03-04,Mono,051,14174,2961,2961,120,3081,5
2022-03-04,Monterey,053,433212,78802,78028,13213,91241,704
2022-03-04,Napa,055,140530,25434,25405,919,26324,134
2022-03-04,Nevada,057,99092,15829,15907,1176,17083,122
2022-03-04,Orange,059,3164182,543795,541463,41147,582610,6638
2022-03-04,Placer,061,380077,62331,62117,7267,69384,591
2022-03-04,Plumas,063,18699,2954,2701,357,3058,13
2022-03-04,Riverside,065,2383286,588803,586785,27546,614331,6239
2022-03-04,Sacramento,067,1510023,278980,273487,26584,300071,2847
2022-03-04,San Benito,069,59416,12873,12820,507,13327,94
2022-03-04,San Bernardino,071,2135413,571970,557421,24727,582148,6641
2022-03-04,San Diego,073,3302833,744858,740747,51757,792504,5045
2022-03-04,San Francisco,075,870044,122373,123537,8044,131581,798
2022-03-04,San Joaquin,077,732212,165775,165085,9796,174881,2069
2022-03-04,San Luis Obispo,079,281455,52013,51739,3681,55420,446
2022-03-04,San Mateo,081,765935,120172,118646,6799,125445,621
2022-03-04,Santa Barbara,083,443738,85132,85249,4653,89902,655
2022-03-04,Santa Clara,085,1922200,310898,307689,12140,319829,2195
2022-03-04,Santa Cruz,087,273765,47106,46622,2060,48682,253
2022-03-04,Shasta,089,179085,30335,30282,6028,36310,492
2022-03-04,Sierra,091,2930,271,273,46,319,4
2022-03-04,Siskiyou,093,43540,4402,4389,2698,7087,74
2022-03-04,Solano,095,438530,80846,80690,5489,86179,435
2022-03-04,Sonoma,097,501317,82661,82313,2544,84857,473
2022-03-04,Stanislaus,099,539301,116963,117501,17712,135213,1531
2022-03-04,Sutter,101,95872,20339,20346,2017,22363,217
2022-03-04,Tehama,103,63373,11987,11939,2560,14499,158
2022-03-04,Trinity,105,12862,1179,1170,284,1454,20
2022-03-04,Tulare,107,460477,105888,103534,27331,130865,1305
2022-03-04,Tuolumne,109,53932,12614,12325,551,12876,178
2022-03-04,Ventura,111,848112,171962,171666,9304,180970,1436
2022-03-04,Yolo,113,214977,36661,35856,2854,38710,306
2022-03-04,Yuba,115,75493,15703,15666,1170,16836,115
2022-03-03,Alameda,001,1643700,253193,251988,13529,265517,1760
2022-03-03,Alpine,002,1148,122,125,1,126,0
2022-03-03,Amador,005,37829,8449,8344,636,8980,83
2022-03-03,Butte,007,227075,32911,32663,6946,39609,372
2022-03-03,Calaveras,009,45235,7200,7236,342,7578,116
2022-03-03,Colusa,011,21464,3434,3433,1042,4475,21
2022-03-03,Contra Costa,013,1133247,190214,185734,13142,198876,1235
2022-03-03,Del Norte,015,27424,5703,5725,177,5902,48
2022-03-03,El Dorado,017,186661,26507,26446,3165,29611,193
2022-03-03,Fresno,019,978130,233460,227154,24129,251283,2640
2022-03-03,Glenn,021,27897,4960,4927,1591,6518,43
2022-03-03,Humboldt,023,135768,16720,16781,2887,19668,136
2022-03-03,Imperial,025,180216,55127,54650,10468,65118,880
2022-03-03,Inyo,027,18085,4052,4043,465,4508,56
2022-03-03,Kern,029,883053,190885,189817,45516,235333,2141
2022-03-03,Kings,031,150075,51058,50926,3491,54417,431
2022-03-03,Lake,033,64148,10588,10512,870,11382,130
2022-03-03,Lassen,035,31185,8907,8818,870,9688,62
2022-03-03,Los Angeles,037,10098052,2695034,2671564,121455,2793019,30608
2022-03-03,Madera,039,155013,37071,37100,5973,43073,354
2022-03-03,Marin,041,260295,32945,32829,2148,34977,272
2022-03-03,Mariposa,043,17540,2366,2363,197,2560,6
2022-03-03,Mendocino,045,87422,12931,12845,2965,15810,113
2022-03-03,Merced,047,269075,62582,61653,8670,70323,789
2022-03-03,Modoc,049,8938,727,729,247,976,7
2022-03-03,Mono,051,14174,2960,2961,120,3081,5
2022-03-03,Monterey,053,433212,78773,78028,13196,91224,704
2022-03-03,Napa,055,140530,25410,25405,918,26323,134
2022-03-03,Nevada,057,99092,15824,15907,1171,17078,122
2022-03-03,Orange,059,3164182,543615,541463,41120,582583,6638
2022-03-03,Placer,061,380077,62310,62117,7263,69380,591
2022-03-03,Plumas,063,18699,2953,2701,357,3058,13
2022-03-03,Riverside,065,2383286,588670,586785,27541,614326,6239
2022-03-03,Sacramento,067,1510023,278867,273487,26567,300054,2847
2022-03-03,San Benito,069,59416,12869,12820,507,13327,94
2022-03-03,San Bernardino,071,2135413,571868,557421,24721,582142,6641
2022-03-03,San Diego,073,3302833,744514,740747,51739,792486,5045
2022-03-03,San Francisco,075,870044,122299,123537,8033,131570,798
2022-03-03,San Joaquin,077,732212,165701,165085,9793,174878,2069
2022-03-03,San Luis Obispo,079,281455,51958,51739,3673,55412,446
2022-03-03,San Mateo,081,765935,120096,118646,6790,125436,621
2022-03-03,Santa Barbara,083,443738,85113,85249,4644,89893,655
2022-03-03,Santa Clara,085,1922200,310716,307689,12126,319815,2195
2022-03-03,Santa Cruz,087,273765,47056,46622,2058,48680,253
2022-03-03,Shasta,089,179085,30317,30282,6026,36308,492
2022-03-03,Sierra,091,2930,271,273,46,319,4
2022-03-03,Siskiyou,093,43540,4400,4389,2698,7087,74
2022-03-03,Solano,095,438530,80798,80690,5487,86177,435
2022-03-03,Sonoma,097,501317,82611,82313,2540,84853,473
2022-03-03,Stanislaus,099,539301,116930,117501,17704,135205,1531
2022-03-03,Sutter,101,95872,20331,20346,2017,22363,217
2022-03-03,Tehama,103,63373,11984,11939,2560,14499,158
2022-03-03,Trinity,105,12862,1178,1170,284,1454,20
2022-03-03,Tulare,107,460477,105845,103534,27323,130857,1305
2022-03-03,Tuolumne,109,53932,12603,12325,551,12876,178
2022-03-03,Ventura,111,848112,171910,171666,9302,180968,1436
2022-03-03,Yolo,113,214977,36637,35856,2849,38705,306
2022-03-03,Yuba,115,75493,15697,15666,1165,16831,115
2022-03-02,Alameda,001,1643700,253015,251886,13512,265398,1759
2022-03-02,Alpine,002,1148,122,125,1,126,0
2022-03-02,Amador,005,37829,8436,8341,636,8977,83
2022-03-02,Butte,007,227075,32899,32636,6942,39578,372
2022-03-02,Calaveras,009,45235,7199,7225,342,7567,116
2022-03-02,Colusa,011,21464,3431,3428,1042,4470,21
2022-03-02,Contra Costa,013,1133247,190120,185589,13124,198713,1236
2022-03-02,Del Norte,015,27424,5696,5708,175,5883,47
2022-03-02,El Dorado,017,186661,26495,26433,3162,29595,192
2022-03-02,Fresno,019,978130,233327,226932,24119,251051,2629
2022-03-02,Glenn,021,27897,4959,4922,1590,6512,43
2022-03-02,Humboldt,023,135768,16710,16747,2880,19627,135
2022-03-02,Imperial,025,180216,55101,54629,10463,65092,878
2022-03-02,Inyo,027,18085,4050,4041,464,4505,56
2022-03-02,Kern,029,883053,190817,189656,45497,235153,2136
2022-03-02,Kings,031,150075,51032,50819,3488,54307,431
2022-03-02,Lake,033,64148,10575,10495,868,11363,130
2022-03-02,Lassen,035,31185,8904,8811,869,9680,62
2022-03-02,Los Angeles,037,10098052,2694156,2670287,121408,2791695,30535
2022-03-02,Madera,039,155013,37054,37077,5971,43048,354
2022-03-02,Marin,041,260295,32928,32794,2147,34941,272
2022-03-02,Mariposa,043,17540,2366,2359,197,2556,6
2022-03-02,Mendocino,045,87422,12918,12832,2960,15792,112
2022-03-02,Merced,047,269075,62557,61606,8661,70267,785
2022-03-02,Modoc,049,8938,727,729,247,976,7
2022-03-02,Mono,051,14174,2960,2961,120,3081,5
2022-03-02,Monterey,053,433212,78736,77963,13173,91136,703
2022-03-02,Napa,055,140530,25361,25382,917,26299,134
2022-03-02,Nevada,057,99092,15813,15920,1170,17090,122
2022-03-02,Orange,059,3164182,543410,541230,41093,582323,6623
2022-03-02,Placer,061,380077,62287,62066,7260,69326,589
2022-03-02,Plumas,063,18699,2953,2700,357,3057,13
2022-03-02,Riverside,065,2383286,588520,586513,27531,614044,6229
2022-03-02,Sacramento,067,1510023,278750,273291,26556,299847,2837
2022-03-02,San Benito,069,59416,12858,12814,507,13321,94
2022-03-02,San Bernardino,071,2135413,571758,557082,24715,581797,6619
2022-03-02,San Diego,073,3302833,744154,739803,51691,791494,5034
2022-03-02,San Francisco,075,870044,122204,123442,8031,131473,792
2022-03-02,San Joaquin,077,732212,165641,164968,9788,174756,2063
2022-03-02,San Luis Obispo,079,281455,51920,51686,3668,55354,446
2022-03-02,San Mateo,081,765935,120009,118518,6774,125292,617
2022-03-02,Santa Barbara,083,443738,85088,85183,4643,89826,655
2022-03-02,Santa Clara,085,1922200,310502,307354,12113,319467,2184
2022-03-02,Santa Cruz,087,273765,46985,46534,2057,48591,253
2022-03-02,Shasta,089,179085,30292,30253,6016,36269,490
2022-03-02,Sierra,091,2930,271,273,46,319,4
2022-03-02,Siskiyou,093,43540,4399,4384,2695,7079,74
2022-03-02,Solano,095,438530,80733,80626,5484,86110,433
2022-03-02,Sonoma,097,501317,82565,82208,2536,84744,473
2022-03-02,Stanislaus,099,539301,116894,117411,17679,135090,1519
2022-03-02,Sutter,101,95872,20309,20317,2000,22317,216
2022-03-02,Tehama,103,63373,11980,11930,2559,14489,158
2022-03-02,Trinity,105,12862,1176,1160,284,1444,20
2022-03-02,Tulare,107,460477,105805,103451,27308,130759,1302
2022-03-02,Tuolumne,109,53932,12598,12297,551,12848,179
2022-03-02,Ventura,111,848112,171857,171770,9299,181069,1427
2022-03-02,Yolo,113,214977,36619,35799,2844,38643,305
2022-03-02,Yuba,115,75493,15684,15653,1160,16813,115
2022-03-01,Alameda,001,1643700,252845,251830,13500,265330,1749
2022-03-01,Alpine,002,1148,122,125,1,126,0
2022-03-01,Amador,005,37829,8388,8334,634,8968,83
2022-03-01,Butte,007,227075,32875,32575,6937,39512,372
2022-03-01,Calaveras,009,45235,7196,7223,341,7564,116
2022-03-01,Colusa,011,21464,3430,3423,1042,4465,21
2022-03-01,Contra Costa,013,1133247,190011,185378,13109,198487,1231
2022-03-01,Del Norte,015,27424,5693,5701,174,5875,45
2022-03-01,El Dorado,017,186661,26476,26413,3159,29572,192
2022-03-01,Fresno,019,978130,233187,226594,24105,250699,2628
2022-03-01,Glenn,021,27897,4957,4919,1588,6507,40
2022-03-01,Humboldt,023,135768,16689,16727,2873,19600,135
2022-03-01,Imperial,025,180216,55084,54570,10457,65027,875
2022-03-01,Inyo,027,18085,4046,4041,463,4504,56
2022-03-01,Kern,029,883053,190743,189365,45473,234838,2120
2022-03-01,Kings,031,150075,51010,50763,3484,54247,427
2022-03-01,Lake,033,64148,10564,10471,866,11337,128
2022-03-01,Lassen,035,31185,8900,8801,869,9670,61
2022-03-01,Los Angeles,037,10098052,2693206,2669489,121351,2790840,30486
2022-03-01,Madera,039,155013,37034,37046,5965,43011,354
2022-03-01,Marin,041,260295,32902,32764,2146,34910,272
2022-03-01,Mariposa,043,17540,2365,2357,196,2553,6
2022-03-01,Mendocino,045,87422,12907,12818,2958,15776,112
2022-03-01,Merced,047,269075,62526,61549,8647,70196,781
2022-03-01,Modoc,049,8938,727,729,247,976,7
2022-03-01,Mono,051,14174,2959,2960,120,3080,6
2022-03-01,Monterey,053,433212,78710,77911,13163,91074,696
2022-03-01,Napa,055,140530,25330,25344,917,26261,134
2022-03-01,Nevada,057,99092,15805,15916,1167,17083,121
2022-03-01,Orange,059,3164182,543194,541054,41058,582112,6612
2022-03-01,Placer,061,380077,62257,62021,7255,69276,583
2022-03-01,Plumas,063,18699,2953,2694,357,3051,13
2022-03-01,Riverside,065,2383286,588356,586184,27530,613714,6198
2022-03-01,Sacramento,067,1510023,278621,273089,26543,299632,2831
2022-03-01,San Benito,069,59416,12854,12806,507,13313,94
2022-03-01,San Bernardino,071,2135413,571624,556743,24713,581456,6588
2022-03-01,San Diego,073,3302833,743730,739136,51649,790785,5029
2022-03-01,San Francisco,075,870044,122101,123481,8025,131506,792
2022-03-01,San Joaquin,077,732212,165574,164894,9784,174678,2062
2022-03-01,San Luis Obispo,079,281455,51884,51592,3664,55256,445
2022-03-01,San Mateo,081,765935,119937,118358,6767,125125,613
2022-03-01,Santa Barbara,083,443738,85052,85134,4639,89773,654
2022-03-01,Santa Clara,085,1922200,310247,306978,12101,319079,2190
2022-03-01,Santa Cruz,087,273765,46935,46471,2054,48525,253
2022-03-01,Shasta,089,179085,30263,30227,6013,36240,489
2022-03-01,Sierra,091,2930,271,274,46,320,5
2022-03-01,Siskiyou,093,43540,4397,4384,2693,7077,74
2022-03-01,Solano,095,438530,80670,80556,5481,86037,434
2022-03-01,Sonoma,097,501317,82496,82103,2530,84633,477
2022-03-01,Stanislaus,099,539301,116842,117308,17654,134962,1521
2022-03-01,Sutter,101,95872,20295,20288,1996,22284,217
2022-03-01,Tehama,103,63373,11974,11923,2556,14479,158
2022-03-01,Trinity,105,12862,1175,1159,284,1443,20
2022-03-01,Tulare,107,460477,105723,103371,27288,130659,1302
2022-03-01,Tuolumne,109,53932,12591,12276,549,12825,175
2022-03-01,Ventura,111,848112,171787,171672,9292,180964,1427
2022-03-01,Yolo,113,214977,36594,35801,2838,38639,299
2022-03-01,Yuba,115,75493,15676,15637,1160,16797,116
2022-02-28,Alameda,001,1643700,252622,251714,13486,265200,1742
2022-02-28,Alpine,002,1148,122,125,1,126,0
2022-02-28,Amador,005,37829,8382,8308,633,8941,83
2022-02-28,Butte,007,227075,32856,32550,6931,39481,368
2022-02-28,Calaveras,009,45235,7193,7220,340,7560,110
2022-02-28,Colusa,011,21464,3429,3422,1040,4462,21
2022-02-28,Contra Costa,013,1133247,189906,185272,13090,198362,1231
2022-02-28,Del Norte,015,27424,5688,5699,173,5872,45
2022-02-28,El Dorado,017,186661,26466,26409,3154,29563,191
2022-02-28,Fresno,019,978130,232986,226519,24084,250603,2622
2022-02-28,Glenn,021,27897,4953,4918,1588,6506,40
2022-02-28,Humboldt,023,135768,16674,16717,2869,19586,135
2022-02-28,Imperial,025,180216,55057,54517,10453,64970,875
2022-02-28,Inyo,027,18085,4046,4041,462,4503,56
2022-02-28,Kern,029,883053,190651,189245,45444,234689,2115
2022-02-28,Kings,031,150075,50970,50741,3483,54224,427
2022-02-28,Lake,033,64148,10552,10468,862,11330,128
2022-02-28,Lassen,035,31185,8843,8794,869,9663,55
2022-02-28,Los Angeles,037,10098052,2692041,2666804,121257,2788061,30410
2022-02-28,Madera,039,155013,37008,37023,5949,42972,354
2022-02-28,Marin,041,260295,32877,32775,2146,34921,272
2022-02-28,Mariposa,043,17540,2362,2354,194,2548,6
2022-02-28,Mendocino,045,87422,12898,12800,2950,15750,112
2022-02-28,Merced,047,269075,62482,61519,8630,70149,781
2022-02-28,Modoc,049,8938,727,727,247,974,7
2022-02-28,Mono,051,14174,2959,2961,120,3081,5
2022-02-28,Monterey,053,433212,78643,77865,13142,91007,693
2022-02-28,Napa,055,140530,25303,25317,917,26234,129
2022-02-28,Nevada,057,99092,15799,15908,1161,17069,121
2022-02-28,Orange,059,3164182,542941,540839,41043,581882,6605
2022-02-28,Placer,061,380077,62226,61976,7250,69226,577
2022-02-28,Plumas,063,18699,2953,2691,356,3047,13
2022-02-28,Riverside,065,2383286,588164,585891,27498,613389,6179
2022-02-28,Sacramento,067,1510023,278481,273038,26519,299557,2825
2022-02-28,San Benito,069,59416,12849,12798,507,13305,94
2022-02-28,San Bernardino,071,2135413,571440,556540,24699,581239,6576
2022-02-28,San Diego,073,3302833,743342,737760,51619,789379,5018
2022-02-28,San Francisco,075,870044,121941,123402,8019,131421,792
2022-02-28,San Joaquin,077,732212,165490,164833,9774,174607,2060
2022-02-28,San Luis Obispo,079,281455,51823,51565,3657,55222,440
2022-02-28,San Mateo,081,765935,119839,118301,6761,125062,611
2022-02-28,Santa Barbara,083,443738,85008,85076,4634,89710,653
2022-02-28,Santa Clara,085,1922200,309967,306930,12080,319010,2180
2022-02-28,Santa Cruz,087,273765,46865,46447,2054,48501,253
2022-02-28,Shasta,089,179085,30238,30213,6009,36222,488
2022-02-28,Sierra,091,2930,271,273,46,319,4
2022-02-28,Siskiyou,093,43540,4394,4382,2688,7070,74
2022-02-28,Solano,095,438530,80602,80544,5469,86013,430
2022-02-28,Sonoma,097,501317,82428,82058,2527,84585,477
2022-02-28,Stanislaus,099,539301,116778,117231,17637,134868,1521
2022-02-28,Sutter,101,95872,20282,20285,1993,22278,214
2022-02-28,Tehama,103,63373,11961,11917,2556,14473,158
2022-02-28,Trinity,105,12862,1175,1160,284,1444,20
2022-02-28,Tulare,107,460477,105675,103304,27272,130576,1300
2022-02-28,Tuolumne,109,53932,12581,12247,549,12796,175
2022-02-28,Ventura,111,848112,171703,171614,9291,180905,1423
2022-02-28,Yolo,113,214977,36558,35754,2831,38585,299
2022-02-28,Yuba,115,75493,15661,15625,1159,16784,115
2022-02-27,Alameda,001,1643700,252348,251624,13477,265101,1744
2022-02-27,Alpine,002,1148,122,125,1,126,0
2022-02-27,Amador,005,37829,8378,8305,630,8935,83
2022-02-27,Butte,007,227075,32820,32551,6918,39469,368
2022-02-27,Calaveras,009,45235,7185,7214,340,7554,110
2022-02-27,Colusa,011,21464,3427,3422,1040,4462,21
2022-02-27,Contra Costa,013,1133247,189777,185185,13070,198255,1230
2022-02-27,Del Norte,015,27424,5671,5691,171,5862,45
2022-02-27,El Dorado,017,186661,26449,26410,3152,29562,191
2022-02-27,Fresno,019,978130,232787,226397,24056,250453,2621
2022-02-27,Glenn,021,27897,4951,4915,1588,6503,40
2022-02-27,Humboldt,023,135768,16652,16713,2862,19575,135
2022-02-27,Imperial,025,180216,55009,54509,10436,64945,875
2022-02-27,Inyo,027,18085,4045,4041,458,4499,56
2022-02-27,Kern,029,883053,190534,189219,45405,234624,2115
2022-02-27,Kings,031,150075,50942,50733,3482,54215,428
2022-02-27,Lake,033,64148,10533,10463,862,11325,128
2022-02-27,Lassen,035,31185,8835,8786,869,9655,55
2022-02-27,Los Angeles,037,10098052,2690732,2666789,121176,2787965,30410
2022-02-27,Madera,039,155013,36982,37009,5941,42950,354
2022-02-27,Marin,041,260295,32839,32756,2144,34900,272
2022-02-27,Mariposa,043,17540,2359,2352,194,2546,6
2022-02-27,Mendocino,045,87422,12881,12798,2937,15735,112
2022-02-27,Merced,047,269075,62429,61491,8612,70103,779
2022-02-27,Modoc,049,8938,726,727,247,974,7
2022-02-27,Mono,051,14174,2958,2960,120,3080,5
2022-02-27,Monterey,053,433212,78586,77851,13118,90969,693
2022-02-27,Napa,055,140530,25266,25316,917,26233,129
2022-02-27,Nevada,057,99092,15791,15900,1157,17057,121
2022-02-27,Orange,059,3164182,542694,540659,41013,581672,6605
2022-02-27,Placer,061,380077,62185,61965,7246,69211,577
2022-02-27,Plumas,063,18699,2950,2691,356,3047,13
2022-02-27,Riverside,065,2383286,587923,585833,27474,613307,6179
2022-02-27,Sacramento,067,1510023,278292,272927,26490,299417,2822
2022-02-27,San Benito,069,59416,12842,12798,507,13305,94
2022-02-27,San Bernardino,071,2135413,571255,556457,24689,581146,6572
2022-02-27,San Diego,073,3302833,742869,737760,51573,789333,5018
2022-02-27,San Francisco,075,870044,121818,123327,8008,131335,791
2022-02-27,San Joaquin,077,732212,165386,164814,9767,174581,2060
2022-02-27,San Luis Obispo,079,281455,51731,51564,3650,55214,439
2022-02-27,San Mateo,081,765935,119729,118244,6756,125000,611
2022-02-27,Santa Barbara,083,443738,84970,85050,4630,89680,653
2022-02-27,Santa Clara,085,1922200,309678,306756,12053,318809,2180
2022-02-27,Santa Cruz,087,273765,46804,46411,2054,48465,253
2022-02-27,Shasta,089,179085,30206,30206,6004,36210,488
2022-02-27,Sierra,091,2930,271,273,46,319,4
2022-02-27,Siskiyou,093,43540,4389,4378,2676,7054,74
2022-02-27,Solano,095,438530,80528,80515,5456,85971,430
2022-02-27,Sonoma,097,501317,82346,82041,2520,84561,476
2022-02-27,Stanislaus,099,539301,116712,117200,17617,134817,1522
2022-02-27,Sutter,101,95872,20265,20280,1987,22267,214
2022-02-27,Tehama,103,63373,11948,11915,2555,14470,158
2022-02-27,Trinity,105,12862,1174,1158,284,1442,20
2022-02-27,Tulare,107,460477,105606,103270,27225,130495,1300
2022-02-27,Tuolumne,109,53932,12568,12243,548,12791,175
2022-02-27,Ventura,111,848112,171628,171660,9287,180947,1423
2022-02-27,Yolo,113,214977,36531,35744,2826,38570,299
2022-02-27,Yuba,115,75493,15651,15619,1157,16776,113
2022-02-26,Alameda,001,1643700,252235,250867,13473,264340,1716
2022-02-26,Alpine,002,1148,122,125,1,126,0
2022-02-26,Amador,005,37829,8376,8282,629,8911,83
2022-02-26,Butte,007,227075,32806,32466,6915,39381,368
2022-02-26,Calaveras,009,45235,7184,7192,340,7532,110
2022-02-26,Colusa,011,21464,3427,3414,1040,4454,21
2022-02-26,Contra Costa,013,1133247,189709,184686,13052,197738,1209
2022-02-26,Del Norte,015,27424,5666,5639,171,5810,45
2022-02-26,El Dorado,017,186661,26438,26355,3149,29504,191
2022-02-26,Fresno,019,978130,232697,225679,24056,249735,2597
2022-02-26,Glenn,021,27897,4949,4909,1587,6496,40
2022-02-26,Humboldt,023,135768,16627,16619,2861,19480,133
2022-02-26,Imperial,025,180216,54982,54367,10434,64801,871
2022-02-26,Inyo,027,18085,4044,4034,453,4487,56
2022-02-26,Kern,029,883053,190481,188584,45386,233970,2106
2022-02-26,Kings,031,150075,50929,50579,3482,54061,423
2022-02-26,Lake,033,64148,10528,10383,862,11245,128
2022-02-26,Lassen,035,31185,8834,8761,869,9630,55
2022-02-26,Los Angeles,037,10098052,2690161,2660973,121136,2782109,30202
2022-02-26,Madera,039,155013,36967,36933,5939,42872,330
2022-02-26,Marin,041,260295,32823,32651,2142,34793,267
2022-02-26,Mariposa,043,17540,2358,2332,194,2526,6
2022-02-26,Mendocino,045,87422,12874,12762,2937,15699,111
2022-02-26,Merced,047,269075,62409,61348,8611,69959,775
2022-02-26,Modoc,049,8938,726,726,247,973,7
2022-02-26,Mono,051,14174,2958,2959,119,3078,5
2022-02-26,Monterey,053,433212,78554,77610,13112,90722,692
2022-02-26,Napa,055,140530,25251,25221,916,26137,130
2022-02-26,Nevada,057,99092,15787,15850,1155,17005,121
2022-02-26,Orange,059,3164182,542582,539992,40996,580988,6540
2022-02-26,Placer,061,380077,62166,61803,7243,69046,573
2022-02-26,Plumas,063,18699,2950,2673,356,3029,13
2022-02-26,Riverside,065,2383286,587801,584835,27465,612300,6143
2022-02-26,Sacramento,067,1510023,278195,272339,26479,298818,2793
2022-02-26,San Benito,069,59416,12838,12770,507,13277,92
2022-02-26,San Bernardino,071,2135413,571166,555668,24682,580350,6505
2022-02-26,San Diego,073,3302833,742646,736049,51549,787598,5002
2022-02-26,San Francisco,075,870044,121747,123079,8000,131079,769
2022-02-26,San Joaquin,077,732212,165353,164418,9766,174184,2048
2022-02-26,San Luis Obispo,079,281455,51719,51358,3648,55006,438
2022-02-26,San Mateo,081,765935,119675,117860,6755,124615,603
2022-02-26,Santa Barbara,083,443738,84939,84830,4630,89460,652
2022-02-26,Santa Clara,085,1922200,309529,305895,12049,317944,2166
2022-02-26,Santa Cruz,087,273765,46781,46186,2054,48240,251
2022-02-26,Shasta,089,179085,30197,30108,5998,36106,485
2022-02-26,Sierra,091,2930,271,270,46,316,1
2022-02-26,Siskiyou,093,43540,4389,4359,2674,7033,72
2022-02-26,Solano,095,438530,80493,80225,5452,85677,428
2022-02-26,Sonoma,097,501317,82312,81702,2518,84220,432
2022-02-26,Stanislaus,099,539301,116674,116896,17612,134508,1503
2022-02-26,Sutter,101,95872,20256,20230,1987,22217,214
2022-02-26,Tehama,103,63373,11942,11878,2553,14431,158
2022-02-26,Trinity,105,12862,1173,1156,284,1440,20
2022-02-26,Tulare,107,460477,105569,102983,27210,130193,1295
2022-02-26,Tuolumne,109,53932,12565,12169,548,12717,175
2022-02-26,Ventura,111,848112,171596,171292,9284,180576,1411
2022-02-26,Yolo,113,214977,36510,35615,2823,38438,296
2022-02-26,Yuba,115,75493,15639,15587,1157,16744,113
2022-02-25,Alameda,001,1643700,252111,250867,13464,264331,1716
2022-02-25,Alpine,002,1148,122,125,1,126,0
2022-02-25,Amador,005,37829,8365,8282,629,8911,83
2022-02-25,Butte,007,227075,32793,32466,6912,39378,368
2022-02-25,Calaveras,009,45235,7182,7192,340,7532,110
2022-02-25,Colusa,011,21464,3427,3414,1040,4454,21
2022-02-25,Contra Costa,013,1133247,189625,184686,13031,197717,1209
2022-02-25,Del Norte,015,27424,5657,5639,171,5810,45
2022-02-25,El Dorado,017,186661,26430,26355,3149,29504,191
2022-02-25,Fresno,019,978130,232601,225679,24049,249728,2597
2022-02-25,Glenn,021,27897,4947,4909,1587,6496,40
2022-02-25,Humboldt,023,135768,16616,16619,2861,19480,133
2022-02-25,Imperial,025,180216,54964,54367,10433,64800,871
2022-02-25,Inyo,027,18085,4043,4034,453,4487,56
2022-02-25,Kern,029,883053,190415,188584,45373,233957,2106
2022-02-25,Kings,031,150075,50915,50579,3480,54059,423
2022-02-25,Lake,033,64148,10510,10383,862,11245,128
2022-02-25,Lassen,035,31185,8831,8761,869,9630,55
2022-02-25,Los Angeles,037,10098052,2689574,2660973,121104,2782077,30202
2022-02-25,Madera,039,155013,36947,36933,5938,42871,330
2022-02-25,Marin,041,260295,32809,32651,2142,34793,267
2022-02-25,Mariposa,043,17540,2355,2332,194,2526,6
2022-02-25,Mendocino,045,87422,12872,12762,2937,15699,111
2022-02-25,Merced,047,269075,62379,61348,8606,69954,775
2022-02-25,Modoc,049,8938,726,726,247,973,7
2022-02-25,Mono,051,14174,2957,2959,119,3078,5
2022-02-25,Monterey,053,433212,78526,77610,13106,90716,692
2022-02-25,Napa,055,140530,25242,25221,916,26137,130
2022-02-25,Nevada,057,99092,15776,15850,1152,17002,121
2022-02-25,Orange,059,3164182,542447,539992,40973,580965,6540
2022-02-25,Placer,061,380077,62151,61803,7238,69041,573
2022-02-25,Plumas,063,18699,2948,2673,356,3029,13
2022-02-25,Riverside,065,2383286,587649,584835,27453,612288,6143
2022-02-25,Sacramento,067,1510023,278093,272339,26474,298813,2793
2022-02-25,San Benito,069,59416,12836,12770,507,13277,92
2022-02-25,San Bernardino,071,2135413,571059,555668,24675,580343,6505
2022-02-25,San Diego,073,3302833,742364,736049,51530,787579,5002
2022-02-25,San Francisco,075,870044,121666,123079,7997,131076,769
2022-02-25,San Joaquin,077,732212,165313,164418,9761,174179,2048
2022-02-25,San Luis Obispo,079,281455,51715,51358,3639,54997,438
2022-02-25,San Mateo,081,765935,119613,117860,6751,124611,603
2022-02-25,Santa Barbara,083,443738,84903,84830,4630,89460,652
2022-02-25,Santa Clara,085,1922200,309343,305895,12046,317941,2166
2022-02-25,Santa Cruz,087,273765,46747,46186,2052,48238,251
2022-02-25,Shasta,089,179085,30188,30108,5996,36104,485
2022-02-25,Sierra,091,2930,271,270,46,316,1
2022-02-25,Siskiyou,093,43540,4389,4359,2673,7032,72
2022-02-25,Solano,095,438530,80464,80225,5451,85676,428
2022-02-25,Sonoma,097,501317,82261,81702,2516,84218,432
2022-02-25,Stanislaus,099,539301,116646,116896,17608,134504,1503
2022-02-25,Sutter,101,95872,20247,20230,1987,22217,214
2022-02-25,Tehama,103,63373,11940,11878,2553,14431,158
2022-02-25,Trinity,105,12862,1173,1156,284,1440,20
2022-02-25,Tulare,107,460477,105536,102983,27188,130171,1295
2022-02-25,Tuolumne,109,53932,12562,12169,548,12717,175
2022-02-25,Ventura,111,848112,171545,171292,9283,180575,1411
2022-02-25,Yolo,113,214977,36495,35615,2823,38438,296
2022-02-25,Yuba,115,75493,15632,15587,1157,16744,113
2022-02-24,Alameda,001,1643700,251903,250867,13455,264322,1716
2022-02-24,Alpine,002,1148,122,125,1,126,0
2022-02-24,Amador,005,37829,8360,8282,628,8910,83
2022-02-24,Butte,007,227075,32772,32466,6908,39374,368
2022-02-24,Calaveras,009,45235,7180,7192,338,7530,110
2022-02-24,Colusa,011,21464,3426,3414,1039,4453,21
2022-02-24,Contra Costa,013,1133247,189495,184686,13022,197708,1209
2022-02-24,Del Norte,015,27424,5642,5639,170,5809,45
2022-02-24,El Dorado,017,186661,26414,26355,3149,29504,191
2022-02-24,Fresno,019,978130,232407,225679,24034,249713,2597
2022-02-24,Glenn,021,27897,4945,4909,1586,6495,40
2022-02-24,Humboldt,023,135768,16600,16619,2860,19479,133
2022-02-24,Imperial,025,180216,54924,54367,10424,64791,871
2022-02-24,Inyo,027,18085,4042,4034,452,4486,56
2022-02-24,Kern,029,883053,190275,188584,45340,233924,2106
2022-02-24,Kings,031,150075,50885,50579,3475,54054,423
2022-02-24,Lake,033,64148,10493,10383,862,11245,128
2022-02-24,Lassen,035,31185,8827,8761,868,9629,55
2022-02-24,Los Angeles,037,10098052,2688417,2660973,121049,2782022,30202
2022-02-24,Madera,039,155013,36921,36933,5936,42869,330
2022-02-24,Marin,041,260295,32789,32651,2141,34792,267
2022-02-24,Mariposa,043,17540,2349,2332,193,2525,6
2022-02-24,Mendocino,045,87422,12865,12762,2933,15695,111
2022-02-24,Merced,047,269075,62349,61348,8597,69945,775
2022-02-24,Modoc,049,8938,725,726,247,973,7
2022-02-24,Mono,051,14174,2956,2959,119,3078,5
2022-02-24,Monterey,053,433212,78474,77610,13098,90708,692
2022-02-24,Napa,055,140530,25202,25221,912,26133,130
2022-02-24,Nevada,057,99092,15762,15850,1152,17002,121
2022-02-24,Orange,059,3164182,542197,539992,40937,580929,6540
2022-02-24,Placer,061,380077,62114,61803,7236,69039,573
2022-02-24,Plumas,063,18699,2943,2673,355,3028,13
2022-02-24,Riverside,065,2383286,587398,584835,27427,612262,6143
2022-02-24,Sacramento,067,1510023,277920,272339,26458,298797,2793
2022-02-24,San Benito,069,59416,12825,12770,507,13277,92
2022-02-24,San Bernardino,071,2135413,570866,555668,24663,580331,6505
2022-02-24,San Diego,073,3302833,741950,736049,51483,787532,5002
2022-02-24,San Francisco,075,870044,121542,123079,7990,131069,769
2022-02-24,San Joaquin,077,732212,165185,164418,9757,174175,2048
2022-02-24,San Luis Obispo,079,281455,51669,51358,3637,54995,438
2022-02-24,San Mateo,081,765935,119520,117860,6745,124605,603
2022-02-24,Santa Barbara,083,443738,84838,84830,4629,89459,652
2022-02-24,Santa Clara,085,1922200,309108,305895,12033,317928,2166
2022-02-24,Santa Cruz,087,273765,46666,46186,2050,48236,251
2022-02-24,Shasta,089,179085,30169,30108,5990,36098,485
2022-02-24,Sierra,091,2930,271,270,46,316,1
2022-02-24,Siskiyou,093,43540,4386,4359,2670,7029,72
2022-02-24,Solano,095,438530,80385,80225,5447,85672,428
2022-02-24,Sonoma,097,501317,82207,81702,2511,84213,432
2022-02-24,Stanislaus,099,539301,116571,116896,17595,134491,1503
2022-02-24,Sutter,101,95872,20233,20230,1971,22201,214
2022-02-24,Tehama,103,63373,11934,11878,2552,14430,158
2022-02-24,Trinity,105,12862,1171,1156,284,1440,20
2022-02-24,Tulare,107,460477,105480,102983,27159,130142,1295
2022-02-24,Tuolumne,109,53932,12551,12169,546,12715,175
2022-02-24,Ventura,111,848112,171467,171292,9280,180572,1411
2022-02-24,Yolo,113,214977,36469,35615,2821,38436,296
2022-02-24,Yuba,115,75493,15618,15587,1157,16744,113
2022-02-23,Alameda,001,1643700,251678,247686,13441,261127,1713
2022-02-23,Alpine,002,1148,122,125,1,126,0
2022-02-23,Amador,005,37829,8342,8274,628,8902,79
2022-02-23,Butte,007,227075,32745,32417,6905,39322,367
2022-02-23,Calaveras,009,45235,7170,7182,337,7519,107
2022-02-23,Colusa,011,21464,3422,3411,1039,4450,21
2022-02-23,Contra Costa,013,1133247,189353,184013,13009,197022,1209
2022-02-23,Del Norte,015,27424,5631,5625,169,5794,45
2022-02-23,El Dorado,017,186661,26398,26317,3145,29462,189
2022-02-23,Fresno,019,978130,232220,225308,24011,249319,2596
2022-02-23,Glenn,021,27897,4941,4909,1584,6493,40
2022-02-23,Humboldt,023,135768,16584,16601,2857,19458,132
2022-02-23,Imperial,025,180216,54885,54292,10411,64703,871
2022-02-23,Inyo,027,18085,4041,4031,449,4480,54
2022-02-23,Kern,029,883053,190172,188432,45293,233725,2106
2022-02-23,Kings,031,150075,50852,50416,3474,53890,423
2022-02-23,Lake,033,64148,10475,10368,861,11229,126
2022-02-23,Lassen,035,31185,8811,8749,868,9617,55
2022-02-23,Los Angeles,037,10098052,2687056,2659569,121007,2780576,30167
2022-02-23,Madera,039,155013,36890,36876,5926,42802,330
2022-02-23,Marin,041,260295,32766,32625,2140,34765,267
2022-02-23,Mariposa,043,17540,2344,2325,192,2517,6
2022-02-23,Mendocino,045,87422,12855,12747,2929,15676,111
2022-02-23,Merced,047,269075,62317,61295,8591,69886,772
2022-02-23,Modoc,049,8938,725,723,246,969,7
2022-02-23,Mono,051,14174,2955,2960,119,3079,5
2022-02-23,Monterey,053,433212,78436,77472,13075,90547,691
2022-02-23,Napa,055,140530,25177,25185,907,26092,128
2022-02-23,Nevada,057,99092,15755,15825,1149,16974,121
2022-02-23,Orange,059,3164182,541891,539631,40915,580546,6520
2022-02-23,Placer,061,380077,62067,61758,7229,68987,573
2022-02-23,Plumas,063,18699,2939,2663,355,3018,13
2022-02-23,Riverside,065,2383286,587107,584381,27391,611772,6119
2022-02-23,Sacramento,067,1510023,277761,272057,26435,298492,2796
2022-02-23,San Benito,069,59416,12818,12756,506,13262,92
2022-02-23,San Bernardino,071,2135413,570706,555238,24647,579885,6479
2022-02-23,San Diego,073,3302833,741446,735406,51434,786840,4988
2022-02-23,San Francisco,075,870044,121416,122127,7988,130115,769
2022-02-23,San Joaquin,077,732212,165093,164257,9751,174008,2042
2022-02-23,San Luis Obispo,079,281455,51621,51264,3635,54899,434
2022-02-23,San Mateo,081,765935,119429,117585,6736,124321,603
2022-02-23,Santa Barbara,083,443738,84777,84760,4625,89385,651
2022-02-23,Santa Clara,085,1922200,308851,305484,12024,317508,2157
2022-02-23,Santa Cruz,087,273765,46596,46059,2049,48108,251
2022-02-23,Shasta,089,179085,30141,30066,5987,36053,481
2022-02-23,Sierra,091,2930,271,270,46,316,1
2022-02-23,Siskiyou,093,43540,4383,4356,2668,7024,71
2022-02-23,Solano,095,438530,80296,80103,5445,85548,427
2022-02-23,Sonoma,097,501317,82153,81594,2509,84103,432
2022-02-23,Stanislaus,099,539301,116494,116789,17586,134375,1482
2022-02-23,Sutter,101,95872,20216,20194,1967,22161,213
2022-02-23,Tehama,103,63373,11924,11863,2552,14415,154
2022-02-23,Trinity,105,12862,1171,1156,284,1440,20
2022-02-23,Tulare,107,460477,105415,102812,27136,129948,1290
2022-02-23,Tuolumne,109,53932,12542,12158,545,12703,175
2022-02-23,Ventura,111,848112,171379,171163,9273,180436,1401
2022-02-23,Yolo,113,214977,36431,35590,2814,38404,296
2022-02-23,Yuba,115,75493,15615,15571,1155,16726,113
2022-02-22,Alameda,001,1643700,251430,247434,13430,260864,1706
2022-02-22,Alpine,002,1148,122,124,1,125,0
2022-02-22,Amador,005,37829,8332,8243,628,8871,79
2022-02-22,Butte,007,227075,32711,32359,6898,39257,366
2022-02-22,Calaveras,009,45235,7161,7178,337,7515,107
2022-02-22,Colusa,011,21464,3421,3402,1037,4439,21
2022-02-22,Contra Costa,013,1133247,189200,183812,12990,196802,1201
2022-02-22,Del Norte,015,27424,5622,5611,168,5779,45
2022-02-22,El Dorado,017,186661,26389,26289,3145,29434,189
2022-02-22,Fresno,019,978130,231994,225104,23985,249089,2592
2022-02-22,Glenn,021,27897,4940,4900,1583,6483,40
2022-02-22,Humboldt,023,135768,16560,16559,2853,19412,132
2022-02-22,Imperial,025,180216,54853,54227,10407,64634,864
2022-02-22,Inyo,027,18085,4039,4026,447,4473,54
2022-02-22,Kern,029,883053,190052,188237,45257,233494,2102
2022-02-22,Kings,031,150075,50790,50359,3472,53831,423
2022-02-22,Lake,033,64148,10464,10353,859,11212,126
2022-02-22,Lassen,035,31185,8807,8730,868,9598,55
2022-02-22,Los Angeles,037,10098052,2685597,2658230,120917,2779147,30129
2022-02-22,Madera,039,155013,36856,36833,5917,42750,330
2022-02-22,Marin,041,260295,32741,32591,2139,34730,267
2022-02-22,Mariposa,043,17540,2336,2322,192,2514,6
2022-02-22,Mendocino,045,87422,12841,12714,2919,15633,110
2022-02-22,Merced,047,269075,62256,61241,8584,69825,770
2022-02-22,Modoc,049,8938,722,720,246,966,6
2022-02-22,Mono,051,14174,2955,2961,119,3080,5
2022-02-22,Monterey,053,433212,78382,77359,13056,90415,690
2022-02-22,Napa,055,140530,25148,25151,906,26057,128
2022-02-22,Nevada,057,99092,15739,15815,1148,16963,121
2022-02-22,Orange,059,3164182,541604,539390,40881,580271,6502
2022-02-22,Placer,061,380077,62031,61709,7224,68933,572
2022-02-22,Plumas,063,18699,2933,2659,354,3013,13
2022-02-22,Riverside,065,2383286,586849,583969,27371,611340,6097
2022-02-22,Sacramento,067,1510023,277571,271789,26410,298199,2775
2022-02-22,San Benito,069,59416,12807,12742,505,13247,92
2022-02-22,San Bernardino,071,2135413,570503,554903,24628,579531,6451
2022-02-22,San Diego,073,3302833,740922,734536,51379,785915,4974
2022-02-22,San Francisco,075,870044,121286,121954,7984,129938,769
2022-02-22,San Joaquin,077,732212,164973,164111,9741,173852,2040
2022-02-22,San Luis Obispo,079,281455,51536,51193,3629,54822,431
2022-02-22,San Mateo,081,765935,119335,117418,6731,124149,603
2022-02-22,Santa Barbara,083,443738,84716,84701,4621,89322,650
2022-02-22,Santa Clara,085,1922200,308568,305045,12018,317063,2155
2022-02-22,Santa Cruz,087,273765,46531,45958,2049,48007,251
2022-02-22,Shasta,089,179085,30116,30024,5982,36006,479
2022-02-22,Sierra,091,2930,271,269,45,314,0
2022-02-22,Siskiyou,093,43540,4380,4350,2663,7013,70
2022-02-22,Solano,095,438530,80220,79968,5443,85411,425
2022-02-22,Sonoma,097,501317,82087,81412,2505,83917,431
2022-02-22,Stanislaus,099,539301,116415,116676,17566,134242,1475
2022-02-22,Sutter,101,95872,20200,20164,1965,22129,210
2022-02-22,Tehama,103,63373,11915,11852,2551,14403,152
2022-02-22,Trinity,105,12862,1171,1147,283,1430,20
2022-02-22,Tulare,107,460477,105307,102717,27107,129824,1287
2022-02-22,Tuolumne,109,53932,12523,12136,544,12680,175
2022-02-22,Ventura,111,848112,171294,171064,9267,180331,1401
2022-02-22,Yolo,113,214977,36394,35527,2809,38336,292
2022-02-22,Yuba,115,75493,15605,15550,1154,16704,110
2022-02-21,Alameda,001,1643700,251147,247434,13414,260848,1704
2022-02-21,Alpine,002,1148,122,124,1,125,0
2022-02-21,Amador,005,37829,8326,8246,628,8874,79
2022-02-21,Butte,007,227075,32669,32356,6874,39230,366
2022-02-21,Calaveras,009,45235,7153,7175,337,7512,107
2022-02-21,Colusa,011,21464,3419,3401,1035,4436,21
2022-02-21,Contra Costa,013,1133247,188971,183701,12976,196677,1201
2022-02-21,Del Norte,015,27424,5604,5601,167,5768,45
2022-02-21,El Dorado,017,186661,26361,26273,3140,29413,189
2022-02-21,Fresno,019,978130,231678,224923,23929,248852,2592
2022-02-21,Glenn,021,27897,4935,4897,1583,6480,40
2022-02-21,Humboldt,023,135768,16517,16548,2845,19393,132
2022-02-21,Imperial,025,180216,54793,54208,10394,64602,864
2022-02-21,Inyo,027,18085,4036,4023,447,4470,54
2022-02-21,Kern,029,883053,189859,188188,45205,233393,2102
2022-02-21,Kings,031,150075,50724,50188,3469,53657,422
2022-02-21,Lake,033,64148,10442,10334,857,11191,126
2022-02-21,Lassen,035,31185,8799,8705,863,9568,55
2022-02-21,Los Angeles,037,10098052,2683823,2656873,120821,2777694,30108
2022-02-21,Madera,039,155013,36819,36796,5896,42692,330
2022-02-21,Marin,041,260295,32717,32570,2139,34709,258
2022-02-21,Mariposa,043,17540,2333,2321,192,2513,6
2022-02-21,Mendocino,045,87422,12814,12706,2908,15614,110
2022-02-21,Merced,047,269075,62199,61209,8566,69775,770
2022-02-21,Modoc,049,8938,721,718,246,964,6
2022-02-21,Mono,051,14174,2954,2960,119,3079,5
2022-02-21,Monterey,053,433212,78288,77354,13015,90369,690
2022-02-21,Napa,055,140530,25109,25126,906,26032,128
2022-02-21,Nevada,057,99092,15728,15810,1145,16955,121
2022-02-21,Orange,059,3164182,541252,539068,40856,579924,6502
2022-02-21,Placer,061,380077,61978,61727,7221,68948,572
2022-02-21,Plumas,063,18699,2930,2657,349,3006,13
2022-02-21,Riverside,065,2383286,586478,583712,27324,611036,6097
2022-02-21,Sacramento,067,1510023,277318,271588,26375,297963,2769
2022-02-21,San Benito,069,59416,12794,12731,505,13236,92
2022-02-21,San Bernardino,071,2135413,570265,554662,24607,579269,6441
2022-02-21,San Diego,073,3302833,740308,732298,51301,783599,4974
2022-02-21,San Francisco,075,870044,121106,121865,7980,129845,769
2022-02-21,San Joaquin,077,732212,164833,164036,9729,173765,2040
2022-02-21,San Luis Obispo,079,281455,51445,51184,3622,54806,429
2022-02-21,San Mateo,081,765935,119242,117259,6723,123982,605
2022-02-21,Santa Barbara,083,443738,84639,84626,4613,89239,650
2022-02-21,Santa Clara,085,1922200,308237,304858,12012,316870,2158
2022-02-21,Santa Cruz,087,273765,46405,45941,2048,47989,251
2022-02-21,Shasta,089,179085,30071,30004,5974,35978,479
2022-02-21,Sierra,091,2930,271,269,45,314,0
2022-02-21,Siskiyou,093,43540,4369,4337,2657,6994,70
2022-02-21,Solano,095,438530,80127,79906,5438,85344,425
2022-02-21,Sonoma,097,501317,81974,81361,2498,83859,431
2022-02-21,Stanislaus,099,539301,116308,116597,17542,134139,1475
2022-02-21,Sutter,101,95872,20176,20152,1963,22115,210
2022-02-21,Tehama,103,63373,11901,11842,2550,14392,152
2022-02-21,Trinity,105,12862,1170,1147,283,1430,20
2022-02-21,Tulare,107,460477,105213,102614,27064,129678,1287
2022-02-21,Tuolumne,109,53932,12512,12126,541,12667,175
2022-02-21,Ventura,111,848112,171155,170939,9258,180197,1401
2022-02-21,Yolo,113,214977,36351,35518,2800,38318,292
2022-02-21,Yuba,115,75493,15586,15546,1145,16691,110
2022-02-20,Alameda,001,1643700,250918,246028,13406,259434,1700
2022-02-20,Alpine,002,1148,122,124,1,125,0
2022-02-20,Amador,005,37829,8314,8203,628,8831,79
2022-02-20,Butte,007,227075,32640,32173,6870,39043,364
2022-02-20,Calaveras,009,45235,7150,7136,336,7472,107
2022-02-20,Colusa,011,21464,3416,3389,1034,4423,21
2022-02-20,Contra Costa,013,1133247,188841,182797,12971,195768,1190
2022-02-20,Del Norte,015,27424,5589,5511,167,5678,45
2022-02-20,El Dorado,017,186661,26340,26101,3139,29240,189
2022-02-20,Fresno,019,978130,231482,223594,23913,247507,2544
2022-02-20,Glenn,021,27897,4932,4881,1583,6464,39
2022-02-20,Humboldt,023,135768,16504,16393,2841,19234,132
2022-02-20,Imperial,025,180216,54727,53967,10384,64351,862
2022-02-20,Inyo,027,18085,4036,4018,446,4464,52
2022-02-20,Kern,029,883053,189724,187158,45160,232318,2095
2022-02-20,Kings,031,150075,50696,49724,3466,53190,421
2022-02-20,Lake,033,64148,10409,10184,856,11040,126
2022-02-20,Lassen,035,31185,8787,8640,863,9503,55
2022-02-20,Los Angeles,037,10098052,2682501,2642878,120739,2763617,29842
2022-02-20,Madera,039,155013,36788,36526,5892,42418,330
2022-02-20,Marin,041,260295,32700,32441,2139,34580,258
2022-02-20,Mariposa,043,17540,2327,2310,190,2500,6
2022-02-20,Mendocino,045,87422,12804,12625,2905,15530,110
2022-02-20,Merced,047,269075,62171,60886,8561,69447,769
2022-02-20,Modoc,049,8938,720,714,246,960,6
2022-02-20,Mono,051,14174,2954,2956,119,3075,5
2022-02-20,Monterey,053,433212,78228,76765,13002,89767,682
2022-02-20,Napa,055,140530,25087,24970,904,25874,127
2022-02-20,Nevada,057,99092,15717,15715,1144,16859,121
2022-02-20,Orange,059,3164182,540933,538019,40818,578837,6416
2022-02-20,Placer,061,380077,61943,61417,7213,68630,560
2022-02-20,Plumas,063,18699,2926,2646,347,2993,13
2022-02-20,Riverside,065,2383286,586209,581788,27298,609086,6087
2022-02-20,Sacramento,067,1510023,277138,270080,26351,296431,2747
2022-02-20,San Benito,069,59416,12791,12665,505,13170,92
2022-02-20,San Bernardino,071,2135413,570057,553151,24590,577741,6400
2022-02-20,San Diego,073,3302833,739737,729549,51236,780785,4947
2022-02-20,San Francisco,075,870044,120969,121197,7970,129167,756
2022-02-20,San Joaquin,077,732212,164714,163083,9718,172801,2033
2022-02-20,San Luis Obispo,079,281455,51416,50823,3618,54441,424
2022-02-20,San Mateo,081,765935,119167,116648,6716,123364,598
2022-02-20,Santa Barbara,083,443738,84595,83988,4611,88599,642
2022-02-20,Santa Clara,085,1922200,307953,303077,12004,315081,2138
2022-02-20,Santa Cruz,087,273765,46339,45532,2045,47577,250
2022-02-20,Shasta,089,179085,30042,29847,5967,35814,479
2022-02-20,Sierra,091,2930,271,269,45,314,0
2022-02-20,Siskiyou,093,43540,4364,4307,2656,6963,70
2022-02-20,Solano,095,438530,80052,78914,5434,84348,424
2022-02-20,Sonoma,097,501317,81900,80843,2495,83338,431
2022-02-20,Stanislaus,099,539301,116242,115976,17525,133501,1454
2022-02-20,Sutter,101,95872,20164,20060,1960,22020,210
2022-02-20,Tehama,103,63373,11889,11760,2547,14307,152
2022-02-20,Trinity,105,12862,1169,1130,283,1413,20
2022-02-20,Tulare,107,460477,105125,101996,27039,129035,1286
2022-02-20,Tuolumne,109,53932,12491,12036,541,12577,175
2022-02-20,Ventura,111,848112,171059,170331,9251,179582,1384
2022-02-20,Yolo,113,214977,36325,35363,2797,38160,293
2022-02-20,Yuba,115,75493,15571,15449,1144,16593,112
2022-02-19,Alameda,001,1643700,250746,246028,13402,259430,1700
2022-02-19,Alpine,002,1148,122,124,1,125,0
2022-02-19,Amador,005,37829,8310,8203,628,8831,79
2022-02-19,Butte,007,227075,32616,32173,6867,39040,364
2022-02-19,Calaveras,009,45235,7150,7136,336,7472,107
2022-02-19,Colusa,011,21464,3415,3389,1032,4421,21
2022-02-19,Contra Costa,013,1133247,188744,182797,12970,195767,1190
2022-02-19,Del Norte,015,27424,5579,5511,167,5678,45
2022-02-19,El Dorado,017,186661,26322,26101,3137,29238,189
2022-02-19,Fresno,019,978130,231362,223594,23906,247500,2544
2022-02-19,Glenn,021,27897,4927,4881,1583,6464,39
2022-02-19,Humboldt,023,135768,16489,16393,2841,19234,132
2022-02-19,Imperial,025,180216,54711,53967,10379,64346,862
2022-02-19,Inyo,027,18085,4035,4018,445,4463,52
2022-02-19,Kern,029,883053,189621,187158,45136,232294,2095
2022-02-19,Kings,031,150075,50673,49724,3465,53189,421
2022-02-19,Lake,033,64148,10400,10184,856,11040,126
2022-02-19,Lassen,035,31185,8775,8640,862,9502,55
2022-02-19,Los Angeles,037,10098052,2681713,2642878,120697,2763575,29842
2022-02-19,Madera,039,155013,36766,36526,5890,42416,330
2022-02-19,Marin,041,260295,32677,32441,2138,34579,258
2022-02-19,Mariposa,043,17540,2324,2310,190,2500,6
2022-02-19,Mendocino,045,87422,12794,12625,2905,15530,110
2022-02-19,Merced,047,269075,62127,60886,8557,69443,769
2022-02-19,Modoc,049,8938,720,714,245,959,6
2022-02-19,Mono,051,14174,2953,2956,119,3075,5
2022-02-19,Monterey,053,433212,78139,76765,12991,89756,682
2022-02-19,Napa,055,140530,25077,24970,904,25874,127
2022-02-19,Nevada,057,99092,15709,15715,1144,16859,121
2022-02-19,Orange,059,3164182,540731,538019,40792,578811,6416
2022-02-19,Placer,061,380077,61897,61417,7212,68629,560
2022-02-19,Plumas,063,18699,2925,2646,347,2993,13
2022-02-19,Riverside,065,2383286,586027,581788,27286,609074,6087
2022-02-19,Sacramento,067,1510023,276992,270080,26340,296420,2747
2022-02-19,San Benito,069,59416,12778,12665,504,13169,92
2022-02-19,San Bernardino,071,2135413,569895,553151,24583,577734,6400
2022-02-19,San Diego,073,3302833,739393,729549,51189,780738,4947
2022-02-19,San Francisco,075,870044,120883,121197,7966,129163,756
2022-02-19,San Joaquin,077,732212,164640,163083,9707,172790,2033
2022-02-19,San Luis Obispo,079,281455,51403,50823,3614,54437,424
2022-02-19,San Mateo,081,765935,119125,116648,6715,123363,598
2022-02-19,Santa Barbara,083,443738,84528,83988,4610,88598,642
2022-02-19,Santa Clara,085,1922200,307758,303077,12002,315079,2138
2022-02-19,Santa Cruz,087,273765,46301,45532,2043,47575,250
2022-02-19,Shasta,089,179085,30027,29847,5964,35811,479
2022-02-19,Sierra,091,2930,271,269,45,314,0
2022-02-19,Siskiyou,093,43540,4361,4307,2656,6963,70
2022-02-19,Solano,095,438530,80010,78914,5433,84347,424
2022-02-19,Sonoma,097,501317,81858,80843,2495,83338,431
2022-02-19,Stanislaus,099,539301,116170,115976,17519,133495,1454
2022-02-19,Sutter,101,95872,20156,20060,1960,22020,210
2022-02-19,Tehama,103,63373,11882,11760,2547,14307,152
2022-02-19,Trinity,105,12862,1167,1130,283,1413,20
2022-02-19,Tulare,107,460477,105078,101996,27014,129010,1286
2022-02-19,Tuolumne,109,53932,12482,12036,541,12577,175
2022-02-19,Ventura,111,848112,170984,170331,9247,179578,1384
2022-02-19,Yolo,113,214977,36294,35363,2793,38156,293
2022-02-19,Yuba,115,75493,15562,15449,1144,16593,112
2022-02-18,Alameda,001,1643700,250581,246028,13394,259422,1700
2022-02-18,Alpine,002,1148,121,124,1,125,0
2022-02-18,Amador,005,37829,8303,8203,626,8829,79
2022-02-18,Butte,007,227075,32595,32173,6861,39034,364
2022-02-18,Calaveras,009,45235,7145,7136,335,7471,107
2022-02-18,Colusa,011,21464,3413,3389,1032,4421,21
2022-02-18,Contra Costa,013,1133247,188637,182797,12964,195761,1190
2022-02-18,Del Norte,015,27424,5567,5511,167,5678,45
2022-02-18,El Dorado,017,186661,26311,26101,3137,29238,189
2022-02-18,Fresno,019,978130,231174,223594,23893,247487,2544
2022-02-18,Glenn,021,27897,4926,4881,1582,6463,39
2022-02-18,Humboldt,023,135768,16472,16393,2836,19229,132
2022-02-18,Imperial,025,180216,54685,53967,10368,64335,862
2022-02-18,Inyo,027,18085,4033,4018,445,4463,52
2022-02-18,Kern,029,883053,189509,187158,45090,232248,2095
2022-02-18,Kings,031,150075,50586,49724,3465,53189,421
2022-02-18,Lake,033,64148,10382,10184,854,11038,126
2022-02-18,Lassen,035,31185,8755,8640,861,9501,55
2022-02-18,Los Angeles,037,10098052,2680729,2642878,120643,2763521,29842
2022-02-18,Madera,039,155013,36743,36526,5888,42414,330
2022-02-18,Marin,041,260295,32659,32441,2136,34577,258
2022-02-18,Mariposa,043,17540,2322,2310,190,2500,6
2022-02-18,Mendocino,045,87422,12784,12625,2905,15530,110
2022-02-18,Merced,047,269075,62084,60886,8548,69434,769
2022-02-18,Modoc,049,8938,720,714,245,959,6
2022-02-18,Mono,051,14174,2953,2956,119,3075,5
2022-02-18,Monterey,053,433212,78066,76765,12983,89748,682
2022-02-18,Napa,055,140530,25059,24970,904,25874,127
2022-02-18,Nevada,057,99092,15701,15715,1144,16859,121
2022-02-18,Orange,059,3164182,540493,538019,40753,578772,6416
2022-02-18,Placer,061,380077,61867,61417,7205,68622,560
2022-02-18,Plumas,063,18699,2921,2646,347,2993,13
2022-02-18,Riverside,065,2383286,585846,581788,27278,609066,6087
2022-02-18,Sacramento,067,1510023,276800,270080,26331,296411,2747
2022-02-18,San Benito,069,59416,12770,12665,504,13169,92
2022-02-18,San Bernardino,071,2135413,569717,553151,24578,577729,6400
2022-02-18,San Diego,073,3302833,738969,729549,51163,780712,4947
2022-02-18,San Francisco,075,870044,120795,121197,7958,129155,756
2022-02-18,San Joaquin,077,732212,164570,163083,9700,172783,2033
2022-02-18,San Luis Obispo,079,281455,51387,50823,3611,54434,424
2022-02-18,San Mateo,081,765935,119060,116648,6712,123360,598
2022-02-18,Santa Barbara,083,443738,84488,83988,4608,88596,642
2022-02-18,Santa Clara,085,1922200,307522,303077,12001,315078,2138
2022-02-18,Santa Cruz,087,273765,46267,45532,2042,47574,250
2022-02-18,Shasta,089,179085,30011,29847,5963,35810,479
2022-02-18,Sierra,091,2930,271,269,45,314,0
2022-02-18,Siskiyou,093,43540,4358,4307,2654,6961,70
2022-02-18,Solano,095,438530,79940,78914,5432,84346,424
2022-02-18,Sonoma,097,501317,81802,80843,2494,83337,431
2022-02-18,Stanislaus,099,539301,116120,115976,17505,133481,1454
2022-02-18,Sutter,101,95872,20144,20060,1960,22020,210
2022-02-18,Tehama,103,63373,11871,11760,2547,14307,152
2022-02-18,Trinity,105,12862,1166,1130,282,1412,20
2022-02-18,Tulare,107,460477,105028,101996,26973,128969,1286
2022-02-18,Tuolumne,109,53932,12476,12036,540,12576,175
2022-02-18,Ventura,111,848112,170894,170331,9242,179573,1384
2022-02-18,Yolo,113,214977,36266,35363,2791,38154,293
2022-02-18,Yuba,115,75493,15547,15449,1144,16593,112
2022-02-17,Alameda,001,1643700,250315,246028,13379,259407,1700
2022-02-17,Alpine,002,1148,121,124,1,125,0
2022-02-17,Amador,005,37829,8299,8203,624,8827,79
2022-02-17,Butte,007,227075,32562,32173,6857,39030,364
2022-02-17,Calaveras,009,45235,7136,7136,332,7468,107
2022-02-17,Colusa,011,21464,3410,3389,1032,4421,21
2022-02-17,Contra Costa,013,1133247,188441,182797,12932,195729,1190
2022-02-17,Del Norte,015,27424,5546,5511,167,5678,45
2022-02-17,El Dorado,017,186661,26285,26101,3127,29228,189
2022-02-17,Fresno,019,978130,230885,223594,23863,247457,2544
2022-02-17,Glenn,021,27897,4924,4881,1579,6460,39
2022-02-17,Humboldt,023,135768,16432,16393,2835,19228,132
2022-02-17,Imperial,025,180216,54613,53967,10352,64319,862
2022-02-17,Inyo,027,18085,4031,4018,444,4462,52
2022-02-17,Kern,029,883053,189355,187158,45041,232199,2095
2022-02-17,Kings,031,150075,50522,49724,3460,53184,421
2022-02-17,Lake,033,64148,10352,10184,850,11034,126
2022-02-17,Lassen,035,31185,8745,8640,859,9499,55
2022-02-17,Los Angeles,037,10098052,2678907,2642878,120563,2763441,29842
2022-02-17,Madera,039,155013,36700,36526,5881,42407,330
2022-02-17,Marin,041,260295,32633,32441,2135,34576,258
2022-02-17,Mariposa,043,17540,2320,2310,189,2499,6
2022-02-17,Mendocino,045,87422,12767,12625,2902,15527,110
2022-02-17,Merced,047,269075,62010,60886,8530,69416,769
2022-02-17,Modoc,049,8938,719,714,245,959,6
2022-02-17,Mono,051,14174,2951,2956,119,3075,5
2022-02-17,Monterey,053,433212,77954,76765,12941,89706,682
2022-02-17,Napa,055,140530,25027,24970,902,25872,127
2022-02-17,Nevada,057,99092,15689,15715,1143,16858,121
2022-02-17,Orange,059,3164182,540154,538019,40726,578745,6416
2022-02-17,Placer,061,380077,61824,61417,7197,68614,560
2022-02-17,Plumas,063,18699,2918,2646,347,2993,13
2022-02-17,Riverside,065,2383286,585471,581788,27251,609039,6087
2022-02-17,Sacramento,067,1510023,276513,270080,26279,296359,2747
2022-02-17,San Benito,069,59416,12759,12665,504,13169,92
2022-02-17,San Bernardino,071,2135413,569414,553151,24564,577715,6400
2022-02-17,San Diego,073,3302833,738373,729549,51109,780658,4947
2022-02-17,San Francisco,075,870044,120661,121197,7948,129145,756
2022-02-17,San Joaquin,077,732212,164405,163083,9687,172770,2033
2022-02-17,San Luis Obispo,079,281455,51282,50823,3603,54426,424
2022-02-17,San Mateo,081,765935,118965,116648,6703,123351,598
2022-02-17,Santa Barbara,083,443738,84387,83988,4601,88589,642
2022-02-17,Santa Clara,085,1922200,307152,303077,11987,315064,2138
2022-02-17,Santa Cruz,087,273765,46184,45532,2040,47572,250
2022-02-17,Shasta,089,179085,29984,29847,5960,35807,479
2022-02-17,Sierra,091,2930,271,269,45,314,0
2022-02-17,Siskiyou,093,43540,4349,4307,2650,6957,70
2022-02-17,Solano,095,438530,79859,78914,5425,84339,424
2022-02-17,Sonoma,097,501317,81736,80843,2487,83330,431
2022-02-17,Stanislaus,099,539301,116016,115976,17488,133464,1454
2022-02-17,Sutter,101,95872,20129,20060,1952,22012,210
2022-02-17,Tehama,103,63373,11863,11760,2546,14306,152
2022-02-17,Trinity,105,12862,1164,1130,280,1410,20
2022-02-17,Tulare,107,460477,104916,101996,26949,128945,1286
2022-02-17,Tuolumne,109,53932,12465,12036,540,12576,175
2022-02-17,Ventura,111,848112,170754,170331,9241,179572,1384
2022-02-17,Yolo,113,214977,36228,35363,2790,38153,293
2022-02-17,Yuba,115,75493,15532,15449,1144,16593,112
2022-02-16,Alameda,001,1643700,250007,245662,13342,259004,1691
2022-02-16,Alpine,002,1148,121,124,1,125,0
2022-02-16,Amador,005,37829,8281,8197,623,8820,77
2022-02-16,Butte,007,227075,32516,32095,6844,38939,363
2022-02-16,Calaveras,009,45235,7132,7129,329,7458,107
2022-02-16,Colusa,011,21464,3404,3384,1032,4416,21
2022-02-16,Contra Costa,013,1133247,188208,182423,12896,195319,1179
2022-02-16,Del Norte,015,27424,5526,5473,164,5637,45
2022-02-16,El Dorado,017,186661,26260,26061,3123,29184,189
2022-02-16,Fresno,019,978130,230522,223056,23814,246870,2542
2022-02-16,Glenn,021,27897,4921,4873,1574,6447,39
2022-02-16,Humboldt,023,135768,16408,16342,2825,19167,132
2022-02-16,Imperial,025,180216,54535,53901,10324,64225,861
2022-02-16,Inyo,027,18085,4028,4013,443,4456,52
2022-02-16,Kern,029,883053,189138,186740,44956,231696,2084
2022-02-16,Kings,031,150075,50469,49575,3451,53026,420
2022-02-16,Lake,033,64148,10326,10145,850,10995,125
2022-02-16,Lassen,035,31185,8712,8618,859,9477,55
2022-02-16,Los Angeles,037,10098052,2676829,2640005,120455,2760460,29749
2022-02-16,Madera,039,155013,36633,36382,5867,42249,330
2022-02-16,Marin,041,260295,32597,32381,2133,34514,257
2022-02-16,Mariposa,043,17540,2318,2305,189,2494,6
2022-02-16,Mendocino,045,87422,12745,12605,2892,15497,108
2022-02-16,Merced,047,269075,61943,60776,8497,69273,767
2022-02-16,Modoc,049,8938,719,711,241,952,6
2022-02-16,Mono,051,14174,2949,2953,119,3072,5
2022-02-16,Monterey,053,433212,77806,76624,12900,89524,682
2022-02-16,Napa,055,140530,24989,24897,899,25796,128
2022-02-16,Nevada,057,99092,15671,15677,1139,16816,121
2022-02-16,Orange,059,3164182,539749,537934,40680,578614,6392
2022-02-16,Placer,061,380077,61781,61278,7185,68463,556
2022-02-16,Plumas,063,18699,2915,2644,345,2989,13
2022-02-16,Riverside,065,2383286,585072,580828,27205,608033,6064
2022-02-16,Sacramento,067,1510023,276189,269416,26221,295637,2736
2022-02-16,San Benito,069,59416,12732,12644,504,13148,92
2022-02-16,San Bernardino,071,2135413,569140,552353,24542,576895,6379
2022-02-16,San Diego,073,3302833,737613,728610,51032,779642,4931
2022-02-16,San Francisco,075,870044,120488,120987,7945,128932,756
2022-02-16,San Joaquin,077,732212,164238,162752,9677,172429,2032
2022-02-16,San Luis Obispo,079,281455,51210,50704,3591,54295,425
2022-02-16,San Mateo,081,765935,118847,116438,6685,123123,595
2022-02-16,Santa Barbara,083,443738,84311,83968,4589,88557,642
2022-02-16,Santa Clara,085,1922200,306759,302439,11956,314395,2130
2022-02-16,Santa Cruz,087,273765,46094,45274,2038,47312,250
2022-02-16,Shasta,089,179085,29944,29767,5948,35715,477
2022-02-16,Sierra,091,2930,270,269,45,314,0
2022-02-16,Siskiyou,093,43540,4342,4302,2644,6946,71
2022-02-16,Solano,095,438530,79745,78742,5419,84161,422
2022-02-16,Sonoma,097,501317,81608,80642,2477,83119,431
2022-02-16,Stanislaus,099,539301,115897,115751,17455,133206,1443
2022-02-16,Sutter,101,95872,20112,20020,1949,21969,210
2022-02-16,Tehama,103,63373,11846,11738,2544,14282,152
2022-02-16,Trinity,105,12862,1164,1130,279,1409,20
2022-02-16,Tulare,107,460477,104797,101817,26899,128716,1281
2022-02-16,Tuolumne,109,53932,12453,11991,539,12530,171
2022-02-16,Ventura,111,848112,170620,170117,9233,179350,1372
2022-02-16,Yolo,113,214977,36178,35284,2788,38072,292
2022-02-16,Yuba,115,75493,15510,15405,1141,16546,110
2022-02-15,Alameda,001,1643700,249653,245265,13316,258581,1683
2022-02-15,Alpine,002,1148,121,124,1,125,0
2022-02-15,Amador,005,37829,8271,8183,622,8805,77
2022-02-15,Butte,007,227075,32467,32011,6830,38841,361
2022-02-15,Calaveras,009,45235,7122,7115,329,7444,106
2022-02-15,Colusa,011,21464,3396,3374,1031,4405,21
2022-02-15,Contra Costa,013,1133247,187951,182041,12867,194908,1179
2022-02-15,Del Norte,015,27424,5498,5439,163,5602,45
2022-02-15,El Dorado,017,186661,26242,25988,3118,29106,189
2022-02-15,Fresno,019,978130,230148,222673,23756,246429,2543
2022-02-15,Glenn,021,27897,4912,4862,1573,6435,39
2022-02-15,Humboldt,023,135768,16364,16297,2810,19107,132
2022-02-15,Imperial,025,180216,54471,53813,10309,64122,860
2022-02-15,Inyo,027,18085,4027,4009,442,4451,52
2022-02-15,Kern,029,883053,188917,186324,44864,231188,2072
2022-02-15,Kings,031,150075,50376,49473,3442,52915,418
2022-02-15,Lake,033,64148,10294,10112,844,10956,123
2022-02-15,Lassen,035,31185,8698,8587,857,9444,55
2022-02-15,Los Angeles,037,10098052,2674574,2638266,120326,2758592,29691
2022-02-15,Madera,039,155013,36567,36260,5847,42107,330
2022-02-15,Marin,041,260295,32554,32355,2131,34486,255
2022-02-15,Mariposa,043,17540,2317,2302,189,2491,6
2022-02-15,Mendocino,045,87422,12728,12580,2873,15453,108
2022-02-15,Merced,047,269075,61862,60674,8465,69139,763
2022-02-15,Modoc,049,8938,717,710,238,948,6
2022-02-15,Mono,051,14174,2948,2952,119,3071,5
2022-02-15,Monterey,053,433212,77679,75530,12842,88372,682
2022-02-15,Napa,055,140530,24939,24832,892,25724,127
2022-02-15,Nevada,057,99092,15645,15643,1138,16781,121
2022-02-15,Orange,059,3164182,539293,537478,40633,578111,6374
2022-02-15,Placer,061,380077,61719,61170,7174,68344,554
2022-02-15,Plumas,063,18699,2911,2638,345,2983,13
2022-02-15,Riverside,065,2383286,584587,579940,27146,607086,6049
2022-02-15,Sacramento,067,1510023,275799,268950,26140,295090,2721
2022-02-15,San Benito,069,59416,12714,12616,504,13120,91
2022-02-15,San Bernardino,071,2135413,568779,551803,24522,576325,6372
2022-02-15,San Diego,073,3302833,736654,727486,50930,778416,4914
2022-02-15,San Francisco,075,870044,120317,120759,7934,128693,756
2022-02-15,San Joaquin,077,732212,164021,162518,9663,172181,2021
2022-02-15,San Luis Obispo,079,281455,51113,50534,3576,54110,419
2022-02-15,San Mateo,081,765935,118711,116253,6665,122918,595
2022-02-15,Santa Barbara,083,443738,84175,83734,4575,88309,640
2022-02-15,Santa Clara,085,1922200,306259,301831,11921,313752,2130
2022-02-15,Santa Cruz,087,273765,45990,45171,2033,47204,250
2022-02-15,Shasta,089,179085,29894,29684,5934,35618,477
2022-02-15,Sierra,091,2930,270,269,45,314,0
2022-02-15,Siskiyou,093,43540,4335,4288,2637,6925,70
2022-02-15,Solano,095,438530,79611,78626,5414,84040,426
2022-02-15,Sonoma,097,501317,81486,80433,2471,82904,431
2022-02-15,Stanislaus,099,539301,115754,115549,17424,132973,1429
2022-02-15,Sutter,101,95872,20083,19980,1944,21924,208
2022-02-15,Tehama,103,63373,11828,11717,2542,14259,151
2022-02-15,Trinity,105,12862,1158,1125,276,1401,20
2022-02-15,Tulare,107,460477,104644,101645,26844,128489,1278
2022-02-15,Tuolumne,109,53932,12434,11945,537,12482,171
2022-02-15,Ventura,111,848112,170446,169942,9226,179168,1372
2022-02-15,Yolo,113,214977,36128,35241,2780,38021,289
2022-02-15,Yuba,115,75493,15482,15372,1136,16508,109
2022-02-14,Alameda,001,1643700,249220,244315,13283,257598,1677
2022-02-14,Alpine,002,1148,121,125,1,126,0
2022-02-14,Amador,005,37829,8256,8164,619,8783,77
2022-02-14,Butte,007,227075,32413,31946,6815,38761,360
2022-02-14,Calaveras,009,45235,7109,7097,327,7424,106
2022-02-14,Colusa,011,21464,3393,3367,1027,4394,21
2022-02-14,Contra Costa,013,1133247,187667,181753,12829,194582,1167
2022-02-14,Del Norte,015,27424,5475,5426,162,5588,45
2022-02-14,El Dorado,017,186661,26206,25915,3109,29024,188
2022-02-14,Fresno,019,978130,229666,222360,23671,246031,2538
2022-02-14,Glenn,021,27897,4907,4854,1573,6427,39
2022-02-14,Humboldt,023,135768,16324,16264,2785,19049,132
2022-02-14,Imperial,025,180216,54399,53765,10283,64048,860
2022-02-14,Inyo,027,18085,4026,4010,441,4451,52
2022-02-14,Kern,029,883053,188574,186037,44756,230793,2063
2022-02-14,Kings,031,150075,50270,49395,3433,52828,419
2022-02-14,Lake,033,64148,10257,10090,841,10931,123
2022-02-14,Lassen,035,31185,8688,8539,855,9394,55
2022-02-14,Los Angeles,037,10098052,2672013,2636064,120198,2756262,29650
2022-02-14,Madera,039,155013,36502,36194,5824,42018,330
2022-02-14,Marin,041,260295,32518,32304,2128,34432,255
2022-02-14,Mariposa,043,17540,2310,2295,189,2484,6
2022-02-14,Mendocino,045,87422,12701,12541,2841,15382,108
2022-02-14,Merced,047,269075,61772,60591,8422,69013,758
2022-02-14,Modoc,049,8938,712,707,238,945,6
2022-02-14,Mono,051,14174,2947,2954,119,3073,5
2022-02-14,Monterey,053,433212,77508,75407,12763,88170,678
2022-02-14,Napa,055,140530,24880,24776,892,25668,127
2022-02-14,Nevada,057,99092,15626,15629,1137,16766,121
2022-02-14,Orange,059,3164182,538789,536924,40566,577490,6355
2022-02-14,Placer,061,380077,61650,61123,7159,68282,554
2022-02-14,Plumas,063,18699,2909,2631,345,2976,13
2022-02-14,Riverside,065,2383286,584041,579174,27078,606252,5994
2022-02-14,Sacramento,067,1510023,275355,268547,26025,294572,2717
2022-02-14,San Benito,069,59416,12690,12598,503,13101,91
2022-02-14,San Bernardino,071,2135413,568364,551338,24502,575840,6372
2022-02-14,San Diego,073,3302833,735685,723902,50827,774729,4894
2022-02-14,San Francisco,075,870044,120130,120581,7924,128505,756
2022-02-14,San Joaquin,077,732212,163784,162363,9640,172003,2018
2022-02-14,San Luis Obispo,079,281455,51004,50465,3566,54031,416
2022-02-14,San Mateo,081,765935,118547,116129,6657,122786,592
2022-02-14,Santa Barbara,083,443738,84028,83697,4565,88262,636
2022-02-14,Santa Clara,085,1922200,305722,301319,11897,313216,2127
2022-02-14,Santa Cruz,087,273765,45827,45042,2029,47071,250
2022-02-14,Shasta,089,179085,29808,29595,5917,35512,474
2022-02-14,Sierra,091,2930,270,269,45,314,0
2022-02-14,Siskiyou,093,43540,4322,4278,2623,6901,69
2022-02-14,Solano,095,438530,79431,78533,5403,83936,427
2022-02-14,Sonoma,097,501317,81346,80336,2459,82795,431
2022-02-14,Stanislaus,099,539301,115576,115426,17381,132807,1406
2022-02-14,Sutter,101,95872,20055,19957,1938,21895,209
2022-02-14,Tehama,103,63373,11805,11686,2541,14227,151
2022-02-14,Trinity,105,12862,1155,1123,276,1399,20
2022-02-14,Tulare,107,460477,104439,101448,26750,128198,1276
2022-02-14,Tuolumne,109,53932,12405,11920,534,12454,170
2022-02-14,Ventura,111,848112,170269,169725,9214,178939,1361
2022-02-14,Yolo,113,214977,36069,35112,2770,37882,286
2022-02-14,Yuba,115,75493,15452,15375,1132,16507,108
2022-02-13,Alameda,001,1643700,248731,243681,13248,256929,1677
2022-02-13,Alpine,002,1148,121,125,1,126,0
2022-02-13,Amador,005,37829,8227,8146,616,8762,77
2022-02-13,Butte,007,227075,32338,31865,6793,38658,360
2022-02-13,Calaveras,009,45235,7102,7083,324,7407,106
2022-02-13,Colusa,011,21464,3391,3366,1025,4391,21
2022-02-13,Contra Costa,013,1133247,187306,181313,12765,194078,1159
2022-02-13,Del Norte,015,27424,5443,5379,162,5541,45
2022-02-13,El Dorado,017,186661,26170,25871,3102,28973,188
2022-02-13,Fresno,019,978130,229129,221686,23612,245298,2537
2022-02-13,Glenn,021,27897,4900,4847,1570,6417,39
2022-02-13,Humboldt,023,135768,16277,16210,2758,18968,132
2022-02-13,Imperial,025,180216,54301,53658,10248,63906,860
2022-02-13,Inyo,027,18085,4023,4006,439,4445,52
2022-02-13,Kern,029,883053,188322,185640,44671,230311,2063
2022-02-13,Kings,031,150075,50143,49243,3421,52664,416
2022-02-13,Lake,033,64148,10194,10042,834,10876,123
2022-02-13,Lassen,035,31185,8662,8503,853,9356,55
2022-02-13,Los Angeles,037,10098052,2668862,2631267,120058,2751325,29595
2022-02-13,Madera,039,155013,36385,36054,5796,41850,330
2022-02-13,Marin,041,260295,32447,32222,2121,34343,255
2022-02-13,Mariposa,043,17540,2304,2292,187,2479,6
2022-02-13,Mendocino,045,87422,12672,12521,2802,15323,108
2022-02-13,Merced,047,269075,61629,60460,8368,68828,758
2022-02-13,Modoc,049,8938,710,704,231,935,6
2022-02-13,Mono,051,14174,2946,2949,119,3068,5
2022-02-13,Monterey,053,433212,77301,75295,12689,87984,678
2022-02-13,Napa,055,140530,24803,24743,889,25632,127
2022-02-13,Nevada,057,99092,15592,15590,1130,16720,121
2022-02-13,Orange,059,3164182,538160,536134,40504,576638,6355
2022-02-13,Placer,061,380077,61575,61020,7138,68158,554
2022-02-13,Plumas,063,18699,2901,2626,342,2968,13
2022-02-13,Riverside,065,2383286,583447,578363,27037,605400,5995
2022-02-13,Sacramento,067,1510023,274842,267947,25895,293842,2699
2022-02-13,San Benito,069,59416,12657,12578,502,13080,91
2022-02-13,San Bernardino,071,2135413,567877,550632,24468,575100,6367
2022-02-13,San Diego,073,3302833,734549,723902,50708,774610,4894
2022-02-13,San Francisco,075,870044,119877,120295,7912,128207,756
2022-02-13,San Joaquin,077,732212,163483,162028,9612,171640,2018
2022-02-13,San Luis Obispo,079,281455,50859,50384,3558,53942,415
2022-02-13,San Mateo,081,765935,118326,115876,6631,122507,592
2022-02-13,Santa Barbara,083,443738,83864,83547,4558,88105,635
2022-02-13,Santa Clara,085,1922200,305081,300412,11860,312272,2114
2022-02-13,Santa Cruz,087,273765,45672,44887,2027,46914,240
2022-02-13,Shasta,089,179085,29729,29531,5894,35425,474
2022-02-13,Sierra,091,2930,270,269,45,314,0
2022-02-13,Siskiyou,093,43540,4315,4264,2607,6871,69
2022-02-13,Solano,095,438530,79273,78424,5380,83804,426
2022-02-13,Sonoma,097,501317,81182,80172,2447,82619,431
2022-02-13,Stanislaus,099,539301,115384,115156,17341,132497,1406
2022-02-13,Sutter,101,95872,20016,19900,1938,21838,209
2022-02-13,Tehama,103,63373,11780,11644,2538,14182,151
2022-02-13,Trinity,105,12862,1152,1120,273,1393,20
2022-02-13,Tulare,107,460477,104226,101135,26663,127798,1276
2022-02-13,Tuolumne,109,53932,12379,11891,529,12420,170
2022-02-13,Ventura,111,848112,170075,169422,9194,178616,1361
2022-02-13,Yolo,113,214977,36002,35057,2759,37816,286
2022-02-13,Yuba,115,75493,15418,15346,1131,16477,107
2022-02-12,Alameda,001,1643700,248511,242137,13234,255371,1668
2022-02-12,Alpine,002,1148,121,124,1,125,0
2022-02-12,Amador,005,37829,8221,8091,616,8707,76
2022-02-12,Butte,007,227075,32309,31601,6787,38388,360
2022-02-12,Calaveras,009,45235,7099,7022,323,7345,106
2022-02-12,Colusa,011,21464,3388,3345,1025,4370,21
2022-02-12,Contra Costa,013,1133247,187115,180270,12758,193028,1141
2022-02-12,Del Norte,015,27424,5424,5262,162,5424,45
2022-02-12,El Dorado,017,186661,26154,25692,3102,28794,188
2022-02-12,Fresno,019,978130,228917,219909,23597,243506,2509
2022-02-12,Glenn,021,27897,4899,4818,1569,6387,39
2022-02-12,Humboldt,023,135768,16253,16058,2755,18813,132
2022-02-12,Imperial,025,180216,54257,53304,10238,63542,860
2022-02-12,Inyo,027,18085,4021,3991,439,4430,52
2022-02-12,Kern,029,883053,188211,184639,44633,229272,2037
2022-02-12,Kings,031,150075,50103,48893,3414,52307,415
2022-02-12,Lake,033,64148,10173,9926,830,10756,123
2022-02-12,Lassen,035,31185,8639,8477,852,9329,55
2022-02-12,Los Angeles,037,10098052,2667707,2616426,119987,2736413,29364
2022-02-12,Madera,039,155013,36350,35710,5790,41500,330
2022-02-12,Marin,041,260295,32415,32048,2118,34166,255
2022-02-12,Mariposa,043,17540,2304,2286,187,2473,6
2022-02-12,Mendocino,045,87422,12656,12439,2802,15241,107
2022-02-12,Merced,047,269075,61576,60187,8363,68550,758
2022-02-12,Modoc,049,8938,710,697,231,928,6
2022-02-12,Mono,051,14174,2945,2939,119,3058,5
2022-02-12,Monterey,053,433212,77240,74842,12667,87509,672
2022-02-12,Napa,055,140530,24775,24530,889,25419,124
2022-02-12,Nevada,057,99092,15579,15499,1129,16628,119
2022-02-12,Orange,059,3164182,537868,534503,40469,574972,6305
2022-02-12,Placer,061,380077,61519,60636,7135,67771,554
2022-02-12,Plumas,063,18699,2900,2617,341,2958,13
2022-02-12,Riverside,065,2383286,583085,575566,27014,602580,5961
2022-02-12,Sacramento,067,1510023,274606,266347,25885,292232,2686
2022-02-12,San Benito,069,59416,12645,12526,502,13028,91
2022-02-12,San Bernardino,071,2135413,567642,548822,24455,573277,6360
2022-02-12,San Diego,073,3302833,734050,720287,50656,770943,4854
2022-02-12,San Francisco,075,870044,119756,119113,7901,127014,740
2022-02-12,San Joaquin,077,732212,163352,161234,9606,170840,2014
2022-02-12,San Luis Obispo,079,281455,50823,50064,3555,53619,416
2022-02-12,San Mateo,081,765935,118238,115235,6624,121859,589
2022-02-12,Santa Barbara,083,443738,83778,83390,4551,87941,631
2022-02-12,Santa Clara,085,1922200,304744,298176,11853,310029,2093
2022-02-12,Santa Cruz,087,273765,45636,44447,2025,46472,239
2022-02-12,Shasta,089,179085,29700,29370,5890,35260,473
2022-02-12,Sierra,091,2930,270,268,45,313,0
2022-02-12,Siskiyou,093,43540,4307,4231,2604,6835,68
2022-02-12,Solano,095,438530,79231,77865,5375,83240,424
2022-02-12,Sonoma,097,501317,81078,79533,2445,81978,431
2022-02-12,Stanislaus,099,539301,115260,114531,17328,131859,1406
2022-02-12,Sutter,101,95872,20001,19800,1938,21738,211
2022-02-12,Tehama,103,63373,11764,11580,2538,14118,151
2022-02-12,Trinity,105,12862,1151,1115,273,1388,20
2022-02-12,Tulare,107,460477,104131,100434,26626,127060,1273
2022-02-12,Tuolumne,109,53932,12361,11754,529,12283,125
2022-02-12,Ventura,111,848112,169968,168736,9189,177925,1340
2022-02-12,Yolo,113,214977,35960,34773,2756,37529,286
2022-02-12,Yuba,115,75493,15404,15242,1130,16372,107
2022-02-11,Alameda,001,1643700,248226,242137,13221,255358,1668
2022-02-11,Alpine,002,1148,121,124,1,125,0
2022-02-11,Amador,005,37829,8209,8091,616,8707,76
2022-02-11,Butte,007,227075,32265,31601,6776,38377,360
2022-02-11,Calaveras,009,45235,7096,7022,323,7345,106
2022-02-11,Colusa,011,21464,3386,3345,1024,4369,21
2022-02-11,Contra Costa,013,1133247,186914,180270,12740,193010,1141
2022-02-11,Del Norte,015,27424,5408,5262,161,5423,45
2022-02-11,El Dorado,017,186661,26135,25692,3101,28793,188
2022-02-11,Fresno,019,978130,228622,219909,23579,243488,2509
2022-02-11,Glenn,021,27897,4895,4818,1569,6387,39
2022-02-11,Humboldt,023,135768,16225,16058,2750,18808,132
2022-02-11,Imperial,025,180216,54228,53304,10227,63531,860
2022-02-11,Inyo,027,18085,4017,3991,435,4426,52
2022-02-11,Kern,029,883053,188053,184639,44582,229221,2037
2022-02-11,Kings,031,150075,50064,48893,3413,52306,415
2022-02-11,Lake,033,64148,10148,9926,828,10754,123
2022-02-11,Lassen,035,31185,8599,8477,852,9329,55
2022-02-11,Los Angeles,037,10098052,2666076,2616426,119898,2736324,29364
2022-02-11,Madera,039,155013,36308,35710,5784,41494,330
2022-02-11,Marin,041,260295,32383,32048,2115,34163,255
2022-02-11,Mariposa,043,17540,2299,2286,187,2473,6
2022-02-11,Mendocino,045,87422,12640,12439,2802,15241,107
2022-02-11,Merced,047,269075,61527,60187,8351,68538,758
2022-02-11,Modoc,049,8938,708,697,231,928,6
2022-02-11,Mono,051,14174,2944,2939,119,3058,5
2022-02-11,Monterey,053,433212,77125,74842,12654,87496,672
2022-02-11,Napa,055,140530,24749,24530,889,25419,124
2022-02-11,Nevada,057,99092,15565,15499,1126,16625,119
2022-02-11,Orange,059,3164182,537517,534503,40408,574911,6305
2022-02-11,Placer,061,380077,61466,60636,7133,67769,554
2022-02-11,Plumas,063,18699,2896,2617,339,2956,13
2022-02-11,Riverside,065,2383286,582665,575566,26998,602564,5961
2022-02-11,Sacramento,067,1510023,274342,266347,25873,292220,2686
2022-02-11,San Benito,069,59416,12640,12526,502,13028,91
2022-02-11,San Bernardino,071,2135413,567327,548822,24441,573263,6360
2022-02-11,San Diego,073,3302833,733352,720287,50597,770884,4854
2022-02-11,San Francisco,075,870044,119636,119113,7885,126998,740
2022-02-11,San Joaquin,077,732212,163183,161234,9595,170829,2014
2022-02-11,San Luis Obispo,079,281455,50786,50064,3551,53615,416
2022-02-11,San Mateo,081,765935,118120,115235,6615,121850,589
2022-02-11,Santa Barbara,083,443738,83694,83390,4550,87940,631
2022-02-11,Santa Clara,085,1922200,304316,298176,11837,310013,2093
2022-02-11,Santa Cruz,087,273765,45544,44447,2025,46472,239
2022-02-11,Shasta,089,179085,29669,29370,5882,35252,473
2022-02-11,Sierra,091,2930,269,268,44,312,0
2022-02-11,Siskiyou,093,43540,4296,4231,2598,6829,68
2022-02-11,Solano,095,438530,79106,77865,5369,83234,424
2022-02-11,Sonoma,097,501317,80993,79533,2440,81973,431
2022-02-11,Stanislaus,099,539301,115159,114531,17313,131844,1406
2022-02-11,Sutter,101,95872,19978,19800,1936,21736,211
2022-02-11,Tehama,103,63373,11750,11580,2538,14118,151
2022-02-11,Trinity,105,12862,1150,1115,272,1387,20
2022-02-11,Tulare,107,460477,104012,100434,26575,127009,1273
2022-02-11,Tuolumne,109,53932,12345,11754,527,12281,125
2022-02-11,Ventura,111,848112,169829,168736,9184,177920,1340
2022-02-11,Yolo,113,214977,35927,34773,2754,37527,286
2022-02-11,Yuba,115,75493,15387,15242,1129,16371,107
2022-02-10,Alameda,001,1643700,247702,242137,13179,255316,1668
2022-02-10,Alpine,002,1148,121,124,1,125,0
2022-02-10,Amador,005,37829,8197,8091,610,8701,76
2022-02-10,Butte,007,227075,32215,31601,6762,38363,360
2022-02-10,Calaveras,009,45235,7084,7022,321,7343,106
2022-02-10,Colusa,011,21464,3380,3345,1022,4367,21
2022-02-10,Contra Costa,013,1133247,186553,180270,12674,192944,1141
2022-02-10,Del Norte,015,27424,5379,5262,159,5421,45
2022-02-10,El Dorado,017,186661,26091,25692,3095,28787,188
2022-02-10,Fresno,019,978130,228047,219909,23492,243401,2509
2022-02-10,Glenn,021,27897,4889,4818,1567,6385,39
2022-02-10,Humboldt,023,135768,16175,16058,2728,18786,132
2022-02-10,Imperial,025,180216,54158,53304,10184,63488,860
2022-02-10,Inyo,027,18085,4013,3991,435,4426,52
2022-02-10,Kern,029,883053,187744,184639,44473,229112,2037
2022-02-10,Kings,031,150075,49952,48893,3402,52295,415
2022-02-10,Lake,033,64148,10117,9926,826,10752,123
2022-02-10,Lassen,035,31185,8585,8477,850,9327,55
2022-02-10,Los Angeles,037,10098052,2662939,2616426,119716,2736142,29364
2022-02-10,Madera,039,155013,36210,35710,5753,41463,330
2022-02-10,Marin,041,260295,32325,32048,2103,34151,255
2022-02-10,Mariposa,043,17540,2295,2286,186,2472,6
2022-02-10,Mendocino,045,87422,12618,12439,2778,15217,107
2022-02-10,Merced,047,269075,61401,60187,8294,68481,758
2022-02-10,Modoc,049,8938,707,697,230,927,6
2022-02-10,Mono,051,14174,2942,2939,118,3057,5
2022-02-10,Monterey,053,433212,76943,74842,12574,87416,672
2022-02-10,Napa,055,140530,24684,24530,887,25417,124
2022-02-10,Nevada,057,99092,15540,15499,1125,16624,119
2022-02-10,Orange,059,3164182,536869,534503,40337,574840,6305
2022-02-10,Placer,061,380077,61384,60636,7124,67760,554
2022-02-10,Plumas,063,18699,2893,2617,332,2949,13
2022-02-10,Riverside,065,2383286,581945,575566,26943,602509,5961
2022-02-10,Sacramento,067,1510023,273860,266347,25784,292131,2686
2022-02-10,San Benito,069,59416,12619,12526,500,13026,91
2022-02-10,San Bernardino,071,2135413,566780,548822,24411,573233,6360
2022-02-10,San Diego,073,3302833,732249,720287,50472,770759,4854
2022-02-10,San Francisco,075,870044,119422,119113,7868,126981,740
2022-02-10,San Joaquin,077,732212,162871,161234,9587,170821,2014
2022-02-10,San Luis Obispo,079,281455,50687,50064,3540,53604,416
2022-02-10,San Mateo,081,765935,117894,115235,6598,121833,589
2022-02-10,Santa Barbara,083,443738,83510,83390,4544,87934,631
2022-02-10,Santa Clara,085,1922200,303643,298176,11782,309958,2093
2022-02-10,Santa Cruz,087,273765,45400,44447,2023,46470,239
2022-02-10,Shasta,089,179085,29607,29370,5862,35232,473
2022-02-10,Sierra,091,2930,269,268,44,312,0
2022-02-10,Siskiyou,093,43540,4291,4231,2585,6816,68
2022-02-10,Solano,095,438530,78913,77865,5350,83215,424
2022-02-10,Sonoma,097,501317,80858,79533,2423,81956,431
2022-02-10,Stanislaus,099,539301,114978,114531,17274,131805,1406
2022-02-10,Sutter,101,95872,19939,19800,1921,21721,211
2022-02-10,Tehama,103,63373,11720,11580,2535,14115,151
2022-02-10,Trinity,105,12862,1147,1115,271,1386,20
2022-02-10,Tulare,107,460477,103823,100434,26499,126933,1273
2022-02-10,Tuolumne,109,53932,12324,11754,522,12276,125
2022-02-10,Ventura,111,848112,169548,168736,9170,177906,1340
2022-02-10,Yolo,113,214977,35852,34773,2748,37521,286
2022-02-10,Yuba,115,75493,15355,15242,1124,16366,107
2022-02-09,Alameda,001,1643700,247168,241141,13124,254265,1668
2022-02-09,Alpine,002,1148,120,124,1,125,0
2022-02-09,Amador,005,37829,8183,8069,605,8674,76
2022-02-09,Butte,007,227075,32122,31433,6748,38181,359
2022-02-09,Calaveras,009,45235,7069,7005,317,7322,106
2022-02-09,Colusa,011,21464,3377,3331,1021,4352,21
2022-02-09,Contra Costa,013,1133247,186193,179695,12627,192322,1132
2022-02-09,Del Norte,015,27424,5332,5204,158,5362,45
2022-02-09,El Dorado,017,186661,26054,25572,3082,28654,186
2022-02-09,Fresno,019,978130,227421,218989,23401,242390,2502
2022-02-09,Glenn,021,27897,4874,4804,1566,6370,39
2022-02-09,Humboldt,023,135768,16128,15929,2703,18632,131
2022-02-09,Imperial,025,180216,54055,53102,10112,63214,858
2022-02-09,Inyo,027,18085,4007,3989,434,4423,52
2022-02-09,Kern,029,883053,187369,184068,44359,228427,2021
2022-02-09,Kings,031,150075,49841,48718,3396,52114,410
2022-02-09,Lake,033,64148,10077,9880,821,10701,124
2022-02-09,Lassen,035,31185,8560,8459,849,9308,55
2022-02-09,Los Angeles,037,10098052,2659308,2611611,119579,2731190,29263
2022-02-09,Madera,039,155013,36113,35559,5723,41282,330
2022-02-09,Marin,041,260295,32276,31965,2096,34061,255
2022-02-09,Mariposa,043,17540,2292,2279,186,2465,6
2022-02-09,Mendocino,045,87422,12584,12378,2749,15127,107
2022-02-09,Merced,047,269075,61271,59952,8237,68189,755
2022-02-09,Modoc,049,8938,703,691,229,920,6
2022-02-09,Mono,051,14174,2940,2937,118,3055,5
2022-02-09,Monterey,053,433212,76740,74500,12488,86988,670
2022-02-09,Napa,055,140530,24638,24429,882,25311,123
2022-02-09,Nevada,057,99092,15519,15446,1123,16569,119
2022-02-09,Orange,059,3164182,536237,534316,40257,574573,6263
2022-02-09,Placer,061,380077,61288,60490,7104,67594,553
2022-02-09,Plumas,063,18699,2888,2609,328,2937,13
2022-02-09,Riverside,065,2383286,581203,573907,26898,600805,5911
2022-02-09,Sacramento,067,1510023,273294,265624,25663,291287,2673
2022-02-09,San Benito,069,59416,12595,12492,500,12992,91
2022-02-09,San Bernardino,071,2135413,566170,547768,24385,572153,6349
2022-02-09,San Diego,073,3302833,730892,717896,50362,768258,4832
2022-02-09,San Francisco,075,870044,119171,118550,7857,126407,731
2022-02-09,San Joaquin,077,732212,162566,160618,9577,170195,2014
2022-02-09,San Luis Obispo,079,281455,50541,49833,3535,53368,414
2022-02-09,San Mateo,081,765935,117706,114890,6558,121448,589
2022-02-09,Santa Barbara,083,443738,83328,82830,4538,87368,629
2022-02-09,Santa Clara,085,1922200,302921,297157,11724,308881,2090
2022-02-09,Santa Cruz,087,273765,45217,44200,2016,46216,239
2022-02-09,Shasta,089,179085,29538,29215,5841,35056,471
2022-02-09,Sierra,091,2930,268,268,43,311,0
2022-02-09,Siskiyou,093,43540,4277,4217,2579,6796,68
2022-02-09,Solano,095,438530,78720,77299,5340,82639,423
2022-02-09,Sonoma,097,501317,80683,79165,2416,81581,431
2022-02-09,Stanislaus,099,539301,114729,114039,17044,131083,1406
2022-02-09,Sutter,101,95872,19897,19758,1908,21666,207
2022-02-09,Tehama,103,63373,11695,11542,2531,14073,149
2022-02-09,Trinity,105,12862,1143,1110,270,1380,20
2022-02-09,Tulare,107,460477,103611,100049,26413,126462,1271
2022-02-09,Tuolumne,109,53932,12286,11702,519,12221,95
2022-02-09,Ventura,111,848112,169311,168253,9157,177410,1325
2022-02-09,Yolo,113,214977,35782,34588,2732,37320,285
2022-02-09,Yuba,115,75493,15324,15187,1113,16300,105
2022-02-08,Alameda,001,1643700,246536,240587,13052,253639,1651
2022-02-08,Alpine,002,1148,120,124,1,125,0
2022-02-08,Amador,005,37829,8175,8050,598,8648,76
2022-02-08,Butte,007,227075,32037,31353,6727,38080,359
2022-02-08,Calaveras,009,45235,7052,6981,315,7296,101
2022-02-08,Colusa,011,21464,3369,3320,1020,4340,21
2022-02-08,Contra Costa,013,1133247,185745,179078,12546,191624,1132
2022-02-08,Del Norte,015,27424,5306,5156,153,5309,44
2022-02-08,El Dorado,017,186661,26009,25446,3072,28518,186
2022-02-08,Fresno,019,978130,226676,218416,23295,241711,2502
2022-02-08,Glenn,021,27897,4857,4784,1562,6346,39
2022-02-08,Humboldt,023,135768,16068,15865,2671,18536,130
2022-02-08,Imperial,025,180216,53926,52977,10068,63045,855
2022-02-08,Inyo,027,18085,4002,3983,434,4417,52
2022-02-08,Kern,029,883053,187033,183519,44229,227748,2010
2022-02-08,Kings,031,150075,49681,48479,3384,51863,411
2022-02-08,Lake,033,64148,10047,9806,815,10621,125
2022-02-08,Lassen,035,31185,8551,8423,845,9268,55
2022-02-08,Los Angeles,037,10098052,2655001,2611204,119394,2730598,29259
2022-02-08,Madera,039,155013,36005,35381,5667,41048,330
2022-02-08,Marin,041,260295,32202,31878,2091,33969,255
2022-02-08,Mariposa,043,17540,2291,2266,178,2444,6
2022-02-08,Mendocino,045,87422,12552,12336,2718,15054,107
2022-02-08,Merced,047,269075,61157,59789,8177,67966,751
2022-02-08,Modoc,049,8938,699,684,229,913,6
2022-02-08,Mono,051,14174,2939,2932,118,3050,5
2022-02-08,Monterey,053,433212,76534,74316,12403,86719,670
2022-02-08,Napa,055,140530,24565,24346,876,25222,121
2022-02-08,Nevada,057,99092,15493,15383,1120,16503,117
2022-02-08,Orange,059,3164182,535552,533507,40170,573677,6205
2022-02-08,Placer,061,380077,61180,60301,7092,67393,553
2022-02-08,Plumas,063,18699,2877,2596,321,2917,13
2022-02-08,Riverside,065,2383286,580372,571892,26826,598718,5908
2022-02-08,Sacramento,067,1510023,272621,264479,25488,289967,2664
2022-02-08,San Benito,069,59416,12571,12434,498,12932,91
2022-02-08,San Bernardino,071,2135413,565457,544658,24341,568999,6335
2022-02-08,San Diego,073,3302833,729325,717896,50230,768126,4832
2022-02-08,San Francisco,075,870044,118861,117942,7848,125790,731
2022-02-08,San Joaquin,077,732212,162181,160147,9559,169706,2005
2022-02-08,San Luis Obispo,079,281455,50376,49556,3505,53061,410
2022-02-08,San Mateo,081,765935,117488,114541,6528,121069,589
2022-02-08,Santa Barbara,083,443738,83160,82461,4513,86974,627
2022-02-08,Santa Clara,085,1922200,302038,295679,11677,307356,2091
2022-02-08,Santa Cruz,087,273765,45062,43884,2011,45895,239
2022-02-08,Shasta,089,179085,29456,29084,5814,34898,470
2022-02-08,Sierra,091,2930,268,267,43,310,0
2022-02-08,Siskiyou,093,43540,4267,4191,2570,6761,68
2022-02-08,Solano,095,438530,78487,77031,5325,82356,421
2022-02-08,Sonoma,097,501317,80469,78798,2392,81190,431
2022-02-08,Stanislaus,099,539301,114471,113733,16966,130699,1406
2022-02-08,Sutter,101,95872,19858,19717,1896,21613,203
2022-02-08,Tehama,103,63373,11667,11491,2524,14015,149
2022-02-08,Trinity,105,12862,1137,1110,270,1380,20
2022-02-08,Tulare,107,460477,103320,99694,26283,125977,1267
2022-02-08,Tuolumne,109,53932,12261,11665,517,12182,92
2022-02-08,Ventura,111,848112,169074,167830,9142,176972,1325
2022-02-08,Yolo,113,214977,35700,34462,2719,37181,281
2022-02-08,Yuba,115,75493,15279,15126,1091,16217,107
2022-02-07,Alameda,001,1643700,245816,238678,12987,251665,1643
2022-02-07,Alpine,002,1148,120,124,1,125,0
2022-02-07,Amador,005,37829,8147,7980,590,8570,75
2022-02-07,Butte,007,227075,31949,31184,6696,37880,355
2022-02-07,Calaveras,009,45235,7030,6910,314,7224,100
2022-02-07,Colusa,011,21464,3358,3283,1016,4299,21
2022-02-07,Contra Costa,013,1133247,185263,177767,12471,190238,1130
2022-02-07,Del Norte,015,27424,5265,5093,148,5241,44
2022-02-07,El Dorado,017,186661,25946,25257,3062,28319,185
2022-02-07,Fresno,019,978130,225801,216495,23149,239644,2493
2022-02-07,Glenn,021,27897,4849,4762,1558,6320,39
2022-02-07,Humboldt,023,135768,15993,15764,2646,18410,129
2022-02-07,Imperial,025,180216,53811,52689,9999,62688,853
2022-02-07,Inyo,027,18085,3997,3976,428,4404,51
2022-02-07,Kern,029,883053,186560,182047,44065,226112,1998
2022-02-07,Kings,031,150075,49496,48147,3367,51514,403
2022-02-07,Lake,033,64148,10001,9519,807,10326,125
2022-02-07,Lassen,035,31185,8533,8362,839,9201,55
2022-02-07,Los Angeles,037,10098052,2650572,2607438,119177,2726615,29210
2022-02-07,Madera,039,155013,35881,35083,5620,40703,330
2022-02-07,Marin,041,260295,32135,31670,2081,33751,255
2022-02-07,Mariposa,043,17540,2286,2253,174,2427,6
2022-02-07,Mendocino,045,87422,12494,12237,2680,14917,107
2022-02-07,Merced,047,269075,61027,59472,8084,67556,748
2022-02-07,Modoc,049,8938,695,679,229,908,6
2022-02-07,Mono,051,14174,2937,2917,118,3035,5
2022-02-07,Monterey,053,433212,76279,69433,12296,81729,670
2022-02-07,Napa,055,140530,24480,23237,867,24104,120
2022-02-07,Nevada,057,99092,15457,15268,1114,16382,113
2022-02-07,Orange,059,3164182,534789,531442,40084,571526,6179
2022-02-07,Placer,061,380077,61055,59894,7077,66971,546
2022-02-07,Plumas,063,18699,2866,2573,312,2885,13
2022-02-07,Riverside,065,2383286,579429,568874,26741,595615,5868
2022-02-07,Sacramento,067,1510023,271937,262834,25306,288140,2631
2022-02-07,San Benito,069,59416,12532,12285,496,12781,90
2022-02-07,San Bernardino,071,2135413,564660,542846,24301,567147,6335
2022-02-07,San Diego,073,3302833,727611,716244,50042,766286,4811
2022-02-07,San Francisco,075,870044,118521,113945,7823,121768,727
2022-02-07,San Joaquin,077,732212,161797,159358,9540,168898,1998
2022-02-07,San Luis Obispo,079,281455,50206,48994,3486,52480,406
2022-02-07,San Mateo,081,765935,117202,107060,6499,113559,589
2022-02-07,Santa Barbara,083,443738,82972,81608,4498,86106,624
2022-02-07,Santa Clara,085,1922200,301086,293360,11630,304990,2085
2022-02-07,Santa Cruz,087,273765,44846,43244,2007,45251,239
2022-02-07,Shasta,089,179085,29366,28900,5788,34688,468
2022-02-07,Sierra,091,2930,268,265,43,308,0
2022-02-07,Siskiyou,093,43540,4256,4157,2554,6711,68
2022-02-07,Solano,095,438530,78230,73934,5296,79230,420
2022-02-07,Sonoma,097,501317,80211,78296,2376,80672,431
2022-02-07,Stanislaus,099,539301,114212,113029,16822,129851,1406
2022-02-07,Sutter,101,95872,19825,19599,1869,21468,203
2022-02-07,Tehama,103,63373,11625,11418,2516,13934,146
2022-02-07,Trinity,105,12862,1133,1109,267,1376,20
2022-02-07,Tulare,107,460477,102960,98774,26153,124927,1263
2022-02-07,Tuolumne,109,53932,12213,11578,513,12091,92
2022-02-07,Ventura,111,848112,168758,166904,9127,176031,1324
2022-02-07,Yolo,113,214977,35590,34007,2705,36712,281
2022-02-07,Yuba,115,75493,15232,14998,1084,16082,105
2022-02-06,Alameda,001,1643700,244905,237188,12903,250091,1643
2022-02-06,Alpine,002,1148,120,123,1,124,0
2022-02-06,Amador,005,37829,8116,7922,578,8500,73
2022-02-06,Butte,007,227075,31819,31021,6645,37666,355
2022-02-06,Calaveras,009,45235,7003,6870,309,7179,99
2022-02-06,Colusa,011,21464,3348,3282,1015,4297,21
2022-02-06,Contra Costa,013,1133247,184602,176863,12308,189171,1128
2022-02-06,Del Norte,015,27424,5209,5038,146,5184,44
2022-02-06,El Dorado,017,186661,25884,25165,3050,28215,185
2022-02-06,Fresno,019,978130,224936,214726,22897,237623,2489
2022-02-06,Glenn,021,27897,4835,4738,1548,6286,39
2022-02-06,Humboldt,023,135768,15910,15658,2606,18264,128
2022-02-06,Imperial,025,180216,53624,52396,9953,62349,853
2022-02-06,Inyo,027,18085,3995,3970,425,4395,51
2022-02-06,Kern,029,883053,186008,181188,43826,225014,1996
2022-02-06,Kings,031,150075,49271,47669,3342,51011,401
2022-02-06,Lake,033,64148,9932,9468,790,10258,125
2022-02-06,Lassen,035,31185,8513,8326,834,9160,55
2022-02-06,Los Angeles,037,10098052,2645067,2602620,118920,2721540,29180
2022-02-06,Madera,039,155013,35696,34901,5528,40429,330
2022-02-06,Marin,041,260295,32037,31488,2068,33556,255
2022-02-06,Mariposa,043,17540,2278,2244,163,2407,6
2022-02-06,Mendocino,045,87422,12451,12169,2610,14779,107
2022-02-06,Merced,047,269075,60801,59112,7917,67029,748
2022-02-06,Modoc,049,8938,690,675,228,903,6
2022-02-06,Mono,051,14174,2932,2901,116,3017,5
2022-02-06,Monterey,053,433212,75914,67912,12139,80051,670
2022-02-06,Napa,055,140530,24361,23230,860,24090,120
2022-02-06,Nevada,057,99092,15392,15192,1101,16293,113
2022-02-06,Orange,059,3164182,533836,527906,39981,567887,6171
2022-02-06,Placer,061,380077,60879,59507,7051,66558,544
2022-02-06,Plumas,063,18699,2853,2559,303,2862,13
2022-02-06,Riverside,065,2383286,578291,568276,26664,594940,5865
2022-02-06,Sacramento,067,1510023,271069,261353,25038,286391,2631
2022-02-06,San Benito,069,59416,12477,12186,488,12674,90
2022-02-06,San Bernardino,071,2135413,563683,541103,24231,565334,6334
2022-02-06,San Diego,073,3302833,725552,709938,49801,759739,4786
2022-02-06,San Francisco,075,870044,118141,113115,7797,120912,728
2022-02-06,San Joaquin,077,732212,161227,158510,9502,168012,1997
2022-02-06,San Luis Obispo,079,281455,49981,48843,3429,52272,405
2022-02-06,San Mateo,081,765935,116864,105556,6460,112016,587
2022-02-06,Santa Barbara,083,443738,82654,81118,4461,85579,623
2022-02-06,Santa Clara,085,1922200,299965,291732,11514,303246,2075
2022-02-06,Santa Cruz,087,273765,44533,42952,1993,44945,239
2022-02-06,Shasta,089,179085,29243,28762,5739,34501,468
2022-02-06,Sierra,091,2930,268,265,43,308,0
2022-02-06,Siskiyou,093,43540,4235,4118,2528,6646,68
2022-02-06,Solano,095,438530,77933,73475,5254,78729,419
2022-02-06,Sonoma,097,501317,79876,77887,2356,80243,431
2022-02-06,Stanislaus,099,539301,113816,112521,16674,129195,1406
2022-02-06,Sutter,101,95872,19783,19523,1831,21354,203
2022-02-06,Tehama,103,63373,11585,11366,2496,13862,146
2022-02-06,Trinity,105,12862,1132,1102,266,1368,20
2022-02-06,Tulare,107,460477,102528,98260,25973,124233,1262
2022-02-06,Tuolumne,109,53932,12161,11507,495,12002,92
2022-02-06,Ventura,111,848112,168382,166235,9116,175351,1323
2022-02-06,Yolo,113,214977,35451,33784,2688,36472,281
2022-02-06,Yuba,115,75493,15187,14917,1075,15992,104
2022-02-05,Alameda,001,1643700,244489,235698,12892,248590,1638
2022-02-05,Alpine,002,1148,120,124,1,125,0
2022-02-05,Amador,005,37829,8107,7855,576,8431,71
2022-02-05,Butte,007,227075,31764,30733,6631,37364,355
2022-02-05,Calaveras,009,45235,6987,6789,309,7098,99
2022-02-05,Colusa,011,21464,3341,3234,1015,4249,21
2022-02-05,Contra Costa,013,1133247,184324,175871,12292,188163,1115
2022-02-05,Del Norte,015,27424,5167,4978,146,5124,44
2022-02-05,El Dorado,017,186661,25853,24813,3048,27861,185
2022-02-05,Fresno,019,978130,224579,213539,22875,236414,2477
2022-02-05,Glenn,021,27897,4833,4691,1542,6233,39
2022-02-05,Humboldt,023,135768,15861,15514,2603,18117,127
2022-02-05,Imperial,025,180216,53563,52153,9940,62093,853
2022-02-05,Inyo,027,18085,3992,3948,425,4373,51
2022-02-05,Kern,029,883053,185799,180296,43724,224020,1987
2022-02-05,Kings,031,150075,49184,47538,3335,50873,402
2022-02-05,Lake,033,64148,9913,9289,783,10072,124
2022-02-05,Lassen,035,31185,8502,8288,832,9120,55
2022-02-05,Los Angeles,037,10098052,2642892,2572702,118795,2691497,28947
2022-02-05,Madera,039,155013,35643,34471,5515,39986,329
2022-02-05,Marin,041,260295,31991,31299,2064,33363,255
2022-02-05,Mariposa,043,17540,2277,2222,162,2384,6
2022-02-05,Mendocino,045,87422,12423,12066,2608,14674,107
2022-02-05,Merced,047,269075,60707,58908,7910,66818,744
2022-02-05,Modoc,049,8938,689,664,228,892,6
2022-02-05,Mono,051,14174,2931,2904,116,3020,5
2022-02-05,Monterey,053,433212,75800,67342,12095,79437,666
2022-02-05,Napa,055,140530,24305,22973,859,23832,118
2022-02-05,Nevada,057,99092,15370,15002,1096,16098,113
2022-02-05,Orange,059,3164182,533397,527516,39888,567404,6134
2022-02-05,Placer,061,380077,60754,59043,7038,66081,533
2022-02-05,Plumas,063,18699,2852,2550,302,2852,13
2022-02-05,Riverside,065,2383286,577688,563991,26594,590585,5827
2022-02-05,Sacramento,067,1510023,270671,259437,25001,284438,2610
2022-02-05,San Benito,069,59416,12432,12142,488,12630,90
2022-02-05,San Bernardino,071,2135413,563170,539312,24211,563523,6322
2022-02-05,San Diego,073,3302833,724695,703957,49725,753682,4735
2022-02-05,San Francisco,075,870044,117927,112481,7770,120251,720
2022-02-05,San Joaquin,077,732212,161039,157420,9490,166910,1989
2022-02-05,San Luis Obispo,079,281455,49944,48361,3427,51788,404
2022-02-05,San Mateo,081,765935,116676,104810,6452,111262,587
2022-02-05,Santa Barbara,083,443738,82491,80478,4449,84927,617
2022-02-05,Santa Clara,085,1922200,299313,289262,11498,300760,2067
2022-02-05,Santa Cruz,087,273765,44459,42553,1990,44543,239
2022-02-05,Shasta,089,179085,29200,28604,5729,34333,466
2022-02-05,Sierra,091,2930,268,262,43,305,0
2022-02-05,Siskiyou,093,43540,4228,4106,2515,6621,67
2022-02-05,Solano,095,438530,77858,73112,5244,78356,415
2022-02-05,Sonoma,097,501317,79710,77213,2352,79565,431
2022-02-05,Stanislaus,099,539301,113614,111783,16651,128434,1406
2022-02-05,Sutter,101,95872,19753,19406,1825,21231,203
2022-02-05,Tehama,103,63373,11566,11259,2490,13749,146
2022-02-05,Trinity,105,12862,1130,1085,266,1351,20
2022-02-05,Tulare,107,460477,102359,97414,25892,123306,1254
2022-02-05,Tuolumne,109,53932,12135,11409,492,11901,91
2022-02-05,Ventura,111,848112,168156,165532,9100,174632,1308
2022-02-05,Yolo,113,214977,35368,33614,2673,36287,281
2022-02-05,Yuba,115,75493,15156,14801,1067,15868,105
2022-02-04,Alameda,001,1643700,243998,235698,12880,248578,1638
2022-02-04,Alpine,002,1148,120,124,1,125,0
2022-02-04,Amador,005,37829,8091,7855,572,8427,71
2022-02-04,Butte,007,227075,31705,30733,6619,37352,355
2022-02-04,Calaveras,009,45235,6977,6789,307,7096,99
2022-02-04,Colusa,011,21464,3337,3234,1013,4247,21
2022-02-04,Contra Costa,013,1133247,183989,175871,12264,188135,1115
2022-02-04,Del Norte,015,27424,5146,4978,146,5124,44
2022-02-04,El Dorado,017,186661,25819,24813,3045,27858,185
2022-02-04,Fresno,019,978130,224096,213539,22841,236380,2477
2022-02-04,Glenn,021,27897,4824,4691,1539,6230,39
2022-02-04,Humboldt,023,135768,15834,15514,2600,18114,127
2022-02-04,Imperial,025,180216,53486,52153,9923,62076,853
2022-02-04,Inyo,027,18085,3989,3948,425,4373,51
2022-02-04,Kern,029,883053,185574,180296,43600,223896,1987
2022-02-04,Kings,031,150075,49109,47538,3328,50866,402
2022-02-04,Lake,033,64148,9891,9289,780,10069,124
2022-02-04,Lassen,035,31185,8479,8288,832,9120,55
2022-02-04,Los Angeles,037,10098052,2640255,2572702,118664,2691366,28947
2022-02-04,Madera,039,155013,35560,34471,5507,39978,329
2022-02-04,Marin,041,260295,31927,31299,2055,33354,255
2022-02-04,Mariposa,043,17540,2275,2222,160,2382,6
2022-02-04,Mendocino,045,87422,12392,12066,2606,14672,107
2022-02-04,Merced,047,269075,60627,58908,7900,66808,744
2022-02-04,Modoc,049,8938,689,664,228,892,6
2022-02-04,Mono,051,14174,2929,2904,116,3020,5
2022-02-04,Monterey,053,433212,75610,67342,12052,79394,666
2022-02-04,Napa,055,140530,24258,22973,855,23828,118
2022-02-04,Nevada,057,99092,15336,15002,1092,16094,113
2022-02-04,Orange,059,3164182,532848,527516,39830,567346,6134
2022-02-04,Placer,061,380077,60648,59043,7027,66070,533
2022-02-04,Plumas,063,18699,2845,2550,301,2851,13
2022-02-04,Riverside,065,2383286,576975,563991,26582,590573,5827
2022-02-04,Sacramento,067,1510023,270168,259437,24975,284412,2610
2022-02-04,San Benito,069,59416,12413,12142,486,12628,90
2022-02-04,San Bernardino,071,2135413,562588,539312,24190,563502,6322
2022-02-04,San Diego,073,3302833,723565,703957,49639,753596,4735
2022-02-04,San Francisco,075,870044,117686,112481,7745,120226,720
2022-02-04,San Joaquin,077,732212,160807,157420,9478,166898,1989
2022-02-04,San Luis Obispo,079,281455,49883,48361,3420,51781,404
2022-02-04,San Mateo,081,765935,116444,104810,6438,111248,587
2022-02-04,Santa Barbara,083,443738,82342,80478,4448,84926,617
2022-02-04,Santa Clara,085,1922200,298642,289262,11477,300739,2067
2022-02-04,Santa Cruz,087,273765,44254,42553,1986,44539,239
2022-02-04,Shasta,089,179085,29148,28604,5718,34322,466
2022-02-04,Sierra,091,2930,268,262,43,305,0
2022-02-04,Siskiyou,093,43540,4220,4106,2508,6614,67
2022-02-04,Solano,095,438530,77666,73112,5206,78318,415
2022-02-04,Sonoma,097,501317,79551,77213,2271,79484,431
2022-02-04,Stanislaus,099,539301,113433,111783,16625,128408,1406
2022-02-04,Sutter,101,95872,19729,19406,1818,21224,203
2022-02-04,Tehama,103,63373,11551,11259,2489,13748,146
2022-02-04,Trinity,105,12862,1129,1085,265,1350,20
2022-02-04,Tulare,107,460477,102178,97414,25812,123226,1254
2022-02-04,Tuolumne,109,53932,12123,11409,491,11900,91
2022-02-04,Ventura,111,848112,167887,165532,9092,174624,1308
2022-02-04,Yolo,113,214977,35274,33614,2667,36281,281
2022-02-04,Yuba,115,75493,15138,14801,1067,15868,105
2022-02-03,Alameda,001,1643700,243224,235698,12818,248516,1638
2022-02-03,Alpine,002,1148,120,124,1,125,0
2022-02-03,Amador,005,37829,8071,7855,567,8422,71
2022-02-03,Butte,007,227075,31600,30733,6589,37322,355
2022-02-03,Calaveras,009,45235,6947,6789,304,7093,99
2022-02-03,Colusa,011,21464,3324,3234,1011,4245,21
2022-02-03,Contra Costa,013,1133247,183360,175871,12161,188032,1115
2022-02-03,Del Norte,015,27424,5103,4978,143,5121,44
2022-02-03,El Dorado,017,186661,25748,24813,3040,27853,185
2022-02-03,Fresno,019,978130,223156,213539,22679,236218,2477
2022-02-03,Glenn,021,27897,4807,4691,1522,6213,39
2022-02-03,Humboldt,023,135768,15758,15514,2564,18078,127
2022-02-03,Imperial,025,180216,53342,52153,9872,62025,853
2022-02-03,Inyo,027,18085,3986,3948,421,4369,51
2022-02-03,Kern,029,883053,185110,180296,43386,223682,1987
2022-02-03,Kings,031,150075,48951,47538,3321,50859,402
2022-02-03,Lake,033,64148,9837,9289,774,10063,124
2022-02-03,Lassen,035,31185,8455,8288,831,9119,55
2022-02-03,Los Angeles,037,10098052,2634834,2572702,118402,2691104,28947
2022-02-03,Madera,039,155013,35424,34471,5463,39934,329
2022-02-03,Marin,041,260295,31832,31299,2050,33349,255
2022-02-03,Mariposa,043,17540,2263,2222,157,2379,6
2022-02-03,Mendocino,045,87422,12348,12066,2583,14649,107
2022-02-03,Merced,047,269075,60475,58908,7802,66710,744
2022-02-03,Modoc,049,8938,686,664,228,892,6
2022-02-03,Mono,051,14174,2924,2904,115,3019,5
2022-02-03,Monterey,053,433212,75323,67342,11860,79202,666
2022-02-03,Napa,055,140530,24125,22973,855,23828,118
2022-02-03,Nevada,057,99092,15296,15002,1082,16084,113
2022-02-03,Orange,059,3164182,531924,527516,39738,567254,6134
2022-02-03,Placer,061,380077,60450,59043,7004,66047,533
2022-02-03,Plumas,063,18699,2831,2550,297,2847,13
2022-02-03,Riverside,065,2383286,575772,563991,26511,590502,5827
2022-02-03,Sacramento,067,1510023,269212,259437,24778,284215,2610
2022-02-03,San Benito,069,59416,12386,12142,483,12625,90
2022-02-03,San Bernardino,071,2135413,561576,539312,24151,563463,6322
2022-02-03,San Diego,073,3302833,721599,703957,49469,753426,4735
2022-02-03,San Francisco,075,870044,117354,112481,7716,120197,720
2022-02-03,San Joaquin,077,732212,160317,157420,9447,166867,1989
2022-02-03,San Luis Obispo,079,281455,49684,48361,3405,51766,404
2022-02-03,San Mateo,081,765935,116093,104810,6405,111215,587
2022-02-03,Santa Barbara,083,443738,81984,80478,4419,84897,617
2022-02-03,Santa Clara,085,1922200,297447,289262,11370,300632,2067
2022-02-03,Santa Cruz,087,273765,43914,42553,1979,44532,239
2022-02-03,Shasta,089,179085,29041,28604,5691,34295,466
2022-02-03,Sierra,091,2930,268,262,43,305,0
2022-02-03,Siskiyou,093,43540,4205,4106,2492,6598,67
2022-02-03,Solano,095,438530,77335,73112,5187,78299,415
2022-02-03,Sonoma,097,501317,79253,77213,2264,79477,431
2022-02-03,Stanislaus,099,539301,113056,111783,16537,128320,1406
2022-02-03,Sutter,101,95872,19677,19406,1802,21208,203
2022-02-03,Tehama,103,63373,11521,11259,2481,13740,146
2022-02-03,Trinity,105,12862,1127,1085,264,1349,20
2022-02-03,Tulare,107,460477,101770,97414,25675,123089,1254
2022-02-03,Tuolumne,109,53932,12082,11409,479,11888,91
2022-02-03,Ventura,111,848112,167501,165532,9080,174612,1308
2022-02-03,Yolo,113,214977,35165,33614,2653,36267,281
2022-02-03,Yuba,115,75493,15088,14801,1051,15852,105
2022-02-02,Alameda,001,1643700,242273,234300,12718,247018,1632
2022-02-02,Alpine,002,1148,120,123,1,124,0
2022-02-02,Amador,005,37829,8041,7781,558,8339,71
2022-02-02,Butte,007,227075,31487,30550,6552,37102,355
2022-02-02,Calaveras,009,45235,6920,6753,300,7053,99
2022-02-02,Colusa,011,21464,3309,3211,1010,4221,21
2022-02-02,Contra Costa,013,1133247,182730,174876,12064,186940,1113
2022-02-02,Del Norte,015,27424,5061,4924,139,5063,44
2022-02-02,El Dorado,017,186661,25685,24690,3021,27711,185
2022-02-02,Fresno,019,978130,222115,211976,22546,234522,2463
2022-02-02,Glenn,021,27897,4788,4667,1512,6179,39
2022-02-02,Humboldt,023,135768,15698,15392,2525,17917,127
2022-02-02,Imperial,025,180216,53145,51875,9745,61620,853
2022-02-02,Inyo,027,18085,3980,3944,420,4364,51
2022-02-02,Kern,029,883053,184514,179386,43173,222559,1974
2022-02-02,Kings,031,150075,48761,47061,3296,50357,401
2022-02-02,Lake,033,64148,9779,9235,767,10002,120
2022-02-02,Lassen,035,31185,8442,8258,822,9080,55
2022-02-02,Los Angeles,037,10098052,2628611,2561902,118028,2679930,28850
2022-02-02,Madera,039,155013,35256,34265,5391,39656,329
2022-02-02,Marin,041,260295,31729,31149,2040,33189,255
2022-02-02,Mariposa,043,17540,2252,2215,153,2368,6
2022-02-02,Mendocino,045,87422,12295,11996,2544,14540,105
2022-02-02,Merced,047,269075,60290,58532,7716,66248,744
2022-02-02,Modoc,049,8938,680,662,228,890,6
2022-02-02,Mono,051,14174,2913,2887,115,3002,5
2022-02-02,Monterey,053,433212,74931,66852,11680,78532,666
2022-02-02,Napa,055,140530,24005,22859,842,23701,117
2022-02-02,Nevada,057,99092,15238,14895,1060,15955,112
2022-02-02,Orange,059,3164182,530871,524418,39639,564057,6127
2022-02-02,Placer,061,380077,60256,58654,6975,65629,533
2022-02-02,Plumas,063,18699,2815,2540,294,2834,12
2022-02-02,Riverside,065,2383286,574492,561220,26464,587684,5827
2022-02-02,Sacramento,067,1510023,268206,258078,24569,282647,2602
2022-02-02,San Benito,069,59416,12346,12058,479,12537,90
2022-02-02,San Bernardino,071,2135413,560556,537485,24088,561573,6317
2022-02-02,San Diego,073,3302833,719401,703957,49283,753240,4735
2022-02-02,San Francisco,075,870044,116984,112008,7700,119708,714
2022-02-02,San Joaquin,077,732212,159744,156537,9421,165958,1986
2022-02-02,San Luis Obispo,079,281455,49485,48119,3392,51511,403
2022-02-02,San Mateo,081,765935,115717,104201,6341,110542,587
2022-02-02,Santa Barbara,083,443738,81641,79979,4388,84367,612
2022-02-02,Santa Clara,085,1922200,296274,287443,11258,298701,2051
2022-02-02,Santa Cruz,087,273765,43625,42127,1968,44095,239
2022-02-02,Shasta,089,179085,28940,28429,5646,34075,465
2022-02-02,Sierra,091,2930,268,262,43,305,0
2022-02-02,Siskiyou,093,43540,4195,4078,2463,6541,67
2022-02-02,Solano,095,438530,76976,72711,5160,77871,414
2022-02-02,Sonoma,097,501317,78940,76681,2251,78932,431
2022-02-02,Stanislaus,099,539301,112659,111167,16404,127571,1403
2022-02-02,Sutter,101,95872,19613,19290,1773,21063,203
2022-02-02,Tehama,103,63373,11463,11193,2462,13655,146
2022-02-02,Trinity,105,12862,1124,1074,262,1336,20
2022-02-02,Tulare,107,460477,101381,96820,25524,122344,1249
2022-02-02,Tuolumne,109,53932,12005,11342,476,11818,91
2022-02-02,Ventura,111,848112,167103,164905,9061,173966,1292
2022-02-02,Yolo,113,214977,35040,33332,2630,35962,281
2022-02-02,Yuba,115,75493,15023,14720,1043,15763,104
2022-02-01,Alameda,001,1643700,241202,233782,12613,246395,1620
2022-02-01,Alpine,002,1148,120,123,1,124,0
2022-02-01,Amador,005,37829,7995,7783,552,8335,73
2022-02-01,Butte,007,227075,31342,30496,6510,37006,355
2022-02-01,Calaveras,009,45235,6883,6749,296,7045,98
2022-02-01,Colusa,011,21464,3297,3202,997,4199,21
2022-02-01,Contra Costa,013,1133247,181966,174379,11920,186299,1115
2022-02-01,Del Norte,015,27424,5013,4907,136,5043,44
2022-02-01,El Dorado,017,186661,25625,24664,3004,27668,184
2022-02-01,Fresno,019,978130,220916,211352,22381,233733,2464
2022-02-01,Glenn,021,27897,4772,4649,1502,6151,39
2022-02-01,Humboldt,023,135768,15616,15354,2497,17851,127
2022-02-01,Imperial,025,180216,52932,51675,9680,61355,846
2022-02-01,Inyo,027,18085,3970,3928,417,4345,51
2022-02-01,Kern,029,883053,183867,178987,42928,221915,1967
2022-02-01,Kings,031,150075,48501,46959,3273,50232,400
2022-02-01,Lake,033,64148,9723,9211,760,9971,119
2022-02-01,Lassen,035,31185,8424,8231,818,9049,55
2022-02-01,Los Angeles,037,10098052,2621452,2548794,117654,2666448,28752
2022-02-01,Madera,039,155013,35036,34124,5310,39434,329
2022-02-01,Marin,041,260295,31605,31099,2024,33123,255
2022-02-01,Mariposa,043,17540,2245,2210,152,2362,6
2022-02-01,Mendocino,045,87422,12233,11978,2507,14485,105
2022-02-01,Merced,047,269075,60104,58362,7590,65952,743
2022-02-01,Modoc,049,8938,673,664,228,892,6
2022-02-01,Mono,051,14174,2907,2888,115,3003,5
2022-02-01,Monterey,053,433212,74511,66553,11486,78039,665
2022-02-01,Napa,055,140530,23906,22795,826,23621,116
2022-02-01,Nevada,057,99092,15177,14863,1048,15911,112
2022-02-01,Orange,059,3164182,529727,523741,39494,563235,6108
2022-02-01,Placer,061,380077,60008,58486,6937,65423,532
2022-02-01,Plumas,063,18699,2800,2526,291,2817,12
2022-02-01,Riverside,065,2383286,573105,560010,26416,586426,5825
2022-02-01,Sacramento,067,1510023,267152,257504,24303,281807,2593
2022-02-01,San Benito,069,59416,12280,12053,476,12529,90
2022-02-01,San Bernardino,071,2135413,559261,536591,24023,560614,6311
2022-02-01,San Diego,073,3302833,716882,701009,49057,750066,4710
2022-02-01,San Francisco,075,870044,116516,111606,7681,119287,713
2022-02-01,San Joaquin,077,732212,159211,156300,9398,165698,1987
2022-02-01,San Luis Obispo,079,281455,49256,47842,3331,51173,403
2022-02-01,San Mateo,081,765935,115248,103868,6299,110167,589
2022-02-01,Santa Barbara,083,443738,81196,79659,4351,84010,608
2022-02-01,Santa Clara,085,1922200,294744,286109,11154,297263,2070
2022-02-01,Santa Cruz,087,273765,43325,41782,1952,43734,239
2022-02-01,Shasta,089,179085,28819,28382,5593,33975,465
2022-02-01,Sierra,091,2930,266,262,43,305,0
2022-02-01,Siskiyou,093,43540,4181,4072,2436,6508,66
2022-02-01,Solano,095,438530,76698,72494,5138,77632,415
2022-02-01,Sonoma,097,501317,78579,76379,2228,78607,431
2022-02-01,Stanislaus,099,539301,112247,110925,16298,127223,1403
2022-02-01,Sutter,101,95872,19545,19256,1740,20996,202
2022-02-01,Tehama,103,63373,11406,11165,2449,13614,146
2022-02-01,Trinity,105,12862,1120,1073,262,1335,19
2022-02-01,Tulare,107,460477,100888,96467,25328,121795,1247
2022-02-01,Tuolumne,109,53932,11955,11318,467,11785,91
2022-02-01,Ventura,111,848112,166598,164721,9036,173757,1293
2022-02-01,Yolo,113,214977,34888,33257,2604,35861,275
2022-02-01,Yuba,115,75493,14962,14693,1036,15729,103
2022-01-31,Alameda,001,1643700,239846,232743,12503,245246,1607
2022-01-31,Alpine,002,1148,119,123,1,124,0
2022-01-31,Amador,005,37829,7943,7682,535,8217,73
2022-01-31,Butte,007,227075,31165,30371,6462,36833,354
2022-01-31,Calaveras,009,45235,6847,6700,285,6985,96
2022-01-31,Colusa,011,21464,3287,3187,988,4175,21
2022-01-31,Contra Costa,013,1133247,181125,173466,11793,185259,1115
2022-01-31,Del Norte,015,27424,4979,4879,133,5012,43
2022-01-31,El Dorado,017,186661,25519,24545,2974,27519,184
2022-01-31,Fresno,019,978130,219415,210589,22181,232770,2464
2022-01-31,Glenn,021,27897,4736,4641,1490,6131,39
2022-01-31,Humboldt,023,135768,15526,15308,2464,17772,126
2022-01-31,Imperial,025,180216,52716,51472,9571,61043,846
2022-01-31,Inyo,027,18085,3959,3922,411,4333,50
2022-01-31,Kern,029,883053,183087,178375,42612,220987,1967
2022-01-31,Kings,031,150075,48143,46845,3239,50084,398
2022-01-31,Lake,033,64148,9650,9141,748,9889,119
2022-01-31,Lassen,035,31185,8393,8162,812,8974,55
2022-01-31,Los Angeles,037,10098052,2613220,2541189,117248,2658437,28718
2022-01-31,Madera,039,155013,34821,33886,5214,39100,329
2022-01-31,Marin,041,260295,31480,31023,2007,33030,253
2022-01-31,Mariposa,043,17540,2235,2203,143,2346,6
2022-01-31,Mendocino,045,87422,12167,11896,2466,14362,104
2022-01-31,Merced,047,269075,59817,58198,7401,65599,740
2022-01-31,Modoc,049,8938,670,661,228,889,6
2022-01-31,Mono,051,14174,2893,2889,115,3004,5
2022-01-31,Monterey,053,433212,74058,66117,11273,77390,661
2022-01-31,Napa,055,140530,23738,22707,809,23516,113
2022-01-31,Nevada,057,99092,15100,14813,1035,15848,112
2022-01-31,Orange,059,3164182,528401,522358,39353,561711,6098
2022-01-31,Placer,061,380077,59761,58252,6906,65158,523
2022-01-31,Plumas,063,18699,2787,2513,289,2802,12
2022-01-31,Riverside,065,2383286,571286,558166,26352,584518,5785
2022-01-31,Sacramento,067,1510023,265859,256594,24051,280645,2571
2022-01-31,San Benito,069,59416,12221,11976,475,12451,90
2022-01-31,San Bernardino,071,2135413,557611,535276,23941,559217,6302
2022-01-31,San Diego,073,3302833,713978,698571,48790,747361,4686
2022-01-31,San Francisco,075,870044,116113,111119,7647,118766,712
2022-01-31,San Joaquin,077,732212,158449,155736,9367,165103,1985
2022-01-31,San Luis Obispo,079,281455,49002,47656,3274,50930,395
2022-01-31,San Mateo,081,765935,114739,103313,6241,109554,589
2022-01-31,Santa Barbara,083,443738,80690,79267,4309,83576,606
2022-01-31,Santa Clara,085,1922200,293054,284562,11050,295612,2041
2022-01-31,Santa Cruz,087,273765,42946,41630,1945,43575,239
2022-01-31,Shasta,089,179085,28689,28190,5552,33742,462
2022-01-31,Sierra,091,2930,266,261,43,304,0
2022-01-31,Siskiyou,093,43540,4165,4054,2420,6474,66
2022-01-31,Solano,095,438530,75992,72258,5091,77349,414
2022-01-31,Sonoma,097,501317,78125,76199,2198,78397,431
2022-01-31,Stanislaus,099,539301,111721,110493,16116,126609,1403
2022-01-31,Sutter,101,95872,19465,19189,1690,20879,202
2022-01-31,Tehama,103,63373,11343,11112,2421,13533,145
2022-01-31,Trinity,105,12862,1115,1071,259,1330,19
2022-01-31,Tulare,107,460477,100256,96053,25096,121149,1245
2022-01-31,Tuolumne,109,53932,11865,11278,460,11738,91
2022-01-31,Ventura,111,848112,166062,164060,9011,173071,1286
2022-01-31,Yolo,113,214977,34727,33175,2577,35752,274
2022-01-31,Yuba,115,75493,14899,14652,1016,15668,103
2022-01-30,Alameda,001,1643700,238292,231838,12352,244190,1607
2022-01-30,Alpine,002,1148,119,123,1,124,0
2022-01-30,Amador,005,37829,7890,7644,512,8156,73
2022-01-30,Butte,007,227075,30959,30255,6383,36638,354
2022-01-30,Calaveras,009,45235,6791,6676,274,6950,96
2022-01-30,Colusa,011,21464,3267,3168,980,4148,21
2022-01-30,Contra Costa,013,1133247,180132,172902,11589,184491,1102
2022-01-30,Del Norte,015,27424,4938,4833,130,4963,43
2022-01-30,El Dorado,017,186661,25396,24491,2950,27441,184
2022-01-30,Fresno,019,978130,217838,209645,21919,231564,2463
2022-01-30,Glenn,021,27897,4703,4619,1481,6100,39
2022-01-30,Humboldt,023,135768,15414,15247,2409,17656,126
2022-01-30,Imperial,025,180216,52392,51415,9402,60817,846
2022-01-30,Inyo,027,18085,3942,3921,408,4329,50
2022-01-30,Kern,029,883053,182222,177924,42290,220214,1967
2022-01-30,Kings,031,150075,47790,46654,3182,49836,398
2022-01-30,Lake,033,64148,9561,9080,727,9807,119
2022-01-30,Lassen,035,31185,8369,8158,804,8962,55
2022-01-30,Los Angeles,037,10098052,2603137,2530739,116777,2647516,28678
2022-01-30,Madera,039,155013,34522,33752,5030,38782,329
2022-01-30,Marin,041,260295,31332,30875,1993,32868,253
2022-01-30,Mariposa,043,17540,2223,2177,138,2315,6
2022-01-30,Mendocino,045,87422,12094,11860,2360,14220,104
2022-01-30,Merced,047,269075,59445,58006,7107,65113,740
2022-01-30,Modoc,049,8938,667,661,228,889,6
2022-01-30,Mono,051,14174,2887,2888,115,3003,5
2022-01-30,Monterey,053,433212,73470,65996,10994,76990,661
2022-01-30,Napa,055,140530,23570,22588,793,23381,114
2022-01-30,Nevada,057,99092,15011,14741,1019,15760,112
2022-01-30,Orange,059,3164182,526763,521334,39201,560535,6098
2022-01-30,Placer,061,380077,59434,58030,6866,64896,523
2022-01-30,Plumas,063,18699,2762,2510,275,2785,12
2022-01-30,Riverside,065,2383286,569217,557088,26251,583339,5767
2022-01-30,Sacramento,067,1510023,264399,255715,23557,279272,2572
2022-01-30,San Benito,069,59416,12155,11945,470,12415,90
2022-01-30,San Bernardino,071,2135413,555839,534050,23830,557880,6302
2022-01-30,San Diego,073,3302833,710449,687145,48356,735501,4665
2022-01-30,San Francisco,075,870044,115565,110772,7613,118385,712
2022-01-30,San Joaquin,077,732212,157460,155165,9329,164494,1985
2022-01-30,San Luis Obispo,079,281455,48604,47599,3238,50837,394
2022-01-30,San Mateo,081,765935,114164,102979,6196,109175,589
2022-01-30,Santa Barbara,083,443738,80013,79072,4248,83320,606
2022-01-30,Santa Clara,085,1922200,291079,282846,10919,293765,2035
2022-01-30,Santa Cruz,087,273765,42487,41330,1937,43267,239
2022-01-30,Shasta,089,179085,28528,28105,5468,33573,462
2022-01-30,Sierra,091,2930,266,261,43,304,0
2022-01-30,Siskiyou,093,43540,4135,4039,2373,6412,66
2022-01-30,Solano,095,438530,75466,71857,5040,76897,414
2022-01-30,Sonoma,097,501317,77606,75890,2169,78059,431
2022-01-30,Stanislaus,099,539301,111065,110111,15913,126024,1403
2022-01-30,Sutter,101,95872,19373,19108,1593,20701,202
2022-01-30,Tehama,103,63373,11271,11071,2391,13462,145
2022-01-30,Trinity,105,12862,1109,1068,259,1327,19
2022-01-30,Tulare,107,460477,99512,95676,24836,120512,1245
2022-01-30,Tuolumne,109,53932,11755,11242,423,11665,91
2022-01-30,Ventura,111,848112,165485,163521,8981,172502,1286
2022-01-30,Yolo,113,214977,34509,33043,2544,35587,274
2022-01-30,Yuba,115,75493,14809,14584,996,15580,103
2022-01-29,Alameda,001,1643700,237622,225602,12334,237936,1605
2022-01-29,Alpine,002,1148,119,123,1,124,0
2022-01-29,Amador,005,37829,7868,7505,509,8014,73
2022-01-29,Butte,007,227075,30869,29557,6352,35909,353
2022-01-29,Calaveras,009,45235,6772,6484,274,6758,96
2022-01-29,Colusa,011,21464,3262,3107,976,4083,21
2022-01-29,Contra Costa,013,1133247,179584,168003,11556,179559,1101
2022-01-29,Del Norte,015,27424,4920,4589,128,4717,43
2022-01-29,El Dorado,017,186661,25353,24008,2943,26951,184
2022-01-29,Fresno,019,978130,217378,202691,21881,224572,2457
2022-01-29,Glenn,021,27897,4695,4516,1474,5990,39
2022-01-29,Humboldt,023,135768,15367,14812,2402,17214,126
2022-01-29,Imperial,025,180216,52274,50153,9347,59500,845
2022-01-29,Inyo,027,18085,3940,3895,400,4295,50
2022-01-29,Kern,029,883053,181882,174456,42128,216584,1962
2022-01-29,Kings,031,150075,47671,45047,3175,48222,397
2022-01-29,Lake,033,64148,9528,8747,723,9470,119
2022-01-29,Lassen,035,31185,8348,7961,801,8762,55
2022-01-29,Los Angeles,037,10098052,2599230,2473332,116512,2589844,28467
2022-01-29,Madera,039,155013,34412,32753,5002,37755,329
2022-01-29,Marin,041,260295,31267,30137,1991,32128,253
2022-01-29,Mariposa,043,17540,2221,2117,136,2253,6
2022-01-29,Mendocino,045,87422,12070,11591,2344,13935,104
2022-01-29,Merced,047,269075,59337,56472,7102,63574,735
2022-01-29,Modoc,049,8938,667,654,228,882,6
2022-01-29,Mono,051,14174,2885,2860,115,2975,5
2022-01-29,Monterey,053,433212,73315,64090,10932,75022,658
2022-01-29,Napa,055,140530,23514,22121,791,22912,113
2022-01-29,Nevada,057,99092,14977,14337,1016,15353,112
2022-01-29,Orange,059,3164182,526057,511255,39094,550349,6038
2022-01-29,Placer,061,380077,59245,56562,6850,63412,523
2022-01-29,Plumas,063,18699,2752,2463,271,2734,12
2022-01-29,Riverside,065,2383286,568192,548121,26209,574330,5726
2022-01-29,Sacramento,067,1510023,263760,249130,23509,272639,2558
2022-01-29,San Benito,069,59416,12097,11670,469,12139,90
2022-01-29,San Bernardino,071,2135413,555090,525249,23786,549035,6297
2022-01-29,San Diego,073,3302833,709115,683027,48258,731285,4643
2022-01-29,San Francisco,075,870044,115291,108265,7565,115830,712
2022-01-29,San Joaquin,077,732212,157215,150849,9307,160156,1971
2022-01-29,San Luis Obispo,079,281455,48513,46374,3235,49609,391
2022-01-29,San Mateo,081,765935,113824,100306,6177,106483,586
2022-01-29,Santa Barbara,083,443738,79791,76546,4242,80788,604
2022-01-29,Santa Clara,085,1922200,290144,273879,10891,284770,2019
2022-01-29,Santa Cruz,087,273765,42356,39228,1935,41163,240
2022-01-29,Shasta,089,179085,28468,27504,5455,32959,452
2022-01-29,Sierra,091,2930,266,260,42,302,0
2022-01-29,Siskiyou,093,43540,4125,3987,2366,6353,66
2022-01-29,Solano,095,438530,75321,69862,5027,74889,407
2022-01-29,Sonoma,097,501317,77391,73439,2164,75603,427
2022-01-29,Stanislaus,099,539301,110816,107668,15862,123530,1403
2022-01-29,Sutter,101,95872,19325,18797,1577,20374,202
2022-01-29,Tehama,103,63373,11236,10880,2382,13262,145
2022-01-29,Trinity,105,12862,1106,1033,258,1291,19
2022-01-29,Tulare,107,460477,99254,93154,24764,117918,1237
2022-01-29,Tuolumne,109,53932,11729,10806,415,11221,91
2022-01-29,Ventura,111,848112,165156,160466,8962,169428,1271
2022-01-29,Yolo,113,214977,34395,32123,2528,34651,275
2022-01-29,Yuba,115,75493,14769,14295,994,15289,103
2022-01-28,Alameda,001,1643700,236676,225602,12315,237917,1605
2022-01-28,Alpine,002,1148,119,123,1,124,0
2022-01-28,Amador,005,37829,7842,7505,508,8013,73
2022-01-28,Butte,007,227075,30792,29557,6330,35887,353
2022-01-28,Calaveras,009,45235,6754,6484,273,6757,96
2022-01-28,Colusa,011,21464,3257,3107,975,4082,21
2022-01-28,Contra Costa,013,1133247,179034,168003,11518,179521,1101
2022-01-28,Del Norte,015,27424,4896,4589,127,4716,43
2022-01-28,El Dorado,017,186661,25309,24008,2936,26944,184
2022-01-28,Fresno,019,978130,216494,202691,21823,224514,2457
2022-01-28,Glenn,021,27897,4682,4516,1472,5988,39
2022-01-28,Humboldt,023,135768,15331,14812,2392,17204,126
2022-01-28,Imperial,025,180216,52146,50153,9317,59470,845
2022-01-28,Inyo,027,18085,3936,3895,397,4292,50
2022-01-28,Kern,029,883053,181471,174456,41970,216426,1962
2022-01-28,Kings,031,150075,47541,45047,3165,48212,397
2022-01-28,Lake,033,64148,9496,8747,720,9467,119
2022-01-28,Lassen,035,31185,8278,7961,799,8760,55
2022-01-28,Los Angeles,037,10098052,2593502,2473332,116301,2589633,28467
2022-01-28,Madera,039,155013,34284,32753,4986,37739,329
2022-01-28,Marin,041,260295,31174,30137,1971,32108,253
2022-01-28,Mariposa,043,17540,2211,2117,134,2251,6
2022-01-28,Mendocino,045,87422,12026,11591,2342,13933,104
2022-01-28,Merced,047,269075,59236,56472,7087,63559,735
2022-01-28,Modoc,049,8938,666,654,228,882,6
2022-01-28,Mono,051,14174,2880,2860,114,2974,5
2022-01-28,Monterey,053,433212,73113,64090,10883,74973,658
2022-01-28,Napa,055,140530,23435,22121,789,22910,113
2022-01-28,Nevada,057,99092,14940,14337,1014,15351,112
2022-01-28,Orange,059,3164182,524984,511255,39004,550259,6038
2022-01-28,Placer,061,380077,59045,56562,6827,63389,523
2022-01-28,Plumas,063,18699,2744,2463,269,2732,12
2022-01-28,Riverside,065,2383286,566870,548121,26168,574289,5726
2022-01-28,Sacramento,067,1510023,263015,249130,23455,272585,2558
2022-01-28,San Benito,069,59416,12075,11670,464,12134,90
2022-01-28,San Bernardino,071,2135413,554048,525249,23749,548998,6297
2022-01-28,San Diego,073,3302833,707299,683027,48180,731207,4643
2022-01-28,San Francisco,075,870044,114934,108265,7516,115781,712
2022-01-28,San Joaquin,077,732212,156926,150849,9293,160142,1971
2022-01-28,San Luis Obispo,079,281455,48429,46374,3228,49602,391
2022-01-28,San Mateo,081,765935,113470,100306,6157,106463,586
2022-01-28,Santa Barbara,083,443738,79542,76546,4240,80786,604
2022-01-28,Santa Clara,085,1922200,288955,273879,10842,284721,2019
2022-01-28,Santa Cruz,087,273765,42163,39228,1924,41152,240
2022-01-28,Shasta,089,179085,28408,27504,5441,32945,452
2022-01-28,Sierra,091,2930,266,260,42,302,0
2022-01-28,Siskiyou,093,43540,4115,3987,2362,6349,66
2022-01-28,Solano,095,438530,74770,69862,4961,74823,407
2022-01-28,Sonoma,097,501317,77186,73439,2157,75596,427
2022-01-28,Stanislaus,099,539301,110543,107668,15815,123483,1403
2022-01-28,Sutter,101,95872,19280,18797,1575,20372,202
2022-01-28,Tehama,103,63373,11204,10880,2375,13255,145
2022-01-28,Trinity,105,12862,1097,1033,258,1291,19
2022-01-28,Tulare,107,460477,98981,93154,24659,117813,1237
2022-01-28,Tuolumne,109,53932,11696,10806,411,11217,91
2022-01-28,Ventura,111,848112,164701,160466,8943,169409,1271
2022-01-28,Yolo,113,214977,34290,32123,2522,34645,275
2022-01-28,Yuba,115,75493,14730,14295,990,15285,103
2022-01-27,Alameda,001,1643700,235090,225602,12177,237779,1605
2022-01-27,Alpine,002,1148,119,123,1,124,0
2022-01-27,Amador,005,37829,7795,7505,497,8002,73
2022-01-27,Butte,007,227075,30639,29557,6276,35833,353
2022-01-27,Calaveras,009,45235,6728,6484,257,6741,96
2022-01-27,Colusa,011,21464,3241,3107,970,4077,21
2022-01-27,Contra Costa,013,1133247,177971,168003,11344,179347,1101
2022-01-27,Del Norte,015,27424,4852,4589,123,4712,43
2022-01-27,El Dorado,017,186661,25200,24008,2917,26925,184
2022-01-27,Fresno,019,978130,214836,202691,21602,224293,2457
2022-01-27,Glenn,021,27897,4650,4516,1464,5980,39
2022-01-27,Humboldt,023,135768,15244,14812,2355,17167,126
2022-01-27,Imperial,025,180216,51873,50153,9206,59359,845
2022-01-27,Inyo,027,18085,3929,3895,388,4283,50
2022-01-27,Kern,029,883053,180692,174456,41609,216065,1962
2022-01-27,Kings,031,150075,47200,45047,3127,48174,397
2022-01-27,Lake,033,64148,9442,8747,703,9450,119
2022-01-27,Lassen,035,31185,8237,7961,793,8754,55
2022-01-27,Los Angeles,037,10098052,2582342,2473332,115788,2589120,28467
2022-01-27,Madera,039,155013,34075,32753,4884,37637,329
2022-01-27,Marin,041,260295,31010,30137,1956,32093,253
2022-01-27,Mariposa,043,17540,2188,2117,131,2248,6
2022-01-27,Mendocino,045,87422,11975,11591,2293,13884,104
2022-01-27,Merced,047,269075,58965,56472,6924,63396,735
2022-01-27,Modoc,049,8938,664,654,227,881,6
2022-01-27,Mono,051,14174,2875,2860,114,2974,5
2022-01-27,Monterey,053,433212,72491,64090,10638,74728,658
2022-01-27,Napa,055,140530,23279,22121,762,22883,113
2022-01-27,Nevada,057,99092,14868,14337,987,15324,112
2022-01-27,Orange,059,3164182,523255,511255,38863,550118,6038
2022-01-27,Placer,061,380077,58729,56562,6775,63337,523
2022-01-27,Plumas,063,18699,2733,2463,257,2720,12
2022-01-27,Riverside,065,2383286,564695,548121,26099,574220,5726
2022-01-27,Sacramento,067,1510023,261732,249130,23125,272255,2558
2022-01-27,San Benito,069,59416,12020,11670,459,12129,90
2022-01-27,San Bernardino,071,2135413,552154,525249,23648,548897,6297
2022-01-27,San Diego,073,3302833,703967,683027,47824,730851,4643
2022-01-27,San Francisco,075,870044,114426,108265,7458,115723,712
2022-01-27,San Joaquin,077,732212,156066,150849,9228,160077,1971
2022-01-27,San Luis Obispo,079,281455,48158,46374,3193,49567,391
2022-01-27,San Mateo,081,765935,112883,100306,6088,106394,586
2022-01-27,Santa Barbara,083,443738,79063,76546,4185,80731,604
2022-01-27,Santa Clara,085,1922200,286883,273879,10696,284575,2019
2022-01-27,Santa Cruz,087,273765,41498,39228,1906,41134,240
2022-01-27,Shasta,089,179085,28283,27504,5392,32896,452
2022-01-27,Sierra,091,2930,265,260,41,301,0
2022-01-27,Siskiyou,093,43540,4094,3987,2325,6312,66
2022-01-27,Solano,095,438530,74131,69862,4903,74765,407
2022-01-27,Sonoma,097,501317,76721,73439,2143,75582,427
2022-01-27,Stanislaus,099,539301,110018,107668,15658,123326,1403
2022-01-27,Sutter,101,95872,19174,18797,1551,20348,202
2022-01-27,Tehama,103,63373,11152,10880,2359,13239,145
2022-01-27,Trinity,105,12862,1093,1033,257,1290,19
2022-01-27,Tulare,107,460477,98313,93154,24399,117553,1237
2022-01-27,Tuolumne,109,53932,11641,10806,403,11209,91
2022-01-27,Ventura,111,848112,164050,160466,8907,169373,1271
2022-01-27,Yolo,113,214977,34144,32123,2507,34630,275
2022-01-27,Yuba,115,75493,14652,14295,974,15269,103
2022-01-26,Alameda,001,1643700,233201,222680,12006,234686,1596
2022-01-26,Alpine,002,1148,119,123,1,124,0
2022-01-26,Amador,005,37829,7721,7427,482,7909,73
2022-01-26,Butte,007,227075,30448,29229,6213,35442,353
2022-01-26,Calaveras,009,45235,6690,6387,251,6638,96
2022-01-26,Colusa,011,21464,3222,3094,965,4059,21
2022-01-26,Contra Costa,013,1133247,176772,165972,11174,177146,1095
2022-01-26,Del Norte,015,27424,4794,4542,122,4664,43
2022-01-26,El Dorado,017,186661,25079,23819,2894,26713,181
2022-01-26,Fresno,019,978130,212967,199689,21380,221069,2452
2022-01-26,Glenn,021,27897,4616,4472,1459,5931,39
2022-01-26,Humboldt,023,135768,15146,14715,2312,17027,126
2022-01-26,Imperial,025,180216,51515,49477,9066,58543,839
2022-01-26,Inyo,027,18085,3926,3889,358,4247,50
2022-01-26,Kern,029,883053,179752,173052,41268,214320,1953
2022-01-26,Kings,031,150075,46795,44367,3098,47465,396
2022-01-26,Lake,033,64148,9360,8645,693,9338,119
2022-01-26,Lassen,035,31185,8197,7888,793,8681,55
2022-01-26,Los Angeles,037,10098052,2570130,2450620,115343,2565963,28382
2022-01-26,Madera,039,155013,33836,32323,4747,37070,329
2022-01-26,Marin,041,260295,30828,29813,1939,31752,253
2022-01-26,Mariposa,043,17540,2171,2108,124,2232,6
2022-01-26,Mendocino,045,87422,11927,11453,2242,13695,103
2022-01-26,Merced,047,269075,58588,56060,6747,62807,733
2022-01-26,Modoc,049,8938,663,652,226,878,6
2022-01-26,Mono,051,14174,2872,2852,114,2966,4
2022-01-26,Monterey,053,433212,71934,63264,10350,73614,659
2022-01-26,Napa,055,140530,23123,21864,752,22616,112
2022-01-26,Nevada,057,99092,14773,14128,975,15103,112
2022-01-26,Orange,059,3164182,521266,506419,38696,545115,6007
2022-01-26,Placer,061,380077,58389,55892,6713,62605,524
2022-01-26,Plumas,063,18699,2706,2425,255,2680,12
2022-01-26,Riverside,065,2383286,562165,543788,25982,569770,5701
2022-01-26,Sacramento,067,1510023,260038,246416,22794,269210,2559
2022-01-26,San Benito,069,59416,11949,11563,447,12010,90
2022-01-26,San Bernardino,071,2135413,549881,521699,23541,545240,6291
2022-01-26,San Diego,073,3302833,699759,676392,47469,723861,4622
2022-01-26,San Francisco,075,870044,113785,107174,7428,114602,704
2022-01-26,San Joaquin,077,732212,155070,148770,9174,157944,1971
2022-01-26,San Luis Obispo,079,281455,47853,45716,3167,48883,391
2022-01-26,San Mateo,081,765935,112215,99016,5964,104980,586
2022-01-26,Santa Barbara,083,443738,78535,75548,4125,79673,600
2022-01-26,Santa Clara,085,1922200,284766,270470,10525,280995,2015
2022-01-26,Santa Cruz,087,273765,40979,38298,1892,40190,239
2022-01-26,Shasta,089,179085,28136,27255,5347,32602,452
2022-01-26,Sierra,091,2930,264,260,40,300,0
2022-01-26,Siskiyou,093,43540,4078,3971,2300,6271,66
2022-01-26,Solano,095,438530,73434,69150,4836,73986,401
2022-01-26,Sonoma,097,501317,76161,72509,2108,74617,423
2022-01-26,Stanislaus,099,539301,109463,106582,15441,122023,1396
2022-01-26,Sutter,101,95872,19065,18670,1507,20177,202
2022-01-26,Tehama,103,63373,11098,10749,2345,13094,145
2022-01-26,Trinity,105,12862,1088,1008,257,1265,19
2022-01-26,Tulare,107,460477,97507,91904,24160,116064,1234
2022-01-26,Tuolumne,109,53932,11457,10699,392,11091,91
2022-01-26,Ventura,111,848112,163340,159077,8865,167942,1263
2022-01-26,Yolo,113,214977,33926,31913,2469,34382,275
2022-01-26,Yuba,115,75493,14567,14171,952,15123,103
2022-01-25,Alameda,001,1643700,231317,219753,11829,231582,1589
2022-01-25,Alpine,002,1148,119,122,1,123,0
2022-01-25,Amador,005,37829,7644,7352,471,7823,73
2022-01-25,Butte,007,227075,30234,28887,6141,35028,351
2022-01-25,Calaveras,009,45235,6632,6266,238,6504,95
2022-01-25,Colusa,011,21464,3201,3074,963,4037,21
2022-01-25,Contra Costa,013,1133247,175373,163792,10946,174738,1092
2022-01-25,Del Norte,015,27424,4724,4514,117,4631,43
2022-01-25,El Dorado,017,186661,24942,23339,2870,26209,179
2022-01-25,Fresno,019,978130,210787,198262,21079,219341,2434
2022-01-25,Glenn,021,27897,4586,4418,1443,5861,39
2022-01-25,Humboldt,023,135768,15054,14574,2286,16860,126
2022-01-25,Imperial,025,180216,51059,48913,8845,57758,832
2022-01-25,Inyo,027,18085,3910,3857,316,4173,50
2022-01-25,Kern,029,883053,178747,171695,40821,212516,1947
2022-01-25,Kings,031,150075,46327,43853,3053,46906,396
2022-01-25,Lake,033,64148,9281,8543,681,9224,118
2022-01-25,Lassen,035,31185,8166,7834,784,8618,55
2022-01-25,Los Angeles,037,10098052,2555175,2433516,114704,2548220,28293
2022-01-25,Madera,039,155013,33515,31794,4614,36408,329
2022-01-25,Marin,041,260295,30650,29589,1926,31515,253
2022-01-25,Mariposa,043,17540,2159,2069,118,2187,6
2022-01-25,Mendocino,045,87422,11807,11280,2139,13419,103
2022-01-25,Merced,047,269075,58195,55555,6607,62162,733
2022-01-25,Modoc,049,8938,661,652,226,878,6
2022-01-25,Mono,051,14174,2862,2826,113,2939,4
2022-01-25,Monterey,053,433212,71360,62498,9950,72448,654
2022-01-25,Napa,055,140530,22928,21668,718,22386,111
2022-01-25,Nevada,057,99092,14659,13944,953,14897,112
2022-01-25,Orange,059,3164182,518985,504274,38497,542771,5980
2022-01-25,Placer,061,380077,57988,55465,6640,62105,518
2022-01-25,Plumas,063,18699,2682,2397,251,2648,12
2022-01-25,Riverside,065,2383286,559074,540723,25818,566541,5686
2022-01-25,Sacramento,067,1510023,258084,244468,22262,266730,2545
2022-01-25,San Benito,069,59416,11849,11446,443,11889,88
2022-01-25,San Bernardino,071,2135413,547254,519150,23427,542577,6288
2022-01-25,San Diego,073,3302833,694784,670110,47021,717131,4604
2022-01-25,San Francisco,075,870044,113023,106254,7386,113640,703
2022-01-25,San Joaquin,077,732212,154067,147271,9109,156380,1972
2022-01-25,San Luis Obispo,079,281455,47492,45130,3119,48249,391
2022-01-25,San Mateo,081,765935,111378,98010,5853,103863,586
2022-01-25,Santa Barbara,083,443738,77867,74686,4046,78732,594
2022-01-25,Santa Clara,085,1922200,282115,268031,10323,278354,2006
2022-01-25,Santa Cruz,087,273765,40308,37850,1877,39727,237
2022-01-25,Shasta,089,179085,27973,27090,5281,32371,452
2022-01-25,Sierra,091,2930,264,260,36,296,0
2022-01-25,Siskiyou,093,43540,4054,3958,2265,6223,65
2022-01-25,Solano,095,438530,72862,68657,4777,73434,399
2022-01-25,Sonoma,097,501317,75471,71633,2068,73701,423
2022-01-25,Stanislaus,099,539301,108792,105965,15215,121180,1396
2022-01-25,Sutter,101,95872,18962,18508,1467,19975,200
2022-01-25,Tehama,103,63373,11036,10669,2321,12990,145
2022-01-25,Trinity,105,12862,1081,999,255,1254,19
2022-01-25,Tulare,107,460477,96646,91237,23841,115078,1229
2022-01-25,Tuolumne,109,53932,11276,10516,368,10884,91
2022-01-25,Ventura,111,848112,162486,157971,8816,166787,1263
2022-01-25,Yolo,113,214977,33667,31677,2425,34102,274
2022-01-25,Yuba,115,75493,14482,14038,925,14963,103
2022-01-24,Alameda,001,1643700,228848,216252,11559,227811,1581
2022-01-24,Alpine,002,1148,119,120,1,121,0
2022-01-24,Amador,005,37829,7593,7166,434,7600,73
2022-01-24,Butte,007,227075,30002,28607,6075,34682,350
2022-01-24,Calaveras,009,45235,6584,6172,224,6396,95
2022-01-24,Colusa,011,21464,3181,3052,946,3998,21
2022-01-24,Contra Costa,013,1133247,173815,162161,10724,172885,1092
2022-01-24,Del Norte,015,27424,4664,4460,117,4577,43
2022-01-24,El Dorado,017,186661,24778,23128,2843,25971,179
2022-01-24,Fresno,019,978130,208439,196092,20752,216844,2430
2022-01-24,Glenn,021,27897,4546,4367,1434,5801,39
2022-01-24,Humboldt,023,135768,14943,14416,2241,16657,126
2022-01-24,Imperial,025,180216,50519,48228,8565,56793,824
2022-01-24,Inyo,027,18085,3904,3805,292,4097,50
2022-01-24,Kern,029,883053,177437,169892,40350,210242,1946
2022-01-24,Kings,031,150075,45752,43260,2982,46242,396
2022-01-24,Lake,033,64148,9172,8423,666,9089,118
2022-01-24,Lassen,035,31185,8082,7732,765,8497,55
2022-01-24,Los Angeles,037,10098052,2538648,2391045,113926,2504971,28230
2022-01-24,Madera,039,155013,33077,31339,4430,35769,329
2022-01-24,Marin,041,260295,30417,29301,1890,31191,253
2022-01-24,Mariposa,043,17540,2134,2033,114,2147,6
2022-01-24,Mendocino,045,87422,11703,11002,2060,13062,103
2022-01-24,Merced,047,269075,57691,54970,6322,61292,730
2022-01-24,Modoc,049,8938,658,648,225,873,6
2022-01-24,Mono,051,14174,2852,2802,112,2914,4
2022-01-24,Monterey,053,433212,70500,61975,9595,71570,654
2022-01-24,Napa,055,140530,22749,21494,706,22200,111
2022-01-24,Nevada,057,99092,14532,13774,930,14704,112
2022-01-24,Orange,059,3164182,516405,501634,38228,539862,5969
2022-01-24,Placer,061,380077,57505,54933,6591,61524,518
2022-01-24,Plumas,063,18699,2650,2370,237,2607,12
2022-01-24,Riverside,065,2383286,555341,535962,25609,561571,5661
2022-01-24,Sacramento,067,1510023,255716,241522,21702,263224,2526
2022-01-24,San Benito,069,59416,11747,11331,430,11761,88
2022-01-24,San Bernardino,071,2135413,544358,515604,23264,538868,6285
2022-01-24,San Diego,073,3302833,689145,663580,46474,710054,4586
2022-01-24,San Francisco,075,870044,112067,105418,7295,112713,703
2022-01-24,San Joaquin,077,732212,152748,145984,9033,155017,1959
2022-01-24,San Luis Obispo,079,281455,47021,44616,3065,47681,387
2022-01-24,San Mateo,081,765935,110411,96968,5740,102708,586
2022-01-24,Santa Barbara,083,443738,77056,73866,3953,77819,591
2022-01-24,Santa Clara,085,1922200,279217,265341,10113,275454,2006
2022-01-24,Santa Cruz,087,273765,39505,37188,1859,39047,237
2022-01-24,Shasta,089,179085,27789,26871,5193,32064,452
2022-01-24,Sierra,091,2930,264,258,36,294,0
2022-01-24,Siskiyou,093,43540,4046,3934,2226,6160,64
2022-01-24,Solano,095,438530,72180,68094,4700,72794,400
2022-01-24,Sonoma,097,501317,74556,70733,2031,72764,423
2022-01-24,Stanislaus,099,539301,108034,104933,14928,119861,1395
2022-01-24,Sutter,101,95872,18846,18336,1381,19717,200
2022-01-24,Tehama,103,63373,10966,10567,2301,12868,145
2022-01-24,Trinity,105,12862,1072,978,253,1231,19
2022-01-24,Tulare,107,460477,95569,90089,23484,113573,1219
2022-01-24,Tuolumne,109,53932,11155,10374,360,10734,91
2022-01-24,Ventura,111,848112,161463,156551,8771,165322,1261
2022-01-24,Yolo,113,214977,33374,31480,2396,33876,273
2022-01-24,Yuba,115,75493,14375,13862,886,14748,103
2022-01-23,Alameda,001,1643700,226154,214003,11219,225222,1583
2022-01-23,Alpine,002,1148,119,120,1,121,0
2022-01-23,Amador,005,37829,7537,7090,394,7484,73
2022-01-23,Butte,007,227075,29703,28340,5949,34289,350
2022-01-23,Calaveras,009,45235,6519,6095,203,6298,95
2022-01-23,Colusa,011,21464,3156,3040,937,3977,21
2022-01-23,Contra Costa,013,1133247,171873,160798,10352,171150,1092
2022-01-23,Del Norte,015,27424,4596,4419,111,4530,43
2022-01-23,El Dorado,017,186661,24592,22925,2796,25721,179
2022-01-23,Fresno,019,978130,205886,193642,20265,213907,2430
2022-01-23,Glenn,021,27897,4499,4340,1412,5752,39
2022-01-23,Humboldt,023,135768,14821,14296,2159,16455,126
2022-01-23,Imperial,025,180216,49919,47935,8283,56218,824
2022-01-23,Inyo,027,18085,3877,3781,278,4059,50
2022-01-23,Kern,029,883053,176074,168585,39822,208407,1946
2022-01-23,Kings,031,150075,45118,42622,2879,45501,397
2022-01-23,Lake,033,64148,9002,8363,640,9003,118
2022-01-23,Lassen,035,31185,8033,7710,741,8451,55
2022-01-23,Los Angeles,037,10098052,2518312,2390590,112784,2503374,28231
2022-01-23,Madera,039,155013,32717,30962,4194,35156,329
2022-01-23,Marin,041,260295,30164,29025,1852,30877,253
2022-01-23,Mariposa,043,17540,2119,2011,111,2122,6
2022-01-23,Mendocino,045,87422,11578,10889,1932,12821,103
2022-01-23,Merced,047,269075,57119,54644,5865,60509,730
2022-01-23,Modoc,049,8938,656,645,222,867,6
2022-01-23,Mono,051,14174,2844,2788,110,2898,4
2022-01-23,Monterey,053,433212,69661,61522,9163,70685,654
2022-01-23,Napa,055,140530,22487,21281,693,21974,111
2022-01-23,Nevada,057,99092,14370,13629,901,14530,112
2022-01-23,Orange,059,3164182,513298,498968,37931,536899,5970
2022-01-23,Placer,061,380077,56939,54568,6503,61071,518
2022-01-23,Plumas,063,18699,2617,2368,208,2576,12
2022-01-23,Riverside,065,2383286,550896,532273,25307,557580,5661
2022-01-23,Sacramento,067,1510023,253075,239589,20757,260346,2530
2022-01-23,San Benito,069,59416,11625,11225,419,11644,88
2022-01-23,San Bernardino,071,2135413,540795,512657,22986,535643,6281
2022-01-23,San Diego,073,3302833,682547,640215,45673,685888,4566
2022-01-23,San Francisco,075,870044,111002,104485,7188,111673,704
2022-01-23,San Joaquin,077,732212,151121,144621,8950,153571,1959
2022-01-23,San Luis Obispo,079,281455,46324,44183,2991,47174,386
2022-01-23,San Mateo,081,765935,109290,95940,5596,101536,586
2022-01-23,Santa Barbara,083,443738,75932,73041,3830,76871,590
2022-01-23,Santa Clara,085,1922200,275869,261991,9794,271785,2005
2022-01-23,Santa Cruz,087,273765,38973,36547,1828,38375,237
2022-01-23,Shasta,089,179085,27509,26732,5073,31805,452
2022-01-23,Sierra,091,2930,263,252,36,288,0
2022-01-23,Siskiyou,093,43540,4021,3916,2169,6085,64
2022-01-23,Solano,095,438530,71379,67457,4606,72063,400
2022-01-23,Sonoma,097,501317,73602,69791,1975,71766,423
2022-01-23,Stanislaus,099,539301,107172,104067,14637,118704,1395
2022-01-23,Sutter,101,95872,18687,18175,1268,19443,200
2022-01-23,Tehama,103,63373,10868,10481,2270,12751,145
2022-01-23,Trinity,105,12862,1069,961,251,1212,19
2022-01-23,Tulare,107,460477,94310,89120,23074,112194,1219
2022-01-23,Tuolumne,109,53932,10963,10243,343,10586,91
2022-01-23,Ventura,111,848112,160281,155052,8694,163746,1261
2022-01-23,Yolo,113,214977,32998,30908,2356,33264,273
2022-01-23,Yuba,115,75493,14251,13762,833,14595,103
2022-01-22,Alameda,001,1643700,225095,203927,11191,215118,1575
2022-01-22,Alpine,002,1148,118,119,1,120,0
2022-01-22,Amador,005,37829,7503,6845,389,7234,73
2022-01-22,Butte,007,227075,29580,27232,5917,33149,350
2022-01-22,Calaveras,009,45235,6489,5835,202,6037,95
2022-01-22,Colusa,011,21464,3139,2954,934,3888,21
2022-01-22,Contra Costa,013,1133247,170896,154111,10322,164433,1091
2022-01-22,Del Norte,015,27424,4557,4269,107,4376,43
2022-01-22,El Dorado,017,186661,24527,22273,2784,25057,179
2022-01-22,Fresno,019,978130,205046,185292,20195,205487,2429
2022-01-22,Glenn,021,27897,4492,4174,1409,5583,39
2022-01-22,Humboldt,023,135768,14753,13628,2146,15774,125
2022-01-22,Imperial,025,180216,49727,45741,8225,53966,820
2022-01-22,Inyo,027,18085,3873,3706,254,3960,50
2022-01-22,Kern,029,883053,175447,162902,39522,202424,1946
2022-01-22,Kings,031,150075,44910,40580,2866,43446,396
2022-01-22,Lake,033,64148,8968,8056,632,8688,118
2022-01-22,Lassen,035,31185,7999,7545,734,8279,55
2022-01-22,Los Angeles,037,10098052,2510888,2286280,112281,2398561,28038
2022-01-22,Madera,039,155013,32598,29595,4179,33774,329
2022-01-22,Marin,041,260295,30037,27893,1847,29740,253
2022-01-22,Mariposa,043,17540,2115,1920,111,2031,6
2022-01-22,Mendocino,045,87422,11528,10395,1910,12305,103
2022-01-22,Merced,047,269075,56959,53025,5856,58881,727
2022-01-22,Modoc,049,8938,655,639,222,861,6
2022-01-22,Mono,051,14174,2843,2723,106,2829,4
2022-01-22,Monterey,053,433212,69455,59038,9121,68159,651
2022-01-22,Napa,055,140530,22392,20402,683,21085,111
2022-01-22,Nevada,057,99092,14301,12957,893,13850,112
2022-01-22,Orange,059,3164182,511688,480329,37683,518012,5946
2022-01-22,Placer,061,380077,56668,52557,6466,59023,512
2022-01-22,Plumas,063,18699,2600,2289,204,2493,12
2022-01-22,Riverside,065,2383286,548976,513567,25235,538802,5623
2022-01-22,Sacramento,067,1510023,252033,230206,20649,250855,2510
2022-01-22,San Benito,069,59416,11567,10743,414,11157,88
2022-01-22,San Bernardino,071,2135413,539258,495209,22892,518101,6267
2022-01-22,San Diego,073,3302833,680066,628904,45454,674358,4559
2022-01-22,San Francisco,075,870044,110345,100238,7039,107277,702
2022-01-22,San Joaquin,077,732212,150678,138264,8908,147172,1960
2022-01-22,San Luis Obispo,079,281455,46205,42154,2985,45139,385
2022-01-22,San Mateo,081,765935,108704,91440,5534,96974,585
2022-01-22,Santa Barbara,083,443738,75510,69555,3824,73379,589
2022-01-22,Santa Clara,085,1922200,274182,249205,9728,258933,1993
2022-01-22,Santa Cruz,087,273765,38791,33741,1822,35563,237
2022-01-22,Shasta,089,179085,27413,25919,5051,30970,450
2022-01-22,Sierra,091,2930,263,248,35,283,0
2022-01-22,Siskiyou,093,43540,4003,3845,2148,5993,62
2022-01-22,Solano,095,438530,71156,63882,4568,68450,391
2022-01-22,Sonoma,097,501317,73181,66013,1965,67978,422
2022-01-22,Stanislaus,099,539301,106713,100092,14539,114631,1393
2022-01-22,Sutter,101,95872,18619,17616,1255,18871,199
2022-01-22,Tehama,103,63373,10833,10171,2259,12430,142
2022-01-22,Trinity,105,12862,1067,925,251,1176,19
2022-01-22,Tulare,107,460477,93932,85223,22952,108175,1211
2022-01-22,Tuolumne,109,53932,10895,9731,337,10068,91
2022-01-22,Ventura,111,848112,159590,148742,8654,157396,1250
2022-01-22,Yolo,113,214977,32820,30061,2339,32400,273
2022-01-22,Yuba,115,75493,14161,13288,829,14117,103
2022-01-21,Alameda,001,1643700,223523,203927,11157,215084,1575
2022-01-21,Alpine,002,1148,118,119,1,120,0
2022-01-21,Amador,005,37829,7446,6845,386,7231,73
2022-01-21,Butte,007,227075,29454,27232,5874,33106,350
2022-01-21,Calaveras,009,45235,6443,5835,202,6037,95
2022-01-21,Colusa,011,21464,3132,2954,928,3882,21
2022-01-21,Contra Costa,013,1133247,169789,154111,10242,164353,1091
2022-01-21,Del Norte,015,27424,4517,4269,107,4376,43
2022-01-21,El Dorado,017,186661,24442,22273,2768,25041,179
2022-01-21,Fresno,019,978130,203756,185292,20090,205382,2429
2022-01-21,Glenn,021,27897,4470,4174,1405,5579,39
2022-01-21,Humboldt,023,135768,14683,13628,2127,15755,125
2022-01-21,Imperial,025,180216,49538,45741,8149,53890,820
2022-01-21,Inyo,027,18085,3860,3706,249,3955,50
2022-01-21,Kern,029,883053,174732,162902,39153,202055,1946
2022-01-21,Kings,031,150075,44712,40580,2858,43438,396
2022-01-21,Lake,033,64148,8911,8056,620,8676,118
2022-01-21,Lassen,035,31185,7950,7545,730,8275,55
2022-01-21,Los Angeles,037,10098052,2499580,2286280,111823,2398103,28038
2022-01-21,Madera,039,155013,32306,29595,4151,33746,329
2022-01-21,Marin,041,260295,29862,27893,1828,29721,253
2022-01-21,Mariposa,043,17540,2103,1920,110,2030,6
2022-01-21,Mendocino,045,87422,11447,10395,1907,12302,103
2022-01-21,Merced,047,269075,56797,53025,5852,58877,727
2022-01-21,Modoc,049,8938,654,639,222,861,6
2022-01-21,Mono,051,14174,2829,2723,103,2826,4
2022-01-21,Monterey,053,433212,68984,59038,8995,68033,651
2022-01-21,Napa,055,140530,22272,20402,675,21077,111
2022-01-21,Nevada,057,99092,14203,12957,889,13846,112
2022-01-21,Orange,059,3164182,509448,480329,37436,517765,5946
2022-01-21,Placer,061,380077,56276,52557,6404,58961,512
2022-01-21,Plumas,063,18699,2587,2289,199,2488,12
2022-01-21,Riverside,065,2383286,546322,513567,25156,538723,5623
2022-01-21,Sacramento,067,1510023,250592,230206,20550,250756,2510
2022-01-21,San Benito,069,59416,11532,10743,411,11154,88
2022-01-21,San Bernardino,071,2135413,537183,495209,22816,518025,6267
2022-01-21,San Diego,073,3302833,675912,628904,45280,674184,4559
2022-01-21,San Francisco,075,870044,109585,100238,6951,107189,702
2022-01-21,San Joaquin,077,732212,150075,138264,8852,147116,1960
2022-01-21,San Luis Obispo,079,281455,46079,42154,2982,45136,385
2022-01-21,San Mateo,081,765935,108031,91440,5495,96935,585
2022-01-21,Santa Barbara,083,443738,75008,69555,3815,73370,589
2022-01-21,Santa Clara,085,1922200,272349,249205,9620,258825,1993
2022-01-21,Santa Cruz,087,273765,38072,33741,1809,35550,237
2022-01-21,Shasta,089,179085,27324,25919,5004,30923,450
2022-01-21,Sierra,091,2930,261,248,34,282,0
2022-01-21,Siskiyou,093,43540,3994,3845,2130,5975,62
2022-01-21,Solano,095,438530,70743,63882,4485,68367,391
2022-01-21,Sonoma,097,501317,72656,66013,1955,67968,422
2022-01-21,Stanislaus,099,539301,106207,100092,14464,114556,1393
2022-01-21,Sutter,101,95872,18533,17616,1241,18857,199
2022-01-21,Tehama,103,63373,10796,10171,2257,12428,142
2022-01-21,Trinity,105,12862,1061,925,250,1175,19
2022-01-21,Tulare,107,460477,93453,85223,22798,108021,1211
2022-01-21,Tuolumne,109,53932,10812,9731,330,10061,91
2022-01-21,Ventura,111,848112,158780,148742,8623,157365,1250
2022-01-21,Yolo,113,214977,32658,30061,2318,32379,273
2022-01-21,Yuba,115,75493,14089,13288,822,14110,103
2022-01-20,Alameda,001,1643700,220470,203927,10920,214847,1575
2022-01-20,Alpine,002,1148,118,119,1,120,0
2022-01-20,Amador,005,37829,7382,6845,368,7213,73
2022-01-20,Butte,007,227075,29187,27232,5794,33026,350
2022-01-20,Calaveras,009,45235,6338,5835,193,6028,95
2022-01-20,Colusa,011,21464,3106,2954,916,3870,21
2022-01-20,Contra Costa,013,1133247,167733,154111,9968,164079,1091
2022-01-20,Del Norte,015,27424,4477,4269,104,4373,43
2022-01-20,El Dorado,017,186661,24242,22273,2722,24995,179
2022-01-20,Fresno,019,978130,201097,185292,19701,204993,2429
2022-01-20,Glenn,021,27897,4436,4174,1396,5570,39
2022-01-20,Humboldt,023,135768,14556,13628,2077,15705,125
2022-01-20,Imperial,025,180216,49018,45741,7974,53715,820
2022-01-20,Inyo,027,18085,3848,3706,238,3944,50
2022-01-20,Kern,029,883053,173209,162902,38613,201515,1946
2022-01-20,Kings,031,150075,44155,40580,2818,43398,396
2022-01-20,Lake,033,64148,8815,8056,592,8648,118
2022-01-20,Lassen,035,31185,7897,7545,715,8260,55
2022-01-20,Los Angeles,037,10098052,2474837,2286280,110854,2397134,28038
2022-01-20,Madera,039,155013,31919,29595,4026,33621,329
2022-01-20,Marin,041,260295,29570,27893,1791,29684,253
2022-01-20,Mariposa,043,17540,2076,1920,107,2027,6
2022-01-20,Mendocino,045,87422,11349,10395,1829,12224,103
2022-01-20,Merced,047,269075,56349,53025,5619,58644,727
2022-01-20,Modoc,049,8938,652,639,222,861,6
2022-01-20,Mono,051,14174,2821,2723,102,2825,4
2022-01-20,Monterey,053,433212,68218,59038,8579,67617,651
2022-01-20,Napa,055,140530,22007,20402,636,21038,111
2022-01-20,Nevada,057,99092,14058,12957,867,13824,112
2022-01-20,Orange,059,3164182,505508,480329,37063,517392,5946
2022-01-20,Placer,061,380077,55791,52557,6344,58901,512
2022-01-20,Plumas,063,18699,2559,2289,195,2484,12
2022-01-20,Riverside,065,2383286,541751,513567,24924,538491,5623
2022-01-20,Sacramento,067,1510023,248310,230206,19916,250122,2510
2022-01-20,San Benito,069,59416,11421,10743,398,11141,88
2022-01-20,San Bernardino,071,2135413,532971,495209,22537,517746,6267
2022-01-20,San Diego,073,3302833,668835,628904,44583,673487,4559
2022-01-20,San Francisco,075,870044,108438,100238,6812,107050,702
2022-01-20,San Joaquin,077,732212,148424,138264,8724,146988,1960
2022-01-20,San Luis Obispo,079,281455,45568,42154,2948,45102,385
2022-01-20,San Mateo,081,765935,106804,91440,5291,96731,585
2022-01-20,Santa Barbara,083,443738,74109,69555,3703,73258,589
2022-01-20,Santa Clara,085,1922200,269000,249205,9292,258497,1993
2022-01-20,Santa Cruz,087,273765,37187,33741,1786,35527,237
2022-01-20,Shasta,089,179085,27133,25919,4937,30856,450
2022-01-20,Sierra,091,2930,261,248,32,280,0
2022-01-20,Siskiyou,093,43540,3983,3845,2097,5942,62
2022-01-20,Solano,095,438530,69792,63882,4396,68278,391
2022-01-20,Sonoma,097,501317,71628,66013,1904,67917,422
2022-01-20,Stanislaus,099,539301,105248,100092,14257,114349,1393
2022-01-20,Sutter,101,95872,18369,17616,1213,18829,199
2022-01-20,Tehama,103,63373,10724,10171,2239,12410,142
2022-01-20,Trinity,105,12862,1047,925,249,1174,19
2022-01-20,Tulare,107,460477,92397,85223,22516,107739,1211
2022-01-20,Tuolumne,109,53932,10670,9731,320,10051,91
2022-01-20,Ventura,111,848112,157396,148742,8546,157288,1250
2022-01-20,Yolo,113,214977,32370,30061,2285,32346,273
2022-01-20,Yuba,115,75493,13983,13288,789,14077,103
2022-01-19,Alameda,001,1643700,217104,199739,10589,210328,1571
2022-01-19,Alpine,002,1148,117,119,1,120,0
2022-01-19,Amador,005,37829,7301,6789,326,7115,73
2022-01-19,Butte,007,227075,28882,26839,5708,32547,351
2022-01-19,Calaveras,009,45235,6248,5765,184,5949,95
2022-01-19,Colusa,011,21464,3072,2938,908,3846,21
2022-01-19,Contra Costa,013,1133247,165300,151543,9721,161264,1091
2022-01-19,Del Norte,015,27424,4438,4240,103,4343,43
2022-01-19,El Dorado,017,186661,23990,21953,2681,24634,177
2022-01-19,Fresno,019,978130,198127,181526,19375,200901,2430
2022-01-19,Glenn,021,27897,4384,4127,1386,5513,39
2022-01-19,Humboldt,023,135768,14399,13391,2027,15418,125
2022-01-19,Imperial,025,180216,48283,45156,7777,52933,820
2022-01-19,Inyo,027,18085,3825,3680,199,3879,49
2022-01-19,Kern,029,883053,171443,160747,37935,198682,1946
2022-01-19,Kings,031,150075,43456,40027,2750,42777,395
2022-01-19,Lake,033,64148,8688,7972,579,8551,118
2022-01-19,Lassen,035,31185,7840,7507,693,8200,55
2022-01-19,Los Angeles,037,10098052,2446436,2251718,109441,2361159,27934
2022-01-19,Madera,039,155013,31538,29021,3856,32877,329
2022-01-19,Marin,041,260295,29272,27375,1750,29125,251
2022-01-19,Mariposa,043,17540,2051,1896,100,1996,6
2022-01-19,Mendocino,045,87422,11178,10252,1736,11988,103
2022-01-19,Merced,047,269075,55791,52355,5258,57613,724
2022-01-19,Modoc,049,8938,650,635,221,856,6
2022-01-19,Mono,051,14174,2799,2677,100,2777,4
2022-01-19,Monterey,053,433212,67310,58426,8122,66548,651
2022-01-19,Napa,055,140530,21754,20090,609,20699,110
2022-01-19,Nevada,057,99092,13900,12703,840,13543,112
2022-01-19,Orange,059,3164182,501020,468460,36688,505148,5943
2022-01-19,Placer,061,380077,55226,51545,6276,57821,511
2022-01-19,Plumas,063,18699,2519,2239,189,2428,12
2022-01-19,Riverside,065,2383286,536229,503575,24689,528264,5604
2022-01-19,Sacramento,067,1510023,245411,226035,19203,245238,2512
2022-01-19,San Benito,069,59416,11279,10639,386,11025,88
2022-01-19,San Bernardino,071,2135413,528203,487846,22157,510003,6265
2022-01-19,San Diego,073,3302833,660076,614709,43851,658560,4553
2022-01-19,San Francisco,075,870044,107067,98652,6737,105389,694
2022-01-19,San Joaquin,077,732212,146515,135953,8601,144554,1959
2022-01-19,San Luis Obispo,079,281455,44969,41374,2882,44256,382
2022-01-19,San Mateo,081,765935,105390,89715,5027,94742,585
2022-01-19,Santa Barbara,083,443738,73112,68531,3604,72135,586
2022-01-19,Santa Clara,085,1922200,265208,244922,8936,253858,1991
2022-01-19,Santa Cruz,087,273765,35883,33026,1762,34788,237
2022-01-19,Shasta,089,179085,26865,25355,4865,30220,450
2022-01-19,Sierra,091,2930,261,245,31,276,0
2022-01-19,Siskiyou,093,43540,3959,3821,2044,5865,62
2022-01-19,Solano,095,438530,68945,63003,4266,67269,392
2022-01-19,Sonoma,097,501317,70527,64689,1858,66547,420
2022-01-19,Stanislaus,099,539301,104195,98952,13965,112917,1381
2022-01-19,Sutter,101,95872,18201,17436,1125,18561,199
2022-01-19,Tehama,103,63373,10609,10064,2195,12259,142
2022-01-19,Trinity,105,12862,1035,916,248,1164,19
2022-01-19,Tulare,107,460477,91113,83743,22048,105791,1200
2022-01-19,Tuolumne,109,53932,10510,9613,295,9908,91
2022-01-19,Ventura,111,848112,155881,144738,8471,153209,1234
2022-01-19,Yolo,113,214977,32004,29392,2249,31641,273
2022-01-19,Yuba,115,75493,13821,13114,776,13890,104
2022-01-18,Alameda,001,1643700,213768,195728,10260,205988,1566
2022-01-18,Alpine,002,1148,117,118,1,119,0
2022-01-18,Amador,005,37829,7163,6691,290,6981,73
2022-01-18,Butte,007,227075,28489,26514,5626,32140,347
2022-01-18,Calaveras,009,45235,6159,5684,169,5853,94
2022-01-18,Colusa,011,21464,3028,2903,903,3806,21
2022-01-18,Contra Costa,013,1133247,163152,149446,9343,158789,1085
2022-01-18,Del Norte,015,27424,4367,4229,98,4327,43
2022-01-18,El Dorado,017,186661,23623,21707,2637,24344,175
2022-01-18,Fresno,019,978130,194567,178922,18914,197836,2425
2022-01-18,Glenn,021,27897,4350,4070,1374,5444,39
2022-01-18,Humboldt,023,135768,14234,13218,1955,15173,125
2022-01-18,Imperial,025,180216,47585,44742,7596,52338,819
2022-01-18,Inyo,027,18085,3784,3654,189,3843,49
2022-01-18,Kern,029,883053,169421,158864,37179,196043,1943
2022-01-18,Kings,031,150075,42581,39440,2672,42112,392
2022-01-18,Lake,033,64148,8575,7919,560,8479,117
2022-01-18,Lassen,035,31185,7757,7461,654,8115,55
2022-01-18,Los Angeles,037,10098052,2412983,2227360,107968,2335328,27871
2022-01-18,Madera,039,155013,31016,28717,3667,32384,329
2022-01-18,Marin,041,260295,28965,27036,1709,28745,251
2022-01-18,Mariposa,043,17540,2026,1872,96,1968,6
2022-01-18,Mendocino,045,87422,11009,10114,1651,11765,103
2022-01-18,Merced,047,269075,55153,51746,4964,56710,718
2022-01-18,Modoc,049,8938,648,633,216,849,6
2022-01-18,Mono,051,14174,2778,2643,99,2742,4
2022-01-18,Monterey,053,433212,66533,57846,7644,65490,650
2022-01-18,Napa,055,140530,21422,19911,594,20505,109
2022-01-18,Nevada,057,99092,13717,12584,798,13382,111
2022-01-18,Orange,059,3164182,495679,461324,36179,497503,5938
2022-01-18,Placer,061,380077,54579,50983,6202,57185,508
2022-01-18,Plumas,063,18699,2481,2218,183,2401,12
2022-01-18,Riverside,065,2383286,530249,497278,24382,521660,5599
2022-01-18,Sacramento,067,1510023,242324,223745,18216,241961,2496
2022-01-18,San Benito,069,59416,11138,10520,372,10892,88
2022-01-18,San Bernardino,071,2135413,522751,483753,21727,505480,6258
2022-01-18,San Diego,073,3302833,649903,605137,42811,647948,4547
2022-01-18,San Francisco,075,870044,105601,96505,6622,103127,694
2022-01-18,San Joaquin,077,732212,144548,134365,8385,142750,1957
2022-01-18,San Luis Obispo,079,281455,44288,40848,2796,43644,381
2022-01-18,San Mateo,081,765935,103874,88225,4830,93055,585
2022-01-18,Santa Barbara,083,443738,71894,67216,3431,70647,581
2022-01-18,Santa Clara,085,1922200,261023,240281,8541,248822,1986
2022-01-18,Santa Cruz,087,273765,35233,32203,1727,33930,237
2022-01-18,Shasta,089,179085,26583,25162,4771,29933,448
2022-01-18,Sierra,091,2930,257,244,31,275,0
2022-01-18,Siskiyou,093,43540,3926,3799,1991,5790,62
2022-01-18,Solano,095,438530,68094,62204,4155,66359,391
2022-01-18,Sonoma,097,501317,69137,63714,1803,65517,419
2022-01-18,Stanislaus,099,539301,102975,98000,13591,111591,1379
2022-01-18,Sutter,101,95872,18009,17295,1054,18349,198
2022-01-18,Tehama,103,63373,10513,9975,2143,12118,142
2022-01-18,Trinity,105,12862,1022,907,247,1154,19
2022-01-18,Tulare,107,460477,89645,82667,21647,104314,1196
2022-01-18,Tuolumne,109,53932,10341,9528,284,9812,91
2022-01-18,Ventura,111,848112,154167,143384,8385,151769,1233
2022-01-18,Yolo,113,214977,31606,28786,2199,30985,270
2022-01-18,Yuba,115,75493,13661,12971,751,13722,101
2022-01-17,Alameda,001,1643700,209107,193276,9611,202887,1565
2022-01-17,Alpine,002,1148,116,118,0,118,0
2022-01-17,Amador,005,37829,7049,6640,232,6872,73
2022-01-17,Butte,007,227075,28096,26303,5513,31816,348
2022-01-17,Calaveras,009,45235,6028,5584,141,5725,94
2022-01-17,Colusa,011,21464,3004,2905,896,3801,21
2022-01-17,Contra Costa,013,1133247,160219,147993,8843,156836,1086
2022-01-17,Del Norte,015,27424,4316,4209,91,4300,43
2022-01-17,El Dorado,017,186661,23378,21540,2555,24095,175
2022-01-17,Fresno,019,978130,190720,176959,18372,195331,2426
2022-01-17,Glenn,021,27897,4296,4055,1361,5416,39
2022-01-17,Humboldt,023,135768,14028,13120,1789,14909,125
2022-01-17,Imperial,025,180216,46899,44412,7432,51844,821
2022-01-17,Inyo,027,18085,3762,3650,163,3813,49
2022-01-17,Kern,029,883053,166883,157645,36303,193948,1944
2022-01-17,Kings,031,150075,41446,39143,2550,41693,392
2022-01-17,Lake,033,64148,8426,7864,520,8384,117
2022-01-17,Lassen,035,31185,7664,7417,617,8034,55
2022-01-17,Los Angeles,037,10098052,2373739,2205740,106008,2311748,27832
2022-01-17,Madera,039,155013,30362,28568,3487,32055,329
2022-01-17,Marin,041,260295,28560,26633,1653,28286,251
2022-01-17,Mariposa,043,17540,2001,1862,89,1951,6
2022-01-17,Mendocino,045,87422,10786,10030,1511,11541,103
2022-01-17,Merced,047,269075,54455,51227,4398,55625,718
2022-01-17,Modoc,049,8938,644,630,216,846,6
2022-01-17,Mono,051,14174,2755,2642,98,2740,4
2022-01-17,Monterey,053,433212,65412,57318,7224,64542,647
2022-01-17,Napa,055,140530,21077,19647,572,20219,109
2022-01-17,Nevada,057,99092,13531,12414,761,13175,111
2022-01-17,Orange,059,3164182,489716,457418,35697,493115,5933
2022-01-17,Placer,061,380077,53845,50511,6057,56568,508
2022-01-17,Plumas,063,18699,2435,2205,151,2356,12
2022-01-17,Riverside,065,2383286,523433,491322,23929,515251,5600
2022-01-17,Sacramento,067,1510023,238241,221143,16869,238012,2497
2022-01-17,San Benito,069,59416,10971,10432,344,10776,88
2022-01-17,San Bernardino,071,2135413,516280,480243,21185,501428,6259
2022-01-17,San Diego,073,3302833,637694,569241,41622,610863,4545
2022-01-17,San Francisco,075,870044,103973,95292,6432,101724,694
2022-01-17,San Joaquin,077,732212,141692,133414,8195,141609,1958
2022-01-17,San Luis Obispo,079,281455,43460,40425,2695,43120,379
2022-01-17,San Mateo,081,765935,101901,87013,4577,91590,585
2022-01-17,Santa Barbara,083,443738,70572,66704,3231,69935,581
2022-01-17,Santa Clara,085,1922200,256432,237934,8108,246042,1985
2022-01-17,Santa Cruz,087,273765,34460,31714,1690,33404,237
2022-01-17,Shasta,089,179085,26303,25025,4650,29675,448
2022-01-17,Sierra,091,2930,256,242,31,273,0
2022-01-17,Siskiyou,093,43540,3887,3764,1911,5675,62
2022-01-17,Solano,095,438530,67053,61497,3896,65393,391
2022-01-17,Sonoma,097,501317,67630,62763,1737,64500,419
2022-01-17,Stanislaus,099,539301,101658,96951,13100,110051,1379
2022-01-17,Sutter,101,95872,17799,17159,918,18077,198
2022-01-17,Tehama,103,63373,10389,9912,2086,11998,142
2022-01-17,Trinity,105,12862,1009,906,243,1149,19
2022-01-17,Tulare,107,460477,87891,81741,21106,102847,1199
2022-01-17,Tuolumne,109,53932,10201,9416,252,9668,91
2022-01-17,Ventura,111,848112,152051,142070,8267,150337,1234
2022-01-17,Yolo,113,214977,31074,28638,2134,30772,270
2022-01-17,Yuba,115,75493,13464,12871,695,13566,101
2022-01-16,Alameda,001,1643700,206059,190691,9361,200052,1564
2022-01-16,Alpine,002,1148,116,118,0,118,0
2022-01-16,Amador,005,37829,6976,6618,224,6842,73
2022-01-16,Butte,007,227075,27747,26139,5460,31599,348
2022-01-16,Calaveras,009,45235,5927,5537,137,5674,94
2022-01-16,Colusa,011,21464,2987,2886,884,3770,21
2022-01-16,Contra Costa,013,1133247,158204,146307,8629,154936,1086
2022-01-16,Del Norte,015,27424,4274,4177,89,4266,43
2022-01-16,El Dorado,017,186661,23102,21303,2517,23820,175
2022-01-16,Fresno,019,978130,187853,174818,17961,192779,2425
2022-01-16,Glenn,021,27897,4239,4049,1339,5388,39
2022-01-16,Humboldt,023,135768,13879,13075,1770,14845,125
2022-01-16,Imperial,025,180216,46326,44035,7268,51303,821
2022-01-16,Inyo,027,18085,3725,3602,141,3743,49
2022-01-16,Kern,029,883053,165609,156655,35517,192172,1944
2022-01-16,Kings,031,150075,41072,38861,2529,41390,392
2022-01-16,Lake,033,64148,8322,7823,486,8309,117
2022-01-16,Lassen,035,31185,7619,7391,604,7995,55
2022-01-16,Los Angeles,037,10098052,2350520,2174403,104506,2278909,27805
2022-01-16,Madera,039,155013,29992,28313,3437,31750,329
2022-01-16,Marin,041,260295,28266,26292,1638,27930,251
2022-01-16,Mariposa,043,17540,1974,1851,84,1935,6
2022-01-16,Mendocino,045,87422,10639,9992,1395,11387,102
2022-01-16,Merced,047,269075,53825,50882,4369,55251,718
2022-01-16,Modoc,049,8938,641,629,216,845,6
2022-01-16,Mono,051,14174,2751,2614,96,2710,4
2022-01-16,Monterey,053,433212,64646,57012,7080,64092,647
2022-01-16,Napa,055,140530,20810,19521,561,20082,109
2022-01-16,Nevada,057,99092,13317,12307,743,13050,111
2022-01-16,Orange,059,3164182,484319,451962,35146,487108,5932
2022-01-16,Placer,061,380077,53139,50076,5949,56025,508
2022-01-16,Plumas,063,18699,2400,2204,142,2346,12
2022-01-16,Riverside,065,2383286,517922,485191,23709,508900,5600
2022-01-16,Sacramento,067,1510023,235280,218819,16135,234954,2491
2022-01-16,San Benito,069,59416,10812,10377,342,10719,88
2022-01-16,San Bernardino,071,2135413,512243,474425,20930,495355,6259
2022-01-16,San Diego,073,3302833,630111,569241,41187,610428,4545
2022-01-16,San Francisco,075,870044,102451,94139,6293,100432,694
2022-01-16,San Joaquin,077,732212,139891,132214,8052,140266,1958
2022-01-16,San Luis Obispo,079,281455,42803,40113,2656,42769,379
2022-01-16,San Mateo,081,765935,100368,85966,4484,90450,585
2022-01-16,Santa Barbara,083,443738,69542,66111,3190,69301,582
2022-01-16,Santa Clara,085,1922200,252643,234293,7950,242243,1984
2022-01-16,Santa Cruz,087,273765,33830,31469,1668,33137,237
2022-01-16,Shasta,089,179085,26047,24980,4582,29562,449
2022-01-16,Sierra,091,2930,252,238,31,269,0
2022-01-16,Siskiyou,093,43540,3859,3748,1872,5620,62
2022-01-16,Solano,095,438530,66378,60885,3765,64650,391
2022-01-16,Sonoma,097,501317,66550,61842,1720,63562,419
2022-01-16,Stanislaus,099,539301,100595,96370,12934,109304,1379
2022-01-16,Sutter,101,95872,17599,16996,896,17892,198
2022-01-16,Tehama,103,63373,10303,9868,2065,11933,142
2022-01-16,Trinity,105,12862,1004,889,241,1130,19
2022-01-16,Tulare,107,460477,86579,80867,20853,101720,1199
2022-01-16,Tuolumne,109,53932,10096,9369,244,9613,91
2022-01-16,Ventura,111,848112,150474,140715,8189,148904,1234
2022-01-16,Yolo,113,214977,30680,28481,2081,30562,270
2022-01-16,Yuba,115,75493,13286,12760,689,13449,101
2022-01-15,Alameda,001,1643700,204721,177768,9305,187073,1561
2022-01-15,Alpine,002,1148,116,117,0,117,0
2022-01-15,Amador,005,37829,6944,6434,210,6644,72
2022-01-15,Butte,007,227075,27592,25032,5409,30441,348
2022-01-15,Calaveras,009,45235,5895,5258,137,5395,93
2022-01-15,Colusa,011,21464,2973,2796,877,3673,21
2022-01-15,Contra Costa,013,1133247,156936,137643,8581,146224,1082
2022-01-15,Del Norte,015,27424,4259,4065,87,4152,43
2022-01-15,El Dorado,017,186661,22997,20434,2501,22935,175
2022-01-15,Fresno,019,978130,186865,167361,17860,185221,2415
2022-01-15,Glenn,021,27897,4232,3906,1330,5236,39
2022-01-15,Humboldt,023,135768,13776,12419,1754,14173,123
2022-01-15,Imperial,025,180216,46189,42508,7160,49668,817
2022-01-15,Inyo,027,18085,3715,3395,141,3536,49
2022-01-15,Kern,029,883053,164766,150085,35128,185213,1938
2022-01-15,Kings,031,150075,40823,37221,2517,39738,391
2022-01-15,Lake,033,64148,8283,7641,473,8114,117
2022-01-15,Lassen,035,31185,7579,7274,598,7872,55
2022-01-15,Los Angeles,037,10098052,2338970,2047927,103562,2151489,27641
2022-01-15,Madera,039,155013,29846,27294,3413,30707,329
2022-01-15,Marin,041,260295,28079,25248,1631,26879,251
2022-01-15,Mariposa,043,17540,1967,1762,84,1846,6
2022-01-15,Mendocino,045,87422,10566,9534,1389,10923,102
2022-01-15,Merced,047,269075,53645,48904,4357,53261,715
2022-01-15,Modoc,049,8938,639,628,216,844,6
2022-01-15,Mono,051,14174,2746,2508,95,2603,4
2022-01-15,Monterey,053,433212,64132,55315,7016,62331,647
2022-01-15,Napa,055,140530,20689,17648,557,18205,109
2022-01-15,Nevada,057,99092,13257,11773,730,12503,111
2022-01-15,Orange,059,3164182,481717,433141,34854,467995,5914
2022-01-15,Placer,061,380077,52848,47780,5913,53693,501
2022-01-15,Plumas,063,18699,2379,2158,136,2294,12
2022-01-15,Riverside,065,2383286,515239,466381,23574,489955,5578
2022-01-15,Sacramento,067,1510023,234119,208156,16036,224192,2491
2022-01-15,San Benito,069,59416,10712,9868,337,10205,87
2022-01-15,San Bernardino,071,2135413,509874,454395,20782,475177,6233
2022-01-15,San Diego,073,3302833,626327,559385,40934,600319,4540
2022-01-15,San Francisco,075,870044,101453,88004,6158,94162,692
2022-01-15,San Joaquin,077,732212,139318,125136,7955,133091,1954
2022-01-15,San Luis Obispo,079,281455,42614,38231,2643,40874,374
2022-01-15,San Mateo,081,765935,99410,80494,4443,84937,582
2022-01-15,Santa Barbara,083,443738,68945,62312,3179,65491,579
2022-01-15,Santa Clara,085,1922200,250394,218986,7832,226818,1974
2022-01-15,Santa Cruz,087,273765,33475,29414,1660,31074,235
2022-01-15,Shasta,089,179085,25955,24482,4550,29032,445
2022-01-15,Sierra,091,2930,251,232,30,262,0
2022-01-15,Siskiyou,093,43540,3847,3661,1862,5523,62
2022-01-15,Solano,095,438530,66098,58061,3716,61777,389
2022-01-15,Sonoma,097,501317,65964,58181,1714,59895,418
2022-01-15,Stanislaus,099,539301,100013,92986,12831,105817,1379
2022-01-15,Sutter,101,95872,17510,16345,886,17231,197
2022-01-15,Tehama,103,63373,10255,9572,2046,11618,141
2022-01-15,Trinity,105,12862,1001,872,241,1113,19
2022-01-15,Tulare,107,460477,86131,77769,20744,98513,1192
2022-01-15,Tuolumne,109,53932,9995,9042,239,9281,91
2022-01-15,Ventura,111,848112,149699,134736,8151,142887,1227
2022-01-15,Yolo,113,214977,30500,27311,2061,29372,270
2022-01-15,Yuba,115,75493,13222,12200,685,12885,101
2022-01-14,Alameda,001,1643700,202691,177768,9254,187022,1561
2022-01-14,Alpine,002,1148,116,117,0,117,0
2022-01-14,Amador,005,37829,6868,6434,201,6635,72
2022-01-14,Butte,007,227075,27410,25032,5378,30410,348
2022-01-14,Calaveras,009,45235,5858,5258,136,5394,93
2022-01-14,Colusa,011,21464,2964,2796,867,3663,21
2022-01-14,Contra Costa,013,1133247,155408,137643,8475,146118,1082
2022-01-14,Del Norte,015,27424,4234,4065,86,4151,43
2022-01-14,El Dorado,017,186661,22844,20434,2483,22917,175
2022-01-14,Fresno,019,978130,185106,167361,17760,185121,2415
2022-01-14,Glenn,021,27897,4209,3906,1322,5228,39
2022-01-14,Humboldt,023,135768,13670,12419,1722,14141,123
2022-01-14,Imperial,025,180216,46016,42508,7140,49648,817
2022-01-14,Inyo,027,18085,3690,3395,137,3532,49
2022-01-14,Kern,029,883053,163766,150085,34692,184777,1938
2022-01-14,Kings,031,150075,40570,37221,2509,39730,391
2022-01-14,Lake,033,64148,8226,7641,461,8102,117
2022-01-14,Lassen,035,31185,7545,7274,586,7860,55
2022-01-14,Los Angeles,037,10098052,2319637,2047927,102527,2150454,27641
2022-01-14,Madera,039,155013,29610,27294,3385,30679,329
2022-01-14,Marin,041,260295,27820,25248,1596,26844,251
2022-01-14,Mariposa,043,17540,1952,1762,84,1846,6
2022-01-14,Mendocino,045,87422,10454,9534,1376,10910,102
2022-01-14,Merced,047,269075,53452,48904,4340,53244,715
2022-01-14,Modoc,049,8938,638,628,216,844,6
2022-01-14,Mono,051,14174,2725,2508,93,2601,4
2022-01-14,Monterey,053,433212,63434,55315,6923,62238,647
2022-01-14,Napa,055,140530,20519,17648,552,18200,109
2022-01-14,Nevada,057,99092,13134,11773,717,12490,111
2022-01-14,Orange,059,3164182,477980,433141,34512,467653,5914
2022-01-14,Placer,061,380077,52414,47780,5827,53607,501
2022-01-14,Plumas,063,18699,2371,2158,129,2287,12
2022-01-14,Riverside,065,2383286,511720,466381,23430,489811,5578
2022-01-14,Sacramento,067,1510023,232168,208156,15881,224037,2491
2022-01-14,San Benito,069,59416,10660,9868,336,10204,87
2022-01-14,San Bernardino,071,2135413,506665,454395,20595,474990,6233
2022-01-14,San Diego,073,3302833,620699,559385,40626,600011,4540
2022-01-14,San Francisco,075,870044,100280,88004,5984,93988,692
2022-01-14,San Joaquin,077,732212,138463,125136,7875,133011,1954
2022-01-14,San Luis Obispo,079,281455,42447,38231,2622,40853,374
2022-01-14,San Mateo,081,765935,98180,80494,4414,84908,582
2022-01-14,Santa Barbara,083,443738,68425,62312,3169,65481,579
2022-01-14,Santa Clara,085,1922200,247731,218986,7727,226713,1974
2022-01-14,Santa Cruz,087,273765,33097,29414,1651,31065,235
2022-01-14,Shasta,089,179085,25834,24482,4517,28999,445
2022-01-14,Sierra,091,2930,249,232,28,260,0
2022-01-14,Siskiyou,093,43540,3836,3661,1849,5510,62
2022-01-14,Solano,095,438530,65250,58061,3627,61688,389
2022-01-14,Sonoma,097,501317,65424,58181,1688,59869,418
2022-01-14,Stanislaus,099,539301,99406,92986,12723,105709,1379
2022-01-14,Sutter,101,95872,17383,16345,878,17223,197
2022-01-14,Tehama,103,63373,10202,9572,2034,11606,141
2022-01-14,Trinity,105,12862,996,872,239,1111,19
2022-01-14,Tulare,107,460477,85603,77769,20583,98352,1192
2022-01-14,Tuolumne,109,53932,9872,9042,235,9277,91
2022-01-14,Ventura,111,848112,148596,134736,8092,142828,1227
2022-01-14,Yolo,113,214977,30259,27311,2033,29344,270
2022-01-14,Yuba,115,75493,13119,12200,680,12880,101
2022-01-13,Alameda,001,1643700,198447,177768,8897,186665,1561
2022-01-13,Alpine,002,1148,115,117,0,117,0
2022-01-13,Amador,005,37829,6808,6434,180,6614,72
2022-01-13,Butte,007,227075,27103,25032,5265,30297,348
2022-01-13,Calaveras,009,45235,5768,5258,133,5391,93
2022-01-13,Colusa,011,21464,2936,2796,857,3653,21
2022-01-13,Contra Costa,013,1133247,152740,137643,8009,145652,1082
2022-01-13,Del Norte,015,27424,4198,4065,85,4150,43
2022-01-13,El Dorado,017,186661,22597,20434,2437,22871,175
2022-01-13,Fresno,019,978130,182063,167361,17352,184713,2415
2022-01-13,Glenn,021,27897,4162,3906,1296,5202,39
2022-01-13,Humboldt,023,135768,13516,12419,1660,14079,123
2022-01-13,Imperial,025,180216,45473,42508,6929,49437,817
2022-01-13,Inyo,027,18085,3634,3395,120,3515,49
2022-01-13,Kern,029,883053,162181,150085,34100,184185,1938
2022-01-13,Kings,031,150075,40089,37221,2465,39686,391
2022-01-13,Lake,033,64148,8126,7641,440,8081,117
2022-01-13,Lassen,035,31185,7511,7274,570,7844,55
2022-01-13,Los Angeles,037,10098052,2283129,2047927,100744,2148671,27641
2022-01-13,Madera,039,155013,29144,27294,3292,30586,329
2022-01-13,Marin,041,260295,27475,25248,1553,26801,251
2022-01-13,Mariposa,043,17540,1929,1762,81,1843,6
2022-01-13,Mendocino,045,87422,10363,9534,1308,10842,102
2022-01-13,Merced,047,269075,52785,48904,4072,52976,715
2022-01-13,Modoc,049,8938,635,628,216,844,6
2022-01-13,Mono,051,14174,2702,2508,90,2598,4
2022-01-13,Monterey,053,433212,62496,55315,6637,61952,647
2022-01-13,Napa,055,140530,20221,17648,542,18190,109
2022-01-13,Nevada,057,99092,12942,11773,687,12460,111
2022-01-13,Orange,059,3164182,471528,433141,34046,467187,5914
2022-01-13,Placer,061,380077,51783,47780,5711,53491,501
2022-01-13,Plumas,063,18699,2351,2158,119,2277,12
2022-01-13,Riverside,065,2383286,505413,466381,23102,489483,5578
2022-01-13,Sacramento,067,1510023,229071,208156,15083,223239,2491
2022-01-13,San Benito,069,59416,10555,9868,328,10196,87
2022-01-13,San Bernardino,071,2135413,500773,454395,20130,474525,6233
2022-01-13,San Diego,073,3302833,612194,559385,39766,599151,4540
2022-01-13,San Francisco,075,870044,98541,88004,5790,93794,692
2022-01-13,San Joaquin,077,732212,136379,125136,7721,132857,1954
2022-01-13,San Luis Obispo,079,281455,41845,38231,2517,40748,374
2022-01-13,San Mateo,081,765935,96392,80494,4178,84672,582
2022-01-13,Santa Barbara,083,443738,67427,62312,2993,65305,579
2022-01-13,Santa Clara,085,1922200,243311,218986,7399,226385,1974
2022-01-13,Santa Cruz,087,273765,32279,29414,1629,31043,235
2022-01-13,Shasta,089,179085,25624,24482,4445,28927,445
2022-01-13,Sierra,091,2930,248,232,28,260,0
2022-01-13,Siskiyou,093,43540,3814,3661,1809,5470,62
2022-01-13,Solano,095,438530,64116,58061,3516,61577,389
2022-01-13,Sonoma,097,501317,64357,58181,1632,59813,418
2022-01-13,Stanislaus,099,539301,98286,92986,12429,105415,1379
2022-01-13,Sutter,101,95872,17187,16345,814,17159,197
2022-01-13,Tehama,103,63373,10104,9572,1986,11558,141
2022-01-13,Trinity,105,12862,988,872,239,1111,19
2022-01-13,Tulare,107,460477,84321,77769,20296,98065,1192
2022-01-13,Tuolumne,109,53932,9730,9042,217,9259,91
2022-01-13,Ventura,111,848112,146814,134736,7998,142734,1227
2022-01-13,Yolo,113,214977,29843,27311,1989,29300,270
2022-01-13,Yuba,115,75493,12984,12200,651,12851,101
2022-01-12,Alameda,001,1643700,193890,173001,8428,181429,1563
2022-01-12,Alpine,002,1148,115,117,0,117,0
2022-01-12,Amador,005,37829,6760,6354,166,6520,71
2022-01-12,Butte,007,227075,26771,24631,5173,29804,348
2022-01-12,Calaveras,009,45235,5691,5151,127,5278,93
2022-01-12,Colusa,011,21464,2898,2772,844,3616,21
2022-01-12,Contra Costa,013,1133247,150044,134579,7630,142209,1077
2022-01-12,Del Norte,015,27424,4172,4019,83,4102,43
2022-01-12,El Dorado,017,186661,22280,20092,2398,22490,175
2022-01-12,Fresno,019,978130,179080,165316,16915,182231,2413
2022-01-12,Glenn,021,27897,4111,3859,1274,5133,39
2022-01-12,Humboldt,023,135768,13344,12081,1578,13659,122
2022-01-12,Imperial,025,180216,44816,41985,6631,48616,814
2022-01-12,Inyo,027,18085,3588,3334,104,3438,49
2022-01-12,Kern,029,883053,160042,148435,33378,181813,1933
2022-01-12,Kings,031,150075,39458,36780,2423,39203,391
2022-01-12,Lake,033,64148,8010,7535,396,7931,117
2022-01-12,Lassen,035,31185,7468,7223,543,7766,55
2022-01-12,Los Angeles,037,10098052,2243358,2005065,98517,2103582,27601
2022-01-12,Madera,039,155013,28827,26952,3193,30145,329
2022-01-12,Marin,041,260295,26986,24704,1502,26206,251
2022-01-12,Mariposa,043,17540,1900,1725,79,1804,6
2022-01-12,Mendocino,045,87422,10198,9379,1210,10589,103
2022-01-12,Merced,047,269075,52074,48441,3796,52237,710
2022-01-12,Modoc,049,8938,633,627,216,843,6
2022-01-12,Mono,051,14174,2666,2466,86,2552,4
2022-01-12,Monterey,053,433212,61509,54524,6276,60800,647
2022-01-12,Napa,055,140530,19963,17347,519,17866,109
2022-01-12,Nevada,057,99092,12727,11552,641,12193,111
2022-01-12,Orange,059,3164182,464757,425737,33450,459187,5912
2022-01-12,Placer,061,380077,51124,47004,5594,52598,501
2022-01-12,Plumas,063,18699,2311,2135,108,2243,12
2022-01-12,Riverside,065,2383286,498176,458881,22764,481645,5565
2022-01-12,Sacramento,067,1510023,225485,204696,14201,218897,2479
2022-01-12,San Benito,069,59416,10419,9737,316,10053,87
2022-01-12,San Bernardino,071,2135413,494250,447869,19506,467375,6222
2022-01-12,San Diego,073,3302833,601708,551669,38911,590580,4529
2022-01-12,San Francisco,075,870044,96698,85700,5677,91377,691
2022-01-12,San Joaquin,077,732212,134068,122850,7593,130443,1948
2022-01-12,San Luis Obispo,079,281455,41119,37727,2434,40161,373
2022-01-12,San Mateo,081,765935,94359,78476,3804,82280,582
2022-01-12,Santa Barbara,083,443738,66284,60815,2891,63706,578
2022-01-12,Santa Clara,085,1922200,238556,213177,7021,220198,1971
2022-01-12,Santa Cruz,087,273765,31624,28463,1581,30044,235
2022-01-12,Shasta,089,179085,25411,24324,4380,28704,446
2022-01-12,Sierra,091,2930,247,228,28,256,0
2022-01-12,Siskiyou,093,43540,3786,3639,1762,5401,62
2022-01-12,Solano,095,438530,63066,57052,3396,60448,386
2022-01-12,Sonoma,097,501317,63070,56394,1549,57943,417
2022-01-12,Stanislaus,099,539301,97046,91738,12086,103824,1373
2022-01-12,Sutter,101,95872,16993,16135,781,16916,197
2022-01-12,Tehama,103,63373,10015,9475,1925,11400,141
2022-01-12,Trinity,105,12862,984,868,238,1106,19
2022-01-12,Tulare,107,460477,83208,76943,19918,96861,1192
2022-01-12,Tuolumne,109,53932,9600,8870,200,9070,91
2022-01-12,Ventura,111,848112,144908,132180,7912,140092,1220
2022-01-12,Yolo,113,214977,29431,26888,1917,28805,270
2022-01-12,Yuba,115,75493,12823,12015,624,12639,101
2022-01-11,Alameda,001,1643700,189456,169181,8034,177215,1561
2022-01-11,Alpine,002,1148,115,116,0,116,0
2022-01-11,Amador,005,37829,6676,6317,151,6468,71
2022-01-11,Butte,007,227075,26375,24479,5079,29558,347
2022-01-11,Calaveras,009,45235,5562,5083,113,5196,93
2022-01-11,Colusa,011,21464,2873,2766,831,3597,21
2022-01-11,Contra Costa,013,1133247,146894,132410,7136,139546,1077
2022-01-11,Del Norte,015,27424,4139,4006,81,4087,43
2022-01-11,El Dorado,017,186661,21949,19842,2328,22170,174
2022-01-11,Fresno,019,978130,175749,163509,16517,180026,2404
2022-01-11,Glenn,021,27897,4049,3844,1232,5076,39
2022-01-11,Humboldt,023,135768,13125,11960,1485,13445,122
2022-01-11,Imperial,025,180216,44211,41444,6432,47876,813
2022-01-11,Inyo,027,18085,3490,3278,97,3375,49
2022-01-11,Kern,029,883053,157759,146942,32556,179498,1929
2022-01-11,Kings,031,150075,38869,36524,2392,38916,389
2022-01-11,Lake,033,64148,7932,7494,380,7874,117
2022-01-11,Lassen,035,31185,7418,7210,529,7739,55
2022-01-11,Los Angeles,037,10098052,2200839,1966319,96273,2062592,27563
2022-01-11,Madera,039,155013,28411,26688,3114,29802,329
2022-01-11,Marin,041,260295,26629,24387,1457,25844,251
2022-01-11,Mariposa,043,17540,1878,1718,75,1793,6
2022-01-11,Mendocino,045,87422,10037,9301,1112,10413,102
2022-01-11,Merced,047,269075,51246,48068,3612,51680,708
2022-01-11,Modoc,049,8938,632,626,215,841,6
2022-01-11,Mono,051,14174,2623,2425,85,2510,4
2022-01-11,Monterey,053,433212,60464,53911,5928,59839,646
2022-01-11,Napa,055,140530,19523,17020,472,17492,109
2022-01-11,Nevada,057,99092,12502,11467,606,12073,110
2022-01-11,Orange,059,3164182,457084,417703,32807,450510,5909
2022-01-11,Placer,061,380077,50371,46459,5453,51912,500
2022-01-11,Plumas,063,18699,2276,2099,100,2199,12
2022-01-11,Riverside,065,2383286,490442,453766,22447,476213,5551
2022-01-11,Sacramento,067,1510023,221299,201058,13163,214221,2489
2022-01-11,San Benito,069,59416,10240,9624,300,9924,83
2022-01-11,San Bernardino,071,2135413,486281,442960,18897,461857,6198
2022-01-11,San Diego,073,3302833,589720,536954,37804,574758,4520
2022-01-11,San Francisco,075,870044,94499,83678,5523,89201,691
2022-01-11,San Joaquin,077,732212,131669,121139,7422,128561,1944
2022-01-11,San Luis Obispo,079,281455,40344,37183,2315,39498,372
2022-01-11,San Mateo,081,765935,92062,76756,3582,80338,582
2022-01-11,Santa Barbara,083,443738,64979,59758,2754,62512,578
2022-01-11,Santa Clara,085,1922200,232932,208425,6568,214993,1971
2022-01-11,Santa Cruz,087,273765,31114,27709,1531,29240,232
2022-01-11,Shasta,089,179085,25153,24132,4287,28419,446
2022-01-11,Sierra,091,2930,245,228,28,256,0
2022-01-11,Siskiyou,093,43540,3762,3621,1712,5333,62
2022-01-11,Solano,095,438530,61663,56349,3242,59591,388
2022-01-11,Sonoma,097,501317,61550,55411,1469,56880,416
2022-01-11,Stanislaus,099,539301,95674,90998,11713,102711,1372
2022-01-11,Sutter,101,95872,16795,15993,727,16720,197
2022-01-11,Tehama,103,63373,9888,9406,1877,11283,140
2022-01-11,Trinity,105,12862,972,858,236,1094,19
2022-01-11,Tulare,107,460477,81909,76267,19516,95783,1188
2022-01-11,Tuolumne,109,53932,9440,8811,193,9004,91
2022-01-11,Ventura,111,848112,142677,129548,7766,137314,1220
2022-01-11,Yolo,113,214977,28860,26482,1856,28338,270
2022-01-11,Yuba,115,75493,12648,11912,603,12515,101
2022-01-10,Alameda,001,1643700,184394,165657,7515,173172,1559
2022-01-10,Alpine,002,1148,115,116,0,116,0
2022-01-10,Amador,005,37829,6573,6279,136,6415,71
2022-01-10,Butte,007,227075,26033,24217,4982,29199,347
2022-01-10,Calaveras,009,45235,5464,5025,107,5132,93
2022-01-10,Colusa,011,21464,2843,2758,822,3580,21
2022-01-10,Contra Costa,013,1133247,143997,129951,6614,136565,1077
2022-01-10,Del Norte,015,27424,4116,3970,81,4051,43
2022-01-10,El Dorado,017,186661,21412,19606,2273,21879,172
2022-01-10,Fresno,019,978130,172446,161593,16073,177666,2404
2022-01-10,Glenn,021,27897,3990,3807,1218,5025,39
2022-01-10,Humboldt,023,135768,12884,11778,1352,13130,121
2022-01-10,Imperial,025,180216,43483,41080,6214,47294,811
2022-01-10,Inyo,027,18085,3435,3227,85,3312,49
2022-01-10,Kern,029,883053,155190,145744,31813,177557,1929
2022-01-10,Kings,031,150075,38246,36286,2366,38652,389
2022-01-10,Lake,033,64148,7843,7416,356,7772,117
2022-01-10,Lassen,035,31185,7380,7192,507,7699,55
2022-01-10,Los Angeles,037,10098052,2155251,1932475,93789,2026264,27546
2022-01-10,Madera,039,155013,27961,26501,3012,29513,328
2022-01-10,Marin,041,260295,26139,24023,1384,25407,251
2022-01-10,Mariposa,043,17540,1838,1684,70,1754,6
2022-01-10,Mendocino,045,87422,9864,9163,1025,10188,101
2022-01-10,Merced,047,269075,50401,47632,3321,50953,707
2022-01-10,Modoc,049,8938,631,622,213,835,6
2022-01-10,Mono,051,14174,2557,2415,80,2495,4
2022-01-10,Monterey,053,433212,59508,53485,5610,59095,645
2022-01-10,Napa,055,140530,19146,16775,458,17233,109
2022-01-10,Nevada,057,99092,12278,11300,568,11868,110
2022-01-10,Orange,059,3164182,448381,406170,31938,438108,5906
2022-01-10,Placer,061,380077,49527,45642,5289,50931,498
2022-01-10,Plumas,063,18699,2241,2086,98,2184,12
2022-01-10,Riverside,065,2383286,482179,445536,21998,467534,5546
2022-01-10,Sacramento,067,1510023,216777,198023,12111,210134,2474
2022-01-10,San Benito,069,59416,10068,9467,290,9757,83
2022-01-10,San Bernardino,071,2135413,477791,437207,18170,455377,6184
2022-01-10,San Diego,073,3302833,577028,530506,36685,567191,4500
2022-01-10,San Francisco,075,870044,92706,82209,5264,87473,690
2022-01-10,San Joaquin,077,732212,128973,119587,7138,126725,1927
2022-01-10,San Luis Obispo,079,281455,39526,36618,2220,38838,371
2022-01-10,San Mateo,081,765935,89414,75210,3327,78537,582
2022-01-10,Santa Barbara,083,443738,63718,58957,2565,61522,578
2022-01-10,Santa Clara,085,1922200,226870,203540,6091,209631,1971
2022-01-10,Santa Cruz,087,273765,30273,26906,1493,28399,232
2022-01-10,Shasta,089,179085,24956,23983,4210,28193,446
2022-01-10,Sierra,091,2930,242,223,28,251,0
2022-01-10,Siskiyou,093,43540,3729,3592,1668,5260,62
2022-01-10,Solano,095,438530,60622,55663,3046,58709,385
2022-01-10,Sonoma,097,501317,60001,54478,1423,55901,412
2022-01-10,Stanislaus,099,539301,94330,89997,11362,101359,1372
2022-01-10,Sutter,101,95872,16551,15823,681,16504,196
2022-01-10,Tehama,103,63373,9773,9360,1822,11182,140
2022-01-10,Trinity,105,12862,968,849,234,1083,19
2022-01-10,Tulare,107,460477,80414,75498,19134,94632,1186
2022-01-10,Tuolumne,109,53932,9315,8685,181,8866,91
2022-01-10,Ventura,111,848112,140075,126240,7617,133857,1217
2022-01-10,Yolo,113,214977,28268,26065,1803,27868,270
2022-01-10,Yuba,115,75493,12400,11776,569,12345,101
2022-01-09,Alameda,001,1643700,179896,162701,6849,169550,1561
2022-01-09,Alpine,002,1148,115,116,0,116,0
2022-01-09,Amador,005,37829,6484,6215,124,6339,71
2022-01-09,Butte,007,227075,25638,24018,4861,28879,347
2022-01-09,Calaveras,009,45235,5333,4976,98,5074,93
2022-01-09,Colusa,011,21464,2815,2750,799,3549,21
2022-01-09,Contra Costa,013,1133247,140989,128050,5945,133995,1077
2022-01-09,Del Norte,015,27424,4078,3950,77,4027,43
2022-01-09,El Dorado,017,186661,21045,19430,2208,21638,172
2022-01-09,Fresno,019,978130,169608,159989,15655,175644,2405
2022-01-09,Glenn,021,27897,3933,3797,1196,4993,39
2022-01-09,Humboldt,023,135768,12640,11582,1230,12812,121
2022-01-09,Imperial,025,180216,42646,40608,5953,46561,811
2022-01-09,Inyo,027,18085,3332,3149,76,3225,49
2022-01-09,Kern,029,883053,152738,144819,31074,175893,1927
2022-01-09,Kings,031,150075,37571,36041,2329,38370,389
2022-01-09,Lake,033,64148,7732,7393,312,7705,117
2022-01-09,Lassen,035,31185,7315,7172,478,7650,55
2022-01-09,Los Angeles,037,10098052,2107157,1887830,90739,1978569,27532
2022-01-09,Madera,039,155013,27580,26325,2915,29240,328
2022-01-09,Marin,041,260295,25687,23708,1294,25002,251
2022-01-09,Mariposa,043,17540,1788,1660,69,1729,6
2022-01-09,Mendocino,045,87422,9656,9097,914,10011,101
2022-01-09,Merced,047,269075,49462,47294,3033,50327,706
2022-01-09,Modoc,049,8938,629,619,213,832,6
2022-01-09,Mono,051,14174,2522,2390,73,2463,4
2022-01-09,Monterey,053,433212,58444,53251,5342,58593,645
2022-01-09,Napa,055,140530,18651,16614,442,17056,109
2022-01-09,Nevada,057,99092,12020,11152,507,11659,110
2022-01-09,Orange,059,3164182,438376,400563,30975,431538,5905
2022-01-09,Placer,061,380077,48530,45081,5139,50220,498
2022-01-09,Plumas,063,18699,2202,2081,78,2159,12
2022-01-09,Riverside,065,2383286,473183,440413,21457,461870,5546
2022-01-09,Sacramento,067,1510023,211978,195444,10979,206423,2475
2022-01-09,San Benito,069,59416,9882,9363,262,9625,83
2022-01-09,San Bernardino,071,2135413,469322,430257,17353,447610,6180
2022-01-09,San Diego,073,3302833,563910,478206,34848,513054,4500
2022-01-09,San Francisco,075,870044,90828,80463,5018,85481,690
2022-01-09,San Joaquin,077,732212,125872,118422,6971,125393,1927
2022-01-09,San Luis Obispo,079,281455,38721,36291,2114,38405,371
2022-01-09,San Mateo,081,765935,86897,73867,3001,76868,582
2022-01-09,Santa Barbara,083,443738,62033,58280,2303,60583,578
2022-01-09,Santa Clara,085,1922200,220491,199889,5554,205443,1976
2022-01-09,Santa Cruz,087,273765,29523,26513,1461,27974,232
2022-01-09,Shasta,089,179085,24716,23926,4123,28049,446
2022-01-09,Sierra,091,2930,239,223,26,249,0
2022-01-09,Siskiyou,093,43540,3700,3580,1609,5189,62
2022-01-09,Solano,095,438530,59464,54985,2766,57751,384
2022-01-09,Sonoma,097,501317,58326,53543,1386,54929,412
2022-01-09,Stanislaus,099,539301,92953,89248,11065,100313,1372
2022-01-09,Sutter,101,95872,16263,15695,601,16296,196
2022-01-09,Tehama,103,63373,9655,9306,1771,11077,140
2022-01-09,Trinity,105,12862,964,848,232,1080,19
2022-01-09,Tulare,107,460477,79003,75085,18758,93843,1186
2022-01-09,Tuolumne,109,53932,9157,8595,162,8757,91
2022-01-09,Ventura,111,848112,137020,124269,7374,131643,1217
2022-01-09,Yolo,113,214977,27660,25632,1758,27390,270
2022-01-09,Yuba,115,75493,12202,11666,538,12204,101
2022-01-08,Alameda,001,1643700,177995,148560,6706,155266,1558
2022-01-08,Alpine,002,1148,115,114,0,114,0
2022-01-08,Amador,005,37829,6453,6091,119,6210,71
2022-01-08,Butte,007,227075,25447,23429,4820,28249,347
2022-01-08,Calaveras,009,45235,5287,4823,94,4917,93
2022-01-08,Colusa,011,21464,2807,2713,796,3509,21
2022-01-08,Contra Costa,013,1133247,139420,119907,5862,125769,1077
2022-01-08,Del Norte,015,27424,4061,3902,77,3979,43
2022-01-08,El Dorado,017,186661,20859,18599,2174,20773,172
2022-01-08,Fresno,019,978130,168657,155394,15512,170906,2393
2022-01-08,Glenn,021,27897,3925,3732,1191,4923,39
2022-01-08,Humboldt,023,135768,12516,11149,1204,12353,121
2022-01-08,Imperial,025,180216,42458,39429,5811,45240,800
2022-01-08,Inyo,027,18085,3318,3020,73,3093,49
2022-01-08,Kern,029,883053,151601,140410,30643,171053,1921
2022-01-08,Kings,031,150075,37330,35275,2312,37587,390
2022-01-08,Lake,033,64148,7692,7209,304,7513,117
2022-01-08,Lassen,035,31185,7285,7127,462,7589,55
2022-01-08,Los Angeles,037,10098052,2088751,1765787,89008,1854795,27476
2022-01-08,Madera,039,155013,27413,25767,2877,28644,328
2022-01-08,Marin,041,260295,25404,22377,1283,23660,251
2022-01-08,Mariposa,043,17540,1778,1588,69,1657,6
2022-01-08,Mendocino,045,87422,9582,8792,912,9704,101
2022-01-08,Merced,047,269075,49277,46094,3009,49103,703
2022-01-08,Modoc,049,8938,629,610,213,823,6
2022-01-08,Mono,051,14174,2511,2240,68,2308,4
2022-01-08,Monterey,053,433212,58056,51721,5249,56970,644
2022-01-08,Napa,055,140530,18498,15819,416,16235,109
2022-01-08,Nevada,057,99092,11935,10765,494,11259,110
2022-01-08,Orange,059,3164182,434577,375124,30116,405240,5903
2022-01-08,Placer,061,380077,48087,43172,5097,48269,495
2022-01-08,Plumas,063,18699,2192,2053,73,2126,12
2022-01-08,Riverside,065,2383286,469665,422591,21189,443780,5535
2022-01-08,Sacramento,067,1510023,210535,185118,10821,195939,2470
2022-01-08,San Benito,069,59416,9720,9016,259,9275,83
2022-01-08,San Bernardino,071,2135413,465838,411724,16953,428677,6122
2022-01-08,San Diego,073,3302833,559009,472273,34311,506584,4495
2022-01-08,San Francisco,075,870044,89629,73660,4739,78399,690
2022-01-08,San Joaquin,077,732212,124889,112514,6872,119386,1916
2022-01-08,San Luis Obispo,079,281455,38518,34489,2071,36560,369
2022-01-08,San Mateo,081,765935,85511,67918,2914,70832,582
2022-01-08,Santa Barbara,083,443738,61338,54617,2269,56886,575
2022-01-08,Santa Clara,085,1922200,217226,183842,5317,189159,1966
2022-01-08,Santa Cruz,087,273765,29096,24678,1441,26119,230
2022-01-08,Shasta,089,179085,24624,23585,4092,27677,445
2022-01-08,Sierra,091,2930,235,215,25,240,0
2022-01-08,Siskiyou,093,43540,3688,3545,1595,5140,62
2022-01-08,Solano,095,438530,59055,52452,2694,55146,383
2022-01-08,Sonoma,097,501317,57803,50130,1352,51482,411
2022-01-08,Stanislaus,099,539301,92312,87049,10942,97991,1372
2022-01-08,Sutter,101,95872,16144,15261,588,15849,195
2022-01-08,Tehama,103,63373,9624,9109,1763,10872,140
2022-01-08,Trinity,105,12862,958,836,232,1068,19
2022-01-08,Tulare,107,460477,78604,73600,18623,92223,1185
2022-01-08,Tuolumne,109,53932,9051,8360,159,8519,91
2022-01-08,Ventura,111,848112,135850,117229,7240,124469,1216
2022-01-08,Yolo,113,214977,27368,24006,1730,25736,270
2022-01-08,Yuba,115,75493,12114,11277,535,11812,101
2022-01-07,Alameda,001,1643700,175300,148560,6589,155149,1558
2022-01-07,Alpine,002,1148,115,114,0,114,0
2022-01-07,Amador,005,37829,6404,6091,116,6207,71
2022-01-07,Butte,007,227075,25240,23429,4787,28216,347
2022-01-07,Calaveras,009,45235,5248,4823,94,4917,93
2022-01-07,Colusa,011,21464,2798,2713,785,3498,21
2022-01-07,Contra Costa,013,1133247,137466,119907,5738,125645,1077
2022-01-07,Del Norte,015,27424,4045,3902,76,3978,43
2022-01-07,El Dorado,017,186661,20674,18599,2161,20760,172
2022-01-07,Fresno,019,978130,167167,155394,15405,170799,2393
2022-01-07,Glenn,021,27897,3905,3732,1188,4920,39
2022-01-07,Humboldt,023,135768,12371,11149,1177,12326,121
2022-01-07,Imperial,025,180216,42300,39429,5728,45157,800
2022-01-07,Inyo,027,18085,3299,3020,71,3091,49
2022-01-07,Kern,029,883053,150628,140410,30198,170608,1921
2022-01-07,Kings,031,150075,37149,35275,2298,37573,390
2022-01-07,Lake,033,64148,7644,7209,279,7488,117
2022-01-07,Lassen,035,31185,7268,7127,459,7586,55
2022-01-07,Los Angeles,037,10098052,2057555,1765787,87556,1853343,27476
2022-01-07,Madera,039,155013,27229,25767,2840,28607,328
2022-01-07,Marin,041,260295,25024,22377,1265,23642,251
2022-01-07,Mariposa,043,17540,1762,1588,69,1657,6
2022-01-07,Mendocino,045,87422,9489,8792,911,9703,101
2022-01-07,Merced,047,269075,49097,46094,2985,49079,703
2022-01-07,Modoc,049,8938,628,610,213,823,6
2022-01-07,Mono,051,14174,2473,2240,62,2302,4
2022-01-07,Monterey,053,433212,57635,51721,5154,56875,644
2022-01-07,Napa,055,140530,18271,15819,397,16216,109
2022-01-07,Nevada,057,99092,11805,10765,473,11238,110
2022-01-07,Orange,059,3164182,429758,375124,29496,404620,5903
2022-01-07,Placer,061,380077,47583,43172,5048,48220,495
2022-01-07,Plumas,063,18699,2183,2053,72,2125,12
2022-01-07,Riverside,065,2383286,465835,422591,20960,443551,5535
2022-01-07,Sacramento,067,1510023,208261,185118,10666,195784,2470
2022-01-07,San Benito,069,59416,9674,9016,258,9274,83
2022-01-07,San Bernardino,071,2135413,461711,411724,16724,428448,6122
2022-01-07,San Diego,073,3302833,551903,472273,33770,506043,4495
2022-01-07,San Francisco,075,870044,88181,73660,4486,78146,690
2022-01-07,San Joaquin,077,732212,123927,112514,6811,119325,1916
2022-01-07,San Luis Obispo,079,281455,38302,34489,2016,36505,369
2022-01-07,San Mateo,081,765935,84044,67918,2855,70773,582
2022-01-07,Santa Barbara,083,443738,60643,54617,2248,56865,575
2022-01-07,Santa Clara,085,1922200,213753,183842,5202,189044,1966
2022-01-07,Santa Cruz,087,273765,28616,24678,1425,26103,230
2022-01-07,Shasta,089,179085,24525,23585,4058,27643,445
2022-01-07,Sierra,091,2930,232,215,25,240,0
2022-01-07,Siskiyou,093,43540,3677,3545,1583,5128,62
2022-01-07,Solano,095,438530,58370,52452,2649,55101,383
2022-01-07,Sonoma,097,501317,57200,50130,1267,51397,411
2022-01-07,Stanislaus,099,539301,91786,87049,10841,97890,1372
2022-01-07,Sutter,101,95872,15994,15261,575,15836,195
2022-01-07,Tehama,103,63373,9588,9109,1750,10859,140
2022-01-07,Trinity,105,12862,951,836,231,1067,19
2022-01-07,Tulare,107,460477,78176,73600,18482,92082,1185
2022-01-07,Tuolumne,109,53932,8963,8360,155,8515,91
2022-01-07,Ventura,111,848112,134224,117229,7104,124333,1216
2022-01-07,Yolo,113,214977,26996,24006,1711,25717,270
2022-01-07,Yuba,115,75493,12008,11277,530,11807,101
2022-01-06,Alameda,001,1643700,170050,148560,6174,154734,1558
2022-01-06,Alpine,002,1148,114,114,0,114,0
2022-01-06,Amador,005,37829,6353,6091,111,6202,71
2022-01-06,Butte,007,227075,24946,23429,4703,28132,347
2022-01-06,Calaveras,009,45235,5131,4823,92,4915,93
2022-01-06,Colusa,011,21464,2779,2713,777,3490,21
2022-01-06,Contra Costa,013,1133247,134337,119907,5318,125225,1077
2022-01-06,Del Norte,015,27424,4011,3902,74,3976,43
2022-01-06,El Dorado,017,186661,20333,18599,2125,20724,172
2022-01-06,Fresno,019,978130,164826,155394,15131,170525,2393
2022-01-06,Glenn,021,27897,3878,3732,1162,4894,39
2022-01-06,Humboldt,023,135768,12143,11149,1136,12285,121
2022-01-06,Imperial,025,180216,41716,39429,5527,44956,800
2022-01-06,Inyo,027,18085,3261,3020,71,3091,49
2022-01-06,Kern,029,883053,148959,140410,29533,169943,1921
2022-01-06,Kings,031,150075,36824,35275,2273,37548,390
2022-01-06,Lake,033,64148,7570,7209,268,7477,117
2022-01-06,Lassen,035,31185,7245,7127,453,7580,55
2022-01-06,Los Angeles,037,10098052,2003357,1765787,85210,1850997,27476
2022-01-06,Madera,039,155013,26923,25767,2782,28549,328
2022-01-06,Marin,041,260295,24621,22377,1233,23610,251
2022-01-06,Mariposa,043,17540,1743,1588,69,1657,6
2022-01-06,Mendocino,045,87422,9393,8792,872,9664,101
2022-01-06,Merced,047,269075,48496,46094,2831,48925,703
2022-01-06,Modoc,049,8938,627,610,213,823,6
2022-01-06,Mono,051,14174,2450,2240,59,2299,4
2022-01-06,Monterey,053,433212,56910,51721,4903,56624,644
2022-01-06,Napa,055,140530,17875,15819,388,16207,109
2022-01-06,Nevada,057,99092,11607,10765,461,11226,110
2022-01-06,Orange,059,3164182,420298,375124,28740,403864,5903
2022-01-06,Placer,061,380077,46840,43172,4964,48136,495
2022-01-06,Plumas,063,18699,2165,2053,64,2117,12
2022-01-06,Riverside,065,2383286,458359,422591,20672,443263,5535
2022-01-06,Sacramento,067,1510023,204204,185118,9900,195018,2470
2022-01-06,San Benito,069,59416,9572,9016,251,9267,83
2022-01-06,San Bernardino,071,2135413,454042,411724,16236,427960,6122
2022-01-06,San Diego,073,3302833,540280,472273,32784,505057,4495
2022-01-06,San Francisco,075,870044,85849,73660,4229,77889,690
2022-01-06,San Joaquin,077,732212,121734,112514,6728,119242,1916
2022-01-06,San Luis Obispo,079,281455,37603,34489,1946,36435,369
2022-01-06,San Mateo,081,765935,81618,67918,2674,70592,582
2022-01-06,Santa Barbara,083,443738,59475,54617,2189,56806,575
2022-01-06,Santa Clara,085,1922200,208683,183842,4811,188653,1966
2022-01-06,Santa Cruz,087,273765,28054,24678,1401,26079,230
2022-01-06,Shasta,089,179085,24377,23585,4008,27593,445
2022-01-06,Sierra,091,2930,229,215,25,240,0
2022-01-06,Siskiyou,093,43540,3661,3545,1537,5082,62
2022-01-06,Solano,095,438530,57355,52452,2464,54916,383
2022-01-06,Sonoma,097,501317,55808,50130,1234,51364,411
2022-01-06,Stanislaus,099,539301,90635,87049,10670,97719,1372
2022-01-06,Sutter,101,95872,15817,15261,547,15808,195
2022-01-06,Tehama,103,63373,9509,9109,1723,10832,140
2022-01-06,Trinity,105,12862,944,836,230,1066,19
2022-01-06,Tulare,107,460477,77468,73600,18314,91914,1185
2022-01-06,Tuolumne,109,53932,8851,8360,149,8509,91
2022-01-06,Ventura,111,848112,131540,117229,6944,124173,1216
2022-01-06,Yolo,113,214977,26441,24006,1666,25672,270
2022-01-06,Yuba,115,75493,11873,11277,513,11790,101
2022-01-05,Alameda,001,1643700,164945,144824,5750,150574,1548
2022-01-05,Alpine,002,1148,114,112,0,112,0
2022-01-05,Amador,005,37829,6310,6012,108,6120,70
2022-01-05,Butte,007,227075,24631,23134,4641,27775,343
2022-01-05,Calaveras,009,45235,5076,4758,90,4848,90
2022-01-05,Colusa,011,21464,2765,2704,766,3470,21
2022-01-05,Contra Costa,013,1133247,131059,117188,4864,122052,1071
2022-01-05,Del Norte,015,27424,3991,3862,72,3934,43
2022-01-05,El Dorado,017,186661,19938,18367,2095,20462,171
2022-01-05,Fresno,019,978130,162600,153033,14830,167863,2377
2022-01-05,Glenn,021,27897,3829,3700,1152,4852,39
2022-01-05,Humboldt,023,135768,11940,10938,1088,12026,120
2022-01-05,Imperial,025,180216,41091,38789,5375,44164,800
2022-01-05,Inyo,027,18085,3179,2939,67,3006,49
2022-01-05,Kern,029,883053,147174,138186,28963,167149,1913
2022-01-05,Kings,031,150075,36480,34893,2254,37147,387
2022-01-05,Lake,033,64148,7487,7129,252,7381,117
2022-01-05,Lassen,035,31185,7225,7077,445,7522,55
2022-01-05,Los Angeles,037,10098052,1947006,1729640,82834,1812474,27443
2022-01-05,Madera,039,155013,26683,25392,2689,28081,327
2022-01-05,Marin,041,260295,24274,21829,1184,23013,251
2022-01-05,Mariposa,043,17540,1717,1564,68,1632,6
2022-01-05,Mendocino,045,87422,9262,8625,837,9462,101
2022-01-05,Merced,047,269075,47790,45721,2690,48411,700
2022-01-05,Modoc,049,8938,624,603,213,816,6
2022-01-05,Mono,051,14174,2431,2201,55,2256,4
2022-01-05,Monterey,053,433212,56085,51241,4706,55947,639
2022-01-05,Napa,055,140530,17513,15494,358,15852,108
2022-01-05,Nevada,057,99092,11411,10624,444,11068,110
2022-01-05,Orange,059,3164182,410243,366139,27659,393798,5869
2022-01-05,Placer,061,380077,45956,42456,4871,47327,492
2022-01-05,Plumas,063,18699,2145,2020,62,2082,12
2022-01-05,Riverside,065,2383286,450910,415253,20321,435574,5502
2022-01-05,Sacramento,067,1510023,199419,181488,8937,190425,2455
2022-01-05,San Benito,069,59416,9377,8829,238,9067,83
2022-01-05,San Bernardino,071,2135413,445289,405323,15677,421000,6085
2022-01-05,San Diego,073,3302833,526706,466602,31819,498421,4495
2022-01-05,San Francisco,075,870044,83268,71405,4093,75498,686
2022-01-05,San Joaquin,077,732212,119196,110497,6649,117146,1903
2022-01-05,San Luis Obispo,079,281455,36806,34066,1869,35935,369
2022-01-05,San Mateo,081,765935,79427,66018,2476,68494,578
2022-01-05,Santa Barbara,083,443738,58167,53082,2110,55192,570
2022-01-05,Santa Clara,085,1922200,202712,178629,4397,183026,1961
2022-01-05,Santa Cruz,087,273765,27299,24394,1380,25774,229
2022-01-05,Shasta,089,179085,24221,23361,3979,27340,441
2022-01-05,Sierra,091,2930,226,210,23,233,0
2022-01-05,Siskiyou,093,43540,3651,3513,1508,5021,60
2022-01-05,Solano,095,438530,56309,51505,2329,53834,380
2022-01-05,Sonoma,097,501317,54540,49120,1077,50197,412
2022-01-05,Stanislaus,099,539301,89638,86248,10498,96746,1360
2022-01-05,Sutter,101,95872,15616,15117,508,15625,193
2022-01-05,Tehama,103,63373,9412,9011,1692,10703,140
2022-01-05,Trinity,105,12862,940,822,228,1050,19
2022-01-05,Tulare,107,460477,76685,72718,18141,90859,1173
2022-01-05,Tuolumne,109,53932,8758,8223,142,8365,90
2022-01-05,Ventura,111,848112,128789,114752,6736,121488,1211
2022-01-05,Yolo,113,214977,25832,23401,1626,25027,269
2022-01-05,Yuba,115,75493,11691,11138,487,11625,100
2022-01-04,Alameda,001,1643700,159320,143360,5345,148705,1532
2022-01-04,Alpine,002,1148,114,113,0,113,0
2022-01-04,Amador,005,37829,6243,6025,102,6127,71
2022-01-04,Butte,007,227075,24333,23094,4570,27664,346
2022-01-04,Calaveras,009,45235,5002,4767,87,4854,93
2022-01-04,Colusa,011,21464,2748,2689,760,3449,21
2022-01-04,Contra Costa,013,1133247,127704,116005,4495,120500,1075
2022-01-04,Del Norte,015,27424,3959,3882,69,3951,43
2022-01-04,El Dorado,017,186661,19585,18339,2074,20413,172
2022-01-04,Fresno,019,978130,160228,153244,14563,167807,2380
2022-01-04,Glenn,021,27897,3800,3705,1137,4842,39
2022-01-04,Humboldt,023,135768,11693,10865,1038,11903,120
2022-01-04,Imperial,025,180216,40491,38596,5114,43710,800
2022-01-04,Inyo,027,18085,3096,2870,66,2936,49
2022-01-04,Kern,029,883053,145242,138245,28381,166626,1916
2022-01-04,Kings,031,150075,36158,34931,2237,37168,388
2022-01-04,Lake,033,64148,7446,7152,243,7395,117
2022-01-04,Lassen,035,31185,7202,7111,441,7552,55
2022-01-04,Los Angeles,037,10098052,1887018,1705253,80477,1785730,27419
2022-01-04,Madera,039,155013,26339,25425,2618,28043,328
2022-01-04,Marin,041,260295,23794,21675,1125,22800,251
2022-01-04,Mariposa,043,17540,1681,1564,67,1631,6
2022-01-04,Mendocino,045,87422,9139,8636,813,9449,101
2022-01-04,Merced,047,269075,47127,45583,2557,48140,700
2022-01-04,Modoc,049,8938,621,611,213,824,6
2022-01-04,Mono,051,14174,2382,2190,45,2235,4
2022-01-04,Monterey,053,433212,55353,51176,4481,55657,643
2022-01-04,Napa,055,140530,17009,15370,328,15698,107
2022-01-04,Nevada,057,99092,11253,10608,431,11039,110
2022-01-04,Orange,059,3164182,399474,362051,26490,388541,5897
2022-01-04,Placer,061,380077,45138,42285,4757,47042,494
2022-01-04,Plumas,063,18699,2119,2014,60,2074,12
2022-01-04,Riverside,065,2383286,442386,413366,19973,433339,5504
2022-01-04,Sacramento,067,1510023,194423,181271,8181,189452,2453
2022-01-04,San Benito,069,59416,9191,8763,230,8993,79
2022-01-04,San Bernardino,071,2135413,436118,404409,15138,419547,6060
2022-01-04,San Diego,073,3302833,510372,458499,30869,489368,4487
2022-01-04,San Francisco,075,870044,80415,70666,3950,74616,688
2022-01-04,San Joaquin,077,732212,116774,110374,6496,116870,1911
2022-01-04,San Luis Obispo,079,281455,35999,33788,1782,35570,371
2022-01-04,San Mateo,081,765935,77109,65157,2288,67445,582
2022-01-04,Santa Barbara,083,443738,56642,52449,2033,54482,574
2022-01-04,Santa Clara,085,1922200,196467,176854,3933,180787,1964
2022-01-04,Santa Cruz,087,273765,26538,23904,1345,25249,228
2022-01-04,Shasta,089,179085,24075,23366,3925,27291,442
2022-01-04,Sierra,091,2930,225,214,22,236,0
2022-01-04,Siskiyou,093,43540,3636,3509,1489,4998,61
2022-01-04,Solano,095,438530,54999,51300,2133,53433,383
2022-01-04,Sonoma,097,501317,52830,48653,957,49610,410
2022-01-04,Stanislaus,099,539301,88574,86107,10328,96435,1361
2022-01-04,Sutter,101,95872,15463,15032,484,15516,193
2022-01-04,Tehama,103,63373,9334,9020,1670,10690,140
2022-01-04,Trinity,105,12862,935,833,224,1057,18
2022-01-04,Tulare,107,460477,75899,72893,17941,90834,1172
2022-01-04,Tuolumne,109,53932,8646,8235,137,8372,91
2022-01-04,Ventura,111,848112,125729,114079,6506,120585,1213
2022-01-04,Yolo,113,214977,25187,22938,1581,24519,270
2022-01-04,Yuba,115,75493,11511,11104,471,11575,101
2022-01-03,Alameda,001,1643700,153183,142090,4910,147000,1529
2022-01-03,Alpine,002,1148,113,113,0,113,0
2022-01-03,Amador,005,37829,6181,6004,97,6101,71
2022-01-03,Butte,007,227075,24031,22924,4513,27437,345
2022-01-03,Calaveras,009,45235,4941,4742,81,4823,93
2022-01-03,Colusa,011,21464,2738,2683,753,3436,21
2022-01-03,Contra Costa,013,1133247,124256,114966,3906,118872,1073
2022-01-03,Del Norte,015,27424,3939,3873,65,3938,43
2022-01-03,El Dorado,017,186661,19198,18183,2044,20227,172
2022-01-03,Fresno,019,978130,158029,152674,14347,167021,2379
2022-01-03,Glenn,021,27897,3771,3703,1102,4805,39
2022-01-03,Humboldt,023,135768,11483,10784,990,11774,119
2022-01-03,Imperial,025,180216,39859,38411,4938,43349,800
2022-01-03,Inyo,027,18085,3027,2845,62,2907,49
2022-01-03,Kern,029,883053,143245,137773,27784,165557,1916
2022-01-03,Kings,031,150075,35834,34817,2208,37025,387
2022-01-03,Lake,033,64148,7344,7134,225,7359,117
2022-01-03,Lassen,035,31185,7184,7103,438,7541,55
2022-01-03,Los Angeles,037,10098052,1826139,1686203,77733,1763936,27394
2022-01-03,Madera,039,155013,26046,25323,2574,27897,320
2022-01-03,Marin,041,260295,23198,21532,1087,22619,251
2022-01-03,Mariposa,043,17540,1639,1559,67,1626,6
2022-01-03,Mendocino,045,87422,8990,8573,763,9336,101
2022-01-03,Merced,047,269075,46476,45459,2443,47902,696
2022-01-03,Modoc,049,8938,618,602,213,815,6
2022-01-03,Mono,051,14174,2304,2172,40,2212,4
2022-01-03,Monterey,053,433212,54526,51047,4275,55322,644
2022-01-03,Napa,055,140530,16500,15260,296,15556,107
2022-01-03,Nevada,057,99092,11089,10572,422,10994,110
2022-01-03,Orange,059,3164182,388285,358052,25255,383307,5894
2022-01-03,Placer,061,380077,44331,42054,4698,46752,489
2022-01-03,Plumas,063,18699,2100,2005,60,2065,12
2022-01-03,Riverside,065,2383286,433910,410155,19478,429633,5504
2022-01-03,Sacramento,067,1510023,189247,179992,7597,187589,2452
2022-01-03,San Benito,069,59416,9029,8688,223,8911,79
2022-01-03,San Bernardino,071,2135413,427202,401938,14669,416607,6056
2022-01-03,San Diego,073,3302833,494280,451154,29924,481078,4476
2022-01-03,San Francisco,075,870044,77607,69315,3700,73015,686
2022-01-03,San Joaquin,077,732212,114457,109757,6371,116128,1903
2022-01-03,San Luis Obispo,079,281455,35189,33667,1689,35356,367
2022-01-03,San Mateo,081,765935,74391,64470,2131,66601,582
2022-01-03,Santa Barbara,083,443738,55180,51912,1939,53851,571
2022-01-03,Santa Clara,085,1922200,190364,174215,3459,177674,1963
2022-01-03,Santa Cruz,087,273765,25730,23765,1313,25078,228
2022-01-03,Shasta,089,179085,23896,23301,3898,27199,440
2022-01-03,Sierra,091,2930,218,213,21,234,0
2022-01-03,Siskiyou,093,43540,3609,3500,1467,4967,61
2022-01-03,Solano,095,438530,53697,51030,1947,52977,380
2022-01-03,Sonoma,097,501317,51132,48391,861,49252,410
2022-01-03,Stanislaus,099,539301,87577,85793,10138,95931,1332
2022-01-03,Sutter,101,95872,15306,14973,464,15437,193
2022-01-03,Tehama,103,63373,9260,9005,1644,10649,140
2022-01-03,Trinity,105,12862,930,833,223,1056,18
2022-01-03,Tulare,107,460477,75203,72664,17737,90401,1167
2022-01-03,Tuolumne,109,53932,8509,8179,133,8312,91
2022-01-03,Ventura,111,848112,122562,112762,6267,119029,1211
2022-01-03,Yolo,113,214977,24507,22563,1517,24080,270
2022-01-03,Yuba,115,75493,11378,11037,452,11489,99
2022-01-02,Alameda,001,1643700,148617,133486,4420,137906,1528
2022-01-02,Alpine,002,1148,111,113,0,113,0
2022-01-02,Amador,005,37829,6113,5913,92,6005,70
2022-01-02,Butte,007,227075,23687,22469,4451,26920,341
2022-01-02,Calaveras,009,45235,4870,4668,73,4741,93
2022-01-02,Colusa,011,21464,2731,2659,742,3401,21
2022-01-02,Contra Costa,013,1133247,120669,109593,3467,113060,1073
2022-01-02,Del Norte,015,27424,3907,3841,63,3904,43
2022-01-02,El Dorado,017,186661,18860,17621,1993,19614,172
2022-01-02,Fresno,019,978130,156177,149927,14111,164038,2379
2022-01-02,Glenn,021,27897,3750,3663,1093,4756,39
2022-01-02,Humboldt,023,135768,11241,10381,914,11295,119
2022-01-02,Imperial,025,180216,39205,37672,4729,42401,800
2022-01-02,Inyo,027,18085,2957,2726,51,2777,49
2022-01-02,Kern,029,883053,141326,136123,27184,163307,1917
2022-01-02,Kings,031,150075,35510,34318,2173,36491,386
2022-01-02,Lake,033,64148,7273,7060,211,7271,117
2022-01-02,Lassen,035,31185,7168,7089,436,7525,55
2022-01-02,Los Angeles,037,10098052,1774913,1596123,74839,1670962,27371
2022-01-02,Madera,039,155013,25794,25002,2520,27522,320
2022-01-02,Marin,041,260295,22633,20475,1016,21491,249
2022-01-02,Mariposa,043,17540,1608,1509,65,1574,6
2022-01-02,Mendocino,045,87422,8866,8422,745,9167,101
2022-01-02,Merced,047,269075,45889,44769,2338,47107,694
2022-01-02,Modoc,049,8938,616,601,212,813,6
2022-01-02,Mono,051,14174,2275,2101,35,2136,4
2022-01-02,Monterey,053,433212,53900,50251,4065,54316,643
2022-01-02,Napa,055,140530,15960,14439,285,14724,107
2022-01-02,Nevada,057,99092,10900,10299,407,10706,110
2022-01-02,Orange,059,3164182,377253,339526,24091,363617,5890
2022-01-02,Placer,061,380077,43597,40857,4610,45467,489
2022-01-02,Plumas,063,18699,2083,1994,56,2050,12
2022-01-02,Riverside,065,2383286,425563,397124,18961,416085,5501
2022-01-02,Sacramento,067,1510023,185157,173562,6761,180323,2448
2022-01-02,San Benito,069,59416,8848,8320,208,8528,79
2022-01-02,San Bernardino,071,2135413,419067,386278,14112,400390,6051
2022-01-02,San Diego,073,3302833,479246,427087,28766,455853,4469
2022-01-02,San Francisco,075,870044,74655,64498,3458,67956,682
2022-01-02,San Joaquin,077,732212,112568,106640,6230,112870,1902
2022-01-02,San Luis Obispo,079,281455,34453,32342,1606,33948,365
2022-01-02,San Mateo,081,765935,71818,60504,1891,62395,581
2022-01-02,Santa Barbara,083,443738,53741,49555,1878,51433,568
2022-01-02,Santa Clara,085,1922200,184134,164547,3059,167606,1969
2022-01-02,Santa Cruz,087,273765,25060,22980,1280,24260,228
2022-01-02,Shasta,089,179085,23702,23161,3849,27010,435
2022-01-02,Sierra,091,2930,217,206,21,227,0
2022-01-02,Siskiyou,093,43540,3584,3474,1444,4918,61
2022-01-02,Solano,095,438530,52754,48957,1783,50740,379
2022-01-02,Sonoma,097,501317,49810,46040,824,46864,410
2022-01-02,Stanislaus,099,539301,86719,84367,10001,94368,1332
2022-01-02,Sutter,101,95872,15133,14741,445,15186,193
2022-01-02,Tehama,103,63373,9195,8944,1621,10565,139
2022-01-02,Trinity,105,12862,928,832,222,1054,17
2022-01-02,Tulare,107,460477,74539,71941,17542,89483,1160
2022-01-02,Tuolumne,109,53932,8403,8044,128,8172,91
2022-01-02,Ventura,111,848112,119640,107992,6046,114038,1211
2022-01-02,Yolo,113,214977,23830,21747,1451,23198,270
2022-01-02,Yuba,115,75493,11253,10844,436,11280,99
2022-01-01,Alameda,001,1643700,146734,133486,4163,137649,1528
2022-01-01,Alpine,002,1148,111,113,0,113,0
2022-01-01,Amador,005,37829,6077,5913,87,6000,70
2022-01-01,Butte,007,227075,23492,22469,4413,26882,341
2022-01-01,Calaveras,009,45235,4831,4668,71,4739,93
2022-01-01,Colusa,011,21464,2727,2659,732,3391,21
2022-01-01,Contra Costa,013,1133247,119294,109593,3341,112934,1073
2022-01-01,Del Norte,015,27424,3902,3841,63,3904,43
2022-01-01,El Dorado,017,186661,18710,17621,1978,19599,172
2022-01-01,Fresno,019,978130,155475,149927,14028,163955,2379
2022-01-01,Glenn,021,27897,3743,3663,1093,4756,39
2022-01-01,Humboldt,023,135768,11102,10381,893,11274,119
2022-01-01,Imperial,025,180216,39055,37672,4680,42352,800
2022-01-01,Inyo,027,18085,2928,2726,49,2775,49
2022-01-01,Kern,029,883053,140625,136123,26878,163001,1917
2022-01-01,Kings,031,150075,35368,34318,2146,36464,386
2022-01-01,Lake,033,64148,7235,7060,206,7266,117
2022-01-01,Lassen,035,31185,7162,7089,431,7520,55
2022-01-01,Los Angeles,037,10098052,1754757,1596123,72891,1669014,27371
2022-01-01,Madera,039,155013,25711,25002,2506,27508,320
2022-01-01,Marin,041,260295,22321,20475,975,21450,249
2022-01-01,Mariposa,043,17540,1597,1509,65,1574,6
2022-01-01,Mendocino,045,87422,8774,8422,739,9161,101
2022-01-01,Merced,047,269075,45750,44769,2323,47092,694
2022-01-01,Modoc,049,8938,613,601,212,813,6
2022-01-01,Mono,051,14174,2251,2101,30,2131,4
2022-01-01,Monterey,053,433212,53590,50251,3978,54229,643
2022-01-01,Napa,055,140530,15810,14439,270,14709,107
2022-01-01,Nevada,057,99092,10824,10299,400,10699,110
2022-01-01,Orange,059,3164182,373028,339526,23380,362906,5890
2022-01-01,Placer,061,380077,43293,40857,4543,45400,489
2022-01-01,Plumas,063,18699,2071,1994,56,2050,12
2022-01-01,Riverside,065,2383286,422055,397124,18759,415883,5501
2022-01-01,Sacramento,067,1510023,183880,173562,6500,180062,2448
2022-01-01,San Benito,069,59416,8756,8320,208,8528,79
2022-01-01,San Bernardino,071,2135413,415798,386278,13832,400110,6051
2022-01-01,San Diego,073,3302833,473299,427087,28252,455339,4469
2022-01-01,San Francisco,075,870044,73251,64498,3249,67747,682
2022-01-01,San Joaquin,077,732212,111862,106640,6157,112797,1902
2022-01-01,San Luis Obispo,079,281455,34249,32342,1597,33939,365
2022-01-01,San Mateo,081,765935,70352,60504,1742,62246,581
2022-01-01,Santa Barbara,083,443738,52999,49555,1842,51397,568
2022-01-01,Santa Clara,085,1922200,181061,164547,2863,167410,1969
2022-01-01,Santa Cruz,087,273765,24739,22980,1262,24242,228
2022-01-01,Shasta,089,179085,23616,23161,3831,26992,435
2022-01-01,Sierra,091,2930,216,206,21,227,0
2022-01-01,Siskiyou,093,43540,3581,3474,1434,4908,61
2022-01-01,Solano,095,438530,52485,48957,1724,50681,379
2022-01-01,Sonoma,097,501317,49416,46040,794,46834,410
2022-01-01,Stanislaus,099,539301,86312,84367,9914,94281,1332
2022-01-01,Sutter,101,95872,15056,14741,443,15184,193
2022-01-01,Tehama,103,63373,9162,8944,1609,10553,139
2022-01-01,Trinity,105,12862,925,832,222,1054,17
2022-01-01,Tulare,107,460477,74293,71941,17443,89384,1160
2022-01-01,Tuolumne,109,53932,8343,8044,125,8169,91
2022-01-01,Ventura,111,848112,118252,107992,5916,113908,1211
2022-01-01,Yolo,113,214977,23411,21747,1411,23158,270
2022-01-01,Yuba,115,75493,11187,10844,430,11274,99
2021-12-31,Alameda,001,1643700,145911,133486,4063,137549,1528
2021-12-31,Alpine,002,1148,111,113,0,113,0
2021-12-31,Amador,005,37829,6053,5913,86,5999,70
2021-12-31,Butte,007,227075,23385,22469,4377,26846,341
2021-12-31,Calaveras,009,45235,4798,4668,71,4739,93
2021-12-31,Colusa,011,21464,2718,2659,726,3385,21
2021-12-31,Contra Costa,013,1133247,118397,109593,3261,112854,1073
2021-12-31,Del Norte,015,27424,3893,3841,61,3902,43
2021-12-31,El Dorado,017,186661,18619,17621,1961,19582,172
2021-12-31,Fresno,019,978130,155157,149927,14005,163932,2379
2021-12-31,Glenn,021,27897,3742,3663,1091,4754,39
2021-12-31,Humboldt,023,135768,11014,10381,874,11255,119
2021-12-31,Imperial,025,180216,38923,37672,4664,42336,800
2021-12-31,Inyo,027,18085,2901,2726,48,2774,49
2021-12-31,Kern,029,883053,140117,136123,26741,162864,1917
2021-12-31,Kings,031,150075,35257,34318,2136,36454,386
2021-12-31,Lake,033,64148,7212,7060,201,7261,117
2021-12-31,Lassen,035,31185,7148,7089,431,7520,55
2021-12-31,Los Angeles,037,10098052,1743968,1596123,72141,1668264,27371
2021-12-31,Madera,039,155013,25642,25002,2489,27491,320
2021-12-31,Marin,041,260295,22165,20475,944,21419,249
2021-12-31,Mariposa,043,17540,1590,1509,64,1573,6
2021-12-31,Mendocino,045,87422,8741,8422,736,9158,101
2021-12-31,Merced,047,269075,45666,44769,2304,47073,694
2021-12-31,Modoc,049,8938,609,601,210,811,6
2021-12-31,Mono,051,14174,2239,2101,29,2130,4
2021-12-31,Monterey,053,433212,53463,50251,3912,54163,643
2021-12-31,Napa,055,140530,15698,14439,260,14699,107
2021-12-31,Nevada,057,99092,10757,10299,394,10693,110
2021-12-31,Orange,059,3164182,370509,339526,22954,362480,5890
2021-12-31,Placer,061,380077,43043,40857,4476,45333,489
2021-12-31,Plumas,063,18699,2066,1994,56,2050,12
2021-12-31,Riverside,065,2383286,420364,397124,18604,415728,5501
2021-12-31,Sacramento,067,1510023,183011,173562,6391,179953,2448
2021-12-31,San Benito,069,59416,8742,8320,207,8527,79
2021-12-31,San Bernardino,071,2135413,413460,386278,13641,399919,6051
2021-12-31,San Diego,073,3302833,470074,427087,27942,455029,4469
2021-12-31,San Francisco,075,870044,72325,64498,3191,67689,682
2021-12-31,San Joaquin,077,732212,111234,106640,6091,112731,1902
2021-12-31,San Luis Obispo,079,281455,34141,32342,1585,33927,365
2021-12-31,San Mateo,081,765935,69471,60504,1690,62194,581
2021-12-31,Santa Barbara,083,443738,52600,49555,1830,51385,568
2021-12-31,Santa Clara,085,1922200,179078,164547,2722,167269,1969
2021-12-31,Santa Cruz,087,273765,24501,22980,1241,24221,228
2021-12-31,Shasta,089,179085,23554,23161,3810,26971,435
2021-12-31,Sierra,091,2930,216,206,21,227,0
2021-12-31,Siskiyou,093,43540,3574,3474,1423,4897,61
2021-12-31,Solano,095,438530,52327,48957,1698,50655,379
2021-12-31,Sonoma,097,501317,49163,46040,781,46821,410
2021-12-31,Stanislaus,099,539301,85986,84367,9853,94220,1332
2021-12-31,Sutter,101,95872,14995,14741,437,15178,193
2021-12-31,Tehama,103,63373,9130,8944,1600,10544,139
2021-12-31,Trinity,105,12862,924,832,222,1054,17
2021-12-31,Tulare,107,460477,74089,71941,17358,89299,1160
2021-12-31,Tuolumne,109,53932,8298,8044,124,8168,91
2021-12-31,Ventura,111,848112,117278,107992,5834,113826,1211
2021-12-31,Yolo,113,214977,23190,21747,1389,23136,270
2021-12-31,Yuba,115,75493,11130,10844,424,11268,99
2021-12-30,Alameda,001,1643700,144610,133486,3928,137414,1528
2021-12-30,Alpine,002,1148,110,113,0,113,0
2021-12-30,Amador,005,37829,6034,5913,85,5998,70
2021-12-30,Butte,007,227075,23253,22469,4352,26821,341
2021-12-30,Calaveras,009,45235,4779,4668,71,4739,93
2021-12-30,Colusa,011,21464,2717,2659,724,3383,21
2021-12-30,Contra Costa,013,1133247,117298,109593,3149,112742,1073
2021-12-30,Del Norte,015,27424,3882,3841,60,3901,43
2021-12-30,El Dorado,017,186661,18515,17621,1940,19561,172
2021-12-30,Fresno,019,978130,154617,149927,13934,163861,2379
2021-12-30,Glenn,021,27897,3736,3663,1088,4751,39
2021-12-30,Humboldt,023,135768,10947,10381,862,11243,119
2021-12-30,Imperial,025,180216,38755,37672,4554,42226,800
2021-12-30,Inyo,027,18085,2882,2726,46,2772,49
2021-12-30,Kern,029,883053,139584,136123,26441,162564,1917
2021-12-30,Kings,031,150075,35139,34318,2121,36439,386
2021-12-30,Lake,033,64148,7197,7060,196,7256,117
2021-12-30,Lassen,035,31185,7142,7089,431,7520,55
2021-12-30,Los Angeles,037,10098052,1720647,1596123,70881,1667004,27371
2021-12-30,Madera,039,155013,25565,25002,2469,27471,320
2021-12-30,Marin,041,260295,21991,20475,919,21394,249
2021-12-30,Mariposa,043,17540,1584,1509,64,1573,6
2021-12-30,Mendocino,045,87422,8724,8422,725,9147,101
2021-12-30,Merced,047,269075,45563,44769,2289,47058,694
2021-12-30,Modoc,049,8938,608,601,210,811,6
2021-12-30,Mono,051,14174,2234,2101,28,2129,4
2021-12-30,Monterey,053,433212,53150,50251,3851,54102,643
2021-12-30,Napa,055,140530,15554,14439,251,14690,107
2021-12-30,Nevada,057,99092,10693,10299,385,10684,110
2021-12-30,Orange,059,3164182,365461,339526,22398,361924,5890
2021-12-30,Placer,061,380077,42754,40857,4426,45283,489
2021-12-30,Plumas,063,18699,2062,1994,55,2049,12
2021-12-30,Riverside,065,2383286,417095,397124,18452,415576,5501
2021-12-30,Sacramento,067,1510023,181753,173562,6242,179804,2448
2021-12-30,San Benito,069,59416,8695,8320,205,8525,79
2021-12-30,San Bernardino,071,2135413,410835,386278,13494,399772,6051
2021-12-30,San Diego,073,3302833,464924,427087,27442,454529,4469
2021-12-30,San Francisco,075,870044,71237,64498,3119,67617,682
2021-12-30,San Joaquin,077,732212,110638,106640,6047,112687,1902
2021-12-30,San Luis Obispo,079,281455,34022,32342,1572,33914,365
2021-12-30,San Mateo,081,765935,68430,60504,1561,62065,581
2021-12-30,Santa Barbara,083,443738,52122,49555,1811,51366,568
2021-12-30,Santa Clara,085,1922200,176751,164547,2599,167146,1969
2021-12-30,Santa Cruz,087,273765,24262,22980,1207,24187,228
2021-12-30,Shasta,089,179085,23501,23161,3804,26965,435
2021-12-30,Sierra,091,2930,216,206,21,227,0
2021-12-30,Siskiyou,093,43540,3565,3474,1421,4895,61
2021-12-30,Solano,095,438530,51978,48957,1651,50608,379
2021-12-30,Sonoma,097,501317,48828,46040,772,46812,410
2021-12-30,Stanislaus,099,539301,85669,84367,9793,94160,1332
2021-12-30,Sutter,101,95872,14933,14741,436,15177,193
2021-12-30,Tehama,103,63373,9103,8944,1594,10538,139
2021-12-30,Trinity,105,12862,921,832,222,1054,17
2021-12-30,Tulare,107,460477,73898,71941,17282,89223,1160
2021-12-30,Tuolumne,109,53932,8259,8044,124,8168,91
2021-12-30,Ventura,111,848112,116021,107992,5731,113723,1211
2021-12-30,Yolo,113,214977,23051,21747,1363,23110,270
2021-12-30,Yuba,115,75493,11083,10844,422,11266,99
2021-12-29,Alameda,001,1643700,141368,131586,3776,135362,1529
2021-12-29,Alpine,002,1148,110,113,0,113,0
2021-12-29,Amador,005,37829,6011,5905,82,5987,70
2021-12-29,Butte,007,227075,23110,22353,4314,26667,338
2021-12-29,Calaveras,009,45235,4752,4646,69,4715,93
2021-12-29,Colusa,011,21464,2707,2657,719,3376,21
2021-12-29,Contra Costa,013,1133247,115202,108165,3023,111188,1072
2021-12-29,Del Norte,015,27424,3868,3826,58,3884,43
2021-12-29,El Dorado,017,186661,18292,17489,1922,19411,172
2021-12-29,Fresno,019,978130,153473,149318,13818,163136,2364
2021-12-29,Glenn,021,27897,3726,3653,1085,4738,39
2021-12-29,Humboldt,023,135768,10837,10249,840,11089,119
2021-12-29,Imperial,025,180216,38517,37460,4485,41945,800
2021-12-29,Inyo,027,18085,2849,2703,46,2749,49
2021-12-29,Kern,029,883053,138780,135648,26056,161704,1913
2021-12-29,Kings,031,150075,35025,34216,2115,36331,386
2021-12-29,Lake,033,64148,7166,7048,194,7242,117
2021-12-29,Lassen,035,31185,7138,7085,430,7515,55
2021-12-29,Los Angeles,037,10098052,1690635,1576414,69165,1645579,27349
2021-12-29,Madera,039,155013,25461,24923,2458,27381,320
2021-12-29,Marin,041,260295,21636,20025,898,20923,249
2021-12-29,Mariposa,043,17540,1562,1507,64,1571,6
2021-12-29,Mendocino,045,87422,8665,8386,721,9107,99
2021-12-29,Merced,047,269075,45346,44548,2274,46822,693
2021-12-29,Modoc,049,8938,605,600,210,810,6
2021-12-29,Mono,051,14174,2210,2056,27,2083,4
2021-12-29,Monterey,053,433212,52739,50097,3745,53842,641
2021-12-29,Napa,055,140530,15231,14247,233,14480,107
2021-12-29,Nevada,057,99092,10602,10274,384,10658,110
2021-12-29,Orange,059,3164182,357965,334557,21714,356271,5887
2021-12-29,Placer,061,380077,42263,40545,4352,44897,489
2021-12-29,Plumas,063,18699,2050,1990,55,2045,12
2021-12-29,Riverside,065,2383286,411674,392989,18245,411234,5486
2021-12-29,Sacramento,067,1510023,179418,172145,6071,178216,2437
2021-12-29,San Benito,069,59416,8552,8239,204,8443,79
2021-12-29,San Bernardino,071,2135413,405247,382872,13278,396150,6049
2021-12-29,San Diego,073,3302833,454087,421045,26738,447783,4461
2021-12-29,San Francisco,075,870044,69541,63117,3049,66166,684
2021-12-29,San Joaquin,077,732212,109455,106063,5977,112040,1891
2021-12-29,San Luis Obispo,079,281455,33627,31936,1523,33459,365
2021-12-29,San Mateo,081,765935,66805,59478,1453,60931,581
2021-12-29,Santa Barbara,083,443738,51284,49003,1786,50789,568
2021-12-29,Santa Clara,085,1922200,173547,162008,2468,164476,1962
2021-12-29,Santa Cruz,087,273765,23985,22669,1175,23844,228
2021-12-29,Shasta,089,179085,23427,23083,3792,26875,435
2021-12-29,Sierra,091,2930,215,206,21,227,0
2021-12-29,Siskiyou,093,43540,3553,3472,1410,4882,61
2021-12-29,Solano,095,438530,51273,48562,1598,50160,379
2021-12-29,Sonoma,097,501317,48027,45479,750,46229,410
2021-12-29,Stanislaus,099,539301,85181,84083,9733,93816,1332
2021-12-29,Sutter,101,95872,14864,14688,434,15122,193
2021-12-29,Tehama,103,63373,9078,8914,1582,10496,138
2021-12-29,Trinity,105,12862,918,832,222,1054,17
2021-12-29,Tulare,107,460477,73610,71752,17161,88913,1160
2021-12-29,Tuolumne,109,53932,8206,8012,123,8135,91
2021-12-29,Ventura,111,848112,114083,106974,5553,112527,1207
2021-12-29,Yolo,113,214977,22812,21564,1332,22896,270
2021-12-29,Yuba,115,75493,11022,10808,418,11226,99
2021-12-28,Alameda,001,1643700,138204,130427,3623,134050,1522
2021-12-28,Alpine,002,1148,110,113,0,113,0
2021-12-28,Amador,005,37829,5991,5900,81,5981,70
2021-12-28,Butte,007,227075,22965,22285,4298,26583,338
2021-12-28,Calaveras,009,45235,4734,4641,68,4709,91
2021-12-28,Colusa,011,21464,2701,2653,717,3370,21
2021-12-28,Contra Costa,013,1133247,112899,107160,2909,110069,1072
2021-12-28,Del Norte,015,27424,3862,3815,58,3873,43
2021-12-28,El Dorado,017,186661,18068,17419,1912,19331,172
2021-12-28,Fresno,019,978130,152385,148987,13735,162722,2365
2021-12-28,Glenn,021,27897,3701,3639,1081,4720,39
2021-12-28,Humboldt,023,135768,10716,10198,816,11014,119
2021-12-28,Imperial,025,180216,38222,37223,4385,41608,800
2021-12-28,Inyo,027,18085,2791,2676,45,2721,48
2021-12-28,Kern,029,883053,138059,135346,25707,161053,1909
2021-12-28,Kings,031,150075,34890,34165,2100,36265,386
2021-12-28,Lake,033,64148,7147,7044,189,7233,116
2021-12-28,Lassen,035,31185,7129,7083,430,7513,55
2021-12-28,Los Angeles,037,10098052,1658345,1561791,67522,1629313,27323
2021-12-28,Madera,039,155013,25335,24865,2438,27303,320
2021-12-28,Marin,041,260295,21224,19739,868,20607,249
2021-12-28,Mariposa,043,17540,1551,1499,63,1562,6
2021-12-28,Mendocino,045,87422,8604,8366,713,9079,98
2021-12-28,Merced,047,269075,45104,44434,2262,46696,691
2021-12-28,Modoc,049,8938,605,599,209,808,6
2021-12-28,Mono,051,14174,2187,2045,25,2070,4
2021-12-28,Monterey,053,433212,52361,49973,3672,53645,639
2021-12-28,Napa,055,140530,14913,14131,206,14337,107
2021-12-28,Nevada,057,99092,10511,10250,381,10631,110
2021-12-28,Orange,059,3164182,350305,331279,20976,352255,5882
2021-12-28,Placer,061,380077,41793,40410,4284,44694,489
2021-12-28,Plumas,063,18699,2047,1989,55,2044,12
2021-12-28,Riverside,065,2383286,406437,390343,18002,408345,5470
2021-12-28,Sacramento,067,1510023,177131,171290,5941,177231,2426
2021-12-28,San Benito,069,59416,8408,8170,202,8372,79
2021-12-28,San Bernardino,071,2135413,399336,381316,13057,394373,6047
2021-12-28,San Diego,073,3302833,443394,417383,26189,443572,4450
2021-12-28,San Francisco,075,870044,67919,61745,2991,64736,682
2021-12-28,San Joaquin,077,732212,108400,105572,5933,111505,1884
2021-12-28,San Luis Obispo,079,281455,33161,31759,1507,33266,365
2021-12-28,San Mateo,081,765935,65291,58712,1365,60077,582
2021-12-28,Santa Barbara,083,443738,50639,48493,1766,50259,568
2021-12-28,Santa Clara,085,1922200,170341,160811,2373,163184,1962
2021-12-28,Santa Cruz,087,273765,23611,22513,1137,23650,228
2021-12-28,Shasta,089,179085,23356,23035,3787,26822,434
2021-12-28,Sierra,091,2930,212,206,21,227,0
2021-12-28,Siskiyou,093,43540,3544,3468,1405,4873,60
2021-12-28,Solano,095,438530,50359,48318,1543,49861,378
2021-12-28,Sonoma,097,501317,47168,45086,725,45811,410
2021-12-28,Stanislaus,099,539301,84698,83946,9672,93618,1331
2021-12-28,Sutter,101,95872,14815,14662,431,15093,193
2021-12-28,Tehama,103,63373,9060,8893,1580,10473,138
2021-12-28,Trinity,105,12862,916,831,221,1052,17
2021-12-28,Tulare,107,460477,73330,71630,17046,88676,1156
2021-12-28,Tuolumne,109,53932,8164,8006,123,8129,91
2021-12-28,Ventura,111,848112,111976,105883,5423,111306,1207
2021-12-28,Yolo,113,214977,22478,21320,1283,22603,270
2021-12-28,Yuba,115,75493,10966,10778,415,11193,99
2021-12-27,Alameda,001,1643700,135524,129910,3491,133401,1530
2021-12-27,Alpine,002,1148,110,113,0,113,0
2021-12-27,Amador,005,37829,5963,5891,81,5972,70
2021-12-27,Butte,007,227075,22829,22234,4271,26505,335
2021-12-27,Calaveras,009,45235,4709,4630,67,4697,91
2021-12-27,Colusa,011,21464,2690,2652,711,3363,21
2021-12-27,Contra Costa,013,1133247,110732,106692,2826,109518,1071
2021-12-27,Del Norte,015,27424,3853,3802,57,3859,43
2021-12-27,El Dorado,017,186661,17908,17361,1900,19261,172
2021-12-27,Fresno,019,978130,151418,148826,13652,162478,2364
2021-12-27,Glenn,021,27897,3693,3634,1075,4709,39
2021-12-27,Humboldt,023,135768,10602,10164,794,10958,119
2021-12-27,Imperial,025,180216,37981,37180,4291,41471,800
2021-12-27,Inyo,027,18085,2762,2662,43,2705,48
2021-12-27,Kern,029,883053,137409,135119,25404,160523,1907
2021-12-27,Kings,031,150075,34739,34126,2087,36213,382
2021-12-27,Lake,033,64148,7124,7037,179,7216,116
2021-12-27,Lassen,035,31185,7123,7080,430,7510,55
2021-12-27,Los Angeles,037,10098052,1621977,1554074,65781,1619855,27300
2021-12-27,Madera,039,155013,25216,24840,2419,27259,320
2021-12-27,Marin,041,260295,20834,19601,841,20442,249
2021-12-27,Mariposa,043,17540,1536,1495,63,1558,6
2021-12-27,Mendocino,045,87422,8537,8351,708,9059,98
2021-12-27,Merced,047,269075,44872,44383,2244,46627,690
2021-12-27,Modoc,049,8938,603,599,209,808,6
2021-12-27,Mono,051,14174,2124,2026,25,2051,4
2021-12-27,Monterey,053,433212,52061,49918,3621,53539,639
2021-12-27,Napa,055,140530,14644,14083,197,14280,107
2021-12-27,Nevada,057,99092,10442,10239,373,10612,110
2021-12-27,Orange,059,3164182,342813,329222,20169,349391,5875
2021-12-27,Placer,061,380077,41414,40263,4235,44498,489
2021-12-27,Plumas,063,18699,2045,1988,53,2041,12
2021-12-27,Riverside,065,2383286,401859,389096,17746,406842,5470
2021-12-27,Sacramento,067,1510023,175099,170858,5769,176627,2422
2021-12-27,San Benito,069,59416,8290,8133,198,8331,79
2021-12-27,San Bernardino,071,2135413,393339,380526,12856,393382,6047
2021-12-27,San Diego,073,3302833,433187,414968,25701,440669,4445
2021-12-27,San Francisco,075,870044,66170,60920,2926,63846,682
2021-12-27,San Joaquin,077,732212,107480,105413,5869,111282,1876
2021-12-27,San Luis Obispo,079,281455,32716,31671,1486,33157,365
2021-12-27,San Mateo,081,765935,63763,58397,1266,59663,581
2021-12-27,Santa Barbara,083,443738,49853,48209,1746,49955,568
2021-12-27,Santa Clara,085,1922200,167332,159904,2247,162151,1961
2021-12-27,Santa Cruz,087,273765,23320,22456,1119,23575,228
2021-12-27,Shasta,089,179085,23295,23015,3776,26791,432
2021-12-27,Sierra,091,2930,212,206,21,227,0
2021-12-27,Siskiyou,093,43540,3535,3466,1400,4866,60
2021-12-27,Solano,095,438530,49626,48172,1495,49667,378
2021-12-27,Sonoma,097,501317,46592,44990,707,45697,410
2021-12-27,Stanislaus,099,539301,84243,83833,9631,93464,1331
2021-12-27,Sutter,101,95872,14759,14642,426,15068,191
2021-12-27,Tehama,103,63373,9044,8887,1572,10459,136
2021-12-27,Trinity,105,12862,916,827,221,1048,17
2021-12-27,Tulare,107,460477,73061,71562,16951,88513,1146
2021-12-27,Tuolumne,109,53932,8126,7978,122,8100,91
2021-12-27,Ventura,111,848112,109891,105212,5288,110500,1206
2021-12-27,Yolo,113,214977,22186,21300,1249,22549,270
2021-12-27,Yuba,115,75493,10905,10759,414,11173,98
2021-12-26,Alameda,001,1643700,133403,127221,3419,130640,1525
2021-12-26,Alpine,002,1148,110,113,0,113,0
2021-12-26,Amador,005,37829,5947,5861,79,5940,70
2021-12-26,Butte,007,227075,22675,22087,4241,26328,330
2021-12-26,Calaveras,009,45235,4687,4591,67,4658,91
2021-12-26,Colusa,011,21464,2679,2647,705,3352,21
2021-12-26,Contra Costa,013,1133247,108970,105022,2727,107749,1071
2021-12-26,Del Norte,015,27424,3848,3795,57,3852,43
2021-12-26,El Dorado,017,186661,17754,17188,1892,19080,172
2021-12-26,Fresno,019,978130,150707,148027,13570,161597,2358
2021-12-26,Glenn,021,27897,3681,3611,1061,4672,39
2021-12-26,Humboldt,023,135768,10459,10052,771,10823,119
2021-12-26,Imperial,025,180216,37679,36878,4201,41079,800
2021-12-26,Inyo,027,18085,2738,2636,40,2676,47
2021-12-26,Kern,029,883053,136684,134591,25147,159738,1908
2021-12-26,Kings,031,150075,34585,34009,2081,36090,379
2021-12-26,Lake,033,64148,7102,7019,176,7195,116
2021-12-26,Lassen,035,31185,7117,7072,429,7501,55
2021-12-26,Los Angeles,037,10098052,1592065,1515469,63991,1579460,27257
2021-12-26,Madera,039,155013,25097,24741,2403,27144,320
2021-12-26,Marin,041,260295,20455,19085,782,19867,249
2021-12-26,Mariposa,043,17540,1530,1480,63,1543,6
2021-12-26,Mendocino,045,87422,8486,8314,706,9020,98
2021-12-26,Merced,047,269075,44620,44208,2230,46438,690
2021-12-26,Modoc,049,8938,602,597,207,804,6
2021-12-26,Mono,051,14174,2098,2000,25,2025,4
2021-12-26,Monterey,053,433212,51780,49709,3572,53281,638
2021-12-26,Napa,055,140530,14407,13809,192,14001,107
2021-12-26,Nevada,057,99092,10382,10153,366,10519,110
2021-12-26,Orange,059,3164182,336465,322991,19373,342364,5863
2021-12-26,Placer,061,380077,41056,39852,4163,44015,489
2021-12-26,Plumas,063,18699,2037,1987,52,2039,12
2021-12-26,Riverside,065,2383286,397674,384567,17577,402144,5470
2021-12-26,Sacramento,067,1510023,173367,169144,5621,174765,2418
2021-12-26,San Benito,069,59416,8201,7991,194,8185,79
2021-12-26,San Bernardino,071,2135413,388466,376052,12679,388731,6043
2021-12-26,San Diego,073,3302833,424190,406616,25211,431827,4442
2021-12-26,San Francisco,075,870044,64591,58229,2864,61093,682
2021-12-26,San Joaquin,077,732212,106674,104590,5816,110406,1872
2021-12-26,San Luis Obispo,079,281455,32269,31290,1468,32758,365
2021-12-26,San Mateo,081,765935,62359,56973,1219,58192,581
2021-12-26,Santa Barbara,083,443738,49176,47553,1716,49269,567
2021-12-26,Santa Clara,085,1922200,164616,156872,2113,158985,1967
2021-12-26,Santa Cruz,087,273765,23036,22176,1105,23281,228
2021-12-26,Shasta,089,179085,23212,22959,3764,26723,432
2021-12-26,Sierra,091,2930,212,202,21,223,0
2021-12-26,Siskiyou,093,43540,3527,3460,1391,4851,60
2021-12-26,Solano,095,438530,49122,47646,1457,49103,377
2021-12-26,Sonoma,097,501317,46095,44358,675,45033,408
2021-12-26,Stanislaus,099,539301,83869,83368,9589,92957,1331
2021-12-26,Sutter,101,95872,14693,14533,423,14956,191
2021-12-26,Tehama,103,63373,9011,8861,1568,10429,136
2021-12-26,Trinity,105,12862,916,826,220,1046,17
2021-12-26,Tulare,107,460477,72811,71292,16845,88137,1137
2021-12-26,Tuolumne,109,53932,8089,7919,122,8041,91
2021-12-26,Ventura,111,848112,108056,103498,5141,108639,1206
2021-12-26,Yolo,113,214977,21901,21084,1210,22294,270
2021-12-26,Yuba,115,75493,10854,10694,412,11106,98
2021-12-25,Alameda,001,1643700,132315,127221,3354,130575,1525
2021-12-25,Alpine,002,1148,110,113,0,113,0
2021-12-25,Amador,005,37829,5928,5861,79,5940,70
2021-12-25,Butte,007,227075,22577,22087,4224,26311,330
2021-12-25,Calaveras,009,45235,4658,4591,66,4657,91
2021-12-25,Colusa,011,21464,2674,2647,699,3346,21
2021-12-25,Contra Costa,013,1133247,108143,105022,2672,107694,1071
2021-12-25,Del Norte,015,27424,3841,3795,56,3851,43
2021-12-25,El Dorado,017,186661,17701,17188,1881,19069,172
2021-12-25,Fresno,019,978130,150391,148027,13522,161549,2358
2021-12-25,Glenn,021,27897,3670,3611,1057,4668,39
2021-12-25,Humboldt,023,135768,10377,10052,764,10816,119
2021-12-25,Imperial,025,180216,37556,36878,4179,41057,800
2021-12-25,Inyo,027,18085,2718,2636,40,2676,47
2021-12-25,Kern,029,883053,136337,134591,25021,159612,1908
2021-12-25,Kings,031,150075,34495,34009,2074,36083,379
2021-12-25,Lake,033,64148,7090,7019,174,7193,116
2021-12-25,Lassen,035,31185,7115,7072,429,7501,55
2021-12-25,Los Angeles,037,10098052,1579237,1515469,62649,1578118,27257
2021-12-25,Madera,039,155013,25046,24741,2397,27138,320
2021-12-25,Marin,041,260295,20114,19085,733,19818,249
2021-12-25,Mariposa,043,17540,1524,1480,63,1543,6
2021-12-25,Mendocino,045,87422,8448,8314,706,9020,98
2021-12-25,Merced,047,269075,44518,44208,2228,46436,690
2021-12-25,Modoc,049,8938,602,597,207,804,6
2021-12-25,Mono,051,14174,2081,2000,25,2025,4
2021-12-25,Monterey,053,433212,51612,49709,3538,53247,638
2021-12-25,Napa,055,140530,14292,13809,184,13993,107
2021-12-25,Nevada,057,99092,10353,10153,366,10519,110
2021-12-25,Orange,059,3164182,333585,322991,18802,341793,5863
2021-12-25,Placer,061,380077,40867,39852,4129,43981,489
2021-12-25,Plumas,063,18699,2035,1987,52,2039,12
2021-12-25,Riverside,065,2383286,395389,384567,17458,402025,5470
2021-12-25,Sacramento,067,1510023,172550,169144,5516,174660,2418
2021-12-25,San Benito,069,59416,8136,7991,194,8185,79
2021-12-25,San Bernardino,071,2135413,386220,376052,12546,388598,6043
2021-12-25,San Diego,073,3302833,420121,406616,24944,431560,4442
2021-12-25,San Francisco,075,870044,63561,58229,2828,61057,682
2021-12-25,San Joaquin,077,732212,106337,104590,5784,110374,1872
2021-12-25,San Luis Obispo,079,281455,32116,31290,1459,32749,365
2021-12-25,San Mateo,081,765935,61324,56973,1176,58149,581
2021-12-25,Santa Barbara,083,443738,48812,47553,1704,49257,567
2021-12-25,Santa Clara,085,1922200,163127,156872,2046,158918,1967
2021-12-25,Santa Cruz,087,273765,22876,22176,1099,23275,228
2021-12-25,Shasta,089,179085,23179,22959,3758,26717,432
2021-12-25,Sierra,091,2930,212,202,21,223,0
2021-12-25,Siskiyou,093,43540,3524,3460,1385,4845,60
2021-12-25,Solano,095,438530,48996,47646,1439,49085,377
2021-12-25,Sonoma,097,501317,45710,44358,649,45007,408
2021-12-25,Stanislaus,099,539301,83655,83368,9563,92931,1331
2021-12-25,Sutter,101,95872,14652,14533,421,14954,191
2021-12-25,Tehama,103,63373,8991,8861,1564,10425,136
2021-12-25,Trinity,105,12862,915,826,220,1046,17
2021-12-25,Tulare,107,460477,72677,71292,16767,88059,1137
2021-12-25,Tuolumne,109,53932,8057,7919,122,8041,91
2021-12-25,Ventura,111,848112,106883,103498,5035,108533,1206
2021-12-25,Yolo,113,214977,21790,21084,1189,22273,270
2021-12-25,Yuba,115,75493,10827,10694,411,11105,98
2021-12-24,Alameda,001,1643700,131693,127221,3338,130559,1525
2021-12-24,Alpine,002,1148,110,113,0,113,0
2021-12-24,Amador,005,37829,5920,5861,78,5939,70
2021-12-24,Butte,007,227075,22520,22087,4207,26294,330
2021-12-24,Calaveras,009,45235,4652,4591,66,4657,91
2021-12-24,Colusa,011,21464,2672,2647,698,3345,21
2021-12-24,Contra Costa,013,1133247,107822,105022,2639,107661,1071
2021-12-24,Del Norte,015,27424,3834,3795,56,3851,43
2021-12-24,El Dorado,017,186661,17646,17188,1876,19064,172
2021-12-24,Fresno,019,978130,150224,148027,13509,161536,2358
2021-12-24,Glenn,021,27897,3669,3611,1057,4668,39
2021-12-24,Humboldt,023,135768,10322,10052,759,10811,119
2021-12-24,Imperial,025,180216,37472,36878,4175,41053,800
2021-12-24,Inyo,027,18085,2698,2636,40,2676,47
2021-12-24,Kern,029,883053,136214,134591,24979,159570,1908
2021-12-24,Kings,031,150075,34426,34009,2073,36082,379
2021-12-24,Lake,033,64148,7086,7019,174,7193,116
2021-12-24,Lassen,035,31185,7112,7072,429,7501,55
2021-12-24,Los Angeles,037,10098052,1574359,1515469,62121,1577590,27257
2021-12-24,Madera,039,155013,25011,24741,2392,27133,320
2021-12-24,Marin,041,260295,19968,19085,702,19787,249
2021-12-24,Mariposa,043,17540,1522,1480,63,1543,6
2021-12-24,Mendocino,045,87422,8431,8314,706,9020,98
2021-12-24,Merced,047,269075,44468,44208,2226,46434,690
2021-12-24,Modoc,049,8938,602,597,207,804,6
2021-12-24,Mono,051,14174,2068,2000,25,2025,4
2021-12-24,Monterey,053,433212,51516,49709,3512,53221,638
2021-12-24,Napa,055,140530,14227,13809,180,13989,107
2021-12-24,Nevada,057,99092,10327,10153,364,10517,110
2021-12-24,Orange,059,3164182,332518,322991,18642,341633,5863
2021-12-24,Placer,061,380077,40744,39852,4112,43964,489
2021-12-24,Plumas,063,18699,2034,1987,52,2039,12
2021-12-24,Riverside,065,2383286,394389,384567,17368,401935,5470
2021-12-24,Sacramento,067,1510023,172234,169144,5481,174625,2418
2021-12-24,San Benito,069,59416,8127,7991,193,8184,79
2021-12-24,San Bernardino,071,2135413,385072,376052,12473,388525,6043
2021-12-24,San Diego,073,3302833,418995,406616,24820,431436,4442
2021-12-24,San Francisco,075,870044,63053,58229,2811,61040,682
2021-12-24,San Joaquin,077,732212,106141,104590,5776,110366,1872
2021-12-24,San Luis Obispo,079,281455,32054,31290,1449,32739,365
2021-12-24,San Mateo,081,765935,60891,56973,1153,58126,581
2021-12-24,Santa Barbara,083,443738,48607,47553,1697,49250,567
2021-12-24,Santa Clara,085,1922200,162301,156872,2012,158884,1967
2021-12-24,Santa Cruz,087,273765,22793,22176,1096,23272,228
2021-12-24,Shasta,089,179085,23145,22959,3754,26713,432
2021-12-24,Sierra,091,2930,211,202,21,223,0
2021-12-24,Siskiyou,093,43540,3519,3460,1381,4841,60
2021-12-24,Solano,095,438530,48944,47646,1437,49083,377
2021-12-24,Sonoma,097,501317,45544,44358,641,44999,408
2021-12-24,Stanislaus,099,539301,83544,83368,9540,92908,1331
2021-12-24,Sutter,101,95872,14632,14533,418,14951,191
2021-12-24,Tehama,103,63373,8982,8861,1561,10422,136
2021-12-24,Trinity,105,12862,913,826,220,1046,17
2021-12-24,Tulare,107,460477,72609,71292,16725,88017,1137
2021-12-24,Tuolumne,109,53932,8032,7919,122,8041,91
2021-12-24,Ventura,111,848112,106436,103498,4979,108477,1206
2021-12-24,Yolo,113,214977,21716,21084,1171,22255,270
2021-12-24,Yuba,115,75493,10804,10694,410,11104,98
2021-12-23,Alameda,001,1643700,130958,127221,3303,130524,1525
2021-12-23,Alpine,002,1148,110,113,0,113,0
2021-12-23,Amador,005,37829,5908,5861,76,5937,70
2021-12-23,Butte,007,227075,22467,22087,4196,26283,330
2021-12-23,Calaveras,009,45235,4641,4591,66,4657,91
2021-12-23,Colusa,011,21464,2666,2647,694,3341,21
2021-12-23,Contra Costa,013,1133247,107391,105022,2596,107618,1071
2021-12-23,Del Norte,015,27424,3831,3795,56,3851,43
2021-12-23,El Dorado,017,186661,17582,17188,1870,19058,172
2021-12-23,Fresno,019,978130,150018,148027,13491,161518,2358
2021-12-23,Glenn,021,27897,3665,3611,1057,4668,39
2021-12-23,Humboldt,023,135768,10269,10052,756,10808,119
2021-12-23,Imperial,025,180216,37399,36878,4148,41026,800
2021-12-23,Inyo,027,18085,2685,2636,40,2676,47
2021-12-23,Kern,029,883053,136064,134591,24883,159474,1908
2021-12-23,Kings,031,150075,34385,34009,2072,36081,379
2021-12-23,Lake,033,64148,7074,7019,172,7191,116
2021-12-23,Lassen,035,31185,7111,7072,429,7501,55
2021-12-23,Los Angeles,037,10098052,1564794,1515469,61046,1576515,27257
2021-12-23,Madera,039,155013,24978,24741,2388,27129,320
2021-12-23,Marin,041,260295,19834,19085,685,19770,249
2021-12-23,Mariposa,043,17540,1517,1480,63,1543,6
2021-12-23,Mendocino,045,87422,8422,8314,706,9020,98
2021-12-23,Merced,047,269075,44419,44208,2224,46432,690
2021-12-23,Modoc,049,8938,602,597,207,804,6
2021-12-23,Mono,051,14174,2047,2000,24,2024,4
2021-12-23,Monterey,053,433212,51395,49709,3491,53200,638
2021-12-23,Napa,055,140530,14148,13809,175,13984,107
2021-12-23,Nevada,057,99092,10303,10153,363,10516,110
2021-12-23,Orange,059,3164182,330831,322991,18312,341303,5863
2021-12-23,Placer,061,380077,40619,39852,4096,43948,489
2021-12-23,Plumas,063,18699,2034,1987,52,2039,12
2021-12-23,Riverside,065,2383286,393172,384567,17299,401866,5470
2021-12-23,Sacramento,067,1510023,171777,169144,5434,174578,2418
2021-12-23,San Benito,069,59416,8108,7991,191,8182,79
2021-12-23,San Bernardino,071,2135413,383879,376052,12368,388420,6043
2021-12-23,San Diego,073,3302833,417142,406616,24623,431239,4442
2021-12-23,San Francisco,075,870044,62322,58229,2783,61012,682
2021-12-23,San Joaquin,077,732212,105923,104590,5763,110353,1872
2021-12-23,San Luis Obispo,079,281455,31982,31290,1445,32735,365
2021-12-23,San Mateo,081,765935,60328,56973,1133,58106,581
2021-12-23,Santa Barbara,083,443738,48408,47553,1695,49248,567
2021-12-23,Santa Clara,085,1922200,161393,156872,1953,158825,1967
2021-12-23,Santa Cruz,087,273765,22678,22176,1084,23260,228
2021-12-23,Shasta,089,179085,23114,22959,3751,26710,432
2021-12-23,Sierra,091,2930,208,202,21,223,0
2021-12-23,Siskiyou,093,43540,3519,3460,1379,4839,60
2021-12-23,Solano,095,438530,48836,47646,1421,49067,377
2021-12-23,Sonoma,097,501317,45365,44358,640,44998,408
2021-12-23,Stanislaus,099,539301,83415,83368,9520,92888,1331
2021-12-23,Sutter,101,95872,14615,14533,417,14950,191
2021-12-23,Tehama,103,63373,8970,8861,1557,10418,136
2021-12-23,Trinity,105,12862,913,826,220,1046,17
2021-12-23,Tulare,107,460477,72533,71292,16682,87974,1137
2021-12-23,Tuolumne,109,53932,8014,7919,121,8040,91
2021-12-23,Ventura,111,848112,105901,103498,4913,108411,1206
2021-12-23,Yolo,113,214977,21644,21084,1153,22237,270
2021-12-23,Yuba,115,75493,10791,10694,410,11104,98
2021-12-22,Alameda,001,1643700,130002,126533,3220,129753,1522
2021-12-22,Alpine,002,1148,110,112,0,112,0
2021-12-22,Amador,005,37829,5895,5850,75,5925,70
2021-12-22,Butte,007,227075,22415,22070,4182,26252,330
2021-12-22,Calaveras,009,45235,4632,4580,66,4646,91
2021-12-22,Colusa,011,21464,2666,2645,691,3336,21
2021-12-22,Contra Costa,013,1133247,106753,104559,2552,107111,1070
2021-12-22,Del Norte,015,27424,3831,3794,56,3850,43
2021-12-22,El Dorado,017,186661,17520,17140,1861,19001,172
2021-12-22,Fresno,019,978130,149739,147838,13459,161297,2349
2021-12-22,Glenn,021,27897,3660,3604,1057,4661,39
2021-12-22,Humboldt,023,135768,10207,10022,751,10773,119
2021-12-22,Imperial,025,180216,37313,36755,4111,40866,798
2021-12-22,Inyo,027,18085,2667,2632,40,2672,47
2021-12-22,Kern,029,883053,135829,134433,24801,159234,1900
2021-12-22,Kings,031,150075,34335,33953,2065,36018,376
2021-12-22,Lake,033,64148,7067,7008,170,7178,116
2021-12-22,Lassen,035,31185,7106,7069,428,7497,55
2021-12-22,Los Angeles,037,10098052,1551235,1507110,59886,1566996,27234
2021-12-22,Madera,039,155013,24940,24702,2384,27086,320
2021-12-22,Marin,041,260295,19613,18927,662,19589,249
2021-12-22,Mariposa,043,17540,1510,1480,63,1543,6
2021-12-22,Mendocino,045,87422,8413,8299,706,9005,99
2021-12-22,Merced,047,269075,44348,44137,2221,46358,689
2021-12-22,Modoc,049,8938,602,595,207,802,6
2021-12-22,Mono,051,14174,2043,1979,24,2003,4
2021-12-22,Monterey,053,433212,51239,49650,3474,53124,639
2021-12-22,Napa,055,140530,14021,13746,165,13911,107
2021-12-22,Nevada,057,99092,10275,10101,358,10459,110
2021-12-22,Orange,059,3164182,328528,321765,17884,339649,5858
2021-12-22,Placer,061,380077,40435,39758,4059,43817,489
2021-12-22,Plumas,063,18699,2030,1986,52,2038,12
2021-12-22,Riverside,065,2383286,391342,383319,17186,400505,5472
2021-12-22,Sacramento,067,1510023,171117,168695,5374,174069,2422
2021-12-22,San Benito,069,59416,8056,7971,189,8160,79
2021-12-22,San Bernardino,071,2135413,382151,375044,12283,387327,6039
2021-12-22,San Diego,073,3302833,413024,404269,24298,428567,4434
2021-12-22,San Francisco,075,870044,61335,57520,2741,60261,682
2021-12-22,San Joaquin,077,732212,105654,104385,5749,110134,1870
2021-12-22,San Luis Obispo,079,281455,31841,31175,1425,32600,365
2021-12-22,San Mateo,081,765935,59646,56604,1103,57707,581
2021-12-22,Santa Barbara,083,443738,48151,47372,1679,49051,566
2021-12-22,Santa Clara,085,1922200,160268,156258,1912,158170,1954
2021-12-22,Santa Cruz,087,273765,22572,22075,1079,23154,228
2021-12-22,Shasta,089,179085,23085,22937,3746,26683,432
2021-12-22,Sierra,091,2930,208,202,21,223,0
2021-12-22,Siskiyou,093,43540,3516,3458,1376,4834,59
2021-12-22,Solano,095,438530,48607,47531,1408,48939,375
2021-12-22,Sonoma,097,501317,45090,44201,629,44830,408
2021-12-22,Stanislaus,099,539301,83274,83245,9500,92745,1331
2021-12-22,Sutter,101,95872,14579,14513,414,14927,191
2021-12-22,Tehama,103,63373,8957,8853,1553,10406,136
2021-12-22,Trinity,105,12862,913,826,220,1046,17
2021-12-22,Tulare,107,460477,72434,71226,16634,87860,1137
2021-12-22,Tuolumne,109,53932,7993,7903,121,8024,91
2021-12-22,Ventura,111,848112,105295,103089,4808,107897,1206
2021-12-22,Yolo,113,214977,21569,21012,1139,22151,270
2021-12-22,Yuba,115,75493,10774,10681,410,11091,98
2021-12-21,Alameda,001,1643700,128978,126007,3165,129172,1518
2021-12-21,Alpine,002,1148,110,112,0,112,0
2021-12-21,Amador,005,37829,5885,5845,75,5920,70
2021-12-21,Butte,007,227075,22351,22041,4168,26209,330
2021-12-21,Calaveras,009,45235,4619,4575,66,4641,91
2021-12-21,Colusa,011,21464,2664,2643,690,3333,21
2021-12-21,Contra Costa,013,1133247,106123,104255,2487,106742,1068
2021-12-21,Del Norte,015,27424,3830,3793,56,3849,43
2021-12-21,El Dorado,017,186661,17457,17098,1849,18947,172
2021-12-21,Fresno,019,978130,149449,147707,13424,161131,2341
2021-12-21,Glenn,021,27897,3646,3602,1057,4659,39
2021-12-21,Humboldt,023,135768,10143,9989,746,10735,118
2021-12-21,Imperial,025,180216,37215,36580,4070,40650,792
2021-12-21,Inyo,027,18085,2656,2627,40,2667,47
2021-12-21,Kern,029,883053,135620,134321,24696,159017,1892
2021-12-21,Kings,031,150075,34274,33914,2064,35978,376
2021-12-21,Lake,033,64148,7062,7004,168,7172,116
2021-12-21,Lassen,035,31185,7104,7069,428,7497,55
2021-12-21,Los Angeles,037,10098052,1537328,1501169,58868,1560037,27220
2021-12-21,Madera,039,155013,24903,24688,2377,27065,320
2021-12-21,Marin,041,260295,19443,18828,627,19455,249
2021-12-21,Mariposa,043,17540,1509,1480,62,1542,6
2021-12-21,Mendocino,045,87422,8397,8282,704,8986,97
2021-12-21,Merced,047,269075,44276,44096,2217,46313,688
2021-12-21,Modoc,049,8938,600,595,205,800,6
2021-12-21,Mono,051,14174,2024,1979,24,2003,4
2021-12-21,Monterey,053,433212,51148,49586,3457,53043,638
2021-12-21,Napa,055,140530,13920,13703,154,13857,107
2021-12-21,Nevada,057,99092,10246,10095,358,10453,110
2021-12-21,Orange,059,3164182,326391,320705,17436,338141,5855
2021-12-21,Placer,061,380077,40295,39649,4030,43679,487
2021-12-21,Plumas,063,18699,2030,1975,52,2027,12
2021-12-21,Riverside,065,2383286,389618,382415,17067,399482,5465
2021-12-21,Sacramento,067,1510023,170471,168422,5319,173741,2419
2021-12-21,San Benito,069,59416,8017,7950,186,8136,79
2021-12-21,San Bernardino,071,2135413,380476,374219,12171,386390,6026
2021-12-21,San Diego,073,3302833,409288,402386,23966,426352,4424
2021-12-21,San Francisco,075,870044,60371,56950,2708,59658,681
2021-12-21,San Joaquin,077,732212,105370,104238,5730,109968,1870
2021-12-21,San Luis Obispo,079,281455,31677,31103,1413,32516,365
2021-12-21,San Mateo,081,765935,59027,56381,1080,57461,581
2021-12-21,Santa Barbara,083,443738,47923,47194,1664,48858,564
2021-12-21,Santa Clara,085,1922200,159244,155769,1870,157639,1951
2021-12-21,Santa Cruz,087,273765,22455,22028,1069,23097,228
2021-12-21,Shasta,089,179085,23053,22920,3742,26662,429
2021-12-21,Sierra,091,2930,206,201,21,222,0
2021-12-21,Siskiyou,093,43540,3515,3455,1376,4831,59
2021-12-21,Solano,095,438530,48452,47474,1401,48875,372
2021-12-21,Sonoma,097,501317,44868,44051,619,44670,408
2021-12-21,Stanislaus,099,539301,83120,83167,9469,92636,1331
2021-12-21,Sutter,101,95872,14556,14492,413,14905,190
2021-12-21,Tehama,103,63373,8949,8849,1548,10397,136
2021-12-21,Trinity,105,12862,912,826,220,1046,17
2021-12-21,Tulare,107,460477,72340,71166,16593,87759,1137
2021-12-21,Tuolumne,109,53932,7969,7893,121,8014,91
2021-12-21,Ventura,111,848112,104677,102631,4695,107326,1205
2021-12-21,Yolo,113,214977,21462,20944,1135,22079,267
2021-12-21,Yuba,115,75493,10757,10668,410,11078,98
2021-12-20,Alameda,001,1643700,128014,125762,3096,128858,1515
2021-12-20,Alpine,002,1148,110,112,0,112,0
2021-12-20,Amador,005,37829,5871,5838,75,5913,70
2021-12-20,Butte,007,227075,22289,22030,4154,26184,329
2021-12-20,Calaveras,009,45235,4609,4569,66,4635,91
2021-12-20,Colusa,011,21464,2663,2644,690,3334,21
2021-12-20,Contra Costa,013,1133247,105586,104051,2439,106490,1068
2021-12-20,Del Norte,015,27424,3828,3792,56,3848,43
2021-12-20,El Dorado,017,186661,17397,17083,1841,18924,172
2021-12-20,Fresno,019,978130,149208,147605,13394,160999,2341
2021-12-20,Glenn,021,27897,3640,3597,1057,4654,39
2021-12-20,Humboldt,023,135768,10101,9973,742,10715,118
2021-12-20,Imperial,025,180216,37099,36532,4040,40572,792
2021-12-20,Inyo,027,18085,2653,2615,40,2655,47
2021-12-20,Kern,029,883053,135421,134203,24636,158839,1883
2021-12-20,Kings,031,150075,34232,33898,2063,35961,376
2021-12-20,Lake,033,64148,7057,6999,168,7167,116
2021-12-20,Lassen,035,31185,7102,7065,427,7492,55
2021-12-20,Los Angeles,037,10098052,1525832,1495251,58143,1553394,27188
2021-12-20,Madera,039,155013,24874,24668,2373,27041,313
2021-12-20,Marin,041,260295,19228,18747,609,19356,249
2021-12-20,Mariposa,043,17540,1500,1479,62,1541,6
2021-12-20,Mendocino,045,87422,8385,8264,702,8966,96
2021-12-20,Merced,047,269075,44219,44071,2212,46283,687
2021-12-20,Modoc,049,8938,600,595,202,797,6
2021-12-20,Mono,051,14174,2001,1973,24,1997,4
2021-12-20,Monterey,053,433212,51052,49556,3437,52993,636
2021-12-20,Napa,055,140530,13835,13672,144,13816,107
2021-12-20,Nevada,057,99092,10206,10079,357,10436,109
2021-12-20,Orange,059,3164182,324780,320235,17122,337357,5852
2021-12-20,Placer,061,380077,40163,39579,4000,43579,485
2021-12-20,Plumas,063,18699,2027,1971,50,2021,12
2021-12-20,Riverside,065,2383286,388171,381841,16978,398819,5452
2021-12-20,Sacramento,067,1510023,169900,168153,5279,173432,2414
2021-12-20,San Benito,069,59416,7973,7934,184,8118,79
2021-12-20,San Bernardino,071,2135413,378936,373881,12086,385967,6023
2021-12-20,San Diego,073,3302833,406070,401483,23728,425211,4412
2021-12-20,San Francisco,075,870044,59311,56661,2651,59312,681
2021-12-20,San Joaquin,077,732212,105128,104188,5719,109907,1865
2021-12-20,San Luis Obispo,079,281455,31563,31075,1405,32480,365
2021-12-20,San Mateo,081,765935,58479,56247,1061,57308,581
2021-12-20,Santa Barbara,083,443738,47711,47131,1659,48790,562
2021-12-20,Santa Clara,085,1922200,158280,155427,1821,157248,1950
2021-12-20,Santa Cruz,087,273765,22374,21989,1064,23053,227
2021-12-20,Shasta,089,179085,23032,22888,3737,26625,429
2021-12-20,Sierra,091,2930,205,201,21,222,0
2021-12-20,Siskiyou,093,43540,3514,3453,1374,4827,59
2021-12-20,Solano,095,438530,48325,47394,1393,48787,370
2021-12-20,Sonoma,097,501317,44678,43982,611,44593,408
2021-12-20,Stanislaus,099,539301,82994,83110,9440,92550,1331
2021-12-20,Sutter,101,95872,14533,14480,413,14893,190
2021-12-20,Tehama,103,63373,8941,8840,1545,10385,136
2021-12-20,Trinity,105,12862,912,826,220,1046,17
2021-12-20,Tulare,107,460477,72246,71124,16535,87659,1129
2021-12-20,Tuolumne,109,53932,7955,7867,117,7984,91
2021-12-20,Ventura,111,848112,104170,102452,4619,107071,1203
2021-12-20,Yolo,113,214977,21368,20903,1123,22026,267
2021-12-20,Yuba,115,75493,10741,10656,407,11063,97
2021-12-19,Alameda,001,1643700,127121,125464,3056,128520,1519
2021-12-19,Alpine,002,1148,110,112,0,112,0
2021-12-19,Amador,005,37829,5859,5832,74,5906,70
2021-12-19,Butte,007,227075,22234,22022,4146,26168,329
2021-12-19,Calaveras,009,45235,4593,4563,65,4628,91
2021-12-19,Colusa,011,21464,2663,2643,687,3330,21
2021-12-19,Contra Costa,013,1133247,105095,103906,2405,106311,1068
2021-12-19,Del Norte,015,27424,3824,3797,56,3853,43
2021-12-19,El Dorado,017,186661,17338,17067,1839,18906,172
2021-12-19,Fresno,019,978130,148966,147505,13368,160873,2341
2021-12-19,Glenn,021,27897,3636,3596,1056,4652,39
2021-12-19,Humboldt,023,135768,10058,9957,737,10694,118
2021-12-19,Imperial,025,180216,36970,36501,3997,40498,792
2021-12-19,Inyo,027,18085,2644,2613,40,2653,47
2021-12-19,Kern,029,883053,135222,134136,24568,158704,1883
2021-12-19,Kings,031,150075,34173,33874,2059,35933,378
2021-12-19,Lake,033,64148,7048,6999,165,7164,116
2021-12-19,Lassen,035,31185,7098,7065,427,7492,55
2021-12-19,Los Angeles,037,10098052,1516821,1495082,57543,1552625,27189
2021-12-19,Madera,039,155013,24849,24642,2367,27009,313
2021-12-19,Marin,041,260295,19052,18707,586,19293,249
2021-12-19,Mariposa,043,17540,1494,1475,62,1537,6
2021-12-19,Mendocino,045,87422,8368,8257,699,8956,96
2021-12-19,Merced,047,269075,44124,44045,2205,46250,687
2021-12-19,Modoc,049,8938,599,595,202,797,6
2021-12-19,Mono,051,14174,1990,1968,23,1991,4
2021-12-19,Monterey,053,433212,50949,49516,3416,52932,636
2021-12-19,Napa,055,140530,13762,13659,135,13794,107
2021-12-19,Nevada,057,99092,10170,10057,354,10411,109
2021-12-19,Orange,059,3164182,323368,319615,16895,336510,5852
2021-12-19,Placer,061,380077,40039,39525,3984,43509,485
2021-12-19,Plumas,063,18699,2024,1971,50,2021,12
2021-12-19,Riverside,065,2383286,386726,381305,16903,398208,5452
2021-12-19,Sacramento,067,1510023,169404,167933,5250,173183,2415
2021-12-19,San Benito,069,59416,7948,7929,183,8112,79
2021-12-19,San Bernardino,071,2135413,377602,373480,12048,385528,6023
2021-12-19,San Diego,073,3302833,403592,398197,23532,421729,4406
2021-12-19,San Francisco,075,870044,58430,56358,2595,58953,681
2021-12-19,San Joaquin,077,732212,104869,104125,5705,109830,1865
2021-12-19,San Luis Obispo,079,281455,31439,31035,1394,32429,366
2021-12-19,San Mateo,081,765935,58012,56132,1046,57178,581
2021-12-19,Santa Barbara,083,443738,47488,47070,1652,48722,562
2021-12-19,Santa Clara,085,1922200,157391,155049,1795,156844,1950
2021-12-19,Santa Cruz,087,273765,22275,21960,1059,23019,227
2021-12-19,Shasta,089,179085,22995,22875,3733,26608,429
2021-12-19,Sierra,091,2930,204,201,21,222,0
2021-12-19,Siskiyou,093,43540,3511,3452,1374,4826,59
2021-12-19,Solano,095,438530,48204,47341,1387,48728,370
2021-12-19,Sonoma,097,501317,44494,43944,609,44553,408
2021-12-19,Stanislaus,099,539301,82856,83040,9408,92448,1331
2021-12-19,Sutter,101,95872,14493,14475,412,14887,190
2021-12-19,Tehama,103,63373,8933,8840,1545,10385,136
2021-12-19,Trinity,105,12862,912,826,220,1046,17
2021-12-19,Tulare,107,460477,72153,71085,16493,87578,1129
2021-12-19,Tuolumne,109,53932,7938,7865,116,7981,91
2021-12-19,Ventura,111,848112,103590,102170,4554,106724,1203
2021-12-19,Yolo,113,214977,21286,20887,1105,21992,267
2021-12-19,Yuba,115,75493,10724,10646,405,11051,97
2021-12-18,Alameda,001,1643700,126710,124583,3029,127612,1512
2021-12-18,Alpine,002,1148,110,110,0,110,0
2021-12-18,Amador,005,37829,5853,5821,74,5895,69
2021-12-18,Butte,007,227075,22218,21956,4141,26097,328
2021-12-18,Calaveras,009,45235,4586,4534,65,4599,91
2021-12-18,Colusa,011,21464,2659,2635,685,3320,21
2021-12-18,Contra Costa,013,1133247,104880,103380,2391,105771,1065
2021-12-18,Del Norte,015,27424,3821,3791,56,3847,43
2021-12-18,El Dorado,017,186661,17310,16968,1836,18804,171
2021-12-18,Fresno,019,978130,148863,147038,13354,160392,2335
2021-12-18,Glenn,021,27897,3633,3590,1056,4646,39
2021-12-18,Humboldt,023,135768,10042,9889,737,10626,118
2021-12-18,Imperial,025,180216,36897,36280,3985,40265,790
2021-12-18,Inyo,027,18085,2638,2607,40,2647,47
2021-12-18,Kern,029,883053,135132,133754,24523,158277,1873
2021-12-18,Kings,031,150075,34140,33783,2055,35838,374
2021-12-18,Lake,033,64148,7047,6976,165,7141,115
2021-12-18,Lassen,035,31185,7096,7061,426,7487,55
2021-12-18,Los Angeles,037,10098052,1512722,1484840,57231,1542071,27135
2021-12-18,Madera,039,155013,24834,24575,2365,26940,313
2021-12-18,Marin,041,260295,18952,18537,574,19111,249
2021-12-18,Mariposa,043,17540,1493,1468,62,1530,6
2021-12-18,Mendocino,045,87422,8362,8219,699,8918,95
2021-12-18,Merced,047,269075,44089,43929,2204,46133,686
2021-12-18,Modoc,049,8938,597,595,202,797,6
2021-12-18,Mono,051,14174,1988,1956,23,1979,4
2021-12-18,Monterey,053,433212,50891,49343,3411,52754,635
2021-12-18,Napa,055,140530,13736,13581,133,13714,107
2021-12-18,Nevada,057,99092,10148,9991,352,10343,108
2021-12-18,Orange,059,3164182,322700,318149,16759,334908,5844
2021-12-18,Placer,061,380077,39937,39336,3970,43306,485
2021-12-18,Plumas,063,18699,2024,1964,50,2014,13
2021-12-18,Riverside,065,2383286,386025,379354,16862,396216,5439
2021-12-18,Sacramento,067,1510023,169167,167046,5230,172276,2404
2021-12-18,San Benito,069,59416,7933,7894,183,8077,79
2021-12-18,San Bernardino,071,2135413,376932,371658,12020,383678,6017
2021-12-18,San Diego,073,3302833,402626,397130,23481,420611,4399
2021-12-18,San Francisco,075,870044,57936,55562,2565,58127,679
2021-12-18,San Joaquin,077,732212,104782,103698,5695,109393,1858
2021-12-18,San Luis Obispo,079,281455,31397,30873,1388,32261,365
2021-12-18,San Mateo,081,765935,57772,55730,1041,56771,580
2021-12-18,Santa Barbara,083,443738,47392,46776,1650,48426,562
2021-12-18,Santa Clara,085,1922200,156935,154243,1782,156025,1946
2021-12-18,Santa Cruz,087,273765,22223,21805,1057,22862,225
2021-12-18,Shasta,089,179085,22974,22811,3733,26544,429
2021-12-18,Sierra,091,2930,204,199,21,220,0
2021-12-18,Siskiyou,093,43540,3509,3441,1373,4814,58
2021-12-18,Solano,095,438530,48157,47174,1385,48559,369
2021-12-18,Sonoma,097,501317,44384,43658,605,44263,407
2021-12-18,Stanislaus,099,539301,82774,82736,9396,92132,1330
2021-12-18,Sutter,101,95872,14475,14435,412,14847,190
2021-12-18,Tehama,103,63373,8926,8814,1544,10358,136
2021-12-18,Trinity,105,12862,912,823,220,1043,17
2021-12-18,Tulare,107,460477,72115,70922,16468,87390,1120
2021-12-18,Tuolumne,109,53932,7924,7834,116,7950,91
2021-12-18,Ventura,111,848112,103305,101612,4532,106144,1201
2021-12-18,Yolo,113,214977,21246,20793,1100,21893,267
2021-12-18,Yuba,115,75493,10713,10599,405,11004,96
2021-12-17,Alameda,001,1643700,126366,124583,3010,127593,1512
2021-12-17,Alpine,002,1148,110,110,0,110,0
2021-12-17,Amador,005,37829,5846,5821,74,5895,69
2021-12-17,Butte,007,227075,22197,21956,4134,26090,328
2021-12-17,Calaveras,009,45235,4582,4534,65,4599,91
2021-12-17,Colusa,011,21464,2658,2635,684,3319,21
2021-12-17,Contra Costa,013,1133247,104678,103380,2387,105767,1065
2021-12-17,Del Norte,015,27424,3820,3791,56,3847,43
2021-12-17,El Dorado,017,186661,17282,16968,1833,18801,171
2021-12-17,Fresno,019,978130,148760,147038,13353,160391,2335
2021-12-17,Glenn,021,27897,3626,3590,1056,4646,39
2021-12-17,Humboldt,023,135768,10022,9889,735,10624,118
2021-12-17,Imperial,025,180216,36834,36280,3967,40247,790
2021-12-17,Inyo,027,18085,2633,2607,40,2647,47
2021-12-17,Kern,029,883053,135040,133754,24482,158236,1873
2021-12-17,Kings,031,150075,34121,33783,2055,35838,374
2021-12-17,Lake,033,64148,7043,6976,165,7141,115
2021-12-17,Lassen,035,31185,7096,7061,425,7486,55
2021-12-17,Los Angeles,037,10098052,1508776,1484840,56994,1541834,27135
2021-12-17,Madera,039,155013,24818,24575,2360,26935,313
2021-12-17,Marin,041,260295,18876,18537,570,19107,249
2021-12-17,Mariposa,043,17540,1489,1468,62,1530,6
2021-12-17,Mendocino,045,87422,8351,8219,699,8918,95
2021-12-17,Merced,047,269075,44063,43929,2203,46132,686
2021-12-17,Modoc,049,8938,597,595,202,797,6
2021-12-17,Mono,051,14174,1985,1956,23,1979,4
2021-12-17,Monterey,053,433212,50833,49343,3406,52749,635
2021-12-17,Napa,055,140530,13709,13581,132,13713,107
2021-12-17,Nevada,057,99092,10137,9991,352,10343,108
2021-12-17,Orange,059,3164182,322136,318149,16692,334841,5844
2021-12-17,Placer,061,380077,39882,39336,3964,43300,485
2021-12-17,Plumas,063,18699,2023,1964,50,2014,13
2021-12-17,Riverside,065,2383286,385369,379354,16852,396206,5439
2021-12-17,Sacramento,067,1510023,168934,167046,5217,172263,2404
2021-12-17,San Benito,069,59416,7931,7894,183,8077,79
2021-12-17,San Bernardino,071,2135413,376370,371658,12003,383661,6017
2021-12-17,San Diego,073,3302833,401697,397130,23433,420563,4399
2021-12-17,San Francisco,075,870044,57608,55562,2535,58097,679
2021-12-17,San Joaquin,077,732212,104707,103698,5678,109376,1858
2021-12-17,San Luis Obispo,079,281455,31367,30873,1385,32258,365
2021-12-17,San Mateo,081,765935,57584,55730,1034,56764,580
2021-12-17,Santa Barbara,083,443738,47314,46776,1644,48420,562
2021-12-17,Santa Clara,085,1922200,156562,154243,1768,156011,1946
2021-12-17,Santa Cruz,087,273765,22176,21805,1053,22858,225
2021-12-17,Shasta,089,179085,22962,22811,3731,26542,429
2021-12-17,Sierra,091,2930,203,199,21,220,0
2021-12-17,Siskiyou,093,43540,3505,3441,1371,4812,58
2021-12-17,Solano,095,438530,48091,47174,1381,48555,369
2021-12-17,Sonoma,097,501317,44287,43658,602,44260,407
2021-12-17,Stanislaus,099,539301,82723,82736,9389,92125,1330
2021-12-17,Sutter,101,95872,14463,14435,410,14845,190
2021-12-17,Tehama,103,63373,8919,8814,1543,10357,136
2021-12-17,Trinity,105,12862,912,823,220,1043,17
2021-12-17,Tulare,107,460477,72073,70922,16438,87360,1120
2021-12-17,Tuolumne,109,53932,7912,7834,116,7950,91
2021-12-17,Ventura,111,848112,103055,101612,4520,106132,1201
2021-12-17,Yolo,113,214977,21210,20793,1098,21891,267
2021-12-17,Yuba,115,75493,10702,10599,403,11002,96
2021-12-16,Alameda,001,1643700,125985,124583,2995,127578,1512
2021-12-16,Alpine,002,1148,108,110,0,110,0
2021-12-16,Amador,005,37829,5838,5821,74,5895,69
2021-12-16,Butte,007,227075,22177,21956,4130,26086,328
2021-12-16,Calaveras,009,45235,4575,4534,65,4599,91
2021-12-16,Colusa,011,21464,2658,2635,684,3319,21
2021-12-16,Contra Costa,013,1133247,104456,103380,2377,105757,1065
2021-12-16,Del Norte,015,27424,3817,3791,56,3847,43
2021-12-16,El Dorado,017,186661,17247,16968,1828,18796,171
2021-12-16,Fresno,019,978130,148601,147038,13345,160383,2335
2021-12-16,Glenn,021,27897,3626,3590,1053,4643,39
2021-12-16,Humboldt,023,135768,9998,9889,725,10614,118
2021-12-16,Imperial,025,180216,36750,36280,3939,40219,790
2021-12-16,Inyo,027,18085,2629,2607,39,2646,47
2021-12-16,Kern,029,883053,134896,133754,24433,158187,1873
2021-12-16,Kings,031,150075,34097,33783,2054,35837,374
2021-12-16,Lake,033,64148,7039,6976,165,7141,115
2021-12-16,Lassen,035,31185,7093,7061,424,7485,55
2021-12-16,Los Angeles,037,10098052,1504562,1484840,56731,1541571,27135
2021-12-16,Madera,039,155013,24789,24575,2356,26931,313
2021-12-16,Marin,041,260295,18829,18537,563,19100,249
2021-12-16,Mariposa,043,17540,1487,1468,62,1530,6
2021-12-16,Mendocino,045,87422,8340,8219,694,8913,95
2021-12-16,Merced,047,269075,44024,43929,2202,46131,686
2021-12-16,Modoc,049,8938,597,595,202,797,6
2021-12-16,Mono,051,14174,1982,1956,23,1979,4
2021-12-16,Monterey,053,433212,50762,49343,3389,52732,635
2021-12-16,Napa,055,140530,13677,13581,132,13713,107
2021-12-16,Nevada,057,99092,10111,9991,352,10343,108
2021-12-16,Orange,059,3164182,321523,318149,16612,334761,5844
2021-12-16,Placer,061,380077,39803,39336,3959,43295,485
2021-12-16,Plumas,063,18699,2023,1964,50,2014,13
2021-12-16,Riverside,065,2383286,384560,379354,16838,396192,5439
2021-12-16,Sacramento,067,1510023,168649,167046,5193,172239,2404
2021-12-16,San Benito,069,59416,7924,7894,183,8077,79
2021-12-16,San Bernardino,071,2135413,375704,371658,11983,383641,6017
2021-12-16,San Diego,073,3302833,400528,397130,23367,420497,4399
2021-12-16,San Francisco,075,870044,57228,55562,2513,58075,679
2021-12-16,San Joaquin,077,732212,104585,103698,5671,109369,1858
2021-12-16,San Luis Obispo,079,281455,31297,30873,1379,32252,365
2021-12-16,San Mateo,081,765935,57384,55730,1031,56761,580
2021-12-16,Santa Barbara,083,443738,47193,46776,1640,48416,562
2021-12-16,Santa Clara,085,1922200,156230,154243,1758,156001,1946
2021-12-16,Santa Cruz,087,273765,22130,21805,1052,22857,225
2021-12-16,Shasta,089,179085,22932,22811,3729,26540,429
2021-12-16,Sierra,091,2930,203,199,21,220,0
2021-12-16,Siskiyou,093,43540,3504,3441,1367,4808,58
2021-12-16,Solano,095,438530,48022,47174,1374,48548,369
2021-12-16,Sonoma,097,501317,44187,43658,600,44258,407
2021-12-16,Stanislaus,099,539301,82636,82736,9375,92111,1330
2021-12-16,Sutter,101,95872,14449,14435,409,14844,190
2021-12-16,Tehama,103,63373,8912,8814,1542,10356,136
2021-12-16,Trinity,105,12862,912,823,220,1043,17
2021-12-16,Tulare,107,460477,72024,70922,16413,87335,1120
2021-12-16,Tuolumne,109,53932,7891,7834,116,7950,91
2021-12-16,Ventura,111,848112,102788,101612,4513,106125,1201
2021-12-16,Yolo,113,214977,21159,20793,1093,21886,267
2021-12-16,Yuba,115,75493,10686,10599,402,11001,96
2021-12-15,Alameda,001,1643700,125656,124342,2984,127326,1509
2021-12-15,Alpine,002,1148,108,109,0,109,0
2021-12-15,Amador,005,37829,5832,5810,74,5884,69
2021-12-15,Butte,007,227075,22153,21922,4129,26051,327
2021-12-15,Calaveras,009,45235,4569,4523,65,4588,89
2021-12-15,Colusa,011,21464,2657,2632,683,3315,21
2021-12-15,Contra Costa,013,1133247,104237,103236,2374,105610,1064
2021-12-15,Del Norte,015,27424,3816,3789,55,3844,43
2021-12-15,El Dorado,017,186661,17217,16936,1822,18758,171
2021-12-15,Fresno,019,978130,148472,146859,13330,160189,2319
2021-12-15,Glenn,021,27897,3625,3589,1053,4642,39
2021-12-15,Humboldt,023,135768,9978,9854,724,10578,118
2021-12-15,Imperial,025,180216,36671,36187,3895,40082,789
2021-12-15,Inyo,027,18085,2624,2606,39,2645,47
2021-12-15,Kern,029,883053,134758,133590,24387,157977,1866
2021-12-15,Kings,031,150075,34068,33716,2050,35766,374
2021-12-15,Lake,033,64148,7031,6968,164,7132,115
2021-12-15,Lassen,035,31185,7093,7062,424,7486,55
2021-12-15,Los Angeles,037,10098052,1500653,1482735,56532,1539267,27116
2021-12-15,Madera,039,155013,24771,24549,2350,26899,313
2021-12-15,Marin,041,260295,18770,18514,558,19072,249
2021-12-15,Mariposa,043,17540,1484,1463,62,1525,6
2021-12-15,Mendocino,045,87422,8335,8209,691,8900,95
2021-12-15,Merced,047,269075,43982,43890,2190,46080,685
2021-12-15,Modoc,049,8938,597,595,202,797,6
2021-12-15,Mono,051,14174,1978,1955,23,1978,4
2021-12-15,Monterey,053,433212,50707,49279,3371,52650,635
2021-12-15,Napa,055,140530,13648,13557,130,13687,107
2021-12-15,Nevada,057,99092,10090,9958,352,10310,107
2021-12-15,Orange,059,3164182,320939,317808,16570,334378,5838
2021-12-15,Placer,061,380077,39745,39264,3949,43213,485
2021-12-15,Plumas,063,18699,2019,1957,50,2007,12
2021-12-15,Riverside,065,2383286,383837,378769,16827,395596,5438
2021-12-15,Sacramento,067,1510023,168341,166793,5173,171966,2401
2021-12-15,San Benito,069,59416,7909,7877,183,8060,79
2021-12-15,San Bernardino,071,2135413,375137,371122,11950,383072,6013
2021-12-15,San Diego,073,3302833,399332,396546,23297,419843,4395
2021-12-15,San Francisco,075,870044,56909,55414,2495,57909,679
2021-12-15,San Joaquin,077,732212,104434,103579,5661,109240,1853
2021-12-15,San Luis Obispo,079,281455,31248,30784,1372,32156,365
2021-12-15,San Mateo,081,765935,57242,55657,1021,56678,580
2021-12-15,Santa Barbara,083,443738,47112,46681,1638,48319,562
2021-12-15,Santa Clara,085,1922200,155918,153928,1740,155668,1944
2021-12-15,Santa Cruz,087,273765,22090,21753,1045,22798,225
2021-12-15,Shasta,089,179085,22917,22778,3725,26503,427
2021-12-15,Sierra,091,2930,203,199,21,220,0
2021-12-15,Siskiyou,093,43540,3503,3434,1366,4800,58
2021-12-15,Solano,095,438530,47951,47098,1368,48466,367
2021-12-15,Sonoma,097,501317,44103,43580,595,44175,407
2021-12-15,Stanislaus,099,539301,82528,82628,9367,91995,1298
2021-12-15,Sutter,101,95872,14429,14428,408,14836,189
2021-12-15,Tehama,103,63373,8905,8806,1541,10347,136
2021-12-15,Trinity,105,12862,911,822,220,1042,17
2021-12-15,Tulare,107,460477,71972,70846,16384,87230,1120
2021-12-15,Tuolumne,109,53932,7882,7818,115,7933,91
2021-12-15,Ventura,111,848112,102573,101447,4507,105954,1199
2021-12-15,Yolo,113,214977,21130,20749,1089,21838,267
2021-12-15,Yuba,115,75493,10676,10587,401,10988,96
2021-12-14,Alameda,001,1643700,125323,124272,2972,127244,1506
2021-12-14,Alpine,002,1148,107,109,0,109,0
2021-12-14,Amador,005,37829,5826,5808,73,5881,69
2021-12-14,Butte,007,227075,22120,21901,4127,26028,326
2021-12-14,Calaveras,009,45235,4557,4517,65,4582,89
2021-12-14,Colusa,011,21464,2655,2628,683,3311,21
2021-12-14,Contra Costa,013,1133247,104053,103135,2370,105505,1064
2021-12-14,Del Norte,015,27424,3813,3788,55,3843,43
2021-12-14,El Dorado,017,186661,17182,16915,1820,18735,170
2021-12-14,Fresno,019,978130,148301,146756,13322,160078,2316
2021-12-14,Glenn,021,27897,3624,3589,1053,4642,39
2021-12-14,Humboldt,023,135768,9966,9836,716,10552,118
2021-12-14,Imperial,025,180216,36599,36049,3852,39901,789
2021-12-14,Inyo,027,18085,2623,2601,39,2640,46
2021-12-14,Kern,029,883053,134620,133498,24338,157836,1863
2021-12-14,Kings,031,150075,34031,33693,2047,35740,373
2021-12-14,Lake,033,64148,7022,6961,164,7125,115
2021-12-14,Lassen,035,31185,7092,7061,424,7485,55
2021-12-14,Los Angeles,037,10098052,1496982,1481131,56356,1537487,27099
2021-12-14,Madera,039,155013,24744,24535,2342,26877,313
2021-12-14,Marin,041,260295,18722,18491,556,19047,249
2021-12-14,Mariposa,043,17540,1481,1463,61,1524,6
2021-12-14,Mendocino,045,87422,8307,8206,689,8895,95
2021-12-14,Merced,047,269075,43936,43870,2188,46058,684
2021-12-14,Modoc,049,8938,596,595,202,797,6
2021-12-14,Mono,051,14174,1971,1955,23,1978,4
2021-12-14,Monterey,053,433212,50622,49237,3361,52598,635
2021-12-14,Napa,055,140530,13619,13528,130,13658,107
2021-12-14,Nevada,057,99092,10064,9956,351,10307,106
2021-12-14,Orange,059,3164182,320385,317465,16516,333981,5827
2021-12-14,Placer,061,380077,39669,39221,3944,43165,482
2021-12-14,Plumas,063,18699,2015,1950,48,1998,12
2021-12-14,Riverside,065,2383286,383143,378227,16810,395037,5427
2021-12-14,Sacramento,067,1510023,168031,166605,5150,171755,2394
2021-12-14,San Benito,069,59416,7891,7871,183,8054,79
2021-12-14,San Bernardino,071,2135413,374505,370604,11918,382522,6013
2021-12-14,San Diego,073,3302833,398194,395876,23246,419122,4393
2021-12-14,San Francisco,075,870044,56593,55278,2484,57762,679
2021-12-14,San Joaquin,077,732212,104291,103488,5644,109132,1848
2021-12-14,San Luis Obispo,079,281455,31187,30753,1368,32121,363
2021-12-14,San Mateo,081,765935,57078,55601,1014,56615,580
2021-12-14,Santa Barbara,083,443738,47010,46648,1634,48282,560
2021-12-14,Santa Clara,085,1922200,155596,153814,1727,155541,1945
2021-12-14,Santa Cruz,087,273765,22025,21737,1040,22777,225
2021-12-14,Shasta,089,179085,22890,22756,3724,26480,427
2021-12-14,Sierra,091,2930,201,199,21,220,0
2021-12-14,Siskiyou,093,43540,3498,3430,1365,4795,58
2021-12-14,Solano,095,438530,47903,47065,1362,48427,367
2021-12-14,Sonoma,097,501317,44020,43538,593,44131,407
2021-12-14,Stanislaus,099,539301,82441,82581,9351,91932,1293
2021-12-14,Sutter,101,95872,14417,14421,407,14828,189
2021-12-14,Tehama,103,63373,8901,8805,1541,10346,134
2021-12-14,Trinity,105,12862,911,821,220,1041,17
2021-12-14,Tulare,107,460477,71900,70803,16354,87157,1120
2021-12-14,Tuolumne,109,53932,7869,7815,115,7930,91
2021-12-14,Ventura,111,848112,102349,101343,4500,105843,1199
2021-12-14,Yolo,113,214977,21091,20734,1081,21815,267
2021-12-14,Yuba,115,75493,10659,10574,401,10975,92
2021-12-13,Alameda,001,1643700,125032,124174,2955,127129,1501
2021-12-13,Alpine,002,1148,107,109,0,109,0
2021-12-13,Amador,005,37829,5822,5797,73,5870,69
2021-12-13,Butte,007,227075,22096,21889,4123,26012,326
2021-12-13,Calaveras,009,45235,4550,4507,64,4571,89
2021-12-13,Colusa,011,21464,2652,2627,683,3310,21
2021-12-13,Contra Costa,013,1133247,103899,103041,2360,105401,1064
2021-12-13,Del Norte,015,27424,3809,3787,55,3842,42
2021-12-13,El Dorado,017,186661,17159,16896,1818,18714,170
2021-12-13,Fresno,019,978130,148151,146641,13312,159953,2312
2021-12-13,Glenn,021,27897,3620,3589,1051,4640,37
2021-12-13,Humboldt,023,135768,9937,9821,712,10533,118
2021-12-13,Imperial,025,180216,36515,35974,3831,39805,787
2021-12-13,Inyo,027,18085,2622,2592,39,2631,46
2021-12-13,Kern,029,883053,134494,133381,24285,157666,1863
2021-12-13,Kings,031,150075,33988,33680,2042,35722,372
2021-12-13,Lake,033,64148,7020,6958,162,7120,115
2021-12-13,Lassen,035,31185,7091,7057,424,7481,55
2021-12-13,Los Angeles,037,10098052,1494197,1480195,56196,1536391,27085
2021-12-13,Madera,039,155013,24715,24527,2337,26864,311
2021-12-13,Marin,041,260295,18662,18471,553,19024,249
2021-12-13,Mariposa,043,17540,1479,1462,61,1523,6
2021-12-13,Mendocino,045,87422,8294,8196,687,8883,95
2021-12-13,Merced,047,269075,43896,43848,2184,46032,682
2021-12-13,Modoc,049,8938,595,595,202,797,6
2021-12-13,Mono,051,14174,1964,1952,23,1975,4
2021-12-13,Monterey,053,433212,50571,49222,3342,52564,631
2021-12-13,Napa,055,140530,13606,13518,130,13648,107
2021-12-13,Nevada,057,99092,10045,9946,350,10296,106
2021-12-13,Orange,059,3164182,319914,317112,16464,333576,5824
2021-12-13,Placer,061,380077,39608,39168,3933,43101,481
2021-12-13,Plumas,063,18699,2011,1943,48,1991,12
2021-12-13,Riverside,065,2383286,382562,377728,16795,394523,5414
2021-12-13,Sacramento,067,1510023,167753,166439,5118,171557,2392
2021-12-13,San Benito,069,59416,7882,7856,183,8039,79
2021-12-13,San Bernardino,071,2135413,373924,370274,11910,382184,6011
2021-12-13,San Diego,073,3302833,397388,395266,23194,418460,4389
2021-12-13,San Francisco,075,870044,56322,55245,2471,57716,678
2021-12-13,San Joaquin,077,732212,104176,103449,5635,109084,1846
2021-12-13,San Luis Obispo,079,281455,31137,30746,1364,32110,363
2021-12-13,San Mateo,081,765935,56919,55569,1005,56574,580
2021-12-13,Santa Barbara,083,443738,46922,46608,1629,48237,560
2021-12-13,Santa Clara,085,1922200,155331,153672,1716,155388,1944
2021-12-13,Santa Cruz,087,273765,21970,21698,1037,22735,225
2021-12-13,Shasta,089,179085,22869,22731,3722,26453,426
2021-12-13,Sierra,091,2930,201,199,21,220,0
2021-12-13,Siskiyou,093,43540,3494,3426,1362,4788,57
2021-12-13,Solano,095,438530,47829,47045,1357,48402,365
2021-12-13,Sonoma,097,501317,43924,43492,591,44083,407
2021-12-13,Stanislaus,099,539301,82324,82507,9328,91835,1282
2021-12-13,Sutter,101,95872,14410,14408,407,14815,188
2021-12-13,Tehama,103,63373,8889,8800,1541,10341,134
2021-12-13,Trinity,105,12862,911,820,220,1040,17
2021-12-13,Tulare,107,460477,71842,70758,16330,87088,1114
2021-12-13,Tuolumne,109,53932,7858,7804,115,7919,91
2021-12-13,Ventura,111,848112,102124,101180,4489,105669,1197
2021-12-13,Yolo,113,214977,21039,20706,1079,21785,267
2021-12-13,Yuba,115,75493,10641,10570,401,10971,92
2021-12-12,Alameda,001,1643700,124750,124075,2943,127018,1503
2021-12-12,Alpine,002,1148,107,109,0,109,0
2021-12-12,Amador,005,37829,5814,5797,72,5869,69
2021-12-12,Butte,007,227075,22072,21874,4117,25991,326
2021-12-12,Calaveras,009,45235,4539,4501,64,4565,89
2021-12-12,Colusa,011,21464,2647,2627,680,3307,21
2021-12-12,Contra Costa,013,1133247,103710,102976,2357,105333,1065
2021-12-12,Del Norte,015,27424,3806,3793,55,3848,42
2021-12-12,El Dorado,017,186661,17123,16890,1810,18700,170
2021-12-12,Fresno,019,978130,147988,146518,13297,159815,2310
2021-12-12,Glenn,021,27897,3617,3589,1051,4640,37
2021-12-12,Humboldt,023,135768,9912,9804,705,10509,118
2021-12-12,Imperial,025,180216,36381,35926,3800,39726,787
2021-12-12,Inyo,027,18085,2617,2592,39,2631,46
2021-12-12,Kern,029,883053,134328,133314,24244,157558,1861
2021-12-12,Kings,031,150075,33937,33661,2040,35701,372
2021-12-12,Lake,033,64148,7012,6955,161,7116,115
2021-12-12,Lassen,035,31185,7090,7057,424,7481,55
2021-12-12,Los Angeles,037,10098052,1491281,1479054,56019,1535073,27074
2021-12-12,Madera,039,155013,24685,24493,2330,26823,311
2021-12-12,Marin,041,260295,18609,18451,549,19000,249
2021-12-12,Mariposa,043,17540,1478,1461,61,1522,6
2021-12-12,Mendocino,045,87422,8281,8190,686,8876,95
2021-12-12,Merced,047,269075,43862,43821,2177,45998,682
2021-12-12,Modoc,049,8938,595,595,201,796,6
2021-12-12,Mono,051,14174,1960,1947,23,1970,4
2021-12-12,Monterey,053,433212,50517,49192,3316,52508,631
2021-12-12,Napa,055,140530,13563,13508,128,13636,107
2021-12-12,Nevada,057,99092,10019,9938,349,10287,106
2021-12-12,Orange,059,3164182,319407,316918,16400,333318,5825
2021-12-12,Placer,061,380077,39544,39139,3927,43066,481
2021-12-12,Plumas,063,18699,2007,1942,46,1988,12
2021-12-12,Riverside,065,2383286,381886,377467,16770,394237,5414
2021-12-12,Sacramento,067,1510023,167485,166291,5097,171388,2392
2021-12-12,San Benito,069,59416,7862,7853,183,8036,79
2021-12-12,San Bernardino,071,2135413,373276,369977,11886,381863,6011
2021-12-12,San Diego,073,3302833,396493,393307,23156,416463,4378
2021-12-12,San Francisco,075,870044,56066,55180,2459,57639,678
2021-12-12,San Joaquin,077,732212,104036,103405,5625,109030,1846
2021-12-12,San Luis Obispo,079,281455,31084,30719,1362,32081,363
2021-12-12,San Mateo,081,765935,56802,55505,1001,56506,580
2021-12-12,Santa Barbara,083,443738,46847,46586,1627,48213,560
2021-12-12,Santa Clara,085,1922200,155045,153452,1702,155154,1945
2021-12-12,Santa Cruz,087,273765,21921,21671,1035,22706,225
2021-12-12,Shasta,089,179085,22841,22732,3721,26453,426
2021-12-12,Sierra,091,2930,201,199,21,220,0
2021-12-12,Siskiyou,093,43540,3494,3424,1362,4786,57
2021-12-12,Solano,095,438530,47763,47021,1354,48375,365
2021-12-12,Sonoma,097,501317,43832,43424,588,44012,407
2021-12-12,Stanislaus,099,539301,82224,82460,9315,91775,1282
2021-12-12,Sutter,101,95872,14399,14396,407,14803,189
2021-12-12,Tehama,103,63373,8878,8796,1539,10335,134
2021-12-12,Trinity,105,12862,909,820,220,1040,17
2021-12-12,Tulare,107,460477,71766,70733,16288,87021,1115
2021-12-12,Tuolumne,109,53932,7841,7794,115,7909,91
2021-12-12,Ventura,111,848112,101930,101105,4475,105580,1197
2021-12-12,Yolo,113,214977,20983,20685,1074,21759,267
2021-12-12,Yuba,115,75493,10627,10565,398,10963,92
2021-12-11,Alameda,001,1643700,124611,123572,2941,126513,1496
2021-12-11,Alpine,002,1148,107,109,0,109,0
2021-12-11,Amador,005,37829,5809,5787,72,5859,69
2021-12-11,Butte,007,227075,22058,21819,4115,25934,326
2021-12-11,Calaveras,009,45235,4531,4469,63,4532,89
2021-12-11,Colusa,011,21464,2643,2619,679,3298,21
2021-12-11,Contra Costa,013,1133247,103624,102618,2355,104973,1061
2021-12-11,Del Norte,015,27424,3806,3778,55,3833,42
2021-12-11,El Dorado,017,186661,17103,16796,1809,18605,170
2021-12-11,Fresno,019,978130,147899,145988,13288,159276,2294
2021-12-11,Glenn,021,27897,3615,3585,1051,4636,37
2021-12-11,Humboldt,023,135768,9895,9721,702,10423,118
2021-12-11,Imperial,025,180216,36323,35635,3791,39426,782
2021-12-11,Inyo,027,18085,2612,2576,39,2615,46
2021-12-11,Kern,029,883053,134259,132852,24210,157062,1854
2021-12-11,Kings,031,150075,33924,33530,2038,35568,371
2021-12-11,Lake,033,64148,7011,6932,159,7091,114
2021-12-11,Lassen,035,31185,7089,7049,424,7473,55
2021-12-11,Los Angeles,037,10098052,1490067,1474030,55929,1529959,27031
2021-12-11,Madera,039,155013,24679,24417,2329,26746,311
2021-12-11,Marin,041,260295,18575,18339,546,18885,249
2021-12-11,Mariposa,043,17540,1477,1450,61,1511,6
2021-12-11,Mendocino,045,87422,8275,8130,686,8816,95
2021-12-11,Merced,047,269075,43843,43690,2176,45866,681
2021-12-11,Modoc,049,8938,595,594,201,795,6
2021-12-11,Mono,051,14174,1956,1926,23,1949,4
2021-12-11,Monterey,053,433212,50488,49008,3313,52321,631
2021-12-11,Napa,055,140530,13546,13459,128,13587,107
2021-12-11,Nevada,057,99092,10006,9880,349,10229,106
2021-12-11,Orange,059,3164182,319157,315759,16372,332131,5805
2021-12-11,Placer,061,380077,39485,38959,3920,42879,481
2021-12-11,Plumas,063,18699,2001,1934,46,1980,12
2021-12-11,Riverside,065,2383286,381466,375649,16755,392404,5408
2021-12-11,Sacramento,067,1510023,167354,165530,5090,170620,2386
2021-12-11,San Benito,069,59416,7848,7808,183,7991,79
2021-12-11,San Bernardino,071,2135413,372913,368145,11876,380021,6007
2021-12-11,San Diego,073,3302833,396070,392274,23118,415392,4374
2021-12-11,San Francisco,075,870044,55913,54869,2454,57323,678
2021-12-11,San Joaquin,077,732212,103975,103013,5621,108634,1842
2021-12-11,San Luis Obispo,079,281455,31062,30567,1358,31925,362
2021-12-11,San Mateo,081,765935,56723,55284,999,56283,580
2021-12-11,Santa Barbara,083,443738,46812,46309,1627,47936,559
2021-12-11,Santa Clara,085,1922200,154847,152846,1690,154536,1941
2021-12-11,Santa Cruz,087,273765,21897,21557,1035,22592,225
2021-12-11,Shasta,089,179085,22826,22660,3717,26377,419
2021-12-11,Sierra,091,2930,201,199,21,220,0
2021-12-11,Siskiyou,093,43540,3488,3418,1359,4777,57
2021-12-11,Solano,095,438530,47734,46891,1350,48241,365
2021-12-11,Sonoma,097,501317,43783,43227,588,43815,407
2021-12-11,Stanislaus,099,539301,82175,82133,9306,91439,1264
2021-12-11,Sutter,101,95872,14390,14354,407,14761,187
2021-12-11,Tehama,103,63373,8875,8776,1537,10313,134
2021-12-11,Trinity,105,12862,909,819,220,1039,17
2021-12-11,Tulare,107,460477,71722,70523,16278,86801,1103
2021-12-11,Tuolumne,109,53932,7832,7760,115,7875,91
2021-12-11,Ventura,111,848112,101855,100711,4468,105179,1195
2021-12-11,Yolo,113,214977,20964,20608,1070,21678,267
2021-12-11,Yuba,115,75493,10615,10519,397,10916,92
2021-12-10,Alameda,001,1643700,124487,123572,2933,126505,1496
2021-12-10,Alpine,002,1148,106,109,0,109,0
2021-12-10,Amador,005,37829,5802,5787,72,5859,69
2021-12-10,Butte,007,227075,22045,21819,4113,25932,326
2021-12-10,Calaveras,009,45235,4528,4469,63,4532,89
2021-12-10,Colusa,011,21464,2642,2619,679,3298,21
2021-12-10,Contra Costa,013,1133247,103527,102618,2354,104972,1061
2021-12-10,Del Norte,015,27424,3806,3778,55,3833,42
2021-12-10,El Dorado,017,186661,17090,16796,1809,18605,170
2021-12-10,Fresno,019,978130,147811,145988,13277,159265,2294
2021-12-10,Glenn,021,27897,3615,3585,1051,4636,37
2021-12-10,Humboldt,023,135768,9878,9721,700,10421,118
2021-12-10,Imperial,025,180216,36268,35635,3776,39411,782
2021-12-10,Inyo,027,18085,2609,2576,39,2615,46
2021-12-10,Kern,029,883053,134170,132852,24186,157038,1854
2021-12-10,Kings,031,150075,33909,33530,2036,35566,371
2021-12-10,Lake,033,64148,7004,6932,159,7091,114
2021-12-10,Lassen,035,31185,7088,7049,424,7473,55
2021-12-10,Los Angeles,037,10098052,1488979,1474030,55843,1529873,27031
2021-12-10,Madera,039,155013,24661,24417,2327,26744,311
2021-12-10,Marin,041,260295,18553,18339,546,18885,249
2021-12-10,Mariposa,043,17540,1474,1450,61,1511,6
2021-12-10,Mendocino,045,87422,8268,8130,685,8815,95
2021-12-10,Merced,047,269075,43825,43690,2174,45864,681
2021-12-10,Modoc,049,8938,595,594,201,795,6
2021-12-10,Mono,051,14174,1953,1926,23,1949,4
2021-12-10,Monterey,053,433212,50451,49008,3307,52315,631
2021-12-10,Napa,055,140530,13534,13459,127,13586,107
2021-12-10,Nevada,057,99092,9997,9880,349,10229,106
2021-12-10,Orange,059,3164182,318889,315759,16340,332099,5805
2021-12-10,Placer,061,380077,39444,38959,3917,42876,481
2021-12-10,Plumas,063,18699,1999,1934,46,1980,12
2021-12-10,Riverside,065,2383286,381057,375649,16745,392394,5408
2021-12-10,Sacramento,067,1510023,167202,165530,5088,170618,2386
2021-12-10,San Benito,069,59416,7844,7808,183,7991,79
2021-12-10,San Bernardino,071,2135413,372541,368145,11853,379998,6007
2021-12-10,San Diego,073,3302833,395590,392274,23104,415378,4374
2021-12-10,San Francisco,075,870044,55828,54869,2448,57317,678
2021-12-10,San Joaquin,077,732212,103919,103013,5617,108630,1842
2021-12-10,San Luis Obispo,079,281455,31052,30567,1355,31922,362
2021-12-10,San Mateo,081,765935,56666,55284,996,56280,580
2021-12-10,Santa Barbara,083,443738,46776,46309,1626,47935,559
2021-12-10,Santa Clara,085,1922200,154677,152846,1677,154523,1941
2021-12-10,Santa Cruz,087,273765,21877,21557,1034,22591,225
2021-12-10,Shasta,089,179085,22815,22660,3714,26374,419
2021-12-10,Sierra,091,2930,201,199,21,220,0
2021-12-10,Siskiyou,093,43540,3481,3418,1359,4777,57
2021-12-10,Solano,095,438530,47692,46891,1346,48237,365
2021-12-10,Sonoma,097,501317,43749,43227,587,43814,407
2021-12-10,Stanislaus,099,539301,82109,82133,9300,91433,1264
2021-12-10,Sutter,101,95872,14382,14354,407,14761,187
2021-12-10,Tehama,103,63373,8873,8776,1535,10311,134
2021-12-10,Trinity,105,12862,909,819,220,1039,17
2021-12-10,Tulare,107,460477,71693,70523,16254,86777,1103
2021-12-10,Tuolumne,109,53932,7826,7760,115,7875,91
2021-12-10,Ventura,111,848112,101751,100711,4465,105176,1195
2021-12-10,Yolo,113,214977,20950,20608,1068,21676,267
2021-12-10,Yuba,115,75493,10603,10519,396,10915,92
2021-12-09,Alameda,001,1643700,124343,123572,2928,126500,1496
2021-12-09,Alpine,002,1148,106,109,0,109,0
2021-12-09,Amador,005,37829,5799,5787,71,5858,69
2021-12-09,Butte,007,227075,22025,21819,4109,25928,326
2021-12-09,Calaveras,009,45235,4519,4469,63,4532,89
2021-12-09,Colusa,011,21464,2640,2619,679,3298,21
2021-12-09,Contra Costa,013,1133247,103408,102618,2348,104966,1061
2021-12-09,Del Norte,015,27424,3805,3778,55,3833,42
2021-12-09,El Dorado,017,186661,17062,16796,1804,18600,170
2021-12-09,Fresno,019,978130,147663,145988,13264,159252,2294
2021-12-09,Glenn,021,27897,3615,3585,1051,4636,37
2021-12-09,Humboldt,023,135768,9855,9721,699,10420,118
2021-12-09,Imperial,025,180216,36197,35635,3747,39382,782
2021-12-09,Inyo,027,18085,2607,2576,39,2615,46
2021-12-09,Kern,029,883053,134044,132852,24153,157005,1854
2021-12-09,Kings,031,150075,33882,33530,2033,35563,371
2021-12-09,Lake,033,64148,6995,6932,159,7091,114
2021-12-09,Lassen,035,31185,7086,7049,424,7473,55
2021-12-09,Los Angeles,037,10098052,1487438,1474030,55759,1529789,27031
2021-12-09,Madera,039,155013,24636,24417,2324,26741,311
2021-12-09,Marin,041,260295,18539,18339,544,18883,249
2021-12-09,Mariposa,043,17540,1473,1450,61,1511,6
2021-12-09,Mendocino,045,87422,8255,8130,682,8812,95
2021-12-09,Merced,047,269075,43787,43690,2162,45852,681
2021-12-09,Modoc,049,8938,595,594,201,795,6
2021-12-09,Mono,051,14174,1949,1926,23,1949,4
2021-12-09,Monterey,053,433212,50405,49008,3296,52304,631
2021-12-09,Napa,055,140530,13514,13459,123,13582,107
2021-12-09,Nevada,057,99092,9978,9880,349,10229,106
2021-12-09,Orange,059,3164182,318552,315759,16301,332060,5805
2021-12-09,Placer,061,380077,39400,38959,3904,42863,481
2021-12-09,Plumas,063,18699,1991,1934,46,1980,12
2021-12-09,Riverside,065,2383286,380506,375649,16729,392378,5408
2021-12-09,Sacramento,067,1510023,166981,165530,5073,170603,2386
2021-12-09,San Benito,069,59416,7831,7808,182,7990,79
2021-12-09,San Bernardino,071,2135413,372026,368145,11829,379974,6007
2021-12-09,San Diego,073,3302833,394944,392274,23074,415348,4374
2021-12-09,San Francisco,075,870044,55743,54869,2441,57310,678
2021-12-09,San Joaquin,077,732212,103827,103013,5612,108625,1842
2021-12-09,San Luis Obispo,079,281455,31024,30567,1352,31919,362
2021-12-09,San Mateo,081,765935,56578,55284,994,56278,580
2021-12-09,Santa Barbara,083,443738,46696,46309,1620,47929,559
2021-12-09,Santa Clara,085,1922200,154460,152846,1666,154512,1941
2021-12-09,Santa Cruz,087,273765,21849,21557,1034,22591,225
2021-12-09,Shasta,089,179085,22799,22660,3713,26373,419
2021-12-09,Sierra,091,2930,201,199,21,220,0
2021-12-09,Siskiyou,093,43540,3477,3418,1358,4776,57
2021-12-09,Solano,095,438530,47655,46891,1344,48235,365
2021-12-09,Sonoma,097,501317,43693,43227,585,43812,407
2021-12-09,Stanislaus,099,539301,82038,82133,9285,91418,1264
2021-12-09,Sutter,101,95872,14367,14354,407,14761,187
2021-12-09,Tehama,103,63373,8866,8776,1533,10309,134
2021-12-09,Trinity,105,12862,909,819,220,1039,17
2021-12-09,Tulare,107,460477,71637,70523,16226,86749,1103
2021-12-09,Tuolumne,109,53932,7815,7760,114,7874,91
2021-12-09,Ventura,111,848112,101605,100711,4453,105164,1195
2021-12-09,Yolo,113,214977,20927,20608,1060,21668,267
2021-12-09,Yuba,115,75493,10595,10519,393,10912,92
2021-12-08,Alameda,001,1643700,124192,123438,2918,126356,1496
2021-12-08,Alpine,002,1148,106,108,0,108,0
2021-12-08,Amador,005,37829,5794,5781,71,5852,69
2021-12-08,Butte,007,227075,22008,21780,4106,25886,326
2021-12-08,Calaveras,009,45235,4511,4455,63,4518,89
2021-12-08,Colusa,011,21464,2637,2619,678,3297,21
2021-12-08,Contra Costa,013,1133247,103279,102506,2348,104854,1058
2021-12-08,Del Norte,015,27424,3804,3767,55,3822,42
2021-12-08,El Dorado,017,186661,17030,16757,1804,18561,170
2021-12-08,Fresno,019,978130,147502,145830,13250,159080,2293
2021-12-08,Glenn,021,27897,3615,3584,1048,4632,37
2021-12-08,Humboldt,023,135768,9834,9704,697,10401,117
2021-12-08,Imperial,025,180216,36116,35537,3717,39254,782
2021-12-08,Inyo,027,18085,2604,2570,39,2609,46
2021-12-08,Kern,029,883053,133921,132709,24105,156814,1846
2021-12-08,Kings,031,150075,33847,33468,2032,35500,371
2021-12-08,Lake,033,64148,6989,6927,158,7085,114
2021-12-08,Lassen,035,31185,7085,7041,422,7463,55
2021-12-08,Los Angeles,037,10098052,1485891,1472410,55648,1528058,27018
2021-12-08,Madera,039,155013,24615,24396,2317,26713,311
2021-12-08,Marin,041,260295,18518,18305,541,18846,249
2021-12-08,Mariposa,043,17540,1470,1447,61,1508,6
2021-12-08,Mendocino,045,87422,8242,8118,681,8799,95
2021-12-08,Merced,047,269075,43755,43631,2155,45786,680
2021-12-08,Modoc,049,8938,595,594,201,795,6
2021-12-08,Mono,051,14174,1943,1924,23,1947,4
2021-12-08,Monterey,053,433212,50338,48957,3283,52240,631
2021-12-08,Napa,055,140530,13500,13421,123,13544,107
2021-12-08,Nevada,057,99092,9962,9862,349,10211,106
2021-12-08,Orange,059,3164182,318205,315421,16264,331685,5795
2021-12-08,Placer,061,380077,39348,38934,3900,42834,478
2021-12-08,Plumas,063,18699,1989,1924,46,1970,12
2021-12-08,Riverside,065,2383286,379993,375099,16706,391805,5404
2021-12-08,Sacramento,067,1510023,166726,165278,5046,170324,2373
2021-12-08,San Benito,069,59416,7822,7793,182,7975,79
2021-12-08,San Bernardino,071,2135413,371544,367516,11805,379321,6006
2021-12-08,San Diego,073,3302833,394294,391676,23043,414719,4369
2021-12-08,San Francisco,075,870044,55656,54792,2433,57225,677
2021-12-08,San Joaquin,077,732212,103725,102877,5603,108480,1841
2021-12-08,San Luis Obispo,079,281455,30975,30519,1347,31866,361
2021-12-08,San Mateo,081,765935,56511,55220,988,56208,580
2021-12-08,Santa Barbara,083,443738,46641,46250,1617,47867,558
2021-12-08,Santa Clara,085,1922200,154297,152674,1655,154329,1937
2021-12-08,Santa Cruz,087,273765,21802,21505,1032,22537,224
2021-12-08,Shasta,089,179085,22779,22616,3707,26323,419
2021-12-08,Sierra,091,2930,201,199,21,220,0
2021-12-08,Siskiyou,093,43540,3476,3415,1356,4771,57
2021-12-08,Solano,095,438530,47625,46837,1343,48180,365
2021-12-08,Sonoma,097,501317,43631,43179,584,43763,405
2021-12-08,Stanislaus,099,539301,81957,82038,9272,91310,1264
2021-12-08,Sutter,101,95872,14351,14336,405,14741,187
2021-12-08,Tehama,103,63373,8857,8768,1533,10301,133
2021-12-08,Trinity,105,12862,909,818,220,1038,17
2021-12-08,Tulare,107,460477,71574,70472,16201,86673,1102
2021-12-08,Tuolumne,109,53932,7802,7749,114,7863,91
2021-12-08,Ventura,111,848112,101476,100647,4450,105097,1194
2021-12-08,Yolo,113,214977,20900,20575,1055,21630,267
2021-12-08,Yuba,115,75493,10581,10499,390,10889,92
2021-12-07,Alameda,001,1643700,124017,123325,2910,126235,1497
2021-12-07,Alpine,002,1148,106,108,0,108,0
2021-12-07,Amador,005,37829,5791,5778,70,5848,69
2021-12-07,Butte,007,227075,21984,21761,4100,25861,324
2021-12-07,Calaveras,009,45235,4494,4445,63,4508,88
2021-12-07,Colusa,011,21464,2635,2619,678,3297,21
2021-12-07,Contra Costa,013,1133247,103158,102421,2340,104761,1058
2021-12-07,Del Norte,015,27424,3803,3766,55,3821,42
2021-12-07,El Dorado,017,186661,17005,16742,1801,18543,170
2021-12-07,Fresno,019,978130,147353,145715,13236,158951,2289
2021-12-07,Glenn,021,27897,3614,3579,1048,4627,36
2021-12-07,Humboldt,023,135768,9808,9693,692,10385,117
2021-12-07,Imperial,025,180216,36038,35502,3696,39198,778
2021-12-07,Inyo,027,18085,2601,2567,39,2606,46
2021-12-07,Kern,029,883053,133761,132564,24052,156616,1838
2021-12-07,Kings,031,150075,33815,33441,2029,35470,372
2021-12-07,Lake,033,64148,6985,6925,158,7083,113
2021-12-07,Lassen,035,31185,7083,7040,421,7461,55
2021-12-07,Los Angeles,037,10098052,1484115,1470904,55548,1526452,27007
2021-12-07,Madera,039,155013,24592,24367,2310,26677,311
2021-12-07,Marin,041,260295,18485,18284,536,18820,249
2021-12-07,Mariposa,043,17540,1468,1446,61,1507,6
2021-12-07,Mendocino,045,87422,8223,8107,681,8788,95
2021-12-07,Merced,047,269075,43714,43600,2148,45748,675
2021-12-07,Modoc,049,8938,595,594,200,794,6
2021-12-07,Mono,051,14174,1941,1921,23,1944,4
2021-12-07,Monterey,053,433212,50254,48880,3265,52145,631
2021-12-07,Napa,055,140530,13481,13409,123,13532,107
2021-12-07,Nevada,057,99092,9947,9858,348,10206,105
2021-12-07,Orange,059,3164182,317870,315138,16215,331353,5784
2021-12-07,Placer,061,380077,39273,38860,3896,42756,474
2021-12-07,Plumas,063,18699,1985,1915,46,1961,12
2021-12-07,Riverside,065,2383286,379461,374552,16690,391242,5397
2021-12-07,Sacramento,067,1510023,166478,165148,5032,170180,2375
2021-12-07,San Benito,069,59416,7805,7776,182,7958,78
2021-12-07,San Bernardino,071,2135413,370951,366981,11787,378768,6007
2021-12-07,San Diego,073,3302833,393450,391110,23006,414116,4357
2021-12-07,San Francisco,075,870044,55544,54729,2428,57157,676
2021-12-07,San Joaquin,077,732212,103608,102797,5591,108388,1839
2021-12-07,San Luis Obispo,079,281455,30935,30495,1345,31840,361
2021-12-07,San Mateo,081,765935,56419,55163,982,56145,580
2021-12-07,Santa Barbara,083,443738,46569,46205,1615,47820,556
2021-12-07,Santa Clara,085,1922200,154112,152465,1646,154111,1941
2021-12-07,Santa Cruz,087,273765,21755,21493,1032,22525,224
2021-12-07,Shasta,089,179085,22757,22594,3704,26298,418
2021-12-07,Sierra,091,2930,201,199,21,220,0
2021-12-07,Siskiyou,093,43540,3474,3412,1356,4768,57
2021-12-07,Solano,095,438530,47585,46812,1341,48153,365
2021-12-07,Sonoma,097,501317,43556,43154,583,43737,405
2021-12-07,Stanislaus,099,539301,81879,81980,9261,91241,1258
2021-12-07,Sutter,101,95872,14343,14322,404,14726,186
2021-12-07,Tehama,103,63373,8849,8765,1532,10297,133
2021-12-07,Trinity,105,12862,909,818,220,1038,17
2021-12-07,Tulare,107,460477,71519,70411,16174,86585,1103
2021-12-07,Tuolumne,109,53932,7794,7743,114,7857,91
2021-12-07,Ventura,111,848112,101379,100569,4440,105009,1194
2021-12-07,Yolo,113,214977,20873,20560,1053,21613,263
2021-12-07,Yuba,115,75493,10564,10491,389,10880,91
2021-12-06,Alameda,001,1643700,123851,123227,2906,126133,1496
2021-12-06,Alpine,002,1148,106,108,0,108,0
2021-12-06,Amador,005,37829,5784,5769,69,5838,67
2021-12-06,Butte,007,227075,21966,21732,4097,25829,321
2021-12-06,Calaveras,009,45235,4487,4443,63,4506,88
2021-12-06,Colusa,011,21464,2634,2615,674,3289,21
2021-12-06,Contra Costa,013,1133247,103038,102327,2336,104663,1058
2021-12-06,Del Norte,015,27424,3801,3744,55,3799,42
2021-12-06,El Dorado,017,186661,16980,16726,1799,18525,168
2021-12-06,Fresno,019,978130,147156,145539,13224,158763,2285
2021-12-06,Glenn,021,27897,3611,3577,1047,4624,36
2021-12-06,Humboldt,023,135768,9787,9671,685,10356,117
2021-12-06,Imperial,025,180216,35957,35453,3678,39131,778
2021-12-06,Inyo,027,18085,2595,2562,38,2600,46
2021-12-06,Kern,029,883053,133573,132366,23996,156362,1835
2021-12-06,Kings,031,150075,33782,33399,2024,35423,368
2021-12-06,Lake,033,64148,6981,6922,158,7080,113
2021-12-06,Lassen,035,31185,7078,7032,419,7451,51
2021-12-06,Los Angeles,037,10098052,1482453,1470059,55455,1525514,26993
2021-12-06,Madera,039,155013,24565,24334,2307,26641,307
2021-12-06,Marin,041,260295,18457,18252,534,18786,249
2021-12-06,Mariposa,043,17540,1465,1443,61,1504,6
2021-12-06,Mendocino,045,87422,8210,8079,677,8756,95
2021-12-06,Merced,047,269075,43674,43549,2138,45687,672
2021-12-06,Modoc,049,8938,595,593,200,793,6
2021-12-06,Mono,051,14174,1936,1913,23,1936,4
2021-12-06,Monterey,053,433212,50176,48831,3246,52077,626
2021-12-06,Napa,055,140530,13458,13387,121,13508,107
2021-12-06,Nevada,057,99092,9919,9847,347,10194,105
2021-12-06,Orange,059,3164182,317491,314859,16172,331031,5771
2021-12-06,Placer,061,380077,39220,38785,3891,42676,473
2021-12-06,Plumas,063,18699,1977,1913,46,1959,10
2021-12-06,Riverside,065,2383286,378936,374116,16676,390792,5388
2021-12-06,Sacramento,067,1510023,166202,164926,5011,169937,2367
2021-12-06,San Benito,069,59416,7789,7755,182,7937,78
2021-12-06,San Bernardino,071,2135413,370391,366606,11760,378366,5998
2021-12-06,San Diego,073,3302833,392604,390389,22961,413350,4352
2021-12-06,San Francisco,075,870044,55434,54659,2423,57082,674
2021-12-06,San Joaquin,077,732212,103480,102728,5584,108312,1837
2021-12-06,San Luis Obispo,079,281455,30898,30464,1343,31807,361
2021-12-06,San Mateo,081,765935,56345,55112,979,56091,580
2021-12-06,Santa Barbara,083,443738,46476,46146,1614,47760,556
2021-12-06,Santa Clara,085,1922200,153902,152310,1629,153939,1937
2021-12-06,Santa Cruz,087,273765,21720,21450,1029,22479,224
2021-12-06,Shasta,089,179085,22734,22556,3696,26252,416
2021-12-06,Sierra,091,2930,200,198,21,219,0
2021-12-06,Siskiyou,093,43540,3472,3409,1351,4760,57
2021-12-06,Solano,095,438530,47540,46748,1340,48088,360
2021-12-06,Sonoma,097,501317,43485,43114,575,43689,405
2021-12-06,Stanislaus,099,539301,81782,81889,9227,91116,1241
2021-12-06,Sutter,101,95872,14331,14319,404,14723,186
2021-12-06,Tehama,103,63373,8841,8760,1532,10292,133
2021-12-06,Trinity,105,12862,909,815,219,1034,17
2021-12-06,Tulare,107,460477,71442,70285,16134,86419,1101
2021-12-06,Tuolumne,109,53932,7780,7726,114,7840,91
2021-12-06,Ventura,111,848112,101278,100426,4432,104858,1194
2021-12-06,Yolo,113,214977,20848,20548,1053,21601,263
2021-12-06,Yuba,115,75493,10549,10480,384,10864,91
2021-12-05,Alameda,001,1643700,123666,123104,2899,126003,1496
2021-12-05,Alpine,002,1148,105,108,0,108,0
2021-12-05,Amador,005,37829,5781,5761,69,5830,67
2021-12-05,Butte,007,227075,21932,21720,4091,25811,320
2021-12-05,Calaveras,009,45235,4471,4434,63,4497,88
2021-12-05,Colusa,011,21464,2633,2615,673,3288,21
2021-12-05,Contra Costa,013,1133247,102905,102251,2326,104577,1058
2021-12-05,Del Norte,015,27424,3799,3751,55,3806,42
2021-12-05,El Dorado,017,186661,16941,16717,1794,18511,168
2021-12-05,Fresno,019,978130,146982,145452,13203,158655,2284
2021-12-05,Glenn,021,27897,3609,3577,1046,4623,36
2021-12-05,Humboldt,023,135768,9756,9662,682,10344,117
2021-12-05,Imperial,025,180216,35862,35422,3649,39071,778
2021-12-05,Inyo,027,18085,2588,2559,38,2597,46
2021-12-05,Kern,029,883053,133409,132286,23944,156230,1833
2021-12-05,Kings,031,150075,33718,33360,2024,35384,369
2021-12-05,Lake,033,64148,6977,6919,157,7076,113
2021-12-05,Lassen,035,31185,7076,7031,419,7450,51
2021-12-05,Los Angeles,037,10098052,1480607,1468937,55321,1524258,26991
2021-12-05,Madera,039,155013,24524,24311,2304,26615,307
2021-12-05,Marin,041,260295,18410,18216,526,18742,249
2021-12-05,Mariposa,043,17540,1462,1440,60,1500,6
2021-12-05,Mendocino,045,87422,8191,8069,671,8740,95
2021-12-05,Merced,047,269075,43629,43534,2129,45663,672
2021-12-05,Modoc,049,8938,595,593,200,793,6
2021-12-05,Mono,051,14174,1929,1907,23,1930,4
2021-12-05,Monterey,053,433212,50104,48813,3214,52027,626
2021-12-05,Napa,055,140530,13432,13382,118,13500,107
2021-12-05,Nevada,057,99092,9898,9827,346,10173,105
2021-12-05,Orange,059,3164182,317054,314560,16130,330690,5771
2021-12-05,Placer,061,380077,39161,38738,3882,42620,473
2021-12-05,Plumas,063,18699,1973,1913,45,1958,9
2021-12-05,Riverside,065,2383286,378278,373827,16646,390473,5388
2021-12-05,Sacramento,067,1510023,165898,164721,4993,169714,2367
2021-12-05,San Benito,069,59416,7772,7748,181,7929,78
2021-12-05,San Bernardino,071,2135413,369684,366282,11713,377995,5998
2021-12-05,San Diego,073,3302833,391810,387979,22912,410891,4351
2021-12-05,San Francisco,075,870044,55331,54603,2421,57024,674
2021-12-05,San Joaquin,077,732212,103339,102698,5579,108277,1837
2021-12-05,San Luis Obispo,079,281455,30828,30454,1340,31794,360
2021-12-05,San Mateo,081,765935,56256,55050,969,56019,580
2021-12-05,Santa Barbara,083,443738,46393,46097,1606,47703,555
2021-12-05,Santa Clara,085,1922200,153648,152114,1611,153725,1933
2021-12-05,Santa Cruz,087,273765,21670,21424,1029,22453,224
2021-12-05,Shasta,089,179085,22677,22550,3695,26245,416
2021-12-05,Sierra,091,2930,200,198,21,219,0
2021-12-05,Siskiyou,093,43540,3470,3409,1350,4759,57
2021-12-05,Solano,095,438530,47477,46715,1338,48053,360
2021-12-05,Sonoma,097,501317,43408,43038,570,43608,405
2021-12-05,Stanislaus,099,539301,81645,81847,9217,91064,1241
2021-12-05,Sutter,101,95872,14308,14303,399,14702,186
2021-12-05,Tehama,103,63373,8833,8755,1530,10285,133
2021-12-05,Trinity,105,12862,908,815,219,1034,17
2021-12-05,Tulare,107,460477,71360,70254,16086,86340,1102
2021-12-05,Tuolumne,109,53932,7767,7718,114,7832,91
2021-12-05,Ventura,111,848112,101143,100367,4419,104786,1194
2021-12-05,Yolo,113,214977,20805,20512,1052,21564,263
2021-12-05,Yuba,115,75493,10536,10467,377,10844,91
2021-12-04,Alameda,001,1643700,123552,122508,2896,125404,1494
2021-12-04,Alpine,002,1148,105,108,0,108,0
2021-12-04,Amador,005,37829,5778,5729,69,5798,67
2021-12-04,Butte,007,227075,21913,21638,4087,25725,318
2021-12-04,Calaveras,009,45235,4463,4392,62,4454,88
2021-12-04,Colusa,011,21464,2633,2600,671,3271,21
2021-12-04,Contra Costa,013,1133247,102833,101824,2320,104144,1056
2021-12-04,Del Norte,015,27424,3796,3726,55,3781,42
2021-12-04,El Dorado,017,186661,16932,16621,1794,18415,168
2021-12-04,Fresno,019,978130,146892,144734,13195,157929,2270
2021-12-04,Glenn,021,27897,3609,3559,1046,4605,36
2021-12-04,Humboldt,023,135768,9741,9596,678,10274,117
2021-12-04,Imperial,025,180216,35808,35206,3636,38842,776
2021-12-04,Inyo,027,18085,2583,2538,38,2576,46
2021-12-04,Kern,029,883053,133329,131771,23921,155692,1817
2021-12-04,Kings,031,150075,33695,33183,2023,35206,367
2021-12-04,Lake,033,64148,6968,6903,157,7060,113
2021-12-04,Lassen,035,31185,7075,7014,417,7431,51
2021-12-04,Los Angeles,037,10098052,1479730,1463270,55243,1518513,26952
2021-12-04,Madera,039,155013,24510,24188,2300,26488,307
2021-12-04,Marin,041,260295,18389,18075,525,18600,249
2021-12-04,Mariposa,043,17540,1458,1421,60,1481,6
2021-12-04,Mendocino,045,87422,8186,7981,671,8652,91
2021-12-04,Merced,047,269075,43602,43337,2127,45464,671
2021-12-04,Modoc,049,8938,595,591,200,791,6
2021-12-04,Mono,051,14174,1929,1883,23,1906,4
2021-12-04,Monterey,053,433212,50072,48682,3207,51889,626
2021-12-04,Napa,055,140530,13422,13327,117,13444,106
2021-12-04,Nevada,057,99092,9890,9752,346,10098,105
2021-12-04,Orange,059,3164182,316822,313112,16104,329216,5748
2021-12-04,Placer,061,380077,39119,38460,3875,42335,473
2021-12-04,Plumas,063,18699,1970,1903,45,1948,7
2021-12-04,Riverside,065,2383286,377918,371768,16640,388408,5381
2021-12-04,Sacramento,067,1510023,165754,163900,4985,168885,2365
2021-12-04,San Benito,069,59416,7746,7688,181,7869,78
2021-12-04,San Bernardino,071,2135413,369295,364154,11700,375854,5983
2021-12-04,San Diego,073,3302833,391333,386710,22882,409592,4350
2021-12-04,San Francisco,075,870044,55263,54286,2418,56704,674
2021-12-04,San Joaquin,077,732212,103284,102286,5577,107863,1835
2021-12-04,San Luis Obispo,079,281455,30807,30318,1336,31654,360
2021-12-04,San Mateo,081,765935,56207,54774,966,55740,579
2021-12-04,Santa Barbara,083,443738,46348,45774,1606,47380,555
2021-12-04,Santa Clara,085,1922200,153494,151275,1597,152872,1928
2021-12-04,Santa Cruz,087,273765,21644,21286,1028,22314,224
2021-12-04,Shasta,089,179085,22660,22418,3693,26111,414
2021-12-04,Sierra,091,2930,200,196,21,217,0
2021-12-04,Siskiyou,093,43540,3468,3398,1350,4748,57
2021-12-04,Solano,095,438530,47457,46529,1337,47866,360
2021-12-04,Sonoma,097,501317,43363,42778,567,43345,405
2021-12-04,Stanislaus,099,539301,81573,81462,9210,90672,1231
2021-12-04,Sutter,101,95872,14300,14258,398,14656,186
2021-12-04,Tehama,103,63373,8831,8742,1530,10272,131
2021-12-04,Trinity,105,12862,907,801,219,1020,17
2021-12-04,Tulare,107,460477,71322,70014,16057,86071,1100
2021-12-04,Tuolumne,109,53932,7762,7676,114,7790,91
2021-12-04,Ventura,111,848112,101052,99751,4415,104166,1192
2021-12-04,Yolo,113,214977,20782,20442,1050,21492,261
2021-12-04,Yuba,115,75493,10525,10418,376,10794,91
2021-12-03,Alameda,001,1643700,123458,122508,2886,125394,1494
2021-12-03,Alpine,002,1148,105,108,0,108,0
2021-12-03,Amador,005,37829,5773,5729,68,5797,67
2021-12-03,Butte,007,227075,21900,21638,4082,25720,318
2021-12-03,Calaveras,009,45235,4454,4392,62,4454,88
2021-12-03,Colusa,011,21464,2631,2600,671,3271,21
2021-12-03,Contra Costa,013,1133247,102760,101824,2314,104138,1056
2021-12-03,Del Norte,015,27424,3794,3726,55,3781,42
2021-12-03,El Dorado,017,186661,16903,16621,1792,18413,168
2021-12-03,Fresno,019,978130,146778,144734,13192,157926,2270
2021-12-03,Glenn,021,27897,3608,3559,1045,4604,36
2021-12-03,Humboldt,023,135768,9724,9596,676,10272,117
2021-12-03,Imperial,025,180216,35766,35206,3606,38812,776
2021-12-03,Inyo,027,18085,2576,2538,38,2576,46
2021-12-03,Kern,029,883053,133257,131771,23886,155657,1817
2021-12-03,Kings,031,150075,33668,33183,2023,35206,367
2021-12-03,Lake,033,64148,6968,6903,157,7060,113
2021-12-03,Lassen,035,31185,7073,7014,416,7430,51
2021-12-03,Los Angeles,037,10098052,1478784,1463270,55168,1518438,26952
2021-12-03,Madera,039,155013,24484,24188,2296,26484,307
2021-12-03,Marin,041,260295,18355,18075,521,18596,249
2021-12-03,Mariposa,043,17540,1456,1421,60,1481,6
2021-12-03,Mendocino,045,87422,8179,7981,671,8652,91
2021-12-03,Merced,047,269075,43579,43337,2124,45461,671
2021-12-03,Modoc,049,8938,595,591,200,791,6
2021-12-03,Mono,051,14174,1923,1883,23,1906,4
2021-12-03,Monterey,053,433212,50033,48682,3196,51878,626
2021-12-03,Napa,055,140530,13410,13327,117,13444,106
2021-12-03,Nevada,057,99092,9879,9752,346,10098,105
2021-12-03,Orange,059,3164182,316553,313112,16072,329184,5748
2021-12-03,Placer,061,380077,39081,38460,3869,42329,473
2021-12-03,Plumas,063,18699,1967,1903,45,1948,7
2021-12-03,Riverside,065,2383286,377527,371768,16634,388402,5381
2021-12-03,Sacramento,067,1510023,165573,163900,4971,168871,2365
2021-12-03,San Benito,069,59416,7739,7688,181,7869,78
2021-12-03,San Bernardino,071,2135413,368847,364154,11689,375843,5983
2021-12-03,San Diego,073,3302833,390857,386710,22858,409568,4350
2021-12-03,San Francisco,075,870044,55193,54286,2414,56700,674
2021-12-03,San Joaquin,077,732212,103228,102286,5576,107862,1835
2021-12-03,San Luis Obispo,079,281455,30781,30318,1333,31651,360
2021-12-03,San Mateo,081,765935,56142,54774,963,55737,579
2021-12-03,Santa Barbara,083,443738,46312,45774,1606,47380,555
2021-12-03,Santa Clara,085,1922200,153314,151275,1583,152858,1928
2021-12-03,Santa Cruz,087,273765,21617,21286,1028,22314,224
2021-12-03,Shasta,089,179085,22645,22418,3693,26111,414
2021-12-03,Sierra,091,2930,200,196,21,217,0
2021-12-03,Siskiyou,093,43540,3465,3398,1348,4746,57
2021-12-03,Solano,095,438530,47415,46529,1336,47865,360
2021-12-03,Sonoma,097,501317,43327,42778,565,43343,405
2021-12-03,Stanislaus,099,539301,81516,81462,9201,90663,1231
2021-12-03,Sutter,101,95872,14287,14258,396,14654,186
2021-12-03,Tehama,103,63373,8830,8742,1529,10271,131
2021-12-03,Trinity,105,12862,907,801,219,1020,17
2021-12-03,Tulare,107,460477,71283,70014,16026,86040,1100
2021-12-03,Tuolumne,109,53932,7753,7676,114,7790,91
2021-12-03,Ventura,111,848112,100966,99751,4408,104159,1192
2021-12-03,Yolo,113,214977,20765,20442,1049,21491,261
2021-12-03,Yuba,115,75493,10517,10418,376,10794,91
2021-12-02,Alameda,001,1643700,123300,122508,2879,125387,1494
2021-12-02,Alpine,002,1148,105,108,0,108,0
2021-12-02,Amador,005,37829,5768,5729,67,5796,67
2021-12-02,Butte,007,227075,21875,21638,4077,25715,318
2021-12-02,Calaveras,009,45235,4444,4392,61,4453,88
2021-12-02,Colusa,011,21464,2630,2600,671,3271,21
2021-12-02,Contra Costa,013,1133247,102646,101824,2310,104134,1056
2021-12-02,Del Norte,015,27424,3786,3726,55,3781,42
2021-12-02,El Dorado,017,186661,16882,16621,1790,18411,168
2021-12-02,Fresno,019,978130,146608,144734,13178,157912,2270
2021-12-02,Glenn,021,27897,3608,3559,1042,4601,36
2021-12-02,Humboldt,023,135768,9705,9596,675,10271,117
2021-12-02,Imperial,025,180216,35698,35206,3584,38790,776
2021-12-02,Inyo,027,18085,2571,2538,38,2576,46
2021-12-02,Kern,029,883053,133087,131771,23834,155605,1817
2021-12-02,Kings,031,150075,33614,33183,2021,35204,367
2021-12-02,Lake,033,64148,6964,6903,157,7060,113
2021-12-02,Lassen,035,31185,7069,7014,416,7430,51
2021-12-02,Los Angeles,037,10098052,1477266,1463270,55080,1518350,26952
2021-12-02,Madera,039,155013,24447,24188,2287,26475,307
2021-12-02,Marin,041,260295,18325,18075,517,18592,249
2021-12-02,Mariposa,043,17540,1453,1421,60,1481,6
2021-12-02,Mendocino,045,87422,8163,7981,670,8651,91
2021-12-02,Merced,047,269075,43533,43337,2119,45456,671
2021-12-02,Modoc,049,8938,594,591,200,791,6
2021-12-02,Mono,051,14174,1917,1883,23,1906,4
2021-12-02,Monterey,053,433212,49957,48682,3175,51857,626
2021-12-02,Napa,055,140530,13397,13327,117,13444,106
2021-12-02,Nevada,057,99092,9861,9752,345,10097,105
2021-12-02,Orange,059,3164182,316209,313112,16035,329147,5748
2021-12-02,Placer,061,380077,39013,38460,3864,42324,473
2021-12-02,Plumas,063,18699,1964,1903,45,1948,7
2021-12-02,Riverside,065,2383286,376998,371768,16624,388392,5381
2021-12-02,Sacramento,067,1510023,165346,163900,4961,168861,2365
2021-12-02,San Benito,069,59416,7719,7688,181,7869,78
2021-12-02,San Bernardino,071,2135413,368293,364154,11669,375823,5983
2021-12-02,San Diego,073,3302833,390217,386710,22803,409513,4350
2021-12-02,San Francisco,075,870044,55098,54286,2409,56695,674
2021-12-02,San Joaquin,077,732212,103114,102286,5571,107857,1835
2021-12-02,San Luis Obispo,079,281455,30747,30318,1326,31644,360
2021-12-02,San Mateo,081,765935,56061,54774,955,55729,579
2021-12-02,Santa Barbara,083,443738,46231,45774,1603,47377,555
2021-12-02,Santa Clara,085,1922200,153069,151275,1566,152841,1928
2021-12-02,Santa Cruz,087,273765,21566,21286,1027,22313,224
2021-12-02,Shasta,089,179085,22612,22418,3692,26110,414
2021-12-02,Sierra,091,2930,200,196,21,217,0
2021-12-02,Siskiyou,093,43540,3464,3398,1341,4739,57
2021-12-02,Solano,095,438530,47365,46529,1334,47863,360
2021-12-02,Sonoma,097,501317,43253,42778,565,43343,405
2021-12-02,Stanislaus,099,539301,81421,81462,9193,90655,1231
2021-12-02,Sutter,101,95872,14274,14258,393,14651,186
2021-12-02,Tehama,103,63373,8823,8742,1527,10269,131
2021-12-02,Trinity,105,12862,907,801,219,1020,17
2021-12-02,Tulare,107,460477,71196,70014,15976,85990,1100
2021-12-02,Tuolumne,109,53932,7738,7676,113,7789,91
2021-12-02,Ventura,111,848112,100841,99751,4406,104157,1192
2021-12-02,Yolo,113,214977,20737,20442,1049,21491,261
2021-12-02,Yuba,115,75493,10501,10418,373,10791,91
2021-12-01,Alameda,001,1643700,123149,122298,2870,125168,1492
2021-12-01,Alpine,002,1148,105,108,0,108,0
2021-12-01,Amador,005,37829,5761,5723,67,5790,67
2021-12-01,Butte,007,227075,21857,21600,4072,25672,318
2021-12-01,Calaveras,009,45235,4439,4371,61,4432,88
2021-12-01,Colusa,011,21464,2623,2595,669,3264,20
2021-12-01,Contra Costa,013,1133247,102538,101651,2300,103951,1048
2021-12-01,Del Norte,015,27424,3784,3722,55,3777,42
2021-12-01,El Dorado,017,186661,16861,16575,1788,18363,166
2021-12-01,Fresno,019,978130,146400,144507,13166,157673,2264
2021-12-01,Glenn,021,27897,3602,3556,1041,4597,36
2021-12-01,Humboldt,023,135768,9681,9573,670,10243,117
2021-12-01,Imperial,025,180216,35618,35085,3557,38642,776
2021-12-01,Inyo,027,18085,2567,2533,38,2571,46
2021-12-01,Kern,029,883053,132939,131580,23780,155360,1804
2021-12-01,Kings,031,150075,33564,33112,2020,35132,364
2021-12-01,Lake,033,64148,6956,6896,156,7052,112
2021-12-01,Lassen,035,31185,7064,7008,414,7422,51
2021-12-01,Los Angeles,037,10098052,1475675,1461394,54986,1516380,26928
2021-12-01,Madera,039,155013,24416,24134,2278,26412,307
2021-12-01,Marin,041,260295,18287,18038,511,18549,249
2021-12-01,Mariposa,043,17540,1449,1415,60,1475,6
2021-12-01,Mendocino,045,87422,8149,7966,665,8631,90
2021-12-01,Merced,047,269075,43477,43259,2098,45357,670
2021-12-01,Modoc,049,8938,594,576,200,776,5
2021-12-01,Mono,051,14174,1912,1876,23,1899,4
2021-12-01,Monterey,053,433212,49908,48611,3166,51777,626
2021-12-01,Napa,055,140530,13380,13319,114,13433,107
2021-12-01,Nevada,057,99092,9848,9706,345,10051,105
2021-12-01,Orange,059,3164182,315842,312772,15999,328771,5735
2021-12-01,Placer,061,380077,38956,38373,3858,42231,472
2021-12-01,Plumas,063,18699,1960,1893,45,1938,7
2021-12-01,Riverside,065,2383286,376473,371189,16607,387796,5369
2021-12-01,Sacramento,067,1510023,165133,163616,4944,168560,2360
2021-12-01,San Benito,069,59416,7705,7669,181,7850,78
2021-12-01,San Bernardino,071,2135413,367699,363368,11643,375011,5973
2021-12-01,San Diego,073,3302833,389419,386056,22748,408804,4346
2021-12-01,San Francisco,075,870044,55016,54199,2402,56601,672
2021-12-01,San Joaquin,077,732212,103006,102109,5570,107679,1834
2021-12-01,San Luis Obispo,079,281455,30705,30238,1322,31560,360
2021-12-01,San Mateo,081,765935,55980,54711,952,55663,579
2021-12-01,Santa Barbara,083,443738,46161,45681,1601,47282,554
2021-12-01,Santa Clara,085,1922200,152847,150961,1548,152509,1925
2021-12-01,Santa Cruz,087,273765,21537,21191,1026,22217,224
2021-12-01,Shasta,089,179085,22581,22375,3686,26061,410
2021-12-01,Sierra,091,2930,200,195,21,216,0
2021-12-01,Siskiyou,093,43540,3461,3391,1341,4732,55
2021-12-01,Solano,095,438530,47320,46485,1334,47819,360
2021-12-01,Sonoma,097,501317,43178,42713,564,43277,405
2021-12-01,Stanislaus,099,539301,81324,81330,9180,90510,1231
2021-12-01,Sutter,101,95872,14259,14229,392,14621,186
2021-12-01,Tehama,103,63373,8813,8728,1527,10255,130
2021-12-01,Trinity,105,12862,902,801,219,1020,17
2021-12-01,Tulare,107,460477,71121,69953,15936,85889,1098
2021-12-01,Tuolumne,109,53932,7730,7655,113,7768,91
2021-12-01,Ventura,111,848112,100735,99680,4395,104075,1191
2021-12-01,Yolo,113,214977,20709,20393,1049,21442,260
2021-12-01,Yuba,115,75493,10490,10401,373,10774,89
2021-11-30,Alameda,001,1643700,122977,122196,2862,125058,1489
2021-11-30,Alpine,002,1148,105,108,0,108,0
2021-11-30,Amador,005,37829,5753,5716,67,5783,66
2021-11-30,Butte,007,227075,21828,21565,4061,25626,318
2021-11-30,Calaveras,009,45235,4421,4360,61,4421,88
2021-11-30,Colusa,011,21464,2622,2592,669,3261,21
2021-11-30,Contra Costa,013,1133247,102404,101538,2293,103831,1046
2021-11-30,Del Norte,015,27424,3778,3718,55,3773,42
2021-11-30,El Dorado,017,186661,16833,16558,1782,18340,166
2021-11-30,Fresno,019,978130,146200,144384,13156,157540,2259
2021-11-30,Glenn,021,27897,3597,3555,1040,4595,36
2021-11-30,Humboldt,023,135768,9650,9539,664,10203,116
2021-11-30,Imperial,025,180216,35510,34999,3530,38529,773
2021-11-30,Inyo,027,18085,2558,2530,38,2568,46
2021-11-30,Kern,029,883053,132770,131451,23725,155176,1799
2021-11-30,Kings,031,150075,33512,33074,2016,35090,362
2021-11-30,Lake,033,64148,6950,6892,154,7046,110
2021-11-30,Lassen,035,31185,7060,7003,413,7416,51
2021-11-30,Los Angeles,037,10098052,1473878,1460177,54885,1515062,26913
2021-11-30,Madera,039,155013,24382,24108,2273,26381,307
2021-11-30,Marin,041,260295,18244,18010,509,18519,249
2021-11-30,Mariposa,043,17540,1443,1412,60,1472,6
2021-11-30,Mendocino,045,87422,8120,7960,659,8619,89
2021-11-30,Merced,047,269075,43409,43200,2090,45290,668
2021-11-30,Modoc,049,8938,593,576,200,776,5
2021-11-30,Mono,051,14174,1909,1873,23,1896,4
2021-11-30,Monterey,053,433212,49845,48581,3155,51736,626
2021-11-30,Napa,055,140530,13360,13308,114,13422,105
2021-11-30,Nevada,057,99092,9832,9699,344,10043,105
2021-11-30,Orange,059,3164182,315421,312451,15957,328408,5724
2021-11-30,Placer,061,380077,38855,38324,3849,42173,470
2021-11-30,Plumas,063,18699,1955,1887,44,1931,7
2021-11-30,Riverside,065,2383286,375789,370739,16582,387321,5358
2021-11-30,Sacramento,067,1510023,164851,163420,4922,168342,2353
2021-11-30,San Benito,069,59416,7683,7645,180,7825,78
2021-11-30,San Bernardino,071,2135413,367011,363006,11620,374626,5967
2021-11-30,San Diego,073,3302833,388492,385405,22701,408106,4340
2021-11-30,San Francisco,075,870044,54910,54147,2393,56540,672
2021-11-30,San Joaquin,077,732212,102879,101972,5562,107534,1834
2021-11-30,San Luis Obispo,079,281455,30680,30200,1320,31520,360
2021-11-30,San Mateo,081,765935,55875,54656,942,55598,579
2021-11-30,Santa Barbara,083,443738,46065,45628,1595,47223,553
2021-11-30,Santa Clara,085,1922200,152590,150799,1531,152330,1929
2021-11-30,Santa Cruz,087,273765,21478,21169,1022,22191,224
2021-11-30,Shasta,089,179085,22551,22347,3683,26030,401
2021-11-30,Sierra,091,2930,197,195,21,216,0
2021-11-30,Siskiyou,093,43540,3457,3385,1338,4723,55
2021-11-30,Solano,095,438530,47256,46434,1328,47762,358
2021-11-30,Sonoma,097,501317,43099,42663,561,43224,405
2021-11-30,Stanislaus,099,539301,81220,81276,9152,90428,1227
2021-11-30,Sutter,101,95872,14248,14210,389,14599,186
2021-11-30,Tehama,103,63373,8806,8727,1526,10253,130
2021-11-30,Trinity,105,12862,901,799,219,1018,17
2021-11-30,Tulare,107,460477,71035,69900,15890,85790,1099
2021-11-30,Tuolumne,109,53932,7715,7643,113,7756,91
2021-11-30,Ventura,111,848112,100581,99601,4384,103985,1191
2021-11-30,Yolo,113,214977,20664,20376,1046,21422,260
2021-11-30,Yuba,115,75493,10471,10398,368,10766,89
2021-11-29,Alameda,001,1643700,122816,122136,2853,124989,1489
2021-11-29,Alpine,002,1148,105,108,0,108,0
2021-11-29,Amador,005,37829,5746,5706,67,5773,66
2021-11-29,Butte,007,227075,21797,21544,4054,25598,314
2021-11-29,Calaveras,009,45235,4405,4353,61,4414,88
2021-11-29,Colusa,011,21464,2620,2585,666,3251,20
2021-11-29,Contra Costa,013,1133247,102255,101441,2285,103726,1046
2021-11-29,Del Norte,015,27424,3775,3704,55,3759,42
2021-11-29,El Dorado,017,186661,16816,16534,1778,18312,166
2021-11-29,Fresno,019,978130,145993,144282,13132,157414,2254
2021-11-29,Glenn,021,27897,3594,3555,1039,4594,36
2021-11-29,Humboldt,023,135768,9633,9514,657,10171,115
2021-11-29,Imperial,025,180216,35445,34960,3509,38469,773
2021-11-29,Inyo,027,18085,2553,2529,38,2567,46
2021-11-29,Kern,029,883053,132586,131362,23684,155046,1789
2021-11-29,Kings,031,150075,33459,33059,2012,35071,363
2021-11-29,Lake,033,64148,6938,6889,154,7043,110
2021-11-29,Lassen,035,31185,7057,7003,411,7414,51
2021-11-29,Los Angeles,037,10098052,1472030,1459446,54800,1514246,26889
2021-11-29,Madera,039,155013,24346,24069,2265,26334,307
2021-11-29,Marin,041,260295,18196,17980,504,18484,249
2021-11-29,Mariposa,043,17540,1435,1409,60,1469,6
2021-11-29,Mendocino,045,87422,8103,7954,655,8609,89
2021-11-29,Merced,047,269075,43336,43167,2082,45249,667
2021-11-29,Modoc,049,8938,592,569,200,769,5
2021-11-29,Mono,051,14174,1892,1859,23,1882,4
2021-11-29,Monterey,053,433212,49785,48548,3139,51687,626
2021-11-29,Napa,055,140530,13350,13304,114,13418,104
2021-11-29,Nevada,057,99092,9818,9689,344,10033,105
2021-11-29,Orange,059,3164182,315016,312203,15912,328115,5709
2021-11-29,Placer,061,380077,38790,38261,3844,42105,470
2021-11-29,Plumas,063,18699,1952,1884,44,1928,7
2021-11-29,Riverside,065,2383286,375250,370334,16571,386905,5358
2021-11-29,Sacramento,067,1510023,164601,163282,4890,168172,2342
2021-11-29,San Benito,069,59416,7663,7631,179,7810,77
2021-11-29,San Bernardino,071,2135413,366406,362694,11586,374280,5962
2021-11-29,San Diego,073,3302833,387604,384853,22668,407521,4335
2021-11-29,San Francisco,075,870044,54811,54125,2389,56514,669
2021-11-29,San Joaquin,077,732212,102740,101927,5555,107482,1834
2021-11-29,San Luis Obispo,079,281455,30646,30165,1316,31481,359
2021-11-29,San Mateo,081,765935,55772,54622,938,55560,579
2021-11-29,Santa Barbara,083,443738,45968,45576,1591,47167,549
2021-11-29,Santa Clara,085,1922200,152314,150620,1525,152145,1925
2021-11-29,Santa Cruz,087,273765,21440,21149,1021,22170,224
2021-11-29,Shasta,089,179085,22516,22315,3679,25994,399
2021-11-29,Sierra,091,2930,197,195,21,216,0
2021-11-29,Siskiyou,093,43540,3454,3374,1331,4705,55
2021-11-29,Solano,095,438530,47204,46412,1326,47738,357
2021-11-29,Sonoma,097,501317,43022,42624,558,43182,405
2021-11-29,Stanislaus,099,539301,81138,81227,9134,90361,1223
2021-11-29,Sutter,101,95872,14232,14204,386,14590,186
2021-11-29,Tehama,103,63373,8801,8720,1521,10241,130
2021-11-29,Trinity,105,12862,896,798,219,1017,17
2021-11-29,Tulare,107,460477,70955,69850,15856,85706,1096
2021-11-29,Tuolumne,109,53932,7702,7627,113,7740,90
2021-11-29,Ventura,111,848112,100460,99520,4375,103895,1190
2021-11-29,Yolo,113,214977,20619,20344,1044,21388,257
2021-11-29,Yuba,115,75493,10454,10395,367,10762,89
2021-11-28,Alameda,001,1643700,122597,122082,2847,124929,1491
2021-11-28,Alpine,002,1148,105,108,0,108,0
2021-11-28,Amador,005,37829,5736,5703,67,5770,66
2021-11-28,Butte,007,227075,21756,21530,4051,25581,313
2021-11-28,Calaveras,009,45235,4384,4350,61,4411,88
2021-11-28,Colusa,011,21464,2616,2586,665,3251,19
2021-11-28,Contra Costa,013,1133247,102082,101355,2275,103630,1046
2021-11-28,Del Norte,015,27424,3770,3703,55,3758,42
2021-11-28,El Dorado,017,186661,16775,16527,1777,18304,166
2021-11-28,Fresno,019,978130,145747,144164,13104,157268,2252
2021-11-28,Glenn,021,27897,3591,3547,1037,4584,36
2021-11-28,Humboldt,023,135768,9601,9499,653,10152,115
2021-11-28,Imperial,025,180216,35337,34929,3485,38414,773
2021-11-28,Inyo,027,18085,2546,2531,38,2569,46
2021-11-28,Kern,029,883053,132379,131279,23627,154906,1789
2021-11-28,Kings,031,150075,33386,33057,2006,35063,364
2021-11-28,Lake,033,64148,6928,6885,153,7038,110
2021-11-28,Lassen,035,31185,7048,7002,407,7409,51
2021-11-28,Los Angeles,037,10098052,1469864,1458646,54713,1513359,26878
2021-11-28,Madera,039,155013,24298,24055,2258,26313,307
2021-11-28,Marin,041,260295,18149,17962,500,18462,249
2021-11-28,Mariposa,043,17540,1431,1406,60,1466,6
2021-11-28,Mendocino,045,87422,8073,7943,650,8593,89
2021-11-28,Merced,047,269075,43270,43166,2067,45233,667
2021-11-28,Modoc,049,8938,591,569,200,769,5
2021-11-28,Mono,051,14174,1886,1841,23,1864,4
2021-11-28,Monterey,053,433212,49719,48537,3119,51656,626
2021-11-28,Napa,055,140530,13337,13303,114,13417,104
2021-11-28,Nevada,057,99092,9792,9684,343,10027,105
2021-11-28,Orange,059,3164182,314631,312028,15870,327898,5693
2021-11-28,Placer,061,380077,38709,38240,3825,42065,470
2021-11-28,Plumas,063,18699,1946,1884,43,1927,7
2021-11-28,Riverside,065,2383286,374586,370051,16549,386600,5358
2021-11-28,Sacramento,067,1510023,164243,163170,4867,168037,2335
2021-11-28,San Benito,069,59416,7644,7623,178,7801,77
2021-11-28,San Bernardino,071,2135413,365664,362407,11558,373965,5958
2021-11-28,San Diego,073,3302833,386715,383025,22606,405631,4325
2021-11-28,San Francisco,075,870044,54735,54082,2384,56466,669
2021-11-28,San Joaquin,077,732212,102559,101895,5538,107433,1834
2021-11-28,San Luis Obispo,079,281455,30583,30152,1312,31464,358
2021-11-28,San Mateo,081,765935,55678,54567,934,55501,579
2021-11-28,Santa Barbara,083,443738,45889,45551,1580,47131,549
2021-11-28,Santa Clara,085,1922200,152013,150436,1511,151947,1920
2021-11-28,Santa Cruz,087,273765,21369,21110,1020,22130,224
2021-11-28,Shasta,089,179085,22477,22316,3677,25993,400
2021-11-28,Sierra,091,2930,197,195,21,216,0
2021-11-28,Siskiyou,093,43540,3448,3372,1327,4699,55
2021-11-28,Solano,095,438530,47142,46385,1325,47710,356
2021-11-28,Sonoma,097,501317,42936,42583,555,43138,405
2021-11-28,Stanislaus,099,539301,81013,81181,9112,90293,1223
2021-11-28,Sutter,101,95872,14211,14192,380,14572,186
2021-11-28,Tehama,103,63373,8793,8720,1517,10237,130
2021-11-28,Trinity,105,12862,895,797,219,1016,17
2021-11-28,Tulare,107,460477,70858,69833,15804,85637,1095
2021-11-28,Tuolumne,109,53932,7682,7620,113,7733,90
2021-11-28,Ventura,111,848112,100304,99486,4364,103850,1190
2021-11-28,Yolo,113,214977,20575,20333,1044,21377,257
2021-11-28,Yuba,115,75493,10436,10391,365,10756,89
2021-11-27,Alameda,001,1643700,122499,121618,2844,124462,1477
2021-11-27,Alpine,002,1148,105,106,0,106,0
2021-11-27,Amador,005,37829,5735,5670,67,5737,66
2021-11-27,Butte,007,227075,21733,21384,4046,25430,309
2021-11-27,Calaveras,009,45235,4378,4294,61,4355,85
2021-11-27,Colusa,011,21464,2615,2568,663,3231,19
2021-11-27,Contra Costa,013,1133247,101997,100961,2274,103235,1045
2021-11-27,Del Norte,015,27424,3763,3661,55,3716,42
2021-11-27,El Dorado,017,186661,16741,16399,1776,18175,161
2021-11-27,Fresno,019,978130,145635,143386,13098,156484,2246
2021-11-27,Glenn,021,27897,3587,3532,1036,4568,36
2021-11-27,Humboldt,023,135768,9573,9399,651,10050,115
2021-11-27,Imperial,025,180216,35254,34611,3469,38080,769
2021-11-27,Inyo,027,18085,2543,2506,38,2544,45
2021-11-27,Kern,029,883053,132294,130245,23598,153843,1773
2021-11-27,Kings,031,150075,33364,32891,2003,34894,358
2021-11-27,Lake,033,64148,6925,6836,152,6988,110
2021-11-27,Lassen,035,31185,7046,6959,406,7365,47
2021-11-27,Los Angeles,037,10098052,1468857,1454495,54646,1509141,26817
2021-11-27,Madera,039,155013,24277,23880,2253,26133,296
2021-11-27,Marin,041,260295,18110,17857,495,18352,248
2021-11-27,Mariposa,043,17540,1429,1374,60,1434,6
2021-11-27,Mendocino,045,87422,8054,7871,650,8521,89
2021-11-27,Merced,047,269075,43235,42921,2064,44985,664
2021-11-27,Modoc,049,8938,589,551,200,751,5
2021-11-27,Mono,051,14174,1884,1810,23,1833,4
2021-11-27,Monterey,053,433212,49686,48400,3105,51505,625
2021-11-27,Napa,055,140530,13323,13256,114,13370,104
2021-11-27,Nevada,057,99092,9770,9584,342,9926,103
2021-11-27,Orange,059,3164182,314380,310809,15833,326642,5665
2021-11-27,Placer,061,380077,38648,38001,3819,41820,468
2021-11-27,Plumas,063,18699,1942,1860,43,1903,7
2021-11-27,Riverside,065,2383286,374225,367601,16542,384143,5306
2021-11-27,Sacramento,067,1510023,164085,162328,4864,167192,2335
2021-11-27,San Benito,069,59416,7628,7575,178,7753,77
2021-11-27,San Bernardino,071,2135413,365229,360033,11549,371582,5932
2021-11-27,San Diego,073,3302833,386220,382634,22580,405214,4319
2021-11-27,San Francisco,075,870044,54684,53830,2381,56211,669
2021-11-27,San Joaquin,077,732212,102491,101368,5535,106903,1833
2021-11-27,San Luis Obispo,079,281455,30548,29983,1308,31291,358
2021-11-27,San Mateo,081,765935,55621,54360,931,55291,577
2021-11-27,Santa Barbara,083,443738,45835,45318,1578,46896,548
2021-11-27,Santa Clara,085,1922200,151806,149700,1504,151204,1922
2021-11-27,Santa Cruz,087,273765,21329,20929,1017,21946,222
2021-11-27,Shasta,089,179085,22454,22151,3676,25827,396
2021-11-27,Sierra,091,2930,196,194,21,215,0
2021-11-27,Siskiyou,093,43540,3445,3336,1325,4661,54
2021-11-27,Solano,095,438530,47106,46163,1322,47485,356
2021-11-27,Sonoma,097,501317,42873,42368,555,42923,405
2021-11-27,Stanislaus,099,539301,80944,80782,9095,89877,1220
2021-11-27,Sutter,101,95872,14203,14127,379,14506,181
2021-11-27,Tehama,103,63373,8791,8675,1516,10191,129
2021-11-27,Trinity,105,12862,895,789,219,1008,17
2021-11-27,Tulare,107,460477,70805,69377,15788,85165,1082
2021-11-27,Tuolumne,109,53932,7669,7574,113,7687,90
2021-11-27,Ventura,111,848112,100231,99163,4357,103520,1188
2021-11-27,Yolo,113,214977,20547,20237,1042,21279,257
2021-11-27,Yuba,115,75493,10425,10335,365,10700,88
2021-11-26,Alameda,001,1643700,122391,121618,2842,124460,1477
2021-11-26,Alpine,002,1148,105,106,0,106,0
2021-11-26,Amador,005,37829,5731,5670,67,5737,66
2021-11-26,Butte,007,227075,21709,21384,4041,25425,309
2021-11-26,Calaveras,009,45235,4369,4294,61,4355,85
2021-11-26,Colusa,011,21464,2613,2568,662,3230,19
2021-11-26,Contra Costa,013,1133247,101909,100961,2270,103231,1045
2021-11-26,Del Norte,015,27424,3760,3661,55,3716,42
2021-11-26,El Dorado,017,186661,16724,16399,1773,18172,161
2021-11-26,Fresno,019,978130,145502,143386,13088,156474,2246
2021-11-26,Glenn,021,27897,3584,3532,1036,4568,36
2021-11-26,Humboldt,023,135768,9554,9399,647,10046,115
2021-11-26,Imperial,025,180216,35197,34611,3456,38067,769
2021-11-26,Inyo,027,18085,2543,2506,38,2544,45
2021-11-26,Kern,029,883053,132211,130245,23554,153799,1773
2021-11-26,Kings,031,150075,33340,32891,2001,34892,358
2021-11-26,Lake,033,64148,6923,6836,152,6988,110
2021-11-26,Lassen,035,31185,7040,6959,406,7365,47
2021-11-26,Los Angeles,037,10098052,1468008,1454495,54585,1509080,26817
2021-11-26,Madera,039,155013,24250,23880,2251,26131,296
2021-11-26,Marin,041,260295,18081,17857,494,18351,248
2021-11-26,Mariposa,043,17540,1423,1374,59,1433,6
2021-11-26,Mendocino,045,87422,8044,7871,650,8521,89
2021-11-26,Merced,047,269075,43205,42921,2060,44981,664
2021-11-26,Modoc,049,8938,587,551,200,751,5
2021-11-26,Mono,051,14174,1873,1810,23,1833,4
2021-11-26,Monterey,053,433212,49643,48400,3098,51498,625
2021-11-26,Napa,055,140530,13307,13256,114,13370,104
2021-11-26,Nevada,057,99092,9758,9584,342,9926,103
2021-11-26,Orange,059,3164182,314111,310809,15801,326610,5665
2021-11-26,Placer,061,380077,38603,38001,3811,41812,468
2021-11-26,Plumas,063,18699,1937,1860,43,1903,7
2021-11-26,Riverside,065,2383286,373824,367601,16535,384136,5306
2021-11-26,Sacramento,067,1510023,163972,162328,4859,167187,2335
2021-11-26,San Benito,069,59416,7620,7575,178,7753,77
2021-11-26,San Bernardino,071,2135413,364796,360033,11542,371575,5932
2021-11-26,San Diego,073,3302833,385675,382634,22568,405202,4319
2021-11-26,San Francisco,075,870044,54636,53830,2379,56209,669
2021-11-26,San Joaquin,077,732212,102434,101368,5534,106902,1833
2021-11-26,San Luis Obispo,079,281455,30506,29983,1305,31288,358
2021-11-26,San Mateo,081,765935,55558,54360,930,55290,577
2021-11-26,Santa Barbara,083,443738,45788,45318,1577,46895,548
2021-11-26,Santa Clara,085,1922200,151636,149700,1496,151196,1922
2021-11-26,Santa Cruz,087,273765,21289,20929,1017,21946,222
2021-11-26,Shasta,089,179085,22434,22151,3674,25825,396
2021-11-26,Sierra,091,2930,196,194,21,215,0
2021-11-26,Siskiyou,093,43540,3442,3336,1324,4660,54
2021-11-26,Solano,095,438530,47064,46163,1321,47484,356
2021-11-26,Sonoma,097,501317,42823,42368,553,42921,405
2021-11-26,Stanislaus,099,539301,80871,80782,9084,89866,1220
2021-11-26,Sutter,101,95872,14190,14127,378,14505,181
2021-11-26,Tehama,103,63373,8789,8675,1515,10190,129
2021-11-26,Trinity,105,12862,894,789,219,1008,17
2021-11-26,Tulare,107,460477,70759,69377,15756,85133,1082
2021-11-26,Tuolumne,109,53932,7659,7574,113,7687,90
2021-11-26,Ventura,111,848112,100152,99163,4352,103515,1188
2021-11-26,Yolo,113,214977,20527,20237,1036,21273,257
2021-11-26,Yuba,115,75493,10419,10335,365,10700,88
2021-11-25,Alameda,001,1643700,122282,121618,2837,124455,1477
2021-11-25,Alpine,002,1148,105,106,0,106,0
2021-11-25,Amador,005,37829,5723,5670,67,5737,66
2021-11-25,Butte,007,227075,21691,21384,4039,25423,309
2021-11-25,Calaveras,009,45235,4364,4294,61,4355,85
2021-11-25,Colusa,011,21464,2610,2568,660,3228,19
2021-11-25,Contra Costa,013,1133247,101805,100961,2267,103228,1045
2021-11-25,Del Norte,015,27424,3755,3661,55,3716,42
2021-11-25,El Dorado,017,186661,16705,16399,1773,18172,161
2021-11-25,Fresno,019,978130,145369,143386,13079,156465,2246
2021-11-25,Glenn,021,27897,3581,3532,1035,4567,36
2021-11-25,Humboldt,023,135768,9535,9399,644,10043,115
2021-11-25,Imperial,025,180216,35152,34611,3445,38056,769
2021-11-25,Inyo,027,18085,2541,2506,38,2544,45
2021-11-25,Kern,029,883053,132113,130245,23508,153753,1773
2021-11-25,Kings,031,150075,33312,32891,2000,34891,358
2021-11-25,Lake,033,64148,6916,6836,152,6988,110
2021-11-25,Lassen,035,31185,7038,6959,405,7364,47
2021-11-25,Los Angeles,037,10098052,1467038,1454495,54528,1509023,26817
2021-11-25,Madera,039,155013,24214,23880,2250,26130,296
2021-11-25,Marin,041,260295,18054,17857,488,18345,248
2021-11-25,Mariposa,043,17540,1420,1374,59,1433,6
2021-11-25,Mendocino,045,87422,8026,7871,650,8521,89
2021-11-25,Merced,047,269075,43166,42921,2054,44975,664
2021-11-25,Modoc,049,8938,586,551,200,751,5
2021-11-25,Mono,051,14174,1862,1810,23,1833,4
2021-11-25,Monterey,053,433212,49599,48400,3089,51489,625
2021-11-25,Napa,055,140530,13299,13256,114,13370,104
2021-11-25,Nevada,057,99092,9739,9584,339,9923,103
2021-11-25,Orange,059,3164182,313848,310809,15770,326579,5665
2021-11-25,Placer,061,380077,38556,38001,3806,41807,468
2021-11-25,Plumas,063,18699,1935,1860,43,1903,7
2021-11-25,Riverside,065,2383286,373408,367601,16528,384129,5306
2021-11-25,Sacramento,067,1510023,163793,162328,4853,167181,2335
2021-11-25,San Benito,069,59416,7613,7575,178,7753,77
2021-11-25,San Bernardino,071,2135413,364397,360033,11525,371558,5932
2021-11-25,San Diego,073,3302833,385233,382634,22549,405183,4319
2021-11-25,San Francisco,075,870044,54587,53830,2376,56206,669
2021-11-25,San Joaquin,077,732212,102351,101368,5530,106898,1833
2021-11-25,San Luis Obispo,079,281455,30476,29983,1303,31286,358
2021-11-25,San Mateo,081,765935,55509,54360,928,55288,577
2021-11-25,Santa Barbara,083,443738,45749,45318,1575,46893,548
2021-11-25,Santa Clara,085,1922200,151478,149700,1491,151191,1922
2021-11-25,Santa Cruz,087,273765,21256,20929,1017,21946,222
2021-11-25,Shasta,089,179085,22408,22151,3674,25825,396
2021-11-25,Sierra,091,2930,196,194,21,215,0
2021-11-25,Siskiyou,093,43540,3439,3336,1324,4660,54
2021-11-25,Solano,095,438530,47027,46163,1320,47483,356
2021-11-25,Sonoma,097,501317,42766,42368,549,42917,405
2021-11-25,Stanislaus,099,539301,80804,80782,9070,89852,1220
2021-11-25,Sutter,101,95872,14174,14127,377,14504,181
2021-11-25,Tehama,103,63373,8781,8675,1515,10190,129
2021-11-25,Trinity,105,12862,894,789,219,1008,17
2021-11-25,Tulare,107,460477,70691,69377,15730,85107,1082
2021-11-25,Tuolumne,109,53932,7647,7574,113,7687,90
2021-11-25,Ventura,111,848112,100086,99163,4349,103512,1188
2021-11-25,Yolo,113,214977,20496,20237,1033,21270,257
2021-11-25,Yuba,115,75493,10410,10335,364,10699,88
2021-11-24,Alameda,001,1643700,122219,121618,2833,124451,1477
2021-11-24,Alpine,002,1148,105,106,0,106,0
2021-11-24,Amador,005,37829,5713,5670,67,5737,66
2021-11-24,Butte,007,227075,21675,21384,4038,25422,309
2021-11-24,Calaveras,009,45235,4357,4294,61,4355,85
2021-11-24,Colusa,011,21464,2610,2568,659,3227,19
2021-11-24,Contra Costa,013,1133247,101766,100961,2264,103225,1045
2021-11-24,Del Norte,015,27424,3752,3661,55,3716,42
2021-11-24,El Dorado,017,186661,16693,16399,1772,18171,161
2021-11-24,Fresno,019,978130,145313,143386,13077,156463,2246
2021-11-24,Glenn,021,27897,3576,3532,1034,4566,36
2021-11-24,Humboldt,023,135768,9520,9399,644,10043,115
2021-11-24,Imperial,025,180216,35123,34611,3439,38050,769
2021-11-24,Inyo,027,18085,2538,2506,38,2544,45
2021-11-24,Kern,029,883053,132051,130245,23496,153741,1773
2021-11-24,Kings,031,150075,33298,32891,1999,34890,358
2021-11-24,Lake,033,64148,6912,6836,152,6988,110
2021-11-24,Lassen,035,31185,7038,6959,405,7364,47
2021-11-24,Los Angeles,037,10098052,1466553,1454495,54486,1508981,26817
2021-11-24,Madera,039,155013,24191,23880,2244,26124,296
2021-11-24,Marin,041,260295,18042,17857,486,18343,248
2021-11-24,Mariposa,043,17540,1420,1374,59,1433,6
2021-11-24,Mendocino,045,87422,8014,7871,650,8521,89
2021-11-24,Merced,047,269075,43134,42921,2051,44972,664
2021-11-24,Modoc,049,8938,586,551,200,751,5
2021-11-24,Mono,051,14174,1859,1810,23,1833,4
2021-11-24,Monterey,053,433212,49586,48400,3088,51488,625
2021-11-24,Napa,055,140530,13295,13256,114,13370,104
2021-11-24,Nevada,057,99092,9724,9584,339,9923,103
2021-11-24,Orange,059,3164182,313692,310809,15755,326564,5665
2021-11-24,Placer,061,380077,38522,38001,3803,41804,468
2021-11-24,Plumas,063,18699,1933,1860,43,1903,7
2021-11-24,Riverside,065,2383286,373229,367601,16522,384123,5306
2021-11-24,Sacramento,067,1510023,163721,162328,4853,167181,2335
2021-11-24,San Benito,069,59416,7611,7575,178,7753,77
2021-11-24,San Bernardino,071,2135413,364185,360033,11515,371548,5932
2021-11-24,San Diego,073,3302833,384975,382634,22536,405170,4319
2021-11-24,San Francisco,075,870044,54556,53830,2374,56204,669
2021-11-24,San Joaquin,077,732212,102310,101368,5527,106895,1833
2021-11-24,San Luis Obispo,079,281455,30457,29983,1303,31286,358
2021-11-24,San Mateo,081,765935,55479,54360,927,55287,577
2021-11-24,Santa Barbara,083,443738,45722,45318,1575,46893,548
2021-11-24,Santa Clara,085,1922200,151382,149700,1490,151190,1922
2021-11-24,Santa Cruz,087,273765,21233,20929,1016,21945,222
2021-11-24,Shasta,089,179085,22397,22151,3671,25822,396
2021-11-24,Sierra,091,2930,196,194,21,215,0
2021-11-24,Siskiyou,093,43540,3436,3336,1324,4660,54
2021-11-24,Solano,095,438530,46999,46163,1318,47481,356
2021-11-24,Sonoma,097,501317,42734,42368,547,42915,405
2021-11-24,Stanislaus,099,539301,80767,80782,9065,89847,1220
2021-11-24,Sutter,101,95872,14161,14127,375,14502,181
2021-11-24,Tehama,103,63373,8778,8675,1514,10189,129
2021-11-24,Trinity,105,12862,894,789,219,1008,17
2021-11-24,Tulare,107,460477,70667,69377,15711,85088,1082
2021-11-24,Tuolumne,109,53932,7643,7574,113,7687,90
2021-11-24,Ventura,111,848112,100051,99163,4345,103508,1188
2021-11-24,Yolo,113,214977,20487,20237,1033,21270,257
2021-11-24,Yuba,115,75493,10406,10335,363,10698,88
2021-11-23,Alameda,001,1643700,122100,121618,2826,124444,1477
2021-11-23,Alpine,002,1148,105,106,0,106,0
2021-11-23,Amador,005,37829,5706,5670,67,5737,66
2021-11-23,Butte,007,227075,21646,21384,4034,25418,309
2021-11-23,Calaveras,009,45235,4351,4294,60,4354,85
2021-11-23,Colusa,011,21464,2606,2568,657,3225,19
2021-11-23,Contra Costa,013,1133247,101659,100961,2262,103223,1045
2021-11-23,Del Norte,015,27424,3749,3661,55,3716,42
2021-11-23,El Dorado,017,186661,16662,16399,1769,18168,161
2021-11-23,Fresno,019,978130,145174,143386,13068,156454,2246
2021-11-23,Glenn,021,27897,3571,3532,1034,4566,36
2021-11-23,Humboldt,023,135768,9498,9399,641,10040,115
2021-11-23,Imperial,025,180216,35054,34611,3420,38031,769
2021-11-23,Inyo,027,18085,2534,2506,38,2544,45
2021-11-23,Kern,029,883053,131942,130245,23447,153692,1773
2021-11-23,Kings,031,150075,33256,32891,1998,34889,358
2021-11-23,Lake,033,64148,6907,6836,152,6988,110
2021-11-23,Lassen,035,31185,7035,6959,402,7361,47
2021-11-23,Los Angeles,037,10098052,1465545,1454495,54419,1508914,26817
2021-11-23,Madera,039,155013,24165,23880,2242,26122,296
2021-11-23,Marin,041,260295,18013,17857,483,18340,248
2021-11-23,Mariposa,043,17540,1417,1374,59,1433,6
2021-11-23,Mendocino,045,87422,7993,7871,647,8518,89
2021-11-23,Merced,047,269075,43095,42921,2050,44971,664
2021-11-23,Modoc,049,8938,584,551,200,751,5
2021-11-23,Mono,051,14174,1845,1810,23,1833,4
2021-11-23,Monterey,053,433212,49550,48400,3082,51482,625
2021-11-23,Napa,055,140530,13287,13256,114,13370,104
2021-11-23,Nevada,057,99092,9695,9584,338,9922,103
2021-11-23,Orange,059,3164182,313442,310809,15719,326528,5665
2021-11-23,Placer,061,380077,38463,38001,3786,41787,468
2021-11-23,Plumas,063,18699,1929,1860,43,1903,7
2021-11-23,Riverside,065,2383286,372849,367601,16509,384110,5306
2021-11-23,Sacramento,067,1510023,163535,162328,4842,167170,2335
2021-11-23,San Benito,069,59416,7602,7575,176,7751,77
2021-11-23,San Bernardino,071,2135413,363768,360033,11500,371533,5932
2021-11-23,San Diego,073,3302833,384490,382634,22513,405147,4319
2021-11-23,San Francisco,075,870044,54496,53830,2372,56202,669
2021-11-23,San Joaquin,077,732212,102201,101368,5516,106884,1833
2021-11-23,San Luis Obispo,079,281455,30422,29983,1300,31283,358
2021-11-23,San Mateo,081,765935,55428,54360,926,55286,577
2021-11-23,Santa Barbara,083,443738,45670,45318,1575,46893,548
2021-11-23,Santa Clara,085,1922200,151170,149700,1478,151178,1922
2021-11-23,Santa Cruz,087,273765,21195,20929,1016,21945,222
2021-11-23,Shasta,089,179085,22361,22151,3669,25820,396
2021-11-23,Sierra,091,2930,196,194,21,215,0
2021-11-23,Siskiyou,093,43540,3431,3336,1323,4659,54
2021-11-23,Solano,095,438530,46945,46163,1314,47477,356
2021-11-23,Sonoma,097,501317,42683,42368,544,42912,405
2021-11-23,Stanislaus,099,539301,80697,80782,9053,89835,1220
2021-11-23,Sutter,101,95872,14145,14127,374,14501,181
2021-11-23,Tehama,103,63373,8765,8675,1513,10188,129
2021-11-23,Trinity,105,12862,893,789,219,1008,17
2021-11-23,Tulare,107,460477,70620,69377,15681,85058,1082
2021-11-23,Tuolumne,109,53932,7631,7574,112,7686,90
2021-11-23,Ventura,111,848112,99968,99163,4339,103502,1188
2021-11-23,Yolo,113,214977,20464,20237,1027,21264,257
2021-11-23,Yuba,115,75493,10394,10335,363,10698,88
2021-11-22,Alameda,001,1643700,121985,121566,2825,124391,1475
2021-11-22,Alpine,002,1148,105,106,0,106,0
2021-11-22,Amador,005,37829,5693,5670,67,5737,66
2021-11-22,Butte,007,227075,21607,21363,4029,25392,305
2021-11-22,Calaveras,009,45235,4339,4294,60,4354,84
2021-11-22,Colusa,011,21464,2603,2565,657,3222,19
2021-11-22,Contra Costa,013,1133247,101572,100877,2257,103134,1045
2021-11-22,Del Norte,015,27424,3746,3659,55,3714,42
2021-11-22,El Dorado,017,186661,16639,16378,1766,18144,161
2021-11-22,Fresno,019,978130,145041,143290,13060,156350,2243
2021-11-22,Glenn,021,27897,3566,3530,1033,4563,36
2021-11-22,Humboldt,023,135768,9472,9389,636,10025,115
2021-11-22,Imperial,025,180216,34993,34562,3406,37968,766
2021-11-22,Inyo,027,18085,2528,2501,38,2539,44
2021-11-22,Kern,029,883053,131781,130091,23398,153489,1762
2021-11-22,Kings,031,150075,33219,32867,1993,34860,358
2021-11-22,Lake,033,64148,6902,6837,152,6989,110
2021-11-22,Lassen,035,31185,7033,6954,401,7355,47
2021-11-22,Los Angeles,037,10098052,1464480,1453945,54337,1508282,26800
2021-11-22,Madera,039,155013,24131,23872,2234,26106,296
2021-11-22,Marin,041,260295,17981,17842,481,18323,248
2021-11-22,Mariposa,043,17540,1413,1372,59,1431,6
2021-11-22,Mendocino,045,87422,7977,7859,646,8505,89
2021-11-22,Merced,047,269075,43044,42898,2039,44937,660
2021-11-22,Modoc,049,8938,583,551,200,751,5
2021-11-22,Mono,051,14174,1838,1809,23,1832,4
2021-11-22,Monterey,053,433212,49522,48374,3078,51452,611
2021-11-22,Napa,055,140530,13278,13255,113,13368,104
2021-11-22,Nevada,057,99092,9677,9575,336,9911,96
2021-11-22,Orange,059,3164182,313200,310654,15693,326347,5663
2021-11-22,Placer,061,380077,38415,37956,3778,41734,465
2021-11-22,Plumas,063,18699,1926,1858,43,1901,7
2021-11-22,Riverside,065,2383286,372410,367301,16500,383801,5283
2021-11-22,Sacramento,067,1510023,163343,162222,4833,167055,2328
2021-11-22,San Benito,069,59416,7582,7567,176,7743,77
2021-11-22,San Bernardino,071,2135413,363350,359851,11489,371340,5916
2021-11-22,San Diego,073,3302833,383996,382132,22489,404621,4317
2021-11-22,San Francisco,075,870044,54404,53778,2366,56144,669
2021-11-22,San Joaquin,077,732212,102076,101299,5511,106810,1833
2021-11-22,San Luis Obispo,079,281455,30396,29963,1297,31260,358
2021-11-22,San Mateo,081,765935,55371,54330,924,55254,577
2021-11-22,Santa Barbara,083,443738,45594,45279,1575,46854,546
2021-11-22,Santa Clara,085,1922200,150986,149541,1468,151009,1919
2021-11-22,Santa Cruz,087,273765,21154,20891,1016,21907,222
2021-11-22,Shasta,089,179085,22347,22116,3664,25780,393
2021-11-22,Sierra,091,2930,196,193,21,214,0
2021-11-22,Siskiyou,093,43540,3426,3336,1321,4657,54
2021-11-22,Solano,095,438530,46896,46153,1312,47465,356
2021-11-22,Sonoma,097,501317,42622,42344,543,42887,404
2021-11-22,Stanislaus,099,539301,80610,80718,9043,89761,1209
2021-11-22,Sutter,101,95872,14129,14125,372,14497,181
2021-11-22,Tehama,103,63373,8758,8669,1508,10177,127
2021-11-22,Trinity,105,12862,892,785,219,1004,17
2021-11-22,Tulare,107,460477,70560,69314,15645,84959,1075
2021-11-22,Tuolumne,109,53932,7616,7567,112,7679,90
2021-11-22,Ventura,111,848112,99902,99114,4336,103450,1186
2021-11-22,Yolo,113,214977,20441,20227,1025,21252,257
2021-11-22,Yuba,115,75493,10385,10332,362,10694,88
2021-11-21,Alameda,001,1643700,121852,121443,2821,124264,1475
2021-11-21,Alpine,002,1148,103,106,0,106,0
2021-11-21,Amador,005,37829,5688,5662,66,5728,66
2021-11-21,Butte,007,227075,21565,21342,4024,25366,306
2021-11-21,Calaveras,009,45235,4330,4287,60,4347,84
2021-11-21,Colusa,011,21464,2599,2562,656,3218,19
2021-11-21,Contra Costa,013,1133247,101469,100807,2250,103057,1045
2021-11-21,Del Norte,015,27424,3742,3659,55,3714,42
2021-11-21,El Dorado,017,186661,16612,16370,1760,18130,161
2021-11-21,Fresno,019,978130,144869,143203,13038,156241,2242
2021-11-21,Glenn,021,27897,3561,3529,1033,4562,36
2021-11-21,Humboldt,023,135768,9450,9378,635,10013,115
2021-11-21,Imperial,025,180216,34906,34527,3396,37923,766
2021-11-21,Inyo,027,18085,2521,2501,38,2539,44
2021-11-21,Kern,029,883053,131617,130020,23352,153372,1762
2021-11-21,Kings,031,150075,33181,32843,1989,34832,356
2021-11-21,Lake,033,64148,6895,6834,152,6986,110
2021-11-21,Lassen,035,31185,7024,6953,401,7354,47
2021-11-21,Los Angeles,037,10098052,1463420,1453181,54282,1507463,26793
2021-11-21,Madera,039,155013,24106,23856,2229,26085,296
2021-11-21,Marin,041,260295,17952,17829,478,18307,248
2021-11-21,Mariposa,043,17540,1412,1371,58,1429,6
2021-11-21,Mendocino,045,87422,7971,7846,643,8489,89
2021-11-21,Merced,047,269075,42989,42881,2036,44917,660
2021-11-21,Modoc,049,8938,579,551,200,751,5
2021-11-21,Mono,051,14174,1828,1799,22,1821,4
2021-11-21,Monterey,053,433212,49476,48358,3069,51427,611
2021-11-21,Napa,055,140530,13266,13250,113,13363,104
2021-11-21,Nevada,057,99092,9652,9556,335,9891,96
2021-11-21,Orange,059,3164182,312944,310477,15662,326139,5663
2021-11-21,Placer,061,380077,38337,37929,3777,41706,465
2021-11-21,Plumas,063,18699,1921,1858,43,1901,7
2021-11-21,Riverside,065,2383286,371919,367093,16492,383585,5283
2021-11-21,Sacramento,067,1510023,163125,162087,4823,166910,2327
2021-11-21,San Benito,069,59416,7568,7563,175,7738,77
2021-11-21,San Bernardino,071,2135413,362854,359621,11454,371075,5912
2021-11-21,San Diego,073,3302833,383466,380747,22464,403211,4317
2021-11-21,San Francisco,075,870044,54335,53741,2361,56102,669
2021-11-21,San Joaquin,077,732212,101969,101264,5498,106762,1833
2021-11-21,San Luis Obispo,079,281455,30358,29948,1297,31245,358
2021-11-21,San Mateo,081,765935,55319,54290,922,55212,577
2021-11-21,Santa Barbara,083,443738,45533,45237,1572,46809,546
2021-11-21,Santa Clara,085,1922200,150780,149387,1449,150836,1918
2021-11-21,Santa Cruz,087,273765,21110,20866,1014,21880,222
2021-11-21,Shasta,089,179085,22315,22112,3662,25774,393
2021-11-21,Sierra,091,2930,196,193,21,214,0
2021-11-21,Siskiyou,093,43540,3421,3333,1320,4653,54
2021-11-21,Solano,095,438530,46840,46122,1305,47427,356
2021-11-21,Sonoma,097,501317,42562,42298,542,42840,404
2021-11-21,Stanislaus,099,539301,80515,80687,9028,89715,1209
2021-11-21,Sutter,101,95872,14115,14111,372,14483,181
2021-11-21,Tehama,103,63373,8752,8669,1507,10176,127
2021-11-21,Trinity,105,12862,890,784,217,1001,17
2021-11-21,Tulare,107,460477,70476,69285,15607,84892,1075
2021-11-21,Tuolumne,109,53932,7608,7560,111,7671,90
2021-11-21,Ventura,111,848112,99811,99081,4333,103414,1186
2021-11-21,Yolo,113,214977,20413,20209,1022,21231,257
2021-11-21,Yuba,115,75493,10376,10326,362,10688,88
2021-11-20,Alameda,001,1643700,121758,121059,2815,123874,1473
2021-11-20,Alpine,002,1148,103,105,0,105,0
2021-11-20,Amador,005,37829,5682,5652,65,5717,66
2021-11-20,Butte,007,227075,21550,21265,4020,25285,300
2021-11-20,Calaveras,009,45235,4320,4268,60,4328,84
2021-11-20,Colusa,011,21464,2598,2549,655,3204,19
2021-11-20,Contra Costa,013,1133247,101393,100491,2246,102737,1043
2021-11-20,Del Norte,015,27424,3739,3637,55,3692,42
2021-11-20,El Dorado,017,186661,16591,16308,1758,18066,161
2021-11-20,Fresno,019,978130,144800,142579,13029,155608,2233
2021-11-20,Glenn,021,27897,3560,3526,1032,4558,35
2021-11-20,Humboldt,023,135768,9437,9302,633,9935,115
2021-11-20,Imperial,025,180216,34854,34312,3390,37702,766
2021-11-20,Inyo,027,18085,2520,2467,38,2505,44
2021-11-20,Kern,029,883053,131516,129488,23315,152803,1750
2021-11-20,Kings,031,150075,33171,32720,1989,34709,354
2021-11-20,Lake,033,64148,6892,6808,152,6960,110
2021-11-20,Lassen,035,31185,7023,6931,401,7332,47
2021-11-20,Los Angeles,037,10098052,1462800,1448963,54234,1503197,26741
2021-11-20,Madera,039,155013,24092,23720,2225,25945,296
2021-11-20,Marin,041,260295,17937,17774,478,18252,248
2021-11-20,Mariposa,043,17540,1411,1354,58,1412,6
2021-11-20,Mendocino,045,87422,7963,7773,643,8416,89
2021-11-20,Merced,047,269075,42963,42692,2036,44728,656
2021-11-20,Modoc,049,8938,578,550,200,750,5
2021-11-20,Mono,051,14174,1822,1767,22,1789,4
2021-11-20,Monterey,053,433212,49463,48260,3064,51324,609
2021-11-20,Napa,055,140530,13263,13184,113,13297,103
2021-11-20,Nevada,057,99092,9636,9480,335,9815,92
2021-11-20,Orange,059,3164182,312744,309672,15645,325317,5658
2021-11-20,Placer,061,380077,38295,37800,3772,41572,462
2021-11-20,Plumas,063,18699,1917,1841,43,1884,7
2021-11-20,Riverside,065,2383286,371645,365809,16480,382289,5265
2021-11-20,Sacramento,067,1510023,163021,161533,4819,166352,2316
2021-11-20,San Benito,069,59416,7564,7533,175,7708,77
2021-11-20,San Bernardino,071,2135413,362574,358322,11443,369765,5897
2021-11-20,San Diego,073,3302833,383140,380147,22438,402585,4311
2021-11-20,San Francisco,075,870044,54294,53525,2360,55885,669
2021-11-20,San Joaquin,077,732212,101919,100922,5493,106415,1832
2021-11-20,San Luis Obispo,079,281455,30344,29815,1296,31111,355
2021-11-20,San Mateo,081,765935,55285,54132,921,55053,577
2021-11-20,Santa Barbara,083,443738,45501,45074,1572,46646,544
2021-11-20,Santa Clara,085,1922200,150673,148829,1448,150277,1917
2021-11-20,Santa Cruz,087,273765,21092,20756,1014,21770,222
2021-11-20,Shasta,089,179085,22291,21968,3661,25629,383
2021-11-20,Sierra,091,2930,196,191,21,212,0
2021-11-20,Siskiyou,093,43540,3418,3313,1320,4633,54
2021-11-20,Solano,095,438530,46819,46006,1305,47311,356
2021-11-20,Sonoma,097,501317,42531,42151,542,42693,403
2021-11-20,Stanislaus,099,539301,80469,80412,9024,89436,1205
2021-11-20,Sutter,101,95872,14108,14074,372,14446,181
2021-11-20,Tehama,103,63373,8747,8648,1507,10155,125
2021-11-20,Trinity,105,12862,886,771,217,988,17
2021-11-20,Tulare,107,460477,70437,69074,15586,84660,1054
2021-11-20,Tuolumne,109,53932,7600,7511,111,7622,90
2021-11-20,Ventura,111,848112,99762,98893,4326,103219,1186
2021-11-20,Yolo,113,214977,20404,20139,1019,21158,257
2021-11-20,Yuba,115,75493,10370,10290,361,10651,88
2021-11-19,Alameda,001,1643700,121683,121059,2812,123871,1473
2021-11-19,Alpine,002,1148,103,105,0,105,0
2021-11-19,Amador,005,37829,5672,5652,65,5717,66
2021-11-19,Butte,007,227075,21527,21265,4013,25278,300
2021-11-19,Calaveras,009,45235,4313,4268,60,4328,84
2021-11-19,Colusa,011,21464,2596,2549,654,3203,19
2021-11-19,Contra Costa,013,1133247,101335,100491,2241,102732,1043
2021-11-19,Del Norte,015,27424,3734,3637,55,3692,42
2021-11-19,El Dorado,017,186661,16569,16308,1756,18064,161
2021-11-19,Fresno,019,978130,144682,142579,13020,155599,2233
2021-11-19,Glenn,021,27897,3559,3526,1031,4557,35
2021-11-19,Humboldt,023,135768,9425,9302,630,9932,115
2021-11-19,Imperial,025,180216,34816,34312,3383,37695,766
2021-11-19,Inyo,027,18085,2516,2467,38,2505,44
2021-11-19,Kern,029,883053,131413,129488,23272,152760,1750
2021-11-19,Kings,031,150075,33146,32720,1987,34707,354
2021-11-19,Lake,033,64148,6889,6808,152,6960,110
2021-11-19,Lassen,035,31185,7018,6931,400,7331,47
2021-11-19,Los Angeles,037,10098052,1462112,1448963,54181,1503144,26741
2021-11-19,Madera,039,155013,24071,23720,2220,25940,296
2021-11-19,Marin,041,260295,17919,17774,476,18250,248
2021-11-19,Mariposa,043,17540,1409,1354,58,1412,6
2021-11-19,Mendocino,045,87422,7943,7773,643,8416,89
2021-11-19,Merced,047,269075,42937,42692,2035,44727,656
2021-11-19,Modoc,049,8938,577,550,200,750,5
2021-11-19,Mono,051,14174,1811,1767,22,1789,4
2021-11-19,Monterey,053,433212,49441,48260,3064,51324,609
2021-11-19,Napa,055,140530,13252,13184,112,13296,103
2021-11-19,Nevada,057,99092,9623,9480,335,9815,92
2021-11-19,Orange,059,3164182,312590,309672,15620,325292,5658
2021-11-19,Placer,061,380077,38258,37800,3768,41568,462
2021-11-19,Plumas,063,18699,1913,1841,43,1884,7
2021-11-19,Riverside,065,2383286,371371,365809,16476,382285,5265
2021-11-19,Sacramento,067,1510023,162896,161533,4815,166348,2316
2021-11-19,San Benito,069,59416,7558,7533,173,7706,77
2021-11-19,San Bernardino,071,2135413,362251,358322,11434,369756,5897
2021-11-19,San Diego,073,3302833,382749,380147,22412,402559,4311
2021-11-19,San Francisco,075,870044,54256,53525,2360,55885,669
2021-11-19,San Joaquin,077,732212,101862,100922,5489,106411,1832
2021-11-19,San Luis Obispo,079,281455,30326,29815,1294,31109,355
2021-11-19,San Mateo,081,765935,55237,54132,917,55049,577
2021-11-19,Santa Barbara,083,443738,45464,45074,1572,46646,544
2021-11-19,Santa Clara,085,1922200,150525,148829,1445,150274,1917
2021-11-19,Santa Cruz,087,273765,21065,20756,1011,21767,222
2021-11-19,Shasta,089,179085,22279,21968,3660,25628,383
2021-11-19,Sierra,091,2930,196,191,21,212,0
2021-11-19,Siskiyou,093,43540,3415,3313,1320,4633,54
2021-11-19,Solano,095,438530,46788,46006,1301,47307,356
2021-11-19,Sonoma,097,501317,42498,42151,539,42690,403
2021-11-19,Stanislaus,099,539301,80411,80412,9015,89427,1205
2021-11-19,Sutter,101,95872,14106,14074,372,14446,181
2021-11-19,Tehama,103,63373,8744,8648,1507,10155,125
2021-11-19,Trinity,105,12862,884,771,217,988,17
2021-11-19,Tulare,107,460477,70396,69074,15560,84634,1054
2021-11-19,Tuolumne,109,53932,7589,7511,111,7622,90
2021-11-19,Ventura,111,848112,99698,98893,4323,103216,1186
2021-11-19,Yolo,113,214977,20392,20139,1018,21157,257
2021-11-19,Yuba,115,75493,10367,10290,361,10651,88
2021-11-18,Alameda,001,1643700,121558,121059,2805,123864,1473
2021-11-18,Alpine,002,1148,103,105,0,105,0
2021-11-18,Amador,005,37829,5670,5652,65,5717,66
2021-11-18,Butte,007,227075,21510,21265,4006,25271,300
2021-11-18,Calaveras,009,45235,4306,4268,59,4327,84
2021-11-18,Colusa,011,21464,2588,2549,654,3203,19
2021-11-18,Contra Costa,013,1133247,101233,100491,2233,102724,1043
2021-11-18,Del Norte,015,27424,3731,3637,55,3692,42
2021-11-18,El Dorado,017,186661,16548,16308,1753,18061,161
2021-11-18,Fresno,019,978130,144541,142579,13010,155589,2233
2021-11-18,Glenn,021,27897,3558,3526,1030,4556,35
2021-11-18,Humboldt,023,135768,9408,9302,625,9927,115
2021-11-18,Imperial,025,180216,34761,34312,3367,37679,766
2021-11-18,Inyo,027,18085,2508,2467,38,2505,44
2021-11-18,Kern,029,883053,131265,129488,23225,152713,1750
2021-11-18,Kings,031,150075,33109,32720,1984,34704,354
2021-11-18,Lake,033,64148,6884,6808,152,6960,110
2021-11-18,Lassen,035,31185,7015,6931,395,7326,47
2021-11-18,Los Angeles,037,10098052,1461124,1448963,54121,1503084,26741
2021-11-18,Madera,039,155013,24046,23720,2216,25936,296
2021-11-18,Marin,041,260295,17902,17774,472,18246,248
2021-11-18,Mariposa,043,17540,1406,1354,58,1412,6
2021-11-18,Mendocino,045,87422,7921,7773,634,8407,89
2021-11-18,Merced,047,269075,42880,42692,2033,44725,656
2021-11-18,Modoc,049,8938,565,550,200,750,5
2021-11-18,Mono,051,14174,1803,1767,22,1789,4
2021-11-18,Monterey,053,433212,49416,48260,3059,51319,609
2021-11-18,Napa,055,140530,13240,13184,111,13295,103
2021-11-18,Nevada,057,99092,9599,9480,335,9815,92
2021-11-18,Orange,059,3164182,312353,309672,15600,325272,5658
2021-11-18,Placer,061,380077,38216,37800,3757,41557,462
2021-11-18,Plumas,063,18699,1912,1841,43,1884,7
2021-11-18,Riverside,065,2383286,370994,365809,16463,382272,5265
2021-11-18,Sacramento,067,1510023,162668,161533,4800,166333,2316
2021-11-18,San Benito,069,59416,7548,7533,173,7706,77
2021-11-18,San Bernardino,071,2135413,361818,358322,11415,369737,5897
2021-11-18,San Diego,073,3302833,382252,380147,22395,402542,4311
2021-11-18,San Francisco,075,870044,54204,53525,2356,55881,669
2021-11-18,San Joaquin,077,732212,101767,100922,5481,106403,1832
2021-11-18,San Luis Obispo,079,281455,30296,29815,1293,31108,355
2021-11-18,San Mateo,081,765935,55178,54132,914,55046,577
2021-11-18,Santa Barbara,083,443738,45418,45074,1565,46639,544
2021-11-18,Santa Clara,085,1922200,150334,148829,1437,150266,1917
2021-11-18,Santa Cruz,087,273765,21014,20756,1010,21766,222
2021-11-18,Shasta,089,179085,22243,21968,3655,25623,383
2021-11-18,Sierra,091,2930,195,191,21,212,0
2021-11-18,Siskiyou,093,43540,3415,3313,1316,4629,54
2021-11-18,Solano,095,438530,46745,46006,1299,47305,356
2021-11-18,Sonoma,097,501317,42449,42151,537,42688,403
2021-11-18,Stanislaus,099,539301,80344,80412,9007,89419,1205
2021-11-18,Sutter,101,95872,14095,14074,371,14445,181
2021-11-18,Tehama,103,63373,8739,8648,1507,10155,125
2021-11-18,Trinity,105,12862,883,771,217,988,17
2021-11-18,Tulare,107,460477,70323,69074,15516,84590,1054
2021-11-18,Tuolumne,109,53932,7579,7511,111,7622,90
2021-11-18,Ventura,111,848112,99620,98893,4319,103212,1186
2021-11-18,Yolo,113,214977,20375,20139,1014,21153,257
2021-11-18,Yuba,115,75493,10361,10290,361,10651,88
2021-11-17,Alameda,001,1643700,121436,120913,2804,123717,1472
2021-11-17,Alpine,002,1148,103,105,0,105,0
2021-11-17,Amador,005,37829,5664,5646,65,5711,66
2021-11-17,Butte,007,227075,21484,21230,4003,25233,300
2021-11-17,Calaveras,009,45235,4299,4259,59,4318,84
2021-11-17,Colusa,011,21464,2585,2546,653,3199,19
2021-11-17,Contra Costa,013,1133247,101141,100387,2229,102616,1039
2021-11-17,Del Norte,015,27424,3728,3630,55,3685,42
2021-11-17,El Dorado,017,186661,16528,16269,1752,18021,161
2021-11-17,Fresno,019,978130,144355,142366,12996,155362,2230
2021-11-17,Glenn,021,27897,3556,3527,1028,4555,34
2021-11-17,Humboldt,023,135768,9397,9270,622,9892,115
2021-11-17,Imperial,025,180216,34705,34256,3346,37602,766
2021-11-17,Inyo,027,18085,2502,2457,38,2495,44
2021-11-17,Kern,029,883053,131092,129307,23183,152490,1743
2021-11-17,Kings,031,150075,33082,32669,1980,34649,352
2021-11-17,Lake,033,64148,6880,6795,151,6946,110
2021-11-17,Lassen,035,31185,7013,6918,395,7313,47
2021-11-17,Los Angeles,037,10098052,1460027,1447947,54053,1502000,26721
2021-11-17,Madera,039,155013,24013,23673,2214,25887,287
2021-11-17,Marin,041,260295,17882,17757,470,18227,248
2021-11-17,Mariposa,043,17540,1402,1353,58,1411,6
2021-11-17,Mendocino,045,87422,7913,7735,633,8368,89
2021-11-17,Merced,047,269075,42821,42612,2028,44640,654
2021-11-17,Modoc,049,8938,561,540,200,740,5
2021-11-17,Mono,051,14174,1799,1765,22,1787,5
2021-11-17,Monterey,053,433212,49368,48221,3048,51269,609
2021-11-17,Napa,055,140530,13218,13167,111,13278,103
2021-11-17,Nevada,057,99092,9586,9447,335,9782,92
2021-11-17,Orange,059,3164182,312107,309396,15566,324962,5651
2021-11-17,Placer,061,380077,38167,37725,3749,41474,460
2021-11-17,Plumas,063,18699,1907,1833,43,1876,7
2021-11-17,Riverside,065,2383286,370582,365406,16450,381856,5229
2021-11-17,Sacramento,067,1510023,162499,161269,4793,166062,2302
2021-11-17,San Benito,069,59416,7541,7524,173,7697,77
2021-11-17,San Bernardino,071,2135413,361452,357947,11398,369345,5893
2021-11-17,San Diego,073,3302833,381761,379769,22369,402138,4301
2021-11-17,San Francisco,075,870044,54149,53469,2353,55822,667
2021-11-17,San Joaquin,077,732212,101665,100764,5476,106240,1828
2021-11-17,San Luis Obispo,079,281455,30270,29731,1290,31021,354
2021-11-17,San Mateo,081,765935,55110,54092,911,55003,577
2021-11-17,Santa Barbara,083,443738,45379,45000,1565,46565,542
2021-11-17,Santa Clara,085,1922200,150170,148626,1429,150055,1915
2021-11-17,Santa Cruz,087,273765,20979,20700,1010,21710,222
2021-11-17,Shasta,089,179085,22210,21883,3653,25536,382
2021-11-17,Sierra,091,2930,194,189,21,210,0
2021-11-17,Siskiyou,093,43540,3411,3307,1313,4620,54
2021-11-17,Solano,095,438530,46712,45948,1298,47246,353
2021-11-17,Sonoma,097,501317,42403,42093,534,42627,403
2021-11-17,Stanislaus,099,539301,80255,80276,8997,89273,1199
2021-11-17,Sutter,101,95872,14081,14064,369,14433,181
2021-11-17,Tehama,103,63373,8729,8633,1504,10137,125
2021-11-17,Trinity,105,12862,882,765,217,982,17
2021-11-17,Tulare,107,460477,70252,68977,15489,84466,1047
2021-11-17,Tuolumne,109,53932,7562,7485,111,7596,90
2021-11-17,Ventura,111,848112,99558,98812,4313,103125,1183
2021-11-17,Yolo,113,214977,20356,20100,1012,21112,257
2021-11-17,Yuba,115,75493,10349,10275,357,10632,88
2021-11-16,Alameda,001,1643700,121328,120809,2800,123609,1467
2021-11-16,Alpine,002,1148,103,105,0,105,0
2021-11-16,Amador,005,37829,5658,5644,65,5709,66
2021-11-16,Butte,007,227075,21458,21208,3998,25206,297
2021-11-16,Calaveras,009,45235,4290,4249,59,4308,83
2021-11-16,Colusa,011,21464,2579,2538,653,3191,19
2021-11-16,Contra Costa,013,1133247,101021,100320,2226,102546,1038
2021-11-16,Del Norte,015,27424,3722,3630,55,3685,42
2021-11-16,El Dorado,017,186661,16502,16248,1750,17998,159
2021-11-16,Fresno,019,978130,144168,142200,12974,155174,2218
2021-11-16,Glenn,021,27897,3555,3527,1025,4552,34
2021-11-16,Humboldt,023,135768,9377,9252,618,9870,115
2021-11-16,Imperial,025,180216,34622,34177,3332,37509,766
2021-11-16,Inyo,027,18085,2495,2449,38,2487,42
2021-11-16,Kern,029,883053,130932,129136,23122,152258,1735
2021-11-16,Kings,031,150075,33029,32614,1973,34587,350
2021-11-16,Lake,033,64148,6875,6789,151,6940,110
2021-11-16,Lassen,035,31185,7003,6915,395,7310,47
2021-11-16,Los Angeles,037,10098052,1458858,1446815,53982,1500797,26703
2021-11-16,Madera,039,155013,23975,23642,2208,25850,287
2021-11-16,Marin,041,260295,17863,17736,469,18205,248
2021-11-16,Mariposa,043,17540,1394,1349,57,1406,6
2021-11-16,Mendocino,045,87422,7872,7723,629,8352,89
2021-11-16,Merced,047,269075,42784,42578,2021,44599,653
2021-11-16,Modoc,049,8938,560,539,199,738,5
2021-11-16,Mono,051,14174,1790,1767,22,1789,4
2021-11-16,Monterey,053,433212,49338,48195,3034,51229,609
2021-11-16,Napa,055,140530,13207,13151,111,13262,103
2021-11-16,Nevada,057,99092,9569,9435,334,9769,92
2021-11-16,Orange,059,3164182,311840,309170,15532,324702,5651
2021-11-16,Placer,061,380077,38125,37676,3743,41419,459
2021-11-16,Plumas,063,18699,1898,1832,43,1875,7
2021-11-16,Riverside,065,2383286,370161,365078,16428,381506,5208
2021-11-16,Sacramento,067,1510023,162319,161102,4781,165883,2299
2021-11-16,San Benito,069,59416,7527,7513,173,7686,77
2021-11-16,San Bernardino,071,2135413,361026,357528,11345,368873,5901
2021-11-16,San Diego,073,3302833,381206,379435,22342,401777,4287
2021-11-16,San Francisco,075,870044,54076,53415,2345,55760,667
2021-11-16,San Joaquin,077,732212,101525,100637,5461,106098,1807
2021-11-16,San Luis Obispo,079,281455,30238,29703,1287,30990,356
2021-11-16,San Mateo,081,765935,55047,54034,909,54943,577
2021-11-16,Santa Barbara,083,443738,45311,44932,1562,46494,539
2021-11-16,Santa Clara,085,1922200,149987,148452,1417,149869,1916
2021-11-16,Santa Cruz,087,273765,20934,20684,1008,21692,222
2021-11-16,Shasta,089,179085,22171,21853,3649,25502,379
2021-11-16,Sierra,091,2930,194,189,21,210,0
2021-11-16,Siskiyou,093,43540,3408,3304,1311,4615,54
2021-11-16,Solano,095,438530,46672,45908,1297,47205,351
2021-11-16,Sonoma,097,501317,42354,42056,533,42589,401
2021-11-16,Stanislaus,099,539301,80158,80214,8974,89188,1196
2021-11-16,Sutter,101,95872,14069,14058,368,14426,181
2021-11-16,Tehama,103,63373,8722,8621,1497,10118,125
2021-11-16,Trinity,105,12862,882,762,216,978,17
2021-11-16,Tulare,107,460477,70172,68881,15454,84335,1039
2021-11-16,Tuolumne,109,53932,7552,7478,111,7589,90
2021-11-16,Ventura,111,848112,99484,98731,4310,103041,1183
2021-11-16,Yolo,113,214977,20318,20077,1009,21086,257
2021-11-16,Yuba,115,75493,10341,10262,355,10617,85
2021-11-15,Alameda,001,1643700,121170,120731,2796,123527,1464
2021-11-15,Alpine,002,1148,103,105,0,105,0
2021-11-15,Amador,005,37829,5653,5637,65,5702,66
2021-11-15,Butte,007,227075,21434,21182,3993,25175,296
2021-11-15,Calaveras,009,45235,4275,4237,59,4296,83
2021-11-15,Colusa,011,21464,2572,2535,650,3185,19
2021-11-15,Contra Costa,013,1133247,100914,100251,2223,102474,1038
2021-11-15,Del Norte,015,27424,3717,3630,54,3684,42
2021-11-15,El Dorado,017,186661,16478,16236,1746,17982,159
2021-11-15,Fresno,019,978130,143946,142015,12952,154967,2210
2021-11-15,Glenn,021,27897,3553,3526,1025,4551,34
2021-11-15,Humboldt,023,135768,9355,9230,610,9840,115
2021-11-15,Imperial,025,180216,34549,34130,3316,37446,766
2021-11-15,Inyo,027,18085,2490,2442,38,2480,42
2021-11-15,Kern,029,883053,130723,128928,23053,151981,1730
2021-11-15,Kings,031,150075,32995,32584,1968,34552,348
2021-11-15,Lake,033,64148,6871,6784,151,6935,109
2021-11-15,Lassen,035,31185,6992,6915,393,7308,47
2021-11-15,Los Angeles,037,10098052,1457670,1446114,53920,1500034,26677
2021-11-15,Madera,039,155013,23937,23605,2197,25802,287
2021-11-15,Marin,041,260295,17846,17723,468,18191,248
2021-11-15,Mariposa,043,17540,1393,1347,55,1402,6
2021-11-15,Mendocino,045,87422,7851,7694,623,8317,89
2021-11-15,Merced,047,269075,42727,42552,2010,44562,648
2021-11-15,Modoc,049,8938,559,538,198,736,5
2021-11-15,Mono,051,14174,1785,1763,22,1785,4
2021-11-15,Monterey,053,433212,49306,48154,3028,51182,609
2021-11-15,Napa,055,140530,13199,13143,111,13254,103
2021-11-15,Nevada,057,99092,9540,9420,333,9753,92
2021-11-15,Orange,059,3164182,311560,308859,15508,324367,5646
2021-11-15,Placer,061,380077,38062,37610,3739,41349,452
2021-11-15,Plumas,063,18699,1891,1829,43,1872,7
2021-11-15,Riverside,065,2383286,369714,364750,16409,381159,5199
2021-11-15,Sacramento,067,1510023,162098,160937,4769,165706,2293
2021-11-15,San Benito,069,59416,7522,7511,172,7683,77
2021-11-15,San Bernardino,071,2135413,360598,357306,11326,368632,5898
2021-11-15,San Diego,073,3302833,380669,378845,22317,401162,4284
2021-11-15,San Francisco,075,870044,54009,53374,2342,55716,667
2021-11-15,San Joaquin,077,732212,101371,100587,5450,106037,1799
2021-11-15,San Luis Obispo,079,281455,30195,29669,1275,30944,351
2021-11-15,San Mateo,081,765935,54994,54010,907,54917,576
2021-11-15,Santa Barbara,083,443738,45256,44879,1556,46435,539
2021-11-15,Santa Clara,085,1922200,149770,148313,1410,149723,1914
2021-11-15,Santa Cruz,087,273765,20892,20630,1007,21637,223
2021-11-15,Shasta,089,179085,22125,21779,3644,25423,374
2021-11-15,Sierra,091,2930,194,189,21,210,0
2021-11-15,Siskiyou,093,43540,3401,3302,1309,4611,54
2021-11-15,Solano,095,438530,46634,45885,1292,47177,351
2021-11-15,Sonoma,097,501317,42303,42021,532,42553,401
2021-11-15,Stanislaus,099,539301,80073,80129,8960,89089,1174
2021-11-15,Sutter,101,95872,14056,14043,367,14410,181
2021-11-15,Tehama,103,63373,8716,8615,1496,10111,125
2021-11-15,Trinity,105,12862,880,757,214,971,17
2021-11-15,Tulare,107,460477,70086,68826,15410,84236,1039
2021-11-15,Tuolumne,109,53932,7541,7461,111,7572,90
2021-11-15,Ventura,111,848112,99400,98605,4305,102910,1183
2021-11-15,Yolo,113,214977,20287,20065,1005,21070,255
2021-11-15,Yuba,115,75493,10322,10254,351,10605,85
2021-11-14,Alameda,001,1643700,120996,120629,2792,123421,1461
2021-11-14,Alpine,002,1148,102,105,0,105,0
2021-11-14,Amador,005,37829,5646,5632,64,5696,66
2021-11-14,Butte,007,227075,21402,21146,3984,25130,296
2021-11-14,Calaveras,009,45235,4264,4222,59,4281,83
2021-11-14,Colusa,011,21464,2570,2532,647,3179,19
2021-11-14,Contra Costa,013,1133247,100805,100188,2221,102409,1038
2021-11-14,Del Norte,015,27424,3714,3629,54,3683,42
2021-11-14,El Dorado,017,186661,16436,16212,1741,17953,159
2021-11-14,Fresno,019,978130,143664,141869,12917,154786,2209
2021-11-14,Glenn,021,27897,3551,3521,1025,4546,34
2021-11-14,Humboldt,023,135768,9324,9215,600,9815,115
2021-11-14,Imperial,025,180216,34446,34078,3301,37379,766
2021-11-14,Inyo,027,18085,2478,2441,38,2479,42
2021-11-14,Kern,029,883053,130483,128842,22983,151825,1730
2021-11-14,Kings,031,150075,32938,32545,1961,34506,349
2021-11-14,Lake,033,64148,6863,6777,151,6928,109
2021-11-14,Lassen,035,31185,6982,6911,392,7303,47
2021-11-14,Los Angeles,037,10098052,1456306,1445284,53845,1499129,26667
2021-11-14,Madera,039,155013,23887,23566,2188,25754,287
2021-11-14,Marin,041,260295,17830,17712,468,18180,247
2021-11-14,Mariposa,043,17540,1383,1337,51,1388,6
2021-11-14,Mendocino,045,87422,7818,7684,618,8302,89
2021-11-14,Merced,047,269075,42637,42513,2004,44517,648
2021-11-14,Modoc,049,8938,557,538,198,736,5
2021-11-14,Mono,051,14174,1773,1760,22,1782,4
2021-11-14,Monterey,053,433212,49251,48135,3010,51145,609
2021-11-14,Napa,055,140530,13181,13132,111,13243,103
2021-11-14,Nevada,057,99092,9512,9408,333,9741,92
2021-11-14,Orange,059,3164182,311242,308699,15487,324186,5646
2021-11-14,Placer,061,380077,37982,37569,3730,41299,452
2021-11-14,Plumas,063,18699,1888,1829,42,1871,7
2021-11-14,Riverside,065,2383286,369216,364490,16392,380882,5199
2021-11-14,Sacramento,067,1510023,161863,160761,4752,165513,2295
2021-11-14,San Benito,069,59416,7511,7507,171,7678,77
2021-11-14,San Bernardino,071,2135413,360016,357014,11309,368323,5897
2021-11-14,San Diego,073,3302833,380070,377633,22286,399919,4280
2021-11-14,San Francisco,075,870044,53933,53338,2337,55675,667
2021-11-14,San Joaquin,077,732212,101243,100518,5445,105963,1799
2021-11-14,San Luis Obispo,079,281455,30113,29645,1272,30917,352
2021-11-14,San Mateo,081,765935,54941,53978,905,54883,576
2021-11-14,Santa Barbara,083,443738,45176,44842,1553,46395,539
2021-11-14,Santa Clara,085,1922200,149570,148152,1403,149555,1913
2021-11-14,Santa Cruz,087,273765,20838,20609,1005,21614,223
2021-11-14,Shasta,089,179085,22073,21771,3631,25402,373
2021-11-14,Sierra,091,2930,194,189,21,210,0
2021-11-14,Siskiyou,093,43540,3392,3302,1308,4610,54
2021-11-14,Solano,095,438530,46579,45860,1285,47145,351
2021-11-14,Sonoma,097,501317,42237,41974,530,42504,401
2021-11-14,Stanislaus,099,539301,79938,80076,8942,89018,1174
2021-11-14,Sutter,101,95872,14039,14031,363,14394,181
2021-11-14,Tehama,103,63373,8706,8607,1494,10101,125
2021-11-14,Trinity,105,12862,877,754,212,966,17
2021-11-14,Tulare,107,460477,69967,68772,15351,84123,1037
2021-11-14,Tuolumne,109,53932,7523,7439,110,7549,90
2021-11-14,Ventura,111,848112,99286,98550,4304,102854,1183
2021-11-14,Yolo,113,214977,20259,20040,1000,21040,255
2021-11-14,Yuba,115,75493,10315,10238,350,10588,85
2021-11-13,Alameda,001,1643700,120927,120407,2791,123198,1454
2021-11-13,Alpine,002,1148,102,105,0,105,0
2021-11-13,Amador,005,37829,5645,5614,64,5678,66
2021-11-13,Butte,007,227075,21381,21104,3981,25085,296
2021-11-13,Calaveras,009,45235,4253,4203,59,4262,83
2021-11-13,Colusa,011,21464,2568,2522,647,3169,19
2021-11-13,Contra Costa,013,1133247,100733,100004,2215,102219,1028
2021-11-13,Del Norte,015,27424,3714,3629,54,3683,42
2021-11-13,El Dorado,017,186661,16423,16163,1738,17901,159
2021-11-13,Fresno,019,978130,143557,141452,12903,154355,2205
2021-11-13,Glenn,021,27897,3551,3514,1024,4538,34
2021-11-13,Humboldt,023,135768,9309,9177,595,9772,115
2021-11-13,Imperial,025,180216,34396,33990,3284,37274,766
2021-11-13,Inyo,027,18085,2472,2436,38,2474,42
2021-11-13,Kern,029,883053,130381,128472,22939,151411,1719
2021-11-13,Kings,031,150075,32921,32452,1960,34412,347
2021-11-13,Lake,033,64148,6858,6769,151,6920,109
2021-11-13,Lassen,035,31185,6977,6897,392,7289,47
2021-11-13,Los Angeles,037,10098052,1455652,1443088,53807,1496895,26649
2021-11-13,Madera,039,155013,23856,23462,2183,25645,287
2021-11-13,Marin,041,260295,17817,17684,466,18150,247
2021-11-13,Mariposa,043,17540,1380,1323,51,1374,6
2021-11-13,Mendocino,045,87422,7799,7652,617,8269,89
2021-11-13,Merced,047,269075,42599,42411,2001,44412,644
2021-11-13,Modoc,049,8938,556,536,198,734,5
2021-11-13,Mono,051,14174,1769,1750,22,1772,4
2021-11-13,Monterey,053,433212,49225,48087,3008,51095,609
2021-11-13,Napa,055,140530,13173,13110,111,13221,103
2021-11-13,Nevada,057,99092,9492,9369,331,9700,92
2021-11-13,Orange,059,3164182,311076,308211,15458,323669,5641
2021-11-13,Placer,061,380077,37933,37453,3727,41180,445
2021-11-13,Plumas,063,18699,1885,1828,42,1870,8
2021-11-13,Riverside,065,2383286,368911,363801,16385,380186,5187
2021-11-13,Sacramento,067,1510023,161727,160397,4740,165137,2291
2021-11-13,San Benito,069,59416,7498,7491,170,7661,77
2021-11-13,San Bernardino,071,2135413,359763,356325,11302,367627,5873
2021-11-13,San Diego,073,3302833,379740,377633,22258,399891,4280
2021-11-13,San Francisco,075,870044,53901,53195,2336,55531,667
2021-11-13,San Joaquin,077,732212,101186,100263,5436,105699,1799
2021-11-13,San Luis Obispo,079,281455,30082,29589,1271,30860,351
2021-11-13,San Mateo,081,765935,54903,53853,904,54757,574
2021-11-13,Santa Barbara,083,443738,45143,44734,1553,46287,537
2021-11-13,Santa Clara,085,1922200,149451,147821,1398,149219,1905
2021-11-13,Santa Cruz,087,273765,20823,20565,1004,21569,223
2021-11-13,Shasta,089,179085,22042,21713,3627,25340,366
2021-11-13,Sierra,091,2930,193,188,21,209,0
2021-11-13,Siskiyou,093,43540,3383,3299,1307,4606,54
2021-11-13,Solano,095,438530,46550,45774,1281,47055,350
2021-11-13,Sonoma,097,501317,42204,41882,529,42411,399
2021-11-13,Stanislaus,099,539301,79863,79872,8928,88800,1174
2021-11-13,Sutter,101,95872,14029,14017,362,14379,181
2021-11-13,Tehama,103,63373,8700,8592,1490,10082,125
2021-11-13,Trinity,105,12862,876,749,212,961,17
2021-11-13,Tulare,107,460477,69901,68619,15328,83947,1033
2021-11-13,Tuolumne,109,53932,7505,7392,110,7502,90
2021-11-13,Ventura,111,848112,99227,98452,4301,102753,1183
2021-11-13,Yolo,113,214977,20242,20009,998,21007,255
2021-11-13,Yuba,115,75493,10305,10218,348,10566,85
2021-11-12,Alameda,001,1643700,120840,120407,2788,123195,1454
2021-11-12,Alpine,002,1148,102,105,0,105,0
2021-11-12,Amador,005,37829,5641,5614,63,5677,66
2021-11-12,Butte,007,227075,21363,21104,3977,25081,296
2021-11-12,Calaveras,009,45235,4242,4203,59,4262,83
2021-11-12,Colusa,011,21464,2564,2522,646,3168,19
2021-11-12,Contra Costa,013,1133247,100679,100004,2214,102218,1028
2021-11-12,Del Norte,015,27424,3713,3629,54,3683,42
2021-11-12,El Dorado,017,186661,16404,16163,1737,17900,159
2021-11-12,Fresno,019,978130,143413,141452,12890,154342,2205
2021-11-12,Glenn,021,27897,3548,3514,1023,4537,34
2021-11-12,Humboldt,023,135768,9302,9177,593,9770,115
2021-11-12,Imperial,025,180216,34369,33990,3275,37265,766
2021-11-12,Inyo,027,18085,2468,2436,38,2474,42
2021-11-12,Kern,029,883053,130244,128472,22906,151378,1719
2021-11-12,Kings,031,150075,32895,32452,1958,34410,347
2021-11-12,Lake,033,64148,6854,6769,151,6920,109
2021-11-12,Lassen,035,31185,6973,6897,391,7288,47
2021-11-12,Los Angeles,037,10098052,1454924,1443088,53763,1496851,26649
2021-11-12,Madera,039,155013,23827,23462,2178,25640,287
2021-11-12,Marin,041,260295,17801,17684,465,18149,247
2021-11-12,Mariposa,043,17540,1373,1323,51,1374,6
2021-11-12,Mendocino,045,87422,7787,7652,614,8266,89
2021-11-12,Merced,047,269075,42570,42411,1999,44410,644
2021-11-12,Modoc,049,8938,555,536,198,734,5
2021-11-12,Mono,051,14174,1767,1750,22,1772,4
2021-11-12,Monterey,053,433212,49193,48087,3002,51089,609
2021-11-12,Napa,055,140530,13164,13110,111,13221,103
2021-11-12,Nevada,057,99092,9478,9369,330,9699,92
2021-11-12,Orange,059,3164182,310888,308211,15440,323651,5641
2021-11-12,Placer,061,380077,37894,37453,3724,41177,445
2021-11-12,Plumas,063,18699,1879,1828,42,1870,8
2021-11-12,Riverside,065,2383286,368643,363801,16381,380182,5187
2021-11-12,Sacramento,067,1510023,161568,160397,4734,165131,2291
2021-11-12,San Benito,069,59416,7498,7491,170,7661,77
2021-11-12,San Bernardino,071,2135413,359454,356325,11292,367617,5873
2021-11-12,San Diego,073,3302833,379373,377633,22236,399869,4280
2021-11-12,San Francisco,075,870044,53867,53195,2332,55527,667
2021-11-12,San Joaquin,077,732212,101141,100263,5429,105692,1799
2021-11-12,San Luis Obispo,079,281455,30053,29589,1270,30859,351
2021-11-12,San Mateo,081,765935,54853,53853,901,54754,574
2021-11-12,Santa Barbara,083,443738,45088,44734,1552,46286,537
2021-11-12,Santa Clara,085,1922200,149308,147821,1394,149215,1905
2021-11-12,Santa Cruz,087,273765,20795,20565,1002,21567,223
2021-11-12,Shasta,089,179085,22009,21713,3624,25337,366
2021-11-12,Sierra,091,2930,192,188,21,209,0
2021-11-12,Siskiyou,093,43540,3382,3299,1305,4604,54
2021-11-12,Solano,095,438530,46522,45774,1277,47051,350
2021-11-12,Sonoma,097,501317,42164,41882,529,42411,399
2021-11-12,Stanislaus,099,539301,79811,79872,8920,88792,1174
2021-11-12,Sutter,101,95872,14022,14017,362,14379,181
2021-11-12,Tehama,103,63373,8696,8592,1489,10081,125
2021-11-12,Trinity,105,12862,869,749,212,961,17
2021-11-12,Tulare,107,460477,69859,68619,15293,83912,1033
2021-11-12,Tuolumne,109,53932,7492,7392,109,7501,90
2021-11-12,Ventura,111,848112,99162,98452,4300,102752,1183
2021-11-12,Yolo,113,214977,20227,20009,993,21002,255
2021-11-12,Yuba,115,75493,10296,10218,347,10565,85
2021-11-11,Alameda,001,1643700,120726,120147,2780,122927,1453
2021-11-11,Alpine,002,1148,102,105,0,105,0
2021-11-11,Amador,005,37829,5638,5603,62,5665,66
2021-11-11,Butte,007,227075,21320,21047,3969,25016,293
2021-11-11,Calaveras,009,45235,4224,4179,59,4238,83
2021-11-11,Colusa,011,21464,2556,2518,644,3162,19
2021-11-11,Contra Costa,013,1133247,100575,99808,2210,102018,1028
2021-11-11,Del Norte,015,27424,3711,3622,54,3676,42
2021-11-11,El Dorado,017,186661,16372,16085,1734,17819,159
2021-11-11,Fresno,019,978130,143208,140833,12855,153688,2202
2021-11-11,Glenn,021,27897,3546,3503,1022,4525,34
2021-11-11,Humboldt,023,135768,9279,9125,590,9715,115
2021-11-11,Imperial,025,180216,34300,33844,3253,37097,766
2021-11-11,Inyo,027,18085,2463,2428,38,2466,42
2021-11-11,Kern,029,883053,130059,128023,22843,150866,1709
2021-11-11,Kings,031,150075,32845,32318,1956,34274,345
2021-11-11,Lake,033,64148,6847,6745,151,6896,107
2021-11-11,Lassen,035,31185,6967,6875,391,7266,47
2021-11-11,Los Angeles,037,10098052,1453828,1440436,53705,1494141,26614
2021-11-11,Madera,039,155013,23780,23316,2170,25486,287
2021-11-11,Marin,041,260295,17791,17639,465,18104,247
2021-11-11,Mariposa,043,17540,1363,1317,51,1368,6
2021-11-11,Mendocino,045,87422,7772,7612,605,8217,89
2021-11-11,Merced,047,269075,42514,42292,1996,44288,643
2021-11-11,Modoc,049,8938,553,536,198,734,5
2021-11-11,Mono,051,14174,1763,1743,22,1765,4
2021-11-11,Monterey,053,433212,49158,48008,2990,50998,609
2021-11-11,Napa,055,140530,13156,13075,111,13186,103
2021-11-11,Nevada,057,99092,9456,9308,330,9638,92
2021-11-11,Orange,059,3164182,310614,307674,15403,323077,5633
2021-11-11,Placer,061,380077,37843,37333,3715,41048,440
2021-11-11,Plumas,063,18699,1875,1814,42,1856,7
2021-11-11,Riverside,065,2383286,368207,362930,16363,379293,5175
2021-11-11,Sacramento,067,1510023,161355,159962,4715,164677,2289
2021-11-11,San Benito,069,59416,7490,7473,170,7643,76
2021-11-11,San Bernardino,071,2135413,359024,355413,11279,366692,5849
2021-11-11,San Diego,073,3302833,378864,376428,22213,398641,4272
2021-11-11,San Francisco,075,870044,53808,53063,2331,55394,666
2021-11-11,San Joaquin,077,732212,101046,99937,5413,105350,1799
2021-11-11,San Luis Obispo,079,281455,30002,29532,1268,30800,351
2021-11-11,San Mateo,081,765935,54805,53722,896,54618,574
2021-11-11,Santa Barbara,083,443738,45030,44603,1549,46152,534
2021-11-11,Santa Clara,085,1922200,149126,147458,1388,148846,1901
2021-11-11,Santa Cruz,087,273765,20750,20479,1002,21481,222
2021-11-11,Shasta,089,179085,21964,21600,3622,25222,364
2021-11-11,Sierra,091,2930,191,186,21,207,0
2021-11-11,Siskiyou,093,43540,3376,3297,1304,4601,53
2021-11-11,Solano,095,438530,46486,45679,1276,46955,350
2021-11-11,Sonoma,097,501317,42127,41774,529,42303,395
2021-11-11,Stanislaus,099,539301,79729,79570,8904,88474,1166
2021-11-11,Sutter,101,95872,14007,13993,361,14354,181
2021-11-11,Tehama,103,63373,8684,8565,1487,10052,125
2021-11-11,Trinity,105,12862,868,748,212,960,17
2021-11-11,Tulare,107,460477,69766,68367,15257,83624,1028
2021-11-11,Tuolumne,109,53932,7479,7354,109,7463,90
2021-11-11,Ventura,111,848112,99084,98297,4293,102590,1182
2021-11-11,Yolo,113,214977,20199,19946,992,20938,255
2021-11-11,Yuba,115,75493,10280,10191,347,10538,85
2021-11-10,Alameda,001,1643700,120616,120147,2771,122918,1453
2021-11-10,Alpine,002,1148,102,105,0,105,0
2021-11-10,Amador,005,37829,5632,5603,62,5665,66
2021-11-10,Butte,007,227075,21293,21047,3965,25012,293
2021-11-10,Calaveras,009,45235,4214,4179,59,4238,83
2021-11-10,Colusa,011,21464,2550,2518,644,3162,19
2021-11-10,Contra Costa,013,1133247,100492,99808,2206,102014,1028
2021-11-10,Del Norte,015,27424,3710,3622,54,3676,42
2021-11-10,El Dorado,017,186661,16356,16085,1733,17818,159
2021-11-10,Fresno,019,978130,143031,140833,12840,153673,2202
2021-11-10,Glenn,021,27897,3546,3503,1021,4524,34
2021-11-10,Humboldt,023,135768,9261,9125,590,9715,115
2021-11-10,Imperial,025,180216,34252,33844,3234,37078,766
2021-11-10,Inyo,027,18085,2456,2428,38,2466,42
2021-11-10,Kern,029,883053,129909,128023,22788,150811,1709
2021-11-10,Kings,031,150075,32812,32318,1954,34272,345
2021-11-10,Lake,033,64148,6837,6745,151,6896,107
2021-11-10,Lassen,035,31185,6962,6875,391,7266,47
2021-11-10,Los Angeles,037,10098052,1452878,1440436,53645,1494081,26614
2021-11-10,Madera,039,155013,23730,23316,2164,25480,287
2021-11-10,Marin,041,260295,17778,17639,463,18102,247
2021-11-10,Mariposa,043,17540,1357,1317,51,1368,6
2021-11-10,Mendocino,045,87422,7760,7612,604,8216,89
2021-11-10,Merced,047,269075,42479,42292,1994,44286,643
2021-11-10,Modoc,049,8938,552,536,197,733,5
2021-11-10,Mono,051,14174,1761,1743,22,1765,4
2021-11-10,Monterey,053,433212,49124,48008,2979,50987,609
2021-11-10,Napa,055,140530,13143,13075,110,13185,103
2021-11-10,Nevada,057,99092,9449,9308,328,9636,92
2021-11-10,Orange,059,3164182,310350,307674,15371,323045,5633
2021-11-10,Placer,061,380077,37797,37333,3708,41041,440
2021-11-10,Plumas,063,18699,1869,1814,41,1855,7
2021-11-10,Riverside,065,2383286,367826,362930,16357,379287,5175
2021-11-10,Sacramento,067,1510023,161200,159962,4705,164667,2289
2021-11-10,San Benito,069,59416,7482,7473,170,7643,76
2021-11-10,San Bernardino,071,2135413,358682,355413,11272,366685,5849
2021-11-10,San Diego,073,3302833,378459,376428,22191,398619,4272
2021-11-10,San Francisco,075,870044,53747,53063,2328,55391,666
2021-11-10,San Joaquin,077,732212,100941,99937,5408,105345,1799
2021-11-10,San Luis Obispo,079,281455,29971,29532,1267,30799,351
2021-11-10,San Mateo,081,765935,54752,53722,895,54617,574
2021-11-10,Santa Barbara,083,443738,44992,44603,1548,46151,534
2021-11-10,Santa Clara,085,1922200,148979,147458,1382,148840,1901
2021-11-10,Santa Cruz,087,273765,20723,20479,1001,21480,222
2021-11-10,Shasta,089,179085,21928,21600,3620,25220,364
2021-11-10,Sierra,091,2930,190,186,21,207,0
2021-11-10,Siskiyou,093,43540,3374,3297,1304,4601,53
2021-11-10,Solano,095,438530,46456,45679,1274,46953,350
2021-11-10,Sonoma,097,501317,42075,41774,529,42303,395
2021-11-10,Stanislaus,099,539301,79627,79570,8888,88458,1166
2021-11-10,Sutter,101,95872,13999,13993,361,14354,181
2021-11-10,Tehama,103,63373,8672,8565,1481,10046,125
2021-11-10,Trinity,105,12862,864,748,211,959,17
2021-11-10,Tulare,107,460477,69705,68367,15219,83586,1028
2021-11-10,Tuolumne,109,53932,7455,7354,109,7463,90
2021-11-10,Ventura,111,848112,99013,98297,4293,102590,1182
2021-11-10,Yolo,113,214977,20180,19946,991,20937,255
2021-11-10,Yuba,115,75493,10271,10191,347,10538,85
2021-11-09,Alameda,001,1643700,120480,120051,2762,122813,1450
2021-11-09,Alpine,002,1148,102,105,0,105,0
2021-11-09,Amador,005,37829,5626,5596,62,5658,66
2021-11-09,Butte,007,227075,21268,21022,3961,24983,291
2021-11-09,Calaveras,009,45235,4210,4174,59,4233,84
2021-11-09,Colusa,011,21464,2545,2517,643,3160,19
2021-11-09,Contra Costa,013,1133247,100396,99732,2200,101932,1028
2021-11-09,Del Norte,015,27424,3709,3620,54,3674,42
2021-11-09,El Dorado,017,186661,16318,16073,1728,17801,160
2021-11-09,Fresno,019,978130,142784,140666,12824,153490,2188
2021-11-09,Glenn,021,27897,3541,3499,1020,4519,34
2021-11-09,Humboldt,023,135768,9240,9112,585,9697,115
2021-11-09,Imperial,025,180216,34199,33751,3220,36971,766
2021-11-09,Inyo,027,18085,2452,2404,38,2442,42
2021-11-09,Kern,029,883053,129663,127901,22726,150627,1694
2021-11-09,Kings,031,150075,32746,32279,1950,34229,344
2021-11-09,Lake,033,64148,6828,6743,151,6894,106
2021-11-09,Lassen,035,31185,6950,6846,391,7237,47
2021-11-09,Los Angeles,037,10098052,1451625,1439125,53584,1492709,26581
2021-11-09,Madera,039,155013,23680,23285,2155,25440,287
2021-11-09,Marin,041,260295,17759,17630,461,18091,247
2021-11-09,Mariposa,043,17540,1349,1317,51,1368,5
2021-11-09,Mendocino,045,87422,7737,7598,598,8196,85
2021-11-09,Merced,047,269075,42438,42251,1988,44239,613
2021-11-09,Modoc,049,8938,551,536,195,731,5
2021-11-09,Mono,051,14174,1756,1738,22,1760,4
2021-11-09,Monterey,053,433212,49088,47975,2955,50930,609
2021-11-09,Napa,055,140530,13125,13051,110,13161,103
2021-11-09,Nevada,057,99092,9430,9288,328,9616,92
2021-11-09,Orange,059,3164182,310066,307412,15344,322756,5621
2021-11-09,Placer,061,380077,37740,37291,3691,40982,440
2021-11-09,Plumas,063,18699,1867,1802,41,1843,7
2021-11-09,Riverside,065,2383286,367364,362557,16343,378900,5160
2021-11-09,Sacramento,067,1510023,160959,159856,4696,164552,2286
2021-11-09,San Benito,069,59416,7472,7471,169,7640,76
2021-11-09,San Bernardino,071,2135413,358231,354972,11255,366227,5839
2021-11-09,San Diego,073,3302833,377964,375997,22165,398162,4272
2021-11-09,San Francisco,075,870044,53673,52996,2323,55319,666
2021-11-09,San Joaquin,077,732212,100767,99848,5395,105243,1794
2021-11-09,San Luis Obispo,079,281455,29931,29488,1266,30754,350
2021-11-09,San Mateo,081,765935,54704,53697,886,54583,574
2021-11-09,Santa Barbara,083,443738,44925,44579,1541,46120,533
2021-11-09,Santa Clara,085,1922200,148773,147281,1375,148656,1901
2021-11-09,Santa Cruz,087,273765,20689,20463,1000,21463,222
2021-11-09,Shasta,089,179085,21873,21558,3615,25173,364
2021-11-09,Sierra,091,2930,190,186,21,207,0
2021-11-09,Siskiyou,093,43540,3372,3295,1302,4597,52
2021-11-09,Solano,095,438530,46400,45639,1273,46912,350
2021-11-09,Sonoma,097,501317,42018,41727,527,42254,395
2021-11-09,Stanislaus,099,539301,79521,79505,8871,88376,1165
2021-11-09,Sutter,101,95872,13984,13988,359,14347,180
2021-11-09,Tehama,103,63373,8654,8555,1479,10034,125
2021-11-09,Trinity,105,12862,863,746,211,957,17
2021-11-09,Tulare,107,460477,69598,68298,15180,83478,1024
2021-11-09,Tuolumne,109,53932,7435,7347,109,7456,90
2021-11-09,Ventura,111,848112,98935,98202,4288,102490,1182
2021-11-09,Yolo,113,214977,20156,19931,987,20918,255
2021-11-09,Yuba,115,75493,10254,10175,341,10516,85
2021-11-08,Alameda,001,1643700,120336,119983,2756,122739,1447
2021-11-08,Alpine,002,1148,102,105,0,105,0
2021-11-08,Amador,005,37829,5620,5590,62,5652,66
2021-11-08,Butte,007,227075,21240,21000,3952,24952,288
2021-11-08,Calaveras,009,45235,4202,4166,59,4225,82
2021-11-08,Colusa,011,21464,2544,2514,642,3156,19
2021-11-08,Contra Costa,013,1133247,100293,99669,2195,101864,1028
2021-11-08,Del Norte,015,27424,3705,3619,54,3673,42
2021-11-08,El Dorado,017,186661,16299,16055,1723,17778,156
2021-11-08,Fresno,019,978130,142484,140466,12801,153267,2179
2021-11-08,Glenn,021,27897,3539,3496,1016,4512,34
2021-11-08,Humboldt,023,135768,9214,9095,575,9670,109
2021-11-08,Imperial,025,180216,34119,33690,3202,36892,766
2021-11-08,Inyo,027,18085,2445,2398,38,2436,41
2021-11-08,Kern,029,883053,129427,127722,22643,150365,1692
2021-11-08,Kings,031,150075,32700,32248,1949,34197,344
2021-11-08,Lake,033,64148,6822,6737,151,6888,106
2021-11-08,Lassen,035,31185,6943,6830,389,7219,46
2021-11-08,Los Angeles,037,10098052,1450287,1438322,53527,1491849,26575
2021-11-08,Madera,039,155013,23631,23253,2144,25397,287
2021-11-08,Marin,041,260295,17742,17617,458,18075,247
2021-11-08,Mariposa,043,17540,1341,1316,50,1366,5
2021-11-08,Mendocino,045,87422,7724,7581,592,8173,85
2021-11-08,Merced,047,269075,42369,42224,1978,44202,607
2021-11-08,Modoc,049,8938,550,529,195,724,5
2021-11-08,Mono,051,14174,1752,1739,22,1761,4
2021-11-08,Monterey,053,433212,49048,47942,2935,50877,602
2021-11-08,Napa,055,140530,13111,13045,110,13155,103
2021-11-08,Nevada,057,99092,9411,9278,326,9604,92
2021-11-08,Orange,059,3164182,309792,307156,15314,322470,5616
2021-11-08,Placer,061,380077,37687,37250,3688,40938,439
2021-11-08,Plumas,063,18699,1866,1788,40,1828,7
2021-11-08,Riverside,065,2383286,366909,362201,16329,378530,5152
2021-11-08,Sacramento,067,1510023,160743,159735,4675,164410,2275
2021-11-08,San Benito,069,59416,7470,7461,169,7630,75
2021-11-08,San Bernardino,071,2135413,357718,354741,11237,365978,5836
2021-11-08,San Diego,073,3302833,377402,375557,22118,397675,4259
2021-11-08,San Francisco,075,870044,53620,52942,2317,55259,666
2021-11-08,San Joaquin,077,732212,100650,99736,5393,105129,1794
2021-11-08,San Luis Obispo,079,281455,29880,29464,1261,30725,350
2021-11-08,San Mateo,081,765935,54631,53658,881,54539,574
2021-11-08,Santa Barbara,083,443738,44871,44548,1540,46088,532
2021-11-08,Santa Clara,085,1922200,148546,147183,1369,148552,1899
2021-11-08,Santa Cruz,087,273765,20660,20435,1000,21435,222
2021-11-08,Shasta,089,179085,21826,21504,3609,25113,354
2021-11-08,Sierra,091,2930,190,183,21,204,0
2021-11-08,Siskiyou,093,43540,3368,3290,1291,4581,50
2021-11-08,Solano,095,438530,46359,45613,1269,46882,350
2021-11-08,Sonoma,097,501317,41949,41669,526,42195,395
2021-11-08,Stanislaus,099,539301,79369,79417,8857,88274,1150
2021-11-08,Sutter,101,95872,13976,13976,355,14331,180
2021-11-08,Tehama,103,63373,8645,8534,1479,10013,123
2021-11-08,Trinity,105,12862,863,743,210,953,13
2021-11-08,Tulare,107,460477,69481,68199,15142,83341,1020
2021-11-08,Tuolumne,109,53932,7416,7328,108,7436,90
2021-11-08,Ventura,111,848112,98842,98144,4286,102430,1182
2021-11-08,Yolo,113,214977,20117,19916,983,20899,255
2021-11-08,Yuba,115,75493,10243,10172,338,10510,83
2021-11-07,Alameda,001,1643700,120177,119902,2750,122652,1444
2021-11-07,Alpine,002,1148,102,105,0,105,0
2021-11-07,Amador,005,37829,5612,5580,60,5640,66
2021-11-07,Butte,007,227075,21199,20969,3943,24912,288
2021-11-07,Calaveras,009,45235,4175,4158,58,4216,82
2021-11-07,Colusa,011,21464,2538,2511,640,3151,19
2021-11-07,Contra Costa,013,1133247,100182,99596,2186,101782,1028
2021-11-07,Del Norte,015,27424,3703,3617,54,3671,42
2021-11-07,El Dorado,017,186661,16262,16040,1720,17760,156
2021-11-07,Fresno,019,978130,142145,140263,12773,153036,2179
2021-11-07,Glenn,021,27897,3532,3493,1015,4508,34
2021-11-07,Humboldt,023,135768,9190,9074,571,9645,109
2021-11-07,Imperial,025,180216,34046,33674,3183,36857,766
2021-11-07,Inyo,027,18085,2432,2394,38,2432,41
2021-11-07,Kern,029,883053,129156,127583,22552,150135,1692
2021-11-07,Kings,031,150075,32608,32221,1946,34167,343
2021-11-07,Lake,033,64148,6806,6734,150,6884,106
2021-11-07,Lassen,035,31185,6935,6819,385,7204,46
2021-11-07,Los Angeles,037,10098052,1448799,1437314,53452,1490766,26573
2021-11-07,Madera,039,155013,23586,23225,2136,25361,287
2021-11-07,Marin,041,260295,17723,17594,457,18051,247
2021-11-07,Mariposa,043,17540,1339,1306,50,1356,5
2021-11-07,Mendocino,045,87422,7696,7567,588,8155,85
2021-11-07,Merced,047,269075,42291,42186,1947,44133,607
2021-11-07,Modoc,049,8938,547,528,194,722,5
2021-11-07,Mono,051,14174,1746,1739,22,1761,4
2021-11-07,Monterey,053,433212,48996,47924,2931,50855,602
2021-11-07,Napa,055,140530,13090,13041,110,13151,103
2021-11-07,Nevada,057,99092,9363,9254,326,9580,92
2021-11-07,Orange,059,3164182,309468,306954,15276,322230,5616
2021-11-07,Placer,061,380077,37611,37202,3673,40875,439
2021-11-07,Plumas,063,18699,1859,1787,39,1826,7
2021-11-07,Riverside,065,2383286,366372,361960,16309,378269,5152
2021-11-07,Sacramento,067,1510023,160509,159549,4658,164207,2277
2021-11-07,San Benito,069,59416,7457,7460,169,7629,75
2021-11-07,San Bernardino,071,2135413,357201,354488,11214,365702,5832
2021-11-07,San Diego,073,3302833,376825,375165,22085,397250,4250
2021-11-07,San Francisco,075,870044,53536,52868,2311,55179,666
2021-11-07,San Joaquin,077,732212,100465,99696,5387,105083,1794
2021-11-07,San Luis Obispo,079,281455,29832,29454,1257,30711,350
2021-11-07,San Mateo,081,765935,54572,53600,879,54479,574
2021-11-07,Santa Barbara,083,443738,44808,44501,1539,46040,532
2021-11-07,Santa Clara,085,1922200,148340,147054,1357,148411,1898
2021-11-07,Santa Cruz,087,273765,20602,20397,999,21396,222
2021-11-07,Shasta,089,179085,21778,21479,3603,25082,354
2021-11-07,Sierra,091,2930,188,183,21,204,0
2021-11-07,Siskiyou,093,43540,3362,3289,1289,4578,51
2021-11-07,Solano,095,438530,46303,45582,1262,46844,350
2021-11-07,Sonoma,097,501317,41899,41630,525,42155,395
2021-11-07,Stanislaus,099,539301,79214,79351,8835,88186,1150
2021-11-07,Sutter,101,95872,13963,13964,352,14316,180
2021-11-07,Tehama,103,63373,8620,8528,1477,10005,121
2021-11-07,Trinity,105,12862,862,742,209,951,13
2021-11-07,Tulare,107,460477,69328,68145,15098,83243,1020
2021-11-07,Tuolumne,109,53932,7398,7300,106,7406,90
2021-11-07,Ventura,111,848112,98751,98085,4284,102369,1182
2021-11-07,Yolo,113,214977,20096,19899,980,20879,255
2021-11-07,Yuba,115,75493,10226,10162,333,10495,83
2021-11-06,Alameda,001,1643700,120113,119499,2747,122246,1436
2021-11-06,Alpine,002,1148,102,105,0,105,0
2021-11-06,Amador,005,37829,5606,5557,60,5617,66
2021-11-06,Butte,007,227075,21179,20796,3939,24735,288
2021-11-06,Calaveras,009,45235,4167,4105,58,4163,82
2021-11-06,Colusa,011,21464,2537,2501,639,3140,19
2021-11-06,Contra Costa,013,1133247,100127,99282,2184,101466,1025
2021-11-06,Del Norte,015,27424,3700,3607,54,3661,42
2021-11-06,El Dorado,017,186661,16245,15958,1720,17678,156
2021-11-06,Fresno,019,978130,142026,139249,12768,152017,2170
2021-11-06,Glenn,021,27897,3529,3479,1015,4494,33
2021-11-06,Humboldt,023,135768,9178,8972,567,9539,109
2021-11-06,Imperial,025,180216,34002,33471,3177,36648,766
2021-11-06,Inyo,027,18085,2426,2353,38,2391,41
2021-11-06,Kern,029,883053,129022,126848,22500,149348,1684
2021-11-06,Kings,031,150075,32575,32018,1941,33959,342
2021-11-06,Lake,033,64148,6804,6695,150,6845,106
2021-11-06,Lassen,035,31185,6930,6796,384,7180,46
2021-11-06,Los Angeles,037,10098052,1448029,1433081,53409,1486490,26533
2021-11-06,Madera,039,155013,23550,22994,2126,25120,287
2021-11-06,Marin,041,260295,17704,17520,454,17974,247
2021-11-06,Mariposa,043,17540,1337,1282,50,1332,5
2021-11-06,Mendocino,045,87422,7674,7486,588,8074,85
2021-11-06,Merced,047,269075,42267,41958,1939,43897,604
2021-11-06,Modoc,049,8938,546,523,194,717,5
2021-11-06,Mono,051,14174,1744,1725,22,1747,4
2021-11-06,Monterey,053,433212,48963,47830,2921,50751,602
2021-11-06,Napa,055,140530,13080,12950,110,13060,103
2021-11-06,Nevada,057,99092,9341,9169,325,9494,91
2021-11-06,Orange,059,3164182,309262,306049,15250,321299,5611
2021-11-06,Placer,061,380077,37570,36967,3670,40637,438
2021-11-06,Plumas,063,18699,1855,1755,38,1793,7
2021-11-06,Riverside,065,2383286,366050,360584,16301,376885,5138
2021-11-06,Sacramento,067,1510023,160416,158766,4653,163419,2263
2021-11-06,San Benito,069,59416,7450,7429,169,7598,75
2021-11-06,San Bernardino,071,2135413,356930,353142,11210,364352,5813
2021-11-06,San Diego,073,3302833,376489,373423,22067,395490,4246
2021-11-06,San Francisco,075,870044,53482,52556,2308,54864,666
2021-11-06,San Joaquin,077,732212,100407,99372,5386,104758,1782
2021-11-06,San Luis Obispo,079,281455,29804,29335,1253,30588,350
2021-11-06,San Mateo,081,765935,54537,53442,878,54320,574
2021-11-06,Santa Barbara,083,443738,44772,44301,1538,45839,532
2021-11-06,Santa Clara,085,1922200,148194,146519,1353,147872,1894
2021-11-06,Santa Cruz,087,273765,20583,20311,997,21308,222
2021-11-06,Shasta,089,179085,21759,21281,3598,24879,349
2021-11-06,Sierra,091,2930,188,181,21,202,0
2021-11-06,Siskiyou,093,43540,3362,3279,1287,4566,48
2021-11-06,Solano,095,438530,46273,45465,1261,46726,350
2021-11-06,Sonoma,097,501317,41849,41398,524,41922,395
2021-11-06,Stanislaus,099,539301,79146,78902,8827,87729,1193
2021-11-06,Sutter,101,95872,13959,13908,351,14259,180
2021-11-06,Tehama,103,63373,8608,8474,1475,9949,120
2021-11-06,Trinity,105,12862,859,732,209,941,11
2021-11-06,Tulare,107,460477,69278,67767,15069,82836,1010
2021-11-06,Tuolumne,109,53932,7385,7245,106,7351,90
2021-11-06,Ventura,111,848112,98684,97770,4279,102049,1180
2021-11-06,Yolo,113,214977,20079,19827,976,20803,255
2021-11-06,Yuba,115,75493,10212,10107,333,10440,83
2021-11-05,Alameda,001,1643700,120029,119499,2745,122244,1436
2021-11-05,Alpine,002,1148,102,105,0,105,0
2021-11-05,Amador,005,37829,5601,5557,60,5617,66
2021-11-05,Butte,007,227075,21166,20796,3938,24734,288
2021-11-05,Calaveras,009,45235,4162,4105,58,4163,82
2021-11-05,Colusa,011,21464,2537,2501,638,3139,19
2021-11-05,Contra Costa,013,1133247,100061,99282,2182,101464,1025
2021-11-05,Del Norte,015,27424,3698,3607,54,3661,42
2021-11-05,El Dorado,017,186661,16228,15958,1714,17672,156
2021-11-05,Fresno,019,978130,141844,139249,12757,152006,2170
2021-11-05,Glenn,021,27897,3528,3479,1014,4493,33
2021-11-05,Humboldt,023,135768,9164,8972,567,9539,109
2021-11-05,Imperial,025,180216,33966,33471,3174,36645,766
2021-11-05,Inyo,027,18085,2418,2353,38,2391,41
2021-11-05,Kern,029,883053,128895,126848,22445,149293,1684
2021-11-05,Kings,031,150075,32551,32018,1940,33958,342
2021-11-05,Lake,033,64148,6798,6695,150,6845,106
2021-11-05,Lassen,035,31185,6926,6796,383,7179,46
2021-11-05,Los Angeles,037,10098052,1447206,1433081,53371,1486452,26533
2021-11-05,Madera,039,155013,23511,22994,2125,25119,287
2021-11-05,Marin,041,260295,17682,17520,453,17973,247
2021-11-05,Mariposa,043,17540,1334,1282,49,1331,5
2021-11-05,Mendocino,045,87422,7663,7486,587,8073,85
2021-11-05,Merced,047,269075,42241,41958,1930,43888,604
2021-11-05,Modoc,049,8938,546,523,194,717,5
2021-11-05,Mono,051,14174,1743,1725,22,1747,4
2021-11-05,Monterey,053,433212,48933,47830,2919,50749,602
2021-11-05,Napa,055,140530,13058,12950,110,13060,103
2021-11-05,Nevada,057,99092,9328,9169,325,9494,91
2021-11-05,Orange,059,3164182,309065,306049,15228,321277,5611
2021-11-05,Placer,061,380077,37542,36967,3661,40628,438
2021-11-05,Plumas,063,18699,1847,1755,38,1793,7
2021-11-05,Riverside,065,2383286,365712,360584,16291,376875,5138
2021-11-05,Sacramento,067,1510023,160294,158766,4646,163412,2263
2021-11-05,San Benito,069,59416,7448,7429,168,7597,75
2021-11-05,San Bernardino,071,2135413,356596,353142,11200,364342,5813
2021-11-05,San Diego,073,3302833,376136,373423,22055,395478,4246
2021-11-05,San Francisco,075,870044,53431,52556,2305,54861,666
2021-11-05,San Joaquin,077,732212,100354,99372,5377,104749,1782
2021-11-05,San Luis Obispo,079,281455,29781,29335,1253,30588,350
2021-11-05,San Mateo,081,765935,54495,53442,876,54318,574
2021-11-05,Santa Barbara,083,443738,44727,44301,1537,45838,532
2021-11-05,Santa Clara,085,1922200,148057,146519,1352,147871,1894
2021-11-05,Santa Cruz,087,273765,20559,20311,996,21307,222
2021-11-05,Shasta,089,179085,21727,21281,3593,24874,349
2021-11-05,Sierra,091,2930,188,181,21,202,0
2021-11-05,Siskiyou,093,43540,3357,3279,1286,4565,48
2021-11-05,Solano,095,438530,46228,45465,1259,46724,350
2021-11-05,Sonoma,097,501317,41809,41398,524,41922,395
2021-11-05,Stanislaus,099,539301,79088,78902,8815,87717,1193
2021-11-05,Sutter,101,95872,13951,13908,350,14258,180
2021-11-05,Tehama,103,63373,8601,8474,1474,9948,120
2021-11-05,Trinity,105,12862,859,732,209,941,11
2021-11-05,Tulare,107,460477,69206,67767,15032,82799,1010
2021-11-05,Tuolumne,109,53932,7368,7245,105,7350,90
2021-11-05,Ventura,111,848112,98644,97770,4277,102047,1180
2021-11-05,Yolo,113,214977,20068,19827,975,20802,255
2021-11-05,Yuba,115,75493,10199,10107,331,10438,83
2021-11-04,Alameda,001,1643700,119913,119499,2739,122238,1436
2021-11-04,Alpine,002,1148,102,105,0,105,0
2021-11-04,Amador,005,37829,5593,5557,60,5617,66
2021-11-04,Butte,007,227075,21125,20796,3927,24723,288
2021-11-04,Calaveras,009,45235,4148,4105,56,4161,82
2021-11-04,Colusa,011,21464,2531,2501,637,3138,19
2021-11-04,Contra Costa,013,1133247,99970,99282,2177,101459,1025
2021-11-04,Del Norte,015,27424,3695,3607,54,3661,42
2021-11-04,El Dorado,017,186661,16202,15958,1710,17668,156
2021-11-04,Fresno,019,978130,141561,139249,12747,151996,2170
2021-11-04,Glenn,021,27897,3523,3479,1013,4492,33
2021-11-04,Humboldt,023,135768,9139,8972,564,9536,109
2021-11-04,Imperial,025,180216,33909,33471,3165,36636,766
2021-11-04,Inyo,027,18085,2410,2353,38,2391,41
2021-11-04,Kern,029,883053,128663,126848,22376,149224,1684
2021-11-04,Kings,031,150075,32472,32018,1931,33949,342
2021-11-04,Lake,033,64148,6788,6695,148,6843,106
2021-11-04,Lassen,035,31185,6916,6796,378,7174,46
2021-11-04,Los Angeles,037,10098052,1445899,1433081,53290,1486371,26533
2021-11-04,Madera,039,155013,23456,22994,2114,25108,287
2021-11-04,Marin,041,260295,17670,17520,451,17971,247
2021-11-04,Mariposa,043,17540,1327,1282,49,1331,5
2021-11-04,Mendocino,045,87422,7650,7486,581,8067,85
2021-11-04,Merced,047,269075,42187,41958,1926,43884,604
2021-11-04,Modoc,049,8938,545,523,194,717,5
2021-11-04,Mono,051,14174,1738,1725,22,1747,4
2021-11-04,Monterey,053,433212,48889,47830,2903,50733,602
2021-11-04,Napa,055,140530,13036,12950,110,13060,103
2021-11-04,Nevada,057,99092,9297,9169,324,9493,91
2021-11-04,Orange,059,3164182,308816,306049,15210,321259,5611
2021-11-04,Placer,061,380077,37471,36967,3652,40619,438
2021-11-04,Plumas,063,18699,1839,1755,34,1789,7
2021-11-04,Riverside,065,2383286,365314,360584,16282,376866,5138
2021-11-04,Sacramento,067,1510023,160059,158766,4627,163393,2263
2021-11-04,San Benito,069,59416,7442,7429,168,7597,75
2021-11-04,San Bernardino,071,2135413,356156,353142,11192,364334,5813
2021-11-04,San Diego,073,3302833,375667,373423,22034,395457,4246
2021-11-04,San Francisco,075,870044,53350,52556,2301,54857,666
2021-11-04,San Joaquin,077,732212,100247,99372,5365,104737,1782
2021-11-04,San Luis Obispo,079,281455,29757,29335,1247,30582,350
2021-11-04,San Mateo,081,765935,54436,53442,870,54312,574
2021-11-04,Santa Barbara,083,443738,44671,44301,1537,45838,532
2021-11-04,Santa Clara,085,1922200,147897,146519,1348,147867,1894
2021-11-04,Santa Cruz,087,273765,20524,20311,996,21307,222
2021-11-04,Shasta,089,179085,21669,21281,3587,24868,349
2021-11-04,Sierra,091,2930,186,181,21,202,0
2021-11-04,Siskiyou,093,43540,3353,3279,1279,4558,48
2021-11-04,Solano,095,438530,46186,45465,1258,46723,350
2021-11-04,Sonoma,097,501317,41751,41398,524,41922,395
2021-11-04,Stanislaus,099,539301,78951,78902,8807,87709,1193
2021-11-04,Sutter,101,95872,13940,13908,348,14256,180
2021-11-04,Tehama,103,63373,8592,8474,1470,9944,120
2021-11-04,Trinity,105,12862,858,732,209,941,11
2021-11-04,Tulare,107,460477,69091,67767,14986,82753,1010
2021-11-04,Tuolumne,109,53932,7346,7245,103,7348,90
2021-11-04,Ventura,111,848112,98557,97770,4275,102045,1180
2021-11-04,Yolo,113,214977,20042,19827,971,20798,255
2021-11-04,Yuba,115,75493,10185,10107,329,10436,83
2021-11-03,Alameda,001,1643700,119772,119356,2735,122091,1428
2021-11-03,Alpine,002,1148,102,105,0,105,0
2021-11-03,Amador,005,37829,5587,5545,59,5604,66
2021-11-03,Butte,007,227075,21080,20769,3918,24687,284
2021-11-03,Calaveras,009,45235,4130,4087,55,4142,82
2021-11-03,Colusa,011,21464,2525,2499,637,3136,20
2021-11-03,Contra Costa,013,1133247,99870,99168,2172,101340,1025
2021-11-03,Del Norte,015,27424,3693,3600,53,3653,42
2021-11-03,El Dorado,017,186661,16175,15915,1706,17621,156
2021-11-03,Fresno,019,978130,141200,138873,12725,151598,2166
2021-11-03,Glenn,021,27897,3520,3470,1013,4483,33
2021-11-03,Humboldt,023,135768,9122,8949,559,9508,109
2021-11-03,Imperial,025,180216,33837,33402,3155,36557,766
2021-11-03,Inyo,027,18085,2389,2344,38,2382,41
2021-11-03,Kern,029,883053,128403,126523,22277,148800,1681
2021-11-03,Kings,031,150075,32417,31923,1924,33847,341
2021-11-03,Lake,033,64148,6772,6685,148,6833,106
2021-11-03,Lassen,035,31185,6900,6782,373,7155,46
2021-11-03,Los Angeles,037,10098052,1444547,1431209,53211,1484420,26517
2021-11-03,Madera,039,155013,23387,22893,2105,24998,287
2021-11-03,Marin,041,260295,17649,17491,447,17938,247
2021-11-03,Mariposa,043,17540,1317,1276,49,1325,5
2021-11-03,Mendocino,045,87422,7634,7457,573,8030,84
2021-11-03,Merced,047,269075,42126,41849,1916,43765,597
2021-11-03,Modoc,049,8938,545,521,192,713,5
2021-11-03,Mono,051,14174,1734,1719,22,1741,4
2021-11-03,Monterey,053,433212,48839,47794,2890,50684,601
2021-11-03,Napa,055,140530,13024,12937,109,13046,103
2021-11-03,Nevada,057,99092,9270,9131,323,9454,91
2021-11-03,Orange,059,3164182,308505,305661,15177,320838,5607
2021-11-03,Placer,061,380077,37403,36868,3647,40515,438
2021-11-03,Plumas,063,18699,1828,1739,33,1772,7
2021-11-03,Riverside,065,2383286,364859,360060,16278,376338,5131
2021-11-03,Sacramento,067,1510023,159835,158311,4617,162928,2259
2021-11-03,San Benito,069,59416,7434,7419,168,7587,75
2021-11-03,San Bernardino,071,2135413,355680,352225,11171,363396,5813
2021-11-03,San Diego,073,3302833,375167,372951,22011,394962,4241
2021-11-03,San Francisco,075,870044,53258,52493,2296,54789,663
2021-11-03,San Joaquin,077,732212,100134,99188,5355,104543,1776
2021-11-03,San Luis Obispo,079,281455,29715,29276,1241,30517,348
2021-11-03,San Mateo,081,765935,54372,53396,864,54260,571
2021-11-03,Santa Barbara,083,443738,44614,44220,1534,45754,531
2021-11-03,Santa Clara,085,1922200,147715,146259,1341,147600,1897
2021-11-03,Santa Cruz,087,273765,20489,20275,996,21271,222
2021-11-03,Shasta,089,179085,21611,21215,3580,24795,346
2021-11-03,Sierra,091,2930,184,180,21,201,0
2021-11-03,Siskiyou,093,43540,3349,3276,1277,4553,46
2021-11-03,Solano,095,438530,46159,45411,1256,46667,351
2021-11-03,Sonoma,097,501317,41674,41326,522,41848,395
2021-11-03,Stanislaus,099,539301,78819,78736,8791,87527,1193
2021-11-03,Sutter,101,95872,13927,13876,346,14222,179
2021-11-03,Tehama,103,63373,8579,8438,1470,9908,118
2021-11-03,Trinity,105,12862,857,730,209,939,11
2021-11-03,Tulare,107,460477,68964,67588,14945,82533,1007
2021-11-03,Tuolumne,109,53932,7328,7218,101,7319,90
2021-11-03,Ventura,111,848112,98452,97682,4270,101952,1178
2021-11-03,Yolo,113,214977,20022,19758,965,20723,250
2021-11-03,Yuba,115,75493,10173,10092,329,10421,83
2021-11-02,Alameda,001,1643700,119627,119241,2729,121970,1425
2021-11-02,Alpine,002,1148,101,105,0,105,0
2021-11-02,Amador,005,37829,5582,5535,59,5594,66
2021-11-02,Butte,007,227075,21036,20744,3906,24650,282
2021-11-02,Calaveras,009,45235,4107,4075,55,4130,82
2021-11-02,Colusa,011,21464,2520,2497,636,3133,19
2021-11-02,Contra Costa,013,1133247,99767,99080,2160,101240,1025
2021-11-02,Del Norte,015,27424,3691,3596,53,3649,42
2021-11-02,El Dorado,017,186661,16146,15883,1706,17589,154
2021-11-02,Fresno,019,978130,140876,138644,12695,151339,2158
2021-11-02,Glenn,021,27897,3512,3469,1010,4479,33
2021-11-02,Humboldt,023,135768,9080,8937,558,9495,109
2021-11-02,Imperial,025,180216,33765,33371,3143,36514,766
2021-11-02,Inyo,027,18085,2382,2324,38,2362,41
2021-11-02,Kern,029,883053,128148,126311,22157,148468,1665
2021-11-02,Kings,031,150075,32358,31896,1919,33815,339
2021-11-02,Lake,033,64148,6767,6681,147,6828,106
2021-11-02,Lassen,035,31185,6888,6777,370,7147,45
2021-11-02,Los Angeles,037,10098052,1443105,1429601,53136,1482737,26496
2021-11-02,Madera,039,155013,23306,22837,2094,24931,287
2021-11-02,Marin,041,260295,17621,17482,447,17929,247
2021-11-02,Mariposa,043,17540,1306,1270,48,1318,5
2021-11-02,Mendocino,045,87422,7610,7447,561,8008,84
2021-11-02,Merced,047,269075,42059,41785,1908,43693,596
2021-11-02,Modoc,049,8938,542,520,191,711,5
2021-11-02,Mono,051,14174,1730,1718,22,1740,4
2021-11-02,Monterey,053,433212,48788,47775,2872,50647,599
2021-11-02,Napa,055,140530,13006,12930,109,13039,104
2021-11-02,Nevada,057,99092,9240,9122,322,9444,91
2021-11-02,Orange,059,3164182,308189,305369,15133,320502,5600
2021-11-02,Placer,061,380077,37332,36817,3632,40449,438
2021-11-02,Plumas,063,18699,1817,1721,33,1754,7
2021-11-02,Riverside,065,2383286,364406,359586,16259,375845,5116
2021-11-02,Sacramento,067,1510023,159578,158112,4595,162707,2250
2021-11-02,San Benito,069,59416,7418,7407,168,7575,75
2021-11-02,San Bernardino,071,2135413,355203,351832,11118,362950,5813
2021-11-02,San Diego,073,3302833,374582,372440,21981,394421,4232
2021-11-02,San Francisco,075,870044,53138,52450,2292,54742,663
2021-11-02,San Joaquin,077,732212,100001,99076,5344,104420,1772
2021-11-02,San Luis Obispo,079,281455,29682,29224,1237,30461,348
2021-11-02,San Mateo,081,765935,54300,53351,861,54212,571
2021-11-02,Santa Barbara,083,443738,44558,44177,1531,45708,531
2021-11-02,Santa Clara,085,1922200,147521,146115,1334,147449,1896
2021-11-02,Santa Cruz,087,273765,20456,20266,995,21261,222
2021-11-02,Shasta,089,179085,21537,21127,3570,24697,344
2021-11-02,Sierra,091,2930,184,180,20,200,0
2021-11-02,Siskiyou,093,43540,3347,3272,1274,4546,46
2021-11-02,Solano,095,438530,46119,45378,1250,46628,350
2021-11-02,Sonoma,097,501317,41594,41288,521,41809,395
2021-11-02,Stanislaus,099,539301,78664,78629,8771,87400,1193
2021-11-02,Sutter,101,95872,13907,13868,346,14214,179
2021-11-02,Tehama,103,63373,8563,8422,1467,9889,116
2021-11-02,Trinity,105,12862,857,729,209,938,11
2021-11-02,Tulare,107,460477,68838,67502,14897,82399,1002
2021-11-02,Tuolumne,109,53932,7306,7204,99,7303,90
2021-11-02,Ventura,111,848112,98345,97574,4266,101840,1178
2021-11-02,Yolo,113,214977,19992,19736,963,20699,250
2021-11-02,Yuba,115,75493,10150,10080,327,10407,83
2021-11-01,Alameda,001,1643700,119489,119159,2727,121886,1421
2021-11-01,Alpine,002,1148,101,105,0,105,0
2021-11-01,Amador,005,37829,5580,5532,59,5591,64
2021-11-01,Butte,007,227075,20986,20710,3900,24610,281
2021-11-01,Calaveras,009,45235,4097,4059,54,4113,82
2021-11-01,Colusa,011,21464,2518,2494,633,3127,19
2021-11-01,Contra Costa,013,1133247,99641,99011,2152,101163,1025
2021-11-01,Del Norte,015,27424,3689,3594,53,3647,42
2021-11-01,El Dorado,017,186661,16122,15858,1701,17559,154
2021-11-01,Fresno,019,978130,140498,138421,12659,151080,2149
2021-11-01,Glenn,021,27897,3505,3461,1008,4469,33
2021-11-01,Humboldt,023,135768,9052,8929,555,9484,108
2021-11-01,Imperial,025,180216,33715,33342,3134,36476,766
2021-11-01,Inyo,027,18085,2370,2307,38,2345,41
2021-11-01,Kern,029,883053,127847,126092,22042,148134,1660
2021-11-01,Kings,031,150075,32305,31866,1915,33781,337
2021-11-01,Lake,033,64148,6756,6676,146,6822,106
2021-11-01,Lassen,035,31185,6873,6775,367,7142,42
2021-11-01,Los Angeles,037,10098052,1441720,1428891,53047,1481938,26483
2021-11-01,Madera,039,155013,23226,22801,2089,24890,283
2021-11-01,Marin,041,260295,17601,17460,446,17906,247
2021-11-01,Mariposa,043,17540,1298,1266,47,1313,5
2021-11-01,Mendocino,045,87422,7577,7422,543,7965,84
2021-11-01,Merced,047,269075,41967,41740,1906,43646,594
2021-11-01,Modoc,049,8938,537,520,189,709,5
2021-11-01,Mono,051,14174,1726,1714,22,1736,3
2021-11-01,Monterey,053,433212,48745,47756,2860,50616,597
2021-11-01,Napa,055,140530,12979,12916,108,13024,101
2021-11-01,Nevada,057,99092,9217,9108,321,9429,91
2021-11-01,Orange,059,3164182,307846,305192,15093,320285,5596
2021-11-01,Placer,061,380077,37245,36747,3620,40367,435
2021-11-01,Plumas,063,18699,1798,1719,33,1752,7
2021-11-01,Riverside,065,2383286,363900,359263,16237,375500,5115
2021-11-01,Sacramento,067,1510023,159303,157893,4572,162465,2239
2021-11-01,San Benito,069,59416,7408,7406,167,7573,73
2021-11-01,San Bernardino,071,2135413,354713,351620,11098,362718,5815
2021-11-01,San Diego,073,3302833,374017,372043,21963,394006,4232
2021-11-01,San Francisco,075,870044,53052,52418,2285,54703,661
2021-11-01,San Joaquin,077,732212,99839,98969,5337,104306,1772
2021-11-01,San Luis Obispo,079,281455,29638,29199,1232,30431,343
2021-11-01,San Mateo,081,765935,54233,53314,857,54171,571
2021-11-01,Santa Barbara,083,443738,44491,44146,1527,45673,529
2021-11-01,Santa Clara,085,1922200,147322,145978,1329,147307,1907
2021-11-01,Santa Cruz,087,273765,20421,20238,995,21233,221
2021-11-01,Shasta,089,179085,21484,21104,3563,24667,338
2021-11-01,Sierra,091,2930,184,180,20,200,0
2021-11-01,Siskiyou,093,43540,3340,3272,1269,4541,46
2021-11-01,Solano,095,438530,46065,45358,1250,46608,350
2021-11-01,Sonoma,097,501317,41520,41234,520,41754,395
2021-11-01,Stanislaus,099,539301,78534,78534,8756,87290,1193
2021-11-01,Sutter,101,95872,13883,13852,344,14196,179
2021-11-01,Tehama,103,63373,8535,8412,1464,9876,116
2021-11-01,Trinity,105,12862,855,727,209,936,11
2021-11-01,Tulare,107,460477,68695,67388,14845,82233,1002
2021-11-01,Tuolumne,109,53932,7290,7175,98,7273,90
2021-11-01,Ventura,111,848112,98253,97507,4264,101771,1178
2021-11-01,Yolo,113,214977,19971,19708,957,20665,250
2021-11-01,Yuba,115,75493,10132,10066,325,10391,83
2021-10-31,Alameda,001,1643700,119347,119071,2723,121794,1419
2021-10-31,Alpine,002,1148,101,105,0,105,0
2021-10-31,Amador,005,37829,5569,5518,59,5577,64
2021-10-31,Butte,007,227075,20924,20689,3889,24578,281
2021-10-31,Calaveras,009,45235,4079,4052,53,4105,82
2021-10-31,Colusa,011,21464,2516,2493,630,3123,18
2021-10-31,Contra Costa,013,1133247,99513,98936,2150,101086,1025
2021-10-31,Del Norte,015,27424,3683,3591,53,3644,42
2021-10-31,El Dorado,017,186661,16076,15841,1698,17539,154
2021-10-31,Fresno,019,978130,140096,138165,12625,150790,2147
2021-10-31,Glenn,021,27897,3498,3459,1008,4467,33
2021-10-31,Humboldt,023,135768,9004,8919,549,9468,108
2021-10-31,Imperial,025,180216,33640,33334,3122,36456,766
2021-10-31,Inyo,027,18085,2351,2309,38,2347,41
2021-10-31,Kern,029,883053,127475,125917,21918,147835,1666
2021-10-31,Kings,031,150075,32219,31814,1903,33717,338
2021-10-31,Lake,033,64148,6745,6665,144,6809,106
2021-10-31,Lassen,035,31185,6858,6768,362,7130,42
2021-10-31,Los Angeles,037,10098052,1440168,1427933,52965,1480898,26474
2021-10-31,Madera,039,155013,23130,22744,2076,24820,283
2021-10-31,Marin,041,260295,17573,17443,445,17888,247
2021-10-31,Mariposa,043,17540,1292,1257,46,1303,5
2021-10-31,Mendocino,045,87422,7536,7403,526,7929,84
2021-10-31,Merced,047,269075,41874,41699,1886,43585,589
2021-10-31,Modoc,049,8938,531,517,186,703,5
2021-10-31,Mono,051,14174,1722,1711,22,1733,3
2021-10-31,Monterey,053,433212,48704,47744,2842,50586,596
2021-10-31,Napa,055,140530,12962,12906,106,13012,101
2021-10-31,Nevada,057,99092,9180,9084,316,9400,91
2021-10-31,Orange,059,3164182,307498,305032,15009,320041,5596
2021-10-31,Placer,061,380077,37148,36698,3607,40305,435
2021-10-31,Plumas,063,18699,1780,1716,33,1749,7
2021-10-31,Riverside,065,2383286,363324,359005,16223,375228,5104
2021-10-31,Sacramento,067,1510023,158952,157667,4559,162226,2243
2021-10-31,San Benito,069,59416,7399,7397,165,7562,73
2021-10-31,San Bernardino,071,2135413,354180,351411,11084,362495,5810
2021-10-31,San Diego,073,3302833,373463,371603,21933,393536,4218
2021-10-31,San Francisco,075,870044,52943,52370,2279,54649,661
2021-10-31,San Joaquin,077,732212,99675,98893,5322,104215,1772
2021-10-31,San Luis Obispo,079,281455,29585,29176,1231,30407,343
2021-10-31,San Mateo,081,765935,54174,53284,855,54139,571
2021-10-31,Santa Barbara,083,443738,44421,44113,1522,45635,529
2021-10-31,Santa Clara,085,1922200,147106,145829,1314,147143,1908
2021-10-31,Santa Cruz,087,273765,20386,20218,994,21212,221
2021-10-31,Shasta,089,179085,21401,21086,3551,24637,338
2021-10-31,Sierra,091,2930,184,180,20,200,0
2021-10-31,Siskiyou,093,43540,3334,3271,1268,4539,46
2021-10-31,Solano,095,438530,46016,45310,1244,46554,350
2021-10-31,Sonoma,097,501317,41450,41183,517,41700,395
2021-10-31,Stanislaus,099,539301,78345,78426,8739,87165,1193
2021-10-31,Sutter,101,95872,13864,13838,341,14179,179
2021-10-31,Tehama,103,63373,8504,8391,1460,9851,116
2021-10-31,Trinity,105,12862,855,724,209,933,11
2021-10-31,Tulare,107,460477,68499,67310,14757,82067,1002
2021-10-31,Tuolumne,109,53932,7261,7141,97,7238,90
2021-10-31,Ventura,111,848112,98131,97460,4259,101719,1178
2021-10-31,Yolo,113,214977,19925,19662,953,20615,250
2021-10-31,Yuba,115,75493,10114,10051,315,10366,83
2021-10-30,Alameda,001,1643700,119286,118632,2720,121352,1419
2021-10-30,Alpine,002,1148,101,105,0,105,0
2021-10-30,Amador,005,37829,5560,5480,58,5538,64
2021-10-30,Butte,007,227075,20909,20516,3882,24398,277
2021-10-30,Calaveras,009,45235,4072,3992,53,4045,82
2021-10-30,Colusa,011,21464,2516,2484,629,3113,19
2021-10-30,Contra Costa,013,1133247,99450,98562,2149,100711,1024
2021-10-30,Del Norte,015,27424,3680,3574,53,3627,42
2021-10-30,El Dorado,017,186661,16060,15752,1694,17446,154
2021-10-30,Fresno,019,978130,139951,136901,12613,149514,2131
2021-10-30,Glenn,021,27897,3494,3442,1008,4450,33
2021-10-30,Humboldt,023,135768,8989,8871,547,9418,105
2021-10-30,Imperial,025,180216,33594,33156,3118,36274,766
2021-10-30,Inyo,027,18085,2348,2249,38,2287,41
2021-10-30,Kern,029,883053,127322,124892,21849,146741,1653
2021-10-30,Kings,031,150075,32185,31578,1899,33477,337
2021-10-30,Lake,033,64148,6740,6610,144,6754,106
2021-10-30,Lassen,035,31185,6852,6719,360,7079,42
2021-10-30,Los Angeles,037,10098052,1439446,1424257,52912,1477169,26625
2021-10-30,Madera,039,155013,23086,22524,2071,24595,283
2021-10-30,Marin,041,260295,17558,17380,443,17823,247
2021-10-30,Mariposa,043,17540,1289,1228,46,1274,5
2021-10-30,Mendocino,045,87422,7514,7338,524,7862,84
2021-10-30,Merced,047,269075,41834,41428,1884,43312,586
2021-10-30,Modoc,049,8938,529,513,185,698,5
2021-10-30,Mono,051,14174,1722,1684,22,1706,3
2021-10-30,Monterey,053,433212,48687,47649,2836,50485,588
2021-10-30,Napa,055,140530,12947,12863,105,12968,101
2021-10-30,Nevada,057,99092,9161,9015,316,9331,91
2021-10-30,Orange,059,3164182,307318,304120,14987,319107,5588
2021-10-30,Placer,061,380077,37103,36400,3601,40001,434
2021-10-30,Plumas,063,18699,1775,1695,33,1728,7
2021-10-30,Riverside,065,2383286,363022,357645,16215,373860,5088
2021-10-30,Sacramento,067,1510023,158795,157125,4550,161675,2233
2021-10-30,San Benito,069,59416,7392,7362,165,7527,71
2021-10-30,San Bernardino,071,2135413,353902,350076,11069,361145,5777
2021-10-30,San Diego,073,3302833,373100,370006,21911,391917,4213
2021-10-30,San Francisco,075,870044,52914,52161,2277,54438,661
2021-10-30,San Joaquin,077,732212,99619,98314,5321,103635,1768
2021-10-30,San Luis Obispo,079,281455,29553,29053,1228,30281,341
2021-10-30,San Mateo,081,765935,54135,53083,855,53938,571
2021-10-30,Santa Barbara,083,443738,44385,43972,1521,45493,528
2021-10-30,Santa Clara,085,1922200,146999,145262,1310,146572,1903
2021-10-30,Santa Cruz,087,273765,20368,20134,992,21126,221
2021-10-30,Shasta,089,179085,21357,20878,3545,24423,332
2021-10-30,Sierra,091,2930,184,175,20,195,0
2021-10-30,Siskiyou,093,43540,3333,3257,1265,4522,46
2021-10-30,Solano,095,438530,45995,45146,1242,46388,346
2021-10-30,Sonoma,097,501317,41411,40924,517,41441,393
2021-10-30,Stanislaus,099,539301,78275,77871,8732,86603,1191
2021-10-30,Sutter,101,95872,13850,13773,341,14114,178
2021-10-30,Tehama,103,63373,8492,8307,1456,9763,114
2021-10-30,Trinity,105,12862,853,708,208,916,11
2021-10-30,Tulare,107,460477,68428,66745,14713,81458,995
2021-10-30,Tuolumne,109,53932,7238,7050,96,7146,90
2021-10-30,Ventura,111,848112,98082,97182,4256,101438,1174
2021-10-30,Yolo,113,214977,19906,19568,951,20519,250
2021-10-30,Yuba,115,75493,10103,9969,315,10284,82
2021-10-29,Alameda,001,1643700,119206,118632,2715,121347,1419
2021-10-29,Alpine,002,1148,101,105,0,105,0
2021-10-29,Amador,005,37829,5549,5480,58,5538,64
2021-10-29,Butte,007,227075,20884,20516,3870,24386,277
2021-10-29,Calaveras,009,45235,4065,3992,53,4045,82
2021-10-29,Colusa,011,21464,2516,2484,627,3111,19
2021-10-29,Contra Costa,013,1133247,99382,98562,2147,100709,1024
2021-10-29,Del Norte,015,27424,3673,3574,53,3627,42
2021-10-29,El Dorado,017,186661,16046,15752,1694,17446,154
2021-10-29,Fresno,019,978130,139734,136901,12600,149501,2131
2021-10-29,Glenn,021,27897,3493,3442,1007,4449,33
2021-10-29,Humboldt,023,135768,8984,8871,546,9417,105
2021-10-29,Imperial,025,180216,33567,33156,3115,36271,766
2021-10-29,Inyo,027,18085,2345,2249,38,2287,41
2021-10-29,Kern,029,883053,127145,124892,21759,146651,1653
2021-10-29,Kings,031,150075,32151,31578,1897,33475,337
2021-10-29,Lake,033,64148,6731,6610,141,6751,106
2021-10-29,Lassen,035,31185,6843,6719,358,7077,42
2021-10-29,Los Angeles,037,10098052,1438605,1424257,52870,1477127,26625
2021-10-29,Madera,039,155013,23034,22524,2066,24590,283
2021-10-29,Marin,041,260295,17542,17380,442,17822,247
2021-10-29,Mariposa,043,17540,1285,1228,46,1274,5
2021-10-29,Mendocino,045,87422,7505,7338,524,7862,84
2021-10-29,Merced,047,269075,41784,41428,1878,43306,586
2021-10-29,Modoc,049,8938,526,513,185,698,5
2021-10-29,Mono,051,14174,1720,1684,22,1706,3
2021-10-29,Monterey,053,433212,48664,47649,2836,50485,588
2021-10-29,Napa,055,140530,12926,12863,105,12968,101
2021-10-29,Nevada,057,99092,9149,9015,316,9331,91
2021-10-29,Orange,059,3164182,307093,304120,14967,319087,5588
2021-10-29,Placer,061,380077,37066,36400,3591,39991,434
2021-10-29,Plumas,063,18699,1769,1695,33,1728,7
2021-10-29,Riverside,065,2383286,362687,357645,16210,373855,5088
2021-10-29,Sacramento,067,1510023,158606,157125,4540,161665,2233
2021-10-29,San Benito,069,59416,7389,7362,165,7527,71
2021-10-29,San Bernardino,071,2135413,353599,350076,11058,361134,5777
2021-10-29,San Diego,073,3302833,372728,370006,21883,391889,4213
2021-10-29,San Francisco,075,870044,52854,52161,2270,54431,661
2021-10-29,San Joaquin,077,732212,99559,98314,5316,103630,1768
2021-10-29,San Luis Obispo,079,281455,29527,29053,1226,30279,341
2021-10-29,San Mateo,081,765935,54092,53083,853,53936,571
2021-10-29,Santa Barbara,083,443738,44345,43972,1518,45490,528
2021-10-29,Santa Clara,085,1922200,146883,145262,1303,146565,1903
2021-10-29,Santa Cruz,087,273765,20361,20134,991,21125,221
2021-10-29,Shasta,089,179085,21319,20878,3539,24417,332
2021-10-29,Sierra,091,2930,182,175,20,195,0
2021-10-29,Siskiyou,093,43540,3333,3257,1264,4521,46
2021-10-29,Solano,095,438530,45958,45146,1241,46387,346
2021-10-29,Sonoma,097,501317,41390,40924,517,41441,393
2021-10-29,Stanislaus,099,539301,78190,77871,8720,86591,1191
2021-10-29,Sutter,101,95872,13831,13773,341,14114,178
2021-10-29,Tehama,103,63373,8479,8307,1455,9762,114
2021-10-29,Trinity,105,12862,852,708,208,916,11
2021-10-29,Tulare,107,460477,68323,66745,14670,81415,995
2021-10-29,Tuolumne,109,53932,7225,7050,96,7146,90
2021-10-29,Ventura,111,848112,98027,97182,4252,101434,1174
2021-10-29,Yolo,113,214977,19885,19568,949,20517,250
2021-10-29,Yuba,115,75493,10095,9969,311,10280,82
2021-10-28,Alameda,001,1643700,119083,118632,2708,121340,1419
2021-10-28,Alpine,002,1148,101,105,0,105,0
2021-10-28,Amador,005,37829,5536,5480,58,5538,64
2021-10-28,Butte,007,227075,20842,20516,3859,24375,277
2021-10-28,Calaveras,009,45235,4052,3992,53,4045,82
2021-10-28,Colusa,011,21464,2513,2484,626,3110,19
2021-10-28,Contra Costa,013,1133247,99252,98562,2143,100705,1024
2021-10-28,Del Norte,015,27424,3672,3574,53,3627,42
2021-10-28,El Dorado,017,186661,16017,15752,1691,17443,154
2021-10-28,Fresno,019,978130,139400,136901,12568,149469,2131
2021-10-28,Glenn,021,27897,3490,3442,1005,4447,33
2021-10-28,Humboldt,023,135768,8968,8871,541,9412,105
2021-10-28,Imperial,025,180216,33501,33156,3108,36264,766
2021-10-28,Inyo,027,18085,2328,2249,38,2287,41
2021-10-28,Kern,029,883053,126897,124892,21647,146539,1653
2021-10-28,Kings,031,150075,32082,31578,1892,33470,337
2021-10-28,Lake,033,64148,6721,6610,141,6751,106
2021-10-28,Lassen,035,31185,6834,6719,355,7074,42
2021-10-28,Los Angeles,037,10098052,1437468,1424257,52796,1477053,26625
2021-10-28,Madera,039,155013,22980,22524,2055,24579,283
2021-10-28,Marin,041,260295,17524,17380,441,17821,247
2021-10-28,Mariposa,043,17540,1281,1228,46,1274,5
2021-10-28,Mendocino,045,87422,7492,7338,513,7851,84
2021-10-28,Merced,047,269075,41699,41428,1868,43296,586
2021-10-28,Modoc,049,8938,525,513,185,698,5
2021-10-28,Mono,051,14174,1714,1684,22,1706,3
2021-10-28,Monterey,053,433212,48633,47649,2819,50468,588
2021-10-28,Napa,055,140530,12917,12863,104,12967,101
2021-10-28,Nevada,057,99092,9131,9015,316,9331,91
2021-10-28,Orange,059,3164182,306806,304120,14903,319023,5588
2021-10-28,Placer,061,380077,36993,36400,3582,39982,434
2021-10-28,Plumas,063,18699,1761,1695,33,1728,7
2021-10-28,Riverside,065,2383286,362244,357645,16187,373832,5088
2021-10-28,Sacramento,067,1510023,158340,157125,4527,161652,2233
2021-10-28,San Benito,069,59416,7381,7362,165,7527,71
2021-10-28,San Bernardino,071,2135413,353182,350076,11035,361111,5777
2021-10-28,San Diego,073,3302833,372272,370006,21860,391866,4213
2021-10-28,San Francisco,075,870044,52808,52161,2263,54424,661
2021-10-28,San Joaquin,077,732212,99431,98314,5315,103629,1768
2021-10-28,San Luis Obispo,079,281455,29498,29053,1223,30276,341
2021-10-28,San Mateo,081,765935,54047,53083,851,53934,571
2021-10-28,Santa Barbara,083,443738,44307,43972,1516,45488,528
2021-10-28,Santa Clara,085,1922200,146724,145262,1298,146560,1903
2021-10-28,Santa Cruz,087,273765,20337,20134,991,21125,221
2021-10-28,Shasta,089,179085,21244,20878,3532,24410,332
2021-10-28,Sierra,091,2930,181,175,20,195,0
2021-10-28,Siskiyou,093,43540,3332,3257,1264,4521,46
2021-10-28,Solano,095,438530,45918,45146,1240,46386,346
2021-10-28,Sonoma,097,501317,41322,40924,516,41440,393
2021-10-28,Stanislaus,099,539301,78037,77871,8704,86575,1191
2021-10-28,Sutter,101,95872,13818,13773,337,14110,178
2021-10-28,Tehama,103,63373,8442,8307,1452,9759,114
2021-10-28,Trinity,105,12862,849,708,208,916,11
2021-10-28,Tulare,107,460477,68185,66745,14614,81359,995
2021-10-28,Tuolumne,109,53932,7194,7050,96,7146,90
2021-10-28,Ventura,111,848112,97942,97182,4249,101431,1174
2021-10-28,Yolo,113,214977,19846,19568,946,20514,250
2021-10-28,Yuba,115,75493,10066,9969,308,10277,82
2021-10-27,Alameda,001,1643700,118961,118487,2706,121193,1414
2021-10-27,Alpine,002,1148,101,105,0,105,0
2021-10-27,Amador,005,37829,5524,5470,57,5527,64
2021-10-27,Butte,007,227075,20797,20446,3844,24290,274
2021-10-27,Calaveras,009,45235,4034,3970,52,4022,82
2021-10-27,Colusa,011,21464,2513,2480,625,3105,18
2021-10-27,Contra Costa,013,1133247,99144,98442,2131,100573,1018
2021-10-27,Del Norte,015,27424,3665,3571,52,3623,42
2021-10-27,El Dorado,017,186661,15986,15723,1686,17409,154
2021-10-27,Fresno,019,978130,139018,136447,12533,148980,2128
2021-10-27,Glenn,021,27897,3488,3435,1004,4439,33
2021-10-27,Humboldt,023,135768,8948,8851,539,9390,105
2021-10-27,Imperial,025,180216,33461,33068,3103,36171,766
2021-10-27,Inyo,027,18085,2308,2236,38,2274,41
2021-10-27,Kern,029,883053,126628,124557,21547,146104,1647
2021-10-27,Kings,031,150075,32017,31437,1886,33323,335
2021-10-27,Lake,033,64148,6695,6589,141,6730,105
2021-10-27,Lassen,035,31185,6821,6706,353,7059,42
2021-10-27,Los Angeles,037,10098052,1436239,1422615,52738,1475353,26604
2021-10-27,Madera,039,155013,22894,22413,2031,24444,283
2021-10-27,Marin,041,260295,17509,17362,441,17803,247
2021-10-27,Mariposa,043,17540,1268,1228,46,1274,5
2021-10-27,Mendocino,045,87422,7478,7321,506,7827,84
2021-10-27,Merced,047,269075,41601,41310,1854,43164,583
2021-10-27,Modoc,049,8938,521,513,185,698,5
2021-10-27,Mono,051,14174,1711,1682,22,1704,3
2021-10-27,Monterey,053,433212,48596,47610,2798,50408,588
2021-10-27,Napa,055,140530,12902,12856,104,12960,101
2021-10-27,Nevada,057,99092,9114,8987,315,9302,90
2021-10-27,Orange,059,3164182,306486,303825,14853,318678,5584
2021-10-27,Placer,061,380077,36926,36296,3575,39871,434
2021-10-27,Plumas,063,18699,1753,1686,33,1719,7
2021-10-27,Riverside,065,2383286,361815,357152,16179,373331,5081
2021-10-27,Sacramento,067,1510023,158072,156830,4506,161336,2230
2021-10-27,San Benito,069,59416,7374,7337,165,7502,71
2021-10-27,San Bernardino,071,2135413,352757,349624,11013,360637,5770
2021-10-27,San Diego,073,3302833,371716,369579,21836,391415,4207
2021-10-27,San Francisco,075,870044,52756,52108,2259,54367,655
2021-10-27,San Joaquin,077,732212,99274,98168,5300,103468,1753
2021-10-27,San Luis Obispo,079,281455,29459,29002,1221,30223,341
2021-10-27,San Mateo,081,765935,53992,53032,843,53875,571
2021-10-27,Santa Barbara,083,443738,44254,43901,1513,45414,527
2021-10-27,Santa Clara,085,1922200,146545,145081,1290,146371,1902
2021-10-27,Santa Cruz,087,273765,20310,20091,989,21080,221
2021-10-27,Shasta,089,179085,21169,20813,3524,24337,331
2021-10-27,Sierra,091,2930,180,176,20,196,0
2021-10-27,Siskiyou,093,43540,3329,3256,1260,4516,46
2021-10-27,Solano,095,438530,45873,45089,1233,46322,346
2021-10-27,Sonoma,097,501317,41246,40829,514,41343,393
2021-10-27,Stanislaus,099,539301,77877,77687,8689,86376,1191
2021-10-27,Sutter,101,95872,13804,13754,337,14091,177
2021-10-27,Tehama,103,63373,8420,8265,1450,9715,113
2021-10-27,Trinity,105,12862,849,706,207,913,11
2021-10-27,Tulare,107,460477,68032,66568,14558,81126,991
2021-10-27,Tuolumne,109,53932,7167,7009,95,7104,90
2021-10-27,Ventura,111,848112,97850,97108,4244,101352,1172
2021-10-27,Yolo,113,214977,19817,19517,939,20456,250
2021-10-27,Yuba,115,75493,10045,9945,306,10251,82
2021-10-26,Alameda,001,1643700,118821,118360,2704,121064,1407
2021-10-26,Alpine,002,1148,101,105,0,105,0
2021-10-26,Amador,005,37829,5516,5465,56,5521,64
2021-10-26,Butte,007,227075,20737,20387,3827,24214,274
2021-10-26,Calaveras,009,45235,4023,3966,52,4018,81
2021-10-26,Colusa,011,21464,2510,2478,624,3102,18
2021-10-26,Contra Costa,013,1133247,99020,98352,2121,100473,1017
2021-10-26,Del Norte,015,27424,3660,3563,52,3615,42
2021-10-26,El Dorado,017,186661,15958,15690,1677,17367,153
2021-10-26,Fresno,019,978130,138571,136211,12482,148693,2122
2021-10-26,Glenn,021,27897,3474,3431,1001,4432,33
2021-10-26,Humboldt,023,135768,8930,8830,533,9363,105
2021-10-26,Imperial,025,180216,33396,33012,3098,36110,766
2021-10-26,Inyo,027,18085,2293,2200,38,2238,41
2021-10-26,Kern,029,883053,126285,124351,21429,145780,1645
2021-10-26,Kings,031,150075,31950,31382,1879,33261,336
2021-10-26,Lake,033,64148,6685,6584,139,6723,105
2021-10-26,Lassen,035,31185,6800,6689,351,7040,42
2021-10-26,Los Angeles,037,10098052,1434900,1421795,52667,1474462,26599
2021-10-26,Madera,039,155013,22804,22363,2020,24383,283
2021-10-26,Marin,041,260295,17492,17354,440,17794,244
2021-10-26,Mariposa,043,17540,1263,1225,45,1270,5
2021-10-26,Mendocino,045,87422,7449,7308,490,7798,83
2021-10-26,Merced,047,269075,41523,41267,1847,43114,583
2021-10-26,Modoc,049,8938,521,513,185,698,5
2021-10-26,Mono,051,14174,1706,1680,22,1702,3
2021-10-26,Monterey,053,433212,48557,47572,2788,50360,588
2021-10-26,Napa,055,140530,12890,12849,104,12953,101
2021-10-26,Nevada,057,99092,9083,8971,314,9285,90
2021-10-26,Orange,059,3164182,306217,303533,14814,318347,5580
2021-10-26,Placer,061,380077,36828,36245,3569,39814,434
2021-10-26,Plumas,063,18699,1744,1645,33,1678,7
2021-10-26,Riverside,065,2383286,361327,356775,16169,372944,5068
2021-10-26,Sacramento,067,1510023,157770,156643,4489,161132,2228
2021-10-26,San Benito,069,59416,7351,7325,165,7490,71
2021-10-26,San Bernardino,071,2135413,352328,349346,10998,360344,5764
2021-10-26,San Diego,073,3302833,371199,369043,21806,390849,4198
2021-10-26,San Francisco,075,870044,52682,52063,2256,54319,655
2021-10-26,San Joaquin,077,732212,99096,98036,5286,103322,1748
2021-10-26,San Luis Obispo,079,281455,29420,28928,1215,30143,337
2021-10-26,San Mateo,081,765935,53920,52974,840,53814,571
2021-10-26,Santa Barbara,083,443738,44208,43835,1512,45347,525
2021-10-26,Santa Clara,085,1922200,146343,144932,1284,146216,1903
2021-10-26,Santa Cruz,087,273765,20279,20067,989,21056,221
2021-10-26,Shasta,089,179085,21108,20725,3506,24231,330
2021-10-26,Sierra,091,2930,180,169,20,189,0
2021-10-26,Siskiyou,093,43540,3323,3254,1258,4512,46
2021-10-26,Solano,095,438530,45818,45044,1232,46276,344
2021-10-26,Sonoma,097,501317,41165,40794,512,41306,393
2021-10-26,Stanislaus,099,539301,77703,77552,8664,86216,1157
2021-10-26,Sutter,101,95872,13775,13739,336,14075,176
2021-10-26,Tehama,103,63373,8392,8247,1445,9692,112
2021-10-26,Trinity,105,12862,845,705,207,912,11
2021-10-26,Tulare,107,460477,67871,66476,14501,80977,991
2021-10-26,Tuolumne,109,53932,7141,6995,93,7088,90
2021-10-26,Ventura,111,848112,97741,97014,4241,101255,1170
2021-10-26,Yolo,113,214977,19786,19490,938,20428,248
2021-10-26,Yuba,115,75493,10027,9927,301,10228,82
2021-10-25,Alameda,001,1643700,118678,118319,2703,121022,1404
2021-10-25,Alpine,002,1148,101,105,0,105,0
2021-10-25,Amador,005,37829,5502,5455,56,5511,64
2021-10-25,Butte,007,227075,20664,20331,3819,24150,273
2021-10-25,Calaveras,009,45235,3993,3942,51,3993,82
2021-10-25,Colusa,011,21464,2508,2471,622,3093,18
2021-10-25,Contra Costa,013,1133247,98905,98267,2117,100384,1017
2021-10-25,Del Norte,015,27424,3653,3562,52,3614,42
2021-10-25,El Dorado,017,186661,15923,15663,1675,17338,149
2021-10-25,Fresno,019,978130,138136,135974,12446,148420,2112
2021-10-25,Glenn,021,27897,3471,3421,1000,4421,33
2021-10-25,Humboldt,023,135768,8907,8825,528,9353,105
2021-10-25,Imperial,025,180216,33335,32968,3087,36055,766
2021-10-25,Inyo,027,18085,2275,2183,38,2221,41
2021-10-25,Kern,029,883053,125934,124078,21290,145368,1649
2021-10-25,Kings,031,150075,31860,31329,1870,33199,335
2021-10-25,Lake,033,64148,6671,6571,139,6710,105
2021-10-25,Lassen,035,31185,6789,6688,349,7037,42
2021-10-25,Los Angeles,037,10098052,1433545,1421061,52602,1473663,26579
2021-10-25,Madera,039,155013,22750,22325,2013,24338,281
2021-10-25,Marin,041,260295,17470,17334,438,17772,244
2021-10-25,Mariposa,043,17540,1249,1220,45,1265,5
2021-10-25,Mendocino,045,87422,7420,7296,486,7782,82
2021-10-25,Merced,047,269075,41455,41207,1820,43027,583
2021-10-25,Modoc,049,8938,519,512,183,695,5
2021-10-25,Mono,051,14174,1698,1677,22,1699,3
2021-10-25,Monterey,053,433212,48524,47547,2786,50333,587
2021-10-25,Napa,055,140530,12877,12841,104,12945,100
2021-10-25,Nevada,057,99092,9057,8958,314,9272,90
2021-10-25,Orange,059,3164182,305919,303279,14777,318056,5574
2021-10-25,Placer,061,380077,36718,36153,3559,39712,431
2021-10-25,Plumas,063,18699,1732,1641,33,1674,7
2021-10-25,Riverside,065,2383286,360897,356381,16154,372535,5056
2021-10-25,Sacramento,067,1510023,157464,156516,4466,160982,2235
2021-10-25,San Benito,069,59416,7338,7314,164,7478,71
2021-10-25,San Bernardino,071,2135413,351819,349075,10986,360061,5748
2021-10-25,San Diego,073,3302833,370630,368386,21778,390164,4196
2021-10-25,San Francisco,075,870044,52609,52041,2250,54291,649
2021-10-25,San Joaquin,077,732212,98895,97980,5277,103257,1740
2021-10-25,San Luis Obispo,079,281455,29372,28907,1210,30117,336
2021-10-25,San Mateo,081,765935,53859,52927,836,53763,571
2021-10-25,Santa Barbara,083,443738,44149,43775,1512,45287,525
2021-10-25,Santa Clara,085,1922200,146151,144895,1279,146174,1901
2021-10-25,Santa Cruz,087,273765,20250,20053,988,21041,221
2021-10-25,Shasta,089,179085,21036,20666,3500,24166,326
2021-10-25,Sierra,091,2930,180,168,20,188,0
2021-10-25,Siskiyou,093,43540,3319,3248,1253,4501,46
2021-10-25,Solano,095,438530,45757,45022,1230,46252,344
2021-10-25,Sonoma,097,501317,41094,40746,510,41256,393
2021-10-25,Stanislaus,099,539301,77511,77452,8636,86088,1145
2021-10-25,Sutter,101,95872,13761,13721,333,14054,176
2021-10-25,Tehama,103,63373,8365,8224,1441,9665,111
2021-10-25,Trinity,105,12862,840,699,206,905,11
2021-10-25,Tulare,107,460477,67675,66357,14439,80796,986
2021-10-25,Tuolumne,109,53932,7107,6952,92,7044,90
2021-10-25,Ventura,111,848112,97650,96932,4239,101171,1167
2021-10-25,Yolo,113,214977,19736,19457,935,20392,248
2021-10-25,Yuba,115,75493,10011,9924,297,10221,82
2021-10-24,Alameda,001,1643700,118546,117816,2698,120514,1397
2021-10-24,Alpine,002,1148,101,105,0,105,0
2021-10-24,Amador,005,37829,5497,5412,56,5468,64
2021-10-24,Butte,007,227075,20593,20101,3806,23907,273
2021-10-24,Calaveras,009,45235,3974,3865,50,3915,81
2021-10-24,Colusa,011,21464,2505,2458,619,3077,18
2021-10-24,Contra Costa,013,1133247,98786,97855,2108,99963,1008
2021-10-24,Del Norte,015,27424,3649,3540,52,3592,42
2021-10-24,El Dorado,017,186661,15886,15540,1671,17211,149
2021-10-24,Fresno,019,978130,137703,134466,12395,146861,2094
2021-10-24,Glenn,021,27897,3463,3399,998,4397,33
2021-10-24,Humboldt,023,135768,8894,8753,522,9275,105
2021-10-24,Imperial,025,180216,33258,32777,3081,35858,766
2021-10-24,Inyo,027,18085,2243,2108,38,2146,41
2021-10-24,Kern,029,883053,125600,122939,21174,144113,1636
2021-10-24,Kings,031,150075,31731,30942,1855,32797,325
2021-10-24,Lake,033,64148,6648,6501,138,6639,105
2021-10-24,Lassen,035,31185,6772,6632,348,6980,27
2021-10-24,Los Angeles,037,10098052,1432111,1415919,52534,1468453,26527
2021-10-24,Madera,039,155013,22673,22062,2001,24063,281
2021-10-24,Marin,041,260295,17452,17264,437,17701,244
2021-10-24,Mariposa,043,17540,1246,1184,45,1229,5
2021-10-24,Mendocino,045,87422,7397,7220,476,7696,82
2021-10-24,Merced,047,269075,41332,40808,1814,42622,581
2021-10-24,Modoc,049,8938,518,507,183,690,5
2021-10-24,Mono,051,14174,1693,1655,22,1677,3
2021-10-24,Monterey,053,433212,48476,47456,2776,50232,586
2021-10-24,Napa,055,140530,12866,12789,104,12893,100
2021-10-24,Nevada,057,99092,9034,8861,311,9172,90
2021-10-24,Orange,059,3164182,305567,302237,14740,316977,5546
2021-10-24,Placer,061,380077,36616,35822,3545,39367,426
2021-10-24,Plumas,063,18699,1722,1623,32,1655,7
2021-10-24,Riverside,065,2383286,360424,354688,16134,370822,5041
2021-10-24,Sacramento,067,1510023,157122,155125,4443,159568,2232
2021-10-24,San Benito,069,59416,7318,7280,164,7444,71
2021-10-24,San Bernardino,071,2135413,351261,347681,10974,358655,5688
2021-10-24,San Diego,073,3302833,370046,366085,21747,387832,4183
2021-10-24,San Francisco,075,870044,52546,51820,2244,54064,649
2021-10-24,San Joaquin,077,732212,98722,97440,5271,102711,1721
2021-10-24,San Luis Obispo,079,281455,29311,28755,1203,29958,333
2021-10-24,San Mateo,081,765935,53787,52719,836,53555,571
2021-10-24,Santa Barbara,083,443738,44082,43552,1510,45062,523
2021-10-24,Santa Clara,085,1922200,145960,144276,1269,145545,1897
2021-10-24,Santa Cruz,087,273765,20212,19967,987,20954,221
2021-10-24,Shasta,089,179085,20938,20386,3494,23880,321
2021-10-24,Sierra,091,2930,180,168,20,188,0
2021-10-24,Siskiyou,093,43540,3312,3231,1249,4480,46
2021-10-24,Solano,095,438530,45708,44861,1225,46086,341
2021-10-24,Sonoma,097,501317,41011,40476,510,40986,393
2021-10-24,Stanislaus,099,539301,77320,76812,8625,85437,1145
2021-10-24,Sutter,101,95872,13735,13616,325,13941,175
2021-10-24,Tehama,103,63373,8317,8105,1430,9535,110
2021-10-24,Trinity,105,12862,836,696,204,900,11
2021-10-24,Tulare,107,460477,67502,65585,14368,79953,978
2021-10-24,Tuolumne,109,53932,7067,6840,90,6930,90
2021-10-24,Ventura,111,848112,97543,96664,4237,100901,1167
2021-10-24,Yolo,113,214977,19685,19280,935,20215,248
2021-10-24,Yuba,115,75493,9987,9838,296,10134,82
2021-10-23,Alameda,001,1643700,118458,117816,2693,120509,1397
2021-10-23,Alpine,002,1148,101,105,0,105,0
2021-10-23,Amador,005,37829,5490,5412,56,5468,64
2021-10-23,Butte,007,227075,20556,20101,3798,23899,273
2021-10-23,Calaveras,009,45235,3967,3865,49,3914,81
2021-10-23,Colusa,011,21464,2503,2458,618,3076,18
2021-10-23,Contra Costa,013,1133247,98733,97855,2104,99959,1008
2021-10-23,Del Norte,015,27424,3647,3540,52,3592,42
2021-10-23,El Dorado,017,186661,15860,15540,1669,17209,149
2021-10-23,Fresno,019,978130,137523,134466,12382,146848,2094
2021-10-23,Glenn,021,27897,3461,3399,997,4396,33
2021-10-23,Humboldt,023,135768,8880,8753,517,9270,105
2021-10-23,Imperial,025,180216,33210,32777,3077,35854,766
2021-10-23,Inyo,027,18085,2232,2108,38,2146,41
2021-10-23,Kern,029,883053,125440,122939,21087,144026,1636
2021-10-23,Kings,031,150075,31685,30942,1853,32795,325
2021-10-23,Lake,033,64148,6643,6501,138,6639,105
2021-10-23,Lassen,035,31185,6769,6632,346,6978,27
2021-10-23,Los Angeles,037,10098052,1431435,1415919,52480,1468399,26527
2021-10-23,Madera,039,155013,22624,22062,1993,24055,281
2021-10-23,Marin,041,260295,17435,17264,437,17701,244
2021-10-23,Mariposa,043,17540,1243,1184,44,1228,5
2021-10-23,Mendocino,045,87422,7390,7220,475,7695,82
2021-10-23,Merced,047,269075,41291,40808,1809,42617,581
2021-10-23,Modoc,049,8938,516,507,183,690,5
2021-10-23,Mono,051,14174,1687,1655,22,1677,3
2021-10-23,Monterey,053,433212,48459,47456,2772,50228,586
2021-10-23,Napa,055,140530,12861,12789,104,12893,100
2021-10-23,Nevada,057,99092,9023,8861,309,9170,90
2021-10-23,Orange,059,3164182,305379,302237,14725,316962,5546
2021-10-23,Placer,061,380077,36556,35822,3539,39361,426
2021-10-23,Plumas,063,18699,1721,1623,32,1655,7
2021-10-23,Riverside,065,2383286,360101,354688,16127,370815,5041
2021-10-23,Sacramento,067,1510023,156993,155125,4435,159560,2232
2021-10-23,San Benito,069,59416,7308,7280,164,7444,71
2021-10-23,San Bernardino,071,2135413,350990,347681,10966,358647,5688
2021-10-23,San Diego,073,3302833,369704,366085,21716,387801,4183
2021-10-23,San Francisco,075,870044,52510,51820,2243,54063,649
2021-10-23,San Joaquin,077,732212,98653,97440,5262,102702,1721
2021-10-23,San Luis Obispo,079,281455,29273,28755,1201,29956,333
2021-10-23,San Mateo,081,765935,53749,52719,835,53554,571
2021-10-23,Santa Barbara,083,443738,44051,43552,1508,45060,523
2021-10-23,Santa Clara,085,1922200,145849,144276,1265,145541,1897
2021-10-23,Santa Cruz,087,273765,20200,19967,987,20954,221
2021-10-23,Shasta,089,179085,20902,20386,3482,23868,321
2021-10-23,Sierra,091,2930,179,168,20,188,0
2021-10-23,Siskiyou,093,43540,3310,3231,1249,4480,46
2021-10-23,Solano,095,438530,45683,44861,1222,46083,341
2021-10-23,Sonoma,097,501317,40971,40476,510,40986,393
2021-10-23,Stanislaus,099,539301,77231,76812,8605,85417,1145
2021-10-23,Sutter,101,95872,13728,13616,324,13940,175
2021-10-23,Tehama,103,63373,8305,8105,1429,9534,110
2021-10-23,Trinity,105,12862,835,696,204,900,11
2021-10-23,Tulare,107,460477,67414,65585,14309,79894,978
2021-10-23,Tuolumne,109,53932,7046,6840,90,6930,90
2021-10-23,Ventura,111,848112,97482,96664,4237,100901,1167
2021-10-23,Yolo,113,214977,19667,19280,933,20213,248
2021-10-23,Yuba,115,75493,9978,9838,296,10134,82
2021-10-22,Alameda,001,1643700,118376,117816,2690,120506,1397
2021-10-22,Alpine,002,1148,101,105,0,105,0
2021-10-22,Amador,005,37829,5479,5412,56,5468,64
2021-10-22,Butte,007,227075,20524,20101,3794,23895,273
2021-10-22,Calaveras,009,45235,3959,3865,49,3914,81
2021-10-22,Colusa,011,21464,2500,2458,618,3076,18
2021-10-22,Contra Costa,013,1133247,98642,97855,2102,99957,1008
2021-10-22,Del Norte,015,27424,3643,3540,52,3592,42
2021-10-22,El Dorado,017,186661,15847,15540,1667,17207,149
2021-10-22,Fresno,019,978130,137308,134466,12361,146827,2094
2021-10-22,Glenn,021,27897,3451,3399,997,4396,33
2021-10-22,Humboldt,023,135768,8866,8753,516,9269,105
2021-10-22,Imperial,025,180216,33166,32777,3077,35854,766
2021-10-22,Inyo,027,18085,2219,2108,38,2146,41
2021-10-22,Kern,029,883053,125253,122939,21014,143953,1636
2021-10-22,Kings,031,150075,31650,30942,1852,32794,325
2021-10-22,Lake,033,64148,6633,6501,138,6639,105
2021-10-22,Lassen,035,31185,6762,6632,343,6975,27
2021-10-22,Los Angeles,037,10098052,1430670,1415919,52422,1468341,26527
2021-10-22,Madera,039,155013,22574,22062,1981,24043,281
2021-10-22,Marin,041,260295,17424,17264,437,17701,244
2021-10-22,Mariposa,043,17540,1240,1184,44,1228,5
2021-10-22,Mendocino,045,87422,7376,7220,474,7694,82
2021-10-22,Merced,047,269075,41254,40808,1802,42610,581
2021-10-22,Modoc,049,8938,516,507,183,690,5
2021-10-22,Mono,051,14174,1685,1655,22,1677,3
2021-10-22,Monterey,053,433212,48425,47456,2770,50226,586
2021-10-22,Napa,055,140530,12855,12789,104,12893,100
2021-10-22,Nevada,057,99092,9006,8861,308,9169,90
2021-10-22,Orange,059,3164182,305163,302237,14695,316932,5546
2021-10-22,Placer,061,380077,36526,35822,3530,39352,426
2021-10-22,Plumas,063,18699,1715,1623,32,1655,7
2021-10-22,Riverside,065,2383286,359789,354688,16122,370810,5041
2021-10-22,Sacramento,067,1510023,156806,155125,4426,159551,2232
2021-10-22,San Benito,069,59416,7303,7280,164,7444,71
2021-10-22,San Bernardino,071,2135413,350660,347681,10951,358632,5688
2021-10-22,San Diego,073,3302833,369306,366085,21698,387783,4183
2021-10-22,San Francisco,075,870044,52472,51820,2236,54056,649
2021-10-22,San Joaquin,077,732212,98592,97440,5259,102699,1721
2021-10-22,San Luis Obispo,079,281455,29243,28755,1201,29956,333
2021-10-22,San Mateo,081,765935,53698,52719,829,53548,571
2021-10-22,Santa Barbara,083,443738,44010,43552,1508,45060,523
2021-10-22,Santa Clara,085,1922200,145691,144276,1258,145534,1897
2021-10-22,Santa Cruz,087,273765,20178,19967,987,20954,221
2021-10-22,Shasta,089,179085,20869,20386,3479,23865,321
2021-10-22,Sierra,091,2930,178,168,19,187,0
2021-10-22,Siskiyou,093,43540,3308,3231,1246,4477,46
2021-10-22,Solano,095,438530,45648,44861,1218,46079,341
2021-10-22,Sonoma,097,501317,40914,40476,510,40986,393
2021-10-22,Stanislaus,099,539301,77128,76812,8588,85400,1145
2021-10-22,Sutter,101,95872,13713,13616,324,13940,175
2021-10-22,Tehama,103,63373,8284,8105,1424,9529,110
2021-10-22,Trinity,105,12862,834,696,204,900,11
2021-10-22,Tulare,107,460477,67326,65585,14257,79842,978
2021-10-22,Tuolumne,109,53932,7011,6840,90,6930,90
2021-10-22,Ventura,111,848112,97429,96664,4231,100895,1167
2021-10-22,Yolo,113,214977,19640,19280,932,20212,248
2021-10-22,Yuba,115,75493,9964,9838,294,10132,82
2021-10-21,Alameda,001,1643700,118261,117816,2684,120500,1397
2021-10-21,Alpine,002,1148,101,105,0,105,0
2021-10-21,Amador,005,37829,5471,5412,56,5468,64
2021-10-21,Butte,007,227075,20440,20101,3778,23879,273
2021-10-21,Calaveras,009,45235,3940,3865,49,3914,81
2021-10-21,Colusa,011,21464,2496,2458,614,3072,18
2021-10-21,Contra Costa,013,1133247,98525,97855,2097,99952,1008
2021-10-21,Del Norte,015,27424,3637,3540,51,3591,42
2021-10-21,El Dorado,017,186661,15818,15540,1660,17200,149
2021-10-21,Fresno,019,978130,136957,134466,12316,146782,2094
2021-10-21,Glenn,021,27897,3447,3399,994,4393,33
2021-10-21,Humboldt,023,135768,8852,8753,512,9265,105
2021-10-21,Imperial,025,180216,33111,32777,3073,35850,766
2021-10-21,Inyo,027,18085,2197,2108,38,2146,41
2021-10-21,Kern,029,883053,125006,122939,20905,143844,1636
2021-10-21,Kings,031,150075,31552,30942,1846,32788,325
2021-10-21,Lake,033,64148,6619,6501,137,6638,105
2021-10-21,Lassen,035,31185,6749,6632,339,6971,27
2021-10-21,Los Angeles,037,10098052,1429549,1415919,52375,1468294,26527
2021-10-21,Madera,039,155013,22516,22062,1971,24033,281
2021-10-21,Marin,041,260295,17406,17264,437,17701,244
2021-10-21,Mariposa,043,17540,1234,1184,43,1227,5
2021-10-21,Mendocino,045,87422,7358,7220,467,7687,82
2021-10-21,Merced,047,269075,41157,40808,1791,42599,581
2021-10-21,Modoc,049,8938,516,507,183,690,5
2021-10-21,Mono,051,14174,1676,1655,22,1677,3
2021-10-21,Monterey,053,433212,48391,47456,2759,50215,586
2021-10-21,Napa,055,140530,12843,12789,104,12893,100
2021-10-21,Nevada,057,99092,8981,8861,308,9169,90
2021-10-21,Orange,059,3164182,304891,302237,14659,316896,5546
2021-10-21,Placer,061,380077,36434,35822,3517,39339,426
2021-10-21,Plumas,063,18699,1701,1623,32,1655,7
2021-10-21,Riverside,065,2383286,359344,354688,16112,370800,5041
2021-10-21,Sacramento,067,1510023,156486,155125,4400,159525,2232
2021-10-21,San Benito,069,59416,7296,7280,162,7442,71
2021-10-21,San Bernardino,071,2135413,350280,347681,10917,358598,5688
2021-10-21,San Diego,073,3302833,368794,366085,21668,387753,4183
2021-10-21,San Francisco,075,870044,52417,51820,2235,54055,649
2021-10-21,San Joaquin,077,732212,98454,97440,5252,102692,1721
2021-10-21,San Luis Obispo,079,281455,29201,28755,1199,29954,333
2021-10-21,San Mateo,081,765935,53651,52719,828,53547,571
2021-10-21,Santa Barbara,083,443738,43944,43552,1506,45058,523
2021-10-21,Santa Clara,085,1922200,145517,144276,1254,145530,1897
2021-10-21,Santa Cruz,087,273765,20154,19967,985,20952,221
2021-10-21,Shasta,089,179085,20808,20386,3464,23850,321
2021-10-21,Sierra,091,2930,177,168,18,186,0
2021-10-21,Siskiyou,093,43540,3303,3231,1244,4475,46
2021-10-21,Solano,095,438530,45596,44861,1216,46077,341
2021-10-21,Sonoma,097,501317,40845,40476,508,40984,393
2021-10-21,Stanislaus,099,539301,76959,76812,8577,85389,1145
2021-10-21,Sutter,101,95872,13685,13616,320,13936,175
2021-10-21,Tehama,103,63373,8256,8105,1417,9522,110
2021-10-21,Trinity,105,12862,832,696,204,900,11
2021-10-21,Tulare,107,460477,67137,65585,14189,79774,978
2021-10-21,Tuolumne,109,53932,6973,6840,89,6929,90
2021-10-21,Ventura,111,848112,97340,96664,4229,100893,1167
2021-10-21,Yolo,113,214977,19594,19280,931,20211,248
2021-10-21,Yuba,115,75493,9940,9838,293,10131,82
2021-10-20,Alameda,001,1643700,118140,117654,2684,120338,1390
2021-10-20,Alpine,002,1148,101,103,0,103,0
2021-10-20,Amador,005,37829,5463,5379,56,5435,64
2021-10-20,Butte,007,227075,20385,20021,3762,23783,270
2021-10-20,Calaveras,009,45235,3920,3844,48,3892,81
2021-10-20,Colusa,011,21464,2492,2454,612,3066,18
2021-10-20,Contra Costa,013,1133247,98410,97721,2093,99814,1008
2021-10-20,Del Norte,015,27424,3633,3536,51,3587,42
2021-10-20,El Dorado,017,186661,15789,15502,1657,17159,149
2021-10-20,Fresno,019,978130,136554,134025,12275,146300,2084
2021-10-20,Glenn,021,27897,3439,3382,993,4375,33
2021-10-20,Humboldt,023,135768,8830,8727,510,9237,105
2021-10-20,Imperial,025,180216,33037,32705,3065,35770,766
2021-10-20,Inyo,027,18085,2178,2077,37,2114,40
2021-10-20,Kern,029,883053,124712,122630,20787,143417,1623
2021-10-20,Kings,031,150075,31476,30805,1836,32641,322
2021-10-20,Lake,033,64148,6597,6475,136,6611,104
2021-10-20,Lassen,035,31185,6734,6622,339,6961,27
2021-10-20,Los Angeles,037,10098052,1428431,1414931,52304,1467235,26506
2021-10-20,Madera,039,155013,22447,21983,1962,23945,281
2021-10-20,Marin,041,260295,17385,17250,436,17686,244
2021-10-20,Mariposa,043,17540,1227,1174,43,1217,5
2021-10-20,Mendocino,045,87422,7330,7189,464,7653,82
2021-10-20,Merced,047,269075,41076,40685,1775,42460,581
2021-10-20,Modoc,049,8938,516,504,183,687,5
2021-10-20,Mono,051,14174,1676,1653,22,1675,3
2021-10-20,Monterey,053,433212,48359,47430,2750,50180,587
2021-10-20,Napa,055,140530,12829,12773,103,12876,100
2021-10-20,Nevada,057,99092,8953,8836,308,9144,90
2021-10-20,Orange,059,3164182,304603,301957,14637,316594,5534
2021-10-20,Placer,061,380077,36344,35729,3508,39237,425
2021-10-20,Plumas,063,18699,1694,1604,32,1636,7
2021-10-20,Riverside,065,2383286,358900,354311,16095,370406,5030
2021-10-20,Sacramento,067,1510023,156186,154822,4376,159198,2222
2021-10-20,San Benito,069,59416,7293,7275,160,7435,71
2021-10-20,San Bernardino,071,2135413,349878,347217,10886,358103,5663
2021-10-20,San Diego,073,3302833,368287,365698,21649,387347,4178
2021-10-20,San Francisco,075,870044,52368,51755,2234,53989,646
2021-10-20,San Joaquin,077,732212,98309,97246,5244,102490,1721
2021-10-20,San Luis Obispo,079,281455,29155,28727,1195,29922,332
2021-10-20,San Mateo,081,765935,53580,52663,820,53483,571
2021-10-20,Santa Barbara,083,443738,43881,43489,1505,44994,523
2021-10-20,Santa Clara,085,1922200,145376,144124,1249,145373,1896
2021-10-20,Santa Cruz,087,273765,20141,19951,985,20936,219
2021-10-20,Shasta,089,179085,20746,20313,3437,23750,320
2021-10-20,Sierra,091,2930,177,168,18,186,0
2021-10-20,Siskiyou,093,43540,3303,3224,1238,4462,46
2021-10-20,Solano,095,438530,45564,44819,1214,46033,341
2021-10-20,Sonoma,097,501317,40798,40404,508,40912,393
2021-10-20,Stanislaus,099,539301,76809,76631,8558,85189,1145
2021-10-20,Sutter,101,95872,13661,13592,314,13906,175
2021-10-20,Tehama,103,63373,8225,8081,1406,9487,110
2021-10-20,Trinity,105,12862,832,693,203,896,11
2021-10-20,Tulare,107,460477,66962,65413,14145,79558,967
2021-10-20,Tuolumne,109,53932,6950,6803,89,6892,89
2021-10-20,Ventura,111,848112,97258,96610,4224,100834,1166
2021-10-20,Yolo,113,214977,19549,19236,929,20165,248
2021-10-20,Yuba,115,75493,9923,9808,290,10098,82
2021-10-19,Alameda,001,1643700,118017,117542,2678,120220,1383
2021-10-19,Alpine,002,1148,101,103,0,103,0
2021-10-19,Amador,005,37829,5447,5367,56,5423,64
2021-10-19,Butte,007,227075,20332,19974,3754,23728,268
2021-10-19,Calaveras,009,45235,3903,3826,47,3873,80
2021-10-19,Colusa,011,21464,2489,2447,610,3057,18
2021-10-19,Contra Costa,013,1133247,98319,97613,2088,99701,1004
2021-10-19,Del Norte,015,27424,3626,3531,51,3582,42
2021-10-19,El Dorado,017,186661,15764,15478,1652,17130,149
2021-10-19,Fresno,019,978130,136188,133813,12226,146039,2073
2021-10-19,Glenn,021,27897,3435,3380,991,4371,33
2021-10-19,Humboldt,023,135768,8806,8714,504,9218,105
2021-10-19,Imperial,025,180216,32972,32632,3061,35693,764
2021-10-19,Inyo,027,18085,2147,2045,37,2082,40
2021-10-19,Kern,029,883053,124395,122391,20663,143054,1613
2021-10-19,Kings,031,150075,31382,30757,1829,32586,322
2021-10-19,Lake,033,64148,6593,6465,136,6601,104
2021-10-19,Lassen,035,31185,6728,6612,335,6947,27
2021-10-19,Los Angeles,037,10098052,1427184,1413882,52232,1466114,26473
2021-10-19,Madera,039,155013,22384,21950,1954,23904,281
2021-10-19,Marin,041,260295,17371,17241,433,17674,244
2021-10-19,Mariposa,043,17540,1221,1171,41,1212,5
2021-10-19,Mendocino,045,87422,7314,7172,461,7633,82
2021-10-19,Merced,047,269075,40961,40628,1754,42382,580
2021-10-19,Modoc,049,8938,514,502,183,685,5
2021-10-19,Mono,051,14174,1672,1651,22,1673,3
2021-10-19,Monterey,053,433212,48322,47412,2739,50151,583
2021-10-19,Napa,055,140530,12822,12769,103,12872,100
2021-10-19,Nevada,057,99092,8932,8829,307,9136,90
2021-10-19,Orange,059,3164182,304345,301700,14604,316304,5527
2021-10-19,Placer,061,380077,36224,35663,3493,39156,422
2021-10-19,Plumas,063,18699,1676,1586,32,1618,8
2021-10-19,Riverside,065,2383286,358480,353891,16088,369979,5020
2021-10-19,Sacramento,067,1510023,155881,154570,4349,158919,2227
2021-10-19,San Benito,069,59416,7278,7264,160,7424,71
2021-10-19,San Bernardino,071,2135413,349475,346814,10857,357671,5627
2021-10-19,San Diego,073,3302833,367705,365285,21618,386903,4170
2021-10-19,San Francisco,075,870044,52305,51704,2232,53936,645
2021-10-19,San Joaquin,077,732212,98141,97105,5233,102338,1721
2021-10-19,San Luis Obispo,079,281455,29107,28670,1192,29862,332
2021-10-19,San Mateo,081,765935,53522,52617,818,53435,571
2021-10-19,Santa Barbara,083,443738,43814,43413,1504,44917,522
2021-10-19,Santa Clara,085,1922200,145200,143989,1242,145231,1898
2021-10-19,Santa Cruz,087,273765,20117,19895,983,20878,218
2021-10-19,Shasta,089,179085,20669,20209,3429,23638,319
2021-10-19,Sierra,091,2930,174,168,18,186,0
2021-10-19,Siskiyou,093,43540,3299,3216,1233,4449,46
2021-10-19,Solano,095,438530,45522,44782,1208,45990,341
2021-10-19,Sonoma,097,501317,40724,40379,507,40886,392
2021-10-19,Stanislaus,099,539301,76667,76526,8546,85072,1145
2021-10-19,Sutter,101,95872,13637,13569,313,13882,174
2021-10-19,Tehama,103,63373,8194,8057,1391,9448,108
2021-10-19,Trinity,105,12862,825,691,203,894,11
2021-10-19,Tulare,107,460477,66776,65253,14077,79330,958
2021-10-19,Tuolumne,109,53932,6922,6782,88,6870,89
2021-10-19,Ventura,111,848112,97181,96539,4219,100758,1166
2021-10-19,Yolo,113,214977,19500,19206,928,20134,248
2021-10-19,Yuba,115,75493,9905,9796,289,10085,82
2021-10-18,Alameda,001,1643700,117880,117506,2668,120174,1381
2021-10-18,Alpine,002,1148,101,103,0,103,0
2021-10-18,Amador,005,37829,5436,5345,56,5401,64
2021-10-18,Butte,007,227075,20282,19921,3741,23662,265
2021-10-18,Calaveras,009,45235,3878,3819,46,3865,80
2021-10-18,Colusa,011,21464,2488,2444,608,3052,18
2021-10-18,Contra Costa,013,1133247,98207,97585,2084,99669,995
2021-10-18,Del Norte,015,27424,3619,3529,51,3580,41
2021-10-18,El Dorado,017,186661,15734,15452,1650,17102,149
2021-10-18,Fresno,019,978130,135784,133688,12183,145871,2063
2021-10-18,Glenn,021,27897,3431,3370,987,4357,32
2021-10-18,Humboldt,023,135768,8786,8699,496,9195,104
2021-10-18,Imperial,025,180216,32880,32558,3061,35619,764
2021-10-18,Inyo,027,18085,2129,2020,37,2057,40
2021-10-18,Kern,029,883053,124096,122231,20569,142800,1605
2021-10-18,Kings,031,150075,31269,30698,1816,32514,320
2021-10-18,Lake,033,64148,6574,6455,132,6587,104
2021-10-18,Lassen,035,31185,6708,6607,332,6939,26
2021-10-18,Los Angeles,037,10098052,1425941,1413291,52155,1465446,26446
2021-10-18,Madera,039,155013,22330,21909,1941,23850,277
2021-10-18,Marin,041,260295,17352,17232,430,17662,244
2021-10-18,Mariposa,043,17540,1213,1160,41,1201,5
2021-10-18,Mendocino,045,87422,7295,7156,453,7609,82
2021-10-18,Merced,047,269075,40838,40573,1743,42316,579
2021-10-18,Modoc,049,8938,514,498,183,681,5
2021-10-18,Mono,051,14174,1666,1648,21,1669,3
2021-10-18,Monterey,053,433212,48300,47389,2734,50123,583
2021-10-18,Napa,055,140530,12807,12762,103,12865,100
2021-10-18,Nevada,057,99092,8913,8816,307,9123,90
2021-10-18,Orange,059,3164182,304006,301573,14569,316142,5524
2021-10-18,Placer,061,380077,36148,35598,3489,39087,420
2021-10-18,Plumas,063,18699,1668,1579,32,1611,6
2021-10-18,Riverside,065,2383286,358061,353699,16074,369773,5008
2021-10-18,Sacramento,067,1510023,155576,154428,4319,158747,2203
2021-10-18,San Benito,069,59416,7266,7253,160,7413,71
2021-10-18,San Bernardino,071,2135413,349054,346742,10843,357585,5606
2021-10-18,San Diego,073,3302833,367149,364948,21580,386528,4169
2021-10-18,San Francisco,075,870044,52242,51671,2226,53897,644
2021-10-18,San Joaquin,077,732212,97975,97041,5223,102264,1721
2021-10-18,San Luis Obispo,079,281455,29068,28644,1189,29833,331
2021-10-18,San Mateo,081,765935,53457,52594,817,53411,571
2021-10-18,Santa Barbara,083,443738,43755,43386,1502,44888,522
2021-10-18,Santa Clara,085,1922200,145044,143891,1234,145125,1895
2021-10-18,Santa Cruz,087,273765,20103,19876,981,20857,218
2021-10-18,Shasta,089,179085,20590,20146,3418,23564,313
2021-10-18,Sierra,091,2930,174,166,18,184,0
2021-10-18,Siskiyou,093,43540,3296,3210,1225,4435,42
2021-10-18,Solano,095,438530,45478,44758,1205,45963,339
2021-10-18,Sonoma,097,501317,40660,40349,504,40853,392
2021-10-18,Stanislaus,099,539301,76502,76466,8532,84998,1145
2021-10-18,Sutter,101,95872,13603,13557,311,13868,172
2021-10-18,Tehama,103,63373,8158,8042,1380,9422,107
2021-10-18,Trinity,105,12862,824,688,203,891,11
2021-10-18,Tulare,107,460477,66601,65171,14013,79184,958
2021-10-18,Tuolumne,109,53932,6893,6755,88,6843,89
2021-10-18,Ventura,111,848112,97089,96506,4216,100722,1165
2021-10-18,Yolo,113,214977,19461,19197,927,20124,248
2021-10-18,Yuba,115,75493,9878,9782,287,10069,82
2021-10-17,Alameda,001,1643700,117728,117423,2663,120086,1376
2021-10-17,Alpine,002,1148,101,103,0,103,0
2021-10-17,Amador,005,37829,5413,5341,56,5397,64
2021-10-17,Butte,007,227075,20197,19897,3730,23627,265
2021-10-17,Calaveras,009,45235,3861,3805,46,3851,80
2021-10-17,Colusa,011,21464,2483,2442,601,3043,18
2021-10-17,Contra Costa,013,1133247,98086,97485,2073,99558,995
2021-10-17,Del Norte,015,27424,3614,3526,51,3577,41
2021-10-17,El Dorado,017,186661,15676,15438,1643,17081,149
2021-10-17,Fresno,019,978130,135316,133429,12138,145567,2063
2021-10-17,Glenn,021,27897,3421,3364,982,4346,32
2021-10-17,Humboldt,023,135768,8766,8690,493,9183,104
2021-10-17,Imperial,025,180216,32798,32520,3054,35574,764
2021-10-17,Inyo,027,18085,2101,2000,37,2037,40
2021-10-17,Kern,029,883053,123746,122085,20471,142556,1603
2021-10-17,Kings,031,150075,31156,30636,1808,32444,315
2021-10-17,Lake,033,64148,6558,6437,132,6569,104
2021-10-17,Lassen,035,31185,6696,6605,328,6933,26
2021-10-17,Los Angeles,037,10098052,1424605,1412371,52083,1464454,26443
2021-10-17,Madera,039,155013,22268,21869,1930,23799,277
2021-10-17,Marin,041,260295,17330,17211,430,17641,243
2021-10-17,Mariposa,043,17540,1206,1150,41,1191,5
2021-10-17,Mendocino,045,87422,7266,7148,447,7595,82
2021-10-17,Merced,047,269075,40712,40531,1727,42258,579
2021-10-17,Modoc,049,8938,511,498,181,679,5
2021-10-17,Mono,051,14174,1664,1640,20,1660,3
2021-10-17,Monterey,053,433212,48259,47369,2724,50093,583
2021-10-17,Napa,055,140530,12791,12753,100,12853,100
2021-10-17,Nevada,057,99092,8896,8794,306,9100,90
2021-10-17,Orange,059,3164182,303691,301414,14536,315950,5524
2021-10-17,Placer,061,380077,36048,35559,3474,39033,420
2021-10-17,Plumas,063,18699,1644,1571,31,1602,6
2021-10-17,Riverside,065,2383286,357577,353500,16060,369560,5008
2021-10-17,Sacramento,067,1510023,155177,154080,4302,158382,2213
2021-10-17,San Benito,069,59416,7257,7250,159,7409,71
2021-10-17,San Bernardino,071,2135413,348618,346524,10823,357347,5597
2021-10-17,San Diego,073,3302833,366558,364675,21552,386227,4163
2021-10-17,San Francisco,075,870044,52170,51625,2217,53842,644
2021-10-17,San Joaquin,077,732212,97802,96950,5214,102164,1721
2021-10-17,San Luis Obispo,079,281455,29016,28604,1181,29785,331
2021-10-17,San Mateo,081,765935,53405,52541,813,53354,571
2021-10-17,Santa Barbara,083,443738,43692,43344,1501,44845,522
2021-10-17,Santa Clara,085,1922200,144866,143768,1225,144993,1895
2021-10-17,Santa Cruz,087,273765,20076,19861,979,20840,218
2021-10-17,Shasta,089,179085,20500,20116,3408,23524,312
2021-10-17,Sierra,091,2930,172,165,18,183,0
2021-10-17,Siskiyou,093,43540,3288,3204,1222,4426,42
2021-10-17,Solano,095,438530,45421,44722,1204,45926,340
2021-10-17,Sonoma,097,501317,40585,40306,503,40809,392
2021-10-17,Stanislaus,099,539301,76304,76354,8518,84872,1145
2021-10-17,Sutter,101,95872,13586,13543,309,13852,172
2021-10-17,Tehama,103,63373,8126,8015,1364,9379,107
2021-10-17,Trinity,105,12862,821,686,202,888,11
2021-10-17,Tulare,107,460477,66417,65057,13941,78998,958
2021-10-17,Tuolumne,109,53932,6859,6735,87,6822,89
2021-10-17,Ventura,111,848112,96988,96458,4213,100671,1165
2021-10-17,Yolo,113,214977,19417,19171,920,20091,248
2021-10-17,Yuba,115,75493,9852,9771,285,10056,82
2021-10-16,Alameda,001,1643700,117639,117027,2661,119688,1365
2021-10-16,Alpine,002,1148,100,102,0,102,0
2021-10-16,Amador,005,37829,5406,5310,56,5366,64
2021-10-16,Butte,007,227075,20166,19612,3720,23332,260
2021-10-16,Calaveras,009,45235,3854,3771,46,3817,80
2021-10-16,Colusa,011,21464,2479,2431,598,3029,18
2021-10-16,Contra Costa,013,1133247,97995,97107,2066,99173,982
2021-10-16,Del Norte,015,27424,3611,3516,51,3567,41
2021-10-16,El Dorado,017,186661,15654,15315,1641,16956,149
2021-10-16,Fresno,019,978130,135162,132433,12121,144554,2051
2021-10-16,Glenn,021,27897,3415,3331,982,4313,26
2021-10-16,Humboldt,023,135768,8755,8621,488,9109,104
2021-10-16,Imperial,025,180216,32783,32368,3052,35420,764
2021-10-16,Inyo,027,18085,2087,1932,37,1969,39
2021-10-16,Kern,029,883053,123590,121354,20390,141744,1590
2021-10-16,Kings,031,150075,31110,30418,1805,32223,314
2021-10-16,Lake,033,64148,6547,6378,132,6510,104
2021-10-16,Lassen,035,31185,6687,6559,324,6883,26
2021-10-16,Los Angeles,037,10098052,1423952,1409418,52030,1461448,26398
2021-10-16,Madera,039,155013,22224,21707,1926,23633,277
2021-10-16,Marin,041,260295,17319,17148,430,17578,243
2021-10-16,Mariposa,043,17540,1203,1096,41,1137,5
2021-10-16,Mendocino,045,87422,7255,7099,447,7546,82
2021-10-16,Merced,047,269075,40680,40265,1725,41990,577
2021-10-16,Modoc,049,8938,508,492,181,673,5
2021-10-16,Mono,051,14174,1660,1628,20,1648,3
2021-10-16,Monterey,053,433212,48242,47293,2716,50009,582
2021-10-16,Napa,055,140530,12780,12706,100,12806,100
2021-10-16,Nevada,057,99092,8876,8739,306,9045,90
2021-10-16,Orange,059,3164182,303515,300722,14511,315233,5509
2021-10-16,Placer,061,380077,35963,35343,3468,38811,412
2021-10-16,Plumas,063,18699,1639,1542,30,1572,6
2021-10-16,Riverside,065,2383286,357304,352435,16048,368483,4990
2021-10-16,Sacramento,067,1510023,154979,153264,4298,157562,2192
2021-10-16,San Benito,069,59416,7244,7210,158,7368,71
2021-10-16,San Bernardino,071,2135413,348410,345418,10815,356233,5566
2021-10-16,San Diego,073,3302833,366242,363109,21536,384645,4151
2021-10-16,San Francisco,075,870044,52123,51436,2213,53649,645
2021-10-16,San Joaquin,077,732212,97731,96507,5211,101718,1708
2021-10-16,San Luis Obispo,079,281455,28990,28460,1180,29640,329
2021-10-16,San Mateo,081,765935,53356,52399,812,53211,569
2021-10-16,Santa Barbara,083,443738,43656,43175,1500,44675,521
2021-10-16,Santa Clara,085,1922200,144766,143282,1217,144499,1890
2021-10-16,Santa Cruz,087,273765,20060,19794,978,20772,218
2021-10-16,Shasta,089,179085,20450,19932,3397,23329,309
2021-10-16,Sierra,091,2930,170,160,18,178,0
2021-10-16,Siskiyou,093,43540,3286,3173,1215,4388,42
2021-10-16,Solano,095,438530,45395,44585,1200,45785,334
2021-10-16,Sonoma,097,501317,40545,40195,503,40698,390
2021-10-16,Stanislaus,099,539301,76218,75868,8508,84376,1142
2021-10-16,Sutter,101,95872,13567,13471,308,13779,169
2021-10-16,Tehama,103,63373,8113,7907,1359,9266,104
2021-10-16,Trinity,105,12862,821,679,202,881,11
2021-10-16,Tulare,107,460477,66279,64489,13910,78399,951
2021-10-16,Tuolumne,109,53932,6827,6666,87,6753,89
2021-10-16,Ventura,111,848112,96955,96181,4208,100389,1164
2021-10-16,Yolo,113,214977,19389,19078,916,19994,247
2021-10-16,Yuba,115,75493,9828,9705,282,9987,82
2021-10-15,Alameda,001,1643700,117567,117027,2657,119684,1365
2021-10-15,Alpine,002,1148,100,102,0,102,0
2021-10-15,Amador,005,37829,5382,5310,56,5366,64
2021-10-15,Butte,007,227075,20130,19612,3712,23324,260
2021-10-15,Calaveras,009,45235,3848,3771,46,3817,80
2021-10-15,Colusa,011,21464,2477,2431,595,3026,18
2021-10-15,Contra Costa,013,1133247,97913,97107,2063,99170,982
2021-10-15,Del Norte,015,27424,3609,3516,51,3567,41
2021-10-15,El Dorado,017,186661,15634,15315,1636,16951,149
2021-10-15,Fresno,019,978130,134908,132433,12111,144544,2051
2021-10-15,Glenn,021,27897,3409,3331,981,4312,26
2021-10-15,Humboldt,023,135768,8746,8621,486,9107,104
2021-10-15,Imperial,025,180216,32736,32368,3048,35416,764
2021-10-15,Inyo,027,18085,2069,1932,37,1969,39
2021-10-15,Kern,029,883053,123454,121354,20316,141670,1590
2021-10-15,Kings,031,150075,31054,30418,1801,32219,314
2021-10-15,Lake,033,64148,6538,6378,132,6510,104
2021-10-15,Lassen,035,31185,6675,6559,323,6882,26
2021-10-15,Los Angeles,037,10098052,1423266,1409418,51982,1461400,26398
2021-10-15,Madera,039,155013,22180,21707,1918,23625,277
2021-10-15,Marin,041,260295,17308,17148,430,17578,243
2021-10-15,Mariposa,043,17540,1195,1096,41,1137,5
2021-10-15,Mendocino,045,87422,7240,7099,447,7546,82
2021-10-15,Merced,047,269075,40650,40265,1722,41987,577
2021-10-15,Modoc,049,8938,507,492,181,673,5
2021-10-15,Mono,051,14174,1657,1628,20,1648,3
2021-10-15,Monterey,053,433212,48220,47293,2714,50007,582
2021-10-15,Napa,055,140530,12776,12706,100,12806,100
2021-10-15,Nevada,057,99092,8861,8739,306,9045,90
2021-10-15,Orange,059,3164182,303347,300722,14493,315215,5509
2021-10-15,Placer,061,380077,35909,35343,3462,38805,412
2021-10-15,Plumas,063,18699,1631,1542,30,1572,6
2021-10-15,Riverside,065,2383286,357059,352435,16043,368478,4990
2021-10-15,Sacramento,067,1510023,154790,153264,4288,157552,2192
2021-10-15,San Benito,069,59416,7241,7210,158,7368,71
2021-10-15,San Bernardino,071,2135413,348178,345418,10812,356230,5566
2021-10-15,San Diego,073,3302833,365883,363109,21511,384620,4151
2021-10-15,San Francisco,075,870044,52083,51436,2206,53642,645
2021-10-15,San Joaquin,077,732212,97652,96507,5204,101711,1708
2021-10-15,San Luis Obispo,079,281455,28969,28460,1178,29638,329
2021-10-15,San Mateo,081,765935,53312,52399,811,53210,569
2021-10-15,Santa Barbara,083,443738,43618,43175,1500,44675,521
2021-10-15,Santa Clara,085,1922200,144645,143282,1209,144491,1890
2021-10-15,Santa Cruz,087,273765,20049,19794,978,20772,218
2021-10-15,Shasta,089,179085,20394,19932,3389,23321,309
2021-10-15,Sierra,091,2930,170,160,18,178,0
2021-10-15,Siskiyou,093,43540,3285,3173,1212,4385,42
2021-10-15,Solano,095,438530,45369,44585,1200,45785,334
2021-10-15,Sonoma,097,501317,40511,40195,502,40697,390
2021-10-15,Stanislaus,099,539301,76138,75868,8492,84360,1142
2021-10-15,Sutter,101,95872,13550,13471,306,13777,169
2021-10-15,Tehama,103,63373,8091,7907,1354,9261,104
2021-10-15,Trinity,105,12862,821,679,202,881,11
2021-10-15,Tulare,107,460477,66201,64489,13873,78362,951
2021-10-15,Tuolumne,109,53932,6804,6666,85,6751,89
2021-10-15,Ventura,111,848112,96912,96181,4205,100386,1164
2021-10-15,Yolo,113,214977,19372,19078,914,19992,247
2021-10-15,Yuba,115,75493,9818,9705,281,9986,82
2021-10-14,Alameda,001,1643700,117459,117027,2652,119679,1365
2021-10-14,Alpine,002,1148,100,102,0,102,0
2021-10-14,Amador,005,37829,5371,5310,56,5366,64
2021-10-14,Butte,007,227075,20078,19612,3706,23318,260
2021-10-14,Calaveras,009,45235,3834,3771,45,3816,80
2021-10-14,Colusa,011,21464,2475,2431,593,3024,18
2021-10-14,Contra Costa,013,1133247,97778,97107,2056,99163,982
2021-10-14,Del Norte,015,27424,3603,3516,51,3567,41
2021-10-14,El Dorado,017,186661,15596,15315,1633,16948,149
2021-10-14,Fresno,019,978130,134612,132433,12081,144514,2051
2021-10-14,Glenn,021,27897,3404,3331,980,4311,26
2021-10-14,Humboldt,023,135768,8729,8621,483,9104,104
2021-10-14,Imperial,025,180216,32673,32368,3041,35409,764
2021-10-14,Inyo,027,18085,2050,1932,37,1969,39
2021-10-14,Kern,029,883053,123182,121354,20217,141571,1590
2021-10-14,Kings,031,150075,30988,30418,1793,32211,314
2021-10-14,Lake,033,64148,6517,6378,131,6509,104
2021-10-14,Lassen,035,31185,6669,6559,322,6881,26
2021-10-14,Los Angeles,037,10098052,1422280,1409418,51933,1461351,26398
2021-10-14,Madera,039,155013,22115,21707,1912,23619,277
2021-10-14,Marin,041,260295,17303,17148,427,17575,243
2021-10-14,Mariposa,043,17540,1182,1096,40,1136,5
2021-10-14,Mendocino,045,87422,7226,7099,445,7544,82
2021-10-14,Merced,047,269075,40561,40265,1708,41973,577
2021-10-14,Modoc,049,8938,507,492,181,673,5
2021-10-14,Mono,051,14174,1650,1628,20,1648,3
2021-10-14,Monterey,053,433212,48195,47293,2709,50002,582
2021-10-14,Napa,055,140530,12761,12706,100,12806,100
2021-10-14,Nevada,057,99092,8834,8739,304,9043,90
2021-10-14,Orange,059,3164182,303139,300722,14475,315197,5509
2021-10-14,Placer,061,380077,35841,35343,3448,38791,412
2021-10-14,Plumas,063,18699,1616,1542,30,1572,6
2021-10-14,Riverside,065,2383286,356663,352435,16032,368467,4990
2021-10-14,Sacramento,067,1510023,154540,153264,4268,157532,2192
2021-10-14,San Benito,069,59416,7230,7210,158,7368,71
2021-10-14,San Bernardino,071,2135413,347821,345418,10805,356223,5566
2021-10-14,San Diego,073,3302833,365443,363109,21484,384593,4151
2021-10-14,San Francisco,075,870044,52027,51436,2202,53638,645
2021-10-14,San Joaquin,077,732212,97523,96507,5195,101702,1708
2021-10-14,San Luis Obispo,079,281455,28925,28460,1174,29634,329
2021-10-14,San Mateo,081,765935,53264,52399,810,53209,569
2021-10-14,Santa Barbara,083,443738,43562,43175,1495,44670,521
2021-10-14,Santa Clara,085,1922200,144504,143282,1203,144485,1890
2021-10-14,Santa Cruz,087,273765,20027,19794,978,20772,218
2021-10-14,Shasta,089,179085,20337,19932,3377,23309,309
2021-10-14,Sierra,091,2930,169,160,18,178,0
2021-10-14,Siskiyou,093,43540,3282,3173,1204,4377,42
2021-10-14,Solano,095,438530,45319,44585,1192,45777,334
2021-10-14,Sonoma,097,501317,40460,40195,499,40694,390
2021-10-14,Stanislaus,099,539301,75992,75868,8479,84347,1142
2021-10-14,Sutter,101,95872,13530,13471,305,13776,169
2021-10-14,Tehama,103,63373,8060,7907,1347,9254,104
2021-10-14,Trinity,105,12862,820,679,201,880,11
2021-10-14,Tulare,107,460477,66018,64489,13826,78315,951
2021-10-14,Tuolumne,109,53932,6772,6666,84,6750,89
2021-10-14,Ventura,111,848112,96843,96181,4199,100380,1164
2021-10-14,Yolo,113,214977,19336,19078,910,19988,247
2021-10-14,Yuba,115,75493,9804,9705,272,9977,82
2021-10-13,Alameda,001,1643700,117353,116914,2646,119560,1360
2021-10-13,Alpine,002,1148,100,102,0,102,0
2021-10-13,Amador,005,37829,5357,5305,56,5361,63
2021-10-13,Butte,007,227075,20002,19546,3700,23246,257
2021-10-13,Calaveras,009,45235,3813,3756,43,3799,79
2021-10-13,Colusa,011,21464,2468,2430,589,3019,18
2021-10-13,Contra Costa,013,1133247,97661,96975,2055,99030,969
2021-10-13,Del Norte,015,27424,3598,3512,51,3563,39
2021-10-13,El Dorado,017,186661,15573,15302,1628,16930,149
2021-10-13,Fresno,019,978130,134277,132055,12049,144104,2048
2021-10-13,Glenn,021,27897,3399,3327,976,4303,26
2021-10-13,Humboldt,023,135768,8718,8604,479,9083,102
2021-10-13,Imperial,025,180216,32613,32317,3039,35356,762
2021-10-13,Inyo,027,18085,2013,1907,37,1944,39
2021-10-13,Kern,029,883053,122937,120956,20125,141081,1586
2021-10-13,Kings,031,150075,30907,30246,1786,32032,312
2021-10-13,Lake,033,64148,6497,6371,131,6502,103
2021-10-13,Lassen,035,31185,6658,6535,316,6851,25
2021-10-13,Los Angeles,037,10098052,1421224,1408384,51879,1460263,26379
2021-10-13,Madera,039,155013,22062,21609,1898,23507,277
2021-10-13,Marin,041,260295,17279,17137,426,17563,243
2021-10-13,Mariposa,043,17540,1168,1090,40,1130,5
2021-10-13,Mendocino,045,87422,7210,7088,437,7525,82
2021-10-13,Merced,047,269075,40476,40164,1696,41860,577
2021-10-13,Modoc,049,8938,505,490,179,669,5
2021-10-13,Mono,051,14174,1650,1612,20,1632,3
2021-10-13,Monterey,053,433212,48175,47273,2702,49975,582
2021-10-13,Napa,055,140530,12750,12695,98,12793,100
2021-10-13,Nevada,057,99092,8812,8725,304,9029,90
2021-10-13,Orange,059,3164182,302932,300468,14459,314927,5503
2021-10-13,Placer,061,380077,35773,35254,3439,38693,412
2021-10-13,Plumas,063,18699,1602,1514,30,1544,6
2021-10-13,Riverside,065,2383286,356333,352044,16019,368063,4978
2021-10-13,Sacramento,067,1510023,154291,153141,4247,157388,2182
2021-10-13,San Benito,069,59416,7224,7196,157,7353,71
2021-10-13,San Bernardino,071,2135413,347496,344951,10788,355739,5562
2021-10-13,San Diego,073,3302833,365012,362564,21462,384026,4141
2021-10-13,San Francisco,075,870044,51983,51379,2198,53577,644
2021-10-13,San Joaquin,077,732212,97379,96343,5191,101534,1696
2021-10-13,San Luis Obispo,079,281455,28887,28397,1171,29568,330
2021-10-13,San Mateo,081,765935,53212,52352,806,53158,569
2021-10-13,Santa Barbara,083,443738,43510,43109,1495,44604,518
2021-10-13,Santa Clara,085,1922200,144364,143064,1202,144266,1886
2021-10-13,Santa Cruz,087,273765,20001,19763,977,20740,217
2021-10-13,Shasta,089,179085,20267,19802,3357,23159,307
2021-10-13,Sierra,091,2930,169,155,18,173,0
2021-10-13,Siskiyou,093,43540,3274,3173,1203,4376,42
2021-10-13,Solano,095,438530,45280,44558,1189,45747,334
2021-10-13,Sonoma,097,501317,40404,40122,499,40621,390
2021-10-13,Stanislaus,099,539301,75850,75698,8469,84167,1136
2021-10-13,Sutter,101,95872,13500,13458,303,13761,169
2021-10-13,Tehama,103,63373,8024,7849,1342,9191,103
2021-10-13,Trinity,105,12862,817,677,201,878,11
2021-10-13,Tulare,107,460477,65835,64297,13775,78072,945
2021-10-13,Tuolumne,109,53932,6757,6644,83,6727,89
2021-10-13,Ventura,111,848112,96770,96099,4193,100292,1162
2021-10-13,Yolo,113,214977,19307,19023,909,19932,247
2021-10-13,Yuba,115,75493,9779,9690,259,9949,80
2021-10-12,Alameda,001,1643700,117250,116813,2642,119455,1357
2021-10-12,Alpine,002,1148,100,102,0,102,0
2021-10-12,Amador,005,37829,5346,5301,56,5357,63
2021-10-12,Butte,007,227075,19930,19506,3688,23194,256
2021-10-12,Calaveras,009,45235,3798,3750,43,3793,75
2021-10-12,Colusa,011,21464,2465,2428,587,3015,18
2021-10-12,Contra Costa,013,1133247,97548,96894,2046,98940,960
2021-10-12,Del Norte,015,27424,3592,3511,51,3562,39
2021-10-12,El Dorado,017,186661,15539,15287,1626,16913,148
2021-10-12,Fresno,019,978130,133916,131848,12018,143866,2042
2021-10-12,Glenn,021,27897,3385,3321,975,4296,26
2021-10-12,Humboldt,023,135768,8690,8587,473,9060,102
2021-10-12,Imperial,025,180216,32561,32267,3037,35304,762
2021-10-12,Inyo,027,18085,1981,1889,37,1926,39
2021-10-12,Kern,029,883053,122650,120826,20016,140842,1580
2021-10-12,Kings,031,150075,30833,30200,1775,31975,312
2021-10-12,Lake,033,64148,6482,6372,129,6501,97
2021-10-12,Lassen,035,31185,6648,6526,315,6841,25
2021-10-12,Los Angeles,037,10098052,1420164,1407462,51833,1459295,26362
2021-10-12,Madera,039,155013,21991,21574,1885,23459,277
2021-10-12,Marin,041,260295,17256,17126,426,17552,242
2021-10-12,Mariposa,043,17540,1154,1088,40,1128,5
2021-10-12,Mendocino,045,87422,7181,7077,434,7511,82
2021-10-12,Merced,047,269075,40397,40113,1690,41803,567
2021-10-12,Modoc,049,8938,500,485,178,663,5
2021-10-12,Mono,051,14174,1648,1608,20,1628,3
2021-10-12,Monterey,053,433212,48144,47254,2694,49948,582
2021-10-12,Napa,055,140530,12736,12671,98,12769,97
2021-10-12,Nevada,057,99092,8800,8720,302,9022,89
2021-10-12,Orange,059,3164182,302677,300256,14434,314690,5499
2021-10-12,Placer,061,380077,35708,35214,3431,38645,404
2021-10-12,Plumas,063,18699,1588,1488,29,1517,6
2021-10-12,Riverside,065,2383286,356006,351771,16005,367776,4973
2021-10-12,Sacramento,067,1510023,153986,152935,4222,157157,2170
2021-10-12,San Benito,069,59416,7210,7193,157,7350,71
2021-10-12,San Bernardino,071,2135413,347183,344788,10778,355566,5563
2021-10-12,San Diego,073,3302833,364499,362256,21433,383689,4137
2021-10-12,San Francisco,075,870044,51919,51301,2197,53498,643
2021-10-12,San Joaquin,077,732212,97243,96237,5186,101423,1690
2021-10-12,San Luis Obispo,079,281455,28840,28379,1170,29549,327
2021-10-12,San Mateo,081,765935,53161,52328,805,53133,569
2021-10-12,Santa Barbara,083,443738,43449,43076,1495,44571,515
2021-10-12,Santa Clara,085,1922200,144211,142954,1200,144154,1882
2021-10-12,Santa Cruz,087,273765,19976,19757,977,20734,218
2021-10-12,Shasta,089,179085,20193,19731,3336,23067,304
2021-10-12,Sierra,091,2930,169,153,18,171,0
2021-10-12,Siskiyou,093,43540,3263,3166,1197,4363,42
2021-10-12,Solano,095,438530,45238,44516,1183,45699,329
2021-10-12,Sonoma,097,501317,40363,40105,498,40603,390
2021-10-12,Stanislaus,099,539301,75698,75589,8457,84046,1126
2021-10-12,Sutter,101,95872,13477,13436,299,13735,168
2021-10-12,Tehama,103,63373,7992,7820,1338,9158,103
2021-10-12,Trinity,105,12862,814,676,201,877,11
2021-10-12,Tulare,107,460477,65650,64216,13719,77935,944
2021-10-12,Tuolumne,109,53932,6740,6637,82,6719,89
2021-10-12,Ventura,111,848112,96670,96022,4188,100210,1160
2021-10-12,Yolo,113,214977,19276,18987,906,19893,247
2021-10-12,Yuba,115,75493,9764,9676,255,9931,70
2021-10-11,Alameda,001,1643700,117107,116759,2641,119400,1358
2021-10-11,Alpine,002,1148,100,102,0,102,0
2021-10-11,Amador,005,37829,5334,5286,56,5342,62
2021-10-11,Butte,007,227075,19870,19452,3683,23135,253
2021-10-11,Calaveras,009,45235,3777,3750,43,3793,75
2021-10-11,Colusa,011,21464,2460,2427,579,3006,18
2021-10-11,Contra Costa,013,1133247,97412,96832,2041,98873,960
2021-10-11,Del Norte,015,27424,3589,3510,47,3557,39
2021-10-11,El Dorado,017,186661,15510,15273,1622,16895,146
2021-10-11,Fresno,019,978130,133585,131703,11983,143686,2036
2021-10-11,Glenn,021,27897,3368,3308,973,4281,26
2021-10-11,Humboldt,023,135768,8665,8571,466,9037,101
2021-10-11,Imperial,025,180216,32511,32207,3031,35238,762
2021-10-11,Inyo,027,18085,1958,1862,36,1898,39
2021-10-11,Kern,029,883053,122413,120684,19921,140605,1575
2021-10-11,Kings,031,150075,30744,30180,1765,31945,309
2021-10-11,Lake,033,64148,6466,6361,125,6486,97
2021-10-11,Lassen,035,31185,6628,6499,312,6811,25
2021-10-11,Los Angeles,037,10098052,1419118,1406826,51782,1458608,26346
2021-10-11,Madera,039,155013,21933,21555,1868,23423,272
2021-10-11,Marin,041,260295,17238,17121,422,17543,242
2021-10-11,Mariposa,043,17540,1124,1083,39,1122,5
2021-10-11,Mendocino,045,87422,7165,7064,430,7494,82
2021-10-11,Merced,047,269075,40281,40064,1665,41729,566
2021-10-11,Modoc,049,8938,497,482,175,657,5
2021-10-11,Mono,051,14174,1638,1604,20,1624,3
2021-10-11,Monterey,053,433212,48115,47241,2687,49928,580
2021-10-11,Napa,055,140530,12714,12654,96,12750,96
2021-10-11,Nevada,057,99092,8780,8716,301,9017,90
2021-10-11,Orange,059,3164182,302443,299941,14403,314344,5499
2021-10-11,Placer,061,380077,35641,35173,3413,38586,404
2021-10-11,Plumas,063,18699,1570,1469,27,1496,6
2021-10-11,Riverside,065,2383286,355660,351444,16000,367444,4973
2021-10-11,Sacramento,067,1510023,153695,152681,4191,156872,2169
2021-10-11,San Benito,069,59416,7189,7184,155,7339,71
2021-10-11,San Bernardino,071,2135413,346797,344594,10770,355364,5549
2021-10-11,San Diego,073,3302833,363987,361712,21401,383113,4124
2021-10-11,San Francisco,075,870044,51848,51275,2194,53469,643
2021-10-11,San Joaquin,077,732212,97088,96152,5175,101327,1681
2021-10-11,San Luis Obispo,079,281455,28792,28355,1165,29520,327
2021-10-11,San Mateo,081,765935,53113,52298,805,53103,569
2021-10-11,Santa Barbara,083,443738,43402,43018,1494,44512,515
2021-10-11,Santa Clara,085,1922200,144048,142836,1196,144032,1882
2021-10-11,Santa Cruz,087,273765,19952,19745,976,20721,217
2021-10-11,Shasta,089,179085,20114,19662,3320,22982,295
2021-10-11,Sierra,091,2930,166,147,17,164,0
2021-10-11,Siskiyou,093,43540,3256,3159,1193,4352,42
2021-10-11,Solano,095,438530,45189,44474,1180,45654,329
2021-10-11,Sonoma,097,501317,40318,40067,498,40565,390
2021-10-11,Stanislaus,099,539301,75527,75478,8436,83914,1118
2021-10-11,Sutter,101,95872,13458,13427,297,13724,165
2021-10-11,Tehama,103,63373,7951,7795,1329,9124,102
2021-10-11,Trinity,105,12862,808,675,200,875,11
2021-10-11,Tulare,107,460477,65471,64094,13652,77746,942
2021-10-11,Tuolumne,109,53932,6701,6602,82,6684,89
2021-10-11,Ventura,111,848112,96573,95876,4181,100057,1160
2021-10-11,Yolo,113,214977,19228,18977,904,19881,247
2021-10-11,Yuba,115,75493,9747,9657,243,9900,69
2021-10-10,Alameda,001,1643700,116988,116679,2637,119316,1358
2021-10-10,Alpine,002,1148,100,102,0,102,0
2021-10-10,Amador,005,37829,5320,5278,56,5334,62
2021-10-10,Butte,007,227075,19805,19430,3668,23098,253
2021-10-10,Calaveras,009,45235,3765,3747,43,3790,75
2021-10-10,Colusa,011,21464,2459,2425,578,3003,18
2021-10-10,Contra Costa,013,1133247,97313,96760,2035,98795,960
2021-10-10,Del Norte,015,27424,3585,3507,47,3554,39
2021-10-10,El Dorado,017,186661,15480,15250,1616,16866,146
2021-10-10,Fresno,019,978130,133254,131434,11950,143384,2035
2021-10-10,Glenn,021,27897,3363,3297,971,4268,26
2021-10-10,Humboldt,023,135768,8644,8554,462,9016,101
2021-10-10,Imperial,025,180216,32436,32167,3030,35197,762
2021-10-10,Inyo,027,18085,1937,1857,36,1893,39
2021-10-10,Kern,029,883053,122087,120552,19818,140370,1573
2021-10-10,Kings,031,150075,30655,30122,1755,31877,308
2021-10-10,Lake,033,64148,6450,6349,124,6473,97
2021-10-10,Lassen,035,31185,6609,6495,311,6806,26
2021-10-10,Los Angeles,037,10098052,1417930,1406034,51708,1457742,26338
2021-10-10,Madera,039,155013,21887,21486,1859,23345,272
2021-10-10,Marin,041,260295,17221,17112,422,17534,242
2021-10-10,Mariposa,043,17540,1121,1074,39,1113,5
2021-10-10,Mendocino,045,87422,7150,7060,422,7482,81
2021-10-10,Merced,047,269075,40198,40036,1646,41682,566
2021-10-10,Modoc,049,8938,497,482,175,657,5
2021-10-10,Mono,051,14174,1637,1596,20,1616,3
2021-10-10,Monterey,053,433212,48085,47228,2686,49914,580
2021-10-10,Napa,055,140530,12691,12641,96,12737,96
2021-10-10,Nevada,057,99092,8768,8689,301,8990,90
2021-10-10,Orange,059,3164182,302180,299787,14374,314161,5499
2021-10-10,Placer,061,380077,35548,35128,3402,38530,404
2021-10-10,Plumas,063,18699,1554,1468,25,1493,6
2021-10-10,Riverside,065,2383286,355283,351248,15982,367230,4973
2021-10-10,Sacramento,067,1510023,153431,152405,4174,156579,2178
2021-10-10,San Benito,069,59416,7184,7180,154,7334,71
2021-10-10,San Bernardino,071,2135413,346484,344423,10762,355185,5551
2021-10-10,San Diego,073,3302833,363471,361038,21354,382392,4113
2021-10-10,San Francisco,075,870044,51800,51216,2192,53408,643
2021-10-10,San Joaquin,077,732212,96917,96084,5161,101245,1681
2021-10-10,San Luis Obispo,079,281455,28748,28343,1165,29508,326
2021-10-10,San Mateo,081,765935,53071,52273,804,53077,569
2021-10-10,Santa Barbara,083,443738,43355,42987,1493,44480,515
2021-10-10,Santa Clara,085,1922200,143882,142768,1189,143957,1881
2021-10-10,Santa Cruz,087,273765,19932,19727,976,20703,217
2021-10-10,Shasta,089,179085,20025,19635,3311,22946,296
2021-10-10,Sierra,091,2930,164,147,17,164,0
2021-10-10,Siskiyou,093,43540,3242,3155,1186,4341,42
2021-10-10,Solano,095,438530,45133,44431,1180,45611,329
2021-10-10,Sonoma,097,501317,40266,40027,498,40525,390
2021-10-10,Stanislaus,099,539301,75349,75403,8422,83825,1118
2021-10-10,Sutter,101,95872,13434,13412,292,13704,165
2021-10-10,Tehama,103,63373,7914,7764,1320,9084,102
2021-10-10,Trinity,105,12862,807,669,199,868,11
2021-10-10,Tulare,107,460477,65301,63930,13602,77532,940
2021-10-10,Tuolumne,109,53932,6677,6580,81,6661,89
2021-10-10,Ventura,111,848112,96484,95829,4181,100010,1160
2021-10-10,Yolo,113,214977,19194,18952,900,19852,247
2021-10-10,Yuba,115,75493,9731,9641,238,9879,69
2021-10-09,Alameda,001,1643700,116890,116253,2635,118888,1356
2021-10-09,Alpine,002,1148,99,102,0,102,0
2021-10-09,Amador,005,37829,5318,5237,55,5292,62
2021-10-09,Butte,007,227075,19775,19277,3664,22941,250
2021-10-09,Calaveras,009,45235,3761,3716,43,3759,75
2021-10-09,Colusa,011,21464,2455,2419,577,2996,18
2021-10-09,Contra Costa,013,1133247,97244,96378,2029,98407,958
2021-10-09,Del Norte,015,27424,3584,3495,47,3542,39
2021-10-09,El Dorado,017,186661,15462,15153,1613,16766,144
2021-10-09,Fresno,019,978130,133122,130508,11933,142441,2018
2021-10-09,Glenn,021,27897,3359,3277,969,4246,26
2021-10-09,Humboldt,023,135768,8630,8448,460,8908,97
2021-10-09,Imperial,025,180216,32402,31989,3028,35017,760
2021-10-09,Inyo,027,18085,1928,1808,36,1844,39
2021-10-09,Kern,029,883053,121946,119795,19791,139586,1559
2021-10-09,Kings,031,150075,30606,29894,1753,31647,308
2021-10-09,Lake,033,64148,6431,6283,123,6406,97
2021-10-09,Lassen,035,31185,6604,6442,310,6752,25
2021-10-09,Los Angeles,037,10098052,1417344,1402810,51671,1454481,26280
2021-10-09,Madera,039,155013,21854,21313,1845,23158,271
2021-10-09,Marin,041,260295,17216,17049,420,17469,242
2021-10-09,Mariposa,043,17540,1114,1042,38,1080,5
2021-10-09,Mendocino,045,87422,7143,7011,421,7432,82
2021-10-09,Merced,047,269075,40155,39784,1646,41430,565
2021-10-09,Modoc,049,8938,495,477,174,651,5
2021-10-09,Mono,051,14174,1634,1577,20,1597,3
2021-10-09,Monterey,053,433212,48073,47168,2683,49851,577
2021-10-09,Napa,055,140530,12687,12586,96,12682,96
2021-10-09,Nevada,057,99092,8757,8613,300,8913,90
2021-10-09,Orange,059,3164182,301999,299089,14355,313444,5457
2021-10-09,Placer,061,380077,35510,34877,3395,38272,393
2021-10-09,Plumas,063,18699,1543,1418,25,1443,6
2021-10-09,Riverside,065,2383286,355032,350082,15966,366048,4965
2021-10-09,Sacramento,067,1510023,153221,151566,4161,155727,2160
2021-10-09,San Benito,069,59416,7176,7123,154,7277,71
2021-10-09,San Bernardino,071,2135413,346296,343452,10758,354210,5556
2021-10-09,San Diego,073,3302833,363166,359909,21349,381258,4111
2021-10-09,San Francisco,075,870044,51752,50960,2185,53145,643
2021-10-09,San Joaquin,077,732212,96851,95606,5156,100762,1669
2021-10-09,San Luis Obispo,079,281455,28731,28197,1163,29360,324
2021-10-09,San Mateo,081,765935,53040,52121,803,52924,569
2021-10-09,Santa Barbara,083,443738,43328,42735,1493,44228,514
2021-10-09,Santa Clara,085,1922200,143758,142298,1183,143481,1873
2021-10-09,Santa Cruz,087,273765,19922,19635,975,20610,217
2021-10-09,Shasta,089,179085,19974,19437,3306,22743,290
2021-10-09,Sierra,091,2930,161,141,17,158,0
2021-10-09,Siskiyou,093,43540,3241,3124,1185,4309,42
2021-10-09,Solano,095,438530,45116,44265,1179,45444,329
2021-10-09,Sonoma,097,501317,40222,39848,498,40346,387
2021-10-09,Stanislaus,099,539301,75259,74899,8411,83310,1114
2021-10-09,Sutter,101,95872,13425,13314,290,13604,165
2021-10-09,Tehama,103,63373,7903,7670,1315,8985,99
2021-10-09,Trinity,105,12862,806,660,199,859,11
2021-10-09,Tulare,107,460477,65193,63398,13581,76979,932
2021-10-09,Tuolumne,109,53932,6657,6521,81,6602,89
2021-10-09,Ventura,111,848112,96429,95542,4178,99720,1158
2021-10-09,Yolo,113,214977,19171,18850,899,19749,247
2021-10-09,Yuba,115,75493,9719,9551,237,9788,69
2021-10-08,Alameda,001,1643700,116808,116253,2631,118884,1356
2021-10-08,Alpine,002,1148,99,102,0,102,0
2021-10-08,Amador,005,37829,5305,5237,55,5292,62
2021-10-08,Butte,007,227075,19746,19277,3660,22937,250
2021-10-08,Calaveras,009,45235,3756,3716,43,3759,75
2021-10-08,Colusa,011,21464,2453,2419,577,2996,18
2021-10-08,Contra Costa,013,1133247,97200,96378,2024,98402,958
2021-10-08,Del Norte,015,27424,3583,3495,47,3542,39
2021-10-08,El Dorado,017,186661,15442,15153,1609,16762,144
2021-10-08,Fresno,019,978130,132927,130508,11909,142417,2018
2021-10-08,Glenn,021,27897,3351,3277,966,4243,26
2021-10-08,Humboldt,023,135768,8619,8448,457,8905,97
2021-10-08,Imperial,025,180216,32372,31989,3024,35013,760
2021-10-08,Inyo,027,18085,1910,1808,36,1844,39
2021-10-08,Kern,029,883053,121809,119795,19749,139544,1559
2021-10-08,Kings,031,150075,30512,29894,1752,31646,308
2021-10-08,Lake,033,64148,6423,6283,123,6406,97
2021-10-08,Lassen,035,31185,6590,6442,307,6749,25
2021-10-08,Los Angeles,037,10098052,1416683,1402810,51639,1454449,26280
2021-10-08,Madera,039,155013,21795,21313,1838,23151,271
2021-10-08,Marin,041,260295,17205,17049,419,17468,242
2021-10-08,Mariposa,043,17540,1107,1042,36,1078,5
2021-10-08,Mendocino,045,87422,7130,7011,421,7432,82
2021-10-08,Merced,047,269075,40123,39784,1643,41427,565
2021-10-08,Modoc,049,8938,493,477,174,651,5
2021-10-08,Mono,051,14174,1631,1577,20,1597,3
2021-10-08,Monterey,053,433212,48046,47168,2681,49849,577
2021-10-08,Napa,055,140530,12671,12586,96,12682,96
2021-10-08,Nevada,057,99092,8745,8613,300,8913,90
2021-10-08,Orange,059,3164182,301851,299089,14335,313424,5457
2021-10-08,Placer,061,380077,35471,34877,3388,38265,393
2021-10-08,Plumas,063,18699,1531,1418,25,1443,6
2021-10-08,Riverside,065,2383286,354763,350082,15955,366037,4965
2021-10-08,Sacramento,067,1510023,153056,151566,4146,155712,2160
2021-10-08,San Benito,069,59416,7172,7123,152,7275,71
2021-10-08,San Bernardino,071,2135413,346087,343452,10750,354202,5556
2021-10-08,San Diego,073,3302833,362840,359909,21329,381238,4111
2021-10-08,San Francisco,075,870044,51705,50960,2178,53138,643
2021-10-08,San Joaquin,077,732212,96783,95606,5150,100756,1669
2021-10-08,San Luis Obispo,079,281455,28704,28197,1162,29359,324
2021-10-08,San Mateo,081,765935,53012,52121,803,52924,569
2021-10-08,Santa Barbara,083,443738,43293,42735,1492,44227,514
2021-10-08,Santa Clara,085,1922200,143645,142298,1178,143476,1873
2021-10-08,Santa Cruz,087,273765,19907,19635,975,20610,217
2021-10-08,Shasta,089,179085,19932,19437,3300,22737,290
2021-10-08,Sierra,091,2930,159,141,15,156,0
2021-10-08,Siskiyou,093,43540,3233,3124,1184,4308,42
2021-10-08,Solano,095,438530,45077,44265,1179,45444,329
2021-10-08,Sonoma,097,501317,40187,39848,498,40346,387
2021-10-08,Stanislaus,099,539301,75190,74899,8402,83301,1114
2021-10-08,Sutter,101,95872,13411,13314,288,13602,165
2021-10-08,Tehama,103,63373,7886,7670,1312,8982,99
2021-10-08,Trinity,105,12862,805,660,199,859,11
2021-10-08,Tulare,107,460477,65075,63398,13549,76947,932
2021-10-08,Tuolumne,109,53932,6634,6521,81,6602,89
2021-10-08,Ventura,111,848112,96378,95542,4172,99714,1158
2021-10-08,Yolo,113,214977,19156,18850,897,19747,247
2021-10-08,Yuba,115,75493,9699,9551,236,9787,69
2021-10-07,Alameda,001,1643700,116688,116253,2630,118883,1356
2021-10-07,Alpine,002,1148,99,102,0,102,0
2021-10-07,Amador,005,37829,5298,5237,55,5292,62
2021-10-07,Butte,007,227075,19698,19277,3649,22926,250
2021-10-07,Calaveras,009,45235,3744,3716,43,3759,75
2021-10-07,Colusa,011,21464,2450,2419,571,2990,18
2021-10-07,Contra Costa,013,1133247,97077,96378,2021,98399,958
2021-10-07,Del Norte,015,27424,3580,3495,47,3542,39
2021-10-07,El Dorado,017,186661,15406,15153,1605,16758,144
2021-10-07,Fresno,019,978130,132652,130508,11883,142391,2018
2021-10-07,Glenn,021,27897,3344,3277,963,4240,26
2021-10-07,Humboldt,023,135768,8593,8448,454,8902,97
2021-10-07,Imperial,025,180216,32300,31989,3011,35000,760
2021-10-07,Inyo,027,18085,1891,1808,36,1844,39
2021-10-07,Kern,029,883053,121577,119795,19685,139480,1559
2021-10-07,Kings,031,150075,30446,29894,1746,31640,308
2021-10-07,Lake,033,64148,6412,6283,123,6406,97
2021-10-07,Lassen,035,31185,6572,6442,305,6747,25
2021-10-07,Los Angeles,037,10098052,1415727,1402810,51594,1454404,26280
2021-10-07,Madera,039,155013,21722,21313,1824,23137,271
2021-10-07,Marin,041,260295,17187,17049,419,17468,242
2021-10-07,Mariposa,043,17540,1099,1042,36,1078,5
2021-10-07,Mendocino,045,87422,7120,7011,417,7428,82
2021-10-07,Merced,047,269075,40057,39784,1626,41410,565
2021-10-07,Modoc,049,8938,490,477,173,650,5
2021-10-07,Mono,051,14174,1623,1577,20,1597,3
2021-10-07,Monterey,053,433212,48021,47168,2672,49840,577
2021-10-07,Napa,055,140530,12656,12586,96,12682,96
2021-10-07,Nevada,057,99092,8717,8613,300,8913,90
2021-10-07,Orange,059,3164182,301625,299089,14321,313410,5457
2021-10-07,Placer,061,380077,35409,34877,3381,38258,393
2021-10-07,Plumas,063,18699,1514,1418,25,1443,6
2021-10-07,Riverside,065,2383286,354430,350082,15943,366025,4965
2021-10-07,Sacramento,067,1510023,152773,151566,4117,155683,2160
2021-10-07,San Benito,069,59416,7156,7123,150,7273,71
2021-10-07,San Bernardino,071,2135413,345812,343452,10742,354194,5556
2021-10-07,San Diego,073,3302833,362445,359909,21308,381217,4111
2021-10-07,San Francisco,075,870044,51634,50960,2175,53135,643
2021-10-07,San Joaquin,077,732212,96629,95606,5142,100748,1669
2021-10-07,San Luis Obispo,079,281455,28653,28197,1160,29357,324
2021-10-07,San Mateo,081,765935,52972,52121,802,52923,569
2021-10-07,Santa Barbara,083,443738,43224,42735,1486,44221,514
2021-10-07,Santa Clara,085,1922200,143495,142298,1172,143470,1873
2021-10-07,Santa Cruz,087,273765,19887,19635,974,20609,217
2021-10-07,Shasta,089,179085,19844,19437,3285,22722,290
2021-10-07,Sierra,091,2930,158,141,15,156,0
2021-10-07,Siskiyou,093,43540,3229,3124,1179,4303,42
2021-10-07,Solano,095,438530,45032,44265,1175,45440,329
2021-10-07,Sonoma,097,501317,40150,39848,496,40344,387
2021-10-07,Stanislaus,099,539301,75028,74899,8377,83276,1114
2021-10-07,Sutter,101,95872,13389,13314,285,13599,165
2021-10-07,Tehama,103,63373,7853,7670,1306,8976,99
2021-10-07,Trinity,105,12862,803,660,199,859,11
2021-10-07,Tulare,107,460477,64910,63398,13513,76911,932
2021-10-07,Tuolumne,109,53932,6613,6521,81,6602,89
2021-10-07,Ventura,111,848112,96305,95542,4169,99711,1158
2021-10-07,Yolo,113,214977,19123,18850,893,19743,247
2021-10-07,Yuba,115,75493,9673,9551,229,9780,69
2021-10-06,Alameda,001,1643700,116551,116058,2624,118682,1353
2021-10-06,Alpine,002,1148,99,102,0,102,0
2021-10-06,Amador,005,37829,5295,5205,55,5260,62
2021-10-06,Butte,007,227075,19636,19208,3642,22850,247
2021-10-06,Calaveras,009,45235,3735,3669,43,3712,75
2021-10-06,Colusa,011,21464,2447,2414,564,2978,18
2021-10-06,Contra Costa,013,1133247,96953,96184,2017,98201,953
2021-10-06,Del Norte,015,27424,3577,3490,44,3534,39
2021-10-06,El Dorado,017,186661,15380,15078,1602,16680,140
2021-10-06,Fresno,019,978130,132362,130074,11858,141932,2008
2021-10-06,Glenn,021,27897,3335,3270,961,4231,26
2021-10-06,Humboldt,023,135768,8578,8416,448,8864,94
2021-10-06,Imperial,025,180216,32247,31930,3001,34931,760
2021-10-06,Inyo,027,18085,1876,1806,36,1842,39
2021-10-06,Kern,029,883053,121320,119491,19594,139085,1552
2021-10-06,Kings,031,150075,30380,29785,1738,31523,308
2021-10-06,Lake,033,64148,6398,6271,123,6394,97
2021-10-06,Lassen,035,31185,6556,6429,304,6733,25
2021-10-06,Los Angeles,037,10098052,1414771,1401675,51545,1453220,26252
2021-10-06,Madera,039,155013,21667,21230,1814,23044,269
2021-10-06,Marin,041,260295,17178,17042,416,17458,242
2021-10-06,Mariposa,043,17540,1092,1036,36,1072,5
2021-10-06,Mendocino,045,87422,7111,6986,415,7401,81
2021-10-06,Merced,047,269075,39982,39666,1614,41280,563
2021-10-06,Modoc,049,8938,490,477,171,648,5
2021-10-06,Mono,051,14174,1611,1568,20,1588,3
2021-10-06,Monterey,053,433212,47988,47136,2667,49803,577
2021-10-06,Napa,055,140530,12632,12552,95,12647,96
2021-10-06,Nevada,057,99092,8701,8582,299,8881,90
2021-10-06,Orange,059,3164182,301386,298785,14308,313093,5448
2021-10-06,Placer,061,380077,35358,34764,3375,38139,390
2021-10-06,Plumas,063,18699,1491,1383,25,1408,6
2021-10-06,Riverside,065,2383286,354075,349645,15922,365567,4953
2021-10-06,Sacramento,067,1510023,152520,151164,4085,155249,2141
2021-10-06,San Benito,069,59416,7141,7108,150,7258,69
2021-10-06,San Bernardino,071,2135413,345520,343022,10735,353757,5551
2021-10-06,San Diego,073,3302833,361952,359564,21282,380846,4104
2021-10-06,San Francisco,075,870044,51570,50894,2172,53066,641
2021-10-06,San Joaquin,077,732212,96495,95418,5130,100548,1658
2021-10-06,San Luis Obispo,079,281455,28604,28170,1154,29324,323
2021-10-06,San Mateo,081,765935,52922,52056,797,52853,569
2021-10-06,Santa Barbara,083,443738,43141,42687,1484,44171,513
2021-10-06,Santa Clara,085,1922200,143343,142124,1167,143291,1872
2021-10-06,Santa Cruz,087,273765,19858,19604,972,20576,217
2021-10-06,Shasta,089,179085,19769,19325,3272,22597,287
2021-10-06,Sierra,091,2930,156,138,15,153,0
2021-10-06,Siskiyou,093,43540,3219,3116,1172,4288,42
2021-10-06,Solano,095,438530,44998,44185,1174,45359,328
2021-10-06,Sonoma,097,501317,40101,39787,495,40282,383
2021-10-06,Stanislaus,099,539301,74886,74699,8364,83063,1114
2021-10-06,Sutter,101,95872,13368,13284,283,13567,164
2021-10-06,Tehama,103,63373,7817,7629,1298,8927,99
2021-10-06,Trinity,105,12862,800,656,199,855,11
2021-10-06,Tulare,107,460477,64730,63198,13457,76655,926
2021-10-06,Tuolumne,109,53932,6586,6486,81,6567,89
2021-10-06,Ventura,111,848112,96214,95449,4161,99610,1158
2021-10-06,Yolo,113,214977,19090,18815,890,19705,247
2021-10-06,Yuba,115,75493,9649,9520,228,9748,69
2021-10-05,Alameda,001,1643700,116407,115968,2619,118587,1350
2021-10-05,Alpine,002,1148,99,102,0,102,0
2021-10-05,Amador,005,37829,5274,5194,54,5248,61
2021-10-05,Butte,007,227075,19587,19137,3626,22763,246
2021-10-05,Calaveras,009,45235,3719,3657,43,3700,73
2021-10-05,Colusa,011,21464,2440,2414,563,2977,18
2021-10-05,Contra Costa,013,1133247,96836,96108,2012,98120,941
2021-10-05,Del Norte,015,27424,3575,3485,43,3528,39
2021-10-05,El Dorado,017,186661,15341,15052,1599,16651,140
2021-10-05,Fresno,019,978130,132021,129957,11822,141779,1987
2021-10-05,Glenn,021,27897,3324,3270,956,4226,26
2021-10-05,Humboldt,023,135768,8547,8398,444,8842,94
2021-10-05,Imperial,025,180216,32200,31909,2996,34905,759
2021-10-05,Inyo,027,18085,1859,1800,36,1836,39
2021-10-05,Kern,029,883053,121056,119260,19493,138753,1540
2021-10-05,Kings,031,150075,30305,29749,1733,31482,301
2021-10-05,Lake,033,64148,6377,6264,122,6386,97
2021-10-05,Lassen,035,31185,6537,6417,302,6719,25
2021-10-05,Los Angeles,037,10098052,1413628,1400300,51492,1451792,26223
2021-10-05,Madera,039,155013,21609,21183,1802,22985,269
2021-10-05,Marin,041,260295,17166,17024,416,17440,242
2021-10-05,Mariposa,043,17540,1073,1033,33,1066,5
2021-10-05,Mendocino,045,87422,7095,6972,408,7380,79
2021-10-05,Merced,047,269075,39916,39608,1606,41214,562
2021-10-05,Modoc,049,8938,486,475,170,645,5
2021-10-05,Mono,051,14174,1603,1565,20,1585,3
2021-10-05,Monterey,053,433212,47971,47087,2657,49744,573
2021-10-05,Napa,055,140530,12608,12533,95,12628,96
2021-10-05,Nevada,057,99092,8671,8576,299,8875,90
2021-10-05,Orange,059,3164182,301109,298589,14276,312865,5441
2021-10-05,Placer,061,380077,35281,34728,3369,38097,382
2021-10-05,Plumas,063,18699,1466,1357,25,1382,6
2021-10-05,Riverside,065,2383286,353717,349365,15907,365272,4942
2021-10-05,Sacramento,067,1510023,152246,151111,4057,155168,2126
2021-10-05,San Benito,069,59416,7123,7103,148,7251,69
2021-10-05,San Bernardino,071,2135413,345194,342711,10728,353439,5557
2021-10-05,San Diego,073,3302833,361377,359194,21255,380449,4092
2021-10-05,San Francisco,075,870044,51471,50826,2169,52995,641
2021-10-05,San Joaquin,077,732212,96342,95276,5104,100380,1651
2021-10-05,San Luis Obispo,079,281455,28560,28113,1152,29265,324
2021-10-05,San Mateo,081,765935,52875,52008,797,52805,569
2021-10-05,Santa Barbara,083,443738,43063,42595,1480,44075,511
2021-10-05,Santa Clara,085,1922200,143181,141971,1160,143131,1873
2021-10-05,Santa Cruz,087,273765,19816,19582,972,20554,216
2021-10-05,Shasta,089,179085,19695,19285,3259,22544,286
2021-10-05,Sierra,091,2930,152,136,15,151,0
2021-10-05,Siskiyou,093,43540,3205,3107,1172,4279,42
2021-10-05,Solano,095,438530,44926,44149,1173,45322,325
2021-10-05,Sonoma,097,501317,40046,39756,490,40246,383
2021-10-05,Stanislaus,099,539301,74724,74599,8347,82946,1114
2021-10-05,Sutter,101,95872,13340,13270,282,13552,164
2021-10-05,Tehama,103,63373,7789,7607,1289,8896,98
2021-10-05,Trinity,105,12862,797,655,199,854,11
2021-10-05,Tulare,107,460477,64522,63093,13404,76497,920
2021-10-05,Tuolumne,109,53932,6570,6473,80,6553,89
2021-10-05,Ventura,111,848112,96108,95351,4160,99511,1155
2021-10-05,Yolo,113,214977,19054,18782,884,19666,245
2021-10-05,Yuba,115,75493,9617,9504,225,9729,69
2021-10-04,Alameda,001,1643700,116246,115845,2616,118461,1347
2021-10-04,Alpine,002,1148,99,102,0,102,0
2021-10-04,Amador,005,37829,5264,5163,53,5216,61
2021-10-04,Butte,007,227075,19510,19081,3615,22696,245
2021-10-04,Calaveras,009,45235,3710,3641,43,3684,73
2021-10-04,Colusa,011,21464,2439,2414,561,2975,18
2021-10-04,Contra Costa,013,1133247,96694,95958,2007,97965,937
2021-10-04,Del Norte,015,27424,3573,3485,39,3524,39
2021-10-04,El Dorado,017,186661,15295,15031,1592,16623,138
2021-10-04,Fresno,019,978130,131712,129665,11793,141458,1978
2021-10-04,Glenn,021,27897,3317,3270,953,4223,26
2021-10-04,Humboldt,023,135768,8515,8355,437,8792,94
2021-10-04,Imperial,025,180216,32151,31866,2989,34855,757
2021-10-04,Inyo,027,18085,1847,1792,34,1826,39
2021-10-04,Kern,029,883053,120765,118984,19373,138357,1531
2021-10-04,Kings,031,150075,30211,29702,1730,31432,303
2021-10-04,Lake,033,64148,6364,6248,122,6370,97
2021-10-04,Lassen,035,31185,6520,6405,302,6707,25
2021-10-04,Los Angeles,037,10098052,1412507,1399604,51437,1451041,26186
2021-10-04,Madera,039,155013,21545,21126,1790,22916,266
2021-10-04,Marin,041,260295,17150,17008,415,17423,242
2021-10-04,Mariposa,043,17540,1061,1024,33,1057,5
2021-10-04,Mendocino,045,87422,7077,6947,405,7352,79
2021-10-04,Merced,047,269075,39799,39565,1590,41155,558
2021-10-04,Modoc,049,8938,483,473,170,643,5
2021-10-04,Mono,051,14174,1595,1561,20,1581,3
2021-10-04,Monterey,053,433212,47950,47058,2650,49708,571
2021-10-04,Napa,055,140530,12585,12506,95,12601,96
2021-10-04,Nevada,057,99092,8651,8563,299,8862,90
2021-10-04,Orange,059,3164182,300814,298165,14244,312409,5438
2021-10-04,Placer,061,380077,35199,34630,3341,37971,379
2021-10-04,Plumas,063,18699,1444,1329,25,1354,6
2021-10-04,Riverside,065,2383286,353337,348828,15897,364725,4923
2021-10-04,Sacramento,067,1510023,151922,150887,4030,154917,2115
2021-10-04,San Benito,069,59416,7110,7099,148,7247,69
2021-10-04,San Bernardino,071,2135413,344833,342418,10717,353135,5551
2021-10-04,San Diego,073,3302833,360811,358525,21224,379749,4090
2021-10-04,San Francisco,075,870044,51376,50798,2165,52963,638
2021-10-04,San Joaquin,077,732212,96145,95198,5084,100282,1649
2021-10-04,San Luis Obispo,079,281455,28515,28090,1146,29236,323
2021-10-04,San Mateo,081,765935,52815,51958,796,52754,569
2021-10-04,Santa Barbara,083,443738,42978,42585,1479,44064,511
2021-10-04,Santa Clara,085,1922200,143034,141840,1154,142994,1869
2021-10-04,Santa Cruz,087,273765,19787,19559,971,20530,216
2021-10-04,Shasta,089,179085,19588,19170,3245,22415,279
2021-10-04,Sierra,091,2930,145,136,14,150,0
2021-10-04,Siskiyou,093,43540,3196,3103,1157,4260,42
2021-10-04,Solano,095,438530,44867,44092,1169,45261,322
2021-10-04,Sonoma,097,501317,39980,39720,490,40210,381
2021-10-04,Stanislaus,099,539301,74573,74444,8328,82772,1106
2021-10-04,Sutter,101,95872,13311,13261,281,13542,164
2021-10-04,Tehama,103,63373,7748,7585,1283,8868,95
2021-10-04,Trinity,105,12862,796,649,198,847,11
2021-10-04,Tulare,107,460477,64337,62957,13336,76293,920
2021-10-04,Tuolumne,109,53932,6544,6442,80,6522,89
2021-10-04,Ventura,111,848112,96017,95170,4154,99324,1153
2021-10-04,Yolo,113,214977,19010,18761,880,19641,242
2021-10-04,Yuba,115,75493,9578,9481,223,9704,68
2021-10-03,Alameda,001,1643700,116103,115751,2606,118357,1349
2021-10-03,Alpine,002,1148,99,102,0,102,0
2021-10-03,Amador,005,37829,5246,5160,51,5211,61
2021-10-03,Butte,007,227075,19437,19066,3596,22662,245
2021-10-03,Calaveras,009,45235,3693,3632,43,3675,73
2021-10-03,Colusa,011,21464,2437,2413,558,2971,18
2021-10-03,Contra Costa,013,1133247,96561,95890,2000,97890,937
2021-10-03,Del Norte,015,27424,3567,3483,38,3521,39
2021-10-03,El Dorado,017,186661,15236,15014,1585,16599,139
2021-10-03,Fresno,019,978130,131331,129365,11753,141118,1978
2021-10-03,Glenn,021,27897,3310,3266,945,4211,26
2021-10-03,Humboldt,023,135768,8469,8352,433,8785,94
2021-10-03,Imperial,025,180216,32084,31844,2981,34825,757
2021-10-03,Inyo,027,18085,1826,1788,34,1822,39
2021-10-03,Kern,029,883053,120460,118851,19251,138102,1535
2021-10-03,Kings,031,150075,30113,29623,1723,31346,300
2021-10-03,Lake,033,64148,6338,6239,122,6361,97
2021-10-03,Lassen,035,31185,6498,6400,300,6700,25
2021-10-03,Los Angeles,037,10098052,1411246,1398790,51384,1450174,26179
2021-10-03,Madera,039,155013,21473,21066,1780,22846,266
2021-10-03,Marin,041,260295,17127,16995,410,17405,242
2021-10-03,Mariposa,043,17540,1054,1011,33,1044,5
2021-10-03,Mendocino,045,87422,7057,6939,397,7336,79
2021-10-03,Merced,047,269075,39692,39516,1570,41086,558
2021-10-03,Modoc,049,8938,482,472,169,641,5
2021-10-03,Mono,051,14174,1591,1554,20,1574,3
2021-10-03,Monterey,053,433212,47925,47049,2639,49688,571
2021-10-03,Napa,055,140530,12556,12489,93,12582,96
2021-10-03,Nevada,057,99092,8617,8545,299,8844,90
2021-10-03,Orange,059,3164182,300532,298027,14224,312251,5447
2021-10-03,Placer,061,380077,35059,34596,3325,37921,379
2021-10-03,Plumas,063,18699,1416,1328,25,1353,6
2021-10-03,Riverside,065,2383286,352907,348593,15877,364470,4924
2021-10-03,Sacramento,067,1510023,151633,150664,4001,154665,2120
2021-10-03,San Benito,069,59416,7101,7095,148,7243,69
2021-10-03,San Bernardino,071,2135413,344415,342302,10710,353012,5555
2021-10-03,San Diego,073,3302833,360231,358153,21191,379344,4081
2021-10-03,San Francisco,075,870044,51291,50733,2162,52895,638
2021-10-03,San Joaquin,077,732212,95957,95133,5076,100209,1649
2021-10-03,San Luis Obispo,079,281455,28449,28065,1141,29206,325
2021-10-03,San Mateo,081,765935,52748,51923,795,52718,569
2021-10-03,Santa Barbara,083,443738,42882,42550,1471,44021,511
2021-10-03,Santa Clara,085,1922200,142863,141737,1147,142884,1869
2021-10-03,Santa Cruz,087,273765,19747,19548,969,20517,216
2021-10-03,Shasta,089,179085,19483,19132,3217,22349,279
2021-10-03,Sierra,091,2930,142,136,14,150,0
2021-10-03,Siskiyou,093,43540,3183,3096,1147,4243,42
2021-10-03,Solano,095,438530,44805,44051,1166,45217,322
2021-10-03,Sonoma,097,501317,39914,39679,490,40169,381
2021-10-03,Stanislaus,099,539301,74385,74366,8310,82676,1106
2021-10-03,Sutter,101,95872,13296,13248,277,13525,164
2021-10-03,Tehama,103,63373,7706,7564,1278,8842,94
2021-10-03,Trinity,105,12862,792,647,196,843,11
2021-10-03,Tulare,107,460477,64132,62860,13264,76124,924
2021-10-03,Tuolumne,109,53932,6515,6430,78,6508,89
2021-10-03,Ventura,111,848112,95911,95108,4151,99259,1153
2021-10-03,Yolo,113,214977,18980,18720,874,19594,242
2021-10-03,Yuba,115,75493,9561,9462,222,9684,68
2021-10-02,Alameda,001,1643700,115995,115185,2601,117786,1343
2021-10-02,Alpine,002,1148,99,102,0,102,0
2021-10-02,Amador,005,37829,5237,5105,51,5156,61
2021-10-02,Butte,007,227075,19407,18911,3588,22499,243
2021-10-02,Calaveras,009,45235,3686,3585,43,3628,72
2021-10-02,Colusa,011,21464,2436,2403,556,2959,18
2021-10-02,Contra Costa,013,1133247,96490,95369,1996,97365,933
2021-10-02,Del Norte,015,27424,3562,3468,38,3506,39
2021-10-02,El Dorado,017,186661,15210,14887,1584,16471,136
2021-10-02,Fresno,019,978130,131161,128450,11740,140190,1964
2021-10-02,Glenn,021,27897,3305,3234,945,4179,26
2021-10-02,Humboldt,023,135768,8451,8244,433,8677,94
2021-10-02,Imperial,025,180216,32049,31674,2978,34652,757
2021-10-02,Inyo,027,18085,1817,1746,34,1780,39
2021-10-02,Kern,029,883053,120327,117962,19170,137132,1524
2021-10-02,Kings,031,150075,30064,29339,1719,31058,301
2021-10-02,Lake,033,64148,6329,6191,122,6313,97
2021-10-02,Lassen,035,31185,6493,6360,300,6660,25
2021-10-02,Los Angeles,037,10098052,1410634,1395070,51348,1446418,26126
2021-10-02,Madera,039,155013,21448,20931,1771,22702,266
2021-10-02,Marin,041,260295,17122,16936,407,17343,242
2021-10-02,Mariposa,043,17540,1052,967,33,1000,5
2021-10-02,Mendocino,045,87422,7047,6869,397,7266,78
2021-10-02,Merced,047,269075,39665,39196,1566,40762,552
2021-10-02,Modoc,049,8938,480,468,169,637,5
2021-10-02,Mono,051,14174,1589,1540,20,1560,3
2021-10-02,Monterey,053,433212,47870,46964,2638,49602,571
2021-10-02,Napa,055,140530,12545,12433,93,12526,96
2021-10-02,Nevada,057,99092,8606,8474,298,8772,87
2021-10-02,Orange,059,3164182,300365,297307,14204,311511,5435
2021-10-02,Placer,061,380077,34992,34377,3316,37693,381
2021-10-02,Plumas,063,18699,1405,1298,25,1323,6
2021-10-02,Riverside,065,2383286,352666,347227,15866,363093,4895
2021-10-02,Sacramento,067,1510023,151460,149897,3993,153890,2099
2021-10-02,San Benito,069,59416,7094,7055,148,7203,69
2021-10-02,San Bernardino,071,2135413,344228,341212,10658,351870,5540
2021-10-02,San Diego,073,3302833,359914,356454,21169,377623,4078
2021-10-02,San Francisco,075,870044,51242,50393,2157,52550,634
2021-10-02,San Joaquin,077,732212,95893,94599,5070,99669,1646
2021-10-02,San Luis Obispo,079,281455,28425,27915,1141,29056,323
2021-10-02,San Mateo,081,765935,52707,51767,791,52558,573
2021-10-02,Santa Barbara,083,443738,42842,42423,1471,43894,508
2021-10-02,Santa Clara,085,1922200,142749,141231,1143,142374,1862
2021-10-02,Santa Cruz,087,273765,19730,19461,968,20429,214
2021-10-02,Shasta,089,179085,19437,18912,3211,22123,270
2021-10-02,Sierra,091,2930,141,131,14,145,0
2021-10-02,Siskiyou,093,43540,3182,3053,1144,4197,42
2021-10-02,Solano,095,438530,44760,43800,1165,44965,321
2021-10-02,Sonoma,097,501317,39880,39497,489,39986,382
2021-10-02,Stanislaus,099,539301,74299,73859,8297,82156,1099
2021-10-02,Sutter,101,95872,13287,13160,276,13436,160
2021-10-02,Tehama,103,63373,7691,7453,1278,8731,93
2021-10-02,Trinity,105,12862,789,625,196,821,10
2021-10-02,Tulare,107,460477,64055,62247,13238,75485,908
2021-10-02,Tuolumne,109,53932,6501,6369,78,6447,89
2021-10-02,Ventura,111,848112,95839,94854,4146,99000,1148
2021-10-02,Yolo,113,214977,18953,18640,872,19512,242
2021-10-02,Yuba,115,75493,9542,9370,221,9591,66
2021-10-01,Alameda,001,1643700,115918,115185,2595,117780,1343
2021-10-01,Alpine,002,1148,99,102,0,102,0
2021-10-01,Amador,005,37829,5217,5105,51,5156,61
2021-10-01,Butte,007,227075,19367,18911,3581,22492,243
2021-10-01,Calaveras,009,45235,3676,3585,43,3628,72
2021-10-01,Colusa,011,21464,2434,2403,556,2959,18
2021-10-01,Contra Costa,013,1133247,96394,95369,1992,97361,933
2021-10-01,Del Norte,015,27424,3559,3468,37,3505,39
2021-10-01,El Dorado,017,186661,15193,14887,1580,16467,136
2021-10-01,Fresno,019,978130,130972,128450,11730,140180,1964
2021-10-01,Glenn,021,27897,3303,3234,944,4178,26
2021-10-01,Humboldt,023,135768,8434,8244,433,8677,94
2021-10-01,Imperial,025,180216,32030,31674,2969,34643,757
2021-10-01,Inyo,027,18085,1808,1746,34,1780,39
2021-10-01,Kern,029,883053,120174,117962,19114,137076,1524
2021-10-01,Kings,031,150075,30030,29339,1714,31053,301
2021-10-01,Lake,033,64148,6319,6191,122,6313,97
2021-10-01,Lassen,035,31185,6482,6360,299,6659,25
2021-10-01,Los Angeles,037,10098052,1409869,1395070,51305,1446375,26126
2021-10-01,Madera,039,155013,21398,20931,1762,22693,266
2021-10-01,Marin,041,260295,17107,16936,406,17342,242
2021-10-01,Mariposa,043,17540,1045,967,33,1000,5
2021-10-01,Mendocino,045,87422,7035,6869,397,7266,78
2021-10-01,Merced,047,269075,39621,39196,1558,40754,552
2021-10-01,Modoc,049,8938,479,468,169,637,5
2021-10-01,Mono,051,14174,1586,1540,20,1560,3
2021-10-01,Monterey,053,433212,47849,46964,2635,49599,571
2021-10-01,Napa,055,140530,12535,12433,92,12525,96
2021-10-01,Nevada,057,99092,8592,8474,297,8771,87
2021-10-01,Orange,059,3164182,300180,297307,14183,311490,5435
2021-10-01,Placer,061,380077,34958,34377,3312,37689,381
2021-10-01,Plumas,063,18699,1396,1298,25,1323,6
2021-10-01,Riverside,065,2383286,352376,347227,15859,363086,4895
2021-10-01,Sacramento,067,1510023,151307,149897,3983,153880,2099
2021-10-01,San Benito,069,59416,7092,7055,146,7201,69
2021-10-01,San Bernardino,071,2135413,344028,341212,10655,351867,5540
2021-10-01,San Diego,073,3302833,359554,356454,21147,377601,4078
2021-10-01,San Francisco,075,870044,51201,50393,2156,52549,634
2021-10-01,San Joaquin,077,732212,95822,94599,5066,99665,1646
2021-10-01,San Luis Obispo,079,281455,28401,27915,1138,29053,323
2021-10-01,San Mateo,081,765935,52667,51767,788,52555,573
2021-10-01,Santa Barbara,083,443738,42806,42423,1471,43894,508
2021-10-01,Santa Clara,085,1922200,142656,141231,1138,142369,1862
2021-10-01,Santa Cruz,087,273765,19710,19461,967,20428,214
2021-10-01,Shasta,089,179085,19383,18912,3204,22116,270
2021-10-01,Sierra,091,2930,141,131,14,145,0
2021-10-01,Siskiyou,093,43540,3181,3053,1141,4194,42
2021-10-01,Solano,095,438530,44707,43800,1159,44959,321
2021-10-01,Sonoma,097,501317,39848,39497,488,39985,382
2021-10-01,Stanislaus,099,539301,74215,73859,8286,82145,1099
2021-10-01,Sutter,101,95872,13271,13160,274,13434,160
2021-10-01,Tehama,103,63373,7679,7453,1276,8729,93
2021-10-01,Trinity,105,12862,787,625,196,821,10
2021-10-01,Tulare,107,460477,63951,62247,13203,75450,908
2021-10-01,Tuolumne,109,53932,6484,6369,78,6447,89
2021-10-01,Ventura,111,848112,95773,94854,4141,98995,1148
2021-10-01,Yolo,113,214977,18930,18640,870,19510,242
2021-10-01,Yuba,115,75493,9520,9370,221,9591,66
2021-09-30,Alameda,001,1643700,115773,115185,2591,117776,1343
2021-09-30,Alpine,002,1148,99,102,0,102,0
2021-09-30,Amador,005,37829,5205,5105,51,5156,61
2021-09-30,Butte,007,227075,19318,18911,3572,22483,243
2021-09-30,Calaveras,009,45235,3662,3585,43,3628,72
2021-09-30,Colusa,011,21464,2431,2403,555,2958,18
2021-09-30,Contra Costa,013,1133247,96289,95369,1987,97356,933
2021-09-30,Del Norte,015,27424,3555,3468,34,3502,39
2021-09-30,El Dorado,017,186661,15167,14887,1572,16459,136
2021-09-30,Fresno,019,978130,130694,128450,11696,140146,1964
2021-09-30,Glenn,021,27897,3293,3234,941,4175,26
2021-09-30,Humboldt,023,135768,8402,8244,427,8671,94
2021-09-30,Imperial,025,180216,31978,31674,2967,34641,757
2021-09-30,Inyo,027,18085,1798,1746,34,1780,39
2021-09-30,Kern,029,883053,119930,117962,19032,136994,1524
2021-09-30,Kings,031,150075,29940,29339,1710,31049,301
2021-09-30,Lake,033,64148,6301,6191,122,6313,97
2021-09-30,Lassen,035,31185,6468,6360,299,6659,25
2021-09-30,Los Angeles,037,10098052,1408660,1395070,51246,1446316,26126
2021-09-30,Madera,039,155013,21315,20931,1747,22678,266
2021-09-30,Marin,041,260295,17087,16936,405,17341,242
2021-09-30,Mariposa,043,17540,1023,967,33,1000,5
2021-09-30,Mendocino,045,87422,7026,6869,388,7257,78
2021-09-30,Merced,047,269075,39525,39196,1553,40749,552
2021-09-30,Modoc,049,8938,479,468,168,636,5
2021-09-30,Mono,051,14174,1578,1540,20,1560,3
2021-09-30,Monterey,053,433212,47819,46964,2624,49588,571
2021-09-30,Napa,055,140530,12515,12433,92,12525,96
2021-09-30,Nevada,057,99092,8575,8474,296,8770,87
2021-09-30,Orange,059,3164182,299908,297307,14145,311452,5435
2021-09-30,Placer,061,380077,34903,34377,3292,37669,381
2021-09-30,Plumas,063,18699,1378,1298,25,1323,6
2021-09-30,Riverside,065,2383286,351943,347227,15838,363065,4895
2021-09-30,Sacramento,067,1510023,151046,149897,3957,153854,2099
2021-09-30,San Benito,069,59416,7086,7055,146,7201,69
2021-09-30,San Bernardino,071,2135413,343715,341212,10641,351853,5540
2021-09-30,San Diego,073,3302833,359073,356454,21121,377575,4078
2021-09-30,San Francisco,075,870044,51124,50393,2152,52545,634
2021-09-30,San Joaquin,077,732212,95690,94599,5058,99657,1646
2021-09-30,San Luis Obispo,079,281455,28353,27915,1134,29049,323
2021-09-30,San Mateo,081,765935,52618,51767,785,52552,573
2021-09-30,Santa Barbara,083,443738,42749,42423,1470,43893,508
2021-09-30,Santa Clara,085,1922200,142507,141231,1135,142366,1862
2021-09-30,Santa Cruz,087,273765,19670,19461,966,20427,214
2021-09-30,Shasta,089,179085,19321,18912,3189,22101,270
2021-09-30,Sierra,091,2930,140,131,14,145,0
2021-09-30,Siskiyou,093,43540,3173,3053,1136,4189,42
2021-09-30,Solano,095,438530,44653,43800,1156,44956,321
2021-09-30,Sonoma,097,501317,39798,39497,488,39985,382
2021-09-30,Stanislaus,099,539301,74055,73859,8267,82126,1099
2021-09-30,Sutter,101,95872,13250,13160,274,13434,160
2021-09-30,Tehama,103,63373,7641,7453,1264,8717,93
2021-09-30,Trinity,105,12862,783,625,196,821,10
2021-09-30,Tulare,107,460477,63776,62247,13146,75393,908
2021-09-30,Tuolumne,109,53932,6461,6369,78,6447,89
2021-09-30,Ventura,111,848112,95668,94854,4134,98988,1148
2021-09-30,Yolo,113,214977,18890,18640,867,19507,242
2021-09-30,Yuba,115,75493,9497,9370,220,9590,66
2021-09-29,Alameda,001,1643700,115627,114998,2588,117586,1339
2021-09-29,Alpine,002,1148,99,101,0,101,0
2021-09-29,Amador,005,37829,5183,5058,51,5109,61
2021-09-29,Butte,007,227075,19264,18835,3565,22400,242
2021-09-29,Calaveras,009,45235,3645,3553,42,3595,72
2021-09-29,Colusa,011,21464,2429,2401,555,2956,18
2021-09-29,Contra Costa,013,1133247,96174,95213,1979,97192,929
2021-09-29,Del Norte,015,27424,3549,3467,34,3501,39
2021-09-29,El Dorado,017,186661,15133,14834,1565,16399,136
2021-09-29,Fresno,019,978130,130393,128068,11673,139741,1957
2021-09-29,Glenn,021,27897,3288,3213,939,4152,26
2021-09-29,Humboldt,023,135768,8379,8203,426,8629,94
2021-09-29,Imperial,025,180216,31913,31600,2962,34562,757
2021-09-29,Inyo,027,18085,1788,1740,33,1773,39
2021-09-29,Kern,029,883053,119695,117605,18956,136561,1513
2021-09-29,Kings,031,150075,29858,29195,1695,30890,299
2021-09-29,Lake,033,64148,6281,6164,122,6286,97
2021-09-29,Lassen,035,31185,6454,6347,299,6646,25
2021-09-29,Los Angeles,037,10098052,1407438,1393617,51177,1444794,26098
2021-09-29,Madera,039,155013,21270,20818,1731,22549,266
2021-09-29,Marin,041,260295,17069,16921,403,17324,242
2021-09-29,Mariposa,043,17540,1008,963,33,996,5
2021-09-29,Mendocino,045,87422,7014,6821,380,7201,78
2021-09-29,Merced,047,269075,39432,39026,1542,40568,552
2021-09-29,Modoc,049,8938,477,468,168,636,5
2021-09-29,Mono,051,14174,1576,1527,20,1547,3
2021-09-29,Monterey,053,433212,47781,46917,2610,49527,571
2021-09-29,Napa,055,140530,12495,12416,89,12505,96
2021-09-29,Nevada,057,99092,8562,8434,296,8730,87
2021-09-29,Orange,059,3164182,299638,296936,14107,311043,5429
2021-09-29,Placer,061,380077,34839,34271,3270,37541,379
2021-09-29,Plumas,063,18699,1359,1289,25,1314,6
2021-09-29,Riverside,065,2383286,351505,346558,15825,362383,4886
2021-09-29,Sacramento,067,1510023,150795,149686,3947,153633,2099
2021-09-29,San Benito,069,59416,7075,7039,146,7185,69
2021-09-29,San Bernardino,071,2135413,343395,340672,10626,351298,5539
2021-09-29,San Diego,073,3302833,358586,355899,21091,376990,4066
2021-09-29,San Francisco,075,870044,51039,50286,2148,52434,629
2021-09-29,San Joaquin,077,732212,95532,94356,5036,99392,1645
2021-09-29,San Luis Obispo,079,281455,28307,27800,1128,28928,323
2021-09-29,San Mateo,081,765935,52558,51673,783,52456,573
2021-09-29,Santa Barbara,083,443738,42677,42328,1467,43795,507
2021-09-29,Santa Clara,085,1922200,142371,141036,1130,142166,1861
2021-09-29,Santa Cruz,087,273765,19652,19425,965,20390,214
2021-09-29,Shasta,089,179085,19255,18805,3178,21983,271
2021-09-29,Sierra,091,2930,136,130,14,144,0
2021-09-29,Siskiyou,093,43540,3160,3043,1129,4172,42
2021-09-29,Solano,095,438530,44597,43724,1149,44873,321
2021-09-29,Sonoma,097,501317,39737,39426,486,39912,370
2021-09-29,Stanislaus,099,539301,73924,73634,8256,81890,1096
2021-09-29,Sutter,101,95872,13223,13135,271,13406,155
2021-09-29,Tehama,103,63373,7611,7409,1250,8659,88
2021-09-29,Trinity,105,12862,779,616,196,812,10
2021-09-29,Tulare,107,460477,63599,62046,13087,75133,908
2021-09-29,Tuolumne,109,53932,6444,6336,78,6414,89
2021-09-29,Ventura,111,848112,95578,94753,4130,98883,1144
2021-09-29,Yolo,113,214977,18856,18587,863,19450,239
2021-09-29,Yuba,115,75493,9466,9351,216,9567,66
2021-09-28,Alameda,001,1643700,115469,114869,2582,117451,1333
2021-09-28,Alpine,002,1148,99,101,0,101,0
2021-09-28,Amador,005,37829,5161,5049,51,5100,61
2021-09-28,Butte,007,227075,19215,18764,3549,22313,241
2021-09-28,Calaveras,009,45235,3625,3530,42,3572,72
2021-09-28,Colusa,011,21464,2426,2399,553,2952,18
2021-09-28,Contra Costa,013,1133247,96033,95115,1974,97089,929
2021-09-28,Del Norte,015,27424,3546,3462,34,3496,39
2021-09-28,El Dorado,017,186661,15087,14793,1561,16354,133
2021-09-28,Fresno,019,978130,130047,127877,11638,139515,1948
2021-09-28,Glenn,021,27897,3283,3205,938,4143,26
2021-09-28,Humboldt,023,135768,8339,8159,423,8582,91
2021-09-28,Imperial,025,180216,31868,31543,2958,34501,757
2021-09-28,Inyo,027,18085,1774,1708,32,1740,39
2021-09-28,Kern,029,883053,119426,117420,18861,136281,1506
2021-09-28,Kings,031,150075,29756,29141,1687,30828,295
2021-09-28,Lake,033,64148,6266,6155,122,6277,95
2021-09-28,Lassen,035,31185,6448,6340,295,6635,25
2021-09-28,Los Angeles,037,10098052,1406149,1392445,51111,1443556,26068
2021-09-28,Madera,039,155013,21216,20764,1716,22480,266
2021-09-28,Marin,041,260295,17050,16887,401,17288,242
2021-09-28,Mariposa,043,17540,1003,952,33,985,5
2021-09-28,Mendocino,045,87422,6992,6804,378,7182,78
2021-09-28,Merced,047,269075,39345,38953,1529,40482,551
2021-09-28,Modoc,049,8938,476,467,168,635,5
2021-09-28,Mono,051,14174,1566,1527,20,1547,3
2021-09-28,Monterey,053,433212,47744,46859,2601,49460,571
2021-09-28,Napa,055,140530,12478,12388,88,12476,96
2021-09-28,Nevada,057,99092,8539,8409,295,8704,84
2021-09-28,Orange,059,3164182,299383,296596,14077,310673,5421
2021-09-28,Placer,061,380077,34774,34187,3252,37439,370
2021-09-28,Plumas,063,18699,1350,1276,25,1301,6
2021-09-28,Riverside,065,2383286,351046,346096,15804,361900,4874
2021-09-28,Sacramento,067,1510023,150504,149310,3925,153235,2086
2021-09-28,San Benito,069,59416,7058,7028,145,7173,69
2021-09-28,San Bernardino,071,2135413,343048,340342,10608,350950,5540
2021-09-28,San Diego,073,3302833,358038,355373,21059,376432,4054
2021-09-28,San Francisco,075,870044,50937,50234,2147,52381,627
2021-09-28,San Joaquin,077,732212,95380,94194,5023,99217,1639
2021-09-28,San Luis Obispo,079,281455,28273,27755,1123,28878,321
2021-09-28,San Mateo,081,765935,52513,51620,783,52403,571
2021-09-28,Santa Barbara,083,443738,42604,42226,1466,43692,506
2021-09-28,Santa Clara,085,1922200,142210,140886,1121,142007,1858
2021-09-28,Santa Cruz,087,273765,19611,19324,964,20288,214
2021-09-28,Shasta,089,179085,19194,18701,3164,21865,267
2021-09-28,Sierra,091,2930,135,130,13,143,0
2021-09-28,Siskiyou,093,43540,3148,3032,1126,4158,42
2021-09-28,Solano,095,438530,44524,43652,1146,44798,316
2021-09-28,Sonoma,097,501317,39690,39395,485,39880,370
2021-09-28,Stanislaus,099,539301,73753,73528,8244,81772,1094
2021-09-28,Sutter,101,95872,13204,13102,267,13369,155
2021-09-28,Tehama,103,63373,7593,7382,1235,8617,88
2021-09-28,Trinity,105,12862,776,613,196,809,10
2021-09-28,Tulare,107,460477,63437,61916,13029,74945,905
2021-09-28,Tuolumne,109,53932,6417,6308,78,6386,89
2021-09-28,Ventura,111,848112,95451,94632,4127,98759,1143
2021-09-28,Yolo,113,214977,18830,18564,859,19423,239
2021-09-28,Yuba,115,75493,9447,9323,215,9538,66
2021-09-27,Alameda,001,1643700,115275,114731,2573,117304,1327
2021-09-27,Alpine,002,1148,99,101,0,101,0
2021-09-27,Amador,005,37829,5147,5017,51,5068,59
2021-09-27,Butte,007,227075,19155,18687,3531,22218,239
2021-09-27,Calaveras,009,45235,3605,3514,41,3555,70
2021-09-27,Colusa,011,21464,2425,2393,552,2945,18
2021-09-27,Contra Costa,013,1133247,95901,94979,1965,96944,924
2021-09-27,Del Norte,015,27424,3544,3468,32,3500,37
2021-09-27,El Dorado,017,186661,15048,14764,1554,16318,132
2021-09-27,Fresno,019,978130,129725,127475,11604,139079,1942
2021-09-27,Glenn,021,27897,3270,3189,934,4123,26
2021-09-27,Humboldt,023,135768,8299,8118,423,8541,91
2021-09-27,Imperial,025,180216,31805,31491,2951,34442,756
2021-09-27,Inyo,027,18085,1762,1698,32,1730,39
2021-09-27,Kern,029,883053,119151,117064,18766,135830,1503
2021-09-27,Kings,031,150075,29657,28998,1675,30673,297
2021-09-27,Lake,033,64148,6246,6126,121,6247,95
2021-09-27,Lassen,035,31185,6433,6327,291,6618,25
2021-09-27,Los Angeles,037,10098052,1404812,1391538,51043,1442581,26040
2021-09-27,Madera,039,155013,21151,20691,1708,22399,262
2021-09-27,Marin,041,260295,17029,16861,400,17261,242
2021-09-27,Mariposa,043,17540,993,931,33,964,5
2021-09-27,Mendocino,045,87422,6966,6761,371,7132,74
2021-09-27,Merced,047,269075,39245,38840,1523,40363,548
2021-09-27,Modoc,049,8938,475,465,166,631,5
2021-09-27,Mono,051,14174,1554,1525,20,1545,3
2021-09-27,Monterey,053,433212,47701,46811,2590,49401,571
2021-09-27,Napa,055,140530,12454,12354,87,12441,95
2021-09-27,Nevada,057,99092,8516,8379,292,8671,84
2021-09-27,Orange,059,3164182,299076,296334,14039,310373,5409
2021-09-27,Placer,061,380077,34687,34087,3247,37334,370
2021-09-27,Plumas,063,18699,1340,1269,25,1294,6
2021-09-27,Riverside,065,2383286,350603,345529,15794,361323,4864
2021-09-27,Sacramento,067,1510023,150188,149096,3902,152998,2076
2021-09-27,San Benito,069,59416,7041,7017,145,7162,67
2021-09-27,San Bernardino,071,2135413,342633,339952,10584,350536,5544
2021-09-27,San Diego,073,3302833,357386,354755,21034,375789,4054
2021-09-27,San Francisco,075,870044,50853,50157,2144,52301,622
2021-09-27,San Joaquin,077,732212,95195,94085,5020,99105,1633
2021-09-27,San Luis Obispo,079,281455,28218,27674,1120,28794,320
2021-09-27,San Mateo,081,765935,52437,51552,783,52335,571
2021-09-27,Santa Barbara,083,443738,42537,42012,1462,43474,505
2021-09-27,Santa Clara,085,1922200,142029,140802,1111,141913,1853
2021-09-27,Santa Cruz,087,273765,19587,19292,963,20255,214
2021-09-27,Shasta,089,179085,19113,18599,3137,21736,267
2021-09-27,Sierra,091,2930,135,128,13,141,0
2021-09-27,Siskiyou,093,43540,3136,3015,1121,4136,42
2021-09-27,Solano,095,438530,44448,43582,1141,44723,314
2021-09-27,Sonoma,097,501317,39636,39347,485,39832,370
2021-09-27,Stanislaus,099,539301,73599,73370,8224,81594,1091
2021-09-27,Sutter,101,95872,13173,13082,264,13346,155
2021-09-27,Tehama,103,63373,7553,7345,1226,8571,88
2021-09-27,Trinity,105,12862,765,605,195,800,9
2021-09-27,Tulare,107,460477,63236,61708,12958,74666,904
2021-09-27,Tuolumne,109,53932,6395,6264,78,6342,89
2021-09-27,Ventura,111,848112,95327,94477,4123,98600,1138
2021-09-27,Yolo,113,214977,18795,18524,859,19383,239
2021-09-27,Yuba,115,75493,9410,9292,211,9503,64
2021-09-26,Alameda,001,1643700,115081,114601,2566,117167,1326
2021-09-26,Alpine,002,1148,99,101,0,101,0
2021-09-26,Amador,005,37829,5115,5001,50,5051,59
2021-09-26,Butte,007,227075,19080,18634,3511,22145,238
2021-09-26,Calaveras,009,45235,3583,3505,41,3546,70
2021-09-26,Colusa,011,21464,2420,2392,550,2942,18
2021-09-26,Contra Costa,013,1133247,95726,94877,1952,96829,924
2021-09-26,Del Norte,015,27424,3539,3466,31,3497,37
2021-09-26,El Dorado,017,186661,15006,14738,1546,16284,132
2021-09-26,Fresno,019,978130,129366,127235,11557,138792,1939
2021-09-26,Glenn,021,27897,3262,3182,930,4112,26
2021-09-26,Humboldt,023,135768,8262,8098,422,8520,91
2021-09-26,Imperial,025,180216,31744,31462,2950,34412,756
2021-09-26,Inyo,027,18085,1747,1685,32,1717,39
2021-09-26,Kern,029,883053,118812,116927,18656,135583,1502
2021-09-26,Kings,031,150075,29556,28930,1664,30594,293
2021-09-26,Lake,033,64148,6229,6113,121,6234,95
2021-09-26,Lassen,035,31185,6423,6319,286,6605,25
2021-09-26,Los Angeles,037,10098052,1403322,1390577,50976,1441553,26035
2021-09-26,Madera,039,155013,21076,20629,1689,22318,262
2021-09-26,Marin,041,260295,17005,16860,400,17260,242
2021-09-26,Mariposa,043,17540,987,929,33,962,5
2021-09-26,Mendocino,045,87422,6932,6744,356,7100,74
2021-09-26,Merced,047,269075,39084,38717,1515,40232,548
2021-09-26,Modoc,049,8938,475,465,165,630,5
2021-09-26,Mono,051,14174,1550,1516,20,1536,3
2021-09-26,Monterey,053,433212,47654,46792,2577,49369,571
2021-09-26,Napa,055,140530,12430,12340,86,12426,95
2021-09-26,Nevada,057,99092,8485,8356,287,8643,84
2021-09-26,Orange,059,3164182,298733,296085,14004,310089,5409
2021-09-26,Placer,061,380077,34593,34043,3238,37281,370
2021-09-26,Plumas,063,18699,1322,1268,25,1293,6
2021-09-26,Riverside,065,2383286,350068,345257,15780,361037,4864
2021-09-26,Sacramento,067,1510023,149782,148745,3883,152628,2071
2021-09-26,San Benito,069,59416,7024,7012,144,7156,67
2021-09-26,San Bernardino,071,2135413,342174,339771,10570,350341,5545
2021-09-26,San Diego,073,3302833,356764,354414,20993,375407,4051
2021-09-26,San Francisco,075,870044,50727,50092,2135,52227,622
2021-09-26,San Joaquin,077,732212,94989,93935,5006,98941,1633
2021-09-26,San Luis Obispo,079,281455,28145,27624,1115,28739,319
2021-09-26,San Mateo,081,765935,52368,51496,781,52277,571
2021-09-26,Santa Barbara,083,443738,42451,41946,1459,43405,505
2021-09-26,Santa Clara,085,1922200,141828,140667,1108,141775,1852
2021-09-26,Santa Cruz,087,273765,19562,19279,963,20242,214
2021-09-26,Shasta,089,179085,19004,18566,3114,21680,266
2021-09-26,Sierra,091,2930,135,128,13,141,0
2021-09-26,Siskiyou,093,43540,3122,2998,1111,4109,42
2021-09-26,Solano,095,438530,44381,43537,1140,44677,314
2021-09-26,Sonoma,097,501317,39577,39302,485,39787,370
2021-09-26,Stanislaus,099,539301,73399,73243,8196,81439,1091
2021-09-26,Sutter,101,95872,13136,13045,263,13308,155
2021-09-26,Tehama,103,63373,7496,7323,1215,8538,88
2021-09-26,Trinity,105,12862,762,591,195,786,9
2021-09-26,Tulare,107,460477,63016,61560,12881,74441,904
2021-09-26,Tuolumne,109,53932,6367,6236,76,6312,89
2021-09-26,Ventura,111,848112,95212,94391,4116,98507,1138
2021-09-26,Yolo,113,214977,18758,18496,852,19348,239
2021-09-26,Yuba,115,75493,9383,9275,211,9486,64
2021-09-25,Alameda,001,1643700,115002,114014,2563,116577,1324
2021-09-25,Alpine,002,1148,99,101,0,101,0
2021-09-25,Amador,005,37829,5101,4934,50,4984,59
2021-09-25,Butte,007,227075,19051,18396,3503,21899,236
2021-09-25,Calaveras,009,45235,3580,3461,41,3502,70
2021-09-25,Colusa,011,21464,2417,2387,548,2935,16
2021-09-25,Contra Costa,013,1133247,95655,94337,1948,96285,924
2021-09-25,Del Norte,015,27424,3538,3404,31,3435,35
2021-09-25,El Dorado,017,186661,14983,14641,1542,16183,130
2021-09-25,Fresno,019,978130,129222,126299,11541,137840,1927
2021-09-25,Glenn,021,27897,3257,3144,929,4073,25
2021-09-25,Humboldt,023,135768,8243,8014,420,8434,88
2021-09-25,Imperial,025,180216,31717,31280,2950,34230,755
2021-09-25,Inyo,027,18085,1739,1657,32,1689,39
2021-09-25,Kern,029,883053,118657,116021,18589,134610,1485
2021-09-25,Kings,031,150075,29505,28636,1661,30297,293
2021-09-25,Lake,033,64148,6223,6046,120,6166,92
2021-09-25,Lassen,035,31185,6411,6248,285,6533,25
2021-09-25,Los Angeles,037,10098052,1402613,1386417,50934,1437351,25964
2021-09-25,Madera,039,155013,21051,20432,1683,22115,262
2021-09-25,Marin,041,260295,16996,16802,398,17200,242
2021-09-25,Mariposa,043,17540,982,906,33,939,5
2021-09-25,Mendocino,045,87422,6913,6657,355,7012,74
2021-09-25,Merced,047,269075,39038,38393,1513,39906,546
2021-09-25,Modoc,049,8938,475,460,165,625,5
2021-09-25,Mono,051,14174,1547,1501,20,1521,3
2021-09-25,Monterey,053,433212,47624,46653,2575,49228,567
2021-09-25,Napa,055,140530,12410,12266,86,12352,95
2021-09-25,Nevada,057,99092,8468,8285,287,8572,84
2021-09-25,Orange,059,3164182,298560,294514,13985,308499,5374
2021-09-25,Placer,061,380077,34528,33764,3236,37000,367
2021-09-25,Plumas,063,18699,1318,1238,25,1263,6
2021-09-25,Riverside,065,2383286,349745,343463,15772,359235,4843
2021-09-25,Sacramento,067,1510023,149607,147728,3875,151603,2049
2021-09-25,San Benito,069,59416,7019,6965,144,7109,67
2021-09-25,San Bernardino,071,2135413,341936,338413,10557,348970,5540
2021-09-25,San Diego,073,3302833,356419,352017,20967,372984,4039
2021-09-25,San Francisco,075,870044,50683,49840,2134,51974,615
2021-09-25,San Joaquin,077,732212,94903,93273,5004,98277,1628
2021-09-25,San Luis Obispo,079,281455,28107,27447,1111,28558,318
2021-09-25,San Mateo,081,765935,52304,51266,779,52045,568
2021-09-25,Santa Barbara,083,443738,42393,41728,1459,43187,505
2021-09-25,Santa Clara,085,1922200,141721,140023,1106,141129,1844
2021-09-25,Santa Cruz,087,273765,19546,19200,961,20161,214
2021-09-25,Shasta,089,179085,18953,18256,3105,21361,262
2021-09-25,Sierra,091,2930,134,127,13,140,0
2021-09-25,Siskiyou,093,43540,3115,2956,1101,4057,41
2021-09-25,Solano,095,438530,44340,43331,1137,44468,312
2021-09-25,Sonoma,097,501317,39537,39112,485,39597,369
2021-09-25,Stanislaus,099,539301,73289,72628,8182,80810,1091
2021-09-25,Sutter,101,95872,13118,12976,260,13236,154
2021-09-25,Tehama,103,63373,7480,7200,1213,8413,86
2021-09-25,Trinity,105,12862,762,576,195,771,9
2021-09-25,Tulare,107,460477,62933,60909,12838,73747,898
2021-09-25,Tuolumne,109,53932,6355,6168,76,6244,89
2021-09-25,Ventura,111,848112,95145,94059,4112,98171,1129
2021-09-25,Yolo,113,214977,18736,18393,851,19244,239
2021-09-25,Yuba,115,75493,9363,9191,211,9402,61
2021-09-24,Alameda,001,1643700,114897,114014,2559,116573,1324
2021-09-24,Alpine,002,1148,99,101,0,101,0
2021-09-24,Amador,005,37829,5071,4934,50,4984,59
2021-09-24,Butte,007,227075,18999,18396,3492,21888,236
2021-09-24,Calaveras,009,45235,3573,3461,40,3501,70
2021-09-24,Colusa,011,21464,2414,2387,547,2934,16
2021-09-24,Contra Costa,013,1133247,95544,94337,1944,96281,924
2021-09-24,Del Norte,015,27424,3535,3404,31,3435,35
2021-09-24,El Dorado,017,186661,14965,14641,1540,16181,130
2021-09-24,Fresno,019,978130,129024,126299,11529,137828,1927
2021-09-24,Glenn,021,27897,3249,3144,929,4073,25
2021-09-24,Humboldt,023,135768,8224,8014,417,8431,88
2021-09-24,Imperial,025,180216,31679,31280,2948,34228,755
2021-09-24,Inyo,027,18085,1730,1657,32,1689,39
2021-09-24,Kern,029,883053,118521,116021,18523,134544,1485
2021-09-24,Kings,031,150075,29464,28636,1657,30293,293
2021-09-24,Lake,033,64148,6215,6046,120,6166,92
2021-09-24,Lassen,035,31185,6403,6248,284,6532,25
2021-09-24,Los Angeles,037,10098052,1401726,1386417,50893,1437310,25964
2021-09-24,Madera,039,155013,21020,20432,1674,22106,262
2021-09-24,Marin,041,260295,16982,16802,397,17199,242
2021-09-24,Mariposa,043,17540,970,906,33,939,5
2021-09-24,Mendocino,045,87422,6900,6657,355,7012,74
2021-09-24,Merced,047,269075,38994,38393,1513,39906,546
2021-09-24,Modoc,049,8938,475,460,164,624,5
2021-09-24,Mono,051,14174,1542,1501,20,1521,3
2021-09-24,Monterey,053,433212,47603,46653,2567,49220,567
2021-09-24,Napa,055,140530,12390,12266,86,12352,95
2021-09-24,Nevada,057,99092,8454,8285,284,8569,84
2021-09-24,Orange,059,3164182,298352,294514,13964,308478,5374
2021-09-24,Placer,061,380077,34473,33764,3224,36988,367
2021-09-24,Plumas,063,18699,1314,1238,25,1263,6
2021-09-24,Riverside,065,2383286,349411,343463,15765,359228,4843
2021-09-24,Sacramento,067,1510023,149421,147728,3871,151599,2049
2021-09-24,San Benito,069,59416,7013,6965,144,7109,67
2021-09-24,San Bernardino,071,2135413,341667,338413,10547,348960,5540
2021-09-24,San Diego,073,3302833,356068,352017,20952,372969,4039
2021-09-24,San Francisco,075,870044,50619,49840,2127,51967,615
2021-09-24,San Joaquin,077,732212,94790,93273,5002,98275,1628
2021-09-24,San Luis Obispo,079,281455,28075,27447,1107,28554,318
2021-09-24,San Mateo,081,765935,52244,51266,778,52044,568
2021-09-24,Santa Barbara,083,443738,42353,41728,1458,43186,505
2021-09-24,Santa Clara,085,1922200,141608,140023,1105,141128,1844
2021-09-24,Santa Cruz,087,273765,19523,19200,960,20160,214
2021-09-24,Shasta,089,179085,18899,18256,3091,21347,262
2021-09-24,Sierra,091,2930,133,127,13,140,0
2021-09-24,Siskiyou,093,43540,3106,2956,1095,4051,41
2021-09-24,Solano,095,438530,44302,43331,1135,44466,312
2021-09-24,Sonoma,097,501317,39504,39112,485,39597,369
2021-09-24,Stanislaus,099,539301,73174,72628,8167,80795,1091
2021-09-24,Sutter,101,95872,13099,12976,259,13235,154
2021-09-24,Tehama,103,63373,7467,7200,1208,8408,86
2021-09-24,Trinity,105,12862,759,576,195,771,9
2021-09-24,Tulare,107,460477,62844,60909,12796,73705,898
2021-09-24,Tuolumne,109,53932,6326,6168,76,6244,89
2021-09-24,Ventura,111,848112,95067,94059,4105,98164,1129
2021-09-24,Yolo,113,214977,18705,18393,847,19240,239
2021-09-24,Yuba,115,75493,9344,9191,211,9402,61
2021-09-23,Alameda,001,1643700,114740,114014,2553,116567,1324
2021-09-23,Alpine,002,1148,99,101,0,101,0
2021-09-23,Amador,005,37829,5058,4934,50,4984,59
2021-09-23,Butte,007,227075,18937,18396,3461,21857,236
2021-09-23,Calaveras,009,45235,3552,3461,40,3501,70
2021-09-23,Colusa,011,21464,2412,2387,544,2931,16
2021-09-23,Contra Costa,013,1133247,95403,94337,1937,96274,924
2021-09-23,Del Norte,015,27424,3526,3404,30,3434,35
2021-09-23,El Dorado,017,186661,14939,14641,1534,16175,130
2021-09-23,Fresno,019,978130,128727,126299,11510,137809,1927
2021-09-23,Glenn,021,27897,3235,3144,926,4070,25
2021-09-23,Humboldt,023,135768,8201,8014,415,8429,88
2021-09-23,Imperial,025,180216,31643,31280,2948,34228,755
2021-09-23,Inyo,027,18085,1716,1657,32,1689,39
2021-09-23,Kern,029,883053,118263,116021,18443,134464,1485
2021-09-23,Kings,031,150075,29360,28636,1648,30284,293
2021-09-23,Lake,033,64148,6205,6046,120,6166,92
2021-09-23,Lassen,035,31185,6394,6248,279,6527,25
2021-09-23,Los Angeles,037,10098052,1400529,1386417,50829,1437246,25964
2021-09-23,Madera,039,155013,20936,20432,1670,22102,262
2021-09-23,Marin,041,260295,16967,16802,394,17196,242
2021-09-23,Mariposa,043,17540,957,906,33,939,5
2021-09-23,Mendocino,045,87422,6877,6657,350,7007,74
2021-09-23,Merced,047,269075,38889,38393,1506,39899,546
2021-09-23,Modoc,049,8938,474,460,164,624,5
2021-09-23,Mono,051,14174,1539,1501,20,1521,3
2021-09-23,Monterey,053,433212,47554,46653,2556,49209,567
2021-09-23,Napa,055,140530,12373,12266,86,12352,95
2021-09-23,Nevada,057,99092,8427,8285,284,8569,84
2021-09-23,Orange,059,3164182,298055,294514,13936,308450,5374
2021-09-23,Placer,061,380077,34396,33764,3218,36982,367
2021-09-23,Plumas,063,18699,1297,1238,24,1262,6
2021-09-23,Riverside,065,2383286,348957,343463,15758,359221,4843
2021-09-23,Sacramento,067,1510023,149098,147728,3852,151580,2049
2021-09-23,San Benito,069,59416,7002,6965,144,7109,67
2021-09-23,San Bernardino,071,2135413,341301,338413,10530,348943,5540
2021-09-23,San Diego,073,3302833,355612,352017,20913,372930,4039
2021-09-23,San Francisco,075,870044,50546,49840,2125,51965,615
2021-09-23,San Joaquin,077,732212,94616,93273,4987,98260,1628
2021-09-23,San Luis Obispo,079,281455,28032,27447,1105,28552,318
2021-09-23,San Mateo,081,765935,52169,51266,777,52043,568
2021-09-23,Santa Barbara,083,443738,42275,41728,1455,43183,505
2021-09-23,Santa Clara,085,1922200,141456,140023,1098,141121,1844
2021-09-23,Santa Cruz,087,273765,19492,19200,960,20160,214
2021-09-23,Shasta,089,179085,18818,18256,3074,21330,262
2021-09-23,Sierra,091,2930,133,127,13,140,0
2021-09-23,Siskiyou,093,43540,3102,2956,1084,4040,41
2021-09-23,Solano,095,438530,44234,43331,1132,44463,312
2021-09-23,Sonoma,097,501317,39445,39112,482,39594,369
2021-09-23,Stanislaus,099,539301,73018,72628,8135,80763,1091
2021-09-23,Sutter,101,95872,13070,12976,259,13235,154
2021-09-23,Tehama,103,63373,7426,7200,1203,8403,86
2021-09-23,Trinity,105,12862,745,576,194,770,9
2021-09-23,Tulare,107,460477,62667,60909,12742,73651,898
2021-09-23,Tuolumne,109,53932,6301,6168,75,6243,89
2021-09-23,Ventura,111,848112,94963,94059,4098,98157,1129
2021-09-23,Yolo,113,214977,18674,18393,843,19236,239
2021-09-23,Yuba,115,75493,9315,9191,210,9401,61
2021-09-22,Alameda,001,1643700,114584,113862,2549,116411,1322
2021-09-22,Alpine,002,1148,99,100,0,100,0
2021-09-22,Amador,005,37829,5042,4915,50,4965,59
2021-09-22,Butte,007,227075,18877,18337,3443,21780,235
2021-09-22,Calaveras,009,45235,3536,3448,40,3488,70
2021-09-22,Colusa,011,21464,2407,2384,543,2927,16
2021-09-22,Contra Costa,013,1133247,95216,94209,1928,96137,924
2021-09-22,Del Norte,015,27424,3515,3386,29,3415,35
2021-09-22,El Dorado,017,186661,14903,14605,1528,16133,127
2021-09-22,Fresno,019,978130,128471,126006,11495,137501,1908
2021-09-22,Glenn,021,27897,3228,3138,925,4063,25
2021-09-22,Humboldt,023,135768,8179,7998,407,8405,80
2021-09-22,Imperial,025,180216,31591,31243,2941,34184,755
2021-09-22,Inyo,027,18085,1706,1651,32,1683,39
2021-09-22,Kern,029,883053,118021,115757,18321,134078,1477
2021-09-22,Kings,031,150075,29275,28589,1642,30231,292
2021-09-22,Lake,033,64148,6193,6035,120,6155,93
2021-09-22,Lassen,035,31185,6374,6209,275,6484,25
2021-09-22,Los Angeles,037,10098052,1399206,1384719,50774,1435493,25930
2021-09-22,Madera,039,155013,20879,20382,1660,22042,262
2021-09-22,Marin,041,260295,16956,16782,391,17173,242
2021-09-22,Mariposa,043,17540,951,901,33,934,5
2021-09-22,Mendocino,045,87422,6851,6624,344,6968,70
2021-09-22,Merced,047,269075,38758,38305,1504,39809,541
2021-09-22,Modoc,049,8938,471,458,164,622,5
2021-09-22,Mono,051,14174,1530,1496,19,1515,3
2021-09-22,Monterey,053,433212,47503,46615,2549,49164,566
2021-09-22,Napa,055,140530,12351,12248,85,12333,95
2021-09-22,Nevada,057,99092,8404,8273,281,8554,84
2021-09-22,Orange,059,3164182,297779,294214,13917,308131,5366
2021-09-22,Placer,061,380077,34308,33661,3205,36866,367
2021-09-22,Plumas,063,18699,1284,1230,24,1254,6
2021-09-22,Riverside,065,2383286,348422,342946,15733,358679,4830
2021-09-22,Sacramento,067,1510023,148793,147533,3823,151356,2043
2021-09-22,San Benito,069,59416,6991,6961,142,7103,67
2021-09-22,San Bernardino,071,2135413,340907,337938,10521,348459,5528
2021-09-22,San Diego,073,3302833,355161,351132,20889,372021,4027
2021-09-22,San Francisco,075,870044,50461,49734,2120,51854,610
2021-09-22,San Joaquin,077,732212,94384,93010,4963,97973,1626
2021-09-22,San Luis Obispo,079,281455,27982,27398,1101,28499,315
2021-09-22,San Mateo,081,765935,52096,51197,773,51970,568
2021-09-22,Santa Barbara,083,443738,42212,41678,1454,43132,504
2021-09-22,Santa Clara,085,1922200,141291,139803,1091,140894,1844
2021-09-22,Santa Cruz,087,273765,19454,19177,959,20136,214
2021-09-22,Shasta,089,179085,18728,18153,3063,21216,260
2021-09-22,Sierra,091,2930,133,127,13,140,0
2021-09-22,Siskiyou,093,43540,3085,2947,1074,4021,41
2021-09-22,Solano,095,438530,44168,43269,1132,44401,312
2021-09-22,Sonoma,097,501317,39392,39063,481,39544,369
2021-09-22,Stanislaus,099,539301,72853,72355,8116,80471,1091
2021-09-22,Sutter,101,95872,13050,12960,256,13216,153
2021-09-22,Tehama,103,63373,7399,7173,1200,8373,86
2021-09-22,Trinity,105,12862,744,572,194,766,9
2021-09-22,Tulare,107,460477,62456,60776,12673,73449,896
2021-09-22,Tuolumne,109,53932,6280,6155,74,6229,89
2021-09-22,Ventura,111,848112,94857,93978,4093,98071,1122
2021-09-22,Yolo,113,214977,18635,18342,836,19178,239
2021-09-22,Yuba,115,75493,9286,9169,205,9374,61
2021-09-21,Alameda,001,1643700,114431,113765,2549,116314,1321
2021-09-21,Alpine,002,1148,99,100,0,100,0
2021-09-21,Amador,005,37829,5020,4897,50,4947,59
2021-09-21,Butte,007,227075,18781,18229,3399,21628,232
2021-09-21,Calaveras,009,45235,3519,3437,40,3477,70
2021-09-21,Colusa,011,21464,2404,2378,542,2920,16
2021-09-21,Contra Costa,013,1133247,95023,94101,1914,96015,924
2021-09-21,Del Norte,015,27424,3503,3378,29,3407,34
2021-09-21,El Dorado,017,186661,14873,14578,1521,16099,127
2021-09-21,Fresno,019,978130,128120,125789,11468,137257,1892
2021-09-21,Glenn,021,27897,3221,3134,921,4055,25
2021-09-21,Humboldt,023,135768,8147,7955,402,8357,80
2021-09-21,Imperial,025,180216,31534,31185,2939,34124,755
2021-09-21,Inyo,027,18085,1696,1646,32,1678,39
2021-09-21,Kern,029,883053,117728,115534,18208,133742,1467
2021-09-21,Kings,031,150075,29187,28545,1634,30179,291
2021-09-21,Lake,033,64148,6170,6013,120,6133,90
2021-09-21,Lassen,035,31185,6356,6159,271,6430,25
2021-09-21,Los Angeles,037,10098052,1397750,1383277,50720,1433997,25893
2021-09-21,Madera,039,155013,20819,20317,1650,21967,262
2021-09-21,Marin,041,260295,16941,16748,390,17138,242
2021-09-21,Mariposa,043,17540,946,894,32,926,5
2021-09-21,Mendocino,045,87422,6813,6580,333,6913,68
2021-09-21,Merced,047,269075,38632,38225,1500,39725,539
2021-09-21,Modoc,049,8938,468,458,164,622,5
2021-09-21,Mono,051,14174,1528,1495,18,1513,3
2021-09-21,Monterey,053,433212,47435,46583,2537,49120,565
2021-09-21,Napa,055,140530,12330,12238,85,12323,95
2021-09-21,Nevada,057,99092,8377,8259,273,8532,84
2021-09-21,Orange,059,3164182,297446,293898,13887,307785,5357
2021-09-21,Placer,061,380077,34207,33609,3194,36803,365
2021-09-21,Plumas,063,18699,1277,1225,24,1249,5
2021-09-21,Riverside,065,2383286,347863,342460,15709,358169,4817
2021-09-21,Sacramento,067,1510023,148412,147378,3795,151173,2027
2021-09-21,San Benito,069,59416,6980,6950,141,7091,67
2021-09-21,San Bernardino,071,2135413,340466,337387,10504,347891,5520
2021-09-21,San Diego,073,3302833,354555,350265,20863,371128,4021
2021-09-21,San Francisco,075,870044,50363,49653,2116,51769,609
2021-09-21,San Joaquin,077,732212,94150,92762,4952,97714,1621
2021-09-21,San Luis Obispo,079,281455,27922,27318,1098,28416,314
2021-09-21,San Mateo,081,765935,52026,51136,773,51909,568
2021-09-21,Santa Barbara,083,443738,42143,41644,1450,43094,503
2021-09-21,Santa Clara,085,1922200,141074,139657,1087,140744,1843
2021-09-21,Santa Cruz,087,273765,19424,19140,958,20098,212
2021-09-21,Shasta,089,179085,18600,18027,3039,21066,258
2021-09-21,Sierra,091,2930,133,127,13,140,0
2021-09-21,Siskiyou,093,43540,3071,2927,1060,3987,36
2021-09-21,Solano,095,438530,44092,43220,1132,44352,311
2021-09-21,Sonoma,097,501317,39340,39042,481,39523,369
2021-09-21,Stanislaus,099,539301,72669,72211,8096,80307,1091
2021-09-21,Sutter,101,95872,13027,12930,253,13183,153
2021-09-21,Tehama,103,63373,7353,7151,1196,8347,85
2021-09-21,Trinity,105,12862,733,572,192,764,9
2021-09-21,Tulare,107,460477,62241,60607,12612,73219,896
2021-09-21,Tuolumne,109,53932,6247,6139,74,6213,89
2021-09-21,Ventura,111,848112,94752,93818,4085,97903,1120
2021-09-21,Yolo,113,214977,18599,18313,833,19146,239
2021-09-21,Yuba,115,75493,9258,9135,205,9340,61
2021-09-20,Alameda,001,1643700,114250,113637,2545,116182,1320
2021-09-20,Alpine,002,1148,99,100,0,100,0
2021-09-20,Amador,005,37829,5002,4883,49,4932,59
2021-09-20,Butte,007,227075,18700,18135,3383,21518,231
2021-09-20,Calaveras,009,45235,3497,3395,39,3434,66
2021-09-20,Colusa,011,21464,2402,2376,539,2915,16
2021-09-20,Contra Costa,013,1133247,94874,93919,1908,95827,924
2021-09-20,Del Norte,015,27424,3495,3374,28,3402,34
2021-09-20,El Dorado,017,186661,14840,14545,1509,16054,127
2021-09-20,Fresno,019,978130,127707,125287,11442,136729,1889
2021-09-20,Glenn,021,27897,3210,3112,918,4030,25
2021-09-20,Humboldt,023,135768,8112,7938,397,8335,80
2021-09-20,Imperial,025,180216,31451,31146,2938,34084,755
2021-09-20,Inyo,027,18085,1688,1641,31,1672,39
2021-09-20,Kern,029,883053,117389,115271,18077,133348,1459
2021-09-20,Kings,031,150075,29101,28471,1628,30099,285
2021-09-20,Lake,033,64148,6155,5984,119,6103,87
2021-09-20,Lassen,035,31185,6326,6132,271,6403,25
2021-09-20,Los Angeles,037,10098052,1396227,1382206,50640,1432846,25858
2021-09-20,Madera,039,155013,20766,20203,1643,21846,257
2021-09-20,Marin,041,260295,16916,16732,388,17120,242
2021-09-20,Mariposa,043,17540,935,887,32,919,5
2021-09-20,Mendocino,045,87422,6779,6568,328,6896,67
2021-09-20,Merced,047,269075,38521,38144,1489,39633,536
2021-09-20,Modoc,049,8938,467,457,162,619,5
2021-09-20,Mono,051,14174,1522,1480,18,1498,3
2021-09-20,Monterey,053,433212,47393,46506,2519,49025,565
2021-09-20,Napa,055,140530,12305,12209,84,12293,95
2021-09-20,Nevada,057,99092,8357,8228,271,8499,84
2021-09-20,Orange,059,3164182,297102,293642,13860,307502,5354
2021-09-20,Placer,061,380077,34116,33531,3179,36710,364
2021-09-20,Plumas,063,18699,1272,1211,24,1235,5
2021-09-20,Riverside,065,2383286,347361,341961,15696,357657,4802
2021-09-20,Sacramento,067,1510023,148038,147016,3761,150777,2016
2021-09-20,San Benito,069,59416,6971,6947,140,7087,67
2021-09-20,San Bernardino,071,2135413,340063,337059,10488,347547,5507
2021-09-20,San Diego,073,3302833,353882,349579,20826,370405,4009
2021-09-20,San Francisco,075,870044,50257,49559,2115,51674,605
2021-09-20,San Joaquin,077,732212,93907,92614,4939,97553,1615
2021-09-20,San Luis Obispo,079,281455,27846,27259,1090,28349,313
2021-09-20,San Mateo,081,765935,51939,51100,770,51870,567
2021-09-20,Santa Barbara,083,443738,42044,41589,1446,43035,500
2021-09-20,Santa Clara,085,1922200,140874,139578,1085,140663,1841
2021-09-20,Santa Cruz,087,273765,19392,19121,958,20079,211
2021-09-20,Shasta,089,179085,18502,17893,3009,20902,258
2021-09-20,Sierra,091,2930,131,126,13,139,0
2021-09-20,Siskiyou,093,43540,3049,2902,1047,3949,35
2021-09-20,Solano,095,438530,44024,43152,1124,44276,312
2021-09-20,Sonoma,097,501317,39294,38991,481,39472,369
2021-09-20,Stanislaus,099,539301,72470,72031,8077,80108,1091
2021-09-20,Sutter,101,95872,12991,12896,248,13144,153
2021-09-20,Tehama,103,63373,7321,7121,1184,8305,84
2021-09-20,Trinity,105,12862,727,568,191,759,7
2021-09-20,Tulare,107,460477,62038,60302,12559,72861,896
2021-09-20,Tuolumne,109,53932,6221,6113,74,6187,89
2021-09-20,Ventura,111,848112,94639,93700,4079,97779,1120
2021-09-20,Yolo,113,214977,18553,18287,831,19118,239
2021-09-20,Yuba,115,75493,9223,9107,203,9310,61
2021-09-19,Alameda,001,1643700,114037,113446,2540,115986,1320
2021-09-19,Alpine,002,1148,99,100,0,100,0
2021-09-19,Amador,005,37829,4962,4875,48,4923,59
2021-09-19,Butte,007,227075,18608,18063,3355,21418,230
2021-09-19,Calaveras,009,45235,3473,3390,36,3426,66
2021-09-19,Colusa,011,21464,2400,2375,537,2912,16
2021-09-19,Contra Costa,013,1133247,94687,93788,1898,95686,924
2021-09-19,Del Norte,015,27424,3469,3344,27,3371,34
2021-09-19,El Dorado,017,186661,14787,14512,1503,16015,127
2021-09-19,Fresno,019,978130,127302,124985,11398,136383,1888
2021-09-19,Glenn,021,27897,3201,3102,915,4017,25
2021-09-19,Humboldt,023,135768,8066,7914,395,8309,80
2021-09-19,Imperial,025,180216,31382,31122,2935,34057,755
2021-09-19,Inyo,027,18085,1679,1639,31,1670,39
2021-09-19,Kern,029,883053,117077,115074,17971,133045,1459
2021-09-19,Kings,031,150075,28974,28416,1619,30035,284
2021-09-19,Lake,033,64148,6124,5962,119,6081,87
2021-09-19,Lassen,035,31185,6306,6129,265,6394,25
2021-09-19,Los Angeles,037,10098052,1394246,1381200,50546,1431746,25852
2021-09-19,Madera,039,155013,20687,20161,1633,21794,257
2021-09-19,Marin,041,260295,16887,16711,386,17097,242
2021-09-19,Mariposa,043,17540,927,881,32,913,5
2021-09-19,Mendocino,045,87422,6734,6538,322,6860,67
2021-09-19,Merced,047,269075,38364,38068,1480,39548,535
2021-09-19,Modoc,049,8938,464,457,160,617,5
2021-09-19,Mono,051,14174,1517,1480,18,1498,3
2021-09-19,Monterey,053,433212,47338,46486,2516,49002,565
2021-09-19,Napa,055,140530,12284,12190,82,12272,95
2021-09-19,Nevada,057,99092,8329,8203,269,8472,84
2021-09-19,Orange,059,3164182,296734,293258,13838,307096,5354
2021-09-19,Placer,061,380077,34003,33406,3161,36567,364
2021-09-19,Plumas,063,18699,1264,1211,24,1235,5
2021-09-19,Riverside,065,2383286,346767,341566,15687,357253,4804
2021-09-19,Sacramento,067,1510023,147676,146603,3715,150318,2012
2021-09-19,San Benito,069,59416,6952,6942,140,7082,67
2021-09-19,San Bernardino,071,2135413,339566,336688,10476,347164,5506
2021-09-19,San Diego,073,3302833,353178,349225,20789,370014,4006
2021-09-19,San Francisco,075,870044,50149,49458,2106,51564,605
2021-09-19,San Joaquin,077,732212,93611,92467,4928,97395,1615
2021-09-19,San Luis Obispo,079,281455,27745,27208,1081,28289,313
2021-09-19,San Mateo,081,765935,51841,51028,769,51797,567
2021-09-19,Santa Barbara,083,443738,41938,41512,1446,42958,500
2021-09-19,Santa Clara,085,1922200,140686,139410,1080,140490,1841
2021-09-19,Santa Cruz,087,273765,19353,19096,958,20054,211
2021-09-19,Shasta,089,179085,18388,17813,2974,20787,258
2021-09-19,Sierra,091,2930,130,126,13,139,0
2021-09-19,Siskiyou,093,43540,3023,2882,1038,3920,35
2021-09-19,Solano,095,438530,43935,43056,1119,44175,312
2021-09-19,Sonoma,097,501317,39223,38956,477,39433,369
2021-09-19,Stanislaus,099,539301,72225,71830,8052,79882,1091
2021-09-19,Sutter,101,95872,12964,12868,241,13109,153
2021-09-19,Tehama,103,63373,7267,7081,1175,8256,84
2021-09-19,Trinity,105,12862,716,562,189,751,7
2021-09-19,Tulare,107,460477,61777,60160,12466,72626,896
2021-09-19,Tuolumne,109,53932,6180,6097,74,6171,89
2021-09-19,Ventura,111,848112,94477,93491,4070,97561,1120
2021-09-19,Yolo,113,214977,18504,18238,826,19064,239
2021-09-19,Yuba,115,75493,9197,9087,202,9289,61
2021-09-18,Alameda,001,1643700,113937,113300,2539,115839,1320
2021-09-18,Alpine,002,1148,99,100,0,100,0
2021-09-18,Amador,005,37829,4952,4850,48,4898,59
2021-09-18,Butte,007,227075,18569,17961,3339,21300,230
2021-09-18,Calaveras,009,45235,3468,3361,35,3396,66
2021-09-18,Colusa,011,21464,2400,2373,536,2909,16
2021-09-18,Contra Costa,013,1133247,94597,93656,1894,95550,924
2021-09-18,Del Norte,015,27424,3461,3326,25,3351,34
2021-09-18,El Dorado,017,186661,14764,14472,1500,15972,127
2021-09-18,Fresno,019,978130,127160,124771,11380,136151,1889
2021-09-18,Glenn,021,27897,3192,3086,912,3998,25
2021-09-18,Humboldt,023,135768,8052,7881,394,8275,80
2021-09-18,Imperial,025,180216,31358,31096,2934,34030,755
2021-09-18,Inyo,027,18085,1673,1636,31,1667,39
2021-09-18,Kern,029,883053,116922,114781,17907,132688,1459
2021-09-18,Kings,031,150075,28926,28330,1614,29944,285
2021-09-18,Lake,033,64148,6107,5936,119,6055,87
2021-09-18,Lassen,035,31185,6296,6121,263,6384,25
2021-09-18,Los Angeles,037,10098052,1393483,1379880,50496,1430376,25849
2021-09-18,Madera,039,155013,20643,20126,1623,21749,257
2021-09-18,Marin,041,260295,16870,16685,385,17070,242
2021-09-18,Mariposa,043,17540,924,871,32,903,5
2021-09-18,Mendocino,045,87422,6713,6523,322,6845,67
2021-09-18,Merced,047,269075,38328,37977,1474,39451,535
2021-09-18,Modoc,049,8938,464,457,159,616,5
2021-09-18,Mono,051,14174,1514,1480,18,1498,3
2021-09-18,Monterey,053,433212,47300,46466,2513,48979,565
2021-09-18,Napa,055,140530,12272,12168,82,12250,95
2021-09-18,Nevada,057,99092,8312,8183,269,8452,84
2021-09-18,Orange,059,3164182,296540,293005,13824,306829,5354
2021-09-18,Placer,061,380077,33929,33309,3158,36467,364
2021-09-18,Plumas,063,18699,1263,1204,24,1228,5
2021-09-18,Riverside,065,2383286,346382,341136,15673,356809,4802
2021-09-18,Sacramento,067,1510023,147493,146162,3706,149868,2016
2021-09-18,San Benito,069,59416,6948,6937,140,7077,67
2021-09-18,San Bernardino,071,2135413,339292,336380,10463,346843,5501
2021-09-18,San Diego,073,3302833,352787,348848,20776,369624,4006
2021-09-18,San Francisco,075,870044,50085,49359,2101,51460,605
2021-09-18,San Joaquin,077,732212,93501,92242,4916,97158,1615
2021-09-18,San Luis Obispo,079,281455,27708,27181,1078,28259,313
2021-09-18,San Mateo,081,765935,51791,50961,767,51728,567
2021-09-18,Santa Barbara,083,443738,41873,41465,1446,42911,500
2021-09-18,Santa Clara,085,1922200,140566,139233,1077,140310,1841
2021-09-18,Santa Cruz,087,273765,19333,19079,958,20037,211
2021-09-18,Shasta,089,179085,18325,17777,2958,20735,258
2021-09-18,Sierra,091,2930,129,125,13,138,0
2021-09-18,Siskiyou,093,43540,3020,2875,1032,3907,35
2021-09-18,Solano,095,438530,43895,42966,1116,44082,312
2021-09-18,Sonoma,097,501317,39188,38891,475,39366,369
2021-09-18,Stanislaus,099,539301,72080,71587,8030,79617,1091
2021-09-18,Sutter,101,95872,12950,12829,241,13070,153
2021-09-18,Tehama,103,63373,7253,7055,1168,8223,84
2021-09-18,Trinity,105,12862,714,561,189,750,7
2021-09-18,Tulare,107,460477,61700,60003,12416,72419,896
2021-09-18,Tuolumne,109,53932,6165,6069,74,6143,89
2021-09-18,Ventura,111,848112,94409,93424,4065,97489,1120
2021-09-18,Yolo,113,214977,18476,18213,822,19035,239
2021-09-18,Yuba,115,75493,9183,9061,201,9262,61
2021-09-17,Alameda,001,1643700,113811,113070,2537,115607,1320
2021-09-17,Alpine,002,1148,99,99,0,99,0
2021-09-17,Amador,005,37829,4936,4835,47,4882,58
2021-09-17,Butte,007,227075,18517,17870,3327,21197,230
2021-09-17,Calaveras,009,45235,3456,3338,34,3372,66
2021-09-17,Colusa,011,21464,2399,2369,531,2900,16
2021-09-17,Contra Costa,013,1133247,94494,93485,1891,95376,924
2021-09-17,Del Norte,015,27424,3456,3311,23,3334,34
2021-09-17,El Dorado,017,186661,14745,14421,1498,15919,127
2021-09-17,Fresno,019,978130,126940,124296,11363,135659,1882
2021-09-17,Glenn,021,27897,3175,3072,908,3980,25
2021-09-17,Humboldt,023,135768,8031,7850,394,8244,80
2021-09-17,Imperial,025,180216,31332,31031,2933,33964,755
2021-09-17,Inyo,027,18085,1665,1634,31,1665,39
2021-09-17,Kern,029,883053,116731,114303,17810,132113,1456
2021-09-17,Kings,031,150075,28861,28240,1612,29852,281
2021-09-17,Lake,033,64148,6094,5915,119,6034,87
2021-09-17,Lassen,035,31185,6281,6080,261,6341,25
2021-09-17,Los Angeles,037,10098052,1392503,1377905,50430,1428335,25820
2021-09-17,Madera,039,155013,20593,20040,1611,21651,257
2021-09-17,Marin,041,260295,16857,16658,383,17041,242
2021-09-17,Mariposa,043,17540,922,869,32,901,5
2021-09-17,Mendocino,045,87422,6694,6498,322,6820,67
2021-09-17,Merced,047,269075,38282,37803,1472,39275,533
2021-09-17,Modoc,049,8938,464,456,159,615,5
2021-09-17,Mono,051,14174,1510,1457,18,1475,3
2021-09-17,Monterey,053,433212,47277,46421,2512,48933,564
2021-09-17,Napa,055,140530,12251,12153,82,12235,95
2021-09-17,Nevada,057,99092,8297,8157,269,8426,84
2021-09-17,Orange,059,3164182,296320,292685,13806,306491,5346
2021-09-17,Placer,061,380077,33869,33188,3148,36336,362
2021-09-17,Plumas,063,18699,1254,1192,23,1215,5
2021-09-17,Riverside,065,2383286,345982,340445,15662,356107,4792
2021-09-17,Sacramento,067,1510023,147293,145985,3695,149680,1999
2021-09-17,San Benito,069,59416,6945,6929,140,7069,67
2021-09-17,San Bernardino,071,2135413,338932,335810,10456,346266,5488
2021-09-17,San Diego,073,3302833,352364,348098,20759,368857,4002
2021-09-17,San Francisco,075,870044,50034,49249,2096,51345,605
2021-09-17,San Joaquin,077,732212,93363,91977,4905,96882,1610
2021-09-17,San Luis Obispo,079,281455,27674,27102,1067,28169,311
2021-09-17,San Mateo,081,765935,51738,50854,766,51620,564
2021-09-17,Santa Barbara,083,443738,41810,41354,1445,42799,498
2021-09-17,Santa Clara,085,1922200,140417,138939,1076,140015,1838
2021-09-17,Santa Cruz,087,273765,19309,19039,958,19997,211
2021-09-17,Shasta,089,179085,18255,17617,2945,20562,254
2021-09-17,Sierra,091,2930,129,124,13,137,0
2021-09-17,Siskiyou,093,43540,3005,2852,1032,3884,35
2021-09-17,Solano,095,438530,43832,42898,1112,44010,312
2021-09-17,Sonoma,097,501317,39151,38808,474,39282,369
2021-09-17,Stanislaus,099,539301,71973,71408,8012,79420,1091
2021-09-17,Sutter,101,95872,12934,12799,238,13037,153
2021-09-17,Tehama,103,63373,7230,7020,1156,8176,84
2021-09-17,Trinity,105,12862,709,556,188,744,7
2021-09-17,Tulare,107,460477,61585,59689,12381,72070,895
2021-09-17,Tuolumne,109,53932,6146,6047,74,6121,89
2021-09-17,Ventura,111,848112,94297,93273,4063,97336,1116
2021-09-17,Yolo,113,214977,18445,18177,818,18995,239
2021-09-17,Yuba,115,75493,9156,9019,200,9219,61
2021-09-16,Alameda,001,1643700,113634,112770,2534,115304,1318
2021-09-16,Alpine,002,1148,99,99,0,99,0
2021-09-16,Amador,005,37829,4916,4819,47,4866,58
2021-09-16,Butte,007,227075,18442,17750,3311,21061,230
2021-09-16,Calaveras,009,45235,3425,3313,34,3347,66
2021-09-16,Colusa,011,21464,2397,2363,529,2892,16
2021-09-16,Contra Costa,013,1133247,94322,93213,1883,95096,917
2021-09-16,Del Norte,015,27424,3438,3285,23,3308,34
2021-09-16,El Dorado,017,186661,14704,14372,1490,15862,127
2021-09-16,Fresno,019,978130,126583,123853,11322,135175,1868
2021-09-16,Glenn,021,27897,3165,3068,906,3974,24
2021-09-16,Humboldt,023,135768,7998,7809,386,8195,80
2021-09-16,Imperial,025,180216,31289,30966,2925,33891,753
2021-09-16,Inyo,027,18085,1663,1623,31,1654,39
2021-09-16,Kern,029,883053,116458,113828,17743,131571,1448
2021-09-16,Kings,031,150075,28775,28114,1604,29718,280
2021-09-16,Lake,033,64148,6070,5890,116,6006,87
2021-09-16,Lassen,035,31185,6246,6028,256,6284,25
2021-09-16,Los Angeles,037,10098052,1391112,1376277,50365,1426642,25796
2021-09-16,Madera,039,155013,20515,19974,1606,21580,257
2021-09-16,Marin,041,260295,16830,16625,382,17007,242
2021-09-16,Mariposa,043,17540,916,849,32,881,6
2021-09-16,Mendocino,045,87422,6656,6445,311,6756,67
2021-09-16,Merced,047,269075,38175,37675,1470,39145,532
2021-09-16,Modoc,049,8938,462,455,159,614,5
2021-09-16,Mono,051,14174,1504,1449,18,1467,3
2021-09-16,Monterey,053,433212,47223,46342,2506,48848,562
2021-09-16,Napa,055,140530,12226,12115,78,12193,95
2021-09-16,Nevada,057,99092,8270,8121,268,8389,84
2021-09-16,Orange,059,3164182,295974,292183,13786,305969,5340
2021-09-16,Placer,061,380077,33773,33037,3128,36165,354
2021-09-16,Plumas,063,18699,1245,1178,23,1201,5
2021-09-16,Riverside,065,2383286,345453,339770,15648,355418,4786
2021-09-16,Sacramento,067,1510023,146937,145754,3663,149417,1996
2021-09-16,San Benito,069,59416,6933,6913,139,7052,67
2021-09-16,San Bernardino,071,2135413,338509,335129,10449,345578,5474
2021-09-16,San Diego,073,3302833,351750,347472,20720,368192,3994
2021-09-16,San Francisco,075,870044,49948,49133,2088,51221,605
2021-09-16,San Joaquin,077,732212,93125,91650,4862,96512,1608
2021-09-16,San Luis Obispo,079,281455,27601,27044,1063,28107,310
2021-09-16,San Mateo,081,765935,51660,50773,764,51537,564
2021-09-16,Santa Barbara,083,443738,41744,41272,1442,42714,497
2021-09-16,Santa Clara,085,1922200,140263,138685,1072,139757,1835
2021-09-16,Santa Cruz,087,273765,19282,19011,958,19969,211
2021-09-16,Shasta,089,179085,18131,17438,2912,20350,251
2021-09-16,Sierra,091,2930,129,123,13,136,0
2021-09-16,Siskiyou,093,43540,2985,2819,1025,3844,35
2021-09-16,Solano,095,438530,43760,42792,1103,43895,312
2021-09-16,Sonoma,097,501317,39088,38707,473,39180,369
2021-09-16,Stanislaus,099,539301,71740,71105,7996,79101,1091
2021-09-16,Sutter,101,95872,12890,12729,233,12962,152
2021-09-16,Tehama,103,63373,7189,6953,1145,8098,83
2021-09-16,Trinity,105,12862,706,547,187,734,7
2021-09-16,Tulare,107,460477,61363,59459,12309,71768,894
2021-09-16,Tuolumne,109,53932,6124,5999,73,6072,89
2021-09-16,Ventura,111,848112,94157,93087,4059,97146,1110
2021-09-16,Yolo,113,214977,18413,18135,816,18951,239
2021-09-16,Yuba,115,75493,9122,8981,197,9178,61
2021-09-15,Alameda,001,1643700,113468,112498,2527,115025,1317
2021-09-15,Alpine,002,1148,99,99,0,99,0
2021-09-15,Amador,005,37829,4908,4792,47,4839,58
2021-09-15,Butte,007,227075,18343,17664,3291,20955,228
2021-09-15,Calaveras,009,45235,3396,3293,32,3325,66
2021-09-15,Colusa,011,21464,2395,2352,526,2878,16
2021-09-15,Contra Costa,013,1133247,94140,92989,1872,94861,913
2021-09-15,Del Norte,015,27424,3425,3271,21,3292,34
2021-09-15,El Dorado,017,186661,14677,14309,1481,15790,127
2021-09-15,Fresno,019,978130,126203,123370,11265,134635,1867
2021-09-15,Glenn,021,27897,3153,3051,901,3952,20
2021-09-15,Humboldt,023,135768,7962,7754,381,8135,52
2021-09-15,Imperial,025,180216,31234,30891,2920,33811,753
2021-09-15,Inyo,027,18085,1659,1614,31,1645,39
2021-09-15,Kern,029,883053,116112,113546,17644,131190,1434
2021-09-15,Kings,031,150075,28696,27991,1596,29587,279
2021-09-15,Lake,033,64148,6037,5852,115,5967,85
2021-09-15,Lassen,035,31185,6186,6018,251,6269,25
2021-09-15,Los Angeles,037,10098052,1389607,1374307,50296,1424603,25767
2021-09-15,Madera,039,155013,20440,19880,1599,21479,257
2021-09-15,Marin,041,260295,16795,16592,377,16969,242
2021-09-15,Mariposa,043,17540,904,843,32,875,5
2021-09-15,Mendocino,045,87422,6626,6399,306,6705,66
2021-09-15,Merced,047,269075,38067,37508,1468,38976,529
2021-09-15,Modoc,049,8938,462,454,159,613,5
2021-09-15,Mono,051,14174,1498,1445,18,1463,3
2021-09-15,Monterey,053,433212,47153,46317,2495,48812,562
2021-09-15,Napa,055,140530,12205,12082,78,12160,95
2021-09-15,Nevada,057,99092,8248,8081,265,8346,84
2021-09-15,Orange,059,3164182,295650,291834,13767,305601,5328
2021-09-15,Placer,061,380077,33662,32860,3107,35967,352
2021-09-15,Plumas,063,18699,1240,1164,22,1186,5
2021-09-15,Riverside,065,2383286,344870,339077,15624,354701,4769
2021-09-15,Sacramento,067,1510023,146511,145202,3631,148833,1981
2021-09-15,San Benito,069,59416,6930,6902,139,7041,67
2021-09-15,San Bernardino,071,2135413,338047,334556,10435,344991,5470
2021-09-15,San Diego,073,3302833,351130,346933,20692,367625,3983
2021-09-15,San Francisco,075,870044,49837,48999,2083,51082,605
2021-09-15,San Joaquin,077,732212,92849,91322,4822,96144,1607
2021-09-15,San Luis Obispo,079,281455,27518,26943,1057,28000,306
2021-09-15,San Mateo,081,765935,51578,50691,761,51452,564
2021-09-15,Santa Barbara,083,443738,41641,41077,1438,42515,497
2021-09-15,Santa Clara,085,1922200,140089,138410,1067,139477,1833
2021-09-15,Santa Cruz,087,273765,19244,18984,956,19940,210
2021-09-15,Shasta,089,179085,18020,17317,2891,20208,250
2021-09-15,Sierra,091,2930,129,123,13,136,0
2021-09-15,Siskiyou,093,43540,2965,2804,995,3799,35
2021-09-15,Solano,095,438530,43688,42682,1098,43780,312
2021-09-15,Sonoma,097,501317,39031,38629,473,39102,369
2021-09-15,Stanislaus,099,539301,71516,70852,7974,78826,1091
2021-09-15,Sutter,101,95872,12857,12699,228,12927,151
2021-09-15,Tehama,103,63373,7148,6894,1136,8030,79
2021-09-15,Trinity,105,12862,704,541,185,726,7
2021-09-15,Tulare,107,460477,61103,59149,12249,71398,890
2021-09-15,Tuolumne,109,53932,6098,5969,73,6042,89
2021-09-15,Ventura,111,848112,94014,92960,4052,97012,1109
2021-09-15,Yolo,113,214977,18379,18064,810,18874,239
2021-09-15,Yuba,115,75493,9088,8953,197,9150,61
2021-09-14,Alameda,001,1643700,113261,112329,2524,114853,1316
2021-09-14,Alpine,002,1148,99,98,0,98,0
2021-09-14,Amador,005,37829,4888,4790,47,4837,57
2021-09-14,Butte,007,227075,18211,17516,3267,20783,226
2021-09-14,Calaveras,009,45235,3376,3280,29,3309,66
2021-09-14,Colusa,011,21464,2391,2344,523,2867,16
2021-09-14,Contra Costa,013,1133247,93942,92822,1864,94686,908
2021-09-14,Del Norte,015,27424,3409,3252,21,3273,32
2021-09-14,El Dorado,017,186661,14624,14247,1473,15720,123
2021-09-14,Fresno,019,978130,125728,123151,11213,134364,1856
2021-09-14,Glenn,021,27897,3136,3045,897,3942,20
2021-09-14,Humboldt,023,135768,7928,7717,376,8093,52
2021-09-14,Imperial,025,180216,31185,30845,2917,33762,752
2021-09-14,Inyo,027,18085,1650,1605,30,1635,39
2021-09-14,Kern,029,883053,115729,113250,17521,130771,1428
2021-09-14,Kings,031,150075,28620,27955,1588,29543,278
2021-09-14,Lake,033,64148,6005,5845,115,5960,83
2021-09-14,Lassen,035,31185,6172,5977,246,6223,25
2021-09-14,Los Angeles,037,10098052,1387771,1372831,50216,1423047,25729
2021-09-14,Madera,039,155013,20358,19800,1588,21388,254
2021-09-14,Marin,041,260295,16767,16584,375,16959,242
2021-09-14,Mariposa,043,17540,893,834,31,865,5
2021-09-14,Mendocino,045,87422,6590,6372,295,6667,65
2021-09-14,Merced,047,269075,37916,37430,1464,38894,526
2021-09-14,Modoc,049,8938,461,453,159,612,5
2021-09-14,Mono,051,14174,1494,1440,18,1458,4
2021-09-14,Monterey,053,433212,47113,46224,2484,48708,558
2021-09-14,Napa,055,140530,12172,12070,77,12147,91
2021-09-14,Nevada,057,99092,8214,8056,265,8321,83
2021-09-14,Orange,059,3164182,295257,291423,13743,305166,5319
2021-09-14,Placer,061,380077,33531,32735,3087,35822,350
2021-09-14,Plumas,063,18699,1225,1148,22,1170,5
2021-09-14,Riverside,065,2383286,344229,338534,15593,354127,4748
2021-09-14,Sacramento,067,1510023,146126,145051,3582,148633,1977
2021-09-14,San Benito,069,59416,6920,6887,139,7026,64
2021-09-14,San Bernardino,071,2135413,337550,333968,10410,344378,5465
2021-09-14,San Diego,073,3302833,350470,346204,20641,366845,3966
2021-09-14,San Francisco,075,870044,49703,48998,2081,51079,603
2021-09-14,San Joaquin,077,732212,92610,91128,4813,95941,1596
2021-09-14,San Luis Obispo,079,281455,27445,26845,1052,27897,304
2021-09-14,San Mateo,081,765935,51480,50602,758,51360,564
2021-09-14,Santa Barbara,083,443738,41545,40783,1429,42212,495
2021-09-14,Santa Clara,085,1922200,139854,138321,1063,139384,1828
2021-09-14,Santa Cruz,087,273765,19204,18965,954,19919,210
2021-09-14,Shasta,089,179085,17889,17152,2870,20022,246
2021-09-14,Sierra,091,2930,129,123,13,136,0
2021-09-14,Siskiyou,093,43540,2941,2756,978,3734,35
2021-09-14,Solano,095,438530,43605,42599,1095,43694,307
2021-09-14,Sonoma,097,501317,38962,38595,469,39064,369
2021-09-14,Stanislaus,099,539301,71256,70697,7946,78643,1091
2021-09-14,Sutter,101,95872,12815,12670,221,12891,149
2021-09-14,Tehama,103,63373,7094,6859,1128,7987,80
2021-09-14,Trinity,105,12862,698,538,184,722,7
2021-09-14,Tulare,107,460477,60850,58961,12178,71139,888
2021-09-14,Tuolumne,109,53932,6077,5951,71,6022,89
2021-09-14,Ventura,111,848112,93829,92841,4035,96876,1107
2021-09-14,Yolo,113,214977,18335,18039,805,18844,239
2021-09-14,Yuba,115,75493,9052,8928,197,9125,61
2021-09-13,Alameda,001,1643700,113047,112159,2519,114678,1309
2021-09-13,Alpine,002,1148,98,98,0,98,0
2021-09-13,Amador,005,37829,4870,4761,47,4808,56
2021-09-13,Butte,007,227075,18087,17393,3238,20631,225
2021-09-13,Calaveras,009,45235,3350,3253,27,3280,65
2021-09-13,Colusa,011,21464,2382,2346,519,2865,16
2021-09-13,Contra Costa,013,1133247,93696,92658,1859,94517,908
2021-09-13,Del Norte,015,27424,3373,3232,21,3253,28
2021-09-13,El Dorado,017,186661,14563,14194,1465,15659,119
2021-09-13,Fresno,019,978130,125261,122650,11147,133797,1853
2021-09-13,Glenn,021,27897,3122,3026,891,3917,20
2021-09-13,Humboldt,023,135768,7895,7659,373,8032,52
2021-09-13,Imperial,025,180216,31132,30802,2914,33716,751
2021-09-13,Inyo,027,18085,1643,1602,30,1632,39
2021-09-13,Kern,029,883053,115345,112930,17399,130329,1424
2021-09-13,Kings,031,150075,28510,27858,1576,29434,275
2021-09-13,Lake,033,64148,5983,5809,115,5924,82
2021-09-13,Lassen,035,31185,6137,5953,245,6198,25
2021-09-13,Los Angeles,037,10098052,1385906,1371423,50150,1421573,25703
2021-09-13,Madera,039,155013,20287,19735,1573,21308,252
2021-09-13,Marin,041,260295,16731,16557,374,16931,242
2021-09-13,Mariposa,043,17540,879,825,31,856,5
2021-09-13,Mendocino,045,87422,6555,6323,286,6609,61
2021-09-13,Merced,047,269075,37766,37291,1459,38750,521
2021-09-13,Modoc,049,8938,460,451,159,610,5
2021-09-13,Mono,051,14174,1488,1435,18,1453,3
2021-09-13,Monterey,053,433212,47024,46188,2471,48659,558
2021-09-13,Napa,055,140530,12154,12039,77,12116,91
2021-09-13,Nevada,057,99092,8188,8021,263,8284,83
2021-09-13,Orange,059,3164182,294824,291128,13721,304849,5312
2021-09-13,Placer,061,380077,33366,32617,3070,35687,343
2021-09-13,Plumas,063,18699,1216,1142,22,1164,5
2021-09-13,Riverside,065,2383286,343583,337876,15575,353451,4731
2021-09-13,Sacramento,067,1510023,145638,144537,3548,148085,1956
2021-09-13,San Benito,069,59416,6904,6867,138,7005,64
2021-09-13,San Bernardino,071,2135413,337059,333613,10385,343998,5441
2021-09-13,San Diego,073,3302833,349683,345647,20589,366236,3961
2021-09-13,San Francisco,075,870044,49573,48914,2075,50989,603
2021-09-13,San Joaquin,077,732212,92325,90966,4795,95761,1581
2021-09-13,San Luis Obispo,079,281455,27348,26805,1049,27854,300
2021-09-13,San Mateo,081,765935,51388,50525,753,51278,564
2021-09-13,Santa Barbara,083,443738,41426,40661,1422,42083,494
2021-09-13,Santa Clara,085,1922200,139608,138152,1058,139210,1820
2021-09-13,Santa Cruz,087,273765,19164,18917,953,19870,210
2021-09-13,Shasta,089,179085,17759,17033,2830,19863,243
2021-09-13,Sierra,091,2930,129,123,13,136,0
2021-09-13,Siskiyou,093,43540,2926,2745,966,3711,35
2021-09-13,Solano,095,438530,43502,42501,1092,43593,306
2021-09-13,Sonoma,097,501317,38895,38513,466,38979,368
2021-09-13,Stanislaus,099,539301,71001,70477,7910,78387,1091
2021-09-13,Sutter,101,95872,12757,12624,217,12841,145
2021-09-13,Tehama,103,63373,7031,6803,1116,7919,79
2021-09-13,Trinity,105,12862,696,533,182,715,7
2021-09-13,Tulare,107,460477,60566,58768,12118,70886,887
2021-09-13,Tuolumne,109,53932,6047,5909,71,5980,89
2021-09-13,Ventura,111,848112,93667,92679,4028,96707,1107
2021-09-13,Yolo,113,214977,18291,17974,799,18773,239
2021-09-13,Yuba,115,75493,9007,8884,196,9080,61
2021-09-12,Alameda,001,1643700,112786,111961,2516,114477,1309
2021-09-12,Alpine,002,1148,98,98,0,98,0
2021-09-12,Amador,005,37829,4849,4752,47,4799,56
2021-09-12,Butte,007,227075,17942,17257,3191,20448,221
2021-09-12,Calaveras,009,45235,3319,3236,23,3259,65
2021-09-12,Colusa,011,21464,2379,2344,518,2862,16
2021-09-12,Contra Costa,013,1133247,93427,92498,1847,94345,908
2021-09-12,Del Norte,015,27424,3338,3200,21,3221,28
2021-09-12,El Dorado,017,186661,14490,14167,1449,15616,119
2021-09-12,Fresno,019,978130,124740,122407,11090,133497,1853
2021-09-12,Glenn,021,27897,3105,3016,885,3901,20
2021-09-12,Humboldt,023,135768,7825,7636,362,7998,52
2021-09-12,Imperial,025,180216,31069,30790,2909,33699,751
2021-09-12,Inyo,027,18085,1633,1596,30,1626,39
2021-09-12,Kern,029,883053,114933,112602,17240,129842,1424
2021-09-12,Kings,031,150075,28399,27764,1559,29323,274
2021-09-12,Lake,033,64148,5943,5781,113,5894,82
2021-09-12,Lassen,035,31185,6100,5943,236,6179,25
2021-09-12,Los Angeles,037,10098052,1383847,1365968,50077,1416045,25630
2021-09-12,Madera,039,155013,20200,19691,1561,21252,252
2021-09-12,Marin,041,260295,16708,16526,374,16900,242
2021-09-12,Mariposa,043,17540,868,811,29,840,5
2021-09-12,Mendocino,045,87422,6515,6283,277,6560,61
2021-09-12,Merced,047,269075,37594,37172,1448,38620,521
2021-09-12,Modoc,049,8938,460,451,158,609,5
2021-09-12,Mono,051,14174,1481,1431,18,1449,3
2021-09-12,Monterey,053,433212,46927,46167,2461,48628,558
2021-09-12,Napa,055,140530,12124,12011,77,12088,91
2021-09-12,Nevada,057,99092,8148,7987,262,8249,83
2021-09-12,Orange,059,3164182,294362,290718,13700,304418,5312
2021-09-12,Placer,061,380077,33216,32520,3048,35568,343
2021-09-12,Plumas,063,18699,1197,1138,22,1160,5
2021-09-12,Riverside,065,2383286,342899,337332,15541,352873,4731
2021-09-12,Sacramento,067,1510023,145129,144030,3509,147539,1959
2021-09-12,San Benito,069,59416,6885,6852,137,6989,64
2021-09-12,San Bernardino,071,2135413,336448,333049,10372,343421,5439
2021-09-12,San Diego,073,3302833,348873,345058,20513,365571,3942
2021-09-12,San Francisco,075,870044,49461,48819,2068,50887,603
2021-09-12,San Joaquin,077,732212,91996,90730,4787,95517,1581
2021-09-12,San Luis Obispo,079,281455,27229,26729,1036,27765,299
2021-09-12,San Mateo,081,765935,51277,50432,749,51181,564
2021-09-12,Santa Barbara,083,443738,41315,40600,1415,42015,494
2021-09-12,Santa Clara,085,1922200,139351,137899,1055,138954,1820
2021-09-12,Santa Cruz,087,273765,19131,18892,952,19844,210
2021-09-12,Shasta,089,179085,17594,16957,2772,19729,243
2021-09-12,Sierra,091,2930,129,123,13,136,0
2021-09-12,Siskiyou,093,43540,2898,2730,951,3681,35
2021-09-12,Solano,095,438530,43396,42409,1089,43498,306
2021-09-12,Sonoma,097,501317,38815,38456,464,38920,368
2021-09-12,Stanislaus,099,539301,70702,70184,7871,78055,1091
2021-09-12,Sutter,101,95872,12715,12589,211,12800,145
2021-09-12,Tehama,103,63373,6968,6732,1104,7836,79
2021-09-12,Trinity,105,12862,692,529,180,709,7
2021-09-12,Tulare,107,460477,60212,58582,12058,70640,887
2021-09-12,Tuolumne,109,53932,6014,5888,71,5959,89
2021-09-12,Ventura,111,848112,93540,92496,4022,96518,1107
2021-09-12,Yolo,113,214977,18225,17943,791,18734,239
2021-09-12,Yuba,115,75493,8972,8842,196,9038,61
2021-09-11,Alameda,001,1643700,112662,111715,2514,114229,1309
2021-09-11,Alpine,002,1148,98,98,0,98,0
2021-09-11,Amador,005,37829,4836,4728,46,4774,56
2021-09-11,Butte,007,227075,17859,17218,3164,20382,221
2021-09-11,Calaveras,009,45235,3311,3208,22,3230,65
2021-09-11,Colusa,011,21464,2378,2338,515,2853,16
2021-09-11,Contra Costa,013,1133247,93308,92269,1843,94112,908
2021-09-11,Del Norte,015,27424,3322,3184,21,3205,28
2021-09-11,El Dorado,017,186661,14471,14117,1442,15559,119
2021-09-11,Fresno,019,978130,124561,122224,11065,133289,1853
2021-09-11,Glenn,021,27897,3095,3007,882,3889,20
2021-09-11,Humboldt,023,135768,7803,7615,359,7974,52
2021-09-11,Imperial,025,180216,31044,30760,2906,33666,751
2021-09-11,Inyo,027,18085,1630,1590,30,1620,39
2021-09-11,Kern,029,883053,114683,112205,17126,129331,1424
2021-09-11,Kings,031,150075,28350,27631,1553,29184,275
2021-09-11,Lake,033,64148,5922,5761,113,5874,82
2021-09-11,Lassen,035,31185,6085,5930,232,6162,25
2021-09-11,Los Angeles,037,10098052,1382873,1365831,50012,1415843,25630
2021-09-11,Madera,039,155013,20148,19648,1556,21204,252
2021-09-11,Marin,041,260295,16679,16496,373,16869,242
2021-09-11,Mariposa,043,17540,863,799,29,828,5
2021-09-11,Mendocino,045,87422,6490,6257,277,6534,61
2021-09-11,Merced,047,269075,37540,37042,1445,38487,521
2021-09-11,Modoc,049,8938,460,449,158,607,5
2021-09-11,Mono,051,14174,1475,1431,18,1449,3
2021-09-11,Monterey,053,433212,46889,46140,2458,48598,558
2021-09-11,Napa,055,140530,12101,11991,77,12068,91
2021-09-11,Nevada,057,99092,8133,7967,262,8229,83
2021-09-11,Orange,059,3164182,294058,290429,13684,304113,5306
2021-09-11,Placer,061,380077,33132,32414,3037,35451,344
2021-09-11,Plumas,063,18699,1190,1112,22,1134,5
2021-09-11,Riverside,065,2383286,342461,336585,15528,352113,4731
2021-09-11,Sacramento,067,1510023,144829,143557,3497,147054,1955
2021-09-11,San Benito,069,59416,6872,6844,137,6981,64
2021-09-11,San Bernardino,071,2135413,336105,332512,10358,342870,5430
2021-09-11,San Diego,073,3302833,348389,344355,20489,364844,3942
2021-09-11,San Francisco,075,870044,49405,48660,2064,50724,603
2021-09-11,San Joaquin,077,732212,91853,90482,4780,95262,1581
2021-09-11,San Luis Obispo,079,281455,27183,26651,1035,27686,299
2021-09-11,San Mateo,081,765935,51205,50341,748,51089,564
2021-09-11,Santa Barbara,083,443738,41242,40451,1415,41866,494
2021-09-11,Santa Clara,085,1922200,139198,137659,1052,138711,1820
2021-09-11,Santa Cruz,087,273765,19102,18865,952,19817,210
2021-09-11,Shasta,089,179085,17500,16877,2752,19629,243
2021-09-11,Sierra,091,2930,129,123,13,136,0
2021-09-11,Siskiyou,093,43540,2881,2717,948,3665,35
2021-09-11,Solano,095,438530,43345,42344,1086,43430,306
2021-09-11,Sonoma,097,501317,38768,38399,462,38861,368
2021-09-11,Stanislaus,099,539301,70577,69974,7858,77832,1091
2021-09-11,Sutter,101,95872,12689,12538,208,12746,145
2021-09-11,Tehama,103,63373,6947,6703,1096,7799,79
2021-09-11,Trinity,105,12862,685,526,180,706,7
2021-09-11,Tulare,107,460477,60100,58321,12012,70333,889
2021-09-11,Tuolumne,109,53932,5995,5879,68,5947,89
2021-09-11,Ventura,111,848112,93458,92328,4017,96345,1107
2021-09-11,Yolo,113,214977,18200,17906,788,18694,239
2021-09-11,Yuba,115,75493,8947,8813,196,9009,61
2021-09-10,Alameda,001,1643700,112471,111386,2513,113899,1306
2021-09-10,Alpine,002,1148,97,97,0,97,0
2021-09-10,Amador,005,37829,4824,4706,46,4752,56
2021-09-10,Butte,007,227075,17785,17051,3146,20197,222
2021-09-10,Calaveras,009,45235,3303,3183,22,3205,65
2021-09-10,Colusa,011,21464,2374,2327,512,2839,16
2021-09-10,Contra Costa,013,1133247,93185,92024,1841,93865,908
2021-09-10,Del Norte,015,27424,3307,3128,20,3148,28
2021-09-10,El Dorado,017,186661,14441,14051,1438,15489,119
2021-09-10,Fresno,019,978130,124237,121659,11039,132698,1846
2021-09-10,Glenn,021,27897,3088,2977,881,3858,20
2021-09-10,Humboldt,023,135768,7771,7543,355,7898,52
2021-09-10,Imperial,025,180216,31021,30716,2904,33620,751
2021-09-10,Inyo,027,18085,1626,1590,30,1620,39
2021-09-10,Kern,029,883053,114429,111832,17010,128842,1419
2021-09-10,Kings,031,150075,28276,27473,1546,29019,274
2021-09-10,Lake,033,64148,5906,5713,111,5824,79
2021-09-10,Lassen,035,31185,6077,5914,229,6143,25
2021-09-10,Los Angeles,037,10098052,1381667,1365709,49948,1415657,25630
2021-09-10,Madera,039,155013,20102,19520,1549,21069,252
2021-09-10,Marin,041,260295,16659,16458,370,16828,242
2021-09-10,Mariposa,043,17540,858,795,29,824,5
2021-09-10,Mendocino,045,87422,6458,6184,276,6460,61
2021-09-10,Merced,047,269075,37488,36884,1444,38328,521
2021-09-10,Modoc,049,8938,460,448,158,606,5
2021-09-10,Mono,051,14174,1470,1422,18,1440,3
2021-09-10,Monterey,053,433212,46843,46084,2456,48540,557
2021-09-10,Napa,055,140530,12076,11948,77,12025,90
2021-09-10,Nevada,057,99092,8115,7932,261,8193,83
2021-09-10,Orange,059,3164182,293751,290022,13674,303696,5302
2021-09-10,Placer,061,380077,33030,32264,3024,35288,343
2021-09-10,Plumas,063,18699,1182,1111,22,1133,5
2021-09-10,Riverside,065,2383286,341988,335988,15521,351509,4720
2021-09-10,Sacramento,067,1510023,144486,143244,3489,146733,1950
2021-09-10,San Benito,069,59416,6868,6824,137,6961,64
2021-09-10,San Bernardino,071,2135413,335687,331894,10349,342243,5422
2021-09-10,San Diego,073,3302833,347842,343173,20452,363625,3941
2021-09-10,San Francisco,075,870044,49326,48518,2057,50575,602
2021-09-10,San Joaquin,077,732212,91673,90208,4774,94982,1573
2021-09-10,San Luis Obispo,079,281455,27150,26526,1033,27559,299
2021-09-10,San Mateo,081,765935,51137,50251,747,50998,564
2021-09-10,Santa Barbara,083,443738,41189,40321,1412,41733,492
2021-09-10,Santa Clara,085,1922200,139015,137337,1051,138388,1817
2021-09-10,Santa Cruz,087,273765,19083,18785,951,19736,210
2021-09-10,Shasta,089,179085,17406,16667,2724,19391,242
2021-09-10,Sierra,091,2930,129,117,13,130,0
2021-09-10,Siskiyou,093,43540,2869,2702,944,3646,35
2021-09-10,Solano,095,438530,43271,42230,1079,43309,305
2021-09-10,Sonoma,097,501317,38710,38271,461,38732,368
2021-09-10,Stanislaus,099,539301,70421,69617,7834,77451,1091
2021-09-10,Sutter,101,95872,12655,12468,208,12676,145
2021-09-10,Tehama,103,63373,6913,6652,1090,7742,77
2021-09-10,Trinity,105,12862,681,524,180,704,7
2021-09-10,Tulare,107,460477,59952,57930,11963,69893,883
2021-09-10,Tuolumne,109,53932,5975,5842,68,5910,89
2021-09-10,Ventura,111,848112,93360,92145,4013,96158,1104
2021-09-10,Yolo,113,214977,18174,17825,784,18609,239
2021-09-10,Yuba,115,75493,8928,8760,195,8955,62
2021-09-09,Alameda,001,1643700,112252,111014,2509,113523,1306
2021-09-09,Alpine,002,1148,97,94,0,94,0
2021-09-09,Amador,005,37829,4803,4698,45,4743,56
2021-09-09,Butte,007,227075,17638,16874,3119,19993,221
2021-09-09,Calaveras,009,45235,3269,3165,22,3187,65
2021-09-09,Colusa,011,21464,2367,2321,511,2832,16
2021-09-09,Contra Costa,013,1133247,92975,91687,1836,93523,904
2021-09-09,Del Norte,015,27424,3284,3102,20,3122,28
2021-09-09,El Dorado,017,186661,14384,13970,1428,15398,119
2021-09-09,Fresno,019,978130,123762,121040,10993,132033,1838
2021-09-09,Glenn,021,27897,3076,2947,877,3824,20
2021-09-09,Humboldt,023,135768,7721,7471,349,7820,52
2021-09-09,Imperial,025,180216,30983,30661,2901,33562,751
2021-09-09,Inyo,027,18085,1619,1586,30,1616,39
2021-09-09,Kern,029,883053,114082,111390,16854,128244,1414
2021-09-09,Kings,031,150075,28174,27282,1535,28817,273
2021-09-09,Lake,033,64148,5882,5638,109,5747,79
2021-09-09,Lassen,035,31185,6027,5860,223,6083,25
2021-09-09,Los Angeles,037,10098052,1379800,1363735,49875,1413610,25583
2021-09-09,Madera,039,155013,20029,19401,1536,20937,252
2021-09-09,Marin,041,260295,16636,16416,367,16783,242
2021-09-09,Mariposa,043,17540,845,779,28,807,5
2021-09-09,Mendocino,045,87422,6424,6089,267,6356,61
2021-09-09,Merced,047,269075,37334,36634,1431,38065,516
2021-09-09,Modoc,049,8938,460,448,158,606,5
2021-09-09,Mono,051,14174,1460,1420,18,1438,3
2021-09-09,Monterey,053,433212,46789,45991,2445,48436,556
2021-09-09,Napa,055,140530,12044,11878,77,11955,90
2021-09-09,Nevada,057,99092,8077,7855,261,8116,82
2021-09-09,Orange,059,3164182,293342,289109,13643,302752,5299
2021-09-09,Placer,061,380077,32912,32048,3009,35057,342
2021-09-09,Plumas,063,18699,1171,1098,22,1120,5
2021-09-09,Riverside,065,2383286,341349,334774,15503,350277,4701
2021-09-09,Sacramento,067,1510023,144005,142728,3444,146172,1929
2021-09-09,San Benito,069,59416,6858,6820,136,6956,64
2021-09-09,San Bernardino,071,2135413,335113,331040,10336,341376,5417
2021-09-09,San Diego,073,3302833,347128,342149,20395,362544,3929
2021-09-09,San Francisco,075,870044,49212,48404,2048,50452,597
2021-09-09,San Joaquin,077,732212,91400,89874,4756,94630,1570
2021-09-09,San Luis Obispo,079,281455,27068,26472,1030,27502,296
2021-09-09,San Mateo,081,765935,51016,50143,744,50887,561
2021-09-09,Santa Barbara,083,443738,41082,40180,1408,41588,490
2021-09-09,Santa Clara,085,1922200,138792,137017,1046,138063,1816
2021-09-09,Santa Cruz,087,273765,19037,18728,951,19679,210
2021-09-09,Shasta,089,179085,17260,16401,2683,19084,238
2021-09-09,Sierra,091,2930,129,115,13,128,0
2021-09-09,Siskiyou,093,43540,2846,2683,930,3613,35
2021-09-09,Solano,095,438530,43156,42081,1075,43156,303
2021-09-09,Sonoma,097,501317,38642,38171,460,38631,360
2021-09-09,Stanislaus,099,539301,70142,69178,7802,76980,1074
2021-09-09,Sutter,101,95872,12600,12396,206,12602,144
2021-09-09,Tehama,103,63373,6859,6554,1085,7639,75
2021-09-09,Trinity,105,12862,675,523,178,701,6
2021-09-09,Tulare,107,460477,59711,57564,11904,69468,879
2021-09-09,Tuolumne,109,53932,5947,5802,67,5869,89
2021-09-09,Ventura,111,848112,93215,91610,4004,95614,1098
2021-09-09,Yolo,113,214977,18117,17724,782,18506,239
2021-09-09,Yuba,115,75493,8883,8707,192,8899,55
2021-09-08,Alameda,001,1643700,112008,110781,2507,113288,1305
2021-09-08,Alpine,002,1148,97,94,0,94,0
2021-09-08,Amador,005,37829,4791,4693,45,4738,56
2021-09-08,Butte,007,227075,17504,16775,3100,19875,220
2021-09-08,Calaveras,009,45235,3251,3157,22,3179,63
2021-09-08,Colusa,011,21464,2365,2308,511,2819,16
2021-09-08,Contra Costa,013,1133247,92695,91471,1831,93302,900
2021-09-08,Del Norte,015,27424,3261,3085,20,3105,25
2021-09-08,El Dorado,017,186661,14304,13928,1408,15336,119
2021-09-08,Fresno,019,978130,123261,120644,10930,131574,1831
2021-09-08,Glenn,021,27897,3061,2942,868,3810,20
2021-09-08,Humboldt,023,135768,7676,7438,341,7779,52
2021-09-08,Imperial,025,180216,30950,30609,2888,33497,751
2021-09-08,Inyo,027,18085,1608,1580,30,1610,39
2021-09-08,Kern,029,883053,113685,110933,16716,127649,1409
2021-09-08,Kings,031,150075,28045,27235,1521,28756,267
2021-09-08,Lake,033,64148,5851,5618,107,5725,79
2021-09-08,Lassen,035,31185,6009,5848,216,6064,25
2021-09-08,Los Angeles,037,10098052,1377727,1362029,49790,1411819,25533
2021-09-08,Madera,039,155013,19968,19352,1523,20875,252
2021-09-08,Marin,041,260295,16608,16386,366,16752,242
2021-09-08,Mariposa,043,17540,833,777,27,804,5
2021-09-08,Mendocino,045,87422,6380,6069,258,6327,61
2021-09-08,Merced,047,269075,37173,36500,1419,37919,516
2021-09-08,Modoc,049,8938,460,448,158,606,5
2021-09-08,Mono,051,14174,1454,1418,18,1436,3
2021-09-08,Monterey,053,433212,46740,45959,2439,48398,554
2021-09-08,Napa,055,140530,12009,11842,75,11917,90
2021-09-08,Nevada,057,99092,8042,7843,260,8103,82
2021-09-08,Orange,059,3164182,292932,288511,13620,302131,5290
2021-09-08,Placer,061,380077,32775,31852,2992,34844,337
2021-09-08,Plumas,063,18699,1164,1072,22,1094,5
2021-09-08,Riverside,065,2383286,340590,334037,15478,349515,4683
2021-09-08,Sacramento,067,1510023,143526,142448,3396,145844,1921
2021-09-08,San Benito,069,59416,6840,6800,136,6936,64
2021-09-08,San Bernardino,071,2135413,334506,330279,10319,340598,5411
2021-09-08,San Diego,073,3302833,346211,341437,20344,361781,3926
2021-09-08,San Francisco,075,870044,49073,48263,2044,50307,589
2021-09-08,San Joaquin,077,732212,91120,89631,4732,94363,1561
2021-09-08,San Luis Obispo,079,281455,26974,26303,1025,27328,294
2021-09-08,San Mateo,081,765935,50911,50051,744,50795,561
2021-09-08,Santa Barbara,083,443738,40970,40000,1404,41404,490
2021-09-08,Santa Clara,085,1922200,138559,136836,1042,137878,1810
2021-09-08,Santa Cruz,087,273765,19000,18699,951,19650,210
2021-09-08,Shasta,089,179085,17105,16227,2636,18863,234
2021-09-08,Sierra,091,2930,129,113,13,126,0
2021-09-08,Siskiyou,093,43540,2813,2643,919,3562,35
2021-09-08,Solano,095,438530,43061,41971,1073,43044,302
2021-09-08,Sonoma,097,501317,38558,38075,459,38534,360
2021-09-08,Stanislaus,099,539301,69910,68945,7763,76708,1074
2021-09-08,Sutter,101,95872,12535,12349,203,12552,144
2021-09-08,Tehama,103,63373,6792,6520,1067,7587,75
2021-09-08,Trinity,105,12862,672,520,174,694,6
2021-09-08,Tulare,107,460477,59388,57425,11847,69272,876
2021-09-08,Tuolumne,109,53932,5915,5783,65,5848,89
2021-09-08,Ventura,111,848112,93063,91345,3986,95331,1096
2021-09-08,Yolo,113,214977,18036,17680,778,18458,239
2021-09-08,Yuba,115,75493,8841,8675,190,8865,55
2021-09-07,Alameda,001,1643700,111708,110550,2500,113050,1301
2021-09-07,Alpine,002,1148,96,94,0,94,0
2021-09-07,Amador,005,37829,4764,4679,45,4724,53
2021-09-07,Butte,007,227075,17348,16723,3064,19787,220
2021-09-07,Calaveras,009,45235,3210,3140,20,3160,63
2021-09-07,Colusa,011,21464,2355,2306,509,2815,16
2021-09-07,Contra Costa,013,1133247,92429,91167,1825,92992,891
2021-09-07,Del Norte,015,27424,3247,3081,20,3101,24
2021-09-07,El Dorado,017,186661,14232,13892,1393,15285,119
2021-09-07,Fresno,019,978130,122703,120268,10837,131105,1828
2021-09-07,Glenn,021,27897,3049,2937,862,3799,20
2021-09-07,Humboldt,023,135768,7616,7397,324,7721,52
2021-09-07,Imperial,025,180216,30910,30584,2880,33464,751
2021-09-07,Inyo,027,18085,1602,1579,29,1608,39
2021-09-07,Kern,029,883053,113253,110674,16558,127232,1408
2021-09-07,Kings,031,150075,27921,27169,1503,28672,267
2021-09-07,Lake,033,64148,5808,5597,99,5696,78
2021-09-07,Lassen,035,31185,5991,5842,210,6052,21
2021-09-07,Los Angeles,037,10098052,1375496,1360407,49699,1410106,25486
2021-09-07,Madera,039,155013,19881,19316,1515,20831,249
2021-09-07,Marin,041,260295,16569,16363,366,16729,242
2021-09-07,Mariposa,043,17540,817,771,27,798,5
2021-09-07,Mendocino,045,87422,6320,6036,248,6284,61
2021-09-07,Merced,047,269075,36998,36400,1413,37813,513
2021-09-07,Modoc,049,8938,458,449,158,607,5
2021-09-07,Mono,051,14174,1445,1416,18,1434,3
2021-09-07,Monterey,053,433212,46657,45911,2427,48338,543
2021-09-07,Napa,055,140530,11968,11814,75,11889,90
2021-09-07,Nevada,057,99092,8015,7829,260,8089,82
2021-09-07,Orange,059,3164182,292503,288225,13590,301815,5274
2021-09-07,Placer,061,380077,32623,31710,2964,34674,337
2021-09-07,Plumas,063,18699,1149,1071,22,1093,5
2021-09-07,Riverside,065,2383286,339802,333390,15459,348849,4666
2021-09-07,Sacramento,067,1510023,142987,142364,3349,145713,1905
2021-09-07,San Benito,069,59416,6822,6786,136,6922,64
2021-09-07,San Bernardino,071,2135413,333754,329962,10294,340256,5407
2021-09-07,San Diego,073,3302833,345213,340709,20278,360987,3922
2021-09-07,San Francisco,075,870044,48933,48175,2039,50214,589
2021-09-07,San Joaquin,077,732212,90784,89468,4718,94186,1548
2021-09-07,San Luis Obispo,079,281455,26857,26253,1016,27269,287
2021-09-07,San Mateo,081,765935,50815,49913,743,50656,561
2021-09-07,Santa Barbara,083,443738,40844,39957,1399,41356,489
2021-09-07,Santa Clara,085,1922200,138270,136631,1037,137668,1807
2021-09-07,Santa Cruz,087,273765,18951,18669,949,19618,210
2021-09-07,Shasta,089,179085,16949,16096,2584,18680,226
2021-09-07,Sierra,091,2930,129,111,13,124,0
2021-09-07,Siskiyou,093,43540,2787,2607,902,3509,34
2021-09-07,Solano,095,438530,42931,41862,1069,42931,300
2021-09-07,Sonoma,097,501317,38474,38013,457,38470,358
2021-09-07,Stanislaus,099,539301,69639,68831,7736,76567,1074
2021-09-07,Sutter,101,95872,12461,12310,197,12507,138
2021-09-07,Tehama,103,63373,6740,6482,1047,7529,74
2021-09-07,Trinity,105,12862,666,517,174,691,6
2021-09-07,Tulare,107,460477,59038,57228,11767,68995,874
2021-09-07,Tuolumne,109,53932,5878,5759,65,5824,88
2021-09-07,Ventura,111,848112,92852,91246,3976,95222,1093
2021-09-07,Yolo,113,214977,17966,17653,776,18429,235
2021-09-07,Yuba,115,75493,8798,8642,185,8827,55
2021-09-06,Alameda,001,1643700,111395,110357,2492,112849,1301
2021-09-06,Alpine,002,1148,94,94,0,94,0
2021-09-06,Amador,005,37829,4748,4648,44,4692,53
2021-09-06,Butte,007,227075,17157,16588,3020,19608,218
2021-09-06,Calaveras,009,45235,3188,3122,20,3142,63
2021-09-06,Colusa,011,21464,2348,2306,505,2811,16
2021-09-06,Contra Costa,013,1133247,92133,90971,1815,92786,891
2021-09-06,Del Norte,015,27424,3206,3037,19,3056,24
2021-09-06,El Dorado,017,186661,14163,13848,1377,15225,119
2021-09-06,Fresno,019,978130,122127,119738,10761,130499,1828
2021-09-06,Glenn,021,27897,3020,2912,854,3766,20
2021-09-06,Humboldt,023,135768,7540,7320,306,7626,52
2021-09-06,Imperial,025,180216,30848,30576,2874,33450,751
2021-09-06,Inyo,027,18085,1593,1578,17,1595,39
2021-09-06,Kern,029,883053,112740,110347,16370,126717,1408
2021-09-06,Kings,031,150075,27778,27094,1488,28582,264
2021-09-06,Lake,033,64148,5744,5548,92,5640,78
2021-09-06,Lassen,035,31185,5965,5822,200,6022,21
2021-09-06,Los Angeles,037,10098052,1373117,1359348,49587,1408935,25477
2021-09-06,Madera,039,155013,19778,19191,1492,20683,249
2021-09-06,Marin,041,260295,16529,16356,366,16722,242
2021-09-06,Mariposa,043,17540,805,764,27,791,5
2021-09-06,Mendocino,045,87422,6250,5984,235,6219,61
2021-09-06,Merced,047,269075,36783,36300,1399,37699,513
2021-09-06,Modoc,049,8938,455,449,158,607,5
2021-09-06,Mono,051,14174,1441,1416,18,1434,3
2021-09-06,Monterey,053,433212,46563,45833,2411,48244,541
2021-09-06,Napa,055,140530,11925,11792,74,11866,90
2021-09-06,Nevada,057,99092,7967,7748,258,8006,82
2021-09-06,Orange,059,3164182,292009,287948,13539,301487,5274
2021-09-06,Placer,061,380077,32447,31595,2926,34521,337
2021-09-06,Plumas,063,18699,1128,1068,19,1087,5
2021-09-06,Riverside,065,2383286,338986,333052,15439,348491,4666
2021-09-06,Sacramento,067,1510023,142350,141730,3281,145011,1905
2021-09-06,San Benito,069,59416,6799,6777,133,6910,64
2021-09-06,San Bernardino,071,2135413,332864,329693,10263,339956,5398
2021-09-06,San Diego,073,3302833,344214,340222,20181,360403,3922
2021-09-06,San Francisco,075,870044,48799,48120,2034,50154,589
2021-09-06,San Joaquin,077,732212,90440,89293,4692,93985,1548
2021-09-06,San Luis Obispo,079,281455,26728,26183,1012,27195,286
2021-09-06,San Mateo,081,765935,50685,49859,741,50600,561
2021-09-06,Santa Barbara,083,443738,40713,39876,1390,41266,489
2021-09-06,Santa Clara,085,1922200,137978,136458,1035,137493,1807
2021-09-06,Santa Cruz,087,273765,18903,18615,946,19561,210
2021-09-06,Shasta,089,179085,16768,15985,2530,18515,226
2021-09-06,Sierra,091,2930,129,109,13,122,0
2021-09-06,Siskiyou,093,43540,2743,2595,868,3463,34
2021-09-06,Solano,095,438530,42783,41774,1063,42837,300
2021-09-06,Sonoma,097,501317,38353,37929,456,38385,358
2021-09-06,Stanislaus,099,539301,69297,68596,7692,76288,1074
2021-09-06,Sutter,101,95872,12399,12238,188,12426,138
2021-09-06,Tehama,103,63373,6678,6413,1020,7433,74
2021-09-06,Trinity,105,12862,663,515,172,687,6
2021-09-06,Tulare,107,460477,58677,57068,11687,68755,874
2021-09-06,Tuolumne,109,53932,5842,5697,65,5762,88
2021-09-06,Ventura,111,848112,92675,91132,3964,95096,1093
2021-09-06,Yolo,113,214977,17879,17576,771,18347,235
2021-09-06,Yuba,115,75493,8748,8584,181,8765,55
2021-09-05,Alameda,001,1643700,111202,110173,2489,112662,1301
2021-09-05,Alpine,002,1148,94,94,0,94,0
2021-09-05,Amador,005,37829,4736,4642,44,4686,53
2021-09-05,Butte,007,227075,17067,16504,2991,19495,218
2021-09-05,Calaveras,009,45235,3182,3106,20,3126,63
2021-09-05,Colusa,011,21464,2340,2305,503,2808,16
2021-09-05,Contra Costa,013,1133247,91948,90862,1810,92672,891
2021-09-05,Del Norte,015,27424,3186,3023,19,3042,24
2021-09-05,El Dorado,017,186661,14134,13827,1364,15191,119
2021-09-05,Fresno,019,978130,121829,119384,10720,130104,1828
2021-09-05,Glenn,021,27897,3006,2899,852,3751,20
2021-09-05,Humboldt,023,135768,7507,7312,303,7615,52
2021-09-05,Imperial,025,180216,30819,30548,2872,33420,751
2021-09-05,Inyo,027,18085,1590,1572,17,1589,39
2021-09-05,Kern,029,883053,112441,110073,16211,126284,1408
2021-09-05,Kings,031,150075,27701,26989,1484,28473,264
2021-09-05,Lake,033,64148,5724,5525,92,5617,78
2021-09-05,Lassen,035,31185,5943,5820,196,6016,21
2021-09-05,Los Angeles,037,10098052,1371819,1357748,49520,1407268,25465
2021-09-05,Madera,039,155013,19737,19155,1481,20636,249
2021-09-05,Marin,041,260295,16510,16342,365,16707,242
2021-09-05,Mariposa,043,17540,801,761,27,788,5
2021-09-05,Mendocino,045,87422,6216,5965,235,6200,61
2021-09-05,Merced,047,269075,36708,36243,1397,37640,513
2021-09-05,Modoc,049,8938,455,447,158,605,5
2021-09-05,Mono,051,14174,1441,1416,18,1434,3
2021-09-05,Monterey,053,433212,46534,45795,2402,48197,540
2021-09-05,Napa,055,140530,11900,11770,74,11844,90
2021-09-05,Nevada,057,99092,7945,7722,257,7979,82
2021-09-05,Orange,059,3164182,291720,287614,13522,301136,5274
2021-09-05,Placer,061,380077,32320,31487,2912,34399,337
2021-09-05,Plumas,063,18699,1121,1067,19,1086,5
2021-09-05,Riverside,065,2383286,338532,332604,15427,348031,4654
2021-09-05,Sacramento,067,1510023,141912,141276,3263,144539,1905
2021-09-05,San Benito,069,59416,6798,6764,133,6897,64
2021-09-05,San Bernardino,071,2135413,332480,329062,10247,339309,5392
2021-09-05,San Diego,073,3302833,343662,339427,20140,359567,3914
2021-09-05,San Francisco,075,870044,48720,48035,2030,50065,589
2021-09-05,San Joaquin,077,732212,90274,89121,4675,93796,1548
2021-09-05,San Luis Obispo,079,281455,26678,26098,1011,27109,285
2021-09-05,San Mateo,081,765935,50617,49809,737,50546,561
2021-09-05,Santa Barbara,083,443738,40646,39762,1388,41150,489
2021-09-05,Santa Clara,085,1922200,137768,136146,1033,137179,1807
2021-09-05,Santa Cruz,087,273765,18883,18588,944,19532,210
2021-09-05,Shasta,089,179085,16686,15960,2504,18464,226
2021-09-05,Sierra,091,2930,128,109,13,122,0
2021-09-05,Siskiyou,093,43540,2726,2585,854,3439,34
2021-09-05,Solano,095,438530,42688,41687,1058,42745,300
2021-09-05,Sonoma,097,501317,38268,37881,455,38336,358
2021-09-05,Stanislaus,099,539301,69157,68434,7668,76102,1074
2021-09-05,Sutter,101,95872,12369,12179,182,12361,138
2021-09-05,Tehama,103,63373,6651,6400,1014,7414,74
2021-09-05,Trinity,105,12862,657,505,171,676,6
2021-09-05,Tulare,107,460477,58508,56915,11643,68558,874
2021-09-05,Tuolumne,109,53932,5830,5688,65,5753,88
2021-09-05,Ventura,111,848112,92539,91004,3960,94964,1093
2021-09-05,Yolo,113,214977,17842,17557,765,18322,235
2021-09-05,Yuba,115,75493,8722,8521,179,8700,55
2021-09-04,Alameda,001,1643700,111079,109944,2482,112426,1301
2021-09-04,Alpine,002,1148,94,94,0,94,0
2021-09-04,Amador,005,37829,4718,4637,43,4680,53
2021-09-04,Butte,007,227075,17009,16403,2976,19379,218
2021-09-04,Calaveras,009,45235,3170,3087,19,3106,63
2021-09-04,Colusa,011,21464,2338,2301,503,2804,16
2021-09-04,Contra Costa,013,1133247,91831,90623,1807,92430,891
2021-09-04,Del Norte,015,27424,3175,2984,19,3003,24
2021-09-04,El Dorado,017,186661,14108,13782,1356,15138,119
2021-09-04,Fresno,019,978130,121633,119033,10699,129732,1828
2021-09-04,Glenn,021,27897,2996,2878,846,3724,20
2021-09-04,Humboldt,023,135768,7476,7298,297,7595,52
2021-09-04,Imperial,025,180216,30796,30526,2870,33396,751
2021-09-04,Inyo,027,18085,1588,1571,17,1588,39
2021-09-04,Kern,029,883053,112198,109751,16081,125832,1408
2021-09-04,Kings,031,150075,27614,26896,1478,28374,263
2021-09-04,Lake,033,64148,5706,5507,92,5599,78
2021-09-04,Lassen,035,31185,5928,5814,188,6002,21
2021-09-04,Los Angeles,037,10098052,1370860,1355634,49465,1405099,25454
2021-09-04,Madera,039,155013,19704,19112,1474,20586,249
2021-09-04,Marin,041,260295,16494,16319,364,16683,242
2021-09-04,Mariposa,043,17540,796,759,27,786,5
2021-09-04,Mendocino,045,87422,6180,5933,235,6168,61
2021-09-04,Merced,047,269075,36664,36083,1392,37475,513
2021-09-04,Modoc,049,8938,455,447,158,605,5
2021-09-04,Mono,051,14174,1438,1417,18,1435,3
2021-09-04,Monterey,053,433212,46503,45756,2398,48154,540
2021-09-04,Napa,055,140530,11875,11760,72,11832,90
2021-09-04,Nevada,057,99092,7930,7691,256,7947,82
2021-09-04,Orange,059,3164182,291457,287244,13501,300745,5274
2021-09-04,Placer,061,380077,32217,31374,2895,34269,337
2021-09-04,Plumas,063,18699,1113,1067,19,1086,5
2021-09-04,Riverside,065,2383286,338062,331958,15415,347373,4654
2021-09-04,Sacramento,067,1510023,141618,140735,3255,143990,1896
2021-09-04,San Benito,069,59416,6789,6758,133,6891,64
2021-09-04,San Bernardino,071,2135413,332147,328425,10233,338658,5393
2021-09-04,San Diego,073,3302833,343227,338748,20118,358866,3914
2021-09-04,San Francisco,075,870044,48645,47937,2022,49959,589
2021-09-04,San Joaquin,077,732212,90159,88846,4667,93513,1548
2021-09-04,San Luis Obispo,079,281455,26646,26020,1011,27031,285
2021-09-04,San Mateo,081,765935,50563,49721,737,50458,560
2021-09-04,Santa Barbara,083,443738,40580,39667,1386,41053,489
2021-09-04,Santa Clara,085,1922200,137583,135845,1030,136875,1806
2021-09-04,Santa Cruz,087,273765,18865,18579,940,19519,210
2021-09-04,Shasta,089,179085,16609,15924,2478,18402,226
2021-09-04,Sierra,091,2930,126,108,13,121,0
2021-09-04,Siskiyou,093,43540,2700,2563,843,3406,34
2021-09-04,Solano,095,438530,42615,41614,1056,42670,300
2021-09-04,Sonoma,097,501317,38235,37809,455,38264,358
2021-09-04,Stanislaus,099,539301,69010,68210,7643,75853,1074
2021-09-04,Sutter,101,95872,12328,12137,181,12318,138
2021-09-04,Tehama,103,63373,6626,6367,996,7363,74
2021-09-04,Trinity,105,12862,655,497,171,668,6
2021-09-04,Tulare,107,460477,58400,56719,11600,68319,874
2021-09-04,Tuolumne,109,53932,5811,5667,63,5730,88
2021-09-04,Ventura,111,848112,92404,90904,3957,94861,1090
2021-09-04,Yolo,113,214977,17806,17522,761,18283,235
2021-09-04,Yuba,115,75493,8693,8475,178,8653,55
2021-09-03,Alameda,001,1643700,110919,109636,2480,112116,1301
2021-09-03,Alpine,002,1148,94,94,0,94,0
2021-09-03,Amador,005,37829,4696,4614,43,4657,53
2021-09-03,Butte,007,227075,16918,16259,2950,19209,215
2021-09-03,Calaveras,009,45235,3160,3069,19,3088,63
2021-09-03,Colusa,011,21464,2333,2295,502,2797,16
2021-09-03,Contra Costa,013,1133247,91679,90299,1804,92103,886
2021-09-03,Del Norte,015,27424,3147,2943,18,2961,24
2021-09-03,El Dorado,017,186661,14075,13710,1352,15062,119
2021-09-03,Fresno,019,978130,121296,118508,10677,129185,1822
2021-09-03,Glenn,021,27897,2987,2867,838,3705,20
2021-09-03,Humboldt,023,135768,7451,7194,292,7486,52
2021-09-03,Imperial,025,180216,30772,30475,2865,33340,751
2021-09-03,Inyo,027,18085,1583,1567,17,1584,39
2021-09-03,Kern,029,883053,111982,109296,15970,125266,1407
2021-09-03,Kings,031,150075,27530,26753,1475,28228,263
2021-09-03,Lake,033,64148,5686,5479,90,5569,78
2021-09-03,Lassen,035,31185,5911,5789,184,5973,21
2021-09-03,Los Angeles,037,10098052,1369529,1351185,49400,1400585,25384
2021-09-03,Madera,039,155013,19619,19021,1468,20489,247
2021-09-03,Marin,041,260295,16472,16293,363,16656,242
2021-09-03,Mariposa,043,17540,789,753,25,778,5
2021-09-03,Mendocino,045,87422,6145,5891,235,6126,61
2021-09-03,Merced,047,269075,36610,35941,1383,37324,512
2021-09-03,Modoc,049,8938,455,445,158,603,5
2021-09-03,Mono,051,14174,1437,1410,18,1428,3
2021-09-03,Monterey,053,433212,46465,45707,2394,48101,540
2021-09-03,Napa,055,140530,11854,11733,72,11805,89
2021-09-03,Nevada,057,99092,7896,7632,256,7888,82
2021-09-03,Orange,059,3164182,291139,286818,13474,300292,5253
2021-09-03,Placer,061,380077,32110,31238,2871,34109,335
2021-09-03,Plumas,063,18699,1102,1057,19,1076,5
2021-09-03,Riverside,065,2383286,337530,331011,15399,346410,4653
2021-09-03,Sacramento,067,1510023,141254,139982,3237,143219,1886
2021-09-03,San Benito,069,59416,6783,6746,133,6879,64
2021-09-03,San Bernardino,071,2135413,331730,327599,10223,337822,5381
2021-09-03,San Diego,073,3302833,342607,337627,20085,357712,3911
2021-09-03,San Francisco,075,870044,48569,47822,2016,49838,589
2021-09-03,San Joaquin,077,732212,90006,88366,4659,93025,1540
2021-09-03,San Luis Obispo,079,281455,26571,25917,1009,26926,283
2021-09-03,San Mateo,081,765935,50468,49617,735,50352,560
2021-09-03,Santa Barbara,083,443738,40512,39507,1383,40890,489
2021-09-03,Santa Clara,085,1922200,137379,135522,1026,136548,1801
2021-09-03,Santa Cruz,087,273765,18840,18532,940,19472,210
2021-09-03,Shasta,089,179085,16534,15778,2454,18232,226
2021-09-03,Sierra,091,2930,124,105,13,118,0
2021-09-03,Siskiyou,093,43540,2688,2529,830,3359,34
2021-09-03,Solano,095,438530,42519,41457,1053,42510,300
2021-09-03,Sonoma,097,501317,38172,37699,455,38154,358
2021-09-03,Stanislaus,099,539301,68834,67887,7617,75504,1074
2021-09-03,Sutter,101,95872,12289,12073,180,12253,139
2021-09-03,Tehama,103,63373,6587,6334,989,7323,72
2021-09-03,Trinity,105,12862,653,490,167,657,6
2021-09-03,Tulare,107,460477,58274,56401,11548,67949,872
2021-09-03,Tuolumne,109,53932,5769,5630,63,5693,88
2021-09-03,Ventura,111,848112,92270,90742,3953,94695,1088
2021-09-03,Yolo,113,214977,17782,17446,757,18203,235
2021-09-03,Yuba,115,75493,8662,8412,178,8590,55
2021-09-02,Alameda,001,1643700,110661,109377,2477,111854,1301
2021-09-02,Alpine,002,1148,93,92,0,92,0
2021-09-02,Amador,005,37829,4680,4606,43,4649,53
2021-09-02,Butte,007,227075,16791,16154,2931,19085,215
2021-09-02,Calaveras,009,45235,3147,3042,19,3061,62
2021-09-02,Colusa,011,21464,2329,2290,502,2792,16
2021-09-02,Contra Costa,013,1133247,91496,90038,1793,91831,886
2021-09-02,Del Norte,015,27424,3116,2891,18,2909,24
2021-09-02,El Dorado,017,186661,14017,13641,1327,14968,119
2021-09-02,Fresno,019,978130,120810,117974,10622,128596,1804
2021-09-02,Glenn,021,27897,2971,2855,832,3687,20
2021-09-02,Humboldt,023,135768,7404,7141,281,7422,52
2021-09-02,Imperial,025,180216,30728,30449,2860,33309,751
2021-09-02,Inyo,027,18085,1578,1564,16,1580,39
2021-09-02,Kern,029,883053,111569,108930,15826,124756,1404
2021-09-02,Kings,031,150075,27437,26638,1465,28103,263
2021-09-02,Lake,033,64148,5656,5432,86,5518,78
2021-09-02,Lassen,035,31185,5897,5747,177,5924,21
2021-09-02,Los Angeles,037,10098052,1367672,1351105,49308,1400413,25382
2021-09-02,Madera,039,155013,19528,18937,1450,20387,247
2021-09-02,Marin,041,260295,16459,16244,361,16605,242
2021-09-02,Mariposa,043,17540,782,745,22,767,5
2021-09-02,Mendocino,045,87422,6103,5848,232,6080,61
2021-09-02,Merced,047,269075,36447,35820,1376,37196,508
2021-09-02,Modoc,049,8938,455,437,158,595,5
2021-09-02,Mono,051,14174,1437,1409,18,1427,3
2021-09-02,Monterey,053,433212,46399,45648,2379,48027,539
2021-09-02,Napa,055,140530,11825,11684,72,11756,88
2021-09-02,Nevada,057,99092,7844,7575,255,7830,82
2021-09-02,Orange,059,3164182,290679,286326,13440,299766,5240
2021-09-02,Placer,061,380077,31972,31067,2842,33909,330
2021-09-02,Plumas,063,18699,1091,1045,18,1063,5
2021-09-02,Riverside,065,2383286,336814,330190,15375,345565,4644
2021-09-02,Sacramento,067,1510023,140671,139274,3197,142471,1882
2021-09-02,San Benito,069,59416,6778,6734,132,6866,64
2021-09-02,San Bernardino,071,2135413,331120,326940,10150,337090,5369
2021-09-02,San Diego,073,3302833,341649,336382,20032,356414,3909
2021-09-02,San Francisco,075,870044,48459,47674,2012,49686,587
2021-09-02,San Joaquin,077,732212,89722,88056,4635,92691,1540
2021-09-02,San Luis Obispo,079,281455,26486,25851,1004,26855,283
2021-09-02,San Mateo,081,765935,50367,49490,733,50223,558
2021-09-02,Santa Barbara,083,443738,40422,39386,1370,40756,486
2021-09-02,Santa Clara,085,1922200,137078,135216,1020,136236,1799
2021-09-02,Santa Cruz,087,273765,18806,18473,937,19410,210
2021-09-02,Shasta,089,179085,16396,15670,2425,18095,224
2021-09-02,Sierra,091,2930,124,105,13,118,0
2021-09-02,Siskiyou,093,43540,2667,2513,802,3315,34
2021-09-02,Solano,095,438530,42413,41293,1050,42343,294
2021-09-02,Sonoma,097,501317,38091,37558,455,38013,352
2021-09-02,Stanislaus,099,539301,68594,67576,7597,75173,1074
2021-09-02,Sutter,101,95872,12220,11995,176,12171,138
2021-09-02,Tehama,103,63373,6529,6265,970,7235,72
2021-09-02,Trinity,105,12862,649,484,165,649,6
2021-09-02,Tulare,107,460477,58043,56105,11494,67599,872
2021-09-02,Tuolumne,109,53932,5712,5578,63,5641,88
2021-09-02,Ventura,111,848112,92087,90610,3948,94558,1084
2021-09-02,Yolo,113,214977,17707,17357,751,18108,235
2021-09-02,Yuba,115,75493,8602,8363,178,8541,55
2021-09-01,Alameda,001,1643700,110393,109075,2472,111547,1299
2021-09-01,Alpine,002,1148,93,92,0,92,0
2021-09-01,Amador,005,37829,4664,4599,42,4641,53
2021-09-01,Butte,007,227075,16675,16046,2902,18948,215
2021-09-01,Calaveras,009,45235,3135,3023,19,3042,59
2021-09-01,Colusa,011,21464,2324,2281,501,2782,16
2021-09-01,Contra Costa,013,1133247,91260,89834,1786,91620,877
2021-09-01,Del Norte,015,27424,3083,2860,18,2878,24
2021-09-01,El Dorado,017,186661,13961,13577,1298,14875,119
2021-09-01,Fresno,019,978130,120321,117492,10552,128044,1800
2021-09-01,Glenn,021,27897,2946,2846,824,3670,20
2021-09-01,Humboldt,023,135768,7357,7090,274,7364,52
2021-09-01,Imperial,025,180216,30690,30393,2855,33248,750
2021-09-01,Inyo,027,18085,1574,1561,15,1576,39
2021-09-01,Kern,029,883053,111139,108449,15688,124137,1400
2021-09-01,Kings,031,150075,27324,26443,1454,27897,263
2021-09-01,Lake,033,64148,5615,5396,81,5477,77
2021-09-01,Lassen,035,31185,5875,5731,173,5904,21
2021-09-01,Los Angeles,037,10098052,1365406,1348589,49208,1397797,25341
2021-09-01,Madera,039,155013,19450,18852,1435,20287,247
2021-09-01,Marin,041,260295,16437,16224,356,16580,240
2021-09-01,Mariposa,043,17540,774,735,22,757,5
2021-09-01,Mendocino,045,87422,6060,5821,227,6048,59
2021-09-01,Merced,047,269075,36269,35686,1366,37052,500
2021-09-01,Modoc,049,8938,449,436,156,592,5
2021-09-01,Mono,051,14174,1437,1400,18,1418,3
2021-09-01,Monterey,053,433212,46319,45590,2364,47954,539
2021-09-01,Napa,055,140530,11792,11653,72,11725,88
2021-09-01,Nevada,057,99092,7791,7508,254,7762,82
2021-09-01,Orange,059,3164182,290204,285840,13403,299243,5233
2021-09-01,Placer,061,380077,31816,30902,2828,33730,330
2021-09-01,Plumas,063,18699,1083,1033,18,1051,5
2021-09-01,Riverside,065,2383286,336002,329388,15345,344733,4634
2021-09-01,Sacramento,067,1510023,140063,138499,3152,141651,1875
2021-09-01,San Benito,069,59416,6761,6716,132,6848,64
2021-09-01,San Bernardino,071,2135413,330474,326250,10121,336371,5364
2021-09-01,San Diego,073,3302833,340627,335302,19976,355278,3908
2021-09-01,San Francisco,075,870044,48351,47538,2005,49543,584
2021-09-01,San Joaquin,077,732212,89400,87640,4612,92252,1540
2021-09-01,San Luis Obispo,079,281455,26390,25691,999,26690,283
2021-09-01,San Mateo,081,765935,50248,49394,727,50121,558
2021-09-01,Santa Barbara,083,443738,40304,39263,1354,40617,483
2021-09-01,Santa Clara,085,1922200,136810,134855,1014,135869,1796
2021-09-01,Santa Cruz,087,273765,18759,18453,935,19388,210
2021-09-01,Shasta,089,179085,16264,15552,2385,17937,221
2021-09-01,Sierra,091,2930,123,98,13,111,0
2021-09-01,Siskiyou,093,43540,2637,2482,782,3264,34
2021-09-01,Solano,095,438530,42262,41194,1044,42238,293
2021-09-01,Sonoma,097,501317,37997,37454,454,37908,352
2021-09-01,Stanislaus,099,539301,68309,67287,7566,74853,1075
2021-09-01,Sutter,101,95872,12156,11945,169,12114,136
2021-09-01,Tehama,103,63373,6495,6228,953,7181,72
2021-09-01,Trinity,105,12862,648,482,162,644,5
2021-09-01,Tulare,107,460477,57760,55768,11457,67225,870
2021-09-01,Tuolumne,109,53932,5673,5553,63,5616,88
2021-09-01,Ventura,111,848112,91872,90471,3932,94403,1089
2021-09-01,Yolo,113,214977,17647,17264,749,18013,235
2021-09-01,Yuba,115,75493,8540,8308,178,8486,55
2021-08-31,Alameda,001,1643700,110099,108837,2466,111303,1297
2021-08-31,Alpine,002,1148,91,92,0,92,0
2021-08-31,Amador,005,37829,4643,4555,42,4597,53
2021-08-31,Butte,007,227075,16533,15896,2859,18755,216
2021-08-31,Calaveras,009,45235,3095,3008,19,3027,59
2021-08-31,Colusa,011,21464,2322,2275,499,2774,16
2021-08-31,Contra Costa,013,1133247,90965,89546,1774,91320,871
2021-08-31,Del Norte,015,27424,3047,2830,18,2848,19
2021-08-31,El Dorado,017,186661,13890,13539,1280,14819,119
2021-08-31,Fresno,019,978130,119740,117155,10473,127628,1801
2021-08-31,Glenn,021,27897,2930,2829,814,3643,20
2021-08-31,Humboldt,023,135768,7282,7030,261,7291,52
2021-08-31,Imperial,025,180216,30653,30348,2847,33195,750
2021-08-31,Inyo,027,18085,1570,1550,15,1565,39
2021-08-31,Kern,029,883053,110637,108151,15509,123660,1393
2021-08-31,Kings,031,150075,27183,26405,1440,27845,260
2021-08-31,Lake,033,64148,5571,5359,80,5439,74
2021-08-31,Lassen,035,31185,5849,5702,170,5872,21
2021-08-31,Los Angeles,037,10098052,1362812,1346686,49131,1395817,25303
2021-08-31,Madera,039,155013,19360,18811,1418,20229,247
2021-08-31,Marin,041,260295,16408,16215,353,16568,240
2021-08-31,Mariposa,043,17540,766,732,22,754,5
2021-08-31,Mendocino,045,87422,6018,5777,226,6003,59
2021-08-31,Merced,047,269075,36099,35512,1361,36873,498
2021-08-31,Modoc,049,8938,448,436,156,592,5
2021-08-31,Mono,051,14174,1425,1398,18,1416,3
2021-08-31,Monterey,053,433212,46235,45550,2351,47901,539
2021-08-31,Napa,055,140530,11744,11618,72,11690,88
2021-08-31,Nevada,057,99092,7725,7460,254,7714,82
2021-08-31,Orange,059,3164182,289604,285310,13371,298681,5229
2021-08-31,Placer,061,380077,31627,30745,2791,33536,325
2021-08-31,Plumas,063,18699,1079,1018,17,1035,5
2021-08-31,Riverside,065,2383286,335030,328556,15312,343868,4627
2021-08-31,Sacramento,067,1510023,139378,137879,3120,140999,1863
2021-08-31,San Benito,069,59416,6749,6694,130,6824,64
2021-08-31,San Bernardino,071,2135413,329725,325446,10101,335547,5350
2021-08-31,San Diego,073,3302833,339375,334377,19918,354295,3888
2021-08-31,San Francisco,075,870044,48201,47440,1994,49434,581
2021-08-31,San Joaquin,077,732212,88956,87365,4597,91962,1540
2021-08-31,San Luis Obispo,079,281455,26267,25518,995,26513,282
2021-08-31,San Mateo,081,765935,50136,49299,727,50026,556
2021-08-31,Santa Barbara,083,443738,40154,39091,1348,40439,481
2021-08-31,Santa Clara,085,1922200,136457,134637,1007,135644,1793
2021-08-31,Santa Cruz,087,273765,18721,18419,932,19351,210
2021-08-31,Shasta,089,179085,16112,15368,2358,17726,220
2021-08-31,Sierra,091,2930,120,95,13,108,0
2021-08-31,Siskiyou,093,43540,2617,2435,766,3201,33
2021-08-31,Solano,095,438530,42122,41067,1038,42105,289
2021-08-31,Sonoma,097,501317,37900,37379,453,37832,352
2021-08-31,Stanislaus,099,539301,67954,67004,7531,74535,1075
2021-08-31,Sutter,101,95872,12091,11901,165,12066,136
2021-08-31,Tehama,103,63373,6434,6169,922,7091,72
2021-08-31,Trinity,105,12862,642,480,162,642,3
2021-08-31,Tulare,107,460477,57426,55567,11387,66954,870
2021-08-31,Tuolumne,109,53932,5637,5516,63,5579,88
2021-08-31,Ventura,111,848112,91653,90292,3920,94212,1081
2021-08-31,Yolo,113,214977,17561,17205,747,17952,234
2021-08-31,Yuba,115,75493,8486,8253,178,8431,54
2021-08-30,Alameda,001,1643700,109782,107734,2455,110189,1296
2021-08-30,Alpine,002,1148,91,92,0,92,0
2021-08-30,Amador,005,37829,4632,4507,42,4549,53
2021-08-30,Butte,007,227075,16381,15719,2825,18544,214
2021-08-30,Calaveras,009,45235,3080,2975,19,2994,59
2021-08-30,Colusa,011,21464,2313,2271,496,2767,16
2021-08-30,Contra Costa,013,1133247,90706,87679,1764,89443,872
2021-08-30,Del Norte,015,27424,3005,2796,17,2813,11
2021-08-30,El Dorado,017,186661,13821,13217,1263,14480,119
2021-08-30,Fresno,019,978130,119169,115867,10401,126268,1790
2021-08-30,Glenn,021,27897,2919,2804,808,3612,20
2021-08-30,Humboldt,023,135768,7228,6930,255,7185,52
2021-08-30,Imperial,025,180216,30615,30311,2842,33153,750
2021-08-30,Inyo,027,18085,1565,1544,15,1559,39
2021-08-30,Kern,029,883053,110159,107615,15347,122962,1389
2021-08-30,Kings,031,150075,27067,26236,1425,27661,259
2021-08-30,Lake,033,64148,5536,5323,77,5400,74
2021-08-30,Lassen,035,31185,5827,5667,164,5831,21
2021-08-30,Los Angeles,037,10098052,1360353,1344949,49046,1393995,25269
2021-08-30,Madera,039,155013,19278,18622,1398,20020,247
2021-08-30,Marin,041,260295,16377,16160,353,16513,240
2021-08-30,Mariposa,043,17540,760,715,21,736,5
2021-08-30,Mendocino,045,87422,5984,5721,222,5943,55
2021-08-30,Merced,047,269075,35971,35335,1357,36692,497
2021-08-30,Modoc,049,8938,446,436,155,591,5
2021-08-30,Mono,051,14174,1424,1390,18,1408,3
2021-08-30,Monterey,053,433212,46173,45463,2334,47797,539
2021-08-30,Napa,055,140530,11695,11579,70,11649,87
2021-08-30,Nevada,057,99092,7666,7356,251,7607,82
2021-08-30,Orange,059,3164182,289022,284750,13322,298072,5223
2021-08-30,Placer,061,380077,31463,29825,2768,32593,319
2021-08-30,Plumas,063,18699,1062,998,17,1015,5
2021-08-30,Riverside,065,2383286,334140,327593,15281,342874,4623
2021-08-30,Sacramento,067,1510023,138720,134571,3074,137645,1847
2021-08-30,San Benito,069,59416,6740,6663,130,6793,64
2021-08-30,San Bernardino,071,2135413,329047,324870,10071,334941,5348
2021-08-30,San Diego,073,3302833,338104,333011,19838,352849,3885
2021-08-30,San Francisco,075,870044,48060,46966,1981,48947,581
2021-08-30,San Joaquin,077,732212,88625,86203,4576,90779,1528
2021-08-30,San Luis Obispo,079,281455,26142,25422,988,26410,280
2021-08-30,San Mateo,081,765935,50010,48839,721,49560,554
2021-08-30,Santa Barbara,083,443738,40002,38998,1343,40341,481
2021-08-30,Santa Clara,085,1922200,136136,133281,1000,134281,1789
2021-08-30,Santa Cruz,087,273765,18667,18326,928,19254,210
2021-08-30,Shasta,089,179085,15983,15238,2319,17557,217
2021-08-30,Sierra,091,2930,118,91,13,104,0
2021-08-30,Siskiyou,093,43540,2604,2411,755,3166,33
2021-08-30,Solano,095,438530,41961,39986,1034,41020,290
2021-08-30,Sonoma,097,501317,37795,36764,453,37217,352
2021-08-30,Stanislaus,099,539301,67615,66173,7500,73673,1074
2021-08-30,Sutter,101,95872,12021,11791,158,11949,136
2021-08-30,Tehama,103,63373,6355,6085,898,6983,71
2021-08-30,Trinity,105,12862,631,468,159,627,3
2021-08-30,Tulare,107,460477,57114,55140,11312,66452,870
2021-08-30,Tuolumne,109,53932,5591,5492,63,5555,74
2021-08-30,Ventura,111,848112,91437,90149,3908,94057,1082
2021-08-30,Yolo,113,214977,17499,17071,743,17814,231
2021-08-30,Yuba,115,75493,8412,8129,177,8306,54
2021-08-29,Alameda,001,1643700,109450,107494,2444,109938,1296
2021-08-29,Alpine,002,1148,91,92,0,92,0
2021-08-29,Amador,005,37829,4618,4501,42,4543,53
2021-08-29,Butte,007,227075,16211,15602,2788,18390,214
2021-08-29,Calaveras,009,45235,3048,2970,19,2989,59
2021-08-29,Colusa,011,21464,2306,2260,490,2750,16
2021-08-29,Contra Costa,013,1133247,90409,87439,1759,89198,872
2021-08-29,Del Norte,015,27424,2962,2752,17,2769,11
2021-08-29,El Dorado,017,186661,13765,13166,1252,14418,119
2021-08-29,Fresno,019,978130,118572,115502,10331,125833,1790
2021-08-29,Glenn,021,27897,2901,2778,801,3579,20
2021-08-29,Humboldt,023,135768,7184,6922,240,7162,52
2021-08-29,Imperial,025,180216,30554,30293,2831,33124,750
2021-08-29,Inyo,027,18085,1555,1543,14,1557,39
2021-08-29,Kern,029,883053,109708,107324,15177,122501,1389
2021-08-29,Kings,031,150075,26913,26143,1411,27554,259
2021-08-29,Lake,033,64148,5496,5293,67,5360,74
2021-08-29,Lassen,035,31185,5804,5666,160,5826,21
2021-08-29,Los Angeles,037,10098052,1357605,1342541,48935,1391476,25263
2021-08-29,Madera,039,155013,19191,18594,1382,19976,247
2021-08-29,Marin,041,260295,16346,16134,351,16485,240
2021-08-29,Mariposa,043,17540,754,709,19,728,5
2021-08-29,Mendocino,045,87422,5926,5689,209,5898,55
2021-08-29,Merced,047,269075,35732,35250,1345,36595,497
2021-08-29,Modoc,049,8938,443,436,155,591,5
2021-08-29,Mono,051,14174,1417,1387,18,1405,3
2021-08-29,Monterey,053,433212,46068,45424,2311,47735,539
2021-08-29,Napa,055,140530,11664,11552,70,11622,87
2021-08-29,Nevada,057,99092,7609,7294,250,7544,82
2021-08-29,Orange,059,3164182,288394,284432,13280,297712,5223
2021-08-29,Placer,061,380077,31292,29674,2728,32402,319
2021-08-29,Plumas,063,18699,1051,996,17,1013,5
2021-08-29,Riverside,065,2383286,333281,326987,15260,342247,4623
2021-08-29,Sacramento,067,1510023,137967,133981,3024,137005,1843
2021-08-29,San Benito,069,59416,6715,6646,130,6776,64
2021-08-29,San Bernardino,071,2135413,328262,324266,10038,334304,5347
2021-08-29,San Diego,073,3302833,336998,332014,19743,351757,3880
2021-08-29,San Francisco,075,870044,47925,46885,1969,48854,581
2021-08-29,San Joaquin,077,732212,88177,85922,4556,90478,1528
2021-08-29,San Luis Obispo,079,281455,25944,25288,980,26268,280
2021-08-29,San Mateo,081,765935,49898,48737,716,49453,554
2021-08-29,Santa Barbara,083,443738,39836,38900,1339,40239,481
2021-08-29,Santa Clara,085,1922200,135783,132979,994,133973,1789
2021-08-29,Santa Cruz,087,273765,18620,18285,926,19211,210
2021-08-29,Shasta,089,179085,15829,15198,2292,17490,217
2021-08-29,Sierra,091,2930,116,91,13,104,0
2021-08-29,Siskiyou,093,43540,2557,2407,735,3142,33
2021-08-29,Solano,095,438530,41808,39887,1027,40914,290
2021-08-29,Sonoma,097,501317,37660,36650,449,37099,352
2021-08-29,Stanislaus,099,539301,67270,65956,7464,73420,1074
2021-08-29,Sutter,101,95872,11962,11719,151,11870,136
2021-08-29,Tehama,103,63373,6284,6040,875,6915,71
2021-08-29,Trinity,105,12862,628,468,156,624,3
2021-08-29,Tulare,107,460477,56780,54974,11228,66202,870
2021-08-29,Tuolumne,109,53932,5565,5478,62,5540,74
2021-08-29,Ventura,111,848112,91179,90114,3899,94013,1082
2021-08-29,Yolo,113,214977,17399,17015,730,17745,231
2021-08-29,Yuba,115,75493,8348,8042,177,8219,54
2021-08-28,Alameda,001,1643700,109287,107007,2435,109442,1296
2021-08-28,Alpine,002,1148,91,92,0,92,0
2021-08-28,Amador,005,37829,4599,4484,41,4525,53
2021-08-28,Butte,007,227075,16151,15487,2760,18247,214
2021-08-28,Calaveras,009,45235,3038,2926,19,2945,59
2021-08-28,Colusa,011,21464,2302,2252,488,2740,16
2021-08-28,Contra Costa,013,1133247,90198,86938,1756,88694,872
2021-08-28,Del Norte,015,27424,2935,2734,16,2750,11
2021-08-28,El Dorado,017,186661,13726,13089,1246,14335,119
2021-08-28,Fresno,019,978130,118330,115079,10299,125378,1792
2021-08-28,Glenn,021,27897,2892,2773,794,3567,20
2021-08-28,Humboldt,023,135768,7149,6887,235,7122,52
2021-08-28,Imperial,025,180216,30527,30260,2828,33088,750
2021-08-28,Inyo,027,18085,1553,1539,14,1553,39
2021-08-28,Kern,029,883053,109470,107012,15037,122049,1389
2021-08-28,Kings,031,150075,26846,26059,1408,27467,257
2021-08-28,Lake,033,64148,5473,5267,63,5330,74
2021-08-28,Lassen,035,31185,5789,5665,159,5824,21
2021-08-28,Los Angeles,037,10098052,1356389,1337097,48864,1385961,25234
2021-08-28,Madera,039,155013,19140,18553,1368,19921,247
2021-08-28,Marin,041,260295,16331,16106,351,16457,240
2021-08-28,Mariposa,043,17540,752,704,19,723,5
2021-08-28,Mendocino,045,87422,5901,5658,209,5867,55
2021-08-28,Merced,047,269075,35680,35108,1342,36450,497
2021-08-28,Modoc,049,8938,443,436,154,590,5
2021-08-28,Mono,051,14174,1414,1385,18,1403,3
2021-08-28,Monterey,053,433212,46026,45394,2306,47700,539
2021-08-28,Napa,055,140530,11641,11512,69,11581,88
2021-08-28,Nevada,057,99092,7585,7238,248,7486,82
2021-08-28,Orange,059,3164182,288037,283953,13232,297185,5222
2021-08-28,Placer,061,380077,31184,29428,2715,32143,319
2021-08-28,Plumas,063,18699,1044,991,17,1008,5
2021-08-28,Riverside,065,2383286,332693,326222,15250,341472,4623
2021-08-28,Sacramento,067,1510023,137576,132985,3006,135991,1844
2021-08-28,San Benito,069,59416,6708,6636,130,6766,64
2021-08-28,San Bernardino,071,2135413,327814,323672,10030,333702,5348
2021-08-28,San Diego,073,3302833,336414,331330,19707,351037,3880
2021-08-28,San Francisco,075,870044,47853,46654,1962,48616,581
2021-08-28,San Joaquin,077,732212,88007,85481,4547,90028,1527
2021-08-28,San Luis Obispo,079,281455,25877,25138,975,26113,280
2021-08-28,San Mateo,081,765935,49824,48575,712,49287,554
2021-08-28,Santa Barbara,083,443738,39765,38780,1339,40119,481
2021-08-28,Santa Clara,085,1922200,135577,132488,992,133480,1789
2021-08-28,Santa Cruz,087,273765,18602,18240,923,19163,210
2021-08-28,Shasta,089,179085,15726,15147,2274,17421,217
2021-08-28,Sierra,091,2930,112,91,13,104,0
2021-08-28,Siskiyou,093,43540,2549,2402,724,3126,33
2021-08-28,Solano,095,438530,41758,39610,1026,40636,290
2021-08-28,Sonoma,097,501317,37587,36466,447,36913,352
2021-08-28,Stanislaus,099,539301,67112,65670,7447,73117,1074
2021-08-28,Sutter,101,95872,11941,11669,150,11819,136
2021-08-28,Tehama,103,63373,6258,6004,864,6868,71
2021-08-28,Trinity,105,12862,624,463,155,618,3
2021-08-28,Tulare,107,460477,56650,54746,11186,65932,870
2021-08-28,Tuolumne,109,53932,5549,5469,62,5531,74
2021-08-28,Ventura,111,848112,91061,89934,3897,93831,1081
2021-08-28,Yolo,113,214977,17364,16907,723,17630,231
2021-08-28,Yuba,115,75493,8317,7985,176,8161,55
2021-08-27,Alameda,001,1643700,109077,106622,2433,109055,1296
2021-08-27,Alpine,002,1148,91,92,0,92,0
2021-08-27,Amador,005,37829,4583,4458,40,4498,53
2021-08-27,Butte,007,227075,16070,15277,2739,18016,214
2021-08-27,Calaveras,009,45235,3023,2903,19,2922,59
2021-08-27,Colusa,011,21464,2296,2240,486,2726,16
2021-08-27,Contra Costa,013,1133247,90000,86386,1753,88139,872
2021-08-27,Del Norte,015,27424,2903,2695,16,2711,11
2021-08-27,El Dorado,017,186661,13687,12968,1242,14210,119
2021-08-27,Fresno,019,978130,117894,114481,10278,124759,1774
2021-08-27,Glenn,021,27897,2874,2754,785,3539,20
2021-08-27,Humboldt,023,135768,7116,6782,232,7014,52
2021-08-27,Imperial,025,180216,30507,30201,2826,33027,750
2021-08-27,Inyo,027,18085,1552,1529,14,1543,39
2021-08-27,Kern,029,883053,109176,106570,14927,121497,1385
2021-08-27,Kings,031,150075,26767,25957,1406,27363,257
2021-08-27,Lake,033,64148,5448,5228,62,5290,74
2021-08-27,Lassen,035,31185,5773,5646,154,5800,21
2021-08-27,Los Angeles,037,10098052,1354860,1337006,48803,1385809,25230
2021-08-27,Madera,039,155013,19084,18476,1355,19831,247
2021-08-27,Marin,041,260295,16315,16055,349,16404,240
2021-08-27,Mariposa,043,17540,746,690,19,709,5
2021-08-27,Mendocino,045,87422,5870,5602,208,5810,55
2021-08-27,Merced,047,269075,35626,34906,1334,36240,495
2021-08-27,Modoc,049,8938,443,434,154,588,5
2021-08-27,Mono,051,14174,1409,1385,18,1403,3
2021-08-27,Monterey,053,433212,45977,45337,2298,47635,539
2021-08-27,Napa,055,140530,11607,11460,69,11529,87
2021-08-27,Nevada,057,99092,7545,7169,246,7415,82
2021-08-27,Orange,059,3164182,287677,283407,13193,296600,5206
2021-08-27,Placer,061,380077,31053,29157,2696,31853,320
2021-08-27,Plumas,063,18699,1038,984,17,1001,5
2021-08-27,Riverside,065,2383286,332175,325379,15235,340614,4622
2021-08-27,Sacramento,067,1510023,137141,131921,2993,134914,1838
2021-08-27,San Benito,069,59416,6702,6622,130,6752,64
2021-08-27,San Bernardino,071,2135413,327288,322893,10012,332905,5342
2021-08-27,San Diego,073,3302833,335633,330162,19653,349815,3877
2021-08-27,San Francisco,075,870044,47777,46456,1944,48400,581
2021-08-27,San Joaquin,077,732212,87824,84949,4528,89477,1524
2021-08-27,San Luis Obispo,079,281455,25828,24952,972,25924,280
2021-08-27,San Mateo,081,765935,49749,48424,708,49132,553
2021-08-27,Santa Barbara,083,443738,39673,38675,1337,40012,480
2021-08-27,Santa Clara,085,1922200,135348,132011,989,133000,1783
2021-08-27,Santa Cruz,087,273765,18562,18163,919,19082,210
2021-08-27,Shasta,089,179085,15647,14996,2258,17254,217
2021-08-27,Sierra,091,2930,111,91,13,104,0
2021-08-27,Siskiyou,093,43540,2534,2358,710,3068,33
2021-08-27,Solano,095,438530,41644,39347,1022,40369,287
2021-08-27,Sonoma,097,501317,37516,36326,446,36772,342
2021-08-27,Stanislaus,099,539301,66903,65167,7410,72577,1061
2021-08-27,Sutter,101,95872,11895,11590,148,11738,135
2021-08-27,Tehama,103,63373,6226,5964,849,6813,71
2021-08-27,Trinity,105,12862,624,458,154,612,3
2021-08-27,Tulare,107,460477,56514,54443,11141,65584,870
2021-08-27,Tuolumne,109,53932,5517,5438,62,5500,74
2021-08-27,Ventura,111,848112,90932,89774,3893,93667,1076
2021-08-27,Yolo,113,214977,17322,16805,718,17523,231
2021-08-27,Yuba,115,75493,8260,7926,176,8102,54
2021-08-26,Alameda,001,1643700,108809,106146,2424,108570,1296
2021-08-26,Alpine,002,1148,91,92,0,92,0
2021-08-26,Amador,005,37829,4568,4442,39,4481,53
2021-08-26,Butte,007,227075,15936,15159,2700,17859,214
2021-08-26,Calaveras,009,45235,3012,2873,19,2892,59
2021-08-26,Colusa,011,21464,2289,2234,482,2716,16
2021-08-26,Contra Costa,013,1133247,89640,85808,1747,87555,866
2021-08-26,Del Norte,015,27424,2867,2625,16,2641,8
2021-08-26,El Dorado,017,186661,13618,12863,1228,14091,118
2021-08-26,Fresno,019,978130,117392,113854,10223,124077,1770
2021-08-26,Glenn,021,27897,2856,2740,776,3516,20
2021-08-26,Humboldt,023,135768,7058,6695,222,6917,53
2021-08-26,Imperial,025,180216,30458,30121,2819,32940,748
2021-08-26,Inyo,027,18085,1542,1521,13,1534,39
2021-08-26,Kern,029,883053,108748,106051,14785,120836,1380
2021-08-26,Kings,031,150075,26644,25838,1397,27235,260
2021-08-26,Lake,033,64148,5402,5196,59,5255,74
2021-08-26,Lassen,035,31185,5761,5626,152,5778,21
2021-08-26,Los Angeles,037,10098052,1352585,1334372,48710,1383082,25199
2021-08-26,Madera,039,155013,19014,18393,1342,19735,247
2021-08-26,Marin,041,260295,16286,15983,346,16329,240
2021-08-26,Mariposa,043,17540,736,677,19,696,5
2021-08-26,Mendocino,045,87422,5832,5533,203,5736,55
2021-08-26,Merced,047,269075,35458,34755,1313,36068,495
2021-08-26,Modoc,049,8938,443,433,154,587,5
2021-08-26,Mono,051,14174,1405,1385,18,1403,3
2021-08-26,Monterey,053,433212,45904,45265,2287,47552,539
2021-08-26,Napa,055,140530,11584,11394,68,11462,87
2021-08-26,Nevada,057,99092,7488,7086,243,7329,80
2021-08-26,Orange,059,3164182,287185,282814,13169,295983,5200
2021-08-26,Placer,061,380077,30884,28898,2671,31569,319
2021-08-26,Plumas,063,18699,1031,971,16,987,5
2021-08-26,Riverside,065,2383286,331383,324486,15215,339701,4615
2021-08-26,Sacramento,067,1510023,136607,130977,2952,133929,1827
2021-08-26,San Benito,069,59416,6692,6604,130,6734,64
2021-08-26,San Bernardino,071,2135413,326630,322100,9987,332087,5339
2021-08-26,San Diego,073,3302833,334606,328276,19587,347863,3869
2021-08-26,San Francisco,075,870044,47651,46288,1938,48226,581
2021-08-26,San Joaquin,077,732212,87446,84429,4507,88936,1513
2021-08-26,San Luis Obispo,079,281455,25678,24831,965,25796,278
2021-08-26,San Mateo,081,765935,49620,48263,706,48969,553
2021-08-26,Santa Barbara,083,443738,39588,38566,1336,39902,479
2021-08-26,Santa Clara,085,1922200,135023,131443,985,132428,1782
2021-08-26,Santa Cruz,087,273765,18502,18072,917,18989,210
2021-08-26,Shasta,089,179085,15525,14891,2230,17121,217
2021-08-26,Sierra,091,2930,109,90,13,103,0
2021-08-26,Siskiyou,093,43540,2512,2342,697,3039,33
2021-08-26,Solano,095,438530,41495,39027,1013,40040,286
2021-08-26,Sonoma,097,501317,37427,36102,446,36548,337
2021-08-26,Stanislaus,099,539301,66603,64785,7369,72154,1061
2021-08-26,Sutter,101,95872,11835,11499,145,11644,135
2021-08-26,Tehama,103,63373,6168,5913,836,6749,68
2021-08-26,Trinity,105,12862,619,450,152,602,3
2021-08-26,Tulare,107,460477,56257,54157,11094,65251,870
2021-08-26,Tuolumne,109,53932,5497,5387,62,5449,74
2021-08-26,Ventura,111,848112,90746,89595,3884,93479,1080
2021-08-26,Yolo,113,214977,17257,16727,708,17435,231
2021-08-26,Yuba,115,75493,8187,7834,174,8008,54
2021-08-25,Alameda,001,1643700,108493,105636,2417,108053,1296
2021-08-25,Alpine,002,1148,91,92,0,92,0
2021-08-25,Amador,005,37829,4553,4415,39,4454,53
2021-08-25,Butte,007,227075,15828,15039,2657,17696,214
2021-08-25,Calaveras,009,45235,2993,2851,19,2870,59
2021-08-25,Colusa,011,21464,2282,2227,473,2700,16
2021-08-25,Contra Costa,013,1133247,89251,85322,1741,87063,863
2021-08-25,Del Norte,015,27424,2822,2573,16,2589,8
2021-08-25,El Dorado,017,186661,13558,12787,1213,14000,118
2021-08-25,Fresno,019,978130,116863,113384,10181,123565,1761
2021-08-25,Glenn,021,27897,2838,2728,761,3489,20
2021-08-25,Humboldt,023,135768,6989,6653,213,6866,52
2021-08-25,Imperial,025,180216,30421,30085,2813,32898,748
2021-08-25,Inyo,027,18085,1538,1518,13,1531,39
2021-08-25,Kern,029,883053,108317,105687,14630,120317,1379
2021-08-25,Kings,031,150075,26537,25676,1391,27067,258
2021-08-25,Lake,033,64148,5372,5163,56,5219,74
2021-08-25,Lassen,035,31185,5744,5583,151,5734,21
2021-08-25,Los Angeles,037,10098052,1349984,1331400,48613,1380013,25170
2021-08-25,Madera,039,155013,18950,18311,1320,19631,247
2021-08-25,Marin,041,260295,16264,15938,340,16278,240
2021-08-25,Mariposa,043,17540,730,676,19,695,5
2021-08-25,Mendocino,045,87422,5798,5486,197,5683,53
2021-08-25,Merced,047,269075,35326,34600,1300,35900,492
2021-08-25,Modoc,049,8938,443,433,154,587,5
2021-08-25,Mono,051,14174,1401,1382,18,1400,3
2021-08-25,Monterey,053,433212,45830,45196,2272,47468,539
2021-08-25,Napa,055,140530,11551,11348,67,11415,87
2021-08-25,Nevada,057,99092,7422,7000,242,7242,77
2021-08-25,Orange,059,3164182,286658,282061,13135,295196,5193
2021-08-25,Placer,061,380077,30711,28740,2638,31378,319
2021-08-25,Plumas,063,18699,1016,962,16,978,5
2021-08-25,Riverside,065,2383286,330539,323548,15193,338741,4610
2021-08-25,Sacramento,067,1510023,135924,130046,2913,132959,1827
2021-08-25,San Benito,069,59416,6671,6587,129,6716,64
2021-08-25,San Bernardino,071,2135413,325938,321228,9966,331194,5337
2021-08-25,San Diego,073,3302833,333338,327166,19502,346668,3859
2021-08-25,San Francisco,075,870044,47501,46107,1933,48040,578
2021-08-25,San Joaquin,077,732212,87061,84002,4490,88492,1510
2021-08-25,San Luis Obispo,079,281455,25486,24607,961,25568,276
2021-08-25,San Mateo,081,765935,49498,48153,703,48856,553
2021-08-25,Santa Barbara,083,443738,39459,38450,1336,39786,479
2021-08-25,Santa Clara,085,1922200,134655,130995,983,131978,1783
2021-08-25,Santa Cruz,087,273765,18442,17987,914,18901,210
2021-08-25,Shasta,089,179085,15399,14752,2198,16950,217
2021-08-25,Sierra,091,2930,106,90,13,103,0
2021-08-25,Siskiyou,093,43540,2467,2322,679,3001,33
2021-08-25,Solano,095,438530,41324,38848,1001,39849,286
2021-08-25,Sonoma,097,501317,37303,35986,443,36429,336
2021-08-25,Stanislaus,099,539301,66321,64441,7337,71778,1061
2021-08-25,Sutter,101,95872,11767,11451,141,11592,134
2021-08-25,Tehama,103,63373,6109,5861,819,6680,68
2021-08-25,Trinity,105,12862,613,450,151,601,3
2021-08-25,Tulare,107,460477,55973,53877,11024,64901,866
2021-08-25,Tuolumne,109,53932,5471,5354,62,5416,74
2021-08-25,Ventura,111,848112,90562,89379,3870,93249,1068
2021-08-25,Yolo,113,214977,17192,16667,698,17365,231
2021-08-25,Yuba,115,75493,8121,7771,173,7944,54
2021-08-24,Alameda,001,1643700,108184,105319,2405,107724,1296
2021-08-24,Alpine,002,1148,91,92,0,92,0
2021-08-24,Amador,005,37829,4534,4380,39,4419,50
2021-08-24,Butte,007,227075,15674,14964,2623,17587,214
2021-08-24,Calaveras,009,45235,2954,2811,19,2830,59
2021-08-24,Colusa,011,21464,2274,2221,468,2689,16
2021-08-24,Contra Costa,013,1133247,88888,84963,1736,86699,857
2021-08-24,Del Norte,015,27424,2795,2543,16,2559,8
2021-08-24,El Dorado,017,186661,13481,12732,1198,13930,118
2021-08-24,Fresno,019,978130,116254,113024,10118,123142,1761
2021-08-24,Glenn,021,27897,2823,2717,754,3471,20
2021-08-24,Humboldt,023,135768,6926,6585,200,6785,52
2021-08-24,Imperial,025,180216,30359,30045,2808,32853,748
2021-08-24,Inyo,027,18085,1533,1512,13,1525,39
2021-08-24,Kern,029,883053,107853,105399,14466,119865,1375
2021-08-24,Kings,031,150075,26416,25629,1376,27005,258
2021-08-24,Lake,033,64148,5337,5135,56,5191,72
2021-08-24,Lassen,035,31185,5728,5576,149,5725,21
2021-08-24,Los Angeles,037,10098052,1347119,1328777,48506,1377283,25135
2021-08-24,Madera,039,155013,18874,18251,1303,19554,247
2021-08-24,Marin,041,260295,16228,15900,336,16236,240
2021-08-24,Mariposa,043,17540,723,670,19,689,5
2021-08-24,Mendocino,045,87422,5755,5416,190,5606,52
2021-08-24,Merced,047,269075,35158,34490,1289,35779,491
2021-08-24,Modoc,049,8938,443,432,154,586,5
2021-08-24,Mono,051,14174,1399,1382,18,1400,3
2021-08-24,Monterey,053,433212,45764,45126,2255,47381,539
2021-08-24,Napa,055,140530,11519,11299,66,11365,85
2021-08-24,Nevada,057,99092,7352,6981,240,7221,77
2021-08-24,Orange,059,3164182,286056,281461,13111,294572,5187
2021-08-24,Placer,061,380077,30510,28618,2600,31218,318
2021-08-24,Plumas,063,18699,1006,953,16,969,5
2021-08-24,Riverside,065,2383286,329667,322620,15164,337784,4605
2021-08-24,Sacramento,067,1510023,135241,129542,2867,132409,1812
2021-08-24,San Benito,069,59416,6658,6576,129,6705,64
2021-08-24,San Bernardino,071,2135413,325183,320300,9937,330237,5328
2021-08-24,San Diego,073,3302833,331894,325823,19393,345216,3851
2021-08-24,San Francisco,075,870044,47326,46010,1923,47933,574
2021-08-24,San Joaquin,077,732212,86621,83684,4453,88137,1508
2021-08-24,San Luis Obispo,079,281455,25309,24443,950,25393,274
2021-08-24,San Mateo,081,765935,49349,48050,701,48751,553
2021-08-24,Santa Barbara,083,443738,39328,38307,1335,39642,478
2021-08-24,Santa Clara,085,1922200,134231,130763,978,131741,1779
2021-08-24,Santa Cruz,087,273765,18367,17928,908,18836,209
2021-08-24,Shasta,089,179085,15291,14664,2167,16831,217
2021-08-24,Sierra,091,2930,103,90,13,103,0
2021-08-24,Siskiyou,093,43540,2445,2294,664,2958,33
2021-08-24,Solano,095,438530,41115,38724,989,39713,283
2021-08-24,Sonoma,097,501317,37175,35849,441,36290,336
2021-08-24,Stanislaus,099,539301,65993,64195,7283,71478,1058
2021-08-24,Sutter,101,95872,11700,11384,138,11522,134
2021-08-24,Tehama,103,63373,6063,5826,805,6631,67
2021-08-24,Trinity,105,12862,602,446,143,589,3
2021-08-24,Tulare,107,460477,55621,53702,10934,64636,856
2021-08-24,Tuolumne,109,53932,5440,5287,62,5349,74
2021-08-24,Ventura,111,848112,90378,89167,3859,93026,1068
2021-08-24,Yolo,113,214977,17114,16492,685,17177,231
2021-08-24,Yuba,115,75493,8038,7723,171,7894,54
2021-08-23,Alameda,001,1643700,107776,104922,2392,107314,1294
2021-08-23,Alpine,002,1148,91,91,0,91,0
2021-08-23,Amador,005,37829,4520,4369,39,4408,50
2021-08-23,Butte,007,227075,15529,14847,2585,17432,211
2021-08-23,Calaveras,009,45235,2927,2803,19,2822,59
2021-08-23,Colusa,011,21464,2270,2206,465,2671,16
2021-08-23,Contra Costa,013,1133247,88511,84651,1729,86380,857
2021-08-23,Del Norte,015,27424,2749,2499,16,2515,8
2021-08-23,El Dorado,017,186661,13378,12684,1176,13860,118
2021-08-23,Fresno,019,978130,115689,112445,10068,122513,1759
2021-08-23,Glenn,021,27897,2807,2696,744,3440,20
2021-08-23,Humboldt,023,135768,6853,6498,186,6684,52
2021-08-23,Imperial,025,180216,30308,30011,2805,32816,748
2021-08-23,Inyo,027,18085,1526,1509,13,1522,39
2021-08-23,Kern,029,883053,107398,104995,14312,119307,1375
2021-08-23,Kings,031,150075,26285,25465,1370,26835,257
2021-08-23,Lake,033,64148,5297,5099,54,5153,69
2021-08-23,Lassen,035,31185,5716,5562,149,5711,21
2021-08-23,Los Angeles,037,10098052,1344147,1326412,48377,1374789,25096
2021-08-23,Madera,039,155013,18788,18155,1288,19443,246
2021-08-23,Marin,041,260295,16180,15856,332,16188,240
2021-08-23,Mariposa,043,17540,712,645,19,664,5
2021-08-23,Mendocino,045,87422,5688,5374,183,5557,51
2021-08-23,Merced,047,269075,34976,34322,1284,35606,488
2021-08-23,Modoc,049,8938,440,431,153,584,6
2021-08-23,Mono,051,14174,1395,1384,18,1402,3
2021-08-23,Monterey,053,433212,45664,45047,2245,47292,538
2021-08-23,Napa,055,140530,11481,11257,66,11323,85
2021-08-23,Nevada,057,99092,7271,6930,238,7168,77
2021-08-23,Orange,059,3164182,285422,280891,13077,293968,5181
2021-08-23,Placer,061,380077,30307,28540,2563,31103,314
2021-08-23,Plumas,063,18699,998,934,16,950,5
2021-08-23,Riverside,065,2383286,328749,321650,15138,336788,4598
2021-08-23,Sacramento,067,1510023,134453,128969,2800,131769,1807
2021-08-23,San Benito,069,59416,6640,6562,127,6689,64
2021-08-23,San Bernardino,071,2135413,324378,319577,9898,329475,5324
2021-08-23,San Diego,073,3302833,330461,324536,19270,343806,3848
2021-08-23,San Francisco,075,870044,47170,45945,1914,47859,573
2021-08-23,San Joaquin,077,732212,86189,83466,4420,87886,1499
2021-08-23,San Luis Obispo,079,281455,25126,24317,948,25265,274
2021-08-23,San Mateo,081,765935,49211,47935,698,48633,553
2021-08-23,Santa Barbara,083,443738,39149,38181,1333,39514,478
2021-08-23,Santa Clara,085,1922200,133831,130489,974,131463,1778
2021-08-23,Santa Cruz,087,273765,18310,17871,907,18778,209
2021-08-23,Shasta,089,179085,15164,14537,2129,16666,216
2021-08-23,Sierra,091,2930,103,90,13,103,0
2021-08-23,Siskiyou,093,43540,2424,2274,643,2917,33
2021-08-23,Solano,095,438530,40961,38612,980,39592,283
2021-08-23,Sonoma,097,501317,37054,35769,440,36209,336
2021-08-23,Stanislaus,099,539301,65658,63922,7244,71166,1058
2021-08-23,Sutter,101,95872,11612,11314,130,11444,133
2021-08-23,Tehama,103,63373,6009,5805,789,6594,67
2021-08-23,Trinity,105,12862,599,435,140,575,3
2021-08-23,Tulare,107,460477,55314,53370,10862,64232,856
2021-08-23,Tuolumne,109,53932,5398,5240,62,5302,73
2021-08-23,Ventura,111,848112,90160,88960,3847,92807,1063
2021-08-23,Yolo,113,214977,17025,16445,671,17116,226
2021-08-23,Yuba,115,75493,7967,7653,169,7822,54
2021-08-22,Alameda,001,1643700,107333,104539,2365,106904,1294
2021-08-22,Alpine,002,1148,91,91,0,91,0
2021-08-22,Amador,005,37829,4490,4349,39,4388,50
2021-08-22,Butte,007,227075,15390,14791,2550,17341,211
2021-08-22,Calaveras,009,45235,2890,2771,19,2790,59
2021-08-22,Colusa,011,21464,2263,2201,459,2660,16
2021-08-22,Contra Costa,013,1133247,87969,84371,1716,86087,857
2021-08-22,Del Norte,015,27424,2689,2455,16,2471,8
2021-08-22,El Dorado,017,186661,13274,12629,1156,13785,118
2021-08-22,Fresno,019,978130,115089,112057,10000,122057,1759
2021-08-22,Glenn,021,27897,2780,2678,731,3409,20
2021-08-22,Humboldt,023,135768,6775,6483,168,6651,52
2021-08-22,Imperial,025,180216,30250,29993,2800,32793,748
2021-08-22,Inyo,027,18085,1520,1505,13,1518,39
2021-08-22,Kern,029,883053,106872,104691,14160,118851,1375
2021-08-22,Kings,031,150075,26127,25391,1353,26744,257
2021-08-22,Lake,033,64148,5252,5069,51,5120,69
2021-08-22,Lassen,035,31185,5684,5556,145,5701,21
2021-08-22,Los Angeles,037,10098052,1340825,1324151,48247,1372398,25089
2021-08-22,Madera,039,155013,18669,18120,1274,19394,246
2021-08-22,Marin,041,260295,16128,15822,324,16146,240
2021-08-22,Mariposa,043,17540,702,638,17,655,5
2021-08-22,Mendocino,045,87422,5629,5336,183,5519,51
2021-08-22,Merced,047,269075,34773,34234,1270,35504,488
2021-08-22,Modoc,049,8938,438,431,153,584,6
2021-08-22,Mono,051,14174,1393,1378,18,1396,3
2021-08-22,Monterey,053,433212,45564,45017,2231,47248,538
2021-08-22,Napa,055,140530,11436,11231,66,11297,85
2021-08-22,Nevada,057,99092,7197,6864,236,7100,77
2021-08-22,Orange,059,3164182,284730,280390,13033,293423,5181
2021-08-22,Placer,061,380077,30103,28395,2525,30920,314
2021-08-22,Plumas,063,18699,980,923,15,938,5
2021-08-22,Riverside,065,2383286,327728,320836,15091,335927,4594
2021-08-22,Sacramento,067,1510023,133677,128231,2760,130991,1802
2021-08-22,San Benito,069,59416,6624,6550,127,6677,64
2021-08-22,San Bernardino,071,2135413,323411,318839,9863,328702,5324
2021-08-22,San Diego,073,3302833,329139,323591,19164,342755,3848
2021-08-22,San Francisco,075,870044,47004,45831,1905,47736,573
2021-08-22,San Joaquin,077,732212,85733,83121,4385,87506,1498
2021-08-22,San Luis Obispo,079,281455,24920,24250,941,25191,274
2021-08-22,San Mateo,081,765935,49035,47821,693,48514,553
2021-08-22,Santa Barbara,083,443738,38968,38099,1325,39424,478
2021-08-22,Santa Clara,085,1922200,133414,130189,967,131156,1778
2021-08-22,Santa Cruz,087,273765,18252,17823,902,18725,209
2021-08-22,Shasta,089,179085,15027,14478,2093,16571,216
2021-08-22,Sierra,091,2930,103,87,13,100,0
2021-08-22,Siskiyou,093,43540,2395,2261,625,2886,33
2021-08-22,Solano,095,438530,40763,38489,967,39456,283
2021-08-22,Sonoma,097,501317,36897,35676,438,36114,336
2021-08-22,Stanislaus,099,539301,65305,63683,7154,70837,1058
2021-08-22,Sutter,101,95872,11530,11251,126,11377,133
2021-08-22,Tehama,103,63373,5963,5791,770,6561,67
2021-08-22,Trinity,105,12862,592,433,138,571,3
2021-08-22,Tulare,107,460477,54995,53220,10779,63999,856
2021-08-22,Tuolumne,109,53932,5355,5214,62,5276,73
2021-08-22,Ventura,111,848112,89951,88791,3830,92621,1063
2021-08-22,Yolo,113,214977,16921,16374,664,17038,226
2021-08-22,Yuba,115,75493,7894,7626,168,7794,54
2021-08-21,Alameda,001,1643700,107132,104281,2359,106640,1294
2021-08-21,Alpine,002,1148,91,91,0,91,0
2021-08-21,Amador,005,37829,4480,4338,38,4376,50
2021-08-21,Butte,007,227075,15322,14714,2531,17245,211
2021-08-21,Calaveras,009,45235,2874,2744,19,2763,59
2021-08-21,Colusa,011,21464,2257,2192,455,2647,16
2021-08-21,Contra Costa,013,1133247,87709,84136,1708,85844,857
2021-08-21,Del Norte,015,27424,2666,2409,16,2425,8
2021-08-21,El Dorado,017,186661,13230,12590,1152,13742,118
2021-08-21,Fresno,019,978130,114887,111765,9988,121753,1759
2021-08-21,Glenn,021,27897,2767,2654,723,3377,20
2021-08-21,Humboldt,023,135768,6737,6446,163,6609,52
2021-08-21,Imperial,025,180216,30208,29976,2797,32773,748
2021-08-21,Inyo,027,18085,1517,1500,13,1513,39
2021-08-21,Kern,029,883053,106617,104443,14037,118480,1375
2021-08-21,Kings,031,150075,26056,25313,1348,26661,257
2021-08-21,Lake,033,64148,5231,5055,49,5104,69
2021-08-21,Lassen,035,31185,5670,5553,145,5698,21
2021-08-21,Los Angeles,037,10098052,1339527,1321308,48155,1369463,25080
2021-08-21,Madera,039,155013,18631,18067,1268,19335,246
2021-08-21,Marin,041,260295,16094,15775,322,16097,240
2021-08-21,Mariposa,043,17540,692,634,17,651,5
2021-08-21,Mendocino,045,87422,5583,5307,182,5489,51
2021-08-21,Merced,047,269075,34668,34148,1265,35413,488
2021-08-21,Modoc,049,8938,438,430,153,583,6
2021-08-21,Mono,051,14174,1393,1378,18,1396,3
2021-08-21,Monterey,053,433212,45517,44969,2224,47193,538
2021-08-21,Napa,055,140530,11401,11211,66,11277,85
2021-08-21,Nevada,057,99092,7153,6810,235,7045,77
2021-08-21,Orange,059,3164182,284278,279855,12999,292854,5181
2021-08-21,Placer,061,380077,29959,28289,2502,30791,314
2021-08-21,Plumas,063,18699,976,916,14,930,5
2021-08-21,Riverside,065,2383286,327148,320086,15078,335164,4594
2021-08-21,Sacramento,067,1510023,133181,127751,2748,130499,1809
2021-08-21,San Benito,069,59416,6614,6542,126,6668,64
2021-08-21,San Bernardino,071,2135413,322962,318293,9842,328135,5324
2021-08-21,San Diego,073,3302833,328483,322620,19115,341735,3848
2021-08-21,San Francisco,075,870044,46902,45637,1898,47535,573
2021-08-21,San Joaquin,077,732212,85515,82825,4369,87194,1498
2021-08-21,San Luis Obispo,079,281455,24862,24169,941,25110,273
2021-08-21,San Mateo,081,765935,48940,47685,693,48378,553
2021-08-21,Santa Barbara,083,443738,38886,37951,1321,39272,478
2021-08-21,Santa Clara,085,1922200,133149,129911,963,130874,1778
2021-08-21,Santa Cruz,087,273765,18215,17763,897,18660,209
2021-08-21,Shasta,089,179085,14953,14417,2079,16496,217
2021-08-21,Sierra,091,2930,98,85,13,98,0
2021-08-21,Siskiyou,093,43540,2381,2246,614,2860,33
2021-08-21,Solano,095,438530,40652,38423,957,39380,281
2021-08-21,Sonoma,097,501317,36810,35582,437,36019,336
2021-08-21,Stanislaus,099,539301,65123,63512,7137,70649,1058
2021-08-21,Sutter,101,95872,11485,11204,124,11328,133
2021-08-21,Tehama,103,63373,5938,5757,763,6520,67
2021-08-21,Trinity,105,12862,587,431,136,567,3
2021-08-21,Tulare,107,460477,54850,53045,10736,63781,857
2021-08-21,Tuolumne,109,53932,5324,5193,62,5255,73
2021-08-21,Ventura,111,848112,89806,88558,3815,92373,1063
2021-08-21,Yolo,113,214977,16874,16322,658,16980,226
2021-08-21,Yuba,115,75493,7848,7580,167,7747,54
2021-08-20,Alameda,001,1643700,106896,103812,2351,106163,1294
2021-08-20,Alpine,002,1148,91,91,0,91,0
2021-08-20,Amador,005,37829,4454,4323,38,4361,50
2021-08-20,Butte,007,227075,15249,14617,2507,17124,211
2021-08-20,Calaveras,009,45235,2854,2717,19,2736,59
2021-08-20,Colusa,011,21464,2252,2178,453,2631,16
2021-08-20,Contra Costa,013,1133247,87434,83721,1701,85422,857
2021-08-20,Del Norte,015,27424,2634,2316,16,2332,8
2021-08-20,El Dorado,017,186661,13192,12495,1144,13639,118
2021-08-20,Fresno,019,978130,114527,111315,9954,121269,1759
2021-08-20,Glenn,021,27897,2760,2642,713,3355,20
2021-08-20,Humboldt,023,135768,6685,6349,158,6507,52
2021-08-20,Imperial,025,180216,30185,29934,2797,32731,747
2021-08-20,Inyo,027,18085,1511,1495,13,1508,39
2021-08-20,Kern,029,883053,106334,104048,13909,117957,1373
2021-08-20,Kings,031,150075,25991,25241,1346,26587,256
2021-08-20,Lake,033,64148,5216,5024,46,5070,69
2021-08-20,Lassen,035,31185,5650,5539,145,5684,21
2021-08-20,Los Angeles,037,10098052,1337648,1317541,48055,1365596,25049
2021-08-20,Madera,039,155013,18582,18018,1253,19271,246
2021-08-20,Marin,041,260295,16076,15727,318,16045,240
2021-08-20,Mariposa,043,17540,687,630,17,647,5
2021-08-20,Mendocino,045,87422,5537,5241,181,5422,51
2021-08-20,Merced,047,269075,34604,34035,1255,35290,486
2021-08-20,Modoc,049,8938,438,429,153,582,6
2021-08-20,Mono,051,14174,1392,1368,18,1386,3
2021-08-20,Monterey,053,433212,45479,44890,2218,47108,538
2021-08-20,Napa,055,140530,11369,11152,66,11218,83
2021-08-20,Nevada,057,99092,7111,6753,229,6982,77
2021-08-20,Orange,059,3164182,283833,279193,12978,292171,5179
2021-08-20,Placer,061,380077,29864,28156,2474,30630,313
2021-08-20,Plumas,063,18699,966,908,14,922,5
2021-08-20,Riverside,065,2383286,326452,319072,15047,334119,4594
2021-08-20,Sacramento,067,1510023,132705,127226,2730,129956,1797
2021-08-20,San Benito,069,59416,6600,6508,126,6634,64
2021-08-20,San Bernardino,071,2135413,322351,317372,9813,327185,5322
2021-08-20,San Diego,073,3302833,327574,321102,19045,340147,3846
2021-08-20,San Francisco,075,870044,46806,45432,1883,47315,573
2021-08-20,San Joaquin,077,732212,85284,82419,4350,86769,1496
2021-08-20,San Luis Obispo,079,281455,24784,23986,937,24923,273
2021-08-20,San Mateo,081,765935,48827,47561,690,48251,551
2021-08-20,Santa Barbara,083,443738,38800,37794,1316,39110,477
2021-08-20,Santa Clara,085,1922200,132867,129510,958,130468,1774
2021-08-20,Santa Cruz,087,273765,18175,17701,894,18595,209
2021-08-20,Shasta,089,179085,14872,14277,2061,16338,215
2021-08-20,Sierra,091,2930,97,83,13,96,0
2021-08-20,Siskiyou,093,43540,2365,2226,609,2835,33
2021-08-20,Solano,095,438530,40511,38214,946,39160,277
2021-08-20,Sonoma,097,501317,36742,35416,436,35852,336
2021-08-20,Stanislaus,099,539301,64934,63219,7113,70332,1047
2021-08-20,Sutter,101,95872,11429,11136,123,11259,133
2021-08-20,Tehama,103,63373,5922,5730,751,6481,66
2021-08-20,Trinity,105,12862,587,422,135,557,3
2021-08-20,Tulare,107,460477,54719,52855,10693,63548,856
2021-08-20,Tuolumne,109,53932,5300,5153,61,5214,73
2021-08-20,Ventura,111,848112,89638,88285,3812,92097,1061
2021-08-20,Yolo,113,214977,16819,16236,652,16888,225
2021-08-20,Yuba,115,75493,7807,7523,167,7690,54
2021-08-19,Alameda,001,1643700,106451,103276,2329,105605,1294
2021-08-19,Alpine,002,1148,91,91,0,91,0
2021-08-19,Amador,005,37829,4447,4317,38,4355,50
2021-08-19,Butte,007,227075,15115,14518,2479,16997,211
2021-08-19,Calaveras,009,45235,2832,2673,19,2692,59
2021-08-19,Colusa,011,21464,2243,2167,448,2615,16
2021-08-19,Contra Costa,013,1133247,86995,83296,1688,84984,852
2021-08-19,Del Norte,015,27424,2584,2257,16,2273,8
2021-08-19,El Dorado,017,186661,13106,12410,1125,13535,118
2021-08-19,Fresno,019,978130,114080,110947,9900,120847,1759
2021-08-19,Glenn,021,27897,2742,2629,706,3335,20
2021-08-19,Humboldt,023,135768,6624,6246,152,6398,52
2021-08-19,Imperial,025,180216,30139,29865,2792,32657,747
2021-08-19,Inyo,027,18085,1504,1494,13,1507,39
2021-08-19,Kern,029,883053,105938,103731,13768,117499,1371
2021-08-19,Kings,031,150075,25860,25128,1334,26462,256
2021-08-19,Lake,033,64148,5184,4991,42,5033,69
2021-08-19,Lassen,035,31185,5632,5520,144,5664,21
2021-08-19,Los Angeles,037,10098052,1334664,1314453,47916,1362369,25020
2021-08-19,Madera,039,155013,18520,17947,1238,19185,246
2021-08-19,Marin,041,260295,16043,15672,315,15987,240
2021-08-19,Mariposa,043,17540,672,618,17,635,5
2021-08-19,Mendocino,045,87422,5504,5167,178,5345,51
2021-08-19,Merced,047,269075,34469,33851,1241,35092,486
2021-08-19,Modoc,049,8938,438,427,153,580,6
2021-08-19,Mono,051,14174,1388,1349,18,1367,3
2021-08-19,Monterey,053,433212,45406,44821,2208,47029,538
2021-08-19,Napa,055,140530,11317,11104,66,11170,83
2021-08-19,Nevada,057,99092,7048,6695,226,6921,77
2021-08-19,Orange,059,3164182,283195,278562,12927,291489,5172
2021-08-19,Placer,061,380077,29682,27953,2454,30407,313
2021-08-19,Plumas,063,18699,953,896,14,910,5
2021-08-19,Riverside,065,2383286,325420,318056,15018,333074,4589
2021-08-19,Sacramento,067,1510023,132001,126720,2694,129414,1801
2021-08-19,San Benito,069,59416,6583,6493,125,6618,64
2021-08-19,San Bernardino,071,2135413,321527,316398,9790,326188,5318
2021-08-19,San Diego,073,3302833,326323,319582,18947,338529,3839
2021-08-19,San Francisco,075,870044,46643,45220,1870,47090,571
2021-08-19,San Joaquin,077,732212,84834,82047,4301,86348,1491
2021-08-19,San Luis Obispo,079,281455,24646,23878,930,24808,271
2021-08-19,San Mateo,081,765935,48695,47431,689,48120,551
2021-08-19,Santa Barbara,083,443738,38655,37693,1313,39006,477
2021-08-19,Santa Clara,085,1922200,132477,129133,951,130084,1774
2021-08-19,Santa Cruz,087,273765,18112,17644,887,18531,209
2021-08-19,Shasta,089,179085,14748,14200,2038,16238,214
2021-08-19,Sierra,091,2930,93,83,13,96,0
2021-08-19,Siskiyou,093,43540,2350,2218,597,2815,33
2021-08-19,Solano,095,438530,40353,38025,935,38960,273
2021-08-19,Sonoma,097,501317,36654,35233,435,35668,336
2021-08-19,Stanislaus,099,539301,64590,62928,7069,69997,1047
2021-08-19,Sutter,101,95872,11344,11057,122,11179,133
2021-08-19,Tehama,103,63373,5886,5683,725,6408,66
2021-08-19,Trinity,105,12862,583,414,133,547,3
2021-08-19,Tulare,107,460477,54487,52685,10630,63315,856
2021-08-19,Tuolumne,109,53932,5264,5112,60,5172,64
2021-08-19,Ventura,111,848112,89435,88073,3798,91871,1060
2021-08-19,Yolo,113,214977,16734,16153,644,16797,225
2021-08-19,Yuba,115,75493,7755,7458,166,7624,51
2021-08-18,Alameda,001,1643700,106045,102696,2308,105004,1294
2021-08-18,Alpine,002,1148,90,91,0,91,0
2021-08-18,Amador,005,37829,4431,4279,37,4316,50
2021-08-18,Butte,007,227075,15006,14426,2448,16874,208
2021-08-18,Calaveras,009,45235,2793,2643,18,2661,59
2021-08-18,Colusa,011,21464,2235,2160,444,2604,16
2021-08-18,Contra Costa,013,1133247,86495,82767,1682,84449,851
2021-08-18,Del Norte,015,27424,2527,2219,16,2235,8
2021-08-18,El Dorado,017,186661,13016,12306,1111,13417,118
2021-08-18,Fresno,019,978130,113624,110523,9839,120362,1759
2021-08-18,Glenn,021,27897,2709,2623,698,3321,20
2021-08-18,Humboldt,023,135768,6553,6195,147,6342,52
2021-08-18,Imperial,025,180216,30106,29821,2790,32611,746
2021-08-18,Inyo,027,18085,1501,1494,13,1507,39
2021-08-18,Kern,029,883053,105591,103440,13674,117114,1370
2021-08-18,Kings,031,150075,25751,24984,1327,26311,256
2021-08-18,Lake,033,64148,5143,4957,41,4998,69
2021-08-18,Lassen,035,31185,5613,5506,143,5649,21
2021-08-18,Los Angeles,037,10098052,1331510,1311477,47786,1359263,24984
2021-08-18,Madera,039,155013,18461,17871,1225,19096,246
2021-08-18,Marin,041,260295,16005,15610,312,15922,240
2021-08-18,Mariposa,043,17540,659,615,16,631,5
2021-08-18,Mendocino,045,87422,5453,5129,176,5305,51
2021-08-18,Merced,047,269075,34305,33708,1230,34938,484
2021-08-18,Modoc,049,8938,438,427,152,579,6
2021-08-18,Mono,051,14174,1385,1344,18,1362,3
2021-08-18,Monterey,053,433212,45322,44735,2191,46926,532
2021-08-18,Napa,055,140530,11278,11060,65,11125,83
2021-08-18,Nevada,057,99092,6982,6633,226,6859,76
2021-08-18,Orange,059,3164182,282556,277795,12875,290670,5168
2021-08-18,Placer,061,380077,29455,27741,2426,30167,312
2021-08-18,Plumas,063,18699,944,874,14,888,5
2021-08-18,Riverside,065,2383286,324420,317107,14985,332092,4585
2021-08-18,Sacramento,067,1510023,131240,125599,2661,128260,1781
2021-08-18,San Benito,069,59416,6572,6481,124,6605,64
2021-08-18,San Bernardino,071,2135413,320728,315477,9771,325248,5304
2021-08-18,San Diego,073,3302833,324983,318152,18881,337033,3834
2021-08-18,San Francisco,075,870044,46441,44957,1861,46818,568
2021-08-18,San Joaquin,077,732212,84381,81601,4270,85871,1491
2021-08-18,San Luis Obispo,079,281455,24496,23726,917,24643,270
2021-08-18,San Mateo,081,765935,48531,47255,688,47943,551
2021-08-18,Santa Barbara,083,443738,38525,37599,1307,38906,475
2021-08-18,Santa Clara,085,1922200,132113,128563,948,129511,1773
2021-08-18,Santa Cruz,087,273765,18057,17566,883,18449,209
2021-08-18,Shasta,089,179085,14649,14087,2019,16106,213
2021-08-18,Sierra,091,2930,92,83,13,96,0
2021-08-18,Siskiyou,093,43540,2321,2204,585,2789,33
2021-08-18,Solano,095,438530,40147,37812,920,38732,271
2021-08-18,Sonoma,097,501317,36510,35063,434,35497,333
2021-08-18,Stanislaus,099,539301,64259,62613,7026,69639,1047
2021-08-18,Sutter,101,95872,11272,11004,117,11121,130
2021-08-18,Tehama,103,63373,5851,5653,715,6368,66
2021-08-18,Trinity,105,12862,576,409,130,539,3
2021-08-18,Tulare,107,460477,54249,52486,10561,63047,856
2021-08-18,Tuolumne,109,53932,5228,5081,58,5139,64
2021-08-18,Ventura,111,848112,89203,87835,3788,91623,1055
2021-08-18,Yolo,113,214977,16651,16047,626,16673,225
2021-08-18,Yuba,115,75493,7690,7391,166,7557,51
2021-08-17,Alameda,001,1643700,105647,102379,2293,104672,1290
2021-08-17,Alpine,002,1148,90,91,0,91,0
2021-08-17,Amador,005,37829,4402,4266,37,4303,50
2021-08-17,Butte,007,227075,14899,14357,2415,16772,206
2021-08-17,Calaveras,009,45235,2759,2624,18,2642,59
2021-08-17,Colusa,011,21464,2226,2156,440,2596,16
2021-08-17,Contra Costa,013,1133247,86047,82482,1672,84154,848
2021-08-17,Del Norte,015,27424,2473,2188,16,2204,8
2021-08-17,El Dorado,017,186661,12929,12242,1097,13339,118
2021-08-17,Fresno,019,978130,113140,110263,9776,120039,1755
2021-08-17,Glenn,021,27897,2695,2608,689,3297,20
2021-08-17,Humboldt,023,135768,6473,6155,145,6300,52
2021-08-17,Imperial,025,180216,30055,29768,2786,32554,746
2021-08-17,Inyo,027,18085,1498,1492,13,1505,39
2021-08-17,Kern,029,883053,105197,103048,13553,116601,1367
2021-08-17,Kings,031,150075,25646,24930,1316,26246,254
2021-08-17,Lake,033,64148,5100,4930,35,4965,68
2021-08-17,Lassen,035,31185,5596,5499,141,5640,21
2021-08-17,Los Angeles,037,10098052,1327941,1307999,47659,1355658,24952
2021-08-17,Madera,039,155013,18387,17838,1207,19045,246
2021-08-17,Marin,041,260295,15949,15570,312,15882,240
2021-08-17,Mariposa,043,17540,651,609,15,624,5
2021-08-17,Mendocino,045,87422,5398,5097,176,5273,51
2021-08-17,Merced,047,269075,34155,33508,1219,34727,482
2021-08-17,Modoc,049,8938,435,424,150,574,6
2021-08-17,Mono,051,14174,1380,1341,18,1359,3
2021-08-17,Monterey,053,433212,45238,44672,2181,46853,528
2021-08-17,Napa,055,140530,11237,11007,64,11071,83
2021-08-17,Nevada,057,99092,6907,6605,224,6829,75
2021-08-17,Orange,059,3164182,281911,277121,12839,289960,5164
2021-08-17,Placer,061,380077,29243,27634,2397,30031,312
2021-08-17,Plumas,063,18699,932,860,14,874,5
2021-08-17,Riverside,065,2383286,323407,316051,14942,330993,4582
2021-08-17,Sacramento,067,1510023,130446,125151,2619,127770,1774
2021-08-17,San Benito,069,59416,6553,6470,124,6594,64
2021-08-17,San Bernardino,071,2135413,319789,314402,9731,324133,5302
2021-08-17,San Diego,073,3302833,323373,317058,18783,335841,3824
2021-08-17,San Francisco,075,870044,46242,44820,1855,46675,567
2021-08-17,San Joaquin,077,732212,83913,81300,4236,85536,1489
2021-08-17,San Luis Obispo,079,281455,24340,23556,914,24470,268
2021-08-17,San Mateo,081,765935,48376,47127,683,47810,551
2021-08-17,Santa Barbara,083,443738,38366,37478,1300,38778,475
2021-08-17,Santa Clara,085,1922200,131710,128354,942,129296,1773
2021-08-17,Santa Cruz,087,273765,17972,17528,882,18410,209
2021-08-17,Shasta,089,179085,14518,14012,2000,16012,214
2021-08-17,Sierra,091,2930,91,82,13,95,0
2021-08-17,Siskiyou,093,43540,2305,2183,572,2755,33
2021-08-17,Solano,095,438530,39918,37662,907,38569,269
2021-08-17,Sonoma,097,501317,36362,34943,430,35373,333
2021-08-17,Stanislaus,099,539301,63918,62385,6967,69352,1047
2021-08-17,Sutter,101,95872,11200,10973,117,11090,130
2021-08-17,Tehama,103,63373,5817,5612,694,6306,66
2021-08-17,Trinity,105,12862,571,406,128,534,3
2021-08-17,Tulare,107,460477,53981,52362,10496,62858,856
2021-08-17,Tuolumne,109,53932,5185,5042,57,5099,64
2021-08-17,Ventura,111,848112,88964,87601,3767,91368,1053
2021-08-17,Yolo,113,214977,16562,15975,612,16587,225
2021-08-17,Yuba,115,75493,7618,7355,166,7521,51
2021-08-16,Alameda,001,1643700,105150,102052,2285,104337,1287
2021-08-16,Alpine,002,1148,90,91,0,91,0
2021-08-16,Amador,005,37829,4392,4235,37,4272,50
2021-08-16,Butte,007,227075,14782,14283,2378,16661,206
2021-08-16,Calaveras,009,45235,2700,2609,17,2626,57
2021-08-16,Colusa,011,21464,2215,2147,436,2583,16
2021-08-16,Contra Costa,013,1133247,85504,82070,1662,83732,848
2021-08-16,Del Norte,015,27424,2396,2125,16,2141,8
2021-08-16,El Dorado,017,186661,12828,12139,1084,13223,118
2021-08-16,Fresno,019,978130,112641,109623,9724,119347,1753
2021-08-16,Glenn,021,27897,2676,2593,683,3276,20
2021-08-16,Humboldt,023,135768,6402,6064,124,6188,52
2021-08-16,Imperial,025,180216,30014,29737,2772,32509,746
2021-08-16,Inyo,027,18085,1495,1490,13,1503,39
2021-08-16,Kern,029,883053,104822,102690,13437,116127,1367
2021-08-16,Kings,031,150075,25543,24817,1307,26124,254
2021-08-16,Lake,033,64148,5073,4898,34,4932,68
2021-08-16,Lassen,035,31185,5580,5481,133,5614,21
2021-08-16,Los Angeles,037,10098052,1324558,1305330,47519,1352849,24923
2021-08-16,Madera,039,155013,18312,17756,1186,18942,246
2021-08-16,Marin,041,260295,15890,15497,311,15808,239
2021-08-16,Mariposa,043,17540,634,597,15,612,5
2021-08-16,Mendocino,045,87422,5342,5037,174,5211,49
2021-08-16,Merced,047,269075,33954,33364,1206,34570,481
2021-08-16,Modoc,049,8938,433,421,149,570,5
2021-08-16,Mono,051,14174,1375,1339,18,1357,3
2021-08-16,Monterey,053,433212,45159,44595,2169,46764,527
2021-08-16,Napa,055,140530,11208,10946,64,11010,83
2021-08-16,Nevada,057,99092,6851,6535,223,6758,74
2021-08-16,Orange,059,3164182,281117,275985,12793,288778,5161
2021-08-16,Placer,061,380077,29059,27384,2365,29749,306
2021-08-16,Plumas,063,18699,921,851,14,865,5
2021-08-16,Riverside,065,2383286,322314,314774,14905,329679,4582
2021-08-16,Sacramento,067,1510023,129636,124554,2576,127130,1762
2021-08-16,San Benito,069,59416,6529,6452,124,6576,64
2021-08-16,San Bernardino,071,2135413,318822,313617,9704,323321,5301
2021-08-16,San Diego,073,3302833,321775,315348,18643,333991,3824
2021-08-16,San Francisco,075,870044,46039,44681,1848,46529,567
2021-08-16,San Joaquin,077,732212,83409,81087,4208,85295,1488
2021-08-16,San Luis Obispo,079,281455,24190,23452,906,24358,265
2021-08-16,San Mateo,081,765935,48193,47024,677,47701,548
2021-08-16,Santa Barbara,083,443738,38196,37358,1295,38653,475
2021-08-16,Santa Clara,085,1922200,131246,127978,938,128916,1773
2021-08-16,Santa Cruz,087,273765,17908,17491,876,18367,209
2021-08-16,Shasta,089,179085,14429,13862,1984,15846,211
2021-08-16,Sierra,091,2930,88,82,13,95,0
2021-08-16,Siskiyou,093,43540,2288,2169,552,2721,33
2021-08-16,Solano,095,438530,39636,37436,895,38331,263
2021-08-16,Sonoma,097,501317,36194,34844,427,35271,333
2021-08-16,Stanislaus,099,539301,63579,62033,6915,68948,1039
2021-08-16,Sutter,101,95872,11131,10902,116,11018,130
2021-08-16,Tehama,103,63373,5754,5565,689,6254,66
2021-08-16,Trinity,105,12862,565,400,127,527,3
2021-08-16,Tulare,107,460477,53737,52162,10428,62590,856
2021-08-16,Tuolumne,109,53932,5146,4984,56,5040,64
2021-08-16,Ventura,111,848112,88719,86954,3749,90703,1052
2021-08-16,Yolo,113,214977,16461,15922,604,16526,225
2021-08-16,Yuba,115,75493,7534,7314,165,7479,51
2021-08-15,Alameda,001,1643700,104667,101660,2268,103928,1287
2021-08-15,Alpine,002,1148,90,91,0,91,0
2021-08-15,Amador,005,37829,4364,4231,37,4268,49
2021-08-15,Butte,007,227075,14659,14263,2354,16617,206
2021-08-15,Calaveras,009,45235,2659,2599,17,2616,57
2021-08-15,Colusa,011,21464,2203,2140,426,2566,16
2021-08-15,Contra Costa,013,1133247,85020,81781,1647,83428,848
2021-08-15,Del Norte,015,27424,2329,2060,16,2076,8
2021-08-15,El Dorado,017,186661,12693,12057,1067,13124,118
2021-08-15,Fresno,019,978130,112161,109382,9658,119040,1753
2021-08-15,Glenn,021,27897,2653,2592,671,3263,20
2021-08-15,Humboldt,023,135768,6328,6024,118,6142,52
2021-08-15,Imperial,025,180216,29948,29711,2768,32479,746
2021-08-15,Inyo,027,18085,1494,1489,13,1502,39
2021-08-15,Kern,029,883053,104378,102524,13325,115849,1367
2021-08-15,Kings,031,150075,25397,24736,1297,26033,254
2021-08-15,Lake,033,64148,5014,4886,33,4919,68
2021-08-15,Lassen,035,31185,5563,5482,132,5614,21
2021-08-15,Los Angeles,037,10098052,1321023,1302882,47350,1350232,24918
2021-08-15,Madera,039,155013,18224,17714,1170,18884,246
2021-08-15,Marin,041,260295,15831,15461,309,15770,239
2021-08-15,Mariposa,043,17540,627,591,14,605,5
2021-08-15,Mendocino,045,87422,5285,5022,168,5190,49
2021-08-15,Merced,047,269075,33710,33305,1195,34500,481
2021-08-15,Modoc,049,8938,431,421,149,570,5
2021-08-15,Mono,051,14174,1371,1334,18,1352,3
2021-08-15,Monterey,053,433212,45037,44567,2148,46715,527
2021-08-15,Napa,055,140530,11153,10919,64,10983,83
2021-08-15,Nevada,057,99092,6766,6486,223,6709,74
2021-08-15,Orange,059,3164182,280347,275447,12753,288200,5161
2021-08-15,Placer,061,380077,28833,27220,2317,29537,306
2021-08-15,Plumas,063,18699,909,850,14,864,5
2021-08-15,Riverside,065,2383286,321175,314133,14878,329011,4582
2021-08-15,Sacramento,067,1510023,128817,123924,2544,126468,1761
2021-08-15,San Benito,069,59416,6511,6446,123,6569,64
2021-08-15,San Bernardino,071,2135413,317750,313120,9673,322793,5301
2021-08-15,San Diego,073,3302833,320303,314247,18516,332763,3824
2021-08-15,San Francisco,075,870044,45814,44531,1833,46364,567
2021-08-15,San Joaquin,077,732212,82921,80832,4169,85001,1488
2021-08-15,San Luis Obispo,079,281455,23994,23404,896,24300,265
2021-08-15,San Mateo,081,765935,48006,46897,671,47568,548
2021-08-15,Santa Barbara,083,443738,38024,37276,1288,38564,475
2021-08-15,Santa Clara,085,1922200,130812,127715,932,128647,1773
2021-08-15,Santa Cruz,087,273765,17838,17440,869,18309,209
2021-08-15,Shasta,089,179085,14326,13835,1959,15794,211
2021-08-15,Sierra,091,2930,87,82,12,94,0
2021-08-15,Siskiyou,093,43540,2267,2169,538,2707,33
2021-08-15,Solano,095,438530,39379,37320,884,38204,263
2021-08-15,Sonoma,097,501317,35998,34706,419,35125,333
2021-08-15,Stanislaus,099,539301,63210,61795,6838,68633,1039
2021-08-15,Sutter,101,95872,11040,10863,116,10979,130
2021-08-15,Tehama,103,63373,5705,5550,683,6233,66
2021-08-15,Trinity,105,12862,561,400,126,526,3
2021-08-15,Tulare,107,460477,53482,52046,10369,62415,856
2021-08-15,Tuolumne,109,53932,5108,4934,54,4988,64
2021-08-15,Ventura,111,848112,88414,86797,3734,90531,1052
2021-08-15,Yolo,113,214977,16366,15873,594,16467,225
2021-08-15,Yuba,115,75493,7457,7265,164,7429,51
2021-08-14,Alameda,001,1643700,104451,101305,2264,103569,1287
2021-08-14,Alpine,002,1148,90,91,0,91,0
2021-08-14,Amador,005,37829,4346,4206,37,4243,49
2021-08-14,Butte,007,227075,14623,14192,2338,16530,206
2021-08-14,Calaveras,009,45235,2652,2579,17,2596,57
2021-08-14,Colusa,011,21464,2192,2134,422,2556,16
2021-08-14,Contra Costa,013,1133247,84772,81458,1639,83097,848
2021-08-14,Del Norte,015,27424,2302,2015,16,2031,8
2021-08-14,El Dorado,017,186661,12657,12019,1059,13078,118
2021-08-14,Fresno,019,978130,111998,109056,9627,118683,1753
2021-08-14,Glenn,021,27897,2642,2583,668,3251,20
2021-08-14,Humboldt,023,135768,6275,5998,115,6113,52
2021-08-14,Imperial,025,180216,29921,29671,2768,32439,746
2021-08-14,Inyo,027,18085,1492,1487,13,1500,39
2021-08-14,Kern,029,883053,104183,102306,13229,115535,1367
2021-08-14,Kings,031,150075,25299,24647,1289,25936,254
2021-08-14,Lake,033,64148,4997,4850,32,4882,68
2021-08-14,Lassen,035,31185,5556,5475,131,5606,21
2021-08-14,Los Angeles,037,10098052,1319249,1299346,47213,1346559,24911
2021-08-14,Madera,039,155013,18177,17691,1165,18856,246
2021-08-14,Marin,041,260295,15797,15441,309,15750,239
2021-08-14,Mariposa,043,17540,623,584,14,598,5
2021-08-14,Mendocino,045,87422,5249,4977,165,5142,49
2021-08-14,Merced,047,269075,33646,33234,1189,34423,481
2021-08-14,Modoc,049,8938,431,421,149,570,5
2021-08-14,Mono,051,14174,1366,1332,18,1350,3
2021-08-14,Monterey,053,433212,44992,44514,2145,46659,527
2021-08-14,Napa,055,140530,11123,10878,63,10941,83
2021-08-14,Nevada,057,99092,6731,6419,222,6641,74
2021-08-14,Orange,059,3164182,279913,274732,12726,287458,5161
2021-08-14,Placer,061,380077,28686,27115,2293,29408,306
2021-08-14,Plumas,063,18699,899,849,14,863,5
2021-08-14,Riverside,065,2383286,320459,313264,14857,328121,4582
2021-08-14,Sacramento,067,1510023,128324,123438,2525,125963,1758
2021-08-14,San Benito,069,59416,6498,6428,123,6551,64
2021-08-14,San Bernardino,071,2135413,317200,312142,9652,321794,5301
2021-08-14,San Diego,073,3302833,319631,313589,18448,332037,3824
2021-08-14,San Francisco,075,870044,45685,44353,1814,46167,567
2021-08-14,San Joaquin,077,732212,82704,80585,4154,84739,1488
2021-08-14,San Luis Obispo,079,281455,23933,23328,893,24221,265
2021-08-14,San Mateo,081,765935,47887,46792,667,47459,548
2021-08-14,Santa Barbara,083,443738,37930,37118,1286,38404,475
2021-08-14,Santa Clara,085,1922200,130533,127432,929,128361,1772
2021-08-14,Santa Cruz,087,273765,17799,17384,868,18252,209
2021-08-14,Shasta,089,179085,14251,13813,1938,15751,211
2021-08-14,Sierra,091,2930,86,81,12,93,0
2021-08-14,Siskiyou,093,43540,2257,2160,528,2688,33
2021-08-14,Solano,095,438530,39290,37237,872,38109,263
2021-08-14,Sonoma,097,501317,35875,34606,417,35023,333
2021-08-14,Stanislaus,099,539301,63034,61564,6794,68358,1039
2021-08-14,Sutter,101,95872,10995,10808,115,10923,130
2021-08-14,Tehama,103,63373,5681,5530,678,6208,66
2021-08-14,Trinity,105,12862,555,399,126,525,3
2021-08-14,Tulare,107,460477,53346,51951,10324,62275,856
2021-08-14,Tuolumne,109,53932,5073,4924,54,4978,64
2021-08-14,Ventura,111,848112,88258,86569,3714,90283,1052
2021-08-14,Yolo,113,214977,16321,15815,585,16400,225
2021-08-14,Yuba,115,75493,7408,7223,164,7387,51
2021-08-13,Alameda,001,1643700,104156,100930,2256,103186,1284
2021-08-13,Alpine,002,1148,90,91,0,91,0
2021-08-13,Amador,005,37829,4318,4169,37,4206,49
2021-08-13,Butte,007,227075,14553,14100,2322,16422,206
2021-08-13,Calaveras,009,45235,2646,2564,17,2581,57
2021-08-13,Colusa,011,21464,2185,2123,417,2540,16
2021-08-13,Contra Costa,013,1133247,84460,81046,1632,82678,848
2021-08-13,Del Norte,015,27424,2262,1973,16,1989,8
2021-08-13,El Dorado,017,186661,12617,11951,1047,12998,118
2021-08-13,Fresno,019,978130,111707,108638,9602,118240,1753
2021-08-13,Glenn,021,27897,2631,2574,665,3239,20
2021-08-13,Humboldt,023,135768,6228,5882,112,5994,52
2021-08-13,Imperial,025,180216,29894,29654,2767,32421,745
2021-08-13,Inyo,027,18085,1491,1484,13,1497,39
2021-08-13,Kern,029,883053,103975,102029,13120,115149,1364
2021-08-13,Kings,031,150075,25214,24531,1282,25813,253
2021-08-13,Lake,033,64148,4974,4811,31,4842,68
2021-08-13,Lassen,035,31185,5548,5455,130,5585,21
2021-08-13,Los Angeles,037,10098052,1316923,1295406,47076,1342482,24891
2021-08-13,Madera,039,155013,18128,17614,1156,18770,246
2021-08-13,Marin,041,260295,15766,15380,309,15689,239
2021-08-13,Mariposa,043,17540,617,577,14,591,5
2021-08-13,Mendocino,045,87422,5196,4924,163,5087,49
2021-08-13,Merced,047,269075,33599,33111,1183,34294,480
2021-08-13,Modoc,049,8938,430,421,148,569,5
2021-08-13,Mono,051,14174,1363,1331,18,1349,3
2021-08-13,Monterey,053,433212,44932,44450,2143,46593,527
2021-08-13,Napa,055,140530,11087,10830,63,10893,83
2021-08-13,Nevada,057,99092,6690,6356,221,6577,74
2021-08-13,Orange,059,3164182,279419,274004,12677,286681,5159
2021-08-13,Placer,061,380077,28582,26987,2266,29253,306
2021-08-13,Plumas,063,18699,885,842,14,856,5
2021-08-13,Riverside,065,2383286,319720,312408,14832,327240,4581
2021-08-13,Sacramento,067,1510023,127854,122868,2498,125366,1758
2021-08-13,San Benito,069,59416,6492,6422,121,6543,64
2021-08-13,San Bernardino,071,2135413,316531,311378,9633,321011,5301
2021-08-13,San Diego,073,3302833,318585,312293,18369,330662,3821
2021-08-13,San Francisco,075,870044,45549,44196,1791,45987,567
2021-08-13,San Joaquin,077,732212,82487,80232,4138,84370,1481
2021-08-13,San Luis Obispo,079,281455,23870,23226,890,24116,265
2021-08-13,San Mateo,081,765935,47768,46660,666,47326,548
2021-08-13,Santa Barbara,083,443738,37845,37023,1282,38305,474
2021-08-13,Santa Clara,085,1922200,130246,126958,923,127881,1769
2021-08-13,Santa Cruz,087,273765,17759,17332,861,18193,209
2021-08-13,Shasta,089,179085,14188,13698,1924,15622,211
2021-08-13,Sierra,091,2930,85,81,12,93,0
2021-08-13,Siskiyou,093,43540,2248,2147,524,2671,33
2021-08-13,Solano,095,438530,39156,37104,864,37968,264
2021-08-13,Sonoma,097,501317,35770,34464,417,34881,333
2021-08-13,Stanislaus,099,539301,62862,61294,6753,68047,1039
2021-08-13,Sutter,101,95872,10951,10751,114,10865,130
2021-08-13,Tehama,103,63373,5657,5496,676,6172,66
2021-08-13,Trinity,105,12862,551,392,126,518,3
2021-08-13,Tulare,107,460477,53241,51770,10251,62021,856
2021-08-13,Tuolumne,109,53932,5040,4899,53,4952,64
2021-08-13,Ventura,111,848112,88100,86368,3701,90069,1052
2021-08-13,Yolo,113,214977,16267,15761,575,16336,225
2021-08-13,Yuba,115,75493,7370,7184,164,7348,51
2021-08-12,Alameda,001,1643700,103669,100472,2243,102715,1284
2021-08-12,Alpine,002,1148,90,91,0,91,0
2021-08-12,Amador,005,37829,4288,4161,36,4197,49
2021-08-12,Butte,007,227075,14483,14006,2304,16310,206
2021-08-12,Calaveras,009,45235,2630,2531,17,2548,57
2021-08-12,Colusa,011,21464,2180,2111,416,2527,17
2021-08-12,Contra Costa,013,1133247,83975,80738,1617,82355,846
2021-08-12,Del Norte,015,27424,2190,1923,16,1939,8
2021-08-12,El Dorado,017,186661,12502,11880,1038,12918,118
2021-08-12,Fresno,019,978130,111283,108193,9534,117727,1753
2021-08-12,Glenn,021,27897,2623,2559,653,3212,20
2021-08-12,Humboldt,023,135768,6159,5845,108,5953,52
2021-08-12,Imperial,025,180216,29838,29585,2761,32346,745
2021-08-12,Inyo,027,18085,1489,1483,13,1496,39
2021-08-12,Kern,029,883053,103685,101698,13041,114739,1364
2021-08-12,Kings,031,150075,25114,24423,1273,25696,252
2021-08-12,Lake,033,64148,4948,4774,31,4805,68
2021-08-12,Lassen,035,31185,5526,5428,129,5557,21
2021-08-12,Los Angeles,037,10098052,1313731,1291875,46942,1338817,24874
2021-08-12,Madera,039,155013,18064,17564,1144,18708,246
2021-08-12,Marin,041,260295,15717,15277,306,15583,239
2021-08-12,Mariposa,043,17540,608,568,13,581,5
2021-08-12,Mendocino,045,87422,5166,4873,157,5030,49
2021-08-12,Merced,047,269075,33475,32960,1176,34136,480
2021-08-12,Modoc,049,8938,429,423,148,571,5
2021-08-12,Mono,051,14174,1358,1325,18,1343,3
2021-08-12,Monterey,053,433212,44856,44383,2128,46511,527
2021-08-12,Napa,055,140530,11038,10780,62,10842,83
2021-08-12,Nevada,057,99092,6629,6283,221,6504,74
2021-08-12,Orange,059,3164182,278738,273167,12619,285786,5158
2021-08-12,Placer,061,380077,28382,26856,2243,29099,306
2021-08-12,Plumas,063,18699,877,829,14,843,5
2021-08-12,Riverside,065,2383286,318711,311304,14800,326104,4575
2021-08-12,Sacramento,067,1510023,127081,122222,2468,124690,1758
2021-08-12,San Benito,069,59416,6475,6398,119,6517,64
2021-08-12,San Bernardino,071,2135413,315657,310420,9603,320023,5297
2021-08-12,San Diego,073,3302833,317214,310596,18280,328876,3821
2021-08-12,San Francisco,075,870044,45342,43774,1778,45552,564
2021-08-12,San Joaquin,077,732212,82092,79945,4114,84059,1479
2021-08-12,San Luis Obispo,079,281455,23770,23101,877,23978,264
2021-08-12,San Mateo,081,765935,47624,46435,663,47098,548
2021-08-12,Santa Barbara,083,443738,37708,36881,1274,38155,473
2021-08-12,Santa Clara,085,1922200,129797,126614,917,127531,1769
2021-08-12,Santa Cruz,087,273765,17695,17261,860,18121,209
2021-08-12,Shasta,089,179085,14103,13621,1897,15518,211
2021-08-12,Sierra,091,2930,85,81,12,93,0
2021-08-12,Siskiyou,093,43540,2241,2134,515,2649,33
2021-08-12,Solano,095,438530,38928,36980,855,37835,262
2021-08-12,Sonoma,097,501317,35622,34299,414,34713,333
2021-08-12,Stanislaus,099,539301,62597,61026,6694,67720,1039
2021-08-12,Sutter,101,95872,10890,10695,112,10807,130
2021-08-12,Tehama,103,63373,5627,5462,667,6129,66
2021-08-12,Trinity,105,12862,547,386,125,511,3
2021-08-12,Tulare,107,460477,53096,51632,10202,61834,856
2021-08-12,Tuolumne,109,53932,4993,4845,51,4896,64
2021-08-12,Ventura,111,848112,87863,86106,3677,89783,1052
2021-08-12,Yolo,113,214977,16195,15686,561,16247,224
2021-08-12,Yuba,115,75493,7322,7128,163,7291,51
2021-08-11,Alameda,001,1643700,103163,100040,2240,102280,1281
2021-08-11,Alpine,002,1148,90,91,0,91,0
2021-08-11,Amador,005,37829,4264,4127,36,4163,49
2021-08-11,Butte,007,227075,14382,13905,2278,16183,206
2021-08-11,Calaveras,009,45235,2608,2505,17,2522,57
2021-08-11,Colusa,011,21464,2170,2101,414,2515,16
2021-08-11,Contra Costa,013,1133247,83474,80275,1599,81874,843
2021-08-11,Del Norte,015,27424,2131,1893,16,1909,8
2021-08-11,El Dorado,017,186661,12391,11799,1026,12825,119
2021-08-11,Fresno,019,978130,110826,107773,9488,117261,1751
2021-08-11,Glenn,021,27897,2614,2547,643,3190,20
2021-08-11,Humboldt,023,135768,6112,5765,107,5872,52
2021-08-11,Imperial,025,180216,29795,29565,2757,32322,745
2021-08-11,Inyo,027,18085,1489,1483,13,1496,39
2021-08-11,Kern,029,883053,103372,101448,12934,114382,1363
2021-08-11,Kings,031,150075,25001,24304,1264,25568,250
2021-08-11,Lake,033,64148,4911,4713,30,4743,68
2021-08-11,Lassen,035,31185,5517,5408,127,5535,21
2021-08-11,Los Angeles,037,10098052,1310401,1288238,46757,1334995,24851
2021-08-11,Madera,039,155013,18014,17511,1133,18644,245
2021-08-11,Marin,041,260295,15668,15235,306,15541,239
2021-08-11,Mariposa,043,17540,598,554,12,566,5
2021-08-11,Mendocino,045,87422,5097,4796,148,4944,49
2021-08-11,Merced,047,269075,33342,32802,1172,33974,479
2021-08-11,Modoc,049,8938,429,421,148,569,5
2021-08-11,Mono,051,14174,1353,1320,18,1338,3
2021-08-11,Monterey,053,433212,44757,44314,2110,46424,527
2021-08-11,Napa,055,140530,10997,10732,62,10794,83
2021-08-11,Nevada,057,99092,6576,6172,218,6390,74
2021-08-11,Orange,059,3164182,277879,272212,12573,284785,5155
2021-08-11,Placer,061,380077,28170,26687,2217,28904,305
2021-08-11,Plumas,063,18699,868,824,14,838,5
2021-08-11,Riverside,065,2383286,317718,310265,14765,325030,4570
2021-08-11,Sacramento,067,1510023,126290,121603,2428,124031,1757
2021-08-11,San Benito,069,59416,6462,6381,119,6500,64
2021-08-11,San Bernardino,071,2135413,314764,309498,9584,319082,5296
2021-08-11,San Diego,073,3302833,315742,309406,18176,327582,3818
2021-08-11,San Francisco,075,870044,45117,43555,1770,45325,564
2021-08-11,San Joaquin,077,732212,81685,79641,4087,83728,1478
2021-08-11,San Luis Obispo,079,281455,23666,22920,870,23790,264
2021-08-11,San Mateo,081,765935,47456,46300,660,46960,548
2021-08-11,Santa Barbara,083,443738,37545,36699,1266,37965,472
2021-08-11,Santa Clara,085,1922200,129315,126301,909,127210,1769
2021-08-11,Santa Cruz,087,273765,17630,17191,857,18048,209
2021-08-11,Shasta,089,179085,14029,13546,1882,15428,211
2021-08-11,Sierra,091,2930,84,81,12,93,0
2021-08-11,Siskiyou,093,43540,2227,2124,508,2632,33
2021-08-11,Solano,095,438530,38694,36862,841,37703,262
2021-08-11,Sonoma,097,501317,35443,34188,409,34597,333
2021-08-11,Stanislaus,099,539301,62266,60767,6664,67431,1037
2021-08-11,Sutter,101,95872,10817,10628,112,10740,130
2021-08-11,Tehama,103,63373,5598,5410,651,6061,66
2021-08-11,Trinity,105,12862,545,385,125,510,3
2021-08-11,Tulare,107,460477,52928,51464,10158,61622,854
2021-08-11,Tuolumne,109,53932,4961,4794,51,4845,64
2021-08-11,Ventura,111,848112,87611,85863,3656,89519,1051
2021-08-11,Yolo,113,214977,16120,15593,545,16138,218
2021-08-11,Yuba,115,75493,7263,7063,162,7225,53
2021-08-10,Alameda,001,1643700,102694,99771,2233,102004,1281
2021-08-10,Alpine,002,1148,90,91,0,91,0
2021-08-10,Amador,005,37829,4248,4093,36,4129,49
2021-08-10,Butte,007,227075,14298,13853,2258,16111,205
2021-08-10,Calaveras,009,45235,2584,2491,15,2506,57
2021-08-10,Colusa,011,21464,2157,2088,405,2493,16
2021-08-10,Contra Costa,013,1133247,82931,80018,1589,81607,840
2021-08-10,Del Norte,015,27424,2087,1870,16,1886,8
2021-08-10,El Dorado,017,186661,12290,11734,1014,12748,117
2021-08-10,Fresno,019,978130,110367,107616,9432,117048,1747
2021-08-10,Glenn,021,27897,2601,2538,633,3171,20
2021-08-10,Humboldt,023,135768,6058,5718,104,5822,52
2021-08-10,Imperial,025,180216,29760,29522,2750,32272,745
2021-08-10,Inyo,027,18085,1489,1482,13,1495,39
2021-08-10,Kern,029,883053,103044,101254,12838,114092,1359
2021-08-10,Kings,031,150075,24875,24252,1248,25500,251
2021-08-10,Lake,033,64148,4870,4700,30,4730,67
2021-08-10,Lassen,035,31185,5499,5401,127,5528,21
2021-08-10,Los Angeles,037,10098052,1306643,1285140,46595,1331735,24821
2021-08-10,Madera,039,155013,17941,17481,1123,18604,245
2021-08-10,Marin,041,260295,15621,15194,306,15500,239
2021-08-10,Mariposa,043,17540,585,550,12,562,5
2021-08-10,Mendocino,045,87422,5052,4775,144,4919,49
2021-08-10,Merced,047,269075,33194,32721,1163,33884,477
2021-08-10,Modoc,049,8938,428,421,148,569,5
2021-08-10,Mono,051,14174,1348,1320,18,1338,3
2021-08-10,Monterey,053,433212,44695,44259,2095,46354,527
2021-08-10,Napa,055,140530,10942,10703,61,10764,83
2021-08-10,Nevada,057,99092,6511,6151,217,6368,73
2021-08-10,Orange,059,3164182,276999,271688,12526,284214,5155
2021-08-10,Placer,061,380077,27951,26561,2175,28736,305
2021-08-10,Plumas,063,18699,859,816,14,830,5
2021-08-10,Riverside,065,2383286,316602,309529,14739,324268,4564
2021-08-10,Sacramento,067,1510023,125437,121159,2397,123556,1755
2021-08-10,San Benito,069,59416,6448,6371,119,6490,64
2021-08-10,San Bernardino,071,2135413,313840,308672,9566,318238,5295
2021-08-10,San Diego,073,3302833,314095,308288,18084,326372,3815
2021-08-10,San Francisco,075,870044,44864,43389,1755,45144,564
2021-08-10,San Joaquin,077,732212,81287,79391,4069,83460,1478
2021-08-10,San Luis Obispo,079,281455,23540,22776,868,23644,264
2021-08-10,San Mateo,081,765935,47284,46184,658,46842,548
2021-08-10,Santa Barbara,083,443738,37380,36574,1259,37833,472
2021-08-10,Santa Clara,085,1922200,128852,126019,902,126921,1770
2021-08-10,Santa Cruz,087,273765,17547,17142,855,17997,209
2021-08-10,Shasta,089,179085,13951,13461,1859,15320,211
2021-08-10,Sierra,091,2930,84,76,12,88,0
2021-08-10,Siskiyou,093,43540,2218,2088,501,2589,33
2021-08-10,Solano,095,438530,38450,36767,830,37597,262
2021-08-10,Sonoma,097,501317,35298,34054,406,34460,333
2021-08-10,Stanislaus,099,539301,61920,60605,6627,67232,1037
2021-08-10,Sutter,101,95872,10752,10569,112,10681,130
2021-08-10,Tehama,103,63373,5569,5392,646,6038,66
2021-08-10,Trinity,105,12862,545,384,125,509,3
2021-08-10,Tulare,107,460477,52764,51390,10106,61496,854
2021-08-10,Tuolumne,109,53932,4932,4780,49,4829,64
2021-08-10,Ventura,111,848112,87322,85714,3635,89349,1051
2021-08-10,Yolo,113,214977,16033,15568,535,16103,218
2021-08-10,Yuba,115,75493,7214,7028,162,7190,50
2021-08-09,Alameda,001,1643700,102143,99496,2229,101725,1276
2021-08-09,Alpine,002,1148,90,91,0,91,0
2021-08-09,Amador,005,37829,4222,4078,36,4114,48
2021-08-09,Butte,007,227075,14199,13813,2230,16043,205
2021-08-09,Calaveras,009,45235,2559,2472,15,2487,57
2021-08-09,Colusa,011,21464,2147,2075,398,2473,16
2021-08-09,Contra Costa,013,1133247,82389,79740,1577,81317,840
2021-08-09,Del Norte,015,27424,2019,1848,16,1864,8
2021-08-09,El Dorado,017,186661,12183,11672,1001,12673,117
2021-08-09,Fresno,019,978130,109873,107310,9393,116703,1747
2021-08-09,Glenn,021,27897,2590,2532,621,3153,20
2021-08-09,Humboldt,023,135768,5967,5632,102,5734,52
2021-08-09,Imperial,025,180216,29715,29512,2746,32258,745
2021-08-09,Inyo,027,18085,1489,1481,13,1494,39
2021-08-09,Kern,029,883053,102732,101069,12752,113821,1359
2021-08-09,Kings,031,150075,24768,24155,1234,25389,250
2021-08-09,Lake,033,64148,4835,4670,28,4698,66
2021-08-09,Lassen,035,31185,5477,5393,126,5519,21
2021-08-09,Los Angeles,037,10098052,1302625,1282891,46396,1329287,24798
2021-08-09,Madera,039,155013,17882,17429,1103,18532,245
2021-08-09,Marin,041,260295,15568,15154,305,15459,239
2021-08-09,Mariposa,043,17540,572,545,12,557,5
2021-08-09,Mendocino,045,87422,5001,4732,136,4868,49
2021-08-09,Merced,047,269075,33048,32666,1156,33822,477
2021-08-09,Modoc,049,8938,428,419,148,567,5
2021-08-09,Mono,051,14174,1345,1337,18,1355,3
2021-08-09,Monterey,053,433212,44623,44190,2080,46270,527
2021-08-09,Napa,055,140530,10895,10679,61,10740,83
2021-08-09,Nevada,057,99092,6439,6088,216,6304,73
2021-08-09,Orange,059,3164182,275958,271036,12471,283507,5153
2021-08-09,Placer,061,380077,27727,26457,2144,28601,305
2021-08-09,Plumas,063,18699,842,803,14,817,5
2021-08-09,Riverside,065,2383286,315525,308678,14721,323399,4562
2021-08-09,Sacramento,067,1510023,124603,120812,2372,123184,1748
2021-08-09,San Benito,069,59416,6428,6359,117,6476,63
2021-08-09,San Bernardino,071,2135413,312855,308038,9543,317581,5295
2021-08-09,San Diego,073,3302833,312435,306855,17985,324840,3811
2021-08-09,San Francisco,075,870044,44618,43261,1739,45000,564
2021-08-09,San Joaquin,077,732212,80904,79198,4051,83249,1469
2021-08-09,San Luis Obispo,079,281455,23401,22695,859,23554,264
2021-08-09,San Mateo,081,765935,47112,46040,655,46695,548
2021-08-09,Santa Barbara,083,443738,37196,36474,1251,37725,470
2021-08-09,Santa Clara,085,1922200,128349,125791,893,126684,2187
2021-08-09,Santa Cruz,087,273765,17485,17082,855,17937,209
2021-08-09,Shasta,089,179085,13834,13397,1848,15245,210
2021-08-09,Sierra,091,2930,83,75,12,87,0
2021-08-09,Siskiyou,093,43540,2206,2047,486,2533,32
2021-08-09,Solano,095,438530,38173,36653,828,37481,262
2021-08-09,Sonoma,097,501317,35117,33933,404,34337,333
2021-08-09,Stanislaus,099,539301,61641,60410,6578,66988,1037
2021-08-09,Sutter,101,95872,10703,10525,109,10634,129
2021-08-09,Tehama,103,63373,5527,5373,645,6018,66
2021-08-09,Trinity,105,12862,543,378,123,501,3
2021-08-09,Tulare,107,460477,52604,51274,10043,61317,854
2021-08-09,Tuolumne,109,53932,4890,4745,49,4794,64
2021-08-09,Ventura,111,848112,87050,85514,3624,89138,1047
2021-08-09,Yolo,113,214977,15955,15521,514,16035,218
2021-08-09,Yuba,115,75493,7155,6994,162,7156,50
2021-08-08,Alameda,001,1643700,101594,99135,2223,101358,1276
2021-08-08,Alpine,002,1148,90,91,0,91,0
2021-08-08,Amador,005,37829,4188,4057,35,4092,48
2021-08-08,Butte,007,227075,14117,13791,2210,16001,205
2021-08-08,Calaveras,009,45235,2526,2462,15,2477,57
2021-08-08,Colusa,011,21464,2130,2070,391,2461,16
2021-08-08,Contra Costa,013,1133247,81864,79454,1569,81023,840
2021-08-08,Del Norte,015,27424,1973,1810,16,1826,8
2021-08-08,El Dorado,017,186661,12062,11631,991,12622,117
2021-08-08,Fresno,019,978130,109429,107078,9356,116434,1747
2021-08-08,Glenn,021,27897,2582,2527,614,3141,20
2021-08-08,Humboldt,023,135768,5878,5571,102,5673,52
2021-08-08,Imperial,025,180216,29691,29485,2736,32221,745
2021-08-08,Inyo,027,18085,1489,1481,13,1494,39
2021-08-08,Kern,029,883053,102412,100909,12640,113549,1359
2021-08-08,Kings,031,150075,24654,24095,1225,25320,250
2021-08-08,Lake,033,64148,4785,4636,27,4663,66
2021-08-08,Lassen,035,31185,5462,5391,125,5516,21
2021-08-08,Los Angeles,037,10098052,1298376,1279982,46213,1326195,24793
2021-08-08,Madera,039,155013,17803,17398,1086,18484,245
2021-08-08,Marin,041,260295,15515,15124,303,15427,239
2021-08-08,Mariposa,043,17540,568,538,12,550,5
2021-08-08,Mendocino,045,87422,4939,4702,123,4825,49
2021-08-08,Merced,047,269075,32901,32634,1147,33781,477
2021-08-08,Modoc,049,8938,427,419,147,566,5
2021-08-08,Mono,051,14174,1341,1336,18,1354,3
2021-08-08,Monterey,053,433212,44553,44171,2069,46240,527
2021-08-08,Napa,055,140530,10858,10668,61,10729,83
2021-08-08,Nevada,057,99092,6354,6009,214,6223,73
2021-08-08,Orange,059,3164182,275043,270532,12429,282961,5153
2021-08-08,Placer,061,380077,27518,26332,2103,28435,305
2021-08-08,Plumas,063,18699,833,803,14,817,5
2021-08-08,Riverside,065,2383286,314402,308042,14698,322740,4562
2021-08-08,Sacramento,067,1510023,123774,120109,2360,122469,1744
2021-08-08,San Benito,069,59416,6411,6350,116,6466,63
2021-08-08,San Bernardino,071,2135413,311713,307378,9514,316892,5295
2021-08-08,San Diego,073,3302833,311093,305983,17887,323870,3811
2021-08-08,San Francisco,075,870044,44356,43098,1717,44815,564
2021-08-08,San Joaquin,077,732212,80456,79002,4035,83037,1469
2021-08-08,San Luis Obispo,079,281455,23227,22668,851,23519,263
2021-08-08,San Mateo,081,765935,46922,45927,652,46579,548
2021-08-08,Santa Barbara,083,443738,37019,36417,1244,37661,470
2021-08-08,Santa Clara,085,1922200,127897,125553,888,126441,2187
2021-08-08,Santa Cruz,087,273765,17413,17035,850,17885,209
2021-08-08,Shasta,089,179085,13749,13381,1837,15218,210
2021-08-08,Sierra,091,2930,83,74,12,86,0
2021-08-08,Siskiyou,093,43540,2190,2041,481,2522,32
2021-08-08,Solano,095,438530,37921,36551,824,37375,262
2021-08-08,Sonoma,097,501317,34873,33805,403,34208,333
2021-08-08,Stanislaus,099,539301,61315,60269,6533,66802,1037
2021-08-08,Sutter,101,95872,10643,10481,108,10589,129
2021-08-08,Tehama,103,63373,5491,5359,642,6001,66
2021-08-08,Trinity,105,12862,538,378,123,501,3
2021-08-08,Tulare,107,460477,52425,51220,9984,61204,854
2021-08-08,Tuolumne,109,53932,4850,4731,49,4780,64
2021-08-08,Ventura,111,848112,86759,85382,3614,88996,1047
2021-08-08,Yolo,113,214977,15863,15477,507,15984,218
2021-08-08,Yuba,115,75493,7116,6967,162,7129,50
2021-08-07,Alameda,001,1643700,101347,98812,2217,101029,1276
2021-08-07,Alpine,002,1148,90,91,0,91,0
2021-08-07,Amador,005,37829,4171,4041,34,4075,48
2021-08-07,Butte,007,227075,14065,13714,2198,15912,205
2021-08-07,Calaveras,009,45235,2516,2446,15,2461,57
2021-08-07,Colusa,011,21464,2125,2067,382,2449,16
2021-08-07,Contra Costa,013,1133247,81567,79168,1566,80734,840
2021-08-07,Del Norte,015,27424,1941,1791,16,1807,8
2021-08-07,El Dorado,017,186661,12014,11575,984,12559,117
2021-08-07,Fresno,019,978130,109225,106861,9330,116191,1747
2021-08-07,Glenn,021,27897,2574,2515,613,3128,20
2021-08-07,Humboldt,023,135768,5828,5510,99,5609,52
2021-08-07,Imperial,025,180216,29672,29470,2736,32206,745
2021-08-07,Inyo,027,18085,1487,1476,13,1489,39
2021-08-07,Kern,029,883053,102254,100693,12584,113277,1359
2021-08-07,Kings,031,150075,24593,24048,1219,25267,250
2021-08-07,Lake,033,64148,4764,4613,27,4640,66
2021-08-07,Lassen,035,31185,5458,5386,125,5511,21
2021-08-07,Los Angeles,037,10098052,1296338,1276853,46068,1322921,24786
2021-08-07,Madera,039,155013,17768,17366,1082,18448,245
2021-08-07,Marin,041,260295,15481,15085,302,15387,239
2021-08-07,Mariposa,043,17540,565,530,12,542,5
2021-08-07,Mendocino,045,87422,4903,4690,121,4811,49
2021-08-07,Merced,047,269075,32837,32569,1144,33713,477
2021-08-07,Modoc,049,8938,427,419,147,566,5
2021-08-07,Mono,051,14174,1338,1329,18,1347,3
2021-08-07,Monterey,053,433212,44501,44124,2064,46188,527
2021-08-07,Napa,055,140530,10837,10658,60,10718,83
2021-08-07,Nevada,057,99092,6304,5967,212,6179,73
2021-08-07,Orange,059,3164182,274450,269900,12399,282299,5153
2021-08-07,Placer,061,380077,27329,26244,2094,28338,305
2021-08-07,Plumas,063,18699,828,801,14,815,5
2021-08-07,Riverside,065,2383286,313730,307326,14691,322017,4562
2021-08-07,Sacramento,067,1510023,123272,119636,2356,121992,1744
2021-08-07,San Benito,069,59416,6401,6332,116,6448,63
2021-08-07,San Bernardino,071,2135413,311125,306663,9497,316160,5295
2021-08-07,San Diego,073,3302833,310337,304974,17852,322826,3811
2021-08-07,San Francisco,075,870044,44184,42926,1699,44625,564
2021-08-07,San Joaquin,077,732212,80292,78769,4020,82789,1469
2021-08-07,San Luis Obispo,079,281455,23158,22579,850,23429,263
2021-08-07,San Mateo,081,765935,46794,45804,650,46454,548
2021-08-07,Santa Barbara,083,443738,36923,36303,1238,37541,470
2021-08-07,Santa Clara,085,1922200,127626,125196,883,126079,2188
2021-08-07,Santa Cruz,087,273765,17371,16994,848,17842,209
2021-08-07,Shasta,089,179085,13693,13361,1830,15191,210
2021-08-07,Sierra,091,2930,83,74,12,86,0
2021-08-07,Siskiyou,093,43540,2178,2039,479,2518,32
2021-08-07,Solano,095,438530,37806,36458,816,37274,262
2021-08-07,Sonoma,097,501317,34750,33716,403,34119,333
2021-08-07,Stanislaus,099,539301,61144,60093,6503,66596,1037
2021-08-07,Sutter,101,95872,10606,10447,108,10555,129
2021-08-07,Tehama,103,63373,5480,5343,637,5980,66
2021-08-07,Trinity,105,12862,534,377,122,499,3
2021-08-07,Tulare,107,460477,52339,51133,9946,61079,854
2021-08-07,Tuolumne,109,53932,4820,4721,49,4770,64
2021-08-07,Ventura,111,848112,86580,85232,3600,88832,1047
2021-08-07,Yolo,113,214977,15820,15423,502,15925,218
2021-08-07,Yuba,115,75493,7091,6937,160,7097,50
2021-08-06,Alameda,001,1643700,101018,98487,2211,100698,1275
2021-08-06,Alpine,002,1148,90,91,0,91,0
2021-08-06,Amador,005,37829,4150,4002,34,4036,48
2021-08-06,Butte,007,227075,14015,13626,2183,15809,205
2021-08-06,Calaveras,009,45235,2505,2419,15,2434,57
2021-08-06,Colusa,011,21464,2118,2045,377,2422,16
2021-08-06,Contra Costa,013,1133247,81272,78796,1561,80357,840
2021-08-06,Del Norte,015,27424,1914,1755,15,1770,8
2021-08-06,El Dorado,017,186661,11964,11498,972,12470,117
2021-08-06,Fresno,019,978130,108961,106542,9303,115845,1747
2021-08-06,Glenn,021,27897,2559,2504,610,3114,20
2021-08-06,Humboldt,023,135768,5777,5421,96,5517,52
2021-08-06,Imperial,025,180216,29661,29404,2732,32136,745
2021-08-06,Inyo,027,18085,1484,1471,13,1484,39
2021-08-06,Kern,029,883053,102077,100427,12499,112926,1359
2021-08-06,Kings,031,150075,24538,23974,1215,25189,250
2021-08-06,Lake,033,64148,4741,4557,27,4584,66
2021-08-06,Lassen,035,31185,5436,5368,125,5493,21
2021-08-06,Los Angeles,037,10098052,1293845,1273081,45919,1319000,24772
2021-08-06,Madera,039,155013,17729,17324,1073,18397,245
2021-08-06,Marin,041,260295,15448,15051,302,15353,239
2021-08-06,Mariposa,043,17540,556,511,12,523,5
2021-08-06,Mendocino,045,87422,4861,4649,120,4769,49
2021-08-06,Merced,047,269075,32777,32456,1141,33597,477
2021-08-06,Modoc,049,8938,427,419,147,566,5
2021-08-06,Mono,051,14174,1337,1328,18,1346,3
2021-08-06,Monterey,053,433212,44433,44058,2051,46109,527
2021-08-06,Napa,055,140530,10810,10620,60,10680,83
2021-08-06,Nevada,057,99092,6248,5874,212,6086,73
2021-08-06,Orange,059,3164182,273883,269077,12382,281459,5151
2021-08-06,Placer,061,380077,27206,26086,2073,28159,305
2021-08-06,Plumas,063,18699,819,795,14,809,5
2021-08-06,Riverside,065,2383286,313020,306304,14680,320984,4562
2021-08-06,Sacramento,067,1510023,122780,119169,2336,121505,1740
2021-08-06,San Benito,069,59416,6384,6315,116,6431,63
2021-08-06,San Bernardino,071,2135413,310424,305806,9487,315293,5286
2021-08-06,San Diego,073,3302833,309297,303691,17803,321494,3810
2021-08-06,San Francisco,075,870044,44028,42659,1681,44340,565
2021-08-06,San Joaquin,077,732212,80142,78405,4008,82413,1469
2021-08-06,San Luis Obispo,079,281455,23090,22472,845,23317,263
2021-08-06,San Mateo,081,765935,46642,45665,645,46310,548
2021-08-06,Santa Barbara,083,443738,36833,36208,1234,37442,470
2021-08-06,Santa Clara,085,1922200,127336,124767,878,125645,2185
2021-08-06,Santa Cruz,087,273765,17327,16924,844,17768,207
2021-08-06,Shasta,089,179085,13627,13284,1824,15108,210
2021-08-06,Sierra,091,2930,83,73,12,85,0
2021-08-06,Siskiyou,093,43540,2168,2030,475,2505,32
2021-08-06,Solano,095,438530,37696,36351,807,37158,262
2021-08-06,Sonoma,097,501317,34664,33594,402,33996,333
2021-08-06,Stanislaus,099,539301,61005,59854,6483,66337,1037
2021-08-06,Sutter,101,95872,10563,10391,108,10499,128
2021-08-06,Tehama,103,63373,5456,5325,635,5960,66
2021-08-06,Trinity,105,12862,533,371,121,492,3
2021-08-06,Tulare,107,460477,52238,51018,9899,60917,854
2021-08-06,Tuolumne,109,53932,4793,4674,49,4723,64
2021-08-06,Ventura,111,848112,86409,85046,3588,88634,1047
2021-08-06,Yolo,113,214977,15767,15299,497,15796,218
2021-08-06,Yuba,115,75493,7068,6904,160,7064,50
2021-08-05,Alameda,001,1643700,100534,98052,2207,100259,1275
2021-08-05,Alpine,002,1148,90,91,0,91,0
2021-08-05,Amador,005,37829,4130,3992,34,4026,48
2021-08-05,Butte,007,227075,13954,13564,2160,15724,206
2021-08-05,Calaveras,009,45235,2486,2397,15,2412,57
2021-08-05,Colusa,011,21464,2106,2036,372,2408,16
2021-08-05,Contra Costa,013,1133247,80845,78514,1554,80068,840
2021-08-05,Del Norte,015,27424,1887,1731,15,1746,8
2021-08-05,El Dorado,017,186661,11879,11408,961,12369,117
2021-08-05,Fresno,019,978130,108589,106219,9266,115485,1747
2021-08-05,Glenn,021,27897,2553,2494,607,3101,20
2021-08-05,Humboldt,023,135768,5703,5328,95,5423,52
2021-08-05,Imperial,025,180216,29630,29383,2728,32111,745
2021-08-05,Inyo,027,18085,1480,1468,13,1481,38
2021-08-05,Kern,029,883053,101855,100091,12414,112505,1358
2021-08-05,Kings,031,150075,24454,23906,1210,25116,249
2021-08-05,Lake,033,64148,4702,4490,25,4515,66
2021-08-05,Lassen,035,31185,5428,5344,125,5469,21
2021-08-05,Los Angeles,037,10098052,1290625,1269445,45787,1315232,24756
2021-08-05,Madera,039,155013,17688,17301,1065,18366,245
2021-08-05,Marin,041,260295,15404,15005,298,15303,239
2021-08-05,Mariposa,043,17540,545,504,11,515,5
2021-08-05,Mendocino,045,87422,4818,4597,111,4708,49
2021-08-05,Merced,047,269075,32710,32381,1130,33511,477
2021-08-05,Modoc,049,8938,426,418,147,565,5
2021-08-05,Mono,051,14174,1329,1309,18,1327,3
2021-08-05,Monterey,053,433212,44376,43992,2033,46025,527
2021-08-05,Napa,055,140530,10774,10591,58,10649,83
2021-08-05,Nevada,057,99092,6165,5778,209,5987,73
2021-08-05,Orange,059,3164182,273099,268329,12355,280684,5149
2021-08-05,Placer,061,380077,27007,25965,2046,28011,305
2021-08-05,Plumas,063,18699,810,787,14,801,5
2021-08-05,Riverside,065,2383286,312103,305415,14654,320069,4562
2021-08-05,Sacramento,067,1510023,122072,118590,2322,120912,1739
2021-08-05,San Benito,069,59416,6366,6305,116,6421,63
2021-08-05,San Bernardino,071,2135413,309589,304956,9466,314422,5284
2021-08-05,San Diego,073,3302833,308024,302220,17721,319941,3806
2021-08-05,San Francisco,075,870044,43816,42301,1672,43973,564
2021-08-05,San Joaquin,077,732212,79780,78151,3990,82141,1468
2021-08-05,San Luis Obispo,079,281455,22975,22362,839,23201,263
2021-08-05,San Mateo,081,765935,46469,45554,643,46197,548
2021-08-05,Santa Barbara,083,443738,36726,36112,1231,37343,470
2021-08-05,Santa Clara,085,1922200,127003,124490,878,125368,2185
2021-08-05,Santa Cruz,087,273765,17283,16867,841,17708,207
2021-08-05,Shasta,089,179085,13569,13217,1816,15033,210
2021-08-05,Sierra,091,2930,78,73,12,85,0
2021-08-05,Siskiyou,093,43540,2147,2024,466,2490,32
2021-08-05,Solano,095,438530,37515,36250,800,37050,262
2021-08-05,Sonoma,097,501317,34529,33455,401,33856,330
2021-08-05,Stanislaus,099,539301,60783,59692,6444,66136,1037
2021-08-05,Sutter,101,95872,10508,10349,108,10457,127
2021-08-05,Tehama,103,63373,5438,5305,632,5937,66
2021-08-05,Trinity,105,12862,527,367,121,488,3
2021-08-05,Tulare,107,460477,52121,50889,9845,60734,854
2021-08-05,Tuolumne,109,53932,4763,4619,49,4668,64
2021-08-05,Ventura,111,848112,86158,84837,3574,88411,1047
2021-08-05,Yolo,113,214977,15700,15250,487,15737,218
2021-08-05,Yuba,115,75493,7025,6872,158,7030,50
2021-08-04,Alameda,001,1643700,100030,97477,2196,99673,1274
2021-08-04,Alpine,002,1148,90,91,0,91,0
2021-08-04,Amador,005,37829,4100,3962,33,3995,48
2021-08-04,Butte,007,227075,13886,13509,2143,15652,205
2021-08-04,Calaveras,009,45235,2461,2374,15,2389,57
2021-08-04,Colusa,011,21464,2094,2025,366,2391,16
2021-08-04,Contra Costa,013,1133247,80329,77966,1549,79515,840
2021-08-04,Del Norte,015,27424,1864,1701,15,1716,8
2021-08-04,El Dorado,017,186661,11799,11319,950,12269,117
2021-08-04,Fresno,019,978130,108218,105899,9227,115126,1747
2021-08-04,Glenn,021,27897,2545,2487,605,3092,20
2021-08-04,Humboldt,023,135768,5627,5271,94,5365,52
2021-08-04,Imperial,025,180216,29582,29375,2726,32101,745
2021-08-04,Inyo,027,18085,1479,1465,13,1478,38
2021-08-04,Kern,029,883053,101605,99868,12331,112199,1358
2021-08-04,Kings,031,150075,24382,23840,1202,25042,250
2021-08-04,Lake,033,64148,4672,4423,20,4443,65
2021-08-04,Lassen,035,31185,5420,5340,125,5465,21
2021-08-04,Los Angeles,037,10098052,1287133,1265788,45628,1311416,24737
2021-08-04,Madera,039,155013,17653,17251,1058,18309,245
2021-08-04,Marin,041,260295,15357,14950,296,15246,239
2021-08-04,Mariposa,043,17540,530,497,11,508,5
2021-08-04,Mendocino,045,87422,4794,4560,107,4667,49
2021-08-04,Merced,047,269075,32572,32274,1125,33399,476
2021-08-04,Modoc,049,8938,426,416,147,563,5
2021-08-04,Mono,051,14174,1325,1307,18,1325,3
2021-08-04,Monterey,053,433212,44311,43926,2022,45948,526
2021-08-04,Napa,055,140530,10737,10544,58,10602,82
2021-08-04,Nevada,057,99092,6100,5702,208,5910,73
2021-08-04,Orange,059,3164182,272223,267199,12318,279517,5146
2021-08-04,Placer,061,380077,26789,25688,2026,27714,305
2021-08-04,Plumas,063,18699,804,784,14,798,5
2021-08-04,Riverside,065,2383286,311178,304272,14629,318901,4562
2021-08-04,Sacramento,067,1510023,121315,117882,2296,120178,1736
2021-08-04,San Benito,069,59416,6351,6300,116,6416,63
2021-08-04,San Bernardino,071,2135413,308732,304164,9447,313611,5285
2021-08-04,San Diego,073,3302833,306509,301100,17654,318754,3805
2021-08-04,San Francisco,075,870044,43560,41913,1660,43573,562
2021-08-04,San Joaquin,077,732212,79423,77846,3978,81824,1466
2021-08-04,San Luis Obispo,079,281455,22865,22245,833,23078,262
2021-08-04,San Mateo,081,765935,46297,45392,642,46034,548
2021-08-04,Santa Barbara,083,443738,36597,36013,1223,37236,470
2021-08-04,Santa Clara,085,1922200,126612,124127,871,124998,2183
2021-08-04,Santa Cruz,087,273765,17221,16820,834,17654,208
2021-08-04,Shasta,089,179085,13518,13134,1805,14939,211
2021-08-04,Sierra,091,2930,78,73,12,85,0
2021-08-04,Siskiyou,093,43540,2127,2010,462,2472,32
2021-08-04,Solano,095,438530,37314,36025,791,36816,262
2021-08-04,Sonoma,097,501317,34357,33311,399,33710,330
2021-08-04,Stanislaus,099,539301,60557,59396,6406,65802,1037
2021-08-04,Sutter,101,95872,10471,10294,108,10402,127
2021-08-04,Tehama,103,63373,5412,5281,626,5907,66
2021-08-04,Trinity,105,12862,525,362,118,480,3
2021-08-04,Tulare,107,460477,52011,50797,9801,60598,855
2021-08-04,Tuolumne,109,53932,4738,4584,49,4633,64
2021-08-04,Ventura,111,848112,85900,84406,3552,87958,1047
2021-08-04,Yolo,113,214977,15619,15189,474,15663,215
2021-08-04,Yuba,115,75493,6985,6827,157,6984,50
2021-08-03,Alameda,001,1643700,99582,97275,2191,99466,1270
2021-08-03,Alpine,002,1148,90,91,0,91,0
2021-08-03,Amador,005,37829,4064,3953,33,3986,48
2021-08-03,Butte,007,227075,13819,13468,2128,15596,205
2021-08-03,Calaveras,009,45235,2439,2356,15,2371,57
2021-08-03,Colusa,011,21464,2081,2023,360,2383,16
2021-08-03,Contra Costa,013,1133247,79847,77739,1542,79281,836
2021-08-03,Del Norte,015,27424,1832,1691,14,1705,8
2021-08-03,El Dorado,017,186661,11706,11255,939,12194,117
2021-08-03,Fresno,019,978130,107856,105732,9196,114928,1746
2021-08-03,Glenn,021,27897,2538,2481,599,3080,20
2021-08-03,Humboldt,023,135768,5562,5199,89,5288,52
2021-08-03,Imperial,025,180216,29560,29333,2719,32052,745
2021-08-03,Inyo,027,18085,1476,1459,13,1472,38
2021-08-03,Kern,029,883053,101343,99708,12252,111960,1358
2021-08-03,Kings,031,150075,24294,23780,1195,24975,249
2021-08-03,Lake,033,64148,4616,4408,16,4424,66
2021-08-03,Lassen,035,31185,5410,5341,125,5466,21
2021-08-03,Los Angeles,037,10098052,1283385,1262678,45455,1308133,24721
2021-08-03,Madera,039,155013,17612,17220,1043,18263,245
2021-08-03,Marin,041,260295,15308,14906,293,15199,243
2021-08-03,Mariposa,043,17540,519,495,11,506,5
2021-08-03,Mendocino,045,87422,4745,4546,106,4652,49
2021-08-03,Merced,047,269075,32489,32197,1123,33320,476
2021-08-03,Modoc,049,8938,426,416,147,563,5
2021-08-03,Mono,051,14174,1320,1303,18,1321,3
2021-08-03,Monterey,053,433212,44248,43872,2009,45881,525
2021-08-03,Napa,055,140530,10694,10527,57,10584,82
2021-08-03,Nevada,057,99092,6020,5685,207,5892,73
2021-08-03,Orange,059,3164182,271483,266649,12288,278937,5146
2021-08-03,Placer,061,380077,26588,25624,2002,27626,305
2021-08-03,Plumas,063,18699,797,779,14,793,5
2021-08-03,Riverside,065,2383286,310252,303499,14603,318102,4562
2021-08-03,Sacramento,067,1510023,120570,117591,2276,119867,1732
2021-08-03,San Benito,069,59416,6336,6284,115,6399,63
2021-08-03,San Bernardino,071,2135413,307810,303386,9429,312815,5265
2021-08-03,San Diego,073,3302833,305067,300189,17544,317733,3803
2021-08-03,San Francisco,075,870044,43277,41758,1640,43398,562
2021-08-03,San Joaquin,077,732212,79072,77615,3957,81572,1461
2021-08-03,San Luis Obispo,079,281455,22725,22166,826,22992,264
2021-08-03,San Mateo,081,765935,46105,45255,637,45892,548
2021-08-03,Santa Barbara,083,443738,36478,35912,1217,37129,469
2021-08-03,Santa Clara,085,1922200,126191,123914,865,124779,2183
2021-08-03,Santa Cruz,087,273765,17155,16778,831,17609,207
2021-08-03,Shasta,089,179085,13443,13091,1794,14885,211
2021-08-03,Sierra,091,2930,78,72,12,84,0
2021-08-03,Siskiyou,093,43540,2116,1998,457,2455,32
2021-08-03,Solano,095,438530,37095,35953,779,36732,261
2021-08-03,Sonoma,097,501317,34176,33243,398,33641,330
2021-08-03,Stanislaus,099,539301,60335,59282,6387,65669,1037
2021-08-03,Sutter,101,95872,10431,10263,107,10370,127
2021-08-03,Tehama,103,63373,5385,5269,621,5890,66
2021-08-03,Trinity,105,12862,522,361,115,476,3
2021-08-03,Tulare,107,460477,51916,50729,9755,60484,854
2021-08-03,Tuolumne,109,53932,4703,4563,49,4612,64
2021-08-03,Ventura,111,848112,85656,84270,3531,87801,1046
2021-08-03,Yolo,113,214977,15527,15149,459,15608,215
2021-08-03,Yuba,115,75493,6948,6781,155,6936,50
2021-08-02,Alameda,001,1643700,99025,96954,2187,99141,1270
2021-08-02,Alpine,002,1148,90,91,0,91,0
2021-08-02,Amador,005,37829,4044,3927,33,3960,48
2021-08-02,Butte,007,227075,13739,13442,2109,15551,205
2021-08-02,Calaveras,009,45235,2414,2347,15,2362,57
2021-08-02,Colusa,011,21464,2069,2019,357,2376,16
2021-08-02,Contra Costa,013,1133247,79337,77516,1528,79044,836
2021-08-02,Del Norte,015,27424,1802,1653,14,1667,8
2021-08-02,El Dorado,017,186661,11603,11226,925,12151,116
2021-08-02,Fresno,019,978130,107512,105471,9159,114630,1744
2021-08-02,Glenn,021,27897,2530,2477,596,3073,20
2021-08-02,Humboldt,023,135768,5478,5161,87,5248,52
2021-08-02,Imperial,025,180216,29527,29302,2716,32018,743
2021-08-02,Inyo,027,18085,1470,1455,13,1468,38
2021-08-02,Kern,029,883053,101088,99556,12161,111717,1357
2021-08-02,Kings,031,150075,24224,23722,1189,24911,249
2021-08-02,Lake,033,64148,4573,4375,16,4391,66
2021-08-02,Lassen,035,31185,5387,5338,123,5461,21
2021-08-02,Los Angeles,037,10098052,1279661,1260807,45251,1306058,24705
2021-08-02,Madera,039,155013,17568,17158,1030,18188,245
2021-08-02,Marin,041,260295,15265,14859,292,15151,239
2021-08-02,Mariposa,043,17540,510,490,11,501,5
2021-08-02,Mendocino,045,87422,4705,4512,103,4615,49
2021-08-02,Merced,047,269075,32391,32163,1116,33279,474
2021-08-02,Modoc,049,8938,426,415,147,562,5
2021-08-02,Mono,051,14174,1313,1296,18,1314,3
2021-08-02,Monterey,053,433212,44188,43842,2001,45843,525
2021-08-02,Napa,055,140530,10651,10490,54,10544,82
2021-08-02,Nevada,057,99092,5949,5611,206,5817,73
2021-08-02,Orange,059,3164182,270567,266050,12243,278293,5146
2021-08-02,Placer,061,380077,26441,25516,1968,27484,306
2021-08-02,Plumas,063,18699,790,762,14,776,5
2021-08-02,Riverside,065,2383286,309314,302756,14588,317344,4562
2021-08-02,Sacramento,067,1510023,119872,117183,2257,119440,1728
2021-08-02,San Benito,069,59416,6317,6276,114,6390,63
2021-08-02,San Bernardino,071,2135413,306935,303000,9396,312396,5253
2021-08-02,San Diego,073,3302833,303583,299021,17464,316485,3798
2021-08-02,San Francisco,075,870044,42991,41553,1617,43170,562
2021-08-02,San Joaquin,077,732212,78729,77447,3932,81379,1461
2021-08-02,San Luis Obispo,079,281455,22631,22093,819,22912,261
2021-08-02,San Mateo,081,765935,45928,45154,625,45779,548
2021-08-02,Santa Barbara,083,443738,36341,35851,1211,37062,469
2021-08-02,Santa Clara,085,1922200,125719,123655,857,124512,2183
2021-08-02,Santa Cruz,087,273765,17097,16746,827,17573,207
2021-08-02,Shasta,089,179085,13381,13049,1780,14829,212
2021-08-02,Sierra,091,2930,78,71,12,83,0
2021-08-02,Siskiyou,093,43540,2105,1992,443,2435,31
2021-08-02,Solano,095,438530,36848,35852,766,36618,260
2021-08-02,Sonoma,097,501317,33950,33132,393,33525,330
2021-08-02,Stanislaus,099,539301,60116,59160,6360,65520,1037
2021-08-02,Sutter,101,95872,10385,10220,107,10327,127
2021-08-02,Tehama,103,63373,5362,5260,617,5877,66
2021-08-02,Trinity,105,12862,518,359,114,473,3
2021-08-02,Tulare,107,460477,51815,50640,9683,60323,854
2021-08-02,Tuolumne,109,53932,4636,4524,49,4573,64
2021-08-02,Ventura,111,848112,85471,84143,3508,87651,1044
2021-08-02,Yolo,113,214977,15429,15072,442,15514,215
2021-08-02,Yuba,115,75493,6906,6743,152,6895,50
2021-08-01,Alameda,001,1643700,98494,96775,2181,98956,1270
2021-08-01,Alpine,002,1148,90,91,0,91,0
2021-08-01,Amador,005,37829,4006,3923,33,3956,48
2021-08-01,Butte,007,227075,13661,13406,2091,15497,205
2021-08-01,Calaveras,009,45235,2390,2341,15,2356,57
2021-08-01,Colusa,011,21464,2058,2014,355,2369,16
2021-08-01,Contra Costa,013,1133247,78901,77360,1521,78881,836
2021-08-01,Del Norte,015,27424,1770,1642,14,1656,8
2021-08-01,El Dorado,017,186661,11502,11189,914,12103,116
2021-08-01,Fresno,019,978130,107185,105339,9114,114453,1744
2021-08-01,Glenn,021,27897,2524,2476,593,3069,20
2021-08-01,Humboldt,023,135768,5401,5118,83,5201,52
2021-08-01,Imperial,025,180216,29492,29297,2712,32009,743
2021-08-01,Inyo,027,18085,1468,1454,13,1467,38
2021-08-01,Kern,029,883053,100810,99396,12086,111482,1357
2021-08-01,Kings,031,150075,24137,23700,1184,24884,249
2021-08-01,Lake,033,64148,4494,4356,16,4372,66
2021-08-01,Lassen,035,31185,5374,5336,121,5457,21
2021-08-01,Los Angeles,037,10098052,1275969,1258461,45029,1303490,24700
2021-08-01,Madera,039,155013,17512,17146,1025,18171,245
2021-08-01,Marin,041,260295,15188,14844,291,15135,239
2021-08-01,Mariposa,043,17540,503,482,11,493,5
2021-08-01,Mendocino,045,87422,4659,4476,99,4575,49
2021-08-01,Merced,047,269075,32300,32144,1110,33254,474
2021-08-01,Modoc,049,8938,424,413,147,560,5
2021-08-01,Mono,051,14174,1310,1294,18,1312,3
2021-08-01,Monterey,053,433212,44141,43808,1988,45796,525
2021-08-01,Napa,055,140530,10602,10473,52,10525,82
2021-08-01,Nevada,057,99092,5862,5561,205,5766,73
2021-08-01,Orange,059,3164182,269752,265467,12200,277667,5146
2021-08-01,Placer,061,380077,26224,25464,1938,27402,306
2021-08-01,Plumas,063,18699,784,761,14,775,5
2021-08-01,Riverside,065,2383286,308381,302256,14570,316826,4562
2021-08-01,Sacramento,067,1510023,119135,116923,2243,119166,1727
2021-08-01,San Benito,069,59416,6300,6271,114,6385,63
2021-08-01,San Bernardino,071,2135413,306001,302542,9385,311927,5248
2021-08-01,San Diego,073,3302833,302397,298002,17399,315401,3798
2021-08-01,San Francisco,075,870044,42654,41432,1604,43036,562
2021-08-01,San Joaquin,077,732212,78362,77338,3907,81245,1461
2021-08-01,San Luis Obispo,079,281455,22529,22083,814,22897,261
2021-08-01,San Mateo,081,765935,45745,45036,618,45654,548
2021-08-01,Santa Barbara,083,443738,36217,35809,1207,37016,469
2021-08-01,Santa Clara,085,1922200,125307,123511,849,124360,2183
2021-08-01,Santa Cruz,087,273765,17019,16709,820,17529,207
2021-08-01,Shasta,089,179085,13310,13036,1771,14807,212
2021-08-01,Sierra,091,2930,76,71,12,83,0
2021-08-01,Siskiyou,093,43540,2099,1989,437,2426,31
2021-08-01,Solano,095,438530,36613,35800,757,36557,260
2021-08-01,Sonoma,097,501317,33758,33076,390,33466,330
2021-08-01,Stanislaus,099,539301,59879,59078,6328,65406,1037
2021-08-01,Sutter,101,95872,10330,10198,104,10302,127
2021-08-01,Tehama,103,63373,5345,5252,613,5865,66
2021-08-01,Trinity,105,12862,515,359,113,472,3
2021-08-01,Tulare,107,460477,51658,50600,9622,60222,854
2021-08-01,Tuolumne,109,53932,4598,4489,49,4538,64
2021-08-01,Ventura,111,848112,85241,84040,3493,87533,1044
2021-08-01,Yolo,113,214977,15359,15042,432,15474,215
2021-08-01,Yuba,115,75493,6869,6721,151,6872,50
2021-07-31,Alameda,001,1643700,98162,95279,2176,97455,1265
2021-07-31,Alpine,002,1148,90,89,0,89,0
2021-07-31,Amador,005,37829,3986,3877,33,3910,48
2021-07-31,Butte,007,227075,13627,13235,2070,15305,205
2021-07-31,Calaveras,009,45235,2381,2294,15,2309,57
2021-07-31,Colusa,011,21464,2052,2006,353,2359,16
2021-07-31,Contra Costa,013,1133247,78621,75866,1519,77385,832
2021-07-31,Del Norte,015,27424,1744,1576,14,1590,8
2021-07-31,El Dorado,017,186661,11449,11017,908,11925,116
2021-07-31,Fresno,019,978130,107026,104639,9101,113740,1744
2021-07-31,Glenn,021,27897,2519,2465,588,3053,20
2021-07-31,Humboldt,023,135768,5346,4978,82,5060,52
2021-07-31,Imperial,025,180216,29475,29164,2709,31873,743
2021-07-31,Inyo,027,18085,1465,1442,13,1455,38
2021-07-31,Kern,029,883053,100645,98903,12027,110930,1357
2021-07-31,Kings,031,150075,24084,23548,1179,24727,248
2021-07-31,Lake,033,64148,4469,4238,16,4254,66
2021-07-31,Lassen,035,31185,5367,5320,121,5441,21
2021-07-31,Los Angeles,037,10098052,1273762,1248545,44888,1293433,24691
2021-07-31,Madera,039,155013,17479,17058,1019,18077,245
2021-07-31,Marin,041,260295,15144,14701,290,14991,239
2021-07-31,Mariposa,043,17540,494,470,11,481,5
2021-07-31,Mendocino,045,87422,4634,4400,96,4496,49
2021-07-31,Merced,047,269075,32252,31959,1105,33064,474
2021-07-31,Modoc,049,8938,424,413,147,560,5
2021-07-31,Mono,051,14174,1308,1287,18,1305,3
2021-07-31,Monterey,053,433212,44101,43720,1978,45698,525
2021-07-31,Napa,055,140530,10583,10401,51,10452,82
2021-07-31,Nevada,057,99092,5824,5373,204,5577,72
2021-07-31,Orange,059,3164182,269177,263446,12182,275628,5144
2021-07-31,Placer,061,380077,26092,25104,1931,27035,306
2021-07-31,Plumas,063,18699,781,743,14,757,5
2021-07-31,Riverside,065,2383286,307764,300315,14561,314876,4554
2021-07-31,Sacramento,067,1510023,118723,115259,2235,117494,1720
2021-07-31,San Benito,069,59416,6289,6251,114,6365,63
2021-07-31,San Bernardino,071,2135413,305427,300726,9382,310108,5240
2021-07-31,San Diego,073,3302833,301724,295054,17353,312407,3798
2021-07-31,San Francisco,075,870044,42426,40412,1584,41996,562
2021-07-31,San Joaquin,077,732212,78197,76575,3894,80469,1443
2021-07-31,San Luis Obispo,079,281455,22476,21922,812,22734,260
2021-07-31,San Mateo,081,765935,45588,44622,613,45235,548
2021-07-31,Santa Barbara,083,443738,36136,35531,1206,36737,467
2021-07-31,Santa Clara,085,1922200,125052,122614,847,123461,2099
2021-07-31,Santa Cruz,087,273765,16980,16576,819,17395,207
2021-07-31,Shasta,089,179085,13273,12918,1763,14681,212
2021-07-31,Sierra,091,2930,76,68,12,80,0
2021-07-31,Siskiyou,093,43540,2090,1976,431,2407,31
2021-07-31,Solano,095,438530,36511,35340,750,36090,263
2021-07-31,Sonoma,097,501317,33632,32601,390,32991,329
2021-07-31,Stanislaus,099,539301,59720,58586,6306,64892,1035
2021-07-31,Sutter,101,95872,10296,10068,103,10171,127
2021-07-31,Tehama,103,63373,5330,5216,610,5826,66
2021-07-31,Trinity,105,12862,514,354,112,466,3
2021-07-31,Tulare,107,460477,51568,50409,9569,59978,854
2021-07-31,Tuolumne,109,53932,4559,4362,49,4411,64
2021-07-31,Ventura,111,848112,85080,83509,3477,86986,1044
2021-07-31,Yolo,113,214977,15311,14863,421,15284,215
2021-07-31,Yuba,115,75493,6846,6615,147,6762,50
2021-07-30,Alameda,001,1643700,97837,95279,2172,97451,1265
2021-07-30,Alpine,002,1148,90,89,0,89,0
2021-07-30,Amador,005,37829,3963,3877,33,3910,48
2021-07-30,Butte,007,227075,13572,13235,2057,15292,205
2021-07-30,Calaveras,009,45235,2371,2294,15,2309,57
2021-07-30,Colusa,011,21464,2048,2006,351,2357,16
2021-07-30,Contra Costa,013,1133247,78375,75866,1515,77381,832
2021-07-30,Del Norte,015,27424,1726,1576,14,1590,8
2021-07-30,El Dorado,017,186661,11416,11017,902,11919,116
2021-07-30,Fresno,019,978130,106832,104639,9089,113728,1744
2021-07-30,Glenn,021,27897,2514,2465,587,3052,20
2021-07-30,Humboldt,023,135768,5283,4978,79,5057,52
2021-07-30,Imperial,025,180216,29461,29164,2706,31870,743
2021-07-30,Inyo,027,18085,1464,1442,13,1455,38
2021-07-30,Kern,029,883053,100521,98903,11980,110883,1357
2021-07-30,Kings,031,150075,24044,23548,1175,24723,248
2021-07-30,Lake,033,64148,4441,4238,16,4254,66
2021-07-30,Lassen,035,31185,5363,5320,121,5441,21
2021-07-30,Los Angeles,037,10098052,1271428,1248545,44742,1293287,24691
2021-07-30,Madera,039,155013,17437,17058,1016,18074,245
2021-07-30,Marin,041,260295,15110,14701,290,14991,239
2021-07-30,Mariposa,043,17540,490,470,11,481,5
2021-07-30,Mendocino,045,87422,4604,4400,95,4495,49
2021-07-30,Merced,047,269075,32211,31959,1101,33060,474
2021-07-30,Modoc,049,8938,422,413,147,560,5
2021-07-30,Mono,051,14174,1303,1287,18,1305,3
2021-07-30,Monterey,053,433212,44067,43720,1969,45689,525
2021-07-30,Napa,055,140530,10561,10401,50,10451,82
2021-07-30,Nevada,057,99092,5768,5373,204,5577,72
2021-07-30,Orange,059,3164182,268551,263446,12156,275602,5144
2021-07-30,Placer,061,380077,26002,25104,1913,27017,306
2021-07-30,Plumas,063,18699,776,743,14,757,5
2021-07-30,Riverside,065,2383286,307127,300315,14550,314865,4554
2021-07-30,Sacramento,067,1510023,118271,115259,2229,117488,1720
2021-07-30,San Benito,069,59416,6282,6251,114,6365,63
2021-07-30,San Bernardino,071,2135413,304913,300726,9375,310101,5240
2021-07-30,San Diego,073,3302833,300947,295054,17295,312349,3798
2021-07-30,San Francisco,075,870044,42213,40412,1570,41982,562
2021-07-30,San Joaquin,077,732212,78043,76575,3889,80464,1443
2021-07-30,San Luis Obispo,079,281455,22438,21922,808,22730,260
2021-07-30,San Mateo,081,765935,45463,44622,600,45222,548
2021-07-30,Santa Barbara,083,443738,36067,35531,1200,36731,467
2021-07-30,Santa Clara,085,1922200,124828,122614,845,123459,2099
2021-07-30,Santa Cruz,087,273765,16954,16576,817,17393,207
2021-07-30,Shasta,089,179085,13228,12918,1763,14681,212
2021-07-30,Sierra,091,2930,75,68,12,80,0
2021-07-30,Siskiyou,093,43540,2081,1976,430,2406,31
2021-07-30,Solano,095,438530,36419,35340,734,36074,263
2021-07-30,Sonoma,097,501317,33537,32601,390,32991,329
2021-07-30,Stanislaus,099,539301,59577,58586,6286,64872,1035
2021-07-30,Sutter,101,95872,10261,10068,103,10171,127
2021-07-30,Tehama,103,63373,5320,5216,610,5826,66
2021-07-30,Trinity,105,12862,514,354,112,466,3
2021-07-30,Tulare,107,460477,51525,50409,9534,59943,854
2021-07-30,Tuolumne,109,53932,4541,4362,49,4411,64
2021-07-30,Ventura,111,848112,84916,83509,3462,86971,1044
2021-07-30,Yolo,113,214977,15251,14863,417,15280,215
2021-07-30,Yuba,115,75493,6810,6615,146,6761,50
2021-07-29,Alameda,001,1643700,97425,95279,2166,97445,1265
2021-07-29,Alpine,002,1148,90,89,0,89,0
2021-07-29,Amador,005,37829,3944,3877,33,3910,48
2021-07-29,Butte,007,227075,13523,13235,2049,15284,205
2021-07-29,Calaveras,009,45235,2356,2294,15,2309,57
2021-07-29,Colusa,011,21464,2041,2006,351,2357,16
2021-07-29,Contra Costa,013,1133247,77935,75866,1513,77379,832
2021-07-29,Del Norte,015,27424,1702,1576,14,1590,8
2021-07-29,El Dorado,017,186661,11352,11017,890,11907,116
2021-07-29,Fresno,019,978130,106567,104639,9063,113702,1744
2021-07-29,Glenn,021,27897,2504,2465,586,3051,20
2021-07-29,Humboldt,023,135768,5223,4978,77,5055,52
2021-07-29,Imperial,025,180216,29416,29164,2704,31868,743
2021-07-29,Inyo,027,18085,1460,1442,13,1455,38
2021-07-29,Kern,029,883053,100314,98903,11903,110806,1357
2021-07-29,Kings,031,150075,23998,23548,1171,24719,248
2021-07-29,Lake,033,64148,4406,4238,16,4254,66
2021-07-29,Lassen,035,31185,5355,5320,118,5438,21
2021-07-29,Los Angeles,037,10098052,1268322,1248545,44566,1293111,24691
2021-07-29,Madera,039,155013,17390,17058,1012,18070,245
2021-07-29,Marin,041,260295,15066,14701,290,14991,239
2021-07-29,Mariposa,043,17540,486,470,11,481,5
2021-07-29,Mendocino,045,87422,4581,4400,93,4493,49
2021-07-29,Merced,047,269075,32156,31959,1101,33060,474
2021-07-29,Modoc,049,8938,422,413,147,560,5
2021-07-29,Mono,051,14174,1301,1287,18,1305,3
2021-07-29,Monterey,053,433212,44018,43720,1959,45679,525
2021-07-29,Napa,055,140530,10529,10401,48,10449,82
2021-07-29,Nevada,057,99092,5716,5373,203,5576,72
2021-07-29,Orange,059,3164182,267839,263446,12124,275570,5144
2021-07-29,Placer,061,380077,25879,25104,1898,27002,306
2021-07-29,Plumas,063,18699,768,743,14,757,5
2021-07-29,Riverside,065,2383286,306422,300315,14526,314841,4554
2021-07-29,Sacramento,067,1510023,117716,115259,2216,117475,1720
2021-07-29,San Benito,069,59416,6271,6251,114,6365,63
2021-07-29,San Bernardino,071,2135413,304276,300726,9366,310092,5240
2021-07-29,San Diego,073,3302833,299886,295054,17227,312281,3798
2021-07-29,San Francisco,075,870044,41962,40412,1549,41961,562
2021-07-29,San Joaquin,077,732212,77788,76575,3881,80456,1443
2021-07-29,San Luis Obispo,079,281455,22383,21922,806,22728,260
2021-07-29,San Mateo,081,765935,45336,44622,590,45212,548
2021-07-29,Santa Barbara,083,443738,35981,35531,1199,36730,467
2021-07-29,Santa Clara,085,1922200,124532,122614,842,123456,2099
2021-07-29,Santa Cruz,087,273765,16901,16576,815,17391,207
2021-07-29,Shasta,089,179085,13174,12918,1754,14672,212
2021-07-29,Sierra,091,2930,75,68,12,80,0
2021-07-29,Siskiyou,093,43540,2076,1976,428,2404,31
2021-07-29,Solano,095,438530,36259,35340,724,36064,263
2021-07-29,Sonoma,097,501317,33363,32601,388,32989,329
2021-07-29,Stanislaus,099,539301,59405,58586,6271,64857,1035
2021-07-29,Sutter,101,95872,10215,10068,102,10170,127
2021-07-29,Tehama,103,63373,5307,5216,604,5820,66
2021-07-29,Trinity,105,12862,512,354,111,465,3
2021-07-29,Tulare,107,460477,51435,50409,9494,59903,854
2021-07-29,Tuolumne,109,53932,4501,4362,48,4410,64
2021-07-29,Ventura,111,848112,84750,83509,3455,86964,1044
2021-07-29,Yolo,113,214977,15184,14863,403,15266,215
2021-07-29,Yuba,115,75493,6761,6615,143,6758,50
2021-07-28,Alameda,001,1643700,96965,94965,2159,97124,1262
2021-07-28,Alpine,002,1148,90,89,0,89,0
2021-07-28,Amador,005,37829,3930,3870,33,3903,48
2021-07-28,Butte,007,227075,13466,13184,2036,15220,205
2021-07-28,Calaveras,009,45235,2335,2289,15,2304,57
2021-07-28,Colusa,011,21464,2038,2001,350,2351,16
2021-07-28,Contra Costa,013,1133247,77446,75487,1505,76992,832
2021-07-28,Del Norte,015,27424,1669,1545,14,1559,8
2021-07-28,El Dorado,017,186661,11302,10967,881,11848,116
2021-07-28,Fresno,019,978130,106314,104458,9043,113501,1744
2021-07-28,Glenn,021,27897,2501,2464,583,3047,20
2021-07-28,Humboldt,023,135768,5172,4946,76,5022,52
2021-07-28,Imperial,025,180216,29369,29096,2704,31800,743
2021-07-28,Inyo,027,18085,1454,1439,12,1451,38
2021-07-28,Kern,029,883053,100158,98781,11857,110638,1352
2021-07-28,Kings,031,150075,23934,23503,1161,24664,248
2021-07-28,Lake,033,64148,4360,4191,15,4206,65
2021-07-28,Lassen,035,31185,5347,5318,118,5436,21
2021-07-28,Los Angeles,037,10098052,1265145,1245485,44383,1289868,24673
2021-07-28,Madera,039,155013,17349,17024,1006,18030,245
2021-07-28,Marin,041,260295,15012,14652,290,14942,239
2021-07-28,Mariposa,043,17540,479,469,11,480,5
2021-07-28,Mendocino,045,87422,4553,4377,93,4470,49
2021-07-28,Merced,047,269075,32100,31886,1097,32983,474
2021-07-28,Modoc,049,8938,420,413,147,560,5
2021-07-28,Mono,051,14174,1300,1286,18,1304,3
2021-07-28,Monterey,053,433212,43971,43668,1950,45618,524
2021-07-28,Napa,055,140530,10489,10376,46,10422,82
2021-07-28,Nevada,057,99092,5663,5320,203,5523,72
2021-07-28,Orange,059,3164182,267047,262735,12095,274830,5143
2021-07-28,Placer,061,380077,25732,24978,1883,26861,306
2021-07-28,Plumas,063,18699,763,754,14,768,5
2021-07-28,Riverside,065,2383286,305655,299611,14507,314118,4554
2021-07-28,Sacramento,067,1510023,117062,114665,2197,116862,1714
2021-07-28,San Benito,069,59416,6260,6236,114,6350,63
2021-07-28,San Bernardino,071,2135413,303654,300121,9354,309475,5236
2021-07-28,San Diego,073,3302833,298610,294176,17154,311330,3798
2021-07-28,San Francisco,075,870044,41658,40144,1523,41667,561
2021-07-28,San Joaquin,077,732212,77537,76312,3851,80163,1443
2021-07-28,San Luis Obispo,079,281455,22324,21865,805,22670,260
2021-07-28,San Mateo,081,765935,45185,44477,581,45058,547
2021-07-28,Santa Barbara,083,443738,35906,35431,1194,36625,467
2021-07-28,Santa Clara,085,1922200,124270,122345,840,123185,2099
2021-07-28,Santa Cruz,087,273765,16863,16551,814,17365,207
2021-07-28,Shasta,089,179085,13129,12882,1744,14626,212
2021-07-28,Sierra,091,2930,71,67,12,79,0
2021-07-28,Siskiyou,093,43540,2067,1971,425,2396,31
2021-07-28,Solano,095,438530,36086,35204,717,35921,262
2021-07-28,Sonoma,097,501317,33219,32434,385,32819,328
2021-07-28,Stanislaus,099,539301,59208,58427,6255,64682,1035
2021-07-28,Sutter,101,95872,10183,10033,101,10134,126
2021-07-28,Tehama,103,63373,5295,5209,601,5810,66
2021-07-28,Trinity,105,12862,511,352,111,463,3
2021-07-28,Tulare,107,460477,51347,50363,9447,59810,854
2021-07-28,Tuolumne,109,53932,4462,4313,48,4361,64
2021-07-28,Ventura,111,848112,84554,83360,3439,86799,1043
2021-07-28,Yolo,113,214977,15112,14801,394,15195,215
2021-07-28,Yuba,115,75493,6728,6591,142,6733,51
2021-07-27,Alameda,001,1643700,96564,94682,2151,96833,1256
2021-07-27,Alpine,002,1148,90,89,0,89,0
2021-07-27,Amador,005,37829,3914,3861,33,3894,48
2021-07-27,Butte,007,227075,13419,13127,2024,15151,205
2021-07-27,Calaveras,009,45235,2324,2280,15,2295,57
2021-07-27,Colusa,011,21464,2029,1999,349,2348,16
2021-07-27,Contra Costa,013,1133247,76961,75227,1501,76728,830
2021-07-27,Del Norte,015,27424,1649,1538,14,1552,8
2021-07-27,El Dorado,017,186661,11242,10941,871,11812,116
2021-07-27,Fresno,019,978130,106022,104288,9020,113308,1746
2021-07-27,Glenn,021,27897,2493,2460,581,3041,20
2021-07-27,Humboldt,023,135768,5118,4925,75,5000,52
2021-07-27,Imperial,025,180216,29324,29048,2703,31751,743
2021-07-27,Inyo,027,18085,1452,1430,12,1442,38
2021-07-27,Kern,029,883053,99988,98724,11801,110525,1352
2021-07-27,Kings,031,150075,23877,23463,1151,24614,248
2021-07-27,Lake,033,64148,4321,4157,15,4172,65
2021-07-27,Lassen,035,31185,5341,5315,118,5433,21
2021-07-27,Los Angeles,037,10098052,1261675,1243336,44180,1287516,24658
2021-07-27,Madera,039,155013,17296,16998,1000,17998,245
2021-07-27,Marin,041,260295,14964,14631,287,14918,239
2021-07-27,Mariposa,043,17540,476,468,11,479,5
2021-07-27,Mendocino,045,87422,4530,4371,93,4464,49
2021-07-27,Merced,047,269075,32033,31825,1094,32919,473
2021-07-27,Modoc,049,8938,419,413,147,560,5
2021-07-27,Mono,051,14174,1296,1288,18,1306,3
2021-07-27,Monterey,053,433212,43931,43646,1939,45585,523
2021-07-27,Napa,055,140530,10459,10354,46,10400,82
2021-07-27,Nevada,057,99092,5586,5305,201,5506,72
2021-07-27,Orange,059,3164182,266307,262193,12069,274262,5143
2021-07-27,Placer,061,380077,25573,24916,1857,26773,306
2021-07-27,Plumas,063,18699,760,752,14,766,5
2021-07-27,Riverside,065,2383286,304926,299160,14488,313648,4554
2021-07-27,Sacramento,067,1510023,116459,114413,2188,116601,1710
2021-07-27,San Benito,069,59416,6251,6229,114,6343,63
2021-07-27,San Bernardino,071,2135413,302971,299593,9332,308925,5236
2021-07-27,San Diego,073,3302833,297520,293408,17075,310483,3798
2021-07-27,San Francisco,075,870044,41302,39939,1505,41444,561
2021-07-27,San Joaquin,077,732212,77275,76166,3832,79998,1442
2021-07-27,San Luis Obispo,079,281455,22269,21803,796,22599,260
2021-07-27,San Mateo,081,765935,45034,44378,578,44956,547
2021-07-27,Santa Barbara,083,443738,35811,35355,1192,36547,467
2021-07-27,Santa Clara,085,1922200,123976,122154,838,122992,2099
2021-07-27,Santa Cruz,087,273765,16817,16523,813,17336,207
2021-07-27,Shasta,089,179085,13079,12846,1731,14577,212
2021-07-27,Sierra,091,2930,71,65,12,77,0
2021-07-27,Siskiyou,093,43540,2062,1964,422,2386,31
2021-07-27,Solano,095,438530,35954,35093,707,35800,261
2021-07-27,Sonoma,097,501317,33075,32367,383,32750,328
2021-07-27,Stanislaus,099,539301,59040,58333,6227,64560,1033
2021-07-27,Sutter,101,95872,10142,9998,101,10099,115
2021-07-27,Tehama,103,63373,5273,5192,599,5791,66
2021-07-27,Trinity,105,12862,510,351,111,462,3
2021-07-27,Tulare,107,460477,51281,50324,9416,59740,854
2021-07-27,Tuolumne,109,53932,4410,4282,48,4330,64
2021-07-27,Ventura,111,848112,84346,83189,3427,86616,1043
2021-07-27,Yolo,113,214977,15039,14759,388,15147,215
2021-07-27,Yuba,115,75493,6706,6564,140,6704,51
2021-07-26,Alameda,001,1643700,96119,94436,2147,96583,1259
2021-07-26,Alpine,002,1148,90,89,0,89,0
2021-07-26,Amador,005,37829,3904,3854,33,3887,48
2021-07-26,Butte,007,227075,13364,13082,2008,15090,203
2021-07-26,Calaveras,009,45235,2318,2276,15,2291,57
2021-07-26,Colusa,011,21464,2022,1996,347,2343,16
2021-07-26,Contra Costa,013,1133247,76465,74854,1494,76348,830
2021-07-26,Del Norte,015,27424,1628,1530,14,1544,8
2021-07-26,El Dorado,017,186661,11178,10899,868,11767,116
2021-07-26,Fresno,019,978130,105817,104143,8997,113140,1742
2021-07-26,Glenn,021,27897,2491,2461,580,3041,20
2021-07-26,Humboldt,023,135768,5079,4906,73,4979,52
2021-07-26,Imperial,025,180216,29284,29034,2703,31737,743
2021-07-26,Inyo,027,18085,1447,1429,12,1441,38
2021-07-26,Kern,029,883053,99822,98633,11736,110369,1351
2021-07-26,Kings,031,150075,23828,23426,1147,24573,247
2021-07-26,Lake,033,64148,4300,4133,15,4148,65
2021-07-26,Lassen,035,31185,5337,5314,118,5432,21
2021-07-26,Los Angeles,037,10098052,1258327,1241527,44010,1285537,24647
2021-07-26,Madera,039,155013,17268,16971,993,17964,245
2021-07-26,Marin,041,260295,14907,14579,286,14865,239
2021-07-26,Mariposa,043,17540,475,467,11,478,5
2021-07-26,Mendocino,045,87422,4509,4354,93,4447,49
2021-07-26,Merced,047,269075,31942,31774,1090,32864,473
2021-07-26,Modoc,049,8938,419,413,147,560,5
2021-07-26,Mono,051,14174,1295,1286,18,1304,3
2021-07-26,Monterey,053,433212,43888,43595,1927,45522,521
2021-07-26,Napa,055,140530,10436,10332,46,10378,82
2021-07-26,Nevada,057,99092,5500,5280,201,5481,72
2021-07-26,Orange,059,3164182,265668,261803,12049,273852,5142
2021-07-26,Placer,061,380077,25436,24842,1836,26678,304
2021-07-26,Plumas,063,18699,756,750,14,764,5
2021-07-26,Riverside,065,2383286,304233,298626,14474,313100,4553
2021-07-26,Sacramento,067,1510023,115860,113986,2172,116158,1705
2021-07-26,San Benito,069,59416,6245,6222,114,6336,63
2021-07-26,San Bernardino,071,2135413,302356,299238,9319,308557,5237
2021-07-26,San Diego,073,3302833,296409,292688,16993,309681,3793
2021-07-26,San Francisco,075,870044,40940,39800,1479,41279,561
2021-07-26,San Joaquin,077,732212,77040,76033,3828,79861,1440
2021-07-26,San Luis Obispo,079,281455,22220,21752,793,22545,260
2021-07-26,San Mateo,081,765935,44886,44297,570,44867,547
2021-07-26,Santa Barbara,083,443738,35738,35311,1180,36491,467
2021-07-26,Santa Clara,085,1922200,123667,121978,829,122807,2099
2021-07-26,Santa Cruz,087,273765,16777,16493,810,17303,207
2021-07-26,Shasta,089,179085,13030,12819,1720,14539,211
2021-07-26,Sierra,091,2930,70,65,12,77,0
2021-07-26,Siskiyou,093,43540,2059,1962,420,2382,31
2021-07-26,Solano,095,438530,35799,34990,700,35690,259
2021-07-26,Sonoma,097,501317,32939,32283,381,32664,328
2021-07-26,Stanislaus,099,539301,58895,58219,6208,64427,1033
2021-07-26,Sutter,101,95872,10102,9963,98,10061,115
2021-07-26,Tehama,103,63373,5263,5183,595,5778,66
2021-07-26,Trinity,105,12862,510,351,110,461,3
2021-07-26,Tulare,107,460477,51215,50265,9387,59652,854
2021-07-26,Tuolumne,109,53932,4380,4271,47,4318,64
2021-07-26,Ventura,111,848112,84173,83072,3412,86484,1041
2021-07-26,Yolo,113,214977,14978,14727,376,15103,215
2021-07-26,Yuba,115,75493,6672,6538,138,6676,51
2021-07-25,Alameda,001,1643700,95631,94146,2142,96288,1259
2021-07-25,Alpine,002,1148,88,89,0,89,0
2021-07-25,Amador,005,37829,3889,3848,33,3881,48
2021-07-25,Butte,007,227075,13325,13074,1996,15070,203
2021-07-25,Calaveras,009,45235,2307,2275,15,2290,57
2021-07-25,Colusa,011,21464,2013,1996,343,2339,16
2021-07-25,Contra Costa,013,1133247,75981,74634,1480,76114,830
2021-07-25,Del Norte,015,27424,1607,1526,14,1540,8
2021-07-25,El Dorado,017,186661,11121,10878,864,11742,116
2021-07-25,Fresno,019,978130,105575,104019,8981,113000,1742
2021-07-25,Glenn,021,27897,2482,2461,578,3039,20
2021-07-25,Humboldt,023,135768,5020,4892,72,4964,52
2021-07-25,Imperial,025,180216,29248,29037,2703,31740,743
2021-07-25,Inyo,027,18085,1442,1427,12,1439,38
2021-07-25,Kern,029,883053,99650,98503,11665,110168,1351
2021-07-25,Kings,031,150075,23774,23396,1143,24539,247
2021-07-25,Lake,033,64148,4247,4109,14,4123,65
2021-07-25,Lassen,035,31185,5332,5314,118,5432,21
2021-07-25,Los Angeles,037,10098052,1254906,1239596,43818,1283414,24643
2021-07-25,Madera,039,155013,17231,16947,986,17933,245
2021-07-25,Marin,041,260295,14858,14558,283,14841,239
2021-07-25,Mariposa,043,17540,472,465,11,476,5
2021-07-25,Mendocino,045,87422,4480,4335,91,4426,49
2021-07-25,Merced,047,269075,31869,31760,1088,32848,473
2021-07-25,Modoc,049,8938,419,413,147,560,5
2021-07-25,Mono,051,14174,1292,1286,18,1304,3
2021-07-25,Monterey,053,433212,43850,43590,1919,45509,521
2021-07-25,Napa,055,140530,10400,10316,45,10361,82
2021-07-25,Nevada,057,99092,5435,5256,198,5454,72
2021-07-25,Orange,059,3164182,264960,261351,12026,273377,5142
2021-07-25,Placer,061,380077,25314,24755,1815,26570,304
2021-07-25,Plumas,063,18699,754,750,14,764,5
2021-07-25,Riverside,065,2383286,303469,298181,14457,312638,4553
2021-07-25,Sacramento,067,1510023,115310,113611,2157,115768,1704
2021-07-25,San Benito,069,59416,6238,6217,114,6331,63
2021-07-25,San Bernardino,071,2135413,301697,298982,9312,308294,5237
2021-07-25,San Diego,073,3302833,295347,290626,16919,307545,3793
2021-07-25,San Francisco,075,870044,40590,39663,1454,41117,561
2021-07-25,San Joaquin,077,732212,76783,75926,3809,79735,1440
2021-07-25,San Luis Obispo,079,281455,22147,21741,790,22531,260
2021-07-25,San Mateo,081,765935,44724,44189,564,44753,547
2021-07-25,Santa Barbara,083,443738,35658,35261,1177,36438,467
2021-07-25,Santa Clara,085,1922200,123337,121800,824,122624,2099
2021-07-25,Santa Cruz,087,273765,16730,16474,809,17283,207
2021-07-25,Shasta,089,179085,12983,12815,1715,14530,211
2021-07-25,Sierra,091,2930,70,65,12,77,0
2021-07-25,Siskiyou,093,43540,2051,1963,417,2380,31
2021-07-25,Solano,095,438530,35606,34863,697,35560,259
2021-07-25,Sonoma,097,501317,32814,32202,378,32580,328
2021-07-25,Stanislaus,099,539301,58729,58154,6203,64357,1033
2021-07-25,Sutter,101,95872,10049,9937,96,10033,115
2021-07-25,Tehama,103,63373,5247,5181,594,5775,66
2021-07-25,Trinity,105,12862,508,351,108,459,3
2021-07-25,Tulare,107,460477,51141,50221,9349,59570,854
2021-07-25,Tuolumne,109,53932,4329,4267,47,4314,64
2021-07-25,Ventura,111,848112,83959,82986,3389,86375,1041
2021-07-25,Yolo,113,214977,14917,14693,362,15055,215
2021-07-25,Yuba,115,75493,6640,6519,138,6657,51
2021-07-24,Alameda,001,1643700,95350,93170,2138,95308,1259
2021-07-24,Alpine,002,1148,88,89,0,89,0
2021-07-24,Amador,005,37829,3880,3816,33,3849,48
2021-07-24,Butte,007,227075,13296,12982,1992,14974,203
2021-07-24,Calaveras,009,45235,2302,2267,15,2282,57
2021-07-24,Colusa,011,21464,2012,1992,341,2333,16
2021-07-24,Contra Costa,013,1133247,75753,73682,1477,75159,830
2021-07-24,Del Norte,015,27424,1596,1497,14,1511,8
2021-07-24,El Dorado,017,186661,11087,10773,861,11634,116
2021-07-24,Fresno,019,978130,105457,103637,8971,112608,1736
2021-07-24,Glenn,021,27897,2480,2457,578,3035,20
2021-07-24,Humboldt,023,135768,4985,4780,71,4851,52
2021-07-24,Imperial,025,180216,29228,28996,2703,31699,742
2021-07-24,Inyo,027,18085,1439,1424,12,1436,38
2021-07-24,Kern,029,883053,99572,98261,11643,109904,1350
2021-07-24,Kings,031,150075,23743,23304,1140,24444,246
2021-07-24,Lake,033,64148,4224,3963,14,3977,64
2021-07-24,Lassen,035,31185,5331,5311,118,5429,21
2021-07-24,Los Angeles,037,10098052,1253129,1232164,43691,1275855,24623
2021-07-24,Madera,039,155013,17207,16885,984,17869,245
2021-07-24,Marin,041,260295,14819,14454,283,14737,238
2021-07-24,Mariposa,043,17540,472,453,11,464,5
2021-07-24,Mendocino,045,87422,4455,4293,91,4384,49
2021-07-24,Merced,047,269075,31847,31661,1087,32748,473
2021-07-24,Modoc,049,8938,419,413,147,560,5
2021-07-24,Mono,051,14174,1290,1284,18,1302,3
2021-07-24,Monterey,053,433212,43825,43525,1912,45437,521
2021-07-24,Napa,055,140530,10384,10230,45,10275,81
2021-07-24,Nevada,057,99092,5403,5183,198,5381,72
2021-07-24,Orange,059,3164182,264494,259973,12014,271987,5141
2021-07-24,Placer,061,380077,25232,24530,1810,26340,303
2021-07-24,Plumas,063,18699,753,737,14,751,4
2021-07-24,Riverside,065,2383286,303001,296912,14447,311359,4552
2021-07-24,Sacramento,067,1510023,114995,112438,2153,114591,1698
2021-07-24,San Benito,069,59416,6234,6200,113,6313,63
2021-07-24,San Bernardino,071,2135413,301306,297899,9303,307202,5236
2021-07-24,San Diego,073,3302833,294881,289368,16891,306259,3788
2021-07-24,San Francisco,075,870044,40417,38954,1438,40392,561
2021-07-24,San Joaquin,077,732212,76655,75461,3798,79259,1436
2021-07-24,San Luis Obispo,079,281455,22116,21616,788,22404,260
2021-07-24,San Mateo,081,765935,44607,43880,558,44438,542
2021-07-24,Santa Barbara,083,443738,35599,35071,1173,36244,465
2021-07-24,Santa Clara,085,1922200,123125,121092,823,121915,2099
2021-07-24,Santa Cruz,087,273765,16707,16416,809,17225,207
2021-07-24,Shasta,089,179085,12955,12759,1712,14471,211
2021-07-24,Sierra,091,2930,69,64,12,76,0
2021-07-24,Siskiyou,093,43540,2051,1951,417,2368,31
2021-07-24,Solano,095,438530,35515,34499,688,35187,259
2021-07-24,Sonoma,097,501317,32689,31928,376,32304,327
2021-07-24,Stanislaus,099,539301,58637,57879,6193,64072,1030
2021-07-24,Sutter,101,95872,10022,9890,96,9986,115
2021-07-24,Tehama,103,63373,5240,5166,592,5758,65
2021-07-24,Trinity,105,12862,508,345,108,453,3
2021-07-24,Tulare,107,460477,51098,50104,9332,59436,854
2021-07-24,Tuolumne,109,53932,4303,4216,47,4263,64
2021-07-24,Ventura,111,848112,83832,82687,3373,86060,1041
2021-07-24,Yolo,113,214977,14879,14557,358,14915,214
2021-07-24,Yuba,115,75493,6621,6449,138,6587,51
2021-07-23,Alameda,001,1643700,95095,93170,2134,95304,1259
2021-07-23,Alpine,002,1148,88,89,0,89,0
2021-07-23,Amador,005,37829,3873,3816,33,3849,48
2021-07-23,Butte,007,227075,13267,12982,1983,14965,203
2021-07-23,Calaveras,009,45235,2292,2267,15,2282,57
2021-07-23,Colusa,011,21464,2011,1992,341,2333,16
2021-07-23,Contra Costa,013,1133247,75493,73682,1468,75150,830
2021-07-23,Del Norte,015,27424,1588,1497,14,1511,8
2021-07-23,El Dorado,017,186661,11058,10773,857,11630,116
2021-07-23,Fresno,019,978130,105325,103637,8959,112596,1736
2021-07-23,Glenn,021,27897,2478,2457,575,3032,20
2021-07-23,Humboldt,023,135768,4963,4780,68,4848,52
2021-07-23,Imperial,025,180216,29216,28996,2703,31699,742
2021-07-23,Inyo,027,18085,1436,1424,12,1436,38
2021-07-23,Kern,029,883053,99490,98261,11618,109879,1350
2021-07-23,Kings,031,150075,23712,23304,1137,24441,246
2021-07-23,Lake,033,64148,4195,3963,14,3977,64
2021-07-23,Lassen,035,31185,5329,5311,118,5429,21
2021-07-23,Los Angeles,037,10098052,1251186,1232164,43584,1275748,24623
2021-07-23,Madera,039,155013,17177,16885,979,17864,245
2021-07-23,Marin,041,260295,14782,14454,281,14735,238
2021-07-23,Mariposa,043,17540,469,453,11,464,5
2021-07-23,Mendocino,045,87422,4442,4293,91,4384,49
2021-07-23,Merced,047,269075,31822,31661,1087,32748,473
2021-07-23,Modoc,049,8938,419,413,147,560,5
2021-07-23,Mono,051,14174,1289,1284,18,1302,3
2021-07-23,Monterey,053,433212,43799,43525,1912,45437,521
2021-07-23,Napa,055,140530,10363,10230,45,10275,81
2021-07-23,Nevada,057,99092,5359,5183,198,5381,72
2021-07-23,Orange,059,3164182,264045,259973,11991,271964,5141
2021-07-23,Placer,061,380077,25152,24530,1794,26324,303
2021-07-23,Plumas,063,18699,751,737,14,751,4
2021-07-23,Riverside,065,2383286,302535,296912,14435,311347,4552
2021-07-23,Sacramento,067,1510023,114640,112438,2151,114589,1698
2021-07-23,San Benito,069,59416,6228,6200,113,6313,63
2021-07-23,San Bernardino,071,2135413,300924,297899,9294,307193,5236
2021-07-23,San Diego,073,3302833,294270,289368,16843,306211,3788
2021-07-23,San Francisco,075,870044,40233,38954,1426,40380,561
2021-07-23,San Joaquin,077,732212,76551,75461,3783,79244,1436
2021-07-23,San Luis Obispo,079,281455,22077,21616,788,22404,260
2021-07-23,San Mateo,081,765935,44503,43880,554,44434,542
2021-07-23,Santa Barbara,083,443738,35534,35071,1172,36243,465
2021-07-23,Santa Clara,085,1922200,122906,121092,820,121912,2099
2021-07-23,Santa Cruz,087,273765,16682,16416,809,17225,207
2021-07-23,Shasta,089,179085,12928,12759,1709,14468,211
2021-07-23,Sierra,091,2930,69,64,12,76,0
2021-07-23,Siskiyou,093,43540,2049,1951,417,2368,31
2021-07-23,Solano,095,438530,35424,34499,684,35183,259
2021-07-23,Sonoma,097,501317,32594,31928,375,32303,327
2021-07-23,Stanislaus,099,539301,58561,57879,6184,64063,1030
2021-07-23,Sutter,101,95872,9993,9890,96,9986,115
2021-07-23,Tehama,103,63373,5231,5166,592,5758,65
2021-07-23,Trinity,105,12862,507,345,107,452,3
2021-07-23,Tulare,107,460477,51052,50104,9311,59415,854
2021-07-23,Tuolumne,109,53932,4281,4216,47,4263,64
2021-07-23,Ventura,111,848112,83670,82687,3355,86042,1041
2021-07-23,Yolo,113,214977,14843,14557,351,14908,214
2021-07-23,Yuba,115,75493,6595,6449,137,6586,51
2021-07-22,Alameda,001,1643700,94743,93170,2129,95299,1259
2021-07-22,Alpine,002,1148,88,89,0,89,0
2021-07-22,Amador,005,37829,3864,3816,33,3849,48
2021-07-22,Butte,007,227075,13233,12982,1974,14956,203
2021-07-22,Calaveras,009,45235,2282,2267,15,2282,57
2021-07-22,Colusa,011,21464,2009,1992,338,2330,16
2021-07-22,Contra Costa,013,1133247,75154,73682,1463,75145,830
2021-07-22,Del Norte,015,27424,1571,1497,14,1511,8
2021-07-22,El Dorado,017,186661,11022,10773,849,11622,116
2021-07-22,Fresno,019,978130,105196,103637,8949,112586,1736
2021-07-22,Glenn,021,27897,2474,2457,575,3032,20
2021-07-22,Humboldt,023,135768,4932,4780,66,4846,52
2021-07-22,Imperial,025,180216,29186,28996,2703,31699,742
2021-07-22,Inyo,027,18085,1434,1424,12,1436,38
2021-07-22,Kern,029,883053,99375,98261,11577,109838,1350
2021-07-22,Kings,031,150075,23673,23304,1135,24439,246
2021-07-22,Lake,033,64148,4144,3963,14,3977,64
2021-07-22,Lassen,035,31185,5326,5311,118,5429,21
2021-07-22,Los Angeles,037,10098052,1248746,1232164,43409,1275573,24623
2021-07-22,Madera,039,155013,17142,16885,977,17862,245
2021-07-22,Marin,041,260295,14741,14454,280,14734,238
2021-07-22,Mariposa,043,17540,462,453,11,464,5
2021-07-22,Mendocino,045,87422,4429,4293,90,4383,49
2021-07-22,Merced,047,269075,31780,31661,1086,32747,473
2021-07-22,Modoc,049,8938,419,413,147,560,5
2021-07-22,Mono,051,14174,1288,1284,18,1302,3
2021-07-22,Monterey,053,433212,43771,43525,1906,45431,521
2021-07-22,Napa,055,140530,10345,10230,45,10275,81
2021-07-22,Nevada,057,99092,5333,5183,197,5380,72
2021-07-22,Orange,059,3164182,263492,259973,11982,271955,5141
2021-07-22,Placer,061,380077,25058,24530,1783,26313,303
2021-07-22,Plumas,063,18699,750,737,14,751,4
2021-07-22,Riverside,065,2383286,302027,296912,14414,311326,4552
2021-07-22,Sacramento,067,1510023,114203,112438,2142,114580,1698
2021-07-22,San Benito,069,59416,6221,6200,113,6313,63
2021-07-22,San Bernardino,071,2135413,300521,297899,9279,307178,5236
2021-07-22,San Diego,073,3302833,293539,289368,16783,306151,3788
2021-07-22,San Francisco,075,870044,40020,38954,1413,40367,561
2021-07-22,San Joaquin,077,732212,76408,75461,3771,79232,1436
2021-07-22,San Luis Obispo,079,281455,22039,21616,784,22400,260
2021-07-22,San Mateo,081,765935,44391,43880,549,44429,542
2021-07-22,Santa Barbara,083,443738,35468,35071,1170,36241,465
2021-07-22,Santa Clara,085,1922200,122665,121092,817,121909,2099
2021-07-22,Santa Cruz,087,273765,16645,16416,808,17224,207
2021-07-22,Shasta,089,179085,12904,12759,1705,14464,211
2021-07-22,Sierra,091,2930,67,64,12,76,0
2021-07-22,Siskiyou,093,43540,2046,1951,417,2368,31
2021-07-22,Solano,095,438530,35280,34499,677,35176,259
2021-07-22,Sonoma,097,501317,32484,31928,373,32301,327
2021-07-22,Stanislaus,099,539301,58433,57879,6172,64051,1030
2021-07-22,Sutter,101,95872,9972,9890,96,9986,115
2021-07-22,Tehama,103,63373,5225,5166,592,5758,65
2021-07-22,Trinity,105,12862,507,345,107,452,3
2021-07-22,Tulare,107,460477,51009,50104,9283,59387,854
2021-07-22,Tuolumne,109,53932,4269,4216,47,4263,64
2021-07-22,Ventura,111,848112,83536,82687,3342,86029,1041
2021-07-22,Yolo,113,214977,14805,14557,351,14908,214
2021-07-22,Yuba,115,75493,6564,6449,134,6583,51
2021-07-21,Alameda,001,1643700,94423,92840,2126,94966,1256
2021-07-21,Alpine,002,1148,88,89,0,89,0
2021-07-21,Amador,005,37829,3851,3813,33,3846,48
2021-07-21,Butte,007,227075,13192,12939,1969,14908,203
2021-07-21,Calaveras,009,45235,2278,2257,15,2272,57
2021-07-21,Colusa,011,21464,2005,1988,337,2325,16
2021-07-21,Contra Costa,013,1133247,74890,73320,1454,74774,827
2021-07-21,Del Norte,015,27424,1561,1492,14,1506,8
2021-07-21,El Dorado,017,186661,10985,10742,845,11587,116
2021-07-21,Fresno,019,978130,105047,103504,8940,112444,1736
2021-07-21,Glenn,021,27897,2472,2455,574,3029,20
2021-07-21,Humboldt,023,135768,4900,4763,64,4827,52
2021-07-21,Imperial,025,180216,29174,28964,2700,31664,742
2021-07-21,Inyo,027,18085,1434,1423,12,1435,38
2021-07-21,Kern,029,883053,99257,98152,11536,109688,1350
2021-07-21,Kings,031,150075,23645,23270,1131,24401,246
2021-07-21,Lake,033,64148,4078,3896,14,3910,64
2021-07-21,Lassen,035,31185,5323,5310,118,5428,21
2021-07-21,Los Angeles,037,10098052,1246232,1229598,43272,1272870,24609
2021-07-21,Madera,039,155013,17118,16858,975,17833,245
2021-07-21,Marin,041,260295,14691,14427,280,14707,238
2021-07-21,Mariposa,043,17540,458,449,11,460,5
2021-07-21,Mendocino,045,87422,4411,4274,90,4364,49
2021-07-21,Merced,047,269075,31741,31607,1082,32689,473
2021-07-21,Modoc,049,8938,419,413,147,560,5
2021-07-21,Mono,051,14174,1285,1282,18,1300,3
2021-07-21,Monterey,053,433212,43741,43502,1903,45405,515
2021-07-21,Napa,055,140530,10319,10209,45,10254,81
2021-07-21,Nevada,057,99092,5298,5152,197,5349,72
2021-07-21,Orange,059,3164182,262937,259615,11952,271567,5139
2021-07-21,Placer,061,380077,24949,24441,1772,26213,303
2021-07-21,Plumas,063,18699,750,736,14,750,4
2021-07-21,Riverside,065,2383286,301514,296419,14397,310816,4552
2021-07-21,Sacramento,067,1510023,113780,112043,2131,114174,1696
2021-07-21,San Benito,069,59416,6211,6196,113,6309,63
2021-07-21,San Bernardino,071,2135413,300065,297519,9271,306790,5230
2021-07-21,San Diego,073,3302833,292689,288682,16720,305402,3787
2021-07-21,San Francisco,075,870044,39795,38699,1408,40107,559
2021-07-21,San Joaquin,077,732212,76219,75288,3759,79047,1434
2021-07-21,San Luis Obispo,079,281455,22002,21579,781,22360,260
2021-07-21,San Mateo,081,765935,44299,43755,545,44300,542
2021-07-21,Santa Barbara,083,443738,35409,34998,1154,36152,465
2021-07-21,Santa Clara,085,1922200,122456,120838,815,121653,2099
2021-07-21,Santa Cruz,087,273765,16611,16407,808,17215,207
2021-07-21,Shasta,089,179085,12871,12751,1702,14453,211
2021-07-21,Sierra,091,2930,67,64,12,76,0
2021-07-21,Siskiyou,093,43540,2044,1943,415,2358,31
2021-07-21,Solano,095,438530,35122,34374,672,35046,258
2021-07-21,Sonoma,097,501317,32368,31789,373,32162,327
2021-07-21,Stanislaus,099,539301,58331,57774,6162,63936,1028
2021-07-21,Sutter,101,95872,9948,9862,96,9958,113
2021-07-21,Tehama,103,63373,5221,5161,592,5753,65
2021-07-21,Trinity,105,12862,505,345,106,451,3
2021-07-21,Tulare,107,460477,50950,50066,9258,59324,854
2021-07-21,Tuolumne,109,53932,4232,4156,47,4203,64
2021-07-21,Ventura,111,848112,83414,82573,3330,85903,1041
2021-07-21,Yolo,113,214977,14764,14525,350,14875,213
2021-07-21,Yuba,115,75493,6536,6425,134,6559,52
2021-07-20,Alameda,001,1643700,94052,92625,2112,94737,1256
2021-07-20,Alpine,002,1148,88,89,0,89,0
2021-07-20,Amador,005,37829,3840,3807,33,3840,48
2021-07-20,Butte,007,227075,13155,12916,1963,14879,203
2021-07-20,Calaveras,009,45235,2275,2249,15,2264,57
2021-07-20,Colusa,011,21464,2005,1985,337,2322,16
2021-07-20,Contra Costa,013,1133247,74605,73143,1436,74579,825
2021-07-20,Del Norte,015,27424,1551,1490,14,1504,8
2021-07-20,El Dorado,017,186661,10945,10727,841,11568,116
2021-07-20,Fresno,019,978130,104911,103438,8921,112359,1736
2021-07-20,Glenn,021,27897,2472,2453,574,3027,20
2021-07-20,Humboldt,023,135768,4855,4735,62,4797,52
2021-07-20,Imperial,025,180216,29154,28933,2700,31633,742
2021-07-20,Inyo,027,18085,1430,1420,12,1432,36
2021-07-20,Kern,029,883053,99143,98082,11508,109590,1350
2021-07-20,Kings,031,150075,23604,23254,1126,24380,246
2021-07-20,Lake,033,64148,4053,3871,14,3885,64
2021-07-20,Lassen,035,31185,5323,5306,118,5424,21
2021-07-20,Los Angeles,037,10098052,1243436,1227404,43107,1270511,24603
2021-07-20,Madera,039,155013,17097,16856,971,17827,245
2021-07-20,Marin,041,260295,14655,14396,277,14673,234
2021-07-20,Mariposa,043,17540,456,448,11,459,5
2021-07-20,Mendocino,045,87422,4394,4259,90,4349,49
2021-07-20,Merced,047,269075,31702,31578,1075,32653,473
2021-07-20,Modoc,049,8938,419,413,147,560,5
2021-07-20,Mono,051,14174,1281,1281,18,1299,3
2021-07-20,Monterey,053,433212,43710,43481,1900,45381,515
2021-07-20,Napa,055,140530,10296,10191,45,10236,81
2021-07-20,Nevada,057,99092,5279,5148,196,5344,72
2021-07-20,Orange,059,3164182,262380,259303,11922,271225,5139
2021-07-20,Placer,061,380077,24858,24408,1750,26158,303
2021-07-20,Plumas,063,18699,748,736,14,750,4
2021-07-20,Riverside,065,2383286,300979,296118,14383,310501,4543
2021-07-20,Sacramento,067,1510023,113339,111796,2101,113897,1695
2021-07-20,San Benito,069,59416,6204,6196,113,6309,63
2021-07-20,San Bernardino,071,2135413,299656,297222,9246,306468,5231
2021-07-20,San Diego,073,3302833,291761,288209,16624,304833,3786
2021-07-20,San Francisco,075,870044,39537,38536,1398,39934,558
2021-07-20,San Joaquin,077,732212,76047,75198,3746,78944,1433
2021-07-20,San Luis Obispo,079,281455,21956,21556,780,22336,259
2021-07-20,San Mateo,081,765935,44180,43670,543,44213,542
2021-07-20,Santa Barbara,083,443738,35339,34935,1148,36083,462
2021-07-20,Santa Clara,085,1922200,122199,120704,813,121517,2098
2021-07-20,Santa Cruz,087,273765,16582,16399,808,17207,207
2021-07-20,Shasta,089,179085,12845,12734,1698,14432,211
2021-07-20,Sierra,091,2930,67,64,12,76,0
2021-07-20,Siskiyou,093,43540,2040,1931,414,2345,31
2021-07-20,Solano,095,438530,34985,34337,665,35002,258
2021-07-20,Sonoma,097,501317,32249,31763,372,32135,326
2021-07-20,Stanislaus,099,539301,58216,57706,6157,63863,1028
2021-07-20,Sutter,101,95872,9921,9854,93,9947,114
2021-07-20,Tehama,103,63373,5219,5153,592,5745,65
2021-07-20,Trinity,105,12862,503,344,105,449,3
2021-07-20,Tulare,107,460477,50908,50047,9241,59288,854
2021-07-20,Tuolumne,109,53932,4213,4156,47,4203,64
2021-07-20,Ventura,111,848112,83261,82504,3315,85819,1041
2021-07-20,Yolo,113,214977,14699,14495,347,14842,213
2021-07-20,Yuba,115,75493,6511,6393,131,6524,52
2021-07-19,Alameda,001,1643700,93674,92357,2097,94454,1256
2021-07-19,Alpine,002,1148,88,89,0,89,0
2021-07-19,Amador,005,37829,3836,3802,33,3835,48
2021-07-19,Butte,007,227075,13111,12901,1958,14859,202
2021-07-19,Calaveras,009,45235,2271,2245,15,2260,57
2021-07-19,Colusa,011,21464,2003,1981,337,2318,16
2021-07-19,Contra Costa,013,1133247,74293,72935,1416,74351,825
2021-07-19,Del Norte,015,27424,1538,1484,14,1498,8
2021-07-19,El Dorado,017,186661,10915,10703,833,11536,114
2021-07-19,Fresno,019,978130,104782,103350,8908,112258,1731
2021-07-19,Glenn,021,27897,2472,2452,573,3025,20
2021-07-19,Humboldt,023,135768,4825,4719,60,4779,52
2021-07-19,Imperial,025,180216,29127,28888,2699,31587,742
2021-07-19,Inyo,027,18085,1429,1417,12,1429,36
2021-07-19,Kern,029,883053,99029,97999,11475,109474,1349
2021-07-19,Kings,031,150075,23574,23221,1120,24341,246
2021-07-19,Lake,033,64148,4017,3848,14,3862,64
2021-07-19,Lassen,035,31185,5322,5305,118,5423,21
2021-07-19,Los Angeles,037,10098052,1240831,1225946,42921,1268867,24600
2021-07-19,Madera,039,155013,17074,16846,968,17814,244
2021-07-19,Marin,041,260295,14620,14369,274,14643,234
2021-07-19,Mariposa,043,17540,450,447,11,458,5
2021-07-19,Mendocino,045,87422,4376,4251,90,4341,49
2021-07-19,Merced,047,269075,31638,31565,1068,32633,472
2021-07-19,Modoc,049,8938,418,413,147,560,5
2021-07-19,Mono,051,14174,1279,1280,18,1298,3
2021-07-19,Monterey,053,433212,43686,43436,1899,45335,515
2021-07-19,Napa,055,140530,10271,10180,43,10223,81
2021-07-19,Nevada,057,99092,5251,5133,195,5328,72
2021-07-19,Orange,059,3164182,261857,258927,11890,270817,5138
2021-07-19,Placer,061,380077,24759,24359,1728,26087,303
2021-07-19,Plumas,063,18699,748,730,14,744,4
2021-07-19,Riverside,065,2383286,300489,295736,14345,310081,4543
2021-07-19,Sacramento,067,1510023,112975,111470,2075,113545,1696
2021-07-19,San Benito,069,59416,6201,6193,113,6306,63
2021-07-19,San Bernardino,071,2135413,299283,296929,9227,306156,5235
2021-07-19,San Diego,073,3302833,290862,287695,16519,304214,3786
2021-07-19,San Francisco,075,870044,39264,38463,1385,39848,560
2021-07-19,San Joaquin,077,732212,75882,75086,3741,78827,1431
2021-07-19,San Luis Obispo,079,281455,21911,21531,776,22307,259
2021-07-19,San Mateo,081,765935,44038,43563,534,44097,542
2021-07-19,Santa Barbara,083,443738,35267,34904,1146,36050,461
2021-07-19,Santa Clara,085,1922200,121941,120554,812,121366,2098
2021-07-19,Santa Cruz,087,273765,16566,16387,808,17195,207
2021-07-19,Shasta,089,179085,12827,12723,1696,14419,209
2021-07-19,Sierra,091,2930,66,64,12,76,0
2021-07-19,Siskiyou,093,43540,2035,1927,412,2339,31
2021-07-19,Solano,095,438530,34810,34262,654,34916,261
2021-07-19,Sonoma,097,501317,32128,31713,371,32084,325
2021-07-19,Stanislaus,099,539301,58115,57644,6147,63791,1027
2021-07-19,Sutter,101,95872,9905,9834,93,9927,114
2021-07-19,Tehama,103,63373,5213,5152,590,5742,65
2021-07-19,Trinity,105,12862,503,344,104,448,3
2021-07-19,Tulare,107,460477,50861,49994,9225,59219,855
2021-07-19,Tuolumne,109,53932,4203,4151,47,4198,64
2021-07-19,Ventura,111,848112,83165,82409,3293,85702,1041
2021-07-19,Yolo,113,214977,14667,14439,345,14784,213
2021-07-19,Yuba,115,75493,6487,6370,131,6501,52
2021-07-18,Alameda,001,1643700,93313,92162,2085,94247,1256
2021-07-18,Alpine,002,1148,88,89,0,89,0
2021-07-18,Amador,005,37829,3825,3799,33,3832,48
2021-07-18,Butte,007,227075,13069,12888,1951,14839,202
2021-07-18,Calaveras,009,45235,2268,2243,15,2258,57
2021-07-18,Colusa,011,21464,2003,1981,336,2317,16
2021-07-18,Contra Costa,013,1133247,73977,72849,1398,74247,825
2021-07-18,Del Norte,015,27424,1529,1482,14,1496,8
2021-07-18,El Dorado,017,186661,10878,10687,825,11512,114
2021-07-18,Fresno,019,978130,104628,103298,8890,112188,1731
2021-07-18,Glenn,021,27897,2471,2452,572,3024,20
2021-07-18,Humboldt,023,135768,4789,4714,60,4774,52
2021-07-18,Imperial,025,180216,29090,28877,2698,31575,742
2021-07-18,Inyo,027,18085,1425,1417,12,1429,36
2021-07-18,Kern,029,883053,98903,97963,11433,109396,1349
2021-07-18,Kings,031,150075,23553,23203,1116,24319,246
2021-07-18,Lake,033,64148,3981,3825,14,3839,64
2021-07-18,Lassen,035,31185,5322,5305,118,5423,21
2021-07-18,Los Angeles,037,10098052,1238142,1224691,42733,1267424,24598
2021-07-18,Madera,039,155013,17049,16838,964,17802,244
2021-07-18,Marin,041,260295,14584,14358,272,14630,234
2021-07-18,Mariposa,043,17540,449,447,11,458,5
2021-07-18,Mendocino,045,87422,4355,4246,90,4336,49
2021-07-18,Merced,047,269075,31607,31537,1066,32603,471
2021-07-18,Modoc,049,8938,418,413,147,560,5
2021-07-18,Mono,051,14174,1278,1280,18,1298,3
2021-07-18,Monterey,053,433212,43668,43422,1889,45311,515
2021-07-18,Napa,055,140530,10254,10174,40,10214,81
2021-07-18,Nevada,057,99092,5225,5124,195,5319,72
2021-07-18,Orange,059,3164182,261373,258724,11862,270586,5138
2021-07-18,Placer,061,380077,24691,24313,1701,26014,303
2021-07-18,Plumas,063,18699,748,730,14,744,4
2021-07-18,Riverside,065,2383286,299997,295522,14303,309825,4543
2021-07-18,Sacramento,067,1510023,112545,111255,2042,113297,1696
2021-07-18,San Benito,069,59416,6193,6191,113,6304,63
2021-07-18,San Bernardino,071,2135413,298808,296739,9212,305951,5233
2021-07-18,San Diego,073,3302833,290046,286287,16435,302722,3786
2021-07-18,San Francisco,075,870044,39028,38367,1374,39741,560
2021-07-18,San Joaquin,077,732212,75705,74997,3728,78725,1431
2021-07-18,San Luis Obispo,079,281455,21876,21527,773,22300,259
2021-07-18,San Mateo,081,765935,43925,43506,528,44034,542
2021-07-18,Santa Barbara,083,443738,35202,34880,1144,36024,461
2021-07-18,Santa Clara,085,1922200,121727,120438,805,121243,2098
2021-07-18,Santa Cruz,087,273765,16534,16372,807,17179,207
2021-07-18,Shasta,089,179085,12802,12714,1692,14406,209
2021-07-18,Sierra,091,2930,66,64,12,76,0
2021-07-18,Siskiyou,093,43540,2029,1927,407,2334,31
2021-07-18,Solano,095,438530,34682,34215,650,34865,261
2021-07-18,Sonoma,097,501317,32023,31675,370,32045,325
2021-07-18,Stanislaus,099,539301,58004,57600,6122,63722,1028
2021-07-18,Sutter,101,95872,9873,9826,93,9919,114
2021-07-18,Tehama,103,63373,5210,5150,589,5739,65
2021-07-18,Trinity,105,12862,503,344,104,448,3
2021-07-18,Tulare,107,460477,50808,49985,9202,59187,855
2021-07-18,Tuolumne,109,53932,4185,4149,47,4196,64
2021-07-18,Ventura,111,848112,83051,82361,3269,85630,1041
2021-07-18,Yolo,113,214977,14609,14425,339,14764,213
2021-07-18,Yuba,115,75493,6446,6357,131,6488,52
2021-07-17,Alameda,001,1643700,93095,91346,2074,93420,1255
2021-07-17,Alpine,002,1148,88,89,0,89,0
2021-07-17,Amador,005,37829,3816,3785,33,3818,48
2021-07-17,Butte,007,227075,13054,12824,1947,14771,202
2021-07-17,Calaveras,009,45235,2263,2237,15,2252,57
2021-07-17,Colusa,011,21464,2000,1976,336,2312,16
2021-07-17,Contra Costa,013,1133247,73796,72254,1385,73639,824
2021-07-17,Del Norte,015,27424,1521,1475,14,1489,8
2021-07-17,El Dorado,017,186661,10851,10622,821,11443,114
2021-07-17,Fresno,019,978130,104555,103055,8876,111931,1730
2021-07-17,Glenn,021,27897,2470,2451,572,3023,20
2021-07-17,Humboldt,023,135768,4776,4654,59,4713,52
2021-07-17,Imperial,025,180216,29074,28840,2698,31538,742
2021-07-17,Inyo,027,18085,1425,1416,12,1428,36
2021-07-17,Kern,029,883053,98846,97796,11397,109193,1348
2021-07-17,Kings,031,150075,23533,23163,1115,24278,246
2021-07-17,Lake,033,64148,3956,3760,14,3774,64
2021-07-17,Lassen,035,31185,5322,5302,118,5420,21
2021-07-17,Los Angeles,037,10098052,1236605,1219733,42592,1262325,24582
2021-07-17,Madera,039,155013,17041,16804,964,17768,240
2021-07-17,Marin,041,260295,14566,14297,270,14567,234
2021-07-17,Mariposa,043,17540,449,445,11,456,5
2021-07-17,Mendocino,045,87422,4343,4209,90,4299,49
2021-07-17,Merced,047,269075,31586,31451,1062,32513,471
2021-07-17,Modoc,049,8938,418,412,147,559,5
2021-07-17,Mono,051,14174,1276,1277,18,1295,3
2021-07-17,Monterey,053,433212,43645,43367,1884,45251,515
2021-07-17,Napa,055,140530,10238,10129,40,10169,81
2021-07-17,Nevada,057,99092,5210,5066,195,5261,72
2021-07-17,Orange,059,3164182,261066,257805,11823,269628,5136
2021-07-17,Placer,061,380077,24624,24169,1687,25856,303
2021-07-17,Plumas,063,18699,743,721,14,735,4
2021-07-17,Riverside,065,2383286,299691,294751,14271,309022,4542
2021-07-17,Sacramento,067,1510023,112309,110432,2022,112454,1694
2021-07-17,San Benito,069,59416,6187,6181,113,6294,63
2021-07-17,San Bernardino,071,2135413,298571,296048,9193,305241,5218
2021-07-17,San Diego,073,3302833,289639,285698,16367,302065,3786
2021-07-17,San Francisco,075,870044,38907,37978,1371,39349,560
2021-07-17,San Joaquin,077,732212,75618,74695,3722,78417,1430
2021-07-17,San Luis Obispo,079,281455,21849,21462,773,22235,258
2021-07-17,San Mateo,081,765935,43854,43324,527,43851,542
2021-07-17,Santa Barbara,083,443738,35161,34769,1141,35910,461
2021-07-17,Santa Clara,085,1922200,121555,119980,802,120782,2097
2021-07-17,Santa Cruz,087,273765,16527,16337,807,17144,207
2021-07-17,Shasta,089,179085,12787,12683,1687,14370,210
2021-07-17,Sierra,091,2930,66,62,12,74,0
2021-07-17,Siskiyou,093,43540,2024,1922,404,2326,29
2021-07-17,Solano,095,438530,34616,34015,642,34657,263
2021-07-17,Sonoma,097,501317,31955,31536,369,31905,322
2021-07-17,Stanislaus,099,539301,57927,57400,6108,63508,1028
2021-07-17,Sutter,101,95872,9863,9778,93,9871,114
2021-07-17,Tehama,103,63373,5207,5145,589,5734,64
2021-07-17,Trinity,105,12862,502,341,104,445,3
2021-07-17,Tulare,107,460477,50786,49937,9190,59127,854
2021-07-17,Tuolumne,109,53932,4175,4131,47,4178,64
2021-07-17,Ventura,111,848112,82982,82125,3258,85383,1041
2021-07-17,Yolo,113,214977,14576,14356,332,14688,213
2021-07-17,Yuba,115,75493,6435,6309,131,6440,52
2021-07-16,Alameda,001,1643700,92856,91346,2063,93409,1255
2021-07-16,Alpine,002,1148,88,89,0,89,0
2021-07-16,Amador,005,37829,3813,3785,33,3818,48
2021-07-16,Butte,007,227075,13029,12824,1943,14767,202
2021-07-16,Calaveras,009,45235,2262,2237,15,2252,57
2021-07-16,Colusa,011,21464,1998,1976,335,2311,16
2021-07-16,Contra Costa,013,1133247,73607,72254,1381,73635,824
2021-07-16,Del Norte,015,27424,1519,1475,14,1489,8
2021-07-16,El Dorado,017,186661,10832,10622,820,11442,114
2021-07-16,Fresno,019,978130,104503,103055,8856,111911,1730
2021-07-16,Glenn,021,27897,2470,2451,572,3023,20
2021-07-16,Humboldt,023,135768,4754,4654,59,4713,52
2021-07-16,Imperial,025,180216,29062,28840,2698,31538,742
2021-07-16,Inyo,027,18085,1423,1416,12,1428,36
2021-07-16,Kern,029,883053,98784,97796,11357,109153,1348
2021-07-16,Kings,031,150075,23508,23163,1114,24277,246
2021-07-16,Lake,033,64148,3929,3760,14,3774,64
2021-07-16,Lassen,035,31185,5321,5302,118,5420,21
2021-07-16,Los Angeles,037,10098052,1235105,1219733,42447,1262180,24582
2021-07-16,Madera,039,155013,17023,16804,964,17768,240
2021-07-16,Marin,041,260295,14542,14297,267,14564,234
2021-07-16,Mariposa,043,17540,449,445,11,456,5
2021-07-16,Mendocino,045,87422,4334,4209,89,4298,49
2021-07-16,Merced,047,269075,31565,31451,1060,32511,471
2021-07-16,Modoc,049,8938,418,412,147,559,5
2021-07-16,Mono,051,14174,1275,1277,18,1295,3
2021-07-16,Monterey,053,433212,43623,43367,1883,45250,515
2021-07-16,Napa,055,140530,10214,10129,39,10168,81
2021-07-16,Nevada,057,99092,5200,5066,195,5261,72
2021-07-16,Orange,059,3164182,260793,257805,11782,269587,5136
2021-07-16,Placer,061,380077,24571,24169,1682,25851,303
2021-07-16,Plumas,063,18699,742,721,14,735,4
2021-07-16,Riverside,065,2383286,299415,294751,14245,308996,4542
2021-07-16,Sacramento,067,1510023,112092,110432,2009,112441,1694
2021-07-16,San Benito,069,59416,6185,6181,113,6294,63
2021-07-16,San Bernardino,071,2135413,298295,296048,9176,305224,5218
2021-07-16,San Diego,073,3302833,289196,285698,16320,302018,3786
2021-07-16,San Francisco,075,870044,38789,37978,1366,39344,560
2021-07-16,San Joaquin,077,732212,75524,74695,3719,78414,1430
2021-07-16,San Luis Obispo,079,281455,21832,21462,773,22235,258
2021-07-16,San Mateo,081,765935,43801,43324,526,43850,542
2021-07-16,Santa Barbara,083,443738,35123,34769,1141,35910,461
2021-07-16,Santa Clara,085,1922200,121408,119980,795,120775,2097
2021-07-16,Santa Cruz,087,273765,16514,16337,807,17144,207
2021-07-16,Shasta,089,179085,12777,12683,1686,14369,210
2021-07-16,Sierra,091,2930,66,62,12,74,0
2021-07-16,Siskiyou,093,43540,2022,1922,402,2324,29
2021-07-16,Solano,095,438530,34549,34015,634,34649,263
2021-07-16,Sonoma,097,501317,31903,31536,366,31902,322
2021-07-16,Stanislaus,099,539301,57877,57400,6098,63498,1028
2021-07-16,Sutter,101,95872,9851,9778,93,9871,114
2021-07-16,Tehama,103,63373,5205,5145,589,5734,64
2021-07-16,Trinity,105,12862,502,341,103,444,3
2021-07-16,Tulare,107,460477,50761,49937,9180,59117,854
2021-07-16,Tuolumne,109,53932,4169,4131,47,4178,64
2021-07-16,Ventura,111,848112,82917,82125,3251,85376,1041
2021-07-16,Yolo,113,214977,14550,14356,329,14685,213
2021-07-16,Yuba,115,75493,6413,6309,130,6439,52
2021-07-15,Alameda,001,1643700,92560,91346,2053,93399,1255
2021-07-15,Alpine,002,1148,88,89,0,89,0
2021-07-15,Amador,005,37829,3810,3785,33,3818,48
2021-07-15,Butte,007,227075,13003,12824,1941,14765,202
2021-07-15,Calaveras,009,45235,2259,2237,15,2252,57
2021-07-15,Colusa,011,21464,1997,1976,334,2310,16
2021-07-15,Contra Costa,013,1133247,73393,72254,1374,73628,824
2021-07-15,Del Norte,015,27424,1516,1475,14,1489,8
2021-07-15,El Dorado,017,186661,10805,10622,818,11440,114
2021-07-15,Fresno,019,978130,104406,103055,8836,111891,1730
2021-07-15,Glenn,021,27897,2470,2451,572,3023,20
2021-07-15,Humboldt,023,135768,4736,4654,58,4712,52
2021-07-15,Imperial,025,180216,29039,28840,2698,31538,742
2021-07-15,Inyo,027,18085,1423,1416,12,1428,36
2021-07-15,Kern,029,883053,98714,97796,11329,109125,1348
2021-07-15,Kings,031,150075,23470,23163,1111,24274,246
2021-07-15,Lake,033,64148,3890,3760,14,3774,64
2021-07-15,Lassen,035,31185,5320,5302,118,5420,21
2021-07-15,Los Angeles,037,10098052,1233117,1219733,42290,1262023,24582
2021-07-15,Madera,039,155013,17001,16804,960,17764,240
2021-07-15,Marin,041,260295,14517,14297,267,14564,234
2021-07-15,Mariposa,043,17540,449,445,11,456,5
2021-07-15,Mendocino,045,87422,4326,4209,88,4297,49
2021-07-15,Merced,047,269075,31535,31451,1060,32511,471
2021-07-15,Modoc,049,8938,418,412,147,559,5
2021-07-15,Mono,051,14174,1275,1277,18,1295,3
2021-07-15,Monterey,053,433212,43594,43367,1880,45247,515
2021-07-15,Napa,055,140530,10189,10129,38,10167,81
2021-07-15,Nevada,057,99092,5183,5066,194,5260,72
2021-07-15,Orange,059,3164182,260442,257805,11751,269556,5136
2021-07-15,Placer,061,380077,24511,24169,1665,25834,303
2021-07-15,Plumas,063,18699,741,721,14,735,4
2021-07-15,Riverside,065,2383286,299093,294751,14230,308981,4542
2021-07-15,Sacramento,067,1510023,111787,110432,1992,112424,1694
2021-07-15,San Benito,069,59416,6183,6181,113,6294,63
2021-07-15,San Bernardino,071,2135413,297988,296048,9162,305210,5218
2021-07-15,San Diego,073,3302833,288558,285698,16242,301940,3786
2021-07-15,San Francisco,075,870044,38638,37978,1358,39336,560
2021-07-15,San Joaquin,077,732212,75407,74695,3714,78409,1430
2021-07-15,San Luis Obispo,079,281455,21800,21462,773,22235,258
2021-07-15,San Mateo,081,765935,43696,43324,521,43845,542
2021-07-15,Santa Barbara,083,443738,35067,34769,1140,35909,461
2021-07-15,Santa Clara,085,1922200,121286,119980,792,120772,2097
2021-07-15,Santa Cruz,087,273765,16501,16337,807,17144,207
2021-07-15,Shasta,089,179085,12769,12683,1682,14365,210
2021-07-15,Sierra,091,2930,66,62,12,74,0
2021-07-15,Siskiyou,093,43540,2021,1922,402,2324,29
2021-07-15,Solano,095,438530,34473,34015,628,34643,263
2021-07-15,Sonoma,097,501317,31842,31536,366,31902,322
2021-07-15,Stanislaus,099,539301,57808,57400,6085,63485,1028
2021-07-15,Sutter,101,95872,9831,9778,92,9870,114
2021-07-15,Tehama,103,63373,5199,5145,588,5733,64
2021-07-15,Trinity,105,12862,502,341,103,444,3
2021-07-15,Tulare,107,460477,50741,49937,9163,59100,854
2021-07-15,Tuolumne,109,53932,4157,4131,47,4178,64
2021-07-15,Ventura,111,848112,82841,82125,3246,85371,1041
2021-07-15,Yolo,113,214977,14522,14356,328,14684,213
2021-07-15,Yuba,115,75493,6398,6309,129,6438,52
2021-07-14,Alameda,001,1643700,92300,91092,2037,93129,1255
2021-07-14,Alpine,002,1148,88,89,0,89,0
2021-07-14,Amador,005,37829,3802,3784,33,3817,48
2021-07-14,Butte,007,227075,12976,12813,1934,14747,202
2021-07-14,Calaveras,009,45235,2252,2234,15,2249,57
2021-07-14,Colusa,011,21464,1994,1974,334,2308,16
2021-07-14,Contra Costa,013,1133247,73164,72091,1362,73453,823
2021-07-14,Del Norte,015,27424,1515,1472,14,1486,8
2021-07-14,El Dorado,017,186661,10779,10598,815,11413,114
2021-07-14,Fresno,019,978130,104326,102966,8825,111791,1728
2021-07-14,Glenn,021,27897,2470,2449,572,3021,20
2021-07-14,Humboldt,023,135768,4712,4644,56,4700,52
2021-07-14,Imperial,025,180216,29010,28822,2698,31520,742
2021-07-14,Inyo,027,18085,1422,1415,12,1427,36
2021-07-14,Kern,029,883053,98650,97736,11304,109040,1346
2021-07-14,Kings,031,150075,23457,23142,1111,24253,246
2021-07-14,Lake,033,64148,3857,3739,14,3753,63
2021-07-14,Lassen,035,31185,5319,5298,118,5416,21
2021-07-14,Los Angeles,037,10098052,1231100,1218265,42150,1260415,24578
2021-07-14,Madera,039,155013,16989,16786,958,17744,240
2021-07-14,Marin,041,260295,14483,14269,265,14534,233
2021-07-14,Mariposa,043,17540,447,445,11,456,5
2021-07-14,Mendocino,045,87422,4312,4193,88,4281,49
2021-07-14,Merced,047,269075,31498,31412,1057,32469,471
2021-07-14,Modoc,049,8938,418,412,147,559,4
2021-07-14,Mono,051,14174,1275,1278,18,1296,3
2021-07-14,Monterey,053,433212,43570,43347,1878,45225,504
2021-07-14,Napa,055,140530,10167,10121,38,10159,81
2021-07-14,Nevada,057,99092,5163,5058,194,5252,72
2021-07-14,Orange,059,3164182,260125,257558,11720,269278,5137
2021-07-14,Placer,061,380077,24458,24125,1653,25778,303
2021-07-14,Plumas,063,18699,734,719,14,733,4
2021-07-14,Riverside,065,2383286,298769,294511,14214,308725,4542
2021-07-14,Sacramento,067,1510023,111459,110193,1968,112161,1688
2021-07-14,San Benito,069,59416,6180,6177,113,6290,63
2021-07-14,San Bernardino,071,2135413,297688,295820,9147,304967,5193
2021-07-14,San Diego,073,3302833,287986,285269,16162,301431,3786
2021-07-14,San Francisco,075,870044,38499,37836,1353,39189,559
2021-07-14,San Joaquin,077,732212,75315,74599,3705,78304,1416
2021-07-14,San Luis Obispo,079,281455,21778,21444,771,22215,258
2021-07-14,San Mateo,081,765935,43597,43249,517,43766,542
2021-07-14,Santa Barbara,083,443738,35025,34719,1138,35857,461
2021-07-14,Santa Clara,085,1922200,121136,119844,789,120633,2098
2021-07-14,Santa Cruz,087,273765,16489,16326,807,17133,207
2021-07-14,Shasta,089,179085,12749,12669,1679,14348,209
2021-07-14,Sierra,091,2930,66,62,12,74,0
2021-07-14,Siskiyou,093,43540,2014,1922,399,2321,29
2021-07-14,Solano,095,438530,34400,33948,628,34576,268
2021-07-14,Sonoma,097,501317,31790,31470,366,31836,322
2021-07-14,Stanislaus,099,539301,57733,57340,6073,63413,1028
2021-07-14,Sutter,101,95872,9809,9766,92,9858,114
2021-07-14,Tehama,103,63373,5197,5142,588,5730,64
2021-07-14,Trinity,105,12862,502,341,103,444,3
2021-07-14,Tulare,107,460477,50724,49908,9148,59056,853
2021-07-14,Tuolumne,109,53932,4154,4128,46,4174,64
2021-07-14,Ventura,111,848112,82747,82041,3235,85276,1040
2021-07-14,Yolo,113,214977,14489,14332,325,14657,213
2021-07-14,Yuba,115,75493,6380,6294,129,6423,52
2021-07-13,Alameda,001,1643700,92036,90874,2027,92901,1255
2021-07-13,Alpine,002,1148,88,89,0,89,0
2021-07-13,Amador,005,37829,3795,3783,33,3816,48
2021-07-13,Butte,007,227075,12962,12802,1933,14735,202
2021-07-13,Calaveras,009,45235,2248,2230,15,2245,57
2021-07-13,Colusa,011,21464,1992,1972,331,2303,16
2021-07-13,Contra Costa,013,1133247,72938,71963,1353,73316,823
2021-07-13,Del Norte,015,27424,1511,1471,14,1485,8
2021-07-13,El Dorado,017,186661,10762,10581,813,11394,114
2021-07-13,Fresno,019,978130,104251,102909,8815,111724,1727
2021-07-13,Glenn,021,27897,2468,2448,572,3020,20
2021-07-13,Humboldt,023,135768,4697,4634,56,4690,51
2021-07-13,Imperial,025,180216,28999,28792,2698,31490,741
2021-07-13,Inyo,027,18085,1421,1415,12,1427,36
2021-07-13,Kern,029,883053,98561,97698,11265,108963,1346
2021-07-13,Kings,031,150075,23439,23132,1111,24243,246
2021-07-13,Lake,033,64148,3830,3719,13,3732,63
2021-07-13,Lassen,035,31185,5317,5292,118,5410,21
2021-07-13,Los Angeles,037,10098052,1229249,1217184,41980,1259164,24569
2021-07-13,Madera,039,155013,16979,16773,954,17727,240
2021-07-13,Marin,041,260295,14454,14254,264,14518,233
2021-07-13,Mariposa,043,17540,446,443,11,454,5
2021-07-13,Mendocino,045,87422,4305,4185,88,4273,49
2021-07-13,Merced,047,269075,31477,31379,1054,32433,471
2021-07-13,Modoc,049,8938,418,411,147,558,4
2021-07-13,Mono,051,14174,1274,1277,18,1295,3
2021-07-13,Monterey,053,433212,43552,43333,1874,45207,504
2021-07-13,Napa,055,140530,10146,10118,38,10156,81
2021-07-13,Nevada,057,99092,5138,5053,194,5247,72
2021-07-13,Orange,059,3164182,259795,257339,11692,269031,5136
2021-07-13,Placer,061,380077,24412,24091,1640,25731,303
2021-07-13,Plumas,063,18699,733,716,14,730,4
2021-07-13,Riverside,065,2383286,298447,294302,14187,308489,4541
2021-07-13,Sacramento,067,1510023,111149,109990,1945,111935,1687
2021-07-13,San Benito,069,59416,6178,6173,113,6286,63
2021-07-13,San Bernardino,071,2135413,297411,295596,9125,304721,5183
2021-07-13,San Diego,073,3302833,287438,284997,16083,301080,3785
2021-07-13,San Francisco,075,870044,38355,37725,1347,39072,559
2021-07-13,San Joaquin,077,732212,75199,74500,3702,78202,1417
2021-07-13,San Luis Obispo,079,281455,21752,21423,768,22191,258
2021-07-13,San Mateo,081,765935,43528,43180,516,43696,542
2021-07-13,Santa Barbara,083,443738,34976,34679,1135,35814,461
2021-07-13,Santa Clara,085,1922200,120983,119727,785,120512,2098
2021-07-13,Santa Cruz,087,273765,16480,16315,805,17120,207
2021-07-13,Shasta,089,179085,12736,12659,1672,14331,209
2021-07-13,Sierra,091,2930,66,62,12,74,0
2021-07-13,Siskiyou,093,43540,2013,1916,397,2313,29
2021-07-13,Solano,095,438530,34335,33918,622,34540,268
2021-07-13,Sonoma,097,501317,31731,31431,366,31797,322
2021-07-13,Stanislaus,099,539301,57662,57282,6058,63340,1028
2021-07-13,Sutter,101,95872,9791,9752,91,9843,114
2021-07-13,Tehama,103,63373,5190,5144,588,5732,64
2021-07-13,Trinity,105,12862,502,341,102,443,3
2021-07-13,Tulare,107,460477,50699,49891,9132,59023,853
2021-07-13,Tuolumne,109,53932,4146,4122,45,4167,64
2021-07-13,Ventura,111,848112,82662,81982,3210,85192,1040
2021-07-13,Yolo,113,214977,14461,14320,319,14639,213
2021-07-13,Yuba,115,75493,6363,6279,129,6408,52
2021-07-12,Alameda,001,1643700,91778,90720,2020,92740,1254
2021-07-12,Alpine,002,1148,88,89,0,89,0
2021-07-12,Amador,005,37829,3788,3781,33,3814,47
2021-07-12,Butte,007,227075,12942,12796,1931,14727,202
2021-07-12,Calaveras,009,45235,2246,2228,15,2243,57
2021-07-12,Colusa,011,21464,1988,1971,330,2301,16
2021-07-12,Contra Costa,013,1133247,72734,71833,1348,73181,823
2021-07-12,Del Norte,015,27424,1508,1469,14,1483,8
2021-07-12,El Dorado,017,186661,10733,10569,811,11380,114
2021-07-12,Fresno,019,978130,104157,102853,8803,111656,1728
2021-07-12,Glenn,021,27897,2468,2446,572,3018,20
2021-07-12,Humboldt,023,135768,4681,4621,56,4677,51
2021-07-12,Imperial,025,180216,28969,28789,2698,31487,741
2021-07-12,Inyo,027,18085,1421,1415,12,1427,36
2021-07-12,Kern,029,883053,98492,97660,11240,108900,1346
2021-07-12,Kings,031,150075,23419,23124,1109,24233,246
2021-07-12,Lake,033,64148,3809,3706,13,3719,63
2021-07-12,Lassen,035,31185,5316,5292,118,5410,21
2021-07-12,Los Angeles,037,10098052,1227452,1216230,41848,1258078,24559
2021-07-12,Madera,039,155013,16968,16772,954,17726,240
2021-07-12,Marin,041,260295,14429,14238,263,14501,233
2021-07-12,Mariposa,043,17540,446,442,11,453,5
2021-07-12,Mendocino,045,87422,4294,4175,88,4263,49
2021-07-12,Merced,047,269075,31446,31374,1053,32427,471
2021-07-12,Modoc,049,8938,417,411,147,558,4
2021-07-12,Mono,051,14174,1272,1275,18,1293,3
2021-07-12,Monterey,053,433212,43531,43315,1870,45185,504
2021-07-12,Napa,055,140530,10128,10104,37,10141,81
2021-07-12,Nevada,057,99092,5115,5046,194,5240,72
2021-07-12,Orange,059,3164182,259441,257171,11668,268839,5136
2021-07-12,Placer,061,380077,24361,24052,1634,25686,302
2021-07-12,Plumas,063,18699,733,716,14,730,4
2021-07-12,Riverside,065,2383286,298139,294108,14158,308266,4541
2021-07-12,Sacramento,067,1510023,110933,109849,1919,111768,1685
2021-07-12,San Benito,069,59416,6175,6166,113,6279,63
2021-07-12,San Bernardino,071,2135413,297139,295447,9110,304557,5171
2021-07-12,San Diego,073,3302833,286969,284648,16007,300655,3785
2021-07-12,San Francisco,075,870044,38209,37656,1344,39000,559
2021-07-12,San Joaquin,077,732212,75105,74424,3692,78116,1415
2021-07-12,San Luis Obispo,079,281455,21733,21408,767,22175,258
2021-07-12,San Mateo,081,765935,43434,43138,509,43647,542
2021-07-12,Santa Barbara,083,443738,34933,34664,1133,35797,461
2021-07-12,Santa Clara,085,1922200,120818,119634,782,120416,2098
2021-07-12,Santa Cruz,087,273765,16455,16310,804,17114,207
2021-07-12,Shasta,089,179085,12729,12648,1669,14317,208
2021-07-12,Sierra,091,2930,66,62,12,74,0
2021-07-12,Siskiyou,093,43540,2008,1916,392,2308,29
2021-07-12,Solano,095,438530,34245,33859,613,34472,268
2021-07-12,Sonoma,097,501317,31683,31377,365,31742,322
2021-07-12,Stanislaus,099,539301,57592,57243,6051,63294,1028
2021-07-12,Sutter,101,95872,9774,9736,90,9826,114
2021-07-12,Tehama,103,63373,5185,5138,587,5725,63
2021-07-12,Trinity,105,12862,498,340,100,440,3
2021-07-12,Tulare,107,460477,50671,49882,9119,59001,853
2021-07-12,Tuolumne,109,53932,4142,4116,45,4161,64
2021-07-12,Ventura,111,848112,82561,81919,3189,85108,1040
2021-07-12,Yolo,113,214977,14433,14303,315,14618,213
2021-07-12,Yuba,115,75493,6348,6266,129,6395,52
2021-07-11,Alameda,001,1643700,91449,90597,2008,92605,1254
2021-07-11,Alpine,002,1148,88,89,0,89,0
2021-07-11,Amador,005,37829,3786,3779,33,3812,47
2021-07-11,Butte,007,227075,12920,12794,1925,14719,202
2021-07-11,Calaveras,009,45235,2244,2226,14,2240,57
2021-07-11,Colusa,011,21464,1987,1971,329,2300,16
2021-07-11,Contra Costa,013,1133247,72524,71744,1341,73085,823
2021-07-11,Del Norte,015,27424,1504,1467,13,1480,8
2021-07-11,El Dorado,017,186661,10704,10554,809,11363,114
2021-07-11,Fresno,019,978130,104061,102813,8783,111596,1728
2021-07-11,Glenn,021,27897,2467,2446,572,3018,20
2021-07-11,Humboldt,023,135768,4668,4611,55,4666,51
2021-07-11,Imperial,025,180216,28951,28787,2697,31484,741
2021-07-11,Inyo,027,18085,1419,1415,12,1427,36
2021-07-11,Kern,029,883053,98419,97637,11224,108861,1346
2021-07-11,Kings,031,150075,23388,23116,1106,24222,246
2021-07-11,Lake,033,64148,3778,3699,13,3712,63
2021-07-11,Lassen,035,31185,5313,5291,118,5409,21
2021-07-11,Los Angeles,037,10098052,1225694,1215182,41693,1256875,24558
2021-07-11,Madera,039,155013,16949,16766,953,17719,240
2021-07-11,Marin,041,260295,14403,14231,263,14494,233
2021-07-11,Mariposa,043,17540,445,442,11,453,5
2021-07-11,Mendocino,045,87422,4274,4167,88,4255,49
2021-07-11,Merced,047,269075,31422,31366,1048,32414,471
2021-07-11,Modoc,049,8938,416,411,147,558,4
2021-07-11,Mono,051,14174,1272,1275,18,1293,3
2021-07-11,Monterey,053,433212,43512,43307,1866,45173,504
2021-07-11,Napa,055,140530,10124,10100,37,10137,81
2021-07-11,Nevada,057,99092,5104,5035,193,5228,72
2021-07-11,Orange,059,3164182,259129,257009,11640,268649,5136
2021-07-11,Placer,061,380077,24304,24017,1622,25639,302
2021-07-11,Plumas,063,18699,733,716,14,730,4
2021-07-11,Riverside,065,2383286,297875,293969,14140,308109,4541
2021-07-11,Sacramento,067,1510023,110655,109696,1907,111603,1685
2021-07-11,San Benito,069,59416,6170,6163,113,6276,63
2021-07-11,San Bernardino,071,2135413,296833,295342,9085,304427,5167
2021-07-11,San Diego,073,3302833,286555,283819,15921,299740,3784
2021-07-11,San Francisco,075,870044,38080,37596,1338,38934,559
2021-07-11,San Joaquin,077,732212,74988,74376,3675,78051,1415
2021-07-11,San Luis Obispo,079,281455,21700,21403,766,22169,258
2021-07-11,San Mateo,081,765935,43355,43107,503,43610,542
2021-07-11,Santa Barbara,083,443738,34886,34646,1133,35779,461
2021-07-11,Santa Clara,085,1922200,120664,119549,781,120330,2098
2021-07-11,Santa Cruz,087,273765,16439,16303,804,17107,207
2021-07-11,Shasta,089,179085,12712,12647,1667,14314,208
2021-07-11,Sierra,091,2930,66,62,12,74,0
2021-07-11,Siskiyou,093,43540,2004,1915,390,2305,29
2021-07-11,Solano,095,438530,34163,33837,609,34446,268
2021-07-11,Sonoma,097,501317,31601,31352,365,31717,322
2021-07-11,Stanislaus,099,539301,57526,57230,6040,63270,1028
2021-07-11,Sutter,101,95872,9760,9728,90,9818,114
2021-07-11,Tehama,103,63373,5182,5138,587,5725,63
2021-07-11,Trinity,105,12862,497,340,100,440,3
2021-07-11,Tulare,107,460477,50646,49877,9101,58978,853
2021-07-11,Tuolumne,109,53932,4136,4116,45,4161,64
2021-07-11,Ventura,111,848112,82488,81875,3169,85044,1040
2021-07-11,Yolo,113,214977,14408,14285,309,14594,213
2021-07-11,Yuba,115,75493,6337,6260,129,6389,52
2021-07-10,Alameda,001,1643700,91299,90090,2004,92094,1252
2021-07-10,Alpine,002,1148,88,89,0,89,0
2021-07-10,Amador,005,37829,3780,3773,33,3806,47
2021-07-10,Butte,007,227075,12910,12764,1922,14686,202
2021-07-10,Calaveras,009,45235,2243,2214,14,2228,57
2021-07-10,Colusa,011,21464,1985,1969,329,2298,16
2021-07-10,Contra Costa,013,1133247,72424,71376,1340,72716,821
2021-07-10,Del Norte,015,27424,1502,1451,13,1464,8
2021-07-10,El Dorado,017,186661,10687,10508,806,11314,114
2021-07-10,Fresno,019,978130,104028,102675,8776,111451,1730
2021-07-10,Glenn,021,27897,2464,2440,571,3011,20
2021-07-10,Humboldt,023,135768,4659,4574,55,4629,51
2021-07-10,Imperial,025,180216,28938,28729,2697,31426,741
2021-07-10,Inyo,027,18085,1418,1415,12,1427,36
2021-07-10,Kern,029,883053,98379,97538,11207,108745,1346
2021-07-10,Kings,031,150075,23381,23090,1105,24195,246
2021-07-10,Lake,033,64148,3761,3667,13,3680,63
2021-07-10,Lassen,035,31185,5313,5290,118,5408,21
2021-07-10,Los Angeles,037,10098052,1224666,1212043,41590,1253633,24542
2021-07-10,Madera,039,155013,16943,16744,950,17694,241
2021-07-10,Marin,041,260295,14389,14194,263,14457,233
2021-07-10,Mariposa,043,17540,445,442,11,453,5
2021-07-10,Mendocino,045,87422,4267,4153,87,4240,49
2021-07-10,Merced,047,269075,31409,31328,1048,32376,470
2021-07-10,Modoc,049,8938,416,410,147,557,4
2021-07-10,Mono,051,14174,1272,1275,18,1293,3
2021-07-10,Monterey,053,433212,43498,43251,1864,45115,499
2021-07-10,Napa,055,140530,10112,10077,37,10114,81
2021-07-10,Nevada,057,99092,5095,5000,193,5193,72
2021-07-10,Orange,059,3164182,258951,256438,11624,268062,5135
2021-07-10,Placer,061,380077,24275,23916,1612,25528,302
2021-07-10,Plumas,063,18699,732,717,14,731,4
2021-07-10,Riverside,065,2383286,297685,293474,14127,307601,4541
2021-07-10,Sacramento,067,1510023,110506,109091,1901,110992,1682
2021-07-10,San Benito,069,59416,6165,6141,113,6254,63
2021-07-10,San Bernardino,071,2135413,296645,294932,9072,304004,5117
2021-07-10,San Diego,073,3302833,286265,283577,15868,299445,3783
2021-07-10,San Francisco,075,870044,37997,37338,1335,38673,559
2021-07-10,San Joaquin,077,732212,74931,74150,3669,77819,1412
2021-07-10,San Luis Obispo,079,281455,21689,21375,765,22140,258
2021-07-10,San Mateo,081,765935,43303,42948,501,43449,542
2021-07-10,Santa Barbara,083,443738,34859,34595,1133,35728,460
2021-07-10,Santa Clara,085,1922200,120561,119330,778,120108,2094
2021-07-10,Santa Cruz,087,273765,16432,16286,804,17090,207
2021-07-10,Shasta,089,179085,12699,12623,1662,14285,206
2021-07-10,Sierra,091,2930,66,61,12,73,0
2021-07-10,Siskiyou,093,43540,2002,1909,387,2296,29
2021-07-10,Solano,095,438530,34121,33678,603,34281,268
2021-07-10,Sonoma,097,501317,31550,31231,365,31596,317
2021-07-10,Stanislaus,099,539301,57490,57104,6030,63134,1026
2021-07-10,Sutter,101,95872,9748,9692,90,9782,114
2021-07-10,Tehama,103,63373,5179,5131,587,5718,63
2021-07-10,Trinity,105,12862,497,341,100,441,3
2021-07-10,Tulare,107,460477,50636,49850,9095,58945,853
2021-07-10,Tuolumne,109,53932,4134,4114,45,4159,64
2021-07-10,Ventura,111,848112,82443,81713,3151,84864,1039
2021-07-10,Yolo,113,214977,14387,14250,306,14556,213
2021-07-10,Yuba,115,75493,6327,6238,129,6367,52
2021-07-09,Alameda,001,1643700,91140,90090,1999,92089,1252
2021-07-09,Alpine,002,1148,88,89,0,89,0
2021-07-09,Amador,005,37829,3779,3773,33,3806,47
2021-07-09,Butte,007,227075,12898,12764,1920,14684,202
2021-07-09,Calaveras,009,45235,2241,2214,14,2228,57
2021-07-09,Colusa,011,21464,1984,1969,329,2298,16
2021-07-09,Contra Costa,013,1133247,72298,71376,1337,72713,821
2021-07-09,Del Norte,015,27424,1497,1451,13,1464,8
2021-07-09,El Dorado,017,186661,10672,10508,805,11313,114
2021-07-09,Fresno,019,978130,103973,102675,8769,111444,1730
2021-07-09,Glenn,021,27897,2463,2440,569,3009,20
2021-07-09,Humboldt,023,135768,4640,4574,55,4629,51
2021-07-09,Imperial,025,180216,28930,28729,2696,31425,741
2021-07-09,Inyo,027,18085,1417,1415,12,1427,36
2021-07-09,Kern,029,883053,98341,97538,11195,108733,1346
2021-07-09,Kings,031,150075,23370,23090,1104,24194,246
2021-07-09,Lake,033,64148,3747,3667,13,3680,63
2021-07-09,Lassen,035,31185,5311,5290,117,5407,21
2021-07-09,Los Angeles,037,10098052,1223662,1212043,41520,1253563,24542
2021-07-09,Madera,039,155013,16933,16744,949,17693,241
2021-07-09,Marin,041,260295,14368,14194,262,14456,233
2021-07-09,Mariposa,043,17540,445,442,11,453,5
2021-07-09,Mendocino,045,87422,4260,4153,87,4240,49
2021-07-09,Merced,047,269075,31394,31328,1048,32376,470
2021-07-09,Modoc,049,8938,416,410,147,557,4
2021-07-09,Mono,051,14174,1272,1275,18,1293,3
2021-07-09,Monterey,053,433212,43489,43251,1864,45115,499
2021-07-09,Napa,055,140530,10105,10077,37,10114,81
2021-07-09,Nevada,057,99092,5086,5000,193,5193,72
2021-07-09,Orange,059,3164182,258745,256438,11610,268048,5135
2021-07-09,Placer,061,380077,24253,23916,1606,25522,302
2021-07-09,Plumas,063,18699,730,717,14,731,4
2021-07-09,Riverside,065,2383286,297499,293474,14114,307588,4541
2021-07-09,Sacramento,067,1510023,110352,109091,1892,110983,1682
2021-07-09,San Benito,069,59416,6163,6141,113,6254,63
2021-07-09,San Bernardino,071,2135413,296493,294932,9065,303997,5117
2021-07-09,San Diego,073,3302833,285976,283577,15820,299397,3783
2021-07-09,San Francisco,075,870044,37917,37338,1328,38666,559
2021-07-09,San Joaquin,077,732212,74857,74150,3662,77812,1412
2021-07-09,San Luis Obispo,079,281455,21677,21375,765,22140,258
2021-07-09,San Mateo,081,765935,43259,42948,497,43445,542
2021-07-09,Santa Barbara,083,443738,34838,34595,1132,35727,460
2021-07-09,Santa Clara,085,1922200,120450,119330,778,120108,2094
2021-07-09,Santa Cruz,087,273765,16429,16286,804,17090,207
2021-07-09,Shasta,089,179085,12693,12623,1657,14280,206
2021-07-09,Sierra,091,2930,66,61,12,73,0
2021-07-09,Siskiyou,093,43540,2000,1909,386,2295,29
2021-07-09,Solano,095,438530,34085,33678,599,34277,268
2021-07-09,Sonoma,097,501317,31514,31231,365,31596,317
2021-07-09,Stanislaus,099,539301,57461,57104,6028,63132,1026
2021-07-09,Sutter,101,95872,9739,9692,90,9782,114
2021-07-09,Tehama,103,63373,5177,5131,587,5718,63
2021-07-09,Trinity,105,12862,496,341,97,438,3
2021-07-09,Tulare,107,460477,50623,49850,9089,58939,853
2021-07-09,Tuolumne,109,53932,4130,4114,45,4159,64
2021-07-09,Ventura,111,848112,82388,81713,3142,84855,1039
2021-07-09,Yolo,113,214977,14372,14250,302,14552,213
2021-07-09,Yuba,115,75493,6314,6238,129,6367,52
2021-07-08,Alameda,001,1643700,90934,90090,1996,92086,1252
2021-07-08,Alpine,002,1148,88,89,0,89,0
2021-07-08,Amador,005,37829,3777,3773,33,3806,47
2021-07-08,Butte,007,227075,12885,12764,1917,14681,202
2021-07-08,Calaveras,009,45235,2238,2214,13,2227,57
2021-07-08,Colusa,011,21464,1984,1969,329,2298,16
2021-07-08,Contra Costa,013,1133247,72170,71376,1332,72708,821
2021-07-08,Del Norte,015,27424,1495,1451,13,1464,8
2021-07-08,El Dorado,017,186661,10655,10508,798,11306,114
2021-07-08,Fresno,019,978130,103910,102675,8758,111433,1730
2021-07-08,Glenn,021,27897,2463,2440,569,3009,20
2021-07-08,Humboldt,023,135768,4624,4574,54,4628,51
2021-07-08,Imperial,025,180216,28918,28729,2695,31424,741
2021-07-08,Inyo,027,18085,1417,1415,12,1427,36
2021-07-08,Kern,029,883053,98293,97538,11180,108718,1346
2021-07-08,Kings,031,150075,23361,23090,1104,24194,246
2021-07-08,Lake,033,64148,3733,3667,13,3680,63
2021-07-08,Lassen,035,31185,5308,5290,117,5407,21
2021-07-08,Los Angeles,037,10098052,1222449,1212043,41426,1253469,24542
2021-07-08,Madera,039,155013,16917,16744,949,17693,241
2021-07-08,Marin,041,260295,14354,14194,262,14456,233
2021-07-08,Mariposa,043,17540,444,442,11,453,5
2021-07-08,Mendocino,045,87422,4257,4153,87,4240,49
2021-07-08,Merced,047,269075,31380,31328,1046,32374,470
2021-07-08,Modoc,049,8938,416,410,147,557,4
2021-07-08,Mono,051,14174,1272,1275,18,1293,3
2021-07-08,Monterey,053,433212,43469,43251,1858,45109,499
2021-07-08,Napa,055,140530,10101,10077,37,10114,81
2021-07-08,Nevada,057,99092,5080,5000,193,5193,72
2021-07-08,Orange,059,3164182,258550,256438,11588,268026,5135
2021-07-08,Placer,061,380077,24214,23916,1598,25514,302
2021-07-08,Plumas,063,18699,729,717,14,731,4
2021-07-08,Riverside,065,2383286,297298,293474,14098,307572,4541
2021-07-08,Sacramento,067,1510023,110130,109091,1887,110978,1682
2021-07-08,San Benito,069,59416,6160,6141,113,6254,63
2021-07-08,San Bernardino,071,2135413,296318,294932,9056,303988,5117
2021-07-08,San Diego,073,3302833,285649,283577,15772,299349,3783
2021-07-08,San Francisco,075,870044,37837,37338,1324,38662,559
2021-07-08,San Joaquin,077,732212,74769,74150,3649,77799,1412
2021-07-08,San Luis Obispo,079,281455,21665,21375,762,22137,258
2021-07-08,San Mateo,081,765935,43208,42948,496,43444,542
2021-07-08,Santa Barbara,083,443738,34811,34595,1130,35725,460
2021-07-08,Santa Clara,085,1922200,120357,119330,777,120107,2094
2021-07-08,Santa Cruz,087,273765,16423,16286,804,17090,207
2021-07-08,Shasta,089,179085,12687,12623,1653,14276,206
2021-07-08,Sierra,091,2930,66,61,12,73,0
2021-07-08,Siskiyou,093,43540,1995,1909,383,2292,29
2021-07-08,Solano,095,438530,34030,33678,593,34271,268
2021-07-08,Sonoma,097,501317,31483,31231,364,31595,317
2021-07-08,Stanislaus,099,539301,57434,57104,6024,63128,1026
2021-07-08,Sutter,101,95872,9725,9692,88,9780,114
2021-07-08,Tehama,103,63373,5174,5131,586,5717,63
2021-07-08,Trinity,105,12862,496,341,97,438,3
2021-07-08,Tulare,107,460477,50605,49850,9082,58932,853
2021-07-08,Tuolumne,109,53932,4128,4114,45,4159,64
2021-07-08,Ventura,111,848112,82324,81713,3126,84839,1039
2021-07-08,Yolo,113,214977,14352,14250,300,14550,213
2021-07-08,Yuba,115,75493,6306,6238,129,6367,52
2021-07-07,Alameda,001,1643700,90751,89995,1990,91985,1253
2021-07-07,Alpine,002,1148,88,89,0,89,0
2021-07-07,Amador,005,37829,3772,3770,33,3803,47
2021-07-07,Butte,007,227075,12872,12750,1912,14662,202
2021-07-07,Calaveras,009,45235,2231,2212,13,2225,57
2021-07-07,Colusa,011,21464,1980,1969,329,2298,16
2021-07-07,Contra Costa,013,1133247,72023,71308,1330,72638,821
2021-07-07,Del Norte,015,27424,1490,1446,13,1459,8
2021-07-07,El Dorado,017,186661,10635,10494,796,11290,114
2021-07-07,Fresno,019,978130,103860,102639,8751,111390,1729
2021-07-07,Glenn,021,27897,2463,2441,569,3010,20
2021-07-07,Humboldt,023,135768,4610,4566,54,4620,51
2021-07-07,Imperial,025,180216,28911,28701,2695,31396,740
2021-07-07,Inyo,027,18085,1416,1415,12,1427,36
2021-07-07,Kern,029,883053,98249,97507,11165,108672,1348
2021-07-07,Kings,031,150075,23348,23085,1101,24186,245
2021-07-07,Lake,033,64148,3714,3660,13,3673,63
2021-07-07,Lassen,035,31185,5308,5286,117,5403,21
2021-07-07,Los Angeles,037,10098052,1221268,1211316,41324,1252640,24531
2021-07-07,Madera,039,155013,16906,16733,947,17680,241
2021-07-07,Marin,041,260295,14335,14183,261,14444,233
2021-07-07,Mariposa,043,17540,442,442,11,453,5
2021-07-07,Mendocino,045,87422,4248,4145,87,4232,49
2021-07-07,Merced,047,269075,31365,31317,1046,32363,470
2021-07-07,Modoc,049,8938,416,410,147,557,4
2021-07-07,Mono,051,14174,1271,1274,18,1292,3
2021-07-07,Monterey,053,433212,43445,43233,1856,45089,494
2021-07-07,Napa,055,140530,10090,10078,37,10115,81
2021-07-07,Nevada,057,99092,5073,4996,193,5189,72
2021-07-07,Orange,059,3164182,258324,256301,11567,267868,5132
2021-07-07,Placer,061,380077,24178,23901,1588,25489,302
2021-07-07,Plumas,063,18699,729,710,14,724,4
2021-07-07,Riverside,065,2383286,297084,293331,14088,307419,4538
2021-07-07,Sacramento,067,1510023,109940,108954,1879,110833,1682
2021-07-07,San Benito,069,59416,6155,6137,113,6250,63
2021-07-07,San Bernardino,071,2135413,296149,294787,9049,303836,5087
2021-07-07,San Diego,073,3302833,285329,283377,15732,299109,3782
2021-07-07,San Francisco,075,870044,37745,37284,1321,38605,558
2021-07-07,San Joaquin,077,732212,74693,74095,3634,77729,1410
2021-07-07,San Luis Obispo,079,281455,21656,21360,760,22120,258
2021-07-07,San Mateo,081,765935,43154,42908,493,43401,542
2021-07-07,Santa Barbara,083,443738,34785,34582,1130,35712,460
2021-07-07,Santa Clara,085,1922200,120259,119250,776,120026,2094
2021-07-07,Santa Cruz,087,273765,16414,16279,803,17082,207
2021-07-07,Shasta,089,179085,12679,12613,1650,14263,206
2021-07-07,Sierra,091,2930,66,60,12,72,0
2021-07-07,Siskiyou,093,43540,1989,1908,379,2287,29
2021-07-07,Solano,095,438530,33981,33659,586,34245,268
2021-07-07,Sonoma,097,501317,31437,31172,364,31536,316
2021-07-07,Stanislaus,099,539301,57402,57102,6019,63121,1028
2021-07-07,Sutter,101,95872,9715,9683,88,9771,114
2021-07-07,Tehama,103,63373,5173,5129,586,5715,63
2021-07-07,Trinity,105,12862,496,341,97,438,3
2021-07-07,Tulare,107,460477,50601,49835,9073,58908,853
2021-07-07,Tuolumne,109,53932,4124,4115,44,4159,64
2021-07-07,Ventura,111,848112,82280,81608,3112,84720,1036
2021-07-07,Yolo,113,214977,14341,14236,297,14533,213
2021-07-07,Yuba,115,75493,6290,6233,129,6362,51
2021-07-06,Alameda,001,1643700,90556,89918,1982,91900,1253
2021-07-06,Alpine,002,1148,88,89,0,89,0
2021-07-06,Amador,005,37829,3771,3768,32,3800,47
2021-07-06,Butte,007,227075,12859,12744,1909,14653,201
2021-07-06,Calaveras,009,45235,2231,2211,13,2224,55
2021-07-06,Colusa,011,21464,1979,1967,326,2293,16
2021-07-06,Contra Costa,013,1133247,71894,71262,1327,72589,820
2021-07-06,Del Norte,015,27424,1486,1445,13,1458,8
2021-07-06,El Dorado,017,186661,10617,10484,794,11278,113
2021-07-06,Fresno,019,978130,103808,102616,8739,111355,1727
2021-07-06,Glenn,021,27897,2462,2438,569,3007,20
2021-07-06,Humboldt,023,135768,4596,4565,53,4618,49
2021-07-06,Imperial,025,180216,28896,28693,2693,31386,739
2021-07-06,Inyo,027,18085,1416,1412,12,1424,36
2021-07-06,Kern,029,883053,98207,97491,11154,108645,1346
2021-07-06,Kings,031,150075,23340,23077,1100,24177,245
2021-07-06,Lake,033,64148,3704,3659,13,3672,63
2021-07-06,Lassen,035,31185,5307,5288,116,5404,21
2021-07-06,Los Angeles,037,10098052,1220049,1210965,41228,1252193,24525
2021-07-06,Madera,039,155013,16894,16730,947,17677,241
2021-07-06,Marin,041,260295,14321,14181,261,14442,233
2021-07-06,Mariposa,043,17540,442,442,11,453,5
2021-07-06,Mendocino,045,87422,4241,4143,87,4230,49
2021-07-06,Merced,047,269075,31348,31317,1045,32362,470
2021-07-06,Modoc,049,8938,416,411,147,558,4
2021-07-06,Mono,051,14174,1270,1274,18,1292,3
2021-07-06,Monterey,053,433212,43423,43224,1854,45078,494
2021-07-06,Napa,055,140530,10079,10081,37,10118,81
2021-07-06,Nevada,057,99092,5064,4988,193,5181,72
2021-07-06,Orange,059,3164182,258080,256227,11550,267777,5129
2021-07-06,Placer,061,380077,24137,23876,1582,25458,302
2021-07-06,Plumas,063,18699,728,708,14,722,4
2021-07-06,Riverside,065,2383286,296881,293227,14070,307297,4539
2021-07-06,Sacramento,067,1510023,109729,108850,1871,110721,1679
2021-07-06,San Benito,069,59416,6151,6137,113,6250,63
2021-07-06,San Bernardino,071,2135413,295970,294712,9036,303748,5056
2021-07-06,San Diego,073,3302833,284971,283278,15673,298951,3782
2021-07-06,San Francisco,075,870044,37628,37251,1320,38571,558
2021-07-06,San Joaquin,077,732212,74623,74019,3622,77641,1410
2021-07-06,San Luis Obispo,079,281455,21639,21354,758,22112,257
2021-07-06,San Mateo,081,765935,43079,42895,493,43388,541
2021-07-06,Santa Barbara,083,443738,34766,34572,1129,35701,460
2021-07-06,Santa Clara,085,1922200,120141,119194,773,119967,2095
2021-07-06,Santa Cruz,087,273765,16409,16274,802,17076,207
2021-07-06,Shasta,089,179085,12669,12606,1648,14254,205
2021-07-06,Sierra,091,2930,65,60,12,72,0
2021-07-06,Siskiyou,093,43540,1986,1905,375,2280,29
2021-07-06,Solano,095,438530,33930,33619,583,34202,268
2021-07-06,Sonoma,097,501317,31374,31130,363,31493,316
2021-07-06,Stanislaus,099,539301,57353,57120,6008,63128,1029
2021-07-06,Sutter,101,95872,9706,9674,87,9761,114
2021-07-06,Tehama,103,63373,5170,5126,585,5711,63
2021-07-06,Trinity,105,12862,496,341,97,438,3
2021-07-06,Tulare,107,460477,50586,49826,9063,58889,853
2021-07-06,Tuolumne,109,53932,4122,4113,44,4157,64
2021-07-06,Ventura,111,848112,82240,81534,3087,84621,1033
2021-07-06,Yolo,113,214977,14319,14227,294,14521,213
2021-07-06,Yuba,115,75493,6279,6231,129,6360,51
2021-07-05,Alameda,001,1643700,90380,89892,1977,91869,1253
2021-07-05,Alpine,002,1148,88,89,0,89,0
2021-07-05,Amador,005,37829,3769,3768,32,3800,47
2021-07-05,Butte,007,227075,12851,12740,1900,14640,201
2021-07-05,Calaveras,009,45235,2229,2211,13,2224,55
2021-07-05,Colusa,011,21464,1977,1966,325,2291,16
2021-07-05,Contra Costa,013,1133247,71766,71235,1327,72562,820
2021-07-05,Del Norte,015,27424,1482,1446,13,1459,8
2021-07-05,El Dorado,017,186661,10592,10481,794,11275,113
2021-07-05,Fresno,019,978130,103749,102592,8724,111316,1727
2021-07-05,Glenn,021,27897,2459,2438,568,3006,20
2021-07-05,Humboldt,023,135768,4582,4563,53,4616,49
2021-07-05,Imperial,025,180216,28877,28689,2693,31382,739
2021-07-05,Inyo,027,18085,1416,1412,12,1424,36
2021-07-05,Kern,029,883053,98159,97479,11134,108613,1346
2021-07-05,Kings,031,150075,23332,23065,1097,24162,245
2021-07-05,Lake,033,64148,3686,3645,13,3658,63
2021-07-05,Lassen,035,31185,5304,5288,115,5403,21
2021-07-05,Los Angeles,037,10098052,1218855,1210653,41126,1251779,24522
2021-07-05,Madera,039,155013,16883,16722,946,17668,241
2021-07-05,Marin,041,260295,14300,14178,261,14439,233
2021-07-05,Mariposa,043,17540,442,441,11,452,5
2021-07-05,Mendocino,045,87422,4236,4139,87,4226,49
2021-07-05,Merced,047,269075,31328,31312,1045,32357,470
2021-07-05,Modoc,049,8938,416,410,147,557,4
2021-07-05,Mono,051,14174,1270,1273,18,1291,3
2021-07-05,Monterey,053,433212,43403,43218,1849,45067,494
2021-07-05,Napa,055,140530,10073,10074,37,10111,81
2021-07-05,Nevada,057,99092,5046,4980,192,5172,72
2021-07-05,Orange,059,3164182,257879,256173,11532,267705,5129
2021-07-05,Placer,061,380077,24090,23867,1574,25441,302
2021-07-05,Plumas,063,18699,727,708,14,722,4
2021-07-05,Riverside,065,2383286,296689,293193,14058,307251,4539
2021-07-05,Sacramento,067,1510023,109547,108758,1861,110619,1679
2021-07-05,San Benito,069,59416,6144,6137,113,6250,63
2021-07-05,San Bernardino,071,2135413,295808,294647,9029,303676,5037
2021-07-05,San Diego,073,3302833,284608,282834,15629,298463,3782
2021-07-05,San Francisco,075,870044,37539,37237,1315,38552,558
2021-07-05,San Joaquin,077,732212,74553,73999,3617,77616,1410
2021-07-05,San Luis Obispo,079,281455,21625,21351,757,22108,257
2021-07-05,San Mateo,081,765935,43027,42876,490,43366,541
2021-07-05,Santa Barbara,083,443738,34746,34569,1129,35698,460
2021-07-05,Santa Clara,085,1922200,120035,119184,771,119955,2095
2021-07-05,Santa Cruz,087,273765,16400,16273,801,17074,208
2021-07-05,Shasta,089,179085,12660,12603,1646,14249,205
2021-07-05,Sierra,091,2930,65,60,12,72,0
2021-07-05,Siskiyou,093,43540,1984,1904,374,2278,29
2021-07-05,Solano,095,438530,33860,33612,577,34189,268
2021-07-05,Sonoma,097,501317,31321,31116,363,31479,316
2021-07-05,Stanislaus,099,539301,57323,57109,5997,63106,1029
2021-07-05,Sutter,101,95872,9694,9667,87,9754,114
2021-07-05,Tehama,103,63373,5169,5125,585,5710,63
2021-07-05,Trinity,105,12862,495,341,96,437,3
2021-07-05,Tulare,107,460477,50568,49818,9060,58878,853
2021-07-05,Tuolumne,109,53932,4118,4112,44,4156,64
2021-07-05,Ventura,111,848112,82189,81519,3068,84587,1033
2021-07-05,Yolo,113,214977,14299,14225,286,14511,213
2021-07-05,Yuba,115,75493,6271,6223,129,6352,51
2021-07-04,Alameda,001,1643700,90216,89683,1974,91657,1253
2021-07-04,Alpine,002,1148,88,89,0,89,0
2021-07-04,Amador,005,37829,3768,3758,32,3790,46
2021-07-04,Butte,007,227075,12841,12684,1900,14584,201
2021-07-04,Calaveras,009,45235,2225,2200,13,2213,55
2021-07-04,Colusa,011,21464,1977,1969,325,2294,15
2021-07-04,Contra Costa,013,1133247,71660,70941,1322,72263,818
2021-07-04,Del Norte,015,27424,1479,1439,13,1452,8
2021-07-04,El Dorado,017,186661,10583,10433,793,11226,113
2021-07-04,Fresno,019,978130,103703,102512,8709,111221,1727
2021-07-04,Glenn,021,27897,2457,2442,567,3009,20
2021-07-04,Humboldt,023,135768,4574,4530,53,4583,49
2021-07-04,Imperial,025,180216,28871,28661,2693,31354,739
2021-07-04,Inyo,027,18085,1416,1412,12,1424,35
2021-07-04,Kern,029,883053,98140,97421,11125,108546,1347
2021-07-04,Kings,031,150075,23324,23051,1097,24148,245
2021-07-04,Lake,033,64148,3676,3623,13,3636,62
2021-07-04,Lassen,035,31185,5303,5277,115,5392,20
2021-07-04,Los Angeles,037,10098052,1217991,1208705,41043,1249748,24506
2021-07-04,Madera,039,155013,16871,16696,945,17641,240
2021-07-04,Marin,041,260295,14285,14143,261,14404,233
2021-07-04,Mariposa,043,17540,442,441,11,452,5
2021-07-04,Mendocino,045,87422,4226,4122,87,4209,49
2021-07-04,Merced,047,269075,31317,31297,1045,32342,469
2021-07-04,Modoc,049,8938,416,410,147,557,4
2021-07-04,Mono,051,14174,1270,1275,18,1293,3
2021-07-04,Monterey,053,433212,43387,43212,1848,45060,492
2021-07-04,Napa,055,140530,10065,10045,36,10081,81
2021-07-04,Nevada,057,99092,5036,4966,192,5158,72
2021-07-04,Orange,059,3164182,257704,255823,11512,267335,5126
2021-07-04,Placer,061,380077,24053,23764,1568,25332,299
2021-07-04,Plumas,063,18699,727,707,14,721,4
2021-07-04,Riverside,065,2383286,296529,293260,14052,307312,4536
2021-07-04,Sacramento,067,1510023,109377,108257,1855,110112,1676
2021-07-04,San Benito,069,59416,6137,6108,113,6221,63
2021-07-04,San Bernardino,071,2135413,295640,294294,9022,303316,5003
2021-07-04,San Diego,073,3302833,284383,282692,15592,298284,3780
2021-07-04,San Francisco,075,870044,37480,37107,1309,38416,558
2021-07-04,San Joaquin,077,732212,74487,73841,3609,77450,1409
2021-07-04,San Luis Obispo,079,281455,21619,21330,756,22086,256
2021-07-04,San Mateo,081,765935,42993,42691,490,43181,541
2021-07-04,Santa Barbara,083,443738,34723,34526,1128,35654,456
2021-07-04,Santa Clara,085,1922200,119945,118966,770,119736,2090
2021-07-04,Santa Cruz,087,273765,16389,16254,801,17055,208
2021-07-04,Shasta,089,179085,12656,12582,1645,14227,204
2021-07-04,Sierra,091,2930,64,60,12,72,0
2021-07-04,Siskiyou,093,43540,1980,1899,373,2272,29
2021-07-04,Solano,095,438530,33819,33486,575,34061,268
2021-07-04,Sonoma,097,501317,31291,31000,363,31363,316
2021-07-04,Stanislaus,099,539301,57307,57018,5991,63009,1018
2021-07-04,Sutter,101,95872,9683,9644,87,9731,114
2021-07-04,Tehama,103,63373,5165,5124,585,5709,63
2021-07-04,Trinity,105,12862,494,341,96,437,3
2021-07-04,Tulare,107,460477,50558,49789,9057,58846,853
2021-07-04,Tuolumne,109,53932,4110,4113,44,4157,64
2021-07-04,Ventura,111,848112,82131,81425,3057,84482,1033
2021-07-04,Yolo,113,214977,14278,14188,283,14471,213
2021-07-04,Yuba,115,75493,6263,6197,129,6326,51
2021-07-03,Alameda,001,1643700,90129,89683,1966,91649,1253
2021-07-03,Alpine,002,1148,88,89,0,89,0
2021-07-03,Amador,005,37829,3768,3758,32,3790,46
2021-07-03,Butte,007,227075,12837,12684,1899,14583,201
2021-07-03,Calaveras,009,45235,2223,2200,13,2213,55
2021-07-03,Colusa,011,21464,1976,1969,325,2294,15
2021-07-03,Contra Costa,013,1133247,71600,70941,1319,72260,818
2021-07-03,Del Norte,015,27424,1476,1439,13,1452,8
2021-07-03,El Dorado,017,186661,10577,10433,791,11224,113
2021-07-03,Fresno,019,978130,103679,102512,8700,111212,1727
2021-07-03,Glenn,021,27897,2457,2442,567,3009,20
2021-07-03,Humboldt,023,135768,4569,4530,53,4583,49
2021-07-03,Imperial,025,180216,28861,28661,2693,31354,739
2021-07-03,Inyo,027,18085,1416,1412,12,1424,35
2021-07-03,Kern,029,883053,98120,97421,11117,108538,1347
2021-07-03,Kings,031,150075,23324,23051,1096,24147,245
2021-07-03,Lake,033,64148,3666,3623,13,3636,62
2021-07-03,Lassen,035,31185,5302,5277,115,5392,20
2021-07-03,Los Angeles,037,10098052,1217562,1208705,41012,1249717,24506
2021-07-03,Madera,039,155013,16862,16696,942,17638,240
2021-07-03,Marin,041,260295,14281,14143,261,14404,233
2021-07-03,Mariposa,043,17540,442,441,11,452,5
2021-07-03,Mendocino,045,87422,4225,4122,87,4209,49
2021-07-03,Merced,047,269075,31304,31297,1044,32341,469
2021-07-03,Modoc,049,8938,415,410,147,557,4
2021-07-03,Mono,051,14174,1269,1275,18,1293,3
2021-07-03,Monterey,053,433212,43375,43212,1846,45058,492
2021-07-03,Napa,055,140530,10060,10045,36,10081,81
2021-07-03,Nevada,057,99092,5022,4966,192,5158,72
2021-07-03,Orange,059,3164182,257620,255823,11505,267328,5126
2021-07-03,Placer,061,380077,24034,23764,1565,25329,299
2021-07-03,Plumas,063,18699,727,707,14,721,4
2021-07-03,Riverside,065,2383286,296437,293260,14048,307308,4536
2021-07-03,Sacramento,067,1510023,109303,108257,1852,110109,1676
2021-07-03,San Benito,069,59416,6130,6108,113,6221,63
2021-07-03,San Bernardino,071,2135413,295550,294294,9019,303313,5003
2021-07-03,San Diego,073,3302833,284252,282692,15573,298265,3780
2021-07-03,San Francisco,075,870044,37439,37107,1306,38413,558
2021-07-03,San Joaquin,077,732212,74451,73841,3604,77445,1409
2021-07-03,San Luis Obispo,079,281455,21607,21330,756,22086,256
2021-07-03,San Mateo,081,765935,42968,42691,489,43180,541
2021-07-03,Santa Barbara,083,443738,34714,34526,1127,35653,456
2021-07-03,Santa Clara,085,1922200,119898,118966,770,119736,2090
2021-07-03,Santa Cruz,087,273765,16382,16254,801,17055,208
2021-07-03,Shasta,089,179085,12652,12582,1643,14225,204
2021-07-03,Sierra,091,2930,64,60,12,72,0
2021-07-03,Siskiyou,093,43540,1979,1899,372,2271,29
2021-07-03,Solano,095,438530,33775,33486,575,34061,268
2021-07-03,Sonoma,097,501317,31257,31000,363,31363,316
2021-07-03,Stanislaus,099,539301,57296,57018,5984,63002,1018
2021-07-03,Sutter,101,95872,9673,9644,87,9731,114
2021-07-03,Tehama,103,63373,5163,5124,585,5709,63
2021-07-03,Trinity,105,12862,494,341,96,437,3
2021-07-03,Tulare,107,460477,50552,49789,9051,58840,853
2021-07-03,Tuolumne,109,53932,4109,4113,44,4157,64
2021-07-03,Ventura,111,848112,82101,81425,3049,84474,1033
2021-07-03,Yolo,113,214977,14268,14188,280,14468,213
2021-07-03,Yuba,115,75493,6257,6197,129,6326,51
2021-07-02,Alameda,001,1643700,90045,89683,1964,91647,1253
2021-07-02,Alpine,002,1148,88,89,0,89,0
2021-07-02,Amador,005,37829,3766,3758,32,3790,46
2021-07-02,Butte,007,227075,12830,12684,1899,14583,201
2021-07-02,Calaveras,009,45235,2221,2200,13,2213,55
2021-07-02,Colusa,011,21464,1975,1969,324,2293,15
2021-07-02,Contra Costa,013,1133247,71530,70941,1315,72256,818
2021-07-02,Del Norte,015,27424,1476,1439,13,1452,8
2021-07-02,El Dorado,017,186661,10569,10433,791,11224,113
2021-07-02,Fresno,019,978130,103651,102512,8694,111206,1727
2021-07-02,Glenn,021,27897,2456,2442,566,3008,20
2021-07-02,Humboldt,023,135768,4566,4530,52,4582,49
2021-07-02,Imperial,025,180216,28855,28661,2692,31353,739
2021-07-02,Inyo,027,18085,1416,1412,12,1424,35
2021-07-02,Kern,029,883053,98102,97421,11109,108530,1347
2021-07-02,Kings,031,150075,23314,23051,1096,24147,245
2021-07-02,Lake,033,64148,3660,3623,13,3636,62
2021-07-02,Lassen,035,31185,5302,5277,115,5392,20
2021-07-02,Los Angeles,037,10098052,1217088,1208705,40974,1249679,24506
2021-07-02,Madera,039,155013,16853,16696,941,17637,240
2021-07-02,Marin,041,260295,14277,14143,261,14404,233
2021-07-02,Mariposa,043,17540,442,441,11,452,5
2021-07-02,Mendocino,045,87422,4221,4122,86,4208,49
2021-07-02,Merced,047,269075,31295,31297,1044,32341,469
2021-07-02,Modoc,049,8938,415,410,147,557,4
2021-07-02,Mono,051,14174,1268,1275,18,1293,3
2021-07-02,Monterey,053,433212,43367,43212,1845,45057,492
2021-07-02,Napa,055,140530,10055,10045,36,10081,81
2021-07-02,Nevada,057,99092,5013,4966,192,5158,72
2021-07-02,Orange,059,3164182,257508,255823,11498,267321,5126
2021-07-02,Placer,061,380077,24017,23764,1558,25322,299
2021-07-02,Plumas,063,18699,727,707,14,721,4
2021-07-02,Riverside,065,2383286,296340,293260,14043,307303,4536
2021-07-02,Sacramento,067,1510023,109225,108257,1851,110108,1676
2021-07-02,San Benito,069,59416,6127,6108,113,6221,63
2021-07-02,San Bernardino,071,2135413,295463,294294,9017,303311,5003
2021-07-02,San Diego,073,3302833,284107,282692,15547,298239,3780
2021-07-02,San Francisco,075,870044,37391,37107,1304,38411,558
2021-07-02,San Joaquin,077,732212,74419,73841,3598,77439,1409
2021-07-02,San Luis Obispo,079,281455,21601,21330,755,22085,256
2021-07-02,San Mateo,081,765935,42933,42691,489,43180,541
2021-07-02,Santa Barbara,083,443738,34704,34526,1127,35653,456
2021-07-02,Santa Clara,085,1922200,119820,118966,770,119736,2090
2021-07-02,Santa Cruz,087,273765,16378,16254,801,17055,208
2021-07-02,Shasta,089,179085,12648,12582,1643,14225,204
2021-07-02,Sierra,091,2930,63,60,12,72,0
2021-07-02,Siskiyou,093,43540,1976,1899,371,2270,29
2021-07-02,Solano,095,438530,33750,33486,575,34061,268
2021-07-02,Sonoma,097,501317,31234,31000,363,31363,316
2021-07-02,Stanislaus,099,539301,57279,57018,5983,63001,1018
2021-07-02,Sutter,101,95872,9669,9644,87,9731,114
2021-07-02,Tehama,103,63373,5161,5124,583,5707,63
2021-07-02,Trinity,105,12862,494,341,96,437,3
2021-07-02,Tulare,107,460477,50542,49789,9043,58832,853
2021-07-02,Tuolumne,109,53932,4106,4113,44,4157,64
2021-07-02,Ventura,111,848112,82058,81425,3041,84466,1033
2021-07-02,Yolo,113,214977,14252,14188,278,14466,213
2021-07-02,Yuba,115,75493,6249,6197,129,6326,51
2021-07-01,Alameda,001,1643700,89944,89683,1962,91645,1253
2021-07-01,Alpine,002,1148,88,89,0,89,0
2021-07-01,Amador,005,37829,3765,3758,32,3790,46
2021-07-01,Butte,007,227075,12819,12684,1897,14581,201
2021-07-01,Calaveras,009,45235,2219,2200,13,2213,55
2021-07-01,Colusa,011,21464,1975,1969,322,2291,15
2021-07-01,Contra Costa,013,1133247,71458,70941,1315,72256,818
2021-07-01,Del Norte,015,27424,1475,1439,13,1452,8
2021-07-01,El Dorado,017,186661,10557,10433,791,11224,113
2021-07-01,Fresno,019,978130,103612,102512,8689,111201,1727
2021-07-01,Glenn,021,27897,2456,2442,566,3008,20
2021-07-01,Humboldt,023,135768,4564,4530,52,4582,49
2021-07-01,Imperial,025,180216,28838,28661,2692,31353,739
2021-07-01,Inyo,027,18085,1416,1412,12,1424,35
2021-07-01,Kern,029,883053,98076,97421,11099,108520,1347
2021-07-01,Kings,031,150075,23300,23051,1096,24147,245
2021-07-01,Lake,033,64148,3657,3623,13,3636,62
2021-07-01,Lassen,035,31185,5300,5277,115,5392,20
2021-07-01,Los Angeles,037,10098052,1216484,1208705,40919,1249624,24506
2021-07-01,Madera,039,155013,16844,16696,940,17636,240
2021-07-01,Marin,041,260295,14273,14143,261,14404,233
2021-07-01,Mariposa,043,17540,442,441,11,452,5
2021-07-01,Mendocino,045,87422,4217,4122,85,4207,49
2021-07-01,Merced,047,269075,31289,31297,1044,32341,469
2021-07-01,Modoc,049,8938,415,410,147,557,4
2021-07-01,Mono,051,14174,1267,1275,18,1293,3
2021-07-01,Monterey,053,433212,43359,43212,1842,45054,492
2021-07-01,Napa,055,140530,10048,10045,36,10081,81
2021-07-01,Nevada,057,99092,5008,4966,192,5158,72
2021-07-01,Orange,059,3164182,257388,255823,11479,267302,5126
2021-07-01,Placer,061,380077,23999,23764,1555,25319,299
2021-07-01,Plumas,063,18699,724,707,12,719,4
2021-07-01,Riverside,065,2383286,296231,293260,14035,307295,4536
2021-07-01,Sacramento,067,1510023,109100,108257,1844,110101,1676
2021-07-01,San Benito,069,59416,6123,6108,113,6221,63
2021-07-01,San Bernardino,071,2135413,295342,294294,9012,303306,5003
2021-07-01,San Diego,073,3302833,283928,282692,15510,298202,3780
2021-07-01,San Francisco,075,870044,37354,37107,1302,38409,558
2021-07-01,San Joaquin,077,732212,74368,73841,3594,77435,1409
2021-07-01,San Luis Obispo,079,281455,21586,21330,754,22084,256
2021-07-01,San Mateo,081,765935,42905,42691,488,43179,541
2021-07-01,Santa Barbara,083,443738,34691,34526,1127,35653,456
2021-07-01,Santa Clara,085,1922200,119771,118966,770,119736,2090
2021-07-01,Santa Cruz,087,273765,16373,16254,801,17055,208
2021-07-01,Shasta,089,179085,12640,12582,1642,14224,204
2021-07-01,Sierra,091,2930,63,60,12,72,0
2021-07-01,Siskiyou,093,43540,1976,1899,371,2270,29
2021-07-01,Solano,095,438530,33709,33486,574,34060,268
2021-07-01,Sonoma,097,501317,31190,31000,363,31363,316
2021-07-01,Stanislaus,099,539301,57262,57018,5979,62997,1018
2021-07-01,Sutter,101,95872,9660,9644,87,9731,114
2021-07-01,Tehama,103,63373,5161,5124,582,5706,63
2021-07-01,Trinity,105,12862,494,341,96,437,3
2021-07-01,Tulare,107,460477,50533,49789,9036,58825,853
2021-07-01,Tuolumne,109,53932,4099,4113,44,4157,64
2021-07-01,Ventura,111,848112,82027,81425,3031,84456,1033
2021-07-01,Yolo,113,214977,14236,14188,276,14464,213
2021-07-01,Yuba,115,75493,6242,6197,129,6326,51
2021-06-30,Alameda,001,1643700,89862,89597,1958,91555,1256
2021-06-30,Alpine,002,1148,88,89,0,89,0
2021-06-30,Amador,005,37829,3763,3756,32,3788,46
2021-06-30,Butte,007,227075,12812,12676,1888,14564,201
2021-06-30,Calaveras,009,45235,2213,2198,13,2211,55
2021-06-30,Colusa,011,21464,1973,1967,319,2286,15
2021-06-30,Contra Costa,013,1133247,71393,70869,1312,72181,818
2021-06-30,Del Norte,015,27424,1470,1435,13,1448,8
2021-06-30,El Dorado,017,186661,10537,10420,791,11211,113
2021-06-30,Fresno,019,978130,103574,102490,8686,111176,1727
2021-06-30,Glenn,021,27897,2454,2440,566,3006,20
2021-06-30,Humboldt,023,135768,4548,4522,50,4572,49
2021-06-30,Imperial,025,180216,28830,28651,2692,31343,739
2021-06-30,Inyo,027,18085,1416,1409,12,1421,35
2021-06-30,Kern,029,883053,98035,97267,11087,108354,1348
2021-06-30,Kings,031,150075,23295,23038,1095,24133,245
2021-06-30,Lake,033,64148,3644,3601,13,3614,56
2021-06-30,Lassen,035,31185,5295,5269,115,5384,20
2021-06-30,Los Angeles,037,10098052,1215810,1208246,40874,1249120,24499
2021-06-30,Madera,039,155013,16836,16688,938,17626,240
2021-06-30,Marin,041,260295,14264,14133,260,14393,232
2021-06-30,Mariposa,043,17540,441,441,11,452,5
2021-06-30,Mendocino,045,87422,4207,4115,85,4200,49
2021-06-30,Merced,047,269075,31279,31286,1044,32330,469
2021-06-30,Modoc,049,8938,415,410,147,557,4
2021-06-30,Mono,051,14174,1267,1275,18,1293,3
2021-06-30,Monterey,053,433212,43354,43209,1840,45049,492
2021-06-30,Napa,055,140530,10040,10039,36,10075,81
2021-06-30,Nevada,057,99092,4997,4958,192,5150,72
2021-06-30,Orange,059,3164182,257263,255764,11469,267233,5125
2021-06-30,Placer,061,380077,23975,23721,1552,25273,299
2021-06-30,Plumas,063,18699,724,705,12,717,4
2021-06-30,Riverside,065,2383286,296117,293280,14027,307307,4535
2021-06-30,Sacramento,067,1510023,108961,108137,1840,109977,1676
2021-06-30,San Benito,069,59416,6119,6105,113,6218,63
2021-06-30,San Bernardino,071,2135413,295182,294211,9007,303218,4975
2021-06-30,San Diego,073,3302833,283792,282583,15482,298065,3780
2021-06-30,San Francisco,075,870044,37306,37065,1297,38362,558
2021-06-30,San Joaquin,077,732212,74306,73777,3593,77370,1409
2021-06-30,San Luis Obispo,079,281455,21573,21326,753,22079,256
2021-06-30,San Mateo,081,765935,42868,42599,487,43086,537
2021-06-30,Santa Barbara,083,443738,34675,34521,1127,35648,456
2021-06-30,Santa Clara,085,1922200,119724,118930,767,119697,2090
2021-06-30,Santa Cruz,087,273765,16367,16250,801,17051,208
2021-06-30,Shasta,089,179085,12634,12564,1642,14206,204
2021-06-30,Sierra,091,2930,63,60,12,72,0
2021-06-30,Siskiyou,093,43540,1974,1900,368,2268,29
2021-06-30,Solano,095,438530,33670,33453,572,34025,268
2021-06-30,Sonoma,097,501317,31160,30947,363,31310,316
2021-06-30,Stanislaus,099,539301,57245,56997,5978,62975,1018
2021-06-30,Sutter,101,95872,9650,9638,87,9725,114
2021-06-30,Tehama,103,63373,5159,5124,582,5706,63
2021-06-30,Trinity,105,12862,494,341,96,437,3
2021-06-30,Tulare,107,460477,50522,49764,9025,58789,853
2021-06-30,Tuolumne,109,53932,4096,4112,44,4156,64
2021-06-30,Ventura,111,848112,81984,81392,3026,84418,1032
2021-06-30,Yolo,113,214977,14230,14178,273,14451,213
2021-06-30,Yuba,115,75493,6235,6191,129,6320,51
2021-06-29,Alameda,001,1643700,89756,89519,1956,91475,1257
2021-06-29,Alpine,002,1148,88,89,0,89,0
2021-06-29,Amador,005,37829,3759,3754,32,3786,46
2021-06-29,Butte,007,227075,12804,12669,1888,14557,201
2021-06-29,Calaveras,009,45235,2207,2198,13,2211,55
2021-06-29,Colusa,011,21464,1971,1967,319,2286,15
2021-06-29,Contra Costa,013,1133247,71319,70775,1311,72086,817
2021-06-29,Del Norte,015,27424,1469,1435,13,1448,8
2021-06-29,El Dorado,017,186661,10524,10403,787,11190,113
2021-06-29,Fresno,019,978130,103541,102464,8683,111147,1725
2021-06-29,Glenn,021,27897,2453,2439,566,3005,20
2021-06-29,Humboldt,023,135768,4544,4514,49,4563,49
2021-06-29,Imperial,025,180216,28821,28645,2691,31336,737
2021-06-29,Inyo,027,18085,1416,1408,12,1420,35
2021-06-29,Kern,029,883053,98014,97173,11081,108254,1347
2021-06-29,Kings,031,150075,23286,23035,1094,24129,245
2021-06-29,Lake,033,64148,3638,3594,13,3607,56
2021-06-29,Lassen,035,31185,5288,5268,115,5383,20
2021-06-29,Los Angeles,037,10098052,1215196,1207895,40846,1248741,24498
2021-06-29,Madera,039,155013,16832,16680,937,17617,240
2021-06-29,Marin,041,260295,14252,14127,260,14387,232
2021-06-29,Mariposa,043,17540,441,441,11,452,5
2021-06-29,Mendocino,045,87422,4203,4107,84,4191,49
2021-06-29,Merced,047,269075,31267,31277,1044,32321,469
2021-06-29,Modoc,049,8938,414,408,147,555,3
2021-06-29,Mono,051,14174,1267,1275,18,1293,3
2021-06-29,Monterey,053,433212,43344,43196,1838,45034,471
2021-06-29,Napa,055,140530,10034,10033,36,10069,81
2021-06-29,Nevada,057,99092,4990,4952,192,5144,72
2021-06-29,Orange,059,3164182,257162,255686,11454,267140,5124
2021-06-29,Placer,061,380077,23951,23693,1550,25243,299
2021-06-29,Plumas,063,18699,724,704,12,716,4
2021-06-29,Riverside,065,2383286,296017,292962,14020,306982,4524
2021-06-29,Sacramento,067,1510023,108808,108067,1836,109903,1677
2021-06-29,San Benito,069,59416,6108,6099,113,6212,63
2021-06-29,San Bernardino,071,2135413,295070,294118,9006,303124,4940
2021-06-29,San Diego,073,3302833,283636,282499,15455,297954,3780
2021-06-29,San Francisco,075,870044,37267,37041,1294,38335,558
2021-06-29,San Joaquin,077,732212,74258,73724,3590,77314,1409
2021-06-29,San Luis Obispo,079,281455,21563,21324,752,22076,256
2021-06-29,San Mateo,081,765935,42834,42540,487,43027,540
2021-06-29,Santa Barbara,083,443738,34665,34507,1126,35633,455
2021-06-29,Santa Clara,085,1922200,119670,118893,766,119659,2090
2021-06-29,Santa Cruz,087,273765,16361,16249,801,17050,208
2021-06-29,Shasta,089,179085,12622,12564,1641,14205,204
2021-06-29,Sierra,091,2930,63,59,12,71,0
2021-06-29,Siskiyou,093,43540,1971,1897,364,2261,29
2021-06-29,Solano,095,438530,33637,33440,570,34010,268
2021-06-29,Sonoma,097,501317,31118,30950,361,31311,316
2021-06-29,Stanislaus,099,539301,57224,56980,5971,62951,1018
2021-06-29,Sutter,101,95872,9639,9634,87,9721,114
2021-06-29,Tehama,103,63373,5159,5124,582,5706,63
2021-06-29,Trinity,105,12862,494,341,96,437,3
2021-06-29,Tulare,107,460477,50509,49751,9020,58771,852
2021-06-29,Tuolumne,109,53932,4094,4111,44,4155,64
2021-06-29,Ventura,111,848112,81946,81363,3020,84383,1032
2021-06-29,Yolo,113,214977,14218,14171,272,14443,213
2021-06-29,Yuba,115,75493,6225,6188,129,6317,51
2021-06-28,Alameda,001,1643700,89661,89638,1953,91591,1259
2021-06-28,Alpine,002,1148,88,89,0,89,0
2021-06-28,Amador,005,37829,3758,3753,32,3785,46
2021-06-28,Butte,007,227075,12795,12697,1886,14583,198
2021-06-28,Calaveras,009,45235,2204,2203,13,2216,55
2021-06-28,Colusa,011,21464,1969,1974,319,2293,15
2021-06-28,Contra Costa,013,1133247,71244,70807,1309,72116,816
2021-06-28,Del Norte,015,27424,1469,1436,13,1449,8
2021-06-28,El Dorado,017,186661,10514,10422,783,11205,115
2021-06-28,Fresno,019,978130,103510,103121,8681,111802,1727
2021-06-28,Glenn,021,27897,2453,2439,566,3005,20
2021-06-28,Humboldt,023,135768,4537,4520,48,4568,49
2021-06-28,Imperial,025,180216,28813,28981,2690,31671,741
2021-06-28,Inyo,027,18085,1413,1407,12,1419,35
2021-06-28,Kern,029,883053,97995,97252,11076,108328,1348
2021-06-28,Kings,031,150075,23280,23134,1094,24228,246
2021-06-28,Lake,033,64148,3631,3591,13,3604,56
2021-06-28,Lassen,035,31185,5286,5268,115,5383,20
2021-06-28,Los Angeles,037,10098052,1214676,1207714,40812,1248526,24496
2021-06-28,Madera,039,155013,16821,16683,936,17619,240
2021-06-28,Marin,041,260295,14237,14186,260,14446,232
2021-06-28,Mariposa,043,17540,441,440,11,451,5
2021-06-28,Mendocino,045,87422,4194,4102,83,4185,49
2021-06-28,Merced,047,269075,31255,31277,1044,32321,469
2021-06-28,Modoc,049,8938,414,411,146,557,3
2021-06-28,Mono,051,14174,1267,1276,18,1294,3
2021-06-28,Monterey,053,433212,43340,43202,1837,45039,462
2021-06-28,Napa,055,140530,10025,10050,35,10085,81
2021-06-28,Nevada,057,99092,4986,4951,192,5143,72
2021-06-28,Orange,059,3164182,257073,255755,11440,267195,5123
2021-06-28,Placer,061,380077,23935,23756,1546,25302,299
2021-06-28,Plumas,063,18699,722,704,12,716,4
2021-06-28,Riverside,065,2383286,295891,292647,14008,306655,4507
2021-06-28,Sacramento,067,1510023,108676,108342,1831,110173,1675
2021-06-28,San Benito,069,59416,6106,6101,113,6214,63
2021-06-28,San Bernardino,071,2135413,294970,294151,9001,303152,4928
2021-06-28,San Diego,073,3302833,283472,282417,15426,297843,3780
2021-06-28,San Francisco,075,870044,37232,37372,1292,38664,559
2021-06-28,San Joaquin,077,732212,74211,73973,3587,77560,1411
2021-06-28,San Luis Obispo,079,281455,21559,21340,751,22091,256
2021-06-28,San Mateo,081,765935,42800,42927,486,43413,540
2021-06-28,Santa Barbara,083,443738,34658,34534,1124,35658,455
2021-06-28,Santa Clara,085,1922200,119606,120377,765,121142,2103
2021-06-28,Santa Cruz,087,273765,16356,16245,801,17046,208
2021-06-28,Shasta,089,179085,12618,12642,1639,14281,203
2021-06-28,Sierra,091,2930,63,58,12,70,0
2021-06-28,Siskiyou,093,43540,1970,1896,364,2260,29
2021-06-28,Solano,095,438530,33601,33524,568,34092,267
2021-06-28,Sonoma,097,501317,31081,31137,360,31497,315
2021-06-28,Stanislaus,099,539301,57206,57047,5967,63014,1018
2021-06-28,Sutter,101,95872,9635,9682,87,9769,114
2021-06-28,Tehama,103,63373,5157,5122,582,5704,63
2021-06-28,Trinity,105,12862,494,341,96,437,3
2021-06-28,Tulare,107,460477,50499,49751,9016,58767,850
2021-06-28,Tuolumne,109,53932,4086,4121,44,4165,64
2021-06-28,Ventura,111,848112,81889,81393,3015,84408,1032
2021-06-28,Yolo,113,214977,14209,14199,269,14468,213
2021-06-28,Yuba,115,75493,6220,6207,129,6336,51
2021-06-27,Alameda,001,1643700,89574,89611,1949,91560,1259
2021-06-27,Alpine,002,1148,88,89,0,89,0
2021-06-27,Amador,005,37829,3757,3752,32,3784,46
2021-06-27,Butte,007,227075,12785,12696,1885,14581,198
2021-06-27,Calaveras,009,45235,2203,2203,13,2216,55
2021-06-27,Colusa,011,21464,1969,1974,319,2293,15
2021-06-27,Contra Costa,013,1133247,71158,70762,1305,72067,816
2021-06-27,Del Norte,015,27424,1466,1436,13,1449,8
2021-06-27,El Dorado,017,186661,10502,10418,780,11198,115
2021-06-27,Fresno,019,978130,103481,103110,8678,111788,1727
2021-06-27,Glenn,021,27897,2452,2439,565,3004,20
2021-06-27,Humboldt,023,135768,4525,4513,45,4558,49
2021-06-27,Imperial,025,180216,28799,28987,2690,31677,741
2021-06-27,Inyo,027,18085,1413,1407,12,1419,35
2021-06-27,Kern,029,883053,97969,97249,11069,108318,1348
2021-06-27,Kings,031,150075,23270,23132,1094,24226,246
2021-06-27,Lake,033,64148,3624,3581,13,3594,56
2021-06-27,Lassen,035,31185,5285,5265,115,5380,20
2021-06-27,Los Angeles,037,10098052,1214124,1207461,40772,1248233,24493
2021-06-27,Madera,039,155013,16813,16680,936,17616,240
2021-06-27,Marin,041,260295,14228,14182,260,14442,232
2021-06-27,Mariposa,043,17540,441,440,11,451,5
2021-06-27,Mendocino,045,87422,4187,4100,83,4183,49
2021-06-27,Merced,047,269075,31243,31266,1044,32310,469
2021-06-27,Modoc,049,8938,414,411,146,557,3
2021-06-27,Mono,051,14174,1267,1279,18,1297,3
2021-06-27,Monterey,053,433212,43327,43199,1837,45036,462
2021-06-27,Napa,055,140530,10019,10046,35,10081,81
2021-06-27,Nevada,057,99092,4980,4946,192,5138,72
2021-06-27,Orange,059,3164182,256959,255710,11429,267139,5123
2021-06-27,Placer,061,380077,23902,23731,1543,25274,299
2021-06-27,Plumas,063,18699,722,704,12,716,4
2021-06-27,Riverside,065,2383286,295789,292641,14002,306643,4507
2021-06-27,Sacramento,067,1510023,108541,108279,1827,110106,1675
2021-06-27,San Benito,069,59416,6100,6101,113,6214,63
2021-06-27,San Bernardino,071,2135413,294857,294115,8999,303114,4927
2021-06-27,San Diego,073,3302833,283332,282359,15400,297759,3780
2021-06-27,San Francisco,075,870044,37195,37360,1291,38651,559
2021-06-27,San Joaquin,077,732212,74175,73960,3585,77545,1411
2021-06-27,San Luis Obispo,079,281455,21552,21340,750,22090,256
2021-06-27,San Mateo,081,765935,42771,42925,483,43408,539
2021-06-27,Santa Barbara,083,443738,34644,34533,1122,35655,455
2021-06-27,Santa Clara,085,1922200,119555,120352,764,121116,2103
2021-06-27,Santa Cruz,087,273765,16347,16241,801,17042,208
2021-06-27,Shasta,089,179085,12612,12640,1638,14278,203
2021-06-27,Sierra,091,2930,63,58,12,70,0
2021-06-27,Siskiyou,093,43540,1968,1896,363,2259,29
2021-06-27,Solano,095,438530,33573,33516,568,34084,267
2021-06-27,Sonoma,097,501317,31043,31129,360,31489,315
2021-06-27,Stanislaus,099,539301,57166,57021,5964,62985,1018
2021-06-27,Sutter,101,95872,9629,9678,87,9765,114
2021-06-27,Tehama,103,63373,5153,5122,582,5704,63
2021-06-27,Trinity,105,12862,494,341,95,436,3
2021-06-27,Tulare,107,460477,50486,49749,9009,58758,850
2021-06-27,Tuolumne,109,53932,4084,4121,44,4165,64
2021-06-27,Ventura,111,848112,81855,81361,3006,84367,1032
2021-06-27,Yolo,113,214977,14194,14194,265,14459,213
2021-06-27,Yuba,115,75493,6214,6205,129,6334,51
2021-06-26,Alameda,001,1643700,89517,89560,1947,91507,1259
2021-06-26,Alpine,002,1148,88,89,0,89,0
2021-06-26,Amador,005,37829,3757,3748,32,3780,46
2021-06-26,Butte,007,227075,12781,12693,1882,14575,198
2021-06-26,Calaveras,009,45235,2201,2202,13,2215,55
2021-06-26,Colusa,011,21464,1969,1973,319,2292,15
2021-06-26,Contra Costa,013,1133247,71115,70712,1304,72016,816
2021-06-26,Del Norte,015,27424,1465,1432,13,1445,8
2021-06-26,El Dorado,017,186661,10494,10414,778,11192,115
2021-06-26,Fresno,019,978130,103461,103091,8676,111767,1727
2021-06-26,Glenn,021,27897,2450,2441,565,3006,20
2021-06-26,Humboldt,023,135768,4522,4509,45,4554,49
2021-06-26,Imperial,025,180216,28795,28970,2690,31660,741
2021-06-26,Inyo,027,18085,1413,1407,12,1419,35
2021-06-26,Kern,029,883053,97943,97239,11060,108299,1348
2021-06-26,Kings,031,150075,23266,23128,1093,24221,246
2021-06-26,Lake,033,64148,3613,3576,13,3589,56
2021-06-26,Lassen,035,31185,5282,5263,115,5378,20
2021-06-26,Los Angeles,037,10098052,1213820,1207198,40741,1247939,24490
2021-06-26,Madera,039,155013,16806,16679,935,17614,240
2021-06-26,Marin,041,260295,14219,14180,260,14440,232
2021-06-26,Mariposa,043,17540,441,440,11,451,5
2021-06-26,Mendocino,045,87422,4185,4096,83,4179,49
2021-06-26,Merced,047,269075,31237,31259,1043,32302,469
2021-06-26,Modoc,049,8938,414,411,146,557,3
2021-06-26,Mono,051,14174,1267,1279,18,1297,3
2021-06-26,Monterey,053,433212,43324,43192,1837,45029,462
2021-06-26,Napa,055,140530,10012,10043,35,10078,81
2021-06-26,Nevada,057,99092,4975,4939,192,5131,72
2021-06-26,Orange,059,3164182,256879,255640,11422,267062,5123
2021-06-26,Placer,061,380077,23888,23702,1541,25243,299
2021-06-26,Plumas,063,18699,722,704,12,716,4
2021-06-26,Riverside,065,2383286,295731,292480,13996,306476,4505
2021-06-26,Sacramento,067,1510023,108470,108179,1824,110003,1675
2021-06-26,San Benito,069,59416,6096,6100,113,6213,63
2021-06-26,San Bernardino,071,2135413,294763,294034,8995,303029,4928
2021-06-26,San Diego,073,3302833,283247,282263,15382,297645,3780
2021-06-26,San Francisco,075,870044,37163,37348,1290,38638,559
2021-06-26,San Joaquin,077,732212,74146,73928,3584,77512,1411
2021-06-26,San Luis Obispo,079,281455,21551,21330,749,22079,256
2021-06-26,San Mateo,081,765935,42751,42898,483,43381,539
2021-06-26,Santa Barbara,083,443738,34635,34525,1122,35647,455
2021-06-26,Santa Clara,085,1922200,119522,120321,764,121085,2103
2021-06-26,Santa Cruz,087,273765,16344,16239,801,17040,208
2021-06-26,Shasta,089,179085,12608,12635,1634,14269,203
2021-06-26,Sierra,091,2930,63,58,12,70,0
2021-06-26,Siskiyou,093,43540,1967,1896,362,2258,29
2021-06-26,Solano,095,438530,33555,33489,566,34055,267
2021-06-26,Sonoma,097,501317,31017,31088,360,31448,315
2021-06-26,Stanislaus,099,539301,57150,57006,5961,62967,1018
2021-06-26,Sutter,101,95872,9628,9669,87,9756,114
2021-06-26,Tehama,103,63373,5153,5119,582,5701,63
2021-06-26,Trinity,105,12862,494,341,95,436,3
2021-06-26,Tulare,107,460477,50480,49745,9009,58754,850
2021-06-26,Tuolumne,109,53932,4084,4121,44,4165,64
2021-06-26,Ventura,111,848112,81831,81352,3005,84357,1032
2021-06-26,Yolo,113,214977,14186,14184,265,14449,213
2021-06-26,Yuba,115,75493,6211,6200,129,6329,51
2021-06-25,Alameda,001,1643700,89449,89453,1945,91398,1271
2021-06-25,Alpine,002,1148,88,89,0,89,0
2021-06-25,Amador,005,37829,3756,3746,32,3778,46
2021-06-25,Butte,007,227075,12776,12682,1879,14561,198
2021-06-25,Calaveras,009,45235,2200,2201,13,2214,55
2021-06-25,Colusa,011,21464,1969,1972,319,2291,15
2021-06-25,Contra Costa,013,1133247,71079,70659,1304,71963,815
2021-06-25,Del Norte,015,27424,1465,1426,13,1439,8
2021-06-25,El Dorado,017,186661,10486,10406,775,11181,115
2021-06-25,Fresno,019,978130,103443,103073,8672,111745,1727
2021-06-25,Glenn,021,27897,2450,2441,565,3006,20
2021-06-25,Humboldt,023,135768,4516,4503,43,4546,49
2021-06-25,Imperial,025,180216,28792,28968,2690,31658,740
2021-06-25,Inyo,027,18085,1412,1406,12,1418,35
2021-06-25,Kern,029,883053,97924,97182,11056,108238,1347
2021-06-25,Kings,031,150075,23260,23118,1093,24211,246
2021-06-25,Lake,033,64148,3607,3571,13,3584,56
2021-06-25,Lassen,035,31185,5281,5259,115,5374,20
2021-06-25,Los Angeles,037,10098052,1213536,1206909,40725,1247634,24483
2021-06-25,Madera,039,155013,16803,16670,935,17605,240
2021-06-25,Marin,041,260295,14216,14179,260,14439,232
2021-06-25,Mariposa,043,17540,441,440,11,451,5
2021-06-25,Mendocino,045,87422,4182,4089,83,4172,49
2021-06-25,Merced,047,269075,31229,31256,1043,32299,467
2021-06-25,Modoc,049,8938,414,411,146,557,3
2021-06-25,Mono,051,14174,1267,1279,18,1297,3
2021-06-25,Monterey,053,433212,43319,43184,1836,45020,462
2021-06-25,Napa,055,140530,10007,10037,35,10072,81
2021-06-25,Nevada,057,99092,4972,4932,192,5124,72
2021-06-25,Orange,059,3164182,256808,255574,11420,266994,5119
2021-06-25,Placer,061,380077,23869,23672,1540,25212,299
2021-06-25,Plumas,063,18699,722,702,11,713,4
2021-06-25,Riverside,065,2383286,295663,291663,13989,305652,4490
2021-06-25,Sacramento,067,1510023,108398,108034,1821,109855,1673
2021-06-25,San Benito,069,59416,6092,6098,113,6211,63
2021-06-25,San Bernardino,071,2135413,294708,293941,8993,302934,4911
2021-06-25,San Diego,073,3302833,283187,282157,15369,297526,3779
2021-06-25,San Francisco,075,870044,37140,37338,1289,38627,559
2021-06-25,San Joaquin,077,732212,74113,73860,3582,77442,1410
2021-06-25,San Luis Obispo,079,281455,21548,21325,748,22073,256
2021-06-25,San Mateo,081,765935,42733,42849,483,43332,537
2021-06-25,Santa Barbara,083,443738,34626,34518,1121,35639,454
2021-06-25,Santa Clara,085,1922200,119502,120272,764,121036,2103
2021-06-25,Santa Cruz,087,273765,16341,16230,799,17029,208
2021-06-25,Shasta,089,179085,12598,12633,1633,14266,202
2021-06-25,Sierra,091,2930,63,58,12,70,0
2021-06-25,Siskiyou,093,43540,1966,1894,362,2256,29
2021-06-25,Solano,095,438530,33535,33449,566,34015,267
2021-06-25,Sonoma,097,501317,30994,31043,360,31403,314
2021-06-25,Stanislaus,099,539301,57134,56973,5954,62927,1018
2021-06-25,Sutter,101,95872,9621,9664,87,9751,114
2021-06-25,Tehama,103,63373,5152,5119,582,5701,63
2021-06-25,Trinity,105,12862,494,338,95,433,3
2021-06-25,Tulare,107,460477,50473,49731,9006,58737,850
2021-06-25,Tuolumne,109,53932,4083,4121,44,4165,64
2021-06-25,Ventura,111,848112,81802,81342,2999,84341,1032
2021-06-25,Yolo,113,214977,14180,14172,265,14437,213
2021-06-25,Yuba,115,75493,6207,6195,129,6324,51
2021-06-24,Alameda,001,1643700,89377,89358,1942,91300,1268
2021-06-24,Alpine,002,1148,88,89,0,89,0
2021-06-24,Amador,005,37829,3752,3745,32,3777,46
2021-06-24,Butte,007,227075,12770,12673,1877,14550,198
2021-06-24,Calaveras,009,45235,2197,2202,13,2215,55
2021-06-24,Colusa,011,21464,1968,1972,319,2291,15
2021-06-24,Contra Costa,013,1133247,71020,70590,1304,71894,813
2021-06-24,Del Norte,015,27424,1464,1421,13,1434,8
2021-06-24,El Dorado,017,186661,10479,10402,775,11177,115
2021-06-24,Fresno,019,978130,103423,103061,8670,111731,1727
2021-06-24,Glenn,021,27897,2449,2439,565,3004,20
2021-06-24,Humboldt,023,135768,4511,4493,43,4536,49
2021-06-24,Imperial,025,180216,28789,28981,2690,31671,740
2021-06-24,Inyo,027,18085,1411,1406,12,1418,35
2021-06-24,Kern,029,883053,97905,97129,11043,108172,1346
2021-06-24,Kings,031,150075,23256,23114,1092,24206,246
2021-06-24,Lake,033,64148,3601,3571,13,3584,56
2021-06-24,Lassen,035,31185,5280,5258,115,5373,20
2021-06-24,Los Angeles,037,10098052,1213211,1206590,40702,1247292,24480
2021-06-24,Madera,039,155013,16792,16662,934,17596,240
2021-06-24,Marin,041,260295,14212,14180,260,14440,232
2021-06-24,Mariposa,043,17540,441,440,11,451,5
2021-06-24,Mendocino,045,87422,4174,4085,83,4168,49
2021-06-24,Merced,047,269075,31219,31248,1042,32290,466
2021-06-24,Modoc,049,8938,414,411,146,557,3
2021-06-24,Mono,051,14174,1267,1276,18,1294,3
2021-06-24,Monterey,053,433212,43312,43180,1836,45016,451
2021-06-24,Napa,055,140530,10005,10036,35,10071,80
2021-06-24,Nevada,057,99092,4970,4927,192,5119,72
2021-06-24,Orange,059,3164182,256744,255520,11412,266932,5117
2021-06-24,Placer,061,380077,23844,23659,1538,25197,299
2021-06-24,Plumas,063,18699,721,702,11,713,4
2021-06-24,Riverside,065,2383286,295582,291067,13978,305045,4473
2021-06-24,Sacramento,067,1510023,108310,107965,1819,109784,1672
2021-06-24,San Benito,069,59416,6089,6098,113,6211,63
2021-06-24,San Bernardino,071,2135413,294637,293895,8987,302882,4898
2021-06-24,San Diego,073,3302833,283083,282053,15356,297409,3778
2021-06-24,San Francisco,075,870044,37118,37320,1287,38607,559
2021-06-24,San Joaquin,077,732212,74065,73814,3582,77396,1408
2021-06-24,San Luis Obispo,079,281455,21542,21326,748,22074,256
2021-06-24,San Mateo,081,765935,42707,42814,482,43296,542
2021-06-24,Santa Barbara,083,443738,34620,34512,1120,35632,454
2021-06-24,Santa Clara,085,1922200,119471,120274,763,121037,2103
2021-06-24,Santa Cruz,087,273765,16340,16227,799,17026,208
2021-06-24,Shasta,089,179085,12593,12629,1629,14258,202
2021-06-24,Sierra,091,2930,63,58,12,70,0
2021-06-24,Siskiyou,093,43540,1966,1892,362,2254,28
2021-06-24,Solano,095,438530,33512,33432,564,33996,267
2021-06-24,Sonoma,097,501317,30965,31020,360,31380,314
2021-06-24,Stanislaus,099,539301,57108,56946,5954,62900,1018
2021-06-24,Sutter,101,95872,9614,9660,87,9747,113
2021-06-24,Tehama,103,63373,5149,5115,582,5697,63
2021-06-24,Trinity,105,12862,493,338,95,433,3
2021-06-24,Tulare,107,460477,50462,49730,9004,58734,850
2021-06-24,Tuolumne,109,53932,4081,4120,44,4164,64
2021-06-24,Ventura,111,848112,81774,81332,2998,84330,1032
2021-06-24,Yolo,113,214977,14171,14169,262,14431,213
2021-06-24,Yuba,115,75493,6202,6195,129,6324,51
2021-06-23,Alameda,001,1643700,89305,89338,1941,91279,1266
2021-06-23,Alpine,002,1148,88,88,0,88,0
2021-06-23,Amador,005,37829,3750,3743,32,3775,46
2021-06-23,Butte,007,227075,12763,12666,1877,14543,198
2021-06-23,Calaveras,009,45235,2196,2199,13,2212,55
2021-06-23,Colusa,011,21464,1967,1972,319,2291,15
2021-06-23,Contra Costa,013,1133247,70955,70526,1303,71829,813
2021-06-23,Del Norte,015,27424,1460,1418,13,1431,8
2021-06-23,El Dorado,017,186661,10469,10395,772,11167,115
2021-06-23,Fresno,019,978130,103394,103020,8668,111688,1724
2021-06-23,Glenn,021,27897,2449,2437,564,3001,20
2021-06-23,Humboldt,023,135768,4502,4490,43,4533,48
2021-06-23,Imperial,025,180216,28782,28908,2690,31598,740
2021-06-23,Inyo,027,18085,1411,1406,12,1418,35
2021-06-23,Kern,029,883053,97877,97078,11030,108108,1345
2021-06-23,Kings,031,150075,23249,23105,1090,24195,245
2021-06-23,Lake,033,64148,3592,3566,13,3579,53
2021-06-23,Lassen,035,31185,5277,5257,115,5372,20
2021-06-23,Los Angeles,037,10098052,1212874,1206358,40692,1247050,24472
2021-06-23,Madera,039,155013,16785,16660,934,17594,240
2021-06-23,Marin,041,260295,14206,14177,260,14437,230
2021-06-23,Mariposa,043,17540,441,439,11,450,5
2021-06-23,Mendocino,045,87422,4170,4078,83,4161,49
2021-06-23,Merced,047,269075,31210,31260,1042,32302,465
2021-06-23,Modoc,049,8938,412,407,146,553,3
2021-06-23,Mono,051,14174,1267,1279,18,1297,3
2021-06-23,Monterey,053,433212,43303,43166,1836,45002,439
2021-06-23,Napa,055,140530,9996,10032,35,10067,80
2021-06-23,Nevada,057,99092,4967,4924,192,5116,72
2021-06-23,Orange,059,3164182,256678,255479,11404,266883,5116
2021-06-23,Placer,061,380077,23815,23630,1533,25163,299
2021-06-23,Plumas,063,18699,720,701,11,712,4
2021-06-23,Riverside,065,2383286,295499,290343,13976,304319,4462
2021-06-23,Sacramento,067,1510023,108217,107868,1814,109682,1671
2021-06-23,San Benito,069,59416,6085,6097,113,6210,63
2021-06-23,San Bernardino,071,2135413,294558,293816,8982,302798,4886
2021-06-23,San Diego,073,3302833,282983,281937,15335,297272,3777
2021-06-23,San Francisco,075,870044,37093,37304,1285,38589,559
2021-06-23,San Joaquin,077,732212,74026,73764,3580,77344,1405
2021-06-23,San Luis Obispo,079,281455,21538,21323,747,22070,257
2021-06-23,San Mateo,081,765935,42691,42756,482,43238,542
2021-06-23,Santa Barbara,083,443738,34610,34505,1120,35625,454
2021-06-23,Santa Clara,085,1922200,119442,120233,763,120996,2098
2021-06-23,Santa Cruz,087,273765,16336,16215,799,17014,209
2021-06-23,Shasta,089,179085,12586,12604,1627,14231,202
2021-06-23,Sierra,091,2930,63,57,12,69,0
2021-06-23,Siskiyou,093,43540,1964,1892,362,2254,28
2021-06-23,Solano,095,438530,33468,33408,564,33972,267
2021-06-23,Sonoma,097,501317,30925,30959,358,31317,314
2021-06-23,Stanislaus,099,539301,57078,56926,5953,62879,1017
2021-06-23,Sutter,101,95872,9608,9653,87,9740,113
2021-06-23,Tehama,103,63373,5149,5119,581,5700,63
2021-06-23,Trinity,105,12862,493,338,95,433,3
2021-06-23,Tulare,107,460477,50455,49711,9001,58712,850
2021-06-23,Tuolumne,109,53932,4078,4120,44,4164,64
2021-06-23,Ventura,111,848112,81751,81312,2995,84307,1032
2021-06-23,Yolo,113,214977,14161,14161,262,14423,212
2021-06-23,Yuba,115,75493,6199,6190,129,6319,51
2021-06-22,Alameda,001,1643700,89238,89308,1941,91249,1263
2021-06-22,Alpine,002,1148,88,88,0,88,0
2021-06-22,Amador,005,37829,3747,3743,32,3775,46
2021-06-22,Butte,007,227075,12759,12662,1874,14536,198
2021-06-22,Calaveras,009,45235,2195,2198,13,2211,55
2021-06-22,Colusa,011,21464,1966,1971,319,2290,15
2021-06-22,Contra Costa,013,1133247,70899,70480,1302,71782,813
2021-06-22,Del Norte,015,27424,1457,1417,13,1430,8
2021-06-22,El Dorado,017,186661,10464,10380,771,11151,113
2021-06-22,Fresno,019,978130,103374,102996,8664,111660,1724
2021-06-22,Glenn,021,27897,2448,2435,562,2997,19
2021-06-22,Humboldt,023,135768,4492,4483,43,4526,42
2021-06-22,Imperial,025,180216,28777,28880,2690,31570,740
2021-06-22,Inyo,027,18085,1411,1405,12,1417,35
2021-06-22,Kern,029,883053,97864,97013,11026,108039,1342
2021-06-22,Kings,031,150075,23241,23098,1089,24187,245
2021-06-22,Lake,033,64148,3590,3564,13,3577,45
2021-06-22,Lassen,035,31185,5272,5254,115,5369,20
2021-06-22,Los Angeles,037,10098052,1212558,1206146,40680,1246826,24461
2021-06-22,Madera,039,155013,16780,16652,934,17586,240
2021-06-22,Marin,041,260295,14204,14174,260,14434,230
2021-06-22,Mariposa,043,17540,441,439,11,450,5
2021-06-22,Mendocino,045,87422,4164,4072,83,4155,49
2021-06-22,Merced,047,269075,31199,31267,1042,32309,464
2021-06-22,Modoc,049,8938,410,405,145,550,3
2021-06-22,Mono,051,14174,1267,1277,18,1295,3
2021-06-22,Monterey,053,433212,43300,43162,1835,44997,427
2021-06-22,Napa,055,140530,9992,10029,35,10064,80
2021-06-22,Nevada,057,99092,4961,4923,192,5115,72
2021-06-22,Orange,059,3164182,256609,255452,11393,266845,5114
2021-06-22,Placer,061,380077,23793,23603,1533,25136,299
2021-06-22,Plumas,063,18699,720,697,11,708,4
2021-06-22,Riverside,065,2383286,295438,289839,13972,303811,4456
2021-06-22,Sacramento,067,1510023,108116,107801,1809,109610,1670
2021-06-22,San Benito,069,59416,6084,6098,113,6211,63
2021-06-22,San Bernardino,071,2135413,294482,293770,8976,302746,4873
2021-06-22,San Diego,073,3302833,282879,281867,15312,297179,3771
2021-06-22,San Francisco,075,870044,37079,37287,1285,38572,556
2021-06-22,San Joaquin,077,732212,73996,73723,3578,77301,1405
2021-06-22,San Luis Obispo,079,281455,21535,21321,746,22067,257
2021-06-22,San Mateo,081,765935,42677,42725,477,43202,542
2021-06-22,Santa Barbara,083,443738,34599,34500,1119,35619,454
2021-06-22,Santa Clara,085,1922200,119410,120194,763,120957,2095
2021-06-22,Santa Cruz,087,273765,16331,16218,799,17017,209
2021-06-22,Shasta,089,179085,12575,12616,1624,14240,202
2021-06-22,Sierra,091,2930,62,57,12,69,0
2021-06-22,Siskiyou,093,43540,1964,1892,362,2254,28
2021-06-22,Solano,095,438530,33450,33397,563,33960,267
2021-06-22,Sonoma,097,501317,30885,30933,358,31291,314
2021-06-22,Stanislaus,099,539301,57062,56915,5951,62866,1017
2021-06-22,Sutter,101,95872,9601,9649,87,9736,113
2021-06-22,Tehama,103,63373,5147,5118,580,5698,63
2021-06-22,Trinity,105,12862,491,337,95,432,3
2021-06-22,Tulare,107,460477,50447,49706,8996,58702,850
2021-06-22,Tuolumne,109,53932,4076,4119,44,4163,64
2021-06-22,Ventura,111,848112,81737,81300,2994,84294,1032
2021-06-22,Yolo,113,214977,14156,14157,260,14417,212
2021-06-22,Yuba,115,75493,6195,6181,129,6310,51
2021-06-21,Alameda,001,1643700,89182,89281,1940,91221,1262
2021-06-21,Alpine,002,1148,88,88,0,88,0
2021-06-21,Amador,005,37829,3741,3742,32,3774,46
2021-06-21,Butte,007,227075,12753,12668,1872,14540,195
2021-06-21,Calaveras,009,45235,2193,2194,13,2207,55
2021-06-21,Colusa,011,21464,1965,1970,318,2288,15
2021-06-21,Contra Costa,013,1133247,70829,70439,1301,71740,813
2021-06-21,Del Norte,015,27424,1453,1416,13,1429,8
2021-06-21,El Dorado,017,186661,10458,10375,770,11145,113
2021-06-21,Fresno,019,978130,103354,102971,8661,111632,1724
2021-06-21,Glenn,021,27897,2447,2433,562,2995,19
2021-06-21,Humboldt,023,135768,4483,4478,42,4520,42
2021-06-21,Imperial,025,180216,28773,28855,2690,31545,740
2021-06-21,Inyo,027,18085,1410,1405,12,1417,35
2021-06-21,Kern,029,883053,97835,96995,11018,108013,1342
2021-06-21,Kings,031,150075,23234,23091,1086,24177,245
2021-06-21,Lake,033,64148,3584,3563,13,3576,45
2021-06-21,Lassen,035,31185,5270,5233,115,5348,19
2021-06-21,Los Angeles,037,10098052,1212264,1205994,40658,1246652,24459
2021-06-21,Madera,039,155013,16771,16647,934,17581,240
2021-06-21,Marin,041,260295,14200,14173,260,14433,230
2021-06-21,Mariposa,043,17540,441,439,11,450,5
2021-06-21,Mendocino,045,87422,4161,4085,83,4168,49
2021-06-21,Merced,047,269075,31189,31264,1041,32305,465
2021-06-21,Modoc,049,8938,410,405,145,550,3
2021-06-21,Mono,051,14174,1267,1277,18,1295,3
2021-06-21,Monterey,053,433212,43297,43157,1835,44992,427
2021-06-21,Napa,055,140530,9987,10028,35,10063,80
2021-06-21,Nevada,057,99092,4957,4921,192,5113,72
2021-06-21,Orange,059,3164182,256536,255400,11386,266786,5113
2021-06-21,Placer,061,380077,23769,23577,1533,25110,298
2021-06-21,Plumas,063,18699,718,697,11,708,4
2021-06-21,Riverside,065,2383286,295362,289797,13967,303764,4456
2021-06-21,Sacramento,067,1510023,108005,107757,1808,109565,1669
2021-06-21,San Benito,069,59416,6080,6098,113,6211,63
2021-06-21,San Bernardino,071,2135413,294395,293736,8972,302708,4850
2021-06-21,San Diego,073,3302833,282774,281811,15292,297103,3771
2021-06-21,San Francisco,075,870044,37063,37275,1284,38559,556
2021-06-21,San Joaquin,077,732212,73955,73687,3577,77264,1405
2021-06-21,San Luis Obispo,079,281455,21526,21316,746,22062,257
2021-06-21,San Mateo,081,765935,42661,42685,476,43161,542
2021-06-21,Santa Barbara,083,443738,34594,34492,1119,35611,455
2021-06-21,Santa Clara,085,1922200,119377,120192,762,120954,2093
2021-06-21,Santa Cruz,087,273765,16329,16212,799,17011,208
2021-06-21,Shasta,089,179085,12562,12617,1621,14238,201
2021-06-21,Sierra,091,2930,62,57,12,69,0
2021-06-21,Siskiyou,093,43540,1964,1892,362,2254,27
2021-06-21,Solano,095,438530,33427,33383,562,33945,266
2021-06-21,Sonoma,097,501317,30862,30912,358,31270,314
2021-06-21,Stanislaus,099,539301,57032,56891,5946,62837,1017
2021-06-21,Sutter,101,95872,9598,9649,87,9736,113
2021-06-21,Tehama,103,63373,5147,5115,579,5694,63
2021-06-21,Trinity,105,12862,491,337,95,432,3
2021-06-21,Tulare,107,460477,50436,49689,8992,58681,849
2021-06-21,Tuolumne,109,53932,4072,4119,44,4163,63
2021-06-21,Ventura,111,848112,81709,81291,2990,84281,1031
2021-06-21,Yolo,113,214977,14150,14165,260,14425,212
2021-06-21,Yuba,115,75493,6194,6172,129,6301,51
2021-06-20,Alameda,001,1643700,89117,89255,1939,91194,1263
2021-06-20,Alpine,002,1148,88,88,0,88,0
2021-06-20,Amador,005,37829,3738,3740,32,3772,46
2021-06-20,Butte,007,227075,12746,12668,1871,14539,194
2021-06-20,Calaveras,009,45235,2192,2193,13,2206,55
2021-06-20,Colusa,011,21464,1965,1970,318,2288,15
2021-06-20,Contra Costa,013,1133247,70772,70401,1299,71700,813
2021-06-20,Del Norte,015,27424,1449,1416,13,1429,8
2021-06-20,El Dorado,017,186661,10444,10372,767,11139,113
2021-06-20,Fresno,019,978130,103313,102947,8658,111605,1724
2021-06-20,Glenn,021,27897,2447,2434,562,2996,19
2021-06-20,Humboldt,023,135768,4477,4472,42,4514,42
2021-06-20,Imperial,025,180216,28764,28855,2690,31545,740
2021-06-20,Inyo,027,18085,1409,1405,12,1417,35
2021-06-20,Kern,029,883053,97814,96985,11007,107992,1342
2021-06-20,Kings,031,150075,23229,23088,1084,24172,245
2021-06-20,Lake,033,64148,3582,3563,13,3576,45
2021-06-20,Lassen,035,31185,5267,5230,115,5345,19
2021-06-20,Los Angeles,037,10098052,1211959,1205874,40650,1246524,24456
2021-06-20,Madera,039,155013,16763,16638,932,17570,240
2021-06-20,Marin,041,260295,14197,14166,260,14426,230
2021-06-20,Mariposa,043,17540,439,439,11,450,5
2021-06-20,Mendocino,045,87422,4154,4080,83,4163,49
2021-06-20,Merced,047,269075,31177,31265,1041,32306,465
2021-06-20,Modoc,049,8938,410,405,145,550,3
2021-06-20,Mono,051,14174,1267,1275,18,1293,3
2021-06-20,Monterey,053,433212,43288,43156,1834,44990,427
2021-06-20,Napa,055,140530,9980,10026,34,10060,80
2021-06-20,Nevada,057,99092,4950,4919,192,5111,72
2021-06-20,Orange,059,3164182,256472,255377,11375,266752,5113
2021-06-20,Placer,061,380077,23735,23562,1529,25091,298
2021-06-20,Plumas,063,18699,717,697,11,708,4
2021-06-20,Riverside,065,2383286,295283,289770,13956,303726,4456
2021-06-20,Sacramento,067,1510023,107893,107700,1805,109505,1669
2021-06-20,San Benito,069,59416,6080,6098,113,6211,63
2021-06-20,San Bernardino,071,2135413,294294,293713,8968,302681,4845
2021-06-20,San Diego,073,3302833,282668,281750,15270,297020,3771
2021-06-20,San Francisco,075,870044,37040,37269,1284,38553,556
2021-06-20,San Joaquin,077,732212,73910,73676,3568,77244,1405
2021-06-20,San Luis Obispo,079,281455,21524,21313,746,22059,257
2021-06-20,San Mateo,081,765935,42632,42681,476,43157,542
2021-06-20,Santa Barbara,083,443738,34585,34487,1119,35606,455
2021-06-20,Santa Clara,085,1922200,119342,120163,762,120925,2093
2021-06-20,Santa Cruz,087,273765,16324,16210,799,17009,208
2021-06-20,Shasta,089,179085,12557,12617,1619,14236,201
2021-06-20,Sierra,091,2930,62,57,12,69,0
2021-06-20,Siskiyou,093,43540,1963,1891,362,2253,27
2021-06-20,Solano,095,438530,33405,33361,560,33921,266
2021-06-20,Sonoma,097,501317,30815,30884,355,31239,314
2021-06-20,Stanislaus,099,539301,56999,56868,5945,62813,1017
2021-06-20,Sutter,101,95872,9595,9645,87,9732,113
2021-06-20,Tehama,103,63373,5143,5115,579,5694,63
2021-06-20,Trinity,105,12862,491,337,95,432,3
2021-06-20,Tulare,107,460477,50427,49685,8990,58675,849
2021-06-20,Tuolumne,109,53932,4069,4117,44,4161,63
2021-06-20,Ventura,111,848112,81693,81282,2988,84270,1031
2021-06-20,Yolo,113,214977,14143,14160,260,14420,212
2021-06-20,Yuba,115,75493,6187,6167,129,6296,51
2021-06-19,Alameda,001,1643700,89082,89202,1939,91141,1263
2021-06-19,Alpine,002,1148,88,88,0,88,0
2021-06-19,Amador,005,37829,3736,3739,32,3771,46
2021-06-19,Butte,007,227075,12742,12659,1871,14530,194
2021-06-19,Calaveras,009,45235,2192,2192,13,2205,55
2021-06-19,Colusa,011,21464,1965,1969,318,2287,15
2021-06-19,Contra Costa,013,1133247,70741,70334,1298,71632,813
2021-06-19,Del Norte,015,27424,1448,1416,13,1429,8
2021-06-19,El Dorado,017,186661,10443,10363,766,11129,113
2021-06-19,Fresno,019,978130,103300,102922,8657,111579,1724
2021-06-19,Glenn,021,27897,2446,2434,561,2995,19
2021-06-19,Humboldt,023,135768,4466,4463,42,4505,42
2021-06-19,Imperial,025,180216,28763,28813,2690,31503,740
2021-06-19,Inyo,027,18085,1409,1405,12,1417,35
2021-06-19,Kern,029,883053,97798,96966,11003,107969,1342
2021-06-19,Kings,031,150075,23226,23086,1084,24170,245
2021-06-19,Lake,033,64148,3578,3563,13,3576,45
2021-06-19,Lassen,035,31185,5266,5225,115,5340,19
2021-06-19,Los Angeles,037,10098052,1211755,1205602,40635,1246237,24454
2021-06-19,Madera,039,155013,16761,16632,932,17564,240
2021-06-19,Marin,041,260295,14189,14152,260,14412,230
2021-06-19,Mariposa,043,17540,439,439,11,450,5
2021-06-19,Mendocino,045,87422,4149,4077,83,4160,49
2021-06-19,Merced,047,269075,31175,31256,1041,32297,465
2021-06-19,Modoc,049,8938,409,402,145,547,3
2021-06-19,Mono,051,14174,1267,1275,18,1293,3
2021-06-19,Monterey,053,433212,43282,43153,1834,44987,427
2021-06-19,Napa,055,140530,9976,10025,34,10059,80
2021-06-19,Nevada,057,99092,4945,4910,192,5102,72
2021-06-19,Orange,059,3164182,256426,255329,11372,266701,5112
2021-06-19,Placer,061,380077,23719,23537,1526,25063,298
2021-06-19,Plumas,063,18699,716,697,11,708,4
2021-06-19,Riverside,065,2383286,295237,289720,13956,303676,4456
2021-06-19,Sacramento,067,1510023,107846,107631,1802,109433,1669
2021-06-19,San Benito,069,59416,6079,6098,113,6211,63
2021-06-19,San Bernardino,071,2135413,294251,293673,8966,302639,4844
2021-06-19,San Diego,073,3302833,282608,281682,15256,296938,3771
2021-06-19,San Francisco,075,870044,37027,37256,1284,38540,556
2021-06-19,San Joaquin,077,732212,73894,73652,3564,77216,1405
2021-06-19,San Luis Obispo,079,281455,21522,21308,744,22052,257
2021-06-19,San Mateo,081,765935,42614,42646,474,43120,542
2021-06-19,Santa Barbara,083,443738,34583,34472,1119,35591,455
2021-06-19,Santa Clara,085,1922200,119319,120110,761,120871,2093
2021-06-19,Santa Cruz,087,273765,16319,16206,799,17005,208
2021-06-19,Shasta,089,179085,12555,12615,1618,14233,201
2021-06-19,Sierra,091,2930,62,57,12,69,0
2021-06-19,Siskiyou,093,43540,1963,1891,362,2253,27
2021-06-19,Solano,095,438530,33395,33341,559,33900,266
2021-06-19,Sonoma,097,501317,30774,30841,355,31196,314
2021-06-19,Stanislaus,099,539301,56980,56847,5942,62789,1017
2021-06-19,Sutter,101,95872,9592,9645,87,9732,113
2021-06-19,Tehama,103,63373,5142,5115,579,5694,63
2021-06-19,Trinity,105,12862,491,337,95,432,3
2021-06-19,Tulare,107,460477,50420,49681,8985,58666,849
2021-06-19,Tuolumne,109,53932,4069,4117,44,4161,63
2021-06-19,Ventura,111,848112,81680,81270,2987,84257,1031
2021-06-19,Yolo,113,214977,14139,14156,259,14415,212
2021-06-19,Yuba,115,75493,6186,6157,129,6286,51
2021-06-18,Alameda,001,1643700,89045,89123,1939,91062,1263
2021-06-18,Alpine,002,1148,88,88,0,88,0
2021-06-18,Amador,005,37829,3736,3739,32,3771,46
2021-06-18,Butte,007,227075,12739,12653,1868,14521,194
2021-06-18,Calaveras,009,45235,2192,2191,13,2204,55
2021-06-18,Colusa,011,21464,1964,1969,318,2287,15
2021-06-18,Contra Costa,013,1133247,70699,70271,1296,71567,813
2021-06-18,Del Norte,015,27424,1448,1415,13,1428,8
2021-06-18,El Dorado,017,186661,10440,10348,764,11112,113
2021-06-18,Fresno,019,978130,103284,102894,8655,111549,1722
2021-06-18,Glenn,021,27897,2445,2430,561,2991,19
2021-06-18,Humboldt,023,135768,4458,4450,42,4492,42
2021-06-18,Imperial,025,180216,28761,28809,2690,31499,740
2021-06-18,Inyo,027,18085,1409,1405,12,1417,35
2021-06-18,Kern,029,883053,97787,96948,10997,107945,1341
2021-06-18,Kings,031,150075,23221,23082,1084,24166,245
2021-06-18,Lake,033,64148,3574,3563,13,3576,45
2021-06-18,Lassen,035,31185,5265,5224,115,5339,19
2021-06-18,Los Angeles,037,10098052,1211588,1205472,40619,1246091,24451
2021-06-18,Madera,039,155013,16755,16625,932,17557,241
2021-06-18,Marin,041,260295,14186,14147,260,14407,230
2021-06-18,Mariposa,043,17540,439,439,11,450,5
2021-06-18,Mendocino,045,87422,4144,4068,83,4151,49
2021-06-18,Merced,047,269075,31173,31262,1041,32303,464
2021-06-18,Modoc,049,8938,409,402,145,547,3
2021-06-18,Mono,051,14174,1266,1275,17,1292,3
2021-06-18,Monterey,053,433212,43279,43148,1834,44982,427
2021-06-18,Napa,055,140530,9972,10021,34,10055,80
2021-06-18,Nevada,057,99092,4937,4903,192,5095,72
2021-06-18,Orange,059,3164182,256389,255274,11369,266643,5108
2021-06-18,Placer,061,380077,23711,23500,1523,25023,298
2021-06-18,Plumas,063,18699,716,697,11,708,4
2021-06-18,Riverside,065,2383286,295188,289676,13955,303631,4457
2021-06-18,Sacramento,067,1510023,107798,107570,1802,109372,1669
2021-06-18,San Benito,069,59416,6078,6097,113,6210,63
2021-06-18,San Bernardino,071,2135413,294207,293629,8962,302591,4826
2021-06-18,San Diego,073,3302833,282532,281608,15245,296853,3771
2021-06-18,San Francisco,075,870044,37018,37246,1284,38530,556
2021-06-18,San Joaquin,077,732212,73876,73623,3562,77185,1403
2021-06-18,San Luis Obispo,079,281455,21518,21301,742,22043,257
2021-06-18,San Mateo,081,765935,42603,42630,473,43103,542
2021-06-18,Santa Barbara,083,443738,34573,34469,1119,35588,455
2021-06-18,Santa Clara,085,1922200,119298,120081,759,120840,2093
2021-06-18,Santa Cruz,087,273765,16315,16202,799,17001,208
2021-06-18,Shasta,089,179085,12551,12607,1616,14223,201
2021-06-18,Sierra,091,2930,61,57,12,69,0
2021-06-18,Siskiyou,093,43540,1963,1890,362,2252,27
2021-06-18,Solano,095,438530,33381,33323,559,33882,266
2021-06-18,Sonoma,097,501317,30756,30816,354,31170,313
2021-06-18,Stanislaus,099,539301,56965,56803,5940,62743,1012
2021-06-18,Sutter,101,95872,9589,9643,87,9730,113
2021-06-18,Tehama,103,63373,5140,5114,579,5693,63
2021-06-18,Trinity,105,12862,491,337,94,431,3
2021-06-18,Tulare,107,460477,50418,49664,8978,58642,849
2021-06-18,Tuolumne,109,53932,4066,4116,44,4160,63
2021-06-18,Ventura,111,848112,81670,81256,2982,84238,1031
2021-06-18,Yolo,113,214977,14136,14148,257,14405,212
2021-06-18,Yuba,115,75493,6180,6150,129,6279,51
2021-06-17,Alameda,001,1643700,88999,89087,1939,91026,1262
2021-06-17,Alpine,002,1148,88,88,0,88,0
2021-06-17,Amador,005,37829,3734,3731,32,3763,46
2021-06-17,Butte,007,227075,12729,12644,1867,14511,194
2021-06-17,Calaveras,009,45235,2191,2189,13,2202,55
2021-06-17,Colusa,011,21464,1963,1969,318,2287,15
2021-06-17,Contra Costa,013,1133247,70660,70190,1292,71482,810
2021-06-17,Del Norte,015,27424,1446,1413,13,1426,8
2021-06-17,El Dorado,017,186661,10430,10341,764,11105,113
2021-06-17,Fresno,019,978130,103258,102867,8651,111518,1722
2021-06-17,Glenn,021,27897,2445,2430,561,2991,19
2021-06-17,Humboldt,023,135768,4449,4438,42,4480,42
2021-06-17,Imperial,025,180216,28753,28801,2690,31491,741
2021-06-17,Inyo,027,18085,1409,1405,12,1417,35
2021-06-17,Kern,029,883053,97772,96840,10991,107831,1340
2021-06-17,Kings,031,150075,23217,23078,1083,24161,245
2021-06-17,Lake,033,64148,3571,3563,9,3572,45
2021-06-17,Lassen,035,31185,5261,5223,115,5338,19
2021-06-17,Los Angeles,037,10098052,1211373,1205301,40592,1245893,24444
2021-06-17,Madera,039,155013,16750,16618,932,17550,241
2021-06-17,Marin,041,260295,14186,14141,260,14401,229
2021-06-17,Mariposa,043,17540,439,439,11,450,5
2021-06-17,Mendocino,045,87422,4137,4054,83,4137,49
2021-06-17,Merced,047,269075,31168,31262,1041,32303,464
2021-06-17,Modoc,049,8938,408,401,145,546,3
2021-06-17,Mono,051,14174,1265,1275,17,1292,3
2021-06-17,Monterey,053,433212,43271,43140,1834,44974,416
2021-06-17,Napa,055,140530,9972,10014,34,10048,80
2021-06-17,Nevada,057,99092,4933,4898,192,5090,72
2021-06-17,Orange,059,3164182,256344,255240,11359,266599,5109
2021-06-17,Placer,061,380077,23695,23461,1521,24982,298
2021-06-17,Plumas,063,18699,715,697,11,708,4
2021-06-17,Riverside,065,2383286,295133,289627,13953,303580,4458
2021-06-17,Sacramento,067,1510023,107734,107492,1800,109292,1666
2021-06-17,San Benito,069,59416,6078,6097,113,6210,63
2021-06-17,San Bernardino,071,2135413,294166,293560,8962,302522,4811
2021-06-17,San Diego,073,3302833,282456,281531,15231,296762,3771
2021-06-17,San Francisco,075,870044,37006,37243,1283,38526,556
2021-06-17,San Joaquin,077,732212,73853,73560,3557,77117,1403
2021-06-17,San Luis Obispo,079,281455,21516,21297,742,22039,257
2021-06-17,San Mateo,081,765935,42597,42615,473,43088,542
2021-06-17,Santa Barbara,083,443738,34567,34466,1119,35585,453
2021-06-17,Santa Clara,085,1922200,119273,120032,758,120790,2093
2021-06-17,Santa Cruz,087,273765,16311,16197,799,16996,208
2021-06-17,Shasta,089,179085,12543,12597,1616,14213,201
2021-06-17,Sierra,091,2930,61,56,12,68,0
2021-06-17,Siskiyou,093,43540,1962,1889,362,2251,27
2021-06-17,Solano,095,438530,33360,33296,558,33854,266
2021-06-17,Sonoma,097,501317,30726,30793,354,31147,323
2021-06-17,Stanislaus,099,539301,56934,56752,5935,62687,1012
2021-06-17,Sutter,101,95872,9586,9629,87,9716,113
2021-06-17,Tehama,103,63373,5139,5112,577,5689,63
2021-06-17,Trinity,105,12862,490,337,94,431,3
2021-06-17,Tulare,107,460477,50413,49649,8970,58619,849
2021-06-17,Tuolumne,109,53932,4065,4116,44,4160,63
2021-06-17,Ventura,111,848112,81661,81248,2979,84227,1030
2021-06-17,Yolo,113,214977,14128,14141,257,14398,212
2021-06-17,Yuba,115,75493,6171,6140,129,6269,51
2021-06-16,Alameda,001,1643700,88950,89045,1938,90983,1265
2021-06-16,Alpine,002,1148,88,88,0,88,0
2021-06-16,Amador,005,37829,3733,3730,32,3762,46
2021-06-16,Butte,007,227075,12727,12635,1865,14500,194
2021-06-16,Calaveras,009,45235,2189,2188,13,2201,55
2021-06-16,Colusa,011,21464,1963,1967,318,2285,15
2021-06-16,Contra Costa,013,1133247,70608,70136,1291,71427,810
2021-06-16,Del Norte,015,27424,1443,1413,13,1426,8
2021-06-16,El Dorado,017,186661,10424,10334,763,11097,113
2021-06-16,Fresno,019,978130,103227,102842,8647,111489,1722
2021-06-16,Glenn,021,27897,2445,2430,561,2991,19
2021-06-16,Humboldt,023,135768,4440,4427,41,4468,42
2021-06-16,Imperial,025,180216,28750,28796,2690,31486,741
2021-06-16,Inyo,027,18085,1408,1405,12,1417,35
2021-06-16,Kern,029,883053,97750,96789,10984,107773,1339
2021-06-16,Kings,031,150075,23216,23072,1082,24154,245
2021-06-16,Lake,033,64148,3571,3562,9,3571,45
2021-06-16,Lassen,035,31185,5258,5216,115,5331,19
2021-06-16,Los Angeles,037,10098052,1211149,1205102,40582,1245684,24439
2021-06-16,Madera,039,155013,16746,16603,932,17535,240
2021-06-16,Marin,041,260295,14184,14137,260,14397,229
2021-06-16,Mariposa,043,17540,439,437,11,448,5
2021-06-16,Mendocino,045,87422,4129,4041,83,4124,49
2021-06-16,Merced,047,269075,31160,31250,1041,32291,463
2021-06-16,Modoc,049,8938,407,383,144,527,3
2021-06-16,Mono,051,14174,1265,1275,17,1292,3
2021-06-16,Monterey,053,433212,43268,43122,1834,44956,416
2021-06-16,Napa,055,140530,9968,10011,34,10045,80
2021-06-16,Nevada,057,99092,4928,4894,192,5086,72
2021-06-16,Orange,059,3164182,256290,255188,11351,266539,5109
2021-06-16,Placer,061,380077,23685,23425,1517,24942,298
2021-06-16,Plumas,063,18699,715,697,11,708,4
2021-06-16,Riverside,065,2383286,295072,289539,13951,303490,4457
2021-06-16,Sacramento,067,1510023,107664,107422,1796,109218,1665
2021-06-16,San Benito,069,59416,6078,6090,113,6203,63
2021-06-16,San Bernardino,071,2135413,294117,293499,8960,302459,4797
2021-06-16,San Diego,073,3302833,282377,281423,15218,296641,3770
2021-06-16,San Francisco,075,870044,36993,37222,1281,38503,555
2021-06-16,San Joaquin,077,732212,73815,73530,3553,77083,1399
2021-06-16,San Luis Obispo,079,281455,21511,21294,742,22036,257
2021-06-16,San Mateo,081,765935,42581,42601,473,43074,542
2021-06-16,Santa Barbara,083,443738,34561,34459,1119,35578,460
2021-06-16,Santa Clara,085,1922200,119241,119982,758,120740,2087
2021-06-16,Santa Cruz,087,273765,16308,16187,799,16986,208
2021-06-16,Shasta,089,179085,12538,12592,1615,14207,200
2021-06-16,Sierra,091,2930,61,56,12,68,0
2021-06-16,Siskiyou,093,43540,1961,1886,362,2248,26
2021-06-16,Solano,095,438530,33332,33276,558,33834,266
2021-06-16,Sonoma,097,501317,30690,30741,354,31095,323
2021-06-16,Stanislaus,099,539301,56903,56738,5933,62671,984
2021-06-16,Sutter,101,95872,9582,9620,87,9707,113
2021-06-16,Tehama,103,63373,5137,5106,577,5683,63
2021-06-16,Trinity,105,12862,489,332,94,426,3
2021-06-16,Tulare,107,460477,50408,49578,8966,58544,849
2021-06-16,Tuolumne,109,53932,4065,4110,44,4154,63
2021-06-16,Ventura,111,848112,81647,81229,2977,84206,1029
2021-06-16,Yolo,113,214977,14119,14135,256,14391,212
2021-06-16,Yuba,115,75493,6161,6134,129,6263,51
2021-06-15,Alameda,001,1643700,88909,89008,1938,90946,1262
2021-06-15,Alpine,002,1148,88,88,0,88,0
2021-06-15,Amador,005,37829,3730,3723,32,3755,46
2021-06-15,Butte,007,227075,12719,12620,1864,14484,194
2021-06-15,Calaveras,009,45235,2188,2188,13,2201,55
2021-06-15,Colusa,011,21464,1963,1967,316,2283,15
2021-06-15,Contra Costa,013,1133247,70546,70101,1291,71392,810
2021-06-15,Del Norte,015,27424,1442,1411,13,1424,8
2021-06-15,El Dorado,017,186661,10415,10330,763,11093,113
2021-06-15,Fresno,019,978130,103195,102828,8646,111474,1722
2021-06-15,Glenn,021,27897,2444,2426,561,2987,19
2021-06-15,Humboldt,023,135768,4431,4414,40,4454,42
2021-06-15,Imperial,025,180216,28744,28789,2690,31479,741
2021-06-15,Inyo,027,18085,1408,1405,12,1417,35
2021-06-15,Kern,029,883053,97722,96782,10976,107758,1338
2021-06-15,Kings,031,150075,23210,23070,1080,24150,245
2021-06-15,Lake,033,64148,3570,3559,9,3568,45
2021-06-15,Lassen,035,31185,5257,5211,115,5326,19
2021-06-15,Los Angeles,037,10098052,1210924,1204926,40574,1245500,24435
2021-06-15,Madera,039,155013,16739,16600,931,17531,240
2021-06-15,Marin,041,260295,14176,14135,260,14395,229
2021-06-15,Mariposa,043,17540,439,437,11,448,5
2021-06-15,Mendocino,045,87422,4122,4034,83,4117,49
2021-06-15,Merced,047,269075,31154,31244,1041,32285,461
2021-06-15,Modoc,049,8938,406,383,144,527,3
2021-06-15,Mono,051,14174,1265,1275,17,1292,3
2021-06-15,Monterey,053,433212,43262,43118,1834,44952,416
2021-06-15,Napa,055,140530,9966,10010,34,10044,80
2021-06-15,Nevada,057,99092,4925,4888,192,5080,72
2021-06-15,Orange,059,3164182,256249,255127,11342,266469,5105
2021-06-15,Placer,061,380077,23663,23396,1516,24912,298
2021-06-15,Plumas,063,18699,714,697,11,708,4
2021-06-15,Riverside,065,2383286,295012,289508,13947,303455,4455
2021-06-15,Sacramento,067,1510023,107589,107370,1790,109160,1662
2021-06-15,San Benito,069,59416,6077,6089,113,6202,63
2021-06-15,San Bernardino,071,2135413,294067,293463,8954,302417,4790
2021-06-15,San Diego,073,3302833,282293,281375,15203,296578,3770
2021-06-15,San Francisco,075,870044,36984,37210,1280,38490,555
2021-06-15,San Joaquin,077,732212,73775,73494,3548,77042,1399
2021-06-15,San Luis Obispo,079,281455,21506,21293,741,22034,257
2021-06-15,San Mateo,081,765935,42568,42593,473,43066,543
2021-06-15,Santa Barbara,083,443738,34556,34451,1119,35570,460
2021-06-15,Santa Clara,085,1922200,119203,119963,758,120721,2086
2021-06-15,Santa Cruz,087,273765,16302,16180,798,16978,208
2021-06-15,Shasta,089,179085,12532,12583,1615,14198,201
2021-06-15,Sierra,091,2930,60,55,12,67,0
2021-06-15,Siskiyou,093,43540,1960,1887,362,2249,26
2021-06-15,Solano,095,438530,33313,33264,558,33822,266
2021-06-15,Sonoma,097,501317,30651,30707,353,31060,323
2021-06-15,Stanislaus,099,539301,56875,56724,5930,62654,979
2021-06-15,Sutter,101,95872,9573,9616,87,9703,113
2021-06-15,Tehama,103,63373,5135,5102,577,5679,63
2021-06-15,Trinity,105,12862,488,332,93,425,3
2021-06-15,Tulare,107,460477,50402,49561,8963,58524,848
2021-06-15,Tuolumne,109,53932,4065,4111,44,4155,63
2021-06-15,Ventura,111,848112,81636,81215,2974,84189,1029
2021-06-15,Yolo,113,214977,14115,14127,254,14381,212
2021-06-15,Yuba,115,75493,6150,6130,129,6259,51
2021-06-14,Alameda,001,1643700,88861,88966,1938,90904,1264
2021-06-14,Alpine,002,1148,88,88,0,88,0
2021-06-14,Amador,005,37829,3729,3722,32,3754,46
2021-06-14,Butte,007,227075,12708,12613,1860,14473,194
2021-06-14,Calaveras,009,45235,2187,2190,13,2203,55
2021-06-14,Colusa,011,21464,1962,1966,316,2282,15
2021-06-14,Contra Costa,013,1133247,70493,70069,1289,71358,810
2021-06-14,Del Norte,015,27424,1442,1411,13,1424,8
2021-06-14,El Dorado,017,186661,10406,10327,761,11088,113
2021-06-14,Fresno,019,978130,103173,102812,8644,111456,1719
2021-06-14,Glenn,021,27897,2444,2426,561,2987,19
2021-06-14,Humboldt,023,135768,4423,4407,39,4446,42
2021-06-14,Imperial,025,180216,28732,28836,2690,31526,741
2021-06-14,Inyo,027,18085,1407,1405,12,1417,35
2021-06-14,Kern,029,883053,97702,96760,10966,107726,1337
2021-06-14,Kings,031,150075,23207,23071,1079,24150,245
2021-06-14,Lake,033,64148,3569,3557,9,3566,45
2021-06-14,Lassen,035,31185,5254,5209,114,5323,19
2021-06-14,Los Angeles,037,10098052,1210682,1204748,40564,1245312,24434
2021-06-14,Madera,039,155013,16733,16597,930,17527,240
2021-06-14,Marin,041,260295,14174,14133,260,14393,229
2021-06-14,Mariposa,043,17540,438,437,11,448,5
2021-06-14,Mendocino,045,87422,4116,4028,83,4111,49
2021-06-14,Merced,047,269075,31145,31241,1040,32281,461
2021-06-14,Modoc,049,8938,397,382,142,524,3
2021-06-14,Mono,051,14174,1265,1275,17,1292,3
2021-06-14,Monterey,053,433212,43259,43110,1834,44944,415
2021-06-14,Napa,055,140530,9962,10000,34,10034,80
2021-06-14,Nevada,057,99092,4918,4885,192,5077,72
2021-06-14,Orange,059,3164182,256211,255069,11338,266407,5103
2021-06-14,Placer,061,380077,23638,23379,1515,24894,298
2021-06-14,Plumas,063,18699,714,696,11,707,4
2021-06-14,Riverside,065,2383286,294957,289476,13947,303423,4453
2021-06-14,Sacramento,067,1510023,107534,107334,1784,109118,1661
2021-06-14,San Benito,069,59416,6077,6087,113,6200,63
2021-06-14,San Bernardino,071,2135413,294011,293446,8950,302396,4790
2021-06-14,San Diego,073,3302833,282187,281314,15183,296497,3770
2021-06-14,San Francisco,075,870044,36970,37206,1280,38486,555
2021-06-14,San Joaquin,077,732212,73746,73453,3548,77001,1398
2021-06-14,San Luis Obispo,079,281455,21504,21302,741,22043,256
2021-06-14,San Mateo,081,765935,42555,42619,472,43091,543
2021-06-14,Santa Barbara,083,443738,34553,34449,1119,35568,460
2021-06-14,Santa Clara,085,1922200,119172,119957,757,120714,2085
2021-06-14,Santa Cruz,087,273765,16299,16175,798,16973,208
2021-06-14,Shasta,089,179085,12521,12561,1612,14173,201
2021-06-14,Sierra,091,2930,59,55,12,67,0
2021-06-14,Siskiyou,093,43540,1960,1886,362,2248,26
2021-06-14,Solano,095,438530,33296,33243,557,33800,266
2021-06-14,Sonoma,097,501317,30619,30679,352,31031,323
2021-06-14,Stanislaus,099,539301,56838,56689,5927,62616,975
2021-06-14,Sutter,101,95872,9570,9607,87,9694,112
2021-06-14,Tehama,103,63373,5133,5102,577,5679,63
2021-06-14,Trinity,105,12862,488,332,93,425,3
2021-06-14,Tulare,107,460477,50397,49538,8960,58498,848
2021-06-14,Tuolumne,109,53932,4062,4108,44,4152,63
2021-06-14,Ventura,111,848112,81626,81209,2974,84183,1028
2021-06-14,Yolo,113,214977,14107,14123,254,14377,212
2021-06-14,Yuba,115,75493,6143,6127,129,6256,50
2021-06-13,Alameda,001,1643700,88803,88947,1937,90884,1264
2021-06-13,Alpine,002,1148,87,88,0,88,0
2021-06-13,Amador,005,37829,3725,3721,32,3753,46
2021-06-13,Butte,007,227075,12697,12586,1857,14443,194
2021-06-13,Calaveras,009,45235,2187,2189,13,2202,55
2021-06-13,Colusa,011,21464,1962,1965,315,2280,15
2021-06-13,Contra Costa,013,1133247,70440,70040,1287,71327,810
2021-06-13,Del Norte,015,27424,1440,1412,13,1425,8
2021-06-13,El Dorado,017,186661,10397,10324,761,11085,113
2021-06-13,Fresno,019,978130,103143,102795,8639,111434,1719
2021-06-13,Glenn,021,27897,2443,2425,559,2984,19
2021-06-13,Humboldt,023,135768,4410,4401,39,4440,42
2021-06-13,Imperial,025,180216,28723,28800,2690,31490,741
2021-06-13,Inyo,027,18085,1407,1405,12,1417,35
2021-06-13,Kern,029,883053,97678,96743,10954,107697,1337
2021-06-13,Kings,031,150075,23202,23069,1078,24147,245
2021-06-13,Lake,033,64148,3569,3556,9,3565,45
2021-06-13,Lassen,035,31185,5249,5209,114,5323,19
2021-06-13,Los Angeles,037,10098052,1210414,1204614,40553,1245167,24433
2021-06-13,Madera,039,155013,16719,16590,930,17520,240
2021-06-13,Marin,041,260295,14168,14126,260,14386,229
2021-06-13,Mariposa,043,17540,438,434,11,445,5
2021-06-13,Mendocino,045,87422,4109,4026,83,4109,49
2021-06-13,Merced,047,269075,31139,31240,1039,32279,461
2021-06-13,Modoc,049,8938,395,382,140,522,3
2021-06-13,Mono,051,14174,1265,1275,17,1292,3
2021-06-13,Monterey,053,433212,43251,43108,1834,44942,415
2021-06-13,Napa,055,140530,9956,9995,34,10029,80
2021-06-13,Nevada,057,99092,4913,4883,192,5075,72
2021-06-13,Orange,059,3164182,256156,255043,11335,266378,5103
2021-06-13,Placer,061,380077,23612,23365,1513,24878,295
2021-06-13,Plumas,063,18699,713,696,11,707,4
2021-06-13,Riverside,065,2383286,294890,289447,13944,303391,4453
2021-06-13,Sacramento,067,1510023,107458,107289,1781,109070,1658
2021-06-13,San Benito,069,59416,6077,6086,113,6199,63
2021-06-13,San Bernardino,071,2135413,293959,293416,8945,302361,4788
2021-06-13,San Diego,073,3302833,282108,281268,15167,296435,3770
2021-06-13,San Francisco,075,870044,36958,37197,1280,38477,555
2021-06-13,San Joaquin,077,732212,73711,73438,3546,76984,1398
2021-06-13,San Luis Obispo,079,281455,21498,21298,740,22038,256
2021-06-13,San Mateo,081,765935,42542,42611,472,43083,542
2021-06-13,Santa Barbara,083,443738,34542,34449,1118,35567,460
2021-06-13,Santa Clara,085,1922200,119148,119946,757,120703,2085
2021-06-13,Santa Cruz,087,273765,16292,16172,798,16970,208
2021-06-13,Shasta,089,179085,12512,12560,1611,14171,201
2021-06-13,Sierra,091,2930,59,55,12,67,0
2021-06-13,Siskiyou,093,43540,1959,1885,362,2247,26
2021-06-13,Solano,095,438530,33275,33234,557,33791,266
2021-06-13,Sonoma,097,501317,30584,30663,350,31013,323
2021-06-13,Stanislaus,099,539301,56812,56671,5924,62595,975
2021-06-13,Sutter,101,95872,9563,9603,87,9690,112
2021-06-13,Tehama,103,63373,5131,5100,577,5677,63
2021-06-13,Trinity,105,12862,487,332,93,425,3
2021-06-13,Tulare,107,460477,50388,49537,8955,58492,848
2021-06-13,Tuolumne,109,53932,4060,4107,43,4150,63
2021-06-13,Ventura,111,848112,81612,81201,2974,84175,1028
2021-06-13,Yolo,113,214977,14098,14120,252,14372,212
2021-06-13,Yuba,115,75493,6136,6125,129,6254,50
2021-06-12,Alameda,001,1643700,88776,88901,1937,90838,1271
2021-06-12,Alpine,002,1148,87,88,0,88,0
2021-06-12,Amador,005,37829,3724,3721,32,3753,46
2021-06-12,Butte,007,227075,12693,12576,1856,14432,194
2021-06-12,Calaveras,009,45235,2187,2189,13,2202,55
2021-06-12,Colusa,011,21464,1962,1965,315,2280,15
2021-06-12,Contra Costa,013,1133247,70409,69989,1285,71274,810
2021-06-12,Del Norte,015,27424,1440,1412,13,1425,8
2021-06-12,El Dorado,017,186661,10392,10320,760,11080,113
2021-06-12,Fresno,019,978130,103133,102783,8638,111421,1720
2021-06-12,Glenn,021,27897,2441,2425,559,2984,19
2021-06-12,Humboldt,023,135768,4402,4396,39,4435,42
2021-06-12,Imperial,025,180216,28720,28799,2690,31489,741
2021-06-12,Inyo,027,18085,1407,1405,12,1417,35
2021-06-12,Kern,029,883053,97663,96731,10950,107681,1337
2021-06-12,Kings,031,150075,23200,23067,1078,24145,245
2021-06-12,Lake,033,64148,3568,3552,9,3561,45
2021-06-12,Lassen,035,31185,5249,5208,114,5322,19
2021-06-12,Los Angeles,037,10098052,1210277,1204439,40547,1244986,24434
2021-06-12,Madera,039,155013,16715,16586,930,17516,240
2021-06-12,Marin,041,260295,14165,14121,260,14381,229
2021-06-12,Mariposa,043,17540,438,434,11,445,5
2021-06-12,Mendocino,045,87422,4106,4024,83,4107,49
2021-06-12,Merced,047,269075,31136,31236,1039,32275,461
2021-06-12,Modoc,049,8938,394,382,140,522,3
2021-06-12,Mono,051,14174,1265,1275,17,1292,3
2021-06-12,Monterey,053,433212,43246,43103,1834,44937,415
2021-06-12,Napa,055,140530,9952,9986,34,10020,80
2021-06-12,Nevada,057,99092,4907,4878,192,5070,72
2021-06-12,Orange,059,3164182,256124,255004,11333,266337,5103
2021-06-12,Placer,061,380077,23593,23345,1513,24858,295
2021-06-12,Plumas,063,18699,713,696,11,707,4
2021-06-12,Riverside,065,2383286,294848,289413,13941,303354,4453
2021-06-12,Sacramento,067,1510023,107399,107199,1778,108977,1658
2021-06-12,San Benito,069,59416,6075,6083,113,6196,63
2021-06-12,San Bernardino,071,2135413,293924,293375,8943,302318,4788
2021-06-12,San Diego,073,3302833,282051,281203,15158,296361,3770
2021-06-12,San Francisco,075,870044,36948,37189,1280,38469,555
2021-06-12,San Joaquin,077,732212,73692,73413,3545,76958,1398
2021-06-12,San Luis Obispo,079,281455,21495,21293,740,22033,256
2021-06-12,San Mateo,081,765935,42536,42604,472,43076,542
2021-06-12,Santa Barbara,083,443738,34537,34450,1118,35568,460
2021-06-12,Santa Clara,085,1922200,119108,119894,757,120651,2085
2021-06-12,Santa Cruz,087,273765,16284,16170,798,16968,208
2021-06-12,Shasta,089,179085,12509,12556,1610,14166,201
2021-06-12,Sierra,091,2930,59,55,12,67,0
2021-06-12,Siskiyou,093,43540,1958,1884,362,2246,25
2021-06-12,Solano,095,438530,33266,33219,557,33776,266
2021-06-12,Sonoma,097,501317,30555,30647,350,30997,323
2021-06-12,Stanislaus,099,539301,56795,56649,5923,62572,974
2021-06-12,Sutter,101,95872,9559,9603,87,9690,112
2021-06-12,Tehama,103,63373,5131,5099,576,5675,63
2021-06-12,Trinity,105,12862,487,332,93,425,3
2021-06-12,Tulare,107,460477,50383,49533,8948,58481,848
2021-06-12,Tuolumne,109,53932,4059,4105,43,4148,63
2021-06-12,Ventura,111,848112,81600,81197,2974,84171,1028
2021-06-12,Yolo,113,214977,14095,14118,251,14369,212
2021-06-12,Yuba,115,75493,6131,6120,129,6249,50
2021-06-11,Alameda,001,1643700,88748,88844,1937,90781,1278
2021-06-11,Alpine,002,1148,87,88,0,88,0
2021-06-11,Amador,005,37829,3723,3710,32,3742,46
2021-06-11,Butte,007,227075,12689,12576,1854,14430,194
2021-06-11,Calaveras,009,45235,2187,2188,13,2201,55
2021-06-11,Colusa,011,21464,1961,1964,315,2279,15
2021-06-11,Contra Costa,013,1133247,70376,69940,1283,71223,808
2021-06-11,Del Norte,015,27424,1440,1409,13,1422,8
2021-06-11,El Dorado,017,186661,10389,10316,760,11076,113
2021-06-11,Fresno,019,978130,103114,102770,8637,111407,1720
2021-06-11,Glenn,021,27897,2441,2425,559,2984,19
2021-06-11,Humboldt,023,135768,4398,4389,39,4428,42
2021-06-11,Imperial,025,180216,28715,28793,2690,31483,741
2021-06-11,Inyo,027,18085,1407,1405,12,1417,35
2021-06-11,Kern,029,883053,97651,96718,10947,107665,1340
2021-06-11,Kings,031,150075,23196,23069,1077,24146,245
2021-06-11,Lake,033,64148,3567,3550,9,3559,45
2021-06-11,Lassen,035,31185,5248,5204,114,5318,18
2021-06-11,Los Angeles,037,10098052,1210127,1204259,40532,1244791,24434
2021-06-11,Madera,039,155013,16712,16582,930,17512,240
2021-06-11,Marin,041,260295,14162,14116,260,14376,229
2021-06-11,Mariposa,043,17540,438,434,11,445,5
2021-06-11,Mendocino,045,87422,4103,4022,83,4105,49
2021-06-11,Merced,047,269075,31131,31231,1039,32270,461
2021-06-11,Modoc,049,8938,394,382,139,521,3
2021-06-11,Mono,051,14174,1265,1274,17,1291,3
2021-06-11,Monterey,053,433212,43242,43097,1834,44931,415
2021-06-11,Napa,055,140530,9949,9977,34,10011,80
2021-06-11,Nevada,057,99092,4905,4873,192,5065,72
2021-06-11,Orange,059,3164182,256090,254975,11330,266305,5101
2021-06-11,Placer,061,380077,23588,23330,1513,24843,294
2021-06-11,Plumas,063,18699,713,696,11,707,4
2021-06-11,Riverside,065,2383286,294810,289376,13936,303312,4451
2021-06-11,Sacramento,067,1510023,107340,107119,1777,108896,1659
2021-06-11,San Benito,069,59416,6074,6082,113,6195,63
2021-06-11,San Bernardino,071,2135413,293888,293335,8939,302274,4788
2021-06-11,San Diego,073,3302833,282011,281144,15151,296295,3768
2021-06-11,San Francisco,075,870044,36943,37177,1280,38457,555
2021-06-11,San Joaquin,077,732212,73675,73347,3542,76889,1397
2021-06-11,San Luis Obispo,079,281455,21494,21288,740,22028,256
2021-06-11,San Mateo,081,765935,42522,42585,472,43057,542
2021-06-11,Santa Barbara,083,443738,34534,34438,1118,35556,460
2021-06-11,Santa Clara,085,1922200,119088,119860,757,120617,2083
2021-06-11,Santa Cruz,087,273765,16276,16164,798,16962,208
2021-06-11,Shasta,089,179085,12501,12550,1608,14158,201
2021-06-11,Sierra,091,2930,59,55,12,67,0
2021-06-11,Siskiyou,093,43540,1957,1882,362,2244,25
2021-06-11,Solano,095,438530,33246,33179,556,33735,266
2021-06-11,Sonoma,097,501317,30537,30624,350,30974,323
2021-06-11,Stanislaus,099,539301,56769,56617,5919,62536,974
2021-06-11,Sutter,101,95872,9556,9600,86,9686,112
2021-06-11,Tehama,103,63373,5130,5099,576,5675,63
2021-06-11,Trinity,105,12862,487,331,93,424,3
2021-06-11,Tulare,107,460477,50377,49516,8947,58463,848
2021-06-11,Tuolumne,109,53932,4056,4104,43,4147,63
2021-06-11,Ventura,111,848112,81590,81189,2974,84163,1026
2021-06-11,Yolo,113,214977,14088,14111,247,14358,212
2021-06-11,Yuba,115,75493,6127,6113,129,6242,50
2021-06-10,Alameda,001,1643700,88704,88806,1936,90742,1275
2021-06-10,Alpine,002,1148,87,88,0,88,0
2021-06-10,Amador,005,37829,3719,3709,32,3741,46
2021-06-10,Butte,007,227075,12672,12565,1854,14419,194
2021-06-10,Calaveras,009,45235,2186,2188,13,2201,55
2021-06-10,Colusa,011,21464,1959,1964,315,2279,15
2021-06-10,Contra Costa,013,1133247,70322,69876,1283,71159,807
2021-06-10,Del Norte,015,27424,1440,1405,13,1418,8
2021-06-10,El Dorado,017,186661,10382,10314,756,11070,113
2021-06-10,Fresno,019,978130,103088,102724,8636,111360,1717
2021-06-10,Glenn,021,27897,2441,2425,559,2984,19
2021-06-10,Humboldt,023,135768,4390,4384,39,4423,42
2021-06-10,Imperial,025,180216,28709,28779,2690,31469,739
2021-06-10,Inyo,027,18085,1407,1405,12,1417,35
2021-06-10,Kern,029,883053,97637,96706,10942,107648,1336
2021-06-10,Kings,031,150075,23195,23067,1077,24144,245
2021-06-10,Lake,033,64148,3562,3550,9,3559,45
2021-06-10,Lassen,035,31185,5246,5201,114,5315,18
2021-06-10,Los Angeles,037,10098052,1209961,1204110,40517,1244627,24440
2021-06-10,Madera,039,155013,16705,16581,929,17510,240
2021-06-10,Marin,041,260295,14159,14118,260,14378,229
2021-06-10,Mariposa,043,17540,436,434,11,445,5
2021-06-10,Mendocino,045,87422,4098,4016,83,4099,48
2021-06-10,Merced,047,269075,31123,31231,1036,32267,461
2021-06-10,Modoc,049,8938,393,381,139,520,3
2021-06-10,Mono,051,14174,1264,1274,17,1291,3
2021-06-10,Monterey,053,433212,43236,43090,1834,44924,415
2021-06-10,Napa,055,140530,9948,9974,34,10008,80
2021-06-10,Nevada,057,99092,4900,4866,192,5058,72
2021-06-10,Orange,059,3164182,256061,254950,11323,266273,5097
2021-06-10,Placer,061,380077,23575,23296,1513,24809,293
2021-06-10,Plumas,063,18699,713,696,11,707,4
2021-06-10,Riverside,065,2383286,294768,289335,13931,303266,4450
2021-06-10,Sacramento,067,1510023,107278,107049,1777,108826,1658
2021-06-10,San Benito,069,59416,6074,6079,113,6192,63
2021-06-10,San Bernardino,071,2135413,293847,293281,8936,302217,4782
2021-06-10,San Diego,073,3302833,281953,281052,15134,296186,3766
2021-06-10,San Francisco,075,870044,36933,37159,1278,38437,552
2021-06-10,San Joaquin,077,732212,73641,73276,3541,76817,1393
2021-06-10,San Luis Obispo,079,281455,21491,21280,740,22020,256
2021-06-10,San Mateo,081,765935,42515,42562,472,43034,666
2021-06-10,Santa Barbara,083,443738,34530,34434,1118,35552,460
2021-06-10,Santa Clara,085,1922200,119053,119832,756,120588,2075
2021-06-10,Santa Cruz,087,273765,16275,16159,798,16957,208
2021-06-10,Shasta,089,179085,12491,12536,1608,14144,201
2021-06-10,Sierra,091,2930,58,55,12,67,0
2021-06-10,Siskiyou,093,43540,1957,1881,362,2243,25
2021-06-10,Solano,095,438530,33229,33150,555,33705,265
2021-06-10,Sonoma,097,501317,30501,30571,348,30919,323
2021-06-10,Stanislaus,099,539301,56748,56588,5915,62503,974
2021-06-10,Sutter,101,95872,9549,9594,86,9680,112
2021-06-10,Tehama,103,63373,5130,5096,576,5672,63
2021-06-10,Trinity,105,12862,487,331,93,424,3
2021-06-10,Tulare,107,460477,50369,49503,8947,58450,848
2021-06-10,Tuolumne,109,53932,4056,4100,43,4143,63
2021-06-10,Ventura,111,848112,81579,81172,2973,84145,1026
2021-06-10,Yolo,113,214977,14085,14107,247,14354,212
2021-06-10,Yuba,115,75493,6123,6112,129,6241,50
2021-06-09,Alameda,001,1643700,88660,88762,1935,90697,1271
2021-06-09,Alpine,002,1148,87,88,0,88,0
2021-06-09,Amador,005,37829,3715,3706,32,3738,46
2021-06-09,Butte,007,227075,12666,12555,1852,14407,194
2021-06-09,Calaveras,009,45235,2184,2184,13,2197,55
2021-06-09,Colusa,011,21464,1959,1962,314,2276,15
2021-06-09,Contra Costa,013,1133247,70285,69829,1282,71111,803
2021-06-09,Del Norte,015,27424,1436,1403,13,1416,8
2021-06-09,El Dorado,017,186661,10379,10312,755,11067,113
2021-06-09,Fresno,019,978130,103068,102690,8632,111322,1717
2021-06-09,Glenn,021,27897,2440,2424,559,2983,19
2021-06-09,Humboldt,023,135768,4385,4379,38,4417,42
2021-06-09,Imperial,025,180216,28706,28754,2690,31444,739
2021-06-09,Inyo,027,18085,1407,1405,12,1417,35
2021-06-09,Kern,029,883053,97623,96697,10933,107630,1328
2021-06-09,Kings,031,150075,23193,23061,1077,24138,245
2021-06-09,Lake,033,64148,3559,3541,9,3550,45
2021-06-09,Lassen,035,31185,5245,5200,114,5314,18
2021-06-09,Los Angeles,037,10098052,1209773,1203955,40504,1244459,24432
2021-06-09,Madera,039,155013,16700,16580,929,17509,240
2021-06-09,Marin,041,260295,14154,14114,260,14374,229
2021-06-09,Mariposa,043,17540,436,434,11,445,5
2021-06-09,Mendocino,045,87422,4092,4008,83,4091,47
2021-06-09,Merced,047,269075,31119,31225,1036,32261,461
2021-06-09,Modoc,049,8938,391,377,138,515,3
2021-06-09,Mono,051,14174,1264,1274,17,1291,3
2021-06-09,Monterey,053,433212,43229,43082,1834,44916,415
2021-06-09,Napa,055,140530,9942,9971,34,10005,80
2021-06-09,Nevada,057,99092,4890,4863,191,5054,72
2021-06-09,Orange,059,3164182,256017,254893,11318,266211,5080
2021-06-09,Placer,061,380077,23556,23237,1513,24750,293
2021-06-09,Plumas,063,18699,712,697,11,708,4
2021-06-09,Riverside,065,2383286,294722,289299,13929,303228,4450
2021-06-09,Sacramento,067,1510023,107215,106971,1774,108745,1657
2021-06-09,San Benito,069,59416,6071,6078,113,6191,63
2021-06-09,San Bernardino,071,2135413,293805,293222,8936,302158,4782
2021-06-09,San Diego,073,3302833,281889,280941,15122,296063,3765
2021-06-09,San Francisco,075,870044,36919,37143,1277,38420,552
2021-06-09,San Joaquin,077,732212,73615,73232,3541,76773,1392
2021-06-09,San Luis Obispo,079,281455,21490,21259,740,21999,256
2021-06-09,San Mateo,081,765935,42499,42502,471,42973,666
2021-06-09,Santa Barbara,083,443738,34519,34422,1118,35540,460
2021-06-09,Santa Clara,085,1922200,119016,119793,755,120548,2068
2021-06-09,Santa Cruz,087,273765,16272,16155,798,16953,208
2021-06-09,Shasta,089,179085,12481,12521,1606,14127,201
2021-06-09,Sierra,091,2930,57,55,12,67,0
2021-06-09,Siskiyou,093,43540,1956,1871,362,2233,25
2021-06-09,Solano,095,438530,33213,33137,554,33691,264
2021-06-09,Sonoma,097,501317,30479,30540,348,30888,323
2021-06-09,Stanislaus,099,539301,56728,56560,5912,62472,974
2021-06-09,Sutter,101,95872,9540,9586,85,9671,111
2021-06-09,Tehama,103,63373,5129,5093,576,5669,63
2021-06-09,Trinity,105,12862,486,331,93,424,3
2021-06-09,Tulare,107,460477,50365,49496,8945,58441,847
2021-06-09,Tuolumne,109,53932,4053,4100,43,4143,63
2021-06-09,Ventura,111,848112,81569,81154,2972,84126,1026
2021-06-09,Yolo,113,214977,14083,14102,246,14348,212
2021-06-09,Yuba,115,75493,6119,6109,129,6238,50
2021-06-08,Alameda,001,1643700,88612,88731,1935,90666,1267
2021-06-08,Alpine,002,1148,87,88,0,88,0
2021-06-08,Amador,005,37829,3714,3704,32,3736,46
2021-06-08,Butte,007,227075,12660,12540,1850,14390,194
2021-06-08,Calaveras,009,45235,2183,2181,13,2194,55
2021-06-08,Colusa,011,21464,1959,1961,314,2275,15
2021-06-08,Contra Costa,013,1133247,70237,69762,1281,71043,803
2021-06-08,Del Norte,015,27424,1434,1402,13,1415,8
2021-06-08,El Dorado,017,186661,10374,10306,753,11059,113
2021-06-08,Fresno,019,978130,103043,102680,8630,111310,1717
2021-06-08,Glenn,021,27897,2439,2423,559,2982,19
2021-06-08,Humboldt,023,135768,4380,4363,38,4401,42
2021-06-08,Imperial,025,180216,28697,28752,2690,31442,738
2021-06-08,Inyo,027,18085,1407,1405,12,1417,35
2021-06-08,Kern,029,883053,97604,96671,10926,107597,1325
2021-06-08,Kings,031,150075,23192,23036,1077,24113,245
2021-06-08,Lake,033,64148,3558,3540,9,3549,45
2021-06-08,Lassen,035,31185,5245,5200,114,5314,18
2021-06-08,Los Angeles,037,10098052,1209575,1203794,40492,1244286,24426
2021-06-08,Madera,039,155013,16694,16579,928,17507,240
2021-06-08,Marin,041,260295,14152,14111,259,14370,229
2021-06-08,Mariposa,043,17540,436,434,11,445,5
2021-06-08,Mendocino,045,87422,4085,4002,83,4085,47
2021-06-08,Merced,047,269075,31111,31225,1036,32261,461
2021-06-08,Modoc,049,8938,385,377,137,514,3
2021-06-08,Mono,051,14174,1264,1274,17,1291,3
2021-06-08,Monterey,053,433212,43223,43078,1833,44911,415
2021-06-08,Napa,055,140530,9938,9962,34,9996,80
2021-06-08,Nevada,057,99092,4885,4861,191,5052,72
2021-06-08,Orange,059,3164182,255975,254852,11311,266163,5078
2021-06-08,Placer,061,380077,23538,23209,1509,24718,293
2021-06-08,Plumas,063,18699,712,692,11,703,4
2021-06-08,Riverside,065,2383286,294686,289268,13921,303189,4452
2021-06-08,Sacramento,067,1510023,107153,106901,1771,108672,1654
2021-06-08,San Benito,069,59416,6069,6076,113,6189,63
2021-06-08,San Bernardino,071,2135413,293756,293186,8932,302118,4778
2021-06-08,San Diego,073,3302833,281826,280879,15113,295992,3764
2021-06-08,San Francisco,075,870044,36904,37134,1276,38410,552
2021-06-08,San Joaquin,077,732212,73571,73186,3536,76722,1390
2021-06-08,San Luis Obispo,079,281455,21484,21251,739,21990,255
2021-06-08,San Mateo,081,765935,42486,42488,471,42959,663
2021-06-08,Santa Barbara,083,443738,34515,34418,1118,35536,459
2021-06-08,Santa Clara,085,1922200,118995,119770,754,120524,2068
2021-06-08,Santa Cruz,087,273765,16269,16160,798,16958,208
2021-06-08,Shasta,089,179085,12466,12498,1606,14104,201
2021-06-08,Sierra,091,2930,57,55,12,67,0
2021-06-08,Siskiyou,093,43540,1954,1870,360,2230,21
2021-06-08,Solano,095,438530,33192,33130,554,33684,259
2021-06-08,Sonoma,097,501317,30453,30523,346,30869,323
2021-06-08,Stanislaus,099,539301,56701,56548,5910,62458,973
2021-06-08,Sutter,101,95872,9537,9581,85,9666,111
2021-06-08,Tehama,103,63373,5126,5093,576,5669,63
2021-06-08,Trinity,105,12862,486,330,92,422,3
2021-06-08,Tulare,107,460477,50354,49485,8941,58426,847
2021-06-08,Tuolumne,109,53932,4049,4099,43,4142,63
2021-06-08,Ventura,111,848112,81553,81142,2971,84113,1026
2021-06-08,Yolo,113,214977,14078,14099,245,14344,212
2021-06-08,Yuba,115,75493,6117,6103,129,6232,50
2021-06-07,Alameda,001,1643700,88555,88688,1935,90623,1267
2021-06-07,Alpine,002,1148,87,88,0,88,0
2021-06-07,Amador,005,37829,3704,3697,32,3729,46
2021-06-07,Butte,007,227075,12653,12533,1849,14382,194
2021-06-07,Calaveras,009,45235,2182,2181,13,2194,55
2021-06-07,Colusa,011,21464,1958,1960,314,2274,15
2021-06-07,Contra Costa,013,1133247,70180,69718,1280,70998,817
2021-06-07,Del Norte,015,27424,1434,1401,13,1414,8
2021-06-07,El Dorado,017,186661,10369,10305,753,11058,113
2021-06-07,Fresno,019,978130,103012,102659,8622,111281,1717
2021-06-07,Glenn,021,27897,2439,2423,559,2982,19
2021-06-07,Humboldt,023,135768,4372,4354,38,4392,42
2021-06-07,Imperial,025,180216,28695,28754,2690,31444,738
2021-06-07,Inyo,027,18085,1407,1404,12,1416,35
2021-06-07,Kern,029,883053,97588,96645,10919,107564,1324
2021-06-07,Kings,031,150075,23188,23023,1077,24100,244
2021-06-07,Lake,033,64148,3556,3540,9,3549,45
2021-06-07,Lassen,035,31185,5240,5198,114,5312,18
2021-06-07,Los Angeles,037,10098052,1209351,1203664,40478,1244142,24413
2021-06-07,Madera,039,155013,16687,16572,928,17500,240
2021-06-07,Marin,041,260295,14148,14108,258,14366,229
2021-06-07,Mariposa,043,17540,436,434,11,445,5
2021-06-07,Mendocino,045,87422,4079,3998,83,4081,47
2021-06-07,Merced,047,269075,31099,31212,1035,32247,459
2021-06-07,Modoc,049,8938,384,375,134,509,3
2021-06-07,Mono,051,14174,1264,1275,17,1292,3
2021-06-07,Monterey,053,433212,43216,43077,1833,44910,415
2021-06-07,Napa,055,140530,9930,9962,34,9996,80
2021-06-07,Nevada,057,99092,4883,4860,191,5051,72
2021-06-07,Orange,059,3164182,255935,254808,11303,266111,5073
2021-06-07,Placer,061,380077,23519,23176,1507,24683,293
2021-06-07,Plumas,063,18699,712,692,11,703,4
2021-06-07,Riverside,065,2383286,294643,289232,13917,303149,4451
2021-06-07,Sacramento,067,1510023,107077,106841,1768,108609,1655
2021-06-07,San Benito,069,59416,6068,6074,113,6187,63
2021-06-07,San Bernardino,071,2135413,293718,293129,8931,302060,4775
2021-06-07,San Diego,073,3302833,281744,280808,15100,295908,3764
2021-06-07,San Francisco,075,870044,36886,37122,1276,38398,552
2021-06-07,San Joaquin,077,732212,73526,73130,3529,76659,1388
2021-06-07,San Luis Obispo,079,281455,21471,21252,739,21991,255
2021-06-07,San Mateo,081,765935,42470,42479,471,42950,664
2021-06-07,Santa Barbara,083,443738,34509,34407,1118,35525,459
2021-06-07,Santa Clara,085,1922200,118963,119743,754,120497,2066
2021-06-07,Santa Cruz,087,273765,16268,16159,798,16957,208
2021-06-07,Shasta,089,179085,12452,12483,1601,14084,200
2021-06-07,Sierra,091,2930,57,55,12,67,0
2021-06-07,Siskiyou,093,43540,1954,1869,360,2229,21
2021-06-07,Solano,095,438530,33170,33124,553,33677,258
2021-06-07,Sonoma,097,501317,30417,30504,345,30849,323
2021-06-07,Stanislaus,099,539301,56668,56521,5908,62429,972
2021-06-07,Sutter,101,95872,9533,9571,85,9656,111
2021-06-07,Tehama,103,63373,5122,5092,574,5666,63
2021-06-07,Trinity,105,12862,486,329,92,421,3
2021-06-07,Tulare,107,460477,50347,49471,8941,58412,847
2021-06-07,Tuolumne,109,53932,4048,4098,43,4141,63
2021-06-07,Ventura,111,848112,81536,81137,2969,84106,1025
2021-06-07,Yolo,113,214977,14073,14097,244,14341,211
2021-06-07,Yuba,115,75493,6115,6099,126,6225,49
2021-06-06,Alameda,001,1643700,88517,88636,1934,90570,1267
2021-06-06,Alpine,002,1148,87,88,0,88,0
2021-06-06,Amador,005,37829,3701,3696,32,3728,46
2021-06-06,Butte,007,227075,12642,12527,1848,14375,194
2021-06-06,Calaveras,009,45235,2181,2181,13,2194,55
2021-06-06,Colusa,011,21464,1956,1959,314,2273,15
2021-06-06,Contra Costa,013,1133247,70115,69659,1278,70937,817
2021-06-06,Del Norte,015,27424,1429,1401,13,1414,8
2021-06-06,El Dorado,017,186661,10362,10294,753,11047,113
2021-06-06,Fresno,019,978130,102979,102642,8619,111261,1717
2021-06-06,Glenn,021,27897,2438,2423,559,2982,19
2021-06-06,Humboldt,023,135768,4361,4353,38,4391,42
2021-06-06,Imperial,025,180216,28689,28762,2690,31452,738
2021-06-06,Inyo,027,18085,1406,1404,12,1416,35
2021-06-06,Kern,029,883053,97570,96623,10912,107535,1324
2021-06-06,Kings,031,150075,23182,23021,1077,24098,244
2021-06-06,Lake,033,64148,3556,3535,9,3544,45
2021-06-06,Lassen,035,31185,5238,5191,114,5305,18
2021-06-06,Los Angeles,037,10098052,1209152,1203539,40464,1244003,24410
2021-06-06,Madera,039,155013,16680,16567,928,17495,240
2021-06-06,Marin,041,260295,14142,14106,257,14363,229
2021-06-06,Mariposa,043,17540,435,435,11,446,5
2021-06-06,Mendocino,045,87422,4075,3993,83,4076,47
2021-06-06,Merced,047,269075,31093,31215,1034,32249,459
2021-06-06,Modoc,049,8938,384,375,133,508,3
2021-06-06,Mono,051,14174,1264,1275,17,1292,3
2021-06-06,Monterey,053,433212,43211,43078,1833,44911,415
2021-06-06,Napa,055,140530,9924,9963,34,9997,80
2021-06-06,Nevada,057,99092,4876,4854,190,5044,72
2021-06-06,Orange,059,3164182,255899,254782,11298,266080,5073
2021-06-06,Placer,061,380077,23494,23156,1504,24660,293
2021-06-06,Plumas,063,18699,712,692,11,703,4
2021-06-06,Riverside,065,2383286,294604,289201,13911,303112,4451
2021-06-06,Sacramento,067,1510023,106991,106749,1767,108516,1655
2021-06-06,San Benito,069,59416,6062,6074,113,6187,63
2021-06-06,San Bernardino,071,2135413,293661,293117,8922,302039,4773
2021-06-06,San Diego,073,3302833,281664,280743,15083,295826,3764
2021-06-06,San Francisco,075,870044,36871,37118,1274,38392,552
2021-06-06,San Joaquin,077,732212,73494,73105,3525,76630,1388
2021-06-06,San Luis Obispo,079,281455,21468,21246,739,21985,255
2021-06-06,San Mateo,081,765935,42453,42457,471,42928,664
2021-06-06,Santa Barbara,083,443738,34505,34403,1117,35520,459
2021-06-06,Santa Clara,085,1922200,118941,119711,754,120465,2066
2021-06-06,Santa Cruz,087,273765,16267,16158,798,16956,208
2021-06-06,Shasta,089,179085,12437,12478,1598,14076,200
2021-06-06,Sierra,091,2930,57,55,12,67,0
2021-06-06,Siskiyou,093,43540,1951,1869,360,2229,21
2021-06-06,Solano,095,438530,33143,33093,553,33646,258
2021-06-06,Sonoma,097,501317,30385,30478,344,30822,323
2021-06-06,Stanislaus,099,539301,56632,56486,5905,62391,972
2021-06-06,Sutter,101,95872,9526,9567,85,9652,111
2021-06-06,Tehama,103,63373,5112,5092,572,5664,63
2021-06-06,Trinity,105,12862,486,328,92,420,3
2021-06-06,Tulare,107,460477,50338,49466,8936,58402,847
2021-06-06,Tuolumne,109,53932,4045,4097,43,4140,63
2021-06-06,Ventura,111,848112,81525,81130,2966,84096,1025
2021-06-06,Yolo,113,214977,14065,14089,243,14332,210
2021-06-06,Yuba,115,75493,6107,6096,126,6222,49
2021-06-05,Alameda,001,1643700,88484,88612,1934,90546,1268
2021-06-05,Alpine,002,1148,87,88,0,88,0
2021-06-05,Amador,005,37829,3701,3694,32,3726,46
2021-06-05,Butte,007,227075,12636,12514,1847,14361,194
2021-06-05,Calaveras,009,45235,2181,2181,13,2194,55
2021-06-05,Colusa,011,21464,1956,1959,314,2273,15
2021-06-05,Contra Costa,013,1133247,70086,69601,1278,70879,817
2021-06-05,Del Norte,015,27424,1429,1400,13,1413,8
2021-06-05,El Dorado,017,186661,10360,10288,752,11040,113
2021-06-05,Fresno,019,978130,102970,102626,8619,111245,1717
2021-06-05,Glenn,021,27897,2437,2423,559,2982,19
2021-06-05,Humboldt,023,135768,4356,4346,38,4384,42
2021-06-05,Imperial,025,180216,28686,28764,2690,31454,738
2021-06-05,Inyo,027,18085,1406,1405,12,1417,35
2021-06-05,Kern,029,883053,97557,96597,10908,107505,1324
2021-06-05,Kings,031,150075,23179,23017,1077,24094,244
2021-06-05,Lake,033,64148,3553,3534,9,3543,45
2021-06-05,Lassen,035,31185,5237,5191,114,5305,18
2021-06-05,Los Angeles,037,10098052,1209023,1203338,40453,1243791,24411
2021-06-05,Madera,039,155013,16676,16563,928,17491,240
2021-06-05,Marin,041,260295,14140,14101,257,14358,229
2021-06-05,Mariposa,043,17540,435,435,11,446,5
2021-06-05,Mendocino,045,87422,4072,3989,83,4072,47
2021-06-05,Merced,047,269075,31091,31212,1033,32245,459
2021-06-05,Modoc,049,8938,384,375,132,507,3
2021-06-05,Mono,051,14174,1264,1274,17,1291,3
2021-06-05,Monterey,053,433212,43207,43071,1832,44903,415
2021-06-05,Napa,055,140530,9919,9960,34,9994,80
2021-06-05,Nevada,057,99092,4874,4849,190,5039,72
2021-06-05,Orange,059,3164182,255875,254752,11295,266047,5069
2021-06-05,Placer,061,380077,23478,23133,1504,24637,293
2021-06-05,Plumas,063,18699,712,692,11,703,4
2021-06-05,Riverside,065,2383286,294569,289157,13907,303064,4451
2021-06-05,Sacramento,067,1510023,106939,106688,1765,108453,1655
2021-06-05,San Benito,069,59416,6060,6074,113,6187,63
2021-06-05,San Bernardino,071,2135413,293628,293081,8921,302002,4772
2021-06-05,San Diego,073,3302833,281623,280676,15070,295746,3764
2021-06-05,San Francisco,075,870044,36862,37111,1274,38385,552
2021-06-05,San Joaquin,077,732212,73478,73078,3519,76597,1388
2021-06-05,San Luis Obispo,079,281455,21465,21236,739,21975,255
2021-06-05,San Mateo,081,765935,42443,42433,471,42904,664
2021-06-05,Santa Barbara,083,443738,34502,34399,1116,35515,459
2021-06-05,Santa Clara,085,1922200,118919,119676,752,120428,2066
2021-06-05,Santa Cruz,087,273765,16267,16154,798,16952,208
2021-06-05,Shasta,089,179085,12427,12472,1597,14069,200
2021-06-05,Sierra,091,2930,57,55,12,67,0
2021-06-05,Siskiyou,093,43540,1951,1867,360,2227,21
2021-06-05,Solano,095,438530,33128,33074,553,33627,257
2021-06-05,Sonoma,097,501317,30358,30450,342,30792,323
2021-06-05,Stanislaus,099,539301,56623,56463,5903,62366,973
2021-06-05,Sutter,101,95872,9523,9559,85,9644,111
2021-06-05,Tehama,103,63373,5111,5092,571,5663,63
2021-06-05,Trinity,105,12862,486,328,92,420,3
2021-06-05,Tulare,107,460477,50332,49463,8936,58399,847
2021-06-05,Tuolumne,109,53932,4043,4098,43,4141,63
2021-06-05,Ventura,111,848112,81516,81119,2964,84083,1025
2021-06-05,Yolo,113,214977,14063,14088,243,14331,210
2021-06-05,Yuba,115,75493,6106,6087,126,6213,49
2021-06-04,Alameda,001,1643700,88457,88585,1931,90516,1263
2021-06-04,Alpine,002,1148,87,88,0,88,0
2021-06-04,Amador,005,37829,3701,3690,32,3722,46
2021-06-04,Butte,007,227075,12625,12494,1844,14338,193
2021-06-04,Calaveras,009,45235,2181,2179,13,2192,55
2021-06-04,Colusa,011,21464,1956,1959,314,2273,15
2021-06-04,Contra Costa,013,1133247,70051,69540,1275,70815,816
2021-06-04,Del Norte,015,27424,1429,1398,13,1411,8
2021-06-04,El Dorado,017,186661,10356,10284,750,11034,112
2021-06-04,Fresno,019,978130,102954,102601,8619,111220,1712
2021-06-04,Glenn,021,27897,2437,2423,558,2981,19
2021-06-04,Humboldt,023,135768,4351,4327,38,4365,42
2021-06-04,Imperial,025,180216,28682,28753,2690,31443,738
2021-06-04,Inyo,027,18085,1406,1404,12,1416,35
2021-06-04,Kern,029,883053,97539,96573,10906,107479,1327
2021-06-04,Kings,031,150075,23178,23002,1077,24079,244
2021-06-04,Lake,033,64148,3551,3528,9,3537,45
2021-06-04,Lassen,035,31185,5237,5180,114,5294,18
2021-06-04,Los Angeles,037,10098052,1208902,1203106,40444,1243550,24400
2021-06-04,Madera,039,155013,16674,16557,928,17485,240
2021-06-04,Marin,041,260295,14139,14099,256,14355,229
2021-06-04,Mariposa,043,17540,435,435,11,446,5
2021-06-04,Mendocino,045,87422,4063,3983,83,4066,47
2021-06-04,Merced,047,269075,31086,31204,1032,32236,459
2021-06-04,Modoc,049,8938,382,375,132,507,3
2021-06-04,Mono,051,14174,1264,1275,17,1292,3
2021-06-04,Monterey,053,433212,43203,43068,1832,44900,415
2021-06-04,Napa,055,140530,9915,9958,34,9992,80
2021-06-04,Nevada,057,99092,4870,4844,190,5034,72
2021-06-04,Orange,059,3164182,255838,254730,11291,266021,5059
2021-06-04,Placer,061,380077,23462,23110,1503,24613,293
2021-06-04,Plumas,063,18699,712,691,11,702,4
2021-06-04,Riverside,065,2383286,294543,289098,13903,303001,4452
2021-06-04,Sacramento,067,1510023,106885,106616,1764,108380,1654
2021-06-04,San Benito,069,59416,6058,6073,113,6186,63
2021-06-04,San Bernardino,071,2135413,293604,293056,8919,301975,4768
2021-06-04,San Diego,073,3302833,281580,280556,15063,295619,3763
2021-06-04,San Francisco,075,870044,36855,37079,1273,38352,551
2021-06-04,San Joaquin,077,732212,73459,73039,3517,76556,1388
2021-06-04,San Luis Obispo,079,281455,21462,21234,738,21972,255
2021-06-04,San Mateo,081,765935,42431,42413,471,42884,478
2021-06-04,Santa Barbara,083,443738,34496,34402,1115,35517,459
2021-06-04,Santa Clara,085,1922200,118889,119619,752,120371,2065
2021-06-04,Santa Cruz,087,273765,16264,16150,798,16948,207
2021-06-04,Shasta,089,179085,12421,12458,1592,14050,200
2021-06-04,Sierra,091,2930,57,55,12,67,0
2021-06-04,Siskiyou,093,43540,1950,1865,360,2225,21
2021-06-04,Solano,095,438530,33117,33058,553,33611,256
2021-06-04,Sonoma,097,501317,30337,30411,342,30753,323
2021-06-04,Stanislaus,099,539301,56608,56442,5901,62343,973
2021-06-04,Sutter,101,95872,9518,9554,85,9639,111
2021-06-04,Tehama,103,63373,5106,5090,571,5661,63
2021-06-04,Trinity,105,12862,486,328,92,420,3
2021-06-04,Tulare,107,460477,50323,49452,8934,58386,847
2021-06-04,Tuolumne,109,53932,4042,4095,43,4138,63
2021-06-04,Ventura,111,848112,81509,81104,2962,84066,1023
2021-06-04,Yolo,113,214977,14061,14083,243,14326,210
2021-06-04,Yuba,115,75493,6103,6084,126,6210,49
2021-06-03,Alameda,001,1643700,88419,88555,1928,90483,1257
2021-06-03,Alpine,002,1148,87,88,0,88,0
2021-06-03,Amador,005,37829,3693,3688,32,3720,46
2021-06-03,Butte,007,227075,12621,12478,1843,14321,193
2021-06-03,Calaveras,009,45235,2181,2179,13,2192,55
2021-06-03,Colusa,011,21464,1956,1957,314,2271,15
2021-06-03,Contra Costa,013,1133247,69997,69500,1270,70770,816
2021-06-03,Del Norte,015,27424,1427,1397,13,1410,8
2021-06-03,El Dorado,017,186661,10350,10284,747,11031,112
2021-06-03,Fresno,019,978130,102937,102566,8619,111185,1709
2021-06-03,Glenn,021,27897,2437,2421,558,2979,19
2021-06-03,Humboldt,023,135768,4343,4314,38,4352,42
2021-06-03,Imperial,025,180216,28671,28737,2690,31427,738
2021-06-03,Inyo,027,18085,1406,1404,12,1416,35
2021-06-03,Kern,029,883053,97512,96507,10892,107399,1326
2021-06-03,Kings,031,150075,23174,22982,1077,24059,244
2021-06-03,Lake,033,64148,3549,3526,9,3535,45
2021-06-03,Lassen,035,31185,5228,5177,114,5291,12
2021-06-03,Los Angeles,037,10098052,1208731,1202923,40436,1243359,24386
2021-06-03,Madera,039,155013,16667,16554,928,17482,240
2021-06-03,Marin,041,260295,14134,14095,256,14351,230
2021-06-03,Mariposa,043,17540,435,435,11,446,5
2021-06-03,Mendocino,045,87422,4056,3978,83,4061,47
2021-06-03,Merced,047,269075,31083,31199,1032,32231,459
2021-06-03,Modoc,049,8938,381,376,131,507,3
2021-06-03,Mono,051,14174,1264,1275,17,1292,3
2021-06-03,Monterey,053,433212,43200,43063,1832,44895,415
2021-06-03,Napa,055,140530,9908,9957,34,9991,81
2021-06-03,Nevada,057,99092,4866,4837,190,5027,72
2021-06-03,Orange,059,3164182,255810,254676,11281,265957,5056
2021-06-03,Placer,061,380077,23453,23100,1502,24602,293
2021-06-03,Plumas,063,18699,712,691,11,702,4
2021-06-03,Riverside,065,2383286,294488,289035,13899,302934,4447
2021-06-03,Sacramento,067,1510023,106806,106526,1762,108288,1654
2021-06-03,San Benito,069,59416,6058,6073,113,6186,63
2021-06-03,San Bernardino,071,2135413,293573,293021,8919,301940,4762
2021-06-03,San Diego,073,3302833,281516,280430,15053,295483,3761
2021-06-03,San Francisco,075,870044,36848,37072,1273,38345,551
2021-06-03,San Joaquin,077,732212,73431,72989,3513,76502,1388
2021-06-03,San Luis Obispo,079,281455,21457,21224,738,21962,255
2021-06-03,San Mateo,081,765935,42418,42396,471,42867,467
2021-06-03,Santa Barbara,083,443738,34493,34391,1115,35506,459
2021-06-03,Santa Clara,085,1922200,118867,119592,750,120342,2058
2021-06-03,Santa Cruz,087,273765,16262,16144,798,16942,207
2021-06-03,Shasta,089,179085,12406,12441,1589,14030,199
2021-06-03,Sierra,091,2930,57,55,12,67,0
2021-06-03,Siskiyou,093,43540,1950,1862,359,2221,21
2021-06-03,Solano,095,438530,33103,33019,553,33572,256
2021-06-03,Sonoma,097,501317,30315,30383,341,30724,322
2021-06-03,Stanislaus,099,539301,56589,56401,5895,62296,973
2021-06-03,Sutter,101,95872,9509,9539,85,9624,111
2021-06-03,Tehama,103,63373,5106,5087,571,5658,63
2021-06-03,Trinity,105,12862,486,328,92,420,3
2021-06-03,Tulare,107,460477,50320,49442,8930,58372,848
2021-06-03,Tuolumne,109,53932,4040,4095,43,4138,63
2021-06-03,Ventura,111,848112,81497,81078,2960,84038,1023
2021-06-03,Yolo,113,214977,14057,14078,241,14319,210
2021-06-03,Yuba,115,75493,6096,6077,126,6203,49
2021-06-02,Alameda,001,1643700,88374,88525,1926,90451,1254
2021-06-02,Alpine,002,1148,87,88,0,88,0
2021-06-02,Amador,005,37829,3691,3687,32,3719,46
2021-06-02,Butte,007,227075,12601,12432,1841,14273,193
2021-06-02,Calaveras,009,45235,2178,2174,13,2187,55
2021-06-02,Colusa,011,21464,1955,1957,314,2271,15
2021-06-02,Contra Costa,013,1133247,69946,69455,1268,70723,814
2021-06-02,Del Norte,015,27424,1425,1395,13,1408,8
2021-06-02,El Dorado,017,186661,10346,10275,747,11022,110
2021-06-02,Fresno,019,978130,102913,102547,8616,111163,1707
2021-06-02,Glenn,021,27897,2437,2421,558,2979,19
2021-06-02,Humboldt,023,135768,4328,4302,38,4340,42
2021-06-02,Imperial,025,180216,28665,28737,2689,31426,738
2021-06-02,Inyo,027,18085,1405,1403,12,1415,35
2021-06-02,Kern,029,883053,97485,96481,10885,107366,1326
2021-06-02,Kings,031,150075,23172,22981,1076,24057,244
2021-06-02,Lake,033,64148,3544,3522,9,3531,45
2021-06-02,Lassen,035,31185,5227,5177,114,5291,6
2021-06-02,Los Angeles,037,10098052,1208527,1202760,40427,1243187,24375
2021-06-02,Madera,039,155013,16659,16550,928,17478,240
2021-06-02,Marin,041,260295,14132,14091,255,14346,229
2021-06-02,Mariposa,043,17540,435,434,11,445,5
2021-06-02,Mendocino,045,87422,4050,3970,83,4053,47
2021-06-02,Merced,047,269075,31070,31195,1031,32226,458
2021-06-02,Modoc,049,8938,380,375,130,505,3
2021-06-02,Mono,051,14174,1264,1275,17,1292,3
2021-06-02,Monterey,053,433212,43198,43056,1832,44888,380
2021-06-02,Napa,055,140530,9907,9953,34,9987,82
2021-06-02,Nevada,057,99092,4863,4833,190,5023,72
2021-06-02,Orange,059,3164182,255761,254637,11274,265911,5055
2021-06-02,Placer,061,380077,23432,23058,1500,24558,293
2021-06-02,Plumas,063,18699,712,690,11,701,4
2021-06-02,Riverside,065,2383286,294430,289012,13889,302901,4445
2021-06-02,Sacramento,067,1510023,106741,106435,1756,108191,1649
2021-06-02,San Benito,069,59416,6057,6073,113,6186,63
2021-06-02,San Bernardino,071,2135413,293525,293004,8914,301918,4760
2021-06-02,San Diego,073,3302833,281436,280347,15032,295379,3760
2021-06-02,San Francisco,075,870044,36828,37050,1272,38322,550
2021-06-02,San Joaquin,077,732212,73400,72893,3510,76403,1387
2021-06-02,San Luis Obispo,079,281455,21450,21214,737,21951,255
2021-06-02,San Mateo,081,765935,42408,42383,470,42853,464
2021-06-02,Santa Barbara,083,443738,34486,34381,1115,35496,456
2021-06-02,Santa Clara,085,1922200,118839,119553,749,120302,2058
2021-06-02,Santa Cruz,087,273765,16259,16144,798,16942,207
2021-06-02,Shasta,089,179085,12388,12426,1584,14010,199
2021-06-02,Sierra,091,2930,57,55,12,67,0
2021-06-02,Siskiyou,093,43540,1950,1861,357,2218,21
2021-06-02,Solano,095,438530,33091,33007,552,33559,256
2021-06-02,Sonoma,097,501317,30296,30359,336,30695,322
2021-06-02,Stanislaus,099,539301,56570,56377,5890,62267,973
2021-06-02,Sutter,101,95872,9506,9533,85,9618,111
2021-06-02,Tehama,103,63373,5103,5081,571,5652,63
2021-06-02,Trinity,105,12862,484,328,92,420,3
2021-06-02,Tulare,107,460477,50312,49434,8926,58360,846
2021-06-02,Tuolumne,109,53932,4039,4095,43,4138,63
2021-06-02,Ventura,111,848112,81472,81033,2960,83993,1020
2021-06-02,Yolo,113,214977,14054,14074,240,14314,210
2021-06-02,Yuba,115,75493,6090,6072,126,6198,48
2021-06-01,Alameda,001,1643700,88339,88472,1924,90396,1253
2021-06-01,Alpine,002,1148,87,88,0,88,0
2021-06-01,Amador,005,37829,3689,3687,32,3719,46
2021-06-01,Butte,007,227075,12587,12427,1840,14267,193
2021-06-01,Calaveras,009,45235,2176,2173,13,2186,55
2021-06-01,Colusa,011,21464,1954,1955,313,2268,15
2021-06-01,Contra Costa,013,1133247,69888,69404,1268,70672,813
2021-06-01,Del Norte,015,27424,1424,1394,13,1407,8
2021-06-01,El Dorado,017,186661,10340,10271,747,11018,110
2021-06-01,Fresno,019,978130,102889,102534,8613,111147,1706
2021-06-01,Glenn,021,27897,2437,2422,558,2980,18
2021-06-01,Humboldt,023,135768,4318,4299,38,4337,42
2021-06-01,Imperial,025,180216,28661,28722,2687,31409,736
2021-06-01,Inyo,027,18085,1405,1403,12,1415,35
2021-06-01,Kern,029,883053,97458,96477,10877,107354,1319
2021-06-01,Kings,031,150075,23168,22977,1076,24053,244
2021-06-01,Lake,033,64148,3543,3523,9,3532,45
2021-06-01,Lassen,035,31185,5220,5172,114,5286,6
2021-06-01,Los Angeles,037,10098052,1208291,1202673,40413,1243086,24367
2021-06-01,Madera,039,155013,16650,16549,927,17476,240
2021-06-01,Marin,041,260295,14130,14081,255,14336,229
2021-06-01,Mariposa,043,17540,435,431,11,442,5
2021-06-01,Mendocino,045,87422,4043,3966,83,4049,47
2021-06-01,Merced,047,269075,31060,31195,1031,32226,456
2021-06-01,Modoc,049,8938,378,375,130,505,3
2021-06-01,Mono,051,14174,1264,1275,17,1292,3
2021-06-01,Monterey,053,433212,43192,43051,1832,44883,379
2021-06-01,Napa,055,140530,9905,9949,34,9983,82
2021-06-01,Nevada,057,99092,4858,4825,190,5015,72
2021-06-01,Orange,059,3164182,255725,254603,11265,265868,5051
2021-06-01,Placer,061,380077,23402,23021,1498,24519,293
2021-06-01,Plumas,063,18699,711,690,11,701,4
2021-06-01,Riverside,065,2383286,294377,288996,13883,302879,4442
2021-06-01,Sacramento,067,1510023,106669,106330,1754,108084,1644
2021-06-01,San Benito,069,59416,6056,6073,112,6185,63
2021-06-01,San Bernardino,071,2135413,293500,292990,8913,301903,4758
2021-06-01,San Diego,073,3302833,281332,280305,15015,295320,3756
2021-06-01,San Francisco,075,870044,36812,37031,1272,38303,550
2021-06-01,San Joaquin,077,732212,73368,72858,3509,76367,1383
2021-06-01,San Luis Obispo,079,281455,21445,21217,737,21954,256
2021-06-01,San Mateo,081,765935,42392,42383,469,42852,462
2021-06-01,Santa Barbara,083,443738,34482,34374,1115,35489,456
2021-06-01,Santa Clara,085,1922200,118811,119528,749,120277,2057
2021-06-01,Santa Cruz,087,273765,16255,16143,797,16940,207
2021-06-01,Shasta,089,179085,12379,12409,1579,13988,199
2021-06-01,Sierra,091,2930,57,55,12,67,0
2021-06-01,Siskiyou,093,43540,1943,1860,356,2216,21
2021-06-01,Solano,095,438530,33066,32974,551,33525,256
2021-06-01,Sonoma,097,501317,30257,30324,335,30659,322
2021-06-01,Stanislaus,099,539301,56553,56348,5888,62236,973
2021-06-01,Sutter,101,95872,9499,9528,85,9613,111
2021-06-01,Tehama,103,63373,5101,5079,571,5650,63
2021-06-01,Trinity,105,12862,483,328,91,419,3
2021-06-01,Tulare,107,460477,50304,49419,8922,58341,845
2021-06-01,Tuolumne,109,53932,4039,4094,43,4137,63
2021-06-01,Ventura,111,848112,81456,81018,2959,83977,1021
2021-06-01,Yolo,113,214977,14048,14067,240,14307,210
2021-06-01,Yuba,115,75493,6086,6067,126,6193,48
2021-05-31,Alameda,001,1643700,88303,88458,1920,90378,1253
2021-05-31,Alpine,002,1148,87,88,0,88,0
2021-05-31,Amador,005,37829,3683,3687,32,3719,46
2021-05-31,Butte,007,227075,12574,12429,1840,14269,193
2021-05-31,Calaveras,009,45235,2175,2171,13,2184,55
2021-05-31,Colusa,011,21464,1954,1956,312,2268,15
2021-05-31,Contra Costa,013,1133247,69851,69390,1267,70657,813
2021-05-31,Del Norte,015,27424,1421,1394,13,1407,8
2021-05-31,El Dorado,017,186661,10334,10271,745,11016,110
2021-05-31,Fresno,019,978130,102852,102507,8613,111120,1706
2021-05-31,Glenn,021,27897,2436,2422,557,2979,18
2021-05-31,Humboldt,023,135768,4306,4295,38,4333,42
2021-05-31,Imperial,025,180216,28655,28732,2684,31416,736
2021-05-31,Inyo,027,18085,1404,1403,12,1415,35
2021-05-31,Kern,029,883053,97422,96457,10868,107325,1319
2021-05-31,Kings,031,150075,23164,22977,1076,24053,244
2021-05-31,Lake,033,64148,3538,3523,9,3532,45
2021-05-31,Lassen,035,31185,5218,5172,113,5285,6
2021-05-31,Los Angeles,037,10098052,1208048,1202567,40404,1242971,24364
2021-05-31,Madera,039,155013,16649,16543,926,17469,240
2021-05-31,Marin,041,260295,14128,14080,255,14335,229
2021-05-31,Mariposa,043,17540,435,430,11,441,5
2021-05-31,Mendocino,045,87422,4033,3961,83,4044,47
2021-05-31,Merced,047,269075,31055,31194,1031,32225,456
2021-05-31,Modoc,049,8938,377,374,130,504,3
2021-05-31,Mono,051,14174,1264,1275,17,1292,3
2021-05-31,Monterey,053,433212,43188,43051,1832,44883,379
2021-05-31,Napa,055,140530,9898,9948,34,9982,82
2021-05-31,Nevada,057,99092,4848,4823,189,5012,72
2021-05-31,Orange,059,3164182,255697,254572,11257,265829,5051
2021-05-31,Placer,061,380077,23375,23019,1494,24513,293
2021-05-31,Plumas,063,18699,710,690,11,701,4
2021-05-31,Riverside,065,2383286,294320,288970,13871,302841,4442
2021-05-31,Sacramento,067,1510023,106572,106278,1749,108027,1644
2021-05-31,San Benito,069,59416,6056,6072,112,6184,63
2021-05-31,San Bernardino,071,2135413,293452,292973,8912,301885,4758
2021-05-31,San Diego,073,3302833,281228,280254,15003,295257,3756
2021-05-31,San Francisco,075,870044,36797,37022,1271,38293,550
2021-05-31,San Joaquin,077,732212,73319,72856,3503,76359,1383
2021-05-31,San Luis Obispo,079,281455,21437,21215,737,21952,256
2021-05-31,San Mateo,081,765935,42376,42389,469,42858,442
2021-05-31,Santa Barbara,083,443738,34469,34369,1113,35482,456
2021-05-31,Santa Clara,085,1922200,118767,119515,749,120264,2057
2021-05-31,Santa Cruz,087,273765,16252,16139,797,16936,207
2021-05-31,Shasta,089,179085,12363,12408,1576,13984,199
2021-05-31,Sierra,091,2930,57,55,12,67,0
2021-05-31,Siskiyou,093,43540,1942,1856,355,2211,21
2021-05-31,Solano,095,438530,33016,32973,551,33524,256
2021-05-31,Sonoma,097,501317,30214,30314,335,30649,322
2021-05-31,Stanislaus,099,539301,56512,56335,5885,62220,973
2021-05-31,Sutter,101,95872,9480,9523,85,9608,111
2021-05-31,Tehama,103,63373,5098,5076,570,5646,63
2021-05-31,Trinity,105,12862,483,328,91,419,3
2021-05-31,Tulare,107,460477,50293,49404,8917,58321,845
2021-05-31,Tuolumne,109,53932,4037,4095,43,4138,63
2021-05-31,Ventura,111,848112,81441,81017,2956,83973,1021
2021-05-31,Yolo,113,214977,14044,14064,240,14304,210
2021-05-31,Yuba,115,75493,6080,6063,123,6186,48
2021-05-30,Alameda,001,1643700,88280,88429,1920,90349,1253
2021-05-30,Alpine,002,1148,87,88,0,88,0
2021-05-30,Amador,005,37829,3679,3685,32,3717,46
2021-05-30,Butte,007,227075,12566,12427,1838,14265,190
2021-05-30,Calaveras,009,45235,2171,2166,13,2179,55
2021-05-30,Colusa,011,21464,1954,1954,312,2266,15
2021-05-30,Contra Costa,013,1133247,69817,69381,1265,70646,813
2021-05-30,Del Norte,015,27424,1420,1393,13,1406,8
2021-05-30,El Dorado,017,186661,10331,10271,745,11016,110
2021-05-30,Fresno,019,978130,102835,102499,8609,111108,1706
2021-05-30,Glenn,021,27897,2436,2422,556,2978,18
2021-05-30,Humboldt,023,135768,4298,4291,38,4329,42
2021-05-30,Imperial,025,180216,28651,28732,2683,31415,736
2021-05-30,Inyo,027,18085,1404,1403,12,1415,35
2021-05-30,Kern,029,883053,97406,96443,10865,107308,1319
2021-05-30,Kings,031,150075,23163,22974,1076,24050,244
2021-05-30,Lake,033,64148,3538,3517,9,3526,45
2021-05-30,Lassen,035,31185,5216,5171,113,5284,6
2021-05-30,Los Angeles,037,10098052,1207933,1202425,40397,1242822,24360
2021-05-30,Madera,039,155013,16645,16538,926,17464,240
2021-05-30,Marin,041,260295,14124,14083,254,14337,229
2021-05-30,Mariposa,043,17540,435,430,11,441,5
2021-05-30,Mendocino,045,87422,4026,3955,83,4038,47
2021-05-30,Merced,047,269075,31051,31189,1030,32219,456
2021-05-30,Modoc,049,8938,377,374,130,504,3
2021-05-30,Mono,051,14174,1264,1275,17,1292,3
2021-05-30,Monterey,053,433212,43185,43049,1832,44881,379
2021-05-30,Napa,055,140530,9897,9948,34,9982,82
2021-05-30,Nevada,057,99092,4842,4818,189,5007,72
2021-05-30,Orange,059,3164182,255674,254559,11256,265815,5051
2021-05-30,Placer,061,380077,23369,23016,1494,24510,293
2021-05-30,Plumas,063,18699,708,690,11,701,4
2021-05-30,Riverside,065,2383286,294299,288961,13869,302830,4442
2021-05-30,Sacramento,067,1510023,106527,106252,1747,107999,1644
2021-05-30,San Benito,069,59416,6056,6072,112,6184,63
2021-05-30,San Bernardino,071,2135413,293426,292981,8911,301892,4758
2021-05-30,San Diego,073,3302833,281172,280209,14998,295207,3756
2021-05-30,San Francisco,075,870044,36778,37016,1271,38287,550
2021-05-30,San Joaquin,077,732212,73302,72853,3502,76355,1383
2021-05-30,San Luis Obispo,079,281455,21428,21211,736,21947,256
2021-05-30,San Mateo,081,765935,42368,42386,469,42855,439
2021-05-30,Santa Barbara,083,443738,34465,34369,1113,35482,456
2021-05-30,Santa Clara,085,1922200,118745,119510,745,120255,2057
2021-05-30,Santa Cruz,087,273765,16250,16140,797,16937,207
2021-05-30,Shasta,089,179085,12361,12408,1573,13981,199
2021-05-30,Sierra,091,2930,57,55,12,67,0
2021-05-30,Siskiyou,093,43540,1942,1856,355,2211,21
2021-05-30,Solano,095,438530,33005,32952,550,33502,256
2021-05-30,Sonoma,097,501317,30197,30310,334,30644,322
2021-05-30,Stanislaus,099,539301,56501,56323,5884,62207,973
2021-05-30,Sutter,101,95872,9479,9519,84,9603,111
2021-05-30,Tehama,103,63373,5098,5073,570,5643,63
2021-05-30,Trinity,105,12862,483,328,91,419,3
2021-05-30,Tulare,107,460477,50286,49397,8909,58306,845
2021-05-30,Tuolumne,109,53932,4037,4094,43,4137,63
2021-05-30,Ventura,111,848112,81437,81012,2955,83967,1021
2021-05-30,Yolo,113,214977,14039,14059,239,14298,210
2021-05-30,Yuba,115,75493,6073,6063,122,6185,48
2021-05-29,Alameda,001,1643700,88257,88433,1918,90351,1253
2021-05-29,Alpine,002,1148,87,88,0,88,0
2021-05-29,Amador,005,37829,3678,3683,32,3715,46
2021-05-29,Butte,007,227075,12560,12425,1838,14263,190
2021-05-29,Calaveras,009,45235,2170,2166,13,2179,55
2021-05-29,Colusa,011,21464,1951,1954,312,2266,15
2021-05-29,Contra Costa,013,1133247,69784,69351,1265,70616,813
2021-05-29,Del Norte,015,27424,1420,1391,13,1404,8
2021-05-29,El Dorado,017,186661,10330,10269,743,11012,110
2021-05-29,Fresno,019,978130,102823,102470,8606,111076,1706
2021-05-29,Glenn,021,27897,2436,2422,555,2977,18
2021-05-29,Humboldt,023,135768,4292,4283,38,4321,42
2021-05-29,Imperial,025,180216,28648,28729,2682,31411,736
2021-05-29,Inyo,027,18085,1404,1404,12,1416,35
2021-05-29,Kern,029,883053,97395,96424,10852,107276,1319
2021-05-29,Kings,031,150075,23162,22970,1075,24045,244
2021-05-29,Lake,033,64148,3538,3515,9,3524,45
2021-05-29,Lassen,035,31185,5216,5171,113,5284,6
2021-05-29,Los Angeles,037,10098052,1207811,1202264,40394,1242658,24359
2021-05-29,Madera,039,155013,16643,16535,926,17461,240
2021-05-29,Marin,041,260295,14120,14071,253,14324,229
2021-05-29,Mariposa,043,17540,434,428,11,439,5
2021-05-29,Mendocino,045,87422,4020,3952,83,4035,47
2021-05-29,Merced,047,269075,31039,31187,1030,32217,456
2021-05-29,Modoc,049,8938,377,374,130,504,3
2021-05-29,Mono,051,14174,1264,1275,17,1292,3
2021-05-29,Monterey,053,433212,43183,43042,1832,44874,379
2021-05-29,Napa,055,140530,9894,9948,34,9982,82
2021-05-29,Nevada,057,99092,4841,4816,189,5005,72
2021-05-29,Orange,059,3164182,255652,254537,11246,265783,5049
2021-05-29,Placer,061,380077,23354,23009,1493,24502,293
2021-05-29,Plumas,063,18699,708,689,11,700,4
2021-05-29,Riverside,065,2383286,294279,288908,13868,302776,4442
2021-05-29,Sacramento,067,1510023,106497,106218,1746,107964,1643
2021-05-29,San Benito,069,59416,6055,6072,112,6184,63
2021-05-29,San Bernardino,071,2135413,293393,292961,8910,301871,4757
2021-05-29,San Diego,073,3302833,281113,280151,14993,295144,3756
2021-05-29,San Francisco,075,870044,36769,37008,1271,38279,550
2021-05-29,San Joaquin,077,732212,73286,72827,3500,76327,1383
2021-05-29,San Luis Obispo,079,281455,21426,21201,736,21937,256
2021-05-29,San Mateo,081,765935,42360,42375,468,42843,439
2021-05-29,Santa Barbara,083,443738,34461,34367,1113,35480,456
2021-05-29,Santa Clara,085,1922200,118721,119498,744,120242,2056
2021-05-29,Santa Cruz,087,273765,16249,16137,797,16934,207
2021-05-29,Shasta,089,179085,12353,12401,1572,13973,199
2021-05-29,Sierra,091,2930,57,55,12,67,0
2021-05-29,Siskiyou,093,43540,1937,1856,355,2211,21
2021-05-29,Solano,095,438530,32996,32917,550,33467,256
2021-05-29,Sonoma,097,501317,30174,30298,333,30631,322
2021-05-29,Stanislaus,099,539301,56483,56305,5882,62187,974
2021-05-29,Sutter,101,95872,9475,9516,84,9600,111
2021-05-29,Tehama,103,63373,5097,5070,570,5640,63
2021-05-29,Trinity,105,12862,483,328,91,419,3
2021-05-29,Tulare,107,460477,50276,49392,8905,58297,845
2021-05-29,Tuolumne,109,53932,4037,4093,43,4136,63
2021-05-29,Ventura,111,848112,81429,81008,2955,83963,1021
2021-05-29,Yolo,113,214977,14038,14055,239,14294,210
2021-05-29,Yuba,115,75493,6073,6059,122,6181,48
2021-05-28,Alameda,001,1643700,88233,88391,1914,90305,1261
2021-05-28,Alpine,002,1148,87,88,0,88,0
2021-05-28,Amador,005,37829,3678,3680,32,3712,46
2021-05-28,Butte,007,227075,12557,12407,1837,14244,190
2021-05-28,Calaveras,009,45235,2169,2165,13,2178,55
2021-05-28,Colusa,011,21464,1951,1954,310,2264,15
2021-05-28,Contra Costa,013,1133247,69748,69290,1264,70554,813
2021-05-28,Del Norte,015,27424,1419,1390,13,1403,8
2021-05-28,El Dorado,017,186661,10327,10265,743,11008,110
2021-05-28,Fresno,019,978130,102808,102437,8606,111043,1705
2021-05-28,Glenn,021,27897,2436,2419,555,2974,18
2021-05-28,Humboldt,023,135768,4285,4265,38,4303,42
2021-05-28,Imperial,025,180216,28645,28722,2682,31404,736
2021-05-28,Inyo,027,18085,1404,1404,12,1416,35
2021-05-28,Kern,029,883053,97378,96396,10844,107240,1320
2021-05-28,Kings,031,150075,23160,22962,1075,24037,244
2021-05-28,Lake,033,64148,3536,3515,9,3524,45
2021-05-28,Lassen,035,31185,5216,5169,113,5282,6
2021-05-28,Los Angeles,037,10098052,1207700,1202103,40384,1242487,24357
2021-05-28,Madera,039,155013,16641,16530,926,17456,240
2021-05-28,Marin,041,260295,14119,14063,252,14315,229
2021-05-28,Mariposa,043,17540,434,428,11,439,5
2021-05-28,Mendocino,045,87422,4015,3947,83,4030,47
2021-05-28,Merced,047,269075,31036,31176,1030,32206,455
2021-05-28,Modoc,049,8938,377,374,130,504,3
2021-05-28,Mono,051,14174,1264,1274,17,1291,3
2021-05-28,Monterey,053,433212,43182,43036,1832,44868,379
2021-05-28,Napa,055,140530,9894,9941,34,9975,82
2021-05-28,Nevada,057,99092,4839,4813,189,5002,71
2021-05-28,Orange,059,3164182,255632,254494,11244,265738,5047
2021-05-28,Placer,061,380077,23344,22987,1491,24478,293
2021-05-28,Plumas,063,18699,706,688,11,699,4
2021-05-28,Riverside,065,2383286,294257,288872,13866,302738,4442
2021-05-28,Sacramento,067,1510023,106441,106131,1744,107875,1642
2021-05-28,San Benito,069,59416,6055,6074,112,6186,63
2021-05-28,San Bernardino,071,2135413,293370,292905,8910,301815,4757
2021-05-28,San Diego,073,3302833,281050,280043,14982,295025,3756
2021-05-28,San Francisco,075,870044,36763,36987,1271,38258,546
2021-05-28,San Joaquin,077,732212,73256,72793,3498,76291,1383
2021-05-28,San Luis Obispo,079,281455,21421,21190,734,21924,256
2021-05-28,San Mateo,081,765935,42354,42364,468,42832,439
2021-05-28,Santa Barbara,083,443738,34460,34371,1113,35484,455
2021-05-28,Santa Clara,085,1922200,118697,119462,744,120206,2056
2021-05-28,Santa Cruz,087,273765,16248,16129,797,16926,207
2021-05-28,Shasta,089,179085,12344,12383,1570,13953,198
2021-05-28,Sierra,091,2930,57,54,12,66,0
2021-05-28,Siskiyou,093,43540,1935,1850,355,2205,19
2021-05-28,Solano,095,438530,32981,32892,550,33442,256
2021-05-28,Sonoma,097,501317,30155,30270,333,30603,321
2021-05-28,Stanislaus,099,539301,56464,56278,5879,62157,974
2021-05-28,Sutter,101,95872,9471,9511,84,9595,111
2021-05-28,Tehama,103,63373,5091,5064,570,5634,63
2021-05-28,Trinity,105,12862,483,328,91,419,3
2021-05-28,Tulare,107,460477,50271,49375,8896,58271,846
2021-05-28,Tuolumne,109,53932,4037,4090,43,4133,63
2021-05-28,Ventura,111,848112,81418,80985,2954,83939,1021
2021-05-28,Yolo,113,214977,14035,14050,238,14288,210
2021-05-28,Yuba,115,75493,6071,6050,121,6171,48
2021-05-27,Alameda,001,1643700,88198,88342,1914,90256,1274
2021-05-27,Alpine,002,1148,87,88,0,88,0
2021-05-27,Amador,005,37829,3675,3680,32,3712,46
2021-05-27,Butte,007,227075,12552,12401,1836,14237,190
2021-05-27,Calaveras,009,45235,2168,2163,13,2176,55
2021-05-27,Colusa,011,21464,1948,1952,310,2262,15
2021-05-27,Contra Costa,013,1133247,69706,69245,1262,70507,813
2021-05-27,Del Norte,015,27424,1419,1388,13,1401,8
2021-05-27,El Dorado,017,186661,10326,10248,743,10991,112
2021-05-27,Fresno,019,978130,102792,102413,8603,111016,1704
2021-05-27,Glenn,021,27897,2436,2415,555,2970,18
2021-05-27,Humboldt,023,135768,4277,4260,38,4298,42
2021-05-27,Imperial,025,180216,28634,28728,2682,31410,736
2021-05-27,Inyo,027,18085,1404,1404,12,1416,35
2021-05-27,Kern,029,883053,97362,96364,10836,107200,1322
2021-05-27,Kings,031,150075,23157,22953,1075,24028,245
2021-05-27,Lake,033,64148,3531,3509,9,3518,45
2021-05-27,Lassen,035,31185,5215,5170,112,5282,6
2021-05-27,Los Angeles,037,10098052,1207530,1201927,40371,1242298,24348
2021-05-27,Madera,039,155013,16632,16527,926,17453,240
2021-05-27,Marin,041,260295,14115,14061,252,14313,229
2021-05-27,Mariposa,043,17540,432,427,11,438,5
2021-05-27,Mendocino,045,87422,4009,3945,83,4028,47
2021-05-27,Merced,047,269075,31024,31161,1030,32191,455
2021-05-27,Modoc,049,8938,376,374,130,504,3
2021-05-27,Mono,051,14174,1264,1276,17,1293,3
2021-05-27,Monterey,053,433212,43176,43032,1832,44864,379
2021-05-27,Napa,055,140530,9893,9934,34,9968,82
2021-05-27,Nevada,057,99092,4835,4807,187,4994,71
2021-05-27,Orange,059,3164182,255595,254438,11240,265678,5059
2021-05-27,Placer,061,380077,23335,22966,1491,24457,293
2021-05-27,Plumas,063,18699,706,687,11,698,4
2021-05-27,Riverside,065,2383286,294221,288835,13861,302696,4443
2021-05-27,Sacramento,067,1510023,106366,106015,1742,107757,1642
2021-05-27,San Benito,069,59416,6054,6074,112,6186,63
2021-05-27,San Bernardino,071,2135413,293334,292755,8908,301663,4756
2021-05-27,San Diego,073,3302833,280976,279960,14968,294928,3756
2021-05-27,San Francisco,075,870044,36757,36980,1268,38248,546
2021-05-27,San Joaquin,077,732212,73224,72714,3495,76209,1388
2021-05-27,San Luis Obispo,079,281455,21416,21171,734,21905,256
2021-05-27,San Mateo,081,765935,42345,42345,468,42813,436
2021-05-27,Santa Barbara,083,443738,34455,34355,1113,35468,456
2021-05-27,Santa Clara,085,1922200,118676,119452,744,120196,2053
2021-05-27,Santa Cruz,087,273765,16246,16134,797,16931,207
2021-05-27,Shasta,089,179085,12334,12380,1570,13950,202
2021-05-27,Sierra,091,2930,57,54,12,66,0
2021-05-27,Siskiyou,093,43540,1932,1846,355,2201,18
2021-05-27,Solano,095,438530,32940,32855,549,33404,257
2021-05-27,Sonoma,097,501317,30128,30253,329,30582,321
2021-05-27,Stanislaus,099,539301,56439,56207,5878,62085,974
2021-05-27,Sutter,101,95872,9467,9501,84,9585,111
2021-05-27,Tehama,103,63373,5088,5064,569,5633,63
2021-05-27,Trinity,105,12862,483,328,91,419,3
2021-05-27,Tulare,107,460477,50257,49366,8887,58253,840
2021-05-27,Tuolumne,109,53932,4036,4090,43,4133,66
2021-05-27,Ventura,111,848112,81405,80965,2951,83916,1023
2021-05-27,Yolo,113,214977,14032,14036,238,14274,213
2021-05-27,Yuba,115,75493,6066,6040,120,6160,48
2021-05-26,Alameda,001,1643700,88169,88297,1914,90211,1266
2021-05-26,Alpine,002,1148,87,88,0,88,0
2021-05-26,Amador,005,37829,3675,3679,32,3711,46
2021-05-26,Butte,007,227075,12543,12332,1835,14167,190
2021-05-26,Calaveras,009,45235,2167,2154,13,2167,55
2021-05-26,Colusa,011,21464,1947,1952,310,2262,15
2021-05-26,Contra Costa,013,1133247,69669,69210,1262,70472,812
2021-05-26,Del Norte,015,27424,1419,1386,12,1398,8
2021-05-26,El Dorado,017,186661,10322,10242,742,10984,112
2021-05-26,Fresno,019,978130,102759,102374,8598,110972,1702
2021-05-26,Glenn,021,27897,2435,2415,555,2970,18
2021-05-26,Humboldt,023,135768,4272,4246,38,4284,42
2021-05-26,Imperial,025,180216,28629,28712,2680,31392,734
2021-05-26,Inyo,027,18085,1404,1403,12,1415,36
2021-05-26,Kern,029,883053,97337,96343,10829,107172,1320
2021-05-26,Kings,031,150075,23153,22950,1074,24024,245
2021-05-26,Lake,033,64148,3530,3508,9,3517,45
2021-05-26,Lassen,035,31185,5214,5164,112,5276,6
2021-05-26,Los Angeles,037,10098052,1207362,1198100,40355,1238455,24221
2021-05-26,Madera,039,155013,16629,16520,926,17446,240
2021-05-26,Marin,041,260295,14112,14061,251,14312,227
2021-05-26,Mariposa,043,17540,432,427,11,438,5
2021-05-26,Mendocino,045,87422,4003,3938,83,4021,47
2021-05-26,Merced,047,269075,31015,31139,1030,32169,455
2021-05-26,Modoc,049,8938,376,371,129,500,3
2021-05-26,Mono,051,14174,1264,1274,17,1291,3
2021-05-26,Monterey,053,433212,43170,43018,1831,44849,379
2021-05-26,Napa,055,140530,9886,9932,32,9964,82
2021-05-26,Nevada,057,99092,4830,4803,187,4990,70
2021-05-26,Orange,059,3164182,255559,254368,11237,265605,5058
2021-05-26,Placer,061,380077,23311,22940,1491,24431,293
2021-05-26,Plumas,063,18699,705,685,11,696,4
2021-05-26,Riverside,065,2383286,294175,288782,13854,302636,4443
2021-05-26,Sacramento,067,1510023,106280,105919,1738,107657,1637
2021-05-26,San Benito,069,59416,6054,6074,112,6186,63
2021-05-26,San Bernardino,071,2135413,293299,292662,8907,301569,4755
2021-05-26,San Diego,073,3302833,280901,279859,14958,294817,3755
2021-05-26,San Francisco,075,870044,36745,36954,1268,38222,546
2021-05-26,San Joaquin,077,732212,73182,72681,3492,76173,1388
2021-05-26,San Luis Obispo,079,281455,21410,21163,734,21897,256
2021-05-26,San Mateo,081,765935,42336,42331,468,42799,436
2021-05-26,Santa Barbara,083,443738,34446,34348,1113,35461,459
2021-05-26,Santa Clara,085,1922200,118649,119421,743,120164,2031
2021-05-26,Santa Cruz,087,273765,16245,16139,797,16936,207
2021-05-26,Shasta,089,179085,12319,12357,1567,13924,202
2021-05-26,Sierra,091,2930,57,54,12,66,0
2021-05-26,Siskiyou,093,43540,1930,1847,353,2200,18
2021-05-26,Solano,095,438530,32904,32831,549,33380,257
2021-05-26,Sonoma,097,501317,30101,30230,329,30559,321
2021-05-26,Stanislaus,099,539301,56417,56193,5876,62069,974
2021-05-26,Sutter,101,95872,9462,9495,84,9579,112
2021-05-26,Tehama,103,63373,5087,5054,566,5620,63
2021-05-26,Trinity,105,12862,483,328,91,419,3
2021-05-26,Tulare,107,460477,50250,49352,8883,58235,839
2021-05-26,Tuolumne,109,53932,4032,4088,42,4130,66
2021-05-26,Ventura,111,848112,81382,80944,2949,83893,1023
2021-05-26,Yolo,113,214977,14029,14025,238,14263,213
2021-05-26,Yuba,115,75493,6061,6036,120,6156,49
2021-05-25,Alameda,001,1643700,88138,88237,1914,90151,1263
2021-05-25,Alpine,002,1148,87,88,0,88,0
2021-05-25,Amador,005,37829,3670,3676,32,3708,46
2021-05-25,Butte,007,227075,12532,12295,1834,14129,189
2021-05-25,Calaveras,009,45235,2165,2148,13,2161,55
2021-05-25,Colusa,011,21464,1946,1949,310,2259,15
2021-05-25,Contra Costa,013,1133247,69617,69167,1257,70424,809
2021-05-25,Del Norte,015,27424,1419,1385,12,1397,8
2021-05-25,El Dorado,017,186661,10315,10240,741,10981,112
2021-05-25,Fresno,019,978130,102738,102329,8597,110926,1701
2021-05-25,Glenn,021,27897,2434,2414,554,2968,17
2021-05-25,Humboldt,023,135768,4265,4231,36,4267,42
2021-05-25,Imperial,025,180216,28622,28586,2680,31266,735
2021-05-25,Inyo,027,18085,1404,1402,12,1414,36
2021-05-25,Kern,029,883053,97306,96319,10815,107134,1319
2021-05-25,Kings,031,150075,23146,22944,1074,24018,245
2021-05-25,Lake,033,64148,3529,3508,9,3517,44
2021-05-25,Lassen,035,31185,5210,5164,112,5276,6
2021-05-25,Los Angeles,037,10098052,1207175,1197940,40337,1238277,24212
2021-05-25,Madera,039,155013,16624,16519,925,17444,240
2021-05-25,Marin,041,260295,14106,14053,251,14304,227
2021-05-25,Mariposa,043,17540,431,427,11,438,5
2021-05-25,Mendocino,045,87422,3998,3928,83,4011,47
2021-05-25,Merced,047,269075,30994,31132,1030,32162,455
2021-05-25,Modoc,049,8938,375,367,129,496,3
2021-05-25,Mono,051,14174,1264,1274,17,1291,3
2021-05-25,Monterey,053,433212,43166,43012,1830,44842,379
2021-05-25,Napa,055,140530,9884,9926,32,9958,82
2021-05-25,Nevada,057,99092,4824,4795,187,4982,70
2021-05-25,Orange,059,3164182,255530,254321,11236,265557,5057
2021-05-25,Placer,061,380077,23300,22920,1489,24409,292
2021-05-25,Plumas,063,18699,705,684,11,695,4
2021-05-25,Riverside,065,2383286,294136,288725,13851,302576,4443
2021-05-25,Sacramento,067,1510023,106199,105828,1735,107563,1633
2021-05-25,San Benito,069,59416,6054,6073,112,6185,63
2021-05-25,San Bernardino,071,2135413,293239,292485,8905,301390,4755
2021-05-25,San Diego,073,3302833,280819,279786,14953,294739,3753
2021-05-25,San Francisco,075,870044,36722,36939,1268,38207,546
2021-05-25,San Joaquin,077,732212,73140,72628,3489,76117,1387
2021-05-25,San Luis Obispo,079,281455,21407,21153,734,21887,256
2021-05-25,San Mateo,081,765935,42326,42268,468,42736,435
2021-05-25,Santa Barbara,083,443738,34443,34337,1113,35450,459
2021-05-25,Santa Clara,085,1922200,118625,119393,742,120135,2032
2021-05-25,Santa Cruz,087,273765,16240,16141,797,16938,207
2021-05-25,Shasta,089,179085,12310,12328,1565,13893,202
2021-05-25,Sierra,091,2930,56,54,12,66,0
2021-05-25,Siskiyou,093,43540,1929,1845,352,2197,18
2021-05-25,Solano,095,438530,32884,32817,548,33365,256
2021-05-25,Sonoma,097,501317,30072,30207,328,30535,321
2021-05-25,Stanislaus,099,539301,56381,56168,5873,62041,974
2021-05-25,Sutter,101,95872,9458,9495,84,9579,112
2021-05-25,Tehama,103,63373,5085,5048,565,5613,63
2021-05-25,Trinity,105,12862,483,328,90,418,3
2021-05-25,Tulare,107,460477,50240,49326,8875,58201,838
2021-05-25,Tuolumne,109,53932,4032,4084,42,4126,66
2021-05-25,Ventura,111,848112,81364,80905,2949,83854,1022
2021-05-25,Yolo,113,214977,14021,14018,236,14254,213
2021-05-25,Yuba,115,75493,6054,6028,120,6148,49
2021-05-24,Alameda,001,1643700,88098,88182,1912,90094,1263
2021-05-24,Alpine,002,1148,87,88,0,88,0
2021-05-24,Amador,005,37829,3668,3675,32,3707,46
2021-05-24,Butte,007,227075,12519,12279,1831,14110,189
2021-05-24,Calaveras,009,45235,2163,2146,13,2159,54
2021-05-24,Colusa,011,21464,1946,1949,310,2259,15
2021-05-24,Contra Costa,013,1133247,69576,69107,1253,70360,809
2021-05-24,Del Norte,015,27424,1418,1384,12,1396,8
2021-05-24,El Dorado,017,186661,10305,10227,740,10967,112
2021-05-24,Fresno,019,978130,102696,102289,8596,110885,1698
2021-05-24,Glenn,021,27897,2434,2413,554,2967,17
2021-05-24,Humboldt,023,135768,4258,4225,36,4261,42
2021-05-24,Imperial,025,180216,28620,28575,2680,31255,735
2021-05-24,Inyo,027,18085,1404,1402,12,1414,36
2021-05-24,Kern,029,883053,97279,96296,10810,107106,1319
2021-05-24,Kings,031,150075,23142,22940,1074,24014,246
2021-05-24,Lake,033,64148,3527,3506,9,3515,43
2021-05-24,Lassen,035,31185,5206,5163,112,5275,6
2021-05-24,Los Angeles,037,10098052,1207003,1197782,40323,1238105,24201
2021-05-24,Madera,039,155013,16620,16513,924,17437,239
2021-05-24,Marin,041,260295,14104,14051,251,14302,227
2021-05-24,Mariposa,043,17540,430,427,11,438,5
2021-05-24,Mendocino,045,87422,3996,3919,83,4002,47
2021-05-24,Merced,047,269075,30984,31128,1029,32157,455
2021-05-24,Modoc,049,8938,375,366,128,494,3
2021-05-24,Mono,051,14174,1264,1270,17,1287,3
2021-05-24,Monterey,053,433212,43161,43005,1829,44834,379
2021-05-24,Napa,055,140530,9884,9924,32,9956,82
2021-05-24,Nevada,057,99092,4821,4790,187,4977,70
2021-05-24,Orange,059,3164182,255496,254287,11226,265513,5056
2021-05-24,Placer,061,380077,23281,22895,1488,24383,292
2021-05-24,Plumas,063,18699,704,683,11,694,4
2021-05-24,Riverside,065,2383286,294079,288669,13841,302510,4442
2021-05-24,Sacramento,067,1510023,106084,105716,1734,107450,1632
2021-05-24,San Benito,069,59416,6054,6072,112,6184,63
2021-05-24,San Bernardino,071,2135413,293199,292343,8904,301247,4747
2021-05-24,San Diego,073,3302833,280711,279715,14943,294658,3749
2021-05-24,San Francisco,075,870044,36702,36934,1265,38199,547
2021-05-24,San Joaquin,077,732212,73108,72586,3489,76075,1371
2021-05-24,San Luis Obispo,079,281455,21389,21146,733,21879,256
2021-05-24,San Mateo,081,765935,42316,42249,468,42717,433
2021-05-24,Santa Barbara,083,443738,34438,34322,1113,35435,459
2021-05-24,Santa Clara,085,1922200,118593,119358,742,120100,2030
2021-05-24,Santa Cruz,087,273765,16234,16135,797,16932,207
2021-05-24,Shasta,089,179085,12293,12315,1562,13877,201
2021-05-24,Sierra,091,2930,56,54,12,66,0
2021-05-24,Siskiyou,093,43540,1926,1840,352,2192,17
2021-05-24,Solano,095,438530,32860,32792,547,33339,254
2021-05-24,Sonoma,097,501317,30057,30187,328,30515,321
2021-05-24,Stanislaus,099,539301,56347,56128,5869,61997,974
2021-05-24,Sutter,101,95872,9452,9486,84,9570,113
2021-05-24,Tehama,103,63373,5082,5043,563,5606,63
2021-05-24,Trinity,105,12862,483,328,90,418,3
2021-05-24,Tulare,107,460477,50233,49318,8871,58189,838
2021-05-24,Tuolumne,109,53932,4032,4083,42,4125,65
2021-05-24,Ventura,111,848112,81351,80876,2947,83823,1022
2021-05-24,Yolo,113,214977,14004,14012,234,14246,213
2021-05-24,Yuba,115,75493,6045,6022,120,6142,49
2021-05-23,Alameda,001,1643700,88035,88157,1910,90067,1263
2021-05-23,Alpine,002,1148,87,88,0,88,0
2021-05-23,Amador,005,37829,3667,3673,32,3705,46
2021-05-23,Butte,007,227075,12505,12271,1830,14101,189
2021-05-23,Calaveras,009,45235,2155,2144,13,2157,54
2021-05-23,Colusa,011,21464,1946,1949,308,2257,15
2021-05-23,Contra Costa,013,1133247,69532,69075,1251,70326,809
2021-05-23,Del Norte,015,27424,1414,1383,12,1395,8
2021-05-23,El Dorado,017,186661,10299,10222,740,10962,112
2021-05-23,Fresno,019,978130,102651,102270,8591,110861,1698
2021-05-23,Glenn,021,27897,2432,2413,554,2967,17
2021-05-23,Humboldt,023,135768,4240,4216,36,4252,42
2021-05-23,Imperial,025,180216,28614,28569,2679,31248,735
2021-05-23,Inyo,027,18085,1404,1402,12,1414,36
2021-05-23,Kern,029,883053,97255,96282,10802,107084,1319
2021-05-23,Kings,031,150075,23130,22939,1072,24011,246
2021-05-23,Lake,033,64148,3524,3504,9,3513,43
2021-05-23,Lassen,035,31185,5202,5163,111,5274,6
2021-05-23,Los Angeles,037,10098052,1206814,1197633,40312,1237945,24197
2021-05-23,Madera,039,155013,16614,16504,924,17428,239
2021-05-23,Marin,041,260295,14095,14048,250,14298,227
2021-05-23,Mariposa,043,17540,430,427,11,438,5
2021-05-23,Mendocino,045,87422,3990,3913,82,3995,47
2021-05-23,Merced,047,269075,30975,31118,1029,32147,455
2021-05-23,Modoc,049,8938,371,366,128,494,3
2021-05-23,Mono,051,14174,1263,1270,17,1287,3
2021-05-23,Monterey,053,433212,43151,43003,1829,44832,379
2021-05-23,Napa,055,140530,9880,9923,32,9955,82
2021-05-23,Nevada,057,99092,4811,4790,187,4977,70
2021-05-23,Orange,059,3164182,255458,254277,11220,265497,5050
2021-05-23,Placer,061,380077,23261,22888,1488,24376,292
2021-05-23,Plumas,063,18699,703,683,11,694,4
2021-05-23,Riverside,065,2383286,294011,288641,13837,302478,4442
2021-05-23,Sacramento,067,1510023,105968,105663,1731,107394,1632
2021-05-23,San Benito,069,59416,6053,6072,112,6184,63
2021-05-23,San Bernardino,071,2135413,293148,292327,8903,301230,4747
2021-05-23,San Diego,073,3302833,280621,279690,14932,294622,3751
2021-05-23,San Francisco,075,870044,36691,36927,1264,38191,547
2021-05-23,San Joaquin,077,732212,73059,72571,3487,76058,1371
2021-05-23,San Luis Obispo,079,281455,21379,21141,732,21873,256
2021-05-23,San Mateo,081,765935,42299,42248,468,42716,433
2021-05-23,Santa Barbara,083,443738,34431,34319,1113,35432,459
2021-05-23,Santa Clara,085,1922200,118569,119333,742,120075,2030
2021-05-23,Santa Cruz,087,273765,16231,16130,797,16927,207
2021-05-23,Shasta,089,179085,12276,12313,1558,13871,201
2021-05-23,Sierra,091,2930,56,54,12,66,0
2021-05-23,Siskiyou,093,43540,1921,1826,345,2171,17
2021-05-23,Solano,095,438530,32842,32780,546,33326,254
2021-05-23,Sonoma,097,501317,30028,30168,327,30495,321
2021-05-23,Stanislaus,099,539301,56299,56104,5866,61970,974
2021-05-23,Sutter,101,95872,9443,9479,84,9563,113
2021-05-23,Tehama,103,63373,5075,5041,561,5602,63
2021-05-23,Trinity,105,12862,483,328,90,418,3
2021-05-23,Tulare,107,460477,50218,49310,8867,58177,838
2021-05-23,Tuolumne,109,53932,4029,4081,42,4123,65
2021-05-23,Ventura,111,848112,81321,80872,2946,83818,1022
2021-05-23,Yolo,113,214977,13992,14004,231,14235,213
2021-05-23,Yuba,115,75493,6040,6017,120,6137,49
2021-05-22,Alameda,001,1643700,88008,88101,1910,90011,1263
2021-05-22,Alpine,002,1148,87,88,0,88,0
2021-05-22,Amador,005,37829,3666,3672,32,3704,46
2021-05-22,Butte,007,227075,12493,12265,1829,14094,189
2021-05-22,Calaveras,009,45235,2151,2141,13,2154,54
2021-05-22,Colusa,011,21464,1942,1949,307,2256,15
2021-05-22,Contra Costa,013,1133247,69499,69004,1250,70254,809
2021-05-22,Del Norte,015,27424,1413,1381,12,1393,8
2021-05-22,El Dorado,017,186661,10294,10215,739,10954,112
2021-05-22,Fresno,019,978130,102637,102238,8589,110827,1698
2021-05-22,Glenn,021,27897,2432,2412,554,2966,17
2021-05-22,Humboldt,023,135768,4231,4194,35,4229,42
2021-05-22,Imperial,025,180216,28605,28574,2679,31253,735
2021-05-22,Inyo,027,18085,1404,1402,12,1414,36
2021-05-22,Kern,029,883053,97243,96260,10795,107055,1319
2021-05-22,Kings,031,150075,23130,22936,1072,24008,246
2021-05-22,Lake,033,64148,3521,3502,9,3511,43
2021-05-22,Lassen,035,31185,5202,5163,111,5274,6
2021-05-22,Los Angeles,037,10098052,1206705,1197454,40304,1237758,24192
2021-05-22,Madera,039,155013,16611,16503,924,17427,239
2021-05-22,Marin,041,260295,14092,14043,250,14293,227
2021-05-22,Mariposa,043,17540,430,427,11,438,5
2021-05-22,Mendocino,045,87422,3984,3908,82,3990,47
2021-05-22,Merced,047,269075,30965,31099,1029,32128,455
2021-05-22,Modoc,049,8938,371,366,128,494,3
2021-05-22,Mono,051,14174,1261,1270,17,1287,3
2021-05-22,Monterey,053,433212,43145,42998,1829,44827,379
2021-05-22,Napa,055,140530,9879,9918,32,9950,82
2021-05-22,Nevada,057,99092,4804,4787,186,4973,70
2021-05-22,Orange,059,3164182,255437,254238,11215,265453,5048
2021-05-22,Placer,061,380077,23247,22865,1487,24352,292
2021-05-22,Plumas,063,18699,702,683,11,694,4
2021-05-22,Riverside,065,2383286,293979,288580,13836,302416,4442
2021-05-22,Sacramento,067,1510023,105893,105551,1728,107279,1632
2021-05-22,San Benito,069,59416,6053,6071,112,6183,63
2021-05-22,San Bernardino,071,2135413,293123,292292,8903,301195,4747
2021-05-22,San Diego,073,3302833,280562,279614,14924,294538,3751
2021-05-22,San Francisco,075,870044,36681,36906,1262,38168,547
2021-05-22,San Joaquin,077,732212,73037,72528,3484,76012,1371
2021-05-22,San Luis Obispo,079,281455,21371,21134,731,21865,256
2021-05-22,San Mateo,081,765935,42289,42218,468,42686,433
2021-05-22,Santa Barbara,083,443738,34427,34313,1112,35425,459
2021-05-22,Santa Clara,085,1922200,118546,119292,742,120034,2030
2021-05-22,Santa Cruz,087,273765,16231,16125,797,16922,207
2021-05-22,Shasta,089,179085,12269,12307,1555,13862,201
2021-05-22,Sierra,091,2930,56,54,12,66,0
2021-05-22,Siskiyou,093,43540,1920,1824,344,2168,17
2021-05-22,Solano,095,438530,32829,32753,546,33299,254
2021-05-22,Sonoma,097,501317,30016,30154,327,30481,321
2021-05-22,Stanislaus,099,539301,56275,56069,5865,61934,974
2021-05-22,Sutter,101,95872,9438,9476,84,9560,113
2021-05-22,Tehama,103,63373,5074,5036,561,5597,63
2021-05-22,Trinity,105,12862,483,328,90,418,3
2021-05-22,Tulare,107,460477,50213,49299,8862,58161,838
2021-05-22,Tuolumne,109,53932,4029,4078,42,4120,65
2021-05-22,Ventura,111,848112,81317,80859,2946,83805,1022
2021-05-22,Yolo,113,214977,13990,13997,231,14228,213
2021-05-22,Yuba,115,75493,6037,6010,120,6130,49
2021-05-21,Alameda,001,1643700,87982,88041,1909,89950,1263
2021-05-21,Alpine,002,1148,87,88,0,88,0
2021-05-21,Amador,005,37829,3663,3672,32,3704,46
2021-05-21,Butte,007,227075,12487,12236,1827,14063,188
2021-05-21,Calaveras,009,45235,2149,2138,13,2151,54
2021-05-21,Colusa,011,21464,1942,1947,307,2254,15
2021-05-21,Contra Costa,013,1133247,69456,68965,1249,70214,810
2021-05-21,Del Norte,015,27424,1412,1376,12,1388,8
2021-05-21,El Dorado,017,186661,10290,10204,739,10943,112
2021-05-21,Fresno,019,978130,102609,102189,8587,110776,1698
2021-05-21,Glenn,021,27897,2431,2408,554,2962,17
2021-05-21,Humboldt,023,135768,4224,4175,35,4210,42
2021-05-21,Imperial,025,180216,28598,28572,2678,31250,732
2021-05-21,Inyo,027,18085,1404,1402,12,1414,36
2021-05-21,Kern,029,883053,97229,96233,10788,107021,1318
2021-05-21,Kings,031,150075,23130,22927,1072,23999,246
2021-05-21,Lake,033,64148,3519,3500,9,3509,43
2021-05-21,Lassen,035,31185,5201,5161,111,5272,6
2021-05-21,Los Angeles,037,10098052,1206587,1197263,40296,1237559,24180
2021-05-21,Madera,039,155013,16610,16500,923,17423,238
2021-05-21,Marin,041,260295,14087,14042,250,14292,227
2021-05-21,Mariposa,043,17540,429,427,11,438,5
2021-05-21,Mendocino,045,87422,3979,3897,82,3979,47
2021-05-21,Merced,047,269075,30957,31076,1029,32105,455
2021-05-21,Modoc,049,8938,371,365,128,493,3
2021-05-21,Mono,051,14174,1261,1269,17,1286,3
2021-05-21,Monterey,053,433212,43143,42995,1829,44824,379
2021-05-21,Napa,055,140530,9875,9913,32,9945,82
2021-05-21,Nevada,057,99092,4803,4779,186,4965,70
2021-05-21,Orange,059,3164182,255417,254171,11213,265384,5042
2021-05-21,Placer,061,380077,23238,22853,1487,24340,292
2021-05-21,Plumas,063,18699,702,683,10,693,4
2021-05-21,Riverside,065,2383286,293952,288499,13829,302328,4442
2021-05-21,Sacramento,067,1510023,105825,105476,1725,107201,1632
2021-05-21,San Benito,069,59416,6053,6068,112,6180,63
2021-05-21,San Bernardino,071,2135413,293091,292205,8901,301106,4744
2021-05-21,San Diego,073,3302833,280489,279554,14914,294468,3748
2021-05-21,San Francisco,075,870044,36676,36879,1262,38141,546
2021-05-21,San Joaquin,077,732212,73017,72467,3482,75949,1371
2021-05-21,San Luis Obispo,079,281455,21365,21128,728,21856,256
2021-05-21,San Mateo,081,765935,42276,42163,467,42630,432
2021-05-21,Santa Barbara,083,443738,34422,34302,1112,35414,459
2021-05-21,Santa Clara,085,1922200,118519,119247,742,119989,2029
2021-05-21,Santa Cruz,087,273765,16227,16120,797,16917,207
2021-05-21,Shasta,089,179085,12252,12289,1553,13842,201
2021-05-21,Sierra,091,2930,56,54,12,66,0
2021-05-21,Siskiyou,093,43540,1919,1815,344,2159,16
2021-05-21,Solano,095,438530,32814,32742,546,33288,254
2021-05-21,Sonoma,097,501317,30003,30126,327,30453,321
2021-05-21,Stanislaus,099,539301,56245,56036,5863,61899,975
2021-05-21,Sutter,101,95872,9436,9470,84,9554,113
2021-05-21,Tehama,103,63373,5068,5030,561,5591,63
2021-05-21,Trinity,105,12862,483,329,89,418,3
2021-05-21,Tulare,107,460477,50208,49271,8860,58131,838
2021-05-21,Tuolumne,109,53932,4027,4079,42,4121,65
2021-05-21,Ventura,111,848112,81309,80821,2943,83764,1021
2021-05-21,Yolo,113,214977,13984,13983,231,14214,213
2021-05-21,Yuba,115,75493,6031,6006,120,6126,49
2021-05-20,Alameda,001,1643700,87938,87975,1907,89882,1264
2021-05-20,Alpine,002,1148,87,88,0,88,0
2021-05-20,Amador,005,37829,3662,3671,32,3703,46
2021-05-20,Butte,007,227075,12480,12220,1824,14044,188
2021-05-20,Calaveras,009,45235,2145,2138,13,2151,54
2021-05-20,Colusa,011,21464,1941,1946,305,2251,15
2021-05-20,Contra Costa,013,1133247,69411,68913,1247,70160,809
2021-05-20,Del Norte,015,27424,1412,1373,12,1385,8
2021-05-20,El Dorado,017,186661,10280,10188,739,10927,112
2021-05-20,Fresno,019,978130,102587,102135,8585,110720,1696
2021-05-20,Glenn,021,27897,2428,2406,554,2960,17
2021-05-20,Humboldt,023,135768,4207,4162,34,4196,42
2021-05-20,Imperial,025,180216,28593,28551,2678,31229,732
2021-05-20,Inyo,027,18085,1404,1402,12,1414,36
2021-05-20,Kern,029,883053,97208,96204,10781,106985,1317
2021-05-20,Kings,031,150075,23128,22922,1072,23994,246
2021-05-20,Lake,033,64148,3516,3500,9,3509,43
2021-05-20,Lassen,035,31185,5199,5160,110,5270,6
2021-05-20,Los Angeles,037,10098052,1206430,1197073,40286,1237359,24168
2021-05-20,Madera,039,155013,16604,16499,921,17420,238
2021-05-20,Marin,041,260295,14083,14036,249,14285,227
2021-05-20,Mariposa,043,17540,429,426,11,437,5
2021-05-20,Mendocino,045,87422,3972,3897,82,3979,47
2021-05-20,Merced,047,269075,30944,31046,1028,32074,454
2021-05-20,Modoc,049,8938,371,365,128,493,3
2021-05-20,Mono,051,14174,1260,1269,17,1286,3
2021-05-20,Monterey,053,433212,43137,42984,1828,44812,379
2021-05-20,Napa,055,140530,9872,9913,32,9945,82
2021-05-20,Nevada,057,99092,4802,4775,186,4961,70
2021-05-20,Orange,059,3164182,255374,254127,11210,265337,5038
2021-05-20,Placer,061,380077,23225,22823,1486,24309,292
2021-05-20,Plumas,063,18699,700,682,10,692,4
2021-05-20,Riverside,065,2383286,293904,288453,13824,302277,4442
2021-05-20,Sacramento,067,1510023,105729,105414,1722,107136,1629
2021-05-20,San Benito,069,59416,6052,6067,112,6179,63
2021-05-20,San Bernardino,071,2135413,293045,292153,8900,301053,4728
2021-05-20,San Diego,073,3302833,280401,279490,14902,294392,3749
2021-05-20,San Francisco,075,870044,36667,36860,1262,38122,546
2021-05-20,San Joaquin,077,732212,72979,72388,3480,75868,1371
2021-05-20,San Luis Obispo,079,281455,21353,21095,726,21821,256
2021-05-20,San Mateo,081,765935,42262,42152,465,42617,432
2021-05-20,Santa Barbara,083,443738,34418,34293,1112,35405,459
2021-05-20,Santa Clara,085,1922200,118498,119222,742,119964,2029
2021-05-20,Santa Cruz,087,273765,16222,16119,797,16916,207
2021-05-20,Shasta,089,179085,12239,12266,1550,13816,200
2021-05-20,Sierra,091,2930,56,54,12,66,0
2021-05-20,Siskiyou,093,43540,1912,1811,343,2154,16
2021-05-20,Solano,095,438530,32799,32725,546,33271,253
2021-05-20,Sonoma,097,501317,29986,30107,326,30433,321
2021-05-20,Stanislaus,099,539301,56216,55979,5861,61840,970
2021-05-20,Sutter,101,95872,9432,9467,84,9551,113
2021-05-20,Tehama,103,63373,5066,5029,561,5590,63
2021-05-20,Trinity,105,12862,483,329,88,417,3
2021-05-20,Tulare,107,460477,50197,49217,8857,58074,837
2021-05-20,Tuolumne,109,53932,4026,4077,42,4119,65
2021-05-20,Ventura,111,848112,81298,80800,2943,83743,1019
2021-05-20,Yolo,113,214977,13979,13973,231,14204,211
2021-05-20,Yuba,115,75493,6022,6002,120,6122,49
2021-05-19,Alameda,001,1643700,87899,87889,1906,89795,1260
2021-05-19,Alpine,002,1148,87,88,0,88,0
2021-05-19,Amador,005,37829,3662,3669,32,3701,46
2021-05-19,Butte,007,227075,12469,12198,1824,14022,188
2021-05-19,Calaveras,009,45235,2141,2132,13,2145,54
2021-05-19,Colusa,011,21464,1941,1945,303,2248,15
2021-05-19,Contra Costa,013,1133247,69364,68836,1247,70083,808
2021-05-19,Del Norte,015,27424,1410,1371,12,1383,8
2021-05-19,El Dorado,017,186661,10275,10179,738,10917,112
2021-05-19,Fresno,019,978130,102556,102085,8582,110667,1693
2021-05-19,Glenn,021,27897,2428,2404,554,2958,17
2021-05-19,Humboldt,023,135768,4197,4143,34,4177,42
2021-05-19,Imperial,025,180216,28584,28550,2678,31228,732
2021-05-19,Inyo,027,18085,1404,1402,12,1414,36
2021-05-19,Kern,029,883053,97179,96173,10774,106947,1316
2021-05-19,Kings,031,150075,23122,22919,1072,23991,246
2021-05-19,Lake,033,64148,3516,3497,9,3506,43
2021-05-19,Lassen,035,31185,5198,5157,110,5267,6
2021-05-19,Los Angeles,037,10098052,1206233,1196856,40272,1237128,24143
2021-05-19,Madera,039,155013,16601,16496,921,17417,238
2021-05-19,Marin,041,260295,14079,14033,247,14280,227
2021-05-19,Mariposa,043,17540,429,425,11,436,5
2021-05-19,Mendocino,045,87422,3968,3886,82,3968,47
2021-05-19,Merced,047,269075,30928,31044,1028,32072,452
2021-05-19,Modoc,049,8938,371,364,125,489,3
2021-05-19,Mono,051,14174,1260,1266,17,1283,3
2021-05-19,Monterey,053,433212,43132,42973,1827,44800,379
2021-05-19,Napa,055,140530,9869,9906,32,9938,82
2021-05-19,Nevada,057,99092,4800,4769,186,4955,70
2021-05-19,Orange,059,3164182,255337,254087,11200,265287,5035
2021-05-19,Placer,061,380077,23206,22784,1481,24265,291
2021-05-19,Plumas,063,18699,700,682,10,692,4
2021-05-19,Riverside,065,2383286,293858,288398,13822,302220,4442
2021-05-19,Sacramento,067,1510023,105650,105225,1721,106946,1629
2021-05-19,San Benito,069,59416,6051,6064,112,6176,63
2021-05-19,San Bernardino,071,2135413,293001,292078,8897,300975,4725
2021-05-19,San Diego,073,3302833,280316,279345,14881,294226,3746
2021-05-19,San Francisco,075,870044,36654,36835,1261,38096,546
2021-05-19,San Joaquin,077,732212,72936,72338,3475,75813,1369
2021-05-19,San Luis Obispo,079,281455,21345,21085,725,21810,256
2021-05-19,San Mateo,081,765935,42255,42126,465,42591,429
2021-05-19,Santa Barbara,083,443738,34410,34292,1112,35404,459
2021-05-19,Santa Clara,085,1922200,118458,119176,741,119917,2015
2021-05-19,Santa Cruz,087,273765,16218,16121,796,16917,207
2021-05-19,Shasta,089,179085,12221,12233,1547,13780,200
2021-05-19,Sierra,091,2930,56,54,12,66,0
2021-05-19,Siskiyou,093,43540,1909,1803,342,2145,16
2021-05-19,Solano,095,438530,32772,32678,544,33222,253
2021-05-19,Sonoma,097,501317,29971,30080,326,30406,321
2021-05-19,Stanislaus,099,539301,56196,55912,5856,61768,967
2021-05-19,Sutter,101,95872,9425,9459,83,9542,113
2021-05-19,Tehama,103,63373,5057,5026,557,5583,63
2021-05-19,Trinity,105,12862,483,329,88,417,3
2021-05-19,Tulare,107,460477,50184,49163,8852,58015,837
2021-05-19,Tuolumne,109,53932,4026,4074,42,4116,64
2021-05-19,Ventura,111,848112,81283,80747,2942,83689,1019
2021-05-19,Yolo,113,214977,13973,13961,230,14191,211
2021-05-19,Yuba,115,75493,6018,5993,120,6113,49
2021-05-18,Alameda,001,1643700,87825,87816,1906,89722,1254
2021-05-18,Alpine,002,1148,87,88,0,88,0
2021-05-18,Amador,005,37829,3662,3669,32,3701,46
2021-05-18,Butte,007,227075,12455,12164,1822,13986,191
2021-05-18,Calaveras,009,45235,2137,2131,13,2144,54
2021-05-18,Colusa,011,21464,1941,1943,303,2246,14
2021-05-18,Contra Costa,013,1133247,69307,68750,1246,69996,808
2021-05-18,Del Norte,015,27424,1407,1371,12,1383,8
2021-05-18,El Dorado,017,186661,10264,10169,737,10906,112
2021-05-18,Fresno,019,978130,102520,102056,8579,110635,1690
2021-05-18,Glenn,021,27897,2422,2403,553,2956,17
2021-05-18,Humboldt,023,135768,4179,4132,34,4166,42
2021-05-18,Imperial,025,180216,28579,28538,2676,31214,730
2021-05-18,Inyo,027,18085,1404,1401,12,1413,36
2021-05-18,Kern,029,883053,97146,96128,10760,106888,1315
2021-05-18,Kings,031,150075,23116,22916,1072,23988,247
2021-05-18,Lake,033,64148,3514,3495,9,3504,43
2021-05-18,Lassen,035,31185,5197,5157,109,5266,6
2021-05-18,Los Angeles,037,10098052,1206053,1196668,40261,1236929,24133
2021-05-18,Madera,039,155013,16591,16491,920,17411,238
2021-05-18,Marin,041,260295,14076,14026,247,14273,227
2021-05-18,Mariposa,043,17540,429,424,11,435,5
2021-05-18,Mendocino,045,87422,3956,3877,81,3958,47
2021-05-18,Merced,047,269075,30909,31036,1028,32064,452
2021-05-18,Modoc,049,8938,370,364,124,488,3
2021-05-18,Mono,051,14174,1259,1265,17,1282,3
2021-05-18,Monterey,053,433212,43126,43001,1827,44828,379
2021-05-18,Napa,055,140530,9869,9905,32,9937,82
2021-05-18,Nevada,057,99092,4793,4762,186,4948,70
2021-05-18,Orange,059,3164182,255297,254041,11190,265231,5031
2021-05-18,Placer,061,380077,23173,22726,1477,24203,291
2021-05-18,Plumas,063,18699,700,682,10,692,4
2021-05-18,Riverside,065,2383286,293803,288354,13815,302169,4438
2021-05-18,Sacramento,067,1510023,105548,105083,1719,106802,1629
2021-05-18,San Benito,069,59416,6050,6065,112,6177,63
2021-05-18,San Bernardino,071,2135413,292943,292014,8892,300906,4722
2021-05-18,San Diego,073,3302833,280208,279254,14872,294126,3742
2021-05-18,San Francisco,075,870044,36634,36818,1261,38079,546
2021-05-18,San Joaquin,077,732212,72889,72282,3471,75753,1368
2021-05-18,San Luis Obispo,079,281455,21335,21080,723,21803,256
2021-05-18,San Mateo,081,765935,42243,42099,464,42563,428
2021-05-18,Santa Barbara,083,443738,34401,34278,1112,35390,459
2021-05-18,Santa Clara,085,1922200,118431,119171,741,119912,2014
2021-05-18,Santa Cruz,087,273765,16210,16137,796,16933,207
2021-05-18,Shasta,089,179085,12203,12197,1541,13738,200
2021-05-18,Sierra,091,2930,56,54,12,66,0
2021-05-18,Siskiyou,093,43540,1908,1799,342,2141,16
2021-05-18,Solano,095,438530,32747,32644,544,33188,253
2021-05-18,Sonoma,097,501317,29951,30054,325,30379,321
2021-05-18,Stanislaus,099,539301,56160,55860,5856,61716,959
2021-05-18,Sutter,101,95872,9417,9453,83,9536,113
2021-05-18,Tehama,103,63373,5051,5020,555,5575,63
2021-05-18,Trinity,105,12862,483,329,87,416,3
2021-05-18,Tulare,107,460477,50176,49142,8847,57989,836
2021-05-18,Tuolumne,109,53932,4024,4073,42,4115,64
2021-05-18,Ventura,111,848112,81267,80726,2940,83666,1017
2021-05-18,Yolo,113,214977,13965,13951,230,14181,211
2021-05-18,Yuba,115,75493,6014,5989,120,6109,49
2021-05-17,Alameda,001,1643700,87772,87766,1903,89669,1253
2021-05-17,Alpine,002,1148,87,88,0,88,0
2021-05-17,Amador,005,37829,3659,3668,32,3700,46
2021-05-17,Butte,007,227075,12447,12144,1822,13966,192
2021-05-17,Calaveras,009,45235,2137,2131,13,2144,53
2021-05-17,Colusa,011,21464,1941,1943,303,2246,14
2021-05-17,Contra Costa,013,1133247,69252,68720,1245,69965,805
2021-05-17,Del Norte,015,27424,1402,1369,12,1381,8
2021-05-17,El Dorado,017,186661,10247,10163,737,10900,112
2021-05-17,Fresno,019,978130,102476,102013,8571,110584,1690
2021-05-17,Glenn,021,27897,2422,2401,553,2954,17
2021-05-17,Humboldt,023,135768,4168,4112,34,4146,42
2021-05-17,Imperial,025,180216,28573,28533,2674,31207,729
2021-05-17,Inyo,027,18085,1404,1401,12,1413,36
2021-05-17,Kern,029,883053,97117,96095,10742,106837,1315
2021-05-17,Kings,031,150075,23113,22918,1072,23990,246
2021-05-17,Lake,033,64148,3509,3489,9,3498,43
2021-05-17,Lassen,035,31185,5194,5156,108,5264,6
2021-05-17,Los Angeles,037,10098052,1205872,1196556,40255,1236811,24123
2021-05-17,Madera,039,155013,16584,16486,920,17406,238
2021-05-17,Marin,041,260295,14070,14021,247,14268,227
2021-05-17,Mariposa,043,17540,428,423,11,434,5
2021-05-17,Mendocino,045,87422,3947,3868,81,3949,46
2021-05-17,Merced,047,269075,30894,31031,1028,32059,450
2021-05-17,Modoc,049,8938,369,362,124,486,3
2021-05-17,Mono,051,14174,1255,1265,17,1282,3
2021-05-17,Monterey,053,433212,43119,42995,1827,44822,379
2021-05-17,Napa,055,140530,9868,9894,32,9926,82
2021-05-17,Nevada,057,99092,4789,4761,185,4946,70
2021-05-17,Orange,059,3164182,255250,253993,11183,265176,5031
2021-05-17,Placer,061,380077,23150,22706,1470,24176,289
2021-05-17,Plumas,063,18699,700,682,10,692,4
2021-05-17,Riverside,065,2383286,293734,288304,13811,302115,4433
2021-05-17,Sacramento,067,1510023,105441,105035,1717,106752,1629
2021-05-17,San Benito,069,59416,6047,6067,112,6179,63
2021-05-17,San Bernardino,071,2135413,292893,291989,8884,300873,4724
2021-05-17,San Diego,073,3302833,280076,279146,14850,293996,3742
2021-05-17,San Francisco,075,870044,36622,36816,1259,38075,546
2021-05-17,San Joaquin,077,732212,72851,72234,3468,75702,1359
2021-05-17,San Luis Obispo,079,281455,21326,21079,721,21800,256
2021-05-17,San Mateo,081,765935,42215,42083,464,42547,428
2021-05-17,Santa Barbara,083,443738,34394,34275,1112,35387,459
2021-05-17,Santa Clara,085,1922200,118394,119116,739,119855,2015
2021-05-17,Santa Cruz,087,273765,16207,16151,796,16947,206
2021-05-17,Shasta,089,179085,12181,12163,1540,13703,200
2021-05-17,Sierra,091,2930,56,54,12,66,0
2021-05-17,Siskiyou,093,43540,1899,1795,339,2134,15
2021-05-17,Solano,095,438530,32729,32627,543,33170,253
2021-05-17,Sonoma,097,501317,29928,30043,324,30367,321
2021-05-17,Stanislaus,099,539301,56112,55839,5849,61688,951
2021-05-17,Sutter,101,95872,9410,9447,83,9530,113
2021-05-17,Tehama,103,63373,5047,5016,554,5570,63
2021-05-17,Trinity,105,12862,483,328,87,415,3
2021-05-17,Tulare,107,460477,50154,49107,8842,57949,836
2021-05-17,Tuolumne,109,53932,4024,4071,42,4113,64
2021-05-17,Ventura,111,848112,81247,80699,2940,83639,1017
2021-05-17,Yolo,113,214977,13958,13941,230,14171,211
2021-05-17,Yuba,115,75493,6006,5987,120,6107,49
2021-05-16,Alameda,001,1643700,87708,87743,1903,89646,1253
2021-05-16,Alpine,002,1148,87,88,0,88,0
2021-05-16,Amador,005,37829,3658,3667,32,3699,46
2021-05-16,Butte,007,227075,12433,12140,1821,13961,192
2021-05-16,Calaveras,009,45235,2135,2129,13,2142,53
2021-05-16,Colusa,011,21464,1939,1943,303,2246,14
2021-05-16,Contra Costa,013,1133247,69183,68694,1243,69937,805
2021-05-16,Del Norte,015,27424,1399,1365,12,1377,8
2021-05-16,El Dorado,017,186661,10230,10159,736,10895,112
2021-05-16,Fresno,019,978130,102432,101987,8565,110552,1690
2021-05-16,Glenn,021,27897,2422,2401,552,2953,17
2021-05-16,Humboldt,023,135768,4154,4104,34,4138,42
2021-05-16,Imperial,025,180216,28562,28516,2673,31189,729
2021-05-16,Inyo,027,18085,1404,1401,12,1413,36
2021-05-16,Kern,029,883053,97084,96083,10722,106805,1315
2021-05-16,Kings,031,150075,23109,22918,1069,23987,246
2021-05-16,Lake,033,64148,3506,3489,9,3498,43
2021-05-16,Lassen,035,31185,5193,5156,108,5264,6
2021-05-16,Los Angeles,037,10098052,1205646,1196397,40239,1236636,24120
2021-05-16,Madera,039,155013,16579,16483,917,17400,238
2021-05-16,Marin,041,260295,14067,14015,247,14262,227
2021-05-16,Mariposa,043,17540,428,423,11,434,5
2021-05-16,Mendocino,045,87422,3937,3863,81,3944,46
2021-05-16,Merced,047,269075,30873,31023,1026,32049,450
2021-05-16,Modoc,049,8938,369,362,124,486,3
2021-05-16,Mono,051,14174,1255,1265,17,1282,3
2021-05-16,Monterey,053,433212,43114,42991,1827,44818,379
2021-05-16,Napa,055,140530,9865,9891,32,9923,82
2021-05-16,Nevada,057,99092,4785,4755,185,4940,70
2021-05-16,Orange,059,3164182,255218,253962,11180,265142,5031
2021-05-16,Placer,061,380077,23118,22696,1464,24160,289
2021-05-16,Plumas,063,18699,699,682,10,692,4
2021-05-16,Riverside,065,2383286,293658,288259,13802,302061,4433
2021-05-16,Sacramento,067,1510023,105327,105013,1715,106728,1628
2021-05-16,San Benito,069,59416,6046,6067,111,6178,63
2021-05-16,San Bernardino,071,2135413,292821,291940,8882,300822,4724
2021-05-16,San Diego,073,3302833,279958,279099,14837,293936,3742
2021-05-16,San Francisco,075,870044,36598,36808,1258,38066,546
2021-05-16,San Joaquin,077,732212,72802,72218,3463,75681,1359
2021-05-16,San Luis Obispo,079,281455,21318,21072,720,21792,256
2021-05-16,San Mateo,081,765935,42204,42063,463,42526,428
2021-05-16,Santa Barbara,083,443738,34387,34270,1112,35382,459
2021-05-16,Santa Clara,085,1922200,118364,119098,738,119836,2015
2021-05-16,Santa Cruz,087,273765,16205,16143,796,16939,206
2021-05-16,Shasta,089,179085,12165,12156,1536,13692,200
2021-05-16,Sierra,091,2930,56,54,12,66,0
2021-05-16,Siskiyou,093,43540,1895,1790,338,2128,15
2021-05-16,Solano,095,438530,32696,32619,541,33160,253
2021-05-16,Sonoma,097,501317,29909,30033,324,30357,321
2021-05-16,Stanislaus,099,539301,56059,55814,5838,61652,951
2021-05-16,Sutter,101,95872,9403,9445,83,9528,113
2021-05-16,Tehama,103,63373,5043,5013,553,5566,63
2021-05-16,Trinity,105,12862,483,328,87,415,3
2021-05-16,Tulare,107,460477,50137,49091,8839,57930,837
2021-05-16,Tuolumne,109,53932,4020,4070,42,4112,64
2021-05-16,Ventura,111,848112,81216,80689,2940,83629,1017
2021-05-16,Yolo,113,214977,13943,13938,230,14168,211
2021-05-16,Yuba,115,75493,6003,5987,120,6107,49
2021-05-15,Alameda,001,1643700,87682,87677,1902,89579,1252
2021-05-15,Alpine,002,1148,87,88,0,88,0
2021-05-15,Amador,005,37829,3658,3666,32,3698,46
2021-05-15,Butte,007,227075,12426,12095,1820,13915,192
2021-05-15,Calaveras,009,45235,2134,2126,13,2139,53
2021-05-15,Colusa,011,21464,1939,1941,301,2242,14
2021-05-15,Contra Costa,013,1133247,69137,68658,1243,69901,805
2021-05-15,Del Norte,015,27424,1394,1359,12,1371,8
2021-05-15,El Dorado,017,186661,10218,10156,735,10891,112
2021-05-15,Fresno,019,978130,102395,101957,8563,110520,1690
2021-05-15,Glenn,021,27897,2422,2400,552,2952,17
2021-05-15,Humboldt,023,135768,4144,4080,34,4114,42
2021-05-15,Imperial,025,180216,28559,28504,2672,31176,729
2021-05-15,Inyo,027,18085,1404,1402,12,1414,36
2021-05-15,Kern,029,883053,97070,96061,10708,106769,1315
2021-05-15,Kings,031,150075,23108,22913,1069,23982,246
2021-05-15,Lake,033,64148,3505,3485,9,3494,43
2021-05-15,Lassen,035,31185,5190,5156,107,5263,6
2021-05-15,Los Angeles,037,10098052,1205523,1196255,40226,1236481,24115
2021-05-15,Madera,039,155013,16576,16482,917,17399,238
2021-05-15,Marin,041,260295,14063,14012,247,14259,227
2021-05-15,Mariposa,043,17540,428,423,11,434,5
2021-05-15,Mendocino,045,87422,3934,3861,81,3942,46
2021-05-15,Merced,047,269075,30852,31012,1026,32038,450
2021-05-15,Modoc,049,8938,369,362,124,486,3
2021-05-15,Mono,051,14174,1255,1265,17,1282,3
2021-05-15,Monterey,053,433212,43110,42982,1827,44809,379
2021-05-15,Napa,055,140530,9862,9887,32,9919,82
2021-05-15,Nevada,057,99092,4784,4755,185,4940,70
2021-05-15,Orange,059,3164182,255191,253919,11173,265092,5030
2021-05-15,Placer,061,380077,23097,22688,1464,24152,289
2021-05-15,Plumas,063,18699,699,681,10,691,4
2021-05-15,Riverside,065,2383286,293616,288203,13797,302000,4433
2021-05-15,Sacramento,067,1510023,105255,104929,1712,106641,1628
2021-05-15,San Benito,069,59416,6046,6066,111,6177,63
2021-05-15,San Bernardino,071,2135413,292779,291892,8880,300772,4724
2021-05-15,San Diego,073,3302833,279887,278991,14822,293813,3737
2021-05-15,San Francisco,075,870044,36582,36795,1256,38051,546
2021-05-15,San Joaquin,077,732212,72776,72197,3461,75658,1359
2021-05-15,San Luis Obispo,079,281455,21315,21061,719,21780,256
2021-05-15,San Mateo,081,765935,42188,42059,463,42522,428
2021-05-15,Santa Barbara,083,443738,34379,34259,1112,35371,459
2021-05-15,Santa Clara,085,1922200,118343,119060,738,119798,2016
2021-05-15,Santa Cruz,087,273765,16201,16137,796,16933,206
2021-05-15,Shasta,089,179085,12153,12152,1533,13685,200
2021-05-15,Sierra,091,2930,56,54,12,66,0
2021-05-15,Siskiyou,093,43540,1889,1788,336,2124,15
2021-05-15,Solano,095,438530,32687,32604,540,33144,253
2021-05-15,Sonoma,097,501317,29890,30020,324,30344,321
2021-05-15,Stanislaus,099,539301,56028,55795,5831,61626,952
2021-05-15,Sutter,101,95872,9401,9436,83,9519,113
2021-05-15,Tehama,103,63373,5039,5012,552,5564,63
2021-05-15,Trinity,105,12862,483,328,87,415,3
2021-05-15,Tulare,107,460477,50127,49080,8835,57915,837
2021-05-15,Tuolumne,109,53932,4018,4064,42,4106,63
2021-05-15,Ventura,111,848112,81205,80662,2940,83602,1017
2021-05-15,Yolo,113,214977,13936,13932,229,14161,211
2021-05-15,Yuba,115,75493,6000,5979,119,6098,49
2021-05-14,Alameda,001,1643700,87648,87621,1900,89521,1249
2021-05-14,Alpine,002,1148,87,88,0,88,0
2021-05-14,Amador,005,37829,3658,3665,32,3697,46
2021-05-14,Butte,007,227075,12417,12076,1817,13893,192
2021-05-14,Calaveras,009,45235,2130,2121,13,2134,53
2021-05-14,Colusa,011,21464,1938,1940,300,2240,14
2021-05-14,Contra Costa,013,1133247,69095,68589,1241,69830,806
2021-05-14,Del Norte,015,27424,1394,1355,12,1367,8
2021-05-14,El Dorado,017,186661,10211,10143,734,10877,113
2021-05-14,Fresno,019,978130,102366,101917,8557,110474,1688
2021-05-14,Glenn,021,27897,2421,2398,552,2950,17
2021-05-14,Humboldt,023,135768,4137,4050,34,4084,37
2021-05-14,Imperial,025,180216,28551,28485,2671,31156,728
2021-05-14,Inyo,027,18085,1404,1400,12,1412,36
2021-05-14,Kern,029,883053,97040,96033,10699,106732,1311
2021-05-14,Kings,031,150075,23107,22910,1069,23979,246
2021-05-14,Lake,033,64148,3501,3483,9,3492,43
2021-05-14,Lassen,035,31185,5190,5154,107,5261,6
2021-05-14,Los Angeles,037,10098052,1205388,1196038,40221,1236259,24101
2021-05-14,Madera,039,155013,16573,16474,917,17391,238
2021-05-14,Marin,041,260295,14059,14010,247,14257,227
2021-05-14,Mariposa,043,17540,428,422,11,433,5
2021-05-14,Mendocino,045,87422,3932,3855,81,3936,46
2021-05-14,Merced,047,269075,30842,31010,1026,32036,450
2021-05-14,Modoc,049,8938,369,362,124,486,3
2021-05-14,Mono,051,14174,1254,1265,17,1282,3
2021-05-14,Monterey,053,433212,43105,42973,1827,44800,380
2021-05-14,Napa,055,140530,9859,9883,32,9915,82
2021-05-14,Nevada,057,99092,4779,4745,185,4930,70
2021-05-14,Orange,059,3164182,255157,253855,11166,265021,5028
2021-05-14,Placer,061,380077,23078,22660,1458,24118,287
2021-05-14,Plumas,063,18699,698,680,10,690,4
2021-05-14,Riverside,065,2383286,293566,288140,13794,301934,4433
2021-05-14,Sacramento,067,1510023,105166,104828,1711,106539,1627
2021-05-14,San Benito,069,59416,6046,6064,111,6175,63
2021-05-14,San Bernardino,071,2135413,292731,291834,8880,300714,4721
2021-05-14,San Diego,073,3302833,279814,278853,14811,293664,3732
2021-05-14,San Francisco,075,870044,36573,36771,1252,38023,545
2021-05-14,San Joaquin,077,732212,72744,72160,3454,75614,1359
2021-05-14,San Luis Obispo,079,281455,21311,21051,719,21770,256
2021-05-14,San Mateo,081,765935,42178,42041,463,42504,428
2021-05-14,Santa Barbara,083,443738,34369,34243,1112,35355,456
2021-05-14,Santa Clara,085,1922200,118314,119006,738,119744,2014
2021-05-14,Santa Cruz,087,273765,16196,16130,796,16926,207
2021-05-14,Shasta,089,179085,12147,12130,1528,13658,200
2021-05-14,Sierra,091,2930,56,54,12,66,0
2021-05-14,Siskiyou,093,43540,1882,1779,335,2114,14
2021-05-14,Solano,095,438530,32667,32585,539,33124,252
2021-05-14,Sonoma,097,501317,29871,30007,324,30331,321
2021-05-14,Stanislaus,099,539301,55993,55752,5825,61577,950
2021-05-14,Sutter,101,95872,9392,9433,81,9514,113
2021-05-14,Tehama,103,63373,5032,5005,552,5557,63
2021-05-14,Trinity,105,12862,483,328,87,415,3
2021-05-14,Tulare,107,460477,50110,49060,8830,57890,836
2021-05-14,Tuolumne,109,53932,4018,4060,42,4102,63
2021-05-14,Ventura,111,848112,81191,80628,2940,83568,1014
2021-05-14,Yolo,113,214977,13931,13922,225,14147,210
2021-05-14,Yuba,115,75493,5996,5970,119,6089,47
2021-05-13,Alameda,001,1643700,87605,87557,1899,89456,1250
2021-05-13,Alpine,002,1148,87,88,0,88,0
2021-05-13,Amador,005,37829,3658,3662,32,3694,46
2021-05-13,Butte,007,227075,12403,12051,1816,13867,196
2021-05-13,Calaveras,009,45235,2128,2120,13,2133,53
2021-05-13,Colusa,011,21464,1937,1939,296,2235,14
2021-05-13,Contra Costa,013,1133247,69047,68522,1240,69762,806
2021-05-13,Del Norte,015,27424,1392,1354,12,1366,8
2021-05-13,El Dorado,017,186661,10208,10133,734,10867,112
2021-05-13,Fresno,019,978130,102337,101862,8556,110418,1687
2021-05-13,Glenn,021,27897,2420,2395,552,2947,17
2021-05-13,Humboldt,023,135768,4119,4027,34,4061,37
2021-05-13,Imperial,025,180216,28536,28468,2669,31137,729
2021-05-13,Inyo,027,18085,1404,1400,12,1412,36
2021-05-13,Kern,029,883053,97016,95996,10680,106676,1311
2021-05-13,Kings,031,150075,23106,22904,1069,23973,246
2021-05-13,Lake,033,64148,3501,3479,9,3488,43
2021-05-13,Lassen,035,31185,5190,5152,106,5258,6
2021-05-13,Los Angeles,037,10098052,1205199,1195504,40207,1235711,24083
2021-05-13,Madera,039,155013,16565,16467,917,17384,238
2021-05-13,Marin,041,260295,14054,14004,245,14249,227
2021-05-13,Mariposa,043,17540,428,422,11,433,5
2021-05-13,Mendocino,045,87422,3928,3846,81,3927,46
2021-05-13,Merced,047,269075,30835,30989,1025,32014,450
2021-05-13,Modoc,049,8938,369,362,124,486,3
2021-05-13,Mono,051,14174,1254,1265,17,1282,3
2021-05-13,Monterey,053,433212,43090,42966,1827,44793,380
2021-05-13,Napa,055,140530,9852,9877,32,9909,82
2021-05-13,Nevada,057,99092,4775,4743,184,4927,70
2021-05-13,Orange,059,3164182,255111,253778,11164,264942,5026
2021-05-13,Placer,061,380077,23051,22668,1451,24119,288
2021-05-13,Plumas,063,18699,698,680,10,690,4
2021-05-13,Riverside,065,2383286,293500,288067,13789,301856,4433
2021-05-13,Sacramento,067,1510023,105080,104711,1709,106420,1626
2021-05-13,San Benito,069,59416,6044,6062,111,6173,63
2021-05-13,San Bernardino,071,2135413,292665,291765,8880,300645,4722
2021-05-13,San Diego,073,3302833,279700,278592,14794,293386,3729
2021-05-13,San Francisco,075,870044,36549,36741,1250,37991,544
2021-05-13,San Joaquin,077,732212,72702,72096,3450,75546,1357
2021-05-13,San Luis Obispo,079,281455,21296,21043,718,21761,255
2021-05-13,San Mateo,081,765935,42161,42059,463,42522,426
2021-05-13,Santa Barbara,083,443738,34357,34242,1112,35354,456
2021-05-13,Santa Clara,085,1922200,118287,118952,738,119690,2013
2021-05-13,Santa Cruz,087,273765,16190,16129,796,16925,208
2021-05-13,Shasta,089,179085,12127,12111,1524,13635,200
2021-05-13,Sierra,091,2930,56,54,12,66,0
2021-05-13,Siskiyou,093,43540,1875,1769,332,2101,14
2021-05-13,Solano,095,438530,32654,32548,537,33085,252
2021-05-13,Sonoma,097,501317,29846,29991,324,30315,321
2021-05-13,Stanislaus,099,539301,55955,55678,5819,61497,949
2021-05-13,Sutter,101,95872,9387,9431,80,9511,112
2021-05-13,Tehama,103,63373,5027,4997,552,5549,63
2021-05-13,Trinity,105,12862,482,327,86,413,3
2021-05-13,Tulare,107,460477,50084,49032,8822,57854,837
2021-05-13,Tuolumne,109,53932,4017,4059,42,4101,63
2021-05-13,Ventura,111,848112,81161,80615,2939,83554,1012
2021-05-13,Yolo,113,214977,13922,13914,223,14137,210
2021-05-13,Yuba,115,75493,5987,5962,119,6081,47
2021-05-12,Alameda,001,1643700,87573,87482,1897,89379,1261
2021-05-12,Alpine,002,1148,87,88,0,88,0
2021-05-12,Amador,005,37829,3658,3658,32,3690,46
2021-05-12,Butte,007,227075,12393,12026,1816,13842,199
2021-05-12,Calaveras,009,45235,2125,2119,13,2132,53
2021-05-12,Colusa,011,21464,1935,1939,295,2234,14
2021-05-12,Contra Costa,013,1133247,68988,68462,1234,69696,805
2021-05-12,Del Norte,015,27424,1390,1352,12,1364,8
2021-05-12,El Dorado,017,186661,10198,10123,734,10857,112
2021-05-12,Fresno,019,978130,102288,101838,8545,110383,1688
2021-05-12,Glenn,021,27897,2417,2391,552,2943,17
2021-05-12,Humboldt,023,135768,4091,3982,34,4016,37
2021-05-12,Imperial,025,180216,28518,28443,2666,31109,726
2021-05-12,Inyo,027,18085,1404,1400,12,1412,36
2021-05-12,Kern,029,883053,96980,95955,10673,106628,1310
2021-05-12,Kings,031,150075,23104,22896,1069,23965,246
2021-05-12,Lake,033,64148,3499,3476,9,3485,43
2021-05-12,Lassen,035,31185,5188,5151,106,5257,6
2021-05-12,Los Angeles,037,10098052,1205014,1195318,40192,1235510,24067
2021-05-12,Madera,039,155013,16558,16462,916,17378,238
2021-05-12,Marin,041,260295,14049,13997,245,14242,227
2021-05-12,Mariposa,043,17540,428,422,11,433,5
2021-05-12,Mendocino,045,87422,3918,3836,81,3917,46
2021-05-12,Merced,047,269075,30819,30941,1025,31966,450
2021-05-12,Modoc,049,8938,368,362,124,486,3
2021-05-12,Mono,051,14174,1254,1265,17,1282,3
2021-05-12,Monterey,053,433212,43078,42950,1826,44776,380
2021-05-12,Napa,055,140530,9846,9870,32,9902,82
2021-05-12,Nevada,057,99092,4771,4738,184,4922,70
2021-05-12,Orange,059,3164182,255060,253587,11160,264747,5024
2021-05-12,Placer,061,380077,23033,22652,1444,24096,288
2021-05-12,Plumas,063,18699,698,681,10,691,4
2021-05-12,Riverside,065,2383286,293430,287830,13785,301615,4431
2021-05-12,Sacramento,067,1510023,104985,104592,1707,106299,1621
2021-05-12,San Benito,069,59416,6044,6062,111,6173,63
2021-05-12,San Bernardino,071,2135413,292616,291505,8875,300380,4715
2021-05-12,San Diego,073,3302833,279596,278402,14773,293175,3729
2021-05-12,San Francisco,075,870044,36529,36720,1249,37969,544
2021-05-12,San Joaquin,077,732212,72648,72043,3446,75489,1356
2021-05-12,San Luis Obispo,079,281455,21286,21021,718,21739,255
2021-05-12,San Mateo,081,765935,42152,42038,462,42500,426
2021-05-12,Santa Barbara,083,443738,34349,34218,1112,35330,456
2021-05-12,Santa Clara,085,1922200,118243,118897,738,119635,2005
2021-05-12,Santa Cruz,087,273765,16184,16123,796,16919,207
2021-05-12,Shasta,089,179085,12107,12092,1522,13614,200
2021-05-12,Sierra,091,2930,56,54,12,66,0
2021-05-12,Siskiyou,093,43540,1871,1760,331,2091,13
2021-05-12,Solano,095,438530,32630,32519,537,33056,252
2021-05-12,Sonoma,097,501317,29834,29976,324,30300,320
2021-05-12,Stanislaus,099,539301,55914,55632,5812,61444,919
2021-05-12,Sutter,101,95872,9384,9427,80,9507,112
2021-05-12,Tehama,103,63373,5022,4989,552,5541,62
2021-05-12,Trinity,105,12862,482,327,86,413,3
2021-05-12,Tulare,107,460477,50068,49001,8814,57815,838
2021-05-12,Tuolumne,109,53932,4016,4056,42,4098,63
2021-05-12,Ventura,111,848112,81142,80577,2939,83516,1010
2021-05-12,Yolo,113,214977,13914,13910,222,14132,210
2021-05-12,Yuba,115,75493,5984,5956,119,6075,47
2021-05-11,Alameda,001,1643700,87508,87413,1893,89306,1290
2021-05-11,Alpine,002,1148,87,88,0,88,0
2021-05-11,Amador,005,37829,3656,3657,32,3689,46
2021-05-11,Butte,007,227075,12378,12008,1813,13821,199
2021-05-11,Calaveras,009,45235,2125,2118,13,2131,52
2021-05-11,Colusa,011,21464,1934,1939,295,2234,14
2021-05-11,Contra Costa,013,1133247,68928,68406,1233,69639,806
2021-05-11,Del Norte,015,27424,1388,1347,12,1359,8
2021-05-11,El Dorado,017,186661,10192,10108,733,10841,112
2021-05-11,Fresno,019,978130,102242,101792,8539,110331,1686
2021-05-11,Glenn,021,27897,2416,2387,551,2938,17
2021-05-11,Humboldt,023,135768,4070,3964,33,3997,37
2021-05-11,Imperial,025,180216,28510,28413,2662,31075,722
2021-05-11,Inyo,027,18085,1403,1402,12,1414,36
2021-05-11,Kern,029,883053,96952,95938,10660,106598,1310
2021-05-11,Kings,031,150075,23096,22887,1069,23956,246
2021-05-11,Lake,033,64148,3498,3473,9,3482,43
2021-05-11,Lassen,035,31185,5186,5148,106,5254,6
2021-05-11,Los Angeles,037,10098052,1204777,1195100,40175,1235275,24048
2021-05-11,Madera,039,155013,16554,16459,915,17374,238
2021-05-11,Marin,041,260295,14042,13987,245,14232,227
2021-05-11,Mariposa,043,17540,428,421,11,432,5
2021-05-11,Mendocino,045,87422,3910,3821,81,3902,46
2021-05-11,Merced,047,269075,30810,30893,1025,31918,449
2021-05-11,Modoc,049,8938,368,362,123,485,3
2021-05-11,Mono,051,14174,1254,1265,17,1282,3
2021-05-11,Monterey,053,433212,43070,42934,1825,44759,380
2021-05-11,Napa,055,140530,9839,9870,32,9902,81
2021-05-11,Nevada,057,99092,4767,4737,184,4921,70
2021-05-11,Orange,059,3164182,254996,253545,11153,264698,5017
2021-05-11,Placer,061,380077,23011,22615,1440,24055,287
2021-05-11,Plumas,063,18699,696,679,10,689,4
2021-05-11,Riverside,065,2383286,293368,287757,13780,301537,4429
2021-05-11,Sacramento,067,1510023,104886,104496,1704,106200,1616
2021-05-11,San Benito,069,59416,6041,6058,111,6169,63
2021-05-11,San Bernardino,071,2135413,292556,291421,8873,300294,4707
2021-05-11,San Diego,073,3302833,279461,278308,14754,293062,3725
2021-05-11,San Francisco,075,870044,36509,36707,1249,37956,543
2021-05-11,San Joaquin,077,732212,72600,71999,3443,75442,1356
2021-05-11,San Luis Obispo,079,281455,21279,21008,716,21724,255
2021-05-11,San Mateo,081,765935,42133,41985,461,42446,425
2021-05-11,Santa Barbara,083,443738,34339,34207,1112,35319,456
2021-05-11,Santa Clara,085,1922200,118196,118857,737,119594,2005
2021-05-11,Santa Cruz,087,273765,16180,16113,796,16909,206
2021-05-11,Shasta,089,179085,12084,12050,1516,13566,200
2021-05-11,Sierra,091,2930,56,54,12,66,0
2021-05-11,Siskiyou,093,43540,1861,1756,329,2085,13
2021-05-11,Solano,095,438530,32612,32499,535,33034,250
2021-05-11,Sonoma,097,501317,29819,29966,324,30290,318
2021-05-11,Stanislaus,099,539301,55866,55589,5808,61397,909
2021-05-11,Sutter,101,95872,9377,9417,80,9497,112
2021-05-11,Tehama,103,63373,5018,4985,551,5536,62
2021-05-11,Trinity,105,12862,482,327,85,412,3
2021-05-11,Tulare,107,460477,50041,48974,8800,57774,837
2021-05-11,Tuolumne,109,53932,4015,4056,42,4098,63
2021-05-11,Ventura,111,848112,81118,80544,2936,83480,1008
2021-05-11,Yolo,113,214977,13901,13902,219,14121,210
2021-05-11,Yuba,115,75493,5975,5950,119,6069,46
2021-05-10,Alameda,001,1643700,87440,87366,1892,89258,1284
2021-05-10,Alpine,002,1148,87,88,0,88,0
2021-05-10,Amador,005,37829,3655,3657,32,3689,46
2021-05-10,Butte,007,227075,12362,11993,1808,13801,199
2021-05-10,Calaveras,009,45235,2118,2118,13,2131,52
2021-05-10,Colusa,011,21464,1934,1939,295,2234,14
2021-05-10,Contra Costa,013,1133247,68864,68357,1233,69590,806
2021-05-10,Del Norte,015,27424,1385,1339,12,1351,8
2021-05-10,El Dorado,017,186661,10178,10093,733,10826,113
2021-05-10,Fresno,019,978130,102210,101755,8533,110288,1682
2021-05-10,Glenn,021,27897,2415,2384,550,2934,17
2021-05-10,Humboldt,023,135768,4040,3961,33,3994,36
2021-05-10,Imperial,025,180216,28496,28397,2658,31055,722
2021-05-10,Inyo,027,18085,1403,1401,12,1413,36
2021-05-10,Kern,029,883053,96909,95920,10646,106566,1310
2021-05-10,Kings,031,150075,23085,22884,1068,23952,246
2021-05-10,Lake,033,64148,3490,3471,9,3480,43
2021-05-10,Lassen,035,31185,5182,5148,106,5254,5
2021-05-10,Los Angeles,037,10098052,1204510,1194976,40160,1235136,24030
2021-05-10,Madera,039,155013,16544,16450,915,17365,238
2021-05-10,Marin,041,260295,14039,13981,245,14226,228
2021-05-10,Mariposa,043,17540,427,420,11,431,5
2021-05-10,Mendocino,045,87422,3904,3818,81,3899,46
2021-05-10,Merced,047,269075,30799,30880,1025,31905,448
2021-05-10,Modoc,049,8938,368,361,123,484,3
2021-05-10,Mono,051,14174,1254,1265,17,1282,3
2021-05-10,Monterey,053,433212,43064,42927,1820,44747,380
2021-05-10,Napa,055,140530,9837,9860,32,9892,81
2021-05-10,Nevada,057,99092,4760,4735,184,4919,70
2021-05-10,Orange,059,3164182,254943,253484,11147,264631,5008
2021-05-10,Placer,061,380077,22989,22590,1437,24027,286
2021-05-10,Plumas,063,18699,695,679,10,689,4
2021-05-10,Riverside,065,2383286,293299,287689,13774,301463,4427
2021-05-10,Sacramento,067,1510023,104775,104378,1699,106077,1613
2021-05-10,San Benito,069,59416,6040,6058,111,6169,63
2021-05-10,San Bernardino,071,2135413,292505,291360,8872,300232,4707
2021-05-10,San Diego,073,3302833,279297,278183,14727,292910,3725
2021-05-10,San Francisco,075,870044,36490,36683,1249,37932,543
2021-05-10,San Joaquin,077,732212,72563,71954,3429,75383,1356
2021-05-10,San Luis Obispo,079,281455,21261,20993,715,21708,256
2021-05-10,San Mateo,081,765935,42116,41926,461,42387,424
2021-05-10,Santa Barbara,083,443738,34331,34201,1112,35313,456
2021-05-10,Santa Clara,085,1922200,118137,118822,737,119559,2003
2021-05-10,Santa Cruz,087,273765,16175,16114,796,16910,206
2021-05-10,Shasta,089,179085,12070,12036,1512,13548,200
2021-05-10,Sierra,091,2930,56,54,12,66,0
2021-05-10,Siskiyou,093,43540,1851,1752,327,2079,13
2021-05-10,Solano,095,438530,32592,32466,533,32999,250
2021-05-10,Sonoma,097,501317,29803,29955,323,30278,318
2021-05-10,Stanislaus,099,539301,55792,55541,5802,61343,898
2021-05-10,Sutter,101,95872,9371,9412,80,9492,111
2021-05-10,Tehama,103,63373,5014,4980,551,5531,62
2021-05-10,Trinity,105,12862,482,327,83,410,3
2021-05-10,Tulare,107,460477,50018,48956,8794,57750,837
2021-05-10,Tuolumne,109,53932,4011,4054,41,4095,63
2021-05-10,Ventura,111,848112,81102,80501,2935,83436,1008
2021-05-10,Yolo,113,214977,13889,13898,217,14115,209
2021-05-10,Yuba,115,75493,5973,5942,119,6061,46
2021-05-09,Alameda,001,1643700,87370,87292,1889,89181,1284
2021-05-09,Alpine,002,1148,87,88,0,88,0
2021-05-09,Amador,005,37829,3653,3655,32,3687,46
2021-05-09,Butte,007,227075,12344,11985,1804,13789,199
2021-05-09,Calaveras,009,45235,2117,2116,13,2129,52
2021-05-09,Colusa,011,21464,1933,1940,295,2235,14
2021-05-09,Contra Costa,013,1133247,68801,68302,1231,69533,806
2021-05-09,Del Norte,015,27424,1378,1338,12,1350,8
2021-05-09,El Dorado,017,186661,10164,10089,729,10818,113
2021-05-09,Fresno,019,978130,102172,101729,8524,110253,1682
2021-05-09,Glenn,021,27897,2408,2382,547,2929,17
2021-05-09,Humboldt,023,135768,4020,3950,33,3983,36
2021-05-09,Imperial,025,180216,28473,28388,2650,31038,722
2021-05-09,Inyo,027,18085,1403,1401,11,1412,36
2021-05-09,Kern,029,883053,96881,95903,10636,106539,1310
2021-05-09,Kings,031,150075,23076,22878,1068,23946,246
2021-05-09,Lake,033,64148,3486,3471,9,3480,43
2021-05-09,Lassen,035,31185,5180,5147,106,5253,5
2021-05-09,Los Angeles,037,10098052,1204252,1194820,40145,1234965,24026
2021-05-09,Madera,039,155013,16535,16444,909,17353,238
2021-05-09,Marin,041,260295,14028,13979,244,14223,228
2021-05-09,Mariposa,043,17540,424,420,11,431,5
2021-05-09,Mendocino,045,87422,3894,3814,81,3895,46
2021-05-09,Merced,047,269075,30776,30883,1025,31908,448
2021-05-09,Modoc,049,8938,368,360,123,483,3
2021-05-09,Mono,051,14174,1254,1264,17,1281,3
2021-05-09,Monterey,053,433212,43046,42918,1820,44738,380
2021-05-09,Napa,055,140530,9826,9857,32,9889,81
2021-05-09,Nevada,057,99092,4753,4727,184,4911,70
2021-05-09,Orange,059,3164182,254889,253451,11139,264590,5008
2021-05-09,Placer,061,380077,22963,22566,1434,24000,286
2021-05-09,Plumas,063,18699,694,679,10,689,4
2021-05-09,Riverside,065,2383286,293219,287644,13768,301412,4427
2021-05-09,Sacramento,067,1510023,104626,104309,1693,106002,1612
2021-05-09,San Benito,069,59416,6038,6056,111,6167,63
2021-05-09,San Bernardino,071,2135413,292422,291337,8866,300203,4707
2021-05-09,San Diego,073,3302833,279130,277950,14705,292655,3725
2021-05-09,San Francisco,075,870044,36464,36669,1247,37916,543
2021-05-09,San Joaquin,077,732212,72517,71927,3428,75355,1356
2021-05-09,San Luis Obispo,079,281455,21250,20999,715,21714,256
2021-05-09,San Mateo,081,765935,42086,41903,461,42364,424
2021-05-09,Santa Barbara,083,443738,34318,34196,1111,35307,456
2021-05-09,Santa Clara,085,1922200,118083,118798,736,119534,2003
2021-05-09,Santa Cruz,087,273765,16169,16094,796,16890,206
2021-05-09,Shasta,089,179085,12040,12034,1507,13541,200
2021-05-09,Sierra,091,2930,56,54,12,66,0
2021-05-09,Siskiyou,093,43540,1844,1741,324,2065,13
2021-05-09,Solano,095,438530,32553,32434,531,32965,250
2021-05-09,Sonoma,097,501317,29789,29953,322,30275,318
2021-05-09,Stanislaus,099,539301,55726,55511,5798,61309,898
2021-05-09,Sutter,101,95872,9365,9413,80,9493,111
2021-05-09,Tehama,103,63373,5009,4979,551,5530,62
2021-05-09,Trinity,105,12862,482,327,83,410,3
2021-05-09,Tulare,107,460477,49991,48948,8789,57737,837
2021-05-09,Tuolumne,109,53932,4009,4053,41,4094,63
2021-05-09,Ventura,111,848112,81087,80487,2934,83421,1008
2021-05-09,Yolo,113,214977,13878,13897,217,14114,209
2021-05-09,Yuba,115,75493,5967,5934,119,6053,46
2021-05-08,Alameda,001,1643700,87328,87213,1885,89098,1284
2021-05-08,Alpine,002,1148,87,88,0,88,0
2021-05-08,Amador,005,37829,3651,3652,32,3684,46
2021-05-08,Butte,007,227075,12332,11962,1803,13765,199
2021-05-08,Calaveras,009,45235,2116,2114,13,2127,52
2021-05-08,Colusa,011,21464,1933,1939,295,2234,14
2021-05-08,Contra Costa,013,1133247,68768,68223,1229,69452,803
2021-05-08,Del Norte,015,27424,1375,1335,12,1347,8
2021-05-08,El Dorado,017,186661,10150,10079,729,10808,113
2021-05-08,Fresno,019,978130,102136,101676,8519,110195,1682
2021-05-08,Glenn,021,27897,2406,2382,545,2927,17
2021-05-08,Humboldt,023,135768,4004,3939,33,3972,36
2021-05-08,Imperial,025,180216,28464,28373,2650,31023,721
2021-05-08,Inyo,027,18085,1403,1402,11,1413,36
2021-05-08,Kern,029,883053,96856,95880,10623,106503,1310
2021-05-08,Kings,031,150075,23073,22872,1067,23939,246
2021-05-08,Lake,033,64148,3485,3470,9,3479,43
2021-05-08,Lassen,035,31185,5179,5145,106,5251,5
2021-05-08,Los Angeles,037,10098052,1204098,1194584,40129,1234713,24022
2021-05-08,Madera,039,155013,16531,16442,909,17351,238
2021-05-08,Marin,041,260295,14025,13974,243,14217,228
2021-05-08,Mariposa,043,17540,424,420,11,431,5
2021-05-08,Mendocino,045,87422,3889,3810,80,3890,46
2021-05-08,Merced,047,269075,30766,30876,1025,31901,448
2021-05-08,Modoc,049,8938,368,360,122,482,3
2021-05-08,Mono,051,14174,1254,1262,17,1279,3
2021-05-08,Monterey,053,433212,43041,42914,1819,44733,380
2021-05-08,Napa,055,140530,9819,9853,32,9885,81
2021-05-08,Nevada,057,99092,4750,4716,184,4900,70
2021-05-08,Orange,059,3164182,254855,253412,11135,264547,5006
2021-05-08,Placer,061,380077,22945,22547,1432,23979,286
2021-05-08,Plumas,063,18699,693,679,10,689,4
2021-05-08,Riverside,065,2383286,293176,287574,13766,301340,4427
2021-05-08,Sacramento,067,1510023,104541,104208,1690,105898,1610
2021-05-08,San Benito,069,59416,6037,6048,111,6159,63
2021-05-08,San Bernardino,071,2135413,292379,291296,8866,300162,4707
2021-05-08,San Diego,073,3302833,279047,277760,14687,292447,3725
2021-05-08,San Francisco,075,870044,36441,36642,1247,37889,543
2021-05-08,San Joaquin,077,732212,72488,71869,3419,75288,1356
2021-05-08,San Luis Obispo,079,281455,21239,20992,715,21707,256
2021-05-08,San Mateo,081,765935,42075,41871,461,42332,424
2021-05-08,Santa Barbara,083,443738,34305,34185,1111,35296,456
2021-05-08,Santa Clara,085,1922200,118052,118751,736,119487,2003
2021-05-08,Santa Cruz,087,273765,16166,16089,796,16885,206
2021-05-08,Shasta,089,179085,12030,12030,1503,13533,200
2021-05-08,Sierra,091,2930,56,54,12,66,0
2021-05-08,Siskiyou,093,43540,1843,1741,320,2061,13
2021-05-08,Solano,095,438530,32529,32395,529,32924,249
2021-05-08,Sonoma,097,501317,29776,29942,322,30264,318
2021-05-08,Stanislaus,099,539301,55695,55467,5794,61261,898
2021-05-08,Sutter,101,95872,9362,9413,80,9493,111
2021-05-08,Tehama,103,63373,5007,4977,551,5528,62
2021-05-08,Trinity,105,12862,482,327,83,410,3
2021-05-08,Tulare,107,460477,49978,48929,8779,57708,837
2021-05-08,Tuolumne,109,53932,4008,4050,41,4091,63
2021-05-08,Ventura,111,848112,81076,80481,2931,83412,1008
2021-05-08,Yolo,113,214977,13875,13894,216,14110,209
2021-05-08,Yuba,115,75493,5959,5928,119,6047,46
2021-05-07,Alameda,001,1643700,87275,87128,1885,89013,1280
2021-05-07,Alpine,002,1148,87,88,0,88,0
2021-05-07,Amador,005,37829,3648,3651,32,3683,46
2021-05-07,Butte,007,227075,12311,11943,1800,13743,199
2021-05-07,Calaveras,009,45235,2114,2114,13,2127,52
2021-05-07,Colusa,011,21464,1933,1937,295,2232,14
2021-05-07,Contra Costa,013,1133247,68721,68156,1227,69383,804
2021-05-07,Del Norte,015,27424,1370,1329,12,1341,8
2021-05-07,El Dorado,017,186661,10137,10065,728,10793,112
2021-05-07,Fresno,019,978130,102103,101625,8518,110143,1684
2021-05-07,Glenn,021,27897,2403,2381,544,2925,17
2021-05-07,Humboldt,023,135768,3989,3919,33,3952,36
2021-05-07,Imperial,025,180216,28456,28352,2650,31002,721
2021-05-07,Inyo,027,18085,1403,1402,11,1413,36
2021-05-07,Kern,029,883053,96843,95839,10611,106450,1308
2021-05-07,Kings,031,150075,23072,22857,1066,23923,246
2021-05-07,Lake,033,64148,3483,3467,9,3476,43
2021-05-07,Lassen,035,31185,5178,5144,105,5249,5
2021-05-07,Los Angeles,037,10098052,1203918,1194294,40122,1234416,24008
2021-05-07,Madera,039,155013,16526,16439,909,17348,238
2021-05-07,Marin,041,260295,14021,13968,243,14211,228
2021-05-07,Mariposa,043,17540,423,419,11,430,5
2021-05-07,Mendocino,045,87422,3883,3805,80,3885,46
2021-05-07,Merced,047,269075,30763,30862,1025,31887,446
2021-05-07,Modoc,049,8938,368,360,122,482,3
2021-05-07,Mono,051,14174,1253,1261,17,1278,3
2021-05-07,Monterey,053,433212,43035,42909,1817,44726,380
2021-05-07,Napa,055,140530,9818,9849,32,9881,81
2021-05-07,Nevada,057,99092,4746,4704,184,4888,70
2021-05-07,Orange,059,3164182,254815,253338,11127,264465,5000
2021-05-07,Placer,061,380077,22925,22524,1430,23954,286
2021-05-07,Plumas,063,18699,693,678,10,688,4
2021-05-07,Riverside,065,2383286,293118,287479,13765,301244,4426
2021-05-07,Sacramento,067,1510023,104469,104068,1685,105753,1609
2021-05-07,San Benito,069,59416,6036,6048,111,6159,63
2021-05-07,San Bernardino,071,2135413,292337,291185,8861,300046,4697
2021-05-07,San Diego,073,3302833,278961,277534,14671,292205,3718
2021-05-07,San Francisco,075,870044,36428,36616,1246,37862,543
2021-05-07,San Joaquin,077,732212,72447,71804,3417,75221,1351
2021-05-07,San Luis Obispo,079,281455,21232,20979,715,21694,256
2021-05-07,San Mateo,081,765935,42060,41844,461,42305,424
2021-05-07,Santa Barbara,083,443738,34295,34166,1111,35277,453
2021-05-07,Santa Clara,085,1922200,118019,118691,735,119426,2002
2021-05-07,Santa Cruz,087,273765,16163,16074,796,16870,206
2021-05-07,Shasta,089,179085,12008,12005,1501,13506,200
2021-05-07,Sierra,091,2930,56,54,12,66,0
2021-05-07,Siskiyou,093,43540,1840,1723,320,2043,13
2021-05-07,Solano,095,438530,32501,32352,527,32879,249
2021-05-07,Sonoma,097,501317,29758,29925,320,30245,318
2021-05-07,Stanislaus,099,539301,55655,55407,5789,61196,896
2021-05-07,Sutter,101,95872,9362,9407,80,9487,111
2021-05-07,Tehama,103,63373,5000,4974,551,5525,57
2021-05-07,Trinity,105,12862,482,327,83,410,3
2021-05-07,Tulare,107,460477,49961,48913,8774,57687,837
2021-05-07,Tuolumne,109,53932,4006,4048,41,4089,63
2021-05-07,Ventura,111,848112,81052,80444,2931,83375,1008
2021-05-07,Yolo,113,214977,13869,13875,215,14090,209
2021-05-07,Yuba,115,75493,5949,5910,119,6029,46
2021-05-06,Alameda,001,1643700,87199,87028,1882,88910,1278
2021-05-06,Alpine,002,1148,87,88,0,88,0
2021-05-06,Amador,005,37829,3646,3650,32,3682,46
2021-05-06,Butte,007,227075,12291,11929,1795,13724,198
2021-05-06,Calaveras,009,45235,2114,2111,13,2124,52
2021-05-06,Colusa,011,21464,1933,1935,295,2230,14
2021-05-06,Contra Costa,013,1133247,68666,68076,1224,69300,802
2021-05-06,Del Norte,015,27424,1362,1324,12,1336,6
2021-05-06,El Dorado,017,186661,10130,10048,728,10776,112
2021-05-06,Fresno,019,978130,102059,101536,8514,110050,1680
2021-05-06,Glenn,021,27897,2402,2380,543,2923,17
2021-05-06,Humboldt,023,135768,3964,3898,33,3931,36
2021-05-06,Imperial,025,180216,28445,28311,2649,30960,720
2021-05-06,Inyo,027,18085,1403,1401,11,1412,36
2021-05-06,Kern,029,883053,96818,95801,10594,106395,1307
2021-05-06,Kings,031,150075,23065,22848,1065,23913,246
2021-05-06,Lake,033,64148,3482,3465,9,3474,43
2021-05-06,Lassen,035,31185,5177,5143,105,5248,1
2021-05-06,Los Angeles,037,10098052,1203676,1193954,40106,1234060,23991
2021-05-06,Madera,039,155013,16518,16430,909,17339,238
2021-05-06,Marin,041,260295,14017,13956,243,14199,228
2021-05-06,Mariposa,043,17540,422,419,11,430,5
2021-05-06,Mendocino,045,87422,3872,3802,80,3882,46
2021-05-06,Merced,047,269075,30748,30863,1023,31886,444
2021-05-06,Modoc,049,8938,368,360,122,482,3
2021-05-06,Mono,051,14174,1251,1261,17,1278,3
2021-05-06,Monterey,053,433212,43020,42899,1817,44716,379
2021-05-06,Napa,055,140530,9812,9843,32,9875,81
2021-05-06,Nevada,057,99092,4745,4687,184,4871,70
2021-05-06,Orange,059,3164182,254747,253286,11121,264407,4991
2021-05-06,Placer,061,380077,22903,22493,1430,23923,286
2021-05-06,Plumas,063,18699,693,678,10,688,4
2021-05-06,Riverside,065,2383286,293045,287399,13760,301159,4422
2021-05-06,Sacramento,067,1510023,104353,103956,1682,105638,1609
2021-05-06,San Benito,069,59416,6035,6045,111,6156,63
2021-05-06,San Bernardino,071,2135413,292267,291085,8860,299945,4683
2021-05-06,San Diego,073,3302833,278834,277324,14648,291972,3716
2021-05-06,San Francisco,075,870044,36413,36599,1246,37845,543
2021-05-06,San Joaquin,077,732212,72392,71729,3414,75143,1350
2021-05-06,San Luis Obispo,079,281455,21220,20965,713,21678,256
2021-05-06,San Mateo,081,765935,42041,41802,460,42262,424
2021-05-06,Santa Barbara,083,443738,34282,34152,1111,35263,453
2021-05-06,Santa Clara,085,1922200,117978,118591,735,119326,2001
2021-05-06,Santa Cruz,087,273765,16156,16050,796,16846,206
2021-05-06,Shasta,089,179085,11986,11983,1495,13478,199
2021-05-06,Sierra,091,2930,56,54,12,66,0
2021-05-06,Siskiyou,093,43540,1830,1711,319,2030,12
2021-05-06,Solano,095,438530,32475,32320,519,32839,249
2021-05-06,Sonoma,097,501317,29750,29911,320,30231,318
2021-05-06,Stanislaus,099,539301,55599,55323,5784,61107,834
2021-05-06,Sutter,101,95872,9356,9396,80,9476,111
2021-05-06,Tehama,103,63373,4995,4970,551,5521,53
2021-05-06,Trinity,105,12862,482,327,83,410,3
2021-05-06,Tulare,107,460477,49936,48890,8759,57649,836
2021-05-06,Tuolumne,109,53932,4002,4047,41,4088,63
2021-05-06,Ventura,111,848112,81021,80411,2928,83339,1005
2021-05-06,Yolo,113,214977,13861,13871,212,14083,209
2021-05-06,Yuba,115,75493,5937,5901,119,6020,46
2021-05-05,Alameda,001,1643700,87138,86950,1880,88830,1278
2021-05-05,Alpine,002,1148,87,88,0,88,0
2021-05-05,Amador,005,37829,3643,3650,32,3682,46
2021-05-05,Butte,007,227075,12273,11907,1792,13699,198
2021-05-05,Calaveras,009,45235,2110,2103,13,2116,52
2021-05-05,Colusa,011,21464,1932,1933,295,2228,14
2021-05-05,Contra Costa,013,1133247,68601,67997,1220,69217,803
2021-05-05,Del Norte,015,27424,1359,1317,12,1329,6
2021-05-05,El Dorado,017,186661,10119,10020,727,10747,111
2021-05-05,Fresno,019,978130,102010,101491,8505,109996,1680
2021-05-05,Glenn,021,27897,2399,2380,542,2922,17
2021-05-05,Humboldt,023,135768,3945,3886,32,3918,36
2021-05-05,Imperial,025,180216,28404,28295,2642,30937,720
2021-05-05,Inyo,027,18085,1402,1401,11,1412,36
2021-05-05,Kern,029,883053,96774,95753,10590,106343,1304
2021-05-05,Kings,031,150075,23059,22840,1064,23904,246
2021-05-05,Lake,033,64148,3479,3458,9,3467,43
2021-05-05,Lassen,035,31185,5177,5143,104,5247,1
2021-05-05,Los Angeles,037,10098052,1203409,1193608,40092,1233700,23977
2021-05-05,Madera,039,155013,16516,16423,909,17332,235
2021-05-05,Marin,041,260295,14009,13950,242,14192,228
2021-05-05,Mariposa,043,17540,422,418,11,429,5
2021-05-05,Mendocino,045,87422,3868,3799,80,3879,46
2021-05-05,Merced,047,269075,30727,30844,1023,31867,444
2021-05-05,Modoc,049,8938,367,361,121,482,3
2021-05-05,Mono,051,14174,1251,1260,17,1277,3
2021-05-05,Monterey,053,433212,43007,42870,1814,44684,379
2021-05-05,Napa,055,140530,9806,9833,32,9865,81
2021-05-05,Nevada,057,99092,4742,4666,184,4850,70
2021-05-05,Orange,059,3164182,254689,253237,11116,264353,4978
2021-05-05,Placer,061,380077,22871,22362,1426,23788,287
2021-05-05,Plumas,063,18699,693,677,10,687,4
2021-05-05,Riverside,065,2383286,292950,287353,13751,301104,4414
2021-05-05,Sacramento,067,1510023,104265,103476,1677,105153,1607
2021-05-05,San Benito,069,59416,6026,6046,111,6157,63
2021-05-05,San Bernardino,071,2135413,292192,291008,8855,299863,4677
2021-05-05,San Diego,073,3302833,278697,277098,14629,291727,3716
2021-05-05,San Francisco,075,870044,36398,36577,1245,37822,543
2021-05-05,San Joaquin,077,732212,72340,71638,3411,75049,1345
2021-05-05,San Luis Obispo,079,281455,21212,20958,713,21671,256
2021-05-05,San Mateo,081,765935,42012,41755,459,42214,415
2021-05-05,Santa Barbara,083,443738,34267,34139,1110,35249,453
2021-05-05,Santa Clara,085,1922200,117948,118482,732,119214,1992
2021-05-05,Santa Cruz,087,273765,16150,16013,796,16809,207
2021-05-05,Shasta,089,179085,11970,11939,1491,13430,200
2021-05-05,Sierra,091,2930,56,54,12,66,0
2021-05-05,Siskiyou,093,43540,1813,1706,311,2017,11
2021-05-05,Solano,095,438530,32440,32250,517,32767,249
2021-05-05,Sonoma,097,501317,29737,29879,320,30199,318
2021-05-05,Stanislaus,099,539301,55542,55231,5782,61013,807
2021-05-05,Sutter,101,95872,9350,9387,80,9467,111
2021-05-05,Tehama,103,63373,4991,4968,551,5519,53
2021-05-05,Trinity,105,12862,482,326,83,409,3
2021-05-05,Tulare,107,460477,49912,48875,8752,57627,835
2021-05-05,Tuolumne,109,53932,3999,4040,41,4081,63
2021-05-05,Ventura,111,848112,80993,80372,2924,83296,1005
2021-05-05,Yolo,113,214977,13857,13846,210,14056,209
2021-05-05,Yuba,115,75493,5927,5895,118,6013,44
2021-05-04,Alameda,001,1643700,87046,86894,1880,88774,1277
2021-05-04,Alpine,002,1148,87,88,0,88,0
2021-05-04,Amador,005,37829,3643,3650,32,3682,46
2021-05-04,Butte,007,227075,12249,11883,1791,13674,198
2021-05-04,Calaveras,009,45235,2106,2100,13,2113,52
2021-05-04,Colusa,011,21464,1931,1933,295,2228,14
2021-05-04,Contra Costa,013,1133247,68521,67931,1218,69149,799
2021-05-04,Del Norte,015,27424,1359,1314,12,1326,6
2021-05-04,El Dorado,017,186661,10108,10009,723,10732,110
2021-05-04,Fresno,019,978130,101955,101451,8498,109949,1677
2021-05-04,Glenn,021,27897,2396,2379,539,2918,17
2021-05-04,Humboldt,023,135768,3919,3877,32,3909,36
2021-05-04,Imperial,025,180216,28385,28276,2639,30915,720
2021-05-04,Inyo,027,18085,1402,1399,11,1410,36
2021-05-04,Kern,029,883053,96738,95720,10572,106292,1301
2021-05-04,Kings,031,150075,23045,22822,1061,23883,246
2021-05-04,Lake,033,64148,3478,3454,9,3463,43
2021-05-04,Lassen,035,31185,5176,5142,104,5246,1
2021-05-04,Los Angeles,037,10098052,1203119,1193453,40079,1233532,23957
2021-05-04,Madera,039,155013,16515,16418,909,17327,235
2021-05-04,Marin,041,260295,14001,13935,242,14177,228
2021-05-04,Mariposa,043,17540,422,418,11,429,5
2021-05-04,Mendocino,045,87422,3863,3794,80,3874,46
2021-05-04,Merced,047,269075,30710,30829,1023,31852,444
2021-05-04,Modoc,049,8938,366,360,120,480,3
2021-05-04,Mono,051,14174,1251,1260,17,1277,3
2021-05-04,Monterey,053,433212,42995,42845,1813,44658,380
2021-05-04,Napa,055,140530,9797,9824,32,9856,81
2021-05-04,Nevada,057,99092,4735,4656,184,4840,70
2021-05-04,Orange,059,3164182,254621,253177,11108,264285,4977
2021-05-04,Placer,061,380077,22843,22326,1423,23749,287
2021-05-04,Plumas,063,18699,692,675,10,685,4
2021-05-04,Riverside,065,2383286,292866,287285,13744,301029,4411
2021-05-04,Sacramento,067,1510023,104136,103383,1672,105055,1604
2021-05-04,San Benito,069,59416,6025,6039,111,6150,63
2021-05-04,San Bernardino,071,2135413,292115,290934,8848,299782,4668
2021-05-04,San Diego,073,3302833,278530,276879,14612,291491,3713
2021-05-04,San Francisco,075,870044,36380,36550,1245,37795,541
2021-05-04,San Joaquin,077,732212,72279,71582,3406,74988,1342
2021-05-04,San Luis Obispo,079,281455,21206,20923,711,21634,255
2021-05-04,San Mateo,081,765935,41986,41708,459,42167,415
2021-05-04,Santa Barbara,083,443738,34252,34131,1109,35240,453
2021-05-04,Santa Clara,085,1922200,117885,118431,731,119162,1988
2021-05-04,Santa Cruz,087,273765,16144,16005,796,16801,207
2021-05-04,Shasta,089,179085,11950,11923,1485,13408,198
2021-05-04,Sierra,091,2930,56,54,12,66,0
2021-05-04,Siskiyou,093,43540,1806,1694,309,2003,11
2021-05-04,Solano,095,438530,32399,32220,515,32735,249
2021-05-04,Sonoma,097,501317,29717,29867,319,30186,318
2021-05-04,Stanislaus,099,539301,55486,55165,5779,60944,807
2021-05-04,Sutter,101,95872,9345,9375,80,9455,111
2021-05-04,Tehama,103,63373,4988,4959,550,5509,53
2021-05-04,Trinity,105,12862,482,326,83,409,3
2021-05-04,Tulare,107,460477,49885,48857,8744,57601,835
2021-05-04,Tuolumne,109,53932,3997,4041,41,4082,61
2021-05-04,Ventura,111,848112,80964,80351,2922,83273,1005
2021-05-04,Yolo,113,214977,13844,13820,208,14028,208
2021-05-04,Yuba,115,75493,5921,5891,118,6009,44
2021-05-03,Alameda,001,1643700,86970,86845,1875,88720,1272
2021-05-03,Alpine,002,1148,87,88,0,88,0
2021-05-03,Amador,005,37829,3643,3651,32,3683,46
2021-05-03,Butte,007,227075,12239,11864,1788,13652,198
2021-05-03,Calaveras,009,45235,2104,2099,13,2112,50
2021-05-03,Colusa,011,21464,1930,1931,293,2224,14
2021-05-03,Contra Costa,013,1133247,68462,67895,1214,69109,799
2021-05-03,Del Norte,015,27424,1354,1306,11,1317,6
2021-05-03,El Dorado,017,186661,10090,9984,718,10702,110
2021-05-03,Fresno,019,978130,101899,101405,8488,109893,1678
2021-05-03,Glenn,021,27897,2396,2375,538,2913,17
2021-05-03,Humboldt,023,135768,3904,3865,32,3897,36
2021-05-03,Imperial,025,180216,28363,28280,2636,30916,720
2021-05-03,Inyo,027,18085,1401,1398,11,1409,36
2021-05-03,Kern,029,883053,96701,95693,10561,106254,1299
2021-05-03,Kings,031,150075,23036,22821,1061,23882,246
2021-05-03,Lake,033,64148,3476,3446,9,3455,43
2021-05-03,Lassen,035,31185,5175,5142,104,5246,1
2021-05-03,Los Angeles,037,10098052,1202851,1193261,40053,1233314,23942
2021-05-03,Madera,039,155013,16510,16414,908,17322,235
2021-05-03,Marin,041,260295,13995,13927,242,14169,228
2021-05-03,Mariposa,043,17540,422,418,11,429,5
2021-05-03,Mendocino,045,87422,3856,3792,80,3872,46
2021-05-03,Merced,047,269075,30699,30814,1021,31835,444
2021-05-03,Modoc,049,8938,366,360,120,480,3
2021-05-03,Mono,051,14174,1251,1259,17,1276,3
2021-05-03,Monterey,053,433212,42983,42837,1811,44648,380
2021-05-03,Napa,055,140530,9792,9815,32,9847,81
2021-05-03,Nevada,057,99092,4727,4650,184,4834,70
2021-05-03,Orange,059,3164182,254563,253107,11099,264206,4968
2021-05-03,Placer,061,380077,22812,22289,1417,23706,287
2021-05-03,Plumas,063,18699,691,675,10,685,4
2021-05-03,Riverside,065,2383286,292792,287233,13743,300976,4412
2021-05-03,Sacramento,067,1510023,103983,103303,1662,104965,1602
2021-05-03,San Benito,069,59416,6024,6038,111,6149,63
2021-05-03,San Bernardino,071,2135413,292047,290886,8845,299731,4659
2021-05-03,San Diego,073,3302833,278367,276693,14587,291280,3712
2021-05-03,San Francisco,075,870044,36354,36538,1245,37783,541
2021-05-03,San Joaquin,077,732212,72229,71504,3403,74907,1325
2021-05-03,San Luis Obispo,079,281455,21190,20915,708,21623,254
2021-05-03,San Mateo,081,765935,41963,41689,458,42147,413
2021-05-03,Santa Barbara,083,443738,34240,34119,1109,35228,453
2021-05-03,Santa Clara,085,1922200,117831,118373,730,119103,1988
2021-05-03,Santa Cruz,087,273765,16141,16000,796,16796,207
2021-05-03,Shasta,089,179085,11927,11890,1480,13370,197
2021-05-03,Sierra,091,2930,56,54,12,66,0
2021-05-03,Siskiyou,093,43540,1800,1683,303,1986,11
2021-05-03,Solano,095,438530,32358,32201,514,32715,249
2021-05-03,Sonoma,097,501317,29705,29855,316,30171,318
2021-05-03,Stanislaus,099,539301,55420,55116,5770,60886,774
2021-05-03,Sutter,101,95872,9333,9370,80,9450,111
2021-05-03,Tehama,103,63373,4980,4952,550,5502,53
2021-05-03,Trinity,105,12862,482,326,83,409,3
2021-05-03,Tulare,107,460477,49867,48844,8734,57578,835
2021-05-03,Tuolumne,109,53932,3996,4038,41,4079,61
2021-05-03,Ventura,111,848112,80942,80291,2922,83213,1005
2021-05-03,Yolo,113,214977,13830,13809,207,14016,208
2021-05-03,Yuba,115,75493,5916,5880,118,5998,44
2021-05-02,Alameda,001,1643700,86885,86784,1873,88657,1272
2021-05-02,Alpine,002,1148,87,88,0,88,0
2021-05-02,Amador,005,37829,3643,3650,32,3682,46
2021-05-02,Butte,007,227075,12215,11859,1786,13645,198
2021-05-02,Calaveras,009,45235,2100,2098,13,2111,50
2021-05-02,Colusa,011,21464,1929,1931,292,2223,14
2021-05-02,Contra Costa,013,1133247,68377,67843,1212,69055,800
2021-05-02,Del Norte,015,27424,1347,1305,11,1316,6
2021-05-02,El Dorado,017,186661,10075,9962,717,10679,110
2021-05-02,Fresno,019,978130,101827,101372,8477,109849,1678
2021-05-02,Glenn,021,27897,2395,2374,536,2910,17
2021-05-02,Humboldt,023,135768,3892,3858,31,3889,36
2021-05-02,Imperial,025,180216,28329,28275,2627,30902,721
2021-05-02,Inyo,027,18085,1399,1398,11,1409,36
2021-05-02,Kern,029,883053,96643,95668,10554,106222,1299
2021-05-02,Kings,031,150075,23018,22816,1060,23876,246
2021-05-02,Lake,033,64148,3474,3443,9,3452,43
2021-05-02,Lassen,035,31185,5174,5142,103,5245,1
2021-05-02,Los Angeles,037,10098052,1202499,1193056,40032,1233088,23943
2021-05-02,Madera,039,155013,16504,16410,908,17318,235
2021-05-02,Marin,041,260295,13985,13917,242,14159,228
2021-05-02,Mariposa,043,17540,422,419,11,430,5
2021-05-02,Mendocino,045,87422,3851,3787,80,3867,46
2021-05-02,Merced,047,269075,30679,30793,1017,31810,444
2021-05-02,Modoc,049,8938,365,360,120,480,3
2021-05-02,Mono,051,14174,1250,1259,17,1276,3
2021-05-02,Monterey,053,433212,42969,42837,1810,44647,380
2021-05-02,Napa,055,140530,9788,9805,32,9837,81
2021-05-02,Nevada,057,99092,4711,4635,184,4819,70
2021-05-02,Orange,059,3164182,254489,253025,11085,264110,4968
2021-05-02,Placer,061,380077,22783,22264,1414,23678,287
2021-05-02,Plumas,063,18699,691,675,10,685,4
2021-05-02,Riverside,065,2383286,292692,287197,13733,300930,4412
2021-05-02,Sacramento,067,1510023,103844,103153,1654,104807,1602
2021-05-02,San Benito,069,59416,6019,6037,111,6148,63
2021-05-02,San Bernardino,071,2135413,291948,290859,8843,299702,4655
2021-05-02,San Diego,073,3302833,278171,276521,14560,291081,3712
2021-05-02,San Francisco,075,870044,36328,36522,1245,37767,541
2021-05-02,San Joaquin,077,732212,72165,71447,3397,74844,1325
2021-05-02,San Luis Obispo,079,281455,21169,20910,707,21617,254
2021-05-02,San Mateo,081,765935,41947,41656,457,42113,412
2021-05-02,Santa Barbara,083,443738,34226,34106,1109,35215,453
2021-05-02,Santa Clara,085,1922200,117757,118321,730,119051,1988
2021-05-02,Santa Cruz,087,273765,16136,15995,795,16790,207
2021-05-02,Shasta,089,179085,11911,11885,1472,13357,197
2021-05-02,Sierra,091,2930,56,54,12,66,0
2021-05-02,Siskiyou,093,43540,1789,1661,302,1963,11
2021-05-02,Solano,095,438530,32319,32151,510,32661,249
2021-05-02,Sonoma,097,501317,29683,29842,316,30158,318
2021-05-02,Stanislaus,099,539301,55346,55057,5763,60820,774
2021-05-02,Sutter,101,95872,9327,9363,80,9443,111
2021-05-02,Tehama,103,63373,4975,4950,548,5498,53
2021-05-02,Trinity,105,12862,482,326,83,409,3
2021-05-02,Tulare,107,460477,49849,48834,8726,57560,835
2021-05-02,Tuolumne,109,53932,3993,4038,41,4079,61
2021-05-02,Ventura,111,848112,80904,80284,2921,83205,1005
2021-05-02,Yolo,113,214977,13818,13799,206,14005,208
2021-05-02,Yuba,115,75493,5906,5879,118,5997,44
2021-05-01,Alameda,001,1643700,86842,86704,1870,88574,1270
2021-05-01,Alpine,002,1148,87,88,0,88,0
2021-05-01,Amador,005,37829,3643,3650,32,3682,46
2021-05-01,Butte,007,227075,12201,11845,1781,13626,198
2021-05-01,Calaveras,009,45235,2098,2096,13,2109,50
2021-05-01,Colusa,011,21464,1928,1931,292,2223,14
2021-05-01,Contra Costa,013,1133247,68325,67779,1209,68988,800
2021-05-01,Del Norte,015,27424,1346,1292,11,1303,6
2021-05-01,El Dorado,017,186661,10061,9944,715,10659,110
2021-05-01,Fresno,019,978130,101782,101326,8471,109797,1678
2021-05-01,Glenn,021,27897,2392,2369,535,2904,17
2021-05-01,Humboldt,023,135768,3878,3845,31,3876,36
2021-05-01,Imperial,025,180216,28322,28262,2627,30889,721
2021-05-01,Inyo,027,18085,1399,1397,11,1408,36
2021-05-01,Kern,029,883053,96616,95645,10543,106188,1299
2021-05-01,Kings,031,150075,23015,22797,1059,23856,246
2021-05-01,Lake,033,64148,3472,3441,9,3450,43
2021-05-01,Lassen,035,31185,5172,5142,103,5245,1
2021-05-01,Los Angeles,037,10098052,1202329,1192781,40018,1232799,23946
2021-05-01,Madera,039,155013,16500,16408,908,17316,235
2021-05-01,Marin,041,260295,13977,13902,242,14144,228
2021-05-01,Mariposa,043,17540,422,418,11,429,5
2021-05-01,Mendocino,045,87422,3849,3782,80,3862,46
2021-05-01,Merced,047,269075,30662,30771,1016,31787,444
2021-05-01,Modoc,049,8938,365,361,120,481,3
2021-05-01,Mono,051,14174,1250,1258,17,1275,3
2021-05-01,Monterey,053,433212,42963,42828,1810,44638,379
2021-05-01,Napa,055,140530,9785,9800,32,9832,81
2021-05-01,Nevada,057,99092,4706,4625,184,4809,70
2021-05-01,Orange,059,3164182,254446,252969,11075,264044,4964
2021-05-01,Placer,061,380077,22757,22240,1412,23652,287
2021-05-01,Plumas,063,18699,690,675,10,685,4
2021-05-01,Riverside,065,2383286,292653,287129,13731,300860,4412
2021-05-01,Sacramento,067,1510023,103763,103043,1653,104696,1602
2021-05-01,San Benito,069,59416,6016,6030,111,6141,63
2021-05-01,San Bernardino,071,2135413,291905,290802,8842,299644,4652
2021-05-01,San Diego,073,3302833,278047,276367,14539,290906,3706
2021-05-01,San Francisco,075,870044,36313,36496,1245,37741,541
2021-05-01,San Joaquin,077,732212,72116,71389,3395,74784,1325
2021-05-01,San Luis Obispo,079,281455,21164,20896,707,21603,254
2021-05-01,San Mateo,081,765935,41918,41617,456,42073,411
2021-05-01,Santa Barbara,083,443738,34221,34085,1108,35193,453
2021-05-01,Santa Clara,085,1922200,117705,118265,728,118993,1988
2021-05-01,Santa Cruz,087,273765,16133,15984,795,16779,207
2021-05-01,Shasta,089,179085,11891,11878,1465,13343,197
2021-05-01,Sierra,091,2930,56,53,12,65,0
2021-05-01,Siskiyou,093,43540,1781,1653,301,1954,11
2021-05-01,Solano,095,438530,32289,32124,502,32626,249
2021-05-01,Sonoma,097,501317,29680,29835,316,30151,318
2021-05-01,Stanislaus,099,539301,55311,55005,5757,60762,774
2021-05-01,Sutter,101,95872,9324,9358,80,9438,110
2021-05-01,Tehama,103,63373,4974,4950,547,5497,53
2021-05-01,Trinity,105,12862,482,326,82,408,3
2021-05-01,Tulare,107,460477,49842,48818,8720,57538,835
2021-05-01,Tuolumne,109,53932,3987,4035,41,4076,61
2021-05-01,Ventura,111,848112,80886,80268,2921,83189,1005
2021-05-01,Yolo,113,214977,13811,13784,204,13988,208
2021-05-01,Yuba,115,75493,5904,5875,118,5993,44
2021-04-30,Alameda,001,1643700,86781,86602,1867,88469,1268
2021-04-30,Alpine,002,1148,87,88,0,88,0
2021-04-30,Amador,005,37829,3641,3650,32,3682,46
2021-04-30,Butte,007,227075,12182,11812,1777,13589,197
2021-04-30,Calaveras,009,45235,2097,2087,13,2100,50
2021-04-30,Colusa,011,21464,1928,1931,291,2222,14
2021-04-30,Contra Costa,013,1133247,68277,67684,1206,68890,800
2021-04-30,Del Norte,015,27424,1334,1276,11,1287,6
2021-04-30,El Dorado,017,186661,10047,9906,715,10621,110
2021-04-30,Fresno,019,978130,101736,101263,8467,109730,1670
2021-04-30,Glenn,021,27897,2391,2369,535,2904,17
2021-04-30,Humboldt,023,135768,3865,3834,31,3865,36
2021-04-30,Imperial,025,180216,28313,28244,2624,30868,721
2021-04-30,Inyo,027,18085,1399,1397,11,1408,36
2021-04-30,Kern,029,883053,96599,95605,10539,106144,1298
2021-04-30,Kings,031,150075,23012,22793,1058,23851,246
2021-04-30,Lake,033,64148,3468,3440,9,3449,43
2021-04-30,Lassen,035,31185,5171,5140,103,5243,1
2021-04-30,Los Angeles,037,10098052,1202119,1192393,40005,1232398,23919
2021-04-30,Madera,039,155013,16494,16395,908,17303,235
2021-04-30,Marin,041,260295,13969,13895,240,14135,228
2021-04-30,Mariposa,043,17540,422,417,11,428,5
2021-04-30,Mendocino,045,87422,3845,3777,80,3857,46
2021-04-30,Merced,047,269075,30649,30740,1015,31755,444
2021-04-30,Modoc,049,8938,364,360,120,480,3
2021-04-30,Mono,051,14174,1250,1258,17,1275,3
2021-04-30,Monterey,053,433212,42949,42810,1809,44619,379
2021-04-30,Napa,055,140530,9781,9792,32,9824,81
2021-04-30,Nevada,057,99092,4698,4608,184,4792,70
2021-04-30,Orange,059,3164182,254388,252883,11069,263952,4956
2021-04-30,Placer,061,380077,22738,22190,1408,23598,287
2021-04-30,Plumas,063,18699,690,677,10,687,4
2021-04-30,Riverside,065,2383286,292595,287030,13724,300754,4412
2021-04-30,Sacramento,067,1510023,103662,102864,1649,104513,1596
2021-04-30,San Benito,069,59416,6012,6024,110,6134,63
2021-04-30,San Bernardino,071,2135413,291845,290704,8841,299545,4640
2021-04-30,San Diego,073,3302833,277951,276157,14528,290685,3702
2021-04-30,San Francisco,075,870044,36302,36453,1244,37697,538
2021-04-30,San Joaquin,077,732212,72064,71311,3392,74703,1306
2021-04-30,San Luis Obispo,079,281455,21158,20884,707,21591,255
2021-04-30,San Mateo,081,765935,41904,41583,455,42038,380
2021-04-30,Santa Barbara,083,443738,34208,34061,1108,35169,451
2021-04-30,Santa Clara,085,1922200,117647,118170,724,118894,1988
2021-04-30,Santa Cruz,087,273765,16128,15975,795,16770,207
2021-04-30,Shasta,089,179085,11870,11848,1462,13310,197
2021-04-30,Sierra,091,2930,56,53,12,65,0
2021-04-30,Siskiyou,093,43540,1770,1628,298,1926,11
2021-04-30,Solano,095,438530,32257,32050,499,32549,249
2021-04-30,Sonoma,097,501317,29670,29816,314,30130,318
2021-04-30,Stanislaus,099,539301,55260,54938,5754,60692,774
2021-04-30,Sutter,101,95872,9322,9353,80,9433,110
2021-04-30,Tehama,103,63373,4971,4944,547,5491,53
2021-04-30,Trinity,105,12862,482,326,82,408,3
2021-04-30,Tulare,107,460477,49832,48797,8704,57501,836
2021-04-30,Tuolumne,109,53932,3986,4033,41,4074,61
2021-04-30,Ventura,111,848112,80846,80232,2916,83148,1004
2021-04-30,Yolo,113,214977,13799,13756,204,13960,208
2021-04-30,Yuba,115,75493,5896,5870,118,5988,44
2021-04-29,Alameda,001,1643700,86714,86490,1866,88356,1263
2021-04-29,Alpine,002,1148,87,88,0,88,0
2021-04-29,Amador,005,37829,3641,3649,32,3681,46
2021-04-29,Butte,007,227075,12167,11787,1775,13562,196
2021-04-29,Calaveras,009,45235,2094,2082,13,2095,50
2021-04-29,Colusa,011,21464,1928,1929,291,2220,14
2021-04-29,Contra Costa,013,1133247,68222,67606,1203,68809,795
2021-04-29,Del Norte,015,27424,1330,1271,11,1282,6
2021-04-29,El Dorado,017,186661,10027,9884,712,10596,107
2021-04-29,Fresno,019,978130,101682,101189,8456,109645,1667
2021-04-29,Glenn,021,27897,2388,2369,535,2904,17
2021-04-29,Humboldt,023,135768,3851,3815,31,3846,36
2021-04-29,Imperial,025,180216,28301,28235,2623,30858,720
2021-04-29,Inyo,027,18085,1399,1396,11,1407,36
2021-04-29,Kern,029,883053,96566,95547,10535,106082,1295
2021-04-29,Kings,031,150075,23002,22777,1053,23830,245
2021-04-29,Lake,033,64148,3460,3438,9,3447,43
2021-04-29,Lassen,035,31185,5171,5140,103,5243,1
2021-04-29,Los Angeles,037,10098052,1201841,1192068,39984,1232052,23899
2021-04-29,Madera,039,155013,16489,16383,907,17290,235
2021-04-29,Marin,041,260295,13965,13884,232,14116,228
2021-04-29,Mariposa,043,17540,421,416,11,427,5
2021-04-29,Mendocino,045,87422,3839,3774,80,3854,46
2021-04-29,Merced,047,269075,30630,30706,1013,31719,444
2021-04-29,Modoc,049,8938,364,360,120,480,3
2021-04-29,Mono,051,14174,1247,1259,17,1276,3
2021-04-29,Monterey,053,433212,42932,42797,1808,44605,379
2021-04-29,Napa,055,140530,9767,9789,32,9821,81
2021-04-29,Nevada,057,99092,4687,4590,184,4774,70
2021-04-29,Orange,059,3164182,254318,252823,11054,263877,4934
2021-04-29,Placer,061,380077,22713,22161,1406,23567,286
2021-04-29,Plumas,063,18699,689,676,10,686,4
2021-04-29,Riverside,065,2383286,292527,286947,13722,300669,4409
2021-04-29,Sacramento,067,1510023,103529,102686,1639,104325,1593
2021-04-29,San Benito,069,59416,6011,6023,110,6133,63
2021-04-29,San Bernardino,071,2135413,291773,290606,8836,299442,4609
2021-04-29,San Diego,073,3302833,277800,275961,14511,290472,3700
2021-04-29,San Francisco,075,870044,36277,36412,1244,37656,537
2021-04-29,San Joaquin,077,732212,71998,71225,3387,74612,1301
2021-04-29,San Luis Obispo,079,281455,21147,20876,707,21583,255
2021-04-29,San Mateo,081,765935,41876,41538,454,41992,358
2021-04-29,Santa Barbara,083,443738,34192,34039,1106,35145,448
2021-04-29,Santa Clara,085,1922200,117592,118082,721,118803,1984
2021-04-29,Santa Cruz,087,273765,16122,15961,795,16756,205
2021-04-29,Shasta,089,179085,11839,11836,1454,13290,193
2021-04-29,Sierra,091,2930,56,53,12,65,0
2021-04-29,Siskiyou,093,43540,1761,1615,295,1910,11
2021-04-29,Solano,095,438530,32216,32002,495,32497,248
2021-04-29,Sonoma,097,501317,29655,29785,311,30096,318
2021-04-29,Stanislaus,099,539301,55193,54836,5749,60585,774
2021-04-29,Sutter,101,95872,9315,9346,80,9426,110
2021-04-29,Tehama,103,63373,4963,4939,547,5486,53
2021-04-29,Trinity,105,12862,482,326,82,408,3
2021-04-29,Tulare,107,460477,49814,48785,8693,57478,832
2021-04-29,Tuolumne,109,53932,3985,4030,41,4071,58
2021-04-29,Ventura,111,848112,80812,80188,2914,83102,1002
2021-04-29,Yolo,113,214977,13779,13745,203,13948,205
2021-04-29,Yuba,115,75493,5886,5865,118,5983,44
2021-04-28,Alameda,001,1643700,86642,86390,1862,88252,1260
2021-04-28,Alpine,002,1148,87,88,0,88,0
2021-04-28,Amador,005,37829,3641,3646,32,3678,46
2021-04-28,Butte,007,227075,12147,11762,1770,13532,196
2021-04-28,Calaveras,009,45235,2090,2078,12,2090,50
2021-04-28,Colusa,011,21464,1925,1927,290,2217,14
2021-04-28,Contra Costa,013,1133247,68162,67539,1201,68740,795
2021-04-28,Del Norte,015,27424,1322,1267,11,1278,6
2021-04-28,El Dorado,017,186661,10002,9873,712,10585,107
2021-04-28,Fresno,019,978130,101636,101161,8446,109607,1666
2021-04-28,Glenn,021,27897,2385,2368,535,2903,17
2021-04-28,Humboldt,023,135768,3835,3796,31,3827,36
2021-04-28,Imperial,025,180216,28287,28177,2622,30799,720
2021-04-28,Inyo,027,18085,1399,1396,10,1406,36
2021-04-28,Kern,029,883053,96537,95494,10526,106020,1295
2021-04-28,Kings,031,150075,22990,22767,1051,23818,245
2021-04-28,Lake,033,64148,3457,3433,9,3442,43
2021-04-28,Lassen,035,31185,5171,5138,103,5241,1
2021-04-28,Los Angeles,037,10098052,1201539,1191729,39957,1231686,23858
2021-04-28,Madera,039,155013,16485,16372,907,17279,235
2021-04-28,Marin,041,260295,13954,13866,232,14098,227
2021-04-28,Mariposa,043,17540,418,415,11,426,5
2021-04-28,Mendocino,045,87422,3833,3770,78,3848,46
2021-04-28,Merced,047,269075,30612,30649,1013,31662,443
2021-04-28,Modoc,049,8938,364,360,120,480,3
2021-04-28,Mono,051,14174,1247,1258,17,1275,3
2021-04-28,Monterey,053,433212,42927,42776,1808,44584,379
2021-04-28,Napa,055,140530,9756,9777,32,9809,81
2021-04-28,Nevada,057,99092,4667,4570,184,4754,70
2021-04-28,Orange,059,3164182,254238,252747,11042,263789,4931
2021-04-28,Placer,061,380077,22686,22115,1405,23520,285
2021-04-28,Plumas,063,18699,689,676,10,686,4
2021-04-28,Riverside,065,2383286,292471,286868,13716,300584,4407
2021-04-28,Sacramento,067,1510023,103408,102613,1635,104248,1591
2021-04-28,San Benito,069,59416,6009,6021,110,6131,63
2021-04-28,San Bernardino,071,2135413,291694,290548,8826,299374,4582
2021-04-28,San Diego,073,3302833,277646,275821,14497,290318,3698
2021-04-28,San Francisco,075,870044,36247,36382,1243,37625,534
2021-04-28,San Joaquin,077,732212,71918,71171,3379,74550,1301
2021-04-28,San Luis Obispo,079,281455,21139,20851,707,21558,255
2021-04-28,San Mateo,081,765935,41851,41498,452,41950,358
2021-04-28,Santa Barbara,083,443738,34178,34003,1106,35109,448
2021-04-28,Santa Clara,085,1922200,117523,117997,719,118716,1969
2021-04-28,Santa Cruz,087,273765,16118,15943,794,16737,205
2021-04-28,Shasta,089,179085,11823,11815,1447,13262,192
2021-04-28,Sierra,091,2930,56,51,12,63,0
2021-04-28,Siskiyou,093,43540,1748,1603,292,1895,11
2021-04-28,Solano,095,438530,32184,31982,490,32472,248
2021-04-28,Sonoma,097,501317,29641,29773,307,30080,318
2021-04-28,Stanislaus,099,539301,55138,54745,5746,60491,774
2021-04-28,Sutter,101,95872,9310,9343,80,9423,110
2021-04-28,Tehama,103,63373,4958,4930,546,5476,53
2021-04-28,Trinity,105,12862,482,326,82,408,3
2021-04-28,Tulare,107,460477,49796,48754,8678,57432,832
2021-04-28,Tuolumne,109,53932,3982,4029,41,4070,58
2021-04-28,Ventura,111,848112,80777,80172,2912,83084,1000
2021-04-28,Yolo,113,214977,13765,13721,202,13923,205
2021-04-28,Yuba,115,75493,5880,5857,118,5975,44
2021-04-27,Alameda,001,1643700,86552,86301,1856,88157,1260
2021-04-27,Alpine,002,1148,87,88,0,88,0
2021-04-27,Amador,005,37829,3641,3645,32,3677,46
2021-04-27,Butte,007,227075,12122,11738,1764,13502,196
2021-04-27,Calaveras,009,45235,2088,2076,12,2088,50
2021-04-27,Colusa,011,21464,1924,1926,290,2216,14
2021-04-27,Contra Costa,013,1133247,68093,67470,1197,68667,791
2021-04-27,Del Norte,015,27424,1310,1266,11,1277,6
2021-04-27,El Dorado,017,186661,9973,9866,709,10575,106
2021-04-27,Fresno,019,978130,101571,101138,8436,109574,1663
2021-04-27,Glenn,021,27897,2385,2368,535,2903,17
2021-04-27,Humboldt,023,135768,3823,3780,31,3811,35
2021-04-27,Imperial,025,180216,28271,28149,2616,30765,720
2021-04-27,Inyo,027,18085,1399,1396,10,1406,36
2021-04-27,Kern,029,883053,96480,95466,10516,105982,1295
2021-04-27,Kings,031,150075,22975,22759,1049,23808,244
2021-04-27,Lake,033,64148,3456,3431,9,3440,43
2021-04-27,Lassen,035,31185,5171,5137,103,5240,1
2021-04-27,Los Angeles,037,10098052,1201216,1191504,39927,1231431,23825
2021-04-27,Madera,039,155013,16478,16365,907,17272,235
2021-04-27,Marin,041,260295,13933,13855,232,14087,227
2021-04-27,Mariposa,043,17540,417,413,11,424,5
2021-04-27,Mendocino,045,87422,3829,3765,78,3843,46
2021-04-27,Merced,047,269075,30571,30620,1013,31633,443
2021-04-27,Modoc,049,8938,363,360,120,480,3
2021-04-27,Mono,051,14174,1247,1257,17,1274,3
2021-04-27,Monterey,053,433212,42909,42752,1805,44557,379
2021-04-27,Napa,055,140530,9749,9774,30,9804,81
2021-04-27,Nevada,057,99092,4652,4557,184,4741,70
2021-04-27,Orange,059,3164182,254168,252667,11037,263704,4925
2021-04-27,Placer,061,380077,22656,22050,1401,23451,285
2021-04-27,Plumas,063,18699,688,675,10,685,4
2021-04-27,Riverside,065,2383286,292395,286820,13712,300532,4405
2021-04-27,Sacramento,067,1510023,103279,102595,1625,104220,1589
2021-04-27,San Benito,069,59416,6004,6016,110,6126,63
2021-04-27,San Bernardino,071,2135413,291627,290461,8821,299282,4575
2021-04-27,San Diego,073,3302833,277489,275685,14477,290162,3692
2021-04-27,San Francisco,075,870044,36219,36358,1242,37600,533
2021-04-27,San Joaquin,077,732212,71864,71104,3373,74477,1301
2021-04-27,San Luis Obispo,079,281455,21132,20841,707,21548,255
2021-04-27,San Mateo,081,765935,41816,41474,451,41925,358
2021-04-27,Santa Barbara,083,443738,34154,33973,1105,35078,448
2021-04-27,Santa Clara,085,1922200,117473,117945,718,118663,1969
2021-04-27,Santa Cruz,087,273765,16111,15905,793,16698,205
2021-04-27,Shasta,089,179085,11795,11802,1440,13242,192
2021-04-27,Sierra,091,2930,56,51,12,63,0
2021-04-27,Siskiyou,093,43540,1733,1597,291,1888,11
2021-04-27,Solano,095,438530,32136,31964,489,32453,248
2021-04-27,Sonoma,097,501317,29623,29761,306,30067,318
2021-04-27,Stanislaus,099,539301,55068,54695,5738,60433,752
2021-04-27,Sutter,101,95872,9305,9342,80,9422,110
2021-04-27,Tehama,103,63373,4955,4922,542,5464,53
2021-04-27,Trinity,105,12862,482,326,82,408,3
2021-04-27,Tulare,107,460477,49779,48744,8669,57413,832
2021-04-27,Tuolumne,109,53932,3979,4028,41,4069,58
2021-04-27,Ventura,111,848112,80748,80152,2910,83062,1000
2021-04-27,Yolo,113,214977,13751,13697,201,13898,205
2021-04-27,Yuba,115,75493,5880,5853,118,5971,44
2021-04-26,Alameda,001,1643700,86458,86230,1853,88083,1256
2021-04-26,Alpine,002,1148,87,88,0,88,0
2021-04-26,Amador,005,37829,3640,3645,32,3677,46
2021-04-26,Butte,007,227075,12098,11720,1759,13479,196
2021-04-26,Calaveras,009,45235,2082,2074,12,2086,50
2021-04-26,Colusa,011,21464,1924,1925,289,2214,14
2021-04-26,Contra Costa,013,1133247,68026,67392,1193,68585,789
2021-04-26,Del Norte,015,27424,1301,1263,11,1274,6
2021-04-26,El Dorado,017,186661,9952,9849,708,10557,106
2021-04-26,Fresno,019,978130,101516,101099,8423,109522,1662
2021-04-26,Glenn,021,27897,2383,2367,535,2902,17
2021-04-26,Humboldt,023,135768,3813,3764,30,3794,35
2021-04-26,Imperial,025,180216,28258,28148,2613,30761,720
2021-04-26,Inyo,027,18085,1398,1396,10,1406,36
2021-04-26,Kern,029,883053,96453,95429,10510,105939,1295
2021-04-26,Kings,031,150075,22972,22756,1046,23802,244
2021-04-26,Lake,033,64148,3451,3428,9,3437,43
2021-04-26,Lassen,035,31185,5171,5138,103,5241,1
2021-04-26,Los Angeles,037,10098052,1200887,1191253,39908,1231161,23802
2021-04-26,Madera,039,155013,16466,16353,906,17259,231
2021-04-26,Marin,041,260295,13918,13849,232,14081,227
2021-04-26,Mariposa,043,17540,416,410,11,421,5
2021-04-26,Mendocino,045,87422,3827,3757,77,3834,46
2021-04-26,Merced,047,269075,30554,30611,1010,31621,443
2021-04-26,Modoc,049,8938,363,360,120,480,3
2021-04-26,Mono,051,14174,1247,1258,17,1275,3
2021-04-26,Monterey,053,433212,42893,42740,1804,44544,379
2021-04-26,Napa,055,140530,9737,9769,30,9799,79
2021-04-26,Nevada,057,99092,4631,4548,184,4732,70
2021-04-26,Orange,059,3164182,254085,252592,11027,263619,4919
2021-04-26,Placer,061,380077,22628,22032,1396,23428,285
2021-04-26,Plumas,063,18699,688,670,10,680,4
2021-04-26,Riverside,065,2383286,292333,286724,13704,300428,4401
2021-04-26,Sacramento,067,1510023,103107,102459,1613,104072,1587
2021-04-26,San Benito,069,59416,6002,6013,110,6123,63
2021-04-26,San Bernardino,071,2135413,291575,290394,8820,299214,4572
2021-04-26,San Diego,073,3302833,277314,275541,14449,289990,3692
2021-04-26,San Francisco,075,870044,36191,36330,1241,37571,532
2021-04-26,San Joaquin,077,732212,71798,71050,3365,74415,1301
2021-04-26,San Luis Obispo,079,281455,21124,20830,706,21536,255
2021-04-26,San Mateo,081,765935,41786,41457,451,41908,357
2021-04-26,Santa Barbara,083,443738,34123,33948,1105,35053,448
2021-04-26,Santa Clara,085,1922200,117373,117874,715,118589,1968
2021-04-26,Santa Cruz,087,273765,16102,15877,793,16670,205
2021-04-26,Shasta,089,179085,11778,11787,1434,13221,192
2021-04-26,Sierra,091,2930,55,51,12,63,0
2021-04-26,Siskiyou,093,43540,1723,1592,288,1880,11
2021-04-26,Solano,095,438530,32091,31913,487,32400,247
2021-04-26,Sonoma,097,501317,29600,29755,304,30059,318
2021-04-26,Stanislaus,099,539301,54978,54638,5732,60370,744
2021-04-26,Sutter,101,95872,9300,9328,80,9408,110
2021-04-26,Tehama,103,63373,4950,4920,539,5459,53
2021-04-26,Trinity,105,12862,482,326,82,408,3
2021-04-26,Tulare,107,460477,49758,48735,8660,57395,831
2021-04-26,Tuolumne,109,53932,3978,4024,41,4065,58
2021-04-26,Ventura,111,848112,80723,80137,2907,83044,999
2021-04-26,Yolo,113,214977,13731,13684,198,13882,205
2021-04-26,Yuba,115,75493,5878,5851,118,5969,44
2021-04-25,Alameda,001,1643700,86357,86162,1847,88009,1256
2021-04-25,Alpine,002,1148,87,87,0,87,0
2021-04-25,Amador,005,37829,3639,3643,32,3675,46
2021-04-25,Butte,007,227075,12069,11709,1752,13461,196
2021-04-25,Calaveras,009,45235,2077,2072,11,2083,50
2021-04-25,Colusa,011,21464,1923,1924,289,2213,14
2021-04-25,Contra Costa,013,1133247,67934,67316,1192,68508,789
2021-04-25,Del Norte,015,27424,1295,1259,11,1270,6
2021-04-25,El Dorado,017,186661,9935,9837,706,10543,106
2021-04-25,Fresno,019,978130,101457,101061,8411,109472,1662
2021-04-25,Glenn,021,27897,2383,2366,535,2901,17
2021-04-25,Humboldt,023,135768,3800,3751,30,3781,35
2021-04-25,Imperial,025,180216,28232,28136,2611,30747,720
2021-04-25,Inyo,027,18085,1398,1396,10,1406,36
2021-04-25,Kern,029,883053,96387,95398,10498,105896,1295
2021-04-25,Kings,031,150075,22958,22755,1044,23799,244
2021-04-25,Lake,033,64148,3449,3427,9,3436,43
2021-04-25,Lassen,035,31185,5169,5138,103,5241,1
2021-04-25,Los Angeles,037,10098052,1200551,1190970,39888,1230858,23799
2021-04-25,Madera,039,155013,16454,16346,906,17252,231
2021-04-25,Marin,041,260295,13909,13852,232,14084,227
2021-04-25,Mariposa,043,17540,416,410,11,421,5
2021-04-25,Mendocino,045,87422,3820,3757,77,3834,46
2021-04-25,Merced,047,269075,30520,30586,1009,31595,443
2021-04-25,Modoc,049,8938,363,360,120,480,3
2021-04-25,Mono,051,14174,1247,1257,17,1274,3
2021-04-25,Monterey,053,433212,42880,42737,1802,44539,379
2021-04-25,Napa,055,140530,9732,9762,30,9792,79
2021-04-25,Nevada,057,99092,4619,4536,184,4720,70
2021-04-25,Orange,059,3164182,254008,252531,11021,263552,4919
2021-04-25,Placer,061,380077,22582,22011,1388,23399,285
2021-04-25,Plumas,063,18699,687,670,10,680,4
2021-04-25,Riverside,065,2383286,292240,286651,13698,300349,4401
2021-04-25,Sacramento,067,1510023,102939,102319,1603,103922,1587
2021-04-25,San Benito,069,59416,6000,6014,109,6123,63
2021-04-25,San Bernardino,071,2135413,291500,290357,8812,299169,4571
2021-04-25,San Diego,073,3302833,277101,275412,14416,289828,3692
2021-04-25,San Francisco,075,870044,36160,36310,1241,37551,532
2021-04-25,San Joaquin,077,732212,71703,70987,3355,74342,1301
2021-04-25,San Luis Obispo,079,281455,21105,20820,704,21524,255
2021-04-25,San Mateo,081,765935,41751,41465,450,41915,356
2021-04-25,Santa Barbara,083,443738,34097,33931,1105,35036,448
2021-04-25,Santa Clara,085,1922200,117294,117778,713,118491,1968
2021-04-25,Santa Cruz,087,273765,16096,15868,791,16659,205
2021-04-25,Shasta,089,179085,11755,11784,1429,13213,192
2021-04-25,Sierra,091,2930,55,51,12,63,0
2021-04-25,Siskiyou,093,43540,1712,1580,286,1866,11
2021-04-25,Solano,095,438530,32044,31864,479,32343,247
2021-04-25,Sonoma,097,501317,29582,29756,304,30060,318
2021-04-25,Stanislaus,099,539301,54882,54543,5724,60267,744
2021-04-25,Sutter,101,95872,9294,9326,80,9406,110
2021-04-25,Tehama,103,63373,4946,4916,537,5453,53
2021-04-25,Trinity,105,12862,482,326,82,408,3
2021-04-25,Tulare,107,460477,49742,48728,8647,57375,831
2021-04-25,Tuolumne,109,53932,3976,4022,41,4063,58
2021-04-25,Ventura,111,848112,80699,80110,2907,83017,999
2021-04-25,Yolo,113,214977,13705,13667,197,13864,205
2021-04-25,Yuba,115,75493,5875,5849,117,5966,44
2021-04-24,Alameda,001,1643700,86302,86016,1845,87861,1257
2021-04-24,Alpine,002,1148,87,86,0,86,0
2021-04-24,Amador,005,37829,3638,3640,32,3672,46
2021-04-24,Butte,007,227075,12053,11678,1750,13428,196
2021-04-24,Calaveras,009,45235,2073,2067,11,2078,50
2021-04-24,Colusa,011,21464,1922,1921,289,2210,14
2021-04-24,Contra Costa,013,1133247,67863,67222,1190,68412,789
2021-04-24,Del Norte,015,27424,1290,1255,11,1266,6
2021-04-24,El Dorado,017,186661,9924,9814,705,10519,106
2021-04-24,Fresno,019,978130,101426,100991,8405,109396,1662
2021-04-24,Glenn,021,27897,2383,2363,535,2898,17
2021-04-24,Humboldt,023,135768,3786,3722,30,3752,35
2021-04-24,Imperial,025,180216,28225,28124,2610,30734,720
2021-04-24,Inyo,027,18085,1397,1396,10,1406,36
2021-04-24,Kern,029,883053,96368,95365,10488,105853,1295
2021-04-24,Kings,031,150075,22955,22749,1044,23793,244
2021-04-24,Lake,033,64148,3448,3426,9,3435,43
2021-04-24,Lassen,035,31185,5168,5137,103,5240,1
2021-04-24,Los Angeles,037,10098052,1200319,1190603,39872,1230475,23802
2021-04-24,Madera,039,155013,16451,16338,906,17244,231
2021-04-24,Marin,041,260295,13901,13847,232,14079,227
2021-04-24,Mariposa,043,17540,416,409,11,420,5
2021-04-24,Mendocino,045,87422,3818,3754,75,3829,46
2021-04-24,Merced,047,269075,30500,30559,1009,31568,443
2021-04-24,Modoc,049,8938,363,360,120,480,3
2021-04-24,Mono,051,14174,1247,1256,17,1273,3
2021-04-24,Monterey,053,433212,42868,42727,1801,44528,379
2021-04-24,Napa,055,140530,9726,9756,30,9786,79
2021-04-24,Nevada,057,99092,4612,4522,184,4706,70
2021-04-24,Orange,059,3164182,253964,252441,11015,263456,4910
2021-04-24,Placer,061,380077,22569,21983,1387,23370,285
2021-04-24,Plumas,063,18699,686,670,10,680,4
2021-04-24,Riverside,065,2383286,292172,286552,13694,300246,4400
2021-04-24,Sacramento,067,1510023,102856,102179,1596,103775,1587
2021-04-24,San Benito,069,59416,5998,6007,109,6116,63
2021-04-24,San Bernardino,071,2135413,291452,290264,8811,299075,4568
2021-04-24,San Diego,073,3302833,276998,275252,14396,289648,3688
2021-04-24,San Francisco,075,870044,36131,36285,1236,37521,532
2021-04-24,San Joaquin,077,732212,71660,70911,3352,74263,1301
2021-04-24,San Luis Obispo,079,281455,21095,20797,703,21500,255
2021-04-24,San Mateo,081,765935,41738,41424,448,41872,355
2021-04-24,Santa Barbara,083,443738,34082,33911,1104,35015,448
2021-04-24,Santa Clara,085,1922200,117239,117674,711,118385,1968
2021-04-24,Santa Cruz,087,273765,16088,15840,791,16631,205
2021-04-24,Shasta,089,179085,11737,11770,1426,13196,192
2021-04-24,Sierra,091,2930,55,51,12,63,0
2021-04-24,Siskiyou,093,43540,1702,1574,285,1859,11
2021-04-24,Solano,095,438530,32021,31821,476,32297,247
2021-04-24,Sonoma,097,501317,29580,29739,304,30043,318
2021-04-24,Stanislaus,099,539301,54833,54455,5721,60176,744
2021-04-24,Sutter,101,95872,9291,9316,80,9396,110
2021-04-24,Tehama,103,63373,4941,4907,537,5444,53
2021-04-24,Trinity,105,12862,482,326,82,408,3
2021-04-24,Tulare,107,460477,49732,48705,8637,57342,830
2021-04-24,Tuolumne,109,53932,3972,4020,41,4061,58
2021-04-24,Ventura,111,848112,80686,80097,2905,83002,999
2021-04-24,Yolo,113,214977,13694,13653,197,13850,205
2021-04-24,Yuba,115,75493,5873,5837,117,5954,44
2021-04-23,Alameda,001,1643700,86228,85935,1842,87777,1256
2021-04-23,Alpine,002,1148,86,86,0,86,0
2021-04-23,Amador,005,37829,3637,3637,32,3669,46
2021-04-23,Butte,007,227075,12032,11672,1745,13417,196
2021-04-23,Calaveras,009,45235,2070,2064,11,2075,50
2021-04-23,Colusa,011,21464,1921,1921,289,2210,14
2021-04-23,Contra Costa,013,1133247,67809,67164,1188,68352,785
2021-04-23,Del Norte,015,27424,1289,1254,11,1265,6
2021-04-23,El Dorado,017,186661,9907,9788,702,10490,106
2021-04-23,Fresno,019,978130,101385,100928,8399,109327,1662
2021-04-23,Glenn,021,27897,2383,2361,534,2895,17
2021-04-23,Humboldt,023,135768,3776,3698,30,3728,35
2021-04-23,Imperial,025,180216,28210,28108,2609,30717,720
2021-04-23,Inyo,027,18085,1397,1395,10,1405,36
2021-04-23,Kern,029,883053,96343,95330,10482,105812,1295
2021-04-23,Kings,031,150075,22952,22735,1044,23779,244
2021-04-23,Lake,033,64148,3446,3425,9,3434,43
2021-04-23,Lassen,035,31185,5168,5141,103,5244,1
2021-04-23,Los Angeles,037,10098052,1200049,1190264,39848,1230112,23785
2021-04-23,Madera,039,155013,16442,16328,906,17234,231
2021-04-23,Marin,041,260295,13896,13838,232,14070,227
2021-04-23,Mariposa,043,17540,415,405,11,416,5
2021-04-23,Mendocino,045,87422,3816,3745,74,3819,46
2021-04-23,Merced,047,269075,30483,30530,1008,31538,443
2021-04-23,Modoc,049,8938,363,360,120,480,3
2021-04-23,Mono,051,14174,1245,1256,17,1273,3
2021-04-23,Monterey,053,433212,42862,42722,1801,44523,377
2021-04-23,Napa,055,140530,9721,9752,30,9782,79
2021-04-23,Nevada,057,99092,4603,4510,184,4694,70
2021-04-23,Orange,059,3164182,253920,252399,11008,263407,4904
2021-04-23,Placer,061,380077,22546,21959,1386,23345,282
2021-04-23,Plumas,063,18699,685,670,10,680,4
2021-04-23,Riverside,065,2383286,292113,286456,13689,300145,4399
2021-04-23,Sacramento,067,1510023,102769,102041,1593,103634,1586
2021-04-23,San Benito,069,59416,5996,6005,109,6114,63
2021-04-23,San Bernardino,071,2135413,291401,290189,8810,298999,4568
2021-04-23,San Diego,073,3302833,276859,275097,14373,289470,3684
2021-04-23,San Francisco,075,870044,36115,36252,1235,37487,532
2021-04-23,San Joaquin,077,732212,71604,70840,3349,74189,1295
2021-04-23,San Luis Obispo,079,281455,21086,20781,702,21483,255
2021-04-23,San Mateo,081,765935,41712,41386,448,41834,355
2021-04-23,Santa Barbara,083,443738,34072,33895,1102,34997,447
2021-04-23,Santa Clara,085,1922200,117177,117593,710,118303,1965
2021-04-23,Santa Cruz,087,273765,16081,15802,791,16593,205
2021-04-23,Shasta,089,179085,11730,11759,1425,13184,192
2021-04-23,Sierra,091,2930,55,51,12,63,0
2021-04-23,Siskiyou,093,43540,1690,1567,284,1851,11
2021-04-23,Solano,095,438530,31989,31784,472,32256,247
2021-04-23,Sonoma,097,501317,29566,29727,304,30031,318
2021-04-23,Stanislaus,099,539301,54771,54391,5713,60104,744
2021-04-23,Sutter,101,95872,9289,9312,80,9392,110
2021-04-23,Tehama,103,63373,4938,4906,537,5443,53
2021-04-23,Trinity,105,12862,482,326,82,408,3
2021-04-23,Tulare,107,460477,49715,48694,8630,57324,829
2021-04-23,Tuolumne,109,53932,3971,4020,41,4061,58
2021-04-23,Ventura,111,848112,80667,80095,2905,83000,996
2021-04-23,Yolo,113,214977,13682,13647,197,13844,205
2021-04-23,Yuba,115,75493,5870,5828,117,5945,44
2021-04-22,Alameda,001,1643700,86138,85829,1841,87670,1253
2021-04-22,Alpine,002,1148,86,86,0,86,0
2021-04-22,Amador,005,37829,3636,3633,32,3665,46
2021-04-22,Butte,007,227075,12018,11656,1742,13398,196
2021-04-22,Calaveras,009,45235,2068,2059,11,2070,50
2021-04-22,Colusa,011,21464,1919,1920,287,2207,14
2021-04-22,Contra Costa,013,1133247,67737,67029,1184,68213,782
2021-04-22,Del Norte,015,27424,1284,1252,11,1263,6
2021-04-22,El Dorado,017,186661,9895,9773,699,10472,106
2021-04-22,Fresno,019,978130,101340,100864,8388,109252,1657
2021-04-22,Glenn,021,27897,2382,2361,534,2895,17
2021-04-22,Humboldt,023,135768,3767,3680,30,3710,35
2021-04-22,Imperial,025,180216,28189,28096,2606,30702,720
2021-04-22,Inyo,027,18085,1396,1394,10,1404,36
2021-04-22,Kern,029,883053,96300,95292,10467,105759,1299
2021-04-22,Kings,031,150075,22942,22725,1044,23769,243
2021-04-22,Lake,033,64148,3444,3423,9,3432,43
2021-04-22,Lassen,035,31185,5168,5155,103,5258,1
2021-04-22,Los Angeles,037,10098052,1199727,1189878,39827,1229705,23762
2021-04-22,Madera,039,155013,16423,16316,906,17222,231
2021-04-22,Marin,041,260295,13888,13832,232,14064,227
2021-04-22,Mariposa,043,17540,414,403,11,414,5
2021-04-22,Mendocino,045,87422,3810,3729,74,3803,46
2021-04-22,Merced,047,269075,30448,30490,1007,31497,443
2021-04-22,Modoc,049,8938,363,360,120,480,3
2021-04-22,Mono,051,14174,1245,1254,17,1271,3
2021-04-22,Monterey,053,433212,42855,42708,1799,44507,377
2021-04-22,Napa,055,140530,9711,9734,30,9764,79
2021-04-22,Nevada,057,99092,4593,4504,182,4686,70
2021-04-22,Orange,059,3164182,253847,252307,10995,263302,4898
2021-04-22,Placer,061,380077,22516,21916,1382,23298,282
2021-04-22,Plumas,063,18699,684,670,10,680,4
2021-04-22,Riverside,065,2383286,292014,286362,13680,300042,4398
2021-04-22,Sacramento,067,1510023,102620,101870,1584,103454,1585
2021-04-22,San Benito,069,59416,5992,5998,109,6107,63
2021-04-22,San Bernardino,071,2135413,291332,290125,8801,298926,4571
2021-04-22,San Diego,073,3302833,276693,275913,14351,290264,3684
2021-04-22,San Francisco,075,870044,36092,36218,1232,37450,532
2021-04-22,San Joaquin,077,732212,71545,70751,3342,74093,1295
2021-04-22,San Luis Obispo,079,281455,21072,20761,702,21463,255
2021-04-22,San Mateo,081,765935,41686,41345,446,41791,355
2021-04-22,Santa Barbara,083,443738,34049,33870,1101,34971,446
2021-04-22,Santa Clara,085,1922200,117089,117457,706,118163,1954
2021-04-22,Santa Cruz,087,273765,16078,15737,790,16527,205
2021-04-22,Shasta,089,179085,11715,11738,1423,13161,192
2021-04-22,Sierra,091,2930,55,51,12,63,0
2021-04-22,Siskiyou,093,43540,1686,1564,283,1847,11
2021-04-22,Solano,095,438530,31944,31731,469,32200,247
2021-04-22,Sonoma,097,501317,29551,29705,300,30005,318
2021-04-22,Stanislaus,099,539301,54697,54313,5707,60020,744
2021-04-22,Sutter,101,95872,9285,9302,80,9382,110
2021-04-22,Tehama,103,63373,4932,4896,533,5429,53
2021-04-22,Trinity,105,12862,482,326,82,408,3
2021-04-22,Tulare,107,460477,49695,48669,8621,57290,828
2021-04-22,Tuolumne,109,53932,3967,4020,41,4061,58
2021-04-22,Ventura,111,848112,80641,80073,2903,82976,996
2021-04-22,Yolo,113,214977,13661,13616,197,13813,205
2021-04-22,Yuba,115,75493,5860,5825,117,5942,44
2021-04-21,Alameda,001,1643700,86059,85762,1839,87601,1249
2021-04-21,Alpine,002,1148,86,86,0,86,0
2021-04-21,Amador,005,37829,3633,3632,32,3664,46
2021-04-21,Butte,007,227075,11998,11643,1740,13383,196
2021-04-21,Calaveras,009,45235,2060,2057,11,2068,50
2021-04-21,Colusa,011,21464,1917,1920,286,2206,14
2021-04-21,Contra Costa,013,1133247,67671,66981,1183,68164,782
2021-04-21,Del Norte,015,27424,1280,1252,11,1263,6
2021-04-21,El Dorado,017,186661,9878,9760,696,10456,106
2021-04-21,Fresno,019,978130,101284,100838,8382,109220,1654
2021-04-21,Glenn,021,27897,2381,2361,534,2895,17
2021-04-21,Humboldt,023,135768,3748,3642,30,3672,35
2021-04-21,Imperial,025,180216,28177,28052,2605,30657,719
2021-04-21,Inyo,027,18085,1396,1392,10,1402,36
2021-04-21,Kern,029,883053,96254,95257,10457,105714,1297
2021-04-21,Kings,031,150075,22935,22713,1043,23756,243
2021-04-21,Lake,033,64148,3441,3421,9,3430,43
2021-04-21,Lassen,035,31185,5167,5156,103,5259,1
2021-04-21,Los Angeles,037,10098052,1199385,1189530,39808,1229338,23729
2021-04-21,Madera,039,155013,16418,16309,906,17215,231
2021-04-21,Marin,041,260295,13873,13822,232,14054,227
2021-04-21,Mariposa,043,17540,413,402,11,413,5
2021-04-21,Mendocino,045,87422,3808,3729,74,3803,46
2021-04-21,Merced,047,269075,30428,30471,1005,31476,442
2021-04-21,Modoc,049,8938,363,360,120,480,3
2021-04-21,Mono,051,14174,1245,1254,17,1271,3
2021-04-21,Monterey,053,433212,42840,42699,1797,44496,377
2021-04-21,Napa,055,140530,9705,9727,30,9757,79
2021-04-21,Nevada,057,99092,4579,4499,182,4681,70
2021-04-21,Orange,059,3164182,253770,252243,10982,263225,4889
2021-04-21,Placer,061,380077,22485,21896,1377,23273,282
2021-04-21,Plumas,063,18699,684,670,10,680,4
2021-04-21,Riverside,065,2383286,291920,286299,13673,299972,4388
2021-04-21,Sacramento,067,1510023,102491,101803,1578,103381,1579
2021-04-21,San Benito,069,59416,5989,5998,109,6107,63
2021-04-21,San Bernardino,071,2135413,291256,290049,8799,298848,4572
2021-04-21,San Diego,073,3302833,276483,275632,14313,289945,3681
2021-04-21,San Francisco,075,870044,36072,36194,1231,37425,529
2021-04-21,San Joaquin,077,732212,71490,70687,3332,74019,1295
2021-04-21,San Luis Obispo,079,281455,21057,20724,701,21425,255
2021-04-21,San Mateo,081,765935,41655,41318,445,41763,355
2021-04-21,Santa Barbara,083,443738,34030,33830,1100,34930,445
2021-04-21,Santa Clara,085,1922200,117011,117318,700,118018,1946
2021-04-21,Santa Cruz,087,273765,16069,15698,790,16488,204
2021-04-21,Shasta,089,179085,11696,11722,1421,13143,192
2021-04-21,Sierra,091,2930,55,51,12,63,0
2021-04-21,Siskiyou,093,43540,1679,1557,283,1840,11
2021-04-21,Solano,095,438530,31905,31712,468,32180,244
2021-04-21,Sonoma,097,501317,29539,29697,299,29996,318
2021-04-21,Stanislaus,099,539301,54636,54290,5701,59991,742
2021-04-21,Sutter,101,95872,9277,9297,80,9377,110
2021-04-21,Tehama,103,63373,4925,4893,532,5425,53
2021-04-21,Trinity,105,12862,482,326,82,408,3
2021-04-21,Tulare,107,460477,49680,48653,8608,57261,828
2021-04-21,Tuolumne,109,53932,3964,4019,41,4060,58
2021-04-21,Ventura,111,848112,80609,80039,2900,82939,996
2021-04-21,Yolo,113,214977,13641,13606,196,13802,200
2021-04-21,Yuba,115,75493,5853,5822,116,5938,44
2021-04-20,Alameda,001,1643700,85964,85652,1837,87489,1248
2021-04-20,Alpine,002,1148,85,85,0,85,0
2021-04-20,Amador,005,37829,3632,3631,32,3663,46
2021-04-20,Butte,007,227075,11980,11619,1738,13357,196
2021-04-20,Calaveras,009,45235,2059,2053,11,2064,50
2021-04-20,Colusa,011,21464,1917,1915,285,2200,14
2021-04-20,Contra Costa,013,1133247,67587,66889,1180,68069,782
2021-04-20,Del Norte,015,27424,1279,1250,11,1261,6
2021-04-20,El Dorado,017,186661,9850,9743,694,10437,106
2021-04-20,Fresno,019,978130,101226,100768,8372,109140,1650
2021-04-20,Glenn,021,27897,2379,2359,533,2892,17
2021-04-20,Humboldt,023,135768,3730,3612,30,3642,35
2021-04-20,Imperial,025,180216,28158,28024,2601,30625,719
2021-04-20,Inyo,027,18085,1396,1393,10,1403,36
2021-04-20,Kern,029,883053,96218,95223,10441,105664,1295
2021-04-20,Kings,031,150075,22929,22693,1040,23733,243
2021-04-20,Lake,033,64148,3439,3418,9,3427,43
2021-04-20,Lassen,035,31185,5167,5155,103,5258,1
2021-04-20,Los Angeles,037,10098052,1199038,1189256,39778,1229034,23694
2021-04-20,Madera,039,155013,16412,16301,906,17207,231
2021-04-20,Marin,041,260295,13859,13807,232,14039,227
2021-04-20,Mariposa,043,17540,412,402,11,413,5
2021-04-20,Mendocino,045,87422,3807,3726,74,3800,46
2021-04-20,Merced,047,269075,30401,30439,1004,31443,441
2021-04-20,Modoc,049,8938,363,359,120,479,3
2021-04-20,Mono,051,14174,1244,1254,17,1271,3
2021-04-20,Monterey,053,433212,42829,42663,1795,44458,363
2021-04-20,Napa,055,140530,9701,9711,30,9741,79
2021-04-20,Nevada,057,99092,4561,4485,182,4667,70
2021-04-20,Orange,059,3164182,253680,252134,10970,263104,4887
2021-04-20,Placer,061,380077,22451,21846,1373,23219,282
2021-04-20,Plumas,063,18699,683,670,10,680,4
2021-04-20,Riverside,065,2383286,291823,286194,13668,299862,4388
2021-04-20,Sacramento,067,1510023,102353,101629,1570,103199,1574
2021-04-20,San Benito,069,59416,5986,5988,109,6097,63
2021-04-20,San Bernardino,071,2135413,291175,289905,8797,298702,4569
2021-04-20,San Diego,073,3302833,276252,275369,14280,289649,3674
2021-04-20,San Francisco,075,870044,36052,36117,1230,37347,529
2021-04-20,San Joaquin,077,732212,71417,70590,3323,73913,1289
2021-04-20,San Luis Obispo,079,281455,21034,20691,693,21384,254
2021-04-20,San Mateo,081,765935,41624,41251,445,41696,355
2021-04-20,Santa Barbara,083,443738,34011,33803,1100,34903,445
2021-04-20,Santa Clara,085,1922200,116913,117228,696,117924,1944
2021-04-20,Santa Cruz,087,273765,16057,15647,790,16437,204
2021-04-20,Shasta,089,179085,11680,11677,1418,13095,189
2021-04-20,Sierra,091,2930,55,51,12,63,0
2021-04-20,Siskiyou,093,43540,1671,1551,282,1833,10
2021-04-20,Solano,095,438530,31849,31673,464,32137,243
2021-04-20,Sonoma,097,501317,29530,29676,297,29973,311
2021-04-20,Stanislaus,099,539301,54571,54236,5688,59924,735
2021-04-20,Sutter,101,95872,9273,9279,80,9359,109
2021-04-20,Tehama,103,63373,4920,4887,531,5418,52
2021-04-20,Trinity,105,12862,482,326,82,408,3
2021-04-20,Tulare,107,460477,49658,48650,8600,57250,831
2021-04-20,Tuolumne,109,53932,3964,4014,41,4055,58
2021-04-20,Ventura,111,848112,80581,80018,2898,82916,995
2021-04-20,Yolo,113,214977,13621,13581,195,13776,200
2021-04-20,Yuba,115,75493,5843,5814,116,5930,44
2021-04-19,Alameda,001,1643700,85846,85583,1833,87416,1247
2021-04-19,Alpine,002,1148,85,85,0,85,0
2021-04-19,Amador,005,37829,3631,3629,32,3661,46
2021-04-19,Butte,007,227075,11962,11601,1733,13334,196
2021-04-19,Calaveras,009,45235,2057,2050,11,2061,50
2021-04-19,Colusa,011,21464,1917,1913,284,2197,14
2021-04-19,Contra Costa,013,1133247,67509,66833,1178,68011,782
2021-04-19,Del Norte,015,27424,1277,1247,11,1258,6
2021-04-19,El Dorado,017,186661,9834,9726,689,10415,106
2021-04-19,Fresno,019,978130,101158,100702,8360,109062,1646
2021-04-19,Glenn,021,27897,2379,2358,532,2890,17
2021-04-19,Humboldt,023,135768,3710,3602,28,3630,35
2021-04-19,Imperial,025,180216,28137,27995,2601,30596,719
2021-04-19,Inyo,027,18085,1396,1392,10,1402,36
2021-04-19,Kern,029,883053,96188,95162,10426,105588,1290
2021-04-19,Kings,031,150075,22914,22688,1040,23728,243
2021-04-19,Lake,033,64148,3438,3416,9,3425,43
2021-04-19,Lassen,035,31185,5166,5156,103,5259,1
2021-04-19,Los Angeles,037,10098052,1198659,1188945,39753,1228698,23666
2021-04-19,Madera,039,155013,16401,16289,905,17194,231
2021-04-19,Marin,041,260295,13848,13804,231,14035,226
2021-04-19,Mariposa,043,17540,411,401,11,412,5
2021-04-19,Mendocino,045,87422,3805,3722,74,3796,46
2021-04-19,Merced,047,269075,30372,30422,1003,31425,441
2021-04-19,Modoc,049,8938,363,359,120,479,3
2021-04-19,Mono,051,14174,1243,1254,17,1271,3
2021-04-19,Monterey,053,433212,42816,42642,1790,44432,356
2021-04-19,Napa,055,140530,9693,9680,30,9710,79
2021-04-19,Nevada,057,99092,4545,4477,182,4659,70
2021-04-19,Orange,059,3164182,253562,252013,10955,262968,4883
2021-04-19,Placer,061,380077,22428,21814,1369,23183,282
2021-04-19,Plumas,063,18699,683,665,10,675,4
2021-04-19,Riverside,065,2383286,291728,286087,13658,299745,4371
2021-04-19,Sacramento,067,1510023,102218,101482,1560,103042,1572
2021-04-19,San Benito,069,59416,5978,5989,109,6098,63
2021-04-19,San Bernardino,071,2135413,291090,289738,8791,298529,4561
2021-04-19,San Diego,073,3302833,276004,275113,14247,289360,3674
2021-04-19,San Francisco,075,870044,36015,36094,1228,37322,529
2021-04-19,San Joaquin,077,732212,71337,70514,3317,73831,1289
2021-04-19,San Luis Obispo,079,281455,21008,20669,687,21356,254
2021-04-19,San Mateo,081,765935,41591,41226,444,41670,355
2021-04-19,Santa Barbara,083,443738,33997,33786,1100,34886,446
2021-04-19,Santa Clara,085,1922200,116802,117099,692,117791,1944
2021-04-19,Santa Cruz,087,273765,16045,15600,790,16390,204
2021-04-19,Shasta,089,179085,11665,11662,1410,13072,189
2021-04-19,Sierra,091,2930,55,51,12,63,0
2021-04-19,Siskiyou,093,43540,1661,1544,282,1826,10
2021-04-19,Solano,095,438530,31810,31643,459,32102,239
2021-04-19,Sonoma,097,501317,29511,29667,297,29964,311
2021-04-19,Stanislaus,099,539301,54495,54179,5684,59863,728
2021-04-19,Sutter,101,95872,9262,9269,80,9349,109
2021-04-19,Tehama,103,63373,4914,4878,531,5409,52
2021-04-19,Trinity,105,12862,482,326,81,407,3
2021-04-19,Tulare,107,460477,49642,48630,8587,57217,831
2021-04-19,Tuolumne,109,53932,3963,4010,41,4051,58
2021-04-19,Ventura,111,848112,80555,80000,2896,82896,996
2021-04-19,Yolo,113,214977,13608,13572,193,13765,200
2021-04-19,Yuba,115,75493,5836,5804,115,5919,44
2021-04-18,Alameda,001,1643700,85731,85481,1825,87306,1247
2021-04-18,Alpine,002,1148,85,85,0,85,0
2021-04-18,Amador,005,37829,3628,3627,32,3659,46
2021-04-18,Butte,007,227075,11944,11591,1728,13319,196
2021-04-18,Calaveras,009,45235,2051,2047,11,2058,50
2021-04-18,Colusa,011,21464,1913,1912,283,2195,14
2021-04-18,Contra Costa,013,1133247,67406,66750,1174,67924,782
2021-04-18,Del Norte,015,27424,1277,1240,11,1251,6
2021-04-18,El Dorado,017,186661,9811,9710,687,10397,106
2021-04-18,Fresno,019,978130,101100,100621,8354,108975,1646
2021-04-18,Glenn,021,27897,2374,2358,532,2890,17
2021-04-18,Humboldt,023,135768,3682,3590,28,3618,35
2021-04-18,Imperial,025,180216,28122,27991,2596,30587,719
2021-04-18,Inyo,027,18085,1395,1392,10,1402,36
2021-04-18,Kern,029,883053,96152,95129,10411,105540,1290
2021-04-18,Kings,031,150075,22905,22685,1040,23725,243
2021-04-18,Lake,033,64148,3437,3413,9,3422,43
2021-04-18,Lassen,035,31185,5163,5156,103,5259,1
2021-04-18,Los Angeles,037,10098052,1198199,1188620,39730,1228350,23648
2021-04-18,Madera,039,155013,16390,16277,904,17181,231
2021-04-18,Marin,041,260295,13841,13801,230,14031,226
2021-04-18,Mariposa,043,17540,410,400,10,410,5
2021-04-18,Mendocino,045,87422,3802,3722,74,3796,46
2021-04-18,Merced,047,269075,30335,30405,1002,31407,441
2021-04-18,Modoc,049,8938,363,359,120,479,3
2021-04-18,Mono,051,14174,1243,1254,17,1271,3
2021-04-18,Monterey,053,433212,42804,42638,1789,44427,356
2021-04-18,Napa,055,140530,9677,9674,30,9704,79
2021-04-18,Nevada,057,99092,4530,4464,182,4646,70
2021-04-18,Orange,059,3164182,253448,251940,10948,262888,4883
2021-04-18,Placer,061,380077,22385,21783,1364,23147,282
2021-04-18,Plumas,063,18699,682,665,10,675,4
2021-04-18,Riverside,065,2383286,291638,286043,13654,299697,4371
2021-04-18,Sacramento,067,1510023,102043,101354,1554,102908,1572
2021-04-18,San Benito,069,59416,5976,5989,109,6098,63
2021-04-18,San Bernardino,071,2135413,290996,289691,8782,298473,4556
2021-04-18,San Diego,073,3302833,275725,274961,14212,289173,3674
2021-04-18,San Francisco,075,870044,35978,36073,1224,37297,525
2021-04-18,San Joaquin,077,732212,71256,70466,3308,73774,1289
2021-04-18,San Luis Obispo,079,281455,20986,20656,681,21337,254
2021-04-18,San Mateo,081,765935,41562,41201,443,41644,352
2021-04-18,Santa Barbara,083,443738,33962,33769,1099,34868,446
2021-04-18,Santa Clara,085,1922200,116634,116996,687,117683,1944
2021-04-18,Santa Cruz,087,273765,16035,15580,789,16369,204
2021-04-18,Shasta,089,179085,11644,11658,1407,13065,189
2021-04-18,Sierra,091,2930,55,51,12,63,0
2021-04-18,Siskiyou,093,43540,1650,1538,281,1819,10
2021-04-18,Solano,095,438530,31760,31606,458,32064,239
2021-04-18,Sonoma,097,501317,29495,29660,295,29955,311
2021-04-18,Stanislaus,099,539301,54413,54132,5678,59810,728
2021-04-18,Sutter,101,95872,9248,9261,80,9341,109
2021-04-18,Tehama,103,63373,4905,4877,530,5407,52
2021-04-18,Trinity,105,12862,482,326,81,407,3
2021-04-18,Tulare,107,460477,49629,48618,8582,57200,829
2021-04-18,Tuolumne,109,53932,3962,4008,40,4048,58
2021-04-18,Ventura,111,848112,80524,79984,2893,82877,996
2021-04-18,Yolo,113,214977,13596,13562,191,13753,200
2021-04-18,Yuba,115,75493,5829,5804,115,5919,44
2021-04-17,Alameda,001,1643700,85658,85367,1823,87190,1247
2021-04-17,Alpine,002,1148,85,85,0,85,0
2021-04-17,Amador,005,37829,3626,3625,32,3657,46
2021-04-17,Butte,007,227075,11924,11573,1724,13297,196
2021-04-17,Calaveras,009,45235,2049,2045,11,2056,50
2021-04-17,Colusa,011,21464,1913,1912,283,2195,14
2021-04-17,Contra Costa,013,1133247,67358,66657,1166,67823,782
2021-04-17,Del Norte,015,27424,1277,1238,11,1249,6
2021-04-17,El Dorado,017,186661,9796,9692,684,10376,106
2021-04-17,Fresno,019,978130,101067,100562,8349,108911,1646
2021-04-17,Glenn,021,27897,2374,2357,532,2889,17
2021-04-17,Humboldt,023,135768,3658,3579,28,3607,35
2021-04-17,Imperial,025,180216,28111,27987,2596,30583,719
2021-04-17,Inyo,027,18085,1392,1392,10,1402,36
2021-04-17,Kern,029,883053,96134,95102,10407,105509,1290
2021-04-17,Kings,031,150075,22900,22678,1039,23717,243
2021-04-17,Lake,033,64148,3436,3409,9,3418,43
2021-04-17,Lassen,035,31185,5163,5154,103,5257,1
2021-04-17,Los Angeles,037,10098052,1197939,1188262,39700,1227962,23653
2021-04-17,Madera,039,155013,16386,16260,903,17163,231
2021-04-17,Marin,041,260295,13837,13797,230,14027,226
2021-04-17,Mariposa,043,17540,409,398,10,408,5
2021-04-17,Mendocino,045,87422,3799,3721,74,3795,46
2021-04-17,Merced,047,269075,30319,30392,1001,31393,441
2021-04-17,Modoc,049,8938,363,357,120,477,3
2021-04-17,Mono,051,14174,1243,1253,17,1270,3
2021-04-17,Monterey,053,433212,42795,42630,1787,44417,356
2021-04-17,Napa,055,140530,9673,9666,30,9696,79
2021-04-17,Nevada,057,99092,4522,4457,182,4639,70
2021-04-17,Orange,059,3164182,253379,251873,10936,262809,4878
2021-04-17,Placer,061,380077,22362,21736,1359,23095,282
2021-04-17,Plumas,063,18699,681,666,10,676,4
2021-04-17,Riverside,065,2383286,291569,285963,13646,299609,4371
2021-04-17,Sacramento,067,1510023,101933,101172,1543,102715,1572
2021-04-17,San Benito,069,59416,5970,5986,109,6095,63
2021-04-17,San Bernardino,071,2135413,290941,289624,8779,298403,4555
2021-04-17,San Diego,073,3302833,275578,274812,14178,288990,3674
2021-04-17,San Francisco,075,870044,35956,36032,1221,37253,523
2021-04-17,San Joaquin,077,732212,71216,70372,3298,73670,1288
2021-04-17,San Luis Obispo,079,281455,20973,20642,678,21320,254
2021-04-17,San Mateo,081,765935,41539,41157,443,41600,352
2021-04-17,Santa Barbara,083,443738,33931,33738,1097,34835,446
2021-04-17,Santa Clara,085,1922200,116542,116887,685,117572,1944
2021-04-17,Santa Cruz,087,273765,16029,15571,789,16360,204
2021-04-17,Shasta,089,179085,11629,11647,1406,13053,189
2021-04-17,Sierra,091,2930,55,51,12,63,0
2021-04-17,Siskiyou,093,43540,1645,1539,278,1817,10
2021-04-17,Solano,095,438530,31729,31541,455,31996,239
2021-04-17,Sonoma,097,501317,29488,29637,295,29932,311
2021-04-17,Stanislaus,099,539301,54376,54058,5673,59731,728
2021-04-17,Sutter,101,95872,9242,9252,80,9332,109
2021-04-17,Tehama,103,63373,4899,4875,529,5404,52
2021-04-17,Trinity,105,12862,482,326,81,407,3
2021-04-17,Tulare,107,460477,49617,48603,8578,57181,829
2021-04-17,Tuolumne,109,53932,3960,4005,40,4045,58
2021-04-17,Ventura,111,848112,80503,79964,2893,82857,996
2021-04-17,Yolo,113,214977,13586,13580,191,13771,200
2021-04-17,Yuba,115,75493,5824,5802,114,5916,44
2021-04-16,Alameda,001,1643700,85578,85243,1821,87064,1245
2021-04-16,Alpine,002,1148,85,85,0,85,0
2021-04-16,Amador,005,37829,3621,3621,32,3653,46
2021-04-16,Butte,007,227075,11912,11549,1722,13271,196
2021-04-16,Calaveras,009,45235,2047,2042,11,2053,50
2021-04-16,Colusa,011,21464,1911,1911,283,2194,14
2021-04-16,Contra Costa,013,1133247,67304,66569,1163,67732,782
2021-04-16,Del Norte,015,27424,1276,1237,11,1248,6
2021-04-16,El Dorado,017,186661,9776,9665,680,10345,106
2021-04-16,Fresno,019,978130,101017,100500,8343,108843,1643
2021-04-16,Glenn,021,27897,2374,2355,532,2887,17
2021-04-16,Humboldt,023,135768,3637,3570,27,3597,35
2021-04-16,Imperial,025,180216,28101,27962,2596,30558,719
2021-04-16,Inyo,027,18085,1392,1392,10,1402,36
2021-04-16,Kern,029,883053,96105,95066,10404,105470,1288
2021-04-16,Kings,031,150075,22896,22667,1038,23705,243
2021-04-16,Lake,033,64148,3430,3406,9,3415,43
2021-04-16,Lassen,035,31185,5162,5155,103,5258,1
2021-04-16,Los Angeles,037,10098052,1197639,1187818,39664,1227482,23627
2021-04-16,Madera,039,155013,16380,16250,902,17152,231
2021-04-16,Marin,041,260295,13834,13788,230,14018,226
2021-04-16,Mariposa,043,17540,408,396,9,405,5
2021-04-16,Mendocino,045,87422,3797,3719,74,3793,46
2021-04-16,Merced,047,269075,30304,30355,1001,31356,438
2021-04-16,Modoc,049,8938,363,355,120,475,3
2021-04-16,Mono,051,14174,1243,1253,17,1270,3
2021-04-16,Monterey,053,433212,42784,42620,1784,44404,351
2021-04-16,Napa,055,140530,9665,9653,30,9683,79
2021-04-16,Nevada,057,99092,4513,4443,182,4625,70
2021-04-16,Orange,059,3164182,253315,251770,10927,262697,4873
2021-04-16,Placer,061,380077,22335,21680,1355,23035,282
2021-04-16,Plumas,063,18699,680,665,10,675,4
2021-04-16,Riverside,065,2383286,291492,285818,13644,299462,4369
2021-04-16,Sacramento,067,1510023,101835,100993,1538,102531,1572
2021-04-16,San Benito,069,59416,5968,5982,109,6091,63
2021-04-16,San Bernardino,071,2135413,290894,289424,8778,298202,4550
2021-04-16,San Diego,073,3302833,275423,274567,14160,288727,3662
2021-04-16,San Francisco,075,870044,35930,35993,1218,37211,517
2021-04-16,San Joaquin,077,732212,71149,70280,3290,73570,1288
2021-04-16,San Luis Obispo,079,281455,20961,20623,677,21300,253
2021-04-16,San Mateo,081,765935,41510,41107,442,41549,352
2021-04-16,Santa Barbara,083,443738,33913,33703,1097,34800,446
2021-04-16,Santa Clara,085,1922200,116442,116693,682,117375,1941
2021-04-16,Santa Cruz,087,273765,16027,15539,789,16328,204
2021-04-16,Shasta,089,179085,11617,11623,1405,13028,189
2021-04-16,Sierra,091,2930,55,51,12,63,0
2021-04-16,Siskiyou,093,43540,1641,1530,276,1806,10
2021-04-16,Solano,095,438530,31690,31470,452,31922,239
2021-04-16,Sonoma,097,501317,29477,29617,295,29912,311
2021-04-16,Stanislaus,099,539301,54328,53983,5671,59654,728
2021-04-16,Sutter,101,95872,9236,9247,80,9327,109
2021-04-16,Tehama,103,63373,4898,4866,529,5395,52
2021-04-16,Trinity,105,12862,482,326,81,407,3
2021-04-16,Tulare,107,460477,49605,48583,8574,57157,830
2021-04-16,Tuolumne,109,53932,3957,4005,40,4045,58
2021-04-16,Ventura,111,848112,80478,79942,2888,82830,994
2021-04-16,Yolo,113,214977,13573,13559,189,13748,198
2021-04-16,Yuba,115,75493,5821,5795,113,5908,44
2021-04-15,Alameda,001,1643700,85471,85089,1819,86908,1246
2021-04-15,Alpine,002,1148,85,85,0,85,0
2021-04-15,Amador,005,37829,3620,3616,32,3648,46
2021-04-15,Butte,007,227075,11897,11529,1719,13248,196
2021-04-15,Calaveras,009,45235,2046,2039,11,2050,50
2021-04-15,Colusa,011,21464,1909,1909,282,2191,14
2021-04-15,Contra Costa,013,1133247,67231,66480,1159,67639,781
2021-04-15,Del Norte,015,27424,1269,1235,11,1246,6
2021-04-15,El Dorado,017,186661,9761,9639,678,10317,106
2021-04-15,Fresno,019,978130,100955,100431,8337,108768,1642
2021-04-15,Glenn,021,27897,2374,2354,532,2886,17
2021-04-15,Humboldt,023,135768,3616,3561,27,3588,35
2021-04-15,Imperial,025,180216,28073,27920,2593,30513,718
2021-04-15,Inyo,027,18085,1392,1393,10,1403,36
2021-04-15,Kern,029,883053,96072,94989,10391,105380,1289
2021-04-15,Kings,031,150075,22882,22648,1038,23686,242
2021-04-15,Lake,033,64148,3429,3399,9,3408,43
2021-04-15,Lassen,035,31185,5161,5152,103,5255,1
2021-04-15,Los Angeles,037,10098052,1197234,1187274,39628,1226902,23598
2021-04-15,Madera,039,155013,16365,16234,902,17136,231
2021-04-15,Marin,041,260295,13830,13783,229,14012,226
2021-04-15,Mariposa,043,17540,406,395,9,404,5
2021-04-15,Mendocino,045,87422,3796,3714,74,3788,46
2021-04-15,Merced,047,269075,30278,30325,1000,31325,437
2021-04-15,Modoc,049,8938,363,355,120,475,3
2021-04-15,Mono,051,14174,1242,1253,17,1270,3
2021-04-15,Monterey,053,433212,42774,42604,1782,44386,347
2021-04-15,Napa,055,140530,9657,9645,30,9675,79
2021-04-15,Nevada,057,99092,4501,4434,181,4615,70
2021-04-15,Orange,059,3164182,253220,251679,10915,262594,4857
2021-04-15,Placer,061,380077,22304,21614,1348,22962,281
2021-04-15,Plumas,063,18699,678,665,10,675,4
2021-04-15,Riverside,065,2383286,291388,285698,13637,299335,4363
2021-04-15,Sacramento,067,1510023,101705,100782,1524,102306,1570
2021-04-15,San Benito,069,59416,5965,5969,108,6077,63
2021-04-15,San Bernardino,071,2135413,290804,289288,8771,298059,4544
2021-04-15,San Diego,073,3302833,275176,274250,14101,288351,3653
2021-04-15,San Francisco,075,870044,35911,35947,1216,37163,510
2021-04-15,San Joaquin,077,732212,71068,70189,3282,73471,1288
2021-04-15,San Luis Obispo,079,281455,20945,20591,674,21265,253
2021-04-15,San Mateo,081,765935,41471,41050,441,41491,352
2021-04-15,Santa Barbara,083,443738,33895,33672,1093,34765,446
2021-04-15,Santa Clara,085,1922200,116336,116602,678,117280,1927
2021-04-15,Santa Cruz,087,273765,16017,15509,789,16298,203
2021-04-15,Shasta,089,179085,11603,11597,1401,12998,191
2021-04-15,Sierra,091,2930,55,51,12,63,0
2021-04-15,Siskiyou,093,43540,1635,1524,275,1799,10
2021-04-15,Solano,095,438530,31652,31394,451,31845,239
2021-04-15,Sonoma,097,501317,29463,29587,295,29882,311
2021-04-15,Stanislaus,099,539301,54274,53918,5662,59580,728
2021-04-15,Sutter,101,95872,9229,9237,80,9317,109
2021-04-15,Tehama,103,63373,4897,4854,528,5382,52
2021-04-15,Trinity,105,12862,482,326,81,407,3
2021-04-15,Tulare,107,460477,49584,48556,8574,57130,829
2021-04-15,Tuolumne,109,53932,3957,4003,40,4043,57
2021-04-15,Ventura,111,848112,80459,79917,2886,82803,989
2021-04-15,Yolo,113,214977,13554,13547,187,13734,198
2021-04-15,Yuba,115,75493,5818,5788,113,5901,44
2021-04-14,Alameda,001,1643700,85374,85009,1818,86827,1247
2021-04-14,Alpine,002,1148,85,85,0,85,0
2021-04-14,Amador,005,37829,3619,3613,32,3645,46
2021-04-14,Butte,007,227075,11884,11513,1718,13231,196
2021-04-14,Calaveras,009,45235,2045,2037,11,2048,50
2021-04-14,Colusa,011,21464,1909,1905,282,2187,14
2021-04-14,Contra Costa,013,1133247,67145,66400,1153,67553,781
2021-04-14,Del Norte,015,27424,1269,1228,11,1239,6
2021-04-14,El Dorado,017,186661,9746,9625,673,10298,106
2021-04-14,Fresno,019,978130,100898,100376,8325,108701,1640
2021-04-14,Glenn,021,27897,2374,2353,532,2885,17
2021-04-14,Humboldt,023,135768,3594,3551,26,3577,35
2021-04-14,Imperial,025,180216,28051,27907,2591,30498,718
2021-04-14,Inyo,027,18085,1392,1392,10,1402,36
2021-04-14,Kern,029,883053,96047,94947,10384,105331,1287
2021-04-14,Kings,031,150075,22873,22641,1036,23677,243
2021-04-14,Lake,033,64148,3424,3396,9,3405,43
2021-04-14,Lassen,035,31185,5160,5151,103,5254,1
2021-04-14,Los Angeles,037,10098052,1196835,1186821,39583,1226404,23579
2021-04-14,Madera,039,155013,16356,16218,902,17120,231
2021-04-14,Marin,041,260295,13828,13768,228,13996,226
2021-04-14,Mariposa,043,17540,405,394,9,403,5
2021-04-14,Mendocino,045,87422,3791,3711,74,3785,46
2021-04-14,Merced,047,269075,30262,30296,998,31294,436
2021-04-14,Modoc,049,8938,363,355,120,475,3
2021-04-14,Mono,051,14174,1241,1252,17,1269,3
2021-04-14,Monterey,053,433212,42758,42595,1778,44373,347
2021-04-14,Napa,055,140530,9646,9643,30,9673,79
2021-04-14,Nevada,057,99092,4494,4421,181,4602,70
2021-04-14,Orange,059,3164182,253115,251568,10896,262464,4849
2021-04-14,Placer,061,380077,22271,21575,1347,22922,280
2021-04-14,Plumas,063,18699,678,665,10,675,4
2021-04-14,Riverside,065,2383286,291278,285583,13631,299214,4358
2021-04-14,Sacramento,067,1510023,101530,100645,1510,102155,1570
2021-04-14,San Benito,069,59416,5963,5960,108,6068,62
2021-04-14,San Bernardino,071,2135413,290736,289078,8769,297847,4523
2021-04-14,San Diego,073,3302833,274965,273969,14072,288041,3648
2021-04-14,San Francisco,075,870044,35873,35898,1215,37113,510
2021-04-14,San Joaquin,077,732212,70998,70095,3276,73371,1288
2021-04-14,San Luis Obispo,079,281455,20922,20561,664,21225,253
2021-04-14,San Mateo,081,765935,41431,40982,438,41420,352
2021-04-14,Santa Barbara,083,443738,33866,33650,1093,34743,445
2021-04-14,Santa Clara,085,1922200,116219,116488,675,117163,1922
2021-04-14,Santa Cruz,087,273765,16007,15481,789,16270,203
2021-04-14,Shasta,089,179085,11577,11581,1399,12980,190
2021-04-14,Sierra,091,2930,55,51,12,63,0
2021-04-14,Siskiyou,093,43540,1627,1518,274,1792,10
2021-04-14,Solano,095,438530,31599,31357,444,31801,239
2021-04-14,Sonoma,097,501317,29455,29572,293,29865,311
2021-04-14,Stanislaus,099,539301,54203,53836,5653,59489,727
2021-04-14,Sutter,101,95872,9221,9230,80,9310,106
2021-04-14,Tehama,103,63373,4891,4853,527,5380,52
2021-04-14,Trinity,105,12862,482,326,81,407,3
2021-04-14,Tulare,107,460477,49558,48527,8571,57098,827
2021-04-14,Tuolumne,109,53932,3956,3997,40,4037,57
2021-04-14,Ventura,111,848112,80423,79891,2884,82775,986
2021-04-14,Yolo,113,214977,13538,13530,185,13715,198
2021-04-14,Yuba,115,75493,5816,5778,113,5891,44
2021-04-13,Alameda,001,1643700,85268,84921,1815,86736,1239
2021-04-13,Alpine,002,1148,85,85,0,85,0
2021-04-13,Amador,005,37829,3616,3609,32,3641,46
2021-04-13,Butte,007,227075,11866,11497,1715,13212,196
2021-04-13,Calaveras,009,45235,2043,2035,11,2046,50
2021-04-13,Colusa,011,21464,1907,1905,280,2185,14
2021-04-13,Contra Costa,013,1133247,67057,66304,1153,67457,778
2021-04-13,Del Norte,015,27424,1264,1221,11,1232,6
2021-04-13,El Dorado,017,186661,9720,9609,670,10279,106
2021-04-13,Fresno,019,978130,100817,100357,8319,108676,1636
2021-04-13,Glenn,021,27897,2373,2351,532,2883,17
2021-04-13,Humboldt,023,135768,3577,3540,26,3566,35
2021-04-13,Imperial,025,180216,28031,27887,2583,30470,718
2021-04-13,Inyo,027,18085,1392,1391,10,1401,36
2021-04-13,Kern,029,883053,96003,94908,10372,105280,1285
2021-04-13,Kings,031,150075,22857,22636,1035,23671,243
2021-04-13,Lake,033,64148,3421,3390,9,3399,43
2021-04-13,Lassen,035,31185,5159,5147,103,5250,1
2021-04-13,Los Angeles,037,10098052,1196381,1186482,39542,1226024,23526
2021-04-13,Madera,039,155013,16346,16207,900,17107,231
2021-04-13,Marin,041,260295,13820,13760,227,13987,224
2021-04-13,Mariposa,043,17540,404,394,6,400,5
2021-04-13,Mendocino,045,87422,3785,3702,74,3776,46
2021-04-13,Merced,047,269075,30232,30276,995,31271,435
2021-04-13,Modoc,049,8938,363,355,120,475,3
2021-04-13,Mono,051,14174,1241,1251,17,1268,3
2021-04-13,Monterey,053,433212,42747,42577,1778,44355,347
2021-04-13,Napa,055,140530,9636,9627,30,9657,79
2021-04-13,Nevada,057,99092,4482,4415,181,4596,69
2021-04-13,Orange,059,3164182,253020,251491,10879,262370,4836
2021-04-13,Placer,061,380077,22234,21534,1344,22878,280
2021-04-13,Plumas,063,18699,677,665,10,675,4
2021-04-13,Riverside,065,2383286,291159,285505,13625,299130,4348
2021-04-13,Sacramento,067,1510023,101355,100551,1505,102056,1569
2021-04-13,San Benito,069,59416,5960,5946,108,6054,62
2021-04-13,San Bernardino,071,2135413,290620,288929,8763,297692,4521
2021-04-13,San Diego,073,3302833,274711,273709,14037,287746,3623
2021-04-13,San Francisco,075,870044,35837,35869,1211,37080,506
2021-04-13,San Joaquin,077,732212,70890,70034,3268,73302,1288
2021-04-13,San Luis Obispo,079,281455,20895,20536,654,21190,253
2021-04-13,San Mateo,081,765935,41386,40955,438,41393,353
2021-04-13,Santa Barbara,083,443738,33843,33613,1090,34703,444
2021-04-13,Santa Clara,085,1922200,116090,116363,674,117037,1923
2021-04-13,Santa Cruz,087,273765,16000,15449,789,16238,203
2021-04-13,Shasta,089,179085,11557,11536,1396,12932,189
2021-04-13,Sierra,091,2930,55,51,12,63,0
2021-04-13,Siskiyou,093,43540,1619,1511,271,1782,10
2021-04-13,Solano,095,438530,31550,31335,440,31775,239
2021-04-13,Sonoma,097,501317,29447,29544,292,29836,311
2021-04-13,Stanislaus,099,539301,54131,53797,5644,59441,722
2021-04-13,Sutter,101,95872,9217,9226,80,9306,106
2021-04-13,Tehama,103,63373,4884,4850,524,5374,52
2021-04-13,Trinity,105,12862,482,326,81,407,3
2021-04-13,Tulare,107,460477,49545,48511,8568,57079,825
2021-04-13,Tuolumne,109,53932,3954,3995,40,4035,57
2021-04-13,Ventura,111,848112,80391,79854,2882,82736,986
2021-04-13,Yolo,113,214977,13526,13516,184,13700,198
2021-04-13,Yuba,115,75493,5807,5776,113,5889,44
2021-04-12,Alameda,001,1643700,85166,84817,1813,86630,1238
2021-04-12,Alpine,002,1148,85,85,0,85,0
2021-04-12,Amador,005,37829,3615,3607,32,3639,46
2021-04-12,Butte,007,227075,11851,11488,1711,13199,193
2021-04-12,Calaveras,009,45235,2039,2033,11,2044,50
2021-04-12,Colusa,011,21464,1905,1904,278,2182,14
2021-04-12,Contra Costa,013,1133247,66977,66176,1153,67329,777
2021-04-12,Del Norte,015,27424,1261,1216,11,1227,6
2021-04-12,El Dorado,017,186661,9703,9588,668,10256,106
2021-04-12,Fresno,019,978130,100756,100277,8296,108573,1633
2021-04-12,Glenn,021,27897,2372,2349,532,2881,17
2021-04-12,Humboldt,023,135768,3563,3533,25,3558,35
2021-04-12,Imperial,025,180216,28001,27851,2579,30430,717
2021-04-12,Inyo,027,18085,1392,1390,10,1400,36
2021-04-12,Kern,029,883053,95966,94861,10362,105223,1283
2021-04-12,Kings,031,150075,22849,22621,1034,23655,241
2021-04-12,Lake,033,64148,3417,3380,9,3389,43
2021-04-12,Lassen,035,31185,5158,5147,103,5250,1
2021-04-12,Los Angeles,037,10098052,1195878,1186145,39505,1225650,23505
2021-04-12,Madera,039,155013,16334,16174,898,17072,231
2021-04-12,Marin,041,260295,13807,13751,225,13976,224
2021-04-12,Mariposa,043,17540,403,394,6,400,5
2021-04-12,Mendocino,045,87422,3784,3699,74,3773,46
2021-04-12,Merced,047,269075,30201,30261,992,31253,435
2021-04-12,Modoc,049,8938,361,352,120,472,3
2021-04-12,Mono,051,14174,1241,1251,17,1268,3
2021-04-12,Monterey,053,433212,42733,42555,1776,44331,346
2021-04-12,Napa,055,140530,9622,9603,30,9633,80
2021-04-12,Nevada,057,99092,4471,4408,181,4589,69
2021-04-12,Orange,059,3164182,252933,251350,10858,262208,4826
2021-04-12,Placer,061,380077,22183,21475,1341,22816,278
2021-04-12,Plumas,063,18699,675,666,10,676,4
2021-04-12,Riverside,065,2383286,291048,285361,13619,298980,4336
2021-04-12,Sacramento,067,1510023,101181,100394,1500,101894,1566
2021-04-12,San Benito,069,59416,5952,5942,107,6049,62
2021-04-12,San Bernardino,071,2135413,290513,288736,8751,297487,4493
2021-04-12,San Diego,073,3302833,274450,273431,14008,287439,3621
2021-04-12,San Francisco,075,870044,35803,35841,1210,37051,506
2021-04-12,San Joaquin,077,732212,70818,69968,3261,73229,1288
2021-04-12,San Luis Obispo,079,281455,20850,20515,641,21156,253
2021-04-12,San Mateo,081,765935,41344,40920,434,41354,353
2021-04-12,Santa Barbara,083,443738,33811,33606,1090,34696,444
2021-04-12,Santa Clara,085,1922200,115962,116252,672,116924,1923
2021-04-12,Santa Cruz,087,273765,15980,15406,789,16195,203
2021-04-12,Shasta,089,179085,11540,11509,1392,12901,189
2021-04-12,Sierra,091,2930,55,51,12,63,0
2021-04-12,Siskiyou,093,43540,1608,1511,268,1779,7
2021-04-12,Solano,095,438530,31508,31305,437,31742,238
2021-04-12,Sonoma,097,501317,29419,29500,292,29792,310
2021-04-12,Stanislaus,099,539301,54065,53722,5637,59359,707
2021-04-12,Sutter,101,95872,9206,9221,80,9301,106
2021-04-12,Tehama,103,63373,4875,4834,520,5354,52
2021-04-12,Trinity,105,12862,482,324,81,405,3
2021-04-12,Tulare,107,460477,49525,48495,8558,57053,824
2021-04-12,Tuolumne,109,53932,3950,3993,40,4033,57
2021-04-12,Ventura,111,848112,80358,79818,2880,82698,985
2021-04-12,Yolo,113,214977,13512,13510,183,13693,198
2021-04-12,Yuba,115,75493,5801,5773,113,5886,43
2021-04-11,Alameda,001,1643700,85029,84756,1808,86564,1238
2021-04-11,Alpine,002,1148,85,85,0,85,0
2021-04-11,Amador,005,37829,3613,3605,32,3637,46
2021-04-11,Butte,007,227075,11816,11487,1707,13194,193
2021-04-11,Calaveras,009,45235,2035,2036,11,2047,50
2021-04-11,Colusa,011,21464,1904,1904,277,2181,14
2021-04-11,Contra Costa,013,1133247,66868,66107,1151,67258,777
2021-04-11,Del Norte,015,27424,1255,1214,11,1225,6
2021-04-11,El Dorado,017,186661,9689,9575,665,10240,106
2021-04-11,Fresno,019,978130,100688,100230,8286,108516,1633
2021-04-11,Glenn,021,27897,2368,2348,532,2880,17
2021-04-11,Humboldt,023,135768,3553,3523,25,3548,35
2021-04-11,Imperial,025,180216,27977,27841,2577,30418,717
2021-04-11,Inyo,027,18085,1392,1390,10,1400,36
2021-04-11,Kern,029,883053,95905,94830,10354,105184,1283
2021-04-11,Kings,031,150075,22840,22618,1031,23649,241
2021-04-11,Lake,033,64148,3413,3377,9,3386,43
2021-04-11,Lassen,035,31185,5154,5147,103,5250,1
2021-04-11,Los Angeles,037,10098052,1195366,1185757,39463,1225220,23503
2021-04-11,Madera,039,155013,16315,16166,897,17063,231
2021-04-11,Marin,041,260295,13800,13741,224,13965,226
2021-04-11,Mariposa,043,17540,403,394,6,400,5
2021-04-11,Mendocino,045,87422,3782,3696,74,3770,46
2021-04-11,Merced,047,269075,30163,30249,991,31240,435
2021-04-11,Modoc,049,8938,360,352,118,470,3
2021-04-11,Mono,051,14174,1240,1250,17,1267,3
2021-04-11,Monterey,053,433212,42727,42547,1769,44316,346
2021-04-11,Napa,055,140530,9611,9592,30,9622,80
2021-04-11,Nevada,057,99092,4457,4394,181,4575,69
2021-04-11,Orange,059,3164182,252806,251233,10847,262080,4826
2021-04-11,Placer,061,380077,22126,21458,1336,22794,278
2021-04-11,Plumas,063,18699,675,666,10,676,4
2021-04-11,Riverside,065,2383286,290914,285269,13609,298878,4336
2021-04-11,Sacramento,067,1510023,101010,100296,1488,101784,1566
2021-04-11,San Benito,069,59416,5944,5941,106,6047,62
2021-04-11,San Bernardino,071,2135413,290406,288686,8745,297431,4492
2021-04-11,San Diego,073,3302833,274152,273287,13949,287236,3621
2021-04-11,San Francisco,075,870044,35767,35815,1207,37022,498
2021-04-11,San Joaquin,077,732212,70732,69939,3250,73189,1288
2021-04-11,San Luis Obispo,079,281455,20824,20501,638,21139,253
2021-04-11,San Mateo,081,765935,41286,40901,433,41334,353
2021-04-11,Santa Barbara,083,443738,33776,33591,1089,34680,444
2021-04-11,Santa Clara,085,1922200,115826,116161,669,116830,1923
2021-04-11,Santa Cruz,087,273765,15968,15382,789,16171,203
2021-04-11,Shasta,089,179085,11496,11504,1391,12895,189
2021-04-11,Sierra,091,2930,55,51,12,63,0
2021-04-11,Siskiyou,093,43540,1601,1509,265,1774,7
2021-04-11,Solano,095,438530,31454,31268,433,31701,238
2021-04-11,Sonoma,097,501317,29393,29496,288,29784,310
2021-04-11,Stanislaus,099,539301,53982,53683,5628,59311,707
2021-04-11,Sutter,101,95872,9197,9222,80,9302,106
2021-04-11,Tehama,103,63373,4872,4832,519,5351,52
2021-04-11,Trinity,105,12862,482,324,81,405,3
2021-04-11,Tulare,107,460477,49511,48479,8551,57030,824
2021-04-11,Tuolumne,109,53932,3948,3993,40,4033,57
2021-04-11,Ventura,111,848112,80310,79800,2875,82675,985
2021-04-11,Yolo,113,214977,13492,13496,181,13677,198
2021-04-11,Yuba,115,75493,5791,5768,113,5881,43
2021-04-10,Alameda,001,1643700,84965,84626,1808,86434,1238
2021-04-10,Alpine,002,1148,85,85,0,85,0
2021-04-10,Amador,005,37829,3611,3603,32,3635,46
2021-04-10,Butte,007,227075,11805,11482,1706,13188,193
2021-04-10,Calaveras,009,45235,2033,2032,11,2043,50
2021-04-10,Colusa,011,21464,1904,1902,277,2179,14
2021-04-10,Contra Costa,013,1133247,66807,66001,1148,67149,778
2021-04-10,Del Norte,015,27424,1252,1212,11,1223,6
2021-04-10,El Dorado,017,186661,9677,9549,662,10211,106
2021-04-10,Fresno,019,978130,100655,100135,8279,108414,1633
2021-04-10,Glenn,021,27897,2368,2343,532,2875,17
2021-04-10,Humboldt,023,135768,3543,3508,25,3533,35
2021-04-10,Imperial,025,180216,27963,27816,2577,30393,717
2021-04-10,Inyo,027,18085,1392,1387,10,1397,36
2021-04-10,Kern,029,883053,95891,94802,10348,105150,1284
2021-04-10,Kings,031,150075,22836,22614,1029,23643,241
2021-04-10,Lake,033,64148,3408,3368,9,3377,43
2021-04-10,Lassen,035,31185,5154,5146,102,5248,1
2021-04-10,Los Angeles,037,10098052,1195091,1185246,39446,1224692,23493
2021-04-10,Madera,039,155013,16307,16143,896,17039,231
2021-04-10,Marin,041,260295,13795,13731,224,13955,226
2021-04-10,Mariposa,043,17540,400,393,6,399,5
2021-04-10,Mendocino,045,87422,3780,3696,74,3770,46
2021-04-10,Merced,047,269075,30144,30225,990,31215,435
2021-04-10,Modoc,049,8938,360,352,118,470,3
2021-04-10,Mono,051,14174,1240,1249,17,1266,3
2021-04-10,Monterey,053,433212,42716,42527,1768,44295,346
2021-04-10,Napa,055,140530,9604,9569,30,9599,79
2021-04-10,Nevada,057,99092,4450,4379,181,4560,69
2021-04-10,Orange,059,3164182,252713,251139,10841,261980,4818
2021-04-10,Placer,061,380077,22095,21402,1330,22732,278
2021-04-10,Plumas,063,18699,675,666,10,676,4
2021-04-10,Riverside,065,2383286,290834,285082,13601,298683,4336
2021-04-10,Sacramento,067,1510023,100907,100048,1486,101534,1566
2021-04-10,San Benito,069,59416,5933,5932,105,6037,62
2021-04-10,San Bernardino,071,2135413,290342,288590,8738,297328,4489
2021-04-10,San Diego,073,3302833,273936,273058,13929,286987,3613
2021-04-10,San Francisco,075,870044,35737,35774,1204,36978,498
2021-04-10,San Joaquin,077,732212,70697,69852,3240,73092,1288
2021-04-10,San Luis Obispo,079,281455,20808,20461,637,21098,253
2021-04-10,San Mateo,081,765935,41253,40878,433,41311,350
2021-04-10,Santa Barbara,083,443738,33748,33541,1087,34628,444
2021-04-10,Santa Clara,085,1922200,115730,116015,668,116683,1923
2021-04-10,Santa Cruz,087,273765,15962,15360,789,16149,203
2021-04-10,Shasta,089,179085,11487,11492,1388,12880,189
2021-04-10,Sierra,091,2930,55,51,12,63,0
2021-04-10,Siskiyou,093,43540,1598,1512,265,1777,7
2021-04-10,Solano,095,438530,31420,31218,429,31647,238
2021-04-10,Sonoma,097,501317,29378,29469,288,29757,310
2021-04-10,Stanislaus,099,539301,53947,53596,5622,59218,707
2021-04-10,Sutter,101,95872,9195,9214,80,9294,106
2021-04-10,Tehama,103,63373,4870,4820,517,5337,52
2021-04-10,Trinity,105,12862,482,324,81,405,3
2021-04-10,Tulare,107,460477,49502,48470,8545,57015,824
2021-04-10,Tuolumne,109,53932,3945,3991,40,4031,57
2021-04-10,Ventura,111,848112,80282,79758,2873,82631,985
2021-04-10,Yolo,113,214977,13484,13494,180,13674,198
2021-04-10,Yuba,115,75493,5788,5757,112,5869,43
2021-04-09,Alameda,001,1643700,84898,84404,1800,86204,1237
2021-04-09,Alpine,002,1148,85,85,0,85,0
2021-04-09,Amador,005,37829,3610,3600,32,3632,46
2021-04-09,Butte,007,227075,11795,11454,1705,13159,193
2021-04-09,Calaveras,009,45235,2032,2028,11,2039,50
2021-04-09,Colusa,011,21464,1904,1898,277,2175,14
2021-04-09,Contra Costa,013,1133247,66714,65857,1142,66999,777
2021-04-09,Del Norte,015,27424,1251,1207,11,1218,6
2021-04-09,El Dorado,017,186661,9655,9528,658,10186,106
2021-04-09,Fresno,019,978130,100621,100027,8274,108301,1630
2021-04-09,Glenn,021,27897,2368,2337,532,2869,17
2021-04-09,Humboldt,023,135768,3534,3496,25,3521,35
2021-04-09,Imperial,025,180216,27948,27764,2575,30339,717
2021-04-09,Inyo,027,18085,1391,1386,10,1396,36
2021-04-09,Kern,029,883053,95853,94675,10346,105021,1282
2021-04-09,Kings,031,150075,22827,22595,1026,23621,242
2021-04-09,Lake,033,64148,3404,3362,9,3371,43
2021-04-09,Lassen,035,31185,5154,5140,102,5242,1
2021-04-09,Los Angeles,037,10098052,1194722,1184501,39418,1223919,23458
2021-04-09,Madera,039,155013,16304,16118,896,17014,231
2021-04-09,Marin,041,260295,13788,13721,224,13945,226
2021-04-09,Mariposa,043,17540,400,393,6,399,5
2021-04-09,Mendocino,045,87422,3778,3693,74,3767,46
2021-04-09,Merced,047,269075,30115,30179,989,31168,435
2021-04-09,Modoc,049,8938,359,352,118,470,3
2021-04-09,Mono,051,14174,1240,1247,17,1264,3
2021-04-09,Monterey,053,433212,42707,42481,1764,44245,344
2021-04-09,Napa,055,140530,9585,9574,30,9604,80
2021-04-09,Nevada,057,99092,4442,4373,181,4554,69
2021-04-09,Orange,059,3164182,252639,250852,10836,261688,4813
2021-04-09,Placer,061,380077,22064,21327,1322,22649,278
2021-04-09,Plumas,063,18699,674,666,10,676,4
2021-04-09,Riverside,065,2383286,290751,284562,13595,298157,4325
2021-04-09,Sacramento,067,1510023,100751,99722,1480,101202,1564
2021-04-09,San Benito,069,59416,5928,5925,104,6029,62
2021-04-09,San Bernardino,071,2135413,290273,288000,8735,296735,4467
2021-04-09,San Diego,073,3302833,273738,272697,13887,286584,3600
2021-04-09,San Francisco,075,870044,35696,35716,1199,36915,497
2021-04-09,San Joaquin,077,732212,70633,69675,3228,72903,1281
2021-04-09,San Luis Obispo,079,281455,20793,20427,637,21064,252
2021-04-09,San Mateo,081,765935,41217,40800,432,41232,350
2021-04-09,Santa Barbara,083,443738,33725,33424,1084,34508,444
2021-04-09,Santa Clara,085,1922200,115646,115749,666,116415,1923
2021-04-09,Santa Cruz,087,273765,15957,15331,789,16120,203
2021-04-09,Shasta,089,179085,11477,11478,1385,12863,188
2021-04-09,Sierra,091,2930,55,51,12,63,0
2021-04-09,Siskiyou,093,43540,1595,1510,264,1774,7
2021-04-09,Solano,095,438530,31387,31166,424,31590,238
2021-04-09,Sonoma,097,501317,29365,29433,288,29721,310
2021-04-09,Stanislaus,099,539301,53892,53504,5613,59117,705
2021-04-09,Sutter,101,95872,9188,9201,80,9281,106
2021-04-09,Tehama,103,63373,4864,4806,517,5323,52
2021-04-09,Trinity,105,12862,481,324,81,405,3
2021-04-09,Tulare,107,460477,49498,48430,8539,56969,824
2021-04-09,Tuolumne,109,53932,3944,3986,40,4026,57
2021-04-09,Ventura,111,848112,80254,79698,2873,82571,987
2021-04-09,Yolo,113,214977,13472,13478,178,13656,198
2021-04-09,Yuba,115,75493,5781,5754,112,5866,43
2021-04-08,Alameda,001,1643700,84790,84213,1797,86010,1232
2021-04-08,Alpine,002,1148,85,85,0,85,0
2021-04-08,Amador,005,37829,3606,3595,32,3627,46
2021-04-08,Butte,007,227075,11784,11414,1704,13118,193
2021-04-08,Calaveras,009,45235,2030,2027,11,2038,50
2021-04-08,Colusa,011,21464,1903,1897,277,2174,14
2021-04-08,Contra Costa,013,1133247,66606,65706,1139,66845,775
2021-04-08,Del Norte,015,27424,1245,1201,11,1212,6
2021-04-08,El Dorado,017,186661,9639,9513,653,10166,106
2021-04-08,Fresno,019,978130,100558,99935,8267,108202,1627
2021-04-08,Glenn,021,27897,2367,2337,532,2869,17
2021-04-08,Humboldt,023,135768,3524,3486,25,3511,35
2021-04-08,Imperial,025,180216,27920,27744,2572,30316,713
2021-04-08,Inyo,027,18085,1390,1386,10,1396,36
2021-04-08,Kern,029,883053,95807,94493,10333,104826,1281
2021-04-08,Kings,031,150075,22820,22589,1024,23613,243
2021-04-08,Lake,033,64148,3397,3360,9,3369,43
2021-04-08,Lassen,035,31185,5153,5136,102,5238,1
2021-04-08,Los Angeles,037,10098052,1194223,1184443,39380,1223823,23416
2021-04-08,Madera,039,155013,16292,16103,896,16999,231
2021-04-08,Marin,041,260295,13781,13704,224,13928,226
2021-04-08,Mariposa,043,17540,399,393,6,399,5
2021-04-08,Mendocino,045,87422,3776,3690,74,3764,45
2021-04-08,Merced,047,269075,30093,30163,989,31152,430
2021-04-08,Modoc,049,8938,359,352,118,470,3
2021-04-08,Mono,051,14174,1238,1247,17,1264,3
2021-04-08,Monterey,053,433212,42685,42437,1759,44196,342
2021-04-08,Napa,055,140530,9569,9569,30,9599,80
2021-04-08,Nevada,057,99092,4431,4367,181,4548,69
2021-04-08,Orange,059,3164182,252529,250529,10821,261350,4797
2021-04-08,Placer,061,380077,22022,21258,1313,22571,277
2021-04-08,Plumas,063,18699,674,665,10,675,4
2021-04-08,Riverside,065,2383286,290639,283853,13590,297443,4296
2021-04-08,Sacramento,067,1510023,100612,99319,1469,100788,1561
2021-04-08,San Benito,069,59416,5925,5914,102,6016,62
2021-04-08,San Bernardino,071,2135413,290176,287190,8732,295922,4445
2021-04-08,San Diego,073,3302833,273508,272495,13851,286346,3592
2021-04-08,San Francisco,075,870044,35672,35657,1198,36855,494
2021-04-08,San Joaquin,077,732212,70561,69479,3222,72701,1279
2021-04-08,San Luis Obispo,079,281455,20774,20402,635,21037,252
2021-04-08,San Mateo,081,765935,41177,40749,432,41181,350
2021-04-08,Santa Barbara,083,443738,33701,33309,1083,34392,444
2021-04-08,Santa Clara,085,1922200,115540,115487,665,116152,1905
2021-04-08,Santa Cruz,087,273765,15950,15296,789,16085,203
2021-04-08,Shasta,089,179085,11467,11466,1381,12847,186
2021-04-08,Sierra,091,2930,55,51,12,63,0
2021-04-08,Siskiyou,093,43540,1592,1511,264,1775,7
2021-04-08,Solano,095,438530,31337,31120,424,31544,238
2021-04-08,Sonoma,097,501317,29345,29410,287,29697,310
2021-04-08,Stanislaus,099,539301,53814,53401,5603,59004,706
2021-04-08,Sutter,101,95872,9184,9195,80,9275,106
2021-04-08,Tehama,103,63373,4860,4802,517,5319,52
2021-04-08,Trinity,105,12862,481,324,81,405,3
2021-04-08,Tulare,107,460477,49485,48409,8529,56938,821
2021-04-08,Tuolumne,109,53932,3944,3986,40,4026,57
2021-04-08,Ventura,111,848112,80217,79626,2869,82495,986
2021-04-08,Yolo,113,214977,13463,13468,177,13645,198
2021-04-08,Yuba,115,75493,5777,5743,112,5855,43
2021-04-07,Alameda,001,1643700,84706,84130,1795,85925,1224
2021-04-07,Alpine,002,1148,85,85,0,85,0
2021-04-07,Amador,005,37829,3603,3590,32,3622,46
2021-04-07,Butte,007,227075,11780,11405,1701,13106,193
2021-04-07,Calaveras,009,45235,2029,2022,11,2033,50
2021-04-07,Colusa,011,21464,1899,1894,276,2170,14
2021-04-07,Contra Costa,013,1133247,66520,65619,1138,66757,775
2021-04-07,Del Norte,015,27424,1243,1198,11,1209,6
2021-04-07,El Dorado,017,186661,9618,9500,647,10147,106
2021-04-07,Fresno,019,978130,100493,99865,8256,108121,1627
2021-04-07,Glenn,021,27897,2365,2337,531,2868,17
2021-04-07,Humboldt,023,135768,3511,3484,25,3509,35
2021-04-07,Imperial,025,180216,27896,27704,2566,30270,713
2021-04-07,Inyo,027,18085,1389,1386,10,1396,36
2021-04-07,Kern,029,883053,95771,94456,10318,104774,1275
2021-04-07,Kings,031,150075,22818,22589,1024,23613,243
2021-04-07,Lake,033,64148,3395,3358,9,3367,43
2021-04-07,Lassen,035,31185,5153,5137,102,5239,1
2021-04-07,Los Angeles,037,10098052,1193781,1183862,39360,1223222,23372
2021-04-07,Madera,039,155013,16273,16090,895,16985,231
2021-04-07,Marin,041,260295,13770,13688,223,13911,225
2021-04-07,Mariposa,043,17540,398,391,6,397,5
2021-04-07,Mendocino,045,87422,3775,3691,74,3765,45
2021-04-07,Merced,047,269075,30070,30132,985,31117,430
2021-04-07,Modoc,049,8938,359,351,118,469,3
2021-04-07,Mono,051,14174,1238,1246,17,1263,3
2021-04-07,Monterey,053,433212,42667,42427,1758,44185,341
2021-04-07,Napa,055,140530,9555,9556,30,9586,80
2021-04-07,Nevada,057,99092,4425,4364,181,4545,69
2021-04-07,Orange,059,3164182,252405,250378,10799,261177,4778
2021-04-07,Placer,061,380077,21978,21227,1305,22532,276
2021-04-07,Plumas,063,18699,674,665,10,675,4
2021-04-07,Riverside,065,2383286,290518,283749,13580,297329,4285
2021-04-07,Sacramento,067,1510023,100444,99202,1463,100665,1544
2021-04-07,San Benito,069,59416,5920,5912,101,6013,62
2021-04-07,San Bernardino,071,2135413,290057,286978,8727,295705,4433
2021-04-07,San Diego,073,3302833,273282,272195,13822,286017,3588
2021-04-07,San Francisco,075,870044,35632,35618,1194,36812,493
2021-04-07,San Joaquin,077,732212,70490,69375,3217,72592,1278
2021-04-07,San Luis Obispo,079,281455,20748,20373,632,21005,252
2021-04-07,San Mateo,081,765935,41133,40693,432,41125,350
2021-04-07,Santa Barbara,083,443738,33675,33289,1080,34369,444
2021-04-07,Santa Clara,085,1922200,115408,115311,663,115974,1900
2021-04-07,Santa Cruz,087,273765,15939,15275,789,16064,203
2021-04-07,Shasta,089,179085,11455,11456,1377,12833,184
2021-04-07,Sierra,091,2930,55,51,12,63,0
2021-04-07,Siskiyou,093,43540,1586,1512,263,1775,7
2021-04-07,Solano,095,438530,31286,31097,423,31520,238
2021-04-07,Sonoma,097,501317,29327,29394,286,29680,310
2021-04-07,Stanislaus,099,539301,53746,53344,5593,58937,686
2021-04-07,Sutter,101,95872,9181,9188,80,9268,106
2021-04-07,Tehama,103,63373,4852,4802,515,5317,52
2021-04-07,Trinity,105,12862,481,322,81,403,3
2021-04-07,Tulare,107,460477,49470,48386,8519,56905,820
2021-04-07,Tuolumne,109,53932,3942,3982,40,4022,57
2021-04-07,Ventura,111,848112,80183,79595,2867,82462,986
2021-04-07,Yolo,113,214977,13448,13450,175,13625,198
2021-04-07,Yuba,115,75493,5773,5737,112,5849,43
2021-04-06,Alameda,001,1643700,84593,84091,1792,85883,1223
2021-04-06,Alpine,002,1148,85,85,0,85,0
2021-04-06,Amador,005,37829,3602,3587,32,3619,45
2021-04-06,Butte,007,227075,11765,11396,1699,13095,193
2021-04-06,Calaveras,009,45235,2025,2021,11,2032,50
2021-04-06,Colusa,011,21464,1897,1894,274,2168,14
2021-04-06,Contra Costa,013,1133247,66442,65575,1137,66712,774
2021-04-06,Del Norte,015,27424,1238,1197,11,1208,6
2021-04-06,El Dorado,017,186661,9588,9489,645,10134,106
2021-04-06,Fresno,019,978130,100429,99814,8250,108064,1626
2021-04-06,Glenn,021,27897,2364,2335,530,2865,17
2021-04-06,Humboldt,023,135768,3502,3477,25,3502,35
2021-04-06,Imperial,025,180216,27863,27661,2557,30218,713
2021-04-06,Inyo,027,18085,1389,1379,10,1389,36
2021-04-06,Kern,029,883053,95727,94422,10312,104734,1259
2021-04-06,Kings,031,150075,22812,22587,1024,23611,240
2021-04-06,Lake,033,64148,3392,3358,9,3367,43
2021-04-06,Lassen,035,31185,5151,5137,102,5239,1
2021-04-06,Los Angeles,037,10098052,1193269,1183499,39321,1222820,23323
2021-04-06,Madera,039,155013,16253,16085,890,16975,230
2021-04-06,Marin,041,260295,13761,13675,219,13894,224
2021-04-06,Mariposa,043,17540,398,390,6,396,5
2021-04-06,Mendocino,045,87422,3773,3686,74,3760,45
2021-04-06,Merced,047,269075,30040,30100,980,31080,430
2021-04-06,Modoc,049,8938,358,351,118,469,3
2021-04-06,Mono,051,14174,1238,1246,17,1263,3
2021-04-06,Monterey,053,433212,42658,42412,1757,44169,341
2021-04-06,Napa,055,140530,9536,9509,30,9539,78
2021-04-06,Nevada,057,99092,4415,4356,179,4535,69
2021-04-06,Orange,059,3164182,252296,250304,10786,261090,4771
2021-04-06,Placer,061,380077,21930,21184,1303,22487,276
2021-04-06,Plumas,063,18699,674,665,10,675,4
2021-04-06,Riverside,065,2383286,290336,283622,13569,297191,4264
2021-04-06,Sacramento,067,1510023,100236,99110,1457,100567,1537
2021-04-06,San Benito,069,59416,5911,5907,101,6008,62
2021-04-06,San Bernardino,071,2135413,289944,286792,8717,295509,4428
2021-04-06,San Diego,073,3302833,273020,271867,13794,285661,3585
2021-04-06,San Francisco,075,870044,35589,35572,1194,36766,488
2021-04-06,San Joaquin,077,732212,70407,69316,3205,72521,1278
2021-04-06,San Luis Obispo,079,281455,20726,20350,629,20979,252
2021-04-06,San Mateo,081,765935,41085,40649,431,41080,350
2021-04-06,Santa Barbara,083,443738,33657,33257,1079,34336,443
2021-04-06,Santa Clara,085,1922200,115237,115184,662,115846,1900
2021-04-06,Santa Cruz,087,273765,15929,15252,789,16041,203
2021-04-06,Shasta,089,179085,11434,11443,1375,12818,184
2021-04-06,Sierra,091,2930,55,51,12,63,0
2021-04-06,Siskiyou,093,43540,1582,1510,262,1772,7
2021-04-06,Solano,095,438530,31239,31078,422,31500,237
2021-04-06,Sonoma,097,501317,29301,29386,284,29670,311
2021-04-06,Stanislaus,099,539301,53690,53304,5587,58891,686
2021-04-06,Sutter,101,95872,9171,9179,80,9259,106
2021-04-06,Tehama,103,63373,4843,4798,515,5313,52
2021-04-06,Trinity,105,12862,481,321,81,402,3
2021-04-06,Tulare,107,460477,49427,48372,8515,56887,819
2021-04-06,Tuolumne,109,53932,3942,3981,40,4021,57
2021-04-06,Ventura,111,848112,80146,79556,2865,82421,983
2021-04-06,Yolo,113,214977,13435,13443,174,13617,198
2021-04-06,Yuba,115,75493,5769,5733,111,5844,43
2021-04-05,Alameda,001,1643700,84477,84007,1788,85795,1219
2021-04-05,Alpine,002,1148,85,85,0,85,0
2021-04-05,Amador,005,37829,3599,3584,32,3616,45
2021-04-05,Butte,007,227075,11750,11384,1699,13083,193
2021-04-05,Calaveras,009,45235,2023,2019,11,2030,50
2021-04-05,Colusa,011,21464,1897,1894,273,2167,14
2021-04-05,Contra Costa,013,1133247,66375,65457,1135,66592,774
2021-04-05,Del Norte,015,27424,1236,1189,11,1200,6
2021-04-05,El Dorado,017,186661,9573,9463,645,10108,106
2021-04-05,Fresno,019,978130,100341,99755,8242,107997,1622
2021-04-05,Glenn,021,27897,2363,2335,530,2865,17
2021-04-05,Humboldt,023,135768,3493,3475,25,3500,35
2021-04-05,Imperial,025,180216,27831,27604,2552,30156,710
2021-04-05,Inyo,027,18085,1386,1377,10,1387,36
2021-04-05,Kern,029,883053,95672,94401,10287,104688,1249
2021-04-05,Kings,031,150075,22808,22580,1024,23604,239
2021-04-05,Lake,033,64148,3384,3359,9,3368,43
2021-04-05,Lassen,035,31185,5151,5138,101,5239,1
2021-04-05,Los Angeles,037,10098052,1192733,1183200,39273,1222473,23302
2021-04-05,Madera,039,155013,16238,16065,889,16954,230
2021-04-05,Marin,041,260295,13747,13666,215,13881,221
2021-04-05,Mariposa,043,17540,398,390,6,396,5
2021-04-05,Mendocino,045,87422,3771,3687,74,3761,45
2021-04-05,Merced,047,269075,30015,30068,978,31046,427
2021-04-05,Modoc,049,8938,356,346,118,464,3
2021-04-05,Mono,051,14174,1238,1246,17,1263,3
2021-04-05,Monterey,053,433212,42645,42396,1753,44149,341
2021-04-05,Napa,055,140530,9513,9492,30,9522,78
2021-04-05,Nevada,057,99092,4404,4346,179,4525,69
2021-04-05,Orange,059,3164182,252181,250177,10762,260939,4759
2021-04-05,Placer,061,380077,21884,21133,1296,22429,276
2021-04-05,Plumas,063,18699,674,666,10,676,4
2021-04-05,Riverside,065,2383286,290199,283549,13557,297106,4237
2021-04-05,Sacramento,067,1510023,100074,98908,1449,100357,1533
2021-04-05,San Benito,069,59416,5905,5904,101,6005,61
2021-04-05,San Bernardino,071,2135413,289834,286597,8714,295311,4425
2021-04-05,San Diego,073,3302833,272771,271655,13753,285408,3583
2021-04-05,San Francisco,075,870044,35558,35538,1194,36732,488
2021-04-05,San Joaquin,077,732212,70318,69214,3196,72410,1268
2021-04-05,San Luis Obispo,079,281455,20689,20333,629,20962,252
2021-04-05,San Mateo,081,765935,41041,40609,430,41039,350
2021-04-05,Santa Barbara,083,443738,33622,33235,1079,34314,443
2021-04-05,Santa Clara,085,1922200,115070,115091,659,115750,1893
2021-04-05,Santa Cruz,087,273765,15922,15228,789,16017,201
2021-04-05,Shasta,089,179085,11413,11435,1372,12807,184
2021-04-05,Sierra,091,2930,55,50,12,62,0
2021-04-05,Siskiyou,093,43540,1579,1509,260,1769,7
2021-04-05,Solano,095,438530,31199,31026,420,31446,237
2021-04-05,Sonoma,097,501317,29269,29361,282,29643,311
2021-04-05,Stanislaus,099,539301,53610,53238,5584,58822,686
2021-04-05,Sutter,101,95872,9164,9169,80,9249,106
2021-04-05,Tehama,103,63373,4837,4794,515,5309,52
2021-04-05,Trinity,105,12862,480,321,81,402,3
2021-04-05,Tulare,107,460477,49415,48356,8508,56864,818
2021-04-05,Tuolumne,109,53932,3941,3980,40,4020,57
2021-04-05,Ventura,111,848112,80115,79549,2862,82411,983
2021-04-05,Yolo,113,214977,13421,13427,173,13600,198
2021-04-05,Yuba,115,75493,5764,5728,110,5838,43
2021-04-04,Alameda,001,1643700,84358,83951,1784,85735,1219
2021-04-04,Alpine,002,1148,85,85,0,85,0
2021-04-04,Amador,005,37829,3593,3582,32,3614,45
2021-04-04,Butte,007,227075,11735,11375,1698,13073,193
2021-04-04,Calaveras,009,45235,2019,2020,11,2031,50
2021-04-04,Colusa,011,21464,1896,1893,273,2166,14
2021-04-04,Contra Costa,013,1133247,66269,65408,1130,66538,774
2021-04-04,Del Norte,015,27424,1228,1186,11,1197,6
2021-04-04,El Dorado,017,186661,9554,9455,642,10097,106
2021-04-04,Fresno,019,978130,100267,99702,8230,107932,1622
2021-04-04,Glenn,021,27897,2360,2335,529,2864,17
2021-04-04,Humboldt,023,135768,3482,3472,25,3497,35
2021-04-04,Imperial,025,180216,27775,27588,2550,30138,710
2021-04-04,Inyo,027,18085,1382,1377,10,1387,36
2021-04-04,Kern,029,883053,95628,94388,10266,104654,1247
2021-04-04,Kings,031,150075,22806,22580,1023,23603,239
2021-04-04,Lake,033,64148,3378,3355,8,3363,43
2021-04-04,Lassen,035,31185,5149,5138,101,5239,1
2021-04-04,Los Angeles,037,10098052,1192188,1182872,39229,1222101,23301
2021-04-04,Madera,039,155013,16212,16052,885,16937,230
2021-04-04,Marin,041,260295,13734,13663,214,13877,221
2021-04-04,Mariposa,043,17540,398,390,6,396,5
2021-04-04,Mendocino,045,87422,3768,3684,74,3758,45
2021-04-04,Merced,047,269075,29972,30048,975,31023,427
2021-04-04,Modoc,049,8938,356,346,118,464,3
2021-04-04,Mono,051,14174,1237,1245,17,1262,3
2021-04-04,Monterey,053,433212,42628,42391,1752,44143,341
2021-04-04,Napa,055,140530,9501,9486,30,9516,78
2021-04-04,Nevada,057,99092,4392,4337,179,4516,69
2021-04-04,Orange,059,3164182,252046,250117,10746,260863,4759
2021-04-04,Placer,061,380077,21837,21104,1278,22382,276
2021-04-04,Plumas,063,18699,674,666,10,676,4
2021-04-04,Riverside,065,2383286,290073,283537,13553,297090,4237
2021-04-04,Sacramento,067,1510023,99875,98821,1440,100261,1531
2021-04-04,San Benito,069,59416,5895,5901,97,5998,61
2021-04-04,San Bernardino,071,2135413,289693,286561,8706,295267,4423
2021-04-04,San Diego,073,3302833,272459,271528,13712,285240,3583
2021-04-04,San Francisco,075,870044,35504,35525,1191,36716,488
2021-04-04,San Joaquin,077,732212,70217,69147,3184,72331,1268
2021-04-04,San Luis Obispo,079,281455,20657,20328,621,20949,252
2021-04-04,San Mateo,081,765935,40998,40587,428,41015,350
2021-04-04,Santa Barbara,083,443738,33586,33213,1079,34292,443
2021-04-04,Santa Clara,085,1922200,114904,114976,652,115628,1893
2021-04-04,Santa Cruz,087,273765,15913,15219,789,16008,201
2021-04-04,Shasta,089,179085,11387,11433,1371,12804,184
2021-04-04,Sierra,091,2930,55,50,12,62,0
2021-04-04,Siskiyou,093,43540,1576,1509,256,1765,7
2021-04-04,Solano,095,438530,31152,31002,418,31420,237
2021-04-04,Sonoma,097,501317,29237,29340,280,29620,311
2021-04-04,Stanislaus,099,539301,53517,53181,5576,58757,686
2021-04-04,Sutter,101,95872,9157,9164,80,9244,106
2021-04-04,Tehama,103,63373,4824,4792,514,5306,52
2021-04-04,Trinity,105,12862,478,321,81,402,3
2021-04-04,Tulare,107,460477,49401,48343,8500,56843,818
2021-04-04,Tuolumne,109,53932,3933,3980,40,4020,57
2021-04-04,Ventura,111,848112,80072,79526,2860,82386,983
2021-04-04,Yolo,113,214977,13400,13425,172,13597,198
2021-04-04,Yuba,115,75493,5757,5722,110,5832,43
2021-04-03,Alameda,001,1643700,84291,83861,1782,85643,1218
2021-04-03,Alpine,002,1148,85,85,0,85,0
2021-04-03,Amador,005,37829,3590,3577,32,3609,45
2021-04-03,Butte,007,227075,11731,11359,1694,13053,193
2021-04-03,Calaveras,009,45235,2017,2019,11,2030,50
2021-04-03,Colusa,011,21464,1896,1891,273,2164,14
2021-04-03,Contra Costa,013,1133247,66197,65338,1130,66468,774
2021-04-03,Del Norte,015,27424,1223,1183,11,1194,6
2021-04-03,El Dorado,017,186661,9545,9448,641,10089,106
2021-04-03,Fresno,019,978130,100209,99602,8225,107827,1622
2021-04-03,Glenn,021,27897,2359,2334,528,2862,17
2021-04-03,Humboldt,023,135768,3480,3467,25,3492,35
2021-04-03,Imperial,025,180216,27759,27572,2547,30119,710
2021-04-03,Inyo,027,18085,1381,1376,10,1386,36
2021-04-03,Kern,029,883053,95602,94369,10250,104619,1243
2021-04-03,Kings,031,150075,22804,22580,1023,23603,239
2021-04-03,Lake,033,64148,3377,3350,8,3358,43
2021-04-03,Lassen,035,31185,5148,5136,101,5237,1
2021-04-03,Los Angeles,037,10098052,1191882,1182402,39212,1221614,23301
2021-04-03,Madera,039,155013,16203,16051,883,16934,230
2021-04-03,Marin,041,260295,13726,13658,213,13871,221
2021-04-03,Mariposa,043,17540,398,390,5,395,5
2021-04-03,Mendocino,045,87422,3767,3684,74,3758,45
2021-04-03,Merced,047,269075,29957,30031,975,31006,427
2021-04-03,Modoc,049,8938,356,346,118,464,3
2021-04-03,Mono,051,14174,1237,1245,17,1262,3
2021-04-03,Monterey,053,433212,42615,42376,1750,44126,341
2021-04-03,Napa,055,140530,9492,9473,30,9503,78
2021-04-03,Nevada,057,99092,4388,4323,179,4502,69
2021-04-03,Orange,059,3164182,251965,249982,10728,260710,4755
2021-04-03,Placer,061,380077,21806,21060,1274,22334,276
2021-04-03,Plumas,063,18699,674,666,10,676,4
2021-04-03,Riverside,065,2383286,289995,283423,13550,296973,4237
2021-04-03,Sacramento,067,1510023,99767,98660,1434,100094,1531
2021-04-03,San Benito,069,59416,5892,5893,96,5989,61
2021-04-03,San Bernardino,071,2135413,289629,286473,8700,295173,4422
2021-04-03,San Diego,073,3302833,272290,271335,13695,285030,3571
2021-04-03,San Francisco,075,870044,35485,35488,1189,36677,489
2021-04-03,San Joaquin,077,732212,70176,69100,3168,72268,1268
2021-04-03,San Luis Obispo,079,281455,20638,20301,621,20922,252
2021-04-03,San Mateo,081,765935,40973,40560,428,40988,350
2021-04-03,Santa Barbara,083,443738,33560,33172,1078,34250,443
2021-04-03,Santa Clara,085,1922200,114796,114865,650,115515,1893
2021-04-03,Santa Cruz,087,273765,15906,15205,789,15994,201
2021-04-03,Shasta,089,179085,11379,11418,1371,12789,184
2021-04-03,Sierra,091,2930,55,50,12,62,0
2021-04-03,Siskiyou,093,43540,1575,1509,256,1765,7
2021-04-03,Solano,095,438530,31131,30970,415,31385,237
2021-04-03,Sonoma,097,501317,29221,29315,279,29594,311
2021-04-03,Stanislaus,099,539301,53482,53137,5570,58707,686
2021-04-03,Sutter,101,95872,9151,9158,80,9238,106
2021-04-03,Tehama,103,63373,4816,4788,514,5302,52
2021-04-03,Trinity,105,12862,478,321,81,402,3
2021-04-03,Tulare,107,460477,49391,48327,8496,56823,818
2021-04-03,Tuolumne,109,53932,3933,3980,40,4020,57
2021-04-03,Ventura,111,848112,80051,79489,2858,82347,983
2021-04-03,Yolo,113,214977,13394,13414,172,13586,198
2021-04-03,Yuba,115,75493,5751,5716,110,5826,43
2021-04-02,Alameda,001,1643700,84218,83776,1779,85555,1217
2021-04-02,Alpine,002,1148,85,85,0,85,0
2021-04-02,Amador,005,37829,3586,3573,31,3604,45
2021-04-02,Butte,007,227075,11722,11350,1694,13044,193
2021-04-02,Calaveras,009,45235,2015,2010,11,2021,50
2021-04-02,Colusa,011,21464,1896,1891,273,2164,14
2021-04-02,Contra Costa,013,1133247,66133,65299,1129,66428,774
2021-04-02,Del Norte,015,27424,1220,1174,11,1185,6
2021-04-02,El Dorado,017,186661,9532,9437,638,10075,106
2021-04-02,Fresno,019,978130,100155,99551,8214,107765,1620
2021-04-02,Glenn,021,27897,2359,2331,528,2859,17
2021-04-02,Humboldt,023,135768,3476,3465,25,3490,35
2021-04-02,Imperial,025,180216,27747,27553,2541,30094,710
2021-04-02,Inyo,027,18085,1381,1377,10,1387,36
2021-04-02,Kern,029,883053,95584,94348,10247,104595,1233
2021-04-02,Kings,031,150075,22804,22571,1020,23591,239
2021-04-02,Lake,033,64148,3375,3348,8,3356,43
2021-04-02,Lassen,035,31185,5148,5134,101,5235,1
2021-04-02,Los Angeles,037,10098052,1191572,1181682,39191,1220873,23264
2021-04-02,Madera,039,155013,16194,16036,882,16918,230
2021-04-02,Marin,041,260295,13718,13649,213,13862,221
2021-04-02,Mariposa,043,17540,396,390,5,395,5
2021-04-02,Mendocino,045,87422,3764,3682,74,3756,45
2021-04-02,Merced,047,269075,29932,29998,975,30973,426
2021-04-02,Modoc,049,8938,353,346,118,464,3
2021-04-02,Mono,051,14174,1237,1246,17,1263,3
2021-04-02,Monterey,053,433212,42605,42359,1747,44106,341
2021-04-02,Napa,055,140530,9477,9453,30,9483,78
2021-04-02,Nevada,057,99092,4384,4323,179,4502,69
2021-04-02,Orange,059,3164182,251870,249891,10716,260607,4748
2021-04-02,Placer,061,380077,21770,21035,1268,22303,275
2021-04-02,Plumas,063,18699,674,666,10,676,4
2021-04-02,Riverside,065,2383286,289909,283328,13541,296869,4213
2021-04-02,Sacramento,067,1510023,99660,98648,1427,100075,1527
2021-04-02,San Benito,069,59416,5890,5888,94,5982,61
2021-04-02,San Bernardino,071,2135413,289557,286308,8696,295004,4417
2021-04-02,San Diego,073,3302833,272104,271036,13669,284705,3568
2021-04-02,San Francisco,075,870044,35450,35451,1187,36638,488
2021-04-02,San Joaquin,077,732212,70111,68996,3153,72149,1268
2021-04-02,San Luis Obispo,079,281455,20621,20271,620,20891,252
2021-04-02,San Mateo,081,765935,40931,40514,428,40942,350
2021-04-02,Santa Barbara,083,443738,33532,33145,1078,34223,443
2021-04-02,Santa Clara,085,1922200,114685,114777,648,115425,1882
2021-04-02,Santa Cruz,087,273765,15898,15216,789,16005,202
2021-04-02,Shasta,089,179085,11374,11377,1364,12741,181
2021-04-02,Sierra,091,2930,55,50,12,62,0
2021-04-02,Siskiyou,093,43540,1575,1508,255,1763,7
2021-04-02,Solano,095,438530,31102,30951,412,31363,237
2021-04-02,Sonoma,097,501317,29200,29288,278,29566,311
2021-04-02,Stanislaus,099,539301,53437,53073,5564,58637,687
2021-04-02,Sutter,101,95872,9143,9131,80,9211,106
2021-04-02,Tehama,103,63373,4809,4775,513,5288,52
2021-04-02,Trinity,105,12862,478,320,81,401,3
2021-04-02,Tulare,107,460477,49385,48306,8490,56796,818
2021-04-02,Tuolumne,109,53932,3930,3980,40,4020,57
2021-04-02,Ventura,111,848112,80024,79434,2856,82290,982
2021-04-02,Yolo,113,214977,13384,13381,172,13553,197
2021-04-02,Yuba,115,75493,5747,5709,110,5819,44
2021-04-01,Alameda,001,1643700,84139,83574,1774,85348,1216
2021-04-01,Alpine,002,1148,85,85,0,85,0
2021-04-01,Amador,005,37829,3582,3558,31,3589,45
2021-04-01,Butte,007,227075,11704,11328,1692,13020,193
2021-04-01,Calaveras,009,45235,2012,2006,11,2017,50
2021-04-01,Colusa,011,21464,1893,1890,273,2163,14
2021-04-01,Contra Costa,013,1133247,66074,65176,1127,66303,771
2021-04-01,Del Norte,015,27424,1215,1138,11,1149,6
2021-04-01,El Dorado,017,186661,9523,9393,634,10027,106
2021-04-01,Fresno,019,978130,100102,99317,8206,107523,1616
2021-04-01,Glenn,021,27897,2359,2322,527,2849,17
2021-04-01,Humboldt,023,135768,3472,3464,25,3489,35
2021-04-01,Imperial,025,180216,27717,27520,2536,30056,710
2021-04-01,Inyo,027,18085,1380,1374,10,1384,36
2021-04-01,Kern,029,883053,95548,94244,10235,104479,1233
2021-04-01,Kings,031,150075,22797,22560,1019,23579,239
2021-04-01,Lake,033,64148,3370,3337,8,3345,43
2021-04-01,Lassen,035,31185,5147,5132,101,5233,1
2021-04-01,Los Angeles,037,10098052,1191079,1181101,39162,1220263,23220
2021-04-01,Madera,039,155013,16178,16023,882,16905,230
2021-04-01,Marin,041,260295,13708,13635,213,13848,221
2021-04-01,Mariposa,043,17540,394,389,5,394,5
2021-04-01,Mendocino,045,87422,3764,3680,74,3754,45
2021-04-01,Merced,047,269075,29899,29820,975,30795,425
2021-04-01,Modoc,049,8938,352,346,118,464,3
2021-04-01,Mono,051,14174,1237,1245,17,1262,3
2021-04-01,Monterey,053,433212,42597,42324,1745,44069,339
2021-04-01,Napa,055,140530,9465,9410,30,9440,78
2021-04-01,Nevada,057,99092,4374,4288,178,4466,68
2021-04-01,Orange,059,3164182,251750,249617,10699,260316,4742
2021-04-01,Placer,061,380077,21731,20909,1256,22165,274
2021-04-01,Plumas,063,18699,674,664,10,674,4
2021-04-01,Riverside,065,2383286,289804,283128,13538,296666,4193
2021-04-01,Sacramento,067,1510023,99516,97952,1414,99366,1521
2021-04-01,San Benito,069,59416,5882,5878,93,5971,61
2021-04-01,San Bernardino,071,2135413,289441,286086,8687,294773,4404
2021-04-01,San Diego,073,3302833,271881,270540,13639,284179,3555
2021-04-01,San Francisco,075,870044,35429,35386,1184,36570,488
2021-04-01,San Joaquin,077,732212,70029,68802,3145,71947,1262
2021-04-01,San Luis Obispo,079,281455,20592,20235,619,20854,252
2021-04-01,San Mateo,081,765935,40890,40454,428,40882,350
2021-04-01,Santa Barbara,083,443738,33485,33096,1073,34169,443
2021-04-01,Santa Clara,085,1922200,114572,114606,647,115253,1874
2021-04-01,Santa Cruz,087,273765,15883,15271,789,16060,202
2021-04-01,Shasta,089,179085,11359,11355,1359,12714,181
2021-04-01,Sierra,091,2930,55,50,12,62,0
2021-04-01,Siskiyou,093,43540,1573,1507,254,1761,7
2021-04-01,Solano,095,438530,31069,30850,409,31259,237
2021-04-01,Sonoma,097,501317,29169,29241,271,29512,311
2021-04-01,Stanislaus,099,539301,53375,52825,5558,58383,687
2021-04-01,Sutter,101,95872,9131,9105,80,9185,106
2021-04-01,Tehama,103,63373,4803,4764,510,5274,52
2021-04-01,Trinity,105,12862,478,319,81,400,3
2021-04-01,Tulare,107,460477,49362,48279,8480,56759,817
2021-04-01,Tuolumne,109,53932,3928,3978,40,4018,57
2021-04-01,Ventura,111,848112,80000,79369,2855,82224,977
2021-04-01,Yolo,113,214977,13371,13342,172,13514,197
2021-04-01,Yuba,115,75493,5742,5694,110,5804,44
2021-03-31,Alameda,001,1643700,84057,83475,1769,85244,1215
2021-03-31,Alpine,002,1148,85,85,0,85,0
2021-03-31,Amador,005,37829,3579,3556,31,3587,45
2021-03-31,Butte,007,227075,11694,11321,1688,13009,193
2021-03-31,Calaveras,009,45235,2010,2005,11,2016,50
2021-03-31,Colusa,011,21464,1893,1890,273,2163,14
2021-03-31,Contra Costa,013,1133247,65989,65109,1126,66235,769
2021-03-31,Del Norte,015,27424,1206,1129,11,1140,6
2021-03-31,El Dorado,017,186661,9506,9390,634,10024,106
2021-03-31,Fresno,019,978130,100009,99240,8190,107430,1616
2021-03-31,Glenn,021,27897,2355,2318,525,2843,17
2021-03-31,Humboldt,023,135768,3466,3460,25,3485,35
2021-03-31,Imperial,025,180216,27697,27506,2535,30041,710
2021-03-31,Inyo,027,18085,1377,1373,9,1382,35
2021-03-31,Kern,029,883053,95505,94205,10226,104431,1229
2021-03-31,Kings,031,150075,22794,22540,1019,23559,239
2021-03-31,Lake,033,64148,3366,3332,8,3340,43
2021-03-31,Lassen,035,31185,5143,5132,101,5233,1
2021-03-31,Los Angeles,037,10098052,1190611,1180538,39124,1219662,23171
2021-03-31,Madera,039,155013,16164,16015,881,16896,229
2021-03-31,Marin,041,260295,13697,13624,213,13837,221
2021-03-31,Mariposa,043,17540,394,389,5,394,5
2021-03-31,Mendocino,045,87422,3758,3675,74,3749,45
2021-03-31,Merced,047,269075,29870,29780,975,30755,423
2021-03-31,Modoc,049,8938,352,346,118,464,3
2021-03-31,Mono,051,14174,1237,1245,17,1262,3
2021-03-31,Monterey,053,433212,42580,42309,1743,44052,338
2021-03-31,Napa,055,140530,9447,9401,30,9431,78
2021-03-31,Nevada,057,99092,4368,4283,178,4461,68
2021-03-31,Orange,059,3164182,251639,249518,10684,260202,4731
2021-03-31,Placer,061,380077,21681,20885,1249,22134,271
2021-03-31,Plumas,063,18699,673,663,10,673,4
2021-03-31,Riverside,065,2383286,289702,283006,13527,296533,4171
2021-03-31,Sacramento,067,1510023,99341,97760,1407,99167,1519
2021-03-31,San Benito,069,59416,5872,5875,93,5968,61
2021-03-31,San Bernardino,071,2135413,289347,285916,8684,294600,4356
2021-03-31,San Diego,073,3302833,271649,270288,13604,283892,3555
2021-03-31,San Francisco,075,870044,35384,35347,1183,36530,474
2021-03-31,San Joaquin,077,732212,69940,68685,3129,71814,1259
2021-03-31,San Luis Obispo,079,281455,20570,20215,618,20833,251
2021-03-31,San Mateo,081,765935,40860,40423,428,40851,350
2021-03-31,Santa Barbara,083,443738,33453,33052,1071,34123,443
2021-03-31,Santa Clara,085,1922200,114445,114499,647,115146,1874
2021-03-31,Santa Cruz,087,273765,15870,15295,788,16083,201
2021-03-31,Shasta,089,179085,11347,11327,1351,12678,179
2021-03-31,Sierra,091,2930,55,50,12,62,0
2021-03-31,Siskiyou,093,43540,1572,1505,254,1759,7
2021-03-31,Solano,095,438530,31023,30824,408,31232,235
2021-03-31,Sonoma,097,501317,29142,29216,271,29487,311
2021-03-31,Stanislaus,099,539301,53307,52782,5546,58328,687
2021-03-31,Sutter,101,95872,9120,9111,80,9191,106
2021-03-31,Tehama,103,63373,4798,4762,508,5270,52
2021-03-31,Trinity,105,12862,478,319,81,400,3
2021-03-31,Tulare,107,460477,49342,48261,8464,56725,816
2021-03-31,Tuolumne,109,53932,3927,3976,40,4016,57
2021-03-31,Ventura,111,848112,79968,79326,2851,82177,969
2021-03-31,Yolo,113,214977,13354,13359,171,13530,197
2021-03-31,Yuba,115,75493,5735,5686,110,5796,44
2021-03-30,Alameda,001,1643700,83957,83395,1766,85161,1211
2021-03-30,Alpine,002,1148,85,85,0,85,0
2021-03-30,Amador,005,37829,3576,3551,31,3582,45
2021-03-30,Butte,007,227075,11682,11296,1685,12981,193
2021-03-30,Calaveras,009,45235,2006,1997,11,2008,50
2021-03-30,Colusa,011,21464,1892,1890,272,2162,14
2021-03-30,Contra Costa,013,1133247,65900,65041,1124,66165,767
2021-03-30,Del Norte,015,27424,1198,1118,10,1128,6
2021-03-30,El Dorado,017,186661,9487,9381,631,10012,105
2021-03-30,Fresno,019,978130,99944,99156,8177,107333,1609
2021-03-30,Glenn,021,27897,2355,2310,524,2834,17
2021-03-30,Humboldt,023,135768,3464,3461,25,3486,35
2021-03-30,Imperial,025,180216,27669,27471,2533,30004,706
2021-03-30,Inyo,027,18085,1377,1374,9,1383,35
2021-03-30,Kern,029,883053,95463,94151,10217,104368,1221
2021-03-30,Kings,031,150075,22790,22530,1017,23547,238
2021-03-30,Lake,033,64148,3360,3330,8,3338,43
2021-03-30,Lassen,035,31185,5143,5132,101,5233,1
2021-03-30,Los Angeles,037,10098052,1190115,1180044,39102,1219146,23136
2021-03-30,Madera,039,155013,16154,16003,877,16880,229
2021-03-30,Marin,041,260295,13688,13611,205,13816,221
2021-03-30,Mariposa,043,17540,394,388,5,393,5
2021-03-30,Mendocino,045,87422,3756,3670,74,3744,45
2021-03-30,Merced,047,269075,29833,29731,975,30706,423
2021-03-30,Modoc,049,8938,351,346,118,464,3
2021-03-30,Mono,051,14174,1236,1245,17,1262,3
2021-03-30,Monterey,053,433212,42554,42308,1741,44049,338
2021-03-30,Napa,055,140530,9432,9391,30,9421,78
2021-03-30,Nevada,057,99092,4356,4266,177,4443,68
2021-03-30,Orange,059,3164182,251511,249412,10657,260069,4727
2021-03-30,Placer,061,380077,21641,20866,1243,22109,271
2021-03-30,Plumas,063,18699,673,661,10,671,4
2021-03-30,Riverside,065,2383286,289577,282930,13518,296448,4154
2021-03-30,Sacramento,067,1510023,99204,97718,1404,99122,1516
2021-03-30,San Benito,069,59416,5866,5870,93,5963,61
2021-03-30,San Bernardino,071,2135413,289238,285758,8675,294433,4343
2021-03-30,San Diego,073,3302833,271410,269998,13566,283564,3555
2021-03-30,San Francisco,075,870044,35334,35325,1182,36507,474
2021-03-30,San Joaquin,077,732212,69852,68613,3119,71732,1232
2021-03-30,San Luis Obispo,079,281455,20550,20194,618,20812,251
2021-03-30,San Mateo,081,765935,40816,40377,428,40805,349
2021-03-30,Santa Barbara,083,443738,33428,33016,1071,34087,441
2021-03-30,Santa Clara,085,1922200,114323,114413,646,115059,1873
2021-03-30,Santa Cruz,087,273765,15864,15278,788,16066,201
2021-03-30,Shasta,089,179085,11339,11316,1350,12666,184
2021-03-30,Sierra,091,2930,55,50,12,62,0
2021-03-30,Siskiyou,093,43540,1571,1501,254,1755,7
2021-03-30,Solano,095,438530,30993,30802,407,31209,232
2021-03-30,Sonoma,097,501317,29110,29198,271,29469,311
2021-03-30,Stanislaus,099,539301,53229,52690,5538,58228,677
2021-03-30,Sutter,101,95872,9116,9107,79,9186,106
2021-03-30,Tehama,103,63373,4789,4748,507,5255,52
2021-03-30,Trinity,105,12862,478,316,81,397,3
2021-03-30,Tulare,107,460477,49327,48249,8455,56704,815
2021-03-30,Tuolumne,109,53932,3922,3972,40,4012,57
2021-03-30,Ventura,111,848112,79924,79282,2848,82130,958
2021-03-30,Yolo,113,214977,13341,13353,171,13524,195
2021-03-30,Yuba,115,75493,5724,5679,104,5783,42
2021-03-29,Alameda,001,1643700,83857,83338,1764,85102,1211
2021-03-29,Alpine,002,1148,85,85,0,85,0
2021-03-29,Amador,005,37829,3570,3549,31,3580,45
2021-03-29,Butte,007,227075,11674,11291,1682,12973,191
2021-03-29,Calaveras,009,45235,2004,1998,11,2009,50
2021-03-29,Colusa,011,21464,1892,1889,271,2160,14
2021-03-29,Contra Costa,013,1133247,65831,64971,1123,66094,767
2021-03-29,Del Norte,015,27424,1193,1116,9,1125,6
2021-03-29,El Dorado,017,186661,9467,9374,626,10000,105
2021-03-29,Fresno,019,978130,99861,99085,8162,107247,1606
2021-03-29,Glenn,021,27897,2348,2310,524,2834,17
2021-03-29,Humboldt,023,135768,3459,3459,25,3484,34
2021-03-29,Imperial,025,180216,27648,27442,2531,29973,704
2021-03-29,Inyo,027,18085,1377,1372,9,1381,35
2021-03-29,Kern,029,883053,95416,94098,10198,104296,1220
2021-03-29,Kings,031,150075,22778,22522,1016,23538,238
2021-03-29,Lake,033,64148,3357,3325,8,3333,43
2021-03-29,Lassen,035,31185,5143,5131,101,5232,1
2021-03-29,Los Angeles,037,10098052,1189618,1179736,39062,1218798,23108
2021-03-29,Madera,039,155013,16134,15987,875,16862,210
2021-03-29,Marin,041,260295,13676,13600,202,13802,220
2021-03-29,Mariposa,043,17540,393,388,5,393,5
2021-03-29,Mendocino,045,87422,3753,3667,74,3741,45
2021-03-29,Merced,047,269075,29809,29699,975,30674,422
2021-03-29,Modoc,049,8938,350,344,118,462,3
2021-03-29,Mono,051,14174,1235,1243,17,1260,3
2021-03-29,Monterey,053,433212,42538,42305,1736,44041,337
2021-03-29,Napa,055,140530,9416,9379,30,9409,78
2021-03-29,Nevada,057,99092,4349,4258,177,4435,68
2021-03-29,Orange,059,3164182,251401,249295,10645,259940,4713
2021-03-29,Placer,061,380077,21606,20827,1236,22063,267
2021-03-29,Plumas,063,18699,672,660,10,670,4
2021-03-29,Riverside,065,2383286,289474,282867,13517,296384,4133
2021-03-29,Sacramento,067,1510023,99011,97577,1396,98973,1514
2021-03-29,San Benito,069,59416,5859,5865,93,5958,61
2021-03-29,San Bernardino,071,2135413,289141,285615,8671,294286,4335
2021-03-29,San Diego,073,3302833,271144,269771,13540,283311,3547
2021-03-29,San Francisco,075,870044,35299,35291,1179,36470,474
2021-03-29,San Joaquin,077,732212,69766,68537,3106,71643,1211
2021-03-29,San Luis Obispo,079,281455,20515,20176,617,20793,250
2021-03-29,San Mateo,081,765935,40774,40357,427,40784,348
2021-03-29,Santa Barbara,083,443738,33394,32983,1070,34053,439
2021-03-29,Santa Clara,085,1922200,114214,114335,641,114976,1871
2021-03-29,Santa Cruz,087,273765,15853,15249,787,16036,201
2021-03-29,Shasta,089,179085,11321,11313,1348,12661,183
2021-03-29,Sierra,091,2930,55,50,12,62,0
2021-03-29,Siskiyou,093,43540,1569,1497,254,1751,6
2021-03-29,Solano,095,438530,30954,30762,405,31167,232
2021-03-29,Sonoma,097,501317,29087,29184,268,29452,310
2021-03-29,Stanislaus,099,539301,53145,52614,5531,58145,677
2021-03-29,Sutter,101,95872,9109,9105,79,9184,106
2021-03-29,Tehama,103,63373,4781,4742,506,5248,52
2021-03-29,Trinity,105,12862,478,314,81,395,3
2021-03-29,Tulare,107,460477,49299,48226,8444,56670,815
2021-03-29,Tuolumne,109,53932,3920,3969,40,4009,57
2021-03-29,Ventura,111,848112,79882,79252,2848,82100,956
2021-03-29,Yolo,113,214977,13322,13346,171,13517,195
2021-03-29,Yuba,115,75493,5717,5671,103,5774,42
2021-03-28,Alameda,001,1643700,83736,83239,1762,85001,1212
2021-03-28,Alpine,002,1148,85,85,0,85,0
2021-03-28,Amador,005,37829,3566,3541,31,3572,45
2021-03-28,Butte,007,227075,11661,11285,1680,12965,191
2021-03-28,Calaveras,009,45235,2002,1995,11,2006,50
2021-03-28,Colusa,011,21464,1891,1889,271,2160,14
2021-03-28,Contra Costa,013,1133247,65757,64878,1119,65997,767
2021-03-28,Del Norte,015,27424,1186,1107,7,1114,6
2021-03-28,El Dorado,017,186661,9452,9371,624,9995,105
2021-03-28,Fresno,019,978130,99779,99004,8150,107154,1606
2021-03-28,Glenn,021,27897,2344,2309,522,2831,17
2021-03-28,Humboldt,023,135768,3456,3452,24,3476,34
2021-03-28,Imperial,025,180216,27620,27426,2528,29954,704
2021-03-28,Inyo,027,18085,1376,1372,9,1381,35
2021-03-28,Kern,029,883053,95371,94084,10187,104271,1219
2021-03-28,Kings,031,150075,22773,22514,1013,23527,238
2021-03-28,Lake,033,64148,3352,3320,8,3328,43
2021-03-28,Lassen,035,31185,5143,5131,100,5231,1
2021-03-28,Los Angeles,037,10098052,1189066,1179316,39004,1218320,23101
2021-03-28,Madera,039,155013,16119,15973,874,16847,210
2021-03-28,Marin,041,260295,13663,13594,200,13794,221
2021-03-28,Mariposa,043,17540,393,388,5,393,5
2021-03-28,Mendocino,045,87422,3751,3666,74,3740,45
2021-03-28,Merced,047,269075,29752,29679,975,30654,422
2021-03-28,Modoc,049,8938,350,344,118,462,3
2021-03-28,Mono,051,14174,1234,1242,17,1259,3
2021-03-28,Monterey,053,433212,42515,42294,1732,44026,337
2021-03-28,Napa,055,140530,9402,9368,30,9398,78
2021-03-28,Nevada,057,99092,4335,4239,177,4416,68
2021-03-28,Orange,059,3164182,251246,249238,10635,259873,4713
2021-03-28,Placer,061,380077,21562,20796,1230,22026,267
2021-03-28,Plumas,063,18699,670,657,10,667,4
2021-03-28,Riverside,065,2383286,289360,282811,13509,296320,4132
2021-03-28,Sacramento,067,1510023,98837,97425,1390,98815,1514
2021-03-28,San Benito,069,59416,5854,5862,93,5955,61
2021-03-28,San Bernardino,071,2135413,289021,285570,8663,294233,4332
2021-03-28,San Diego,073,3302833,270868,269476,13511,282987,3547
2021-03-28,San Francisco,075,870044,35253,35286,1175,36461,474
2021-03-28,San Joaquin,077,732212,69642,68459,3087,71546,1211
2021-03-28,San Luis Obispo,079,281455,20480,20172,614,20786,250
2021-03-28,San Mateo,081,765935,40729,40305,427,40732,348
2021-03-28,Santa Barbara,083,443738,33352,32953,1069,34022,439
2021-03-28,Santa Clara,085,1922200,114114,114232,637,114869,1871
2021-03-28,Santa Cruz,087,273765,15838,15238,786,16024,201
2021-03-28,Shasta,089,179085,11295,11308,1337,12645,183
2021-03-28,Sierra,091,2930,55,50,12,62,0
2021-03-28,Siskiyou,093,43540,1569,1497,253,1750,6
2021-03-28,Solano,095,438530,30917,30719,403,31122,232
2021-03-28,Sonoma,097,501317,29051,29161,266,29427,310
2021-03-28,Stanislaus,099,539301,53057,52567,5518,58085,678
2021-03-28,Sutter,101,95872,9100,9094,79,9173,106
2021-03-28,Tehama,103,63373,4771,4740,504,5244,52
2021-03-28,Trinity,105,12862,476,314,80,394,3
2021-03-28,Tulare,107,460477,49270,48218,8438,56656,815
2021-03-28,Tuolumne,109,53932,3917,3969,39,4008,57
2021-03-28,Ventura,111,848112,79831,79222,2843,82065,956
2021-03-28,Yolo,113,214977,13305,13325,170,13495,194
2021-03-28,Yuba,115,75493,5713,5662,103,5765,42
2021-03-27,Alameda,001,1643700,83665,83169,1758,84927,1211
2021-03-27,Alpine,002,1148,85,85,0,85,0
2021-03-27,Amador,005,37829,3561,3538,31,3569,45
2021-03-27,Butte,007,227075,11654,11278,1679,12957,191
2021-03-27,Calaveras,009,45235,1999,1992,11,2003,50
2021-03-27,Colusa,011,21464,1891,1889,271,2160,14
2021-03-27,Contra Costa,013,1133247,65687,64804,1116,65920,767
2021-03-27,Del Norte,015,27424,1176,1104,7,1111,6
2021-03-27,El Dorado,017,186661,9438,9367,624,9991,105
2021-03-27,Fresno,019,978130,99726,98901,8144,107045,1606
2021-03-27,Glenn,021,27897,2343,2308,522,2830,17
2021-03-27,Humboldt,023,135768,3451,3442,24,3466,34
2021-03-27,Imperial,025,180216,27608,27406,2525,29931,704
2021-03-27,Inyo,027,18085,1374,1372,9,1381,35
2021-03-27,Kern,029,883053,95351,94041,10176,104217,1217
2021-03-27,Kings,031,150075,22770,22502,1013,23515,238
2021-03-27,Lake,033,64148,3350,3317,8,3325,43
2021-03-27,Lassen,035,31185,5143,5129,100,5229,1
2021-03-27,Los Angeles,037,10098052,1188752,1178831,38978,1217809,23103
2021-03-27,Madera,039,155013,16112,15968,872,16840,210
2021-03-27,Marin,041,260295,13658,13579,200,13779,222
2021-03-27,Mariposa,043,17540,393,386,5,391,5
2021-03-27,Mendocino,045,87422,3749,3666,74,3740,45
2021-03-27,Merced,047,269075,29719,29647,973,30620,422
2021-03-27,Modoc,049,8938,350,344,118,462,3
2021-03-27,Mono,051,14174,1232,1241,17,1258,3
2021-03-27,Monterey,053,433212,42505,42271,1732,44003,337
2021-03-27,Napa,055,140530,9390,9360,30,9390,78
2021-03-27,Nevada,057,99092,4325,4231,177,4408,68
2021-03-27,Orange,059,3164182,251151,249160,10619,259779,4698
2021-03-27,Placer,061,380077,21542,20717,1223,21940,267
2021-03-27,Plumas,063,18699,669,655,10,665,4
2021-03-27,Riverside,065,2383286,289298,282707,13501,296208,4132
2021-03-27,Sacramento,067,1510023,98747,97247,1388,98635,1513
2021-03-27,San Benito,069,59416,5852,5862,91,5953,61
2021-03-27,San Bernardino,071,2135413,288959,285480,8662,294142,4325
2021-03-27,San Diego,073,3302833,270697,269271,13489,282760,3540
2021-03-27,San Francisco,075,870044,35230,35244,1173,36417,474
2021-03-27,San Joaquin,077,732212,69582,68365,3079,71444,1211
2021-03-27,San Luis Obispo,079,281455,20469,20153,611,20764,250
2021-03-27,San Mateo,081,765935,40706,40264,427,40691,348
2021-03-27,Santa Barbara,083,443738,33329,32921,1069,33990,439
2021-03-27,Santa Clara,085,1922200,114018,114124,635,114759,1871
2021-03-27,Santa Cruz,087,273765,15832,15215,786,16001,201
2021-03-27,Shasta,089,179085,11284,11288,1335,12623,183
2021-03-27,Sierra,091,2930,55,50,12,62,0
2021-03-27,Siskiyou,093,43540,1569,1497,253,1750,6
2021-03-27,Solano,095,438530,30889,30669,402,31071,232
2021-03-27,Sonoma,097,501317,29036,29133,264,29397,310
2021-03-27,Stanislaus,099,539301,52992,52497,5510,58007,678
2021-03-27,Sutter,101,95872,9093,9093,79,9172,106
2021-03-27,Tehama,103,63373,4765,4738,502,5240,52
2021-03-27,Trinity,105,12862,476,313,80,393,3
2021-03-27,Tulare,107,460477,49254,48203,8431,56634,813
2021-03-27,Tuolumne,109,53932,3914,3968,39,4007,57
2021-03-27,Ventura,111,848112,79804,79184,2841,82025,956
2021-03-27,Yolo,113,214977,13300,13317,169,13486,194
2021-03-27,Yuba,115,75493,5711,5657,103,5760,42
2021-03-26,Alameda,001,1643700,83603,83043,1756,84799,1208
2021-03-26,Alpine,002,1148,85,85,0,85,0
2021-03-26,Amador,005,37829,3556,3532,31,3563,45
2021-03-26,Butte,007,227075,11643,11278,1679,12957,191
2021-03-26,Calaveras,009,45235,1996,1989,11,2000,50
2021-03-26,Colusa,011,21464,1891,1889,271,2160,14
2021-03-26,Contra Costa,013,1133247,65627,64699,1113,65812,761
2021-03-26,Del Norte,015,27424,1173,1101,7,1108,6
2021-03-26,El Dorado,017,186661,9433,9353,624,9977,105
2021-03-26,Fresno,019,978130,99664,98731,8134,106865,1601
2021-03-26,Glenn,021,27897,2343,2307,521,2828,17
2021-03-26,Humboldt,023,135768,3449,3431,24,3455,34
2021-03-26,Imperial,025,180216,27584,27374,2525,29899,701
2021-03-26,Inyo,027,18085,1373,1369,9,1378,35
2021-03-26,Kern,029,883053,95325,93949,10170,104119,1211
2021-03-26,Kings,031,150075,22762,22493,1011,23504,239
2021-03-26,Lake,033,64148,3349,3314,8,3322,43
2021-03-26,Lassen,035,31185,5142,5131,100,5231,1
2021-03-26,Los Angeles,037,10098052,1188416,1178213,38965,1217178,23080
2021-03-26,Madera,039,155013,16102,15952,872,16824,210
2021-03-26,Marin,041,260295,13652,13553,195,13748,221
2021-03-26,Mariposa,043,17540,393,386,5,391,5
2021-03-26,Mendocino,045,87422,3748,3664,74,3738,45
2021-03-26,Merced,047,269075,29696,29613,972,30585,419
2021-03-26,Modoc,049,8938,350,344,118,462,3
2021-03-26,Mono,051,14174,1231,1236,17,1253,3
2021-03-26,Monterey,053,433212,42492,42241,1728,43969,338
2021-03-26,Napa,055,140530,9380,9349,30,9379,78
2021-03-26,Nevada,057,99092,4305,4222,177,4399,83
2021-03-26,Orange,059,3164182,251088,248995,10605,259600,4671
2021-03-26,Placer,061,380077,21516,20679,1222,21901,259
2021-03-26,Plumas,063,18699,668,654,10,664,4
2021-03-26,Riverside,065,2383286,289220,282602,13495,296097,4109
2021-03-26,Sacramento,067,1510023,98646,97040,1383,98423,1509
2021-03-26,San Benito,069,59416,5849,5855,91,5946,61
2021-03-26,San Bernardino,071,2135413,288903,285313,8660,293973,4288
2021-03-26,San Diego,073,3302833,270519,269045,13463,282508,3525
2021-03-26,San Francisco,075,870044,35204,35186,1173,36359,472
2021-03-26,San Joaquin,077,732212,69519,68249,3075,71324,1202
2021-03-26,San Luis Obispo,079,281455,20456,20118,611,20729,250
2021-03-26,San Mateo,081,765935,40671,40199,427,40626,348
2021-03-26,Santa Barbara,083,443738,33299,32895,1068,33963,439
2021-03-26,Santa Clara,085,1922200,113920,113959,634,114593,1868
2021-03-26,Santa Cruz,087,273765,15817,15199,785,15984,201
2021-03-26,Shasta,089,179085,11275,11276,1329,12605,182
2021-03-26,Sierra,091,2930,55,50,12,62,0
2021-03-26,Siskiyou,093,43540,1569,1493,252,1745,6
2021-03-26,Solano,095,438530,30864,30640,402,31042,205
2021-03-26,Sonoma,097,501317,29020,29101,261,29362,310
2021-03-26,Stanislaus,099,539301,52924,52420,5506,57926,678
2021-03-26,Sutter,101,95872,9090,9082,79,9161,104
2021-03-26,Tehama,103,63373,4764,4722,501,5223,51
2021-03-26,Trinity,105,12862,476,311,80,391,3
2021-03-26,Tulare,107,460477,49239,48179,8424,56603,813
2021-03-26,Tuolumne,109,53932,3913,3965,39,4004,57
2021-03-26,Ventura,111,848112,79770,79122,2839,81961,953
2021-03-26,Yolo,113,214977,13293,13299,167,13466,194
2021-03-26,Yuba,115,75493,5701,5653,103,5756,42
2021-03-25,Alameda,001,1643700,83509,82945,1754,84699,1206
2021-03-25,Alpine,002,1148,85,84,0,84,0
2021-03-25,Amador,005,37829,3554,3530,31,3561,45
2021-03-25,Butte,007,227075,11633,11270,1679,12949,188
2021-03-25,Calaveras,009,45235,1995,1982,11,1993,50
2021-03-25,Colusa,011,21464,1891,1888,271,2159,14
2021-03-25,Contra Costa,013,1133247,65560,64606,1110,65716,757
2021-03-25,Del Norte,015,27424,1167,1095,7,1102,6
2021-03-25,El Dorado,017,186661,9423,9331,624,9955,105
2021-03-25,Fresno,019,978130,99546,98602,8121,106723,1593
2021-03-25,Glenn,021,27897,2342,2302,520,2822,17
2021-03-25,Humboldt,023,135768,3444,3423,24,3447,34
2021-03-25,Imperial,025,180216,27568,27352,2524,29876,699
2021-03-25,Inyo,027,18085,1373,1369,9,1378,35
2021-03-25,Kern,029,883053,95293,93857,10165,104022,1206
2021-03-25,Kings,031,150075,22752,22472,1011,23483,237
2021-03-25,Lake,033,64148,3344,3312,8,3320,43
2021-03-25,Lassen,035,31185,5142,5129,100,5229,1
2021-03-25,Los Angeles,037,10098052,1187978,1177490,38932,1216422,23051
2021-03-25,Madera,039,155013,16083,15937,870,16807,210
2021-03-25,Marin,041,260295,13642,13538,192,13730,219
2021-03-25,Mariposa,043,17540,393,386,5,391,5
2021-03-25,Mendocino,045,87422,3747,3664,74,3738,45
2021-03-25,Merced,047,269075,29662,29576,965,30541,416
2021-03-25,Modoc,049,8938,350,343,118,461,3
2021-03-25,Mono,051,14174,1231,1235,17,1252,3
2021-03-25,Monterey,053,433212,42471,42220,1723,43943,336
2021-03-25,Napa,055,140530,9361,9321,30,9351,78
2021-03-25,Nevada,057,99092,4287,4202,175,4377,84
2021-03-25,Orange,059,3164182,250973,248871,10585,259456,4655
2021-03-25,Placer,061,380077,21475,20639,1215,21854,252
2021-03-25,Plumas,063,18699,668,654,10,664,4
2021-03-25,Riverside,065,2383286,289123,282492,13484,295976,4078
2021-03-25,Sacramento,067,1510023,98500,96823,1381,98204,1505
2021-03-25,San Benito,069,59416,5846,5850,91,5941,61
2021-03-25,San Bernardino,071,2135413,288822,285134,8655,293789,4222
2021-03-25,San Diego,073,3302833,270291,268623,13432,282055,3520
2021-03-25,San Francisco,075,870044,35164,35154,1171,36325,468
2021-03-25,San Joaquin,077,732212,69422,68089,3037,71126,1196
2021-03-25,San Luis Obispo,079,281455,20438,20076,611,20687,250
2021-03-25,San Mateo,081,765935,40631,40147,427,40574,348
2021-03-25,Santa Barbara,083,443738,33272,32857,1068,33925,439
2021-03-25,Santa Clara,085,1922200,113816,113877,632,114509,1868
2021-03-25,Santa Cruz,087,273765,15796,15170,785,15955,201
2021-03-25,Shasta,089,179085,11258,11262,1326,12588,181
2021-03-25,Sierra,091,2930,55,50,12,62,0
2021-03-25,Siskiyou,093,43540,1567,1491,251,1742,6
2021-03-25,Solano,095,438530,30803,30583,400,30983,193
2021-03-25,Sonoma,097,501317,28986,29060,257,29317,310
2021-03-25,Stanislaus,099,539301,52857,52321,5499,57820,678
2021-03-25,Sutter,101,95872,9081,9069,79,9148,104
2021-03-25,Tehama,103,63373,4762,4719,500,5219,52
2021-03-25,Trinity,105,12862,476,310,80,390,3
2021-03-25,Tulare,107,460477,49212,48148,8412,56560,811
2021-03-25,Tuolumne,109,53932,3912,3962,39,4001,57
2021-03-25,Ventura,111,848112,79729,79045,2835,81880,952
2021-03-25,Yolo,113,214977,13287,13287,167,13454,194
2021-03-25,Yuba,115,75493,5695,5647,97,5744,42
2021-03-24,Alameda,001,1643700,83416,82871,1751,84622,1199
2021-03-24,Alpine,002,1148,85,84,0,84,0
2021-03-24,Amador,005,37829,3548,3529,31,3560,45
2021-03-24,Butte,007,227075,11623,11252,1675,12927,187
2021-03-24,Calaveras,009,45235,1992,1975,11,1986,50
2021-03-24,Colusa,011,21464,1891,1886,271,2157,14
2021-03-24,Contra Costa,013,1133247,65480,64539,1109,65648,755
2021-03-24,Del Norte,015,27424,1162,1087,7,1094,6
2021-03-24,El Dorado,017,186661,9417,9319,623,9942,105
2021-03-24,Fresno,019,978130,99455,98437,8106,106543,1585
2021-03-24,Glenn,021,27897,2341,2297,519,2816,17
2021-03-24,Humboldt,023,135768,3441,3414,24,3438,34
2021-03-24,Imperial,025,180216,27559,27325,2524,29849,699
2021-03-24,Inyo,027,18085,1373,1368,9,1377,35
2021-03-24,Kern,029,883053,95245,93800,10156,103956,1198
2021-03-24,Kings,031,150075,22737,22456,1009,23465,237
2021-03-24,Lake,033,64148,3340,3307,8,3315,43
2021-03-24,Lassen,035,31185,5140,5130,99,5229,1
2021-03-24,Los Angeles,037,10098052,1187491,1177015,38899,1215914,22993
2021-03-24,Madera,039,155013,16074,15918,869,16787,210
2021-03-24,Marin,041,260295,13628,13526,190,13716,219
2021-03-24,Mariposa,043,17540,393,384,5,389,5
2021-03-24,Mendocino,045,87422,3744,3660,74,3734,45
2021-03-24,Merced,047,269075,29621,29525,965,30490,415
2021-03-24,Modoc,049,8938,349,341,118,459,3
2021-03-24,Mono,051,14174,1230,1243,17,1260,3
2021-03-24,Monterey,053,433212,42449,42201,1720,43921,335
2021-03-24,Napa,055,140530,9341,9310,30,9340,78
2021-03-24,Nevada,057,99092,4272,4191,174,4365,85
2021-03-24,Orange,059,3164182,250860,248775,10567,259342,4638
2021-03-24,Placer,061,380077,21445,20606,1207,21813,250
2021-03-24,Plumas,063,18699,666,652,10,662,4
2021-03-24,Riverside,065,2383286,289039,282410,13481,295891,4058
2021-03-24,Sacramento,067,1510023,98325,96628,1370,97998,1500
2021-03-24,San Benito,069,59416,5845,5847,91,5938,61
2021-03-24,San Bernardino,071,2135413,288735,284983,8653,293636,4170
2021-03-24,San Diego,073,3302833,270077,268413,13404,281817,3509
2021-03-24,San Francisco,075,870044,35137,35103,1168,36271,462
2021-03-24,San Joaquin,077,732212,69351,67978,3025,71003,1196
2021-03-24,San Luis Obispo,079,281455,20408,20021,610,20631,250
2021-03-24,San Mateo,081,765935,40581,40083,427,40510,348
2021-03-24,Santa Barbara,083,443738,33244,32810,1068,33878,438
2021-03-24,Santa Clara,085,1922200,113700,113757,629,114386,1851
2021-03-24,Santa Cruz,087,273765,15782,15138,784,15922,202
2021-03-24,Shasta,089,179085,11239,11243,1324,12567,181
2021-03-24,Sierra,091,2930,55,50,12,62,0
2021-03-24,Siskiyou,093,43540,1565,1490,251,1741,6
2021-03-24,Solano,095,438530,30766,30552,399,30951,178
2021-03-24,Sonoma,097,501317,28966,29034,253,29287,310
2021-03-24,Stanislaus,099,539301,52781,52259,5490,57749,677
2021-03-24,Sutter,101,95872,9065,9049,79,9128,104
2021-03-24,Tehama,103,63373,4756,4719,499,5218,49
2021-03-24,Trinity,105,12862,475,310,80,390,3
2021-03-24,Tulare,107,460477,49201,48109,8399,56508,808
2021-03-24,Tuolumne,109,53932,3910,3961,39,4000,57
2021-03-24,Ventura,111,848112,79677,78993,2828,81821,944
2021-03-24,Yolo,113,214977,13275,13269,167,13436,194
2021-03-24,Yuba,115,75493,5689,5634,94,5728,42
2021-03-23,Alameda,001,1643700,83314,82799,1747,84546,1190
2021-03-23,Alpine,002,1148,85,84,0,84,0
2021-03-23,Amador,005,37829,3542,3524,31,3555,45
2021-03-23,Butte,007,227075,11611,11227,1674,12901,187
2021-03-23,Calaveras,009,45235,1990,1971,11,1982,50
2021-03-23,Colusa,011,21464,1889,1885,270,2155,14
2021-03-23,Contra Costa,013,1133247,65380,64491,1108,65599,750
2021-03-23,Del Norte,015,27424,1157,1082,7,1089,6
2021-03-23,El Dorado,017,186661,9407,9318,620,9938,105
2021-03-23,Fresno,019,978130,99340,98362,8082,106444,1575
2021-03-23,Glenn,021,27897,2336,2293,517,2810,17
2021-03-23,Humboldt,023,135768,3432,3405,24,3429,34
2021-03-23,Imperial,025,180216,27551,27320,2524,29844,699
2021-03-23,Inyo,027,18085,1371,1364,9,1373,35
2021-03-23,Kern,029,883053,95138,93728,10149,103877,1191
2021-03-23,Kings,031,150075,22726,22439,1007,23446,237
2021-03-23,Lake,033,64148,3338,3294,8,3302,43
2021-03-23,Lassen,035,31185,5140,5130,99,5229,1
2021-03-23,Los Angeles,037,10098052,1186970,1176572,38862,1215434,22904
2021-03-23,Madera,039,155013,16058,15908,868,16776,210
2021-03-23,Marin,041,260295,13605,13514,188,13702,221
2021-03-23,Mariposa,043,17540,392,384,5,389,5
2021-03-23,Mendocino,045,87422,3742,3652,74,3726,45
2021-03-23,Merced,047,269075,29588,29485,965,30450,415
2021-03-23,Modoc,049,8938,348,342,118,460,3
2021-03-23,Mono,051,14174,1229,1263,17,1280,3
2021-03-23,Monterey,053,433212,42438,42180,1718,43898,335
2021-03-23,Napa,055,140530,9316,9299,30,9329,78
2021-03-23,Nevada,057,99092,4253,4179,173,4352,89
2021-03-23,Orange,059,3164182,250734,248661,10549,259210,4626
2021-03-23,Placer,061,380077,21410,20567,1203,21770,248
2021-03-23,Plumas,063,18699,666,652,10,662,4
2021-03-23,Riverside,065,2383286,288939,282317,13475,295792,4035
2021-03-23,Sacramento,067,1510023,98133,96521,1366,97887,1496
2021-03-23,San Benito,069,59416,5840,5845,90,5935,61
2021-03-23,San Bernardino,071,2135413,288650,284875,8645,293520,4134
2021-03-23,San Diego,073,3302833,269832,268156,13372,281528,3498
2021-03-23,San Francisco,075,870044,35079,35071,1163,36234,462
2021-03-23,San Joaquin,077,732212,69255,67903,3007,70910,1182
2021-03-23,San Luis Obispo,079,281455,20368,20009,609,20618,250
2021-03-23,San Mateo,081,765935,40525,40032,426,40458,348
2021-03-23,Santa Barbara,083,443738,33206,32771,1067,33838,438
2021-03-23,Santa Clara,085,1922200,113584,113645,626,114271,1848
2021-03-23,Santa Cruz,087,273765,15767,15106,784,15890,201
2021-03-23,Shasta,089,179085,11226,11234,1323,12557,175
2021-03-23,Sierra,091,2930,55,50,12,62,0
2021-03-23,Siskiyou,093,43540,1560,1485,249,1734,6
2021-03-23,Solano,095,438530,30724,30524,398,30922,178
2021-03-23,Sonoma,097,501317,28929,29020,252,29272,310
2021-03-23,Stanislaus,099,539301,52682,52148,5483,57631,677
2021-03-23,Sutter,101,95872,9057,9039,79,9118,104
2021-03-23,Tehama,103,63373,4747,4707,498,5205,46
2021-03-23,Trinity,105,12862,475,310,80,390,3
2021-03-23,Tulare,107,460477,49174,48095,8383,56478,808
2021-03-23,Tuolumne,109,53932,3907,3957,39,3996,57
2021-03-23,Ventura,111,848112,79616,78930,2825,81755,932
2021-03-23,Yolo,113,214977,13264,13255,167,13422,194
2021-03-23,Yuba,115,75493,5684,5628,94,5722,42
2021-03-22,Alameda,001,1643700,83223,82748,1742,84490,1189
2021-03-22,Alpine,002,1148,84,83,0,83,0
2021-03-22,Amador,005,37829,3534,3522,31,3553,44
2021-03-22,Butte,007,227075,11602,11211,1672,12883,185
2021-03-22,Calaveras,009,45235,1986,1963,11,1974,49
2021-03-22,Colusa,011,21464,1887,1885,270,2155,13
2021-03-22,Contra Costa,013,1133247,65285,64432,1106,65538,740
2021-03-22,Del Norte,015,27424,1151,1082,7,1089,6
2021-03-22,El Dorado,017,186661,9391,9310,616,9926,105
2021-03-22,Fresno,019,978130,99243,98276,8070,106346,1556
2021-03-22,Glenn,021,27897,2328,2291,517,2808,17
2021-03-22,Humboldt,023,135768,3427,3403,24,3427,34
2021-03-22,Imperial,025,180216,27536,27302,2521,29823,699
2021-03-22,Inyo,027,18085,1368,1363,9,1372,35
2021-03-22,Kern,029,883053,95067,93675,10133,103808,1178
2021-03-22,Kings,031,150075,22713,22433,1002,23435,236
2021-03-22,Lake,033,64148,3337,3290,8,3298,43
2021-03-22,Lassen,035,31185,5138,5129,99,5228,1
2021-03-22,Los Angeles,037,10098052,1186453,1176205,38832,1215037,22843
2021-03-22,Madera,039,155013,16043,15904,868,16772,210
2021-03-22,Marin,041,260295,13596,13501,187,13688,221
2021-03-22,Mariposa,043,17540,391,381,5,386,5
2021-03-22,Mendocino,045,87422,3740,3653,74,3727,45
2021-03-22,Merced,047,269075,29545,29468,962,30430,413
2021-03-22,Modoc,049,8938,346,342,118,460,3
2021-03-22,Mono,051,14174,1224,1263,17,1280,3
2021-03-22,Monterey,053,433212,42422,42161,1716,43877,335
2021-03-22,Napa,055,140530,9305,9288,30,9318,77
2021-03-22,Nevada,057,99092,4243,4174,169,4343,89
2021-03-22,Orange,059,3164182,250585,248517,10515,259032,4599
2021-03-22,Placer,061,380077,21375,20543,1198,21741,242
2021-03-22,Plumas,063,18699,666,652,10,662,4
2021-03-22,Riverside,065,2383286,288839,282242,13464,295706,4009
2021-03-22,Sacramento,067,1510023,97955,96385,1356,97741,1493
2021-03-22,San Benito,069,59416,5837,5844,89,5933,61
2021-03-22,San Bernardino,071,2135413,288562,284771,8633,293404,4107
2021-03-22,San Diego,073,3302833,269620,267913,13352,281265,3494
2021-03-22,San Francisco,075,870044,35037,35040,1159,36199,462
2021-03-22,San Joaquin,077,732212,69163,67815,2990,70805,1182
2021-03-22,San Luis Obispo,079,281455,20344,20000,608,20608,250
2021-03-22,San Mateo,081,765935,40474,40024,425,40449,348
2021-03-22,Santa Barbara,083,443738,33161,32756,1065,33821,437
2021-03-22,Santa Clara,085,1922200,113464,113575,626,114201,1845
2021-03-22,Santa Cruz,087,273765,15755,15077,783,15860,201
2021-03-22,Shasta,089,179085,11212,11218,1322,12540,150
2021-03-22,Sierra,091,2930,55,50,12,62,0
2021-03-22,Siskiyou,093,43540,1559,1487,248,1735,5
2021-03-22,Solano,095,438530,30684,30490,395,30885,171
2021-03-22,Sonoma,097,501317,28900,29010,248,29258,310
2021-03-22,Stanislaus,099,539301,52598,52083,5478,57561,677
2021-03-22,Sutter,101,95872,9044,9024,79,9103,104
2021-03-22,Tehama,103,63373,4739,4704,498,5202,45
2021-03-22,Trinity,105,12862,475,310,80,390,3
2021-03-22,Tulare,107,460477,49159,48074,8363,56437,807
2021-03-22,Tuolumne,109,53932,3904,3954,39,3993,57
2021-03-22,Ventura,111,848112,79570,78890,2822,81712,927
2021-03-22,Yolo,113,214977,13252,13243,166,13409,190
2021-03-22,Yuba,115,75493,5673,5627,92,5719,42
2021-03-21,Alameda,001,1643700,83136,82684,1739,84423,1187
2021-03-21,Alpine,002,1148,84,83,0,83,0
2021-03-21,Amador,005,37829,3530,3519,31,3550,44
2021-03-21,Butte,007,227075,11586,11208,1667,12875,185
2021-03-21,Calaveras,009,45235,1980,1962,11,1973,49
2021-03-21,Colusa,011,21464,1887,1885,270,2155,13
2021-03-21,Contra Costa,013,1133247,65203,64382,1102,65484,740
2021-03-21,Del Norte,015,27424,1136,1076,7,1083,6
2021-03-21,El Dorado,017,186661,9381,9302,611,9913,105
2021-03-21,Fresno,019,978130,99129,98211,8047,106258,1556
2021-03-21,Glenn,021,27897,2325,2288,516,2804,17
2021-03-21,Humboldt,023,135768,3422,3402,24,3426,34
2021-03-21,Imperial,025,180216,27519,27267,2516,29783,699
2021-03-21,Inyo,027,18085,1368,1363,9,1372,35
2021-03-21,Kern,029,883053,95001,93649,10124,103773,1170
2021-03-21,Kings,031,150075,22696,22422,1002,23424,236
2021-03-21,Lake,033,64148,3333,3286,8,3294,43
2021-03-21,Lassen,035,31185,5138,5129,99,5228,1
2021-03-21,Los Angeles,037,10098052,1185917,1175684,38785,1214469,22834
2021-03-21,Madera,039,155013,16023,15895,866,16761,210
2021-03-21,Marin,041,260295,13580,13495,186,13681,220
2021-03-21,Mariposa,043,17540,391,381,5,386,5
2021-03-21,Mendocino,045,87422,3737,3651,74,3725,45
2021-03-21,Merced,047,269075,29485,29446,956,30402,413
2021-03-21,Modoc,049,8938,346,341,118,459,3
2021-03-21,Mono,051,14174,1219,1263,17,1280,3
2021-03-21,Monterey,053,433212,42397,42153,1713,43866,335
2021-03-21,Napa,055,140530,9284,9282,30,9312,77
2021-03-21,Nevada,057,99092,4230,4169,169,4338,89
2021-03-21,Orange,059,3164182,250452,248442,10488,258930,4598
2021-03-21,Placer,061,380077,21339,20520,1190,21710,242
2021-03-21,Plumas,063,18699,666,653,10,663,4
2021-03-21,Riverside,065,2383286,288731,282187,13453,295640,4009
2021-03-21,Sacramento,067,1510023,97761,96269,1349,97618,1489
2021-03-21,San Benito,069,59416,5831,5842,89,5931,61
2021-03-21,San Bernardino,071,2135413,288472,284732,8627,293359,4094
2021-03-21,San Diego,073,3302833,269360,267724,13326,281050,3494
2021-03-21,San Francisco,075,870044,34990,35012,1153,36165,460
2021-03-21,San Joaquin,077,732212,69041,67729,2972,70701,1182
2021-03-21,San Luis Obispo,079,281455,20312,19979,606,20585,250
2021-03-21,San Mateo,081,765935,40429,39988,424,40412,344
2021-03-21,Santa Barbara,083,443738,33122,32743,1064,33807,437
2021-03-21,Santa Clara,085,1922200,113335,113487,623,114110,1840
2021-03-21,Santa Cruz,087,273765,15748,15064,783,15847,199
2021-03-21,Shasta,089,179085,11192,11215,1321,12536,150
2021-03-21,Sierra,091,2930,55,50,12,62,0
2021-03-21,Siskiyou,093,43540,1559,1486,247,1733,5
2021-03-21,Solano,095,438530,30645,30474,392,30866,171
2021-03-21,Sonoma,097,501317,28871,28986,247,29233,310
2021-03-21,Stanislaus,099,539301,52508,52014,5476,57490,677
2021-03-21,Sutter,101,95872,9031,9021,79,9100,104
2021-03-21,Tehama,103,63373,4735,4701,498,5199,45
2021-03-21,Trinity,105,12862,473,310,80,390,3
2021-03-21,Tulare,107,460477,49143,48060,8351,56411,807
2021-03-21,Tuolumne,109,53932,3902,3953,39,3992,57
2021-03-21,Ventura,111,848112,79507,78863,2817,81680,927
2021-03-21,Yolo,113,214977,13230,13235,166,13401,190
2021-03-21,Yuba,115,75493,5663,5624,92,5716,42
2021-03-20,Alameda,001,1643700,83068,82614,1737,84351,1178
2021-03-20,Alpine,002,1148,84,83,0,83,0
2021-03-20,Amador,005,37829,3528,3518,31,3549,44
2021-03-20,Butte,007,227075,11580,11199,1665,12864,185
2021-03-20,Calaveras,009,45235,1976,1961,11,1972,49
2021-03-20,Colusa,011,21464,1887,1883,270,2153,12
2021-03-20,Contra Costa,013,1133247,65143,64313,1102,65415,713
2021-03-20,Del Norte,015,27424,1135,1075,7,1082,6
2021-03-20,El Dorado,017,186661,9375,9290,611,9901,105
2021-03-20,Fresno,019,978130,99069,98112,8040,106152,1532
2021-03-20,Glenn,021,27897,2324,2288,514,2802,17
2021-03-20,Humboldt,023,135768,3415,3399,24,3423,33
2021-03-20,Imperial,025,180216,27513,27239,2514,29753,695
2021-03-20,Inyo,027,18085,1368,1362,9,1371,35
2021-03-20,Kern,029,883053,94972,93606,10120,103726,1155
2021-03-20,Kings,031,150075,22691,22415,1001,23416,236
2021-03-20,Lake,033,64148,3329,3280,8,3288,43
2021-03-20,Lassen,035,31185,5138,5128,99,5227,1
2021-03-20,Los Angeles,037,10098052,1185619,1175290,38761,1214051,22810
2021-03-20,Madera,039,155013,16015,15891,865,16756,210
2021-03-20,Marin,041,260295,13568,13470,182,13652,220
2021-03-20,Mariposa,043,17540,390,381,5,386,5
2021-03-20,Mendocino,045,87422,3736,3639,74,3713,43
2021-03-20,Merced,047,269075,29454,29411,953,30364,412
2021-03-20,Modoc,049,8938,345,341,118,459,3
2021-03-20,Mono,051,14174,1219,1256,17,1273,3
2021-03-20,Monterey,053,433212,42388,42146,1712,43858,334
2021-03-20,Napa,055,140530,9276,9274,30,9304,77
2021-03-20,Nevada,057,99092,4219,4164,168,4332,89
2021-03-20,Orange,059,3164182,250371,248348,10478,258826,4522
2021-03-20,Placer,061,380077,21316,20505,1188,21693,242
2021-03-20,Plumas,063,18699,663,652,10,662,4
2021-03-20,Riverside,065,2383286,288656,282081,13449,295530,4000
2021-03-20,Sacramento,067,1510023,97650,96126,1346,97472,1488
2021-03-20,San Benito,069,59416,5827,5840,89,5929,61
2021-03-20,San Bernardino,071,2135413,288406,284690,8623,293313,3965
2021-03-20,San Diego,073,3302833,269189,267532,13319,280851,3493
2021-03-20,San Francisco,075,870044,34967,34968,1146,36114,453
2021-03-20,San Joaquin,077,732212,69000,67662,2965,70627,1161
2021-03-20,San Luis Obispo,079,281455,20296,19951,600,20551,250
2021-03-20,San Mateo,081,765935,40395,39958,423,40381,344
2021-03-20,Santa Barbara,083,443738,33097,32723,1063,33786,434
2021-03-20,Santa Clara,085,1922200,113243,113384,622,114006,1799
2021-03-20,Santa Cruz,087,273765,15732,15053,783,15836,199
2021-03-20,Shasta,089,179085,11186,11211,1321,12532,147
2021-03-20,Sierra,091,2930,55,50,12,62,0
2021-03-20,Siskiyou,093,43540,1559,1483,247,1730,5
2021-03-20,Solano,095,438530,30615,30439,391,30830,170
2021-03-20,Sonoma,097,501317,28856,28962,247,29209,309
2021-03-20,Stanislaus,099,539301,52452,51925,5469,57394,673
2021-03-20,Sutter,101,95872,9023,9014,79,9093,103
2021-03-20,Tehama,103,63373,4730,4696,496,5192,33
2021-03-20,Trinity,105,12862,472,310,80,390,3
2021-03-20,Tulare,107,460477,49128,48030,8334,56364,804
2021-03-20,Tuolumne,109,53932,3899,3950,39,3989,57
2021-03-20,Ventura,111,848112,79472,78818,2815,81633,922
2021-03-20,Yolo,113,214977,13227,13226,166,13392,190
2021-03-20,Yuba,115,75493,5660,5621,91,5712,42
2021-03-19,Alameda,001,1643700,82996,82499,1736,84235,1187
2021-03-19,Alpine,002,1148,83,82,0,82,0
2021-03-19,Amador,005,37829,3525,3515,31,3546,44
2021-03-19,Butte,007,227075,11572,11191,1662,12853,185
2021-03-19,Calaveras,009,45235,1975,1957,11,1968,49
2021-03-19,Colusa,011,21464,1886,1883,270,2153,12
2021-03-19,Contra Costa,013,1133247,65084,64195,1099,65294,737
2021-03-19,Del Norte,015,27424,1129,1071,5,1076,6
2021-03-19,El Dorado,017,186661,9366,9274,611,9885,105
2021-03-19,Fresno,019,978130,98986,97969,8027,105996,1527
2021-03-19,Glenn,021,27897,2324,2282,514,2796,17
2021-03-19,Humboldt,023,135768,3406,3388,24,3412,33
2021-03-19,Imperial,025,180216,27501,27218,2511,29729,695
2021-03-19,Inyo,027,18085,1366,1356,9,1365,35
2021-03-19,Kern,029,883053,94939,93534,10107,103641,1152
2021-03-19,Kings,031,150075,22682,22369,998,23367,235
2021-03-19,Lake,033,64148,3323,3262,8,3270,43
2021-03-19,Lassen,035,31185,5138,5126,99,5225,1
2021-03-19,Los Angeles,037,10098052,1185279,1174818,38744,1213562,22752
2021-03-19,Madera,039,155013,16008,15877,864,16741,210
2021-03-19,Marin,041,260295,13556,13441,182,13623,220
2021-03-19,Mariposa,043,17540,389,380,5,385,5
2021-03-19,Mendocino,045,87422,3735,3639,74,3713,45
2021-03-19,Merced,047,269075,29427,29376,951,30327,412
2021-03-19,Modoc,049,8938,345,341,118,459,3
2021-03-19,Mono,051,14174,1217,1244,17,1261,3
2021-03-19,Monterey,053,433212,42379,42125,1710,43835,335
2021-03-19,Napa,055,140530,9264,9256,30,9286,77
2021-03-19,Nevada,057,99092,4208,4156,168,4324,88
2021-03-19,Orange,059,3164182,250271,248146,10469,258615,4501
2021-03-19,Placer,061,380077,21298,20451,1186,21637,242
2021-03-19,Plumas,063,18699,663,650,10,660,4
2021-03-19,Riverside,065,2383286,288573,281937,13444,295381,3989
2021-03-19,Sacramento,067,1510023,97547,95934,1343,97277,1486
2021-03-19,San Benito,069,59416,5827,5845,89,5934,61
2021-03-19,San Bernardino,071,2135413,288335,284501,8621,293122,4017
2021-03-19,San Diego,073,3302833,269054,267173,13309,280482,3491
2021-03-19,San Francisco,075,870044,34922,34936,1143,36079,461
2021-03-19,San Joaquin,077,732212,68930,67515,2951,70466,1180
2021-03-19,San Luis Obispo,079,281455,20276,19913,598,20511,249
2021-03-19,San Mateo,081,765935,40371,39893,423,40316,344
2021-03-19,Santa Barbara,083,443738,33067,32685,1062,33747,435
2021-03-19,Santa Clara,085,1922200,113168,113232,621,113853,1797
2021-03-19,Santa Cruz,087,273765,15725,15026,783,15809,199
2021-03-19,Shasta,089,179085,11179,11104,1319,12423,103
2021-03-19,Sierra,091,2930,54,49,12,61,0
2021-03-19,Siskiyou,093,43540,1559,1480,246,1726,5
2021-03-19,Solano,095,438530,30585,30395,389,30784,172
2021-03-19,Sonoma,097,501317,28835,28932,245,29177,292
2021-03-19,Stanislaus,099,539301,52394,51755,5466,57221,679
2021-03-19,Sutter,101,95872,9021,9005,79,9084,103
2021-03-19,Tehama,103,63373,4723,4685,496,5181,33
2021-03-19,Trinity,105,12862,472,310,80,390,3
2021-03-19,Tulare,107,460477,49105,47989,8311,56300,805
2021-03-19,Tuolumne,109,53932,3896,3946,39,3985,57
2021-03-19,Ventura,111,848112,79439,78753,2811,81564,920
2021-03-19,Yolo,113,214977,13219,13197,166,13363,189
2021-03-19,Yuba,115,75493,5657,5615,90,5705,42
2021-03-18,Alameda,001,1643700,82915,82419,1733,84152,1189
2021-03-18,Alpine,002,1148,83,82,0,82,0
2021-03-18,Amador,005,37829,3521,3513,31,3544,44
2021-03-18,Butte,007,227075,11561,11179,1660,12839,185
2021-03-18,Calaveras,009,45235,1973,1954,11,1965,49
2021-03-18,Colusa,011,21464,1886,1882,270,2152,12
2021-03-18,Contra Costa,013,1133247,65011,64103,1096,65199,739
2021-03-18,Del Norte,015,27424,1120,1059,5,1064,6
2021-03-18,El Dorado,017,186661,9353,9261,610,9871,105
2021-03-18,Fresno,019,978130,98889,97856,8012,105868,1527
2021-03-18,Glenn,021,27897,2320,2275,513,2788,17
2021-03-18,Humboldt,023,135768,3398,3381,24,3405,34
2021-03-18,Imperial,025,180216,27486,27190,2506,29696,695
2021-03-18,Inyo,027,18085,1363,1354,9,1363,35
2021-03-18,Kern,029,883053,94882,93458,10093,103551,1158
2021-03-18,Kings,031,150075,22675,22354,997,23351,235
2021-03-18,Lake,033,64148,3320,3260,8,3268,43
2021-03-18,Lassen,035,31185,5137,5126,99,5225,1
2021-03-18,Los Angeles,037,10098052,1184846,1174205,38716,1212921,22689
2021-03-18,Madera,039,155013,15996,15860,861,16721,211
2021-03-18,Marin,041,260295,13538,13435,181,13616,219
2021-03-18,Mariposa,043,17540,387,380,5,385,5
2021-03-18,Mendocino,045,87422,3725,3630,74,3704,45
2021-03-18,Merced,047,269075,29392,29317,951,30268,410
2021-03-18,Modoc,049,8938,345,341,118,459,3
2021-03-18,Mono,051,14174,1213,1215,16,1231,3
2021-03-18,Monterey,053,433212,42367,42105,1710,43815,335
2021-03-18,Napa,055,140530,9255,9243,30,9273,77
2021-03-18,Nevada,057,99092,4201,4154,168,4322,74
2021-03-18,Orange,059,3164182,250168,248050,10457,258507,4514
2021-03-18,Placer,061,380077,21266,20421,1183,21604,243
2021-03-18,Plumas,063,18699,661,648,10,658,4
2021-03-18,Riverside,065,2383286,288492,281789,13437,295226,3957
2021-03-18,Sacramento,067,1510023,97399,95819,1339,97158,1481
2021-03-18,San Benito,069,59416,5825,5842,89,5931,61
2021-03-18,San Bernardino,071,2135413,288252,284294,8591,292885,4076
2021-03-18,San Diego,073,3302833,268900,266752,13299,280051,3478
2021-03-18,San Francisco,075,870044,34883,34904,1142,36046,461
2021-03-18,San Joaquin,077,732212,68830,67301,2939,70240,1169
2021-03-18,San Luis Obispo,079,281455,20247,19894,597,20491,249
2021-03-18,San Mateo,081,765935,40330,39874,423,40297,344
2021-03-18,Santa Barbara,083,443738,33026,32640,1062,33702,434
2021-03-18,Santa Clara,085,1922200,113051,113119,617,113736,1808
2021-03-18,Santa Cruz,087,273765,15715,14998,783,15781,198
2021-03-18,Shasta,089,179085,11165,11059,1317,12376,100
2021-03-18,Sierra,091,2930,54,49,12,61,0
2021-03-18,Siskiyou,093,43540,1556,1480,245,1725,5
2021-03-18,Solano,095,438530,30543,30352,386,30738,172
2021-03-18,Sonoma,097,501317,28814,28915,243,29158,292
2021-03-18,Stanislaus,099,539301,52322,51615,5462,57077,682
2021-03-18,Sutter,101,95872,9009,8999,79,9078,103
2021-03-18,Tehama,103,63373,4717,4683,495,5178,35
2021-03-18,Trinity,105,12862,472,310,80,390,3
2021-03-18,Tulare,107,460477,49086,47964,8296,56260,805
2021-03-18,Tuolumne,109,53932,3895,3942,39,3981,57
2021-03-18,Ventura,111,848112,79379,78697,2811,81508,918
2021-03-18,Yolo,113,214977,13205,13183,166,13349,191
2021-03-18,Yuba,115,75493,5653,5612,90,5702,42
2021-03-17,Alameda,001,1643700,82839,82353,1728,84081,1185
2021-03-17,Alpine,002,1148,83,82,0,82,0
2021-03-17,Amador,005,37829,3519,3511,31,3542,44
2021-03-17,Butte,007,227075,11552,11170,1658,12828,185
2021-03-17,Calaveras,009,45235,1970,1946,11,1957,49
2021-03-17,Colusa,011,21464,1885,1882,270,2152,12
2021-03-17,Contra Costa,013,1133247,64942,64026,1095,65121,737
2021-03-17,Del Norte,015,27424,1116,1053,5,1058,6
2021-03-17,El Dorado,017,186661,9343,9252,610,9862,105
2021-03-17,Fresno,019,978130,98778,97727,7994,105721,1507
2021-03-17,Glenn,021,27897,2313,2269,512,2781,17
2021-03-17,Humboldt,023,135768,3390,3365,24,3389,33
2021-03-17,Imperial,025,180216,27469,27168,2503,29671,691
2021-03-17,Inyo,027,18085,1361,1351,9,1360,35
2021-03-17,Kern,029,883053,94826,93392,10080,103472,1149
2021-03-17,Kings,031,150075,22659,22336,996,23332,233
2021-03-17,Lake,033,64148,3313,3251,8,3259,43
2021-03-17,Lassen,035,31185,5136,5125,99,5224,1
2021-03-17,Los Angeles,037,10098052,1184392,1173416,38683,1212099,22602
2021-03-17,Madera,039,155013,15989,15835,861,16696,214
2021-03-17,Marin,041,260295,13521,13428,180,13608,218
2021-03-17,Mariposa,043,17540,387,379,5,384,5
2021-03-17,Mendocino,045,87422,3721,3625,74,3699,44
2021-03-17,Merced,047,269075,29364,29250,947,30197,408
2021-03-17,Modoc,049,8938,345,341,118,459,3
2021-03-17,Mono,051,14174,1211,1212,16,1228,3
2021-03-17,Monterey,053,433212,42349,42061,1707,43768,334
2021-03-17,Napa,055,140530,9240,9219,30,9249,76
2021-03-17,Nevada,057,99092,4191,4145,168,4313,74
2021-03-17,Orange,059,3164182,250050,247943,10429,258372,4502
2021-03-17,Placer,061,380077,21238,20369,1182,21551,243
2021-03-17,Plumas,063,18699,660,645,10,655,4
2021-03-17,Riverside,065,2383286,288377,281649,13429,295078,3925
2021-03-17,Sacramento,067,1510023,97271,95650,1334,96984,1477
2021-03-17,San Benito,069,59416,5822,5841,89,5930,61
2021-03-17,San Bernardino,071,2135413,288135,284170,8586,292756,4049
2021-03-17,San Diego,073,3302833,268689,266313,13281,279594,3470
2021-03-17,San Francisco,075,870044,34848,34873,1141,36014,457
2021-03-17,San Joaquin,077,732212,68745,67093,2923,70016,1164
2021-03-17,San Luis Obispo,079,281455,20224,19858,593,20451,249
2021-03-17,San Mateo,081,765935,40300,39838,422,40260,344
2021-03-17,Santa Barbara,083,443738,33004,32585,1061,33646,433
2021-03-17,Santa Clara,085,1922200,112958,112983,616,113599,1805
2021-03-17,Santa Cruz,087,273765,15707,14967,783,15750,199
2021-03-17,Shasta,089,179085,11160,11045,1314,12359,100
2021-03-17,Sierra,091,2930,54,49,12,61,0
2021-03-17,Siskiyou,093,43540,1555,1479,244,1723,5
2021-03-17,Solano,095,438530,30517,30320,384,30704,171
2021-03-17,Sonoma,097,501317,28790,28877,242,29119,292
2021-03-17,Stanislaus,099,539301,52247,51524,5455,56979,682
2021-03-17,Sutter,101,95872,8999,8982,79,9061,103
2021-03-17,Tehama,103,63373,4712,4670,495,5165,34
2021-03-17,Trinity,105,12862,472,308,80,388,3
2021-03-17,Tulare,107,460477,49066,47929,8286,56215,805
2021-03-17,Tuolumne,109,53932,3892,3938,39,3977,57
2021-03-17,Ventura,111,848112,79323,78648,2808,81456,916
2021-03-17,Yolo,113,214977,13188,13169,166,13335,190
2021-03-17,Yuba,115,75493,5650,5603,90,5693,42
2021-03-16,Alameda,001,1643700,82728,82259,1726,83985,1177
2021-03-16,Alpine,002,1148,83,82,0,82,0
2021-03-16,Amador,005,37829,3517,3510,31,3541,44
2021-03-16,Butte,007,227075,11540,11154,1657,12811,184
2021-03-16,Calaveras,009,45235,1965,1945,11,1956,49
2021-03-16,Colusa,011,21464,1884,1882,270,2152,12
2021-03-16,Contra Costa,013,1133247,64859,63951,1092,65043,736
2021-03-16,Del Norte,015,27424,1108,1048,5,1053,6
2021-03-16,El Dorado,017,186661,9328,9249,610,9859,105
2021-03-16,Fresno,019,978130,98640,97638,7974,105612,1498
2021-03-16,Glenn,021,27897,2305,2267,508,2775,17
2021-03-16,Humboldt,023,135768,3386,3351,24,3375,33
2021-03-16,Imperial,025,180216,27458,27143,2500,29643,689
2021-03-16,Inyo,027,18085,1360,1346,9,1355,35
2021-03-16,Kern,029,883053,94760,93340,10065,103405,1144
2021-03-16,Kings,031,150075,22623,22320,995,23315,233
2021-03-16,Lake,033,64148,3305,3246,8,3254,43
2021-03-16,Lassen,035,31185,5135,5126,99,5225,1
2021-03-16,Los Angeles,037,10098052,1183860,1172676,38644,1211320,22527
2021-03-16,Madera,039,155013,15973,15822,859,16681,214
2021-03-16,Marin,041,260295,13503,13419,180,13599,218
2021-03-16,Mariposa,043,17540,384,379,5,384,5
2021-03-16,Mendocino,045,87422,3716,3623,74,3697,44
2021-03-16,Merced,047,269075,29311,29198,946,30144,407
2021-03-16,Modoc,049,8938,345,341,118,459,3
2021-03-16,Mono,051,14174,1210,1207,16,1223,3
2021-03-16,Monterey,053,433212,42330,42023,1707,43730,334
2021-03-16,Napa,055,140530,9230,9209,30,9239,75
2021-03-16,Nevada,057,99092,4182,4132,167,4299,67
2021-03-16,Orange,059,3164182,249911,247843,10410,258253,4479
2021-03-16,Placer,061,380077,21206,20339,1178,21517,240
2021-03-16,Plumas,063,18699,659,643,10,653,4
2021-03-16,Riverside,065,2383286,288263,281540,13417,294957,3893
2021-03-16,Sacramento,067,1510023,97128,95522,1330,96852,1466
2021-03-16,San Benito,069,59416,5817,5831,89,5920,61
2021-03-16,San Bernardino,071,2135413,288005,283980,8579,292559,4032
2021-03-16,San Diego,073,3302833,268457,265903,13268,279171,3462
2021-03-16,San Francisco,075,870044,34819,34833,1136,35969,456
2021-03-16,San Joaquin,077,732212,68643,66856,2911,69767,1163
2021-03-16,San Luis Obispo,079,281455,20194,19832,591,20423,248
2021-03-16,San Mateo,081,765935,40266,39806,420,40226,344
2021-03-16,Santa Barbara,083,443738,32972,32556,1060,33616,433
2021-03-16,Santa Clara,085,1922200,112840,112845,613,113458,1797
2021-03-16,Santa Cruz,087,273765,15701,14926,783,15709,199
2021-03-16,Shasta,089,179085,11144,11035,1312,12347,100
2021-03-16,Sierra,091,2930,53,49,12,61,0
2021-03-16,Siskiyou,093,43540,1552,1477,244,1721,5
2021-03-16,Solano,095,438530,30483,30298,382,30680,171
2021-03-16,Sonoma,097,501317,28757,28850,240,29090,291
2021-03-16,Stanislaus,099,539301,52167,51410,5448,56858,683
2021-03-16,Sutter,101,95872,8991,8970,79,9049,102
2021-03-16,Tehama,103,63373,4709,4660,494,5154,34
2021-03-16,Trinity,105,12862,472,308,79,387,3
2021-03-16,Tulare,107,460477,49018,47895,8278,56173,803
2021-03-16,Tuolumne,109,53932,3889,3938,39,3977,57
2021-03-16,Ventura,111,848112,79257,78671,2801,81472,916
2021-03-16,Yolo,113,214977,13173,13162,166,13328,190
2021-03-16,Yuba,115,75493,5647,5596,89,5685,42
2021-03-15,Alameda,001,1643700,82639,82159,1725,83884,1167
2021-03-15,Alpine,002,1148,83,82,0,82,0
2021-03-15,Amador,005,37829,3516,3506,31,3537,44
2021-03-15,Butte,007,227075,11527,11141,1653,12794,185
2021-03-15,Calaveras,009,45235,1964,1941,11,1952,49
2021-03-15,Colusa,011,21464,1884,1883,270,2153,12
2021-03-15,Contra Costa,013,1133247,64797,63847,1091,64938,732
2021-03-15,Del Norte,015,27424,1105,1048,5,1053,6
2021-03-15,El Dorado,017,186661,9322,9235,610,9845,103
2021-03-15,Fresno,019,978130,98513,97520,7959,105479,1496
2021-03-15,Glenn,021,27897,2300,2261,505,2766,15
2021-03-15,Humboldt,023,135768,3380,3337,24,3361,32
2021-03-15,Imperial,025,180216,27438,27122,2497,29619,684
2021-03-15,Inyo,027,18085,1360,1346,9,1355,35
2021-03-15,Kern,029,883053,94700,93266,10058,103324,1141
2021-03-15,Kings,031,150075,22606,22294,989,23283,233
2021-03-15,Lake,033,64148,3293,3237,8,3245,43
2021-03-15,Lassen,035,31185,5135,5125,99,5224,1
2021-03-15,Los Angeles,037,10098052,1183288,1172445,38613,1211058,22477
2021-03-15,Madera,039,155013,15962,15806,857,16663,214
2021-03-15,Marin,041,260295,13497,13408,179,13587,218
2021-03-15,Mariposa,043,17540,384,376,5,381,5
2021-03-15,Mendocino,045,87422,3712,3615,74,3689,44
2021-03-15,Merced,047,269075,29273,29169,944,30113,407
2021-03-15,Modoc,049,8938,345,340,118,458,3
2021-03-15,Mono,051,14174,1209,1206,16,1222,3
2021-03-15,Monterey,053,433212,42301,42011,1704,43715,333
2021-03-15,Napa,055,140530,9219,9196,30,9226,75
2021-03-15,Nevada,057,99092,4177,4123,166,4289,66
2021-03-15,Orange,059,3164182,249798,247697,10391,258088,4481
2021-03-15,Placer,061,380077,21183,20308,1178,21486,238
2021-03-15,Plumas,063,18699,659,642,10,652,4
2021-03-15,Riverside,065,2383286,288111,281367,13407,294774,3856
2021-03-15,Sacramento,067,1510023,96975,95414,1324,96738,1463
2021-03-15,San Benito,069,59416,5814,5831,89,5920,61
2021-03-15,San Bernardino,071,2135413,287914,283815,8571,292386,4004
2021-03-15,San Diego,073,3302833,268208,265646,13252,278898,3452
2021-03-15,San Francisco,075,870044,34784,34820,1132,35952,456
2021-03-15,San Joaquin,077,732212,68540,66622,2899,69521,1140
2021-03-15,San Luis Obispo,079,281455,20163,19813,587,20400,247
2021-03-15,San Mateo,081,765935,40212,39765,420,40185,344
2021-03-15,Santa Barbara,083,443738,32949,32529,1057,33586,431
2021-03-15,Santa Clara,085,1922200,112739,112729,611,113340,1798
2021-03-15,Santa Cruz,087,273765,15695,14899,782,15681,200
2021-03-15,Shasta,089,179085,11128,11019,1307,12326,92
2021-03-15,Sierra,091,2930,53,49,12,61,0
2021-03-15,Siskiyou,093,43540,1552,1475,244,1719,5
2021-03-15,Solano,095,438530,30454,30258,381,30639,171
2021-03-15,Sonoma,097,501317,28739,28814,237,29051,285
2021-03-15,Stanislaus,099,539301,52088,51357,5441,56798,683
2021-03-15,Sutter,101,95872,8985,8962,79,9041,102
2021-03-15,Tehama,103,63373,4694,4650,493,5143,34
2021-03-15,Trinity,105,12862,472,308,79,387,3
2021-03-15,Tulare,107,460477,48988,47857,8263,56120,800
2021-03-15,Tuolumne,109,53932,3887,3937,38,3975,57
2021-03-15,Ventura,111,848112,79201,78626,2800,81426,910
2021-03-15,Yolo,113,214977,13154,13131,166,13297,190
2021-03-15,Yuba,115,75493,5642,5585,88,5673,42
2021-03-14,Alameda,001,1643700,82554,82116,1722,83838,1168
2021-03-14,Alpine,002,1148,83,82,0,82,0
2021-03-14,Amador,005,37829,3511,3504,31,3535,44
2021-03-14,Butte,007,227075,11514,11140,1649,12789,185
2021-03-14,Calaveras,009,45235,1960,1939,11,1950,49
2021-03-14,Colusa,011,21464,1884,1883,270,2153,12
2021-03-14,Contra Costa,013,1133247,64693,63808,1090,64898,731
2021-03-14,Del Norte,015,27424,1091,1048,5,1053,6
2021-03-14,El Dorado,017,186661,9312,9231,610,9841,103
2021-03-14,Fresno,019,978130,98405,97461,7941,105402,1496
2021-03-14,Glenn,021,27897,2295,2260,502,2762,15
2021-03-14,Humboldt,023,135768,3366,3335,24,3359,32
2021-03-14,Imperial,025,180216,27423,27122,2492,29614,685
2021-03-14,Inyo,027,18085,1356,1346,9,1355,35
2021-03-14,Kern,029,883053,94617,93252,10040,103292,1141
2021-03-14,Kings,031,150075,22587,22292,987,23279,232
2021-03-14,Lake,033,64148,3288,3237,8,3245,43
2021-03-14,Lassen,035,31185,5133,5125,99,5224,1
2021-03-14,Los Angeles,037,10098052,1182711,1172100,38583,1210683,22476
2021-03-14,Madera,039,155013,15937,15804,857,16661,214
2021-03-14,Marin,041,260295,13481,13405,177,13582,218
2021-03-14,Mariposa,043,17540,382,376,5,381,5
2021-03-14,Mendocino,045,87422,3707,3613,74,3687,44
2021-03-14,Merced,047,269075,29205,29149,940,30089,407
2021-03-14,Modoc,049,8938,345,340,118,458,3
2021-03-14,Mono,051,14174,1203,1206,16,1222,3
2021-03-14,Monterey,053,433212,42277,42007,1701,43708,333
2021-03-14,Napa,055,140530,9201,9194,30,9224,75
2021-03-14,Nevada,057,99092,4171,4122,164,4286,66
2021-03-14,Orange,059,3164182,249666,247656,10372,258028,4460
2021-03-14,Placer,061,380077,21148,20288,1170,21458,238
2021-03-14,Plumas,063,18699,657,642,10,652,4
2021-03-14,Riverside,065,2383286,287953,281332,13399,294731,3845
2021-03-14,Sacramento,067,1510023,96797,95343,1319,96662,1462
2021-03-14,San Benito,069,59416,5805,5829,89,5918,61
2021-03-14,San Bernardino,071,2135413,287791,283791,8560,292351,3996
2021-03-14,San Diego,073,3302833,267973,265468,13239,278707,3452
2021-03-14,San Francisco,075,870044,34745,34810,1129,35939,455
2021-03-14,San Joaquin,077,732212,68412,66563,2882,69445,1140
2021-03-14,San Luis Obispo,079,281455,20135,19806,585,20391,247
2021-03-14,San Mateo,081,765935,40173,39744,420,40164,342
2021-03-14,Santa Barbara,083,443738,32905,32514,1055,33569,431
2021-03-14,Santa Clara,085,1922200,112611,112648,610,113258,1796
2021-03-14,Santa Cruz,087,273765,15679,14887,780,15667,200
2021-03-14,Shasta,089,179085,11112,11019,1300,12319,92
2021-03-14,Sierra,091,2930,53,49,12,61,0
2021-03-14,Siskiyou,093,43540,1549,1473,244,1717,5
2021-03-14,Solano,095,438530,30422,30230,376,30606,171
2021-03-14,Sonoma,097,501317,28704,28798,233,29031,284
2021-03-14,Stanislaus,099,539301,51968,51306,5433,56739,690
2021-03-14,Sutter,101,95872,8969,8958,79,9037,102
2021-03-14,Tehama,103,63373,4687,4650,492,5142,34
2021-03-14,Trinity,105,12862,471,308,78,386,3
2021-03-14,Tulare,107,460477,48955,47845,8242,56087,800
2021-03-14,Tuolumne,109,53932,3885,3937,38,3975,57
2021-03-14,Ventura,111,848112,79153,78611,2794,81405,910
2021-03-14,Yolo,113,214977,13131,13128,163,13291,189
2021-03-14,Yuba,115,75493,5632,5583,88,5671,42
2021-03-13,Alameda,001,1643700,82494,82010,1722,83732,1168
2021-03-13,Alpine,002,1148,83,82,0,82,0
2021-03-13,Amador,005,37829,3508,3504,31,3535,44
2021-03-13,Butte,007,227075,11505,11131,1648,12779,185
2021-03-13,Calaveras,009,45235,1959,1939,11,1950,49
2021-03-13,Colusa,011,21464,1884,1882,270,2152,12
2021-03-13,Contra Costa,013,1133247,64632,63689,1090,64779,731
2021-03-13,Del Norte,015,27424,1087,1041,5,1046,6
2021-03-13,El Dorado,017,186661,9304,9221,610,9831,103
2021-03-13,Fresno,019,978130,98346,97324,7921,105245,1495
2021-03-13,Glenn,021,27897,2294,2260,501,2761,15
2021-03-13,Humboldt,023,135768,3359,3325,24,3349,32
2021-03-13,Imperial,025,180216,27417,27099,2488,29587,677
2021-03-13,Inyo,027,18085,1355,1344,9,1353,35
2021-03-13,Kern,029,883053,94578,93197,10034,103231,1140
2021-03-13,Kings,031,150075,22571,22265,986,23251,232
2021-03-13,Lake,033,64148,3281,3234,7,3241,43
2021-03-13,Lassen,035,31185,5133,5125,99,5224,1
2021-03-13,Los Angeles,037,10098052,1182393,1171505,38541,1210046,22451
2021-03-13,Madera,039,155013,15925,15780,857,16637,214
2021-03-13,Marin,041,260295,13475,13391,175,13566,218
2021-03-13,Mariposa,043,17540,381,376,5,381,5
2021-03-13,Mendocino,045,87422,3703,3611,74,3685,44
2021-03-13,Merced,047,269075,29174,29106,940,30046,406
2021-03-13,Modoc,049,8938,345,340,117,457,3
2021-03-13,Mono,051,14174,1203,1207,16,1223,3
2021-03-13,Monterey,053,433212,42267,41989,1699,43688,332
2021-03-13,Napa,055,140530,9195,9190,30,9220,75
2021-03-13,Nevada,057,99092,4164,4111,163,4274,66
2021-03-13,Orange,059,3164182,249585,247514,10356,257870,4423
2021-03-13,Placer,061,380077,21127,20238,1167,21405,239
2021-03-13,Plumas,063,18699,655,642,10,652,4
2021-03-13,Riverside,065,2383286,287861,281191,13391,294582,3848
2021-03-13,Sacramento,067,1510023,96710,95192,1317,96509,1461
2021-03-13,San Benito,069,59416,5802,5823,89,5912,61
2021-03-13,San Bernardino,071,2135413,287737,283727,8554,292281,3972
2021-03-13,San Diego,073,3302833,267818,265270,13225,278495,3444
2021-03-13,San Francisco,075,870044,34728,34784,1120,35904,455
2021-03-13,San Joaquin,077,732212,68356,66480,2860,69340,1141
2021-03-13,San Luis Obispo,079,281455,20117,19789,584,20373,247
2021-03-13,San Mateo,081,765935,40146,39689,419,40108,341
2021-03-13,Santa Barbara,083,443738,32880,32486,1054,33540,431
2021-03-13,Santa Clara,085,1922200,112526,112531,609,113140,1790
2021-03-13,Santa Cruz,087,273765,15672,14875,780,15655,199
2021-03-13,Shasta,089,179085,11104,11021,1297,12318,108
2021-03-13,Sierra,091,2930,52,49,12,61,0
2021-03-13,Siskiyou,093,43540,1547,1470,244,1714,5
2021-03-13,Solano,095,438530,30405,30198,376,30574,171
2021-03-13,Sonoma,097,501317,28684,28762,229,28991,285
2021-03-13,Stanislaus,099,539301,51917,51257,5429,56686,695
2021-03-13,Sutter,101,95872,8962,8948,79,9027,102
2021-03-13,Tehama,103,63373,4685,4647,492,5139,33
2021-03-13,Trinity,105,12862,471,306,78,384,3
2021-03-13,Tulare,107,460477,48929,47818,8234,56052,798
2021-03-13,Tuolumne,109,53932,3882,3937,38,3975,57
2021-03-13,Ventura,111,848112,79101,78693,2794,81487,906
2021-03-13,Yolo,113,214977,13122,13087,163,13250,189
2021-03-13,Yuba,115,75493,5631,5577,88,5665,42
2021-03-12,Alameda,001,1643700,82416,81898,1721,83619,1164
2021-03-12,Alpine,002,1148,83,82,0,82,0
2021-03-12,Amador,005,37829,3505,3503,31,3534,44
2021-03-12,Butte,007,227075,11495,11126,1646,12772,184
2021-03-12,Calaveras,009,45235,1959,1916,11,1927,49
2021-03-12,Colusa,011,21464,1884,1883,270,2153,12
2021-03-12,Contra Costa,013,1133247,64556,63583,1090,64673,728
2021-03-12,Del Norte,015,27424,1081,1033,5,1038,6
2021-03-12,El Dorado,017,186661,9295,9219,610,9829,103
2021-03-12,Fresno,019,978130,98249,97185,7910,105095,1489
2021-03-12,Glenn,021,27897,2293,2258,500,2758,15
2021-03-12,Humboldt,023,135768,3354,3315,24,3339,32
2021-03-12,Imperial,025,180216,27406,27071,2486,29557,677
2021-03-12,Inyo,027,18085,1353,1339,9,1348,35
2021-03-12,Kern,029,883053,94544,93142,10018,103160,1132
2021-03-12,Kings,031,150075,22552,22233,986,23219,232
2021-03-12,Lake,033,64148,3275,3226,6,3232,43
2021-03-12,Lassen,035,31185,5133,5125,98,5223,1
2021-03-12,Los Angeles,037,10098052,1181998,1170860,38524,1209384,22409
2021-03-12,Madera,039,155013,15913,15761,854,16615,214
2021-03-12,Marin,041,260295,13468,13375,175,13550,218
2021-03-12,Mariposa,043,17540,379,376,5,381,5
2021-03-12,Mendocino,045,87422,3700,3605,74,3679,43
2021-03-12,Merced,047,269075,29143,29064,940,30004,403
2021-03-12,Modoc,049,8938,345,340,117,457,3
2021-03-12,Mono,051,14174,1202,1206,16,1222,3
2021-03-12,Monterey,053,433212,42253,41964,1694,43658,329
2021-03-12,Napa,055,140530,9186,9180,30,9210,75
2021-03-12,Nevada,057,99092,4154,4101,163,4264,66
2021-03-12,Orange,059,3164182,249493,247388,10345,257733,4401
2021-03-12,Placer,061,380077,21094,20210,1162,21372,239
2021-03-12,Plumas,063,18699,654,641,10,651,4
2021-03-12,Riverside,065,2383286,287762,281037,13384,294421,3854
2021-03-12,Sacramento,067,1510023,96586,95061,1311,96372,1460
2021-03-12,San Benito,069,59416,5799,5817,89,5906,61
2021-03-12,San Bernardino,071,2135413,287681,283558,8549,292107,3917
2021-03-12,San Diego,073,3302833,267655,264886,13217,278103,3434
2021-03-12,San Francisco,075,870044,34708,34758,1117,35875,452
2021-03-12,San Joaquin,077,732212,68285,66482,2851,69333,1144
2021-03-12,San Luis Obispo,079,281455,20104,19769,582,20351,247
2021-03-12,San Mateo,081,765935,40110,39638,417,40055,341
2021-03-12,Santa Barbara,083,443738,32857,32457,1051,33508,429
2021-03-12,Santa Clara,085,1922200,112431,112396,608,113004,1766
2021-03-12,Santa Cruz,087,273765,15660,14846,778,15624,195
2021-03-12,Shasta,089,179085,11095,11143,1295,12438,153
2021-03-12,Sierra,091,2930,52,49,12,61,0
2021-03-12,Siskiyou,093,43540,1547,1468,243,1711,5
2021-03-12,Solano,095,438530,30386,30180,375,30555,171
2021-03-12,Sonoma,097,501317,28657,28714,229,28943,285
2021-03-12,Stanislaus,099,539301,51858,51146,5423,56569,701
2021-03-12,Sutter,101,95872,8956,8940,79,9019,101
2021-03-12,Tehama,103,63373,4681,4638,491,5129,33
2021-03-12,Trinity,105,12862,470,306,78,384,3
2021-03-12,Tulare,107,460477,48904,47772,8228,56000,798
2021-03-12,Tuolumne,109,53932,3881,3936,38,3974,57
2021-03-12,Ventura,111,848112,79055,78698,2790,81488,899
2021-03-12,Yolo,113,214977,13112,13061,156,13217,189
2021-03-12,Yuba,115,75493,5624,5563,87,5650,42
2021-03-11,Alameda,001,1643700,82325,81809,1716,83525,1164
2021-03-11,Alpine,002,1148,83,78,0,78,0
2021-03-11,Amador,005,37829,3504,3498,31,3529,42
2021-03-11,Butte,007,227075,11484,11110,1644,12754,185
2021-03-11,Calaveras,009,45235,1956,1915,11,1926,49
2021-03-11,Colusa,011,21464,1884,1883,270,2153,12
2021-03-11,Contra Costa,013,1133247,64483,63469,1088,64557,728
2021-03-11,Del Norte,015,27424,1076,1027,5,1032,6
2021-03-11,El Dorado,017,186661,9281,9211,610,9821,101
2021-03-11,Fresno,019,978130,98133,97026,7881,104907,1481
2021-03-11,Glenn,021,27897,2290,2255,500,2755,15
2021-03-11,Humboldt,023,135768,3337,3302,24,3326,32
2021-03-11,Imperial,025,180216,27398,27045,2483,29528,675
2021-03-11,Inyo,027,18085,1348,1335,9,1344,35
2021-03-11,Kern,029,883053,94488,93052,9979,103031,1121
2021-03-11,Kings,031,150075,22537,22183,983,23166,230
2021-03-11,Lake,033,64148,3271,3214,6,3220,42
2021-03-11,Lassen,035,31185,5132,5124,98,5222,1
2021-03-11,Los Angeles,037,10098052,1181465,1170111,38493,1208604,22316
2021-03-11,Madera,039,155013,15902,15725,852,16577,214
2021-03-11,Marin,041,260295,13456,13356,174,13530,217
2021-03-11,Mariposa,043,17540,379,376,5,381,5
2021-03-11,Mendocino,045,87422,3693,3604,74,3678,42
2021-03-11,Merced,047,269075,29095,29001,939,29940,401
2021-03-11,Modoc,049,8938,345,340,117,457,3
2021-03-11,Mono,051,14174,1201,1206,16,1222,3
2021-03-11,Monterey,053,433212,42230,41936,1688,43624,329
2021-03-11,Napa,055,140530,9173,9173,30,9203,75
2021-03-11,Nevada,057,99092,4142,4085,161,4246,66
2021-03-11,Orange,059,3164182,249355,247217,10328,257545,4373
2021-03-11,Placer,061,380077,21052,20178,1158,21336,239
2021-03-11,Plumas,063,18699,653,640,10,650,4
2021-03-11,Riverside,065,2383286,287591,280881,13371,294252,3842
2021-03-11,Sacramento,067,1510023,96445,94912,1308,96220,1455
2021-03-11,San Benito,069,59416,5796,5816,89,5905,61
2021-03-11,San Bernardino,071,2135413,287585,283312,8543,291855,3869
2021-03-11,San Diego,073,3302833,267490,264524,13201,277725,3422
2021-03-11,San Francisco,075,870044,34672,34722,1111,35833,452
2021-03-11,San Joaquin,077,732212,68173,66522,2843,69365,1157
2021-03-11,San Luis Obispo,079,281455,20079,19748,581,20329,247
2021-03-11,San Mateo,081,765935,40073,39590,416,40006,341
2021-03-11,Santa Barbara,083,443738,32829,32408,1046,33454,430
2021-03-11,Santa Clara,085,1922200,112302,112246,605,112851,1765
2021-03-11,Santa Cruz,087,273765,15648,14812,777,15589,193
2021-03-11,Shasta,089,179085,11085,11139,1290,12429,158
2021-03-11,Sierra,091,2930,52,48,12,60,0
2021-03-11,Siskiyou,093,43540,1544,1466,242,1708,5
2021-03-11,Solano,095,438530,30358,30138,374,30512,171
2021-03-11,Sonoma,097,501317,28628,28677,229,28906,285
2021-03-11,Stanislaus,099,539301,51773,51038,5415,56453,707
2021-03-11,Sutter,101,95872,8950,8933,79,9012,101
2021-03-11,Tehama,103,63373,4673,4632,491,5123,33
2021-03-11,Trinity,105,12862,469,304,77,381,3
2021-03-11,Tulare,107,460477,48867,47709,8217,55926,797
2021-03-11,Tuolumne,109,53932,3879,3934,38,3972,57
2021-03-11,Ventura,111,848112,79005,78697,2786,81483,889
2021-03-11,Yolo,113,214977,13094,13041,155,13196,190
2021-03-11,Yuba,115,75493,5620,5553,87,5640,42
2021-03-10,Alameda,001,1643700,82219,81701,1711,83412,1160
2021-03-10,Alpine,002,1148,82,78,0,78,0
2021-03-10,Amador,005,37829,3502,3496,31,3527,42
2021-03-10,Butte,007,227075,11474,11096,1644,12740,185
2021-03-10,Calaveras,009,45235,1950,1913,11,1924,48
2021-03-10,Colusa,011,21464,1884,1882,270,2152,12
2021-03-10,Contra Costa,013,1133247,64383,63372,1084,64456,725
2021-03-10,Del Norte,015,27424,1074,1020,5,1025,5
2021-03-10,El Dorado,017,186661,9268,9203,610,9813,100
2021-03-10,Fresno,019,978130,98026,96866,7865,104731,1471
2021-03-10,Glenn,021,27897,2287,2253,498,2751,15
2021-03-10,Humboldt,023,135768,3327,3296,23,3319,32
2021-03-10,Imperial,025,180216,27383,27051,2483,29534,675
2021-03-10,Inyo,027,18085,1348,1328,9,1337,35
2021-03-10,Kern,029,883053,94422,92965,9958,102923,1102
2021-03-10,Kings,031,150075,22518,22166,982,23148,226
2021-03-10,Lake,033,64148,3261,3207,6,3213,42
2021-03-10,Lassen,035,31185,5132,5120,98,5218,1
2021-03-10,Los Angeles,037,10098052,1180918,1169079,38468,1207547,22199
2021-03-10,Madera,039,155013,15881,15705,849,16554,212
2021-03-10,Marin,041,260295,13446,13348,173,13521,216
2021-03-10,Mariposa,043,17540,379,376,5,381,5
2021-03-10,Mendocino,045,87422,3688,3602,74,3676,42
2021-03-10,Merced,047,269075,29057,28927,936,29863,401
2021-03-10,Modoc,049,8938,344,338,117,455,3
2021-03-10,Mono,051,14174,1197,1204,16,1220,3
2021-03-10,Monterey,053,433212,42208,41920,1684,43604,329
2021-03-10,Napa,055,140530,9164,9165,30,9195,75
2021-03-10,Nevada,057,99092,4138,4074,161,4235,66
2021-03-10,Orange,059,3164182,249206,247075,10313,257388,4342
2021-03-10,Placer,061,380077,21018,20144,1152,21296,239
2021-03-10,Plumas,063,18699,652,639,10,649,4
2021-03-10,Riverside,065,2383286,287450,280708,13357,294065,3822
2021-03-10,Sacramento,067,1510023,96315,94796,1302,96098,1452
2021-03-10,San Benito,069,59416,5787,5811,89,5900,61
2021-03-10,San Bernardino,071,2135413,287492,283140,8537,291677,3841
2021-03-10,San Diego,073,3302833,267268,264094,13189,277283,3413
2021-03-10,San Francisco,075,870044,34637,34688,1103,35791,450
2021-03-10,San Joaquin,077,732212,68071,66483,2826,69309,1156
2021-03-10,San Luis Obispo,079,281455,20055,19710,577,20287,247
2021-03-10,San Mateo,081,765935,40049,39571,416,39987,338
2021-03-10,Santa Barbara,083,443738,32802,32356,1043,33399,429
2021-03-10,Santa Clara,085,1922200,112193,112103,601,112704,1759
2021-03-10,Santa Cruz,087,273765,15633,14790,776,15566,192
2021-03-10,Shasta,089,179085,11075,11125,1287,12412,155
2021-03-10,Sierra,091,2930,52,48,12,60,0
2021-03-10,Siskiyou,093,43540,1542,1458,242,1700,5
2021-03-10,Solano,095,438530,30328,30111,373,30484,170
2021-03-10,Sonoma,097,501317,28593,28638,228,28866,286
2021-03-10,Stanislaus,099,539301,51686,50968,5396,56364,706
2021-03-10,Sutter,101,95872,8939,8918,79,8997,101
2021-03-10,Tehama,103,63373,4662,4623,490,5113,33
2021-03-10,Trinity,105,12862,469,304,77,381,3
2021-03-10,Tulare,107,460477,48819,47659,8199,55858,793
2021-03-10,Tuolumne,109,53932,3878,3931,38,3969,57
2021-03-10,Ventura,111,848112,78928,78609,2784,81393,878
2021-03-10,Yolo,113,214977,13070,13021,155,13176,189
2021-03-10,Yuba,115,75493,5607,5545,86,5631,42
2021-03-09,Alameda,001,1643700,82132,81618,1711,83329,1151
2021-03-09,Alpine,002,1148,82,78,0,78,0
2021-03-09,Amador,005,37829,3500,3494,31,3525,42
2021-03-09,Butte,007,227075,11461,11092,1643,12735,185
2021-03-09,Calaveras,009,45235,1948,1913,11,1924,48
2021-03-09,Colusa,011,21464,1884,1880,270,2150,11
2021-03-09,Contra Costa,013,1133247,64293,63314,1082,64396,723
2021-03-09,Del Norte,015,27424,1066,1017,5,1022,5
2021-03-09,El Dorado,017,186661,9260,9198,610,9808,98
2021-03-09,Fresno,019,978130,97907,96744,7839,104583,1463
2021-03-09,Glenn,021,27897,2283,2251,496,2747,15
2021-03-09,Humboldt,023,135768,3315,3288,22,3310,32
2021-03-09,Imperial,025,180216,27373,27045,2479,29524,675
2021-03-09,Inyo,027,18085,1346,1324,9,1333,35
2021-03-09,Kern,029,883053,94343,92924,9940,102864,1088
2021-03-09,Kings,031,150075,22493,22143,980,23123,226
2021-03-09,Lake,033,64148,3255,3202,6,3208,42
2021-03-09,Lassen,035,31185,5132,5120,98,5218,1
2021-03-09,Los Angeles,037,10098052,1180321,1167967,38435,1206402,22080
2021-03-09,Madera,039,155013,15870,15701,847,16548,211
2021-03-09,Marin,041,260295,13428,13335,171,13506,214
2021-03-09,Mariposa,043,17540,379,376,5,381,5
2021-03-09,Mendocino,045,87422,3684,3595,74,3669,42
2021-03-09,Merced,047,269075,28997,28876,933,29809,399
2021-03-09,Modoc,049,8938,344,338,116,454,3
2021-03-09,Mono,051,14174,1196,1203,16,1219,3
2021-03-09,Monterey,053,433212,42189,41894,1676,43570,329
2021-03-09,Napa,055,140530,9150,9155,30,9185,75
2021-03-09,Nevada,057,99092,4130,4062,161,4223,66
2021-03-09,Orange,059,3164182,249064,246989,10294,257283,4310
2021-03-09,Placer,061,380077,20976,20122,1147,21269,239
2021-03-09,Plumas,063,18699,649,639,10,649,4
2021-03-09,Riverside,065,2383286,287317,280562,13353,293915,3821
2021-03-09,Sacramento,067,1510023,96148,94720,1296,96016,1442
2021-03-09,San Benito,069,59416,5783,5800,89,5889,61
2021-03-09,San Bernardino,071,2135413,287377,282971,8531,291502,3823
2021-03-09,San Diego,073,3302833,267036,263745,13168,276913,3405
2021-03-09,San Francisco,075,870044,34606,34654,1099,35753,450
2021-03-09,San Joaquin,077,732212,67944,66383,2816,69199,1150
2021-03-09,San Luis Obispo,079,281455,20038,19672,570,20242,245
2021-03-09,San Mateo,081,765935,40001,39535,414,39949,336
2021-03-09,Santa Barbara,083,443738,32761,32314,1041,33355,428
2021-03-09,Santa Clara,085,1922200,112082,111963,596,112559,1756
2021-03-09,Santa Cruz,087,273765,15611,14764,775,15539,188
2021-03-09,Shasta,089,179085,11068,11113,1282,12395,155
2021-03-09,Sierra,091,2930,52,48,12,60,0
2021-03-09,Siskiyou,093,43540,1538,1447,240,1687,5
2021-03-09,Solano,095,438530,30292,30090,371,30461,169
2021-03-09,Sonoma,097,501317,28543,28601,225,28826,284
2021-03-09,Stanislaus,099,539301,51587,50884,5387,56271,703
2021-03-09,Sutter,101,95872,8926,8914,79,8993,101
2021-03-09,Tehama,103,63373,4657,4620,490,5110,33
2021-03-09,Trinity,105,12862,469,304,77,381,3
2021-03-09,Tulare,107,460477,48792,47637,8180,55817,792
2021-03-09,Tuolumne,109,53932,3876,3929,38,3967,56
2021-03-09,Ventura,111,848112,78865,78526,2782,81308,863
2021-03-09,Yolo,113,214977,13058,13015,153,13168,189
2021-03-09,Yuba,115,75493,5600,5539,86,5625,42
2021-03-08,Alameda,001,1643700,82021,81543,1710,83253,1142
2021-03-08,Alpine,002,1148,82,78,0,78,0
2021-03-08,Amador,005,37829,3497,3490,31,3521,42
2021-03-08,Butte,007,227075,11448,11082,1642,12724,185
2021-03-08,Calaveras,009,45235,1944,1909,11,1920,48
2021-03-08,Colusa,011,21464,1884,1877,270,2147,11
2021-03-08,Contra Costa,013,1133247,64197,63240,1082,64322,719
2021-03-08,Del Norte,015,27424,1061,1012,5,1017,5
2021-03-08,El Dorado,017,186661,9257,9188,609,9797,97
2021-03-08,Fresno,019,978130,97808,96665,7818,104483,1442
2021-03-08,Glenn,021,27897,2282,2249,496,2745,15
2021-03-08,Humboldt,023,135768,3301,3278,22,3300,31
2021-03-08,Imperial,025,180216,27365,27033,2476,29509,663
2021-03-08,Inyo,027,18085,1344,1320,9,1329,35
2021-03-08,Kern,029,883053,94277,92857,9920,102777,1087
2021-03-08,Kings,031,150075,22472,22130,978,23108,226
2021-03-08,Lake,033,64148,3243,3195,6,3201,42
2021-03-08,Lassen,035,31185,5132,5119,98,5217,1
2021-03-08,Los Angeles,037,10098052,1179700,1163409,38404,1201813,21868
2021-03-08,Madera,039,155013,15860,15691,845,16536,211
2021-03-08,Marin,041,260295,13408,13328,169,13497,214
2021-03-08,Mariposa,043,17540,379,376,5,381,5
2021-03-08,Mendocino,045,87422,3682,3590,73,3663,42
2021-03-08,Merced,047,269075,28937,28841,932,29773,398
2021-03-08,Modoc,049,8938,344,338,116,454,3
2021-03-08,Mono,051,14174,1195,1200,16,1216,3
2021-03-08,Monterey,053,433212,42168,41863,1675,43538,328
2021-03-08,Napa,055,140530,9147,9146,30,9176,75
2021-03-08,Nevada,057,99092,4122,4059,161,4220,66
2021-03-08,Orange,059,3164182,248891,246900,10263,257163,4243
2021-03-08,Placer,061,380077,20941,20102,1136,21238,239
2021-03-08,Plumas,063,18699,648,635,10,645,4
2021-03-08,Riverside,065,2383286,287165,280463,13343,293806,3783
2021-03-08,Sacramento,067,1510023,95979,94654,1291,95945,1438
2021-03-08,San Benito,069,59416,5780,5797,89,5886,61
2021-03-08,San Bernardino,071,2135413,287266,282894,8524,291418,3811
2021-03-08,San Diego,073,3302833,266795,263272,13153,276425,3390
2021-03-08,San Francisco,075,870044,34580,34634,1095,35729,446
2021-03-08,San Joaquin,077,732212,67828,66307,2807,69114,1139
2021-03-08,San Luis Obispo,079,281455,19995,19656,567,20223,245
2021-03-08,San Mateo,081,765935,39952,39492,412,39904,335
2021-03-08,Santa Barbara,083,443738,32729,32293,1041,33334,427
2021-03-08,Santa Clara,085,1922200,111954,111882,594,112476,1756
2021-03-08,Santa Cruz,087,273765,15591,14729,775,15504,188
2021-03-08,Shasta,089,179085,11060,11088,1277,12365,155
2021-03-08,Sierra,091,2930,52,48,12,60,0
2021-03-08,Siskiyou,093,43540,1537,1440,240,1680,5
2021-03-08,Solano,095,438530,30252,30068,369,30437,169
2021-03-08,Sonoma,097,501317,28499,28571,224,28795,284
2021-03-08,Stanislaus,099,539301,51508,50825,5382,56207,690
2021-03-08,Sutter,101,95872,8923,8905,79,8984,100
2021-03-08,Tehama,103,63373,4653,4615,490,5105,33
2021-03-08,Trinity,105,12862,468,302,77,379,3
2021-03-08,Tulare,107,460477,48751,47587,8155,55742,791
2021-03-08,Tuolumne,109,53932,3875,3921,38,3959,56
2021-03-08,Ventura,111,848112,78792,78526,2774,81300,852
2021-03-08,Yolo,113,214977,13035,13000,153,13153,189
2021-03-08,Yuba,115,75493,5590,5530,86,5616,42
2021-03-07,Alameda,001,1643700,81901,81413,1709,83122,1145
2021-03-07,Alpine,002,1148,82,78,0,78,0
2021-03-07,Amador,005,37829,3494,3489,31,3520,42
2021-03-07,Butte,007,227075,11432,11075,1641,12716,185
2021-03-07,Calaveras,009,45235,1940,1906,11,1917,48
2021-03-07,Colusa,011,21464,1884,1876,270,2146,11
2021-03-07,Contra Costa,013,1133247,64098,63148,1080,64228,719
2021-03-07,Del Norte,015,27424,1056,1010,5,1015,5
2021-03-07,El Dorado,017,186661,9254,9184,608,9792,97
2021-03-07,Fresno,019,978130,97630,96549,7796,104345,1442
2021-03-07,Glenn,021,27897,2280,2244,496,2740,15
2021-03-07,Humboldt,023,135768,3291,3274,22,3296,31
2021-03-07,Imperial,025,180216,27356,27019,2474,29493,658
2021-03-07,Inyo,027,18085,1341,1320,9,1329,35
2021-03-07,Kern,029,883053,94190,92746,9890,102636,1086
2021-03-07,Kings,031,150075,22450,22103,978,23081,224
2021-03-07,Lake,033,64148,3237,3192,6,3198,42
2021-03-07,Lassen,035,31185,5131,5119,98,5217,1
2021-03-07,Los Angeles,037,10098052,1178973,1162749,38371,1201120,21857
2021-03-07,Madera,039,155013,15841,15675,845,16520,211
2021-03-07,Marin,041,260295,13400,13313,167,13480,214
2021-03-07,Mariposa,043,17540,378,376,5,381,5
2021-03-07,Mendocino,045,87422,3678,3581,73,3654,42
2021-03-07,Merced,047,269075,28863,28829,928,29757,399
2021-03-07,Modoc,049,8938,344,338,116,454,3
2021-03-07,Mono,051,14174,1193,1199,16,1215,3
2021-03-07,Monterey,053,433212,42147,41858,1672,43530,328
2021-03-07,Napa,055,140530,9137,9137,30,9167,75
2021-03-07,Nevada,057,99092,4108,4052,160,4212,66
2021-03-07,Orange,059,3164182,248699,246771,10236,257007,4218
2021-03-07,Placer,061,380077,20900,20070,1132,21202,239
2021-03-07,Plumas,063,18699,647,635,10,645,4
2021-03-07,Riverside,065,2383286,287017,280379,13334,293713,3779
2021-03-07,Sacramento,067,1510023,95802,94513,1285,95798,1437
2021-03-07,San Benito,069,59416,5773,5795,89,5884,61
2021-03-07,San Bernardino,071,2135413,287115,282860,8519,291379,3810
2021-03-07,San Diego,073,3302833,266513,262965,13129,276094,3390
2021-03-07,San Francisco,075,870044,34546,34594,1090,35684,445
2021-03-07,San Joaquin,077,732212,67692,66252,2794,69046,1139
2021-03-07,San Luis Obispo,079,281455,19958,19614,565,20179,245
2021-03-07,San Mateo,081,765935,39912,39436,409,39845,329
2021-03-07,Santa Barbara,083,443738,32683,32218,1040,33258,425
2021-03-07,Santa Clara,085,1922200,111809,111745,590,112335,1752
2021-03-07,Santa Cruz,087,273765,15569,14715,774,15489,189
2021-03-07,Shasta,089,179085,11047,11083,1269,12352,156
2021-03-07,Sierra,091,2930,51,48,12,60,0
2021-03-07,Siskiyou,093,43540,1536,1435,236,1671,5
2021-03-07,Solano,095,438530,30215,30027,369,30396,169
2021-03-07,Sonoma,097,501317,28450,28533,222,28755,284
2021-03-07,Stanislaus,099,539301,51376,50783,5366,56149,699
2021-03-07,Sutter,101,95872,8913,8900,79,8979,100
2021-03-07,Tehama,103,63373,4646,4614,489,5103,33
2021-03-07,Trinity,105,12862,468,302,77,379,3
2021-03-07,Tulare,107,460477,48692,47569,8124,55693,790
2021-03-07,Tuolumne,109,53932,3874,3922,37,3959,56
2021-03-07,Ventura,111,848112,78700,78487,2772,81259,851
2021-03-07,Yolo,113,214977,13016,12988,153,13141,189
2021-03-07,Yuba,115,75493,5585,5516,86,5602,42
2021-03-06,Alameda,001,1643700,81844,81310,1708,83018,1143
2021-03-06,Alpine,002,1148,82,78,0,78,0
2021-03-06,Amador,005,37829,3490,3487,31,3518,42
2021-03-06,Butte,007,227075,11427,11065,1640,12705,185
2021-03-06,Calaveras,009,45235,1936,1904,11,1915,48
2021-03-06,Colusa,011,21464,1882,1874,270,2144,11
2021-03-06,Contra Costa,013,1133247,64036,63040,1076,64116,719
2021-03-06,Del Norte,015,27424,1051,1000,5,1005,5
2021-03-06,El Dorado,017,186661,9250,9166,608,9774,97
2021-03-06,Fresno,019,978130,97534,96366,7785,104151,1440
2021-03-06,Glenn,021,27897,2280,2241,496,2737,15
2021-03-06,Humboldt,023,135768,3281,3260,22,3282,31
2021-03-06,Imperial,025,180216,27351,27009,2469,29478,658
2021-03-06,Inyo,027,18085,1338,1312,9,1321,35
2021-03-06,Kern,029,883053,94144,92684,9870,102554,1082
2021-03-06,Kings,031,150075,22435,22094,978,23072,224
2021-03-06,Lake,033,64148,3235,3189,6,3195,42
2021-03-06,Lassen,035,31185,5131,5119,98,5217,1
2021-03-06,Los Angeles,037,10098052,1178533,1161745,38343,1200088,21843
2021-03-06,Madera,039,155013,15832,15646,844,16490,211
2021-03-06,Marin,041,260295,13391,13289,167,13456,213
2021-03-06,Mariposa,043,17540,378,376,5,381,5
2021-03-06,Mendocino,045,87422,3676,3579,73,3652,42
2021-03-06,Merced,047,269075,28820,28771,928,29699,399
2021-03-06,Modoc,049,8938,343,338,116,454,3
2021-03-06,Mono,051,14174,1192,1198,16,1214,3
2021-03-06,Monterey,053,433212,42142,41838,1669,43507,327
2021-03-06,Napa,055,140530,9129,9129,30,9159,75
2021-03-06,Nevada,057,99092,4102,4044,160,4204,66
2021-03-06,Orange,059,3164182,248608,246634,10222,256856,4165
2021-03-06,Placer,061,380077,20877,20030,1130,21160,239
2021-03-06,Plumas,063,18699,647,634,10,644,4
2021-03-06,Riverside,065,2383286,286923,280225,13326,293551,3781
2021-03-06,Sacramento,067,1510023,95714,94332,1276,95608,1436
2021-03-06,San Benito,069,59416,5768,5793,89,5882,61
2021-03-06,San Bernardino,071,2135413,287031,282737,8517,291254,3791
2021-03-06,San Diego,073,3302833,266326,262778,13112,275890,3385
2021-03-06,San Francisco,075,870044,34514,34560,1086,35646,435
2021-03-06,San Joaquin,077,732212,67618,66162,2784,68946,1138
2021-03-06,San Luis Obispo,079,281455,19938,19592,563,20155,245
2021-03-06,San Mateo,081,765935,39887,39384,409,39793,329
2021-03-06,Santa Barbara,083,443738,32653,32176,1040,33216,424
2021-03-06,Santa Clara,085,1922200,111714,111570,587,112157,1749
2021-03-06,Santa Cruz,087,273765,15558,14701,774,15475,188
2021-03-06,Shasta,089,179085,11038,11076,1267,12343,158
2021-03-06,Sierra,091,2930,51,48,12,60,0
2021-03-06,Siskiyou,093,43540,1534,1432,236,1668,5
2021-03-06,Solano,095,438530,30186,30000,368,30368,169
2021-03-06,Sonoma,097,501317,28427,28484,220,28704,284
2021-03-06,Stanislaus,099,539301,51306,50691,5360,56051,711
2021-03-06,Sutter,101,95872,8907,8887,79,8966,100
2021-03-06,Tehama,103,63373,4644,4610,486,5096,33
2021-03-06,Trinity,105,12862,468,302,77,379,3
2021-03-06,Tulare,107,460477,48660,47515,8096,55611,789
2021-03-06,Tuolumne,109,53932,3872,3920,37,3957,56
2021-03-06,Ventura,111,848112,78644,78439,2771,81210,848
2021-03-06,Yolo,113,214977,13010,12951,152,13103,189
2021-03-06,Yuba,115,75493,5576,5504,86,5590,42
2021-03-05,Alameda,001,1643700,81758,81215,1707,82922,1141
2021-03-05,Alpine,002,1148,82,78,0,78,0
2021-03-05,Amador,005,37829,3489,3484,31,3515,42
2021-03-05,Butte,007,227075,11416,11050,1639,12689,185
2021-03-05,Calaveras,009,45235,1933,1902,11,1913,48
2021-03-05,Colusa,011,21464,1882,1874,270,2144,11
2021-03-05,Contra Costa,013,1133247,63956,62886,1073,63959,711
2021-03-05,Del Norte,015,27424,1047,995,5,1000,5
2021-03-05,El Dorado,017,186661,9245,9150,607,9757,97
2021-03-05,Fresno,019,978130,97425,96184,7766,103950,1432
2021-03-05,Glenn,021,27897,2277,2241,495,2736,15
2021-03-05,Humboldt,023,135768,3273,3234,22,3256,31
2021-03-05,Imperial,025,180216,27341,26970,2460,29430,651
2021-03-05,Inyo,027,18085,1334,1309,9,1318,35
2021-03-05,Kern,029,883053,94103,92601,9857,102458,1076
2021-03-05,Kings,031,150075,22417,22063,977,23040,224
2021-03-05,Lake,033,64148,3233,3185,6,3191,42
2021-03-05,Lassen,035,31185,5131,5117,96,5213,1
2021-03-05,Los Angeles,037,10098052,1178042,1160688,38314,1199002,21745
2021-03-05,Madera,039,155013,15822,15624,842,16466,211
2021-03-05,Marin,041,260295,13379,13275,166,13441,215
2021-03-05,Mariposa,043,17540,378,375,5,380,4
2021-03-05,Mendocino,045,87422,3673,3577,73,3650,42
2021-03-05,Merced,047,269075,28787,28734,927,29661,399
2021-03-05,Modoc,049,8938,343,337,116,453,3
2021-03-05,Mono,051,14174,1191,1197,16,1213,3
2021-03-05,Monterey,053,433212,42129,41802,1669,43471,325
2021-03-05,Napa,055,140530,9121,9109,30,9139,75
2021-03-05,Nevada,057,99092,4099,4033,160,4193,66
2021-03-05,Orange,059,3164182,248495,246489,10209,256698,4108
2021-03-05,Placer,061,380077,20851,19973,1126,21099,239
2021-03-05,Plumas,063,18699,647,635,10,645,4
2021-03-05,Riverside,065,2383286,286812,280075,13321,293396,3781
2021-03-05,Sacramento,067,1510023,95618,94182,1269,95451,1430
2021-03-05,San Benito,069,59416,5765,5790,89,5879,61
2021-03-05,San Bernardino,071,2135413,286938,282640,8513,291153,3774
2021-03-05,San Diego,073,3302833,266092,262357,13095,275452,3371
2021-03-05,San Francisco,075,870044,34474,34526,1082,35608,430
2021-03-05,San Joaquin,077,732212,67539,66041,2775,68816,1133
2021-03-05,San Luis Obispo,079,281455,19917,19557,561,20118,244
2021-03-05,San Mateo,081,765935,39855,39305,409,39714,326
2021-03-05,Santa Barbara,083,443738,32616,32139,1035,33174,424
2021-03-05,Santa Clara,085,1922200,111619,111384,587,111971,1745
2021-03-05,Santa Cruz,087,273765,15547,14694,774,15468,188
2021-03-05,Shasta,089,179085,11026,11062,1261,12323,148
2021-03-05,Sierra,091,2930,51,48,12,60,0
2021-03-05,Siskiyou,093,43540,1529,1429,235,1664,5
2021-03-05,Solano,095,438530,30169,29951,366,30317,168
2021-03-05,Sonoma,097,501317,28401,28417,220,28637,279
2021-03-05,Stanislaus,099,539301,51255,50606,5350,55956,721
2021-03-05,Sutter,101,95872,8900,8876,79,8955,100
2021-03-05,Tehama,103,63373,4635,4606,486,5092,33
2021-03-05,Trinity,105,12862,468,302,77,379,3
2021-03-05,Tulare,107,460477,48631,47469,8077,55546,789
2021-03-05,Tuolumne,109,53932,3870,3917,37,3954,56
2021-03-05,Ventura,111,848112,78577,78368,2770,81138,839
2021-03-05,Yolo,113,214977,12998,12920,151,13071,188
2021-03-05,Yuba,115,75493,5564,5496,86,5582,42
2021-03-04,Alameda,001,1643700,81649,81115,1706,82821,1136
2021-03-04,Alpine,002,1148,82,78,0,78,0
2021-03-04,Amador,005,37829,3488,3480,31,3511,42
2021-03-04,Butte,007,227075,11409,11033,1638,12671,185
2021-03-04,Calaveras,009,45235,1932,1896,11,1907,48
2021-03-04,Colusa,011,21464,1880,1873,265,2138,11
2021-03-04,Contra Costa,013,1133247,63856,62789,1071,63860,708
2021-03-04,Del Norte,015,27424,1039,989,5,994,5
2021-03-04,El Dorado,017,186661,9230,9133,607,9740,97
2021-03-04,Fresno,019,978130,97261,96023,7747,103770,1422
2021-03-04,Glenn,021,27897,2270,2236,494,2730,15
2021-03-04,Humboldt,023,135768,3259,3212,22,3234,31
2021-03-04,Imperial,025,180216,27328,26946,2457,29403,646
2021-03-04,Inyo,027,18085,1331,1300,9,1309,35
2021-03-04,Kern,029,883053,94014,92525,9838,102363,1070
2021-03-04,Kings,031,150075,22391,22025,974,22999,224
2021-03-04,Lake,033,64148,3225,3181,6,3187,42
2021-03-04,Lassen,035,31185,5131,5116,96,5212,1
2021-03-04,Los Angeles,037,10098052,1177431,1159405,38265,1197670,21610
2021-03-04,Madera,039,155013,15787,15596,839,16435,208
2021-03-04,Marin,041,260295,13363,13240,163,13403,215
2021-03-04,Mariposa,043,17540,378,376,5,381,4
2021-03-04,Mendocino,045,87422,3670,3569,73,3642,42
2021-03-04,Merced,047,269075,28736,28671,925,29596,396
2021-03-04,Modoc,049,8938,342,336,116,452,3
2021-03-04,Mono,051,14174,1191,1197,16,1213,3
2021-03-04,Monterey,053,433212,42109,41771,1667,43438,325
2021-03-04,Napa,055,140530,9113,9094,30,9124,74
2021-03-04,Nevada,057,99092,4089,4020,160,4180,66
2021-03-04,Orange,059,3164182,248338,246354,10192,256546,4096
2021-03-04,Placer,061,380077,20819,19900,1120,21020,239
2021-03-04,Plumas,063,18699,647,634,10,644,4
2021-03-04,Riverside,065,2383286,286682,279871,13308,293179,3766
2021-03-04,Sacramento,067,1510023,95483,93982,1266,95248,1426
2021-03-04,San Benito,069,59416,5765,5781,89,5870,61
2021-03-04,San Bernardino,071,2135413,286807,282407,8509,290916,3757
2021-03-04,San Diego,073,3302833,265831,261858,13051,274909,3359
2021-03-04,San Francisco,075,870044,34439,34480,1079,35559,426
2021-03-04,San Joaquin,077,732212,67445,65931,2766,68697,1129
2021-03-04,San Luis Obispo,079,281455,19880,19520,559,20079,243
2021-03-04,San Mateo,081,765935,39811,39225,408,39633,322
2021-03-04,Santa Barbara,083,443738,32579,32090,1034,33124,423
2021-03-04,Santa Clara,085,1922200,111485,111194,585,111779,1723
2021-03-04,Santa Cruz,087,273765,15528,14669,774,15443,186
2021-03-04,Shasta,089,179085,11023,11050,1252,12302,150
2021-03-04,Sierra,091,2930,51,48,12,60,0
2021-03-04,Siskiyou,093,43540,1522,1427,235,1662,5
2021-03-04,Solano,095,438530,30142,29905,365,30270,168
2021-03-04,Sonoma,097,501317,28346,28379,219,28598,279
2021-03-04,Stanislaus,099,539301,51168,50521,5342,55863,731
2021-03-04,Sutter,101,95872,8888,8849,79,8928,100
2021-03-04,Tehama,103,63373,4627,4604,486,5090,33
2021-03-04,Trinity,105,12862,468,302,77,379,3
2021-03-04,Tulare,107,460477,48586,47398,8052,55450,784
2021-03-04,Tuolumne,109,53932,3864,3916,37,3953,56
2021-03-04,Ventura,111,848112,78487,78184,2767,80951,831
2021-03-04,Yolo,113,214977,12978,12895,151,13046,189
2021-03-04,Yuba,115,75493,5552,5483,86,5569,41
2021-03-03,Alameda,001,1643700,81529,80972,1705,82677,1127
2021-03-03,Alpine,002,1148,82,77,0,77,0
2021-03-03,Amador,005,37829,3486,3478,30,3508,42
2021-03-03,Butte,007,227075,11401,11014,1637,12651,184
2021-03-03,Calaveras,009,45235,1931,1893,11,1904,48
2021-03-03,Colusa,011,21464,1879,1873,265,2138,11
2021-03-03,Contra Costa,013,1133247,63758,62668,1068,63736,708
2021-03-03,Del Norte,015,27424,1036,988,5,993,5
2021-03-03,El Dorado,017,186661,9220,9121,607,9728,97
2021-03-03,Fresno,019,978130,97117,95893,7730,103623,1415
2021-03-03,Glenn,021,27897,2270,2233,494,2727,15
2021-03-03,Humboldt,023,135768,3248,3196,22,3218,30
2021-03-03,Imperial,025,180216,27312,26939,2453,29392,640
2021-03-03,Inyo,027,18085,1323,1294,9,1303,35
2021-03-03,Kern,029,883053,93938,92434,9821,102255,1063
2021-03-03,Kings,031,150075,22375,22009,973,22982,223
2021-03-03,Lake,033,64148,3218,3175,6,3181,40
2021-03-03,Lassen,035,31185,5131,5115,96,5211,1
2021-03-03,Los Angeles,037,10098052,1176792,1157911,38226,1196137,21500
2021-03-03,Madera,039,155013,15768,15553,833,16386,203
2021-03-03,Marin,041,260295,13349,13216,163,13379,214
2021-03-03,Mariposa,043,17540,377,376,5,381,4
2021-03-03,Mendocino,045,87422,3662,3564,73,3637,42
2021-03-03,Merced,047,269075,28684,28625,925,29550,393
2021-03-03,Modoc,049,8938,342,333,115,448,3
2021-03-03,Mono,051,14174,1191,1191,16,1207,3
2021-03-03,Monterey,053,433212,42077,41731,1664,43395,325
2021-03-03,Napa,055,140530,9105,9090,30,9120,72
2021-03-03,Nevada,057,99092,4079,4009,160,4169,66
2021-03-03,Orange,059,3164182,248193,246120,10178,256298,4072
2021-03-03,Placer,061,380077,20793,19851,1117,20968,239
2021-03-03,Plumas,063,18699,646,631,10,641,4
2021-03-03,Riverside,065,2383286,286549,279626,13302,292928,3735
2021-03-03,Sacramento,067,1510023,95322,93819,1258,95077,1419
2021-03-03,San Benito,069,59416,5764,5774,89,5863,61
2021-03-03,San Bernardino,071,2135413,286666,282138,8503,290641,3664
2021-03-03,San Diego,073,3302833,265567,261350,13020,274370,3342
2021-03-03,San Francisco,075,870044,34407,34443,1076,35519,426
2021-03-03,San Joaquin,077,732212,67332,65855,2759,68614,1115
2021-03-03,San Luis Obispo,079,281455,19854,19479,556,20035,241
2021-03-03,San Mateo,081,765935,39765,39189,407,39596,319
2021-03-03,Santa Barbara,083,443738,32541,32027,1034,33061,421
2021-03-03,Santa Clara,085,1922200,111331,110991,583,111574,1720
2021-03-03,Santa Cruz,087,273765,15517,14645,774,15419,185
2021-03-03,Shasta,089,179085,11013,11023,1245,12268,150
2021-03-03,Sierra,091,2930,51,48,12,60,0
2021-03-03,Siskiyou,093,43540,1520,1424,235,1659,5
2021-03-03,Solano,095,438530,30106,29866,364,30230,167
2021-03-03,Sonoma,097,501317,28307,28307,218,28525,279
2021-03-03,Stanislaus,099,539301,51090,50438,5335,55773,730
2021-03-03,Sutter,101,95872,8880,8840,79,8919,99
2021-03-03,Tehama,103,63373,4625,4601,486,5087,32
2021-03-03,Trinity,105,12862,468,302,77,379,3
2021-03-03,Tulare,107,460477,48535,47348,8023,55371,778
2021-03-03,Tuolumne,109,53932,3862,3914,36,3950,56
2021-03-03,Ventura,111,848112,78403,78057,2762,80819,822
2021-03-03,Yolo,113,214977,12965,12890,151,13041,189
2021-03-03,Yuba,115,75493,5539,5479,86,5565,41
2021-03-02,Alameda,001,1643700,81407,80904,1703,82607,1116
2021-03-02,Alpine,002,1148,82,77,0,77,0
2021-03-02,Amador,005,37829,3484,3474,30,3504,42
2021-03-02,Butte,007,227075,11391,11007,1634,12641,182
2021-03-02,Calaveras,009,45235,1923,1890,11,1901,48
2021-03-02,Colusa,011,21464,1879,1872,264,2136,11
2021-03-02,Contra Costa,013,1133247,63647,62557,1064,63621,694
2021-03-02,Del Norte,015,27424,1029,983,5,988,5
2021-03-02,El Dorado,017,186661,9212,9116,607,9723,98
2021-03-02,Fresno,019,978130,96971,95785,7704,103489,1410
2021-03-02,Glenn,021,27897,2264,2232,493,2725,15
2021-03-02,Humboldt,023,135768,3229,3184,22,3206,30
2021-03-02,Imperial,025,180216,27302,26926,2451,29377,637
2021-03-02,Inyo,027,18085,1319,1292,9,1301,35
2021-03-02,Kern,029,883053,93832,92313,9794,102107,1046
2021-03-02,Kings,031,150075,22323,21999,970,22969,217
2021-03-02,Lake,033,64148,3212,3169,6,3175,40
2021-03-02,Lassen,035,31185,5126,5115,95,5210,1
2021-03-02,Los Angeles,037,10098052,1176155,1156826,38181,1195007,21395
2021-03-02,Madera,039,155013,15748,15523,830,16353,194
2021-03-02,Marin,041,260295,13326,13186,162,13348,214
2021-03-02,Mariposa,043,17540,377,376,5,381,4
2021-03-02,Mendocino,045,87422,3659,3562,72,3634,41
2021-03-02,Merced,047,269075,28627,28598,925,29523,389
2021-03-02,Modoc,049,8938,342,332,115,447,3
2021-03-02,Mono,051,14174,1190,1191,16,1207,3
2021-03-02,Monterey,053,433212,42050,41716,1664,43380,325
2021-03-02,Napa,055,140530,9095,9080,30,9110,71
2021-03-02,Nevada,057,99092,4070,3983,159,4142,66
2021-03-02,Orange,059,3164182,248048,246004,10160,256164,4037
2021-03-02,Placer,061,380077,20740,19828,1114,20942,239
2021-03-02,Plumas,063,18699,643,628,10,638,4
2021-03-02,Riverside,065,2383286,286377,279486,13294,292780,3721
2021-03-02,Sacramento,067,1510023,95155,93690,1257,94947,1411
2021-03-02,San Benito,069,59416,5757,5770,89,5859,60
2021-03-02,San Bernardino,071,2135413,286532,281919,8497,290416,3604
2021-03-02,San Diego,073,3302833,265323,260998,12998,273996,3317
2021-03-02,San Francisco,075,870044,34367,34387,1072,35459,424
2021-03-02,San Joaquin,077,732212,67224,65769,2742,68511,1111
2021-03-02,San Luis Obispo,079,281455,19822,19452,556,20008,241
2021-03-02,San Mateo,081,765935,39713,39148,406,39554,317
2021-03-02,Santa Barbara,083,443738,32492,31964,1030,32994,416
2021-03-02,Santa Clara,085,1922200,111152,110832,582,111414,1706
2021-03-02,Santa Cruz,087,273765,15503,14611,772,15383,185
2021-03-02,Shasta,089,179085,10999,11012,1234,12246,149
2021-03-02,Sierra,091,2930,51,48,12,60,0
2021-03-02,Siskiyou,093,43540,1516,1412,233,1645,5
2021-03-02,Solano,095,438530,30073,29827,362,30189,167
2021-03-02,Sonoma,097,501317,28252,28261,218,28479,279
2021-03-02,Stanislaus,099,539301,51003,50359,5323,55682,724
2021-03-02,Sutter,101,95872,8871,8832,79,8911,99
2021-03-02,Tehama,103,63373,4621,4597,485,5082,32
2021-03-02,Trinity,105,12862,468,301,77,378,3
2021-03-02,Tulare,107,460477,48472,47326,8003,55329,783
2021-03-02,Tuolumne,109,53932,3858,3908,36,3944,53
2021-03-02,Ventura,111,848112,78310,77952,2758,80710,780
2021-03-02,Yolo,113,214977,12949,12867,151,13018,189
2021-03-02,Yuba,115,75493,5531,5475,86,5561,41
2021-03-01,Alameda,001,1643700,81280,80805,1701,82506,1105
2021-03-01,Alpine,002,1148,80,77,0,77,0
2021-03-01,Amador,005,37829,3481,3469,30,3499,42
2021-03-01,Butte,007,227075,11376,10981,1630,12611,180
2021-03-01,Calaveras,009,45235,1918,1885,11,1896,46
2021-03-01,Colusa,011,21464,1878,1871,264,2135,11
2021-03-01,Contra Costa,013,1133247,63539,62458,1063,63521,694
2021-03-01,Del Norte,015,27424,1024,982,5,987,5
2021-03-01,El Dorado,017,186661,9188,9085,607,9692,98
2021-03-01,Fresno,019,978130,96833,95677,7681,103358,1405
2021-03-01,Glenn,021,27897,2259,2232,492,2724,15
2021-03-01,Humboldt,023,135768,3210,3179,22,3201,30
2021-03-01,Imperial,025,180216,27292,26913,2443,29356,636
2021-03-01,Inyo,027,18085,1316,1285,9,1294,35
2021-03-01,Kern,029,883053,93743,92219,9768,101987,1041
2021-03-01,Kings,031,150075,22306,21988,964,22952,217
2021-03-01,Lake,033,64148,3207,3164,6,3170,40
2021-03-01,Lassen,035,31185,5124,5111,95,5206,1
2021-03-01,Los Angeles,037,10098052,1175496,1155984,38141,1194125,21293
2021-03-01,Madera,039,155013,15719,15505,820,16325,194
2021-03-01,Marin,041,260295,13298,13161,161,13322,214
2021-03-01,Mariposa,043,17540,377,375,5,380,4
2021-03-01,Mendocino,045,87422,3652,3561,72,3633,41
2021-03-01,Merced,047,269075,28582,28575,921,29496,385
2021-03-01,Modoc,049,8938,339,331,114,445,3
2021-03-01,Mono,051,14174,1189,1192,16,1208,3
2021-03-01,Monterey,053,433212,42025,41697,1662,43359,324
2021-03-01,Napa,055,140530,9087,9056,30,9086,70
2021-03-01,Nevada,057,99092,4051,3979,159,4138,66
2021-03-01,Orange,059,3164182,247855,245852,10146,255998,3976
2021-03-01,Placer,061,380077,20701,19803,1111,20914,239
2021-03-01,Plumas,063,18699,643,628,10,638,4
2021-03-01,Riverside,065,2383286,286158,279323,13287,292610,3680
2021-03-01,Sacramento,067,1510023,95010,93546,1255,94801,1401
2021-03-01,San Benito,069,59416,5752,5772,89,5861,57
2021-03-01,San Bernardino,071,2135413,286388,281685,8493,290178,3603
2021-03-01,San Diego,073,3302833,265006,260622,12965,273587,3303
2021-03-01,San Francisco,075,870044,34323,34318,1064,35382,424
2021-03-01,San Joaquin,077,732212,67115,65699,2732,68431,1097
2021-03-01,San Luis Obispo,079,281455,19800,19429,554,19983,239
2021-03-01,San Mateo,081,765935,39661,39096,406,39502,314
2021-03-01,Santa Barbara,083,443738,32449,31909,1029,32938,413
2021-03-01,Santa Clara,085,1922200,110993,110684,579,111263,1704
2021-03-01,Santa Cruz,087,273765,15484,14575,771,15346,185
2021-03-01,Shasta,089,179085,10987,10990,1231,12221,149
2021-03-01,Sierra,091,2930,51,48,12,60,0
2021-03-01,Siskiyou,093,43540,1512,1408,231,1639,5
2021-03-01,Solano,095,438530,30030,29779,361,30140,166
2021-03-01,Sonoma,097,501317,28204,28222,216,28438,278
2021-03-01,Stanislaus,099,539301,50929,50293,5317,55610,722
2021-03-01,Sutter,101,95872,8860,8825,79,8904,99
2021-03-01,Tehama,103,63373,4615,4595,485,5080,32
2021-03-01,Trinity,105,12862,468,298,76,374,3
2021-03-01,Tulare,107,460477,48434,47275,7969,55244,781
2021-03-01,Tuolumne,109,53932,3855,3907,36,3943,53
2021-03-01,Ventura,111,848112,78229,77849,2757,80606,775
2021-03-01,Yolo,113,214977,12932,12854,149,13003,188
2021-03-01,Yuba,115,75493,5519,5466,86,5552,41
2021-02-28,Alameda,001,1643700,81159,80727,1699,82426,1105
2021-02-28,Alpine,002,1148,80,77,0,77,0
2021-02-28,Amador,005,37829,3476,3466,29,3495,42
2021-02-28,Butte,007,227075,11361,10970,1629,12599,180
2021-02-28,Calaveras,009,45235,1914,1881,11,1892,46
2021-02-28,Colusa,011,21464,1878,1871,263,2134,11
2021-02-28,Contra Costa,013,1133247,63412,62386,1058,63444,694
2021-02-28,Del Norte,015,27424,1022,981,5,986,5
2021-02-28,El Dorado,017,186661,9177,9082,607,9689,98
2021-02-28,Fresno,019,978130,96651,95548,7647,103195,1405
2021-02-28,Glenn,021,27897,2257,2230,490,2720,15
2021-02-28,Humboldt,023,135768,3187,3179,22,3201,30
2021-02-28,Imperial,025,180216,27267,26909,2439,29348,636
2021-02-28,Inyo,027,18085,1311,1282,9,1291,35
2021-02-28,Kern,029,883053,93628,92169,9748,101917,1012
2021-02-28,Kings,031,150075,22285,21967,963,22930,217
2021-02-28,Lake,033,64148,3202,3164,6,3170,40
2021-02-28,Lassen,035,31185,5123,5106,95,5201,1
2021-02-28,Los Angeles,037,10098052,1174708,1155141,38079,1193220,21261
2021-02-28,Madera,039,155013,15677,15496,817,16313,199
2021-02-28,Marin,041,260295,13275,13152,159,13311,214
2021-02-28,Mariposa,043,17540,377,374,5,379,4
2021-02-28,Mendocino,045,87422,3646,3558,72,3630,41
2021-02-28,Merced,047,269075,28519,28546,920,29466,384
2021-02-28,Modoc,049,8938,339,331,114,445,3
2021-02-28,Mono,051,14174,1186,1192,16,1208,3
2021-02-28,Monterey,053,433212,41993,41683,1660,43343,323
2021-02-28,Napa,055,140530,9068,9053,30,9083,70
2021-02-28,Nevada,057,99092,4038,3972,159,4131,66
2021-02-28,Orange,059,3164182,247658,245706,10139,255845,3970
2021-02-28,Placer,061,380077,20655,19775,1109,20884,239
2021-02-28,Plumas,063,18699,643,628,10,638,4
2021-02-28,Riverside,065,2383286,285925,279214,13276,292490,3661
2021-02-28,Sacramento,067,1510023,94826,93463,1250,94713,1398
2021-02-28,San Benito,069,59416,5741,5772,89,5861,57
2021-02-28,San Bernardino,071,2135413,286246,281620,8481,290101,3595
2021-02-28,San Diego,073,3302833,264709,260353,12931,273284,3303
2021-02-28,San Francisco,075,870044,34281,34291,1058,35349,417
2021-02-28,San Joaquin,077,732212,67007,65662,2723,68385,1097
2021-02-28,San Luis Obispo,079,281455,19764,19422,552,19974,237
2021-02-28,San Mateo,081,765935,39608,39059,405,39464,314
2021-02-28,Santa Barbara,083,443738,32397,31877,1029,32906,413
2021-02-28,Santa Clara,085,1922200,110794,110556,576,111132,1704
2021-02-28,Santa Cruz,087,273765,15455,14571,768,15339,185
2021-02-28,Shasta,089,179085,10966,10990,1227,12217,149
2021-02-28,Sierra,091,2930,51,48,12,60,0
2021-02-28,Siskiyou,093,43540,1504,1408,231,1639,5
2021-02-28,Solano,095,438530,29975,29758,355,30113,166
2021-02-28,Sonoma,097,501317,28141,28193,215,28408,279
2021-02-28,Stanislaus,099,539301,50838,50228,5305,55533,728
2021-02-28,Sutter,101,95872,8845,8825,79,8904,99
2021-02-28,Tehama,103,63373,4610,4590,485,5075,32
2021-02-28,Trinity,105,12862,468,298,76,374,3
2021-02-28,Tulare,107,460477,48372,47258,7938,55196,780
2021-02-28,Tuolumne,109,53932,3850,3905,36,3941,53
2021-02-28,Ventura,111,848112,78117,77749,2754,80503,775
2021-02-28,Yolo,113,214977,12909,12851,149,13000,188
2021-02-28,Yuba,115,75493,5509,5461,86,5547,41
2021-02-27,Alameda,001,1643700,81085,80565,1697,82262,1108
2021-02-27,Alpine,002,1148,80,77,0,77,0
2021-02-27,Amador,005,37829,3474,3463,29,3492,42
2021-02-27,Butte,007,227075,11349,10962,1629,12591,180
2021-02-27,Calaveras,009,45235,1909,1875,11,1886,46
2021-02-27,Colusa,011,21464,1877,1869,263,2132,11
2021-02-27,Contra Costa,013,1133247,63342,62248,1055,63303,693
2021-02-27,Del Norte,015,27424,1020,978,5,983,5
2021-02-27,El Dorado,017,186661,9173,9072,607,9679,98
2021-02-27,Fresno,019,978130,96574,95393,7636,103029,1400
2021-02-27,Glenn,021,27897,2256,2225,489,2714,15
2021-02-27,Humboldt,023,135768,3181,3167,22,3189,30
2021-02-27,Imperial,025,180216,27259,26903,2437,29340,633
2021-02-27,Inyo,027,18085,1308,1275,9,1284,35
2021-02-27,Kern,029,883053,93567,92053,9733,101786,996
2021-02-27,Kings,031,150075,22275,21955,960,22915,216
2021-02-27,Lake,033,64148,3199,3156,6,3162,40
2021-02-27,Lassen,035,31185,5123,5106,95,5201,1
2021-02-27,Los Angeles,037,10098052,1174207,1154275,38052,1192327,21158
2021-02-27,Madera,039,155013,15660,15467,816,16283,199
2021-02-27,Marin,041,260295,13251,13134,159,13293,214
2021-02-27,Mariposa,043,17540,377,374,5,379,4
2021-02-27,Mendocino,045,87422,3643,3555,72,3627,41
2021-02-27,Merced,047,269075,28477,28501,912,29413,384
2021-02-27,Modoc,049,8938,339,331,113,444,3
2021-02-27,Mono,051,14174,1184,1191,16,1207,3
2021-02-27,Monterey,053,433212,41984,41665,1659,43324,322
2021-02-27,Napa,055,140530,9057,9038,30,9068,71
2021-02-27,Nevada,057,99092,4032,3960,159,4119,66
2021-02-27,Orange,059,3164182,247531,245542,10128,255670,3960
2021-02-27,Placer,061,380077,20619,19726,1106,20832,239
2021-02-27,Plumas,063,18699,643,628,10,638,4
2021-02-27,Riverside,065,2383286,285815,279048,13266,292314,3663
2021-02-27,Sacramento,067,1510023,94743,93281,1240,94521,1396
2021-02-27,San Benito,069,59416,5740,5767,88,5855,57
2021-02-27,San Bernardino,071,2135413,286167,281471,8476,289947,3527
2021-02-27,San Diego,073,3302833,264519,260091,12893,272984,3284
2021-02-27,San Francisco,075,870044,34248,34260,1055,35315,413
2021-02-27,San Joaquin,077,732212,66961,65578,2721,68299,1100
2021-02-27,San Luis Obispo,079,281455,19743,19411,551,19962,237
2021-02-27,San Mateo,081,765935,39567,38998,404,39402,313
2021-02-27,Santa Barbara,083,443738,32363,31805,1028,32833,411
2021-02-27,Santa Clara,085,1922200,110646,110361,574,110935,1703
2021-02-27,Santa Cruz,087,273765,15446,14552,767,15319,185
2021-02-27,Shasta,089,179085,10960,10985,1223,12208,149
2021-02-27,Sierra,091,2930,51,48,12,60,0
2021-02-27,Siskiyou,093,43540,1502,1407,230,1637,5
2021-02-27,Solano,095,438530,29947,29718,354,30072,165
2021-02-27,Sonoma,097,501317,28097,28141,210,28351,281
2021-02-27,Stanislaus,099,539301,50783,50147,5295,55442,733
2021-02-27,Sutter,101,95872,8840,8820,79,8899,99
2021-02-27,Tehama,103,63373,4605,4584,484,5068,32
2021-02-27,Trinity,105,12862,468,298,76,374,3
2021-02-27,Tulare,107,460477,48335,47209,7912,55121,770
2021-02-27,Tuolumne,109,53932,3847,3899,36,3935,53
2021-02-27,Ventura,111,848112,78044,77623,2751,80374,771
2021-02-27,Yolo,113,214977,12897,12834,149,12983,188
2021-02-27,Yuba,115,75493,5506,5450,86,5536,39
2021-02-26,Alameda,001,1643700,80990,80387,1692,82079,1106
2021-02-26,Alpine,002,1148,80,77,0,77,0
2021-02-26,Amador,005,37829,3468,3457,29,3486,42
2021-02-26,Butte,007,227075,11339,10941,1629,12570,180
2021-02-26,Calaveras,009,45235,1907,1873,11,1884,46
2021-02-26,Colusa,011,21464,1877,1865,263,2128,11
2021-02-26,Contra Costa,013,1133247,63260,62114,1055,63169,685
2021-02-26,Del Norte,015,27424,1016,968,5,973,5
2021-02-26,El Dorado,017,186661,9168,9038,605,9643,98
2021-02-26,Fresno,019,978130,96472,95202,7628,102830,1391
2021-02-26,Glenn,021,27897,2253,2220,489,2709,15
2021-02-26,Humboldt,023,135768,3175,3152,22,3174,30
2021-02-26,Imperial,025,180216,27252,26888,2435,29323,631
2021-02-26,Inyo,027,18085,1306,1271,9,1280,34
2021-02-26,Kern,029,883053,93488,91884,9717,101601,997
2021-02-26,Kings,031,150075,22259,21917,957,22874,216
2021-02-26,Lake,033,64148,3194,3153,6,3159,40
2021-02-26,Lassen,035,31185,5123,5102,95,5197,1
2021-02-26,Los Angeles,037,10098052,1173630,1153131,37992,1191123,21070
2021-02-26,Madera,039,155013,15644,15436,814,16250,199
2021-02-26,Marin,041,260295,13238,13091,159,13250,214
2021-02-26,Mariposa,043,17540,377,375,5,380,4
2021-02-26,Mendocino,045,87422,3638,3549,72,3621,41
2021-02-26,Merced,047,269075,28443,28455,911,29366,382
2021-02-26,Modoc,049,8938,338,330,113,443,3
2021-02-26,Mono,051,14174,1182,1191,16,1207,3
2021-02-26,Monterey,053,433212,41958,41607,1658,43265,322
2021-02-26,Napa,055,140530,9051,9014,30,9044,70
2021-02-26,Nevada,057,99092,4021,3952,159,4111,66
2021-02-26,Orange,059,3164182,247392,245278,10118,255396,3918
2021-02-26,Placer,061,380077,20593,19712,1100,20812,239
2021-02-26,Plumas,063,18699,643,628,10,638,4
2021-02-26,Riverside,065,2383286,285671,278772,13260,292032,3653
2021-02-26,Sacramento,067,1510023,94620,93180,1237,94417,1390
2021-02-26,San Benito,069,59416,5739,5759,88,5847,57
2021-02-26,San Bernardino,071,2135413,286067,281132,8474,289606,3461
2021-02-26,San Diego,073,3302833,264291,259641,12872,272513,3271
2021-02-26,San Francisco,075,870044,34218,34213,1052,35265,413
2021-02-26,San Joaquin,077,732212,66880,65492,2715,68207,1070
2021-02-26,San Luis Obispo,079,281455,19727,19359,549,19908,234
2021-02-26,San Mateo,081,765935,39522,38922,404,39326,313
2021-02-26,Santa Barbara,083,443738,32319,31724,1027,32751,410
2021-02-26,Santa Clara,085,1922200,110514,110168,572,110740,1700
2021-02-26,Santa Cruz,087,273765,15434,14528,766,15294,185
2021-02-26,Shasta,089,179085,10953,10972,1214,12186,149
2021-02-26,Sierra,091,2930,51,47,12,59,0
2021-02-26,Siskiyou,093,43540,1502,1401,229,1630,5
2021-02-26,Solano,095,438530,29913,29651,353,30004,165
2021-02-26,Sonoma,097,501317,28068,28063,209,28272,280
2021-02-26,Stanislaus,099,539301,50727,50054,5287,55341,737
2021-02-26,Sutter,101,95872,8831,8806,79,8885,99
2021-02-26,Tehama,103,63373,4603,4581,484,5065,32
2021-02-26,Trinity,105,12862,467,298,76,374,3
2021-02-26,Tulare,107,460477,48299,47135,7883,55018,770
2021-02-26,Tuolumne,109,53932,3846,3896,36,3932,53
2021-02-26,Ventura,111,848112,77944,77534,2747,80281,765
2021-02-26,Yolo,113,214977,12890,12816,149,12965,188
2021-02-26,Yuba,115,75493,5501,5438,86,5524,39
2021-02-25,Alameda,001,1643700,80869,80181,1691,81872,1093
2021-02-25,Alpine,002,1148,80,77,0,77,0
2021-02-25,Amador,005,37829,3465,3448,29,3477,41
2021-02-25,Butte,007,227075,11318,10922,1624,12546,178
2021-02-25,Calaveras,009,45235,1898,1868,11,1879,46
2021-02-25,Colusa,011,21464,1874,1863,262,2125,11
2021-02-25,Contra Costa,013,1133247,63158,61910,1055,62965,686
2021-02-25,Del Norte,015,27424,1006,966,5,971,5
2021-02-25,El Dorado,017,186661,9152,9012,605,9617,98
2021-02-25,Fresno,019,978130,96328,95015,7608,102623,1377
2021-02-25,Glenn,021,27897,2250,2219,488,2707,15
2021-02-25,Humboldt,023,135768,3168,3129,22,3151,30
2021-02-25,Imperial,025,180216,27245,26855,2431,29286,628
2021-02-25,Inyo,027,18085,1300,1264,9,1273,33
2021-02-25,Kern,029,883053,93372,91735,9692,101427,992
2021-02-25,Kings,031,150075,22250,21900,954,22854,216
2021-02-25,Lake,033,64148,3185,3141,6,3147,40
2021-02-25,Lassen,035,31185,5122,5097,94,5191,1
2021-02-25,Los Angeles,037,10098052,1172882,1151846,37935,1189781,20931
2021-02-25,Madera,039,155013,15609,15414,810,16224,194
2021-02-25,Marin,041,260295,13215,13067,159,13226,214
2021-02-25,Mariposa,043,17540,377,375,5,380,4
2021-02-25,Mendocino,045,87422,3633,3542,72,3614,41
2021-02-25,Merced,047,269075,28394,28383,909,29292,382
2021-02-25,Modoc,049,8938,338,329,113,442,3
2021-02-25,Mono,051,14174,1181,1190,16,1206,3
2021-02-25,Monterey,053,433212,41933,41564,1653,43217,321
2021-02-25,Napa,055,140530,9025,8998,30,9028,70
2021-02-25,Nevada,057,99092,4004,3940,158,4098,66
2021-02-25,Orange,059,3164182,247219,245000,10108,255108,3882
2021-02-25,Placer,061,380077,20554,19661,1098,20759,239
2021-02-25,Plumas,063,18699,643,626,10,636,4
2021-02-25,Riverside,065,2383286,285483,278544,13240,291784,3646
2021-02-25,Sacramento,067,1510023,94462,92961,1225,94186,1386
2021-02-25,San Benito,069,59416,5734,5752,88,5840,58
2021-02-25,San Bernardino,071,2135413,285932,280946,8466,289412,3409
2021-02-25,San Diego,073,3302833,263997,258979,12842,271821,3260
2021-02-25,San Francisco,075,870044,34175,34138,1050,35188,408
2021-02-25,San Joaquin,077,732212,66796,65389,2703,68092,1047
2021-02-25,San Luis Obispo,079,281455,19706,19335,547,19882,234
2021-02-25,San Mateo,081,765935,39475,38872,404,39276,300
2021-02-25,Santa Barbara,083,443738,32242,31631,1026,32657,408
2021-02-25,Santa Clara,085,1922200,110349,109923,571,110494,1677
2021-02-25,Santa Cruz,087,273765,15415,14492,765,15257,185
2021-02-25,Shasta,089,179085,10941,10947,1209,12156,148
2021-02-25,Sierra,091,2930,51,47,12,59,0
2021-02-25,Siskiyou,093,43540,1497,1390,226,1616,4
2021-02-25,Solano,095,438530,29881,29616,353,29969,161
2021-02-25,Sonoma,097,501317,28014,28004,206,28210,278
2021-02-25,Stanislaus,099,539301,50636,49964,5277,55241,738
2021-02-25,Sutter,101,95872,8817,8789,78,8867,99
2021-02-25,Tehama,103,63373,4600,4578,482,5060,32
2021-02-25,Trinity,105,12862,467,297,76,373,3
2021-02-25,Tulare,107,460477,48249,47052,7857,54909,765
2021-02-25,Tuolumne,109,53932,3843,3894,36,3930,53
2021-02-25,Ventura,111,848112,77836,77395,2741,80136,751
2021-02-25,Yolo,113,214977,12873,12787,149,12936,188
2021-02-25,Yuba,115,75493,5494,5429,86,5515,39
2021-02-24,Alameda,001,1643700,80749,80070,1687,81757,1082
2021-02-24,Alpine,002,1148,79,77,0,77,0
2021-02-24,Amador,005,37829,3460,3444,29,3473,41
2021-02-24,Butte,007,227075,11305,10915,1620,12535,178
2021-02-24,Calaveras,009,45235,1894,1864,11,1875,31
2021-02-24,Colusa,011,21464,1872,1863,262,2125,11
2021-02-24,Contra Costa,013,1133247,63050,61776,1055,62831,663
2021-02-24,Del Norte,015,27424,1005,960,4,964,5
2021-02-24,El Dorado,017,186661,9139,8993,605,9598,98
2021-02-24,Fresno,019,978130,96179,94794,7592,102386,1369
2021-02-24,Glenn,021,27897,2249,2210,488,2698,14
2021-02-24,Humboldt,023,135768,3156,3123,22,3145,29
2021-02-24,Imperial,025,180216,27232,26843,2426,29269,596
2021-02-24,Inyo,027,18085,1295,1253,9,1262,32
2021-02-24,Kern,029,883053,93239,91525,9676,101201,992
2021-02-24,Kings,031,150075,22225,21871,952,22823,216
2021-02-24,Lake,033,64148,3178,3134,6,3140,40
2021-02-24,Lassen,035,31185,5118,5095,93,5188,1
2021-02-24,Los Angeles,037,10098052,1172123,1150322,37896,1188218,20817
2021-02-24,Madera,039,155013,15582,15390,810,16200,194
2021-02-24,Marin,041,260295,13192,13044,158,13202,214
2021-02-24,Mariposa,043,17540,377,374,5,379,4
2021-02-24,Mendocino,045,87422,3626,3540,72,3612,41
2021-02-24,Merced,047,269075,28356,28295,905,29200,383
2021-02-24,Modoc,049,8938,337,329,113,442,3
2021-02-24,Mono,051,14174,1179,1189,16,1205,3
2021-02-24,Monterey,053,433212,41908,41495,1651,43146,320
2021-02-24,Napa,055,140530,9008,8976,30,9006,70
2021-02-24,Nevada,057,99092,3994,3927,158,4085,66
2021-02-24,Orange,059,3164182,247000,244743,10095,254838,3835
2021-02-24,Placer,061,380077,20515,19648,1092,20740,239
2021-02-24,Plumas,063,18699,641,626,10,636,4
2021-02-24,Riverside,065,2383286,285255,278293,13231,291524,3603
2021-02-24,Sacramento,067,1510023,94308,92742,1220,93962,1375
2021-02-24,San Benito,069,59416,5733,5743,88,5831,57
2021-02-24,San Bernardino,071,2135413,285780,280583,8462,289045,3360
2021-02-24,San Diego,073,3302833,263701,258460,12826,271286,3230
2021-02-24,San Francisco,075,870044,34129,34061,1047,35108,406
2021-02-24,San Joaquin,077,732212,66686,65274,2701,67975,1019
2021-02-24,San Luis Obispo,079,281455,19683,19309,545,19854,233
2021-02-24,San Mateo,081,765935,39438,38763,404,39167,300
2021-02-24,Santa Barbara,083,443738,32190,31563,1023,32586,405
2021-02-24,Santa Clara,085,1922200,110200,109671,570,110241,1674
2021-02-24,Santa Cruz,087,273765,15394,14458,765,15223,185
2021-02-24,Shasta,089,179085,10928,10922,1206,12128,148
2021-02-24,Sierra,091,2930,51,47,12,59,0
2021-02-24,Siskiyou,093,43540,1490,1385,222,1607,4
2021-02-24,Solano,095,438530,29843,29577,351,29928,158
2021-02-24,Sonoma,097,501317,27950,27954,202,28156,278
2021-02-24,Stanislaus,099,539301,50565,49851,5270,55121,732
2021-02-24,Sutter,101,95872,8807,8778,78,8856,99
2021-02-24,Tehama,103,63373,4597,4566,482,5048,31
2021-02-24,Trinity,105,12862,467,294,75,369,3
2021-02-24,Tulare,107,460477,48193,46976,7829,54805,759
2021-02-24,Tuolumne,109,53932,3840,3887,36,3923,53
2021-02-24,Ventura,111,848112,77728,77238,2740,79978,718
2021-02-24,Yolo,113,214977,12860,12760,149,12909,188
2021-02-24,Yuba,115,75493,5483,5425,84,5509,39
2021-02-23,Alameda,001,1643700,80610,79948,1685,81633,1070
2021-02-23,Alpine,002,1148,78,77,0,77,0
2021-02-23,Amador,005,37829,3458,3440,29,3469,41
2021-02-23,Butte,007,227075,11289,10887,1617,12504,176
2021-02-23,Calaveras,009,45235,1893,1863,11,1874,21
2021-02-23,Colusa,011,21464,1869,1862,262,2124,11
2021-02-23,Contra Costa,013,1133247,62916,61613,1052,62665,661
2021-02-23,Del Norte,015,27424,1003,953,4,957,3
2021-02-23,El Dorado,017,186661,9126,8969,605,9574,96
2021-02-23,Fresno,019,978130,96018,94741,7578,102319,1356
2021-02-23,Glenn,021,27897,2247,2209,488,2697,14
2021-02-23,Humboldt,023,135768,3139,3108,22,3130,29
2021-02-23,Imperial,025,180216,27212,26816,2421,29237,591
2021-02-23,Inyo,027,18085,1291,1250,9,1259,32
2021-02-23,Kern,029,883053,93100,91390,9648,101038,982
2021-02-23,Kings,031,150075,22210,21839,948,22787,216
2021-02-23,Lake,033,64148,3170,3121,6,3127,40
2021-02-23,Lassen,035,31185,5115,5092,93,5185,1
2021-02-23,Los Angeles,037,10098052,1171249,1148965,37844,1186809,19887
2021-02-23,Madera,039,155013,15568,15352,804,16156,193
2021-02-23,Marin,041,260295,13172,13015,157,13172,214
2021-02-23,Mariposa,043,17540,377,374,5,379,4
2021-02-23,Mendocino,045,87422,3624,3540,71,3611,41
2021-02-23,Merced,047,269075,28276,28209,898,29107,381
2021-02-23,Modoc,049,8938,336,328,112,440,3
2021-02-23,Mono,051,14174,1179,1189,16,1205,3
2021-02-23,Monterey,053,433212,41869,41439,1646,43085,317
2021-02-23,Napa,055,140530,8996,8967,30,8997,70
2021-02-23,Nevada,057,99092,3986,3912,158,4070,66
2021-02-23,Orange,059,3164182,246802,244566,10077,254643,3843
2021-02-23,Placer,061,380077,20490,19608,1088,20696,238
2021-02-23,Plumas,063,18699,640,626,10,636,4
2021-02-23,Riverside,065,2383286,285018,278075,13217,291292,3599
2021-02-23,Sacramento,067,1510023,94151,92632,1214,93846,1370
2021-02-23,San Benito,069,59416,5727,5731,87,5818,57
2021-02-23,San Bernardino,071,2135413,285592,280279,8457,288736,3283
2021-02-23,San Diego,073,3302833,263324,257802,12796,270598,3218
2021-02-23,San Francisco,075,870044,34080,33994,1046,35040,405
2021-02-23,San Joaquin,077,732212,66586,65141,2694,67835,1004
2021-02-23,San Luis Obispo,079,281455,19654,19233,544,19777,230
2021-02-23,San Mateo,081,765935,39377,38662,404,39066,299
2021-02-23,Santa Barbara,083,443738,32135,31483,1022,32505,402
2021-02-23,Santa Clara,085,1922200,110003,109449,567,110016,1661
2021-02-23,Santa Cruz,087,273765,15365,14435,763,15198,178
2021-02-23,Shasta,089,179085,10916,10903,1202,12105,146
2021-02-23,Sierra,091,2930,51,47,12,59,0
2021-02-23,Siskiyou,093,43540,1485,1380,220,1600,4
2021-02-23,Solano,095,438530,29803,29545,348,29893,154
2021-02-23,Sonoma,097,501317,27907,27882,199,28081,278
2021-02-23,Stanislaus,099,539301,50487,49749,5254,55003,722
2021-02-23,Sutter,101,95872,8794,8766,78,8844,98
2021-02-23,Tehama,103,63373,4591,4556,481,5037,30
2021-02-23,Trinity,105,12862,467,292,74,366,3
2021-02-23,Tulare,107,460477,48115,46937,7796,54733,757
2021-02-23,Tuolumne,109,53932,3836,3864,36,3900,53
2021-02-23,Ventura,111,848112,77612,77093,2731,79824,689
2021-02-23,Yolo,113,214977,12831,12729,149,12878,188
2021-02-23,Yuba,115,75493,5470,5417,83,5500,38
2021-02-22,Alameda,001,1643700,80459,79796,1681,81477,1062
2021-02-22,Alpine,002,1148,78,77,0,77,0
2021-02-22,Amador,005,37829,3453,3438,29,3467,39
2021-02-22,Butte,007,227075,11276,10855,1612,12467,176
2021-02-22,Calaveras,009,45235,1891,1862,11,1873,21
2021-02-22,Colusa,011,21464,1869,1860,262,2122,11
2021-02-22,Contra Costa,013,1133247,62788,61478,1051,62529,661
2021-02-22,Del Norte,015,27424,1002,948,4,952,3
2021-02-22,El Dorado,017,186661,9109,8940,605,9545,96
2021-02-22,Fresno,019,978130,95856,94584,7561,102145,1351
2021-02-22,Glenn,021,27897,2242,2207,486,2693,14
2021-02-22,Humboldt,023,135768,3127,3095,22,3117,29
2021-02-22,Imperial,025,180216,27190,26778,2414,29192,590
2021-02-22,Inyo,027,18085,1286,1248,9,1257,32
2021-02-22,Kern,029,883053,92983,91201,9626,100827,982
2021-02-22,Kings,031,150075,22187,21801,945,22746,214
2021-02-22,Lake,033,64148,3164,3107,6,3113,40
2021-02-22,Lassen,035,31185,5115,5088,92,5180,1
2021-02-22,Los Angeles,037,10098052,1170389,1147541,37788,1185329,19730
2021-02-22,Madera,039,155013,15543,15325,800,16125,193
2021-02-22,Marin,041,260295,13147,12991,154,13145,213
2021-02-22,Mariposa,043,17540,376,374,5,379,4
2021-02-22,Mendocino,045,87422,3618,3535,71,3606,41
2021-02-22,Merced,047,269075,28213,28166,895,29061,379
2021-02-22,Modoc,049,8938,336,329,112,441,3
2021-02-22,Mono,051,14174,1175,1189,16,1205,3
2021-02-22,Monterey,053,433212,41824,41397,1640,43037,311
2021-02-22,Napa,055,140530,8969,8950,30,8980,69
2021-02-22,Nevada,057,99092,3977,3900,156,4056,66
2021-02-22,Orange,059,3164182,246566,244118,10059,254177,3843
2021-02-22,Placer,061,380077,20453,19587,1080,20667,238
2021-02-22,Plumas,063,18699,640,625,10,635,4
2021-02-22,Riverside,065,2383286,284756,277730,13209,290939,3567
2021-02-22,Sacramento,067,1510023,93984,92476,1204,93680,1359
2021-02-22,San Benito,069,59416,5725,5723,87,5810,57
2021-02-22,San Bernardino,071,2135413,285416,279984,8444,288428,3259
2021-02-22,San Diego,073,3302833,262914,257348,12763,270111,3189
2021-02-22,San Francisco,075,870044,34020,33947,1041,34988,405
2021-02-22,San Joaquin,077,732212,66490,65060,2681,67741,1001
2021-02-22,San Luis Obispo,079,281455,19617,19198,542,19740,229
2021-02-22,San Mateo,081,765935,39320,38542,401,38943,282
2021-02-22,Santa Barbara,083,443738,32069,31421,1019,32440,399
2021-02-22,Santa Clara,085,1922200,109794,109213,556,109769,1655
2021-02-22,Santa Cruz,087,273765,15339,14417,763,15180,176
2021-02-22,Shasta,089,179085,10901,10872,1197,12069,145
2021-02-22,Sierra,091,2930,51,47,12,59,0
2021-02-22,Siskiyou,093,43540,1479,1373,219,1592,4
2021-02-22,Solano,095,438530,29764,29508,347,29855,150
2021-02-22,Sonoma,097,501317,27862,27845,198,28043,278
2021-02-22,Stanislaus,099,539301,50385,49630,5236,54866,722
2021-02-22,Sutter,101,95872,8786,8698,78,8776,98
2021-02-22,Tehama,103,63373,4588,4550,480,5030,30
2021-02-22,Trinity,105,12862,467,287,73,360,3
2021-02-22,Tulare,107,460477,48053,46879,7764,54643,751
2021-02-22,Tuolumne,109,53932,3832,3856,36,3892,53
2021-02-22,Ventura,111,848112,77484,76947,2726,79673,677
2021-02-22,Yolo,113,214977,12804,12689,149,12838,183
2021-02-22,Yuba,115,75493,5467,5404,82,5486,38
2021-02-21,Alameda,001,1643700,80265,79649,1677,81326,1061
2021-02-21,Alpine,002,1148,78,77,0,77,0
2021-02-21,Amador,005,37829,3445,3435,29,3464,39
2021-02-21,Butte,007,227075,11258,10855,1610,12465,176
2021-02-21,Calaveras,009,45235,1890,1860,11,1871,21
2021-02-21,Colusa,011,21464,1868,1860,258,2118,11
2021-02-21,Contra Costa,013,1133247,62633,61364,1048,62412,661
2021-02-21,Del Norte,015,27424,996,942,4,946,3
2021-02-21,El Dorado,017,186661,9091,8927,604,9531,96
2021-02-21,Fresno,019,978130,95713,94374,7545,101919,1349
2021-02-21,Glenn,021,27897,2240,2201,484,2685,14
2021-02-21,Humboldt,023,135768,3115,3096,22,3118,29
2021-02-21,Imperial,025,180216,27176,26779,2412,29191,590
2021-02-21,Inyo,027,18085,1280,1232,9,1241,32
2021-02-21,Kern,029,883053,92858,91141,9588,100729,980
2021-02-21,Kings,031,150075,22151,21784,943,22727,213
2021-02-21,Lake,033,64148,3156,3100,6,3106,40
2021-02-21,Lassen,035,31185,5107,5077,92,5169,1
2021-02-21,Los Angeles,037,10098052,1169347,1146756,37744,1184500,19711
2021-02-21,Madera,039,155013,15510,15298,797,16095,192
2021-02-21,Marin,041,260295,13118,12968,154,13122,212
2021-02-21,Mariposa,043,17540,376,373,5,378,4
2021-02-21,Mendocino,045,87422,3613,3535,71,3606,41
2021-02-21,Merced,047,269075,28139,28106,880,28986,379
2021-02-21,Modoc,049,8938,333,329,112,441,3
2021-02-21,Mono,051,14174,1175,1189,16,1205,3
2021-02-21,Monterey,053,433212,41768,41373,1633,43006,309
2021-02-21,Napa,055,140530,8955,8929,30,8959,69
2021-02-21,Nevada,057,99092,3964,3895,156,4051,66
2021-02-21,Orange,059,3164182,246270,243985,10042,254027,3801
2021-02-21,Placer,061,380077,20417,19553,1076,20629,238
2021-02-21,Plumas,063,18699,640,625,10,635,4
2021-02-21,Riverside,065,2383286,284523,277555,13196,290751,3564
2021-02-21,Sacramento,067,1510023,93774,92288,1194,93482,1354
2021-02-21,San Benito,069,59416,5715,5716,84,5800,57
2021-02-21,San Bernardino,071,2135413,285192,279870,8430,288300,3247
2021-02-21,San Diego,073,3302833,262480,257027,12717,269744,3190
2021-02-21,San Francisco,075,870044,33956,33891,1037,34928,405
2021-02-21,San Joaquin,077,732212,66351,64997,2669,67666,1001
2021-02-21,San Luis Obispo,079,281455,19584,19178,540,19718,229
2021-02-21,San Mateo,081,765935,39258,38448,397,38845,282
2021-02-21,Santa Barbara,083,443738,32007,31374,1016,32390,399
2021-02-21,Santa Clara,085,1922200,109570,108992,548,109540,1654
2021-02-21,Santa Cruz,087,273765,15316,14401,762,15163,176
2021-02-21,Shasta,089,179085,10887,10867,1192,12059,145
2021-02-21,Sierra,091,2930,51,47,12,59,0
2021-02-21,Siskiyou,093,43540,1473,1371,219,1590,4
2021-02-21,Solano,095,438530,29709,29471,346,29817,150
2021-02-21,Sonoma,097,501317,27798,27793,191,27984,278
2021-02-21,Stanislaus,099,539301,50272,49527,5222,54749,726
2021-02-21,Sutter,101,95872,8769,8687,77,8764,97
2021-02-21,Tehama,103,63373,4579,4547,480,5027,30
2021-02-21,Trinity,105,12862,465,286,73,359,3
2021-02-21,Tulare,107,460477,47985,46830,7729,54559,749
2021-02-21,Tuolumne,109,53932,3818,3828,36,3864,53
2021-02-21,Ventura,111,848112,77335,76862,2713,79575,677
2021-02-21,Yolo,113,214977,12773,12670,148,12818,183
2021-02-21,Yuba,115,75493,5460,5396,81,5477,38
2021-02-20,Alameda,001,1643700,80174,79496,1672,81168,1055
2021-02-20,Alpine,002,1148,78,77,0,77,0
2021-02-20,Amador,005,37829,3443,3432,29,3461,39
2021-02-20,Butte,007,227075,11250,10838,1609,12447,176
2021-02-20,Calaveras,009,45235,1889,1858,11,1869,21
2021-02-20,Colusa,011,21464,1867,1858,258,2116,11
2021-02-20,Contra Costa,013,1133247,62549,61205,1046,62251,663
2021-02-20,Del Norte,015,27424,992,937,4,941,3
2021-02-20,El Dorado,017,186661,9081,8911,603,9514,96
2021-02-20,Fresno,019,978130,95630,94234,7525,101759,1341
2021-02-20,Glenn,021,27897,2236,2199,483,2682,14
2021-02-20,Humboldt,023,135768,3107,3073,22,3095,29
2021-02-20,Imperial,025,180216,27166,26771,2412,29183,590
2021-02-20,Inyo,027,18085,1276,1226,9,1235,32
2021-02-20,Kern,029,883053,92787,91025,9556,100581,968
2021-02-20,Kings,031,150075,22133,21773,942,22715,212
2021-02-20,Lake,033,64148,3149,3089,6,3095,40
2021-02-20,Lassen,035,31185,5105,5067,92,5159,1
2021-02-20,Los Angeles,037,10098052,1168777,1145594,37704,1183298,19630
2021-02-20,Madera,039,155013,15490,15274,796,16070,191
2021-02-20,Marin,041,260295,13097,12945,152,13097,211
2021-02-20,Mariposa,043,17540,376,372,5,377,4
2021-02-20,Mendocino,045,87422,3611,3533,71,3604,40
2021-02-20,Merced,047,269075,28096,28066,877,28943,379
2021-02-20,Modoc,049,8938,333,328,112,440,3
2021-02-20,Mono,051,14174,1174,1187,16,1203,3
2021-02-20,Monterey,053,433212,41746,41313,1631,42944,309
2021-02-20,Napa,055,140530,8946,8910,30,8940,69
2021-02-20,Nevada,057,99092,3954,3887,155,4042,66
2021-02-20,Orange,059,3164182,246100,243761,10028,253789,3755
2021-02-20,Placer,061,380077,20376,19509,1072,20581,236
2021-02-20,Plumas,063,18699,640,626,10,636,4
2021-02-20,Riverside,065,2383286,284369,277267,13187,290454,3559
2021-02-20,Sacramento,067,1510023,93651,92057,1192,93249,1352
2021-02-20,San Benito,069,59416,5704,5709,84,5793,57
2021-02-20,San Bernardino,071,2135413,285090,279608,8425,288033,3203
2021-02-20,San Diego,073,3302833,262238,256510,12688,269198,3188
2021-02-20,San Francisco,075,870044,33914,33820,1029,34849,399
2021-02-20,San Joaquin,077,732212,66281,64916,2664,67580,1001
2021-02-20,San Luis Obispo,079,281455,19560,19138,539,19677,229
2021-02-20,San Mateo,081,765935,39214,38371,396,38767,282
2021-02-20,Santa Barbara,083,443738,31973,31289,1015,32304,396
2021-02-20,Santa Clara,085,1922200,109392,108728,545,109273,1649
2021-02-20,Santa Cruz,087,273765,15305,14378,760,15138,176
2021-02-20,Shasta,089,179085,10873,10850,1187,12037,146
2021-02-20,Sierra,091,2930,51,47,12,59,0
2021-02-20,Siskiyou,093,43540,1470,1366,219,1585,4
2021-02-20,Solano,095,438530,29695,29440,344,29784,150
2021-02-20,Sonoma,097,501317,27769,27703,189,27892,278
2021-02-20,Stanislaus,099,539301,50221,49445,5208,54653,733
2021-02-20,Sutter,101,95872,8763,8681,77,8758,97
2021-02-20,Tehama,103,63373,4574,4545,480,5025,30
2021-02-20,Trinity,105,12862,464,285,72,357,3
2021-02-20,Tulare,107,460477,47949,46769,7707,54476,739
2021-02-20,Tuolumne,109,53932,3813,3823,36,3859,53
2021-02-20,Ventura,111,848112,77240,76757,2710,79467,671
2021-02-20,Yolo,113,214977,12759,12639,148,12787,183
2021-02-20,Yuba,115,75493,5457,5386,81,5467,38
2021-02-19,Alameda,001,1643700,80074,79318,1668,80986,1047
2021-02-19,Alpine,002,1148,78,77,0,77,0
2021-02-19,Amador,005,37829,3439,3427,29,3456,39
2021-02-19,Butte,007,227075,11236,10823,1602,12425,176
2021-02-19,Calaveras,009,45235,1889,1856,11,1867,21
2021-02-19,Colusa,011,21464,1867,1858,258,2116,11
2021-02-19,Contra Costa,013,1133247,62437,61017,1043,62060,651
2021-02-19,Del Norte,015,27424,987,932,4,936,2
2021-02-19,El Dorado,017,186661,9072,8882,602,9484,96
2021-02-19,Fresno,019,978130,95500,93973,7509,101482,1330
2021-02-19,Glenn,021,27897,2231,2199,482,2681,14
2021-02-19,Humboldt,023,135768,3095,3037,22,3059,29
2021-02-19,Imperial,025,180216,27160,26751,2409,29160,589
2021-02-19,Inyo,027,18085,1271,1212,9,1221,32
2021-02-19,Kern,029,883053,92718,90807,9516,100323,963
2021-02-19,Kings,031,150075,22119,21724,940,22664,211
2021-02-19,Lake,033,64148,3143,3078,6,3084,40
2021-02-19,Lassen,035,31185,5104,5057,92,5149,1
2021-02-19,Los Angeles,037,10098052,1168026,1143828,37664,1181492,19498
2021-02-19,Madera,039,155013,15473,15222,794,16016,188
2021-02-19,Marin,041,260295,13079,12919,151,13070,210
2021-02-19,Mariposa,043,17540,376,371,5,376,4
2021-02-19,Mendocino,045,87422,3609,3526,71,3597,39
2021-02-19,Merced,047,269075,28066,27985,874,28859,376
2021-02-19,Modoc,049,8938,333,328,112,440,3
2021-02-19,Mono,051,14174,1174,1186,16,1202,3
2021-02-19,Monterey,053,433212,41719,41209,1627,42836,309
2021-02-19,Napa,055,140530,8933,8899,30,8929,69
2021-02-19,Nevada,057,99092,3948,3863,155,4018,66
2021-02-19,Orange,059,3164182,245924,243397,10016,253413,3715
2021-02-19,Placer,061,380077,20354,19457,1072,20529,236
2021-02-19,Plumas,063,18699,638,624,10,634,4
2021-02-19,Riverside,065,2383286,284200,276941,13170,290111,3541
2021-02-19,Sacramento,067,1510023,93531,91815,1188,93003,1351
2021-02-19,San Benito,069,59416,5699,5699,84,5783,57
2021-02-19,San Bernardino,071,2135413,284954,279209,8420,287629,3117
2021-02-19,San Diego,073,3302833,261947,255799,12665,268464,3169
2021-02-19,San Francisco,075,870044,33866,33746,1023,34769,387
2021-02-19,San Joaquin,077,732212,66205,64774,2656,67430,988
2021-02-19,San Luis Obispo,079,281455,19529,19061,537,19598,230
2021-02-19,San Mateo,081,765935,39156,38256,394,38650,282
2021-02-19,Santa Barbara,083,443738,31909,31204,1014,32218,392
2021-02-19,Santa Clara,085,1922200,109180,108400,543,108943,1634
2021-02-19,Santa Cruz,087,273765,15290,14354,760,15114,176
2021-02-19,Shasta,089,179085,10862,10833,1184,12017,140
2021-02-19,Sierra,091,2930,51,47,12,59,0
2021-02-19,Siskiyou,093,43540,1466,1363,217,1580,4
2021-02-19,Solano,095,438530,29670,29383,343,29726,150
2021-02-19,Sonoma,097,501317,27722,27595,187,27782,280
2021-02-19,Stanislaus,099,539301,50159,49282,5192,54474,739
2021-02-19,Sutter,101,95872,8753,8665,77,8742,96
2021-02-19,Tehama,103,63373,4572,4535,480,5015,30
2021-02-19,Trinity,105,12862,462,282,70,352,3
2021-02-19,Tulare,107,460477,47904,46662,7682,54344,736
2021-02-19,Tuolumne,109,53932,3806,3817,36,3853,52
2021-02-19,Ventura,111,848112,77161,76582,2707,79289,667
2021-02-19,Yolo,113,214977,12743,12606,148,12754,183
2021-02-19,Yuba,115,75493,5447,5376,81,5457,38
2021-02-18,Alameda,001,1643700,79940,79111,1661,80772,1012
2021-02-18,Alpine,002,1148,78,77,0,77,0
2021-02-18,Amador,005,37829,3435,3417,28,3445,38
2021-02-18,Butte,007,227075,11219,10791,1600,12391,175
2021-02-18,Calaveras,009,45235,1884,1873,11,1884,21
2021-02-18,Colusa,011,21464,1865,1856,256,2112,11
2021-02-18,Contra Costa,013,1133247,62323,60868,1041,61909,640
2021-02-18,Del Norte,015,27424,982,929,4,933,2
2021-02-18,El Dorado,017,186661,9057,8850,601,9451,94
2021-02-18,Fresno,019,978130,95330,93734,7484,101218,1323
2021-02-18,Glenn,021,27897,2225,2195,482,2677,14
2021-02-18,Humboldt,023,135768,3083,3023,22,3045,29
2021-02-18,Imperial,025,180216,27134,26731,2402,29133,591
2021-02-18,Inyo,027,18085,1267,1213,8,1221,32
2021-02-18,Kern,029,883053,92565,90655,9486,100141,961
2021-02-18,Kings,031,150075,22095,21648,939,22587,211
2021-02-18,Lake,033,64148,3138,3066,6,3072,40
2021-02-18,Lassen,035,31185,5095,5052,92,5144,1
2021-02-18,Los Angeles,037,10098052,1167075,1141930,37601,1179531,19358
2021-02-18,Madera,039,155013,15451,15175,789,15964,188
2021-02-18,Marin,041,260295,13066,12895,150,13045,209
2021-02-18,Mariposa,043,17540,375,369,5,374,4
2021-02-18,Mendocino,045,87422,3606,3519,70,3589,39
2021-02-18,Merced,047,269075,28017,27870,868,28738,372
2021-02-18,Modoc,049,8938,331,327,111,438,3
2021-02-18,Mono,051,14174,1174,1182,16,1198,3
2021-02-18,Monterey,053,433212,41661,41091,1618,42709,307
2021-02-18,Napa,055,140530,8916,8877,30,8907,68
2021-02-18,Nevada,057,99092,3939,3836,154,3990,66
2021-02-18,Orange,059,3164182,245701,243098,9999,253097,3673
2021-02-18,Placer,061,380077,20327,19429,1071,20500,232
2021-02-18,Plumas,063,18699,638,624,10,634,4
2021-02-18,Riverside,065,2383286,283912,276595,13149,289744,3510
2021-02-18,Sacramento,067,1510023,93369,91476,1182,92658,1334
2021-02-18,San Benito,069,59416,5696,5697,83,5780,58
2021-02-18,San Bernardino,071,2135413,284745,278887,8406,287293,3066
2021-02-18,San Diego,073,3302833,261592,254987,12642,267629,3135
2021-02-18,San Francisco,075,870044,33808,33650,1020,34670,386
2021-02-18,San Joaquin,077,732212,66122,64634,2646,67280,982
2021-02-18,San Luis Obispo,079,281455,19487,18987,534,19521,230
2021-02-18,San Mateo,081,765935,39094,38185,390,38575,282
2021-02-18,Santa Barbara,083,443738,31831,31054,1007,32061,387
2021-02-18,Santa Clara,085,1922200,108955,108210,540,108750,1605
2021-02-18,Santa Cruz,087,273765,15264,14314,760,15074,176
2021-02-18,Shasta,089,179085,10844,10811,1181,11992,139
2021-02-18,Sierra,091,2930,50,47,12,59,0
2021-02-18,Siskiyou,093,43540,1461,1359,216,1575,4
2021-02-18,Solano,095,438530,29644,29349,342,29691,150
2021-02-18,Sonoma,097,501317,27655,27512,186,27698,281
2021-02-18,Stanislaus,099,539301,50059,49150,5175,54325,738
2021-02-18,Sutter,101,95872,8745,8654,77,8731,96
2021-02-18,Tehama,103,63373,4569,4528,480,5008,30
2021-02-18,Trinity,105,12862,461,282,70,352,3
2021-02-18,Tulare,107,460477,47841,46591,7643,54234,728
2021-02-18,Tuolumne,109,53932,3769,3811,36,3847,52
2021-02-18,Ventura,111,848112,77029,76442,2699,79141,659
2021-02-18,Yolo,113,214977,12717,12549,148,12697,183
2021-02-18,Yuba,115,75493,5430,5358,81,5439,38
2021-02-17,Alameda,001,1643700,79778,78895,1659,80554,1002
2021-02-17,Alpine,002,1148,78,77,0,77,0
2021-02-17,Amador,005,37829,3431,3415,28,3443,38
2021-02-17,Butte,007,227075,11201,10770,1596,12366,174
2021-02-17,Calaveras,009,45235,1884,1876,11,1887,21
2021-02-17,Colusa,011,21464,1862,1854,256,2110,10
2021-02-17,Contra Costa,013,1133247,62185,60723,1038,61761,635
2021-02-17,Del Norte,015,27424,975,920,4,924,2
2021-02-17,El Dorado,017,186661,9046,8847,601,9448,94
2021-02-17,Fresno,019,978130,95191,93555,7457,101012,1307
2021-02-17,Glenn,021,27897,2224,2189,481,2670,14
2021-02-17,Humboldt,023,135768,3068,3006,22,3028,29
2021-02-17,Imperial,025,180216,27120,26726,2398,29124,580
2021-02-17,Inyo,027,18085,1259,1197,8,1205,32
2021-02-17,Kern,029,883053,92447,90454,9442,99896,962
2021-02-17,Kings,031,150075,22057,21617,935,22552,211
2021-02-17,Lake,033,64148,3128,3057,2,3059,38
2021-02-17,Lassen,035,31185,5090,5052,91,5143,1
2021-02-17,Los Angeles,037,10098052,1166020,1139786,37540,1177326,19213
2021-02-17,Madera,039,155013,15426,15135,780,15915,177
2021-02-17,Marin,041,260295,13041,12881,150,13031,207
2021-02-17,Mariposa,043,17540,375,368,4,372,4
2021-02-17,Mendocino,045,87422,3604,3494,69,3563,39
2021-02-17,Merced,047,269075,27962,27824,859,28683,372
2021-02-17,Modoc,049,8938,331,327,111,438,3
2021-02-17,Mono,051,14174,1174,1180,16,1196,3
2021-02-17,Monterey,053,433212,41606,41014,1607,42621,304
2021-02-17,Napa,055,140530,8902,8865,30,8895,68
2021-02-17,Nevada,057,99092,3920,3822,151,3973,52
2021-02-17,Orange,059,3164182,245440,242716,9966,252682,3626
2021-02-17,Placer,061,380077,20293,19405,1067,20472,230
2021-02-17,Plumas,063,18699,637,623,10,633,4
2021-02-17,Riverside,065,2383286,283624,276289,13128,289417,3491
2021-02-17,Sacramento,067,1510023,93210,91309,1175,92484,1326
2021-02-17,San Benito,069,59416,5690,5661,83,5744,57
2021-02-17,San Bernardino,071,2135413,284542,278461,8386,286847,3020
2021-02-17,San Diego,073,3302833,261214,254177,12621,266798,3099
2021-02-17,San Francisco,075,870044,33732,33558,1015,34573,379
2021-02-17,San Joaquin,077,732212,66016,64556,2640,67196,979
2021-02-17,San Luis Obispo,079,281455,19442,18964,534,19498,230
2021-02-17,San Mateo,081,765935,39030,38124,390,38514,282
2021-02-17,Santa Barbara,083,443738,31763,30927,1006,31933,384
2021-02-17,Santa Clara,085,1922200,108723,107949,538,108487,1592
2021-02-17,Santa Cruz,087,273765,15231,14268,757,15025,174
2021-02-17,Shasta,089,179085,10824,10770,1180,11950,139
2021-02-17,Sierra,091,2930,50,47,12,59,0
2021-02-17,Siskiyou,093,43540,1455,1352,213,1565,4
2021-02-17,Solano,095,438530,29587,29288,342,29630,149
2021-02-17,Sonoma,097,501317,27583,27408,181,27589,281
2021-02-17,Stanislaus,099,539301,49946,49050,5159,54209,730
2021-02-17,Sutter,101,95872,8735,8681,77,8758,95
2021-02-17,Tehama,103,63373,4566,4511,480,4991,30
2021-02-17,Trinity,105,12862,461,277,68,345,3
2021-02-17,Tulare,107,460477,47775,46495,7618,54113,726
2021-02-17,Tuolumne,109,53932,3760,3806,36,3842,49
2021-02-17,Ventura,111,848112,76907,76234,2693,78927,646
2021-02-17,Yolo,113,214977,12698,12506,146,12652,182
2021-02-17,Yuba,115,75493,5421,5345,81,5426,38
2021-02-16,Alameda,001,1643700,79609,78756,1656,80412,997
2021-02-16,Alpine,002,1148,78,76,0,76,0
2021-02-16,Amador,005,37829,3424,3413,28,3441,39
2021-02-16,Butte,007,227075,11177,10748,1593,12341,164
2021-02-16,Calaveras,009,45235,1882,1872,11,1883,21
2021-02-16,Colusa,011,21464,1859,1852,254,2106,10
2021-02-16,Contra Costa,013,1133247,62034,60564,1033,61597,631
2021-02-16,Del Norte,015,27424,967,913,4,917,2
2021-02-16,El Dorado,017,186661,9036,8836,599,9435,94
2021-02-16,Fresno,019,978130,95025,93363,7427,100790,1293
2021-02-16,Glenn,021,27897,2220,2189,477,2666,14
2021-02-16,Humboldt,023,135768,3045,2994,21,3015,29
2021-02-16,Imperial,025,180216,27107,26711,2394,29105,580
2021-02-16,Inyo,027,18085,1251,1191,8,1199,32
2021-02-16,Kern,029,883053,92315,90267,9412,99679,959
2021-02-16,Kings,031,150075,22011,21583,931,22514,206
2021-02-16,Lake,033,64148,3121,3041,2,3043,38
2021-02-16,Lassen,035,31185,5078,5047,91,5138,1
2021-02-16,Los Angeles,037,10098052,1164766,1138262,37480,1175742,19044
2021-02-16,Madera,039,155013,15388,15120,775,15895,172
2021-02-16,Marin,041,260295,13013,12832,150,12982,205
2021-02-16,Mariposa,043,17540,375,367,4,371,4
2021-02-16,Mendocino,045,87422,3600,3489,69,3558,39
2021-02-16,Merced,047,269075,27881,27724,853,28577,368
2021-02-16,Modoc,049,8938,331,326,111,437,3
2021-02-16,Mono,051,14174,1174,1180,16,1196,3
2021-02-16,Monterey,053,433212,41530,40962,1598,42560,303
2021-02-16,Napa,055,140530,8889,8854,30,8884,66
2021-02-16,Nevada,057,99092,3907,3774,150,3924,47
2021-02-16,Orange,059,3164182,245119,242382,9950,252332,3612
2021-02-16,Placer,061,380077,20260,19367,1064,20431,230
2021-02-16,Plumas,063,18699,637,619,10,629,4
2021-02-16,Riverside,065,2383286,283317,275954,13106,289060,3471
2021-02-16,Sacramento,067,1510023,92956,91246,1169,92415,1305
2021-02-16,San Benito,069,59416,5682,5659,82,5741,56
2021-02-16,San Bernardino,071,2135413,284319,277947,8377,286324,2978
2021-02-16,San Diego,073,3302833,260749,253638,12582,266220,3042
2021-02-16,San Francisco,075,870044,33660,33491,1010,34501,373
2021-02-16,San Joaquin,077,732212,65886,64448,2637,67085,979
2021-02-16,San Luis Obispo,079,281455,19397,18925,531,19456,229
2021-02-16,San Mateo,081,765935,38971,38041,388,38429,277
2021-02-16,Santa Barbara,083,443738,31689,30865,1003,31868,378
2021-02-16,Santa Clara,085,1922200,108471,107754,535,108289,1591
2021-02-16,Santa Cruz,087,273765,15211,14256,756,15012,174
2021-02-16,Shasta,089,179085,10809,10736,1178,11914,139
2021-02-16,Sierra,091,2930,50,47,12,59,0
2021-02-16,Siskiyou,093,43540,1451,1351,213,1564,4
2021-02-16,Solano,095,438530,29549,29246,341,29587,148
2021-02-16,Sonoma,097,501317,27524,27380,175,27555,279
2021-02-16,Stanislaus,099,539301,49822,48927,5145,54072,716
2021-02-16,Sutter,101,95872,8712,8671,77,8748,95
2021-02-16,Tehama,103,63373,4557,4501,478,4979,30
2021-02-16,Trinity,105,12862,457,275,68,343,3
2021-02-16,Tulare,107,460477,47711,46444,7575,54019,716
2021-02-16,Tuolumne,109,53932,3758,3796,36,3832,49
2021-02-16,Ventura,111,848112,76765,76043,2690,78733,631
2021-02-16,Yolo,113,214977,12669,12457,146,12603,175
2021-02-16,Yuba,115,75493,5414,5332,80,5412,38
2021-02-15,Alameda,001,1643700,79412,78647,1645,80292,996
2021-02-15,Alpine,002,1148,78,76,0,76,0
2021-02-15,Amador,005,37829,3420,3409,28,3437,39
2021-02-15,Butte,007,227075,11159,10723,1589,12312,155
2021-02-15,Calaveras,009,45235,1878,1871,11,1882,21
2021-02-15,Colusa,011,21464,1859,1849,250,2099,10
2021-02-15,Contra Costa,013,1133247,61863,60444,1028,61472,631
2021-02-15,Del Norte,015,27424,963,913,4,917,2
2021-02-15,El Dorado,017,186661,9019,8816,599,9415,94
2021-02-15,Fresno,019,978130,94827,93231,7388,100619,1288
2021-02-15,Glenn,021,27897,2218,2185,476,2661,14
2021-02-15,Humboldt,023,135768,3038,2997,21,3018,29
2021-02-15,Imperial,025,180216,27087,26700,2391,29091,580
2021-02-15,Inyo,027,18085,1232,1184,8,1192,32
2021-02-15,Kern,029,883053,92170,90181,9381,99562,959
2021-02-15,Kings,031,150075,21966,21574,926,22500,205
2021-02-15,Lake,033,64148,3107,3030,1,3031,38
2021-02-15,Lassen,035,31185,5076,5047,90,5137,1
2021-02-15,Los Angeles,037,10098052,1163379,1137164,37420,1174584,18925
2021-02-15,Madera,039,155013,15357,15108,773,15881,106
2021-02-15,Marin,041,260295,12992,12810,147,12957,203
2021-02-15,Mariposa,043,17540,373,367,4,371,4
2021-02-15,Mendocino,045,87422,3588,3481,69,3550,39
2021-02-15,Merced,047,269075,27807,27656,846,28502,368
2021-02-15,Modoc,049,8938,331,326,111,437,3
2021-02-15,Mono,051,14174,1171,1178,16,1194,3
2021-02-15,Monterey,053,433212,41466,40911,1586,42497,302
2021-02-15,Napa,055,140530,8875,8837,30,8867,57
2021-02-15,Nevada,057,99092,3890,3767,149,3916,47
2021-02-15,Orange,059,3164182,244800,242176,9922,252098,3586
2021-02-15,Placer,061,380077,20234,19361,1063,20424,230
2021-02-15,Plumas,063,18699,637,620,10,630,4
2021-02-15,Riverside,065,2383286,282964,275771,13087,288858,3468
2021-02-15,Sacramento,067,1510023,92629,91091,1164,92255,1304
2021-02-15,San Benito,069,59416,5676,5649,82,5731,56
2021-02-15,San Bernardino,071,2135413,284068,277869,8369,286238,2945
2021-02-15,San Diego,073,3302833,260236,252940,12551,265491,3037
2021-02-15,San Francisco,075,870044,33587,33454,1004,34458,373
2021-02-15,San Joaquin,077,732212,65721,64382,2630,67012,979
2021-02-15,San Luis Obispo,079,281455,19344,18891,529,19420,227
2021-02-15,San Mateo,081,765935,38892,37969,385,38354,277
2021-02-15,Santa Barbara,083,443738,31586,30810,1000,31810,378
2021-02-15,Santa Clara,085,1922200,108241,107630,533,108163,1588
2021-02-15,Santa Cruz,087,273765,15179,14239,753,14992,175
2021-02-15,Shasta,089,179085,10789,10730,1173,11903,139
2021-02-15,Sierra,091,2930,50,47,12,59,0
2021-02-15,Siskiyou,093,43540,1443,1345,212,1557,4
2021-02-15,Solano,095,438530,29494,29225,341,29566,148
2021-02-15,Sonoma,097,501317,27440,27359,171,27530,276
2021-02-15,Stanislaus,099,539301,49695,48808,5132,53940,716
2021-02-15,Sutter,101,95872,8697,8652,77,8729,95
2021-02-15,Tehama,103,63373,4548,4492,477,4969,30
2021-02-15,Trinity,105,12862,456,274,68,342,3
2021-02-15,Tulare,107,460477,47640,46344,7536,53880,715
2021-02-15,Tuolumne,109,53932,3748,3794,36,3830,49
2021-02-15,Ventura,111,848112,76610,75889,2687,78576,629
2021-02-15,Yolo,113,214977,12633,12412,145,12557,175
2021-02-15,Yuba,115,75493,5397,5320,79,5399,38
2021-02-14,Alameda,001,1643700,79260,78442,1644,80086,995
2021-02-14,Alpine,002,1148,78,76,0,76,0
2021-02-14,Amador,005,37829,3415,3398,28,3426,39
2021-02-14,Butte,007,227075,11135,10717,1586,12303,155
2021-02-14,Calaveras,009,45235,1874,1866,11,1877,21
2021-02-14,Colusa,011,21464,1855,1845,247,2092,10
2021-02-14,Contra Costa,013,1133247,61712,60272,1025,61297,631
2021-02-14,Del Norte,015,27424,959,911,4,915,2
2021-02-14,El Dorado,017,186661,8987,8790,598,9388,94
2021-02-14,Fresno,019,978130,94656,93065,7365,100430,1287
2021-02-14,Glenn,021,27897,2215,2184,476,2660,14
2021-02-14,Humboldt,023,135768,3025,2992,21,3013,29
2021-02-14,Imperial,025,180216,27080,26696,2390,29086,580
2021-02-14,Inyo,027,18085,1226,1177,8,1185,32
2021-02-14,Kern,029,883053,92010,90038,9328,99366,959
2021-02-14,Kings,031,150075,21940,21538,924,22462,205
2021-02-14,Lake,033,64148,3096,3030,1,3031,38
2021-02-14,Lassen,035,31185,5072,5037,90,5127,1
2021-02-14,Los Angeles,037,10098052,1162033,1135450,37340,1172790,18898
2021-02-14,Madera,039,155013,15325,15089,769,15858,106
2021-02-14,Marin,041,260295,12968,12784,147,12931,201
2021-02-14,Mariposa,043,17540,373,365,4,369,4
2021-02-14,Mendocino,045,87422,3582,3475,69,3544,39
2021-02-14,Merced,047,269075,27725,27601,841,28442,368
2021-02-14,Modoc,049,8938,331,326,111,437,3
2021-02-14,Mono,051,14174,1170,1180,16,1196,3
2021-02-14,Monterey,053,433212,41415,40842,1581,42423,302
2021-02-14,Napa,055,140530,8855,8826,30,8856,57
2021-02-14,Nevada,057,99092,3874,3761,149,3910,47
2021-02-14,Orange,059,3164182,244491,241859,9904,251763,3564
2021-02-14,Placer,061,380077,20195,19313,1058,20371,230
2021-02-14,Plumas,063,18699,636,620,10,630,4
2021-02-14,Riverside,065,2383286,282633,275518,13068,288586,3471
2021-02-14,Sacramento,067,1510023,92422,90856,1160,92016,1304
2021-02-14,San Benito,069,59416,5667,5641,81,5722,56
2021-02-14,San Bernardino,071,2135413,283762,277664,8349,286013,2929
2021-02-14,San Diego,073,3302833,259744,252247,12504,264751,3037
2021-02-14,San Francisco,075,870044,33513,33374,996,34370,372
2021-02-14,San Joaquin,077,732212,65623,64243,2616,66859,979
2021-02-14,San Luis Obispo,079,281455,19306,18868,526,19394,225
2021-02-14,San Mateo,081,765935,38807,37859,385,38244,277
2021-02-14,Santa Barbara,083,443738,31494,30744,996,31740,377
2021-02-14,Santa Clara,085,1922200,108042,107412,529,107941,1582
2021-02-14,Santa Cruz,087,273765,15151,14225,748,14973,175
2021-02-14,Shasta,089,179085,10757,10720,1169,11889,139
2021-02-14,Sierra,091,2930,50,47,12,59,0
2021-02-14,Siskiyou,093,43540,1439,1340,212,1552,4
2021-02-14,Solano,095,438530,29452,29150,338,29488,148
2021-02-14,Sonoma,097,501317,27365,27266,169,27435,276
2021-02-14,Stanislaus,099,539301,49585,48672,5117,53789,716
2021-02-14,Sutter,101,95872,8674,8642,77,8719,95
2021-02-14,Tehama,103,63373,4542,4490,474,4964,30
2021-02-14,Trinity,105,12862,456,272,68,340,3
2021-02-14,Tulare,107,460477,47555,46263,7486,53749,715
2021-02-14,Tuolumne,109,53932,3747,3764,36,3800,49
2021-02-14,Ventura,111,848112,76441,75742,2676,78418,629
2021-02-14,Yolo,113,214977,12604,12399,144,12543,175
2021-02-14,Yuba,115,75493,5387,5314,79,5393,38
2021-02-13,Alameda,001,1643700,79138,78246,1641,79887,995
2021-02-13,Alpine,002,1148,78,76,0,76,0
2021-02-13,Amador,005,37829,3412,3387,28,3415,38
2021-02-13,Butte,007,227075,11119,10699,1584,12283,155
2021-02-13,Calaveras,009,45235,1871,1863,11,1874,21
2021-02-13,Colusa,011,21464,1855,1837,247,2084,10
2021-02-13,Contra Costa,013,1133247,61591,60100,1025,61125,629
2021-02-13,Del Norte,015,27424,957,908,4,912,2
2021-02-13,El Dorado,017,186661,8975,8758,597,9355,93
2021-02-13,Fresno,019,978130,94542,92807,7343,100150,1287
2021-02-13,Glenn,021,27897,2214,2182,474,2656,14
2021-02-13,Humboldt,023,135768,3012,2974,20,2994,29
2021-02-13,Imperial,025,180216,27073,26680,2388,29068,580
2021-02-13,Inyo,027,18085,1222,1168,8,1176,32
2021-02-13,Kern,029,883053,91921,89915,9302,99217,957
2021-02-13,Kings,031,150075,21925,21513,922,22435,205
2021-02-13,Lake,033,64148,3087,3025,1,3026,37
2021-02-13,Lassen,035,31185,5069,5028,90,5118,1
2021-02-13,Los Angeles,037,10098052,1161174,1133752,37295,1171047,18822
2021-02-13,Madera,039,155013,15316,15053,765,15818,106
2021-02-13,Marin,041,260295,12944,12757,147,12904,201
2021-02-13,Mariposa,043,17540,373,365,4,369,4
2021-02-13,Mendocino,045,87422,3572,3466,69,3535,38
2021-02-13,Merced,047,269075,27681,27541,838,28379,368
2021-02-13,Modoc,049,8938,331,325,111,436,3
2021-02-13,Mono,051,14174,1170,1176,16,1192,3
2021-02-13,Monterey,053,433212,41383,40731,1580,42311,301
2021-02-13,Napa,055,140530,8846,8809,30,8839,57
2021-02-13,Nevada,057,99092,3865,3742,148,3890,47
2021-02-13,Orange,059,3164182,244285,241545,9885,251430,3520
2021-02-13,Placer,061,380077,20175,19214,1058,20272,230
2021-02-13,Plumas,063,18699,636,616,10,626,4
2021-02-13,Riverside,065,2383286,282404,275276,13059,288335,3462
2021-02-13,Sacramento,067,1510023,92255,90401,1157,91558,1302
2021-02-13,San Benito,069,59416,5650,5633,81,5714,56
2021-02-13,San Bernardino,071,2135413,283610,277405,8336,285741,2899
2021-02-13,San Diego,073,3302833,259412,251679,12492,264171,3009
2021-02-13,San Francisco,075,870044,33463,33291,986,34277,364
2021-02-13,San Joaquin,077,732212,65554,64105,2606,66711,977
2021-02-13,San Luis Obispo,079,281455,19278,18803,520,19323,225
2021-02-13,San Mateo,081,765935,38754,37745,385,38130,277
2021-02-13,Santa Barbara,083,443738,31442,30594,995,31589,374
2021-02-13,Santa Clara,085,1922200,107853,107125,526,107651,1570
2021-02-13,Santa Cruz,087,273765,15124,14198,747,14945,173
2021-02-13,Shasta,089,179085,10744,10713,1164,11877,139
2021-02-13,Sierra,091,2930,50,47,12,59,0
2021-02-13,Siskiyou,093,43540,1436,1336,212,1548,4
2021-02-13,Solano,095,438530,29417,29084,338,29422,148
2021-02-13,Sonoma,097,501317,27317,27157,167,27324,276
2021-02-13,Stanislaus,099,539301,49514,48568,5111,53679,697
2021-02-13,Sutter,101,95872,8662,8626,77,8703,94
2021-02-13,Tehama,103,63373,4532,4484,473,4957,30
2021-02-13,Trinity,105,12862,455,272,67,339,3
2021-02-13,Tulare,107,460477,47504,46162,7455,53617,709
2021-02-13,Tuolumne,109,53932,3746,3752,36,3788,49
2021-02-13,Ventura,111,848112,76301,75481,2670,78151,618
2021-02-13,Yolo,113,214977,12591,12374,143,12517,175
2021-02-13,Yuba,115,75493,5379,5289,79,5368,38
2021-02-12,Alameda,001,1643700,78989,77958,1635,79593,974
2021-02-12,Alpine,002,1148,78,76,0,76,0
2021-02-12,Amador,005,37829,3408,3381,28,3409,38
2021-02-12,Butte,007,227075,11106,10655,1577,12232,155
2021-02-12,Calaveras,009,45235,1868,1860,11,1871,21
2021-02-12,Colusa,011,21464,1855,1836,247,2083,10
2021-02-12,Contra Costa,013,1133247,61441,59878,1021,60899,620
2021-02-12,Del Norte,015,27424,947,901,4,905,2
2021-02-12,El Dorado,017,186661,8960,8725,594,9319,92
2021-02-12,Fresno,019,978130,94388,92520,7323,99843,1273
2021-02-12,Glenn,021,27897,2211,2175,474,2649,14
2021-02-12,Humboldt,023,135768,3004,2961,20,2981,29
2021-02-12,Imperial,025,180216,27066,26646,2385,29031,585
2021-02-12,Inyo,027,18085,1216,1156,8,1164,32
2021-02-12,Kern,029,883053,91807,89532,9270,98802,949
2021-02-12,Kings,031,150075,21893,21462,917,22379,202
2021-02-12,Lake,033,64148,3082,3012,1,3013,36
2021-02-12,Lassen,035,31185,5067,5015,90,5105,1
2021-02-12,Los Angeles,037,10098052,1159961,1131185,37229,1168414,18637
2021-02-12,Madera,039,155013,15289,15022,762,15784,106
2021-02-12,Marin,041,260295,12918,12720,147,12867,200
2021-02-12,Mariposa,043,17540,372,365,4,369,4
2021-02-12,Mendocino,045,87422,3570,3447,69,3516,38
2021-02-12,Merced,047,269075,27630,27453,835,28288,367
2021-02-12,Modoc,049,8938,331,324,111,435,3
2021-02-12,Mono,051,14174,1169,1172,16,1188,3
2021-02-12,Monterey,053,433212,41335,40633,1571,42204,297
2021-02-12,Napa,055,140530,8834,8785,30,8815,55
2021-02-12,Nevada,057,99092,3860,3728,148,3876,47
2021-02-12,Orange,059,3164182,244046,241075,9870,250945,3505
2021-02-12,Placer,061,380077,20133,19174,1053,20227,230
2021-02-12,Plumas,063,18699,635,614,10,624,4
2021-02-12,Riverside,065,2383286,282126,274792,13044,287836,3438
2021-02-12,Sacramento,067,1510023,92053,90252,1156,91408,1295
2021-02-12,San Benito,069,59416,5634,5622,80,5702,56
2021-02-12,San Bernardino,071,2135413,283420,276890,8325,285215,2827
2021-02-12,San Diego,073,3302833,259023,250788,12466,263254,2979
2021-02-12,San Francisco,075,870044,33403,33179,982,34161,359
2021-02-12,San Joaquin,077,732212,65458,63966,2598,66564,975
2021-02-12,San Luis Obispo,079,281455,19237,18687,519,19206,224
2021-02-12,San Mateo,081,765935,38682,37560,385,37945,254
2021-02-12,Santa Barbara,083,443738,31371,30454,990,31444,372
2021-02-12,Santa Clara,085,1922200,107681,106759,523,107282,1543
2021-02-12,Santa Cruz,087,273765,15104,14147,747,14894,170
2021-02-12,Shasta,089,179085,10726,10693,1154,11847,142
2021-02-12,Sierra,091,2930,49,45,12,57,0
2021-02-12,Siskiyou,093,43540,1432,1324,209,1533,4
2021-02-12,Solano,095,438530,29385,28996,335,29331,147
2021-02-12,Sonoma,097,501317,27262,27064,163,27227,275
2021-02-12,Stanislaus,099,539301,49426,48418,5089,53507,697
2021-02-12,Sutter,101,95872,8649,8609,77,8686,93
2021-02-12,Tehama,103,63373,4525,4470,472,4942,27
2021-02-12,Trinity,105,12862,455,269,67,336,3
2021-02-12,Tulare,107,460477,47426,46016,7429,53445,710
2021-02-12,Tuolumne,109,53932,3743,3736,35,3771,49
2021-02-12,Ventura,111,848112,76131,75210,2664,77874,605
2021-02-12,Yolo,113,214977,12570,12340,143,12483,175
2021-02-12,Yuba,115,75493,5371,5274,79,5353,38
2021-02-11,Alameda,001,1643700,78763,77564,1630,79194,960
2021-02-11,Alpine,002,1148,77,76,0,76,0
2021-02-11,Amador,005,37829,3404,3368,28,3396,35
2021-02-11,Butte,007,227075,11083,10624,1576,12200,155
2021-02-11,Calaveras,009,45235,1865,1856,11,1867,21
2021-02-11,Colusa,011,21464,1850,1823,245,2068,10
2021-02-11,Contra Costa,013,1133247,61273,59633,1017,60650,605
2021-02-11,Del Norte,015,27424,942,894,4,898,2
2021-02-11,El Dorado,017,186661,8939,8698,594,9292,92
2021-02-11,Fresno,019,978130,94235,92168,7300,99468,1255
2021-02-11,Glenn,021,27897,2206,2166,473,2639,14
2021-02-11,Humboldt,023,135768,2991,2954,19,2973,29
2021-02-11,Imperial,025,180216,27042,26545,2383,28928,578
2021-02-11,Inyo,027,18085,1207,1144,8,1152,32
2021-02-11,Kern,029,883053,91616,89224,9227,98451,941
2021-02-11,Kings,031,150075,21863,21373,914,22287,202
2021-02-11,Lake,033,64148,3072,3002,1,3003,36
2021-02-11,Lassen,035,31185,5056,5004,87,5091,1
2021-02-11,Los Angeles,037,10098052,1158333,1128437,37158,1165595,18500
2021-02-11,Madera,039,155013,15268,14984,760,15744,106
2021-02-11,Marin,041,260295,12881,12682,147,12829,200
2021-02-11,Mariposa,043,17540,372,361,4,365,4
2021-02-11,Mendocino,045,87422,3563,3420,69,3489,38
2021-02-11,Merced,047,269075,27564,27325,831,28156,363
2021-02-11,Modoc,049,8938,330,317,111,428,3
2021-02-11,Mono,051,14174,1165,1173,16,1189,3
2021-02-11,Monterey,053,433212,41229,40469,1565,42034,295
2021-02-11,Napa,055,140530,8813,8777,30,8807,55
2021-02-11,Nevada,057,99092,3844,3720,148,3868,47
2021-02-11,Orange,059,3164182,243679,240590,9846,250436,3476
2021-02-11,Placer,061,380077,20093,19118,1052,20170,224
2021-02-11,Plumas,063,18699,634,592,10,602,4
2021-02-11,Riverside,065,2383286,281759,274313,13029,287342,3394
2021-02-11,Sacramento,067,1510023,91810,89988,1150,91138,1286
2021-02-11,San Benito,069,59416,5625,5609,80,5689,56
2021-02-11,San Bernardino,071,2135413,283122,276349,8311,284660,2774
2021-02-11,San Diego,073,3302833,258471,249971,12432,262403,2955
2021-02-11,San Francisco,075,870044,33320,33076,973,34049,356
2021-02-11,San Joaquin,077,732212,65290,63719,2588,66307,971
2021-02-11,San Luis Obispo,079,281455,19172,18615,515,19130,219
2021-02-11,San Mateo,081,765935,38590,37439,383,37822,253
2021-02-11,Santa Barbara,083,443738,31273,30375,985,31360,370
2021-02-11,Santa Clara,085,1922200,107421,106392,518,106910,1507
2021-02-11,Santa Cruz,087,273765,15081,14088,742,14830,165
2021-02-11,Shasta,089,179085,10702,10672,1150,11822,140
2021-02-11,Sierra,091,2930,49,45,12,57,0
2021-02-11,Siskiyou,093,43540,1417,1320,209,1529,4
2021-02-11,Solano,095,438530,29332,28885,335,29220,138
2021-02-11,Sonoma,097,501317,27177,26971,160,27131,272
2021-02-11,Stanislaus,099,539301,49281,48205,5077,53282,697
2021-02-11,Sutter,101,95872,8635,8590,76,8666,93
2021-02-11,Tehama,103,63373,4519,4463,472,4935,26
2021-02-11,Trinity,105,12862,455,269,67,336,3
2021-02-11,Tulare,107,460477,47331,45897,7390,53287,706
2021-02-11,Tuolumne,109,53932,3706,3716,35,3751,48
2021-02-11,Ventura,111,848112,75929,74959,2655,77614,590
2021-02-11,Yolo,113,214977,12546,12303,143,12446,173
2021-02-11,Yuba,115,75493,5357,5261,78,5339,38
2021-02-10,Alameda,001,1643700,78562,77344,1629,78973,944
2021-02-10,Alpine,002,1148,77,76,0,76,0
2021-02-10,Amador,005,37829,3392,3348,28,3376,35
2021-02-10,Butte,007,227075,11055,10594,1575,12169,155
2021-02-10,Calaveras,009,45235,1863,1850,11,1861,21
2021-02-10,Colusa,011,21464,1843,1815,243,2058,10
2021-02-10,Contra Costa,013,1133247,61098,59488,1015,60503,590
2021-02-10,Del Norte,015,27424,936,888,4,892,2
2021-02-10,El Dorado,017,186661,8908,8682,590,9272,87
2021-02-10,Fresno,019,978130,94060,91876,7275,99151,1247
2021-02-10,Glenn,021,27897,2202,2160,471,2631,14
2021-02-10,Humboldt,023,135768,2983,2924,19,2943,29
2021-02-10,Imperial,025,180216,27004,26522,2380,28902,578
2021-02-10,Inyo,027,18085,1195,1138,8,1146,30
2021-02-10,Kern,029,883053,91409,88933,9173,98106,926
2021-02-10,Kings,031,150075,21820,21294,912,22206,197
2021-02-10,Lake,033,64148,3059,2975,1,2976,36
2021-02-10,Lassen,035,31185,5052,4993,87,5080,1
2021-02-10,Los Angeles,037,10098052,1156585,1125437,37031,1162468,18338
2021-02-10,Madera,039,155013,15229,14925,758,15683,105
2021-02-10,Marin,041,260295,12844,12651,147,12798,199
2021-02-10,Mariposa,043,17540,370,360,4,364,4
2021-02-10,Mendocino,045,87422,3548,3395,69,3464,38
2021-02-10,Merced,047,269075,27481,27246,820,28066,359
2021-02-10,Modoc,049,8938,329,315,109,424,3
2021-02-10,Mono,051,14174,1160,1170,16,1186,3
2021-02-10,Monterey,053,433212,41152,40366,1551,41917,288
2021-02-10,Napa,055,140530,8794,8769,30,8799,55
2021-02-10,Nevada,057,99092,3829,3693,146,3839,47
2021-02-10,Orange,059,3164182,243261,239974,9815,249789,3439
2021-02-10,Placer,061,380077,20053,19062,1047,20109,220
2021-02-10,Plumas,063,18699,631,589,10,599,2
2021-02-10,Riverside,065,2383286,281331,273721,13019,286740,3374
2021-02-10,Sacramento,067,1510023,91559,89653,1146,90799,1275
2021-02-10,San Benito,069,59416,5611,5591,80,5671,55
2021-02-10,San Bernardino,071,2135413,282768,275616,8295,283911,2696
2021-02-10,San Diego,073,3302833,257889,248858,12394,261252,2904
2021-02-10,San Francisco,075,870044,33237,32955,970,33925,351
2021-02-10,San Joaquin,077,732212,65148,63484,2574,66058,954
2021-02-10,San Luis Obispo,079,281455,19093,18549,513,19062,216
2021-02-10,San Mateo,081,765935,38499,37323,383,37706,245
2021-02-10,Santa Barbara,083,443738,31182,30216,980,31196,359
2021-02-10,Santa Clara,085,1922200,107181,106048,515,106563,1489
2021-02-10,Santa Cruz,087,273765,15045,14007,740,14747,165
2021-02-10,Shasta,089,179085,10679,10645,1147,11792,142
2021-02-10,Sierra,091,2930,49,45,12,57,0
2021-02-10,Siskiyou,093,43540,1412,1314,208,1522,4
2021-02-10,Solano,095,438530,29256,28835,333,29168,137
2021-02-10,Sonoma,097,501317,27081,26881,158,27039,271
2021-02-10,Stanislaus,099,539301,49164,48016,5061,53077,696
2021-02-10,Sutter,101,95872,8618,8571,76,8647,93
2021-02-10,Tehama,103,63373,4511,4445,472,4917,23
2021-02-10,Trinity,105,12862,452,268,67,335,3
2021-02-10,Tulare,107,460477,47213,45782,7352,53134,696
2021-02-10,Tuolumne,109,53932,3698,3691,35,3726,48
2021-02-10,Ventura,111,848112,75701,74651,2638,77289,580
2021-02-10,Yolo,113,214977,12522,12276,143,12419,174
2021-02-10,Yuba,115,75493,5339,5241,78,5319,38
2021-02-09,Alameda,001,1643700,78300,77018,1625,78643,936
2021-02-09,Alpine,002,1148,77,76,0,76,0
2021-02-09,Amador,005,37829,3384,3347,28,3375,35
2021-02-09,Butte,007,227075,11029,10563,1572,12135,153
2021-02-09,Calaveras,009,45235,1859,1847,11,1858,21
2021-02-09,Colusa,011,21464,1834,1812,238,2050,10
2021-02-09,Contra Costa,013,1133247,60908,59307,1009,60316,583
2021-02-09,Del Norte,015,27424,930,886,4,890,2
2021-02-09,El Dorado,017,186661,8880,8663,588,9251,87
2021-02-09,Fresno,019,978130,93818,91730,7247,98977,1211
2021-02-09,Glenn,021,27897,2198,2156,471,2627,14
2021-02-09,Humboldt,023,135768,2975,2904,19,2923,29
2021-02-09,Imperial,025,180216,26974,26509,2377,28886,568
2021-02-09,Inyo,027,18085,1187,1137,8,1145,30
2021-02-09,Kern,029,883053,91157,88684,9126,97810,920
2021-02-09,Kings,031,150075,21778,21275,910,22185,196
2021-02-09,Lake,033,64148,3048,2955,1,2956,36
2021-02-09,Lassen,035,31185,5045,4983,87,5070,1
2021-02-09,Los Angeles,037,10098052,1154607,1122745,36950,1159695,18198
2021-02-09,Madera,039,155013,15209,14912,755,15667,105
2021-02-09,Marin,041,260295,12812,12623,146,12769,197
2021-02-09,Mariposa,043,17540,368,355,4,359,4
2021-02-09,Mendocino,045,87422,3530,3369,69,3438,38
2021-02-09,Merced,047,269075,27383,27166,815,27981,354
2021-02-09,Modoc,049,8938,328,316,109,425,3
2021-02-09,Mono,051,14174,1159,1167,16,1183,3
2021-02-09,Monterey,053,433212,41044,40279,1538,41817,285
2021-02-09,Napa,055,140530,8781,8749,30,8779,55
2021-02-09,Nevada,057,99092,3812,3687,146,3833,44
2021-02-09,Orange,059,3164182,242850,239169,9784,248953,3406
2021-02-09,Placer,061,380077,19988,19008,1040,20048,220
2021-02-09,Plumas,063,18699,631,584,10,594,2
2021-02-09,Riverside,065,2383286,280837,273465,13002,286467,3334
2021-02-09,Sacramento,067,1510023,91249,89378,1145,90523,1265
2021-02-09,San Benito,069,59416,5599,5566,79,5645,54
2021-02-09,San Bernardino,071,2135413,282397,274998,8282,283280,2613
2021-02-09,San Diego,073,3302833,257231,248048,12351,260399,2853
2021-02-09,San Francisco,075,870044,33157,32782,960,33742,349
2021-02-09,San Joaquin,077,732212,64973,63341,2569,65910,937
2021-02-09,San Luis Obispo,079,281455,19034,18489,512,19001,216
2021-02-09,San Mateo,081,765935,38368,37227,382,37609,235
2021-02-09,Santa Barbara,083,443738,31070,30118,974,31092,351
2021-02-09,Santa Clara,085,1922200,106875,105762,512,106274,1463
2021-02-09,Santa Cruz,087,273765,14994,13958,735,14693,162
2021-02-09,Shasta,089,179085,10651,10595,1145,11740,139
2021-02-09,Sierra,091,2930,49,44,12,56,0
2021-02-09,Siskiyou,093,43540,1404,1306,206,1512,4
2021-02-09,Solano,095,438530,29177,28769,330,29099,131
2021-02-09,Sonoma,097,501317,26991,26826,156,26982,267
2021-02-09,Stanislaus,099,539301,49004,47906,5046,52952,679
2021-02-09,Sutter,101,95872,8602,8541,76,8617,92
2021-02-09,Tehama,103,63373,4504,4416,471,4887,22
2021-02-09,Trinity,105,12862,452,266,67,333,3
2021-02-09,Tulare,107,460477,47079,45704,7300,53004,686
2021-02-09,Tuolumne,109,53932,3679,3673,35,3708,48
2021-02-09,Ventura,111,848112,75450,74333,2630,76963,567
2021-02-09,Yolo,113,214977,12480,12220,143,12363,174
2021-02-09,Yuba,115,75493,5330,5235,78,5313,35
2021-02-08,Alameda,001,1643700,78039,76735,1620,78355,924
2021-02-08,Alpine,002,1148,77,73,0,73,0
2021-02-08,Amador,005,37829,3377,3344,27,3371,33
2021-02-08,Butte,007,227075,11007,10524,1568,12092,152
2021-02-08,Calaveras,009,45235,1858,1840,11,1851,21
2021-02-08,Colusa,011,21464,1826,1802,234,2036,10
2021-02-08,Contra Costa,013,1133247,60697,59039,1007,60046,567
2021-02-08,Del Norte,015,27424,927,885,4,889,2
2021-02-08,El Dorado,017,186661,8848,8627,585,9212,86
2021-02-08,Fresno,019,978130,93606,91430,7222,98652,1207
2021-02-08,Glenn,021,27897,2194,2148,469,2617,14
2021-02-08,Humboldt,023,135768,2967,2902,19,2921,29
2021-02-08,Imperial,025,180216,26952,26526,2375,28901,567
2021-02-08,Inyo,027,18085,1174,1126,8,1134,30
2021-02-08,Kern,029,883053,90940,88380,9065,97445,920
2021-02-08,Kings,031,150075,21716,21232,907,22139,195
2021-02-08,Lake,033,64148,3029,2949,1,2950,36
2021-02-08,Lassen,035,31185,5032,4976,87,5063,1
2021-02-08,Los Angeles,037,10098052,1152511,1120179,36829,1157008,17977
2021-02-08,Madera,039,155013,15173,14887,748,15635,93
2021-02-08,Marin,041,260295,12782,12591,146,12737,194
2021-02-08,Mariposa,043,17540,368,355,4,359,4
2021-02-08,Mendocino,045,87422,3516,3355,69,3424,38
2021-02-08,Merced,047,269075,27300,27082,810,27892,346
2021-02-08,Modoc,049,8938,326,318,109,427,3
2021-02-08,Mono,051,14174,1159,1165,16,1181,3
2021-02-08,Monterey,053,433212,40924,40186,1519,41705,283
2021-02-08,Napa,055,140530,8766,8719,30,8749,55
2021-02-08,Nevada,057,99092,3800,3671,146,3817,44
2021-02-08,Orange,059,3164182,242382,238715,9761,248476,3361
2021-02-08,Placer,061,380077,19947,18944,1034,19978,211
2021-02-08,Plumas,063,18699,630,584,10,594,2
2021-02-08,Riverside,065,2383286,280269,272904,12976,285880,3301
2021-02-08,Sacramento,067,1510023,90963,89267,1142,90409,1247
2021-02-08,San Benito,069,59416,5594,5553,78,5631,52
2021-02-08,San Bernardino,071,2135413,281994,274661,8276,282937,2587
2021-02-08,San Diego,073,3302833,256487,247259,12310,259569,2821
2021-02-08,San Francisco,075,870044,33063,32679,952,33631,348
2021-02-08,San Joaquin,077,732212,64812,63148,2559,65707,929
2021-02-08,San Luis Obispo,079,281455,18977,18421,507,18928,214
2021-02-08,San Mateo,081,765935,38259,37084,382,37466,232
2021-02-08,Santa Barbara,083,443738,30955,29978,967,30945,340
2021-02-08,Santa Clara,085,1922200,106552,105413,504,105917,1456
2021-02-08,Santa Cruz,087,273765,14955,13921,729,14650,161
2021-02-08,Shasta,089,179085,10624,10574,1139,11713,137
2021-02-08,Sierra,091,2930,49,44,12,56,0
2021-02-08,Siskiyou,093,43540,1401,1303,206,1509,4
2021-02-08,Solano,095,438530,29111,28644,328,28972,130
2021-02-08,Sonoma,097,501317,26900,26760,155,26915,259
2021-02-08,Stanislaus,099,539301,48849,47704,5018,52722,679
2021-02-08,Sutter,101,95872,8583,8526,76,8602,92
2021-02-08,Tehama,103,63373,4494,4403,468,4871,22
2021-02-08,Trinity,105,12862,450,266,67,333,3
2021-02-08,Tulare,107,460477,46971,45617,7260,52877,673
2021-02-08,Tuolumne,109,53932,3671,3647,35,3682,48
2021-02-08,Ventura,111,848112,75193,74068,2625,76693,565
2021-02-08,Yolo,113,214977,12448,12169,142,12311,162
2021-02-08,Yuba,115,75493,5314,5215,78,5293,35
2021-02-07,Alameda,001,1643700,77738,76500,1612,78112,924
2021-02-07,Alpine,002,1148,74,72,0,72,0
2021-02-07,Amador,005,37829,3356,3343,27,3370,33
2021-02-07,Butte,007,227075,10975,10513,1560,12073,152
2021-02-07,Calaveras,009,45235,1854,1837,11,1848,21
2021-02-07,Colusa,011,21464,1815,1795,232,2027,10
2021-02-07,Contra Costa,013,1133247,60454,58836,1002,59838,566
2021-02-07,Del Norte,015,27424,923,881,4,885,2
2021-02-07,El Dorado,017,186661,8819,8596,583,9179,86
2021-02-07,Fresno,019,978130,93376,91184,7184,98368,1207
2021-02-07,Glenn,021,27897,2190,2141,464,2605,14
2021-02-07,Humboldt,023,135768,2946,2895,19,2914,28
2021-02-07,Imperial,025,180216,26923,26518,2370,28888,567
2021-02-07,Inyo,027,18085,1163,1124,8,1132,27
2021-02-07,Kern,029,883053,90692,88146,9007,97153,920
2021-02-07,Kings,031,150075,21655,21180,904,22084,192
2021-02-07,Lake,033,64148,3014,2940,1,2941,36
2021-02-07,Lassen,035,31185,5021,4973,87,5060,1
2021-02-07,Los Angeles,037,10098052,1149750,1117551,36706,1154257,17889
2021-02-07,Madera,039,155013,15139,14850,744,15594,93
2021-02-07,Marin,041,260295,12749,12571,144,12715,194
2021-02-07,Mariposa,043,17540,367,355,4,359,4
2021-02-07,Mendocino,045,87422,3499,3348,69,3417,38
2021-02-07,Merced,047,269075,27188,26977,798,27775,346
2021-02-07,Modoc,049,8938,326,317,105,422,3
2021-02-07,Mono,051,14174,1156,1165,16,1181,3
2021-02-07,Monterey,053,433212,40788,40113,1500,41613,283
2021-02-07,Napa,055,140530,8743,8701,30,8731,55
2021-02-07,Nevada,057,99092,3789,3643,146,3789,44
2021-02-07,Orange,059,3164182,241784,238155,9727,247882,3336
2021-02-07,Placer,061,380077,19900,18903,1021,19924,211
2021-02-07,Plumas,063,18699,630,584,10,594,2
2021-02-07,Riverside,065,2383286,279740,272301,12955,285256,3267
2021-02-07,Sacramento,067,1510023,90630,88919,1135,90054,1246
2021-02-07,San Benito,069,59416,5575,5548,77,5625,52
2021-02-07,San Bernardino,071,2135413,281401,274316,8251,282567,2587
2021-02-07,San Diego,073,3302833,255701,246561,12246,258807,2821
2021-02-07,San Francisco,075,870044,32943,32609,940,33549,348
2021-02-07,San Joaquin,077,732212,64538,63051,2545,65596,929
2021-02-07,San Luis Obispo,079,281455,18905,18349,500,18849,214
2021-02-07,San Mateo,081,765935,38125,36984,380,37364,232
2021-02-07,Santa Barbara,083,443738,30815,29815,955,30770,340
2021-02-07,Santa Clara,085,1922200,106213,105118,494,105612,1450
2021-02-07,Santa Cruz,087,273765,14901,13887,724,14611,161
2021-02-07,Shasta,089,179085,10605,10570,1131,11701,137
2021-02-07,Sierra,091,2930,49,43,12,55,0
2021-02-07,Siskiyou,093,43540,1394,1295,204,1499,4
2021-02-07,Solano,095,438530,29000,28567,327,28894,130
2021-02-07,Sonoma,097,501317,26793,26684,151,26835,257
2021-02-07,Stanislaus,099,539301,48659,47551,4986,52537,679
2021-02-07,Sutter,101,95872,8555,8515,76,8591,92
2021-02-07,Tehama,103,63373,4478,4396,467,4863,22
2021-02-07,Trinity,105,12862,447,264,65,329,3
2021-02-07,Tulare,107,460477,46848,45520,7182,52702,671
2021-02-07,Tuolumne,109,53932,3647,3619,34,3653,48
2021-02-07,Ventura,111,848112,74882,73759,2613,76372,561
2021-02-07,Yolo,113,214977,12402,12135,142,12277,162
2021-02-07,Yuba,115,75493,5299,5198,76,5274,35
2021-02-06,Alameda,001,1643700,77585,76170,1601,77771,922
2021-02-06,Alpine,002,1148,74,72,0,72,0
2021-02-06,Amador,005,37829,3350,3306,27,3333,33
2021-02-06,Butte,007,227075,10958,10480,1556,12036,150
2021-02-06,Calaveras,009,45235,1852,1832,11,1843,21
2021-02-06,Colusa,011,21464,1813,1791,231,2022,10
2021-02-06,Contra Costa,013,1133247,60307,58567,996,59563,566
2021-02-06,Del Norte,015,27424,919,879,4,883,2
2021-02-06,El Dorado,017,186661,8812,8575,579,9154,86
2021-02-06,Fresno,019,978130,93263,90944,7163,98107,1207
2021-02-06,Glenn,021,27897,2188,2136,463,2599,14
2021-02-06,Humboldt,023,135768,2935,2880,19,2899,28
2021-02-06,Imperial,025,180216,26911,26514,2369,28883,567
2021-02-06,Inyo,027,18085,1160,1113,8,1121,27
2021-02-06,Kern,029,883053,90538,87919,8961,96880,912
2021-02-06,Kings,031,150075,21624,21156,904,22060,190
2021-02-06,Lake,033,64148,3009,2920,1,2921,34
2021-02-06,Lassen,035,31185,5017,4964,86,5050,1
2021-02-06,Los Angeles,037,10098052,1148394,1114718,36609,1151327,17793
2021-02-06,Madera,039,155013,15118,14807,742,15549,93
2021-02-06,Marin,041,260295,12729,12531,144,12675,194
2021-02-06,Mariposa,043,17540,366,355,3,358,4
2021-02-06,Mendocino,045,87422,3481,3316,68,3384,38
2021-02-06,Merced,047,269075,27102,26881,790,27671,346
2021-02-06,Modoc,049,8938,326,313,105,418,3
2021-02-06,Mono,051,14174,1155,1159,16,1175,3
2021-02-06,Monterey,053,433212,40730,39995,1492,41487,282
2021-02-06,Napa,055,140530,8730,8639,30,8669,55
2021-02-06,Nevada,057,99092,3777,3624,146,3770,43
2021-02-06,Orange,059,3164182,241420,237391,9693,247084,3293
2021-02-06,Placer,061,380077,19863,18836,1018,19854,211
2021-02-06,Plumas,063,18699,630,584,10,594,2
2021-02-06,Riverside,065,2383286,279372,271741,12936,284677,3243
2021-02-06,Sacramento,067,1510023,90413,88532,1125,89657,1237
2021-02-06,San Benito,069,59416,5557,5516,77,5593,52
2021-02-06,San Bernardino,071,2135413,281092,273718,8229,281947,2564
2021-02-06,San Diego,073,3302833,255205,245331,12211,257542,2812
2021-02-06,San Francisco,075,870044,32869,32437,930,33367,346
2021-02-06,San Joaquin,077,732212,64459,62840,2534,65374,906
2021-02-06,San Luis Obispo,079,281455,18863,18284,496,18780,214
2021-02-06,San Mateo,081,765935,38057,36824,377,37201,232
2021-02-06,Santa Barbara,083,443738,30739,29645,953,30598,337
2021-02-06,Santa Clara,085,1922200,105991,104639,489,105128,1439
2021-02-06,Santa Cruz,087,273765,14870,13845,720,14565,161
2021-02-06,Shasta,089,179085,10594,10561,1129,11690,137
2021-02-06,Sierra,091,2930,49,43,12,55,0
2021-02-06,Siskiyou,093,43540,1391,1289,203,1492,4
2021-02-06,Solano,095,438530,28964,28446,326,28772,129
2021-02-06,Sonoma,097,501317,26756,26564,149,26713,257
2021-02-06,Stanislaus,099,539301,48563,47325,4971,52296,679
2021-02-06,Sutter,101,95872,8547,8485,76,8561,92
2021-02-06,Tehama,103,63373,4468,4380,466,4846,22
2021-02-06,Trinity,105,12862,447,263,65,328,3
2021-02-06,Tulare,107,460477,46780,45349,7137,52486,664
2021-02-06,Tuolumne,109,53932,3640,3612,34,3646,48
2021-02-06,Ventura,111,848112,74702,73431,2607,76038,552
2021-02-06,Yolo,113,214977,12379,12061,142,12203,161
2021-02-06,Yuba,115,75493,5289,5177,75,5252,35
2021-02-05,Alameda,001,1643700,77356,75716,1599,77315,916
2021-02-05,Alpine,002,1148,74,72,0,72,0
2021-02-05,Amador,005,37829,3345,3299,26,3325,33
2021-02-05,Butte,007,227075,10939,10421,1549,11970,150
2021-02-05,Calaveras,009,45235,1848,1818,11,1829,21
2021-02-05,Colusa,011,21464,1809,1785,231,2016,10
2021-02-05,Contra Costa,013,1133247,60146,58195,994,59189,560
2021-02-05,Del Norte,015,27424,918,874,4,878,2
2021-02-05,El Dorado,017,186661,8793,8527,577,9104,86
2021-02-05,Fresno,019,978130,93061,90513,7142,97655,1194
2021-02-05,Glenn,021,27897,2185,2122,458,2580,14
2021-02-05,Humboldt,023,135768,2925,2857,19,2876,28
2021-02-05,Imperial,025,180216,26892,26474,2368,28842,557
2021-02-05,Inyo,027,18085,1156,1104,8,1112,27
2021-02-05,Kern,029,883053,90369,87470,8895,96365,906
2021-02-05,Kings,031,150075,21586,21021,901,21922,190
2021-02-05,Lake,033,64148,2997,2906,1,2907,33
2021-02-05,Lassen,035,31185,5013,4936,86,5022,1
2021-02-05,Los Angeles,037,10098052,1146294,1110384,36478,1146862,17608
2021-02-05,Madera,039,155013,15084,14752,737,15489,95
2021-02-05,Marin,041,260295,12694,12479,144,12623,193
2021-02-05,Mariposa,043,17540,366,352,3,355,4
2021-02-05,Mendocino,045,87422,3467,3272,68,3340,38
2021-02-05,Merced,047,269075,27042,26760,789,27549,345
2021-02-05,Modoc,049,8938,326,312,105,417,3
2021-02-05,Mono,051,14174,1154,1157,16,1173,3
2021-02-05,Monterey,053,433212,40663,39840,1481,41321,281
2021-02-05,Napa,055,140530,8716,8598,30,8628,55
2021-02-05,Nevada,057,99092,3774,3607,146,3753,43
2021-02-05,Orange,059,3164182,240993,236335,9666,246001,3260
2021-02-05,Placer,061,380077,19827,18756,1016,19772,211
2021-02-05,Plumas,063,18699,628,578,10,588,2
2021-02-05,Riverside,065,2383286,278956,270666,12917,283583,3235
2021-02-05,Sacramento,067,1510023,90232,87992,1118,89110,1231
2021-02-05,San Benito,069,59416,5546,5502,77,5579,51
2021-02-05,San Bernardino,071,2135413,280747,272938,8213,281151,2495
2021-02-05,San Diego,073,3302833,254629,244066,12176,256242,2777
2021-02-05,San Francisco,075,870044,32779,32229,919,33148,337
2021-02-05,San Joaquin,077,732212,64310,62565,2526,65091,902
2021-02-05,San Luis Obispo,079,281455,18802,18152,492,18644,213
2021-02-05,San Mateo,081,765935,37974,36582,376,36958,227
2021-02-05,Santa Barbara,083,443738,30642,29455,940,30395,334
2021-02-05,Santa Clara,085,1922200,105743,104112,487,104599,1421
2021-02-05,Santa Cruz,087,273765,14849,13776,718,14494,161
2021-02-05,Shasta,089,179085,10578,10507,1122,11629,136
2021-02-05,Sierra,091,2930,49,42,12,54,0
2021-02-05,Siskiyou,093,43540,1384,1276,201,1477,4
2021-02-05,Solano,095,438530,28914,28283,326,28609,127
2021-02-05,Sonoma,097,501317,26687,26423,146,26569,252
2021-02-05,Stanislaus,099,539301,48418,47024,4953,51977,678
2021-02-05,Sutter,101,95872,8527,8443,76,8519,92
2021-02-05,Tehama,103,63373,4459,4355,465,4820,22
2021-02-05,Trinity,105,12862,446,260,65,325,3
2021-02-05,Tulare,107,460477,46703,45138,7089,52227,663
2021-02-05,Tuolumne,109,53932,3614,3595,34,3629,45
2021-02-05,Ventura,111,848112,74457,72953,2595,75548,546
2021-02-05,Yolo,113,214977,12361,12025,139,12164,162
2021-02-05,Yuba,115,75493,5272,5145,75,5220,35
2021-02-04,Alameda,001,1643700,77069,75422,1593,77015,899
2021-02-04,Alpine,002,1148,73,72,0,72,0
2021-02-04,Amador,005,37829,3342,3288,26,3314,33
2021-02-04,Butte,007,227075,10906,10386,1541,11927,147
2021-02-04,Calaveras,009,45235,1846,1808,11,1819,21
2021-02-04,Colusa,011,21464,1805,1777,229,2006,10
2021-02-04,Contra Costa,013,1133247,59958,57991,990,58981,550
2021-02-04,Del Norte,015,27424,912,870,4,874,2
2021-02-04,El Dorado,017,186661,8767,8490,574,9064,86
2021-02-04,Fresno,019,978130,92846,90126,7115,97241,1114
2021-02-04,Glenn,021,27897,2180,2102,457,2559,14
2021-02-04,Humboldt,023,135768,2915,2827,19,2846,28
2021-02-04,Imperial,025,180216,26846,26411,2366,28777,556
2021-02-04,Inyo,027,18085,1144,1084,8,1092,27
2021-02-04,Kern,029,883053,90095,87156,8819,95975,898
2021-02-04,Kings,031,150075,21536,20918,895,21813,187
2021-02-04,Lake,033,64148,2985,2882,1,2883,34
2021-02-04,Lassen,035,31185,5010,4927,86,5013,1
2021-02-04,Los Angeles,037,10098052,1143494,1106323,36351,1142674,17396
2021-02-04,Madera,039,155013,15053,14706,734,15440,95
2021-02-04,Marin,041,260295,12659,12431,144,12575,192
2021-02-04,Mariposa,043,17540,366,348,3,351,4
2021-02-04,Mendocino,045,87422,3449,3240,66,3306,38
2021-02-04,Merced,047,269075,26947,26629,786,27415,345
2021-02-04,Modoc,049,8938,326,309,105,414,3
2021-02-04,Mono,051,14174,1152,1153,16,1169,3
2021-02-04,Monterey,053,433212,40552,39619,1464,41083,279
2021-02-04,Napa,055,140530,8687,8573,30,8603,55
2021-02-04,Nevada,057,99092,3754,3590,145,3735,37
2021-02-04,Orange,059,3164182,240351,235677,9624,245301,3238
2021-02-04,Placer,061,380077,19767,18711,1007,19718,210
2021-02-04,Plumas,063,18699,625,562,10,572,2
2021-02-04,Riverside,065,2383286,278193,269851,12878,282729,3230
2021-02-04,Sacramento,067,1510023,89931,87658,1108,88766,1222
2021-02-04,San Benito,069,59416,5532,5488,76,5564,51
2021-02-04,San Bernardino,071,2135413,280198,272223,8193,280416,2409
2021-02-04,San Diego,073,3302833,253841,242613,12110,254723,2738
2021-02-04,San Francisco,075,870044,32666,32116,910,33026,326
2021-02-04,San Joaquin,077,732212,64085,62374,2518,64892,883
2021-02-04,San Luis Obispo,079,281455,18735,18058,490,18548,211
2021-02-04,San Mateo,081,765935,37853,36437,373,36810,226
2021-02-04,Santa Barbara,083,443738,30507,29344,923,30267,322
2021-02-04,Santa Clara,085,1922200,105400,103781,484,104265,1404
2021-02-04,Santa Cruz,087,273765,14816,13713,710,14423,156
2021-02-04,Shasta,089,179085,10552,10466,1117,11583,131
2021-02-04,Sierra,091,2930,49,42,12,54,0
2021-02-04,Siskiyou,093,43540,1375,1273,201,1474,4
2021-02-04,Solano,095,438530,28811,28192,325,28517,120
2021-02-04,Sonoma,097,501317,26605,26276,143,26419,249
2021-02-04,Stanislaus,099,539301,48257,46822,4934,51756,678
2021-02-04,Sutter,101,95872,8507,8401,76,8477,92
2021-02-04,Tehama,103,63373,4442,4327,464,4791,21
2021-02-04,Trinity,105,12862,445,260,64,324,3
2021-02-04,Tulare,107,460477,46576,44983,7031,52014,656
2021-02-04,Tuolumne,109,53932,3574,3585,34,3619,45
2021-02-04,Ventura,111,848112,74125,72595,2582,75177,537
2021-02-04,Yolo,113,214977,12327,11982,138,12120,161
2021-02-04,Yuba,115,75493,5246,5135,75,5210,34
2021-02-03,Alameda,001,1643700,76745,74968,1590,76558,880
2021-02-03,Alpine,002,1148,73,72,0,72,0
2021-02-03,Amador,005,37829,3338,3281,26,3307,33
2021-02-03,Butte,007,227075,10874,10355,1534,11889,144
2021-02-03,Calaveras,009,45235,1831,1799,11,1810,21
2021-02-03,Colusa,011,21464,1800,1773,228,2001,10
2021-02-03,Contra Costa,013,1133247,59717,57762,978,58740,537
2021-02-03,Del Norte,015,27424,907,869,4,873,2
2021-02-03,El Dorado,017,186661,8746,8428,573,9001,86
2021-02-03,Fresno,019,978130,92624,89748,7076,96824,1015
2021-02-03,Glenn,021,27897,2170,2098,456,2554,14
2021-02-03,Humboldt,023,135768,2905,2800,19,2819,27
2021-02-03,Imperial,025,180216,26810,26363,2360,28723,547
2021-02-03,Inyo,027,18085,1134,1071,8,1079,27
2021-02-03,Kern,029,883053,89852,86771,8778,95549,877
2021-02-03,Kings,031,150075,21475,20831,893,21724,172
2021-02-03,Lake,033,64148,2967,2869,1,2870,33
2021-02-03,Lassen,035,31185,4998,4910,86,4996,1
2021-02-03,Los Angeles,037,10098052,1140409,1101890,36231,1138121,17163
2021-02-03,Madera,039,155013,15013,14605,732,15337,94
2021-02-03,Marin,041,260295,12624,12406,144,12550,190
2021-02-03,Mariposa,043,17540,365,347,3,350,4
2021-02-03,Mendocino,045,87422,3423,3236,65,3301,38
2021-02-03,Merced,047,269075,26832,26520,782,27302,343
2021-02-03,Modoc,049,8938,325,308,105,413,3
2021-02-03,Mono,051,14174,1145,1146,16,1162,3
2021-02-03,Monterey,053,433212,40425,39500,1447,40947,279
2021-02-03,Napa,055,140530,8652,8534,30,8564,54
2021-02-03,Nevada,057,99092,3740,3572,145,3717,35
2021-02-03,Orange,059,3164182,239607,234738,9592,244330,3189
2021-02-03,Placer,061,380077,19712,18646,1005,19651,210
2021-02-03,Plumas,063,18699,625,559,10,569,2
2021-02-03,Riverside,065,2383286,277450,269019,12848,281867,3195
2021-02-03,Sacramento,067,1510023,89608,87415,1104,88519,1212
2021-02-03,San Benito,069,59416,5514,5463,73,5536,51
2021-02-03,San Bernardino,071,2135413,279712,271477,8170,279647,2308
2021-02-03,San Diego,073,3302833,252939,241015,12064,253079,2683
2021-02-03,San Francisco,075,870044,32536,31983,905,32888,325
2021-02-03,San Joaquin,077,732212,63857,61976,2508,64484,880
2021-02-03,San Luis Obispo,079,281455,18657,17922,487,18409,206
2021-02-03,San Mateo,081,765935,37715,36227,369,36596,225
2021-02-03,Santa Barbara,083,443738,30358,29121,914,30035,315
2021-02-03,Santa Clara,085,1922200,105084,103278,482,103760,1364
2021-02-03,Santa Cruz,087,273765,14761,13611,704,14315,154
2021-02-03,Shasta,089,179085,10509,10422,1112,11534,130
2021-02-03,Sierra,091,2930,49,42,12,54,0
2021-02-03,Siskiyou,093,43540,1364,1268,200,1468,4
2021-02-03,Solano,095,438530,28689,28057,325,28382,119
2021-02-03,Sonoma,097,501317,26521,26155,142,26297,248
2021-02-03,Stanislaus,099,539301,48081,46598,4915,51513,662
2021-02-03,Sutter,101,95872,8482,8379,76,8455,90
2021-02-03,Tehama,103,63373,4424,4309,461,4770,21
2021-02-03,Trinity,105,12862,445,260,63,323,3
2021-02-03,Tulare,107,460477,46405,44838,6975,51813,640
2021-02-03,Tuolumne,109,53932,3563,3568,34,3602,45
2021-02-03,Ventura,111,848112,73788,72124,2572,74696,526
2021-02-03,Yolo,113,214977,12302,11933,138,12071,161
2021-02-03,Yuba,115,75493,5228,5124,75,5199,34
2021-02-02,Alameda,001,1643700,76402,74642,1578,76220,869
2021-02-02,Alpine,002,1148,73,72,0,72,0
2021-02-02,Amador,005,37829,3307,3275,26,3301,33
2021-02-02,Butte,007,227075,10848,10307,1525,11832,141
2021-02-02,Calaveras,009,45235,1821,1786,11,1797,21
2021-02-02,Colusa,011,21464,1792,1769,223,1992,9
2021-02-02,Contra Costa,013,1133247,59437,57551,975,58526,536
2021-02-02,Del Norte,015,27424,901,868,4,872,2
2021-02-02,El Dorado,017,186661,8706,8405,573,8978,84
2021-02-02,Fresno,019,978130,92323,89542,7041,96583,1009
2021-02-02,Glenn,021,27897,2158,2090,453,2543,14
2021-02-02,Humboldt,023,135768,2893,2784,19,2803,25
2021-02-02,Imperial,025,180216,26757,26317,2354,28671,535
2021-02-02,Inyo,027,18085,1131,1074,8,1082,27
2021-02-02,Kern,029,883053,89549,86485,8702,95187,867
2021-02-02,Kings,031,150075,21397,20785,885,21670,172
2021-02-02,Lake,033,64148,2947,2857,1,2858,33
2021-02-02,Lassen,035,31185,4991,4908,86,4994,1
2021-02-02,Los Angeles,037,10098052,1137027,1097573,36071,1133644,16913
2021-02-02,Madera,039,155013,14962,14595,727,15322,94
2021-02-02,Marin,041,260295,12594,12367,144,12511,189
2021-02-02,Mariposa,043,17540,362,345,3,348,4
2021-02-02,Mendocino,045,87422,3390,3210,65,3275,38
2021-02-02,Merced,047,269075,26735,26427,776,27203,340
2021-02-02,Modoc,049,8938,320,306,105,411,3
2021-02-02,Mono,051,14174,1143,1147,16,1163,3
2021-02-02,Monterey,053,433212,40290,39371,1433,40804,278
2021-02-02,Napa,055,140530,8623,8505,30,8535,53
2021-02-02,Nevada,057,99092,3725,3548,145,3693,20
2021-02-02,Orange,059,3164182,238804,233783,9557,243340,3152
2021-02-02,Placer,061,380077,19653,18615,1001,19616,205
2021-02-02,Plumas,063,18699,625,560,10,570,2
2021-02-02,Riverside,065,2383286,276593,267901,12814,280715,3169
2021-02-02,Sacramento,067,1510023,89318,87107,1093,88200,1202
2021-02-02,San Benito,069,59416,5500,5444,72,5516,50
2021-02-02,San Bernardino,071,2135413,279035,270486,8141,278627,2244
2021-02-02,San Diego,073,3302833,251900,240047,11977,252024,2629
2021-02-02,San Francisco,075,870044,32382,31788,895,32683,324
2021-02-02,San Joaquin,077,732212,63636,61708,2495,64203,878
2021-02-02,San Luis Obispo,079,281455,18563,17811,485,18296,201
2021-02-02,San Mateo,081,765935,37551,36004,363,36367,225
2021-02-02,Santa Barbara,083,443738,30187,28951,907,29858,304
2021-02-02,Santa Clara,085,1922200,104619,102872,477,103349,1349
2021-02-02,Santa Cruz,087,273765,14702,13572,700,14272,150
2021-02-02,Shasta,089,179085,10483,10371,1102,11473,128
2021-02-02,Sierra,091,2930,49,42,12,54,0
2021-02-02,Siskiyou,093,43540,1357,1252,197,1449,4
2021-02-02,Solano,095,438530,28593,27963,321,28284,118
2021-02-02,Sonoma,097,501317,26405,26054,142,26196,247
2021-02-02,Stanislaus,099,539301,47862,46306,4883,51189,641
2021-02-02,Sutter,101,95872,8459,8340,76,8416,89
2021-02-02,Tehama,103,63373,4410,4289,460,4749,21
2021-02-02,Trinity,105,12862,445,260,63,323,3
2021-02-02,Tulare,107,460477,46248,44720,6910,51630,625
2021-02-02,Tuolumne,109,53932,3551,3548,34,3582,39
2021-02-02,Ventura,111,848112,73372,71557,2562,74119,514
2021-02-02,Yolo,113,214977,12257,11886,136,12022,158
2021-02-02,Yuba,115,75493,5210,5111,74,5185,34
2021-02-01,Alameda,001,1643700,76046,74374,1573,75947,858
2021-02-01,Alpine,002,1148,73,72,0,72,0
2021-02-01,Amador,005,37829,3296,3234,26,3260,32
2021-02-01,Butte,007,227075,10804,10263,1521,11784,141
2021-02-01,Calaveras,009,45235,1814,1785,11,1796,21
2021-02-01,Colusa,011,21464,1787,1763,214,1977,9
2021-02-01,Contra Costa,013,1133247,59195,57324,974,58298,531
2021-02-01,Del Norte,015,27424,897,865,4,869,2
2021-02-01,El Dorado,017,186661,8667,8337,573,8910,83
2021-02-01,Fresno,019,978130,91991,89272,7006,96278,994
2021-02-01,Glenn,021,27897,2142,2086,445,2531,14
2021-02-01,Humboldt,023,135768,2872,2773,18,2791,25
2021-02-01,Imperial,025,180216,26714,26224,2352,28576,530
2021-02-01,Inyo,027,18085,1121,1072,8,1080,27
2021-02-01,Kern,029,883053,89152,86170,8634,94804,862
2021-02-01,Kings,031,150075,21306,20746,877,21623,172
2021-02-01,Lake,033,64148,2931,2843,1,2844,33
2021-02-01,Lassen,035,31185,4971,4907,86,4993,1
2021-02-01,Los Angeles,037,10098052,1133198,1094341,35907,1130248,16695
2021-02-01,Madera,039,155013,14927,14572,724,15296,94
2021-02-01,Marin,041,260295,12555,12341,143,12484,188
2021-02-01,Mariposa,043,17540,360,344,3,347,4
2021-02-01,Mendocino,045,87422,3357,3192,65,3257,37
2021-02-01,Merced,047,269075,26611,26282,767,27049,337
2021-02-01,Modoc,049,8938,314,303,101,404,1
2021-02-01,Mono,051,14174,1140,1145,16,1161,3
2021-02-01,Monterey,053,433212,40106,39196,1412,40608,278
2021-02-01,Napa,055,140530,8590,8449,30,8479,52
2021-02-01,Nevada,057,99092,3708,3535,144,3679,20
2021-02-01,Orange,059,3164182,237890,233155,9512,242667,3100
2021-02-01,Placer,061,380077,19586,18574,994,19568,204
2021-02-01,Plumas,063,18699,623,554,10,564,2
2021-02-01,Riverside,065,2383286,275653,267025,12779,279804,3092
2021-02-01,Sacramento,067,1510023,88915,86856,1082,87938,1193
2021-02-01,San Benito,069,59416,5482,5432,72,5504,48
2021-02-01,San Bernardino,071,2135413,278340,270012,8102,278114,2172
2021-02-01,San Diego,073,3302833,250675,239121,11901,251022,2619
2021-02-01,San Francisco,075,870044,32247,31703,883,32586,324
2021-02-01,San Joaquin,077,732212,63430,61542,2484,64026,877
2021-02-01,San Luis Obispo,079,281455,18443,17690,478,18168,199
2021-02-01,San Mateo,081,765935,37402,35843,363,36206,220
2021-02-01,Santa Barbara,083,443738,30018,28837,899,29736,297
2021-02-01,Santa Clara,085,1922200,104202,102462,476,102938,1343
2021-02-01,Santa Cruz,087,273765,14649,13524,698,14222,149
2021-02-01,Shasta,089,179085,10458,10329,1096,11425,112
2021-02-01,Sierra,091,2930,49,42,12,54,0
2021-02-01,Siskiyou,093,43540,1350,1238,194,1432,4
2021-02-01,Solano,095,438530,28488,27844,320,28164,117
2021-02-01,Sonoma,097,501317,26317,26011,141,26152,243
2021-02-01,Stanislaus,099,539301,47605,46112,4855,50967,642
2021-02-01,Sutter,101,95872,8420,8313,76,8389,89
2021-02-01,Tehama,103,63373,4384,4263,460,4723,21
2021-02-01,Trinity,105,12862,443,260,63,323,3
2021-02-01,Tulare,107,460477,46103,44569,6830,51399,618
2021-02-01,Tuolumne,109,53932,3543,3534,34,3568,39
2021-02-01,Ventura,111,848112,72967,71104,2545,73649,502
2021-02-01,Yolo,113,214977,12210,11824,135,11959,151
2021-02-01,Yuba,115,75493,5196,5084,73,5157,33
2021-01-31,Alameda,001,1643700,75621,73979,1565,75544,857
2021-01-31,Alpine,002,1148,73,72,0,72,0
2021-01-31,Amador,005,37829,3286,3212,25,3237,32
2021-01-31,Butte,007,227075,10759,10215,1511,11726,140
2021-01-31,Calaveras,009,45235,1794,1778,11,1789,21
2021-01-31,Colusa,011,21464,1781,1754,209,1963,9
2021-01-31,Contra Costa,013,1133247,58864,57079,974,58053,531
2021-01-31,Del Norte,015,27424,895,865,4,869,2
2021-01-31,El Dorado,017,186661,8629,8317,571,8888,83
2021-01-31,Fresno,019,978130,91679,88852,6952,95804,994
2021-01-31,Glenn,021,27897,2132,2083,444,2527,14
2021-01-31,Humboldt,023,135768,2856,2767,18,2785,25
2021-01-31,Imperial,025,180216,26641,26206,2343,28549,530
2021-01-31,Inyo,027,18085,1108,1072,8,1080,27
2021-01-31,Kern,029,883053,88655,85872,8550,94422,861
2021-01-31,Kings,031,150075,21222,20709,865,21574,172
2021-01-31,Lake,033,64148,2910,2826,1,2827,33
2021-01-31,Lassen,035,31185,4955,4900,86,4986,1
2021-01-31,Los Angeles,037,10098052,1128565,1090304,35708,1126012,16609
2021-01-31,Madera,039,155013,14873,14496,716,15212,94
2021-01-31,Marin,041,260295,12508,12297,139,12436,185
2021-01-31,Mariposa,043,17540,358,344,3,347,4
2021-01-31,Mendocino,045,87422,3334,3181,64,3245,37
2021-01-31,Merced,047,269075,26469,26222,762,26984,337
2021-01-31,Modoc,049,8938,311,304,99,403,1
2021-01-31,Mono,051,14174,1137,1146,16,1162,3
2021-01-31,Monterey,053,433212,39927,39035,1385,40420,278
2021-01-31,Napa,055,140530,8549,8404,30,8434,52
2021-01-31,Nevada,057,99092,3686,3518,142,3660,20
2021-01-31,Orange,059,3164182,236873,232347,9472,241819,3053
2021-01-31,Placer,061,380077,19509,18506,983,19489,204
2021-01-31,Plumas,063,18699,622,554,10,564,2
2021-01-31,Riverside,065,2383286,274636,266145,12732,278877,3074
2021-01-31,Sacramento,067,1510023,88474,86560,1068,87628,1186
2021-01-31,San Benito,069,59416,5460,5425,70,5495,48
2021-01-31,San Bernardino,071,2135413,277338,269533,8073,277606,2156
2021-01-31,San Diego,073,3302833,249362,238039,11787,249826,2619
2021-01-31,San Francisco,075,870044,32057,31563,872,32435,323
2021-01-31,San Joaquin,077,732212,63029,61379,2475,63854,877
2021-01-31,San Luis Obispo,079,281455,18310,17615,473,18088,199
2021-01-31,San Mateo,081,765935,37212,35659,360,36019,219
2021-01-31,Santa Barbara,083,443738,29774,28570,890,29460,297
2021-01-31,Santa Clara,085,1922200,103667,101986,467,102453,1330
2021-01-31,Santa Cruz,087,273765,14554,13469,684,14153,149
2021-01-31,Shasta,089,179085,10413,10313,1088,11401,112
2021-01-31,Sierra,091,2930,48,43,12,55,0
2021-01-31,Siskiyou,093,43540,1340,1238,194,1432,4
2021-01-31,Solano,095,438530,28358,27678,320,27998,118
2021-01-31,Sonoma,097,501317,26214,25925,140,26065,243
2021-01-31,Stanislaus,099,539301,47321,45971,4825,50796,642
2021-01-31,Sutter,101,95872,8375,8289,76,8365,89
2021-01-31,Tehama,103,63373,4362,4256,459,4715,21
2021-01-31,Trinity,105,12862,441,260,63,323,3
2021-01-31,Tulare,107,460477,45935,44440,6751,51191,618
2021-01-31,Tuolumne,109,53932,3505,3519,34,3553,39
2021-01-31,Ventura,111,848112,72372,70635,2532,73167,502
2021-01-31,Yolo,113,214977,12151,11771,135,11906,151
2021-01-31,Yuba,115,75493,5176,5071,73,5144,33
2021-01-30,Alameda,001,1643700,75418,73622,1560,75182,850
2021-01-30,Alpine,002,1148,73,72,0,72,0
2021-01-30,Amador,005,37829,3282,3181,25,3206,32
2021-01-30,Butte,007,227075,10725,10177,1502,11679,139
2021-01-30,Calaveras,009,45235,1781,1763,11,1774,21
2021-01-30,Colusa,011,21464,1779,1748,209,1957,9
2021-01-30,Contra Costa,013,1133247,58685,56763,970,57733,531
2021-01-30,Del Norte,015,27424,894,865,4,869,2
2021-01-30,El Dorado,017,186661,8609,8299,570,8869,83
2021-01-30,Fresno,019,978130,91499,88476,6932,95408,964
2021-01-30,Glenn,021,27897,2129,2074,442,2516,14
2021-01-30,Humboldt,023,135768,2845,2742,18,2760,24
2021-01-30,Imperial,025,180216,26617,26160,2341,28501,530
2021-01-30,Inyo,027,18085,1104,1068,8,1076,27
2021-01-30,Kern,029,883053,88454,85572,8485,94057,848
2021-01-30,Kings,031,150075,21151,20605,860,21465,169
2021-01-30,Lake,033,64148,2904,2809,1,2810,33
2021-01-30,Lassen,035,31185,4951,4890,86,4976,1
2021-01-30,Los Angeles,037,10098052,1126168,1084763,35565,1120328,16484
2021-01-30,Madera,039,155013,14831,14443,711,15154,94
2021-01-30,Marin,041,260295,12481,12225,138,12363,185
2021-01-30,Mariposa,043,17540,356,344,3,347,4
2021-01-30,Mendocino,045,87422,3320,3153,63,3216,36
2021-01-30,Merced,047,269075,26395,26078,760,26838,335
2021-01-30,Modoc,049,8938,311,303,99,402,1
2021-01-30,Mono,051,14174,1137,1143,16,1159,3
2021-01-30,Monterey,053,433212,39867,38847,1383,40230,277
2021-01-30,Napa,055,140530,8533,8342,30,8372,52
2021-01-30,Nevada,057,99092,3667,3499,142,3641,20
2021-01-30,Orange,059,3164182,236328,231358,9436,240794,3013
2021-01-30,Placer,061,380077,19456,18430,977,19407,205
2021-01-30,Plumas,063,18699,620,554,10,564,2
2021-01-30,Riverside,065,2383286,274040,265137,12701,277838,3061
2021-01-30,Sacramento,067,1510023,88283,86388,1063,87451,1184
2021-01-30,San Benito,069,59416,5442,5401,69,5470,48
2021-01-30,San Bernardino,071,2135413,276910,268660,8053,276713,2122
2021-01-30,San Diego,073,3302833,248597,236765,11742,248507,2603
2021-01-30,San Francisco,075,870044,31956,31427,869,32296,316
2021-01-30,San Joaquin,077,732212,62897,61120,2466,63586,864
2021-01-30,San Luis Obispo,079,281455,18230,17522,472,17994,198
2021-01-30,San Mateo,081,765935,37073,35451,359,35810,219
2021-01-30,Santa Barbara,083,443738,29632,28342,888,29230,296
2021-01-30,Santa Clara,085,1922200,103338,101471,465,101936,1307
2021-01-30,Santa Cruz,087,273765,14514,13383,683,14066,149
2021-01-30,Shasta,089,179085,10394,10283,1085,11368,112
2021-01-30,Sierra,091,2930,48,43,12,55,0
2021-01-30,Siskiyou,093,43540,1337,1236,193,1429,4
2021-01-30,Solano,095,438530,28275,27511,319,27830,118
2021-01-30,Sonoma,097,501317,26166,25810,137,25947,243
2021-01-30,Stanislaus,099,539301,47191,45697,4798,50495,642
2021-01-30,Sutter,101,95872,8359,8226,76,8302,87
2021-01-30,Tehama,103,63373,4349,4229,458,4687,21
2021-01-30,Trinity,105,12862,441,259,63,322,3
2021-01-30,Tulare,107,460477,45799,44203,6715,50918,615
2021-01-30,Tuolumne,109,53932,3501,3508,34,3542,36
2021-01-30,Ventura,111,848112,72060,69931,2518,72449,493
2021-01-30,Yolo,113,214977,12137,11698,134,11832,151
2021-01-30,Yuba,115,75493,5166,5042,72,5114,33
2021-01-29,Alameda,001,1643700,75151,73210,1553,74763,841
2021-01-29,Alpine,002,1148,73,72,0,72,0
2021-01-29,Amador,005,37829,3270,3134,24,3158,32
2021-01-29,Butte,007,227075,10693,10122,1493,11615,138
2021-01-29,Calaveras,009,45235,1770,1757,11,1768,21
2021-01-29,Colusa,011,21464,1775,1734,208,1942,8
2021-01-29,Contra Costa,013,1133247,58518,56318,968,57286,529
2021-01-29,Del Norte,015,27424,893,865,4,869,2
2021-01-29,El Dorado,017,186661,8592,8231,569,8800,83
2021-01-29,Fresno,019,978130,91285,87936,6895,94831,962
2021-01-29,Glenn,021,27897,2124,2061,441,2502,14
2021-01-29,Humboldt,023,135768,2832,2707,18,2725,24
2021-01-29,Imperial,025,180216,26602,26045,2338,28383,521
2021-01-29,Inyo,027,18085,1092,1048,8,1056,27
2021-01-29,Kern,029,883053,88227,85044,8434,93478,836
2021-01-29,Kings,031,150075,21112,20466,855,21321,169
2021-01-29,Lake,033,64148,2894,2792,1,2793,32
2021-01-29,Lassen,035,31185,4948,4874,86,4960,1
2021-01-29,Los Angeles,037,10098052,1122671,1078329,35416,1113745,16190
2021-01-29,Madera,039,155013,14784,14377,711,15088,94
2021-01-29,Marin,041,260295,12436,12145,137,12282,185
2021-01-29,Mariposa,043,17540,355,342,3,345,4
2021-01-29,Mendocino,045,87422,3311,3131,62,3193,36
2021-01-29,Merced,047,269075,26321,25865,755,26620,334
2021-01-29,Modoc,049,8938,310,297,99,396,1
2021-01-29,Mono,051,14174,1135,1139,16,1155,3
2021-01-29,Monterey,053,433212,39754,38539,1375,39914,277
2021-01-29,Napa,055,140530,8502,8276,30,8306,52
2021-01-29,Nevada,057,99092,3658,3487,141,3628,20
2021-01-29,Orange,059,3164182,235652,229917,9399,239316,2967
2021-01-29,Placer,061,380077,19403,18367,973,19340,203
2021-01-29,Plumas,063,18699,619,548,10,558,2
2021-01-29,Riverside,065,2383286,273239,263504,12669,276173,3008
2021-01-29,Sacramento,067,1510023,88029,86320,1058,87378,1169
2021-01-29,San Benito,069,59416,5434,5386,69,5455,48
2021-01-29,San Bernardino,071,2135413,276392,267490,8015,275505,2095
2021-01-29,San Diego,073,3302833,247655,234637,11664,246301,2571
2021-01-29,San Francisco,075,870044,31817,31294,861,32155,307
2021-01-29,San Joaquin,077,732212,62753,60899,2452,63351,858
2021-01-29,San Luis Obispo,079,281455,18170,17440,467,17907,193
2021-01-29,San Mateo,081,765935,36940,35223,356,35579,218
2021-01-29,Santa Barbara,083,443738,29499,28105,882,28987,291
2021-01-29,Santa Clara,085,1922200,102983,101010,463,101473,1273
2021-01-29,Santa Cruz,087,273765,14461,13311,680,13991,148
2021-01-29,Shasta,089,179085,10378,10220,1081,11301,112
2021-01-29,Sierra,091,2930,48,43,12,55,0
2021-01-29,Siskiyou,093,43540,1336,1227,193,1420,4
2021-01-29,Solano,095,438530,28192,27352,317,27669,116
2021-01-29,Sonoma,097,501317,26110,25710,136,25846,243
2021-01-29,Stanislaus,099,539301,47048,45466,4776,50242,642
2021-01-29,Sutter,101,95872,8340,8181,76,8257,87
2021-01-29,Tehama,103,63373,4337,4191,456,4647,20
2021-01-29,Trinity,105,12862,441,260,63,323,3
2021-01-29,Tulare,107,460477,45692,43925,6676,50601,606
2021-01-29,Tuolumne,109,53932,3491,3483,34,3517,36
2021-01-29,Ventura,111,848112,71638,69511,2505,72016,484
2021-01-29,Yolo,113,214977,12099,11612,134,11746,151
2021-01-29,Yuba,115,75493,5151,5018,72,5090,32
2021-01-28,Alameda,001,1643700,74728,72758,1545,74303,833
2021-01-28,Alpine,002,1148,73,72,0,72,0
2021-01-28,Amador,005,37829,3233,3124,24,3148,31
2021-01-28,Butte,007,227075,10652,10037,1484,11521,138
2021-01-28,Calaveras,009,45235,1757,1747,10,1757,21
2021-01-28,Colusa,011,21464,1768,1731,204,1935,8
2021-01-28,Contra Costa,013,1133247,58275,55999,958,56957,525
2021-01-28,Del Norte,015,27424,892,862,4,866,2
2021-01-28,El Dorado,017,186661,8577,8198,564,8762,79
2021-01-28,Fresno,019,978130,90998,87401,6848,94249,949
2021-01-28,Glenn,021,27897,2119,2043,434,2477,14
2021-01-28,Humboldt,023,135768,2815,2686,18,2704,24
2021-01-28,Imperial,025,180216,26559,25984,2331,28315,517
2021-01-28,Inyo,027,18085,1087,1039,8,1047,27
2021-01-28,Kern,029,883053,87898,84708,8351,93059,817
2021-01-28,Kings,031,150075,21052,20328,852,21180,167
2021-01-28,Lake,033,64148,2879,2772,1,2773,32
2021-01-28,Lassen,035,31185,4942,4865,86,4951,1
2021-01-28,Los Angeles,037,10098052,1118758,1072412,35228,1107640,15967
2021-01-28,Madera,039,155013,14729,14301,707,15008,94
2021-01-28,Marin,041,260295,12387,12079,136,12215,183
2021-01-28,Mariposa,043,17540,355,334,3,337,4
2021-01-28,Mendocino,045,87422,3294,3110,62,3172,36
2021-01-28,Merced,047,269075,26199,25620,743,26363,328
2021-01-28,Modoc,049,8938,309,297,99,396,0
2021-01-28,Mono,051,14174,1133,1131,16,1147,3
2021-01-28,Monterey,053,433212,39560,38312,1356,39668,274
2021-01-28,Napa,055,140530,8455,8233,30,8263,50
2021-01-28,Nevada,057,99092,3643,3452,140,3592,19
2021-01-28,Orange,059,3164182,234677,228636,9369,238005,2860
2021-01-28,Placer,061,380077,19343,18246,970,19216,198
2021-01-28,Plumas,063,18699,618,547,10,557,2
2021-01-28,Riverside,065,2383286,272460,262342,12621,274963,2981
2021-01-28,Sacramento,067,1510023,87664,85698,1047,86745,1149
2021-01-28,San Benito,069,59416,5416,5344,68,5412,47
2021-01-28,San Bernardino,071,2135413,275690,266456,7994,274450,2057
2021-01-28,San Diego,073,3302833,246502,232967,11575,244542,2534
2021-01-28,San Francisco,075,870044,31680,31193,845,32038,290
2021-01-28,San Joaquin,077,732212,62491,60627,2438,63065,854
2021-01-28,San Luis Obispo,079,281455,18070,17279,465,17744,189
2021-01-28,San Mateo,081,765935,36771,34931,340,35271,218
2021-01-28,Santa Barbara,083,443738,29276,27674,869,28543,284
2021-01-28,Santa Clara,085,1922200,102527,100470,461,100931,1219
2021-01-28,Santa Cruz,087,273765,14372,13188,674,13862,145
2021-01-28,Shasta,089,179085,10344,10176,1073,11249,110
2021-01-28,Sierra,091,2930,48,43,12,55,0
2021-01-28,Siskiyou,093,43540,1329,1218,191,1409,4
2021-01-28,Solano,095,438530,28032,27163,316,27479,114
2021-01-28,Sonoma,097,501317,26019,25564,136,25700,236
2021-01-28,Stanislaus,099,539301,46840,45162,4757,49919,640
2021-01-28,Sutter,101,95872,8293,8136,76,8212,85
2021-01-28,Tehama,103,63373,4314,4163,453,4616,20
2021-01-28,Trinity,105,12862,439,260,63,323,3
2021-01-28,Tulare,107,460477,45537,43742,6601,50343,595
2021-01-28,Tuolumne,109,53932,3477,3472,34,3506,32
2021-01-28,Ventura,111,848112,71126,68896,2489,71385,475
2021-01-28,Yolo,113,214977,12056,11500,130,11630,151
2021-01-28,Yuba,115,75493,5135,4994,71,5065,32
2021-01-27,Alameda,001,1643700,74310,72188,1538,73726,815
2021-01-27,Alpine,002,1148,73,72,0,72,0
2021-01-27,Amador,005,37829,3217,3116,24,3140,31
2021-01-27,Butte,007,227075,10613,9988,1473,11461,138
2021-01-27,Calaveras,009,45235,1748,1737,10,1747,21
2021-01-27,Colusa,011,21464,1762,1724,202,1926,8
2021-01-27,Contra Costa,013,1133247,57979,55578,955,56533,507
2021-01-27,Del Norte,015,27424,891,859,4,863,2
2021-01-27,El Dorado,017,186661,8551,8141,563,8704,76
2021-01-27,Fresno,019,978130,90706,86886,6806,93692,938
2021-01-27,Glenn,021,27897,2115,2042,433,2475,14
2021-01-27,Humboldt,023,135768,2793,2630,18,2648,24
2021-01-27,Imperial,025,180216,26505,25861,2319,28180,504
2021-01-27,Inyo,027,18085,1083,1023,8,1031,27
2021-01-27,Kern,029,883053,87588,84244,8280,92524,809
2021-01-27,Kings,031,150075,20946,20211,844,21055,167
2021-01-27,Lake,033,64148,2859,2750,1,2751,32
2021-01-27,Lassen,035,31185,4936,4851,86,4937,1
2021-01-27,Los Angeles,037,10098052,1113945,1066569,35027,1101596,15757
2021-01-27,Madera,039,155013,14687,14194,702,14896,86
2021-01-27,Marin,041,260295,12349,12028,135,12163,180
2021-01-27,Mariposa,043,17540,355,333,3,336,4
2021-01-27,Mendocino,045,87422,3274,3095,62,3157,36
2021-01-27,Merced,047,269075,26040,25439,731,26170,315
2021-01-27,Modoc,049,8938,309,297,96,393,0
2021-01-27,Mono,051,14174,1131,1131,16,1147,3
2021-01-27,Monterey,053,433212,39353,38139,1337,39476,268
2021-01-27,Napa,055,140530,8382,8187,30,8217,46
2021-01-27,Nevada,057,99092,3621,3431,140,3571,18
2021-01-27,Orange,059,3164182,233560,227110,9317,236427,2832
2021-01-27,Placer,061,380077,19273,18106,959,19065,198
2021-01-27,Plumas,063,18699,618,544,10,554,2
2021-01-27,Riverside,065,2383286,271265,260796,12570,273366,2931
2021-01-27,Sacramento,067,1510023,87304,85428,1035,86463,1142
2021-01-27,San Benito,069,59416,5401,5284,68,5352,47
2021-01-27,San Bernardino,071,2135413,274836,265153,7961,273114,2019
2021-01-27,San Diego,073,3302833,245173,231478,11470,242948,2465
2021-01-27,San Francisco,075,870044,31535,31082,838,31920,287
2021-01-27,San Joaquin,077,732212,62221,60131,2418,62549,853
2021-01-27,San Luis Obispo,079,281455,17962,17119,461,17580,188
2021-01-27,San Mateo,081,765935,36616,34619,337,34956,216
2021-01-27,Santa Barbara,083,443738,29099,27435,863,28298,282
2021-01-27,Santa Clara,085,1922200,102112,99732,457,100189,1184
2021-01-27,Santa Cruz,087,273765,14302,13111,671,13782,143
2021-01-27,Shasta,089,179085,10310,10106,1067,11173,105
2021-01-27,Sierra,091,2930,48,44,12,56,0
2021-01-27,Siskiyou,093,43540,1324,1214,188,1402,4
2021-01-27,Solano,095,438530,27856,26982,309,27291,112
2021-01-27,Sonoma,097,501317,25921,25361,132,25493,237
2021-01-27,Stanislaus,099,539301,46656,44874,4732,49606,624
2021-01-27,Sutter,101,95872,8250,8093,76,8169,83
2021-01-27,Tehama,103,63373,4294,4133,449,4582,20
2021-01-27,Trinity,105,12862,439,260,63,323,3
2021-01-27,Tulare,107,460477,45350,43462,6531,49993,583
2021-01-27,Tuolumne,109,53932,3467,3464,34,3498,32
2021-01-27,Ventura,111,848112,70652,68291,2464,70755,468
2021-01-27,Yolo,113,214977,12009,11427,128,11555,151
2021-01-27,Yuba,115,75493,5119,4968,71,5039,32
2021-01-26,Alameda,001,1643700,73934,71851,1521,73372,789
2021-01-26,Alpine,002,1148,73,72,0,72,0
2021-01-26,Amador,005,37829,3206,3113,24,3137,31
2021-01-26,Butte,007,227075,10571,9943,1467,11410,136
2021-01-26,Calaveras,009,45235,1738,1723,10,1733,21
2021-01-26,Colusa,011,21464,1755,1719,199,1918,8
2021-01-26,Contra Costa,013,1133247,57705,55337,947,56284,491
2021-01-26,Del Norte,015,27424,890,856,4,860,2
2021-01-26,El Dorado,017,186661,8527,8115,561,8676,71
2021-01-26,Fresno,019,978130,90348,86673,6763,93436,923
2021-01-26,Glenn,021,27897,2105,2034,428,2462,13
2021-01-26,Humboldt,023,135768,2772,2612,17,2629,24
2021-01-26,Imperial,025,180216,26433,25812,2307,28119,498
2021-01-26,Inyo,027,18085,1077,1018,8,1026,27
2021-01-26,Kern,029,883053,87165,83868,8205,92073,790
2021-01-26,Kings,031,150075,20888,20156,839,20995,159
2021-01-26,Lake,033,64148,2851,2748,1,2749,32
2021-01-26,Lassen,035,31185,4930,4844,86,4930,1
2021-01-26,Los Angeles,037,10098052,1108653,1060492,34830,1095322,15458
2021-01-26,Madera,039,155013,14630,14130,696,14826,86
2021-01-26,Marin,041,260295,12305,11993,133,12126,179
2021-01-26,Mariposa,043,17540,353,332,3,335,3
2021-01-26,Mendocino,045,87422,3248,3076,61,3137,36
2021-01-26,Merced,047,269075,25900,25359,723,26082,309
2021-01-26,Modoc,049,8938,302,291,95,386,0
2021-01-26,Mono,051,14174,1129,1120,16,1136,3
2021-01-26,Monterey,053,433212,39159,37963,1317,39280,255
2021-01-26,Napa,055,140530,8325,8145,30,8175,43
2021-01-26,Nevada,057,99092,3614,3410,139,3549,18
2021-01-26,Orange,059,3164182,232436,225987,9271,235258,2760
2021-01-26,Placer,061,380077,19197,18016,957,18973,193
2021-01-26,Plumas,063,18699,616,536,10,546,2
2021-01-26,Riverside,065,2383286,269896,259399,12507,271906,2898
2021-01-26,Sacramento,067,1510023,86944,85062,1028,86090,1127
2021-01-26,San Benito,069,59416,5387,5251,67,5318,45
2021-01-26,San Bernardino,071,2135413,273841,263736,7919,271655,1970
2021-01-26,San Diego,073,3302833,243677,230063,11368,241431,2421
2021-01-26,San Francisco,075,870044,31403,30874,819,31693,286
2021-01-26,San Joaquin,077,732212,61969,59889,2402,62291,847
2021-01-26,San Luis Obispo,079,281455,17881,17016,458,17474,186
2021-01-26,San Mateo,081,765935,36422,34441,326,34767,213
2021-01-26,Santa Barbara,083,443738,28923,27321,851,28172,273
2021-01-26,Santa Clara,085,1922200,101633,99215,454,99669,1171
2021-01-26,Santa Cruz,087,273765,14236,13045,665,13710,134
2021-01-26,Shasta,089,179085,10275,10036,1059,11095,103
2021-01-26,Sierra,091,2930,48,43,12,55,0
2021-01-26,Siskiyou,093,43540,1309,1208,186,1394,4
2021-01-26,Solano,095,438530,27700,26858,302,27160,110
2021-01-26,Sonoma,097,501317,25802,25273,130,25403,236
2021-01-26,Stanislaus,099,539301,46474,44703,4692,49395,599
2021-01-26,Sutter,101,95872,8207,8067,76,8143,83
2021-01-26,Tehama,103,63373,4261,4115,449,4564,20
2021-01-26,Trinity,105,12862,439,260,63,323,3
2021-01-26,Tulare,107,460477,45147,43394,6463,49857,579
2021-01-26,Tuolumne,109,53932,3457,3451,34,3485,30
2021-01-26,Ventura,111,848112,70120,67526,2438,69964,448
2021-01-26,Yolo,113,214977,11965,11361,125,11486,148
2021-01-26,Yuba,115,75493,5094,4944,69,5013,31
2021-01-25,Alameda,001,1643700,73509,71255,1511,72766,780
2021-01-25,Alpine,002,1148,73,72,0,72,0
2021-01-25,Amador,005,37829,3166,3074,24,3098,30
2021-01-25,Butte,007,227075,10506,9865,1459,11324,133
2021-01-25,Calaveras,009,45235,1723,1713,10,1723,21
2021-01-25,Colusa,011,21464,1743,1709,195,1904,8
2021-01-25,Contra Costa,013,1133247,57353,54989,940,55929,488
2021-01-25,Del Norte,015,27424,890,855,4,859,2
2021-01-25,El Dorado,017,186661,8502,8060,560,8620,66
2021-01-25,Fresno,019,978130,89978,86336,6731,93067,913
2021-01-25,Glenn,021,27897,2096,2028,428,2456,13
2021-01-25,Humboldt,023,135768,2738,2587,17,2604,24
2021-01-25,Imperial,025,180216,26384,25745,2300,28045,491
2021-01-25,Inyo,027,18085,1071,1015,8,1023,27
2021-01-25,Kern,029,883053,86780,83401,8120,91521,787
2021-01-25,Kings,031,150075,20768,20067,835,20902,159
2021-01-25,Lake,033,64148,2833,2729,1,2730,32
2021-01-25,Lassen,035,31185,4903,4835,86,4921,1
2021-01-25,Los Angeles,037,10098052,1102689,1055181,34610,1089791,15163
2021-01-25,Madera,039,155013,14575,14068,691,14759,86
2021-01-25,Marin,041,260295,12256,11923,129,12052,177
2021-01-25,Mariposa,043,17540,350,331,3,334,3
2021-01-25,Mendocino,045,87422,3237,3054,61,3115,35
2021-01-25,Merced,047,269075,25761,25181,714,25895,305
2021-01-25,Modoc,049,8938,301,288,91,379,0
2021-01-25,Mono,051,14174,1126,1114,15,1129,3
2021-01-25,Monterey,053,433212,38907,37726,1298,39024,255
2021-01-25,Napa,055,140530,8291,8057,29,8086,43
2021-01-25,Nevada,057,99092,3600,3365,139,3504,18
2021-01-25,Orange,059,3164182,231227,225105,9226,234331,2696
2021-01-25,Placer,061,380077,19107,17936,942,18878,193
2021-01-25,Plumas,063,18699,613,533,10,543,2
2021-01-25,Riverside,065,2383286,268159,258082,12454,270536,2789
2021-01-25,Sacramento,067,1510023,86501,84653,1020,85673,1118
2021-01-25,San Benito,069,59416,5352,5238,66,5304,43
2021-01-25,San Bernardino,071,2135413,272915,263174,7883,271057,1947
2021-01-25,San Diego,073,3302833,242063,228630,11296,239926,2375
2021-01-25,San Francisco,075,870044,31257,30734,796,31530,288
2021-01-25,San Joaquin,077,732212,61678,59291,2377,61668,838
2021-01-25,San Luis Obispo,079,281455,17747,16868,453,17321,179
2021-01-25,San Mateo,081,765935,36189,34187,320,34507,213
2021-01-25,Santa Barbara,083,443738,28689,27065,841,27906,269
2021-01-25,Santa Clara,085,1922200,101109,98647,446,99093,1143
2021-01-25,Santa Cruz,087,273765,14149,12973,661,13634,133
2021-01-25,Shasta,089,179085,10234,9991,1048,11039,103
2021-01-25,Sierra,091,2930,48,42,12,54,0
2021-01-25,Siskiyou,093,43540,1301,1205,183,1388,4
2021-01-25,Solano,095,438530,27532,26648,301,26949,109
2021-01-25,Sonoma,097,501317,25695,25160,128,25288,233
2021-01-25,Stanislaus,099,539301,46228,44293,4650,48943,599
2021-01-25,Sutter,101,95872,8164,8023,76,8099,83
2021-01-25,Tehama,103,63373,4234,4082,445,4527,20
2021-01-25,Trinity,105,12862,439,262,63,325,3
2021-01-25,Tulare,107,460477,44930,43124,6361,49485,578
2021-01-25,Tuolumne,109,53932,3448,3422,34,3456,29
2021-01-25,Ventura,111,848112,69499,66910,2422,69332,439
2021-01-25,Yolo,113,214977,11881,11276,124,11400,140
2021-01-25,Yuba,115,75493,5073,4900,67,4967,31
2021-01-24,Alameda,001,1643700,73008,70823,1500,72323,780
2021-01-24,Alpine,002,1148,73,72,0,72,0
2021-01-24,Amador,005,37829,3133,3054,24,3078,30
2021-01-24,Butte,007,227075,10422,9820,1443,11263,133
2021-01-24,Calaveras,009,45235,1710,1704,10,1714,21
2021-01-24,Colusa,011,21464,1732,1689,189,1878,8
2021-01-24,Contra Costa,013,1133247,56967,54694,928,55622,488
2021-01-24,Del Norte,015,27424,886,855,4,859,2
2021-01-24,El Dorado,017,186661,8467,8003,556,8559,66
2021-01-24,Fresno,019,978130,89539,85808,6692,92500,911
2021-01-24,Glenn,021,27897,2088,2026,427,2453,13
2021-01-24,Humboldt,023,135768,2699,2562,17,2579,24
2021-01-24,Imperial,025,180216,26289,25707,2279,27986,488
2021-01-24,Inyo,027,18085,1055,1007,8,1015,27
2021-01-24,Kern,029,883053,86345,83125,8013,91138,785
2021-01-24,Kings,031,150075,20640,19988,819,20807,159
2021-01-24,Lake,033,64148,2816,2724,0,2724,32
2021-01-24,Lassen,035,31185,4892,4828,83,4911,1
2021-01-24,Los Angeles,037,10098052,1096269,1048757,34307,1083064,15119
2021-01-24,Madera,039,155013,14492,14000,685,14685,86
2021-01-24,Marin,041,260295,12192,11872,128,12000,177
2021-01-24,Mariposa,043,17540,346,322,3,325,3
2021-01-24,Mendocino,045,87422,3216,3037,60,3097,33
2021-01-24,Merced,047,269075,25550,25047,705,25752,305
2021-01-24,Modoc,049,8938,301,285,91,376,0
2021-01-24,Mono,051,14174,1119,1113,15,1128,3
2021-01-24,Monterey,053,433212,38635,37527,1264,38791,254
2021-01-24,Napa,055,140530,8249,8005,29,8034,43
2021-01-24,Nevada,057,99092,3558,3349,137,3486,18
2021-01-24,Orange,059,3164182,229794,223853,9157,233010,2632
2021-01-24,Placer,061,380077,18994,17839,922,18761,193
2021-01-24,Plumas,063,18699,610,532,10,542,2
2021-01-24,Riverside,065,2383286,266519,256767,12378,269145,2761
2021-01-24,Sacramento,067,1510023,85948,84110,1012,85122,1112
2021-01-24,San Benito,069,59416,5310,5223,63,5286,43
2021-01-24,San Bernardino,071,2135413,271602,262370,7831,270201,1935
2021-01-24,San Diego,073,3302833,240369,227193,11165,238358,2375
2021-01-24,San Francisco,075,870044,31066,30559,775,31334,275
2021-01-24,San Joaquin,077,732212,61253,59021,2363,61384,838
2021-01-24,San Luis Obispo,079,281455,17622,16758,451,17209,179
2021-01-24,San Mateo,081,765935,35944,33956,314,34270,213
2021-01-24,Santa Barbara,083,443738,28374,26735,831,27566,269
2021-01-24,Santa Clara,085,1922200,100474,98103,441,98544,1109
2021-01-24,Santa Cruz,087,273765,14063,12905,653,13558,133
2021-01-24,Shasta,089,179085,10163,9978,1039,11017,103
2021-01-24,Sierra,091,2930,47,42,12,54,0
2021-01-24,Siskiyou,093,43540,1294,1195,183,1378,4
2021-01-24,Solano,095,438530,27346,26515,297,26812,109
2021-01-24,Sonoma,097,501317,25533,25045,127,25172,233
2021-01-24,Stanislaus,099,539301,45919,44031,4591,48622,599
2021-01-24,Sutter,101,95872,8100,7980,76,8056,83
2021-01-24,Tehama,103,63373,4194,4062,442,4504,20
2021-01-24,Trinity,105,12862,439,262,63,325,3
2021-01-24,Tulare,107,460477,44709,43006,6272,49278,577
2021-01-24,Tuolumne,109,53932,3437,3416,34,3450,29
2021-01-24,Ventura,111,848112,68809,66347,2400,68747,439
2021-01-24,Yolo,113,214977,11798,11210,120,11330,140
2021-01-24,Yuba,115,75493,5033,4875,66,4941,31
2021-01-23,Alameda,001,1643700,72760,70080,1494,71574,780
2021-01-23,Alpine,002,1148,73,72,0,72,0
2021-01-23,Amador,005,37829,3130,3049,24,3073,30
2021-01-23,Butte,007,227075,10393,9757,1440,11197,133
2021-01-23,Calaveras,009,45235,1707,1695,10,1705,21
2021-01-23,Colusa,011,21464,1728,1672,188,1860,8
2021-01-23,Contra Costa,013,1133247,56754,54162,922,55084,487
2021-01-23,Del Norte,015,27424,884,855,4,859,2
2021-01-23,El Dorado,017,186661,8451,7984,554,8538,66
2021-01-23,Fresno,019,978130,89352,85274,6663,91937,910
2021-01-23,Glenn,021,27897,2085,2015,423,2438,13
2021-01-23,Humboldt,023,135768,2680,2493,16,2509,23
2021-01-23,Imperial,025,180216,26255,25581,2267,27848,487
2021-01-23,Inyo,027,18085,1046,987,8,995,27
2021-01-23,Kern,029,883053,86102,82602,7945,90547,783
2021-01-23,Kings,031,150075,20596,19904,817,20721,159
2021-01-23,Lake,033,64148,2807,2673,0,2673,32
2021-01-23,Lassen,035,31185,4891,4816,80,4896,1
2021-01-23,Los Angeles,037,10098052,1093030,1040961,34149,1075110,15034
2021-01-23,Madera,039,155013,14455,13858,683,14541,86
2021-01-23,Marin,041,260295,12136,11796,126,11922,177
2021-01-23,Mariposa,043,17540,346,323,3,326,3
2021-01-23,Mendocino,045,87422,3202,2991,60,3051,32
2021-01-23,Merced,047,269075,25458,24787,691,25478,303
2021-01-23,Modoc,049,8938,301,285,91,376,0
2021-01-23,Mono,051,14174,1117,1111,15,1126,3
2021-01-23,Monterey,053,433212,38552,37165,1259,38424,253
2021-01-23,Napa,055,140530,8224,7893,29,7922,43
2021-01-23,Nevada,057,99092,3547,3332,136,3468,18
2021-01-23,Orange,059,3164182,229025,221722,9117,230839,2618
2021-01-23,Placer,061,380077,18944,17617,917,18534,193
2021-01-23,Plumas,063,18699,609,528,10,538,2
2021-01-23,Riverside,065,2383286,265620,253636,12328,265964,2733
2021-01-23,Sacramento,067,1510023,85720,83408,1009,84417,1108
2021-01-23,San Benito,069,59416,5286,5166,62,5228,43
2021-01-23,San Bernardino,071,2135413,271045,260381,7801,268182,1922
2021-01-23,San Diego,073,3302833,239308,225556,11093,236649,2344
2021-01-23,San Francisco,075,870044,30961,30308,745,31053,268
2021-01-23,San Joaquin,077,732212,61125,58164,2353,60517,836
2021-01-23,San Luis Obispo,079,281455,17558,16652,448,17100,176
2021-01-23,San Mateo,081,765935,35768,33696,303,33999,213
2021-01-23,Santa Barbara,083,443738,28189,26234,822,27056,264
2021-01-23,Santa Clara,085,1922200,100115,97189,440,97629,1086
2021-01-23,Santa Cruz,087,273765,14005,12771,650,13421,127
2021-01-23,Shasta,089,179085,10134,9951,1038,10989,103
2021-01-23,Sierra,091,2930,47,41,12,53,0
2021-01-23,Siskiyou,093,43540,1285,1190,182,1372,4
2021-01-23,Solano,095,438530,27253,26261,295,26556,107
2021-01-23,Sonoma,097,501317,25453,24790,127,24917,232
2021-01-23,Stanislaus,099,539301,45752,43723,4560,48283,599
2021-01-23,Sutter,101,95872,8082,7943,75,8018,80
2021-01-23,Tehama,103,63373,4175,4006,441,4447,20
2021-01-23,Trinity,105,12862,439,262,63,325,3
2021-01-23,Tulare,107,460477,44556,42661,6212,48873,575
2021-01-23,Tuolumne,109,53932,3430,3407,34,3441,29
2021-01-23,Ventura,111,848112,68353,65581,2377,67958,438
2021-01-23,Yolo,113,214977,11757,11087,118,11205,141
2021-01-23,Yuba,115,75493,5021,4831,65,4896,30
2021-01-22,Alameda,001,1643700,72442,69693,1487,71180,751
2021-01-22,Alpine,002,1148,73,71,0,71,0
2021-01-22,Amador,005,37829,3125,3042,24,3066,30
2021-01-22,Butte,007,227075,10349,9711,1427,11138,133
2021-01-22,Calaveras,009,45235,1698,1672,10,1682,21
2021-01-22,Colusa,011,21464,1726,1668,188,1856,7
2021-01-22,Contra Costa,013,1133247,56516,53887,916,54803,485
2021-01-22,Del Norte,015,27424,883,852,4,856,2
2021-01-22,El Dorado,017,186661,8418,7877,551,8428,64
2021-01-22,Fresno,019,978130,89012,84744,6635,91379,892
2021-01-22,Glenn,021,27897,2080,1985,417,2402,13
2021-01-22,Humboldt,023,135768,2656,2452,16,2468,23
2021-01-22,Imperial,025,180216,26221,25562,2252,27814,474
2021-01-22,Inyo,027,18085,1035,961,8,969,26
2021-01-22,Kern,029,883053,85805,82101,7869,89970,771
2021-01-22,Kings,031,150075,20520,19760,813,20573,159
2021-01-22,Lake,033,64148,2795,2681,0,2681,32
2021-01-22,Lassen,035,31185,4882,4765,79,4844,1
2021-01-22,Los Angeles,037,10098052,1088560,1031177,33962,1065139,14777
2021-01-22,Madera,039,155013,14395,13781,682,14463,86
2021-01-22,Marin,041,260295,12099,11769,124,11893,177
2021-01-22,Mariposa,043,17540,346,323,3,326,3
2021-01-22,Mendocino,045,87422,3177,2994,59,3053,32
2021-01-22,Merced,047,269075,25335,24616,684,25300,290
2021-01-22,Modoc,049,8938,301,285,91,376,0
2021-01-22,Mono,051,14174,1117,1108,15,1123,3
2021-01-22,Monterey,053,433212,38399,36909,1254,38163,253
2021-01-22,Napa,055,140530,8180,7828,29,7857,40
2021-01-22,Nevada,057,99092,3522,3296,135,3431,18
2021-01-22,Orange,059,3164182,228072,220384,9070,229454,2542
2021-01-22,Placer,061,380077,18887,17636,902,18538,193
2021-01-22,Plumas,063,18699,607,522,10,532,2
2021-01-22,Riverside,065,2383286,264476,252440,12262,264702,2710
2021-01-22,Sacramento,067,1510023,85389,82861,1001,83862,1094
2021-01-22,San Benito,069,59416,5260,5143,62,5205,43
2021-01-22,San Bernardino,071,2135413,270242,259121,7771,266892,1849
2021-01-22,San Diego,073,3302833,238068,222576,11028,233604,2301
2021-01-22,San Francisco,075,870044,30847,30027,728,30755,266
2021-01-22,San Joaquin,077,732212,60941,58485,2341,60826,812
2021-01-22,San Luis Obispo,079,281455,17468,16336,445,16781,172
2021-01-22,San Mateo,081,765935,35546,33401,300,33701,211
2021-01-22,Santa Barbara,083,443738,27989,25989,811,26800,256
2021-01-22,Santa Clara,085,1922200,99669,96435,437,96872,1062
2021-01-22,Santa Cruz,087,273765,13947,12687,646,13333,123
2021-01-22,Shasta,089,179085,10114,9866,1036,10902,103
2021-01-22,Sierra,091,2930,47,40,12,52,0
2021-01-22,Siskiyou,093,43540,1281,1182,180,1362,4
2021-01-22,Solano,095,438530,27162,26048,293,26341,107
2021-01-22,Sonoma,097,501317,25368,24659,127,24786,232
2021-01-22,Stanislaus,099,539301,45586,43489,4534,48023,599
2021-01-22,Sutter,101,95872,8057,7878,75,7953,80
2021-01-22,Tehama,103,63373,4161,3993,439,4432,19
2021-01-22,Trinity,105,12862,438,263,63,326,3
2021-01-22,Tulare,107,460477,44377,42307,6145,48452,573
2021-01-22,Tuolumne,109,53932,3402,3379,34,3413,29
2021-01-22,Ventura,111,848112,67840,64404,2358,66762,426
2021-01-22,Yolo,113,214977,11724,11014,116,11130,141
2021-01-22,Yuba,115,75493,4997,4789,63,4852,29
2021-01-21,Alameda,001,1643700,72008,69314,1470,70784,739
2021-01-21,Alpine,002,1148,73,71,0,71,0
2021-01-21,Amador,005,37829,3103,3038,24,3062,29
2021-01-21,Butte,007,227075,10285,9643,1420,11063,130
2021-01-21,Calaveras,009,45235,1690,1647,10,1657,21
2021-01-21,Colusa,011,21464,1719,1662,186,1848,7
2021-01-21,Contra Costa,013,1133247,56126,53595,904,54499,478
2021-01-21,Del Norte,015,27424,881,850,3,853,2
2021-01-21,El Dorado,017,186661,8369,7823,548,8371,58
2021-01-21,Fresno,019,978130,88608,84137,6595,90732,889
2021-01-21,Glenn,021,27897,2072,1964,412,2376,13
2021-01-21,Humboldt,023,135768,2633,2423,16,2439,23
2021-01-21,Imperial,025,180216,26136,25509,2240,27749,463
2021-01-21,Inyo,027,18085,1026,946,8,954,26
2021-01-21,Kern,029,883053,85392,81328,7754,89082,769
2021-01-21,Kings,031,150075,20449,19633,796,20429,158
2021-01-21,Lake,033,64148,2781,2669,0,2669,32
2021-01-21,Lassen,035,31185,4875,4763,79,4842,1
2021-01-21,Los Angeles,037,10098052,1081894,1023055,33650,1056705,14537
2021-01-21,Madera,039,155013,14331,13664,674,14338,86
2021-01-21,Marin,041,260295,12045,11732,122,11854,173
2021-01-21,Mariposa,043,17540,342,322,3,325,3
2021-01-21,Mendocino,045,87422,3154,2967,57,3024,32
2021-01-21,Merced,047,269075,25181,24426,677,25103,245
2021-01-21,Modoc,049,8938,298,284,90,374,0
2021-01-21,Mono,051,14174,1112,1104,15,1119,3
2021-01-21,Monterey,053,433212,38118,36149,1245,37394,253
2021-01-21,Napa,055,140530,8116,7774,29,7803,40
2021-01-21,Nevada,057,99092,3493,3274,134,3408,18
2021-01-21,Orange,059,3164182,226696,218867,9016,227883,2540
2021-01-21,Placer,061,380077,18809,17553,898,18451,190
2021-01-21,Plumas,063,18699,603,518,10,528,2
2021-01-21,Riverside,065,2383286,262760,251007,12184,263191,2676
2021-01-21,Sacramento,067,1510023,84910,82303,981,83284,1084
2021-01-21,San Benito,069,59416,5230,5100,57,5157,43
2021-01-21,San Bernardino,071,2135413,268924,257754,7706,265460,1832
2021-01-21,San Diego,073,3302833,236293,219729,10921,230650,2222
2021-01-21,San Francisco,075,870044,30674,29801,694,30495,266
2021-01-21,San Joaquin,077,732212,60635,58270,2323,60593,806
2021-01-21,San Luis Obispo,079,281455,17382,16153,437,16590,169
2021-01-21,San Mateo,081,765935,35300,33156,287,33443,210
2021-01-21,Santa Barbara,083,443738,27701,25654,798,26452,253
2021-01-21,Santa Clara,085,1922200,99082,96028,432,96460,1062
2021-01-21,Santa Cruz,087,273765,13863,12548,636,13184,119
2021-01-21,Shasta,089,179085,10071,9795,1021,10816,98
2021-01-21,Sierra,091,2930,47,40,12,52,0
2021-01-21,Siskiyou,093,43540,1278,1178,178,1356,4
2021-01-21,Solano,095,438530,26984,25885,289,26174,106
2021-01-21,Sonoma,097,501317,25228,24440,125,24565,230
2021-01-21,Stanislaus,099,539301,45288,43223,4490,47713,599
2021-01-21,Sutter,101,95872,8023,7822,75,7897,80
2021-01-21,Tehama,103,63373,4122,3938,438,4376,19
2021-01-21,Trinity,105,12862,438,261,63,324,3
2021-01-21,Tulare,107,460477,44166,42082,6071,48153,569
2021-01-21,Tuolumne,109,53932,3392,3365,33,3398,29
2021-01-21,Ventura,111,848112,67141,63995,2338,66333,420
2021-01-21,Yolo,113,214977,11633,10940,108,11048,141
2021-01-21,Yuba,115,75493,4965,4757,62,4819,29
2021-01-20,Alameda,001,1643700,71535,68785,1454,70239,702
2021-01-20,Alpine,002,1148,73,71,0,71,0
2021-01-20,Amador,005,37829,3072,3036,24,3060,29
2021-01-20,Butte,007,227075,10229,9582,1410,10992,130
2021-01-20,Calaveras,009,45235,1668,1637,9,1646,21
2021-01-20,Colusa,011,21464,1702,1630,181,1811,7
2021-01-20,Contra Costa,013,1133247,55699,53108,895,54003,461
2021-01-20,Del Norte,015,27424,880,848,3,851,2
2021-01-20,El Dorado,017,186661,8319,7785,545,8330,53
2021-01-20,Fresno,019,978130,88188,83591,6541,90132,872
2021-01-20,Glenn,021,27897,2053,1955,410,2365,13
2021-01-20,Humboldt,023,135768,2590,2390,16,2406,22
2021-01-20,Imperial,025,180216,26064,25380,2206,27586,461
2021-01-20,Inyo,027,18085,1016,901,8,909,26
2021-01-20,Kern,029,883053,84942,80701,7649,88350,754
2021-01-20,Kings,031,150075,20359,19522,788,20310,146
2021-01-20,Lake,033,64148,2761,2646,0,2646,31
2021-01-20,Lassen,035,31185,4867,4758,77,4835,1
2021-01-20,Los Angeles,037,10098052,1074392,1015608,33372,1048980,14299
2021-01-20,Madera,039,155013,14266,13585,670,14255,86
2021-01-20,Marin,041,260295,11989,11684,120,11804,171
2021-01-20,Mariposa,043,17540,340,322,3,325,3
2021-01-20,Mendocino,045,87422,3139,2957,57,3014,32
2021-01-20,Merced,047,269075,25008,24220,655,24875,243
2021-01-20,Modoc,049,8938,297,282,90,372,0
2021-01-20,Mono,051,14174,1105,1105,14,1119,3
2021-01-20,Monterey,053,433212,37806,35960,1225,37185,249
2021-01-20,Napa,055,140530,8047,7731,29,7760,40
2021-01-20,Nevada,057,99092,3461,3238,134,3372,18
2021-01-20,Orange,059,3164182,225159,216893,8955,225848,2500
2021-01-20,Placer,061,380077,18715,17455,880,18335,186
2021-01-20,Plumas,063,18699,601,512,10,522,2
2021-01-20,Riverside,065,2383286,260716,248686,12101,260787,2615
2021-01-20,Sacramento,067,1510023,84350,81687,971,82658,1072
2021-01-20,San Benito,069,59416,5199,5036,56,5092,35
2021-01-20,San Bernardino,071,2135413,267602,255921,7659,263580,1801
2021-01-20,San Diego,073,3302833,234438,218553,10817,229370,2174
2021-01-20,San Francisco,075,870044,30487,29665,673,30338,262
2021-01-20,San Joaquin,077,732212,60232,58025,2314,60339,783
2021-01-20,San Luis Obispo,079,281455,17200,15936,428,16364,164
2021-01-20,San Mateo,081,765935,35073,32929,286,33215,210
2021-01-20,Santa Barbara,083,443738,27383,25312,786,26098,248
2021-01-20,Santa Clara,085,1922200,98437,94995,430,95425,1040
2021-01-20,Santa Cruz,087,273765,13756,12460,623,13083,107
2021-01-20,Shasta,089,179085,10019,9697,1011,10708,98
2021-01-20,Sierra,091,2930,47,40,12,52,0
2021-01-20,Siskiyou,093,43540,1271,1163,177,1340,4
2021-01-20,Solano,095,438530,26791,25659,285,25944,106
2021-01-20,Sonoma,097,501317,25091,24262,123,24385,223
2021-01-20,Stanislaus,099,539301,45008,42955,4452,47407,585
2021-01-20,Sutter,101,95872,7972,7772,73,7845,80
2021-01-20,Tehama,103,63373,4096,3892,435,4327,19
2021-01-20,Trinity,105,12862,438,260,63,323,3
2021-01-20,Tulare,107,460477,43909,41799,5981,47780,559
2021-01-20,Tuolumne,109,53932,3378,3355,32,3387,29
2021-01-20,Ventura,111,848112,66180,63413,2309,65722,395
2021-01-20,Yolo,113,214977,11569,10852,105,10957,141
2021-01-20,Yuba,115,75493,4938,4729,62,4791,29
2021-01-19,Alameda,001,1643700,70894,68434,1445,69879,680
2021-01-19,Alpine,002,1148,73,71,0,71,0
2021-01-19,Amador,005,37829,3063,3024,24,3048,28
2021-01-19,Butte,007,227075,10166,9528,1396,10924,129
2021-01-19,Calaveras,009,45235,1653,1621,8,1629,21
2021-01-19,Colusa,011,21464,1680,1617,178,1795,7
2021-01-19,Contra Costa,013,1133247,55236,52730,885,53615,448
2021-01-19,Del Norte,015,27424,878,843,3,846,2
2021-01-19,El Dorado,017,186661,8258,7743,537,8280,47
2021-01-19,Fresno,019,978130,87667,83200,6491,89691,857
2021-01-19,Glenn,021,27897,2041,1948,405,2353,13
2021-01-19,Humboldt,023,135768,2566,2359,13,2372,22
2021-01-19,Imperial,025,180216,25984,25333,2189,27522,452
2021-01-19,Inyo,027,18085,1008,891,8,899,26
2021-01-19,Kern,029,883053,84354,80272,7544,87816,742
2021-01-19,Kings,031,150075,20220,19375,778,20153,143
2021-01-19,Lake,033,64148,2748,2625,0,2625,31
2021-01-19,Lassen,035,31185,4860,4753,77,4830,1
2021-01-19,Los Angeles,037,10098052,1065718,1010375,33108,1043483,14014
2021-01-19,Madera,039,155013,14155,13528,665,14193,86
2021-01-19,Marin,041,260295,11934,11654,116,11770,169
2021-01-19,Mariposa,043,17540,340,322,3,325,3
2021-01-19,Mendocino,045,87422,3122,2930,57,2987,32
2021-01-19,Merced,047,269075,24796,24108,646,24754,242
2021-01-19,Modoc,049,8938,296,281,90,371,0
2021-01-19,Mono,051,14174,1104,1106,14,1120,3
2021-01-19,Monterey,053,433212,37505,35840,1204,37044,248
2021-01-19,Napa,055,140530,7989,7672,29,7701,38
2021-01-19,Nevada,057,99092,3443,3216,132,3348,18
2021-01-19,Orange,059,3164182,223426,215244,8888,224132,2468
2021-01-19,Placer,061,380077,18618,17348,870,18218,182
2021-01-19,Plumas,063,18699,594,509,10,519,2
2021-01-19,Riverside,065,2383286,258629,246248,12023,258271,2585
2021-01-19,Sacramento,067,1510023,83813,81183,951,82134,1053
2021-01-19,San Benito,069,59416,5153,4988,55,5043,35
2021-01-19,San Bernardino,071,2135413,265901,253651,7605,261256,1777
2021-01-19,San Diego,073,3302833,232015,216833,10719,227552,2109
2021-01-19,San Francisco,075,870044,30268,29502,642,30144,261
2021-01-19,San Joaquin,077,732212,59852,57655,2303,59958,782
2021-01-19,San Luis Obispo,079,281455,16937,15855,425,16280,161
2021-01-19,San Mateo,081,765935,34788,32730,275,33005,208
2021-01-19,Santa Barbara,083,443738,26999,24991,770,25761,236
2021-01-19,Santa Clara,085,1922200,97702,94483,429,94912,1010
2021-01-19,Santa Cruz,087,273765,13639,12410,615,13025,106
2021-01-19,Shasta,089,179085,9983,9614,1001,10615,93
2021-01-19,Sierra,091,2930,47,40,10,50,0
2021-01-19,Siskiyou,093,43540,1263,1149,175,1324,4
2021-01-19,Solano,095,438530,26545,25520,284,25804,106
2021-01-19,Sonoma,097,501317,24911,24133,121,24254,223
2021-01-19,Stanislaus,099,539301,44660,42723,4407,47130,561
2021-01-19,Sutter,101,95872,7922,7709,67,7776,80
2021-01-19,Tehama,103,63373,4066,3876,433,4309,19
2021-01-19,Trinity,105,12862,437,260,63,323,3
2021-01-19,Tulare,107,460477,43630,41559,5886,47445,549
2021-01-19,Tuolumne,109,53932,3351,3328,32,3360,29
2021-01-19,Ventura,111,848112,65496,62656,2282,64938,383
2021-01-19,Yolo,113,214977,11484,10789,105,10894,134
2021-01-19,Yuba,115,75493,4905,4695,61,4756,29
2021-01-18,Alameda,001,1643700,70262,67938,1428,69366,680
2021-01-18,Alpine,002,1148,73,71,0,71,0
2021-01-18,Amador,005,37829,3049,3016,24,3040,28
2021-01-18,Butte,007,227075,10080,9474,1384,10858,129
2021-01-18,Calaveras,009,45235,1632,1617,7,1624,21
2021-01-18,Colusa,011,21464,1664,1608,176,1784,7
2021-01-18,Contra Costa,013,1133247,54727,52323,877,53200,448
2021-01-18,Del Norte,015,27424,877,840,3,843,2
2021-01-18,El Dorado,017,186661,8192,7707,535,8242,47
2021-01-18,Fresno,019,978130,87055,82485,6425,88910,857
2021-01-18,Glenn,021,27897,2024,1935,401,2336,13
2021-01-18,Humboldt,023,135768,2528,2343,13,2356,22
2021-01-18,Imperial,025,180216,25916,25317,2165,27482,452
2021-01-18,Inyo,027,18085,996,872,8,880,26
2021-01-18,Kern,029,883053,83717,79930,7453,87383,740
2021-01-18,Kings,031,150075,20050,19267,766,20033,141
2021-01-18,Lake,033,64148,2731,2591,0,2591,30
2021-01-18,Lassen,035,31185,4824,4749,76,4825,1
2021-01-18,Los Angeles,037,10098052,1056206,1002614,32825,1035439,13828
2021-01-18,Madera,039,155013,14053,13443,656,14099,85
2021-01-18,Marin,041,260295,11888,11607,114,11721,165
2021-01-18,Mariposa,043,17540,337,320,2,322,3
2021-01-18,Mendocino,045,87422,3099,2919,57,2976,31
2021-01-18,Merced,047,269075,24551,23927,630,24557,242
2021-01-18,Modoc,049,8938,293,281,87,368,0
2021-01-18,Mono,051,14174,1101,1101,14,1115,3
2021-01-18,Monterey,053,433212,37063,35549,1190,36739,247
2021-01-18,Napa,055,140530,7916,7601,29,7630,38
2021-01-18,Nevada,057,99092,3405,3199,132,3331,17
2021-01-18,Orange,059,3164182,221539,213866,8834,222700,2405
2021-01-18,Placer,061,380077,18502,17263,861,18124,182
2021-01-18,Plumas,063,18699,591,506,10,516,2
2021-01-18,Riverside,065,2383286,256318,244151,11930,256081,2568
2021-01-18,Sacramento,067,1510023,83143,80546,935,81481,1046
2021-01-18,San Benito,069,59416,5105,4963,53,5016,35
2021-01-18,San Bernardino,071,2135413,264182,252808,7550,260358,1775
2021-01-18,San Diego,073,3302833,229366,214335,10590,224925,2103
2021-01-18,San Francisco,075,870044,30061,29321,618,29939,259
2021-01-18,San Joaquin,077,732212,59340,57405,2282,59687,782
2021-01-18,San Luis Obispo,079,281455,16750,15742,415,16157,158
2021-01-18,San Mateo,081,765935,34476,32515,256,32771,208
2021-01-18,Santa Barbara,083,443738,26620,24638,757,25395,235
2021-01-18,Santa Clara,085,1922200,96915,93688,425,94113,992
2021-01-18,Santa Cruz,087,273765,13506,12298,602,12900,106
2021-01-18,Shasta,089,179085,9944,9600,991,10591,92
2021-01-18,Sierra,091,2930,46,40,10,50,0
2021-01-18,Siskiyou,093,43540,1250,1144,174,1318,4
2021-01-18,Solano,095,438530,26268,25344,280,25624,105
2021-01-18,Sonoma,097,501317,24643,24068,120,24188,223
2021-01-18,Stanislaus,099,539301,44303,42413,4351,46764,562
2021-01-18,Sutter,101,95872,7865,7680,65,7745,78
2021-01-18,Tehama,103,63373,4021,3854,426,4280,19
2021-01-18,Trinity,105,12862,437,260,63,323,3
2021-01-18,Tulare,107,460477,43340,41196,5780,46976,549
2021-01-18,Tuolumne,109,53932,3327,3318,31,3349,28
2021-01-18,Ventura,111,848112,65063,61859,2260,64119,379
2021-01-18,Yolo,113,214977,11362,10620,102,10722,134
2021-01-18,Yuba,115,75493,4878,4671,59,4730,29
2021-01-17,Alameda,001,1643700,69697,67375,1410,68785,676
2021-01-17,Alpine,002,1148,73,71,0,71,0
2021-01-17,Amador,005,37829,3042,3001,24,3025,28
2021-01-17,Butte,007,227075,10005,9411,1360,10771,129
2021-01-17,Calaveras,009,45235,1619,1608,7,1615,21
2021-01-17,Colusa,011,21464,1651,1588,172,1760,7
2021-01-17,Contra Costa,013,1133247,54220,51932,866,52798,447
2021-01-17,Del Norte,015,27424,877,838,3,841,2
2021-01-17,El Dorado,017,186661,8137,7659,524,8183,47
2021-01-17,Fresno,019,978130,86502,82039,6350,88389,857
2021-01-17,Glenn,021,27897,2013,1924,396,2320,9
2021-01-17,Humboldt,023,135768,2492,2322,11,2333,22
2021-01-17,Imperial,025,180216,25845,25253,2124,27377,451
2021-01-17,Inyo,027,18085,990,864,8,872,26
2021-01-17,Kern,029,883053,83168,79489,7367,86856,738
2021-01-17,Kings,031,150075,19914,19201,752,19953,131
2021-01-17,Lake,033,64148,2717,2572,0,2572,30
2021-01-17,Lassen,035,31185,4816,4740,75,4815,1
2021-01-17,Los Angeles,037,10098052,1049543,993028,32440,1025468,13741
2021-01-17,Madera,039,155013,13963,13328,652,13980,85
2021-01-17,Marin,041,260295,11839,11552,112,11664,164
2021-01-17,Mariposa,043,17540,337,319,2,321,3
2021-01-17,Mendocino,045,87422,3071,2912,56,2968,31
2021-01-17,Merced,047,269075,24338,23800,612,24412,242
2021-01-17,Modoc,049,8938,292,279,87,366,0
2021-01-17,Mono,051,14174,1094,1091,13,1104,3
2021-01-17,Monterey,053,433212,36819,35340,1164,36504,244
2021-01-17,Napa,055,140530,7861,7521,29,7550,38
2021-01-17,Nevada,057,99092,3380,3176,130,3306,17
2021-01-17,Orange,059,3164182,219545,212389,8761,221150,2359
2021-01-17,Placer,061,380077,18396,17194,846,18040,181
2021-01-17,Plumas,063,18699,589,505,9,514,2
2021-01-17,Riverside,065,2383286,254208,242206,11814,254020,2534
2021-01-17,Sacramento,067,1510023,82543,80154,923,81077,1045
2021-01-17,San Benito,069,59416,5067,4941,53,4994,35
2021-01-17,San Bernardino,071,2135413,262084,251487,7463,258950,1775
2021-01-17,San Diego,073,3302833,227172,211785,10483,222268,2103
2021-01-17,San Francisco,075,870044,29873,29139,581,29720,255
2021-01-17,San Joaquin,077,732212,58983,57094,2268,59362,780
2021-01-17,San Luis Obispo,079,281455,16628,15658,406,16064,157
2021-01-17,San Mateo,081,765935,34224,32186,233,32419,208
2021-01-17,Santa Barbara,083,443738,26159,24401,745,25146,235
2021-01-17,Santa Clara,085,1922200,96155,92752,422,93174,976
2021-01-17,Santa Cruz,087,273765,13394,12196,599,12795,106
2021-01-17,Shasta,089,179085,9886,9588,983,10571,92
2021-01-17,Sierra,091,2930,46,38,9,47,0
2021-01-17,Siskiyou,093,43540,1243,1136,171,1307,4
2021-01-17,Solano,095,438530,26045,25216,278,25494,105
2021-01-17,Sonoma,097,501317,24469,23871,120,23991,223
2021-01-17,Stanislaus,099,539301,43983,42221,4288,46509,562
2021-01-17,Sutter,101,95872,7802,7604,64,7668,77
2021-01-17,Tehama,103,63373,3990,3837,422,4259,18
2021-01-17,Trinity,105,12862,437,261,63,324,3
2021-01-17,Tulare,107,460477,43053,41016,5664,46680,549
2021-01-17,Tuolumne,109,53932,3310,3287,31,3318,27
2021-01-17,Ventura,111,848112,64212,61257,2213,63470,376
2021-01-17,Yolo,113,214977,11263,10519,100,10619,134
2021-01-17,Yuba,115,75493,4831,4640,56,4696,28
2021-01-16,Alameda,001,1643700,69375,66583,1398,67981,673
2021-01-16,Alpine,002,1148,73,71,0,71,0
2021-01-16,Amador,005,37829,3039,2986,24,3010,28
2021-01-16,Butte,007,227075,9974,9359,1340,10699,129
2021-01-16,Calaveras,009,45235,1606,1596,7,1603,21
2021-01-16,Colusa,011,21464,1640,1578,172,1750,7
2021-01-16,Contra Costa,013,1133247,53941,51363,859,52222,443
2021-01-16,Del Norte,015,27424,872,833,3,836,2
2021-01-16,El Dorado,017,186661,8115,7575,523,8098,47
2021-01-16,Fresno,019,978130,86226,81294,6296,87590,846
2021-01-16,Glenn,021,27897,2009,1894,393,2287,9
2021-01-16,Humboldt,023,135768,2472,2294,9,2303,22
2021-01-16,Imperial,025,180216,25807,25140,2117,27257,451
2021-01-16,Inyo,027,18085,986,845,8,853,25
2021-01-16,Kern,029,883053,82801,78865,7313,86178,733
2021-01-16,Kings,031,150075,19858,19072,749,19821,131
2021-01-16,Lake,033,64148,2705,2504,0,2504,30
2021-01-16,Lassen,035,31185,4804,4719,75,4794,1
2021-01-16,Los Angeles,037,10098052,1045457,982684,32206,1014890,13654
2021-01-16,Madera,039,155013,13897,13193,647,13840,85
2021-01-16,Marin,041,260295,11797,11482,112,11594,164
2021-01-16,Mariposa,043,17540,336,317,2,319,3
2021-01-16,Mendocino,045,87422,3057,2890,53,2943,31
2021-01-16,Merced,047,269075,24251,23478,598,24076,242
2021-01-16,Modoc,049,8938,292,278,87,365,0
2021-01-16,Mono,051,14174,1092,1079,13,1092,3
2021-01-16,Monterey,053,433212,36708,34972,1148,36120,243
2021-01-16,Napa,055,140530,7822,7356,29,7385,39
2021-01-16,Nevada,057,99092,3347,3144,130,3274,17
2021-01-16,Orange,059,3164182,218511,210111,8705,218816,2312
2021-01-16,Placer,061,380077,18332,16995,844,17839,177
2021-01-16,Plumas,063,18699,587,502,9,511,2
2021-01-16,Riverside,065,2383286,252850,239412,11699,251111,2506
2021-01-16,Sacramento,067,1510023,82169,79122,906,80028,1033
2021-01-16,San Benito,069,59416,5034,4875,53,4928,35
2021-01-16,San Bernardino,071,2135413,261256,249401,7396,256797,1755
2021-01-16,San Diego,073,3302833,225874,209895,10386,220281,2065
2021-01-16,San Francisco,075,870044,29744,28853,550,29403,244
2021-01-16,San Joaquin,077,732212,58740,56642,2235,58877,776
2021-01-16,San Luis Obispo,079,281455,16527,15466,404,15870,152
2021-01-16,San Mateo,081,765935,34059,31805,227,32032,208
2021-01-16,Santa Barbara,083,443738,25958,24088,741,24829,229
2021-01-16,Santa Clara,085,1922200,95660,91584,415,91999,954
2021-01-16,Santa Cruz,087,273765,13335,12026,597,12623,106
2021-01-16,Shasta,089,179085,9853,9547,979,10526,92
2021-01-16,Sierra,091,2930,45,38,9,47,0
2021-01-16,Siskiyou,093,43540,1238,1124,171,1295,4
2021-01-16,Solano,095,438530,25934,24732,274,25006,103
2021-01-16,Sonoma,097,501317,24378,23607,119,23726,223
2021-01-16,Stanislaus,099,539301,43795,41809,4238,46047,562
2021-01-16,Sutter,101,95872,7770,7560,64,7624,76
2021-01-16,Tehama,103,63373,3976,3783,422,4205,18
2021-01-16,Trinity,105,12862,437,261,63,324,3
2021-01-16,Tulare,107,460477,42874,40655,5591,46246,542
2021-01-16,Tuolumne,109,53932,3302,3269,31,3300,27
2021-01-16,Ventura,111,848112,63659,60368,2183,62551,369
2021-01-16,Yolo,113,214977,11212,10406,99,10505,134
2021-01-16,Yuba,115,75493,4803,4602,56,4658,27
2021-01-15,Alameda,001,1643700,68947,65416,1387,66803,672
2021-01-15,Alpine,002,1148,73,71,0,71,0
2021-01-15,Amador,005,37829,3032,2953,24,2977,28
2021-01-15,Butte,007,227075,9932,9233,1326,10559,129
2021-01-15,Calaveras,009,45235,1599,1538,7,1545,21
2021-01-15,Colusa,011,21464,1629,1541,167,1708,7
2021-01-15,Contra Costa,013,1133247,53605,50408,852,51260,428
2021-01-15,Del Norte,015,27424,868,828,2,830,2
2021-01-15,El Dorado,017,186661,8065,7439,515,7954,47
2021-01-15,Fresno,019,978130,85688,79950,6260,86210,832
2021-01-15,Glenn,021,27897,2005,1824,390,2214,9
2021-01-15,Humboldt,023,135768,2445,2218,8,2226,22
2021-01-15,Imperial,025,180216,25771,24944,2111,27055,446
2021-01-15,Inyo,027,18085,969,814,8,822,25
2021-01-15,Kern,029,883053,82385,77873,7248,85121,719
2021-01-15,Kings,031,150075,19749,18661,743,19404,131
2021-01-15,Lake,033,64148,2679,2434,0,2434,28
2021-01-15,Lassen,035,31185,4793,4693,73,4766,1
2021-01-15,Los Angeles,037,10098052,1038403,968979,31925,1000904,13404
2021-01-15,Madera,039,155013,13807,12883,643,13526,85
2021-01-15,Marin,041,260295,11741,11310,112,11422,160
2021-01-15,Mariposa,043,17540,334,307,2,309,3
2021-01-15,Mendocino,045,87422,3046,2835,53,2888,31
2021-01-15,Merced,047,269075,24139,23060,594,23654,239
2021-01-15,Modoc,049,8938,292,278,85,363,0
2021-01-15,Mono,051,14174,1089,1057,13,1070,3
2021-01-15,Monterey,053,433212,36491,34460,1091,35551,243
2021-01-15,Napa,055,140530,7760,7231,29,7260,38
2021-01-15,Nevada,057,99092,3334,3099,127,3226,17
2021-01-15,Orange,059,3164182,217156,207129,8653,215782,2254
2021-01-15,Placer,061,380077,18227,16712,835,17547,173
2021-01-15,Plumas,063,18699,584,499,9,508,2
2021-01-15,Riverside,065,2383286,250988,235235,11620,246855,2458
2021-01-15,Sacramento,067,1510023,81746,80279,898,81177,1023
2021-01-15,San Benito,069,59416,4995,4766,51,4817,35
2021-01-15,San Bernardino,071,2135413,260073,246182,7335,253517,1726
2021-01-15,San Diego,073,3302833,224125,206868,10321,217189,2037
2021-01-15,San Francisco,075,870044,29571,28574,530,29104,242
2021-01-15,San Joaquin,077,732212,58512,55885,2221,58106,748
2021-01-15,San Luis Obispo,079,281455,16393,15129,399,15528,148
2021-01-15,San Mateo,081,765935,33814,31291,223,31514,208
2021-01-15,Santa Barbara,083,443738,25675,23487,737,24224,226
2021-01-15,Santa Clara,085,1922200,94999,90103,410,90513,942
2021-01-15,Santa Cruz,087,273765,13226,11776,584,12360,105
2021-01-15,Shasta,089,179085,9814,9459,972,10431,91
2021-01-15,Sierra,091,2930,44,36,7,43,0
2021-01-15,Siskiyou,093,43540,1234,1119,171,1290,4
2021-01-15,Solano,095,438530,25785,24222,272,24494,103
2021-01-15,Sonoma,097,501317,24247,23204,118,23322,222
2021-01-15,Stanislaus,099,539301,43545,41178,4196,45374,562
2021-01-15,Sutter,101,95872,7723,7484,63,7547,75
2021-01-15,Tehama,103,63373,3954,3714,421,4135,17
2021-01-15,Trinity,105,12862,437,262,63,325,3
2021-01-15,Tulare,107,460477,42632,39951,5508,45459,535
2021-01-15,Tuolumne,109,53932,3286,3231,31,3262,27
2021-01-15,Ventura,111,848112,62916,59061,2150,61211,353
2021-01-15,Yolo,113,214977,11154,10240,98,10338,134
2021-01-15,Yuba,115,75493,4783,4549,56,4605,27
2021-01-14,Alameda,001,1643700,68320,64364,1372,65736,686
2021-01-14,Alpine,002,1148,73,71,0,71,0
2021-01-14,Amador,005,37829,3026,2940,24,2964,28
2021-01-14,Butte,007,227075,9844,9127,1305,10432,129
2021-01-14,Calaveras,009,45235,1582,1513,7,1520,21
2021-01-14,Colusa,011,21464,1614,1535,161,1696,7
2021-01-14,Contra Costa,013,1133247,53062,49545,840,50385,415
2021-01-14,Del Norte,015,27424,862,821,2,823,2
2021-01-14,El Dorado,017,186661,7991,7321,508,7829,45
2021-01-14,Fresno,019,978130,85055,79033,6180,85213,814
2021-01-14,Glenn,021,27897,1993,1798,385,2183,9
2021-01-14,Humboldt,023,135768,2402,2169,8,2177,22
2021-01-14,Imperial,025,180216,25665,24882,2081,26963,447
2021-01-14,Inyo,027,18085,962,790,8,798,25
2021-01-14,Kern,029,883053,81713,77070,7147,84217,705
2021-01-14,Kings,031,150075,19619,18405,739,19144,108
2021-01-14,Lake,033,64148,2640,2378,0,2378,27
2021-01-14,Lassen,035,31185,4783,4673,71,4744,1
2021-01-14,Los Angeles,037,10098052,1028376,954652,31560,986212,13147
2021-01-14,Madera,039,155013,13692,12742,634,13376,85
2021-01-14,Marin,041,260295,11665,11155,111,11266,159
2021-01-14,Mariposa,043,17540,331,302,2,304,3
2021-01-14,Mendocino,045,87422,3032,2801,51,2852,31
2021-01-14,Merced,047,269075,23912,22780,584,23364,239
2021-01-14,Modoc,049,8938,292,273,85,358,0
2021-01-14,Mono,051,14174,1081,1020,13,1033,3
2021-01-14,Monterey,053,433212,36070,34105,1069,35174,242
2021-01-14,Napa,055,140530,7674,7117,29,7146,38
2021-01-14,Nevada,057,99092,3307,3075,125,3200,17
2021-01-14,Orange,059,3164182,215251,204442,8570,213012,2162
2021-01-14,Placer,061,380077,18066,16488,828,17316,169
2021-01-14,Plumas,063,18699,576,496,9,505,2
2021-01-14,Riverside,065,2383286,248341,231684,11519,243203,2357
2021-01-14,Sacramento,067,1510023,81107,79137,875,80012,1007
2021-01-14,San Benito,069,59416,4959,4678,50,4728,35
2021-01-14,San Bernardino,071,2135413,258090,243379,7265,250644,1750
2021-01-14,San Diego,073,3302833,221727,204173,10201,214374,2005
2021-01-14,San Francisco,075,870044,29324,28200,484,28684,238
2021-01-14,San Joaquin,077,732212,57994,55058,2208,57266,739
2021-01-14,San Luis Obispo,079,281455,16231,14851,390,15241,146
2021-01-14,San Mateo,081,765935,33445,30694,214,30908,208
2021-01-14,Santa Barbara,083,443738,25254,23126,720,23846,219
2021-01-14,Santa Clara,085,1922200,94088,88505,404,88909,910
2021-01-14,Santa Cruz,087,273765,13079,11583,569,12152,109
2021-01-14,Shasta,089,179085,9765,9334,956,10290,90
2021-01-14,Sierra,091,2930,44,35,6,41,0
2021-01-14,Siskiyou,093,43540,1222,1108,168,1276,3
2021-01-14,Solano,095,438530,25525,23782,268,24050,103
2021-01-14,Sonoma,097,501317,24007,22910,118,23028,202
2021-01-14,Stanislaus,099,539301,43218,40597,4155,44752,574
2021-01-14,Sutter,101,95872,7664,7416,60,7476,74
2021-01-14,Tehama,103,63373,3925,3664,417,4081,17
2021-01-14,Trinity,105,12862,437,261,62,323,3
2021-01-14,Tulare,107,460477,42248,39565,5399,44964,533
2021-01-14,Tuolumne,109,53932,3265,3215,31,3246,28
2021-01-14,Ventura,111,848112,62042,57941,2113,60054,347
2021-01-14,Yolo,113,214977,11051,10097,92,10189,135
2021-01-14,Yuba,115,75493,4751,4496,56,4552,27
2021-01-13,Alameda,001,1643700,67570,63568,1354,64922,690
2021-01-13,Alpine,002,1148,73,71,0,71,0
2021-01-13,Amador,005,37829,3012,2914,24,2938,26
2021-01-13,Butte,007,227075,9763,9013,1290,10303,126
2021-01-13,Calaveras,009,45235,1560,1493,7,1500,21
2021-01-13,Colusa,011,21464,1604,1524,153,1677,7
2021-01-13,Contra Costa,013,1133247,52490,48877,829,49706,403
2021-01-13,Del Norte,015,27424,858,820,2,822,2
2021-01-13,El Dorado,017,186661,7897,7247,500,7747,43
2021-01-13,Fresno,019,978130,84336,78278,6139,84417,804
2021-01-13,Glenn,021,27897,1977,1792,376,2168,9
2021-01-13,Humboldt,023,135768,2369,2114,8,2122,22
2021-01-13,Imperial,025,180216,25541,24717,2049,26766,463
2021-01-13,Inyo,027,18085,950,785,8,793,25
2021-01-13,Kern,029,883053,81056,76049,7057,83106,704
2021-01-13,Kings,031,150075,19452,18121,718,18839,108
2021-01-13,Lake,033,64148,2599,2305,0,2305,27
2021-01-13,Lassen,035,31185,4776,4663,70,4733,1
2021-01-13,Los Angeles,037,10098052,1017582,937985,31163,969148,12873
2021-01-13,Madera,039,155013,13576,12570,629,13199,85
2021-01-13,Marin,041,260295,11613,11039,111,11150,161
2021-01-13,Mariposa,043,17540,329,304,2,306,3
2021-01-13,Mendocino,045,87422,3012,2790,51,2841,31
2021-01-13,Merced,047,269075,23673,22497,570,23067,241
2021-01-13,Modoc,049,8938,291,274,82,356,0
2021-01-13,Mono,051,14174,1077,1017,13,1030,3
2021-01-13,Monterey,053,433212,35645,33748,1045,34793,241
2021-01-13,Napa,055,140530,7560,7028,29,7057,36
2021-01-13,Nevada,057,99092,3283,3037,122,3159,17
2021-01-13,Orange,059,3164182,213178,201158,8499,209657,2172
2021-01-13,Placer,061,380077,17941,16272,814,17086,172
2021-01-13,Plumas,063,18699,574,490,9,499,2
2021-01-13,Riverside,065,2383286,245194,228192,11406,239598,2278
2021-01-13,Sacramento,067,1510023,80446,78268,868,79136,996
2021-01-13,San Benito,069,59416,4903,4583,49,4632,35
2021-01-13,San Bernardino,071,2135413,255701,240191,7190,247381,1759
2021-01-13,San Diego,073,3302833,219112,201578,10098,211676,1952
2021-01-13,San Francisco,075,870044,29085,27863,464,28327,238
2021-01-13,San Joaquin,077,732212,57372,54373,2180,56553,738
2021-01-13,San Luis Obispo,079,281455,16076,14625,379,15004,140
2021-01-13,San Mateo,081,765935,33106,30195,212,30407,207
2021-01-13,Santa Barbara,083,443738,24812,22714,704,23418,216
2021-01-13,Santa Clara,085,1922200,93115,87187,400,87587,911
2021-01-13,Santa Cruz,087,273765,12906,11423,555,11978,110
2021-01-13,Shasta,089,179085,9701,9180,942,10122,93
2021-01-13,Sierra,091,2930,44,33,6,39,0
2021-01-13,Siskiyou,093,43540,1216,1102,164,1266,3
2021-01-13,Solano,095,438530,25251,23503,265,23768,105
2021-01-13,Sonoma,097,501317,23756,22610,117,22727,206
2021-01-13,Stanislaus,099,539301,42826,40167,4102,44269,574
2021-01-13,Sutter,101,95872,7618,7350,59,7409,73
2021-01-13,Tehama,103,63373,3874,3589,412,4001,17
2021-01-13,Trinity,105,12862,437,260,62,322,3
2021-01-13,Tulare,107,460477,41845,39129,5299,44428,522
2021-01-13,Tuolumne,109,53932,3251,3196,31,3227,28
2021-01-13,Ventura,111,848112,61030,56453,2073,58526,338
2021-01-13,Yolo,113,214977,10953,9933,89,10022,135
2021-01-13,Yuba,115,75493,4706,4448,53,4501,27
2021-01-12,Alameda,001,1643700,66746,62642,1336,63978,677
2021-01-12,Alpine,002,1148,73,71,0,71,0
2021-01-12,Amador,005,37829,2995,2897,24,2921,26
2021-01-12,Butte,007,227075,9675,8883,1277,10160,124
2021-01-12,Calaveras,009,45235,1524,1475,7,1482,21
2021-01-12,Colusa,011,21464,1592,1510,149,1659,7
2021-01-12,Contra Costa,013,1133247,51848,48242,815,49057,399
2021-01-12,Del Norte,015,27424,853,816,2,818,2
2021-01-12,El Dorado,017,186661,7813,7156,489,7645,41
2021-01-12,Fresno,019,978130,83464,77651,6071,83722,796
2021-01-12,Glenn,021,27897,1952,1781,372,2153,9
2021-01-12,Humboldt,023,135768,2315,2077,7,2084,22
2021-01-12,Imperial,025,180216,25449,24566,2008,26574,457
2021-01-12,Inyo,027,18085,932,773,8,781,25
2021-01-12,Kern,029,883053,80348,75320,6962,82282,689
2021-01-12,Kings,031,150075,19241,18072,708,18780,108
2021-01-12,Lake,033,64148,2551,2260,0,2260,27
2021-01-12,Lassen,035,31185,4754,4659,68,4727,1
2021-01-12,Los Angeles,037,10098052,1005918,926295,30769,957064,12610
2021-01-12,Madera,039,155013,13428,12485,620,13105,85
2021-01-12,Marin,041,260295,11506,10960,111,11071,157
2021-01-12,Mariposa,043,17540,326,302,2,304,3
2021-01-12,Mendocino,045,87422,2992,2762,47,2809,31
2021-01-12,Merced,047,269075,23422,22172,548,22720,239
2021-01-12,Modoc,049,8938,289,274,82,356,0
2021-01-12,Mono,051,14174,1067,1008,13,1021,3
2021-01-12,Monterey,053,433212,35154,33381,1028,34409,240
2021-01-12,Napa,055,140530,7476,6936,29,6965,36
2021-01-12,Nevada,057,99092,3255,3014,120,3134,17
2021-01-12,Orange,059,3164182,210907,198260,8413,206673,2142
2021-01-12,Placer,061,380077,17771,16087,808,16895,163
2021-01-12,Plumas,063,18699,568,483,9,492,2
2021-01-12,Riverside,065,2383286,242063,225580,11267,236847,2266
2021-01-12,Sacramento,067,1510023,79718,77201,860,78061,985
2021-01-12,San Benito,069,59416,4834,4515,49,4564,35
2021-01-12,San Bernardino,071,2135413,253115,237008,7121,244129,1739
2021-01-12,San Diego,073,3302833,216197,198317,9981,208298,1898
2021-01-12,San Francisco,075,870044,28808,27531,431,27962,238
2021-01-12,San Joaquin,077,732212,56731,53630,2152,55782,725
2021-01-12,San Luis Obispo,079,281455,15832,14367,371,14738,132
2021-01-12,San Mateo,081,765935,32715,29747,200,29947,206
2021-01-12,Santa Barbara,083,443738,24390,22182,684,22866,209
2021-01-12,Santa Clara,085,1922200,92000,86075,392,86467,904
2021-01-12,Santa Cruz,087,273765,12691,11267,540,11807,110
2021-01-12,Shasta,089,179085,9628,9086,929,10015,84
2021-01-12,Sierra,091,2930,43,33,6,39,0
2021-01-12,Siskiyou,093,43540,1206,1091,157,1248,3
2021-01-12,Solano,095,438530,24952,23160,261,23421,102
2021-01-12,Sonoma,097,501317,23451,22403,117,22520,205
2021-01-12,Stanislaus,099,539301,42387,39615,4068,43683,571
2021-01-12,Sutter,101,95872,7555,7276,58,7334,73
2021-01-12,Tehama,103,63373,3836,3567,407,3974,17
2021-01-12,Trinity,105,12862,437,258,62,320,3
2021-01-12,Tulare,107,460477,41385,38797,5183,43980,509
2021-01-12,Tuolumne,109,53932,3218,3178,31,3209,28
2021-01-12,Ventura,111,848112,60056,55342,2041,57383,324
2021-01-12,Yolo,113,214977,10817,9857,85,9942,133
2021-01-12,Yuba,115,75493,4661,4389,53,4442,27
2021-01-11,Alameda,001,1643700,65894,61949,1318,63267,652
2021-01-11,Alpine,002,1148,73,70,0,70,0
2021-01-11,Amador,005,37829,2981,2867,24,2891,24
2021-01-11,Butte,007,227075,9562,8757,1261,10018,119
2021-01-11,Calaveras,009,45235,1505,1460,7,1467,21
2021-01-11,Colusa,011,21464,1573,1494,144,1638,7
2021-01-11,Contra Costa,013,1133247,51167,47728,804,48532,398
2021-01-11,Del Norte,015,27424,849,810,2,812,2
2021-01-11,El Dorado,017,186661,7719,6987,482,7469,36
2021-01-11,Fresno,019,978130,82585,76581,5995,82576,775
2021-01-11,Glenn,021,27897,1925,1763,366,2129,9
2021-01-11,Humboldt,023,135768,2276,2069,7,2076,22
2021-01-11,Imperial,025,180216,25338,24418,1971,26389,453
2021-01-11,Inyo,027,18085,913,763,8,771,25
2021-01-11,Kern,029,883053,79488,74489,6863,81352,682
2021-01-11,Kings,031,150075,18978,17909,699,18608,108
2021-01-11,Lake,033,64148,2500,2205,0,2205,26
2021-01-11,Lassen,035,31185,4731,4647,68,4715,1
2021-01-11,Los Angeles,037,10098052,992690,914434,30312,944746,12304
2021-01-11,Madera,039,155013,13291,12366,609,12975,85
2021-01-11,Marin,041,260295,11407,10814,110,10924,156
2021-01-11,Mariposa,043,17540,319,296,2,298,3
2021-01-11,Mendocino,045,87422,2964,2728,47,2775,31
2021-01-11,Merced,047,269075,23099,21884,534,22418,238
2021-01-11,Modoc,049,8938,288,271,81,352,0
2021-01-11,Mono,051,14174,1061,1006,13,1019,3
2021-01-11,Monterey,053,433212,34615,32858,966,33824,239
2021-01-11,Napa,055,140530,7375,6822,29,6851,36
2021-01-11,Nevada,057,99092,3227,2980,120,3100,17
2021-01-11,Orange,059,3164182,208321,196340,8313,204653,2113
2021-01-11,Placer,061,380077,17592,15919,799,16718,163
2021-01-11,Plumas,063,18699,564,477,9,486,2
2021-01-11,Riverside,065,2383286,238559,222907,11123,234030,2222
2021-01-11,Sacramento,067,1510023,78785,76009,844,76853,974
2021-01-11,San Benito,069,59416,4761,4482,42,4524,34
2021-01-11,San Bernardino,071,2135413,250317,235543,7024,242567,1739
2021-01-11,San Diego,073,3302833,212929,194793,9821,204614,1857
2021-01-11,San Francisco,075,870044,28529,27264,411,27675,238
2021-01-11,San Joaquin,077,732212,56122,53002,2123,55125,725
2021-01-11,San Luis Obispo,079,281455,15461,14213,364,14577,126
2021-01-11,San Mateo,081,765935,32271,29355,188,29543,206
2021-01-11,Santa Barbara,083,443738,23938,21740,672,22412,200
2021-01-11,Santa Clara,085,1922200,90756,84851,384,85235,877
2021-01-11,Santa Cruz,087,273765,12511,11093,517,11610,106
2021-01-11,Shasta,089,179085,9530,8977,916,9893,81
2021-01-11,Sierra,091,2930,41,33,6,39,0
2021-01-11,Siskiyou,093,43540,1197,1087,155,1242,3
2021-01-11,Solano,095,438530,24628,22893,255,23148,101
2021-01-11,Sonoma,097,501317,23203,22191,117,22308,205
2021-01-11,Stanislaus,099,539301,41896,39149,4019,43168,571
2021-01-11,Sutter,101,95872,7496,7204,57,7261,71
2021-01-11,Tehama,103,63373,3774,3524,386,3910,17
2021-01-11,Trinity,105,12862,437,256,62,318,2
2021-01-11,Tulare,107,460477,40970,38380,5103,43483,497
2021-01-11,Tuolumne,109,53932,3207,3165,31,3196,27
2021-01-11,Ventura,111,848112,58919,54202,2017,56219,320
2021-01-11,Yolo,113,214977,10611,9699,84,9783,129
2021-01-11,Yuba,115,75493,4623,4349,46,4395,27
2021-01-10,Alameda,001,1643700,64915,61111,1290,62401,650
2021-01-10,Alpine,002,1148,73,70,0,70,0
2021-01-10,Amador,005,37829,2957,2861,24,2885,24
2021-01-10,Butte,007,227075,9442,8665,1236,9901,119
2021-01-10,Calaveras,009,45235,1482,1449,7,1456,21
2021-01-10,Colusa,011,21464,1551,1478,142,1620,7
2021-01-10,Contra Costa,013,1133247,50370,47109,785,47894,398
2021-01-10,Del Norte,015,27424,847,809,2,811,2
2021-01-10,El Dorado,017,186661,7630,6904,465,7369,36
2021-01-10,Fresno,019,978130,81776,75621,5873,81494,775
2021-01-10,Glenn,021,27897,1906,1746,358,2104,9
2021-01-10,Humboldt,023,135768,2215,2049,7,2056,22
2021-01-10,Imperial,025,180216,25179,24233,1921,26154,453
2021-01-10,Inyo,027,18085,886,748,8,756,25
2021-01-10,Kern,029,883053,78656,73712,6733,80445,679
2021-01-10,Kings,031,150075,18759,17812,692,18504,108
2021-01-10,Lake,033,64148,2445,2174,0,2174,26
2021-01-10,Lassen,035,31185,4709,4642,68,4710,1
2021-01-10,Los Angeles,037,10098052,978071,901783,29702,931485,12170
2021-01-10,Madera,039,155013,13100,12179,592,12771,85
2021-01-10,Marin,041,260295,11283,10737,109,10846,155
2021-01-10,Mariposa,043,17540,319,291,2,293,3
2021-01-10,Mendocino,045,87422,2933,2706,43,2749,31
2021-01-10,Merced,047,269075,22828,21691,523,22214,238
2021-01-10,Modoc,049,8938,288,271,79,350,0
2021-01-10,Mono,051,14174,1043,965,13,978,3
2021-01-10,Monterey,053,433212,34175,32571,934,33505,237
2021-01-10,Napa,055,140530,7273,6687,27,6714,36
2021-01-10,Nevada,057,99092,3208,2959,116,3075,17
2021-01-10,Orange,059,3164182,205534,193766,8191,201957,2104
2021-01-10,Placer,061,380077,17403,15779,779,16558,163
2021-01-10,Plumas,063,18699,554,477,9,486,2
2021-01-10,Riverside,065,2383286,235199,219486,10934,230420,2216
2021-01-10,Sacramento,067,1510023,77823,75394,817,76211,965
2021-01-10,San Benito,069,59416,4659,4434,41,4475,34
2021-01-10,San Bernardino,071,2135413,246909,232171,6921,239092,1736
2021-01-10,San Diego,073,3302833,209261,191886,9654,201540,1857
2021-01-10,San Francisco,075,870044,28148,27054,380,27434,238
2021-01-10,San Joaquin,077,732212,55312,52535,2090,54625,725
2021-01-10,San Luis Obispo,079,281455,15132,13968,352,14320,122
2021-01-10,San Mateo,081,765935,31781,28972,174,29146,206
2021-01-10,Santa Barbara,083,443738,23379,21290,657,21947,200
2021-01-10,Santa Clara,085,1922200,89572,83779,375,84154,858
2021-01-10,Santa Cruz,087,273765,12298,10951,499,11450,106
2021-01-10,Shasta,089,179085,9418,8936,901,9837,81
2021-01-10,Sierra,091,2930,40,32,6,38,0
2021-01-10,Siskiyou,093,43540,1191,1075,152,1227,3
2021-01-10,Solano,095,438530,24228,22621,252,22873,101
2021-01-10,Sonoma,097,501317,22927,21925,116,22041,204
2021-01-10,Stanislaus,099,539301,41322,38809,3942,42751,571
2021-01-10,Sutter,101,95872,7435,7133,54,7187,71
2021-01-10,Tehama,103,63373,3701,3504,374,3878,17
2021-01-10,Trinity,105,12862,437,253,60,313,2
2021-01-10,Tulare,107,460477,40555,38012,4985,42997,497
2021-01-10,Tuolumne,109,53932,3173,3143,30,3173,27
2021-01-10,Ventura,111,848112,57650,53095,1974,55069,319
2021-01-10,Yolo,113,214977,10459,9610,84,9694,129
2021-01-10,Yuba,115,75493,4570,4300,43,4343,27
2021-01-09,Alameda,001,1643700,64371,60125,1275,61400,649
2021-01-09,Alpine,002,1148,73,70,0,70,0
2021-01-09,Amador,005,37829,2950,2809,24,2833,24
2021-01-09,Butte,007,227075,9363,8552,1212,9764,118
2021-01-09,Calaveras,009,45235,1472,1425,7,1432,21
2021-01-09,Colusa,011,21464,1544,1468,141,1609,7
2021-01-09,Contra Costa,013,1133247,50016,46406,770,47176,393
2021-01-09,Del Norte,015,27424,845,802,2,804,2
2021-01-09,El Dorado,017,186661,7596,6800,462,7262,36
2021-01-09,Fresno,019,978130,81366,74816,5833,80649,773
2021-01-09,Glenn,021,27897,1891,1707,355,2062,9
2021-01-09,Humboldt,023,135768,2197,2026,7,2033,22
2021-01-09,Imperial,025,180216,25110,24028,1908,25936,448
2021-01-09,Inyo,027,18085,877,734,8,742,25
2021-01-09,Kern,029,883053,78187,73015,6656,79671,677
2021-01-09,Kings,031,150075,18664,17679,688,18367,108
2021-01-09,Lake,033,64148,2409,2144,0,2144,26
2021-01-09,Lassen,035,31185,4697,4613,68,4681,1
2021-01-09,Los Angeles,037,10098052,972489,887949,29278,917227,12011
2021-01-09,Madera,039,155013,13005,12063,586,12649,85
2021-01-09,Marin,041,260295,11222,10634,108,10742,154
2021-01-09,Mariposa,043,17540,316,287,2,289,3
2021-01-09,Mendocino,045,87422,2915,2664,43,2707,31
2021-01-09,Merced,047,269075,22686,21357,514,21871,237
2021-01-09,Modoc,049,8938,288,271,78,349,0
2021-01-09,Mono,051,14174,1038,964,13,977,3
2021-01-09,Monterey,053,433212,34025,31948,924,32872,235
2021-01-09,Napa,055,140530,7203,6594,24,6618,36
2021-01-09,Nevada,057,99092,3186,2932,113,3045,17
2021-01-09,Orange,059,3164182,204015,191004,8099,199103,2034
2021-01-09,Placer,061,380077,17296,15609,777,16386,162
2021-01-09,Plumas,063,18699,552,477,9,486,2
2021-01-09,Riverside,065,2383286,233444,216076,10798,226874,2201
2021-01-09,Sacramento,067,1510023,77290,74482,812,75294,953
2021-01-09,San Benito,069,59416,4607,4335,41,4376,34
2021-01-09,San Bernardino,071,2135413,245685,228857,6854,235711,1714
2021-01-09,San Diego,073,3302833,207567,188598,9534,198132,1824
2021-01-09,San Francisco,075,870044,27978,26708,339,27047,235
2021-01-09,San Joaquin,077,732212,54984,51927,2071,53998,724
2021-01-09,San Luis Obispo,079,281455,15008,13647,341,13988,121
2021-01-09,San Mateo,081,765935,31482,28512,167,28679,205
2021-01-09,Santa Barbara,083,443738,23167,20971,652,21623,197
2021-01-09,Santa Clara,085,1922200,88732,82269,363,82632,808
2021-01-09,Santa Cruz,087,273765,12203,10717,493,11210,107
2021-01-09,Shasta,089,179085,9385,8893,897,9790,81
2021-01-09,Sierra,091,2930,38,32,6,38,0
2021-01-09,Siskiyou,093,43540,1187,1062,147,1209,3
2021-01-09,Solano,095,438530,24065,22226,250,22476,101
2021-01-09,Sonoma,097,501317,22805,21393,116,21509,202
2021-01-09,Stanislaus,099,539301,41031,38403,3908,42311,567
2021-01-09,Sutter,101,95872,7399,7072,53,7125,69
2021-01-09,Tehama,103,63373,3669,3451,363,3814,15
2021-01-09,Trinity,105,12862,437,252,60,312,2
2021-01-09,Tulare,107,460477,40304,37684,4921,42605,496
2021-01-09,Tuolumne,109,53932,3165,3117,29,3146,26
2021-01-09,Ventura,111,848112,56822,51988,1948,53936,306
2021-01-09,Yolo,113,214977,10388,9524,83,9607,129
2021-01-09,Yuba,115,75493,4539,4265,43,4308,27
2021-01-08,Alameda,001,1643700,63808,59172,1266,60438,646
2021-01-08,Alpine,002,1148,73,70,0,70,0
2021-01-08,Amador,005,37829,2943,2792,24,2816,24
2021-01-08,Butte,007,227075,9303,8430,1197,9627,115
2021-01-08,Calaveras,009,45235,1458,1385,7,1392,21
2021-01-08,Colusa,011,21464,1532,1448,140,1588,7
2021-01-08,Contra Costa,013,1133247,49480,45667,766,46433,381
2021-01-08,Del Norte,015,27424,843,795,2,797,2
2021-01-08,El Dorado,017,186661,7526,6690,450,7140,36
2021-01-08,Fresno,019,978130,80554,73689,5775,79464,771
2021-01-08,Glenn,021,27897,1876,1680,350,2030,9
2021-01-08,Humboldt,023,135768,2173,1988,7,1995,22
2021-01-08,Imperial,025,180216,25045,23751,1893,25644,446
2021-01-08,Inyo,027,18085,862,682,8,690,24
2021-01-08,Kern,029,883053,77623,71978,6583,78561,674
2021-01-08,Kings,031,150075,18536,17441,683,18124,108
2021-01-08,Lake,033,64148,2381,2098,0,2098,26
2021-01-08,Lassen,035,31185,4689,4598,66,4664,1
2021-01-08,Los Angeles,037,10098052,961676,871188,28862,900050,11796
2021-01-08,Madera,039,155013,12855,11846,577,12423,85
2021-01-08,Marin,041,260295,11130,10531,108,10639,153
2021-01-08,Mariposa,043,17540,315,273,2,275,3
2021-01-08,Mendocino,045,87422,2896,2634,40,2674,31
2021-01-08,Merced,047,269075,22492,20862,508,21370,236
2021-01-08,Modoc,049,8938,288,266,78,344,0
2021-01-08,Mono,051,14174,1028,951,13,964,3
2021-01-08,Monterey,053,433212,33773,31543,914,32457,224
2021-01-08,Napa,055,140530,7132,6544,24,6568,32
2021-01-08,Nevada,057,99092,3164,2888,113,3001,17
2021-01-08,Orange,059,3164182,202016,186608,8013,194621,1991
2021-01-08,Placer,061,380077,17163,15401,770,16171,161
2021-01-08,Plumas,063,18699,546,465,9,474,2
2021-01-08,Riverside,065,2383286,231036,212122,10675,222797,2184
2021-01-08,Sacramento,067,1510023,76717,73245,806,74051,939
2021-01-08,San Benito,069,59416,4570,4225,40,4265,33
2021-01-08,San Bernardino,071,2135413,243805,224267,6783,231050,1703
2021-01-08,San Diego,073,3302833,205029,185060,9440,194500,1771
2021-01-08,San Francisco,075,870044,27728,26378,317,26695,207
2021-01-08,San Joaquin,077,732212,54659,50990,2043,53033,710
2021-01-08,San Luis Obispo,079,281455,14875,13286,329,13615,119
2021-01-08,San Mateo,081,765935,31133,28072,165,28237,204
2021-01-08,Santa Barbara,083,443738,22881,20461,647,21108,189
2021-01-08,Santa Clara,085,1922200,87788,80561,360,80921,789
2021-01-08,Santa Cruz,087,273765,12061,10486,485,10971,106
2021-01-08,Shasta,089,179085,9335,8772,882,9654,81
2021-01-08,Sierra,091,2930,38,31,6,37,0
2021-01-08,Siskiyou,093,43540,1184,1027,146,1173,3
2021-01-08,Solano,095,438530,23893,21832,247,22079,100
2021-01-08,Sonoma,097,501317,22663,21178,116,21294,201
2021-01-08,Stanislaus,099,539301,40732,37858,3874,41732,566
2021-01-08,Sutter,101,95872,7349,6982,53,7035,68
2021-01-08,Tehama,103,63373,3645,3406,360,3766,15
2021-01-08,Trinity,105,12862,437,247,60,307,2
2021-01-08,Tulare,107,460477,40036,36946,4826,41772,491
2021-01-08,Tuolumne,109,53932,3157,3099,29,3128,19
2021-01-08,Ventura,111,848112,55956,50553,1924,52477,294
2021-01-08,Yolo,113,214977,10299,9391,83,9474,129
2021-01-08,Yuba,115,75493,4497,4195,42,4237,26
2021-01-07,Alameda,001,1643700,62947,57921,1239,59160,632
2021-01-07,Alpine,002,1148,71,70,0,70,0
2021-01-07,Amador,005,37829,2930,2740,23,2763,24
2021-01-07,Butte,007,227075,9206,8278,1176,9454,112
2021-01-07,Calaveras,009,45235,1441,1342,6,1348,21
2021-01-07,Colusa,011,21464,1520,1420,133,1553,7
2021-01-07,Contra Costa,013,1133247,48702,44756,752,45508,376
2021-01-07,Del Norte,015,27424,841,791,2,793,2
2021-01-07,El Dorado,017,186661,7425,6545,440,6985,36
2021-01-07,Fresno,019,978130,79598,72557,5675,78232,765
2021-01-07,Glenn,021,27897,1858,1639,340,1979,9
2021-01-07,Humboldt,023,135768,2146,1954,7,1961,22
2021-01-07,Imperial,025,180216,24865,23608,1842,25450,431
2021-01-07,Inyo,027,18085,850,656,8,664,20
2021-01-07,Kern,029,883053,76761,70953,6435,77388,660
2021-01-07,Kings,031,150075,18410,17238,673,17911,108
2021-01-07,Lake,033,64148,2328,2054,0,2054,26
2021-01-07,Lassen,035,31185,4684,4581,64,4645,1
2021-01-07,Los Angeles,037,10098052,946752,853187,28339,881526,11480
2021-01-07,Madera,039,155013,12700,11644,567,12211,76
2021-01-07,Marin,041,260295,11041,10364,106,10470,153
2021-01-07,Mariposa,043,17540,313,264,2,266,3
2021-01-07,Mendocino,045,87422,2842,2585,35,2620,30
2021-01-07,Merced,047,269075,22171,20510,492,21002,234
2021-01-07,Modoc,049,8938,288,265,78,343,0
2021-01-07,Mono,051,14174,1017,905,13,918,3
2021-01-07,Monterey,053,433212,33268,30903,891,31794,222
2021-01-07,Napa,055,140530,7023,6408,24,6432,32
2021-01-07,Nevada,057,99092,3130,2847,108,2955,17
2021-01-07,Orange,059,3164182,199189,181922,7913,189835,1974
2021-01-07,Placer,061,380077,16984,15155,742,15897,144
2021-01-07,Plumas,063,18699,544,454,9,463,2
2021-01-07,Riverside,065,2383286,227578,208177,10525,218702,2156
2021-01-07,Sacramento,067,1510023,75812,72342,785,73127,919
2021-01-07,San Benito,069,59416,4509,4112,38,4150,33
2021-01-07,San Bernardino,071,2135413,240367,219691,6699,226390,1666
2021-01-07,San Diego,073,3302833,201723,180510,9262,189772,1738
2021-01-07,San Francisco,075,870044,27403,25885,304,26189,202
2021-01-07,San Joaquin,077,732212,53989,50156,2014,52170,689
2021-01-07,San Luis Obispo,079,281455,14636,12810,316,13126,118
2021-01-07,San Mateo,081,765935,30623,27494,162,27656,201
2021-01-07,Santa Barbara,083,443738,22454,19931,636,20567,187
2021-01-07,Santa Clara,085,1922200,86669,78808,356,79164,775
2021-01-07,Santa Cruz,087,273765,11852,10228,477,10705,104
2021-01-07,Shasta,089,179085,9247,8612,874,9486,81
2021-01-07,Sierra,091,2930,38,31,6,37,0
2021-01-07,Siskiyou,093,43540,1179,1010,145,1155,3
2021-01-07,Solano,095,438530,23501,21384,243,21627,100
2021-01-07,Sonoma,097,501317,22402,20857,115,20972,200
2021-01-07,Stanislaus,099,539301,40316,37296,3822,41118,553
2021-01-07,Sutter,101,95872,7290,6890,52,6942,65
2021-01-07,Tehama,103,63373,3621,3330,352,3682,15
2021-01-07,Trinity,105,12862,437,247,60,307,2
2021-01-07,Tulare,107,460477,39649,36397,4696,41093,482
2021-01-07,Tuolumne,109,53932,3137,3068,28,3096,14
2021-01-07,Ventura,111,848112,54795,49083,1896,50979,288
2021-01-07,Yolo,113,214977,10158,9207,81,9288,128
2021-01-07,Yuba,115,75493,4457,4128,42,4170,25
2021-01-06,Alameda,001,1643700,62093,57081,1212,58293,616
2021-01-06,Alpine,002,1148,71,70,0,70,0
2021-01-06,Amador,005,37829,2909,2717,22,2739,24
2021-01-06,Butte,007,227075,9094,8147,1157,9304,110
2021-01-06,Calaveras,009,45235,1418,1321,6,1327,21
2021-01-06,Colusa,011,21464,1500,1385,128,1513,7
2021-01-06,Contra Costa,013,1133247,47905,44054,736,44790,358
2021-01-06,Del Norte,015,27424,835,780,2,782,2
2021-01-06,El Dorado,017,186661,7313,6397,426,6823,35
2021-01-06,Fresno,019,978130,78752,71404,5573,76977,752
2021-01-06,Glenn,021,27897,1832,1622,336,1958,9
2021-01-06,Humboldt,023,135768,2120,1912,7,1919,22
2021-01-06,Imperial,025,180216,24618,23400,1799,25199,431
2021-01-06,Inyo,027,18085,834,630,8,638,20
2021-01-06,Kern,029,883053,75818,69893,6309,76202,646
2021-01-06,Kings,031,150075,18212,17019,654,17673,108
2021-01-06,Lake,033,64148,2294,2033,0,2033,26
2021-01-06,Lassen,035,31185,4672,4560,60,4620,1
2021-01-06,Los Angeles,037,10098052,930789,835052,27658,862710,11285
2021-01-06,Madera,039,155013,12566,11407,560,11967,67
2021-01-06,Marin,041,260295,10918,10282,105,10387,153
2021-01-06,Mariposa,043,17540,310,259,2,261,3
2021-01-06,Mendocino,045,87422,2812,2561,35,2596,30
2021-01-06,Merced,047,269075,21836,20258,477,20735,232
2021-01-06,Modoc,049,8938,288,263,78,341,0
2021-01-06,Mono,051,14174,986,905,13,918,3
2021-01-06,Monterey,053,433212,32667,30387,860,31247,222
2021-01-06,Napa,055,140530,6893,6342,24,6366,32
2021-01-06,Nevada,057,99092,3110,2805,107,2912,15
2021-01-06,Orange,059,3164182,195751,177686,7772,185458,1935
2021-01-06,Placer,061,380077,16797,14940,724,15664,134
2021-01-06,Plumas,063,18699,536,445,9,454,2
2021-01-06,Riverside,065,2383286,223565,203714,10339,214053,2121
2021-01-06,Sacramento,067,1510023,74788,71572,768,72340,909
2021-01-06,San Benito,069,59416,4434,4031,37,4068,32
2021-01-06,San Bernardino,071,2135413,236682,215286,6596,221882,1634
2021-01-06,San Diego,073,3302833,198223,176660,9091,185751,1691
2021-01-06,San Francisco,075,870044,27037,25424,296,25720,199
2021-01-06,San Joaquin,077,732212,53256,49286,1972,51258,673
2021-01-06,San Luis Obispo,079,281455,14242,12305,309,12614,115
2021-01-06,San Mateo,081,765935,30198,27050,159,27209,200
2021-01-06,Santa Barbara,083,443738,21966,19453,627,20080,177
2021-01-06,Santa Clara,085,1922200,85348,77485,349,77834,746
2021-01-06,Santa Cruz,087,273765,11633,9954,459,10413,97
2021-01-06,Shasta,089,179085,9177,8482,867,9349,78
2021-01-06,Sierra,091,2930,37,31,6,37,0
2021-01-06,Siskiyou,093,43540,1167,998,141,1139,3
2021-01-06,Solano,095,438530,23126,21102,240,21342,99
2021-01-06,Sonoma,097,501317,22094,20558,115,20673,196
2021-01-06,Stanislaus,099,539301,39749,36751,3762,40513,553
2021-01-06,Sutter,101,95872,7209,6839,51,6890,59
2021-01-06,Tehama,103,63373,3592,3306,346,3652,15
2021-01-06,Trinity,105,12862,437,246,60,306,2
2021-01-06,Tulare,107,460477,39156,35882,4601,40483,465
2021-01-06,Tuolumne,109,53932,3116,3008,28,3036,14
2021-01-06,Ventura,111,848112,53551,47428,1872,49300,280
2021-01-06,Yolo,113,214977,9991,9083,78,9161,127
2021-01-06,Yuba,115,75493,4407,4097,42,4139,25
2021-01-05,Alameda,001,1643700,60975,56432,1182,57614,602
2021-01-05,Alpine,002,1148,71,70,0,70,0
2021-01-05,Amador,005,37829,2869,2695,22,2717,24
2021-01-05,Butte,007,227075,8955,8008,1130,9138,107
2021-01-05,Calaveras,009,45235,1371,1292,6,1298,21
2021-01-05,Colusa,011,21464,1478,1376,122,1498,7
2021-01-05,Contra Costa,013,1133247,47045,43442,724,44166,353
2021-01-05,Del Norte,015,27424,829,770,2,772,2
2021-01-05,El Dorado,017,186661,7195,6270,405,6675,32
2021-01-05,Fresno,019,978130,77532,70971,5483,76454,741
2021-01-05,Glenn,021,27897,1809,1608,320,1928,9
2021-01-05,Humboldt,023,135768,2084,1884,7,1891,22
2021-01-05,Imperial,025,180216,24446,23165,1758,24923,421
2021-01-05,Inyo,027,18085,820,627,8,635,20
2021-01-05,Kern,029,883053,74740,68257,6174,74431,624
2021-01-05,Kings,031,150075,18014,16860,632,17492,108
2021-01-05,Lake,033,64148,2248,2015,0,2015,25
2021-01-05,Lassen,035,31185,4657,4554,56,4610,1
2021-01-05,Los Angeles,037,10098052,912051,823783,27004,850787,11028
2021-01-05,Madera,039,155013,12396,11359,548,11907,67
2021-01-05,Marin,041,260295,10770,10214,104,10318,151
2021-01-05,Mariposa,043,17540,304,257,2,259,3
2021-01-05,Mendocino,045,87422,2776,2501,35,2536,30
2021-01-05,Merced,047,269075,21484,20051,465,20516,230
2021-01-05,Modoc,049,8938,288,254,78,332,0
2021-01-05,Mono,051,14174,980,896,13,909,3
2021-01-05,Monterey,053,433212,32120,30045,827,30872,213
2021-01-05,Napa,055,140530,6807,6264,24,6288,29
2021-01-05,Nevada,057,99092,3082,2781,106,2887,15
2021-01-05,Orange,059,3164182,192123,174869,7582,182451,1918
2021-01-05,Placer,061,380077,16574,14723,701,15424,133
2021-01-05,Plumas,063,18699,529,428,9,437,2
2021-01-05,Riverside,065,2383286,219440,200439,10170,210609,2069
2021-01-05,Sacramento,067,1510023,73859,70677,742,71419,888
2021-01-05,San Benito,069,59416,4332,3961,35,3996,28
2021-01-05,San Bernardino,071,2135413,232718,212522,6480,219002,1615
2021-01-05,San Diego,073,3302833,194083,172845,8877,181722,1654
2021-01-05,San Francisco,075,870044,26667,24989,280,25269,196
2021-01-05,San Joaquin,077,732212,52398,48969,1928,50897,663
2021-01-05,San Luis Obispo,079,281455,13844,12027,299,12326,106
2021-01-05,San Mateo,081,765935,29717,26486,157,26643,198
2021-01-05,Santa Barbara,083,443738,21519,19063,619,19682,172
2021-01-05,Santa Clara,085,1922200,83801,76355,337,76692,729
2021-01-05,Santa Cruz,087,273765,11360,9753,435,10188,93
2021-01-05,Shasta,089,179085,9070,8345,849,9194,73
2021-01-05,Sierra,091,2930,37,31,6,37,0
2021-01-05,Siskiyou,093,43540,1155,985,139,1124,3
2021-01-05,Solano,095,438530,22719,20860,235,21095,97
2021-01-05,Sonoma,097,501317,21736,20247,114,20361,194
2021-01-05,Stanislaus,099,539301,39206,36363,3711,40074,553
2021-01-05,Sutter,101,95872,7112,6769,50,6819,59
2021-01-05,Tehama,103,63373,3540,3255,342,3597,9
2021-01-05,Trinity,105,12862,437,246,60,306,2
2021-01-05,Tulare,107,460477,38581,35585,4460,40045,455
2021-01-05,Tuolumne,109,53932,3093,2996,23,3019,13
2021-01-05,Ventura,111,848112,52307,46456,1850,48306,264
2021-01-05,Yolo,113,214977,9813,8980,76,9056,127
2021-01-05,Yuba,115,75493,4348,4053,41,4094,21
2021-01-04,Alameda,001,1643700,59754,55899,1148,57047,583
2021-01-04,Alpine,002,1148,71,68,0,68,0
2021-01-04,Amador,005,37829,2829,2596,22,2618,24
2021-01-04,Butte,007,227075,8796,7893,1109,9002,105
2021-01-04,Calaveras,009,45235,1330,1276,5,1281,21
2021-01-04,Colusa,011,21464,1453,1368,108,1476,7
2021-01-04,Contra Costa,013,1133247,46187,43019,700,43719,353
2021-01-04,Del Norte,015,27424,818,770,2,772,2
2021-01-04,El Dorado,017,186661,7061,6152,391,6543,27
2021-01-04,Fresno,019,978130,76265,69871,5385,75256,726
2021-01-04,Glenn,021,27897,1776,1590,315,1905,9
2021-01-04,Humboldt,023,135768,2047,1845,7,1852,22
2021-01-04,Imperial,025,180216,24299,23035,1707,24742,420
2021-01-04,Inyo,027,18085,794,623,8,631,20
2021-01-04,Kern,029,883053,73657,67418,5980,73398,623
2021-01-04,Kings,031,150075,17738,16801,608,17409,108
2021-01-04,Lake,033,64148,2212,1984,0,1984,25
2021-01-04,Lassen,035,31185,4635,4550,55,4605,1
2021-01-04,Los Angeles,037,10098052,891902,813022,26168,839190,10790
2021-01-04,Madera,039,155013,12180,11204,527,11731,67
2021-01-04,Marin,041,260295,10630,10115,102,10217,151
2021-01-04,Mariposa,043,17540,298,253,2,255,3
2021-01-04,Mendocino,045,87422,2736,2460,31,2491,28
2021-01-04,Merced,047,269075,21072,19804,446,20250,230
2021-01-04,Modoc,049,8938,272,250,76,326,0
2021-01-04,Mono,051,14174,969,895,13,908,3
2021-01-04,Monterey,053,433212,31506,29659,806,30465,212
2021-01-04,Napa,055,140530,6666,6187,24,6211,29
2021-01-04,Nevada,057,99092,3044,2765,103,2868,15
2021-01-04,Orange,059,3164182,188239,172458,7460,179918,1918
2021-01-04,Placer,061,380077,16315,14622,688,15310,133
2021-01-04,Plumas,063,18699,519,419,9,428,1
2021-01-04,Riverside,065,2383286,214893,196809,9984,206793,2066
2021-01-04,Sacramento,067,1510023,72805,70164,733,70897,870
2021-01-04,San Benito,069,59416,4219,3914,35,3949,28
2021-01-04,San Bernardino,071,2135413,228450,210868,6331,217199,1615
2021-01-04,San Diego,073,3302833,189509,171031,8681,179712,1598
2021-01-04,San Francisco,075,870044,26281,24753,274,25027,191
2021-01-04,San Joaquin,077,732212,51507,48644,1887,50531,661
2021-01-04,San Luis Obispo,079,281455,13357,11945,292,12237,96
2021-01-04,San Mateo,081,765935,29153,26150,152,26302,198
2021-01-04,Santa Barbara,083,443738,20996,18735,590,19325,165
2021-01-04,Santa Clara,085,1922200,82044,75297,330,75627,727
2021-01-04,Santa Cruz,087,273765,11072,9680,418,10098,85
2021-01-04,Shasta,089,179085,8965,8224,832,9056,72
2021-01-04,Sierra,091,2930,36,30,6,36,0
2021-01-04,Siskiyou,093,43540,1139,980,136,1116,3
2021-01-04,Solano,095,438530,22214,20588,227,20815,97
2021-01-04,Sonoma,097,501317,21398,20210,113,20323,194
2021-01-04,Stanislaus,099,539301,38642,36141,3656,39797,553
2021-01-04,Sutter,101,95872,7016,6712,49,6761,56
2021-01-04,Tehama,103,63373,3471,3190,337,3527,9
2021-01-04,Trinity,105,12862,434,245,60,305,2
2021-01-04,Tulare,107,460477,38041,35060,4361,39421,455
2021-01-04,Tuolumne,109,53932,3068,2987,23,3010,13
2021-01-04,Ventura,111,848112,50804,45014,1830,46844,255
2021-01-04,Yolo,113,214977,9618,8834,75,8909,121
2021-01-04,Yuba,115,75493,4293,4023,41,4064,21
2021-01-03,Alameda,001,1643700,58506,55082,1121,56203,580
2021-01-03,Alpine,002,1148,69,68,0,68,0
2021-01-03,Amador,005,37829,2772,2565,22,2587,24
2021-01-03,Butte,007,227075,8602,7837,1063,8900,105
2021-01-03,Calaveras,009,45235,1293,1249,3,1252,21
2021-01-03,Colusa,011,21464,1425,1337,102,1439,7
2021-01-03,Contra Costa,013,1133247,45301,42432,679,43111,352
2021-01-03,Del Norte,015,27424,807,768,2,770,2
2021-01-03,El Dorado,017,186661,6933,6034,374,6408,27
2021-01-03,Fresno,019,978130,75115,69326,5269,74595,719
2021-01-03,Glenn,021,27897,1751,1581,309,1890,9
2021-01-03,Humboldt,023,135768,2010,1833,7,1840,21
2021-01-03,Imperial,025,180216,24059,22951,1629,24580,419
2021-01-03,Inyo,027,18085,775,615,8,623,20
2021-01-03,Kern,029,883053,72396,66895,5805,72700,609
2021-01-03,Kings,031,150075,17462,16593,579,17172,108
2021-01-03,Lake,033,64148,2166,1976,0,1976,24
2021-01-03,Lassen,035,31185,4602,4531,54,4585,1
2021-01-03,Los Angeles,037,10098052,869835,792168,25138,817306,10633
2021-01-03,Madera,039,155013,11952,11152,504,11656,67
2021-01-03,Marin,041,260295,10480,10034,98,10132,150
2021-01-03,Mariposa,043,17540,291,248,2,250,3
2021-01-03,Mendocino,045,87422,2696,2445,29,2474,24
2021-01-03,Merced,047,269075,20605,19600,420,20020,230
2021-01-03,Modoc,049,8938,268,245,75,320,0
2021-01-03,Mono,051,14174,944,893,13,906,3
2021-01-03,Monterey,053,433212,30916,29357,771,30128,191
2021-01-03,Napa,055,140530,6565,6094,24,6118,29
2021-01-03,Nevada,057,99092,2983,2742,100,2842,15
2021-01-03,Orange,059,3164182,184048,169881,7271,177152,1919
2021-01-03,Placer,061,380077,16064,14319,665,14984,133
2021-01-03,Plumas,063,18699,506,416,9,425,1
2021-01-03,Riverside,065,2383286,210018,195048,9737,204785,2005
2021-01-03,Sacramento,067,1510023,71599,68558,712,69270,859
2021-01-03,San Benito,069,59416,4123,3882,34,3916,28
2021-01-03,San Bernardino,071,2135413,223174,208294,6160,214454,1592
2021-01-03,San Diego,073,3302833,184249,168018,8452,176470,1592
2021-01-03,San Francisco,075,870044,25790,24588,255,24843,193
2021-01-03,San Joaquin,077,732212,50398,47899,1832,49731,661
2021-01-03,San Luis Obispo,079,281455,12889,11636,284,11920,95
2021-01-03,San Mateo,081,765935,28559,25770,145,25915,196
2021-01-03,Santa Barbara,083,443738,20263,18267,576,18843,164
2021-01-03,Santa Clara,085,1922200,80454,74534,324,74858,720
2021-01-03,Santa Cruz,087,273765,10767,9528,403,9931,84
2021-01-03,Shasta,089,179085,8838,8192,792,8984,72
2021-01-03,Sierra,091,2930,36,30,6,36,0
2021-01-03,Siskiyou,093,43540,1106,976,127,1103,3
2021-01-03,Solano,095,438530,21678,20105,221,20326,97
2021-01-03,Sonoma,097,501317,21012,19982,111,20093,193
2021-01-03,Stanislaus,099,539301,37935,35762,3573,39335,553
2021-01-03,Sutter,101,95872,6919,6664,48,6712,53
2021-01-03,Tehama,103,63373,3417,3176,329,3505,9
2021-01-03,Trinity,105,12862,429,243,58,301,2
2021-01-03,Tulare,107,460477,37464,34747,4214,38961,455
2021-01-03,Tuolumne,109,53932,3007,2978,20,2998,13
2021-01-03,Ventura,111,848112,48978,43748,1813,45561,254
2021-01-03,Yolo,113,214977,9457,8674,74,8748,121
2021-01-03,Yuba,115,75493,4242,3966,40,4006,20
2021-01-02,Alameda,001,1643700,57884,54518,1090,55608,581
2021-01-02,Alpine,002,1148,69,68,0,68,0
2021-01-02,Amador,005,37829,2753,2540,22,2562,24
2021-01-02,Butte,007,227075,8496,7750,1042,8792,105
2021-01-02,Calaveras,009,45235,1273,1230,3,1233,21
2021-01-02,Colusa,011,21464,1414,1332,101,1433,7
2021-01-02,Contra Costa,013,1133247,44755,41993,671,42664,352
2021-01-02,Del Norte,015,27424,805,764,2,766,2
2021-01-02,El Dorado,017,186661,6878,5959,370,6329,27
2021-01-02,Fresno,019,978130,74572,68740,5158,73898,717
2021-01-02,Glenn,021,27897,1734,1546,308,1854,9
2021-01-02,Humboldt,023,135768,1983,1815,7,1822,21
2021-01-02,Imperial,025,180216,23971,22867,1597,24464,420
2021-01-02,Inyo,027,18085,764,609,8,617,20
2021-01-02,Kern,029,883053,71676,66457,5693,72150,610
2021-01-02,Kings,031,150075,17368,16515,575,17090,108
2021-01-02,Lake,033,64148,2129,1925,0,1925,24
2021-01-02,Lassen,035,31185,4591,4457,53,4510,1
2021-01-02,Los Angeles,037,10098052,861459,791892,24463,816355,10633
2021-01-02,Madera,039,155013,11837,11039,492,11531,67
2021-01-02,Marin,041,260295,10432,9924,95,10019,151
2021-01-02,Mariposa,043,17540,284,243,2,245,3
2021-01-02,Mendocino,045,87422,2653,2428,28,2456,24
2021-01-02,Merced,047,269075,20463,19395,403,19798,230
2021-01-02,Modoc,049,8938,267,245,75,320,0
2021-01-02,Mono,051,14174,933,884,13,897,3
2021-01-02,Monterey,053,433212,30700,28991,759,29750,191
2021-01-02,Napa,055,140530,6506,5994,24,6018,29
2021-01-02,Nevada,057,99092,2954,2706,96,2802,15
2021-01-02,Orange,059,3164182,181825,168457,7123,175580,1918
2021-01-02,Placer,061,380077,15891,14182,656,14838,133
2021-01-02,Plumas,063,18699,503,413,9,422,1
2021-01-02,Riverside,065,2383286,207372,192069,9511,201580,2008
2021-01-02,Sacramento,067,1510023,70963,67810,694,68504,858
2021-01-02,San Benito,069,59416,4041,3829,34,3863,28
2021-01-02,San Bernardino,071,2135413,221512,206939,6038,212977,1597
2021-01-02,San Diego,073,3302833,181649,164498,8256,172754,1592
2021-01-02,San Francisco,075,870044,25537,24414,247,24661,194
2021-01-02,San Joaquin,077,732212,49995,47310,1804,49114,662
2021-01-02,San Luis Obispo,079,281455,12755,11467,278,11745,95
2021-01-02,San Mateo,081,765935,28222,25483,137,25620,196
2021-01-02,Santa Barbara,083,443738,19974,18135,573,18708,164
2021-01-02,Santa Clara,085,1922200,79278,73662,318,73980,720
2021-01-02,Santa Cruz,087,273765,10612,9340,395,9735,85
2021-01-02,Shasta,089,179085,8772,8154,781,8935,72
2021-01-02,Sierra,091,2930,36,28,6,34,0
2021-01-02,Siskiyou,093,43540,1095,949,125,1074,3
2021-01-02,Solano,095,438530,21478,19805,212,20017,97
2021-01-02,Sonoma,097,501317,20843,19761,111,19872,194
2021-01-02,Stanislaus,099,539301,37602,35431,3509,38940,553
2021-01-02,Sutter,101,95872,6867,6621,48,6669,53
2021-01-02,Tehama,103,63373,3389,3146,325,3471,9
2021-01-02,Trinity,105,12862,426,243,58,301,2
2021-01-02,Tulare,107,460477,37136,34479,4139,38618,455
2021-01-02,Tuolumne,109,53932,2993,2942,18,2960,13
2021-01-02,Ventura,111,848112,47823,43397,1780,45177,254
2021-01-02,Yolo,113,214977,9361,8571,72,8643,122
2021-01-02,Yuba,115,75493,4204,3930,40,3970,21
2021-01-01,Alameda,001,1643700,57236,53518,1076,54594,579
2021-01-01,Alpine,002,1148,69,68,0,68,0
2021-01-01,Amador,005,37829,2727,2513,20,2533,24
2021-01-01,Butte,007,227075,8394,7589,1020,8609,105
2021-01-01,Calaveras,009,45235,1258,1186,3,1189,21
2021-01-01,Colusa,011,21464,1404,1314,99,1413,7
2021-01-01,Contra Costa,013,1133247,44280,41412,651,42063,351
2021-01-01,Del Norte,015,27424,800,758,2,760,2
2021-01-01,El Dorado,017,186661,6785,5832,362,6194,27
2021-01-01,Fresno,019,978130,73498,67484,5074,72558,717
2021-01-01,Glenn,021,27897,1717,1520,299,1819,9
2021-01-01,Humboldt,023,135768,1944,1783,7,1790,21
2021-01-01,Imperial,025,180216,23875,22715,1546,24261,418
2021-01-01,Inyo,027,18085,739,606,8,614,20
2021-01-01,Kern,029,883053,70850,65571,5586,71157,609
2021-01-01,Kings,031,150075,17185,16358,568,16926,108
2021-01-01,Lake,033,64148,2091,1888,0,1888,24
2021-01-01,Lassen,035,31185,4585,4377,53,4430,1
2021-01-01,Los Angeles,037,10098052,847237,775578,23795,799373,10515
2021-01-01,Madera,039,155013,11682,10752,483,11235,66
2021-01-01,Marin,041,260295,10334,9821,94,9915,148
2021-01-01,Mariposa,043,17540,276,236,2,238,3
2021-01-01,Mendocino,045,87422,2599,2400,28,2428,24
2021-01-01,Merced,047,269075,20279,19118,387,19505,229
2021-01-01,Modoc,049,8938,267,241,75,316,0
2021-01-01,Mono,051,14174,915,884,12,896,3
2021-01-01,Monterey,053,433212,30462,28465,750,29215,191
2021-01-01,Napa,055,140530,6421,5899,24,5923,28
2021-01-01,Nevada,057,99092,2930,2663,96,2759,15
2021-01-01,Orange,059,3164182,179031,165440,6980,172420,1893
2021-01-01,Placer,061,380077,15701,13987,641,14628,133
2021-01-01,Plumas,063,18699,498,412,9,421,1
2021-01-01,Riverside,065,2383286,204182,188674,9258,197932,1990
2021-01-01,Sacramento,067,1510023,70365,66956,677,67633,848
2021-01-01,San Benito,069,59416,4004,3773,34,3807,28
2021-01-01,San Bernardino,071,2135413,218748,203651,5908,209559,1590
2021-01-01,San Diego,073,3302833,178576,160071,8077,168148,1592
2021-01-01,San Francisco,075,870044,25259,24145,236,24381,187
2021-01-01,San Joaquin,077,732212,49671,46640,1760,48400,657
2021-01-01,San Luis Obispo,079,281455,12526,11160,270,11430,94
2021-01-01,San Mateo,081,765935,27773,25041,133,25174,194
2021-01-01,Santa Barbara,083,443738,19654,17759,563,18322,164
2021-01-01,Santa Clara,085,1922200,78057,71904,314,72218,680
2021-01-01,Santa Cruz,087,273765,10432,9146,385,9531,84
2021-01-01,Shasta,089,179085,8691,8102,764,8866,72
2021-01-01,Sierra,091,2930,36,26,6,32,0
2021-01-01,Siskiyou,093,43540,1081,944,120,1064,3
2021-01-01,Solano,095,438530,21264,19393,210,19603,97
2021-01-01,Sonoma,097,501317,20647,19513,111,19624,189
2021-01-01,Stanislaus,099,539301,37314,34978,3447,38425,553
2021-01-01,Sutter,101,95872,6810,6553,47,6600,52
2021-01-01,Tehama,103,63373,3331,3079,318,3397,9
2021-01-01,Trinity,105,12862,426,243,58,301,2
2021-01-01,Tulare,107,460477,36727,33994,4051,38045,454
2021-01-01,Tuolumne,109,53932,2976,2909,18,2927,13
2021-01-01,Ventura,111,848112,46330,42026,1754,43780,253
2021-01-01,Yolo,113,214977,9251,8461,69,8530,120
2021-01-01,Yuba,115,75493,4150,3845,39,3884,19
2020-12-31,Alameda,001,1643700,56688,52475,1044,53519,579
2020-12-31,Alpine,002,1148,69,66,0,66,0
2020-12-31,Amador,005,37829,2713,2493,20,2513,24
2020-12-31,Butte,007,227075,8319,7405,999,8404,105
2020-12-31,Calaveras,009,45235,1247,1161,3,1164,21
2020-12-31,Colusa,011,21464,1392,1301,96,1397,7
2020-12-31,Contra Costa,013,1133247,43876,40512,635,41147,336
2020-12-31,Del Norte,015,27424,799,748,2,750,2
2020-12-31,El Dorado,017,186661,6733,5662,353,6015,26
2020-12-31,Fresno,019,978130,73067,66442,5012,71454,711
2020-12-31,Glenn,021,27897,1689,1484,291,1775,9
2020-12-31,Humboldt,023,135768,1927,1713,7,1720,21
2020-12-31,Imperial,025,180216,23805,22494,1529,24023,417
2020-12-31,Inyo,027,18085,731,591,8,599,20
2020-12-31,Kern,029,883053,70376,64904,5497,70401,609
2020-12-31,Kings,031,150075,17110,16077,559,16636,108
2020-12-31,Lake,033,64148,2070,1848,0,1848,23
2020-12-31,Lassen,035,31185,4579,4340,52,4392,1
2020-12-31,Los Angeles,037,10098052,841891,755844,23344,779188,10320
2020-12-31,Madera,039,155013,11597,10609,475,11084,64
2020-12-31,Marin,041,260295,10282,9731,92,9823,148
2020-12-31,Mariposa,043,17540,274,217,2,219,3
2020-12-31,Mendocino,045,87422,2584,2367,24,2391,24
2020-12-31,Merced,047,269075,20189,18808,377,19185,226
2020-12-31,Modoc,049,8938,267,238,75,313,0
2020-12-31,Mono,051,14174,907,868,12,880,3
2020-12-31,Monterey,053,433212,30232,27720,738,28458,188
2020-12-31,Napa,055,140530,6358,5801,24,5825,28
2020-12-31,Nevada,057,99092,2907,2619,95,2714,15
2020-12-31,Orange,059,3164182,177130,161586,6851,168437,1866
2020-12-31,Placer,061,380077,15545,13708,638,14346,126
2020-12-31,Plumas,063,18699,494,401,8,409,1
2020-12-31,Riverside,065,2383286,202500,184193,9129,193322,1958
2020-12-31,Sacramento,067,1510023,69835,65817,667,66484,830
2020-12-31,San Benito,069,59416,3980,3673,34,3707,28
2020-12-31,San Bernardino,071,2135413,217054,199115,5835,204950,1586
2020-12-31,San Diego,073,3302833,176812,155593,7979,163572,1534
2020-12-31,San Francisco,075,870044,25024,23740,229,23969,183
2020-12-31,San Joaquin,077,732212,49319,45764,1722,47486,646
2020-12-31,San Luis Obispo,079,281455,12411,10846,270,11116,89
2020-12-31,San Mateo,081,765935,27443,24570,127,24697,192
2020-12-31,Santa Barbara,083,443738,19410,17434,556,17990,161
2020-12-31,Santa Clara,085,1922200,77180,70032,309,70341,665
2020-12-31,Santa Cruz,087,273765,10314,8909,373,9282,84
2020-12-31,Shasta,089,179085,8625,7996,754,8750,69
2020-12-31,Sierra,091,2930,36,26,6,32,0
2020-12-31,Siskiyou,093,43540,1065,940,117,1057,3
2020-12-31,Solano,095,438530,21030,18942,209,19151,97
2020-12-31,Sonoma,097,501317,20526,19129,110,19239,188
2020-12-31,Stanislaus,099,539301,37006,34398,3400,37798,552
2020-12-31,Sutter,101,95872,6779,6432,47,6479,51
2020-12-31,Tehama,103,63373,3293,3036,317,3353,9
2020-12-31,Trinity,105,12862,425,241,58,299,2
2020-12-31,Tulare,107,460477,36523,33412,3990,37402,446
2020-12-31,Tuolumne,109,53932,2967,2902,18,2920,12
2020-12-31,Ventura,111,848112,45820,40854,1737,42591,251
2020-12-31,Yolo,113,214977,9161,8295,68,8363,117
2020-12-31,Yuba,115,75493,4113,3799,38,3837,18
2020-12-30,Alameda,001,1643700,55907,50158,991,51149,573
2020-12-30,Alpine,002,1148,69,66,0,66,0
2020-12-30,Amador,005,37829,2693,2418,19,2437,24
2020-12-30,Butte,007,227075,8158,7140,980,8120,103
2020-12-30,Calaveras,009,45235,1222,1135,3,1138,21
2020-12-30,Colusa,011,21464,1374,1289,90,1379,7
2020-12-30,Contra Costa,013,1133247,43327,39601,622,40223,337
2020-12-30,Del Norte,015,27424,794,726,2,728,2
2020-12-30,El Dorado,017,186661,6632,5595,343,5938,27
2020-12-30,Fresno,019,978130,72222,65566,4862,70428,711
2020-12-30,Glenn,021,27897,1658,1471,279,1750,9
2020-12-30,Humboldt,023,135768,1893,1654,7,1661,22
2020-12-30,Imperial,025,180216,23638,22098,1453,23551,412
2020-12-30,Inyo,027,18085,725,572,8,580,20
2020-12-30,Kern,029,883053,69648,63292,5352,68644,604
2020-12-30,Kings,031,150075,16991,15862,550,16412,108
2020-12-30,Lake,033,64148,2051,1731,0,1731,23
2020-12-30,Lassen,035,31185,4570,4300,52,4352,1
2020-12-30,Los Angeles,037,10098052,830969,741907,22677,764584,10046
2020-12-30,Madera,039,155013,11487,10249,464,10713,65
2020-12-30,Marin,041,260295,10188,9569,85,9654,148
2020-12-30,Mariposa,043,17540,270,214,2,216,3
2020-12-30,Mendocino,045,87422,2566,2291,21,2312,24
2020-12-30,Merced,047,269075,19899,18519,367,18886,225
2020-12-30,Modoc,049,8938,264,234,75,309,0
2020-12-30,Mono,051,14174,904,868,12,880,3
2020-12-30,Monterey,053,433212,29602,26977,716,27693,186
2020-12-30,Napa,055,140530,6253,5754,24,5778,28
2020-12-30,Nevada,057,99092,2872,2595,93,2688,15
2020-12-30,Orange,059,3164182,174473,153951,6664,160615,1863
2020-12-30,Placer,061,380077,15314,13540,626,14166,127
2020-12-30,Plumas,063,18699,489,397,8,405,1
2020-12-30,Riverside,065,2383286,199552,176402,8946,185348,1919
2020-12-30,Sacramento,067,1510023,68962,64119,650,64769,847
2020-12-30,San Benito,069,59416,3898,3464,30,3494,29
2020-12-30,San Bernardino,071,2135413,214486,192648,5750,198398,1591
2020-12-30,San Diego,073,3302833,173179,152510,7804,160314,1472
2020-12-30,San Francisco,075,870044,24748,23099,224,23323,182
2020-12-30,San Joaquin,077,732212,48598,44465,1681,46146,634
2020-12-30,San Luis Obispo,079,281455,12142,10542,262,10804,89
2020-12-30,San Mateo,081,765935,27014,24150,123,24273,190
2020-12-30,Santa Barbara,083,443738,19008,16895,535,17430,161
2020-12-30,Santa Clara,085,1922200,75972,67218,305,67523,661
2020-12-30,Santa Cruz,087,273765,10140,8787,364,9151,86
2020-12-30,Shasta,089,179085,8511,7818,740,8558,69
2020-12-30,Sierra,091,2930,36,25,6,31,0
2020-12-30,Siskiyou,093,43540,1058,913,109,1022,3
2020-12-30,Solano,095,438530,20646,18300,206,18506,96
2020-12-30,Sonoma,097,501317,20270,18947,110,19057,191
2020-12-30,Stanislaus,099,539301,36543,33730,3325,37055,526
2020-12-30,Sutter,101,95872,6720,6328,45,6373,51
2020-12-30,Tehama,103,63373,3249,2969,313,3282,9
2020-12-30,Trinity,105,12862,424,231,57,288,2
2020-12-30,Tulare,107,460477,35992,32413,3930,36343,430
2020-12-30,Tuolumne,109,53932,2957,2772,16,2788,12
2020-12-30,Ventura,111,848112,44533,39039,1713,40752,251
2020-12-30,Yolo,113,214977,9053,8067,66,8133,117
2020-12-30,Yuba,115,75493,4045,3612,38,3650,18
2020-12-29,Alameda,001,1643700,54837,50946,956,51902,552
2020-12-29,Alpine,002,1148,69,65,0,65,0
2020-12-29,Amador,005,37829,2641,2388,18,2406,23
2020-12-29,Butte,007,227075,7987,7178,956,8134,98
2020-12-29,Calaveras,009,45235,1178,1111,2,1113,21
2020-12-29,Colusa,011,21464,1353,1272,85,1357,7
2020-12-29,Contra Costa,013,1133247,42557,39225,596,39821,325
2020-12-29,Del Norte,015,27424,787,724,2,726,2
2020-12-29,El Dorado,017,186661,6502,5551,330,5881,22
2020-12-29,Fresno,019,978130,70851,65149,4713,69862,688
2020-12-29,Glenn,021,27897,1624,1454,272,1726,9
2020-12-29,Humboldt,023,135768,1845,1616,7,1623,19
2020-12-29,Imperial,025,180216,23423,22105,1371,23476,407
2020-12-29,Inyo,027,18085,707,571,8,579,19
2020-12-29,Kern,029,883053,68483,63096,5184,68280,589
2020-12-29,Kings,031,150075,16822,15777,538,16315,108
2020-12-29,Lake,033,64148,2020,1805,0,1805,22
2020-12-29,Lassen,035,31185,4555,4288,52,4340,1
2020-12-29,Los Angeles,037,10098052,810754,731907,21855,753762,9786
2020-12-29,Madera,039,155013,11185,10251,451,10702,64
2020-12-29,Marin,041,260295,10046,9595,81,9676,146
2020-12-29,Mariposa,043,17540,262,212,2,214,3
2020-12-29,Mendocino,045,87422,2523,2249,20,2269,24
2020-12-29,Merced,047,269075,19548,18464,351,18815,221
2020-12-29,Modoc,049,8938,261,232,75,307,0
2020-12-29,Mono,051,14174,895,868,12,880,3
2020-12-29,Monterey,053,433212,28951,26894,691,27585,185
2020-12-29,Napa,055,140530,6135,5663,24,5687,28
2020-12-29,Nevada,057,99092,2824,2550,92,2642,15
2020-12-29,Orange,059,3164182,170700,154411,6501,160912,1839
2020-12-29,Placer,061,380077,15101,13392,605,13997,126
2020-12-29,Plumas,063,18699,480,395,8,403,1
2020-12-29,Riverside,065,2383286,194954,177624,8697,186321,1904
2020-12-29,Sacramento,067,1510023,67911,65078,638,65716,820
2020-12-29,San Benito,069,59416,3779,3474,29,3503,25
2020-12-29,San Bernardino,071,2135413,209650,190476,5614,196090,1557
2020-12-29,San Diego,073,3302833,168957,150062,7573,157635,1435
2020-12-29,San Francisco,075,870044,24408,22996,217,23213,178
2020-12-29,San Joaquin,077,732212,47657,44699,1628,46327,622
2020-12-29,San Luis Obispo,079,281455,11846,10387,254,10641,80
2020-12-29,San Mateo,081,765935,26472,23773,111,23884,189
2020-12-29,Santa Barbara,083,443738,18539,16797,509,17306,155
2020-12-29,Santa Clara,085,1922200,74471,67581,301,67882,621
2020-12-29,Santa Cruz,087,273765,9874,8492,355,8847,84
2020-12-29,Shasta,089,179085,8407,7782,725,8507,65
2020-12-29,Sierra,091,2930,34,24,5,29,0
2020-12-29,Siskiyou,093,43540,1043,926,107,1033,3
2020-12-29,Solano,095,438530,20267,18412,201,18613,96
2020-12-29,Sonoma,097,501317,19939,18790,108,18898,187
2020-12-29,Stanislaus,099,539301,36066,33775,3255,37030,508
2020-12-29,Sutter,101,95872,6653,6302,45,6347,50
2020-12-29,Tehama,103,63373,3179,2962,301,3263,9
2020-12-29,Trinity,105,12862,423,241,57,298,2
2020-12-29,Tulare,107,460477,35363,32545,3807,36352,419
2020-12-29,Tuolumne,109,53932,2915,2797,16,2813,12
2020-12-29,Ventura,111,848112,43278,38669,1687,40356,235
2020-12-29,Yolo,113,214977,8923,8124,64,8188,111
2020-12-29,Yuba,115,75493,3966,3723,38,3761,18
2020-12-28,Alameda,001,1643700,53795,50405,936,51341,551
2020-12-28,Alpine,002,1148,68,65,0,65,0
2020-12-28,Amador,005,37829,2571,2255,18,2273,23
2020-12-28,Butte,007,227075,7821,7053,926,7979,86
2020-12-28,Calaveras,009,45235,1155,1102,2,1104,21
2020-12-28,Colusa,011,21464,1327,1255,74,1329,7
2020-12-28,Contra Costa,013,1133247,41614,38872,567,39439,324
2020-12-28,Del Norte,015,27424,778,718,2,720,2
2020-12-28,El Dorado,017,186661,6346,5441,318,5759,18
2020-12-28,Fresno,019,978130,69583,64274,4562,68836,679
2020-12-28,Glenn,021,27897,1590,1435,260,1695,9
2020-12-28,Humboldt,023,135768,1810,1579,7,1586,19
2020-12-28,Imperial,025,180216,23167,22003,1297,23300,405
2020-12-28,Inyo,027,18085,701,569,8,577,19
2020-12-28,Kern,029,883053,67417,62392,4984,67376,579
2020-12-28,Kings,031,150075,16605,15733,520,16253,108
2020-12-28,Lake,033,64148,1980,1785,0,1785,22
2020-12-28,Lassen,035,31185,4448,4284,51,4335,1
2020-12-28,Los Angeles,037,10098052,788390,720699,21073,741772,9544
2020-12-28,Madera,039,155013,11012,10123,431,10554,64
2020-12-28,Marin,041,260295,9939,9546,75,9621,145
2020-12-28,Mariposa,043,17540,238,211,2,213,3
2020-12-28,Mendocino,045,87422,2488,2214,20,2234,23
2020-12-28,Merced,047,269075,19228,18245,333,18578,213
2020-12-28,Modoc,049,8938,256,220,73,293,0
2020-12-28,Mono,051,14174,891,848,12,860,3
2020-12-28,Monterey,053,433212,28102,26529,682,27211,182
2020-12-28,Napa,055,140530,6025,5576,24,5600,26
2020-12-28,Nevada,057,99092,2776,2532,88,2620,15
2020-12-28,Orange,059,3164182,166599,152089,6326,158415,1839
2020-12-28,Placer,061,380077,14761,13234,578,13812,126
2020-12-28,Plumas,063,18699,476,391,8,399,0
2020-12-28,Riverside,065,2383286,190058,174029,8410,182439,1855
2020-12-28,Sacramento,067,1510023,66677,64322,614,64936,813
2020-12-28,San Benito,069,59416,3710,3429,29,3458,24
2020-12-28,San Bernardino,071,2135413,204558,188919,5501,194420,1552
2020-12-28,San Diego,073,3302833,164212,147528,7391,154919,1404
2020-12-28,San Francisco,075,870044,24048,22726,212,22938,178
2020-12-28,San Joaquin,077,732212,46718,44172,1596,45768,618
2020-12-28,San Luis Obispo,079,281455,11496,10260,250,10510,76
2020-12-28,San Mateo,081,765935,25998,23467,107,23574,189
2020-12-28,Santa Barbara,083,443738,18071,16579,497,17076,155
2020-12-28,Santa Clara,085,1922200,72990,66418,294,66712,619
2020-12-28,Santa Cruz,087,273765,9616,8310,345,8655,81
2020-12-28,Shasta,089,179085,8290,7688,712,8400,65
2020-12-28,Sierra,091,2930,32,24,4,28,0
2020-12-28,Siskiyou,093,43540,1027,915,102,1017,3
2020-12-28,Solano,095,438530,19710,18171,194,18365,96
2020-12-28,Sonoma,097,501317,19592,18667,106,18773,185
2020-12-28,Stanislaus,099,539301,35520,33473,3196,36669,507
2020-12-28,Sutter,101,95872,6573,6253,45,6298,49
2020-12-28,Tehama,103,63373,3126,2934,294,3228,9
2020-12-28,Trinity,105,12862,421,240,57,297,2
2020-12-28,Tulare,107,460477,34714,32010,3706,35716,404
2020-12-28,Tuolumne,109,53932,2898,2777,16,2793,12
2020-12-28,Ventura,111,848112,41608,37151,1642,38793,230
2020-12-28,Yolo,113,214977,8771,8031,63,8094,111
2020-12-28,Yuba,115,75493,3911,3679,37,3716,18
2020-12-27,Alameda,001,1643700,52554,49764,910,50674,551
2020-12-27,Alpine,002,1148,66,65,0,65,0
2020-12-27,Amador,005,37829,2451,2218,18,2236,23
2020-12-27,Butte,007,227075,7666,7016,888,7904,86
2020-12-27,Calaveras,009,45235,1109,1097,2,1099,21
2020-12-27,Colusa,011,21464,1302,1253,71,1324,7
2020-12-27,Contra Costa,013,1133247,40670,38428,543,38971,324
2020-12-27,Del Norte,015,27424,754,712,2,714,2
2020-12-27,El Dorado,017,186661,6132,5388,295,5683,18
2020-12-27,Fresno,019,978130,68335,63811,4357,68168,679
2020-12-27,Glenn,021,27897,1562,1434,246,1680,9
2020-12-27,Humboldt,023,135768,1766,1575,7,1582,17
2020-12-27,Imperial,025,180216,22888,21934,1190,23124,405
2020-12-27,Inyo,027,18085,682,565,7,572,18
2020-12-27,Kern,029,883053,66136,61914,4819,66733,568
2020-12-27,Kings,031,150075,16369,15593,486,16079,108
2020-12-27,Lake,033,64148,1931,1769,0,1769,22
2020-12-27,Lassen,035,31185,4371,4230,44,4274,1
2020-12-27,Los Angeles,037,10098052,766856,707260,20210,727470,9476
2020-12-27,Madera,039,155013,10755,10005,421,10426,64
2020-12-27,Marin,041,260295,9819,9477,73,9550,144
2020-12-27,Mariposa,043,17540,231,208,2,210,3
2020-12-27,Mendocino,045,87422,2441,2209,20,2229,23
2020-12-27,Merced,047,269075,18861,18075,318,18393,213
2020-12-27,Modoc,049,8938,247,221,69,290,0
2020-12-27,Mono,051,14174,879,849,12,861,3
2020-12-27,Monterey,053,433212,27539,26322,665,26987,181
2020-12-27,Napa,055,140530,5891,5496,24,5520,26
2020-12-27,Nevada,057,99092,2740,2519,88,2607,15
2020-12-27,Orange,059,3164182,162196,149276,6138,155414,1839
2020-12-27,Placer,061,380077,14466,13017,546,13563,126
2020-12-27,Plumas,063,18699,470,390,8,398,0
2020-12-27,Riverside,065,2383286,185143,171995,8110,180105,1836
2020-12-27,Sacramento,067,1510023,65465,63416,592,64008,811
2020-12-27,San Benito,069,59416,3625,3394,29,3423,24
2020-12-27,San Bernardino,071,2135413,199467,186776,5364,192140,1551
2020-12-27,San Diego,073,3302833,159805,145777,7204,152981,1402
2020-12-27,San Francisco,075,870044,23694,22514,204,22718,178
2020-12-27,San Joaquin,077,732212,45668,43529,1547,45076,618
2020-12-27,San Luis Obispo,079,281455,11088,10154,245,10399,76
2020-12-27,San Mateo,081,765935,25434,23136,104,23240,187
2020-12-27,Santa Barbara,083,443738,17542,16364,470,16834,155
2020-12-27,Santa Clara,085,1922200,71295,65288,288,65576,619
2020-12-27,Santa Cruz,087,273765,9358,8234,337,8571,81
2020-12-27,Shasta,089,179085,8163,7671,690,8361,65
2020-12-27,Sierra,091,2930,32,24,3,27,0
2020-12-27,Siskiyou,093,43540,1017,914,97,1011,3
2020-12-27,Solano,095,438530,19229,17840,189,18029,96
2020-12-27,Sonoma,097,501317,19301,18487,105,18592,185
2020-12-27,Stanislaus,099,539301,34908,33076,3113,36189,506
2020-12-27,Sutter,101,95872,6492,6218,43,6261,48
2020-12-27,Tehama,103,63373,3054,2922,278,3200,9
2020-12-27,Trinity,105,12862,414,240,55,295,2
2020-12-27,Tulare,107,460477,34112,31864,3588,35452,400
2020-12-27,Tuolumne,109,53932,2793,2750,14,2764,12
2020-12-27,Ventura,111,848112,40546,36661,1591,38252,230
2020-12-27,Yolo,113,214977,8581,7919,59,7978,111
2020-12-27,Yuba,115,75493,3848,3665,35,3700,18
2020-12-26,Alameda,001,1643700,51930,49084,897,49981,551
2020-12-26,Alpine,002,1148,66,65,0,65,0
2020-12-26,Amador,005,37829,2437,2189,18,2207,23
2020-12-26,Butte,007,227075,7572,6968,864,7832,86
2020-12-26,Calaveras,009,45235,1103,1084,2,1086,21
2020-12-26,Colusa,011,21464,1292,1240,71,1311,7
2020-12-26,Contra Costa,013,1133247,40192,38008,526,38534,324
2020-12-26,Del Norte,015,27424,749,709,2,711,2
2020-12-26,El Dorado,017,186661,6077,5279,291,5570,18
2020-12-26,Fresno,019,978130,67866,63080,4294,67374,679
2020-12-26,Glenn,021,27897,1541,1413,241,1654,9
2020-12-26,Humboldt,023,135768,1728,1545,7,1552,17
2020-12-26,Imperial,025,180216,22793,21734,1138,22872,405
2020-12-26,Inyo,027,18085,667,554,7,561,18
2020-12-26,Kern,029,883053,65465,61174,4672,65846,564
2020-12-26,Kings,031,150075,16251,15517,482,15999,108
2020-12-26,Lake,033,64148,1891,1710,0,1710,22
2020-12-26,Lassen,035,31185,4350,3981,44,4025,1
2020-12-26,Los Angeles,037,10098052,758276,694149,19725,713874,9424
2020-12-26,Madera,039,155013,10679,9908,409,10317,64
2020-12-26,Marin,041,260295,9780,9413,70,9483,143
2020-12-26,Mariposa,043,17540,230,206,2,208,3
2020-12-26,Mendocino,045,87422,2395,2194,20,2214,23
2020-12-26,Merced,047,269075,18703,17890,313,18203,213
2020-12-26,Modoc,049,8938,244,222,69,291,0
2020-12-26,Mono,051,14174,873,850,12,862,3
2020-12-26,Monterey,053,433212,27401,26010,656,26666,182
2020-12-26,Napa,055,140530,5833,5427,24,5451,26
2020-12-26,Nevada,057,99092,2712,2480,88,2568,15
2020-12-26,Orange,059,3164182,159973,147304,6047,153351,1838
2020-12-26,Placer,061,380077,14294,12816,531,13347,122
2020-12-26,Plumas,063,18699,467,381,8,389,0
2020-12-26,Riverside,065,2383286,182657,169360,7952,177312,1834
2020-12-26,Sacramento,067,1510023,64840,62435,582,63017,807
2020-12-26,San Benito,069,59416,3552,3330,29,3359,24
2020-12-26,San Bernardino,071,2135413,197786,185111,5282,190393,1551
2020-12-26,San Diego,073,3302833,157280,142644,7057,149701,1402
2020-12-26,San Francisco,075,870044,23453,22319,204,22523,177
2020-12-26,San Joaquin,077,732212,45280,42887,1501,44388,618
2020-12-26,San Luis Obispo,079,281455,11001,9945,240,10185,76
2020-12-26,San Mateo,081,765935,25096,22908,99,23007,187
2020-12-26,Santa Barbara,083,443738,17303,16159,464,16623,155
2020-12-26,Santa Clara,085,1922200,70180,64185,286,64471,618
2020-12-26,Santa Cruz,087,273765,9227,8113,328,8441,81
2020-12-26,Shasta,089,179085,8103,7641,678,8319,65
2020-12-26,Sierra,091,2930,32,24,3,27,0
2020-12-26,Siskiyou,093,43540,1010,909,94,1003,2
2020-12-26,Solano,095,438530,18985,17528,189,17717,96
2020-12-26,Sonoma,097,501317,19098,18261,103,18364,184
2020-12-26,Stanislaus,099,539301,34609,32678,3060,35738,505
2020-12-26,Sutter,101,95872,6434,6121,43,6164,48
2020-12-26,Tehama,103,63373,3025,2884,272,3156,9
2020-12-26,Trinity,105,12862,412,237,54,291,2
2020-12-26,Tulare,107,460477,33802,31665,3525,35190,398
2020-12-26,Tuolumne,109,53932,2782,2703,14,2717,12
2020-12-26,Ventura,111,848112,39581,36064,1561,37625,230
2020-12-26,Yolo,113,214977,8479,7785,57,7842,111
2020-12-26,Yuba,115,75493,3816,3599,35,3634,18
2020-12-25,Alameda,001,1643700,51360,48365,882,49247,542
2020-12-25,Alpine,002,1148,66,64,0,64,0
2020-12-25,Amador,005,37829,2394,2172,18,2190,23
2020-12-25,Butte,007,227075,7473,6873,845,7718,85
2020-12-25,Calaveras,009,45235,1100,1062,2,1064,21
2020-12-25,Colusa,011,21464,1279,1219,70,1289,7
2020-12-25,Contra Costa,013,1133247,39705,37480,502,37982,324
2020-12-25,Del Norte,015,27424,747,692,2,694,2
2020-12-25,El Dorado,017,186661,6012,5170,278,5448,16
2020-12-25,Fresno,019,978130,67005,62251,4212,66463,679
2020-12-25,Glenn,021,27897,1525,1390,234,1624,9
2020-12-25,Humboldt,023,135768,1688,1532,7,1539,16
2020-12-25,Imperial,025,180216,22690,21646,1126,22772,405
2020-12-25,Inyo,027,18085,657,546,7,553,18
2020-12-25,Kern,029,883053,64735,60417,4526,64943,562
2020-12-25,Kings,031,150075,16140,15460,478,15938,108
2020-12-25,Lake,033,64148,1872,1669,0,1669,20
2020-12-25,Lassen,035,31185,4335,3926,44,3970,1
2020-12-25,Los Angeles,037,10098052,744603,665600,19072,684672,9292
2020-12-25,Madera,039,155013,10515,9770,403,10173,64
2020-12-25,Marin,041,260295,9728,9375,68,9443,143
2020-12-25,Mariposa,043,17540,224,203,2,205,3
2020-12-25,Mendocino,045,87422,2352,2176,20,2196,23
2020-12-25,Merced,047,269075,18542,17726,305,18031,213
2020-12-25,Modoc,049,8938,243,221,69,290,0
2020-12-25,Mono,051,14174,871,843,12,855,3
2020-12-25,Monterey,053,433212,27125,25788,647,26435,182
2020-12-25,Napa,055,140530,5756,5351,24,5375,26
2020-12-25,Nevada,057,99092,2686,2458,86,2544,15
2020-12-25,Orange,059,3164182,157279,144542,5856,150398,1814
2020-12-25,Placer,061,380077,14109,12660,509,13169,122
2020-12-25,Plumas,063,18699,460,381,8,389,0
2020-12-25,Riverside,065,2383286,179376,166690,7641,174331,1825
2020-12-25,Sacramento,067,1510023,64149,61630,557,62187,796
2020-12-25,San Benito,069,59416,3511,3281,27,3308,24
2020-12-25,San Bernardino,071,2135413,195187,181812,5167,186979,1546
2020-12-25,San Diego,073,3302833,154800,139958,6879,146837,1402
2020-12-25,San Francisco,075,870044,23171,22130,199,22329,175
2020-12-25,San Joaquin,077,732212,44980,42089,1448,43537,614
2020-12-25,San Luis Obispo,079,281455,10818,9749,233,9982,76
2020-12-25,San Mateo,081,765935,24774,22568,97,22665,187
2020-12-25,Santa Barbara,083,443738,17079,15936,457,16393,155
2020-12-25,Santa Clara,085,1922200,69043,63173,277,63450,612
2020-12-25,Santa Cruz,087,273765,9077,8018,307,8325,81
2020-12-25,Shasta,089,179085,8029,7612,655,8267,65
2020-12-25,Sierra,091,2930,32,24,3,27,0
2020-12-25,Siskiyou,093,43540,1004,905,92,997,2
2020-12-25,Solano,095,438530,18803,17280,187,17467,96
2020-12-25,Sonoma,097,501317,18923,18035,101,18136,184
2020-12-25,Stanislaus,099,539301,34327,32290,3005,35295,498
2020-12-25,Sutter,101,95872,6374,6051,42,6093,47
2020-12-25,Tehama,103,63373,2977,2839,259,3098,9
2020-12-25,Trinity,105,12862,408,236,54,290,2
2020-12-25,Tulare,107,460477,33391,31323,3457,34780,398
2020-12-25,Tuolumne,109,53932,2763,2674,14,2688,12
2020-12-25,Ventura,111,848112,38425,35514,1513,37027,230
2020-12-25,Yolo,113,214977,8387,7700,55,7755,111
2020-12-25,Yuba,115,75493,3776,3549,34,3583,17
2020-12-24,Alameda,001,1643700,51004,47527,864,48391,541
2020-12-24,Alpine,002,1148,66,64,0,64,0
2020-12-24,Amador,005,37829,2381,2145,18,2163,23
2020-12-24,Butte,007,227075,7435,6716,829,7545,84
2020-12-24,Calaveras,009,45235,1097,1032,2,1034,21
2020-12-24,Colusa,011,21464,1274,1188,68,1256,7
2020-12-24,Contra Costa,013,1133247,39453,36623,489,37112,311
2020-12-24,Del Norte,015,27424,746,678,2,680,2
2020-12-24,El Dorado,017,186661,5986,5042,270,5312,16
2020-12-24,Fresno,019,978130,66783,61435,4198,65633,663
2020-12-24,Glenn,021,27897,1514,1363,226,1589,9
2020-12-24,Humboldt,023,135768,1665,1516,7,1523,16
2020-12-24,Imperial,025,180216,22627,21545,1116,22661,402
2020-12-24,Inyo,027,18085,655,532,7,539,17
2020-12-24,Kern,029,883053,64447,59601,4513,64114,556
2020-12-24,Kings,031,150075,16100,15211,477,15688,108
2020-12-24,Lake,033,64148,1850,1629,0,1629,20
2020-12-24,Lassen,035,31185,4322,3894,44,3938,1
2020-12-24,Los Angeles,037,10098052,740408,664840,18831,683671,9288
2020-12-24,Madera,039,155013,10466,9547,395,9942,63
2020-12-24,Marin,041,260295,9689,9287,68,9355,143
2020-12-24,Mariposa,043,17540,220,197,2,199,3
2020-12-24,Mendocino,045,87422,2341,2150,20,2170,23
2020-12-24,Merced,047,269075,18472,17485,301,17786,212
2020-12-24,Modoc,049,8938,243,220,68,288,0
2020-12-24,Mono,051,14174,869,817,12,829,3
2020-12-24,Monterey,053,433212,27012,25131,640,25771,180
2020-12-24,Napa,055,140530,5701,5265,24,5289,26
2020-12-24,Nevada,057,99092,2662,2429,86,2515,15
2020-12-24,Orange,059,3164182,155785,141205,5805,147010,1775
2020-12-24,Placer,061,380077,14019,12457,502,12959,121
2020-12-24,Plumas,063,18699,457,376,8,384,0
2020-12-24,Riverside,065,2383286,178440,162435,7601,170036,1816
2020-12-24,Sacramento,067,1510023,63874,60596,555,61151,788
2020-12-24,San Benito,069,59416,3480,3183,27,3210,24
2020-12-24,San Bernardino,071,2135413,194097,176866,5134,182000,1533
2020-12-24,San Diego,073,3302833,153716,136952,6847,143799,1382
2020-12-24,San Francisco,075,870044,22998,21830,196,22026,175
2020-12-24,San Joaquin,077,732212,44813,41324,1430,42754,611
2020-12-24,San Luis Obispo,079,281455,10749,9504,231,9735,77
2020-12-24,San Mateo,081,765935,24579,22093,97,22190,186
2020-12-24,Santa Barbara,083,443738,16974,15644,449,16093,153
2020-12-24,Santa Clara,085,1922200,68354,61742,270,62012,591
2020-12-24,Santa Cruz,087,273765,8998,7856,295,8151,82
2020-12-24,Shasta,089,179085,7988,7540,638,8178,65
2020-12-24,Sierra,091,2930,29,23,1,24,0
2020-12-24,Siskiyou,093,43540,999,900,86,986,2
2020-12-24,Solano,095,438530,18661,16872,182,17054,96
2020-12-24,Sonoma,097,501317,18822,17710,101,17811,183
2020-12-24,Stanislaus,099,539301,34125,31848,2978,34826,498
2020-12-24,Sutter,101,95872,6333,5960,41,6001,47
2020-12-24,Tehama,103,63373,2959,2779,257,3036,9
2020-12-24,Trinity,105,12862,407,235,54,289,2
2020-12-24,Tulare,107,460477,33243,30827,3431,34258,390
2020-12-24,Tuolumne,109,53932,2755,2653,14,2667,12
2020-12-24,Ventura,111,848112,38145,34400,1506,35906,224
2020-12-24,Yolo,113,214977,8345,7566,54,7620,113
2020-12-24,Yuba,115,75493,3745,3483,34,3517,16
2020-12-23,Alameda,001,1643700,50427,46753,836,47589,537
2020-12-23,Alpine,002,1148,66,64,0,64,0
2020-12-23,Amador,005,37829,2312,2108,17,2125,23
2020-12-23,Butte,007,227075,7346,6588,802,7390,84
2020-12-23,Calaveras,009,45235,1088,1002,1,1003,21
2020-12-23,Colusa,011,21464,1263,1167,67,1234,7
2020-12-23,Contra Costa,013,1133247,39058,36190,475,36665,311
2020-12-23,Del Norte,015,27424,738,670,2,672,2
2020-12-23,El Dorado,017,186661,5911,4967,262,5229,14
2020-12-23,Fresno,019,978130,66171,60488,4132,64620,654
2020-12-23,Glenn,021,27897,1500,1349,222,1571,9
2020-12-23,Humboldt,023,135768,1640,1458,7,1465,16
2020-12-23,Imperial,025,180216,22532,21323,1087,22410,399
2020-12-23,Inyo,027,18085,642,517,7,524,17
2020-12-23,Kern,029,883053,63928,58656,4422,63078,549
2020-12-23,Kings,031,150075,16023,14923,474,15397,105
2020-12-23,Lake,033,64148,1833,1595,0,1595,20
2020-12-23,Lassen,035,31185,4312,3865,41,3906,1
2020-12-23,Los Angeles,037,10098052,731332,651958,18315,670273,9146
2020-12-23,Madera,039,155013,10309,9371,380,9751,63
2020-12-23,Marin,041,260295,9629,9199,65,9264,142
2020-12-23,Mariposa,043,17540,218,194,2,196,3
2020-12-23,Mendocino,045,87422,2329,2121,20,2141,23
2020-12-23,Merced,047,269075,18316,17250,293,17543,203
2020-12-23,Modoc,049,8938,239,197,67,264,0
2020-12-23,Mono,051,14174,866,814,12,826,3
2020-12-23,Monterey,053,433212,26711,24856,635,25491,176
2020-12-23,Napa,055,140530,5634,5172,24,5196,25
2020-12-23,Nevada,057,99092,2617,2406,85,2491,15
2020-12-23,Orange,059,3164182,153330,138050,5644,143694,1771
2020-12-23,Placer,061,380077,13809,12213,494,12707,111
2020-12-23,Plumas,063,18699,450,369,8,377,0
2020-12-23,Riverside,065,2383286,176170,158110,7447,165557,1790
2020-12-23,Sacramento,067,1510023,63225,59661,542,60203,779
2020-12-23,San Benito,069,59416,3426,3073,25,3098,24
2020-12-23,San Bernardino,071,2135413,192031,172888,5066,177954,1509
2020-12-23,San Diego,073,3302833,151290,134695,6710,141405,1350
2020-12-23,San Francisco,075,870044,22777,21498,193,21691,174
2020-12-23,San Joaquin,077,732212,44287,35664,1388,37052,602
2020-12-23,San Luis Obispo,079,281455,10607,9267,226,9493,74
2020-12-23,San Mateo,081,765935,24277,21780,95,21875,186
2020-12-23,Santa Barbara,083,443738,16766,15399,424,15823,152
2020-12-23,Santa Clara,085,1922200,67407,60455,265,60720,579
2020-12-23,Santa Cruz,087,273765,8839,7637,277,7914,75
2020-12-23,Shasta,089,179085,7916,7487,632,8119,66
2020-12-23,Sierra,091,2930,27,23,1,24,0
2020-12-23,Siskiyou,093,43540,978,891,85,976,2
2020-12-23,Solano,095,438530,18446,16626,177,16803,95
2020-12-23,Sonoma,097,501317,18617,17397,101,17498,182
2020-12-23,Stanislaus,099,539301,33773,31492,2926,34418,499
2020-12-23,Sutter,101,95872,6266,5871,41,5912,46
2020-12-23,Tehama,103,63373,2941,2737,250,2987,9
2020-12-23,Trinity,105,12862,407,234,53,287,2
2020-12-23,Tulare,107,460477,32931,30315,3391,33706,385
2020-12-23,Tuolumne,109,53932,2716,2540,14,2554,12
2020-12-23,Ventura,111,848112,37747,33377,1477,34854,216
2020-12-23,Yolo,113,214977,8266,7508,54,7562,112
2020-12-23,Yuba,115,75493,3685,3438,34,3472,14
2020-12-22,Alameda,001,1643700,49541,45751,805,46556,534
2020-12-22,Alpine,002,1148,66,64,0,64,0
2020-12-22,Amador,005,37829,2301,1839,17,1856,23
2020-12-22,Butte,007,227075,7217,6467,787,7254,85
2020-12-22,Calaveras,009,45235,1061,988,0,988,21
2020-12-22,Colusa,011,21464,1240,1150,64,1214,7
2020-12-22,Contra Costa,013,1133247,38433,35681,461,36142,301
2020-12-22,Del Norte,015,27424,728,666,2,668,2
2020-12-22,El Dorado,017,186661,5788,4885,250,5135,12
2020-12-22,Fresno,019,978130,65138,59640,4030,63670,640
2020-12-22,Glenn,021,27897,1477,1337,211,1548,9
2020-12-22,Humboldt,023,135768,1607,1440,7,1447,16
2020-12-22,Imperial,025,180216,22343,21128,1045,22173,398
2020-12-22,Inyo,027,18085,621,506,7,513,17
2020-12-22,Kern,029,883053,62975,57816,4287,62103,547
2020-12-22,Kings,031,150075,15881,14855,468,15323,102
2020-12-22,Lake,033,64148,1809,1569,0,1569,20
2020-12-22,Lassen,035,31185,4170,3848,39,3887,1
2020-12-22,Los Angeles,037,10098052,714056,635931,17658,653589,9013
2020-12-22,Madera,039,155013,10195,9187,365,9552,63
2020-12-22,Marin,041,260295,9566,9115,64,9179,142
2020-12-22,Mariposa,043,17540,215,194,2,196,3
2020-12-22,Mendocino,045,87422,2296,2092,19,2111,23
2020-12-22,Merced,047,269075,18069,17012,288,17300,201
2020-12-22,Modoc,049,8938,231,182,66,248,0
2020-12-22,Mono,051,14174,860,786,12,798,3
2020-12-22,Monterey,053,433212,26041,24152,614,24766,176
2020-12-22,Napa,055,140530,5545,5059,24,5083,23
2020-12-22,Nevada,057,99092,2589,2367,84,2451,14
2020-12-22,Orange,059,3164182,149994,134850,5476,140326,1774
2020-12-22,Placer,061,380077,13565,11943,474,12417,105
2020-12-22,Plumas,063,18699,444,360,8,368,0
2020-12-22,Riverside,065,2383286,172362,155059,7181,162240,1777
2020-12-22,Sacramento,067,1510023,62297,57966,523,58489,772
2020-12-22,San Benito,069,59416,3348,2998,25,3023,24
2020-12-22,San Bernardino,071,2135413,187421,169266,4922,174188,1500
2020-12-22,San Diego,073,3302833,147931,132097,6548,138645,1311
2020-12-22,San Francisco,075,870044,22506,21232,190,21422,174
2020-12-22,San Joaquin,077,732212,43525,39423,1340,40763,592
2020-12-22,San Luis Obispo,079,281455,10261,9174,221,9395,69
2020-12-22,San Mateo,081,765935,23950,21382,79,21461,186
2020-12-22,Santa Barbara,083,443738,16500,15189,414,15603,150
2020-12-22,Santa Clara,085,1922200,66229,59192,258,59450,569
2020-12-22,Santa Cruz,087,273765,8656,7471,251,7722,72
2020-12-22,Shasta,089,179085,7837,7371,615,7986,64
2020-12-22,Sierra,091,2930,27,23,0,23,0
2020-12-22,Siskiyou,093,43540,972,880,84,964,2
2020-12-22,Solano,095,438530,18044,16229,174,16403,95
2020-12-22,Sonoma,097,501317,18298,17216,101,17317,180
2020-12-22,Stanislaus,099,539301,33389,30914,2852,33766,499
2020-12-22,Sutter,101,95872,6207,5791,40,5831,46
2020-12-22,Tehama,103,63373,2892,2688,244,2932,9
2020-12-22,Trinity,105,12862,406,231,53,284,2
2020-12-22,Tulare,107,460477,32466,30025,3327,33352,377
2020-12-22,Tuolumne,109,53932,2665,2526,14,2540,12
2020-12-22,Ventura,111,848112,36981,32488,1434,33922,213
2020-12-22,Yolo,113,214977,8155,7388,53,7441,113
2020-12-22,Yuba,115,75493,3637,3379,34,3413,14
2020-12-21,Alameda,001,1643700,48638,44756,779,45535,518
2020-12-21,Alpine,002,1148,65,64,0,64,0
2020-12-21,Amador,005,37829,2224,1815,17,1832,23
2020-12-21,Butte,007,227075,7062,6335,764,7099,81
2020-12-21,Calaveras,009,45235,1031,963,0,963,21
2020-12-21,Colusa,011,21464,1214,1135,59,1194,7
2020-12-21,Contra Costa,013,1133247,37683,35207,425,35632,300
2020-12-21,Del Norte,015,27424,713,660,2,662,2
2020-12-21,El Dorado,017,186661,5643,4805,238,5043,10
2020-12-21,Fresno,019,978130,63987,58568,3888,62456,634
2020-12-21,Glenn,021,27897,1445,1323,203,1526,9
2020-12-21,Humboldt,023,135768,1584,1419,7,1426,16
2020-12-21,Imperial,025,180216,22077,20994,1004,21998,395
2020-12-21,Inyo,027,18085,600,482,7,489,17
2020-12-21,Kern,029,883053,62086,56836,4153,60989,541
2020-12-21,Kings,031,150075,15631,14760,453,15213,100
2020-12-21,Lake,033,64148,1761,1538,0,1538,20
2020-12-21,Lassen,035,31185,4010,3798,37,3835,1
2020-12-21,Los Angeles,037,10098052,694956,624129,16997,641126,8918
2020-12-21,Madera,039,155013,10005,9069,344,9413,63
2020-12-21,Marin,041,260295,9496,9035,64,9099,142
2020-12-21,Mariposa,043,17540,210,186,2,188,3
2020-12-21,Mendocino,045,87422,2265,2066,19,2085,23
2020-12-21,Merced,047,269075,17820,16710,273,16983,198
2020-12-21,Modoc,049,8938,217,181,65,246,0
2020-12-21,Mono,051,14174,848,781,12,793,3
2020-12-21,Monterey,053,433212,25509,23673,600,24273,174
2020-12-21,Napa,055,140530,5459,4952,24,4976,23
2020-12-21,Nevada,057,99092,2556,2337,84,2421,13
2020-12-21,Orange,059,3164182,146589,130444,5324,135768,1772
2020-12-21,Placer,061,380077,13333,11715,455,12170,105
2020-12-21,Plumas,063,18699,440,353,8,361,0
2020-12-21,Riverside,065,2383286,168142,151713,6862,158575,1743
2020-12-21,Sacramento,067,1510023,61278,57064,506,57570,759
2020-12-21,San Benito,069,59416,3279,2921,25,2946,22
2020-12-21,San Bernardino,071,2135413,182608,165086,4756,169842,1476
2020-12-21,San Diego,073,3302833,144480,129716,6384,136100,1284
2020-12-21,San Francisco,075,870044,22215,21086,188,21274,174
2020-12-21,San Joaquin,077,732212,42726,38811,1290,40101,586
2020-12-21,San Luis Obispo,079,281455,10072,9006,216,9222,64
2020-12-21,San Mateo,081,765935,23546,21035,76,21111,185
2020-12-21,Santa Barbara,083,443738,16226,14988,409,15397,149
2020-12-21,Santa Clara,085,1922200,65036,57699,246,57945,570
2020-12-21,Santa Cruz,087,273765,8449,7315,238,7553,69
2020-12-21,Shasta,089,179085,7772,7299,605,7904,64
2020-12-21,Sierra,091,2930,24,23,0,23,0
2020-12-21,Siskiyou,093,43540,965,878,83,961,2
2020-12-21,Solano,095,438530,17584,15878,169,16047,95
2020-12-21,Sonoma,097,501317,18025,17075,98,17173,176
2020-12-21,Stanislaus,099,539301,32932,30437,2776,33213,499
2020-12-21,Sutter,101,95872,6112,5708,40,5748,46
2020-12-21,Tehama,103,63373,2827,2656,235,2891,9
2020-12-21,Trinity,105,12862,404,226,51,277,2
2020-12-21,Tulare,107,460477,31980,29482,3236,32718,373
2020-12-21,Tuolumne,109,53932,2640,2423,12,2435,12
2020-12-21,Ventura,111,848112,35901,31759,1397,33156,212
2020-12-21,Yolo,113,214977,8018,7266,49,7315,109
2020-12-21,Yuba,115,75493,3579,3329,34,3363,14
2020-12-20,Alameda,001,1643700,47754,44004,758,44762,516
2020-12-20,Alpine,002,1148,65,64,0,64,0
2020-12-20,Amador,005,37829,2166,1771,17,1788,23
2020-12-20,Butte,007,227075,6915,6228,726,6954,81
2020-12-20,Calaveras,009,45235,1008,926,0,926,21
2020-12-20,Colusa,011,21464,1185,1121,53,1174,7
2020-12-20,Contra Costa,013,1133247,37082,34798,407,35205,301
2020-12-20,Del Norte,015,27424,691,652,2,654,2
2020-12-20,El Dorado,017,186661,5518,4697,229,4926,10
2020-12-20,Fresno,019,978130,63000,57616,3753,61369,634
2020-12-20,Glenn,021,27897,1436,1295,196,1491,9
2020-12-20,Humboldt,023,135768,1547,1386,6,1392,15
2020-12-20,Imperial,025,180216,21837,20882,902,21784,395
2020-12-20,Inyo,027,18085,584,476,7,483,17
2020-12-20,Kern,029,883053,60988,55983,3999,59982,540
2020-12-20,Kings,031,150075,15411,14629,437,15066,100
2020-12-20,Lake,033,64148,1718,1463,0,1463,20
2020-12-20,Lassen,035,31185,3956,3669,35,3704,1
2020-12-20,Los Angeles,037,10098052,676847,612975,16283,629258,8862
2020-12-20,Madera,039,155013,9795,8871,337,9208,63
2020-12-20,Marin,041,260295,9395,8948,61,9009,142
2020-12-20,Mariposa,043,17540,209,179,2,181,3
2020-12-20,Mendocino,045,87422,2240,2033,19,2052,23
2020-12-20,Merced,047,269075,17503,16435,266,16701,198
2020-12-20,Modoc,049,8938,217,181,63,244,0
2020-12-20,Mono,051,14174,830,774,12,786,3
2020-12-20,Monterey,053,433212,25026,23250,562,23812,173
2020-12-20,Napa,055,140530,5338,4865,23,4888,23
2020-12-20,Nevada,057,99092,2510,2289,78,2367,13
2020-12-20,Orange,059,3164182,143099,128780,5176,133956,1763
2020-12-20,Placer,061,380077,13108,11496,437,11933,105
2020-12-20,Plumas,063,18699,432,347,8,355,0
2020-12-20,Riverside,065,2383286,163937,148714,6575,155289,1742
2020-12-20,Sacramento,067,1510023,60279,56017,486,56503,755
2020-12-20,San Benito,069,59416,3208,2885,24,2909,21
2020-12-20,San Bernardino,071,2135413,177600,162810,4599,167409,1458
2020-12-20,San Diego,073,3302833,140762,126465,6214,132679,1280
2020-12-20,San Francisco,075,870044,21898,20937,185,21122,174
2020-12-20,San Joaquin,077,732212,41878,38268,1230,39498,587
2020-12-20,San Luis Obispo,079,281455,9781,8881,210,9091,63
2020-12-20,San Mateo,081,765935,23112,20764,72,20836,185
2020-12-20,Santa Barbara,083,443738,15904,14817,391,15208,148
2020-12-20,Santa Clara,085,1922200,63640,56860,240,57100,566
2020-12-20,Santa Cruz,087,273765,8239,7178,225,7403,69
2020-12-20,Shasta,089,179085,7658,7256,591,7847,64
2020-12-20,Sierra,091,2930,24,22,0,22,0
2020-12-20,Siskiyou,093,43540,956,870,82,952,2
2020-12-20,Solano,095,438530,17200,15533,158,15691,95
2020-12-20,Sonoma,097,501317,17749,16802,97,16899,175
2020-12-20,Stanislaus,099,539301,32401,29995,2677,32672,498
2020-12-20,Sutter,101,95872,6025,5601,40,5641,43
2020-12-20,Tehama,103,63373,2779,2602,216,2818,9
2020-12-20,Trinity,105,12862,396,221,50,271,2
2020-12-20,Tulare,107,460477,31463,29078,3143,32221,373
2020-12-20,Tuolumne,109,53932,2532,2152,11,2163,12
2020-12-20,Ventura,111,848112,35200,31335,1365,32700,210
2020-12-20,Yolo,113,214977,7865,7121,46,7167,109
2020-12-20,Yuba,115,75493,3529,3254,32,3286,12
2020-12-19,Alameda,001,1643700,47305,43109,751,43860,516
2020-12-19,Alpine,002,1148,65,64,0,64,0
2020-12-19,Amador,005,37829,2142,1754,17,1771,23
2020-12-19,Butte,007,227075,6815,6118,704,6822,81
2020-12-19,Calaveras,009,45235,991,900,0,900,21
2020-12-19,Colusa,011,21464,1177,1096,50,1146,7
2020-12-19,Contra Costa,013,1133247,36752,34321,393,34714,301
2020-12-19,Del Norte,015,27424,689,641,1,642,2
2020-12-19,El Dorado,017,186661,5451,4588,221,4809,10
2020-12-19,Fresno,019,978130,62675,55428,3687,59115,634
2020-12-19,Glenn,021,27897,1401,1286,195,1481,9
2020-12-19,Humboldt,023,135768,1530,1357,6,1363,15
2020-12-19,Imperial,025,180216,21744,20711,856,21567,395
2020-12-19,Inyo,027,18085,577,475,7,482,17
2020-12-19,Kern,029,883053,60504,55118,3893,59011,540
2020-12-19,Kings,031,150075,15332,14474,435,14909,100
2020-12-19,Lake,033,64148,1678,1438,0,1438,20
2020-12-19,Lassen,035,31185,3928,3595,35,3630,1
2020-12-19,Los Angeles,037,10098052,669721,599888,15762,615650,8804
2020-12-19,Madera,039,155013,9694,8717,325,9042,63
2020-12-19,Marin,041,260295,9353,8864,61,8925,142
2020-12-19,Mariposa,043,17540,207,177,2,179,3
2020-12-19,Mendocino,045,87422,2215,2008,19,2027,23
2020-12-19,Merced,047,269075,17364,16230,258,16488,198
2020-12-19,Modoc,049,8938,214,181,63,244,0
2020-12-19,Mono,051,14174,823,766,12,778,3
2020-12-19,Monterey,053,433212,24912,22799,557,23356,172
2020-12-19,Napa,055,140530,5276,4772,23,4795,23
2020-12-19,Nevada,057,99092,2488,2260,78,2338,13
2020-12-19,Orange,059,3164182,141171,125574,5028,130602,1733
2020-12-19,Placer,061,380077,12953,11246,431,11677,105
2020-12-19,Plumas,063,18699,429,343,8,351,0
2020-12-19,Riverside,065,2383286,161949,146703,6344,153047,1737
2020-12-19,Sacramento,067,1510023,59744,55169,472,55641,746
2020-12-19,San Benito,069,59416,3160,2820,23,2843,21
2020-12-19,San Bernardino,071,2135413,176016,159883,4491,164374,1433
2020-12-19,San Diego,073,3302833,138995,122972,6075,129047,1280
2020-12-19,San Francisco,075,870044,21744,20643,185,20828,174
2020-12-19,San Joaquin,077,732212,41474,37340,1182,38522,586
2020-12-19,San Luis Obispo,079,281455,9710,8788,207,8995,63
2020-12-19,San Mateo,081,765935,22903,20393,65,20458,182
2020-12-19,Santa Barbara,083,443738,15748,14667,385,15052,148
2020-12-19,Santa Clara,085,1922200,62790,55540,236,55776,558
2020-12-19,Santa Cruz,087,273765,8133,7054,221,7275,68
2020-12-19,Shasta,089,179085,7606,7221,579,7800,63
2020-12-19,Sierra,091,2930,24,23,0,23,0
2020-12-19,Siskiyou,093,43540,952,853,81,934,2
2020-12-19,Solano,095,438530,17022,15204,155,15359,95
2020-12-19,Sonoma,097,501317,17640,16553,97,16650,175
2020-12-19,Stanislaus,099,539301,32074,29555,2605,32160,498
2020-12-19,Sutter,101,95872,5969,5506,40,5546,41
2020-12-19,Tehama,103,63373,2730,2574,214,2788,9
2020-12-19,Trinity,105,12862,395,219,50,269,2
2020-12-19,Tulare,107,460477,31224,28734,3077,31811,375
2020-12-19,Tuolumne,109,53932,2518,2107,11,2118,12
2020-12-19,Ventura,111,848112,34919,30843,1335,32178,209
2020-12-19,Yolo,113,214977,7790,7025,45,7070,109
2020-12-19,Yuba,115,75493,3499,3168,32,3200,11
2020-12-18,Alameda,001,1643700,46770,42196,735,42931,515
2020-12-18,Alpine,002,1148,65,64,0,64,0
2020-12-18,Amador,005,37829,2125,1727,15,1742,20
2020-12-18,Butte,007,227075,6730,5891,679,6570,81
2020-12-18,Calaveras,009,45235,981,870,0,870,21
2020-12-18,Colusa,011,21464,1168,1068,50,1118,7
2020-12-18,Contra Costa,013,1133247,36459,33610,382,33992,300
2020-12-18,Del Norte,015,27424,684,627,0,627,2
2020-12-18,El Dorado,017,186661,5389,4494,212,4706,10
2020-12-18,Fresno,019,978130,61849,52643,3626,56269,613
2020-12-18,Glenn,021,27897,1384,1264,190,1454,9
2020-12-18,Humboldt,023,135768,1515,1331,6,1337,15
2020-12-18,Imperial,025,180216,21661,20430,810,21240,393
2020-12-18,Inyo,027,18085,558,454,7,461,17
2020-12-18,Kern,029,883053,59844,54220,3808,58028,533
2020-12-18,Kings,031,150075,15206,14284,429,14713,98
2020-12-18,Lake,033,64148,1662,1397,0,1397,20
2020-12-18,Lassen,035,31185,3920,3486,35,3521,1
2020-12-18,Los Angeles,037,10098052,657571,586413,15284,601697,8744
2020-12-18,Madera,039,155013,9591,8609,319,8928,63
2020-12-18,Marin,041,260295,9269,8799,61,8860,142
2020-12-18,Mariposa,043,17540,204,176,2,178,3
2020-12-18,Mendocino,045,87422,2197,1977,19,1996,24
2020-12-18,Merced,047,269075,17283,15956,256,16212,195
2020-12-18,Modoc,049,8938,214,179,63,242,0
2020-12-18,Mono,051,14174,815,731,12,743,3
2020-12-18,Monterey,053,433212,24619,22336,552,22888,165
2020-12-18,Napa,055,140530,5227,4688,23,4711,23
2020-12-18,Nevada,057,99092,2471,2220,77,2297,13
2020-12-18,Orange,059,3164182,138740,121681,4879,126560,1725
2020-12-18,Placer,061,380077,12782,10995,423,11418,104
2020-12-18,Plumas,063,18699,423,336,8,344,0
2020-12-18,Riverside,065,2383286,159107,142375,6082,148457,1733
2020-12-18,Sacramento,067,1510023,59118,53980,456,54436,736
2020-12-18,San Benito,069,59416,3111,2744,23,2767,21
2020-12-18,San Bernardino,071,2135413,173718,154272,4356,158628,1430
2020-12-18,San Diego,073,3302833,136817,120463,5936,126399,1253
2020-12-18,San Francisco,075,870044,21577,20315,179,20494,173
2020-12-18,San Joaquin,077,732212,41117,36484,1153,37637,559
2020-12-18,San Luis Obispo,079,281455,9612,8598,202,8800,62
2020-12-18,San Mateo,081,765935,22590,19971,61,20032,182
2020-12-18,Santa Barbara,083,443738,15607,14361,372,14733,148
2020-12-18,Santa Clara,085,1922200,61893,53992,227,54219,539
2020-12-18,Santa Cruz,087,273765,8014,6838,213,7051,68
2020-12-18,Shasta,089,179085,7568,7114,568,7682,62
2020-12-18,Sierra,091,2930,24,23,0,23,0
2020-12-18,Siskiyou,093,43540,950,840,81,921,2
2020-12-18,Solano,095,438530,16865,14667,151,14818,95
2020-12-18,Sonoma,097,501317,17520,16261,97,16358,173
2020-12-18,Stanislaus,099,539301,31799,28967,2568,31535,490
2020-12-18,Sutter,101,95872,5885,5399,40,5439,39
2020-12-18,Tehama,103,63373,2715,2523,204,2727,9
2020-12-18,Trinity,105,12862,394,215,50,265,2
2020-12-18,Tulare,107,460477,30932,28322,2999,31321,370
2020-12-18,Tuolumne,109,53932,2507,2067,11,2078,12
2020-12-18,Ventura,111,848112,34415,29907,1292,31199,209
2020-12-18,Yolo,113,214977,7721,6901,44,6945,109
2020-12-18,Yuba,115,75493,3439,3097,32,3129,11
2020-12-17,Alameda,001,1643700,45965,41548,710,42258,508
2020-12-17,Alpine,002,1148,65,64,0,64,0
2020-12-17,Amador,005,37829,2077,1703,13,1716,19
2020-12-17,Butte,007,227075,6605,5746,659,6405,78
2020-12-17,Calaveras,009,45235,958,848,0,848,21
2020-12-17,Colusa,011,21464,1157,1053,48,1101,7
2020-12-17,Contra Costa,013,1133247,35926,33006,352,33358,293
2020-12-17,Del Norte,015,27424,678,583,0,583,1
2020-12-17,El Dorado,017,186661,5243,4327,199,4526,9
2020-12-17,Fresno,019,978130,60987,49918,3499,53417,597
2020-12-17,Glenn,021,27897,1360,1244,183,1427,9
2020-12-17,Humboldt,023,135768,1482,1322,6,1328,14
2020-12-17,Imperial,025,180216,21499,20208,745,20953,391
2020-12-17,Inyo,027,18085,540,450,6,456,16
2020-12-17,Kern,029,883053,58887,53683,3673,57356,526
2020-12-17,Kings,031,150075,15103,14057,414,14471,98
2020-12-17,Lake,033,64148,1633,1374,0,1374,20
2020-12-17,Lassen,035,31185,3884,3417,35,3452,1
2020-12-17,Los Angeles,037,10098052,641886,571093,14751,585844,8657
2020-12-17,Madera,039,155013,9470,8465,315,8780,62
2020-12-17,Marin,041,260295,9207,8721,59,8780,142
2020-12-17,Mariposa,043,17540,200,172,2,174,3
2020-12-17,Mendocino,045,87422,2163,1942,19,1961,23
2020-12-17,Merced,047,269075,17021,15648,248,15896,192
2020-12-17,Modoc,049,8938,211,179,63,242,0
2020-12-17,Mono,051,14174,801,718,12,730,3
2020-12-17,Monterey,053,433212,24100,21951,537,22488,163
2020-12-17,Napa,055,140530,5115,4612,23,4635,23
2020-12-17,Nevada,057,99092,2430,2173,74,2247,13
2020-12-17,Orange,059,3164182,135373,118367,4747,123114,1725
2020-12-17,Placer,061,380077,12508,10756,409,11165,99
2020-12-17,Plumas,063,18699,414,324,8,332,0
2020-12-17,Riverside,065,2383286,155234,139325,5868,145193,1696
2020-12-17,Sacramento,067,1510023,58211,53189,434,53623,721
2020-12-17,San Benito,069,59416,3042,2645,22,2667,20
2020-12-17,San Bernardino,071,2135413,169775,149838,4240,154078,1425
2020-12-17,San Diego,073,3302833,134016,116852,5780,122632,1239
2020-12-17,San Francisco,075,870044,21287,19939,174,20113,170
2020-12-17,San Joaquin,077,732212,40389,35894,1119,37013,554
2020-12-17,San Luis Obispo,079,281455,9493,8365,201,8566,59
2020-12-17,San Mateo,081,765935,22220,19647,61,19708,181
2020-12-17,Santa Barbara,083,443738,15374,14207,365,14572,147
2020-12-17,Santa Clara,085,1922200,60703,52559,221,52780,527
2020-12-17,Santa Cruz,087,273765,7858,6687,200,6887,64
2020-12-17,Shasta,089,179085,7492,7000,549,7549,62
2020-12-17,Sierra,091,2930,23,23,0,23,0
2020-12-17,Siskiyou,093,43540,942,827,80,907,2
2020-12-17,Solano,095,438530,16551,14361,148,14509,96
2020-12-17,Sonoma,097,501317,17248,15993,96,16089,171
2020-12-17,Stanislaus,099,539301,31380,28582,2508,31090,489
2020-12-17,Sutter,101,95872,5787,5309,38,5347,39
2020-12-17,Tehama,103,63373,2666,2480,198,2678,9
2020-12-17,Trinity,105,12862,389,213,50,263,2
2020-12-17,Tulare,107,460477,30531,27852,2920,30772,358
2020-12-17,Tuolumne,109,53932,2214,1992,11,2003,11
2020-12-17,Ventura,111,848112,33805,29404,1256,30660,208
2020-12-17,Yolo,113,214977,7600,6800,43,6843,105
2020-12-17,Yuba,115,75493,3379,3035,31,3066,12
2020-12-16,Alameda,001,1643700,45109,40751,686,41437,497
2020-12-16,Alpine,002,1148,65,64,0,64,0
2020-12-16,Amador,005,37829,2030,1693,12,1705,19
2020-12-16,Butte,007,227075,6416,5659,632,6291,76
2020-12-16,Calaveras,009,45235,923,821,0,821,21
2020-12-16,Colusa,011,21464,1144,1038,45,1083,7
2020-12-16,Contra Costa,013,1133247,35368,32429,333,32762,293
2020-12-16,Del Norte,015,27424,676,575,0,575,1
2020-12-16,El Dorado,017,186661,5122,4237,190,4427,9
2020-12-16,Fresno,019,978130,60033,49173,3403,52576,584
2020-12-16,Glenn,021,27897,1342,1236,172,1408,9
2020-12-16,Humboldt,023,135768,1450,1308,5,1313,12
2020-12-16,Imperial,025,180216,21317,19980,681,20661,388
2020-12-16,Inyo,027,18085,527,444,6,450,16
2020-12-16,Kern,029,883053,58010,52896,3544,56440,522
2020-12-16,Kings,031,150075,14923,13734,398,14132,99
2020-12-16,Lake,033,64148,1594,1363,0,1363,20
2020-12-16,Lassen,035,31185,3851,3396,34,3430,1
2020-12-16,Los Angeles,037,10098052,625341,557907,14089,571996,8561
2020-12-16,Madera,039,155013,9344,8278,307,8585,62
2020-12-16,Marin,041,260295,9136,8641,59,8700,142
2020-12-16,Mariposa,043,17540,197,175,2,177,3
2020-12-16,Mendocino,045,87422,2128,1929,19,1948,23
2020-12-16,Merced,047,269075,16737,15443,245,15688,190
2020-12-16,Modoc,049,8938,208,178,63,241,0
2020-12-16,Mono,051,14174,782,702,12,714,3
2020-12-16,Monterey,053,433212,23540,21107,526,21633,163
2020-12-16,Napa,055,140530,5017,4544,23,4567,23
2020-12-16,Nevada,057,99092,2394,2149,72,2221,13
2020-12-16,Orange,059,3164182,131894,115260,4581,119841,1712
2020-12-16,Placer,061,380077,12271,10554,388,10942,96
2020-12-16,Plumas,063,18699,405,319,8,327,0
2020-12-16,Riverside,065,2383286,151118,135751,5623,141374,1664
2020-12-16,Sacramento,067,1510023,57239,52166,409,52575,715
2020-12-16,San Benito,069,59416,2952,2582,22,2604,20
2020-12-16,San Bernardino,071,2135413,165168,143565,4106,147671,1403
2020-12-16,San Diego,073,3302833,130911,114248,5626,119874,1217
2020-12-16,San Francisco,075,870044,21028,19624,174,19798,170
2020-12-16,San Joaquin,077,732212,39566,35010,1079,36089,547
2020-12-16,San Luis Obispo,079,281455,9298,8252,192,8444,58
2020-12-16,San Mateo,081,765935,21895,19292,57,19349,179
2020-12-16,Santa Barbara,083,443738,15122,13966,353,14319,144
2020-12-16,Santa Clara,085,1922200,59450,51502,218,51720,523
2020-12-16,Santa Cruz,087,273765,7670,6536,189,6725,63
2020-12-16,Shasta,089,179085,7419,6914,526,7440,62
2020-12-16,Sierra,091,2930,23,23,0,23,0
2020-12-16,Siskiyou,093,43540,934,818,80,898,2
2020-12-16,Solano,095,438530,16080,14157,144,14301,96
2020-12-16,Sonoma,097,501317,16993,15768,96,15864,170
2020-12-16,Stanislaus,099,539301,30887,28279,2437,30716,489
2020-12-16,Sutter,101,95872,5708,5223,38,5261,39
2020-12-16,Tehama,103,63373,2631,2441,174,2615,9
2020-12-16,Trinity,105,12862,383,212,50,262,2
2020-12-16,Tulare,107,460477,30104,27500,2830,30330,352
2020-12-16,Tuolumne,109,53932,2171,1941,11,1952,11
2020-12-16,Ventura,111,848112,33032,28566,1214,29780,203
2020-12-16,Yolo,113,214977,7473,6649,42,6691,103
2020-12-16,Yuba,115,75493,3293,2980,30,3010,11
2020-12-15,Alameda,001,1643700,44251,40026,665,40691,492
2020-12-15,Alpine,002,1148,65,64,0,64,0
2020-12-15,Amador,005,37829,1917,1669,10,1679,19
2020-12-15,Butte,007,227075,6277,5565,605,6170,75
2020-12-15,Calaveras,009,45235,891,799,0,799,21
2020-12-15,Colusa,011,21464,1131,1026,44,1070,7
2020-12-15,Contra Costa,013,1133247,34714,31423,319,31742,281
2020-12-15,Del Norte,015,27424,669,564,0,564,1
2020-12-15,El Dorado,017,186661,5014,4113,176,4289,9
2020-12-15,Fresno,019,978130,58661,47316,3269,50585,574
2020-12-15,Glenn,021,27897,1329,1207,156,1363,9
2020-12-15,Humboldt,023,135768,1430,1276,5,1281,12
2020-12-15,Imperial,025,180216,21093,19756,603,20359,380
2020-12-15,Inyo,027,18085,515,394,6,400,16
2020-12-15,Kern,029,883053,56999,52002,3438,55440,511
2020-12-15,Kings,031,150075,14759,13652,379,14031,97
2020-12-15,Lake,033,64148,1568,1341,0,1341,21
2020-12-15,Lassen,035,31185,3679,3378,33,3411,1
2020-12-15,Los Angeles,037,10098052,608936,536258,13464,549722,8429
2020-12-15,Madera,039,155013,9187,8118,300,8418,60
2020-12-15,Marin,041,260295,9032,8528,58,8586,141
2020-12-15,Mariposa,043,17540,193,171,2,173,3
2020-12-15,Mendocino,045,87422,2101,1883,19,1902,24
2020-12-15,Merced,047,269075,16441,15120,241,15361,190
2020-12-15,Modoc,049,8938,206,179,63,242,0
2020-12-15,Mono,051,14174,766,702,12,714,3
2020-12-15,Monterey,053,433212,22942,19905,465,20370,161
2020-12-15,Napa,055,140530,4914,4440,23,4463,23
2020-12-15,Nevada,057,99092,2361,2117,70,2187,11
2020-12-15,Orange,059,3164182,128262,112893,4432,117325,1689
2020-12-15,Placer,061,380077,12037,10301,366,10667,95
2020-12-15,Plumas,063,18699,400,313,8,321,0
2020-12-15,Riverside,065,2383286,147066,131822,5348,137170,1624
2020-12-15,Sacramento,067,1510023,56221,51076,396,51472,703
2020-12-15,San Benito,069,59416,2873,2520,21,2541,19
2020-12-15,San Bernardino,071,2135413,160703,137548,3957,141505,1351
2020-12-15,San Diego,073,3302833,127344,111441,5463,116904,1194
2020-12-15,San Francisco,075,870044,20722,19283,171,19454,171
2020-12-15,San Joaquin,077,732212,38644,33849,1045,34894,537
2020-12-15,San Luis Obispo,079,281455,9189,8074,189,8263,55
2020-12-15,San Mateo,081,765935,21486,18907,55,18962,178
2020-12-15,Santa Barbara,083,443738,14895,13782,345,14127,144
2020-12-15,Santa Clara,085,1922200,58022,50311,215,50526,505
2020-12-15,Santa Cruz,087,273765,7483,6361,176,6537,59
2020-12-15,Shasta,089,179085,7360,6794,501,7295,54
2020-12-15,Sierra,091,2930,23,23,0,23,0
2020-12-15,Siskiyou,093,43540,926,812,79,891,2
2020-12-15,Solano,095,438530,15726,13796,144,13940,95
2020-12-15,Sonoma,097,501317,16772,15406,96,15502,167
2020-12-15,Stanislaus,099,539301,30390,27823,2358,30181,485
2020-12-15,Sutter,101,95872,5609,5080,37,5117,36
2020-12-15,Tehama,103,63373,2593,2392,168,2560,9
2020-12-15,Trinity,105,12862,375,213,48,261,1
2020-12-15,Tulare,107,460477,29604,27026,2743,29769,342
2020-12-15,Tuolumne,109,53932,2141,1874,11,1885,8
2020-12-15,Ventura,111,848112,32410,27936,1167,29103,201
2020-12-15,Yolo,113,214977,7347,6531,40,6571,104
2020-12-15,Yuba,115,75493,3198,2891,29,2920,11
2020-12-14,Alameda,001,1643700,43352,39252,646,39898,487
2020-12-14,Alpine,002,1148,65,63,0,63,0
2020-12-14,Amador,005,37829,1845,1609,10,1619,19
2020-12-14,Butte,007,227075,6109,5202,589,5791,75
2020-12-14,Calaveras,009,45235,853,718,0,718,21
2020-12-14,Colusa,011,21464,1107,949,43,992,7
2020-12-14,Contra Costa,013,1133247,34023,30594,305,30899,281
2020-12-14,Del Norte,015,27424,663,560,0,560,1
2020-12-14,El Dorado,017,186661,4858,4018,160,4178,9
2020-12-14,Fresno,019,978130,57635,44726,3095,47821,560
2020-12-14,Glenn,021,27897,1303,1186,148,1334,9
2020-12-14,Humboldt,023,135768,1417,1256,5,1261,9
2020-12-14,Imperial,025,180216,20854,19608,529,20137,379
2020-12-14,Inyo,027,18085,502,382,6,388,16
2020-12-14,Kern,029,883053,55962,50538,3317,53855,510
2020-12-14,Kings,031,150075,14574,13491,352,13843,97
2020-12-14,Lake,033,64148,1517,1301,0,1301,21
2020-12-14,Lassen,035,31185,3581,2905,30,2935,1
2020-12-14,Los Angeles,037,10098052,591290,524668,12841,537509,8340
2020-12-14,Madera,039,155013,8923,8011,291,8302,60
2020-12-14,Marin,041,260295,8947,8475,57,8532,141
2020-12-14,Mariposa,043,17540,192,171,2,173,3
2020-12-14,Mendocino,045,87422,2080,1845,19,1864,24
2020-12-14,Merced,047,269075,16036,14572,227,14799,189
2020-12-14,Modoc,049,8938,200,180,61,241,0
2020-12-14,Mono,051,14174,758,685,12,697,3
2020-12-14,Monterey,053,433212,22420,19154,459,19613,155
2020-12-14,Napa,055,140530,4821,4289,23,4312,22
2020-12-14,Nevada,057,99092,2324,2070,67,2137,11
2020-12-14,Orange,059,3164182,124380,108602,4296,112898,1688
2020-12-14,Placer,061,380077,11756,9551,355,9906,95
2020-12-14,Plumas,063,18699,388,309,8,317,0
2020-12-14,Riverside,065,2383286,142944,123715,5086,128801,1588
2020-12-14,Sacramento,067,1510023,55114,50304,371,50675,691
2020-12-14,San Benito,069,59416,2807,2467,20,2487,19
2020-12-14,San Bernardino,071,2135413,156254,129151,3831,132982,1347
2020-12-14,San Diego,073,3302833,123608,109578,5278,114856,1162
2020-12-14,San Francisco,075,870044,20352,18904,169,19073,171
2020-12-14,San Joaquin,077,732212,37809,32522,999,33521,534
2020-12-14,San Luis Obispo,079,281455,8944,7791,185,7976,52
2020-12-14,San Mateo,081,765935,20989,18361,52,18413,178
2020-12-14,Santa Barbara,083,443738,14623,13587,337,13924,144
2020-12-14,Santa Clara,085,1922200,56509,49180,204,49384,502
2020-12-14,Santa Cruz,087,273765,7301,6049,161,6210,54
2020-12-14,Shasta,089,179085,7271,6665,483,7148,54
2020-12-14,Sierra,091,2930,23,21,0,21,0
2020-12-14,Siskiyou,093,43540,903,764,73,837,2
2020-12-14,Solano,095,438530,15371,13352,143,13495,93
2020-12-14,Sonoma,097,501317,16465,14807,95,14902,167
2020-12-14,Stanislaus,099,539301,29862,27311,2312,29623,485
2020-12-14,Sutter,101,95872,5506,5001,30,5031,35
2020-12-14,Tehama,103,63373,2551,2344,165,2509,9
2020-12-14,Trinity,105,12862,371,205,46,251,1
2020-12-14,Tulare,107,460477,29125,25735,2654,28389,341
2020-12-14,Tuolumne,109,53932,2088,1647,11,1658,8
2020-12-14,Ventura,111,848112,31487,27436,1109,28545,202
2020-12-14,Yolo,113,214977,7189,6389,39,6428,95
2020-12-14,Yuba,115,75493,3135,2851,29,2880,11
2020-12-13,Alameda,001,1643700,42150,38064,622,38686,486
2020-12-13,Alpine,002,1148,65,63,0,63,0
2020-12-13,Amador,005,37829,1789,1457,9,1466,19
2020-12-13,Butte,007,227075,5960,5103,550,5653,75
2020-12-13,Calaveras,009,45235,819,710,0,710,21
2020-12-13,Colusa,011,21464,1091,945,40,985,7
2020-12-13,Contra Costa,013,1133247,33297,29667,299,29966,281
2020-12-13,Del Norte,015,27424,611,542,0,542,1
2020-12-13,El Dorado,017,186661,4757,3770,151,3921,9
2020-12-13,Fresno,019,978130,56529,44114,2941,47055,559
2020-12-13,Glenn,021,27897,1290,1171,137,1308,9
2020-12-13,Humboldt,023,135768,1394,1238,4,1242,9
2020-12-13,Imperial,025,180216,20571,19472,409,19881,379
2020-12-13,Inyo,027,18085,481,380,6,386,16
2020-12-13,Kern,029,883053,54933,49051,3161,52212,510
2020-12-13,Kings,031,150075,14294,13357,334,13691,97
2020-12-13,Lake,033,64148,1476,1271,0,1271,21
2020-12-13,Lassen,035,31185,3474,2867,25,2892,1
2020-12-13,Los Angeles,037,10098052,573650,517472,12159,529631,8294
2020-12-13,Madera,039,155013,8738,7909,278,8187,60
2020-12-13,Marin,041,260295,8826,8409,57,8466,141
2020-12-13,Mariposa,043,17540,188,167,2,169,3
2020-12-13,Mendocino,045,87422,2046,1793,19,1812,24
2020-12-13,Merced,047,269075,15683,14384,224,14608,189
2020-12-13,Modoc,049,8938,190,179,56,235,0
2020-12-13,Mono,051,14174,742,675,12,687,3
2020-12-13,Monterey,053,433212,21999,18913,445,19358,153
2020-12-13,Napa,055,140530,4714,4194,23,4217,22
2020-12-13,Nevada,057,99092,2277,2030,65,2095,11
2020-12-13,Orange,059,3164182,120439,104768,4123,108891,1688
2020-12-13,Placer,061,380077,11442,9405,337,9742,95
2020-12-13,Plumas,063,18699,382,291,8,299,0
2020-12-13,Riverside,065,2383286,138819,119691,4826,124517,1581
2020-12-13,Sacramento,067,1510023,53846,49480,342,49822,682
2020-12-13,San Benito,069,59416,2738,2408,19,2427,19
2020-12-13,San Bernardino,071,2135413,151357,126718,3676,130394,1333
2020-12-13,San Diego,073,3302833,120008,107372,5109,112481,1162
2020-12-13,San Francisco,075,870044,20016,18686,160,18846,167
2020-12-13,San Joaquin,077,732212,37007,32170,959,33129,534
2020-12-13,San Luis Obispo,079,281455,8753,7625,177,7802,52
2020-12-13,San Mateo,081,765935,20498,18090,46,18136,177
2020-12-13,Santa Barbara,083,443738,14354,13249,323,13572,144
2020-12-13,Santa Clara,085,1922200,55103,47920,196,48116,499
2020-12-13,Santa Cruz,087,273765,7054,5986,151,6137,54
2020-12-13,Shasta,089,179085,7196,6647,457,7104,54
2020-12-13,Sierra,091,2930,23,21,0,21,0
2020-12-13,Siskiyou,093,43540,890,762,68,830,2
2020-12-13,Solano,095,438530,14936,13276,140,13416,93
2020-12-13,Sonoma,097,501317,16152,14495,94,14589,167
2020-12-13,Stanislaus,099,539301,29305,26569,2261,28830,485
2020-12-13,Sutter,101,95872,5379,4798,26,4824,34
2020-12-13,Tehama,103,63373,2507,2325,150,2475,9
2020-12-13,Trinity,105,12862,365,204,46,250,1
2020-12-13,Tulare,107,460477,28642,25496,2576,28072,340
2020-12-13,Tuolumne,109,53932,2026,1611,11,1622,8
2020-12-13,Ventura,111,848112,30488,26588,1049,27637,202
2020-12-13,Yolo,113,214977,7002,6265,33,6298,95
2020-12-13,Yuba,115,75493,3072,2754,26,2780,11
2020-12-12,Alameda,001,1643700,41707,37027,603,37630,486
2020-12-12,Alpine,002,1148,65,63,0,63,0
2020-12-12,Amador,005,37829,1761,1236,8,1244,19
2020-12-12,Butte,007,227075,5887,4972,535,5507,73
2020-12-12,Calaveras,009,45235,809,708,0,708,21
2020-12-12,Colusa,011,21464,1071,945,39,984,7
2020-12-12,Contra Costa,013,1133247,32950,29506,290,29796,281
2020-12-12,Del Norte,015,27424,603,529,0,529,1
2020-12-12,El Dorado,017,186661,4682,3706,135,3841,9
2020-12-12,Fresno,019,978130,56177,43756,2882,46638,559
2020-12-12,Glenn,021,27897,1282,1143,133,1276,8
2020-12-12,Humboldt,023,135768,1375,1208,4,1212,9
2020-12-12,Imperial,025,180216,20482,18947,354,19301,379
2020-12-12,Inyo,027,18085,475,380,6,386,16
2020-12-12,Kern,029,883053,54414,48194,3074,51268,507
2020-12-12,Kings,031,150075,14205,13205,330,13535,96
2020-12-12,Lake,033,64148,1460,1232,0,1232,21
2020-12-12,Lassen,035,31185,3451,2866,22,2888,1
2020-12-12,Los Angeles,037,10098052,566832,504317,11672,515989,8269
2020-12-12,Madera,039,155013,8611,7765,275,8040,59
2020-12-12,Marin,041,260295,8771,8363,56,8419,141
2020-12-12,Mariposa,043,17540,187,164,2,166,3
2020-12-12,Mendocino,045,87422,2010,1771,19,1790,24
2020-12-12,Merced,047,269075,15591,14181,220,14401,188
2020-12-12,Modoc,049,8938,189,169,53,222,0
2020-12-12,Mono,051,14174,735,640,12,652,3
2020-12-12,Monterey,053,433212,21886,18596,416,19012,151
2020-12-12,Napa,055,140530,4669,4113,23,4136,22
2020-12-12,Nevada,057,99092,2259,1981,63,2044,10
2020-12-12,Orange,059,3164182,118541,100468,3979,104447,1674
2020-12-12,Placer,061,380077,11277,9390,332,9722,95
2020-12-12,Plumas,063,18699,376,291,8,299,0
2020-12-12,Riverside,065,2383286,136758,118335,4625,122960,1579
2020-12-12,Sacramento,067,1510023,53264,48319,329,48648,673
2020-12-12,San Benito,069,59416,2683,2355,19,2374,19
2020-12-12,San Bernardino,071,2135413,149724,125741,3574,129315,1321
2020-12-12,San Diego,073,3302833,118387,104958,5012,109970,1151
2020-12-12,San Francisco,075,870044,19819,18413,156,18569,167
2020-12-12,San Joaquin,077,732212,36679,32200,929,33129,534
2020-12-12,San Luis Obispo,079,281455,8654,7462,171,7633,50
2020-12-12,San Mateo,081,765935,20277,17574,45,17619,177
2020-12-12,Santa Barbara,083,443738,14202,13174,315,13489,144
2020-12-12,Santa Clara,085,1922200,54168,45892,193,46085,498
2020-12-12,Santa Cruz,087,273765,6956,5905,142,6047,54
2020-12-12,Shasta,089,179085,7163,6551,439,6990,54
2020-12-12,Sierra,091,2930,23,21,0,21,0
2020-12-12,Siskiyou,093,43540,888,762,65,827,2
2020-12-12,Solano,095,438530,14742,12748,133,12881,93
2020-12-12,Sonoma,097,501317,16031,14466,94,14560,166
2020-12-12,Stanislaus,099,539301,29000,26246,2211,28457,483
2020-12-12,Sutter,101,95872,5317,4717,26,4743,32
2020-12-12,Tehama,103,63373,2489,2252,145,2397,9
2020-12-12,Trinity,105,12862,363,204,44,248,1
2020-12-12,Tulare,107,460477,28377,25333,2517,27850,341
2020-12-12,Tuolumne,109,53932,1982,1536,11,1547,8
2020-12-12,Ventura,111,848112,30043,25955,1016,26971,202
2020-12-12,Yolo,113,214977,6919,6116,31,6147,95
2020-12-12,Yuba,115,75493,3045,2692,25,2717,10
2020-12-11,Alameda,001,1643700,41140,36281,591,36872,482
2020-12-11,Alpine,002,1148,65,63,0,63,0
2020-12-11,Amador,005,37829,1745,1213,8,1221,19
2020-12-11,Butte,007,227075,5814,4941,517,5458,73
2020-12-11,Calaveras,009,45235,793,697,0,697,21
2020-12-11,Colusa,011,21464,1061,923,37,960,7
2020-12-11,Contra Costa,013,1133247,32518,29036,287,29323,282
2020-12-11,Del Norte,015,27424,595,505,0,505,1
2020-12-11,El Dorado,017,186661,4601,3669,120,3789,9
2020-12-11,Fresno,019,978130,55165,43071,2816,45887,550
2020-12-11,Glenn,021,27897,1266,1135,129,1264,8
2020-12-11,Humboldt,023,135768,1357,1190,4,1194,9
2020-12-11,Imperial,025,180216,20392,18599,310,18909,377
2020-12-11,Inyo,027,18085,465,372,6,378,16
2020-12-11,Kern,029,883053,53736,47664,3011,50675,502
2020-12-11,Kings,031,150075,14061,13118,326,13444,94
2020-12-11,Lake,033,64148,1443,1205,0,1205,21
2020-12-11,Lassen,035,31185,3439,2790,21,2811,1
2020-12-11,Los Angeles,037,10098052,555021,493592,11267,504859,8198
2020-12-11,Madera,039,155013,8519,7648,265,7913,59
2020-12-11,Marin,041,260295,8685,8317,55,8372,141
2020-12-11,Mariposa,043,17540,186,164,2,166,3
2020-12-11,Mendocino,045,87422,1986,1769,19,1788,24
2020-12-11,Merced,047,269075,15471,14038,212,14250,186
2020-12-11,Modoc,049,8938,189,168,52,220,0
2020-12-11,Mono,051,14174,725,631,12,643,3
2020-12-11,Monterey,053,433212,21585,18421,411,18832,150
2020-12-11,Napa,055,140530,4614,4054,23,4077,22
2020-12-11,Nevada,057,99092,2242,1959,60,2019,10
2020-12-11,Orange,059,3164182,116219,98357,3878,102235,1656
2020-12-11,Placer,061,380077,11115,8904,316,9220,93
2020-12-11,Plumas,063,18699,368,286,8,294,0
2020-12-11,Riverside,065,2383286,133684,115329,4407,119736,1573
2020-12-11,Sacramento,067,1510023,52601,47468,321,47789,669
2020-12-11,San Benito,069,59416,2632,2319,19,2338,19
2020-12-11,San Bernardino,071,2135413,147026,123092,3460,126552,1313
2020-12-11,San Diego,073,3302833,116427,102468,4929,107397,1137
2020-12-11,San Francisco,075,870044,19589,18246,155,18401,165
2020-12-11,San Joaquin,077,732212,36330,32044,902,32946,534
2020-12-11,San Luis Obispo,079,281455,8493,7415,169,7584,49
2020-12-11,San Mateo,081,765935,20007,17240,34,17274,177
2020-12-11,Santa Barbara,083,443738,14059,12997,307,13304,144
2020-12-11,Santa Clara,085,1922200,53161,45101,184,45285,494
2020-12-11,Santa Cruz,087,273765,6837,5764,133,5897,50
2020-12-11,Shasta,089,179085,7118,6459,432,6891,54
2020-12-11,Sierra,091,2930,23,19,0,19,0
2020-12-11,Siskiyou,093,43540,881,753,62,815,2
2020-12-11,Solano,095,438530,14555,12554,129,12683,92
2020-12-11,Sonoma,097,501317,15864,14298,92,14390,166
2020-12-11,Stanislaus,099,539301,28728,25928,2164,28092,464
2020-12-11,Sutter,101,95872,5254,4600,25,4625,30
2020-12-11,Tehama,103,63373,2458,2232,141,2373,9
2020-12-11,Trinity,105,12862,360,204,44,248,1
2020-12-11,Tulare,107,460477,28022,24953,2464,27417,338
2020-12-11,Tuolumne,109,53932,1967,1510,11,1521,8
2020-12-11,Ventura,111,848112,29436,24999,994,25993,202
2020-12-11,Yolo,113,214977,6815,6006,30,6036,95
2020-12-11,Yuba,115,75493,2984,2649,23,2672,10
2020-12-10,Alameda,001,1643700,40369,35686,571,36257,477
2020-12-10,Alpine,002,1148,65,63,0,63,0
2020-12-10,Amador,005,37829,1688,1191,8,1199,18
2020-12-10,Butte,007,227075,5699,4863,494,5357,72
2020-12-10,Calaveras,009,45235,775,684,0,684,21
2020-12-10,Colusa,011,21464,1038,909,34,943,7
2020-12-10,Contra Costa,013,1133247,31840,28413,281,28694,276
2020-12-10,Del Norte,015,27424,584,501,0,501,1
2020-12-10,El Dorado,017,186661,4483,3557,115,3672,9
2020-12-10,Fresno,019,978130,54187,42461,2677,45138,540
2020-12-10,Glenn,021,27897,1246,1126,120,1246,8
2020-12-10,Humboldt,023,135768,1337,1140,4,1144,9
2020-12-10,Imperial,025,180216,20180,18333,235,18568,370
2020-12-10,Inyo,027,18085,445,365,6,371,15
2020-12-10,Kern,029,883053,52755,47176,2848,50024,499
2020-12-10,Kings,031,150075,13903,12993,320,13313,92
2020-12-10,Lake,033,64148,1403,1167,0,1167,21
2020-12-10,Lassen,035,31185,3417,2764,17,2781,0
2020-12-10,Los Angeles,037,10098052,541038,480354,10745,491099,8149
2020-12-10,Madera,039,155013,8411,7445,250,7695,59
2020-12-10,Marin,041,260295,8635,8245,54,8299,140
2020-12-10,Mariposa,043,17540,185,160,2,162,3
2020-12-10,Mendocino,045,87422,1960,1748,16,1764,24
2020-12-10,Merced,047,269075,15225,13756,209,13965,186
2020-12-10,Modoc,049,8938,184,165,50,215,0
2020-12-10,Mono,051,14174,720,601,12,613,3
2020-12-10,Monterey,053,433212,21103,18266,401,18667,145
2020-12-10,Napa,055,140530,4528,3974,22,3996,22
2020-12-10,Nevada,057,99092,2206,1919,60,1979,10
2020-12-10,Orange,059,3164182,113115,95297,3719,99016,1651
2020-12-10,Placer,061,380077,10862,8906,299,9205,90
2020-12-10,Plumas,063,18699,357,281,8,289,0
2020-12-10,Riverside,065,2383286,130000,112794,4140,116934,1552
2020-12-10,Sacramento,067,1510023,51700,46471,300,46771,664
2020-12-10,San Benito,069,59416,2571,2268,18,2286,19
2020-12-10,San Bernardino,071,2135413,142784,120186,3286,123472,1306
2020-12-10,San Diego,073,3302833,113902,99601,4780,104381,1114
2020-12-10,San Francisco,075,870044,19281,17945,148,18093,164
2020-12-10,San Joaquin,077,732212,35696,31228,873,32101,534
2020-12-10,San Luis Obispo,079,281455,8330,7245,158,7403,49
2020-12-10,San Mateo,081,765935,19565,16701,24,16725,177
2020-12-10,Santa Barbara,083,443738,13880,12788,299,13087,143
2020-12-10,Santa Clara,085,1922200,52007,43939,170,44109,491
2020-12-10,Santa Cruz,087,273765,6671,5645,121,5766,48
2020-12-10,Shasta,089,179085,7051,6312,407,6719,53
2020-12-10,Sierra,091,2930,23,18,0,18,0
2020-12-10,Siskiyou,093,43540,871,712,61,773,2
2020-12-10,Solano,095,438530,14191,12017,124,12141,90
2020-12-10,Sonoma,097,501317,15609,14282,90,14372,167
2020-12-10,Stanislaus,099,539301,28269,25582,2090,27672,464
2020-12-10,Sutter,101,95872,5124,4528,23,4551,27
2020-12-10,Tehama,103,63373,2414,2190,133,2323,9
2020-12-10,Trinity,105,12862,356,202,42,244,1
2020-12-10,Tulare,107,460477,27565,24506,2401,26907,337
2020-12-10,Tuolumne,109,53932,1724,1451,11,1462,8
2020-12-10,Ventura,111,848112,28586,24075,950,25025,202
2020-12-10,Yolo,113,214977,6694,5896,29,5925,95
2020-12-10,Yuba,115,75493,2920,2604,22,2626,10
2020-12-09,Alameda,001,1643700,39533,35047,550,35597,470
2020-12-09,Alpine,002,1148,65,58,0,58,0
2020-12-09,Amador,005,37829,1645,1121,8,1129,19
2020-12-09,Butte,007,227075,5556,4733,475,5208,70
2020-12-09,Calaveras,009,45235,746,670,0,670,21
2020-12-09,Colusa,011,21464,1023,896,33,929,7
2020-12-09,Contra Costa,013,1133247,31132,28308,269,28577,273
2020-12-09,Del Norte,015,27424,576,481,0,481,2
2020-12-09,El Dorado,017,186661,4348,3449,107,3556,8
2020-12-09,Fresno,019,978130,53185,41954,2524,44478,533
2020-12-09,Glenn,021,27897,1232,1107,114,1221,8
2020-12-09,Humboldt,023,135768,1305,1086,4,1090,10
2020-12-09,Imperial,025,180216,19922,17757,199,17956,368
2020-12-09,Inyo,027,18085,432,356,6,362,15
2020-12-09,Kern,029,883053,51598,46379,2706,49085,494
2020-12-09,Kings,031,150075,13758,12716,312,13028,92
2020-12-09,Lake,033,64148,1374,1158,0,1158,20
2020-12-09,Lassen,035,31185,3348,2331,15,2346,0
2020-12-09,Los Angeles,037,10098052,527532,467971,10216,478187,8075
2020-12-09,Madera,039,155013,8295,7216,247,7463,59
2020-12-09,Marin,041,260295,8570,8182,53,8235,138
2020-12-09,Mariposa,043,17540,183,154,2,156,3
2020-12-09,Mendocino,045,87422,1935,1703,15,1718,24
2020-12-09,Merced,047,269075,14984,13588,203,13791,183
2020-12-09,Modoc,049,8938,179,146,41,187,0
2020-12-09,Mono,051,14174,708,601,12,613,3
2020-12-09,Monterey,053,433212,20703,17891,393,18284,143
2020-12-09,Napa,055,140530,4443,3858,21,3879,21
2020-12-09,Nevada,057,99092,2153,1864,60,1924,10
2020-12-09,Orange,059,3164182,110010,93763,3551,97314,1629
2020-12-09,Placer,061,380077,10601,8588,285,8873,85
2020-12-09,Plumas,063,18699,349,271,8,279,0
2020-12-09,Riverside,065,2383286,126298,110376,3939,114315,1543
2020-12-09,Sacramento,067,1510023,50637,45284,275,45559,659
2020-12-09,San Benito,069,59416,2499,2217,16,2233,19
2020-12-09,San Bernardino,071,2135413,138504,114516,3090,117606,1305
2020-12-09,San Diego,073,3302833,110922,97551,4641,102192,1103
2020-12-09,San Francisco,075,870044,18983,17628,147,17775,163
2020-12-09,San Joaquin,077,732212,34882,30539,849,31388,531
2020-12-09,San Luis Obispo,079,281455,8112,7105,150,7255,47
2020-12-09,San Mateo,081,765935,19115,16422,23,16445,175
2020-12-09,Santa Barbara,083,443738,13680,12630,289,12919,142
2020-12-09,Santa Clara,085,1922200,50830,42912,155,43067,489
2020-12-09,Santa Cruz,087,273765,6510,5527,106,5633,47
2020-12-09,Shasta,089,179085,6986,6105,393,6498,52
2020-12-09,Sierra,091,2930,23,18,0,18,0
2020-12-09,Siskiyou,093,43540,860,713,60,773,2
2020-12-09,Solano,095,438530,13848,11862,116,11978,90
2020-12-09,Sonoma,097,501317,15352,13994,87,14081,164
2020-12-09,Stanislaus,099,539301,27780,25157,2027,27184,463
2020-12-09,Sutter,101,95872,5005,4418,19,4437,24
2020-12-09,Tehama,103,63373,2378,2102,129,2231,9
2020-12-09,Trinity,105,12862,348,199,39,238,0
2020-12-09,Tulare,107,460477,26963,24124,2325,26449,334
2020-12-09,Tuolumne,109,53932,1691,1319,11,1330,8
2020-12-09,Ventura,111,848112,27722,23830,908,24738,201
2020-12-09,Yolo,113,214977,6568,5760,27,5787,95
2020-12-09,Yuba,115,75493,2852,2513,21,2534,10
2020-12-08,Alameda,001,1643700,38633,34373,535,34908,469
2020-12-08,Alpine,002,1148,64,53,0,53,0
2020-12-08,Amador,005,37829,1359,1043,8,1051,17
2020-12-08,Butte,007,227075,5398,4651,433,5084,70
2020-12-08,Calaveras,009,45235,722,657,0,657,21
2020-12-08,Colusa,011,21464,1007,875,32,907,6
2020-12-08,Contra Costa,013,1133247,30437,27926,254,28180,270
2020-12-08,Del Norte,015,27424,562,465,0,465,2
2020-12-08,El Dorado,017,186661,4224,3296,94,3390,8
2020-12-08,Fresno,019,978130,51921,41574,2369,43943,529
2020-12-08,Glenn,021,27897,1212,1094,106,1200,8
2020-12-08,Humboldt,023,135768,1279,1059,4,1063,10
2020-12-08,Imperial,025,180216,19413,17568,192,17760,363
2020-12-08,Inyo,027,18085,408,333,6,339,15
2020-12-08,Kern,029,883053,50307,45116,2553,47669,487
2020-12-08,Kings,031,150075,13604,12623,303,12926,90
2020-12-08,Lake,033,64148,1334,1127,0,1127,20
2020-12-08,Lassen,035,31185,3192,2165,15,2180,0
2020-12-08,Los Angeles,037,10098052,514819,459738,9746,469484,8004
2020-12-08,Madera,039,155013,8166,7082,235,7317,59
2020-12-08,Marin,041,260295,8494,8099,52,8151,137
2020-12-08,Mariposa,043,17540,179,150,2,152,2
2020-12-08,Mendocino,045,87422,1893,1666,15,1681,23
2020-12-08,Merced,047,269075,14672,13380,202,13582,181
2020-12-08,Modoc,049,8938,171,138,38,176,0
2020-12-08,Mono,051,14174,694,597,12,609,3
2020-12-08,Monterey,053,433212,20132,17752,386,18138,134
2020-12-08,Napa,055,140530,4357,3778,19,3797,22
2020-12-08,Nevada,057,99092,2099,1809,57,1866,11
2020-12-08,Orange,059,3164182,106786,91406,3388,94794,1629
2020-12-08,Placer,061,380077,10333,8224,280,8504,82
2020-12-08,Plumas,063,18699,339,258,8,266,0
2020-12-08,Riverside,065,2383286,122929,107620,3762,111382,1514
2020-12-08,Sacramento,067,1510023,49574,44635,261,44896,649
2020-12-08,San Benito,069,59416,2445,2180,16,2196,18
2020-12-08,San Bernardino,071,2135413,134158,110676,2969,113645,1301
2020-12-08,San Diego,073,3302833,107551,95447,4484,99931,1088
2020-12-08,San Francisco,075,870044,18676,17384,145,17529,162
2020-12-08,San Joaquin,077,732212,33988,30225,816,31041,530
2020-12-08,San Luis Obispo,079,281455,7983,6903,139,7042,45
2020-12-08,San Mateo,081,765935,18716,16305,23,16328,175
2020-12-08,Santa Barbara,083,443738,13497,12516,280,12796,141
2020-12-08,Santa Clara,085,1922200,49519,41309,147,41456,484
2020-12-08,Santa Cruz,087,273765,6329,5374,104,5478,45
2020-12-08,Shasta,089,179085,6876,5946,385,6331,50
2020-12-08,Sierra,091,2930,22,18,0,18,0
2020-12-08,Siskiyou,093,43540,846,704,58,762,2
2020-12-08,Solano,095,438530,13442,11669,114,11783,89
2020-12-08,Sonoma,097,501317,15093,13601,86,13687,164
2020-12-08,Stanislaus,099,539301,27288,24793,1962,26755,461
2020-12-08,Sutter,101,95872,4909,4342,18,4360,24
2020-12-08,Tehama,103,63373,2304,2057,121,2178,9
2020-12-08,Trinity,105,12862,339,198,38,236,0
2020-12-08,Tulare,107,460477,26358,23607,2262,25869,330
2020-12-08,Tuolumne,109,53932,1667,1264,11,1275,7
2020-12-08,Ventura,111,848112,27061,23665,866,24531,195
2020-12-08,Yolo,113,214977,6437,5560,27,5587,90
2020-12-08,Yuba,115,75493,2774,2477,21,2498,10
2020-12-07,Alameda,001,1643700,37767,33887,501,34388,466
2020-12-07,Alpine,002,1148,63,53,0,53,0
2020-12-07,Amador,005,37829,1284,993,7,1000,17
2020-12-07,Butte,007,227075,5262,4604,412,5016,67
2020-12-07,Calaveras,009,45235,693,606,0,606,21
2020-12-07,Colusa,011,21464,982,825,27,852,6
2020-12-07,Contra Costa,013,1133247,29829,27307,241,27548,270
2020-12-07,Del Norte,015,27424,547,424,0,424,2
2020-12-07,El Dorado,017,186661,4045,3275,87,3362,8
2020-12-07,Fresno,019,978130,50447,41098,2249,43347,526
2020-12-07,Glenn,021,27897,1193,1085,100,1185,8
2020-12-07,Humboldt,023,135768,1244,1023,4,1027,9
2020-12-07,Imperial,025,180216,18998,17234,182,17416,364
2020-12-07,Inyo,027,18085,392,333,6,339,15
2020-12-07,Kern,029,883053,49281,44409,2419,46828,486
2020-12-07,Kings,031,150075,13461,12412,295,12707,90
2020-12-07,Lake,033,64148,1307,1090,0,1090,20
2020-12-07,Lassen,035,31185,3095,2167,15,2182,0
2020-12-07,Los Angeles,037,10098052,501146,451052,9327,460379,7937
2020-12-07,Madera,039,155013,7902,6935,230,7165,59
2020-12-07,Marin,041,260295,8435,8049,51,8100,136
2020-12-07,Mariposa,043,17540,176,146,2,148,2
2020-12-07,Mendocino,045,87422,1857,1638,14,1652,23
2020-12-07,Merced,047,269075,14314,13250,193,13443,179
2020-12-07,Modoc,049,8938,164,128,35,163,0
2020-12-07,Mono,051,14174,681,590,12,602,3
2020-12-07,Monterey,053,433212,19652,17746,375,18121,132
2020-12-07,Napa,055,140530,4266,3684,19,3703,21
2020-12-07,Nevada,057,99092,2050,1777,56,1833,11
2020-12-07,Orange,059,3164182,103514,89793,3269,93062,1628
2020-12-07,Placer,061,380077,10008,7911,266,8177,82
2020-12-07,Plumas,063,18699,327,256,5,261,0
2020-12-07,Riverside,065,2383286,119729,102363,3581,105944,1491
2020-12-07,Sacramento,067,1510023,48479,43419,244,43663,638
2020-12-07,San Benito,069,59416,2395,2165,15,2180,18
2020-12-07,San Bernardino,071,2135413,130207,108161,2854,111015,1295
2020-12-07,San Diego,073,3302833,104762,94171,4303,98474,1062
2020-12-07,San Francisco,075,870044,18380,17220,138,17358,161
2020-12-07,San Joaquin,077,732212,33113,28188,790,28978,530
2020-12-07,San Luis Obispo,079,281455,7801,6782,132,6914,45
2020-12-07,San Mateo,081,765935,18278,16029,22,16051,175
2020-12-07,Santa Barbara,083,443738,13255,12362,270,12632,141
2020-12-07,Santa Clara,085,1922200,48123,40621,138,40759,484
2020-12-07,Santa Cruz,087,273765,6165,5152,96,5248,41
2020-12-07,Shasta,089,179085,6753,5742,370,6112,50
2020-12-07,Sierra,091,2930,20,18,0,18,0
2020-12-07,Siskiyou,093,43540,820,652,58,710,2
2020-12-07,Solano,095,438530,13104,11354,110,11464,89
2020-12-07,Sonoma,097,501317,14808,13376,86,13462,164
2020-12-07,Stanislaus,099,539301,26714,24479,1909,26388,454
2020-12-07,Sutter,101,95872,4768,4106,18,4124,24
2020-12-07,Tehama,103,63373,2253,2030,116,2146,9
2020-12-07,Trinity,105,12862,335,194,38,232,0
2020-12-07,Tulare,107,460477,25810,22760,2203,24963,328
2020-12-07,Tuolumne,109,53932,1582,1256,10,1266,7
2020-12-07,Ventura,111,848112,26473,23354,830,24184,191
2020-12-07,Yolo,113,214977,6277,5537,26,5563,90
2020-12-07,Yuba,115,75493,2707,2428,19,2447,10
2020-12-06,Alameda,001,1643700,36773,33477,481,33958,465
2020-12-06,Alpine,002,1148,59,53,0,53,0
2020-12-06,Amador,005,37829,1221,952,6,958,17
2020-12-06,Butte,007,227075,5109,4527,378,4905,67
2020-12-06,Calaveras,009,45235,673,606,0,606,21
2020-12-06,Colusa,011,21464,965,824,23,847,6
2020-12-06,Contra Costa,013,1133247,29223,26566,234,26800,270
2020-12-06,Del Norte,015,27424,491,414,0,414,2
2020-12-06,El Dorado,017,186661,3908,3086,81,3167,8
2020-12-06,Fresno,019,978130,49494,40869,2133,43002,526
2020-12-06,Glenn,021,27897,1183,1067,96,1163,8
2020-12-06,Humboldt,023,135768,1219,1004,4,1008,9
2020-12-06,Imperial,025,180216,18690,16922,174,17096,364
2020-12-06,Inyo,027,18085,380,333,6,339,15
2020-12-06,Kern,029,883053,48290,43899,2252,46151,486
2020-12-06,Kings,031,150075,13189,12056,278,12334,90
2020-12-06,Lake,033,64148,1271,1075,0,1075,20
2020-12-06,Lassen,035,31185,2991,2168,13,2181,0
2020-12-06,Los Angeles,037,10098052,487549,443230,8901,452131,7910
2020-12-06,Madera,039,155013,7729,6826,221,7047,59
2020-12-06,Marin,041,260295,8356,8013,48,8061,136
2020-12-06,Mariposa,043,17540,175,144,2,146,2
2020-12-06,Mendocino,045,87422,1817,1614,14,1628,23
2020-12-06,Merced,047,269075,13977,12928,184,13112,179
2020-12-06,Modoc,049,8938,151,125,28,153,0
2020-12-06,Mono,051,14174,659,586,11,597,3
2020-12-06,Monterey,053,433212,19034,17426,365,17791,130
2020-12-06,Napa,055,140530,4154,3644,19,3663,21
2020-12-06,Nevada,057,99092,1991,1710,53,1763,10
2020-12-06,Orange,059,3164182,100443,87737,3141,90878,1627
2020-12-06,Placer,061,380077,9725,7837,247,8084,82
2020-12-06,Plumas,063,18699,314,254,4,258,0
2020-12-06,Riverside,065,2383286,116636,100088,3360,103448,1482
2020-12-06,Sacramento,067,1510023,47238,42808,230,43038,638
2020-12-06,San Benito,069,59416,2358,2135,15,2150,18
2020-12-06,San Bernardino,071,2135413,126058,106927,2700,109627,1286
2020-12-06,San Diego,073,3302833,101729,92173,4149,96322,1062
2020-12-06,San Francisco,075,870044,18057,17107,131,17238,161
2020-12-06,San Joaquin,077,732212,32268,28188,762,28950,530
2020-12-06,San Luis Obispo,079,281455,7636,6723,127,6850,45
2020-12-06,San Mateo,081,765935,17774,15855,20,15875,175
2020-12-06,Santa Barbara,083,443738,13023,12252,261,12513,141
2020-12-06,Santa Clara,085,1922200,46727,39112,133,39245,482
2020-12-06,Santa Cruz,087,273765,5988,5069,90,5159,40
2020-12-06,Shasta,089,179085,6613,5743,349,6092,49
2020-12-06,Sierra,091,2930,20,17,0,17,0
2020-12-06,Siskiyou,093,43540,801,652,56,708,2
2020-12-06,Solano,095,438530,12815,11354,100,11454,88
2020-12-06,Sonoma,097,501317,14519,13238,85,13323,164
2020-12-06,Stanislaus,099,539301,26154,24036,1845,25881,454
2020-12-06,Sutter,101,95872,4652,4009,17,4026,21
2020-12-06,Tehama,103,63373,2195,1982,107,2089,9
2020-12-06,Trinity,105,12862,328,181,36,217,0
2020-12-06,Tulare,107,460477,25276,22756,2136,24892,327
2020-12-06,Tuolumne,109,53932,1486,1210,10,1220,7
2020-12-06,Ventura,111,848112,25931,23035,804,23839,191
2020-12-06,Yolo,113,214977,6116,5465,22,5487,90
2020-12-06,Yuba,115,75493,2663,2340,18,2358,10
2020-12-05,Alameda,001,1643700,36415,32781,470,33251,465
2020-12-05,Alpine,002,1148,58,53,0,53,0
2020-12-05,Amador,005,37829,1197,847,6,853,17
2020-12-05,Butte,007,227075,5041,4455,359,4814,66
2020-12-05,Calaveras,009,45235,661,606,0,606,21
2020-12-05,Colusa,011,21464,947,825,20,845,6
2020-12-05,Contra Costa,013,1133247,28925,26217,226,26443,270
2020-12-05,Del Norte,015,27424,486,408,0,408,2
2020-12-05,El Dorado,017,186661,3843,3061,76,3137,8
2020-12-05,Fresno,019,978130,49175,40568,2079,42647,525
2020-12-05,Glenn,021,27897,1170,1056,90,1146,8
2020-12-05,Humboldt,023,135768,1186,979,4,983,9
2020-12-05,Imperial,025,180216,18516,16544,173,16717,362
2020-12-05,Inyo,027,18085,375,332,6,338,15
2020-12-05,Kern,029,883053,47827,43332,2167,45499,484
2020-12-05,Kings,031,150075,13108,11898,275,12173,90
2020-12-05,Lake,033,64148,1242,1069,0,1069,20
2020-12-05,Lassen,035,31185,2800,2168,11,2179,0
2020-12-05,Los Angeles,037,10098052,481750,433120,8590,441710,7888
2020-12-05,Madera,039,155013,7635,6619,214,6833,59
2020-12-05,Marin,041,260295,8328,7961,48,8009,136
2020-12-05,Mariposa,043,17540,170,143,2,145,2
2020-12-05,Mendocino,045,87422,1778,1585,14,1599,23
2020-12-05,Merced,047,269075,13870,12747,173,12920,180
2020-12-05,Modoc,049,8938,151,118,27,145,0
2020-12-05,Mono,051,14174,654,554,11,565,3
2020-12-05,Monterey,053,433212,18888,17077,361,17438,127
2020-12-05,Napa,055,140530,4084,3565,19,3584,21
2020-12-05,Nevada,057,99092,1976,1642,51,1693,10
2020-12-05,Orange,059,3164182,98971,85735,3044,88779,1612
2020-12-05,Placer,061,380077,9606,7811,238,8049,78
2020-12-05,Plumas,063,18699,307,246,1,247,0
2020-12-05,Riverside,065,2383286,115022,98612,3186,101798,1477
2020-12-05,Sacramento,067,1510023,46573,41878,216,42094,625
2020-12-05,San Benito,069,59416,2314,2073,15,2088,18
2020-12-05,San Bernardino,071,2135413,124528,105382,2572,107954,1283
2020-12-05,San Diego,073,3302833,100377,90470,4068,94538,1055
2020-12-05,San Francisco,075,870044,17871,16786,127,16913,161
2020-12-05,San Joaquin,077,732212,32001,28105,730,28835,523
2020-12-05,San Luis Obispo,079,281455,7569,6623,124,6747,44
2020-12-05,San Mateo,081,765935,17517,15512,20,15532,175
2020-12-05,Santa Barbara,083,443738,12923,12107,255,12362,141
2020-12-05,Santa Clara,085,1922200,45967,38339,128,38467,474
2020-12-05,Santa Cruz,087,273765,5915,4997,89,5086,40
2020-12-05,Shasta,089,179085,6552,5653,338,5991,49
2020-12-05,Sierra,091,2930,20,17,0,17,0
2020-12-05,Siskiyou,093,43540,793,649,55,704,2
2020-12-05,Solano,095,438530,12644,11351,98,11449,87
2020-12-05,Sonoma,097,501317,14423,13137,85,13222,164
2020-12-05,Stanislaus,099,539301,25835,23662,1810,25472,454
2020-12-05,Sutter,101,95872,4587,3937,17,3954,20
2020-12-05,Tehama,103,63373,2180,1926,105,2031,9
2020-12-05,Trinity,105,12862,327,177,36,213,0
2020-12-05,Tulare,107,460477,25057,22660,2078,24738,324
2020-12-05,Tuolumne,109,53932,1429,1180,10,1190,7
2020-12-05,Ventura,111,848112,25559,22710,790,23500,191
2020-12-05,Yolo,113,214977,6037,5351,21,5372,90
2020-12-05,Yuba,115,75493,2626,2275,18,2293,10
2020-12-04,Alameda,001,1643700,35865,31871,457,32328,465
2020-12-04,Alpine,002,1148,58,53,0,53,0
2020-12-04,Amador,005,37829,1183,766,3,769,16
2020-12-04,Butte,007,227075,4969,4336,339,4675,65
2020-12-04,Calaveras,009,45235,656,585,0,585,21
2020-12-04,Colusa,011,21464,933,790,18,808,6
2020-12-04,Contra Costa,013,1133247,28578,25705,214,25919,264
2020-12-04,Del Norte,015,27424,477,401,0,401,2
2020-12-04,El Dorado,017,186661,3755,2933,73,3006,7
2020-12-04,Fresno,019,978130,48465,40108,2011,42119,522
2020-12-04,Glenn,021,27897,1164,1017,82,1099,8
2020-12-04,Humboldt,023,135768,1168,960,4,964,9
2020-12-04,Imperial,025,180216,18269,16484,173,16657,362
2020-12-04,Inyo,027,18085,366,324,6,330,15
2020-12-04,Kern,029,883053,47276,42497,2064,44561,485
2020-12-04,Kings,031,150075,13015,11767,269,12036,88
2020-12-04,Lake,033,64148,1212,1018,0,1018,20
2020-12-04,Lassen,035,31185,2793,2167,10,2177,0
2020-12-04,Los Angeles,037,10098052,473129,424164,8302,432466,7845
2020-12-04,Madera,039,155013,7540,6479,211,6690,58
2020-12-04,Marin,041,260295,8274,7896,45,7941,136
2020-12-04,Mariposa,043,17540,170,136,2,138,2
2020-12-04,Mendocino,045,87422,1759,1563,13,1576,23
2020-12-04,Merced,047,269075,13755,12474,165,12639,177
2020-12-04,Modoc,049,8938,151,115,27,142,0
2020-12-04,Mono,051,14174,649,549,11,560,3
2020-12-04,Monterey,053,433212,18676,16737,352,17089,127
2020-12-04,Napa,055,140530,4030,3432,19,3451,19
2020-12-04,Nevada,057,99092,1951,1560,48,1608,10
2020-12-04,Orange,059,3164182,97042,83738,2980,86718,1597
2020-12-04,Placer,061,380077,9482,7461,225,7686,76
2020-12-04,Plumas,063,18699,300,232,0,232,0
2020-12-04,Riverside,065,2383286,112822,95255,3029,98284,1475
2020-12-04,Sacramento,067,1510023,45808,41061,199,41260,618
2020-12-04,San Benito,069,59416,2281,2006,15,2021,17
2020-12-04,San Bernardino,071,2135413,122255,102418,2464,104882,1290
2020-12-04,San Diego,073,3302833,98893,88183,3981,92164,1047
2020-12-04,San Francisco,075,870044,17681,16499,127,16626,161
2020-12-04,San Joaquin,077,732212,31561,27806,693,28499,522
2020-12-04,San Luis Obispo,079,281455,7485,6473,121,6594,42
2020-12-04,San Mateo,081,765935,17229,15112,19,15131,173
2020-12-04,Santa Barbara,083,443738,12816,11947,249,12196,141
2020-12-04,Santa Clara,085,1922200,45030,37465,122,37587,468
2020-12-04,Santa Cruz,087,273765,5826,4985,87,5072,32
2020-12-04,Shasta,089,179085,6463,5439,329,5768,49
2020-12-04,Sierra,091,2930,19,17,0,17,0
2020-12-04,Siskiyou,093,43540,786,639,52,691,2
2020-12-04,Solano,095,438530,12494,11037,95,11132,87
2020-12-04,Sonoma,097,501317,14275,12962,84,13046,164
2020-12-04,Stanislaus,099,539301,25557,23206,1766,24972,448
2020-12-04,Sutter,101,95872,4515,3791,12,3803,20
2020-12-04,Tehama,103,63373,2140,1876,100,1976,9
2020-12-04,Trinity,105,12862,325,172,36,208,0
2020-12-04,Tulare,107,460477,24764,22273,2006,24279,322
2020-12-04,Tuolumne,109,53932,1398,1134,10,1144,7
2020-12-04,Ventura,111,848112,25182,22024,774,22798,189
2020-12-04,Yolo,113,214977,5964,5294,20,5314,87
2020-12-04,Yuba,115,75493,2582,2225,17,2242,10
2020-12-03,Alameda,001,1643700,35097,31184,440,31624,465
2020-12-03,Alpine,002,1148,57,53,0,53,0
2020-12-03,Amador,005,37829,1132,653,3,656,16
2020-12-03,Butte,007,227075,4874,4305,320,4625,65
2020-12-03,Calaveras,009,45235,635,572,0,572,21
2020-12-03,Colusa,011,21464,920,774,17,791,6
2020-12-03,Contra Costa,013,1133247,28070,25464,207,25671,265
2020-12-03,Del Norte,015,27424,471,388,0,388,2
2020-12-03,El Dorado,017,186661,3629,2740,71,2811,6
2020-12-03,Fresno,019,978130,47711,39680,1938,41618,516
2020-12-03,Glenn,021,27897,1146,997,74,1071,8
2020-12-03,Humboldt,023,135768,1138,923,4,927,9
2020-12-03,Imperial,025,180216,18061,16436,161,16597,359
2020-12-03,Inyo,027,18085,364,321,6,327,15
2020-12-03,Kern,029,883053,46430,42062,1963,44025,483
2020-12-03,Kings,031,150075,12916,11658,258,11916,87
2020-12-03,Lake,033,64148,1197,991,0,991,20
2020-12-03,Lassen,035,31185,2753,2128,9,2137,0
2020-12-03,Los Angeles,037,10098052,463027,415805,7946,423751,7787
2020-12-03,Madera,039,155013,7417,6398,205,6603,58
2020-12-03,Marin,041,260295,8207,7861,41,7902,136
2020-12-03,Mariposa,043,17540,166,132,2,134,2
2020-12-03,Mendocino,045,87422,1742,1547,10,1557,23
2020-12-03,Merced,047,269075,13510,12310,158,12468,177
2020-12-03,Modoc,049,8938,149,114,27,141,0
2020-12-03,Mono,051,14174,627,527,11,538,3
2020-12-03,Monterey,053,433212,18215,16218,343,16561,125
2020-12-03,Napa,055,140530,3916,3360,19,3379,19
2020-12-03,Nevada,057,99092,1873,1472,47,1519,10
2020-12-03,Orange,059,3164182,94508,82187,2912,85099,1591
2020-12-03,Placer,061,380077,9280,7270,209,7479,73
2020-12-03,Plumas,063,18699,285,223,0,223,0
2020-12-03,Riverside,065,2383286,110059,92489,2870,95359,1461
2020-12-03,Sacramento,067,1510023,44750,40280,186,40466,614
2020-12-03,San Benito,069,59416,2235,1967,15,1982,16
2020-12-03,San Bernardino,071,2135413,118926,100787,2381,103168,1283
2020-12-03,San Diego,073,3302833,97078,86144,3863,90007,1040
2020-12-03,San Francisco,075,870044,17457,16236,126,16362,161
2020-12-03,San Joaquin,077,732212,30841,27239,650,27889,522
2020-12-03,San Luis Obispo,079,281455,7317,6388,120,6508,42
2020-12-03,San Mateo,081,765935,16876,14909,19,14928,173
2020-12-03,Santa Barbara,083,443738,12687,11829,243,12072,141
2020-12-03,Santa Clara,085,1922200,43819,36621,116,36737,465
2020-12-03,Santa Cruz,087,273765,5682,4850,83,4933,28
2020-12-03,Shasta,089,179085,6354,5330,322,5652,48
2020-12-03,Sierra,091,2930,19,17,0,17,0
2020-12-03,Siskiyou,093,43540,771,629,49,678,2
2020-12-03,Solano,095,438530,12279,10857,91,10948,87
2020-12-03,Sonoma,097,501317,14033,12772,83,12855,164
2020-12-03,Stanislaus,099,539301,25137,22821,1719,24540,447
2020-12-03,Sutter,101,95872,4431,3727,12,3739,20
2020-12-03,Tehama,103,63373,2088,1832,93,1925,9
2020-12-03,Trinity,105,12862,322,166,36,202,0
2020-12-03,Tulare,107,460477,24361,21993,1914,23907,321
2020-12-03,Tuolumne,109,53932,1356,1105,10,1115,7
2020-12-03,Ventura,111,848112,24479,21555,761,22316,187
2020-12-03,Yolo,113,214977,5826,5069,20,5089,87
2020-12-03,Yuba,115,75493,2511,2182,16,2198,10
2020-12-02,Alameda,001,1643700,34468,30697,429,31126,463
2020-12-02,Alpine,002,1148,56,52,0,52,0
2020-12-02,Amador,005,37829,1060,585,3,588,16
2020-12-02,Butte,007,227075,4752,4243,310,4553,65
2020-12-02,Calaveras,009,45235,619,553,0,553,21
2020-12-02,Colusa,011,21464,904,756,15,771,6
2020-12-02,Contra Costa,013,1133247,27605,25147,195,25342,264
2020-12-02,Del Norte,015,27424,455,384,0,384,2
2020-12-02,El Dorado,017,186661,3528,2638,66,2704,5
2020-12-02,Fresno,019,978130,46953,39324,1840,41164,507
2020-12-02,Glenn,021,27897,1129,995,66,1061,7
2020-12-02,Humboldt,023,135768,1112,899,4,903,9
2020-12-02,Imperial,025,180216,17639,16360,154,16514,356
2020-12-02,Inyo,027,18085,357,314,6,320,15
2020-12-02,Kern,029,883053,45532,41660,1868,43528,479
2020-12-02,Kings,031,150075,12563,11531,244,11775,86
2020-12-02,Lake,033,64148,1167,971,0,971,20
2020-12-02,Lassen,035,31185,2694,2115,9,2124,0
2020-12-02,Los Angeles,037,10098052,452973,408289,7627,415916,7739
2020-12-02,Madera,039,155013,7292,6370,199,6569,57
2020-12-02,Marin,041,260295,8158,7819,39,7858,136
2020-12-02,Mariposa,043,17540,163,131,2,133,2
2020-12-02,Mendocino,045,87422,1709,1524,10,1534,23
2020-12-02,Merced,047,269075,13267,12168,150,12318,173
2020-12-02,Modoc,049,8938,146,113,27,140,0
2020-12-02,Mono,051,14174,618,520,11,531,3
2020-12-02,Monterey,053,433212,17735,16064,304,16368,121
2020-12-02,Napa,055,140530,3813,3298,18,3316,19
2020-12-02,Nevada,057,99092,1811,1430,46,1476,9
2020-12-02,Orange,059,3164182,92310,81046,2833,83879,1569
2020-12-02,Placer,061,380077,9046,6941,196,7137,73
2020-12-02,Plumas,063,18699,272,218,0,218,0
2020-12-02,Riverside,065,2383286,107342,90089,2691,92780,1451
2020-12-02,Sacramento,067,1510023,43710,39334,175,39509,597
2020-12-02,San Benito,069,59416,2170,1921,15,1936,16
2020-12-02,San Bernardino,071,2135413,115355,98567,2276,100843,1240
2020-12-02,San Diego,073,3302833,95162,84640,3748,88388,1035
2020-12-02,San Francisco,075,870044,17220,16058,124,16182,157
2020-12-02,San Joaquin,077,732212,30224,26740,627,27367,519
2020-12-02,San Luis Obispo,079,281455,7218,6324,118,6442,42
2020-12-02,San Mateo,081,765935,16513,14757,18,14775,170
2020-12-02,Santa Barbara,083,443738,12536,11705,231,11936,140
2020-12-02,Santa Clara,085,1922200,42696,35878,116,35994,458
2020-12-02,Santa Cruz,087,273765,5550,4766,80,4846,27
2020-12-02,Shasta,089,179085,6230,5188,305,5493,47
2020-12-02,Sierra,091,2930,19,17,0,17,0
2020-12-02,Siskiyou,093,43540,755,624,47,671,1
2020-12-02,Solano,095,438530,12032,10701,87,10788,87
2020-12-02,Sonoma,097,501317,13793,12635,82,12717,163
2020-12-02,Stanislaus,099,539301,24634,22615,1663,24278,448
2020-12-02,Sutter,101,95872,4272,3604,12,3616,18
2020-12-02,Tehama,103,63373,2044,1800,78,1878,9
2020-12-02,Trinity,105,12862,313,165,35,200,0
2020-12-02,Tulare,107,460477,23978,21789,1836,23625,321
2020-12-02,Tuolumne,109,53932,1315,1076,10,1086,7
2020-12-02,Ventura,111,848112,24066,21208,743,21951,186
2020-12-02,Yolo,113,214977,5718,5053,19,5072,87
2020-12-02,Yuba,115,75493,2433,2119,15,2134,10
2020-12-01,Alameda,001,1643700,33775,30252,419,30671,460
2020-12-01,Alpine,002,1148,56,41,0,41,0
2020-12-01,Amador,005,37829,913,575,2,577,16
2020-12-01,Butte,007,227075,4646,4177,295,4472,65
2020-12-01,Calaveras,009,45235,601,544,0,544,21
2020-12-01,Colusa,011,21464,887,747,15,762,6
2020-12-01,Contra Costa,013,1133247,27033,24788,187,24975,264
2020-12-01,Del Norte,015,27424,427,357,0,357,2
2020-12-01,El Dorado,017,186661,3384,2542,61,2603,4
2020-12-01,Fresno,019,978130,46050,39004,1764,40768,505
2020-12-01,Glenn,021,27897,1108,989,62,1051,7
2020-12-01,Humboldt,023,135768,1082,886,4,890,9
2020-12-01,Imperial,025,180216,17324,16278,151,16429,356
2020-12-01,Inyo,027,18085,351,304,6,310,15
2020-12-01,Kern,029,883053,44730,41345,1741,43086,478
2020-12-01,Kings,031,150075,12248,11415,230,11645,86
2020-12-01,Lake,033,64148,1145,969,0,969,19
2020-12-01,Lassen,035,31185,2528,2047,8,2055,0
2020-12-01,Los Angeles,037,10098052,442594,403266,7316,410582,7704
2020-12-01,Madera,039,155013,7172,6270,189,6459,57
2020-12-01,Marin,041,260295,8086,7787,38,7825,136
2020-12-01,Mariposa,043,17540,158,128,2,130,2
2020-12-01,Mendocino,045,87422,1675,1497,10,1507,23
2020-12-01,Merced,047,269075,13029,12032,141,12173,172
2020-12-01,Modoc,049,8938,141,113,23,136,0
2020-12-01,Mono,051,14174,605,520,11,531,3
2020-12-01,Monterey,053,433212,17227,15835,293,16128,121
2020-12-01,Napa,055,140530,3729,3124,17,3141,19
2020-12-01,Nevada,057,99092,1749,1411,45,1456,9
2020-12-01,Orange,059,3164182,90206,79468,2744,82212,1567
2020-12-01,Placer,061,380077,8721,6794,189,6983,72
2020-12-01,Plumas,063,18699,260,201,0,201,0
2020-12-01,Riverside,065,2383286,104531,88530,2531,91061,1448
2020-12-01,Sacramento,067,1510023,42663,38966,172,39138,589
2020-12-01,San Benito,069,59416,2115,1888,15,1903,15
2020-12-01,San Bernardino,071,2135413,111887,95854,2154,98008,1220
2020-12-01,San Diego,073,3302833,92905,83423,3638,87061,1019
2020-12-01,San Francisco,075,870044,16938,15797,121,15918,157
2020-12-01,San Joaquin,077,732212,29423,26432,605,27037,514
2020-12-01,San Luis Obispo,079,281455,7076,6264,113,6377,40
2020-12-01,San Mateo,081,765935,16188,14495,18,14513,170
2020-12-01,Santa Barbara,083,443738,12397,11611,221,11832,140
2020-12-01,Santa Clara,085,1922200,41440,35397,110,35507,452
2020-12-01,Santa Cruz,087,273765,5392,4638,72,4710,27
2020-12-01,Shasta,089,179085,6105,5077,286,5363,47
2020-12-01,Sierra,091,2930,19,17,0,17,0
2020-12-01,Siskiyou,093,43540,741,608,43,651,1
2020-12-01,Solano,095,438530,11771,10604,82,10686,87
2020-12-01,Sonoma,097,501317,13589,12491,79,12570,163
2020-12-01,Stanislaus,099,539301,24173,22351,1605,23956,447
2020-12-01,Sutter,101,95872,4130,3538,12,3550,17
2020-12-01,Tehama,103,63373,1978,1773,68,1841,9
2020-12-01,Trinity,105,12862,299,165,29,194,0
2020-12-01,Tulare,107,460477,23522,21645,1768,23413,319
2020-12-01,Tuolumne,109,53932,1279,1052,8,1060,7
2020-12-01,Ventura,111,848112,23452,20604,721,21325,186
2020-12-01,Yolo,113,214977,5580,4928,19,4947,86
2020-12-01,Yuba,115,75493,2369,2088,14,2102,10
2020-11-30,Alameda,001,1643700,32955,29972,402,30374,457
2020-11-30,Alpine,002,1148,54,41,0,41,0
2020-11-30,Amador,005,37829,872,559,2,561,16
2020-11-30,Butte,007,227075,4528,4148,279,4427,65
2020-11-30,Calaveras,009,45235,580,478,0,478,21
2020-11-30,Colusa,011,21464,860,737,12,749,6
2020-11-30,Contra Costa,013,1133247,26449,24365,183,24548,264
2020-11-30,Del Norte,015,27424,401,339,0,339,2
2020-11-30,El Dorado,017,186661,3210,2488,55,2543,4
2020-11-30,Fresno,019,978130,44937,38712,1655,40367,500
2020-11-30,Glenn,021,27897,1085,954,57,1011,5
2020-11-30,Humboldt,023,135768,1035,870,4,874,9
2020-11-30,Imperial,025,180216,17067,16212,130,16342,356
2020-11-30,Inyo,027,18085,345,304,5,309,15
2020-11-30,Kern,029,883053,43972,40941,1609,42550,473
2020-11-30,Kings,031,150075,12100,11346,215,11561,85
2020-11-30,Lake,033,64148,1111,939,0,939,18
2020-11-30,Lassen,035,31185,2436,1793,8,1801,0
2020-11-30,Los Angeles,037,10098052,431912,396202,6993,403195,7658
2020-11-30,Madera,039,155013,7007,6210,175,6385,57
2020-11-30,Marin,041,260295,8040,7764,37,7801,136
2020-11-30,Mariposa,043,17540,151,123,2,125,2
2020-11-30,Mendocino,045,87422,1647,1482,10,1492,23
2020-11-30,Merced,047,269075,12760,11913,130,12043,172
2020-11-30,Modoc,049,8938,131,113,23,136,0
2020-11-30,Mono,051,14174,583,519,11,530,3
2020-11-30,Monterey,053,433212,16797,15837,285,16122,119
2020-11-30,Napa,055,140530,3630,3091,17,3108,18
2020-11-30,Nevada,057,99092,1663,1347,42,1389,9
2020-11-30,Orange,059,3164182,88091,78711,2648,81359,1568
2020-11-30,Placer,061,380077,8424,6575,176,6751,72
2020-11-30,Plumas,063,18699,249,192,0,192,0
2020-11-30,Riverside,065,2383286,101541,87722,2386,90108,1446
2020-11-30,Sacramento,067,1510023,41581,37834,163,37997,586
2020-11-30,San Benito,069,59416,2068,1875,14,1889,15
2020-11-30,San Bernardino,071,2135413,108156,92704,2042,94746,1220
2020-11-30,San Diego,073,3302833,90542,82045,3511,85556,997
2020-11-30,San Francisco,075,870044,16640,15638,117,15755,157
2020-11-30,San Joaquin,077,732212,28718,25742,579,26321,509
2020-11-30,San Luis Obispo,079,281455,6942,6224,111,6335,36
2020-11-30,San Mateo,081,765935,15829,14276,18,14294,170
2020-11-30,Santa Barbara,083,443738,12218,11572,213,11785,140
2020-11-30,Santa Clara,085,1922200,40226,35019,109,35128,451
2020-11-30,Santa Cruz,087,273765,5253,4558,69,4627,26
2020-11-30,Shasta,089,179085,5960,4933,258,5191,44
2020-11-30,Sierra,091,2930,19,16,0,16,0
2020-11-30,Siskiyou,093,43540,732,605,39,644,1
2020-11-30,Solano,095,438530,11508,10392,77,10469,87
2020-11-30,Sonoma,097,501317,13342,12232,75,12307,163
2020-11-30,Stanislaus,099,539301,23710,22110,1563,23673,446
2020-11-30,Sutter,101,95872,3974,3430,12,3442,16
2020-11-30,Tehama,103,63373,1929,1724,61,1785,9
2020-11-30,Trinity,105,12862,292,162,29,191,0
2020-11-30,Tulare,107,460477,23132,20833,1675,22508,319
2020-11-30,Tuolumne,109,53932,1235,1027,8,1035,7
2020-11-30,Ventura,111,848112,22698,20308,705,21013,180
2020-11-30,Yolo,113,214977,5462,4894,19,4913,81
2020-11-30,Yuba,115,75493,2310,2028,12,2040,10
2020-11-29,Alameda,001,1643700,32165,29918,380,30298,457
2020-11-29,Alpine,002,1148,51,41,0,41,0
2020-11-29,Amador,005,37829,721,548,2,550,16
2020-11-29,Butte,007,227075,4428,4008,263,4271,65
2020-11-29,Calaveras,009,45235,549,478,0,478,21
2020-11-29,Colusa,011,21464,830,723,8,731,6
2020-11-29,Contra Costa,013,1133247,25942,24165,177,24342,264
2020-11-29,Del Norte,015,27424,395,339,0,339,2
2020-11-29,El Dorado,017,186661,3079,2447,53,2500,4
2020-11-29,Fresno,019,978130,43982,38568,1583,40151,500
2020-11-29,Glenn,021,27897,1062,951,55,1006,4
2020-11-29,Humboldt,023,135768,1007,856,4,860,9
2020-11-29,Imperial,025,180216,16833,16138,105,16243,356
2020-11-29,Inyo,027,18085,328,289,5,294,15
2020-11-29,Kern,029,883053,43209,40596,1460,42056,473
2020-11-29,Kings,031,150075,11949,11247,197,11444,85
2020-11-29,Lake,033,64148,1087,927,0,927,18
2020-11-29,Lassen,035,31185,2333,1793,8,1801,0
2020-11-29,Los Angeles,037,10098052,421502,391162,6703,397865,7642
2020-11-29,Madera,039,155013,6864,6184,169,6353,57
2020-11-29,Marin,041,260295,7973,7739,34,7773,135
2020-11-29,Mariposa,043,17540,147,123,2,125,2
2020-11-29,Mendocino,045,87422,1613,1473,10,1483,23
2020-11-29,Merced,047,269075,12520,11773,122,11895,172
2020-11-29,Modoc,049,8938,127,105,21,126,0
2020-11-29,Mono,051,14174,560,515,10,525,3
2020-11-29,Monterey,053,433212,16484,15621,278,15899,119
2020-11-29,Napa,055,140530,3525,3090,16,3106,18
2020-11-29,Nevada,057,99092,1583,1311,40,1351,9
2020-11-29,Orange,059,3164182,86068,78057,2602,80659,1567
2020-11-29,Placer,061,380077,8126,6535,164,6699,72
2020-11-29,Plumas,063,18699,244,191,0,191,0
2020-11-29,Riverside,065,2383286,99149,87383,2234,89617,1442
2020-11-29,Sacramento,067,1510023,40503,37415,154,37569,585
2020-11-29,San Benito,069,59416,2024,1860,14,1874,15
2020-11-29,San Bernardino,071,2135413,104805,92052,1939,93991,1223
2020-11-29,San Diego,073,3302833,88131,81086,3358,84444,997
2020-11-29,San Francisco,075,870044,16358,15571,112,15683,153
2020-11-29,San Joaquin,077,732212,27969,25740,573,26313,509
2020-11-29,San Luis Obispo,079,281455,6819,6145,111,6256,36
2020-11-29,San Mateo,081,765935,15497,14177,18,14195,169
2020-11-29,Santa Barbara,083,443738,12064,11520,209,11729,140
2020-11-29,Santa Clara,085,1922200,39014,34234,103,34337,451
2020-11-29,Santa Cruz,087,273765,5093,4490,67,4557,26
2020-11-29,Shasta,089,179085,5788,4935,230,5165,43
2020-11-29,Sierra,091,2930,19,16,0,16,0
2020-11-29,Siskiyou,093,43540,709,590,37,627,1
2020-11-29,Solano,095,438530,11275,10393,73,10466,87
2020-11-29,Sonoma,097,501317,13089,12052,71,12123,163
2020-11-29,Stanislaus,099,539301,23214,21701,1529,23230,446
2020-11-29,Sutter,101,95872,3858,3297,12,3309,16
2020-11-29,Tehama,103,63373,1878,1710,47,1757,9
2020-11-29,Trinity,105,12862,289,159,27,186,0
2020-11-29,Tulare,107,460477,22763,20793,1600,22393,319
2020-11-29,Tuolumne,109,53932,1198,988,8,996,7
2020-11-29,Ventura,111,848112,22014,19952,693,20645,179
2020-11-29,Yolo,113,214977,5325,4830,18,4848,80
2020-11-29,Yuba,115,75493,2254,1959,12,1971,10
2020-11-28,Alameda,001,1643700,31855,29368,375,29743,456
2020-11-28,Alpine,002,1148,51,41,0,41,0
2020-11-28,Amador,005,37829,644,536,2,538,16
2020-11-28,Butte,007,227075,4370,3894,259,4153,65
2020-11-28,Calaveras,009,45235,543,478,0,478,21
2020-11-28,Colusa,011,21464,821,711,6,717,6
2020-11-28,Contra Costa,013,1133247,25609,23798,173,23971,264
2020-11-28,Del Norte,015,27424,385,328,0,328,2
2020-11-28,El Dorado,017,186661,3011,2415,47,2462,4
2020-11-28,Fresno,019,978130,43635,38288,1545,39833,500
2020-11-28,Glenn,021,27897,1051,925,51,976,4
2020-11-28,Humboldt,023,135768,972,844,4,848,9
2020-11-28,Imperial,025,180216,16764,16019,103,16122,356
2020-11-28,Inyo,027,18085,320,289,5,294,15
2020-11-28,Kern,029,883053,42846,40255,1372,41627,473
2020-11-28,Kings,031,150075,11884,11070,190,11260,85
2020-11-28,Lake,033,64148,1071,920,0,920,18
2020-11-28,Lassen,035,31185,2266,1714,8,1722,0
2020-11-28,Los Angeles,037,10098052,416583,386194,6546,392740,7625
2020-11-28,Madera,039,155013,6761,6119,162,6281,57
2020-11-28,Marin,041,260295,7943,7696,30,7726,135
2020-11-28,Mariposa,043,17540,144,120,2,122,2
2020-11-28,Mendocino,045,87422,1582,1458,10,1468,22
2020-11-28,Merced,047,269075,12420,11688,116,11804,172
2020-11-28,Modoc,049,8938,124,103,21,124,0
2020-11-28,Mono,051,14174,554,505,10,515,3
2020-11-28,Monterey,053,433212,16318,15328,274,15602,118
2020-11-28,Napa,055,140530,3474,3033,16,3049,18
2020-11-28,Nevada,057,99092,1554,1272,38,1310,9
2020-11-28,Orange,059,3164182,84968,76882,2555,79437,1568
2020-11-28,Placer,061,380077,7966,6497,161,6658,70
2020-11-28,Plumas,063,18699,237,188,0,188,0
2020-11-28,Riverside,065,2383286,97741,86854,2133,88987,1440
2020-11-28,Sacramento,067,1510023,39926,36905,150,37055,580
2020-11-28,San Benito,069,59416,1979,1835,14,1849,15
2020-11-28,San Bernardino,071,2135413,103404,91183,1837,93020,1224
2020-11-28,San Diego,073,3302833,86877,80020,3274,83294,997
2020-11-28,San Francisco,075,870044,16183,15450,105,15555,153
2020-11-28,San Joaquin,077,732212,27768,25742,558,26300,509
2020-11-28,San Luis Obispo,079,281455,6749,6106,107,6213,36
2020-11-28,San Mateo,081,765935,15307,14040,18,14058,169
2020-11-28,Santa Barbara,083,443738,11962,11481,204,11685,140
2020-11-28,Santa Clara,085,1922200,38263,33701,101,33802,449
2020-11-28,Santa Cruz,087,273765,5017,4426,67,4493,26
2020-11-28,Shasta,089,179085,5711,4882,223,5105,43
2020-11-28,Sierra,091,2930,19,16,0,16,0
2020-11-28,Siskiyou,093,43540,699,558,34,592,1
2020-11-28,Solano,095,438530,11153,10252,71,10323,87
2020-11-28,Sonoma,097,501317,12986,12008,62,12070,162
2020-11-28,Stanislaus,099,539301,22975,21574,1495,23069,446
2020-11-28,Sutter,101,95872,3774,3244,12,3256,15
2020-11-28,Tehama,103,63373,1859,1678,43,1721,9
2020-11-28,Trinity,105,12862,286,157,25,182,0
2020-11-28,Tulare,107,460477,22566,20701,1558,22259,319
2020-11-28,Tuolumne,109,53932,1176,976,8,984,7
2020-11-28,Ventura,111,848112,21716,19510,683,20193,179
2020-11-28,Yolo,113,214977,5248,4739,16,4755,80
2020-11-28,Yuba,115,75493,2199,1912,12,1924,10
2020-11-27,Alameda,001,1643700,31411,29064,365,29429,450
2020-11-27,Alpine,002,1148,51,41,0,41,0
2020-11-27,Amador,005,37829,597,498,1,499,16
2020-11-27,Butte,007,227075,4329,3894,252,4146,65
2020-11-27,Calaveras,009,45235,534,478,0,478,21
2020-11-27,Colusa,011,21464,804,694,4,698,6
2020-11-27,Contra Costa,013,1133247,25348,23463,167,23630,264
2020-11-27,Del Norte,015,27424,379,307,0,307,2
2020-11-27,El Dorado,017,186661,2940,2238,44,2282,4
2020-11-27,Fresno,019,978130,43230,37994,1489,39483,500
2020-11-27,Glenn,021,27897,1038,891,46,937,4
2020-11-27,Humboldt,023,135768,953,795,3,798,9
2020-11-27,Imperial,025,180216,16696,15960,95,16055,356
2020-11-27,Inyo,027,18085,314,289,5,294,15
2020-11-27,Kern,029,883053,42423,39707,1302,41009,473
2020-11-27,Kings,031,150075,11799,10667,172,10839,85
2020-11-27,Lake,033,64148,1035,909,0,909,18
2020-11-27,Lassen,035,31185,2254,1714,8,1722,0
2020-11-27,Los Angeles,037,10098052,410058,382740,6401,389141,7606
2020-11-27,Madera,039,155013,6689,6050,157,6207,57
2020-11-27,Marin,041,260295,7902,7660,30,7690,135
2020-11-27,Mariposa,043,17540,142,118,2,120,2
2020-11-27,Mendocino,045,87422,1568,1387,9,1396,22
2020-11-27,Merced,047,269075,12314,11550,109,11659,172
2020-11-27,Modoc,049,8938,123,100,21,121,0
2020-11-27,Mono,051,14174,550,498,10,508,3
2020-11-27,Monterey,053,433212,16150,14753,274,15027,113
2020-11-27,Napa,055,140530,3434,2988,16,3004,18
2020-11-27,Nevada,057,99092,1524,1184,36,1220,9
2020-11-27,Orange,059,3164182,83680,75151,2516,77667,1568
2020-11-27,Placer,061,380077,7807,6283,151,6434,68
2020-11-27,Plumas,063,18699,234,188,0,188,0
2020-11-27,Riverside,065,2383286,96131,85769,1981,87750,1440
2020-11-27,Sacramento,067,1510023,39305,36579,146,36725,579
2020-11-27,San Benito,069,59416,1945,1805,13,1818,15
2020-11-27,San Bernardino,071,2135413,101885,90254,1756,92010,1224
2020-11-27,San Diego,073,3302833,85683,78161,3185,81346,996
2020-11-27,San Francisco,075,870044,16028,15377,103,15480,153
2020-11-27,San Joaquin,077,732212,27544,25741,538,26279,509
2020-11-27,San Luis Obispo,079,281455,6666,6039,104,6143,36
2020-11-27,San Mateo,081,765935,15105,13872,17,13889,169
2020-11-27,Santa Barbara,083,443738,11869,11340,201,11541,140
2020-11-27,Santa Clara,085,1922200,37588,32935,94,33029,449
2020-11-27,Santa Cruz,087,273765,4946,4358,65,4423,26
2020-11-27,Shasta,089,179085,5634,4710,210,4920,43
2020-11-27,Sierra,091,2930,18,16,0,16,0
2020-11-27,Siskiyou,093,43540,684,554,31,585,1
2020-11-27,Solano,095,438530,11034,10044,68,10112,87
2020-11-27,Sonoma,097,501317,12853,11924,60,11984,162
2020-11-27,Stanislaus,099,539301,22746,21185,1466,22651,446
2020-11-27,Sutter,101,95872,3706,3101,12,3113,15
2020-11-27,Tehama,103,63373,1833,1649,39,1688,9
2020-11-27,Trinity,105,12862,282,151,25,176,0
2020-11-27,Tulare,107,460477,22376,20634,1501,22135,319
2020-11-27,Tuolumne,109,53932,1144,881,8,889,7
2020-11-27,Ventura,111,848112,21392,19379,661,20040,179
2020-11-27,Yolo,113,214977,5197,4737,16,4753,79
2020-11-27,Yuba,115,75493,2170,1864,11,1875,10
2020-11-26,Alameda,001,1643700,30996,28797,347,29144,447
2020-11-26,Alpine,002,1148,51,41,0,41,0
2020-11-26,Amador,005,37829,589,488,1,489,16
2020-11-26,Butte,007,227075,4266,3894,246,4140,65
2020-11-26,Calaveras,009,45235,507,478,0,478,21
2020-11-26,Colusa,011,21464,790,694,4,698,6
2020-11-26,Contra Costa,013,1133247,25015,23468,161,23629,264
2020-11-26,Del Norte,015,27424,368,307,0,307,2
2020-11-26,El Dorado,017,186661,2859,2217,42,2259,4
2020-11-26,Fresno,019,978130,42825,37724,1444,39168,500
2020-11-26,Glenn,021,27897,1022,892,44,936,4
2020-11-26,Humboldt,023,135768,930,795,2,797,9
2020-11-26,Imperial,025,180216,16581,15722,92,15814,355
2020-11-26,Inyo,027,18085,312,289,5,294,15
2020-11-26,Kern,029,883053,41973,39123,1242,40365,471
2020-11-26,Kings,031,150075,11744,10475,160,10635,85
2020-11-26,Lake,033,64148,1022,890,0,890,18
2020-11-26,Lassen,035,31185,2239,1714,8,1722,0
2020-11-26,Los Angeles,037,10098052,404893,378340,6169,384509,7581
2020-11-26,Madera,039,155013,6610,6003,152,6155,57
2020-11-26,Marin,041,260295,7864,7610,30,7640,135
2020-11-26,Mariposa,043,17540,137,116,2,118,2
2020-11-26,Mendocino,045,87422,1554,1387,7,1394,22
2020-11-26,Merced,047,269075,12166,11440,107,11547,172
2020-11-26,Modoc,049,8938,121,100,21,121,0
2020-11-26,Mono,051,14174,542,485,10,495,2
2020-11-26,Monterey,053,433212,15914,14750,266,15016,113
2020-11-26,Napa,055,140530,3370,2988,16,3004,18
2020-11-26,Nevada,057,99092,1479,1184,36,1220,9
2020-11-26,Orange,059,3164182,82290,74264,2456,76720,1563
2020-11-26,Placer,061,380077,7643,6278,142,6420,68
2020-11-26,Plumas,063,18699,226,188,0,188,0
2020-11-26,Riverside,065,2383286,94529,85774,1857,87631,1440
2020-11-26,Sacramento,067,1510023,38662,35854,138,35992,580
2020-11-26,San Benito,069,59416,1918,1769,13,1782,15
2020-11-26,San Bernardino,071,2135413,100232,89727,1663,91390,1223
2020-11-26,San Diego,073,3302833,84073,76359,3081,79440,996
2020-11-26,San Francisco,075,870044,15893,15156,99,15255,153
2020-11-26,San Joaquin,077,732212,27288,25738,526,26264,509
2020-11-26,San Luis Obispo,079,281455,6573,5964,101,6065,36
2020-11-26,San Mateo,081,765935,14916,13715,16,13731,169
2020-11-26,Santa Barbara,083,443738,11788,11277,200,11477,139
2020-11-26,Santa Clara,085,1922200,36942,32411,87,32498,446
2020-11-26,Santa Cruz,087,273765,4813,4269,59,4328,26
2020-11-26,Shasta,089,179085,5551,4712,198,4910,43
2020-11-26,Sierra,091,2930,18,15,0,15,0
2020-11-26,Siskiyou,093,43540,674,526,31,557,1
2020-11-26,Solano,095,438530,10889,9941,66,10007,87
2020-11-26,Sonoma,097,501317,12705,11922,58,11980,162
2020-11-26,Stanislaus,099,539301,22514,21186,1426,22612,445
2020-11-26,Sutter,101,95872,3612,3101,11,3112,15
2020-11-26,Tehama,103,63373,1793,1612,36,1648,9
2020-11-26,Trinity,105,12862,278,139,25,164,0
2020-11-26,Tulare,107,460477,22136,20649,1440,22089,319
2020-11-26,Tuolumne,109,53932,1116,871,8,879,7
2020-11-26,Ventura,111,848112,20895,19058,647,19705,179
2020-11-26,Yolo,113,214977,5110,4566,16,4582,76
2020-11-26,Yuba,115,75493,2110,1865,9,1874,10
2020-11-25,Alameda,001,1643700,30781,28378,339,28717,447
2020-11-25,Alpine,002,1148,51,41,0,41,0
2020-11-25,Amador,005,37829,579,484,1,485,16
2020-11-25,Butte,007,227075,4235,3848,243,4091,64
2020-11-25,Calaveras,009,45235,504,475,0,475,21
2020-11-25,Colusa,011,21464,773,693,4,697,6
2020-11-25,Contra Costa,013,1133247,24859,23307,160,23467,263
2020-11-25,Del Norte,015,27424,367,304,0,304,2
2020-11-25,El Dorado,017,186661,2823,2154,42,2196,4
2020-11-25,Fresno,019,978130,42592,37349,1422,38771,494
2020-11-25,Glenn,021,27897,1005,891,42,933,4
2020-11-25,Humboldt,023,135768,922,777,2,779,9
2020-11-25,Imperial,025,180216,16509,15640,91,15731,355
2020-11-25,Inyo,027,18085,310,289,5,294,15
2020-11-25,Kern,029,883053,41817,38878,1225,40103,467
2020-11-25,Kings,031,150075,11709,10417,156,10573,85
2020-11-25,Lake,033,64148,1005,878,0,878,18
2020-11-25,Lassen,035,31185,2196,1701,8,1709,0
2020-11-25,Los Angeles,037,10098052,401865,373919,6069,379988,7545
2020-11-25,Madera,039,155013,6587,5989,149,6138,57
2020-11-25,Marin,041,260295,7835,7601,29,7630,135
2020-11-25,Mariposa,043,17540,136,114,2,116,2
2020-11-25,Mendocino,045,87422,1535,1373,7,1380,22
2020-11-25,Merced,047,269075,12110,11346,107,11453,172
2020-11-25,Modoc,049,8938,121,96,21,117,0
2020-11-25,Mono,051,14174,537,487,10,497,2
2020-11-25,Monterey,053,433212,15799,14695,264,14959,113
2020-11-25,Napa,055,140530,3337,2945,16,2961,17
2020-11-25,Nevada,057,99092,1461,1170,34,1204,9
2020-11-25,Orange,059,3164182,81534,73014,2436,75450,1551
2020-11-25,Placer,061,380077,7567,6221,141,6362,68
2020-11-25,Plumas,063,18699,221,183,0,183,0
2020-11-25,Riverside,065,2383286,93984,85077,1839,86916,1438
2020-11-25,Sacramento,067,1510023,38325,35687,135,35822,574
2020-11-25,San Benito,069,59416,1895,1764,13,1777,15
2020-11-25,San Bernardino,071,2135413,99390,88469,1634,90103,1225
2020-11-25,San Diego,073,3302833,83416,75307,3045,78352,988
2020-11-25,San Francisco,075,870044,15786,15053,97,15150,153
2020-11-25,San Joaquin,077,732212,27160,25556,514,26070,515
2020-11-25,San Luis Obispo,079,281455,6530,5913,101,6014,34
2020-11-25,San Mateo,081,765935,14801,13614,16,13630,170
2020-11-25,Santa Barbara,083,443738,11738,11183,200,11383,138
2020-11-25,Santa Clara,085,1922200,36493,32032,86,32118,442
2020-11-25,Santa Cruz,087,273765,4760,4202,58,4260,25
2020-11-25,Shasta,089,179085,5505,4588,191,4779,43
2020-11-25,Sierra,091,2930,18,15,0,15,0
2020-11-25,Siskiyou,093,43540,667,499,31,530,1
2020-11-25,Solano,095,438530,10784,9832,65,9897,87
2020-11-25,Sonoma,097,501317,12643,11775,57,11832,162
2020-11-25,Stanislaus,099,539301,22382,21022,1399,22421,445
2020-11-25,Sutter,101,95872,3568,3064,11,3075,14
2020-11-25,Tehama,103,63373,1780,1587,30,1617,9
2020-11-25,Trinity,105,12862,276,135,25,160,0
2020-11-25,Tulare,107,460477,22045,20528,1410,21938,318
2020-11-25,Tuolumne,109,53932,1099,842,8,850,7
2020-11-25,Ventura,111,848112,20800,18914,641,19555,179
2020-11-25,Yolo,113,214977,5073,4527,16,4543,76
2020-11-25,Yuba,115,75493,2084,1840,9,1849,10
2020-11-24,Alameda,001,1643700,30305,28030,328,28358,444
2020-11-24,Alpine,002,1148,51,41,0,41,0
2020-11-24,Amador,005,37829,554,470,1,471,16
2020-11-24,Butte,007,227075,4149,3798,235,4033,63
2020-11-24,Calaveras,009,45235,498,466,0,466,21
2020-11-24,Colusa,011,21464,755,682,4,686,6
2020-11-24,Contra Costa,013,1133247,24506,23072,154,23226,259
2020-11-24,Del Norte,015,27424,358,298,0,298,2
2020-11-24,El Dorado,017,186661,2718,2005,41,2046,4
2020-11-24,Fresno,019,978130,42189,37021,1347,38368,493
2020-11-24,Glenn,021,27897,987,883,38,921,4
2020-11-24,Humboldt,023,135768,903,774,2,776,9
2020-11-24,Imperial,025,180216,16406,15600,86,15686,355
2020-11-24,Inyo,027,18085,309,282,5,287,15
2020-11-24,Kern,029,883053,41343,38551,1149,39700,465
2020-11-24,Kings,031,150075,11442,10338,143,10481,85
2020-11-24,Lake,033,64148,988,872,0,872,18
2020-11-24,Lassen,035,31185,2173,1657,8,1665,0
2020-11-24,Los Angeles,037,10098052,395556,370008,5838,375846,7501
2020-11-24,Madera,039,155013,6504,5881,142,6023,57
2020-11-24,Marin,041,260295,7789,7591,29,7620,135
2020-11-24,Mariposa,043,17540,126,114,1,115,2
2020-11-24,Mendocino,045,87422,1513,1346,6,1352,22
2020-11-24,Merced,047,269075,11917,11268,101,11369,171
2020-11-24,Modoc,049,8938,117,91,21,112,0
2020-11-24,Mono,051,14174,533,483,10,493,2
2020-11-24,Monterey,053,433212,15537,14354,255,14609,113
2020-11-24,Napa,055,140530,3270,2904,16,2920,17
2020-11-24,Nevada,057,99092,1397,1156,32,1188,9
2020-11-24,Orange,059,3164182,80093,71975,2359,74334,1547
2020-11-24,Placer,061,380077,7387,6147,134,6281,67
2020-11-24,Plumas,063,18699,218,180,0,180,0
2020-11-24,Riverside,065,2383286,92225,83685,1713,85398,1420
2020-11-24,Sacramento,067,1510023,37645,35097,128,35225,568
2020-11-24,San Benito,069,59416,1864,1740,12,1752,15
2020-11-24,San Bernardino,071,2135413,97051,86645,1533,88178,1226
2020-11-24,San Diego,073,3302833,82006,74363,2974,77337,984
2020-11-24,San Francisco,075,870044,15591,14874,93,14967,153
2020-11-24,San Joaquin,077,732212,26847,25318,487,25805,517
2020-11-24,San Luis Obispo,079,281455,6467,5805,100,5905,34
2020-11-24,San Mateo,081,765935,14592,13558,15,13573,170
2020-11-24,Santa Barbara,083,443738,11632,11154,199,11353,138
2020-11-24,Santa Clara,085,1922200,35705,31564,82,31646,438
2020-11-24,Santa Cruz,087,273765,4647,4132,57,4189,25
2020-11-24,Shasta,089,179085,5405,4410,172,4582,43
2020-11-24,Sierra,091,2930,18,15,0,15,0
2020-11-24,Siskiyou,093,43540,649,473,28,501,1
2020-11-24,Solano,095,438530,10612,9716,64,9780,86
2020-11-24,Sonoma,097,501317,12464,11644,54,11698,162
2020-11-24,Stanislaus,099,539301,22140,20830,1356,22186,438
2020-11-24,Sutter,101,95872,3462,2974,11,2985,14
2020-11-24,Tehama,103,63373,1736,1565,25,1590,9
2020-11-24,Trinity,105,12862,269,129,24,153,0
2020-11-24,Tulare,107,460477,21795,20319,1349,21668,315
2020-11-24,Tuolumne,109,53932,1070,832,8,840,7
2020-11-24,Ventura,111,848112,20419,18637,631,19268,179
2020-11-24,Yolo,113,214977,4987,4420,16,4436,76
2020-11-24,Yuba,115,75493,2033,1804,7,1811,10
2020-11-23,Alameda,001,1643700,29888,27718,316,28034,444
2020-11-23,Alpine,002,1148,49,41,0,41,0
2020-11-23,Amador,005,37829,513,457,1,458,16
2020-11-23,Butte,007,227075,4083,3765,229,3994,61
2020-11-23,Calaveras,009,45235,482,434,0,434,21
2020-11-23,Colusa,011,21464,741,662,4,666,6
2020-11-23,Contra Costa,013,1133247,24238,22674,149,22823,260
2020-11-23,Del Norte,015,27424,336,296,0,296,2
2020-11-23,El Dorado,017,186661,2598,2005,40,2045,4
2020-11-23,Fresno,019,978130,41739,36688,1286,37974,488
2020-11-23,Glenn,021,27897,961,853,38,891,4
2020-11-23,Humboldt,023,135768,890,746,2,748,9
2020-11-23,Imperial,025,180216,16242,15104,81,15185,355
2020-11-23,Inyo,027,18085,302,279,5,284,15
2020-11-23,Kern,029,883053,40830,38245,1086,39331,463
2020-11-23,Kings,031,150075,11022,10204,137,10341,85
2020-11-23,Lake,033,64148,965,840,0,840,18
2020-11-23,Lassen,035,31185,2093,1271,7,1278,0
2020-11-23,Los Angeles,037,10098052,389450,366374,5594,371968,7447
2020-11-23,Madera,039,155013,6379,5787,138,5925,56
2020-11-23,Marin,041,260295,7745,7543,29,7572,135
2020-11-23,Mariposa,043,17540,125,97,1,98,2
2020-11-23,Mendocino,045,87422,1483,1330,6,1336,22
2020-11-23,Merced,047,269075,11734,11148,98,11246,169
2020-11-23,Modoc,049,8938,104,91,20,111,0
2020-11-23,Mono,051,14174,520,480,10,490,2
2020-11-23,Monterey,053,433212,15258,14265,249,14514,112
2020-11-23,Napa,055,140530,3203,2811,16,2827,17
2020-11-23,Nevada,057,99092,1308,1087,32,1119,9
2020-11-23,Orange,059,3164182,78687,71074,2315,73389,1546
2020-11-23,Placer,061,380077,7185,5999,133,6132,66
2020-11-23,Plumas,063,18699,214,172,0,172,0
2020-11-23,Riverside,065,2383286,90448,82175,1649,83824,1415
2020-11-23,Sacramento,067,1510023,37074,34141,122,34263,556
2020-11-23,San Benito,069,59416,1836,1729,11,1740,15
2020-11-23,San Bernardino,071,2135413,94943,84387,1469,85856,1224
2020-11-23,San Diego,073,3302833,80543,72817,2886,75703,968
2020-11-23,San Francisco,075,870044,15433,14646,91,14737,153
2020-11-23,San Joaquin,077,732212,26497,24622,483,25105,517
2020-11-23,San Luis Obispo,079,281455,6385,5772,98,5870,34
2020-11-23,San Mateo,081,765935,14402,13364,15,13379,170
2020-11-23,Santa Barbara,083,443738,11525,10944,195,11139,137
2020-11-23,Santa Clara,085,1922200,35051,31064,79,31143,435
2020-11-23,Santa Cruz,087,273765,4537,4003,53,4056,25
2020-11-23,Shasta,089,179085,5287,4100,160,4260,43
2020-11-23,Sierra,091,2930,17,15,0,15,0
2020-11-23,Siskiyou,093,43540,622,460,28,488,0
2020-11-23,Solano,095,438530,10455,9394,61,9455,86
2020-11-23,Sonoma,097,501317,12291,11507,50,11557,160
2020-11-23,Stanislaus,099,539301,21846,20487,1324,21811,436
2020-11-23,Sutter,101,95872,3325,2840,10,2850,14
2020-11-23,Tehama,103,63373,1687,1526,21,1547,9
2020-11-23,Trinity,105,12862,260,120,22,142,0
2020-11-23,Tulare,107,460477,21503,19818,1284,21102,315
2020-11-23,Tuolumne,109,53932,1030,774,8,782,7
2020-11-23,Ventura,111,848112,20044,18480,618,19098,179
2020-11-23,Yolo,113,214977,4906,4265,15,4280,75
2020-11-23,Yuba,115,75493,1966,1702,7,1709,10
2020-11-22,Alameda,001,1643700,29450,27472,305,27777,444
2020-11-22,Alpine,002,1148,46,41,0,41,0
2020-11-22,Amador,005,37829,501,450,1,451,16
2020-11-22,Butte,007,227075,4033,3712,221,3933,61
2020-11-22,Calaveras,009,45235,474,434,0,434,21
2020-11-22,Colusa,011,21464,723,642,3,645,6
2020-11-22,Contra Costa,013,1133247,23933,22407,144,22551,260
2020-11-22,Del Norte,015,27424,312,271,0,271,2
2020-11-22,El Dorado,017,186661,2488,1917,36,1953,4
2020-11-22,Fresno,019,978130,41254,36315,1231,37546,488
2020-11-22,Glenn,021,27897,939,832,34,866,4
2020-11-22,Humboldt,023,135768,874,729,2,731,9
2020-11-22,Imperial,025,180216,16038,15109,36,15145,355
2020-11-22,Inyo,027,18085,295,279,5,284,15
2020-11-22,Kern,029,883053,40251,37904,1053,38957,463
2020-11-22,Kings,031,150075,10923,10035,128,10163,85
2020-11-22,Lake,033,64148,943,834,0,834,18
2020-11-22,Lassen,035,31185,1928,1211,6,1217,0
2020-11-22,Los Angeles,037,10098052,383163,360341,5353,365694,7438
2020-11-22,Madera,039,155013,6297,5745,127,5872,56
2020-11-22,Marin,041,260295,7711,7506,28,7534,135
2020-11-22,Mariposa,043,17540,124,95,1,96,2
2020-11-22,Mendocino,045,87422,1459,1285,5,1290,22
2020-11-22,Merced,047,269075,11589,10939,98,11037,169
2020-11-22,Modoc,049,8938,103,87,19,106,0
2020-11-22,Mono,051,14174,505,481,10,491,2
2020-11-22,Monterey,053,433212,15017,13887,244,14131,111
2020-11-22,Napa,055,140530,3124,2778,16,2794,17
2020-11-22,Nevada,057,99092,1250,1052,32,1084,9
2020-11-22,Orange,059,3164182,77270,69913,2277,72190,1546
2020-11-22,Placer,061,380077,6958,5880,123,6003,66
2020-11-22,Plumas,063,18699,201,172,0,172,0
2020-11-22,Riverside,065,2383286,88849,81565,1590,83155,1409
2020-11-22,Sacramento,067,1510023,36340,33421,109,33530,555
2020-11-22,San Benito,069,59416,1807,1704,11,1715,15
2020-11-22,San Bernardino,071,2135413,92604,83505,1399,84904,1224
2020-11-22,San Diego,073,3302833,78806,71649,2811,74460,968
2020-11-22,San Francisco,075,870044,15263,14515,90,14605,153
2020-11-22,San Joaquin,077,732212,26197,24619,471,25090,517
2020-11-22,San Luis Obispo,079,281455,6278,5664,97,5761,34
2020-11-22,San Mateo,081,765935,14197,13228,15,13243,170
2020-11-22,Santa Barbara,083,443738,11390,10946,190,11136,137
2020-11-22,Santa Clara,085,1922200,34373,30633,77,30710,434
2020-11-22,Santa Cruz,087,273765,4454,3896,46,3942,25
2020-11-22,Shasta,089,179085,5131,4100,142,4242,43
2020-11-22,Sierra,091,2930,17,13,0,13,0
2020-11-22,Siskiyou,093,43540,591,411,28,439,0
2020-11-22,Solano,095,438530,10281,9363,57,9420,86
2020-11-22,Sonoma,097,501317,12133,11415,48,11463,159
2020-11-22,Stanislaus,099,539301,21522,20223,1294,21517,436
2020-11-22,Sutter,101,95872,3208,2677,10,2687,13
2020-11-22,Tehama,103,63373,1650,1457,17,1474,9
2020-11-22,Trinity,105,12862,254,114,22,136,0
2020-11-22,Tulare,107,460477,21249,19818,1218,21036,314
2020-11-22,Tuolumne,109,53932,1003,689,8,697,7
2020-11-22,Ventura,111,848112,19683,18105,605,18710,179
2020-11-22,Yolo,113,214977,4806,4206,15,4221,75
2020-11-22,Yuba,115,75493,1914,1672,7,1679,10
2020-11-21,Alameda,001,1643700,29263,27424,303,27727,444
2020-11-21,Alpine,002,1148,46,41,0,41,0
2020-11-21,Amador,005,37829,487,450,1,451,16
2020-11-21,Butte,007,227075,3985,3664,218,3882,61
2020-11-21,Calaveras,009,45235,466,434,0,434,21
2020-11-21,Colusa,011,21464,714,642,3,645,6
2020-11-21,Contra Costa,013,1133247,23779,22338,142,22480,260
2020-11-21,Del Norte,015,27424,307,271,0,271,2
2020-11-21,El Dorado,017,186661,2439,1900,35,1935,4
2020-11-21,Fresno,019,978130,41000,35973,1196,37169,482
2020-11-21,Glenn,021,27897,934,829,32,861,4
2020-11-21,Humboldt,023,135768,864,728,2,730,9
2020-11-21,Imperial,025,180216,15958,15053,36,15089,355
2020-11-21,Inyo,027,18085,293,283,5,288,15
2020-11-21,Kern,029,883053,39995,37403,1018,38421,463
2020-11-21,Kings,031,150075,10875,10019,124,10143,85
2020-11-21,Lake,033,64148,930,832,0,832,18
2020-11-21,Lassen,035,31185,1861,1211,6,1217,0
2020-11-21,Los Angeles,037,10098052,379977,357754,5214,362968,7428
2020-11-21,Madera,039,155013,6259,5706,127,5833,56
2020-11-21,Marin,041,260295,7687,7488,27,7515,134
2020-11-21,Mariposa,043,17540,124,92,1,93,2
2020-11-21,Mendocino,045,87422,1428,1282,5,1287,22
2020-11-21,Merced,047,269075,11530,10849,97,10946,169
2020-11-21,Modoc,049,8938,99,87,18,105,0
2020-11-21,Mono,051,14174,500,469,10,479,2
2020-11-21,Monterey,053,433212,14919,13886,239,14125,110
2020-11-21,Napa,055,140530,3090,2757,16,2773,17
2020-11-21,Nevada,057,99092,1238,1018,31,1049,9
2020-11-21,Orange,059,3164182,76466,69021,2247,71268,1543
2020-11-21,Placer,061,380077,6843,5778,120,5898,65
2020-11-21,Plumas,063,18699,196,172,0,172,0
2020-11-21,Riverside,065,2383286,88072,80676,1544,82220,1407
2020-11-21,Sacramento,067,1510023,35944,33133,101,33234,548
2020-11-21,San Benito,069,59416,1788,1691,11,1702,15
2020-11-21,San Bernardino,071,2135413,91727,83206,1323,84529,1222
2020-11-21,San Diego,073,3302833,78027,70711,2756,73467,966
2020-11-21,San Francisco,075,870044,15159,14445,89,14534,153
2020-11-21,San Joaquin,077,732212,26064,24620,456,25076,517
2020-11-21,San Luis Obispo,079,281455,6225,5618,94,5712,34
2020-11-21,San Mateo,081,765935,14096,13138,15,13153,170
2020-11-21,Santa Barbara,083,443738,11338,10922,187,11109,137
2020-11-21,Santa Clara,085,1922200,33989,30377,74,30451,433
2020-11-21,Santa Cruz,087,273765,4397,3898,46,3944,25
2020-11-21,Shasta,089,179085,5058,4095,139,4234,42
2020-11-21,Sierra,091,2930,17,13,0,13,0
2020-11-21,Siskiyou,093,43540,575,403,28,431,0
2020-11-21,Solano,095,438530,10191,9290,54,9344,86
2020-11-21,Sonoma,097,501317,12058,11394,47,11441,158
2020-11-21,Stanislaus,099,539301,21379,20111,1270,21381,435
2020-11-21,Sutter,101,95872,3148,2615,9,2624,13
2020-11-21,Tehama,103,63373,1630,1435,16,1451,9
2020-11-21,Trinity,105,12862,251,110,22,132,0
2020-11-21,Tulare,107,460477,21121,19752,1184,20936,313
2020-11-21,Tuolumne,109,53932,984,690,8,698,7
2020-11-21,Ventura,111,848112,19520,18040,595,18635,177
2020-11-21,Yolo,113,214977,4732,4147,14,4161,75
2020-11-21,Yuba,115,75493,1882,1643,7,1650,10
2020-11-20,Alameda,001,1643700,29049,27221,296,27517,444
2020-11-20,Alpine,002,1148,46,20,0,20,0
2020-11-20,Amador,005,37829,483,446,1,447,16
2020-11-20,Butte,007,227075,3952,3618,214,3832,60
2020-11-20,Calaveras,009,45235,456,424,0,424,21
2020-11-20,Colusa,011,21464,706,631,2,633,6
2020-11-20,Contra Costa,013,1133247,23594,22116,138,22254,260
2020-11-20,Del Norte,015,27424,304,264,0,264,2
2020-11-20,El Dorado,017,186661,2342,1868,33,1901,4
2020-11-20,Fresno,019,978130,40706,35635,1167,36802,480
2020-11-20,Glenn,021,27897,922,826,30,856,4
2020-11-20,Humboldt,023,135768,855,714,1,715,9
2020-11-20,Imperial,025,180216,15894,14864,32,14896,353
2020-11-20,Inyo,027,18085,291,262,5,267,15
2020-11-20,Kern,029,883053,39701,37143,993,38136,462
2020-11-20,Kings,031,150075,10827,9903,123,10026,85
2020-11-20,Lake,033,64148,921,820,0,820,18
2020-11-20,Lassen,035,31185,1776,1212,5,1217,0
2020-11-20,Los Angeles,037,10098052,376081,353554,5053,358607,7398
2020-11-20,Madera,039,155013,6165,5635,126,5761,54
2020-11-20,Marin,041,260295,7663,7467,26,7493,134
2020-11-20,Mariposa,043,17540,116,89,1,90,2
2020-11-20,Mendocino,045,87422,1408,1269,5,1274,22
2020-11-20,Merced,047,269075,11452,10729,97,10826,167
2020-11-20,Modoc,049,8938,99,83,18,101,0
2020-11-20,Mono,051,14174,498,469,10,479,2
2020-11-20,Monterey,053,433212,14794,13738,230,13968,110
2020-11-20,Napa,055,140530,3060,2718,16,2734,17
2020-11-20,Nevada,057,99092,1220,990,30,1020,9
2020-11-20,Orange,059,3164182,75630,68212,2210,70422,1532
2020-11-20,Placer,061,380077,6708,5687,105,5792,66
2020-11-20,Plumas,063,18699,194,163,0,163,0
2020-11-20,Riverside,065,2383286,87060,79613,1484,81097,1405
2020-11-20,Sacramento,067,1510023,35568,32832,94,32926,549
2020-11-20,San Benito,069,59416,1776,1668,11,1679,15
2020-11-20,San Bernardino,071,2135413,90357,81203,1241,82444,1220
2020-11-20,San Diego,073,3302833,77029,69233,2674,71907,960
2020-11-20,San Francisco,075,870044,15056,14327,88,14415,153
2020-11-20,San Joaquin,077,732212,25911,24460,443,24903,515
2020-11-20,San Luis Obispo,079,281455,6170,5524,91,5615,34
2020-11-20,San Mateo,081,765935,13963,12980,14,12994,169
2020-11-20,Santa Barbara,083,443738,11282,10825,181,11006,136
2020-11-20,Santa Clara,085,1922200,33568,30002,69,30071,431
2020-11-20,Santa Cruz,087,273765,4332,3815,46,3861,25
2020-11-20,Shasta,089,179085,4985,3861,134,3995,42
2020-11-20,Sierra,091,2930,17,12,0,12,0
2020-11-20,Siskiyou,093,43540,561,387,27,414,0
2020-11-20,Solano,095,438530,10098,9216,52,9268,85
2020-11-20,Sonoma,097,501317,11974,11316,46,11362,158
2020-11-20,Stanislaus,099,539301,21222,19889,1244,21133,433
2020-11-20,Sutter,101,95872,3098,2580,9,2589,13
2020-11-20,Tehama,103,63373,1613,1410,13,1423,9
2020-11-20,Trinity,105,12862,250,102,22,124,0
2020-11-20,Tulare,107,460477,20988,19568,1146,20714,311
2020-11-20,Tuolumne,109,53932,945,662,8,670,7
2020-11-20,Ventura,111,848112,19352,17741,568,18309,175
2020-11-20,Yolo,113,214977,4653,4081,13,4094,74
2020-11-20,Yuba,115,75493,1854,1611,7,1618,10
2020-11-19,Alameda,001,1643700,28703,26971,288,27259,441
2020-11-19,Alpine,002,1148,43,20,0,20,0
2020-11-19,Amador,005,37829,479,436,1,437,16
2020-11-19,Butte,007,227075,3903,3576,207,3783,60
2020-11-19,Calaveras,009,45235,445,417,0,417,21
2020-11-19,Colusa,011,21464,688,621,2,623,6
2020-11-19,Contra Costa,013,1133247,23323,21886,135,22021,259
2020-11-19,Del Norte,015,27424,296,251,0,251,2
2020-11-19,El Dorado,017,186661,2268,1825,29,1854,4
2020-11-19,Fresno,019,978130,40256,35278,1110,36388,478
2020-11-19,Glenn,021,27897,900,806,29,835,4
2020-11-19,Humboldt,023,135768,835,693,1,694,9
2020-11-19,Imperial,025,180216,15684,14507,32,14539,349
2020-11-19,Inyo,027,18085,289,262,5,267,15
2020-11-19,Kern,029,883053,39281,36779,951,37730,459
2020-11-19,Kings,031,150075,10679,9763,116,9879,85
2020-11-19,Lake,033,64148,907,809,0,809,18
2020-11-19,Lassen,035,31185,1659,1201,3,1204,0
2020-11-19,Los Angeles,037,10098052,371053,349493,4890,354383,7365
2020-11-19,Madera,039,155013,6093,5540,118,5658,54
2020-11-19,Marin,041,260295,7632,7451,26,7477,134
2020-11-19,Mariposa,043,17540,109,88,0,88,2
2020-11-19,Mendocino,045,87422,1387,1237,5,1242,23
2020-11-19,Merced,047,269075,11314,10634,91,10725,167
2020-11-19,Modoc,049,8938,96,82,18,100,0
2020-11-19,Mono,051,14174,490,468,10,478,2
2020-11-19,Monterey,053,433212,14580,13369,219,13588,108
2020-11-19,Napa,055,140530,3006,2641,16,2657,17
2020-11-19,Nevada,057,99092,1179,945,29,974,9
2020-11-19,Orange,059,3164182,74365,66998,2168,69166,1530
2020-11-19,Placer,061,380077,6517,5612,104,5716,65
2020-11-19,Plumas,063,18699,189,158,0,158,0
2020-11-19,Riverside,065,2383286,85577,78535,1413,79948,1402
2020-11-19,Sacramento,067,1510023,35054,32367,92,32459,546
2020-11-19,San Benito,069,59416,1753,1643,11,1654,15
2020-11-19,San Bernardino,071,2135413,88459,79244,1163,80407,1215
2020-11-19,San Diego,073,3302833,75779,68142,2570,70712,952
2020-11-19,San Francisco,075,870044,14900,14178,82,14260,153
2020-11-19,San Joaquin,077,732212,25592,24270,433,24703,516
2020-11-19,San Luis Obispo,079,281455,6093,5410,87,5497,34
2020-11-19,San Mateo,081,765935,13825,12714,14,12728,169
2020-11-19,Santa Barbara,083,443738,11202,10741,178,10919,136
2020-11-19,Santa Clara,085,1922200,33014,29630,68,29698,424
2020-11-19,Santa Cruz,087,273765,4240,3679,44,3723,25
2020-11-19,Shasta,089,179085,4847,3685,124,3809,42
2020-11-19,Sierra,091,2930,17,11,0,11,0
2020-11-19,Siskiyou,093,43540,536,360,26,386,0
2020-11-19,Solano,095,438530,9961,9093,48,9141,84
2020-11-19,Sonoma,097,501317,11804,11205,44,11249,156
2020-11-19,Stanislaus,099,539301,20981,19736,1201,20937,433
2020-11-19,Sutter,101,95872,2999,2509,9,2518,13
2020-11-19,Tehama,103,63373,1578,1373,10,1383,9
2020-11-19,Trinity,105,12862,244,97,22,119,0
2020-11-19,Tulare,107,460477,20767,19384,1083,20467,304
2020-11-19,Tuolumne,109,53932,914,602,8,610,7
2020-11-19,Ventura,111,848112,18999,17300,555,17855,174
2020-11-19,Yolo,113,214977,4559,3973,13,3986,72
2020-11-19,Yuba,115,75493,1814,1568,7,1575,10
2020-11-18,Alameda,001,1643700,28439,26610,283,26893,440
2020-11-18,Alpine,002,1148,42,16,0,16,0
2020-11-18,Amador,005,37829,474,430,1,431,16
2020-11-18,Butte,007,227075,3850,3537,194,3731,59
2020-11-18,Calaveras,009,45235,439,409,0,409,21
2020-11-18,Colusa,011,21464,675,611,2,613,6
2020-11-18,Contra Costa,013,1133247,23060,21685,132,21817,258
2020-11-18,Del Norte,015,27424,284,240,0,240,2
2020-11-18,El Dorado,017,186661,2180,1799,28,1827,4
2020-11-18,Fresno,019,978130,39818,34997,1061,36058,474
2020-11-18,Glenn,021,27897,883,803,27,830,4
2020-11-18,Humboldt,023,135768,820,690,1,691,9
2020-11-18,Imperial,025,180216,15458,14428,32,14460,348
2020-11-18,Inyo,027,18085,287,262,5,267,15
2020-11-18,Kern,029,883053,38891,36537,902,37439,456
2020-11-18,Kings,031,150075,10531,9696,113,9809,85
2020-11-18,Lake,033,64148,895,802,0,802,18
2020-11-18,Lassen,035,31185,1559,1124,3,1127,0
2020-11-18,Los Angeles,037,10098052,366172,344675,4715,349390,7338
2020-11-18,Madera,039,155013,6006,5519,106,5625,54
2020-11-18,Marin,041,260295,7608,7435,26,7461,134
2020-11-18,Mariposa,043,17540,106,88,0,88,2
2020-11-18,Mendocino,045,87422,1367,1237,5,1242,23
2020-11-18,Merced,047,269075,11195,10536,90,10626,166
2020-11-18,Modoc,049,8938,93,77,18,95,0
2020-11-18,Mono,051,14174,485,468,10,478,2
2020-11-18,Monterey,053,433212,14385,13340,205,13545,108
2020-11-18,Napa,055,140530,2961,2607,16,2623,17
2020-11-18,Nevada,057,99092,1139,933,27,960,9
2020-11-18,Orange,059,3164182,73269,66381,2143,68524,1521
2020-11-18,Placer,061,380077,6339,5543,99,5642,64
2020-11-18,Plumas,063,18699,184,143,0,143,0
2020-11-18,Riverside,065,2383286,84114,77739,1312,79051,1387
2020-11-18,Sacramento,067,1510023,34429,31816,84,31900,541
2020-11-18,San Benito,069,59416,1728,1632,10,1642,15
2020-11-18,San Bernardino,071,2135413,86700,77400,1084,78484,1206
2020-11-18,San Diego,073,3302833,74485,67243,2510,69753,945
2020-11-18,San Francisco,075,870044,14756,14057,80,14137,153
2020-11-18,San Joaquin,077,732212,25330,24146,419,24565,517
2020-11-18,San Luis Obispo,079,281455,6017,5322,86,5408,34
2020-11-18,San Mateo,081,765935,13672,12631,13,12644,169
2020-11-18,Santa Barbara,083,443738,11123,10684,171,10855,136
2020-11-18,Santa Clara,085,1922200,32548,29285,64,29349,421
2020-11-18,Santa Cruz,087,273765,4151,3618,42,3660,25
2020-11-18,Shasta,089,179085,4714,3547,120,3667,42
2020-11-18,Sierra,091,2930,17,11,0,11,0
2020-11-18,Siskiyou,093,43540,504,351,25,376,0
2020-11-18,Solano,095,438530,9829,8994,46,9040,84
2020-11-18,Sonoma,097,501317,11698,11129,41,11170,155
2020-11-18,Stanislaus,099,539301,20739,19609,1177,20786,431
2020-11-18,Sutter,101,95872,2881,2442,9,2451,13
2020-11-18,Tehama,103,63373,1540,1338,10,1348,8
2020-11-18,Trinity,105,12862,230,95,21,116,0
2020-11-18,Tulare,107,460477,20556,19286,1032,20318,306
2020-11-18,Tuolumne,109,53932,879,590,8,598,7
2020-11-18,Ventura,111,848112,18674,17169,540,17709,173
2020-11-18,Yolo,113,214977,4486,3929,13,3942,71
2020-11-18,Yuba,115,75493,1760,1540,7,1547,10
2020-11-17,Alameda,001,1643700,28111,26425,272,26697,439
2020-11-17,Alpine,002,1148,40,12,0,12,0
2020-11-17,Amador,005,37829,463,423,1,424,16
2020-11-17,Butte,007,227075,3808,3500,183,3683,59
2020-11-17,Calaveras,009,45235,422,405,0,405,21
2020-11-17,Colusa,011,21464,664,606,1,607,6
2020-11-17,Contra Costa,013,1133247,22789,21557,127,21684,256
2020-11-17,Del Norte,015,27424,278,233,0,233,2
2020-11-17,El Dorado,017,186661,2121,1758,28,1786,4
2020-11-17,Fresno,019,978130,39219,34765,1002,35767,472
2020-11-17,Glenn,021,27897,872,795,26,821,4
2020-11-17,Humboldt,023,135768,798,685,1,686,9
2020-11-17,Imperial,025,180216,15220,14204,30,14234,346
2020-11-17,Inyo,027,18085,286,263,5,268,15
2020-11-17,Kern,029,883053,38442,36164,849,37013,455
2020-11-17,Kings,031,150075,10458,9653,105,9758,85
2020-11-17,Lake,033,64148,875,792,0,792,18
2020-11-17,Lassen,035,31185,1480,1124,3,1127,0
2020-11-17,Los Angeles,037,10098052,361219,340933,4559,345492,7302
2020-11-17,Madera,039,155013,5918,5485,99,5584,54
2020-11-17,Marin,041,260295,7577,7404,25,7429,134
2020-11-17,Mariposa,043,17540,103,87,0,87,2
2020-11-17,Mendocino,045,87422,1346,1216,5,1221,23
2020-11-17,Merced,047,269075,11054,10457,85,10542,162
2020-11-17,Modoc,049,8938,87,71,17,88,0
2020-11-17,Mono,051,14174,480,459,10,469,2
2020-11-17,Monterey,053,433212,14156,13220,195,13415,108
2020-11-17,Napa,055,140530,2907,2568,16,2584,17
2020-11-17,Nevada,057,99092,1098,918,26,944,9
2020-11-17,Orange,059,3164182,72118,65757,2117,67874,1519
2020-11-17,Placer,061,380077,6177,5435,93,5528,63
2020-11-17,Plumas,063,18699,176,142,0,142,0
2020-11-17,Riverside,065,2383286,82728,77079,1221,78300,1379
2020-11-17,Sacramento,067,1510023,33831,31341,80,31421,538
2020-11-17,San Benito,069,59416,1712,1611,4,1615,15
2020-11-17,San Bernardino,071,2135413,84891,76134,995,77129,1188
2020-11-17,San Diego,073,3302833,73232,66321,2454,68775,933
2020-11-17,San Francisco,075,870044,14591,13952,79,14031,153
2020-11-17,San Joaquin,077,732212,25054,23997,399,24396,516
2020-11-17,San Luis Obispo,079,281455,5921,5235,86,5321,34
2020-11-17,San Mateo,081,765935,13512,12491,12,12503,169
2020-11-17,Santa Barbara,083,443738,11038,10597,166,10763,136
2020-11-17,Santa Clara,085,1922200,32000,29013,63,29076,419
2020-11-17,Santa Cruz,087,273765,4065,3548,39,3587,25
2020-11-17,Shasta,089,179085,4556,3457,108,3565,40
2020-11-17,Sierra,091,2930,15,11,0,11,0
2020-11-17,Siskiyou,093,43540,456,333,24,357,0
2020-11-17,Solano,095,438530,9684,8905,45,8950,84
2020-11-17,Sonoma,097,501317,11564,11084,40,11124,155
2020-11-17,Stanislaus,099,539301,20516,19466,1150,20616,425
2020-11-17,Sutter,101,95872,2798,2370,8,2378,12
2020-11-17,Tehama,103,63373,1487,1290,10,1300,7
2020-11-17,Trinity,105,12862,213,83,21,104,0
2020-11-17,Tulare,107,460477,20328,19176,971,20147,305
2020-11-17,Tuolumne,109,53932,840,568,8,576,7
2020-11-17,Ventura,111,848112,18402,16797,522,17319,173
2020-11-17,Yolo,113,214977,4310,3887,12,3899,70
2020-11-17,Yuba,115,75493,1712,1519,7,1526,10
2020-11-16,Alameda,001,1643700,27764,26063,267,26330,436
2020-11-16,Alpine,002,1148,37,12,0,12,0
2020-11-16,Amador,005,37829,455,414,1,415,16
2020-11-16,Butte,007,227075,3769,3490,175,3665,58
2020-11-16,Calaveras,009,45235,414,402,0,402,21
2020-11-16,Colusa,011,21464,655,601,1,602,6
2020-11-16,Contra Costa,013,1133247,22523,21386,122,21508,256
2020-11-16,Del Norte,015,27424,271,225,0,225,2
2020-11-16,El Dorado,017,186661,2061,1694,26,1720,4
2020-11-16,Fresno,019,978130,38729,34593,950,35543,471
2020-11-16,Glenn,021,27897,860,786,25,811,4
2020-11-16,Humboldt,023,135768,782,660,1,661,9
2020-11-16,Imperial,025,180216,14972,14111,30,14141,346
2020-11-16,Inyo,027,18085,283,263,5,268,15
2020-11-16,Kern,029,883053,38047,36049,807,36856,455
2020-11-16,Kings,031,150075,10191,9569,101,9670,85
2020-11-16,Lake,033,64148,864,784,0,784,18
2020-11-16,Lassen,035,31185,1299,1124,3,1127,0
2020-11-16,Los Angeles,037,10098052,356463,338778,4391,343169,7277
2020-11-16,Madera,039,155013,5833,5433,93,5526,54
2020-11-16,Marin,041,260295,7546,7359,24,7383,134
2020-11-16,Mariposa,043,17540,100,86,0,86,2
2020-11-16,Mendocino,045,87422,1321,1209,5,1214,23
2020-11-16,Merced,047,269075,10909,10399,82,10481,162
2020-11-16,Modoc,049,8938,85,71,17,88,0
2020-11-16,Mono,051,14174,478,453,10,463,2
2020-11-16,Monterey,053,433212,13910,13089,185,13274,107
2020-11-16,Napa,055,140530,2833,2536,16,2552,17
2020-11-16,Nevada,057,99092,1055,889,24,913,9
2020-11-16,Orange,059,3164182,71023,65396,2103,67499,1519
2020-11-16,Placer,061,380077,6058,5387,85,5472,63
2020-11-16,Plumas,063,18699,169,127,0,127,0
2020-11-16,Riverside,065,2383286,81353,76449,1157,77606,1379
2020-11-16,Sacramento,067,1510023,33193,30954,73,31027,534
2020-11-16,San Benito,069,59416,1694,1603,3,1606,15
2020-11-16,San Bernardino,071,2135413,83065,74401,929,75330,1186
2020-11-16,San Diego,073,3302833,71921,65603,2382,67985,926
2020-11-16,San Francisco,075,870044,14433,13847,77,13924,153
2020-11-16,San Joaquin,077,732212,24766,23515,389,23904,513
2020-11-16,San Luis Obispo,079,281455,5818,5161,82,5243,34
2020-11-16,San Mateo,081,765935,13352,12398,12,12410,169
2020-11-16,Santa Barbara,083,443738,10973,10565,162,10727,135
2020-11-16,Santa Clara,085,1922200,31438,28673,62,28735,419
2020-11-16,Santa Cruz,087,273765,3992,3520,39,3559,25
2020-11-16,Shasta,089,179085,4408,3284,103,3387,37
2020-11-16,Sierra,091,2930,15,11,0,11,0
2020-11-16,Siskiyou,093,43540,429,294,24,318,0
2020-11-16,Solano,095,438530,9485,8827,45,8872,84
2020-11-16,Sonoma,097,501317,11473,10961,39,11000,155
2020-11-16,Stanislaus,099,539301,20280,19333,1123,20456,425
2020-11-16,Sutter,101,95872,2692,2322,8,2330,12
2020-11-16,Tehama,103,63373,1442,1261,7,1268,7
2020-11-16,Trinity,105,12862,201,67,21,88,0
2020-11-16,Tulare,107,460477,20150,18891,918,19809,305
2020-11-16,Tuolumne,109,53932,803,543,8,551,7
2020-11-16,Ventura,111,848112,18064,16691,514,17205,172
2020-11-16,Yolo,113,214977,4215,3858,12,3870,70
2020-11-16,Yuba,115,75493,1676,1500,6,1506,10
2020-11-15,Alameda,001,1643700,27447,25879,262,26141,436
2020-11-15,Alpine,002,1148,35,12,0,12,0
2020-11-15,Amador,005,37829,443,409,1,410,16
2020-11-15,Butte,007,227075,3715,3452,166,3618,58
2020-11-15,Calaveras,009,45235,399,386,0,386,21
2020-11-15,Colusa,011,21464,646,601,1,602,6
2020-11-15,Contra Costa,013,1133247,22225,21179,121,21300,256
2020-11-15,Del Norte,015,27424,257,224,0,224,2
2020-11-15,El Dorado,017,186661,1999,1683,25,1708,4
2020-11-15,Fresno,019,978130,38217,34297,912,35209,471
2020-11-15,Glenn,021,27897,848,783,24,807,4
2020-11-15,Humboldt,023,135768,754,653,1,654,9
2020-11-15,Imperial,025,180216,14737,13940,30,13970,346
2020-11-15,Inyo,027,18085,273,263,5,268,15
2020-11-15,Kern,029,883053,37641,35911,772,36683,455
2020-11-15,Kings,031,150075,9998,9533,98,9631,85
2020-11-15,Lake,033,64148,854,777,0,777,17
2020-11-15,Lassen,035,31185,1252,1124,3,1127,0
2020-11-15,Los Angeles,037,10098052,351414,336035,4224,340259,7271
2020-11-15,Madera,039,155013,5735,5391,87,5478,54
2020-11-15,Marin,041,260295,7519,7347,24,7371,133
2020-11-15,Mariposa,043,17540,97,86,0,86,2
2020-11-15,Mendocino,045,87422,1302,1197,5,1202,22
2020-11-15,Merced,047,269075,10767,10350,82,10432,162
2020-11-15,Modoc,049,8938,84,68,17,85,0
2020-11-15,Mono,051,14174,476,453,10,463,2
2020-11-15,Monterey,053,433212,13714,12999,172,13171,107
2020-11-15,Napa,055,140530,2774,2509,14,2523,17
2020-11-15,Nevada,057,99092,999,859,24,883,9
2020-11-15,Orange,059,3164182,69979,65008,2087,67095,1519
2020-11-15,Placer,061,380077,5903,5330,77,5407,63
2020-11-15,Plumas,063,18699,163,127,0,127,0
2020-11-15,Riverside,065,2383286,80031,75531,1099,76630,1374
2020-11-15,Sacramento,067,1510023,32567,30601,68,30669,534
2020-11-15,San Benito,069,59416,1669,1589,2,1591,15
2020-11-15,San Bernardino,071,2135413,80916,73769,854,74623,1185
2020-11-15,San Diego,073,3302833,70420,64770,2325,67095,926
2020-11-15,San Francisco,075,870044,14257,13757,76,13833,153
2020-11-15,San Joaquin,077,732212,24556,23516,374,23890,513
2020-11-15,San Luis Obispo,079,281455,5697,5120,80,5200,34
2020-11-15,San Mateo,081,765935,13175,12348,12,12360,169
2020-11-15,Santa Barbara,083,443738,10878,10516,160,10676,135
2020-11-15,Santa Clara,085,1922200,30980,28289,61,28350,418
2020-11-15,Santa Cruz,087,273765,3851,3439,38,3477,25
2020-11-15,Shasta,089,179085,4235,3290,94,3384,37
2020-11-15,Sierra,091,2930,15,11,0,11,0
2020-11-15,Siskiyou,093,43540,410,294,24,318,0
2020-11-15,Solano,095,438530,9324,8713,42,8755,84
2020-11-15,Sonoma,097,501317,11354,10833,38,10871,154
2020-11-15,Stanislaus,099,539301,20006,19228,1098,20326,425
2020-11-15,Sutter,101,95872,2602,2230,8,2238,12
2020-11-15,Tehama,103,63373,1391,1222,6,1228,7
2020-11-15,Trinity,105,12862,191,67,19,86,0
2020-11-15,Tulare,107,460477,19933,18891,866,19757,305
2020-11-15,Tuolumne,109,53932,761,486,8,494,7
2020-11-15,Ventura,111,848112,17790,16564,506,17070,172
2020-11-15,Yolo,113,214977,4112,3819,12,3831,67
2020-11-15,Yuba,115,75493,1635,1470,5,1475,10
2020-11-14,Alameda,001,1643700,27180,25714,260,25974,435
2020-11-14,Alpine,002,1148,35,12,0,12,0
2020-11-14,Amador,005,37829,434,404,0,404,16
2020-11-14,Butte,007,227075,3679,3434,153,3587,58
2020-11-14,Calaveras,009,45235,398,386,0,386,21
2020-11-14,Colusa,011,21464,634,601,1,602,6
2020-11-14,Contra Costa,013,1133247,22083,20975,114,21089,256
2020-11-14,Del Norte,015,27424,250,219,0,219,2
2020-11-14,El Dorado,017,186661,1955,1648,25,1673,4
2020-11-14,Fresno,019,978130,37967,33969,876,34845,471
2020-11-14,Glenn,021,27897,839,772,21,793,3
2020-11-14,Humboldt,023,135768,739,643,1,644,9
2020-11-14,Imperial,025,180216,14644,13932,29,13961,346
2020-11-14,Inyo,027,18085,272,263,5,268,15
2020-11-14,Kern,029,883053,37431,35626,753,36379,454
2020-11-14,Kings,031,150075,9963,9490,95,9585,85
2020-11-14,Lake,033,64148,845,773,0,773,17
2020-11-14,Lassen,035,31185,1238,833,3,836,0
2020-11-14,Los Angeles,037,10098052,348704,333021,4118,337139,7269
2020-11-14,Madera,039,155013,5704,5371,85,5456,54
2020-11-14,Marin,041,260295,7501,7325,24,7349,133
2020-11-14,Mariposa,043,17540,96,86,0,86,2
2020-11-14,Mendocino,045,87422,1286,1181,5,1186,22
2020-11-14,Merced,047,269075,10709,10286,80,10366,161
2020-11-14,Modoc,049,8938,83,64,16,80,0
2020-11-14,Mono,051,14174,476,453,10,463,2
2020-11-14,Monterey,053,433212,13618,12854,162,13016,105
2020-11-14,Napa,055,140530,2740,2473,14,2487,17
2020-11-14,Nevada,057,99092,983,835,24,859,9
2020-11-14,Orange,059,3164182,69356,64340,2076,66416,1517
2020-11-14,Placer,061,380077,5827,5215,71,5286,63
2020-11-14,Plumas,063,18699,158,128,0,128,0
2020-11-14,Riverside,065,2383286,79291,74910,1060,75970,1373
2020-11-14,Sacramento,067,1510023,32241,30298,68,30366,532
2020-11-14,San Benito,069,59416,1654,1573,2,1575,15
2020-11-14,San Bernardino,071,2135413,79981,72868,823,73691,1184
2020-11-14,San Diego,073,3302833,69655,63715,2273,65988,926
2020-11-14,San Francisco,075,870044,14170,13661,75,13736,153
2020-11-14,San Joaquin,077,732212,24463,23516,367,23883,511
2020-11-14,San Luis Obispo,079,281455,5634,5073,75,5148,34
2020-11-14,San Mateo,081,765935,13067,12293,12,12305,169
2020-11-14,Santa Barbara,083,443738,10824,10482,158,10640,135
2020-11-14,Santa Clara,085,1922200,30695,27962,59,28021,416
2020-11-14,Santa Cruz,087,273765,3796,3402,38,3440,25
2020-11-14,Shasta,089,179085,4154,3195,92,3287,37
2020-11-14,Sierra,091,2930,15,11,0,11,0
2020-11-14,Siskiyou,093,43540,397,292,24,316,0
2020-11-14,Solano,095,438530,9245,8655,42,8697,84
2020-11-14,Sonoma,097,501317,11301,10769,38,10807,154
2020-11-14,Stanislaus,099,539301,19863,19068,1076,20144,424
2020-11-14,Sutter,101,95872,2557,2182,8,2190,12
2020-11-14,Tehama,103,63373,1369,1206,5,1211,7
2020-11-14,Trinity,105,12862,186,67,19,86,0
2020-11-14,Tulare,107,460477,19840,18853,838,19691,305
2020-11-14,Tuolumne,109,53932,733,448,8,456,7
2020-11-14,Ventura,111,848112,17644,16297,495,16792,172
2020-11-14,Yolo,113,214977,4068,3765,10,3775,65
2020-11-14,Yuba,115,75493,1606,1453,5,1458,10
2020-11-13,Alameda,001,1643700,26964,25515,255,25770,434
2020-11-13,Alpine,002,1148,35,12,0,12,0
2020-11-13,Amador,005,37829,431,397,0,397,16
2020-11-13,Butte,007,227075,3655,3402,144,3546,58
2020-11-13,Calaveras,009,45235,394,378,0,378,21
2020-11-13,Colusa,011,21464,626,598,1,599,6
2020-11-13,Contra Costa,013,1133247,21909,20799,114,20913,256
2020-11-13,Del Norte,015,27424,247,208,0,208,2
2020-11-13,El Dorado,017,186661,1910,1611,24,1635,4
2020-11-13,Fresno,019,978130,37721,33693,862,34555,470
2020-11-13,Glenn,021,27897,825,755,17,772,3
2020-11-13,Humboldt,023,135768,724,638,1,639,9
2020-11-13,Imperial,025,180216,14573,13790,28,13818,341
2020-11-13,Inyo,027,18085,271,262,5,267,15
2020-11-13,Kern,029,883053,37229,35431,736,36167,453
2020-11-13,Kings,031,150075,9904,9428,94,9522,85
2020-11-13,Lake,033,64148,839,770,0,770,17
2020-11-13,Lassen,035,31185,1229,832,3,835,0
2020-11-13,Los Angeles,037,10098052,345574,329364,4016,333380,7248
2020-11-13,Madera,039,155013,5664,5340,84,5424,54
2020-11-13,Marin,041,260295,7487,7307,23,7330,133
2020-11-13,Mariposa,043,17540,94,86,0,86,2
2020-11-13,Mendocino,045,87422,1274,1173,5,1178,22
2020-11-13,Merced,047,269075,10651,10185,77,10262,159
2020-11-13,Modoc,049,8938,83,63,14,77,0
2020-11-13,Mono,051,14174,476,448,9,457,2
2020-11-13,Monterey,053,433212,13423,12681,150,12831,104
2020-11-13,Napa,055,140530,2701,2440,14,2454,17
2020-11-13,Nevada,057,99092,964,798,24,822,9
2020-11-13,Orange,059,3164182,68756,63804,2056,65860,1514
2020-11-13,Placer,061,380077,5722,5122,65,5187,63
2020-11-13,Plumas,063,18699,152,125,0,125,0
2020-11-13,Riverside,065,2383286,78553,74138,1031,75169,1372
2020-11-13,Sacramento,067,1510023,31922,29787,64,29851,524
2020-11-13,San Benito,069,59416,1642,1553,1,1554,15
2020-11-13,San Bernardino,071,2135413,78933,71895,802,72697,1184
2020-11-13,San Diego,073,3302833,68808,62978,2235,65213,921
2020-11-13,San Francisco,075,870044,14077,13516,73,13589,146
2020-11-13,San Joaquin,077,732212,24368,23314,361,23675,510
2020-11-13,San Luis Obispo,079,281455,5567,4960,72,5032,34
2020-11-13,San Mateo,081,765935,12974,12182,12,12194,169
2020-11-13,Santa Barbara,083,443738,10772,10405,156,10561,134
2020-11-13,Santa Clara,085,1922200,30367,27609,57,27666,415
2020-11-13,Santa Cruz,087,273765,3722,3343,38,3381,25
2020-11-13,Shasta,089,179085,4070,2983,88,3071,37
2020-11-13,Sierra,091,2930,15,11,0,11,0
2020-11-13,Siskiyou,093,43540,392,280,23,303,0
2020-11-13,Solano,095,438530,9155,8525,42,8567,84
2020-11-13,Sonoma,097,501317,11240,10685,36,10721,151
2020-11-13,Stanislaus,099,539301,19737,18936,1049,19985,422
2020-11-13,Sutter,101,95872,2511,2121,7,2128,12
2020-11-13,Tehama,103,63373,1342,1167,5,1172,7
2020-11-13,Trinity,105,12862,184,64,19,83,0
2020-11-13,Tulare,107,460477,19714,18714,798,19512,305
2020-11-13,Tuolumne,109,53932,700,427,8,435,7
2020-11-13,Ventura,111,848112,17498,16172,481,16653,171
2020-11-13,Yolo,113,214977,4017,3716,10,3726,65
2020-11-13,Yuba,115,75493,1579,1435,5,1440,10
2020-11-12,Alameda,001,1643700,26697,25345,255,25600,432
2020-11-12,Alpine,002,1148,34,12,0,12,0
2020-11-12,Amador,005,37829,430,392,0,392,16
2020-11-12,Butte,007,227075,3606,3347,141,3488,58
2020-11-12,Calaveras,009,45235,389,373,0,373,21
2020-11-12,Colusa,011,21464,621,591,1,592,6
2020-11-12,Contra Costa,013,1133247,21700,20619,113,20732,255
2020-11-12,Del Norte,015,27424,239,203,0,203,2
2020-11-12,El Dorado,017,186661,1864,1573,20,1593,4
2020-11-12,Fresno,019,978130,37372,33459,821,34280,468
2020-11-12,Glenn,021,27897,806,727,17,744,3
2020-11-12,Humboldt,023,135768,711,625,1,626,9
2020-11-12,Imperial,025,180216,14408,13619,28,13647,341
2020-11-12,Inyo,027,18085,270,255,5,260,15
2020-11-12,Kern,029,883053,36965,35207,722,35929,451
2020-11-12,Kings,031,150075,9837,9335,93,9428,85
2020-11-12,Lake,033,64148,830,764,0,764,17
2020-11-12,Lassen,035,31185,1160,832,2,834,0
2020-11-12,Los Angeles,037,10098052,341828,327001,3919,330920,7223
2020-11-12,Madera,039,155013,5629,5273,80,5353,54
2020-11-12,Marin,041,260295,7458,7268,23,7291,133
2020-11-12,Mariposa,043,17540,92,84,0,84,2
2020-11-12,Mendocino,045,87422,1255,1142,5,1147,22
2020-11-12,Merced,047,269075,10539,10107,74,10181,158
2020-11-12,Modoc,049,8938,83,63,14,77,0
2020-11-12,Mono,051,14174,475,442,9,451,2
2020-11-12,Monterey,053,433212,13302,12489,136,12625,100
2020-11-12,Napa,055,140530,2639,2398,14,2412,16
2020-11-12,Nevada,057,99092,942,780,23,803,9
2020-11-12,Orange,059,3164182,68012,63232,2037,65269,1514
2020-11-12,Placer,061,380077,5613,5044,56,5100,62
2020-11-12,Plumas,063,18699,148,121,0,121,0
2020-11-12,Riverside,065,2383286,77622,73381,988,74369,1362
2020-11-12,Sacramento,067,1510023,31431,29459,56,29515,520
2020-11-12,San Benito,069,59416,1622,1525,1,1526,15
2020-11-12,San Bernardino,071,2135413,77567,70758,763,71521,1183
2020-11-12,San Diego,073,3302833,67828,62336,2184,64520,918
2020-11-12,San Francisco,075,870044,13978,13289,72,13361,146
2020-11-12,San Joaquin,077,732212,24174,23002,340,23342,509
2020-11-12,San Luis Obispo,079,281455,5503,4898,71,4969,33
2020-11-12,San Mateo,081,765935,12849,12086,11,12097,169
2020-11-12,Santa Barbara,083,443738,10710,10325,151,10476,134
2020-11-12,Santa Clara,085,1922200,29990,27261,56,27317,414
2020-11-12,Santa Cruz,087,273765,3639,3317,36,3353,25
2020-11-12,Shasta,089,179085,3933,2825,77,2902,37
2020-11-12,Sierra,091,2930,15,11,0,11,0
2020-11-12,Siskiyou,093,43540,375,275,19,294,0
2020-11-12,Solano,095,438530,9055,8417,41,8458,85
2020-11-12,Sonoma,097,501317,11138,10602,35,10637,151
2020-11-12,Stanislaus,099,539301,19567,18787,1020,19807,422
2020-11-12,Sutter,101,95872,2428,2075,6,2081,12
2020-11-12,Tehama,103,63373,1314,1117,5,1122,7
2020-11-12,Trinity,105,12862,176,62,18,80,0
2020-11-12,Tulare,107,460477,19601,18545,760,19305,305
2020-11-12,Tuolumne,109,53932,661,353,8,361,7
2020-11-12,Ventura,111,848112,17248,16013,475,16488,158
2020-11-12,Yolo,113,214977,3974,3646,10,3656,63
2020-11-12,Yuba,115,75493,1544,1410,5,1415,10
2020-11-11,Alameda,001,1643700,26453,25140,253,25393,429
2020-11-11,Alpine,002,1148,29,12,0,12,0
2020-11-11,Amador,005,37829,423,389,0,389,16
2020-11-11,Butte,007,227075,3580,3348,126,3474,58
2020-11-11,Calaveras,009,45235,379,373,0,373,21
2020-11-11,Colusa,011,21464,615,591,1,592,6
2020-11-11,Contra Costa,013,1133247,21483,20452,111,20563,255
2020-11-11,Del Norte,015,27424,231,203,0,203,2
2020-11-11,El Dorado,017,186661,1818,1564,19,1583,4
2020-11-11,Fresno,019,978130,37054,33287,786,34073,468
2020-11-11,Glenn,021,27897,790,722,16,738,3
2020-11-11,Humboldt,023,135768,697,623,1,624,9
2020-11-11,Imperial,025,180216,14240,13623,26,13649,340
2020-11-11,Inyo,027,18085,268,255,5,260,15
2020-11-11,Kern,029,883053,36690,35014,705,35719,449
2020-11-11,Kings,031,150075,9731,9263,90,9353,85
2020-11-11,Lake,033,64148,819,763,0,763,17
2020-11-11,Lassen,035,31185,1135,831,2,833,0
2020-11-11,Los Angeles,037,10098052,338457,324567,3837,328404,7220
2020-11-11,Madera,039,155013,5595,5248,79,5327,54
2020-11-11,Marin,041,260295,7436,7268,23,7291,133
2020-11-11,Mariposa,043,17540,92,84,0,84,2
2020-11-11,Mendocino,045,87422,1243,1142,5,1147,22
2020-11-11,Merced,047,269075,10467,10074,72,10146,157
2020-11-11,Modoc,049,8938,79,62,13,75,0
2020-11-11,Mono,051,14174,473,443,9,452,2
2020-11-11,Monterey,053,433212,13159,12417,132,12549,100
2020-11-11,Napa,055,140530,2590,2365,12,2377,15
2020-11-11,Nevada,057,99092,900,741,23,764,9
2020-11-11,Orange,059,3164182,67373,62929,2013,64942,1506
2020-11-11,Placer,061,380077,5529,4981,48,5029,60
2020-11-11,Plumas,063,18699,146,111,0,111,0
2020-11-11,Riverside,065,2383286,76720,72953,942,73895,1361
2020-11-11,Sacramento,067,1510023,30974,28968,54,29022,520
2020-11-11,San Benito,069,59416,1608,1512,1,1513,15
2020-11-11,San Bernardino,071,2135413,76281,70374,737,71111,1182
2020-11-11,San Diego,073,3302833,66893,61746,2123,63869,918
2020-11-11,San Francisco,075,870044,13871,13287,71,13358,146
2020-11-11,San Joaquin,077,732212,24014,23001,335,23336,509
2020-11-11,San Luis Obispo,079,281455,5428,4832,68,4900,33
2020-11-11,San Mateo,081,765935,12735,12008,11,12019,169
2020-11-11,Santa Barbara,083,443738,10644,10278,151,10429,134
2020-11-11,Santa Clara,085,1922200,29639,27075,55,27130,413
2020-11-11,Santa Cruz,087,273765,3571,3247,36,3283,25
2020-11-11,Shasta,089,179085,3810,2766,67,2833,36
2020-11-11,Sierra,091,2930,13,11,0,11,0
2020-11-11,Siskiyou,093,43540,344,261,16,277,0
2020-11-11,Solano,095,438530,8936,8353,39,8392,85
2020-11-11,Sonoma,097,501317,11064,10498,35,10533,150
2020-11-11,Stanislaus,099,539301,19430,18671,990,19661,422
2020-11-11,Sutter,101,95872,2380,2049,5,2054,12
2020-11-11,Tehama,103,63373,1270,1105,4,1109,7
2020-11-11,Trinity,105,12862,165,62,18,80,0
2020-11-11,Tulare,107,460477,19471,18500,730,19230,305
2020-11-11,Tuolumne,109,53932,608,354,7,361,7
2020-11-11,Ventura,111,848112,17033,15801,462,16263,158
2020-11-11,Yolo,113,214977,3923,3606,10,3616,63
2020-11-11,Yuba,115,75493,1529,1400,5,1405,10
2020-11-10,Alameda,001,1643700,26223,25008,250,25258,424
2020-11-10,Alpine,002,1148,29,9,0,9,0
2020-11-10,Amador,005,37829,417,384,0,384,16
2020-11-10,Butte,007,227075,3544,3327,122,3449,58
2020-11-10,Calaveras,009,45235,375,367,0,367,21
2020-11-10,Colusa,011,21464,607,590,1,591,6
2020-11-10,Contra Costa,013,1133247,21277,20326,109,20435,255
2020-11-10,Del Norte,015,27424,225,196,0,196,2
2020-11-10,El Dorado,017,186661,1758,1551,19,1570,4
2020-11-10,Fresno,019,978130,36783,33024,750,33774,465
2020-11-10,Glenn,021,27897,782,719,12,731,3
2020-11-10,Humboldt,023,135768,680,610,1,611,9
2020-11-10,Imperial,025,180216,14110,13570,26,13596,338
2020-11-10,Inyo,027,18085,267,252,5,257,14
2020-11-10,Kern,029,883053,36414,34858,686,35544,448
2020-11-10,Kings,031,150075,9684,9236,83,9319,85
2020-11-10,Lake,033,64148,809,762,0,762,16
2020-11-10,Lassen,035,31185,1120,830,2,832,0
2020-11-10,Los Angeles,037,10098052,335204,322569,3722,326291,7205
2020-11-10,Madera,039,155013,5553,5229,73,5302,54
2020-11-10,Marin,041,260295,7417,7259,23,7282,133
2020-11-10,Mariposa,043,17540,90,84,0,84,2
2020-11-10,Mendocino,045,87422,1235,1137,5,1142,22
2020-11-10,Merced,047,269075,10404,9992,66,10058,157
2020-11-10,Modoc,049,8938,77,61,13,74,0
2020-11-10,Mono,051,14174,471,443,9,452,2
2020-11-10,Monterey,053,433212,13024,12335,124,12459,100
2020-11-10,Napa,055,140530,2552,2341,10,2351,15
2020-11-10,Nevada,057,99092,884,734,23,757,9
2020-11-10,Orange,059,3164182,66819,62597,2003,64600,1504
2020-11-10,Placer,061,380077,5449,4902,47,4949,60
2020-11-10,Plumas,063,18699,142,108,0,108,0
2020-11-10,Riverside,065,2383286,76078,72316,917,73233,1359
2020-11-10,Sacramento,067,1510023,30568,28677,51,28728,519
2020-11-10,San Benito,069,59416,1593,1508,1,1509,15
2020-11-10,San Bernardino,071,2135413,75112,69666,704,70370,1182
2020-11-10,San Diego,073,3302833,66002,61085,2086,63171,915
2020-11-10,San Francisco,075,870044,13755,13210,71,13281,146
2020-11-10,San Joaquin,077,732212,23849,22865,328,23193,508
2020-11-10,San Luis Obispo,079,281455,5365,4780,65,4845,33
2020-11-10,San Mateo,081,765935,12635,11939,11,11950,169
2020-11-10,Santa Barbara,083,443738,10577,10252,147,10399,134
2020-11-10,Santa Clara,085,1922200,29291,26917,54,26971,409
2020-11-10,Santa Cruz,087,273765,3509,3221,36,3257,25
2020-11-10,Shasta,089,179085,3667,2686,59,2745,36
2020-11-10,Sierra,091,2930,12,10,0,10,0
2020-11-10,Siskiyou,093,43540,327,263,15,278,0
2020-11-10,Solano,095,438530,8839,8299,39,8338,85
2020-11-10,Sonoma,097,501317,10977,10414,35,10449,150
2020-11-10,Stanislaus,099,539301,19297,18592,966,19558,420
2020-11-10,Sutter,101,95872,2285,2035,4,2039,12
2020-11-10,Tehama,103,63373,1245,1099,3,1102,7
2020-11-10,Trinity,105,12862,156,62,16,78,0
2020-11-10,Tulare,107,460477,19356,18430,706,19136,305
2020-11-10,Tuolumne,109,53932,558,353,7,360,7
2020-11-10,Ventura,111,848112,16850,15625,460,16085,158
2020-11-10,Yolo,113,214977,3862,3573,10,3583,63
2020-11-10,Yuba,115,75493,1506,1392,5,1397,10
2020-11-09,Alameda,001,1643700,25977,24899,246,25145,424
2020-11-09,Alpine,002,1148,27,6,0,6,0
2020-11-09,Amador,005,37829,408,380,0,380,16
2020-11-09,Butte,007,227075,3500,3301,114,3415,57
2020-11-09,Calaveras,009,45235,371,360,0,360,21
2020-11-09,Colusa,011,21464,601,583,1,584,6
2020-11-09,Contra Costa,013,1133247,21103,20193,107,20300,255
2020-11-09,Del Norte,015,27424,219,195,0,195,2
2020-11-09,El Dorado,017,186661,1717,1515,19,1534,4
2020-11-09,Fresno,019,978130,36473,32755,710,33465,465
2020-11-09,Glenn,021,27897,776,714,9,723,3
2020-11-09,Humboldt,023,135768,667,607,1,608,9
2020-11-09,Imperial,025,180216,13989,13508,25,13533,338
2020-11-09,Inyo,027,18085,267,252,5,257,14
2020-11-09,Kern,029,883053,36184,34764,650,35414,448
2020-11-09,Kings,031,150075,9614,9141,81,9222,84
2020-11-09,Lake,033,64148,800,755,0,755,16
2020-11-09,Lassen,035,31185,1024,799,2,801,0
2020-11-09,Los Angeles,037,10098052,332108,320370,3646,324016,7180
2020-11-09,Madera,039,155013,5507,5209,70,5279,54
2020-11-09,Marin,041,260295,7391,7237,22,7259,131
2020-11-09,Mariposa,043,17540,90,84,0,84,2
2020-11-09,Mendocino,045,87422,1223,1132,5,1137,22
2020-11-09,Merced,047,269075,10310,9922,63,9985,157
2020-11-09,Modoc,049,8938,73,54,12,66,0
2020-11-09,Mono,051,14174,468,352,9,361,2
2020-11-09,Monterey,053,433212,12877,12148,116,12264,98
2020-11-09,Napa,055,140530,2509,2309,10,2319,15
2020-11-09,Nevada,057,99092,847,729,22,751,9
2020-11-09,Orange,059,3164182,66177,62335,1990,64325,1501
2020-11-09,Placer,061,380077,5364,4843,36,4879,60
2020-11-09,Plumas,063,18699,135,102,0,102,0
2020-11-09,Riverside,065,2383286,75296,72059,883,72942,1346
2020-11-09,Sacramento,067,1510023,30096,28200,50,28250,516
2020-11-09,San Benito,069,59416,1584,1506,1,1507,15
2020-11-09,San Bernardino,071,2135413,74058,69015,661,69676,1182
2020-11-09,San Diego,073,3302833,65147,60572,2046,62618,908
2020-11-09,San Francisco,075,870044,13635,12984,68,13052,146
2020-11-09,San Joaquin,077,732212,23684,22512,323,22835,505
2020-11-09,San Luis Obispo,079,281455,5278,4746,63,4809,32
2020-11-09,San Mateo,081,765935,12528,11857,11,11868,169
2020-11-09,Santa Barbara,083,443738,10520,10214,142,10356,134
2020-11-09,Santa Clara,085,1922200,28895,26693,54,26747,409
2020-11-09,Santa Cruz,087,273765,3451,3194,36,3230,25
2020-11-09,Shasta,089,179085,3513,2581,50,2631,36
2020-11-09,Sierra,091,2930,10,10,0,10,0
2020-11-09,Siskiyou,093,43540,316,257,13,270,0
2020-11-09,Solano,095,438530,8726,8254,38,8292,85
2020-11-09,Sonoma,097,501317,10869,10310,35,10345,150
2020-11-09,Stanislaus,099,539301,19148,18482,951,19433,418
2020-11-09,Sutter,101,95872,2218,2010,3,2013,12
2020-11-09,Tehama,103,63373,1208,1071,2,1073,7
2020-11-09,Trinity,105,12862,149,46,16,62,0
2020-11-09,Tulare,107,460477,19234,18272,675,18947,304
2020-11-09,Tuolumne,109,53932,504,346,6,352,7
2020-11-09,Ventura,111,848112,16648,15568,457,16025,156
2020-11-09,Yolo,113,214977,3801,3522,10,3532,62
2020-11-09,Yuba,115,75493,1473,1380,5,1385,10
2020-11-08,Alameda,001,1643700,25747,24731,246,24977,424
2020-11-08,Alpine,002,1148,24,6,0,6,0
2020-11-08,Amador,005,37829,401,376,0,376,16
2020-11-08,Butte,007,227075,3462,3285,106,3391,57
2020-11-08,Calaveras,009,45235,369,360,0,360,21
2020-11-08,Colusa,011,21464,598,583,1,584,6
2020-11-08,Contra Costa,013,1133247,20932,20031,105,20136,254
2020-11-08,Del Norte,015,27424,212,195,0,195,2
2020-11-08,El Dorado,017,186661,1680,1502,19,1521,4
2020-11-08,Fresno,019,978130,36134,32619,672,33291,465
2020-11-08,Glenn,021,27897,770,707,8,715,3
2020-11-08,Humboldt,023,135768,651,605,1,606,9
2020-11-08,Imperial,025,180216,13873,13428,25,13453,338
2020-11-08,Inyo,027,18085,264,252,5,257,14
2020-11-08,Kern,029,883053,35965,34644,632,35276,448
2020-11-08,Kings,031,150075,9481,9026,78,9104,84
2020-11-08,Lake,033,64148,792,754,0,754,16
2020-11-08,Lassen,035,31185,876,799,2,801,0
2020-11-08,Los Angeles,037,10098052,328980,318960,3581,322541,7176
2020-11-08,Madera,039,155013,5437,5196,67,5263,54
2020-11-08,Marin,041,260295,7371,7227,22,7249,131
2020-11-08,Mariposa,043,17540,90,83,0,83,2
2020-11-08,Mendocino,045,87422,1214,1129,5,1134,22
2020-11-08,Merced,047,269075,10247,9885,61,9946,157
2020-11-08,Modoc,049,8938,69,54,12,66,0
2020-11-08,Mono,051,14174,462,352,9,361,2
2020-11-08,Monterey,053,433212,12732,12122,106,12228,98
2020-11-08,Napa,055,140530,2470,2274,10,2284,15
2020-11-08,Nevada,057,99092,831,715,22,737,9
2020-11-08,Orange,059,3164182,65589,62034,1976,64010,1501
2020-11-08,Placer,061,380077,5261,4800,31,4831,60
2020-11-08,Plumas,063,18699,130,102,0,102,0
2020-11-08,Riverside,065,2383286,74641,71442,842,72284,1345
2020-11-08,Sacramento,067,1510023,29537,28059,47,28106,515
2020-11-08,San Benito,069,59416,1569,1496,1,1497,15
2020-11-08,San Bernardino,071,2135413,72806,68412,622,69034,1182
2020-11-08,San Diego,073,3302833,64302,60199,2002,62201,908
2020-11-08,San Francisco,075,870044,13505,12985,64,13049,146
2020-11-08,San Joaquin,077,732212,23490,22514,319,22833,505
2020-11-08,San Luis Obispo,079,281455,5212,4698,58,4756,32
2020-11-08,San Mateo,081,765935,12410,11783,11,11794,169
2020-11-08,Santa Barbara,083,443738,10450,10180,140,10320,134
2020-11-08,Santa Clara,085,1922200,28521,26442,53,26495,410
2020-11-08,Santa Cruz,087,273765,3394,3134,36,3170,25
2020-11-08,Shasta,089,179085,3377,2582,44,2626,36
2020-11-08,Sierra,091,2930,10,7,0,7,0
2020-11-08,Siskiyou,093,43540,304,246,12,258,0
2020-11-08,Solano,095,438530,8605,8132,37,8169,85
2020-11-08,Sonoma,097,501317,10762,10229,35,10264,149
2020-11-08,Stanislaus,099,539301,18974,18413,930,19343,418
2020-11-08,Sutter,101,95872,2160,1980,3,1983,12
2020-11-08,Tehama,103,63373,1182,1054,2,1056,7
2020-11-08,Trinity,105,12862,146,46,15,61,0
2020-11-08,Tulare,107,460477,19092,18272,646,18918,304
2020-11-08,Tuolumne,109,53932,478,341,6,347,7
2020-11-08,Ventura,111,848112,16453,15504,449,15953,156
2020-11-08,Yolo,113,214977,3739,3492,10,3502,61
2020-11-08,Yuba,115,75493,1452,1369,5,1374,10
2020-11-07,Alameda,001,1643700,25637,24578,244,24822,424
2020-11-07,Alpine,002,1148,24,6,0,6,0
2020-11-07,Amador,005,37829,398,375,0,375,16
2020-11-07,Butte,007,227075,3450,3277,100,3377,57
2020-11-07,Calaveras,009,45235,367,360,0,360,21
2020-11-07,Colusa,011,21464,598,583,1,584,6
2020-11-07,Contra Costa,013,1133247,20831,19943,104,20047,254
2020-11-07,Del Norte,015,27424,207,194,0,194,2
2020-11-07,El Dorado,017,186661,1655,1495,18,1513,4
2020-11-07,Fresno,019,978130,35979,32497,650,33147,465
2020-11-07,Glenn,021,27897,762,707,8,715,3
2020-11-07,Humboldt,023,135768,640,590,1,591,9
2020-11-07,Imperial,025,180216,13815,13388,24,13412,338
2020-11-07,Inyo,027,18085,262,252,5,257,14
2020-11-07,Kern,029,883053,35809,34513,622,35135,448
2020-11-07,Kings,031,150075,9448,9005,72,9077,84
2020-11-07,Lake,033,64148,788,751,0,751,16
2020-11-07,Lassen,035,31185,860,799,2,801,0
2020-11-07,Los Angeles,037,10098052,327467,316756,3515,320271,7174
2020-11-07,Madera,039,155013,5414,5177,65,5242,54
2020-11-07,Marin,041,260295,7360,7215,22,7237,131
2020-11-07,Mariposa,043,17540,90,81,0,81,2
2020-11-07,Mendocino,045,87422,1203,1118,5,1123,22
2020-11-07,Merced,047,269075,10215,9855,57,9912,157
2020-11-07,Modoc,049,8938,69,51,12,63,0
2020-11-07,Mono,051,14174,459,352,9,361,2
2020-11-07,Monterey,053,433212,12662,12030,102,12132,98
2020-11-07,Napa,055,140530,2440,2260,9,2269,15
2020-11-07,Nevada,057,99092,814,710,22,732,9
2020-11-07,Orange,059,3164182,65300,62038,1970,64008,1505
2020-11-07,Placer,061,380077,5198,4745,31,4776,60
2020-11-07,Plumas,063,18699,127,94,0,94,0
2020-11-07,Riverside,065,2383286,74246,71153,815,71968,1345
2020-11-07,Sacramento,067,1510023,29287,27773,47,27820,515
2020-11-07,San Benito,069,59416,1557,1489,1,1490,15
2020-11-07,San Bernardino,071,2135413,72290,67935,611,68546,1182
2020-11-07,San Diego,073,3302833,63790,59682,1970,61652,909
2020-11-07,San Francisco,075,870044,13444,12980,63,13043,146
2020-11-07,San Joaquin,077,732212,23382,22517,313,22830,505
2020-11-07,San Luis Obispo,079,281455,5163,4668,55,4723,32
2020-11-07,San Mateo,081,765935,12347,11711,11,11722,169
2020-11-07,Santa Barbara,083,443738,10408,10157,138,10295,134
2020-11-07,Santa Clara,085,1922200,28317,26244,52,26296,410
2020-11-07,Santa Cruz,087,273765,3356,3130,36,3166,25
2020-11-07,Shasta,089,179085,3310,2547,42,2589,36
2020-11-07,Sierra,091,2930,10,7,0,7,0
2020-11-07,Siskiyou,093,43540,300,241,12,253,0
2020-11-07,Solano,095,438530,8553,8066,37,8103,85
2020-11-07,Sonoma,097,501317,10716,10200,35,10235,149
2020-11-07,Stanislaus,099,539301,18863,18386,914,19300,418
2020-11-07,Sutter,101,95872,2120,1973,3,1976,12
2020-11-07,Tehama,103,63373,1157,1043,2,1045,7
2020-11-07,Trinity,105,12862,146,42,14,56,0
2020-11-07,Tulare,107,460477,19036,18229,628,18857,304
2020-11-07,Tuolumne,109,53932,466,327,6,333,7
2020-11-07,Ventura,111,848112,16393,15364,444,15808,156
2020-11-07,Yolo,113,214977,3708,3486,10,3496,61
2020-11-07,Yuba,115,75493,1437,1349,5,1354,10
2020-11-06,Alameda,001,1643700,25505,24389,242,24631,420
2020-11-06,Alpine,002,1148,24,6,0,6,0
2020-11-06,Amador,005,37829,396,369,0,369,16
2020-11-06,Butte,007,227075,3425,3254,92,3346,57
2020-11-06,Calaveras,009,45235,366,359,0,359,21
2020-11-06,Colusa,011,21464,596,580,1,581,6
2020-11-06,Contra Costa,013,1133247,20684,19744,104,19848,252
2020-11-06,Del Norte,015,27424,204,194,0,194,2
2020-11-06,El Dorado,017,186661,1629,1475,18,1493,4
2020-11-06,Fresno,019,978130,35791,32278,634,32912,460
2020-11-06,Glenn,021,27897,756,707,7,714,3
2020-11-06,Humboldt,023,135768,637,587,1,588,9
2020-11-06,Imperial,025,180216,13761,13230,24,13254,338
2020-11-06,Inyo,027,18085,260,246,5,251,14
2020-11-06,Kern,029,883053,35645,34360,605,34965,443
2020-11-06,Kings,031,150075,9424,8883,70,8953,83
2020-11-06,Lake,033,64148,787,741,0,741,16
2020-11-06,Lassen,035,31185,852,794,2,796,0
2020-11-06,Los Angeles,037,10098052,325497,314356,3463,317819,7160
2020-11-06,Madera,039,155013,5398,5136,64,5200,54
2020-11-06,Marin,041,260295,7339,7184,22,7206,131
2020-11-06,Mariposa,043,17540,89,79,0,79,2
2020-11-06,Mendocino,045,87422,1198,1113,5,1118,22
2020-11-06,Merced,047,269075,10175,9778,54,9832,157
2020-11-06,Modoc,049,8938,69,48,12,60,0
2020-11-06,Mono,051,14174,453,308,9,317,1
2020-11-06,Monterey,053,433212,12545,11914,101,12015,96
2020-11-06,Napa,055,140530,2415,2189,9,2198,15
2020-11-06,Nevada,057,99092,801,692,21,713,9
2020-11-06,Orange,059,3164182,64997,61049,1960,63009,1494
2020-11-06,Placer,061,380077,5125,4680,31,4711,60
2020-11-06,Plumas,063,18699,122,90,0,90,0
2020-11-06,Riverside,065,2383286,73796,70409,774,71183,1341
2020-11-06,Sacramento,067,1510023,28996,27489,45,27534,514
2020-11-06,San Benito,069,59416,1548,1479,1,1480,15
2020-11-06,San Bernardino,071,2135413,71693,66740,591,67331,1179
2020-11-06,San Diego,073,3302833,63266,59143,1938,61081,907
2020-11-06,San Francisco,075,870044,13374,12825,62,12887,146
2020-11-06,San Joaquin,077,732212,23297,22424,303,22727,502
2020-11-06,San Luis Obispo,079,281455,5098,4531,49,4580,32
2020-11-06,San Mateo,081,765935,12272,11587,11,11598,168
2020-11-06,Santa Barbara,083,443738,10372,10118,134,10252,133
2020-11-06,Santa Clara,085,1922200,28075,25831,52,25883,402
2020-11-06,Santa Cruz,087,273765,3318,3063,36,3099,25
2020-11-06,Shasta,089,179085,3237,2475,41,2516,35
2020-11-06,Sierra,091,2930,9,7,0,7,0
2020-11-06,Siskiyou,093,43540,287,237,11,248,0
2020-11-06,Solano,095,438530,8487,7959,37,7996,85
2020-11-06,Sonoma,097,501317,10666,10142,35,10177,149
2020-11-06,Stanislaus,099,539301,18776,18250,906,19156,417
2020-11-06,Sutter,101,95872,2093,1937,2,1939,12
2020-11-06,Tehama,103,63373,1136,1024,2,1026,6
2020-11-06,Trinity,105,12862,143,41,14,55,0
2020-11-06,Tulare,107,460477,18972,18136,603,18739,300
2020-11-06,Tuolumne,109,53932,442,316,6,322,5
2020-11-06,Ventura,111,848112,16307,15222,441,15663,154
2020-11-06,Yolo,113,214977,3679,3420,10,3430,62
2020-11-06,Yuba,115,75493,1424,1335,5,1340,10
2020-11-05,Alameda,001,1643700,25329,24270,242,24512,420
2020-11-05,Alpine,002,1148,24,6,0,6,0
2020-11-05,Amador,005,37829,393,363,0,363,16
2020-11-05,Butte,007,227075,3402,3239,86,3325,57
2020-11-05,Calaveras,009,45235,358,333,0,333,19
2020-11-05,Colusa,011,21464,592,574,1,575,6
2020-11-05,Contra Costa,013,1133247,20502,19656,101,19757,252
2020-11-05,Del Norte,015,27424,202,192,0,192,2
2020-11-05,El Dorado,017,186661,1605,1466,18,1484,4
2020-11-05,Fresno,019,978130,35550,32056,610,32666,460
2020-11-05,Glenn,021,27897,736,702,7,709,3
2020-11-05,Humboldt,023,135768,627,581,1,582,9
2020-11-05,Imperial,025,180216,13669,13178,23,13201,337
2020-11-05,Inyo,027,18085,259,247,5,252,14
2020-11-05,Kern,029,883053,35444,34232,592,34824,443
2020-11-05,Kings,031,150075,9269,8846,67,8913,83
2020-11-05,Lake,033,64148,783,739,0,739,16
2020-11-05,Lassen,035,31185,821,782,2,784,0
2020-11-05,Los Angeles,037,10098052,323142,312381,3410,315791,7146
2020-11-05,Madera,039,155013,5360,5129,61,5190,54
2020-11-05,Marin,041,260295,7316,7171,22,7193,131
2020-11-05,Mariposa,043,17540,88,79,0,79,2
2020-11-05,Mendocino,045,87422,1186,1112,5,1117,22
2020-11-05,Merced,047,269075,10123,9753,49,9802,155
2020-11-05,Modoc,049,8938,68,47,11,58,0
2020-11-05,Mono,051,14174,451,307,9,316,1
2020-11-05,Monterey,053,433212,12435,11784,97,11881,96
2020-11-05,Napa,055,140530,2388,2158,9,2167,15
2020-11-05,Nevada,057,99092,779,687,20,707,9
2020-11-05,Orange,059,3164182,64550,60740,1949,62689,1484
2020-11-05,Placer,061,380077,5056,4627,26,4653,60
2020-11-05,Plumas,063,18699,114,90,0,90,0
2020-11-05,Riverside,065,2383286,73085,70094,718,70812,1338
2020-11-05,Sacramento,067,1510023,28616,27232,44,27276,512
2020-11-05,San Benito,069,59416,1533,1477,1,1478,15
2020-11-05,San Bernardino,071,2135413,70866,66407,579,66986,1174
2020-11-05,San Diego,073,3302833,62640,58659,1912,60571,904
2020-11-05,San Francisco,075,870044,13262,12726,61,12787,146
2020-11-05,San Joaquin,077,732212,23133,22318,299,22617,502
2020-11-05,San Luis Obispo,079,281455,5030,4459,47,4506,32
2020-11-05,San Mateo,081,765935,12178,11535,11,11546,168
2020-11-05,Santa Barbara,083,443738,10328,10080,131,10211,133
2020-11-05,Santa Clara,085,1922200,27810,25651,52,25703,402
2020-11-05,Santa Cruz,087,273765,3280,3023,36,3059,25
2020-11-05,Shasta,089,179085,3147,2401,40,2441,34
2020-11-05,Sierra,091,2930,9,6,0,6,0
2020-11-05,Siskiyou,093,43540,276,228,11,239,0
2020-11-05,Solano,095,438530,8404,7842,37,7879,85
2020-11-05,Sonoma,097,501317,10554,10064,34,10098,145
2020-11-05,Stanislaus,099,539301,18662,18194,893,19087,417
2020-11-05,Sutter,101,95872,2061,1925,2,1927,12
2020-11-05,Tehama,103,63373,1115,1015,2,1017,6
2020-11-05,Trinity,105,12862,127,41,14,55,0
2020-11-05,Tulare,107,460477,18883,18049,577,18626,301
2020-11-05,Tuolumne,109,53932,412,312,6,318,5
2020-11-05,Ventura,111,848112,16141,15113,430,15543,155
2020-11-05,Yolo,113,214977,3629,3391,10,3401,61
2020-11-05,Yuba,115,75493,1406,1322,5,1327,10
2020-11-04,Alameda,001,1643700,25153,24172,240,24412,418
2020-11-04,Alpine,002,1148,20,5,0,5,0
2020-11-04,Amador,005,37829,390,362,0,362,16
2020-11-04,Butte,007,227075,3377,3218,84,3302,57
2020-11-04,Calaveras,009,45235,355,290,0,290,19
2020-11-04,Colusa,011,21464,590,571,1,572,6
2020-11-04,Contra Costa,013,1133247,20337,19472,98,19570,251
2020-11-04,Del Norte,015,27424,198,188,0,188,2
2020-11-04,El Dorado,017,186661,1590,1448,15,1463,4
2020-11-04,Fresno,019,978130,35318,31952,582,32534,457
2020-11-04,Glenn,021,27897,732,701,6,707,3
2020-11-04,Humboldt,023,135768,618,571,1,572,9
2020-11-04,Imperial,025,180216,13571,13087,23,13110,335
2020-11-04,Inyo,027,18085,258,247,5,252,14
2020-11-04,Kern,029,883053,35289,34027,581,34608,439
2020-11-04,Kings,031,150075,9235,8817,65,8882,83
2020-11-04,Lake,033,64148,776,735,0,735,16
2020-11-04,Lassen,035,31185,816,781,2,783,0
2020-11-04,Los Angeles,037,10098052,320830,310456,3332,313788,7124
2020-11-04,Madera,039,155013,5340,5083,57,5140,54
2020-11-04,Marin,041,260295,7304,7157,22,7179,131
2020-11-04,Mariposa,043,17540,88,79,0,79,2
2020-11-04,Mendocino,045,87422,1168,1089,5,1094,22
2020-11-04,Merced,047,269075,10067,9717,47,9764,153
2020-11-04,Modoc,049,8938,59,47,11,58,0
2020-11-04,Mono,051,14174,448,237,8,245,1
2020-11-04,Monterey,053,433212,12231,11743,91,11834,96
2020-11-04,Napa,055,140530,2334,2133,9,2142,15
2020-11-04,Nevada,057,99092,760,675,20,695,9
2020-11-04,Orange,059,3164182,64115,60463,1928,62391,1483
2020-11-04,Placer,061,380077,4980,4526,23,4549,60
2020-11-04,Plumas,063,18699,112,88,0,88,0
2020-11-04,Riverside,065,2383286,72468,69562,659,70221,1335
2020-11-04,Sacramento,067,1510023,28266,27005,43,27048,510
2020-11-04,San Benito,069,59416,1518,1464,1,1465,15
2020-11-04,San Bernardino,071,2135413,70070,65891,556,66447,1169
2020-11-04,San Diego,073,3302833,61994,58126,1886,60012,904
2020-11-04,San Francisco,075,870044,13179,12649,58,12707,146
2020-11-04,San Joaquin,077,732212,22996,22197,286,22483,500
2020-11-04,San Luis Obispo,079,281455,4963,4389,45,4434,32
2020-11-04,San Mateo,081,765935,12084,11456,11,11467,168
2020-11-04,Santa Barbara,083,443738,10290,10026,130,10156,132
2020-11-04,Santa Clara,085,1922200,27549,25487,52,25539,393
2020-11-04,Santa Cruz,087,273765,3243,2997,36,3033,25
2020-11-04,Shasta,089,179085,3016,2321,35,2356,34
2020-11-04,Sierra,091,2930,9,6,0,6,0
2020-11-04,Siskiyou,093,43540,267,222,11,233,0
2020-11-04,Solano,095,438530,8305,7733,37,7770,85
2020-11-04,Sonoma,097,501317,10460,9965,34,9999,142
2020-11-04,Stanislaus,099,539301,18544,18114,878,18992,416
2020-11-04,Sutter,101,95872,2027,1916,2,1918,12
2020-11-04,Tehama,103,63373,1088,997,2,999,6
2020-11-04,Trinity,105,12862,123,37,14,51,0
2020-11-04,Tulare,107,460477,18773,17952,549,18501,298
2020-11-04,Tuolumne,109,53932,388,310,6,316,5
2020-11-04,Ventura,111,848112,16001,14936,427,15363,155
2020-11-04,Yolo,113,214977,3589,3361,10,3371,62
2020-11-04,Yuba,115,75493,1385,1312,5,1317,10
2020-11-03,Alameda,001,1643700,24969,24055,238,24293,418
2020-11-03,Alpine,002,1148,19,4,0,4,0
2020-11-03,Amador,005,37829,385,361,0,361,16
2020-11-03,Butte,007,227075,3354,3211,78,3289,57
2020-11-03,Calaveras,009,45235,351,287,0,287,19
2020-11-03,Colusa,011,21464,585,572,1,573,6
2020-11-03,Contra Costa,013,1133247,20182,19416,98,19514,250
2020-11-03,Del Norte,015,27424,197,187,0,187,2
2020-11-03,El Dorado,017,186661,1568,1445,14,1459,4
2020-11-03,Fresno,019,978130,35055,31856,560,32416,457
2020-11-03,Glenn,021,27897,726,698,6,704,3
2020-11-03,Humboldt,023,135768,612,570,1,571,8
2020-11-03,Imperial,025,180216,13481,13044,22,13066,335
2020-11-03,Inyo,027,18085,257,244,5,249,14
2020-11-03,Kern,029,883053,35098,33957,570,34527,439
2020-11-03,Kings,031,150075,9072,8783,60,8843,83
2020-11-03,Lake,033,64148,766,732,0,732,16
2020-11-03,Lassen,035,31185,807,782,2,784,0
2020-11-03,Los Angeles,037,10098052,318373,308812,3265,312077,7104
2020-11-03,Madera,039,155013,5304,5058,56,5114,54
2020-11-03,Marin,041,260295,7284,7147,21,7168,131
2020-11-03,Mariposa,043,17540,87,79,0,79,2
2020-11-03,Mendocino,045,87422,1153,1084,5,1089,22
2020-11-03,Merced,047,269075,10014,9713,46,9759,153
2020-11-03,Modoc,049,8938,57,47,9,56,0
2020-11-03,Mono,051,14174,444,210,8,218,1
2020-11-03,Monterey,053,433212,12162,11703,86,11789,94
2020-11-03,Napa,055,140530,2298,2130,9,2139,15
2020-11-03,Nevada,057,99092,740,670,19,689,9
2020-11-03,Orange,059,3164182,63685,60283,1916,62199,1477
2020-11-03,Placer,061,380077,4907,4514,23,4537,60
2020-11-03,Plumas,063,18699,109,86,0,86,0
2020-11-03,Riverside,065,2383286,71849,69300,634,69934,1325
2020-11-03,Sacramento,067,1510023,27885,26841,41,26882,510
2020-11-03,San Benito,069,59416,1508,1463,1,1464,15
2020-11-03,San Bernardino,071,2135413,69259,65320,549,65869,1159
2020-11-03,San Diego,073,3302833,61318,57722,1842,59564,901
2020-11-03,San Francisco,075,870044,13057,12585,58,12643,146
2020-11-03,San Joaquin,077,732212,22861,22109,280,22389,500
2020-11-03,San Luis Obispo,079,281455,4877,4371,43,4414,32
2020-11-03,San Mateo,081,765935,11989,11406,11,11417,162
2020-11-03,Santa Barbara,083,443738,10236,10008,126,10134,132
2020-11-03,Santa Clara,085,1922200,27275,25386,51,25437,393
2020-11-03,Santa Cruz,087,273765,3193,2980,35,3015,25
2020-11-03,Shasta,089,179085,2922,2288,28,2316,33
2020-11-03,Sierra,091,2930,7,6,0,6,0
2020-11-03,Siskiyou,093,43540,263,219,11,230,0
2020-11-03,Solano,095,438530,8221,7691,37,7728,85
2020-11-03,Sonoma,097,501317,10358,9906,34,9940,142
2020-11-03,Stanislaus,099,539301,18423,18080,867,18947,416
2020-11-03,Sutter,101,95872,1994,1914,2,1916,12
2020-11-03,Tehama,103,63373,1067,988,2,990,6
2020-11-03,Trinity,105,12862,116,36,13,49,0
2020-11-03,Tulare,107,460477,18667,17890,524,18414,297
2020-11-03,Tuolumne,109,53932,365,302,6,308,5
2020-11-03,Ventura,111,848112,15874,14816,420,15236,155
2020-11-03,Yolo,113,214977,3537,3343,10,3353,61
2020-11-03,Yuba,115,75493,1372,1295,5,1300,10
2020-11-02,Alameda,001,1643700,24773,23991,236,24227,419
2020-11-02,Alpine,002,1148,16,4,0,4,0
2020-11-02,Amador,005,37829,377,357,0,357,16
2020-11-02,Butte,007,227075,3334,3198,74,3272,57
2020-11-02,Calaveras,009,45235,351,282,0,282,18
2020-11-02,Colusa,011,21464,580,571,1,572,6
2020-11-02,Contra Costa,013,1133247,20024,19339,97,19436,250
2020-11-02,Del Norte,015,27424,194,175,0,175,2
2020-11-02,El Dorado,017,186661,1544,1405,14,1419,4
2020-11-02,Fresno,019,978130,34786,31738,543,32281,451
2020-11-02,Glenn,021,27897,720,692,5,697,3
2020-11-02,Humboldt,023,135768,603,569,1,570,8
2020-11-02,Imperial,025,180216,13401,13004,21,13025,334
2020-11-02,Inyo,027,18085,254,243,5,248,14
2020-11-02,Kern,029,883053,34940,33834,560,34394,437
2020-11-02,Kings,031,150075,9042,8654,57,8711,82
2020-11-02,Lake,033,64148,760,728,0,728,17
2020-11-02,Lassen,035,31185,799,782,2,784,0
2020-11-02,Los Angeles,037,10098052,316025,307620,3191,310811,7079
2020-11-02,Madera,039,155013,5273,5033,55,5088,54
2020-11-02,Marin,041,260295,7266,7132,20,7152,125
2020-11-02,Mariposa,043,17540,87,79,0,79,2
2020-11-02,Mendocino,045,87422,1139,1076,5,1081,21
2020-11-02,Merced,047,269075,9944,9664,40,9704,152
2020-11-02,Modoc,049,8938,54,45,5,50,0
2020-11-02,Mono,051,14174,442,211,8,219,1
2020-11-02,Monterey,053,433212,12055,11602,83,11685,93
2020-11-02,Napa,055,140530,2256,2081,9,2090,15
2020-11-02,Nevada,057,99092,724,656,19,675,9
2020-11-02,Orange,059,3164182,63279,59996,1901,61897,1474
2020-11-02,Placer,061,380077,4837,4461,21,4482,60
2020-11-02,Plumas,063,18699,101,86,0,86,0
2020-11-02,Riverside,065,2383286,71218,68833,593,69426,1321
2020-11-02,Sacramento,067,1510023,27543,26676,39,26715,508
2020-11-02,San Benito,069,59416,1496,1459,1,1460,15
2020-11-02,San Bernardino,071,2135413,68403,64629,538,65167,1157
2020-11-02,San Diego,073,3302833,60595,57429,1797,59226,891
2020-11-02,San Francisco,075,870044,12960,12436,57,12493,145
2020-11-02,San Joaquin,077,732212,22721,21919,272,22191,500
2020-11-02,San Luis Obispo,079,281455,4777,4303,40,4343,31
2020-11-02,San Mateo,081,765935,11880,11328,11,11339,161
2020-11-02,Santa Barbara,083,443738,10195,9985,121,10106,130
2020-11-02,Santa Clara,085,1922200,26988,25222,51,25273,387
2020-11-02,Santa Cruz,087,273765,3151,2943,35,2978,25
2020-11-02,Shasta,089,179085,2819,2174,24,2198,33
2020-11-02,Sierra,091,2930,7,6,0,6,0
2020-11-02,Siskiyou,093,43540,253,216,11,227,0
2020-11-02,Solano,095,438530,8103,7665,37,7702,84
2020-11-02,Sonoma,097,501317,10276,9796,33,9829,140
2020-11-02,Stanislaus,099,539301,18327,18005,858,18863,412
2020-11-02,Sutter,101,95872,1970,1895,2,1897,12
2020-11-02,Tehama,103,63373,1044,971,2,973,6
2020-11-02,Trinity,105,12862,110,30,13,43,0
2020-11-02,Tulare,107,460477,18573,17774,504,18278,299
2020-11-02,Tuolumne,109,53932,349,302,6,308,5
2020-11-02,Ventura,111,848112,15733,14767,406,15173,156
2020-11-02,Yolo,113,214977,3489,3318,10,3328,61
2020-11-02,Yuba,115,75493,1359,1280,5,1285,10
2020-11-01,Alameda,001,1643700,24610,23892,234,24126,419
2020-11-01,Alpine,002,1148,10,4,0,4,0
2020-11-01,Amador,005,37829,374,352,0,352,16
2020-11-01,Butte,007,227075,3311,3185,73,3258,57
2020-11-01,Calaveras,009,45235,350,282,0,282,18
2020-11-01,Colusa,011,21464,578,567,1,568,6
2020-11-01,Contra Costa,013,1133247,19851,19246,96,19342,250
2020-11-01,Del Norte,015,27424,190,175,0,175,2
2020-11-01,El Dorado,017,186661,1528,1394,14,1408,4
2020-11-01,Fresno,019,978130,34531,31613,523,32136,451
2020-11-01,Glenn,021,27897,711,688,3,691,3
2020-11-01,Humboldt,023,135768,595,568,1,569,8
2020-11-01,Imperial,025,180216,13310,12969,19,12988,334
2020-11-01,Inyo,027,18085,252,241,5,246,14
2020-11-01,Kern,029,883053,34759,33760,480,34240,437
2020-11-01,Kings,031,150075,9004,8641,56,8697,82
2020-11-01,Lake,033,64148,754,727,0,727,17
2020-11-01,Lassen,035,31185,799,782,2,784,0
2020-11-01,Los Angeles,037,10098052,313454,306217,3100,309317,7077
2020-11-01,Madera,039,155013,5226,5019,53,5072,54
2020-11-01,Marin,041,260295,7249,7124,20,7144,125
2020-11-01,Mariposa,043,17540,83,79,0,79,2
2020-11-01,Mendocino,045,87422,1125,1074,5,1079,21
2020-11-01,Merced,047,269075,9880,9626,40,9666,152
2020-11-01,Modoc,049,8938,53,45,5,50,0
2020-11-01,Mono,051,14174,413,211,7,218,1
2020-11-01,Monterey,053,433212,11948,11587,80,11667,93
2020-11-01,Napa,055,140530,2222,2067,9,2076,15
2020-11-01,Nevada,057,99092,708,646,18,664,9
2020-11-01,Orange,059,3164182,62877,59733,1875,61608,1475
2020-11-01,Placer,061,380077,4769,4422,20,4442,58
2020-11-01,Plumas,063,18699,96,86,0,86,0
2020-11-01,Riverside,065,2383286,70588,68493,558,69051,1319
2020-11-01,Sacramento,067,1510023,27221,26442,39,26481,508
2020-11-01,San Benito,069,59416,1481,1451,1,1452,15
2020-11-01,San Bernardino,071,2135413,67562,64339,517,64856,1157
2020-11-01,San Diego,073,3302833,59907,57122,1757,58879,891
2020-11-01,San Francisco,075,870044,12837,12436,52,12488,145
2020-11-01,San Joaquin,077,732212,22593,21919,266,22185,500
2020-11-01,San Luis Obispo,079,281455,4697,4303,39,4342,31
2020-11-01,San Mateo,081,765935,11799,11280,11,11291,160
2020-11-01,Santa Barbara,083,443738,10144,9969,105,10074,130
2020-11-01,Santa Clara,085,1922200,26705,25090,51,25141,386
2020-11-01,Santa Cruz,087,273765,3098,2921,35,2956,25
2020-11-01,Shasta,089,179085,2684,2172,23,2195,33
2020-11-01,Sierra,091,2930,7,6,0,6,0
2020-11-01,Siskiyou,093,43540,248,205,11,216,0
2020-11-01,Solano,095,438530,8013,7591,37,7628,84
2020-11-01,Sonoma,097,501317,10184,9688,33,9721,140
2020-11-01,Stanislaus,099,539301,18226,17961,839,18800,412
2020-11-01,Sutter,101,95872,1944,1888,1,1889,12
2020-11-01,Tehama,103,63373,1027,965,2,967,5
2020-11-01,Trinity,105,12862,108,30,12,42,0
2020-11-01,Tulare,107,460477,18461,17774,473,18247,299
2020-11-01,Tuolumne,109,53932,328,295,6,301,5
2020-11-01,Ventura,111,848112,15585,14686,378,15064,156
2020-11-01,Yolo,113,214977,3441,3303,10,3313,60
2020-11-01,Yuba,115,75493,1342,1273,5,1278,10
2020-10-31,Alameda,001,1643700,24494,23780,230,24010,416
2020-10-31,Alpine,002,1148,10,4,0,4,0
2020-10-31,Amador,005,37829,370,347,0,347,16
2020-10-31,Butte,007,227075,3298,3172,71,3243,57
2020-10-31,Calaveras,009,45235,350,280,0,280,18
2020-10-31,Colusa,011,21464,576,555,1,556,6
2020-10-31,Contra Costa,013,1133247,19746,19161,96,19257,249
2020-10-31,Del Norte,015,27424,189,175,0,175,2
2020-10-31,El Dorado,017,186661,1519,1390,14,1404,4
2020-10-31,Fresno,019,978130,34394,31558,520,32078,451
2020-10-31,Glenn,021,27897,709,678,3,681,3
2020-10-31,Humboldt,023,135768,592,561,1,562,8
2020-10-31,Imperial,025,180216,13268,12912,19,12931,334
2020-10-31,Inyo,027,18085,251,241,5,246,14
2020-10-31,Kern,029,883053,34656,33666,471,34137,437
2020-10-31,Kings,031,150075,8983,8612,55,8667,82
2020-10-31,Lake,033,64148,750,724,0,724,16
2020-10-31,Lassen,035,31185,794,782,2,784,0
2020-10-31,Los Angeles,037,10098052,312075,304704,3062,307766,7073
2020-10-31,Madera,039,155013,5207,5013,50,5063,54
2020-10-31,Marin,041,260295,7233,7112,20,7132,125
2020-10-31,Mariposa,043,17540,83,79,0,79,2
2020-10-31,Mendocino,045,87422,1117,1066,5,1071,21
2020-10-31,Merced,047,269075,9845,9597,39,9636,151
2020-10-31,Modoc,049,8938,52,34,4,38,0
2020-10-31,Mono,051,14174,264,194,6,200,1
2020-10-31,Monterey,053,433212,11880,11539,76,11615,93
2020-10-31,Napa,055,140530,2203,2040,9,2049,15
2020-10-31,Nevada,057,99092,690,644,18,662,9
2020-10-31,Orange,059,3164182,62618,59488,1857,61345,1473
2020-10-31,Placer,061,380077,4719,4374,19,4393,58
2020-10-31,Plumas,063,18699,95,85,0,85,0
2020-10-31,Riverside,065,2383286,70231,68178,535,68713,1319
2020-10-31,Sacramento,067,1510023,27022,26316,37,26353,507
2020-10-31,San Benito,069,59416,1474,1448,1,1449,15
2020-10-31,San Bernardino,071,2135413,67136,64016,507,64523,1157
2020-10-31,San Diego,073,3302833,59454,56769,1729,58498,891
2020-10-31,San Francisco,075,870044,12763,12438,51,12489,145
2020-10-31,San Joaquin,077,732212,22518,21918,257,22175,500
2020-10-31,San Luis Obispo,079,281455,4628,4285,36,4321,31
2020-10-31,San Mateo,081,765935,11748,11253,11,11264,160
2020-10-31,Santa Barbara,083,443738,10115,9957,97,10054,130
2020-10-31,Santa Clara,085,1922200,26537,24957,51,25008,379
2020-10-31,Santa Cruz,087,273765,3063,2895,34,2929,25
2020-10-31,Shasta,089,179085,2630,2122,22,2144,33
2020-10-31,Sierra,091,2930,7,6,0,6,0
2020-10-31,Siskiyou,093,43540,246,200,11,211,0
2020-10-31,Solano,095,438530,7948,7545,37,7582,84
2020-10-31,Sonoma,097,501317,10131,9648,33,9681,140
2020-10-31,Stanislaus,099,539301,18163,17920,823,18743,412
2020-10-31,Sutter,101,95872,1935,1876,1,1877,12
2020-10-31,Tehama,103,63373,1017,953,2,955,5
2020-10-31,Trinity,105,12862,105,30,12,42,0
2020-10-31,Tulare,107,460477,18412,17758,466,18224,299
2020-10-31,Tuolumne,109,53932,321,290,6,296,5
2020-10-31,Ventura,111,848112,15501,14635,360,14995,155
2020-10-31,Yolo,113,214977,3406,3290,10,3300,60
2020-10-31,Yuba,115,75493,1326,1260,4,1264,10
2020-10-30,Alameda,001,1643700,24415,23676,228,23904,401
2020-10-30,Alpine,002,1148,10,4,0,4,0
2020-10-30,Amador,005,37829,370,344,0,344,16
2020-10-30,Butte,007,227075,3293,3160,71,3231,57
2020-10-30,Calaveras,009,45235,349,279,0,279,18
2020-10-30,Colusa,011,21464,574,554,1,555,6
2020-10-30,Contra Costa,013,1133247,19673,19074,96,19170,249
2020-10-30,Del Norte,015,27424,188,175,0,175,2
2020-10-30,El Dorado,017,186661,1506,1386,14,1400,4
2020-10-30,Fresno,019,978130,34271,31409,512,31921,446
2020-10-30,Glenn,021,27897,703,674,2,676,3
2020-10-30,Humboldt,023,135768,591,561,1,562,7
2020-10-30,Imperial,025,180216,13227,12853,19,12872,334
2020-10-30,Inyo,027,18085,250,241,5,246,14
2020-10-30,Kern,029,883053,34563,33583,470,34053,437
2020-10-30,Kings,031,150075,8973,8564,53,8617,82
2020-10-30,Lake,033,64148,750,720,0,720,16
2020-10-30,Lassen,035,31185,788,777,2,779,0
2020-10-30,Los Angeles,037,10098052,310639,303425,3027,306452,7060
2020-10-30,Madera,039,155013,5194,4991,48,5039,54
2020-10-30,Marin,041,260295,7213,7097,20,7117,125
2020-10-30,Mariposa,043,17540,83,78,0,78,2
2020-10-30,Mendocino,045,87422,1115,1062,5,1067,21
2020-10-30,Merced,047,269075,9813,9539,39,9578,150
2020-10-30,Modoc,049,8938,51,34,3,37,0
2020-10-30,Mono,051,14174,263,193,6,199,1
2020-10-30,Monterey,053,433212,11817,11491,71,11562,92
2020-10-30,Napa,055,140530,2185,2028,9,2037,15
2020-10-30,Nevada,057,99092,684,634,18,652,9
2020-10-30,Orange,059,3164182,62377,59334,1845,61179,1469
2020-10-30,Placer,061,380077,4672,4335,19,4354,58
2020-10-30,Plumas,063,18699,92,80,0,80,0
2020-10-30,Riverside,065,2383286,69892,67752,515,68267,1317
2020-10-30,Sacramento,067,1510023,26874,26147,37,26184,505
2020-10-30,San Benito,069,59416,1468,1440,1,1441,15
2020-10-30,San Bernardino,071,2135413,66720,63512,504,64016,1156
2020-10-30,San Diego,073,3302833,59049,56387,1707,58094,888
2020-10-30,San Francisco,075,870044,12708,12384,51,12435,145
2020-10-30,San Joaquin,077,732212,22451,21849,251,22100,500
2020-10-30,San Luis Obispo,079,281455,4586,4256,36,4292,31
2020-10-30,San Mateo,081,765935,11689,11207,11,11218,159
2020-10-30,Santa Barbara,083,443738,10092,9937,97,10034,128
2020-10-30,Santa Clara,085,1922200,26389,24811,51,24862,378
2020-10-30,Santa Cruz,087,273765,3045,2874,34,2908,25
2020-10-30,Shasta,089,179085,2586,2048,21,2069,32
2020-10-30,Sierra,091,2930,7,6,0,6,0
2020-10-30,Siskiyou,093,43540,246,192,11,203,0
2020-10-30,Solano,095,438530,7887,7497,37,7534,84
2020-10-30,Sonoma,097,501317,10056,9602,33,9635,140
2020-10-30,Stanislaus,099,539301,18115,17861,808,18669,410
2020-10-30,Sutter,101,95872,1922,1860,1,1861,12
2020-10-30,Tehama,103,63373,1013,932,2,934,5
2020-10-30,Trinity,105,12862,105,29,12,41,0
2020-10-30,Tulare,107,460477,18367,17682,452,18134,299
2020-10-30,Tuolumne,109,53932,313,286,6,292,4
2020-10-30,Ventura,111,848112,15428,14578,349,14927,154
2020-10-30,Yolo,113,214977,3389,3263,10,3273,60
2020-10-30,Yuba,115,75493,1318,1256,4,1260,10
2020-10-29,Alameda,001,1643700,24252,23530,227,23757,401
2020-10-29,Alpine,002,1148,7,4,0,4,0
2020-10-29,Amador,005,37829,366,338,0,338,16
2020-10-29,Butte,007,227075,3275,3143,69,3212,57
2020-10-29,Calaveras,009,45235,347,278,0,278,13
2020-10-29,Colusa,011,21464,570,552,1,553,6
2020-10-29,Contra Costa,013,1133247,19575,18933,95,19028,249
2020-10-29,Del Norte,015,27424,186,174,0,174,2
2020-10-29,El Dorado,017,186661,1484,1370,14,1384,4
2020-10-29,Fresno,019,978130,34113,31321,505,31826,445
2020-10-29,Glenn,021,27897,701,673,2,675,3
2020-10-29,Humboldt,023,135768,586,559,1,560,7
2020-10-29,Imperial,025,180216,13184,12769,19,12788,334
2020-10-29,Inyo,027,18085,248,238,5,243,14
2020-10-29,Kern,029,883053,34462,33460,465,33925,437
2020-10-29,Kings,031,150075,8819,8502,52,8554,82
2020-10-29,Lake,033,64148,747,702,0,702,16
2020-10-29,Lassen,035,31185,787,772,2,774,0
2020-10-29,Los Angeles,037,10098052,309011,302246,2981,305227,7046
2020-10-29,Madera,039,155013,5163,4970,46,5016,53
2020-10-29,Marin,041,260295,7199,7083,20,7103,125
2020-10-29,Mariposa,043,17540,81,78,0,78,2
2020-10-29,Mendocino,045,87422,1109,1058,5,1063,21
2020-10-29,Merced,047,269075,9770,9496,39,9535,150
2020-10-29,Modoc,049,8938,49,31,3,34,0
2020-10-29,Mono,051,14174,256,176,6,182,1
2020-10-29,Monterey,053,433212,11736,11425,69,11494,92
2020-10-29,Napa,055,140530,2161,2009,9,2018,15
2020-10-29,Nevada,057,99092,677,632,18,650,9
2020-10-29,Orange,059,3164182,62109,59046,1825,60871,1464
2020-10-29,Placer,061,380077,4627,4270,18,4288,58
2020-10-29,Plumas,063,18699,90,69,0,69,0
2020-10-29,Riverside,065,2383286,69516,67268,485,67753,1304
2020-10-29,Sacramento,067,1510023,26661,25978,36,26014,507
2020-10-29,San Benito,069,59416,1463,1431,1,1432,15
2020-10-29,San Bernardino,071,2135413,66152,62968,494,63462,1150
2020-10-29,San Diego,073,3302833,58583,55916,1678,57594,885
2020-10-29,San Francisco,075,870044,12630,12312,51,12363,145
2020-10-29,San Joaquin,077,732212,22367,21736,239,21975,498
2020-10-29,San Luis Obispo,079,281455,4555,4223,35,4258,31
2020-10-29,San Mateo,081,765935,11644,11145,11,11156,157
2020-10-29,Santa Barbara,083,443738,10059,9902,95,9997,128
2020-10-29,Santa Clara,085,1922200,26238,24614,51,24665,377
2020-10-29,Santa Cruz,087,273765,3020,2850,34,2884,24
2020-10-29,Shasta,089,179085,2523,2008,21,2029,32
2020-10-29,Sierra,091,2930,6,6,0,6,0
2020-10-29,Siskiyou,093,43540,230,185,11,196,0
2020-10-29,Solano,095,438530,7825,7453,37,7490,78
2020-10-29,Sonoma,097,501317,9991,9533,33,9566,140
2020-10-29,Stanislaus,099,539301,18062,17790,787,18577,410
2020-10-29,Sutter,101,95872,1915,1852,1,1853,12
2020-10-29,Tehama,103,63373,995,925,2,927,5
2020-10-29,Trinity,105,12862,100,28,11,39,0
2020-10-29,Tulare,107,460477,18289,17627,434,18061,299
2020-10-29,Tuolumne,109,53932,308,279,6,285,4
2020-10-29,Ventura,111,848112,15337,14486,344,14830,154
2020-10-29,Yolo,113,214977,3360,3246,10,3256,60
2020-10-29,Yuba,115,75493,1307,1248,4,1252,10
2020-10-28,Alameda,001,1643700,24152,23468,226,23694,400
2020-10-28,Alpine,002,1148,6,4,0,4,0
2020-10-28,Amador,005,37829,363,337,0,337,16
2020-10-28,Butte,007,227075,3259,3134,66,3200,56
2020-10-28,Calaveras,009,45235,346,278,0,278,13
2020-10-28,Colusa,011,21464,567,551,1,552,6
2020-10-28,Contra Costa,013,1133247,19488,18828,94,18922,246
2020-10-28,Del Norte,015,27424,183,173,0,173,2
2020-10-28,El Dorado,017,186661,1472,1363,14,1377,4
2020-10-28,Fresno,019,978130,33993,31195,499,31694,444
2020-10-28,Glenn,021,27897,697,673,2,675,3
2020-10-28,Humboldt,023,135768,582,559,1,560,7
2020-10-28,Imperial,025,180216,13134,12730,19,12749,333
2020-10-28,Inyo,027,18085,248,238,5,243,14
2020-10-28,Kern,029,883053,34360,33424,447,33871,436
2020-10-28,Kings,031,150075,8797,8486,52,8538,82
2020-10-28,Lake,033,64148,744,700,0,700,15
2020-10-28,Lassen,035,31185,783,771,2,773,0
2020-10-28,Los Angeles,037,10098052,307556,300726,2938,303664,7031
2020-10-28,Madera,039,155013,5146,4954,45,4999,53
2020-10-28,Marin,041,260295,7188,7079,20,7099,126
2020-10-28,Mariposa,043,17540,81,78,0,78,2
2020-10-28,Mendocino,045,87422,1108,1037,5,1042,20
2020-10-28,Merced,047,269075,9738,9480,38,9518,150
2020-10-28,Modoc,049,8938,48,31,2,33,0
2020-10-28,Mono,051,14174,238,176,6,182,1
2020-10-28,Monterey,053,433212,11678,11330,67,11397,89
2020-10-28,Napa,055,140530,2135,1998,8,2006,15
2020-10-28,Nevada,057,99092,669,629,18,647,9
2020-10-28,Orange,059,3164182,61845,58801,1809,60610,1459
2020-10-28,Placer,061,380077,4571,4236,18,4254,57
2020-10-28,Plumas,063,18699,89,67,0,67,0
2020-10-28,Riverside,065,2383286,69119,67003,461,67464,1302
2020-10-28,Sacramento,067,1510023,26464,25838,35,25873,506
2020-10-28,San Benito,069,59416,1455,1429,1,1430,15
2020-10-28,San Bernardino,071,2135413,65693,62778,485,63263,1154
2020-10-28,San Diego,073,3302833,58200,55556,1649,57205,881
2020-10-28,San Francisco,075,870044,12572,12261,50,12311,145
2020-10-28,San Joaquin,077,732212,22283,21707,228,21935,498
2020-10-28,San Luis Obispo,079,281455,4511,4197,32,4229,31
2020-10-28,San Mateo,081,765935,11577,11101,11,11112,157
2020-10-28,Santa Barbara,083,443738,10036,9872,93,9965,127
2020-10-28,Santa Clara,085,1922200,26094,24503,51,24554,375
2020-10-28,Santa Cruz,087,273765,2989,2836,34,2870,24
2020-10-28,Shasta,089,179085,2443,1996,20,2016,31
2020-10-28,Sierra,091,2930,6,6,0,6,0
2020-10-28,Siskiyou,093,43540,227,182,10,192,0
2020-10-28,Solano,095,438530,7766,7362,37,7399,77
2020-10-28,Sonoma,097,501317,9901,9457,28,9485,140
2020-10-28,Stanislaus,099,539301,17997,17765,778,18543,409
2020-10-28,Sutter,101,95872,1906,1840,1,1841,12
2020-10-28,Tehama,103,63373,984,921,2,923,5
2020-10-28,Trinity,105,12862,93,28,10,38,0
2020-10-28,Tulare,107,460477,18232,17569,419,17988,297
2020-10-28,Tuolumne,109,53932,304,277,6,283,4
2020-10-28,Ventura,111,848112,15264,14409,335,14744,153
2020-10-28,Yolo,113,214977,3335,3230,10,3240,60
2020-10-28,Yuba,115,75493,1295,1245,4,1249,10
2020-10-27,Alameda,001,1643700,24037,23365,224,23589,400
2020-10-27,Alpine,002,1148,6,3,0,3,0
2020-10-27,Amador,005,37829,360,335,0,335,16
2020-10-27,Butte,007,227075,3243,3107,63,3170,56
2020-10-27,Calaveras,009,45235,344,277,0,277,13
2020-10-27,Colusa,011,21464,562,549,1,550,6
2020-10-27,Contra Costa,013,1133247,19382,18766,94,18860,246
2020-10-27,Del Norte,015,27424,180,173,0,173,2
2020-10-27,El Dorado,017,186661,1459,1351,14,1365,4
2020-10-27,Fresno,019,978130,33875,31096,493,31589,442
2020-10-27,Glenn,021,27897,695,667,1,668,3
2020-10-27,Humboldt,023,135768,579,559,1,560,7
2020-10-27,Imperial,025,180216,13085,12680,19,12699,333
2020-10-27,Inyo,027,18085,248,231,5,236,14
2020-10-27,Kern,029,883053,34243,33328,443,33771,436
2020-10-27,Kings,031,150075,8766,8411,52,8463,83
2020-10-27,Lake,033,64148,741,700,0,700,15
2020-10-27,Lassen,035,31185,781,764,2,766,0
2020-10-27,Los Angeles,037,10098052,306168,299438,2909,302347,7008
2020-10-27,Madera,039,155013,5116,4942,44,4986,53
2020-10-27,Marin,041,260295,7172,7070,20,7090,126
2020-10-27,Mariposa,043,17540,80,78,0,78,2
2020-10-27,Mendocino,045,87422,1102,1033,4,1037,20
2020-10-27,Merced,047,269075,9698,9449,38,9487,150
2020-10-27,Modoc,049,8938,46,31,2,33,0
2020-10-27,Mono,051,14174,224,169,6,175,1
2020-10-27,Monterey,053,433212,11622,11261,65,11326,88
2020-10-27,Napa,055,140530,2119,1979,8,1987,15
2020-10-27,Nevada,057,99092,663,622,18,640,8
2020-10-27,Orange,059,3164182,61575,58550,1793,60343,1448
2020-10-27,Placer,061,380077,4522,4197,16,4213,57
2020-10-27,Plumas,063,18699,86,63,0,63,0
2020-10-27,Riverside,065,2383286,68766,66699,416,67115,1299
2020-10-27,Sacramento,067,1510023,26277,25701,34,25735,501
2020-10-27,San Benito,069,59416,1450,1428,1,1429,15
2020-10-27,San Bernardino,071,2135413,65231,62357,472,62829,1154
2020-10-27,San Diego,073,3302833,57727,55226,1626,56852,877
2020-10-27,San Francisco,075,870044,12497,12218,49,12267,140
2020-10-27,San Joaquin,077,732212,22192,21637,219,21856,496
2020-10-27,San Luis Obispo,079,281455,4484,4148,28,4176,31
2020-10-27,San Mateo,081,765935,11530,11074,11,11085,156
2020-10-27,Santa Barbara,083,443738,10006,9874,92,9966,125
2020-10-27,Santa Clara,085,1922200,25952,24368,51,24419,367
2020-10-27,Santa Cruz,087,273765,2959,2815,33,2848,24
2020-10-27,Shasta,089,179085,2357,1962,20,1982,29
2020-10-27,Sierra,091,2930,6,6,0,6,0
2020-10-27,Siskiyou,093,43540,218,181,10,191,0
2020-10-27,Solano,095,438530,7697,7298,37,7335,77
2020-10-27,Sonoma,097,501317,9834,9389,28,9417,140
2020-10-27,Stanislaus,099,539301,17929,17720,771,18491,408
2020-10-27,Sutter,101,95872,1893,1832,1,1833,12
2020-10-27,Tehama,103,63373,970,913,2,915,5
2020-10-27,Trinity,105,12862,90,28,10,38,0
2020-10-27,Tulare,107,460477,18169,17520,396,17916,296
2020-10-27,Tuolumne,109,53932,300,275,6,281,4
2020-10-27,Ventura,111,848112,15181,14347,328,14675,153
2020-10-27,Yolo,113,214977,3322,3216,10,3226,58
2020-10-27,Yuba,115,75493,1282,1235,4,1239,10
2020-10-26,Alameda,001,1643700,23924,23284,223,23507,398
2020-10-26,Alpine,002,1148,4,3,0,3,0
2020-10-26,Amador,005,37829,356,331,0,331,16
2020-10-26,Butte,007,227075,3232,3095,61,3156,56
2020-10-26,Calaveras,009,45235,341,274,0,274,13
2020-10-26,Colusa,011,21464,560,548,1,549,6
2020-10-26,Contra Costa,013,1133247,19286,18718,93,18811,245
2020-10-26,Del Norte,015,27424,180,171,0,171,2
2020-10-26,El Dorado,017,186661,1445,1336,14,1350,4
2020-10-26,Fresno,019,978130,33762,30969,486,31455,441
2020-10-26,Glenn,021,27897,688,660,1,661,3
2020-10-26,Humboldt,023,135768,571,554,1,555,7
2020-10-26,Imperial,025,180216,13031,12654,16,12670,333
2020-10-26,Inyo,027,18085,248,226,5,231,14
2020-10-26,Kern,029,883053,34159,33233,438,33671,432
2020-10-26,Kings,031,150075,8745,8264,50,8314,82
2020-10-26,Lake,033,64148,739,697,0,697,15
2020-10-26,Lassen,035,31185,778,764,2,766,0
2020-10-26,Los Angeles,037,10098052,304741,297961,2869,300830,6979
2020-10-26,Madera,039,155013,5095,4922,43,4965,53
2020-10-26,Marin,041,260295,7166,7064,19,7083,104
2020-10-26,Mariposa,043,17540,80,77,0,77,2
2020-10-26,Mendocino,045,87422,1094,1026,4,1030,20
2020-10-26,Merced,047,269075,9652,9375,37,9412,150
2020-10-26,Modoc,049,8938,44,28,0,28,0
2020-10-26,Mono,051,14174,218,167,6,173,1
2020-10-26,Monterey,053,433212,11571,11207,61,11268,87
2020-10-26,Napa,055,140530,2087,1966,8,1974,14
2020-10-26,Nevada,057,99092,656,618,18,636,8
2020-10-26,Orange,059,3164182,61371,58377,1774,60151,1442
2020-10-26,Placer,061,380077,4480,4161,15,4176,57
2020-10-26,Plumas,063,18699,84,63,0,63,0
2020-10-26,Riverside,065,2383286,68315,66475,390,66865,1294
2020-10-26,Sacramento,067,1510023,26097,25555,32,25587,496
2020-10-26,San Benito,069,59416,1442,1424,1,1425,15
2020-10-26,San Bernardino,071,2135413,64760,61871,469,62340,1153
2020-10-26,San Diego,073,3302833,57334,54957,1588,56545,870
2020-10-26,San Francisco,075,870044,12437,12072,49,12121,138
2020-10-26,San Joaquin,077,732212,22109,21459,213,21672,495
2020-10-26,San Luis Obispo,079,281455,4458,4133,28,4161,31
2020-10-26,San Mateo,081,765935,11486,11037,11,11048,156
2020-10-26,Santa Barbara,083,443738,9983,9827,92,9919,122
2020-10-26,Santa Clara,085,1922200,25762,24258,50,24308,365
2020-10-26,Santa Cruz,087,273765,2933,2808,33,2841,24
2020-10-26,Shasta,089,179085,2303,1889,20,1909,29
2020-10-26,Sierra,091,2930,6,6,0,6,0
2020-10-26,Siskiyou,093,43540,210,179,10,189,0
2020-10-26,Solano,095,438530,7617,7271,37,7308,62
2020-10-26,Sonoma,097,501317,9757,9315,28,9343,140
2020-10-26,Stanislaus,099,539301,17879,17666,761,18427,400
2020-10-26,Sutter,101,95872,1885,1817,1,1818,12
2020-10-26,Tehama,103,63373,950,892,2,894,5
2020-10-26,Trinity,105,12862,89,26,10,36,0
2020-10-26,Tulare,107,460477,18092,17432,373,17805,296
2020-10-26,Tuolumne,109,53932,291,271,6,277,4
2020-10-26,Ventura,111,848112,15112,14330,325,14655,154
2020-10-26,Yolo,113,214977,3303,3206,10,3216,58
2020-10-26,Yuba,115,75493,1266,1226,4,1230,10
2020-10-25,Alameda,001,1643700,23817,23192,223,23415,398
2020-10-25,Alpine,002,1148,3,3,0,3,0
2020-10-25,Amador,005,37829,345,330,0,330,16
2020-10-25,Butte,007,227075,3212,3087,61,3148,56
2020-10-25,Calaveras,009,45235,340,274,0,274,13
2020-10-25,Colusa,011,21464,556,548,1,549,6
2020-10-25,Contra Costa,013,1133247,19183,18640,93,18733,245
2020-10-25,Del Norte,015,27424,176,171,0,171,2
2020-10-25,El Dorado,017,186661,1430,1328,14,1342,4
2020-10-25,Fresno,019,978130,33627,30858,473,31331,441
2020-10-25,Glenn,021,27897,685,652,1,653,3
2020-10-25,Humboldt,023,135768,568,554,1,555,7
2020-10-25,Imperial,025,180216,12982,12572,16,12588,333
2020-10-25,Inyo,027,18085,245,226,5,231,14
2020-10-25,Kern,029,883053,34053,33185,434,33619,432
2020-10-25,Kings,031,150075,8712,8246,48,8294,82
2020-10-25,Lake,033,64148,722,695,0,695,15
2020-10-25,Lassen,035,31185,776,764,2,766,0
2020-10-25,Los Angeles,037,10098052,303177,297110,2833,299943,6973
2020-10-25,Madera,039,155013,5065,4909,38,4947,53
2020-10-25,Marin,041,260295,7156,7052,19,7071,102
2020-10-25,Mariposa,043,17540,80,77,0,77,2
2020-10-25,Mendocino,045,87422,1087,1024,4,1028,20
2020-10-25,Merced,047,269075,9582,9352,35,9387,150
2020-10-25,Modoc,049,8938,39,28,0,28,0
2020-10-25,Mono,051,14174,210,167,6,173,1
2020-10-25,Monterey,053,433212,11488,11182,56,11238,87
2020-10-25,Napa,055,140530,2057,1962,8,1970,14
2020-10-25,Nevada,057,99092,648,616,18,634,8
2020-10-25,Orange,059,3164182,61082,58185,1765,59950,1443
2020-10-25,Placer,061,380077,4428,4140,15,4155,57
2020-10-25,Plumas,063,18699,84,63,0,63,0
2020-10-25,Riverside,065,2383286,67865,66192,374,66566,1289
2020-10-25,Sacramento,067,1510023,25882,25445,30,25475,496
2020-10-25,San Benito,069,59416,1435,1423,1,1424,15
2020-10-25,San Bernardino,071,2135413,64220,61551,457,62008,1153
2020-10-25,San Diego,073,3302833,56871,54599,1556,56155,870
2020-10-25,San Francisco,075,870044,12364,12072,49,12121,137
2020-10-25,San Joaquin,077,732212,22001,21459,204,21663,495
2020-10-25,San Luis Obispo,079,281455,4416,4126,26,4152,31
2020-10-25,San Mateo,081,765935,11441,10987,11,10998,156
2020-10-25,Santa Barbara,083,443738,9964,9814,92,9906,122
2020-10-25,Santa Clara,085,1922200,25574,24087,50,24137,365
2020-10-25,Santa Cruz,087,273765,2906,2789,33,2822,24
2020-10-25,Shasta,089,179085,2239,1889,20,1909,29
2020-10-25,Sierra,091,2930,6,6,0,6,0
2020-10-25,Siskiyou,093,43540,207,176,10,186,0
2020-10-25,Solano,095,438530,7539,7197,37,7234,60
2020-10-25,Sonoma,097,501317,9663,9235,27,9262,140
2020-10-25,Stanislaus,099,539301,17822,17641,752,18393,400
2020-10-25,Sutter,101,95872,1867,1811,1,1812,12
2020-10-25,Tehama,103,63373,933,880,2,882,5
2020-10-25,Trinity,105,12862,85,26,10,36,0
2020-10-25,Tulare,107,460477,18017,17431,363,17794,296
2020-10-25,Tuolumne,109,53932,286,271,6,277,4
2020-10-25,Ventura,111,848112,15019,14300,319,14619,154
2020-10-25,Yolo,113,214977,3282,3190,10,3200,58
2020-10-25,Yuba,115,75493,1258,1219,4,1223,10
2020-10-24,Alameda,001,1643700,23746,23099,220,23319,398
2020-10-24,Alpine,002,1148,3,3,0,3,0
2020-10-24,Amador,005,37829,344,328,0,328,16
2020-10-24,Butte,007,227075,3203,3078,61,3139,56
2020-10-24,Calaveras,009,45235,338,274,0,274,13
2020-10-24,Colusa,011,21464,551,548,1,549,6
2020-10-24,Contra Costa,013,1133247,19117,18567,93,18660,244
2020-10-24,Del Norte,015,27424,175,171,0,171,2
2020-10-24,El Dorado,017,186661,1414,1317,14,1331,4
2020-10-24,Fresno,019,978130,33566,30752,468,31220,441
2020-10-24,Glenn,021,27897,682,650,1,651,3
2020-10-24,Humboldt,023,135768,566,553,1,554,7
2020-10-24,Imperial,025,180216,12955,12469,16,12485,333
2020-10-24,Inyo,027,18085,245,226,5,231,14
2020-10-24,Kern,029,883053,33995,33105,429,33534,432
2020-10-24,Kings,031,150075,8702,8228,47,8275,82
2020-10-24,Lake,033,64148,717,696,0,696,15
2020-10-24,Lassen,035,31185,775,764,2,766,0
2020-10-24,Los Angeles,037,10098052,302357,296323,2811,299134,6969
2020-10-24,Madera,039,155013,5052,4898,37,4935,53
2020-10-24,Marin,041,260295,7147,7042,19,7061,102
2020-10-24,Mariposa,043,17540,80,77,0,77,2
2020-10-24,Mendocino,045,87422,1075,1022,4,1026,20
2020-10-24,Merced,047,269075,9556,9351,35,9386,150
2020-10-24,Modoc,049,8938,38,28,0,28,0
2020-10-24,Mono,051,14174,196,167,6,173,1
2020-10-24,Monterey,053,433212,11419,11153,55,11208,87
2020-10-24,Napa,055,140530,2040,1957,8,1965,14
2020-10-24,Nevada,057,99092,644,608,18,626,8
2020-10-24,Orange,059,3164182,60927,57928,1755,59683,1441
2020-10-24,Placer,061,380077,4397,4093,15,4108,57
2020-10-24,Plumas,063,18699,78,63,0,63,0
2020-10-24,Riverside,065,2383286,67657,65902,360,66262,1288
2020-10-24,Sacramento,067,1510023,25801,25372,30,25402,496
2020-10-24,San Benito,069,59416,1430,1417,1,1418,15
2020-10-24,San Bernardino,071,2135413,63981,61351,449,61800,1153
2020-10-24,San Diego,073,3302833,56594,54330,1543,55873,868
2020-10-24,San Francisco,075,870044,12305,12073,48,12121,137
2020-10-24,San Joaquin,077,732212,21948,21458,199,21657,495
2020-10-24,San Luis Obispo,079,281455,4393,4119,25,4144,31
2020-10-24,San Mateo,081,765935,11402,10942,11,10953,155
2020-10-24,Santa Barbara,083,443738,9947,9781,92,9873,122
2020-10-24,Santa Clara,085,1922200,25487,23978,50,24028,365
2020-10-24,Santa Cruz,087,273765,2887,2775,33,2808,24
2020-10-24,Shasta,089,179085,2194,1878,20,1898,29
2020-10-24,Sierra,091,2930,6,6,0,6,0
2020-10-24,Siskiyou,093,43540,206,174,10,184,0
2020-10-24,Solano,095,438530,7486,7189,37,7226,60
2020-10-24,Sonoma,097,501317,9629,9179,27,9206,140
2020-10-24,Stanislaus,099,539301,17779,17574,737,18311,400
2020-10-24,Sutter,101,95872,1858,1804,1,1805,12
2020-10-24,Tehama,103,63373,925,872,2,874,5
2020-10-24,Trinity,105,12862,85,25,10,35,0
2020-10-24,Tulare,107,460477,17995,17406,351,17757,295
2020-10-24,Tuolumne,109,53932,283,269,6,275,4
2020-10-24,Ventura,111,848112,14966,14240,318,14558,154
2020-10-24,Yolo,113,214977,3270,3164,10,3174,57
2020-10-24,Yuba,115,75493,1255,1210,4,1214,10
2020-10-23,Alameda,001,1643700,23673,23047,218,23265,393
2020-10-23,Alpine,002,1148,3,3,0,3,0
2020-10-23,Amador,005,37829,343,324,0,324,16
2020-10-23,Butte,007,227075,3194,3059,61,3120,55
2020-10-23,Calaveras,009,45235,337,273,0,273,13
2020-10-23,Colusa,011,21464,551,547,1,548,6
2020-10-23,Contra Costa,013,1133247,19047,18483,92,18575,244
2020-10-23,Del Norte,015,27424,175,171,0,171,2
2020-10-23,El Dorado,017,186661,1405,1310,14,1324,4
2020-10-23,Fresno,019,978130,33498,30590,465,31055,441
2020-10-23,Glenn,021,27897,679,644,1,645,3
2020-10-23,Humboldt,023,135768,564,553,1,554,7
2020-10-23,Imperial,025,180216,12924,12398,15,12413,333
2020-10-23,Inyo,027,18085,244,226,5,231,14
2020-10-23,Kern,029,883053,33927,33077,424,33501,431
2020-10-23,Kings,031,150075,8693,8218,47,8265,82
2020-10-23,Lake,033,64148,715,689,0,689,15
2020-10-23,Lassen,035,31185,774,764,2,766,0
2020-10-23,Los Angeles,037,10098052,301271,294287,2784,297071,6956
2020-10-23,Madera,039,155013,5047,4888,37,4925,53
2020-10-23,Marin,041,260295,7134,7029,19,7048,102
2020-10-23,Mariposa,043,17540,80,77,0,77,2
2020-10-23,Mendocino,045,87422,1072,1019,4,1023,20
2020-10-23,Merced,047,269075,9541,9327,35,9362,149
2020-10-23,Modoc,049,8938,38,28,0,28,0
2020-10-23,Mono,051,14174,194,159,6,165,1
2020-10-23,Monterey,053,433212,11372,11099,51,11150,86
2020-10-23,Napa,055,140530,2032,1942,8,1950,14
2020-10-23,Nevada,057,99092,641,604,18,622,8
2020-10-23,Orange,059,3164182,60757,57595,1740,59335,1430
2020-10-23,Placer,061,380077,4350,4073,15,4088,57
2020-10-23,Plumas,063,18699,75,63,0,63,0
2020-10-23,Riverside,065,2383286,67418,65512,352,65864,1279
2020-10-23,Sacramento,067,1510023,25696,25224,30,25254,496
2020-10-23,San Benito,069,59416,1428,1412,1,1413,15
2020-10-23,San Bernardino,071,2135413,63695,60854,435,61289,1150
2020-10-23,San Diego,073,3302833,56288,53944,1516,55460,867
2020-10-23,San Francisco,075,870044,12274,12015,48,12063,137
2020-10-23,San Joaquin,077,732212,21892,21361,193,21554,495
2020-10-23,San Luis Obispo,079,281455,4368,4102,25,4127,31
2020-10-23,San Mateo,081,765935,11353,10872,11,10883,155
2020-10-23,Santa Barbara,083,443738,9931,9751,92,9843,121
2020-10-23,Santa Clara,085,1922200,25385,23822,50,23872,364
2020-10-23,Santa Cruz,087,273765,2873,2757,33,2790,24
2020-10-23,Shasta,089,179085,2157,1846,19,1865,29
2020-10-23,Sierra,091,2930,6,6,0,6,0
2020-10-23,Siskiyou,093,43540,202,172,10,182,0
2020-10-23,Solano,095,438530,7455,7174,37,7211,59
2020-10-23,Sonoma,097,501317,9572,9112,27,9139,139
2020-10-23,Stanislaus,099,539301,17742,17496,730,18226,395
2020-10-23,Sutter,101,95872,1851,1797,1,1798,12
2020-10-23,Tehama,103,63373,916,862,2,864,5
2020-10-23,Trinity,105,12862,85,26,10,36,0
2020-10-23,Tulare,107,460477,17950,17334,340,17674,295
2020-10-23,Tuolumne,109,53932,280,254,6,260,4
2020-10-23,Ventura,111,848112,14937,14192,318,14510,155
2020-10-23,Yolo,113,214977,3258,3140,10,3150,57
2020-10-23,Yuba,115,75493,1251,1206,4,1210,10
2020-10-22,Alameda,001,1643700,23572,22915,218,23133,393
2020-10-22,Alpine,002,1148,3,3,0,3,0
2020-10-22,Amador,005,37829,339,317,0,317,16
2020-10-22,Butte,007,227075,3184,3046,59,3105,55
2020-10-22,Calaveras,009,45235,333,273,0,273,13
2020-10-22,Colusa,011,21464,551,547,1,548,6
2020-10-22,Contra Costa,013,1133247,18976,18393,92,18485,243
2020-10-22,Del Norte,015,27424,174,168,0,168,2
2020-10-22,El Dorado,017,186661,1395,1308,14,1322,4
2020-10-22,Fresno,019,978130,33387,30471,457,30928,438
2020-10-22,Glenn,021,27897,672,643,1,644,3
2020-10-22,Humboldt,023,135768,562,548,1,549,7
2020-10-22,Imperial,025,180216,12871,12311,15,12326,333
2020-10-22,Inyo,027,18085,241,220,5,225,14
2020-10-22,Kern,029,883053,33846,32991,421,33412,431
2020-10-22,Kings,031,150075,8442,8201,47,8248,82
2020-10-22,Lake,033,64148,711,678,0,678,15
2020-10-22,Lassen,035,31185,771,764,2,766,0
2020-10-22,Los Angeles,037,10098052,299892,291599,2730,294329,6935
2020-10-22,Madera,039,155013,5026,4847,37,4884,52
2020-10-22,Marin,041,260295,7127,7014,19,7033,102
2020-10-22,Mariposa,043,17540,80,77,0,77,2
2020-10-22,Mendocino,045,87422,1067,1016,4,1020,20
2020-10-22,Merced,047,269075,9505,9323,35,9358,149
2020-10-22,Modoc,049,8938,34,26,0,26,0
2020-10-22,Mono,051,14174,189,156,6,162,1
2020-10-22,Monterey,053,433212,11313,11059,48,11107,84
2020-10-22,Napa,055,140530,2017,1928,8,1936,14
2020-10-22,Nevada,057,99092,635,600,18,618,8
2020-10-22,Orange,059,3164182,60543,57418,1723,59141,1422
2020-10-22,Placer,061,380077,4301,4036,15,4051,57
2020-10-22,Plumas,063,18699,72,62,0,62,0
2020-10-22,Riverside,065,2383286,67083,65104,334,65438,1279
2020-10-22,Sacramento,067,1510023,25556,25054,30,25084,492
2020-10-22,San Benito,069,59416,1424,1403,1,1404,15
2020-10-22,San Bernardino,071,2135413,63293,60402,420,60822,1149
2020-10-22,San Diego,073,3302833,55901,53514,1497,55011,866
2020-10-22,San Francisco,075,870044,12216,11991,46,12037,137
2020-10-22,San Joaquin,077,732212,21819,21282,187,21469,495
2020-10-22,San Luis Obispo,079,281455,4352,4081,25,4106,31
2020-10-22,San Mateo,081,765935,11297,10796,11,10807,155
2020-10-22,Santa Barbara,083,443738,9898,9710,90,9800,120
2020-10-22,Santa Clara,085,1922200,25231,23621,50,23671,363
2020-10-22,Santa Cruz,087,273765,2855,2738,32,2770,24
2020-10-22,Shasta,089,179085,2111,1799,19,1818,29
2020-10-22,Sierra,091,2930,6,6,0,6,0
2020-10-22,Siskiyou,093,43540,201,169,10,179,0
2020-10-22,Solano,095,438530,7409,7116,37,7153,59
2020-10-22,Sonoma,097,501317,9506,9052,26,9078,139
2020-10-22,Stanislaus,099,539301,17689,17440,718,18158,395
2020-10-22,Sutter,101,95872,1837,1794,1,1795,12
2020-10-22,Tehama,103,63373,905,852,2,854,5
2020-10-22,Trinity,105,12862,84,26,10,36,0
2020-10-22,Tulare,107,460477,17884,17265,327,17592,293
2020-10-22,Tuolumne,109,53932,277,252,6,258,4
2020-10-22,Ventura,111,848112,14890,14124,316,14440,154
2020-10-22,Yolo,113,214977,3246,3116,10,3126,58
2020-10-22,Yuba,115,75493,1244,1199,3,1202,10
2020-10-21,Alameda,001,1643700,23484,22853,216,23069,392
2020-10-21,Alpine,002,1148,3,3,0,3,0
2020-10-21,Amador,005,37829,334,313,0,313,16
2020-10-21,Butte,007,227075,3172,3041,59,3100,55
2020-10-21,Calaveras,009,45235,332,272,0,272,13
2020-10-21,Colusa,011,21464,551,546,1,547,6
2020-10-21,Contra Costa,013,1133247,18902,18299,92,18391,243
2020-10-21,Del Norte,015,27424,174,169,0,169,2
2020-10-21,El Dorado,017,186661,1383,1305,13,1318,4
2020-10-21,Fresno,019,978130,33288,30328,452,30780,433
2020-10-21,Glenn,021,27897,667,640,1,641,3
2020-10-21,Humboldt,023,135768,561,548,1,549,7
2020-10-21,Imperial,025,180216,12814,12210,15,12225,331
2020-10-21,Inyo,027,18085,237,220,5,225,14
2020-10-21,Kern,029,883053,33771,32956,419,33375,430
2020-10-21,Kings,031,150075,8415,8186,47,8233,80
2020-10-21,Lake,033,64148,710,676,0,676,15
2020-10-21,Lassen,035,31185,770,764,2,766,0
2020-10-21,Los Angeles,037,10098052,298551,288096,2688,290784,6923
2020-10-21,Madera,039,155013,5001,4831,37,4868,52
2020-10-21,Marin,041,260295,7118,7002,19,7021,102
2020-10-21,Mariposa,043,17540,80,77,0,77,2
2020-10-21,Mendocino,045,87422,1065,1011,4,1015,21
2020-10-21,Merced,047,269075,9479,9319,33,9352,149
2020-10-21,Modoc,049,8938,33,26,0,26,0
2020-10-21,Mono,051,14174,187,156,6,162,1
2020-10-21,Monterey,053,433212,11275,11005,47,11052,83
2020-10-21,Napa,055,140530,2002,1918,8,1926,13
2020-10-21,Nevada,057,99092,629,597,18,615,8
2020-10-21,Orange,059,3164182,60331,57189,1714,58903,1409
2020-10-21,Placer,061,380077,4264,4007,15,4022,56
2020-10-21,Plumas,063,18699,69,58,0,58,0
2020-10-21,Riverside,065,2383286,66787,64778,310,65088,1278
2020-10-21,Sacramento,067,1510023,25362,24908,30,24938,490
2020-10-21,San Benito,069,59416,1423,1401,1,1402,14
2020-10-21,San Bernardino,071,2135413,62883,59948,413,60361,1141
2020-10-21,San Diego,073,3302833,55549,53279,1469,54748,863
2020-10-21,San Francisco,075,870044,12167,11976,45,12021,137
2020-10-21,San Joaquin,077,732212,21743,21201,181,21382,495
2020-10-21,San Luis Obispo,079,281455,4325,4055,23,4078,31
2020-10-21,San Mateo,081,765935,11248,10730,11,10741,155
2020-10-21,Santa Barbara,083,443738,9881,9681,89,9770,121
2020-10-21,Santa Clara,085,1922200,25104,23537,50,23587,361
2020-10-21,Santa Cruz,087,273765,2832,2729,32,2761,24
2020-10-21,Shasta,089,179085,2075,1777,19,1796,27
2020-10-21,Sierra,091,2930,6,6,0,6,0
2020-10-21,Siskiyou,093,43540,197,169,10,179,0
2020-10-21,Solano,095,438530,7363,7088,37,7125,59
2020-10-21,Sonoma,097,501317,9426,8987,26,9013,138
2020-10-21,Stanislaus,099,539301,17640,17419,710,18129,392
2020-10-21,Sutter,101,95872,1823,1786,1,1787,12
2020-10-21,Tehama,103,63373,889,824,2,826,5
2020-10-21,Trinity,105,12862,78,25,9,34,0
2020-10-21,Tulare,107,460477,17846,17204,313,17517,292
2020-10-21,Tuolumne,109,53932,276,251,6,257,4
2020-10-21,Ventura,111,848112,14827,14050,313,14363,153
2020-10-21,Yolo,113,214977,3227,3095,10,3105,58
2020-10-21,Yuba,115,75493,1236,1194,3,1197,10
2020-10-20,Alameda,001,1643700,23382,22750,212,22962,391
2020-10-20,Alpine,002,1148,3,3,0,3,0
2020-10-20,Amador,005,37829,333,313,0,313,16
2020-10-20,Butte,007,227075,3160,3027,59,3086,56
2020-10-20,Calaveras,009,45235,330,273,0,273,13
2020-10-20,Colusa,011,21464,548,546,1,547,6
2020-10-20,Contra Costa,013,1133247,18809,18246,92,18338,241
2020-10-20,Del Norte,015,27424,173,169,0,169,2
2020-10-20,El Dorado,017,186661,1377,1295,13,1308,4
2020-10-20,Fresno,019,978130,33185,30220,446,30666,431
2020-10-20,Glenn,021,27897,662,638,1,639,3
2020-10-20,Humboldt,023,135768,557,545,1,546,7
2020-10-20,Imperial,025,180216,12746,12114,15,12129,330
2020-10-20,Inyo,027,18085,237,218,5,223,14
2020-10-20,Kern,029,883053,33696,32889,406,33295,429
2020-10-20,Kings,031,150075,8397,8178,46,8224,80
2020-10-20,Lake,033,64148,708,675,0,675,15
2020-10-20,Lassen,035,31185,769,757,2,759,0
2020-10-20,Los Angeles,037,10098052,297056,287727,2640,290367,6891
2020-10-20,Madera,039,155013,4984,4823,37,4860,52
2020-10-20,Marin,041,260295,7103,6994,19,7013,101
2020-10-20,Mariposa,043,17540,79,77,0,77,2
2020-10-20,Mendocino,045,87422,1063,1004,4,1008,21
2020-10-20,Merced,047,269075,9457,9323,33,9356,149
2020-10-20,Modoc,049,8938,32,26,0,26,0
2020-10-20,Mono,051,14174,187,156,6,162,1
2020-10-20,Monterey,053,433212,11232,10942,44,10986,81
2020-10-20,Napa,055,140530,1983,1912,8,1920,13
2020-10-20,Nevada,057,99092,619,596,18,614,8
2020-10-20,Orange,059,3164182,60067,56914,1704,58618,1397
2020-10-20,Placer,061,380077,4226,3997,15,4012,56
2020-10-20,Plumas,063,18699,66,53,0,53,0
2020-10-20,Riverside,065,2383286,66408,64452,298,64750,1275
2020-10-20,Sacramento,067,1510023,25234,24767,29,24796,485
2020-10-20,San Benito,069,59416,1420,1398,1,1399,14
2020-10-20,San Bernardino,071,2135413,62499,59571,411,59982,1109
2020-10-20,San Diego,073,3302833,55213,53004,1449,54453,857
2020-10-20,San Francisco,075,870044,12120,12013,44,12057,126
2020-10-20,San Joaquin,077,732212,21664,21173,172,21345,490
2020-10-20,San Luis Obispo,079,281455,4307,4043,22,4065,31
2020-10-20,San Mateo,081,765935,11201,10659,11,10670,155
2020-10-20,Santa Barbara,083,443738,9852,9664,87,9751,121
2020-10-20,Santa Clara,085,1922200,24966,23406,50,23456,358
2020-10-20,Santa Cruz,087,273765,2809,2710,32,2742,23
2020-10-20,Shasta,089,179085,2052,1747,19,1766,20
2020-10-20,Sierra,091,2930,6,6,0,6,0
2020-10-20,Siskiyou,093,43540,189,168,10,178,0
2020-10-20,Solano,095,438530,7314,7044,37,7081,57
2020-10-20,Sonoma,097,501317,9363,8904,24,8928,135
2020-10-20,Stanislaus,099,539301,17587,17367,706,18073,393
2020-10-20,Sutter,101,95872,1814,1783,1,1784,12
2020-10-20,Tehama,103,63373,874,813,2,815,5
2020-10-20,Trinity,105,12862,77,25,9,34,0
2020-10-20,Tulare,107,460477,17779,17156,308,17464,289
2020-10-20,Tuolumne,109,53932,274,250,6,256,4
2020-10-20,Ventura,111,848112,14763,13980,311,14291,152
2020-10-20,Yolo,113,214977,3204,3083,10,3093,56
2020-10-20,Yuba,115,75493,1226,1191,3,1194,10
2020-10-19,Alameda,001,1643700,23272,22647,211,22858,392
2020-10-19,Alpine,002,1148,3,3,0,3,0
2020-10-19,Amador,005,37829,327,313,0,313,16
2020-10-19,Butte,007,227075,3149,3026,59,3085,55
2020-10-19,Calaveras,009,45235,330,268,0,268,13
2020-10-19,Colusa,011,21464,548,544,1,545,6
2020-10-19,Contra Costa,013,1133247,18711,18173,92,18265,239
2020-10-19,Del Norte,015,27424,170,167,0,167,2
2020-10-19,El Dorado,017,186661,1356,1287,13,1300,4
2020-10-19,Fresno,019,978130,33074,30152,440,30592,431
2020-10-19,Glenn,021,27897,657,635,0,635,3
2020-10-19,Humboldt,023,135768,557,543,1,544,7
2020-10-19,Imperial,025,180216,12692,12036,14,12050,330
2020-10-19,Inyo,027,18085,236,218,5,223,14
2020-10-19,Kern,029,883053,33620,32840,403,33243,428
2020-10-19,Kings,031,150075,8379,8173,46,8219,80
2020-10-19,Lake,033,64148,705,673,0,673,15
2020-10-19,Lassen,035,31185,768,757,2,759,0
2020-10-19,Los Angeles,037,10098052,295571,287119,2603,289722,6858
2020-10-19,Madera,039,155013,4969,4787,37,4824,52
2020-10-19,Marin,041,260295,7085,6981,19,7000,100
2020-10-19,Mariposa,043,17540,79,77,0,77,2
2020-10-19,Mendocino,045,87422,1058,1001,4,1005,21
2020-10-19,Merced,047,269075,9432,9305,30,9335,148
2020-10-19,Modoc,049,8938,31,26,0,26,0
2020-10-19,Mono,051,14174,182,156,6,162,1
2020-10-19,Monterey,053,433212,11171,10907,44,10951,80
2020-10-19,Napa,055,140530,1971,1892,8,1900,12
2020-10-19,Nevada,057,99092,616,590,18,608,8
2020-10-19,Orange,059,3164182,59783,56652,1689,58341,1396
2020-10-19,Placer,061,380077,4178,3962,15,3977,49
2020-10-19,Plumas,063,18699,64,52,0,52,0
2020-10-19,Riverside,065,2383286,65977,64016,282,64298,1272
2020-10-19,Sacramento,067,1510023,25095,24542,29,24571,483
2020-10-19,San Benito,069,59416,1413,1395,1,1396,14
2020-10-19,San Bernardino,071,2135413,62047,59265,399,59664,1100
2020-10-19,San Diego,073,3302833,54827,52739,1424,54163,853
2020-10-19,San Francisco,075,870044,12076,11879,44,11923,126
2020-10-19,San Joaquin,077,732212,21589,20930,164,21094,489
2020-10-19,San Luis Obispo,079,281455,4291,4016,22,4038,31
2020-10-19,San Mateo,081,765935,11155,10568,11,10579,154
2020-10-19,Santa Barbara,083,443738,9816,9632,87,9719,121
2020-10-19,Santa Clara,085,1922200,24816,23301,50,23351,352
2020-10-19,Santa Cruz,087,273765,2792,2705,32,2737,19
2020-10-19,Shasta,089,179085,2008,1709,18,1727,20
2020-10-19,Sierra,091,2930,6,6,0,6,0
2020-10-19,Siskiyou,093,43540,182,167,10,177,0
2020-10-19,Solano,095,438530,7273,7003,37,7040,57
2020-10-19,Sonoma,097,501317,9276,8830,24,8854,135
2020-10-19,Stanislaus,099,539301,17536,17342,696,18038,390
2020-10-19,Sutter,101,95872,1809,1773,1,1774,12
2020-10-19,Tehama,103,63373,871,793,2,795,5
2020-10-19,Trinity,105,12862,75,23,9,32,0
2020-10-19,Tulare,107,460477,17729,17047,301,17348,291
2020-10-19,Tuolumne,109,53932,272,247,6,253,4
2020-10-19,Ventura,111,848112,14698,13930,308,14238,152
2020-10-19,Yolo,113,214977,3191,3069,10,3079,56
2020-10-19,Yuba,115,75493,1219,1183,3,1186,10
2020-10-18,Alameda,001,1643700,23168,22546,210,22756,392
2020-10-18,Alpine,002,1148,3,3,0,3,0
2020-10-18,Amador,005,37829,316,313,0,313,16
2020-10-18,Butte,007,227075,3136,3019,59,3078,55
2020-10-18,Calaveras,009,45235,329,267,0,267,13
2020-10-18,Colusa,011,21464,546,544,1,545,6
2020-10-18,Contra Costa,013,1133247,18613,18120,92,18212,237
2020-10-18,Del Norte,015,27424,170,167,0,167,2
2020-10-18,El Dorado,017,186661,1347,1283,13,1296,4
2020-10-18,Fresno,019,978130,32944,30051,432,30483,430
2020-10-18,Glenn,021,27897,655,634,0,634,3
2020-10-18,Humboldt,023,135768,554,540,1,541,7
2020-10-18,Imperial,025,180216,12629,11987,13,12000,330
2020-10-18,Inyo,027,18085,233,215,5,220,14
2020-10-18,Kern,029,883053,33547,32799,396,33195,428
2020-10-18,Kings,031,150075,8364,8159,46,8205,80
2020-10-18,Lake,033,64148,698,670,0,670,15
2020-10-18,Lassen,035,31185,768,757,2,759,0
2020-10-18,Los Angeles,037,10098052,293860,286187,2562,288749,6857
2020-10-18,Madera,039,155013,4944,4770,37,4807,52
2020-10-18,Marin,041,260295,7064,6969,19,6988,99
2020-10-18,Mariposa,043,17540,79,77,0,77,2
2020-10-18,Mendocino,045,87422,1056,988,4,992,21
2020-10-18,Merced,047,269075,9397,9292,30,9322,148
2020-10-18,Modoc,049,8938,30,26,0,26,0
2020-10-18,Mono,051,14174,177,155,6,161,1
2020-10-18,Monterey,053,433212,11118,10872,44,10916,80
2020-10-18,Napa,055,140530,1958,1882,8,1890,12
2020-10-18,Nevada,057,99092,610,582,18,600,8
2020-10-18,Orange,059,3164182,59486,56394,1672,58066,1396
2020-10-18,Placer,061,380077,4130,3938,15,3953,49
2020-10-18,Plumas,063,18699,62,52,0,52,0
2020-10-18,Riverside,065,2383286,65664,63765,261,64026,1270
2020-10-18,Sacramento,067,1510023,24940,24425,29,24454,482
2020-10-18,San Benito,069,59416,1406,1395,1,1396,14
2020-10-18,San Bernardino,071,2135413,61548,58893,391,59284,1098
2020-10-18,San Diego,073,3302833,54438,52359,1403,53762,853
2020-10-18,San Francisco,075,870044,12037,11878,44,11922,126
2020-10-18,San Joaquin,077,732212,21506,20931,151,21082,489
2020-10-18,San Luis Obispo,079,281455,4260,4009,20,4029,31
2020-10-18,San Mateo,081,765935,11096,10503,11,10514,154
2020-10-18,Santa Barbara,083,443738,9776,9608,86,9694,121
2020-10-18,Santa Clara,085,1922200,24643,23169,50,23219,352
2020-10-18,Santa Cruz,087,273765,2778,2692,32,2724,19
2020-10-18,Shasta,089,179085,1983,1708,18,1726,20
2020-10-18,Sierra,091,2930,6,6,0,6,0
2020-10-18,Siskiyou,093,43540,182,167,10,177,0
2020-10-18,Solano,095,438530,7226,6962,37,6999,57
2020-10-18,Sonoma,097,501317,9199,8781,23,8804,134
2020-10-18,Stanislaus,099,539301,17479,17290,687,17977,390
2020-10-18,Sutter,101,95872,1800,1764,1,1765,12
2020-10-18,Tehama,103,63373,839,774,2,776,5
2020-10-18,Trinity,105,12862,75,20,9,29,0
2020-10-18,Tulare,107,460477,17635,17048,292,17340,290
2020-10-18,Tuolumne,109,53932,266,245,6,251,4
2020-10-18,Ventura,111,848112,14618,13901,307,14208,151
2020-10-18,Yolo,113,214977,3152,3059,10,3069,55
2020-10-18,Yuba,115,75493,1208,1176,3,1179,10
2020-10-17,Alameda,001,1643700,23123,22394,208,22602,398
2020-10-17,Alpine,002,1148,3,3,0,3,0
2020-10-17,Amador,005,37829,314,309,0,309,16
2020-10-17,Butte,007,227075,3129,3012,57,3069,55
2020-10-17,Calaveras,009,45235,329,267,0,267,13
2020-10-17,Colusa,011,21464,545,544,1,545,6
2020-10-17,Contra Costa,013,1133247,18560,18005,92,18097,237
2020-10-17,Del Norte,015,27424,170,167,0,167,2
2020-10-17,El Dorado,017,186661,1343,1277,13,1290,4
2020-10-17,Fresno,019,978130,32889,29911,430,30341,430
2020-10-17,Glenn,021,27897,652,633,0,633,3
2020-10-17,Humboldt,023,135768,551,535,1,536,7
2020-10-17,Imperial,025,180216,12601,11962,13,11975,330
2020-10-17,Inyo,027,18085,228,212,5,217,14
2020-10-17,Kern,029,883053,33496,32710,393,33103,428
2020-10-17,Kings,031,150075,8358,8151,45,8196,80
2020-10-17,Lake,033,64148,695,663,0,663,15
2020-10-17,Lassen,035,31185,768,757,2,759,0
2020-10-17,Los Angeles,037,10098052,293106,285858,2535,288393,6844
2020-10-17,Madera,039,155013,4938,4759,37,4796,53
2020-10-17,Marin,041,260295,7061,6958,19,6977,99
2020-10-17,Mariposa,043,17540,78,77,0,77,2
2020-10-17,Mendocino,045,87422,1049,977,4,981,21
2020-10-17,Merced,047,269075,9384,9275,30,9305,148
2020-10-17,Modoc,049,8938,30,26,0,26,0
2020-10-17,Mono,051,14174,176,155,6,161,1
2020-10-17,Monterey,053,433212,11079,10807,43,10850,80
2020-10-17,Napa,055,140530,1949,1866,8,1874,12
2020-10-17,Nevada,057,99092,609,580,18,598,8
2020-10-17,Orange,059,3164182,59344,56197,1666,57863,1396
2020-10-17,Placer,061,380077,4103,3898,15,3913,49
2020-10-17,Plumas,063,18699,62,52,0,52,0
2020-10-17,Riverside,065,2383286,65467,63171,252,63423,1270
2020-10-17,Sacramento,067,1510023,24857,24304,29,24333,482
2020-10-17,San Benito,069,59416,1402,1389,1,1390,14
2020-10-17,San Bernardino,071,2135413,61275,58415,384,58799,1097
2020-10-17,San Diego,073,3302833,54213,51986,1392,53378,853
2020-10-17,San Francisco,075,870044,12010,11877,43,11920,126
2020-10-17,San Joaquin,077,732212,21452,20932,145,21077,489
2020-10-17,San Luis Obispo,079,281455,4245,3979,20,3999,31
2020-10-17,San Mateo,081,765935,11068,10423,11,10434,153
2020-10-17,Santa Barbara,083,443738,9757,9588,84,9672,121
2020-10-17,Santa Clara,085,1922200,24553,22997,50,23047,349
2020-10-17,Santa Cruz,087,273765,2764,2680,32,2712,19
2020-10-17,Shasta,089,179085,1957,1679,18,1697,20
2020-10-17,Sierra,091,2930,6,6,0,6,0
2020-10-17,Siskiyou,093,43540,181,167,10,177,0
2020-10-17,Solano,095,438530,7199,6929,37,6966,57
2020-10-17,Sonoma,097,501317,9156,8725,23,8748,134
2020-10-17,Stanislaus,099,539301,17438,17232,678,17910,390
2020-10-17,Sutter,101,95872,1798,1762,1,1763,12
2020-10-17,Tehama,103,63373,823,764,2,766,5
2020-10-17,Trinity,105,12862,75,20,9,29,0
2020-10-17,Tulare,107,460477,17605,16995,283,17278,290
2020-10-17,Tuolumne,109,53932,266,241,6,247,4
2020-10-17,Ventura,111,848112,14573,13845,304,14149,151
2020-10-17,Yolo,113,214977,3137,3045,9,3054,55
2020-10-17,Yuba,115,75493,1203,1164,3,1167,10
2020-10-16,Alameda,001,1643700,23069,22315,208,22523,397
2020-10-16,Alpine,002,1148,3,3,0,3,0
2020-10-16,Amador,005,37829,314,309,0,309,16
2020-10-16,Butte,007,227075,3117,3004,57,3061,54
2020-10-16,Calaveras,009,45235,329,267,0,267,13
2020-10-16,Colusa,011,21464,544,544,1,545,6
2020-10-16,Contra Costa,013,1133247,18508,17956,92,18048,237
2020-10-16,Del Norte,015,27424,169,166,0,166,2
2020-10-16,El Dorado,017,186661,1337,1273,13,1286,4
2020-10-16,Fresno,019,978130,32814,29796,429,30225,427
2020-10-16,Glenn,021,27897,647,632,0,632,3
2020-10-16,Humboldt,023,135768,551,533,1,534,7
2020-10-16,Imperial,025,180216,12561,11885,13,11898,330
2020-10-16,Inyo,027,18085,224,212,5,217,14
2020-10-16,Kern,029,883053,33453,32660,391,33051,428
2020-10-16,Kings,031,150075,8349,8146,44,8190,80
2020-10-16,Lake,033,64148,693,644,0,644,14
2020-10-16,Lassen,035,31185,768,757,2,759,0
2020-10-16,Los Angeles,037,10098052,292042,284988,2514,287502,6835
2020-10-16,Madera,039,155013,4926,4736,36,4772,53
2020-10-16,Marin,041,260295,7051,6933,19,6952,99
2020-10-16,Mariposa,043,17540,78,76,0,76,2
2020-10-16,Mendocino,045,87422,1042,974,4,978,21
2020-10-16,Merced,047,269075,9367,9246,30,9276,148
2020-10-16,Modoc,049,8938,30,26,0,26,0
2020-10-16,Mono,051,14174,174,155,6,161,1
2020-10-16,Monterey,053,433212,11044,10727,43,10770,79
2020-10-16,Napa,055,140530,1940,1855,8,1863,12
2020-10-16,Nevada,057,99092,607,579,18,597,8
2020-10-16,Orange,059,3164182,59165,56091,1660,57751,1388
2020-10-16,Placer,061,380077,4082,3864,15,3879,49
2020-10-16,Plumas,063,18699,61,52,0,52,0
2020-10-16,Riverside,065,2383286,65241,62986,251,63237,1267
2020-10-16,Sacramento,067,1510023,24762,24144,29,24173,479
2020-10-16,San Benito,069,59416,1399,1388,1,1389,14
2020-10-16,San Bernardino,071,2135413,61005,58233,384,58617,1069
2020-10-16,San Diego,073,3302833,53971,51785,1378,53163,850
2020-10-16,San Francisco,075,870044,11987,11840,42,11882,126
2020-10-16,San Joaquin,077,732212,21407,20910,144,21054,489
2020-10-16,San Luis Obispo,079,281455,4229,3952,20,3972,32
2020-10-16,San Mateo,081,765935,11042,10405,11,10416,153
2020-10-16,Santa Barbara,083,443738,9738,9549,84,9633,119
2020-10-16,Santa Clara,085,1922200,24465,22920,50,22970,345
2020-10-16,Santa Cruz,087,273765,2751,2666,32,2698,20
2020-10-16,Shasta,089,179085,1935,1660,18,1678,20
2020-10-16,Sierra,091,2930,6,6,0,6,0
2020-10-16,Siskiyou,093,43540,179,167,10,177,0
2020-10-16,Solano,095,438530,7176,6879,37,6916,55
2020-10-16,Sonoma,097,501317,9100,8652,23,8675,133
2020-10-16,Stanislaus,099,539301,17404,17201,670,17871,366
2020-10-16,Sutter,101,95872,1790,1756,1,1757,12
2020-10-16,Tehama,103,63373,822,737,2,739,3
2020-10-16,Trinity,105,12862,75,20,9,29,0
2020-10-16,Tulare,107,460477,17573,16965,275,17240,290
2020-10-16,Tuolumne,109,53932,264,237,6,243,4
2020-10-16,Ventura,111,848112,14530,13805,299,14104,152
2020-10-16,Yolo,113,214977,3128,3030,9,3039,55
2020-10-16,Yuba,115,75493,1203,1155,3,1158,10
2020-10-15,Alameda,001,1643700,23001,22267,207,22474,390
2020-10-15,Alpine,002,1148,3,3,0,3,0
2020-10-15,Amador,005,37829,314,309,0,309,16
2020-10-15,Butte,007,227075,3105,3000,56,3056,54
2020-10-15,Calaveras,009,45235,328,267,0,267,13
2020-10-15,Colusa,011,21464,543,543,1,544,6
2020-10-15,Contra Costa,013,1133247,18440,17893,91,17984,237
2020-10-15,Del Norte,015,27424,169,164,0,164,2
2020-10-15,El Dorado,017,186661,1332,1265,13,1278,4
2020-10-15,Fresno,019,978130,32714,29727,426,30153,425
2020-10-15,Glenn,021,27897,642,632,0,632,3
2020-10-15,Humboldt,023,135768,547,531,1,532,7
2020-10-15,Imperial,025,180216,12520,11820,12,11832,330
2020-10-15,Inyo,027,18085,224,210,5,215,14
2020-10-15,Kern,029,883053,33372,32593,388,32981,427
2020-10-15,Kings,031,150075,8334,8134,44,8178,80
2020-10-15,Lake,033,64148,691,642,0,642,14
2020-10-15,Lassen,035,31185,767,752,2,754,0
2020-10-15,Los Angeles,037,10098052,290757,284019,2481,286500,6807
2020-10-15,Madera,039,155013,4913,4723,35,4758,50
2020-10-15,Marin,041,260295,7043,6912,19,6931,99
2020-10-15,Mariposa,043,17540,78,76,0,76,2
2020-10-15,Mendocino,045,87422,1036,963,4,967,21
2020-10-15,Merced,047,269075,9341,9213,29,9242,147
2020-10-15,Modoc,049,8938,30,26,0,26,0
2020-10-15,Mono,051,14174,174,155,6,161,1
2020-10-15,Monterey,053,433212,10977,10677,42,10719,79
2020-10-15,Napa,055,140530,1927,1842,8,1850,12
2020-10-15,Nevada,057,99092,603,575,18,593,8
2020-10-15,Orange,059,3164182,58949,55952,1648,57600,1379
2020-10-15,Placer,061,380077,4053,3848,15,3863,48
2020-10-15,Plumas,063,18699,58,52,0,52,0
2020-10-15,Riverside,065,2383286,64909,62819,248,63067,1266
2020-10-15,Sacramento,067,1510023,24646,24068,29,24097,474
2020-10-15,San Benito,069,59416,1396,1384,1,1385,14
2020-10-15,San Bernardino,071,2135413,60666,58068,381,58449,1067
2020-10-15,San Diego,073,3302833,53687,51472,1362,52834,847
2020-10-15,San Francisco,075,870044,11959,11808,39,11847,126
2020-10-15,San Joaquin,077,732212,21336,20880,138,21018,487
2020-10-15,San Luis Obispo,079,281455,4213,3934,20,3954,32
2020-10-15,San Mateo,081,765935,11002,10340,11,10351,152
2020-10-15,Santa Barbara,083,443738,9714,9526,83,9609,117
2020-10-15,Santa Clara,085,1922200,24349,22808,50,22858,343
2020-10-15,Santa Cruz,087,273765,2737,2656,32,2688,13
2020-10-15,Shasta,089,179085,1924,1635,18,1653,20
2020-10-15,Sierra,091,2930,6,6,0,6,0
2020-10-15,Siskiyou,093,43540,175,166,10,176,0
2020-10-15,Solano,095,438530,7137,6830,37,6867,55
2020-10-15,Sonoma,097,501317,9008,8571,23,8594,133
2020-10-15,Stanislaus,099,539301,17366,17151,656,17807,366
2020-10-15,Sutter,101,95872,1787,1752,1,1753,12
2020-10-15,Tehama,103,63373,795,726,2,728,3
2020-10-15,Trinity,105,12862,75,20,9,29,0
2020-10-15,Tulare,107,460477,17513,16918,260,17178,289
2020-10-15,Tuolumne,109,53932,262,236,6,242,4
2020-10-15,Ventura,111,848112,14474,13750,294,14044,152
2020-10-15,Yolo,113,214977,3108,3014,9,3023,55
2020-10-15,Yuba,115,75493,1196,1151,3,1154,10
2020-10-14,Alameda,001,1643700,22902,22227,206,22433,398
2020-10-14,Alpine,002,1148,3,3,0,3,0
2020-10-14,Amador,005,37829,312,308,0,308,16
2020-10-14,Butte,007,227075,3097,2995,56,3051,54
2020-10-14,Calaveras,009,45235,328,266,0,266,12
2020-10-14,Colusa,011,21464,543,543,1,544,6
2020-10-14,Contra Costa,013,1133247,18382,17820,89,17909,236
2020-10-14,Del Norte,015,27424,168,163,0,163,2
2020-10-14,El Dorado,017,186661,1326,1264,12,1276,4
2020-10-14,Fresno,019,978130,32601,29650,420,30070,424
2020-10-14,Glenn,021,27897,641,629,0,629,3
2020-10-14,Humboldt,023,135768,544,531,1,532,7
2020-10-14,Imperial,025,180216,12483,11765,10,11775,330
2020-10-14,Inyo,027,18085,223,209,4,213,14
2020-10-14,Kern,029,883053,33297,32528,386,32914,425
2020-10-14,Kings,031,150075,8316,8118,44,8162,80
2020-10-14,Lake,033,64148,690,642,0,642,14
2020-10-14,Lassen,035,31185,765,752,2,754,0
2020-10-14,Los Angeles,037,10098052,289442,282918,2438,285356,6786
2020-10-14,Madera,039,155013,4898,4713,33,4746,50
2020-10-14,Marin,041,260295,7037,6907,19,6926,99
2020-10-14,Mariposa,043,17540,77,76,0,76,2
2020-10-14,Mendocino,045,87422,1030,955,4,959,21
2020-10-14,Merced,047,269075,9324,9201,28,9229,147
2020-10-14,Modoc,049,8938,30,27,0,27,0
2020-10-14,Mono,051,14174,174,155,6,161,1
2020-10-14,Monterey,053,433212,10927,10616,42,10658,78
2020-10-14,Napa,055,140530,1910,1837,8,1845,12
2020-10-14,Nevada,057,99092,601,573,18,591,7
2020-10-14,Orange,059,3164182,58736,55756,1639,57395,1348
2020-10-14,Placer,061,380077,4030,3829,15,3844,48
2020-10-14,Plumas,063,18699,54,52,0,52,0
2020-10-14,Riverside,065,2383286,64626,62607,247,62854,1261
2020-10-14,Sacramento,067,1510023,24502,24013,29,24042,472
2020-10-14,San Benito,069,59416,1394,1381,0,1381,14
2020-10-14,San Bernardino,071,2135413,60340,57774,377,58151,1063
2020-10-14,San Diego,073,3302833,53368,51329,1338,52667,844
2020-10-14,San Francisco,075,870044,11927,11783,38,11821,123
2020-10-14,San Joaquin,077,732212,21257,20845,124,20969,487
2020-10-14,San Luis Obispo,079,281455,4190,3901,19,3920,32
2020-10-14,San Mateo,081,765935,10951,10309,11,10320,132
2020-10-14,Santa Barbara,083,443738,9680,9509,83,9592,117
2020-10-14,Santa Clara,085,1922200,24200,22735,50,22785,343
2020-10-14,Santa Cruz,087,273765,2727,2618,32,2650,13
2020-10-14,Shasta,089,179085,1886,1553,18,1571,20
2020-10-14,Sierra,091,2930,6,6,0,6,0
2020-10-14,Siskiyou,093,43540,175,166,10,176,0
2020-10-14,Solano,095,438530,7081,6786,37,6823,55
2020-10-14,Sonoma,097,501317,8955,8514,23,8537,133
2020-10-14,Stanislaus,099,539301,17321,17105,653,17758,365
2020-10-14,Sutter,101,95872,1778,1747,1,1748,12
2020-10-14,Tehama,103,63373,784,721,2,723,3
2020-10-14,Trinity,105,12862,74,20,9,29,0
2020-10-14,Tulare,107,460477,17450,16863,247,17110,287
2020-10-14,Tuolumne,109,53932,261,236,6,242,4
2020-10-14,Ventura,111,848112,14420,13697,290,13987,152
2020-10-14,Yolo,113,214977,3090,3007,8,3015,55
2020-10-14,Yuba,115,75493,1188,1147,3,1150,10
2020-10-13,Alameda,001,1643700,22798,22185,204,22389,389
2020-10-13,Alpine,002,1148,3,3,0,3,0
2020-10-13,Amador,005,37829,310,306,0,306,16
2020-10-13,Butte,007,227075,3089,2992,56,3048,54
2020-10-13,Calaveras,009,45235,324,262,0,262,12
2020-10-13,Colusa,011,21464,543,541,1,542,6
2020-10-13,Contra Costa,013,1133247,18325,17783,89,17872,234
2020-10-13,Del Norte,015,27424,168,163,0,163,2
2020-10-13,El Dorado,017,186661,1317,1262,12,1274,4
2020-10-13,Fresno,019,978130,32478,29579,416,29995,424
2020-10-13,Glenn,021,27897,640,629,0,629,3
2020-10-13,Humboldt,023,135768,542,523,1,524,7
2020-10-13,Imperial,025,180216,12447,11727,10,11737,327
2020-10-13,Inyo,027,18085,220,207,4,211,14
2020-10-13,Kern,029,883053,33223,32497,384,32881,419
2020-10-13,Kings,031,150075,8307,8111,44,8155,80
2020-10-13,Lake,033,64148,687,639,0,639,12
2020-10-13,Lassen,035,31185,763,752,2,754,0
2020-10-13,Los Angeles,037,10098052,288161,281716,2398,284114,6767
2020-10-13,Madera,039,155013,4879,4700,33,4733,50
2020-10-13,Marin,041,260295,7015,6900,18,6918,97
2020-10-13,Mariposa,043,17540,77,76,0,76,2
2020-10-13,Mendocino,045,87422,1021,950,4,954,21
2020-10-13,Merced,047,269075,9310,9181,28,9209,146
2020-10-13,Modoc,049,8938,29,28,0,28,0
2020-10-13,Mono,051,14174,174,155,5,160,1
2020-10-13,Monterey,053,433212,10866,10574,41,10615,78
2020-10-13,Napa,055,140530,1901,1825,8,1833,12
2020-10-13,Nevada,057,99092,594,572,18,590,7
2020-10-13,Orange,059,3164182,58523,55515,1626,57141,1326
2020-10-13,Placer,061,380077,3992,3825,15,3840,48
2020-10-13,Plumas,063,18699,52,51,0,51,0
2020-10-13,Riverside,065,2383286,64307,62279,245,62524,1254
2020-10-13,Sacramento,067,1510023,24425,23930,29,23959,466
2020-10-13,San Benito,069,59416,1386,1380,0,1380,14
2020-10-13,San Bernardino,071,2135413,60002,57411,375,57786,1061
2020-10-13,San Diego,073,3302833,53075,51026,1321,52347,840
2020-10-13,San Francisco,075,870044,11890,11659,38,11697,122
2020-10-13,San Joaquin,077,732212,21195,20822,120,20942,481
2020-10-13,San Luis Obispo,079,281455,4173,3892,18,3910,32
2020-10-13,San Mateo,081,765935,10908,10286,11,10297,130
2020-10-13,Santa Barbara,083,443738,9648,9489,83,9572,117
2020-10-13,Santa Clara,085,1922200,24072,22678,50,22728,343
2020-10-13,Santa Cruz,087,273765,2709,2603,32,2635,13
2020-10-13,Shasta,089,179085,1862,1606,18,1624,20
2020-10-13,Sierra,091,2930,6,6,0,6,0
2020-10-13,Siskiyou,093,43540,174,163,10,173,0
2020-10-13,Solano,095,438530,7046,6761,37,6798,55
2020-10-13,Sonoma,097,501317,8872,8456,23,8479,133
2020-10-13,Stanislaus,099,539301,17276,17082,648,17730,362
2020-10-13,Sutter,101,95872,1769,1748,1,1749,12
2020-10-13,Tehama,103,63373,777,717,2,719,3
2020-10-13,Trinity,105,12862,70,19,8,27,0
2020-10-13,Tulare,107,460477,17393,16822,239,17061,286
2020-10-13,Tuolumne,109,53932,259,235,6,241,4
2020-10-13,Ventura,111,848112,14366,13645,286,13931,151
2020-10-13,Yolo,113,214977,3082,2983,7,2990,55
2020-10-13,Yuba,115,75493,1183,1143,3,1146,10
2020-10-12,Alameda,001,1643700,22719,22126,203,22329,389
2020-10-12,Alpine,002,1148,3,3,0,3,0
2020-10-12,Amador,005,37829,309,305,0,305,16
2020-10-12,Butte,007,227075,3082,2975,56,3031,54
2020-10-12,Calaveras,009,45235,324,262,0,262,12
2020-10-12,Colusa,011,21464,543,541,1,542,6
2020-10-12,Contra Costa,013,1133247,18251,17728,89,17817,233
2020-10-12,Del Norte,015,27424,168,161,0,161,2
2020-10-12,El Dorado,017,186661,1314,1254,12,1266,4
2020-10-12,Fresno,019,978130,32346,29523,412,29935,421
2020-10-12,Glenn,021,27897,639,626,0,626,3
2020-10-12,Humboldt,023,135768,539,522,1,523,7
2020-10-12,Imperial,025,180216,12409,11689,10,11699,328
2020-10-12,Inyo,027,18085,217,201,4,205,14
2020-10-12,Kern,029,883053,33130,32425,380,32805,419
2020-10-12,Kings,031,150075,8301,8106,44,8150,80
2020-10-12,Lake,033,64148,681,633,0,633,12
2020-10-12,Lassen,035,31185,763,752,2,754,0
2020-10-12,Los Angeles,037,10098052,286941,280961,2371,283332,6747
2020-10-12,Madera,039,155013,4859,4689,33,4722,50
2020-10-12,Marin,041,260295,6998,6886,18,6904,97
2020-10-12,Mariposa,043,17540,77,76,0,76,2
2020-10-12,Mendocino,045,87422,1015,947,4,951,21
2020-10-12,Merced,047,269075,9287,9141,28,9169,146
2020-10-12,Modoc,049,8938,29,27,0,27,0
2020-10-12,Mono,051,14174,174,154,5,159,1
2020-10-12,Monterey,053,433212,10800,10473,41,10514,77
2020-10-12,Napa,055,140530,1893,1819,8,1827,11
2020-10-12,Nevada,057,99092,590,570,18,588,7
2020-10-12,Orange,059,3164182,58294,55373,1616,56989,1326
2020-10-12,Placer,061,380077,3960,3808,14,3822,48
2020-10-12,Plumas,063,18699,52,51,0,51,0
2020-10-12,Riverside,065,2383286,63996,62279,241,62520,1254
2020-10-12,Sacramento,067,1510023,24320,23807,29,23836,466
2020-10-12,San Benito,069,59416,1383,1376,0,1376,13
2020-10-12,San Bernardino,071,2135413,59626,57235,374,57609,1061
2020-10-12,San Diego,073,3302833,52785,50748,1294,52042,826
2020-10-12,San Francisco,075,870044,11858,11659,38,11697,122
2020-10-12,San Joaquin,077,732212,21132,20701,114,20815,480
2020-10-12,San Luis Obispo,079,281455,4146,3874,18,3892,32
2020-10-12,San Mateo,081,765935,10860,10262,11,10273,130
2020-10-12,Santa Barbara,083,443738,9609,9462,83,9545,117
2020-10-12,Santa Clara,085,1922200,23956,22578,50,22628,343
2020-10-12,Santa Cruz,087,273765,2692,2590,32,2622,13
2020-10-12,Shasta,089,179085,1837,1515,18,1533,20
2020-10-12,Sierra,091,2930,6,6,0,6,0
2020-10-12,Siskiyou,093,43540,173,162,10,172,0
2020-10-12,Solano,095,438530,7007,6742,37,6779,55
2020-10-12,Sonoma,097,501317,8800,8377,23,8400,133
2020-10-12,Stanislaus,099,539301,17227,17051,639,17690,361
2020-10-12,Sutter,101,95872,1761,1741,1,1742,12
2020-10-12,Tehama,103,63373,761,708,2,710,3
2020-10-12,Trinity,105,12862,69,19,8,27,0
2020-10-12,Tulare,107,460477,17342,16742,232,16974,286
2020-10-12,Tuolumne,109,53932,254,234,6,240,4
2020-10-12,Ventura,111,848112,14304,13617,282,13899,151
2020-10-12,Yolo,113,214977,3067,2964,7,2971,55
2020-10-12,Yuba,115,75493,1173,1141,3,1144,10
2020-10-11,Alameda,001,1643700,22629,22057,199,22256,392
2020-10-11,Alpine,002,1148,3,3,0,3,0
2020-10-11,Amador,005,37829,307,305,0,305,16
2020-10-11,Butte,007,227075,3074,2967,55,3022,54
2020-10-11,Calaveras,009,45235,322,262,0,262,12
2020-10-11,Colusa,011,21464,541,541,1,542,6
2020-10-11,Contra Costa,013,1133247,18167,17678,89,17767,233
2020-10-11,Del Norte,015,27424,166,161,0,161,2
2020-10-11,El Dorado,017,186661,1305,1242,12,1254,4
2020-10-11,Fresno,019,978130,32208,29419,404,29823,421
2020-10-11,Glenn,021,27897,637,625,0,625,3
2020-10-11,Humboldt,023,135768,538,521,1,522,7
2020-10-11,Imperial,025,180216,12350,11614,10,11624,328
2020-10-11,Inyo,027,18085,213,201,4,205,14
2020-10-11,Kern,029,883053,33043,32399,372,32771,418
2020-10-11,Kings,031,150075,8284,8094,43,8137,80
2020-10-11,Lake,033,64148,668,631,0,631,12
2020-10-11,Lassen,035,31185,762,752,2,754,0
2020-10-11,Los Angeles,037,10098052,285505,280190,2329,282519,6745
2020-10-11,Madera,039,155013,4831,4680,32,4712,50
2020-10-11,Marin,041,260295,6989,6870,18,6888,97
2020-10-11,Mariposa,043,17540,77,76,0,76,2
2020-10-11,Mendocino,045,87422,1008,944,4,948,21
2020-10-11,Merced,047,269075,9268,9124,28,9152,146
2020-10-11,Modoc,049,8938,29,27,0,27,0
2020-10-11,Mono,051,14174,174,154,5,159,1
2020-10-11,Monterey,053,433212,10749,10445,39,10484,77
2020-10-11,Napa,055,140530,1877,1811,8,1819,11
2020-10-11,Nevada,057,99092,588,569,18,587,7
2020-10-11,Orange,059,3164182,58064,55202,1611,56813,1326
2020-10-11,Placer,061,380077,3939,3787,14,3801,48
2020-10-11,Plumas,063,18699,52,51,0,51,0
2020-10-11,Riverside,065,2383286,63708,62112,237,62349,1254
2020-10-11,Sacramento,067,1510023,24177,23778,29,23807,466
2020-10-11,San Benito,069,59416,1382,1374,0,1374,13
2020-10-11,San Bernardino,071,2135413,59174,56997,372,57369,1061
2020-10-11,San Diego,073,3302833,52435,50553,1272,51825,826
2020-10-11,San Francisco,075,870044,11815,11659,37,11696,122
2020-10-11,San Joaquin,077,732212,21057,20700,104,20804,480
2020-10-11,San Luis Obispo,079,281455,4129,3874,17,3891,32
2020-10-11,San Mateo,081,765935,10828,10240,11,10251,130
2020-10-11,Santa Barbara,083,443738,9578,9440,82,9522,117
2020-10-11,Santa Clara,085,1922200,23816,22487,49,22536,336
2020-10-11,Santa Cruz,087,273765,2678,2578,32,2610,13
2020-10-11,Shasta,089,179085,1807,1515,17,1532,20
2020-10-11,Sierra,091,2930,6,6,0,6,0
2020-10-11,Siskiyou,093,43540,172,162,10,172,0
2020-10-11,Solano,095,438530,6953,6685,37,6722,53
2020-10-11,Sonoma,097,501317,8743,8319,23,8342,133
2020-10-11,Stanislaus,099,539301,17163,17007,623,17630,360
2020-10-11,Sutter,101,95872,1758,1742,1,1743,12
2020-10-11,Tehama,103,63373,737,702,2,704,3
2020-10-11,Trinity,105,12862,69,19,8,27,0
2020-10-11,Tulare,107,460477,17278,16741,224,16965,286
2020-10-11,Tuolumne,109,53932,249,234,6,240,4
2020-10-11,Ventura,111,848112,14243,13604,277,13881,151
2020-10-11,Yolo,113,214977,3037,2952,7,2959,55
2020-10-11,Yuba,115,75493,1162,1137,3,1140,10
2020-10-10,Alameda,001,1643700,22579,21979,198,22177,398
2020-10-10,Alpine,002,1148,3,3,0,3,0
2020-10-10,Amador,005,37829,306,304,0,304,16
2020-10-10,Butte,007,227075,3069,2962,54,3016,54
2020-10-10,Calaveras,009,45235,321,262,0,262,12
2020-10-10,Colusa,011,21464,541,541,1,542,6
2020-10-10,Contra Costa,013,1133247,18131,17566,88,17654,233
2020-10-10,Del Norte,015,27424,166,161,0,161,2
2020-10-10,El Dorado,017,186661,1303,1240,12,1252,4
2020-10-10,Fresno,019,978130,32144,29286,402,29688,421
2020-10-10,Glenn,021,27897,637,623,0,623,3
2020-10-10,Humboldt,023,135768,535,518,1,519,7
2020-10-10,Imperial,025,180216,12335,11591,10,11601,327
2020-10-10,Inyo,027,18085,210,201,4,205,14
2020-10-10,Kern,029,883053,33006,32338,372,32710,418
2020-10-10,Kings,031,150075,8280,8078,43,8121,80
2020-10-10,Lake,033,64148,667,630,0,630,11
2020-10-10,Lassen,035,31185,762,752,2,754,0
2020-10-10,Los Angeles,037,10098052,284788,279213,2295,281508,6743
2020-10-10,Madera,039,155013,4819,4662,32,4694,50
2020-10-10,Marin,041,260295,6980,6852,18,6870,97
2020-10-10,Mariposa,043,17540,77,76,0,76,2
2020-10-10,Mendocino,045,87422,1001,935,4,939,21
2020-10-10,Merced,047,269075,9262,9105,27,9132,146
2020-10-10,Modoc,049,8938,29,27,0,27,0
2020-10-10,Mono,051,14174,174,154,5,159,1
2020-10-10,Monterey,053,433212,10716,10410,39,10449,75
2020-10-10,Napa,055,140530,1870,1804,8,1812,11
2020-10-10,Nevada,057,99092,585,564,18,582,6
2020-10-10,Orange,059,3164182,57943,54965,1606,56571,1324
2020-10-10,Placer,061,380077,3922,3757,14,3771,48
2020-10-10,Plumas,063,18699,52,51,0,51,0
2020-10-10,Riverside,065,2383286,63505,61845,235,62080,1254
2020-10-10,Sacramento,067,1510023,24109,23689,29,23718,466
2020-10-10,San Benito,069,59416,1380,1370,0,1370,13
2020-10-10,San Bernardino,071,2135413,59012,56683,370,57053,1061
2020-10-10,San Diego,073,3302833,52205,50145,1254,51399,825
2020-10-10,San Francisco,075,870044,11794,11663,37,11700,122
2020-10-10,San Joaquin,077,732212,21029,20700,100,20800,481
2020-10-10,San Luis Obispo,079,281455,4109,3832,17,3849,32
2020-10-10,San Mateo,081,765935,10791,10218,11,10229,130
2020-10-10,Santa Barbara,083,443738,9567,9417,82,9499,116
2020-10-10,Santa Clara,085,1922200,23725,22354,49,22403,330
2020-10-10,Santa Cruz,087,273765,2664,2572,32,2604,13
2020-10-10,Shasta,089,179085,1790,1473,17,1490,20
2020-10-10,Sierra,091,2930,6,6,0,6,0
2020-10-10,Siskiyou,093,43540,172,161,10,171,0
2020-10-10,Solano,095,438530,6927,6655,37,6692,53
2020-10-10,Sonoma,097,501317,8723,8235,23,8258,133
2020-10-10,Stanislaus,099,539301,17128,16960,615,17575,360
2020-10-10,Sutter,101,95872,1755,1735,1,1736,12
2020-10-10,Tehama,103,63373,730,693,2,695,3
2020-10-10,Trinity,105,12862,69,19,8,27,0
2020-10-10,Tulare,107,460477,17242,16709,219,16928,286
2020-10-10,Tuolumne,109,53932,249,233,6,239,4
2020-10-10,Ventura,111,848112,14218,13520,277,13797,151
2020-10-10,Yolo,113,214977,3028,2939,7,2946,55
2020-10-10,Yuba,115,75493,1160,1134,3,1137,10
2020-10-09,Alameda,001,1643700,22531,21924,198,22122,399
2020-10-09,Alpine,002,1148,3,3,0,3,0
2020-10-09,Amador,005,37829,306,303,0,303,16
2020-10-09,Butte,007,227075,3066,2956,54,3010,51
2020-10-09,Calaveras,009,45235,319,262,0,262,11
2020-10-09,Colusa,011,21464,541,541,1,542,6
2020-10-09,Contra Costa,013,1133247,18080,17487,88,17575,229
2020-10-09,Del Norte,015,27424,165,161,0,161,2
2020-10-09,El Dorado,017,186661,1299,1234,12,1246,4
2020-10-09,Fresno,019,978130,32070,29208,400,29608,417
2020-10-09,Glenn,021,27897,632,617,0,617,3
2020-10-09,Humboldt,023,135768,533,516,1,517,7
2020-10-09,Imperial,025,180216,12309,11516,10,11526,330
2020-10-09,Inyo,027,18085,207,200,4,204,14
2020-10-09,Kern,029,883053,32962,32237,370,32607,417
2020-10-09,Kings,031,150075,8273,7993,41,8034,80
2020-10-09,Lake,033,64148,657,610,0,610,11
2020-10-09,Lassen,035,31185,762,751,2,753,0
2020-10-09,Los Angeles,037,10098052,283653,278039,2271,280310,6715
2020-10-09,Madera,039,155013,4809,4646,32,4678,50
2020-10-09,Marin,041,260295,6966,6838,18,6856,96
2020-10-09,Mariposa,043,17540,77,76,0,76,2
2020-10-09,Mendocino,045,87422,991,933,4,937,20
2020-10-09,Merced,047,269075,9246,9095,27,9122,145
2020-10-09,Modoc,049,8938,29,27,0,27,0
2020-10-09,Mono,051,14174,174,154,5,159,1
2020-10-09,Monterey,053,433212,10682,10369,39,10408,75
2020-10-09,Napa,055,140530,1860,1795,8,1803,11
2020-10-09,Nevada,057,99092,580,561,18,579,6
2020-10-09,Orange,059,3164182,57771,54746,1601,56347,1305
2020-10-09,Placer,061,380077,3908,3737,13,3750,48
2020-10-09,Plumas,063,18699,52,50,0,50,0
2020-10-09,Riverside,065,2383286,63270,61529,234,61763,1252
2020-10-09,Sacramento,067,1510023,24040,23606,29,23635,457
2020-10-09,San Benito,069,59416,1375,1367,0,1367,13
2020-10-09,San Bernardino,071,2135413,58772,56434,368,56802,1057
2020-10-09,San Diego,073,3302833,51929,49825,1243,51068,821
2020-10-09,San Francisco,075,870044,11764,11620,37,11657,120
2020-10-09,San Joaquin,077,732212,20999,20648,92,20740,481
2020-10-09,San Luis Obispo,079,281455,4090,3810,17,3827,32
2020-10-09,San Mateo,081,765935,10763,10140,11,10151,130
2020-10-09,Santa Barbara,083,443738,9539,9396,82,9478,116
2020-10-09,Santa Clara,085,1922200,23623,22251,48,22299,328
2020-10-09,Santa Cruz,087,273765,2655,2555,32,2587,13
2020-10-09,Shasta,089,179085,1764,1353,16,1369,20
2020-10-09,Sierra,091,2930,6,6,0,6,0
2020-10-09,Siskiyou,093,43540,170,156,10,166,0
2020-10-09,Solano,095,438530,6888,6614,37,6651,53
2020-10-09,Sonoma,097,501317,8669,8133,23,8156,133
2020-10-09,Stanislaus,099,539301,17103,16904,608,17512,362
2020-10-09,Sutter,101,95872,1751,1732,1,1733,12
2020-10-09,Tehama,103,63373,724,682,2,684,3
2020-10-09,Trinity,105,12862,69,25,8,33,0
2020-10-09,Tulare,107,460477,17202,16644,210,16854,286
2020-10-09,Tuolumne,109,53932,246,230,6,236,4
2020-10-09,Ventura,111,848112,14182,13469,274,13743,151
2020-10-09,Yolo,113,214977,3021,2928,7,2935,55
2020-10-09,Yuba,115,75493,1159,1129,3,1132,10
2020-10-08,Alameda,001,1643700,22450,21826,197,22023,395
2020-10-08,Alpine,002,1148,3,3,0,3,0
2020-10-08,Amador,005,37829,305,302,0,302,16
2020-10-08,Butte,007,227075,3056,2935,54,2989,51
2020-10-08,Calaveras,009,45235,318,262,0,262,11
2020-10-08,Colusa,011,21464,541,539,1,540,6
2020-10-08,Contra Costa,013,1133247,18020,17418,87,17505,228
2020-10-08,Del Norte,015,27424,165,151,0,151,2
2020-10-08,El Dorado,017,186661,1298,1230,12,1242,4
2020-10-08,Fresno,019,978130,31966,29111,400,29511,416
2020-10-08,Glenn,021,27897,629,616,0,616,3
2020-10-08,Humboldt,023,135768,529,515,1,516,7
2020-10-08,Imperial,025,180216,12269,11405,10,11415,330
2020-10-08,Inyo,027,18085,204,199,4,203,14
2020-10-08,Kern,029,883053,32904,32169,365,32534,411
2020-10-08,Kings,031,150075,8267,7968,41,8009,80
2020-10-08,Lake,033,64148,652,604,0,604,11
2020-10-08,Lassen,035,31185,757,751,2,753,0
2020-10-08,Los Angeles,037,10098052,282451,276763,2231,278994,6699
2020-10-08,Madera,039,155013,4791,4637,32,4669,50
2020-10-08,Marin,041,260295,6952,6810,18,6828,96
2020-10-08,Mariposa,043,17540,77,76,0,76,2
2020-10-08,Mendocino,045,87422,986,930,4,934,20
2020-10-08,Merced,047,269075,9225,9069,27,9096,144
2020-10-08,Modoc,049,8938,29,27,0,27,0
2020-10-08,Mono,051,14174,174,153,5,158,1
2020-10-08,Monterey,053,433212,10615,10343,39,10382,75
2020-10-08,Napa,055,140530,1845,1779,8,1787,11
2020-10-08,Nevada,057,99092,577,556,18,574,6
2020-10-08,Orange,059,3164182,57579,54523,1590,56113,1293
2020-10-08,Placer,061,380077,3890,3715,13,3728,48
2020-10-08,Plumas,063,18699,52,50,0,50,0
2020-10-08,Riverside,065,2383286,63002,61105,233,61338,1244
2020-10-08,Sacramento,067,1510023,23933,23482,29,23511,454
2020-10-08,San Benito,069,59416,1370,1367,0,1367,13
2020-10-08,San Bernardino,071,2135413,58407,56152,367,56519,1048
2020-10-08,San Diego,073,3302833,51649,49468,1211,50679,819
2020-10-08,San Francisco,075,870044,11726,11608,37,11645,115
2020-10-08,San Joaquin,077,732212,20947,20576,87,20663,478
2020-10-08,San Luis Obispo,079,281455,4074,3785,17,3802,32
2020-10-08,San Mateo,081,765935,10731,10044,11,10055,130
2020-10-08,Santa Barbara,083,443738,9511,9374,82,9456,116
2020-10-08,Santa Clara,085,1922200,23521,22095,48,22143,323
2020-10-08,Santa Cruz,087,273765,2643,2535,32,2567,13
2020-10-08,Shasta,089,179085,1730,1305,16,1321,20
2020-10-08,Sierra,091,2930,6,6,0,6,0
2020-10-08,Siskiyou,093,43540,170,156,10,166,0
2020-10-08,Solano,095,438530,6864,6556,37,6593,53
2020-10-08,Sonoma,097,501317,8605,8063,23,8086,132
2020-10-08,Stanislaus,099,539301,17057,16821,600,17421,360
2020-10-08,Sutter,101,95872,1751,1725,1,1726,12
2020-10-08,Tehama,103,63373,715,676,2,678,3
2020-10-08,Trinity,105,12862,68,25,8,33,0
2020-10-08,Tulare,107,460477,17141,16573,202,16775,283
2020-10-08,Tuolumne,109,53932,245,230,6,236,4
2020-10-08,Ventura,111,848112,14134,13399,272,13671,151
2020-10-08,Yolo,113,214977,3004,2914,7,2921,55
2020-10-08,Yuba,115,75493,1154,1126,3,1129,10
2020-10-07,Alameda,001,1643700,22373,21736,197,21933,395
2020-10-07,Alpine,002,1148,3,3,0,3,0
2020-10-07,Amador,005,37829,305,302,0,302,16
2020-10-07,Butte,007,227075,3045,2927,54,2981,47
2020-10-07,Calaveras,009,45235,316,262,0,262,11
2020-10-07,Colusa,011,21464,540,539,0,539,6
2020-10-07,Contra Costa,013,1133247,17950,17346,86,17432,225
2020-10-07,Del Norte,015,27424,164,149,0,149,2
2020-10-07,El Dorado,017,186661,1290,1219,12,1231,4
2020-10-07,Fresno,019,978130,31845,29069,395,29464,413
2020-10-07,Glenn,021,27897,629,615,0,615,3
2020-10-07,Humboldt,023,135768,526,512,1,513,7
2020-10-07,Imperial,025,180216,12232,11289,9,11298,330
2020-10-07,Inyo,027,18085,204,199,4,203,14
2020-10-07,Kern,029,883053,32831,32068,364,32432,410
2020-10-07,Kings,031,150075,8252,7948,41,7989,80
2020-10-07,Lake,033,64148,651,599,0,599,11
2020-10-07,Lassen,035,31185,757,751,2,753,0
2020-10-07,Los Angeles,037,10098052,281268,275559,2199,277758,6681
2020-10-07,Madera,039,155013,4771,4618,32,4650,50
2020-10-07,Marin,041,260295,6925,6790,18,6808,95
2020-10-07,Mariposa,043,17540,77,75,0,75,2
2020-10-07,Mendocino,045,87422,980,927,4,931,19
2020-10-07,Merced,047,269075,9189,9045,26,9071,144
2020-10-07,Modoc,049,8938,29,27,0,27,0
2020-10-07,Mono,051,14174,173,153,4,157,1
2020-10-07,Monterey,053,433212,10556,10272,39,10311,75
2020-10-07,Napa,055,140530,1832,1774,8,1782,11
2020-10-07,Nevada,057,99092,573,552,18,570,6
2020-10-07,Orange,059,3164182,57363,54332,1579,55911,1277
2020-10-07,Placer,061,380077,3874,3693,13,3706,48
2020-10-07,Plumas,063,18699,52,50,0,50,0
2020-10-07,Riverside,065,2383286,62655,60857,229,61086,1241
2020-10-07,Sacramento,067,1510023,23836,23380,29,23409,452
2020-10-07,San Benito,069,59416,1367,1363,0,1363,13
2020-10-07,San Bernardino,071,2135413,58058,55738,366,56104,1043
2020-10-07,San Diego,073,3302833,51333,49177,1187,50364,813
2020-10-07,San Francisco,075,870044,11690,11551,37,11588,115
2020-10-07,San Joaquin,077,732212,20895,20527,80,20607,478
2020-10-07,San Luis Obispo,079,281455,4044,3749,17,3766,32
2020-10-07,San Mateo,081,765935,10688,9980,11,9991,130
2020-10-07,Santa Barbara,083,443738,9485,9350,81,9431,116
2020-10-07,Santa Clara,085,1922200,23393,21993,48,22041,320
2020-10-07,Santa Cruz,087,273765,2631,2518,32,2550,14
2020-10-07,Shasta,089,179085,1687,1268,16,1284,20
2020-10-07,Sierra,091,2930,6,6,0,6,0
2020-10-07,Siskiyou,093,43540,168,154,10,164,0
2020-10-07,Solano,095,438530,6829,6526,37,6563,53
2020-10-07,Sonoma,097,501317,8530,7993,22,8015,130
2020-10-07,Stanislaus,099,539301,17022,16786,594,17380,357
2020-10-07,Sutter,101,95872,1748,1723,1,1724,12
2020-10-07,Tehama,103,63373,706,666,2,668,3
2020-10-07,Trinity,105,12862,64,25,8,33,0
2020-10-07,Tulare,107,460477,17098,16483,194,16677,282
2020-10-07,Tuolumne,109,53932,245,227,6,233,3
2020-10-07,Ventura,111,848112,14084,13333,266,13599,150
2020-10-07,Yolo,113,214977,2979,2904,7,2911,55
2020-10-07,Yuba,115,75493,1148,1120,3,1123,10
2020-10-06,Alameda,001,1643700,22282,21698,195,21893,385
2020-10-06,Alpine,002,1148,3,3,0,3,0
2020-10-06,Amador,005,37829,303,301,0,301,16
2020-10-06,Butte,007,227075,3038,2925,54,2979,47
2020-10-06,Calaveras,009,45235,316,261,0,261,11
2020-10-06,Colusa,011,21464,539,538,0,538,6
2020-10-06,Contra Costa,013,1133247,17871,17295,86,17381,219
2020-10-06,Del Norte,015,27424,164,144,0,144,2
2020-10-06,El Dorado,017,186661,1286,1211,12,1223,4
2020-10-06,Fresno,019,978130,31702,29022,392,29414,412
2020-10-06,Glenn,021,27897,626,604,0,604,3
2020-10-06,Humboldt,023,135768,523,508,1,509,7
2020-10-06,Imperial,025,180216,12194,11196,9,11205,327
2020-10-06,Inyo,027,18085,202,198,4,202,14
2020-10-06,Kern,029,883053,32755,32006,362,32368,407
2020-10-06,Kings,031,150075,8236,7943,41,7984,81
2020-10-06,Lake,033,64148,645,596,0,596,11
2020-10-06,Lassen,035,31185,757,743,2,745,0
2020-10-06,Los Angeles,037,10098052,280030,274115,2150,276265,6657
2020-10-06,Madera,039,155013,4759,4608,32,4640,50
2020-10-06,Marin,041,260295,6910,6766,18,6784,91
2020-10-06,Mariposa,043,17540,77,75,0,75,2
2020-10-06,Mendocino,045,87422,973,920,4,924,19
2020-10-06,Merced,047,269075,9152,9034,25,9059,143
2020-10-06,Modoc,049,8938,29,26,0,26,0
2020-10-06,Mono,051,14174,173,153,4,157,1
2020-10-06,Monterey,053,433212,10501,10235,37,10272,72
2020-10-06,Napa,055,140530,1826,1770,8,1778,11
2020-10-06,Nevada,057,99092,570,551,18,569,6
2020-10-06,Orange,059,3164182,57147,54203,1570,55773,1273
2020-10-06,Placer,061,380077,3852,3680,13,3693,48
2020-10-06,Plumas,063,18699,52,49,0,49,0
2020-10-06,Riverside,065,2383286,62390,60593,227,60820,1238
2020-10-06,Sacramento,067,1510023,23750,23322,29,23351,442
2020-10-06,San Benito,069,59416,1366,1358,0,1358,12
2020-10-06,San Bernardino,071,2135413,57744,55416,361,55777,1040
2020-10-06,San Diego,073,3302833,50996,48823,1170,49993,806
2020-10-06,San Francisco,075,870044,11664,11513,36,11549,115
2020-10-06,San Joaquin,077,732212,20855,20481,77,20558,477
2020-10-06,San Luis Obispo,079,281455,4010,3723,17,3740,32
2020-10-06,San Mateo,081,765935,10656,9934,11,9945,129
2020-10-06,Santa Barbara,083,443738,9456,9331,80,9411,116
2020-10-06,Santa Clara,085,1922200,23298,21914,48,21962,320
2020-10-06,Santa Cruz,087,273765,2609,2510,32,2542,12
2020-10-06,Shasta,089,179085,1647,1242,16,1258,18
2020-10-06,Sierra,091,2930,6,6,0,6,0
2020-10-06,Siskiyou,093,43540,168,154,10,164,0
2020-10-06,Solano,095,438530,6783,6506,37,6543,52
2020-10-06,Sonoma,097,501317,8437,7895,22,7917,130
2020-10-06,Stanislaus,099,539301,16977,16759,588,17347,354
2020-10-06,Sutter,101,95872,1746,1722,1,1723,12
2020-10-06,Tehama,103,63373,696,660,2,662,3
2020-10-06,Trinity,105,12862,64,25,8,33,0
2020-10-06,Tulare,107,460477,17056,16456,186,16642,280
2020-10-06,Tuolumne,109,53932,244,227,6,233,2
2020-10-06,Ventura,111,848112,14017,13242,261,13503,150
2020-10-06,Yolo,113,214977,2965,2899,7,2906,56
2020-10-06,Yuba,115,75493,1147,1114,3,1117,10
2020-10-05,Alameda,001,1643700,22194,21637,192,21829,383
2020-10-05,Alpine,002,1148,3,2,0,2,0
2020-10-05,Amador,005,37829,303,299,0,299,16
2020-10-05,Butte,007,227075,3028,2910,54,2964,46
2020-10-05,Calaveras,009,45235,316,259,0,259,11
2020-10-05,Colusa,011,21464,539,537,0,537,6
2020-10-05,Contra Costa,013,1133247,17794,17250,86,17336,216
2020-10-05,Del Norte,015,27424,161,142,0,142,2
2020-10-05,El Dorado,017,186661,1282,1202,11,1213,4
2020-10-05,Fresno,019,978130,31585,29136,392,29528,408
2020-10-05,Glenn,021,27897,624,603,0,603,3
2020-10-05,Humboldt,023,135768,522,506,1,507,6
2020-10-05,Imperial,025,180216,12153,11169,9,11178,327
2020-10-05,Inyo,027,18085,202,197,4,201,14
2020-10-05,Kern,029,883053,32676,31933,358,32291,404
2020-10-05,Kings,031,150075,8139,7932,41,7973,80
2020-10-05,Lake,033,64148,641,592,0,592,10
2020-10-05,Lassen,035,31185,756,743,2,745,0
2020-10-05,Los Angeles,037,10098052,278933,273200,2113,275313,6632
2020-10-05,Madera,039,155013,4751,4598,30,4628,50
2020-10-05,Marin,041,260295,6893,6751,18,6769,91
2020-10-05,Mariposa,043,17540,77,75,0,75,2
2020-10-05,Mendocino,045,87422,965,913,4,917,19
2020-10-05,Merced,047,269075,9132,9021,24,9045,143
2020-10-05,Modoc,049,8938,29,26,0,26,0
2020-10-05,Mono,051,14174,173,152,4,156,1
2020-10-05,Monterey,053,433212,10454,10187,37,10224,72
2020-10-05,Napa,055,140530,1815,1760,8,1768,11
2020-10-05,Nevada,057,99092,567,550,17,567,6
2020-10-05,Orange,059,3164182,56931,54103,1557,55660,1271
2020-10-05,Placer,061,380077,3826,3670,13,3683,46
2020-10-05,Plumas,063,18699,51,49,0,49,0
2020-10-05,Riverside,065,2383286,62070,60454,223,60677,1232
2020-10-05,Sacramento,067,1510023,23646,23207,29,23236,438
2020-10-05,San Benito,069,59416,1363,1356,0,1356,12
2020-10-05,San Bernardino,071,2135413,57437,55100,360,55460,1031
2020-10-05,San Diego,073,3302833,50660,48662,1146,49808,803
2020-10-05,San Francisco,075,870044,11625,11476,34,11510,110
2020-10-05,San Joaquin,077,732212,20785,20319,74,20393,476
2020-10-05,San Luis Obispo,079,281455,3983,3710,17,3727,32
2020-10-05,San Mateo,081,765935,10629,9896,11,9907,128
2020-10-05,Santa Barbara,083,443738,9434,9309,80,9389,116
2020-10-05,Santa Clara,085,1922200,23181,21861,48,21909,319
2020-10-05,Santa Cruz,087,273765,2597,2492,32,2524,9
2020-10-05,Shasta,089,179085,1615,1158,16,1174,18
2020-10-05,Sierra,091,2930,6,6,0,6,0
2020-10-05,Siskiyou,093,43540,168,153,10,163,0
2020-10-05,Solano,095,438530,6745,6475,37,6512,52
2020-10-05,Sonoma,097,501317,8345,7817,22,7839,130
2020-10-05,Stanislaus,099,539301,16941,16730,581,17311,351
2020-10-05,Sutter,101,95872,1738,1719,1,1720,12
2020-10-05,Tehama,103,63373,688,642,2,644,3
2020-10-05,Trinity,105,12862,62,22,8,30,0
2020-10-05,Tulare,107,460477,16997,16343,181,16524,278
2020-10-05,Tuolumne,109,53932,241,226,6,232,2
2020-10-05,Ventura,111,848112,13948,13224,242,13466,149
2020-10-05,Yolo,113,214977,2946,2889,7,2896,56
2020-10-05,Yuba,115,75493,1134,1108,3,1111,9
2020-10-04,Alameda,001,1643700,22098,21597,192,21789,383
2020-10-04,Alpine,002,1148,3,2,0,2,0
2020-10-04,Amador,005,37829,302,297,0,297,16
2020-10-04,Butte,007,227075,3014,2903,54,2957,46
2020-10-04,Calaveras,009,45235,316,259,0,259,11
2020-10-04,Colusa,011,21464,538,537,0,537,6
2020-10-04,Contra Costa,013,1133247,17730,17192,86,17278,214
2020-10-04,Del Norte,015,27424,157,142,0,142,2
2020-10-04,El Dorado,017,186661,1278,1196,11,1207,4
2020-10-04,Fresno,019,978130,31461,29065,392,29457,408
2020-10-04,Glenn,021,27897,622,601,0,601,3
2020-10-04,Humboldt,023,135768,521,506,1,507,6
2020-10-04,Imperial,025,180216,12114,11127,9,11136,327
2020-10-04,Inyo,027,18085,199,195,4,199,14
2020-10-04,Kern,029,883053,32601,31906,355,32261,404
2020-10-04,Kings,031,150075,8124,7919,41,7960,80
2020-10-04,Lake,033,64148,627,589,0,589,10
2020-10-04,Lassen,035,31185,756,743,2,745,0
2020-10-04,Los Angeles,037,10098052,277545,272822,2067,274889,6625
2020-10-04,Madera,039,155013,4735,4587,30,4617,50
2020-10-04,Marin,041,260295,6873,6741,18,6759,91
2020-10-04,Mariposa,043,17540,77,75,0,75,2
2020-10-04,Mendocino,045,87422,952,905,4,909,18
2020-10-04,Merced,047,269075,9107,9006,24,9030,140
2020-10-04,Modoc,049,8938,29,26,0,26,0
2020-10-04,Mono,051,14174,172,152,3,155,1
2020-10-04,Monterey,053,433212,10413,10141,36,10177,72
2020-10-04,Napa,055,140530,1803,1759,8,1767,11
2020-10-04,Nevada,057,99092,563,547,16,563,6
2020-10-04,Orange,059,3164182,56695,53966,1548,55514,1270
2020-10-04,Placer,061,380077,3805,3664,13,3677,46
2020-10-04,Plumas,063,18699,51,49,0,49,0
2020-10-04,Riverside,065,2383286,61784,60251,219,60470,1226
2020-10-04,Sacramento,067,1510023,23530,23162,29,23191,438
2020-10-04,San Benito,069,59416,1363,1355,0,1355,12
2020-10-04,San Bernardino,071,2135413,56988,55100,358,55458,1031
2020-10-04,San Diego,073,3302833,50293,48438,1121,49559,803
2020-10-04,San Francisco,075,870044,11593,11474,32,11506,110
2020-10-04,San Joaquin,077,732212,20708,20320,68,20388,476
2020-10-04,San Luis Obispo,079,281455,3958,3688,17,3705,31
2020-10-04,San Mateo,081,765935,10569,9858,11,9869,128
2020-10-04,Santa Barbara,083,443738,9408,9276,78,9354,116
2020-10-04,Santa Clara,085,1922200,23044,21780,48,21828,316
2020-10-04,Santa Cruz,087,273765,2581,2483,32,2515,9
2020-10-04,Shasta,089,179085,1517,1158,15,1173,18
2020-10-04,Sierra,091,2930,6,6,0,6,0
2020-10-04,Siskiyou,093,43540,168,153,10,163,0
2020-10-04,Solano,095,438530,6694,6445,37,6482,52
2020-10-04,Sonoma,097,501317,8257,7794,22,7816,129
2020-10-04,Stanislaus,099,539301,16891,16711,572,17283,351
2020-10-04,Sutter,101,95872,1735,1711,1,1712,11
2020-10-04,Tehama,103,63373,673,637,2,639,3
2020-10-04,Trinity,105,12862,61,21,8,29,0
2020-10-04,Tulare,107,460477,16920,16343,170,16513,278
2020-10-04,Tuolumne,109,53932,239,226,6,232,2
2020-10-04,Ventura,111,848112,13866,13197,225,13422,149
2020-10-04,Yolo,113,214977,2935,2875,7,2882,56
2020-10-04,Yuba,115,75493,1130,1103,3,1106,9
2020-10-03,Alameda,001,1643700,22052,21510,191,21701,386
2020-10-03,Alpine,002,1148,3,2,0,2,0
2020-10-03,Amador,005,37829,301,296,0,296,16
2020-10-03,Butte,007,227075,3008,2894,54,2948,46
2020-10-03,Calaveras,009,45235,316,259,0,259,11
2020-10-03,Colusa,011,21464,537,537,0,537,6
2020-10-03,Contra Costa,013,1133247,17680,17087,84,17171,213
2020-10-03,Del Norte,015,27424,153,142,0,142,2
2020-10-03,El Dorado,017,186661,1271,1188,11,1199,4
2020-10-03,Fresno,019,978130,31401,28975,391,29366,408
2020-10-03,Glenn,021,27897,620,601,0,601,3
2020-10-03,Humboldt,023,135768,520,504,1,505,6
2020-10-03,Imperial,025,180216,12091,11090,9,11099,327
2020-10-03,Inyo,027,18085,199,194,4,198,14
2020-10-03,Kern,029,883053,32551,31864,351,32215,403
2020-10-03,Kings,031,150075,8120,7887,41,7928,80
2020-10-03,Lake,033,64148,617,588,0,588,10
2020-10-03,Lassen,035,31185,756,743,2,745,0
2020-10-03,Los Angeles,037,10098052,276838,271869,2038,273907,6620
2020-10-03,Madera,039,155013,4718,4565,30,4595,50
2020-10-03,Marin,041,260295,6867,6728,18,6746,91
2020-10-03,Mariposa,043,17540,77,75,0,75,2
2020-10-03,Mendocino,045,87422,950,898,4,902,18
2020-10-03,Merced,047,269075,9094,8986,24,9010,139
2020-10-03,Modoc,049,8938,29,26,0,26,0
2020-10-03,Mono,051,14174,171,152,3,155,1
2020-10-03,Monterey,053,433212,10379,10092,33,10125,72
2020-10-03,Napa,055,140530,1799,1752,8,1760,11
2020-10-03,Nevada,057,99092,562,544,16,560,6
2020-10-03,Orange,059,3164182,56578,53573,1543,55116,1268
2020-10-03,Placer,061,380077,3794,3648,13,3661,47
2020-10-03,Plumas,063,18699,51,48,0,48,0
2020-10-03,Riverside,065,2383286,61632,59991,217,60208,1226
2020-10-03,Sacramento,067,1510023,23479,23076,29,23105,437
2020-10-03,San Benito,069,59416,1363,1351,0,1351,12
2020-10-03,San Bernardino,071,2135413,56815,55004,355,55359,1031
2020-10-03,San Diego,073,3302833,50062,48202,1104,49306,798
2020-10-03,San Francisco,075,870044,11568,11475,30,11505,110
2020-10-03,San Joaquin,077,732212,20682,20322,68,20390,476
2020-10-03,San Luis Obispo,079,281455,3934,3670,17,3687,31
2020-10-03,San Mateo,081,765935,10542,9822,10,9832,128
2020-10-03,Santa Barbara,083,443738,9395,9256,78,9334,116
2020-10-03,Santa Clara,085,1922200,22964,21672,48,21720,309
2020-10-03,Santa Cruz,087,273765,2573,2476,32,2508,9
2020-10-03,Shasta,089,179085,1489,1117,14,1131,18
2020-10-03,Sierra,091,2930,6,6,0,6,0
2020-10-03,Siskiyou,093,43540,168,152,10,162,0
2020-10-03,Solano,095,438530,6668,6419,37,6456,52
2020-10-03,Sonoma,097,501317,8215,7747,22,7769,129
2020-10-03,Stanislaus,099,539301,16858,16645,568,17213,351
2020-10-03,Sutter,101,95872,1731,1705,1,1706,11
2020-10-03,Tehama,103,63373,667,630,2,632,3
2020-10-03,Trinity,105,12862,61,15,8,23,0
2020-10-03,Tulare,107,460477,16876,16322,166,16488,278
2020-10-03,Tuolumne,109,53932,238,224,6,230,2
2020-10-03,Ventura,111,848112,13828,13150,221,13371,148
2020-10-03,Yolo,113,214977,2928,2863,7,2870,56
2020-10-03,Yuba,115,75493,1122,1097,3,1100,8
2020-10-02,Alameda,001,1643700,21998,21404,190,21594,382
2020-10-02,Alpine,002,1148,3,2,0,2,0
2020-10-02,Amador,005,37829,300,296,0,296,16
2020-10-02,Butte,007,227075,2998,2879,54,2933,46
2020-10-02,Calaveras,009,45235,315,259,0,259,11
2020-10-02,Colusa,011,21464,536,537,0,537,6
2020-10-02,Contra Costa,013,1133247,17637,17002,83,17085,213
2020-10-02,Del Norte,015,27424,152,141,0,141,2
2020-10-02,El Dorado,017,186661,1264,1168,11,1179,4
2020-10-02,Fresno,019,978130,31319,28855,391,29246,403
2020-10-02,Glenn,021,27897,615,594,0,594,3
2020-10-02,Humboldt,023,135768,519,503,1,504,6
2020-10-02,Imperial,025,180216,12069,11024,9,11033,327
2020-10-02,Inyo,027,18085,197,191,4,195,14
2020-10-02,Kern,029,883053,32499,31790,344,32134,399
2020-10-02,Kings,031,150075,8111,7716,41,7757,79
2020-10-02,Lake,033,64148,611,579,0,579,10
2020-10-02,Lassen,035,31185,756,742,2,744,0
2020-10-02,Los Angeles,037,10098052,275937,270935,2012,272947,6602
2020-10-02,Madera,039,155013,4710,4537,30,4567,49
2020-10-02,Marin,041,260295,6850,6717,18,6735,91
2020-10-02,Mariposa,043,17540,77,75,0,75,2
2020-10-02,Mendocino,045,87422,945,883,4,887,18
2020-10-02,Merced,047,269075,9084,8961,24,8985,139
2020-10-02,Modoc,049,8938,29,26,0,26,0
2020-10-02,Mono,051,14174,171,150,3,153,1
2020-10-02,Monterey,053,433212,10345,9997,33,10030,71
2020-10-02,Napa,055,140530,1793,1737,8,1745,11
2020-10-02,Nevada,057,99092,559,543,16,559,6
2020-10-02,Orange,059,3164182,56447,53299,1536,54835,1262
2020-10-02,Placer,061,380077,3774,3612,13,3625,46
2020-10-02,Plumas,063,18699,51,48,0,48,0
2020-10-02,Riverside,065,2383286,61411,59673,214,59887,1223
2020-10-02,Sacramento,067,1510023,23414,22818,29,22847,436
2020-10-02,San Benito,069,59416,1359,1347,0,1347,12
2020-10-02,San Bernardino,071,2135413,56629,54613,355,54968,1028
2020-10-02,San Diego,073,3302833,49810,47793,1088,48881,794
2020-10-02,San Francisco,075,870044,11545,11398,30,11428,110
2020-10-02,San Joaquin,077,732212,20648,20235,67,20302,474
2020-10-02,San Luis Obispo,079,281455,3911,3654,17,3671,31
2020-10-02,San Mateo,081,765935,10501,9745,10,9755,128
2020-10-02,Santa Barbara,083,443738,9372,9234,78,9312,116
2020-10-02,Santa Clara,085,1922200,22878,21545,47,21592,305
2020-10-02,Santa Cruz,087,273765,2556,2463,32,2495,9
2020-10-02,Shasta,089,179085,1454,1046,14,1060,18
2020-10-02,Sierra,091,2930,6,6,0,6,0
2020-10-02,Siskiyou,093,43540,168,151,10,161,0
2020-10-02,Solano,095,438530,6638,6385,37,6422,52
2020-10-02,Sonoma,097,501317,8158,7662,22,7684,125
2020-10-02,Stanislaus,099,539301,16817,16609,559,17168,349
2020-10-02,Sutter,101,95872,1730,1693,1,1694,11
2020-10-02,Tehama,103,63373,662,619,2,621,3
2020-10-02,Trinity,105,12862,61,15,8,23,0
2020-10-02,Tulare,107,460477,16835,16245,159,16404,278
2020-10-02,Tuolumne,109,53932,236,225,6,231,2
2020-10-02,Ventura,111,848112,13789,13120,216,13336,146
2020-10-02,Yolo,113,214977,2923,2845,7,2852,55
2020-10-02,Yuba,115,75493,1120,1090,3,1093,8
2020-10-01,Alameda,001,1643700,21937,21349,186,21535,383
2020-10-01,Alpine,002,1148,3,2,0,2,0
2020-10-01,Amador,005,37829,300,294,0,294,16
2020-10-01,Butte,007,227075,2990,2865,54,2919,45
2020-10-01,Calaveras,009,45235,315,257,0,257,11
2020-10-01,Colusa,011,21464,536,536,0,536,6
2020-10-01,Contra Costa,013,1133247,17573,16898,83,16981,211
2020-10-01,Del Norte,015,27424,147,140,0,140,2
2020-10-01,El Dorado,017,186661,1260,1162,10,1172,4
2020-10-01,Fresno,019,978130,31239,28796,389,29185,397
2020-10-01,Glenn,021,27897,611,593,0,593,3
2020-10-01,Humboldt,023,135768,519,499,1,500,6
2020-10-01,Imperial,025,180216,12027,10928,9,10937,325
2020-10-01,Inyo,027,18085,197,191,4,195,14
2020-10-01,Kern,029,883053,32436,31678,339,32017,399
2020-10-01,Kings,031,150075,8100,7688,38,7726,79
2020-10-01,Lake,033,64148,605,572,0,572,11
2020-10-01,Lassen,035,31185,753,742,2,744,0
2020-10-01,Los Angeles,037,10098052,274891,271513,1980,273493,6621
2020-10-01,Madera,039,155013,4687,4508,30,4538,48
2020-10-01,Marin,041,260295,6836,6710,18,6728,92
2020-10-01,Mariposa,043,17540,77,76,0,76,2
2020-10-01,Mendocino,045,87422,940,874,4,878,19
2020-10-01,Merced,047,269075,9059,8942,24,8966,138
2020-10-01,Modoc,049,8938,29,26,0,26,0
2020-10-01,Mono,051,14174,169,150,3,153,1
2020-10-01,Monterey,053,433212,10270,9958,33,9991,71
2020-10-01,Napa,055,140530,1785,1729,8,1737,11
2020-10-01,Nevada,057,99092,558,543,16,559,6
2020-10-01,Orange,059,3164182,56281,53088,1523,54611,1257
2020-10-01,Placer,061,380077,3747,3599,13,3612,45
2020-10-01,Plumas,063,18699,51,48,0,48,0
2020-10-01,Riverside,065,2383286,61158,59293,208,59501,1223
2020-10-01,Sacramento,067,1510023,23302,22714,28,22742,433
2020-10-01,San Benito,069,59416,1357,1346,0,1346,12
2020-10-01,San Bernardino,071,2135413,56336,54350,352,54702,1021
2020-10-01,San Diego,073,3302833,49528,47487,1068,48555,792
2020-10-01,San Francisco,075,870044,11514,11284,28,11312,110
2020-10-01,San Joaquin,077,732212,20602,20204,64,20268,471
2020-10-01,San Luis Obispo,079,281455,3884,3625,17,3642,31
2020-10-01,San Mateo,081,765935,10456,9681,10,9691,128
2020-10-01,Santa Barbara,083,443738,9332,9215,78,9293,118
2020-10-01,Santa Clara,085,1922200,22777,21398,47,21445,305
2020-10-01,Santa Cruz,087,273765,2541,2418,32,2450,10
2020-10-01,Shasta,089,179085,1403,991,14,1005,18
2020-10-01,Sierra,091,2930,6,6,0,6,0
2020-10-01,Siskiyou,093,43540,165,150,10,160,0
2020-10-01,Solano,095,438530,6600,6352,37,6389,52
2020-10-01,Sonoma,097,501317,8091,7569,22,7591,125
2020-10-01,Stanislaus,099,539301,16784,16555,553,17108,346
2020-10-01,Sutter,101,95872,1725,1684,1,1685,11
2020-10-01,Tehama,103,63373,652,606,2,608,3
2020-10-01,Trinity,105,12862,61,15,8,23,0
2020-10-01,Tulare,107,460477,16760,16182,156,16338,275
2020-10-01,Tuolumne,109,53932,236,223,6,229,2
2020-10-01,Ventura,111,848112,13737,13057,203,13260,146
2020-10-01,Yolo,113,214977,2905,2833,7,2840,55
2020-10-01,Yuba,115,75493,1116,1082,3,1085,8
2020-09-30,Alameda,001,1643700,21859,21271,183,21454,380
2020-09-30,Alpine,002,1148,3,2,0,2,0
2020-09-30,Amador,005,37829,300,294,0,294,16
2020-09-30,Butte,007,227075,2982,2858,54,2912,44
2020-09-30,Calaveras,009,45235,314,258,0,258,11
2020-09-30,Colusa,011,21464,535,534,0,534,6
2020-09-30,Contra Costa,013,1133247,17505,16819,83,16902,211
2020-09-30,Del Norte,015,27424,146,140,0,140,2
2020-09-30,El Dorado,017,186661,1248,1157,10,1167,4
2020-09-30,Fresno,019,978130,31148,28706,386,29092,395
2020-09-30,Glenn,021,27897,606,592,0,592,3
2020-09-30,Humboldt,023,135768,517,497,1,498,6
2020-09-30,Imperial,025,180216,12002,10868,9,10877,287
2020-09-30,Inyo,027,18085,196,189,4,193,14
2020-09-30,Kern,029,883053,32360,31601,338,31939,398
2020-09-30,Kings,031,150075,8072,7685,38,7723,79
2020-09-30,Lake,033,64148,599,567,0,567,10
2020-09-30,Lassen,035,31185,750,742,2,744,0
2020-09-30,Los Angeles,037,10098052,273669,270260,1948,272208,6568
2020-09-30,Madera,039,155013,4678,4477,30,4507,47
2020-09-30,Marin,041,260295,6812,6700,17,6717,91
2020-09-30,Mariposa,043,17540,77,76,0,76,2
2020-09-30,Mendocino,045,87422,934,867,4,871,17
2020-09-30,Merced,047,269075,9039,8926,24,8950,136
2020-09-30,Modoc,049,8938,29,26,0,26,0
2020-09-30,Mono,051,14174,169,150,3,153,1
2020-09-30,Monterey,053,433212,10219,9898,32,9930,70
2020-09-30,Napa,055,140530,1771,1728,8,1736,11
2020-09-30,Nevada,057,99092,556,540,16,556,6
2020-09-30,Orange,059,3164182,56090,52916,1508,54424,1251
2020-09-30,Placer,061,380077,3726,3585,13,3598,43
2020-09-30,Plumas,063,18699,51,48,0,48,0
2020-09-30,Riverside,065,2383286,60802,59074,204,59278,1220
2020-09-30,Sacramento,067,1510023,23199,22613,28,22641,429
2020-09-30,San Benito,069,59416,1354,1342,0,1342,12
2020-09-30,San Bernardino,071,2135413,56059,53988,351,54339,1018
2020-09-30,San Diego,073,3302833,49224,47182,1047,48229,783
2020-09-30,San Francisco,075,870044,11484,11247,28,11275,106
2020-09-30,San Joaquin,077,732212,20519,20150,62,20212,461
2020-09-30,San Luis Obispo,079,281455,3859,3597,17,3614,31
2020-09-30,San Mateo,081,765935,10414,9634,10,9644,128
2020-09-30,Santa Barbara,083,443738,9306,9186,78,9264,115
2020-09-30,Santa Clara,085,1922200,22672,21318,47,21365,302
2020-09-30,Santa Cruz,087,273765,2528,2405,32,2437,10
2020-09-30,Shasta,089,179085,1347,976,13,989,17
2020-09-30,Sierra,091,2930,6,6,0,6,0
2020-09-30,Siskiyou,093,43540,163,150,10,160,0
2020-09-30,Solano,095,438530,6558,6315,37,6352,51
2020-09-30,Sonoma,097,501317,8002,7494,22,7516,125
2020-09-30,Stanislaus,099,539301,16737,16531,547,17078,343
2020-09-30,Sutter,101,95872,1709,1680,1,1681,10
2020-09-30,Tehama,103,63373,646,594,2,596,3
2020-09-30,Trinity,105,12862,58,15,8,23,0
2020-09-30,Tulare,107,460477,16693,16117,149,16266,274
2020-09-30,Tuolumne,109,53932,234,224,6,230,2
2020-09-30,Ventura,111,848112,13702,12968,187,13155,145
2020-09-30,Yolo,113,214977,2892,2822,7,2829,55
2020-09-30,Yuba,115,75493,1113,1075,3,1078,8
2020-09-29,Alameda,001,1643700,21784,21241,180,21421,374
2020-09-29,Alpine,002,1148,3,2,0,2,0
2020-09-29,Amador,005,37829,298,294,0,294,16
2020-09-29,Butte,007,227075,2968,2848,54,2902,44
2020-09-29,Calaveras,009,45235,312,261,0,261,11
2020-09-29,Colusa,011,21464,535,534,0,534,6
2020-09-29,Contra Costa,013,1133247,17449,16716,81,16797,209
2020-09-29,Del Norte,015,27424,142,142,0,142,2
2020-09-29,El Dorado,017,186661,1239,1151,10,1161,4
2020-09-29,Fresno,019,978130,31051,28621,385,29006,394
2020-09-29,Glenn,021,27897,602,589,0,589,3
2020-09-29,Humboldt,023,135768,515,497,1,498,6
2020-09-29,Imperial,025,180216,11967,10811,9,10820,283
2020-09-29,Inyo,027,18085,195,188,4,192,14
2020-09-29,Kern,029,883053,32305,31534,337,31871,397
2020-09-29,Kings,031,150075,8016,7681,38,7719,78
2020-09-29,Lake,033,64148,597,566,0,566,11
2020-09-29,Lassen,035,31185,750,741,2,743,0
2020-09-29,Los Angeles,037,10098052,272454,269246,1920,271166,6545
2020-09-29,Madera,039,155013,4655,4453,30,4483,47
2020-09-29,Marin,041,260295,6791,6692,17,6709,91
2020-09-29,Mariposa,043,17540,77,74,0,74,2
2020-09-29,Mendocino,045,87422,924,854,4,858,17
2020-09-29,Merced,047,269075,9026,8892,22,8914,136
2020-09-29,Modoc,049,8938,29,26,0,26,0
2020-09-29,Mono,051,14174,169,149,3,152,1
2020-09-29,Monterey,053,433212,10164,9826,30,9856,70
2020-09-29,Napa,055,140530,1768,1727,8,1735,11
2020-09-29,Nevada,057,99092,551,539,16,555,6
2020-09-29,Orange,059,3164182,55903,52755,1497,54252,1231
2020-09-29,Placer,061,380077,3704,3570,13,3583,42
2020-09-29,Plumas,063,18699,51,48,0,48,0
2020-09-29,Riverside,065,2383286,60472,58863,197,59060,1208
2020-09-29,Sacramento,067,1510023,23078,22547,27,22574,425
2020-09-29,San Benito,069,59416,1349,1341,0,1341,12
2020-09-29,San Bernardino,071,2135413,55749,53753,350,54103,1012
2020-09-29,San Diego,073,3302833,48947,46987,1024,48011,781
2020-09-29,San Francisco,075,870044,11448,11142,28,11170,104
2020-09-29,San Joaquin,077,732212,20451,20094,60,20154,454
2020-09-29,San Luis Obispo,079,281455,3837,3581,17,3598,31
2020-09-29,San Mateo,081,765935,10367,9619,10,9629,127
2020-09-29,Santa Barbara,083,443738,9286,9149,77,9226,114
2020-09-29,Santa Clara,085,1922200,22536,21233,46,21279,302
2020-09-29,Santa Cruz,087,273765,2513,2383,31,2414,10
2020-09-29,Shasta,089,179085,1286,943,13,956,17
2020-09-29,Sierra,091,2930,6,6,0,6,0
2020-09-29,Siskiyou,093,43540,157,150,10,160,0
2020-09-29,Solano,095,438530,6524,6303,37,6340,51
2020-09-29,Sonoma,097,501317,7930,7426,22,7448,125
2020-09-29,Stanislaus,099,539301,16707,16505,541,17046,341
2020-09-29,Sutter,101,95872,1703,1677,1,1678,10
2020-09-29,Tehama,103,63373,628,585,2,587,2
2020-09-29,Trinity,105,12862,56,16,8,24,0
2020-09-29,Tulare,107,460477,16627,16055,142,16197,270
2020-09-29,Tuolumne,109,53932,234,224,6,230,2
2020-09-29,Ventura,111,848112,13645,12875,184,13059,145
2020-09-29,Yolo,113,214977,2879,2818,7,2825,55
2020-09-29,Yuba,115,75493,1111,1071,3,1074,8
2020-09-28,Alameda,001,1643700,21697,21133,180,21313,370
2020-09-28,Alpine,002,1148,3,2,0,2,0
2020-09-28,Amador,005,37829,296,294,0,294,16
2020-09-28,Butte,007,227075,2953,2837,54,2891,44
2020-09-28,Calaveras,009,45235,312,257,0,257,11
2020-09-28,Colusa,011,21464,534,531,0,531,6
2020-09-28,Contra Costa,013,1133247,17386,16653,81,16734,195
2020-09-28,Del Norte,015,27424,142,138,0,138,2
2020-09-28,El Dorado,017,186661,1232,1144,10,1154,4
2020-09-28,Fresno,019,978130,30971,28517,379,28896,389
2020-09-28,Glenn,021,27897,600,585,0,585,3
2020-09-28,Humboldt,023,135768,509,495,1,496,6
2020-09-28,Imperial,025,180216,11932,10777,9,10786,283
2020-09-28,Inyo,027,18085,194,188,4,192,14
2020-09-28,Kern,029,883053,32240,31481,333,31814,395
2020-09-28,Kings,031,150075,7875,7661,36,7697,78
2020-09-28,Lake,033,64148,593,559,0,559,10
2020-09-28,Lassen,035,31185,749,737,2,739,0
2020-09-28,Los Angeles,037,10098052,271347,268404,1890,270294,6508
2020-09-28,Madera,039,155013,4634,4438,30,4468,47
2020-09-28,Marin,041,260295,6775,6676,17,6693,91
2020-09-28,Mariposa,043,17540,77,74,0,74,2
2020-09-28,Mendocino,045,87422,909,850,4,854,17
2020-09-28,Merced,047,269075,9006,8869,22,8891,136
2020-09-28,Modoc,049,8938,29,26,0,26,0
2020-09-28,Mono,051,14174,169,148,3,151,1
2020-09-28,Monterey,053,433212,10099,9780,28,9808,69
2020-09-28,Napa,055,140530,1756,1705,8,1713,11
2020-09-28,Nevada,057,99092,543,538,16,554,6
2020-09-28,Orange,059,3164182,55698,52633,1488,54121,1196
2020-09-28,Placer,061,380077,3683,3572,13,3585,42
2020-09-28,Plumas,063,18699,50,48,0,48,0
2020-09-28,Riverside,065,2383286,60174,58570,188,58758,1198
2020-09-28,Sacramento,067,1510023,22931,22392,27,22419,423
2020-09-28,San Benito,069,59416,1346,1336,0,1336,11
2020-09-28,San Bernardino,071,2135413,55401,53501,350,53851,988
2020-09-28,San Diego,073,3302833,48629,46736,1004,47740,776
2020-09-28,San Francisco,075,870044,11414,11114,28,11142,100
2020-09-28,San Joaquin,077,732212,20404,19982,59,20041,448
2020-09-28,San Luis Obispo,079,281455,3816,3567,17,3584,31
2020-09-28,San Mateo,081,765935,10317,9582,10,9592,127
2020-09-28,Santa Barbara,083,443738,9268,9121,77,9198,114
2020-09-28,Santa Clara,085,1922200,22419,21180,46,21226,271
2020-09-28,Santa Cruz,087,273765,2503,2359,31,2390,9
2020-09-28,Shasta,089,179085,1232,883,10,893,17
2020-09-28,Sierra,091,2930,6,6,0,6,0
2020-09-28,Siskiyou,093,43540,157,149,10,159,0
2020-09-28,Solano,095,438530,6487,6254,37,6291,51
2020-09-28,Sonoma,097,501317,7854,7369,22,7391,125
2020-09-28,Stanislaus,099,539301,16668,16467,534,17001,336
2020-09-28,Sutter,101,95872,1696,1676,1,1677,10
2020-09-28,Tehama,103,63373,620,579,2,581,2
2020-09-28,Trinity,105,12862,56,16,8,24,0
2020-09-28,Tulare,107,460477,16574,15918,137,16055,270
2020-09-28,Tuolumne,109,53932,234,225,6,231,2
2020-09-28,Ventura,111,848112,13567,12812,178,12990,139
2020-09-28,Yolo,113,214977,2862,2809,7,2816,55
2020-09-28,Yuba,115,75493,1108,1062,3,1065,7
2020-09-27,Alameda,001,1643700,21615,21077,176,21253,370
2020-09-27,Alpine,002,1148,3,2,0,2,0
2020-09-27,Amador,005,37829,296,291,0,291,16
2020-09-27,Butte,007,227075,2942,2833,53,2886,44
2020-09-27,Calaveras,009,45235,311,257,0,257,11
2020-09-27,Colusa,011,21464,533,531,0,531,6
2020-09-27,Contra Costa,013,1133247,17285,16596,80,16676,195
2020-09-27,Del Norte,015,27424,142,138,0,138,2
2020-09-27,El Dorado,017,186661,1217,1130,10,1140,4
2020-09-27,Fresno,019,978130,30866,28441,379,28820,389
2020-09-27,Glenn,021,27897,596,576,0,576,3
2020-09-27,Humboldt,023,135768,507,492,1,493,6
2020-09-27,Imperial,025,180216,11898,10743,9,10752,283
2020-09-27,Inyo,027,18085,192,188,4,192,14
2020-09-27,Kern,029,883053,32121,31462,330,31792,395
2020-09-27,Kings,031,150075,7855,7641,36,7677,78
2020-09-27,Lake,033,64148,589,555,0,555,10
2020-09-27,Lassen,035,31185,749,737,2,739,0
2020-09-27,Los Angeles,037,10098052,270167,267754,1871,269625,6507
2020-09-27,Madera,039,155013,4605,4416,30,4446,47
2020-09-27,Marin,041,260295,6765,6663,17,6680,91
2020-09-27,Mariposa,043,17540,77,74,0,74,2
2020-09-27,Mendocino,045,87422,903,846,4,850,17
2020-09-27,Merced,047,269075,8977,8853,22,8875,136
2020-09-27,Modoc,049,8938,29,26,0,26,0
2020-09-27,Mono,051,14174,169,148,3,151,1
2020-09-27,Monterey,053,433212,10039,9724,27,9751,69
2020-09-27,Napa,055,140530,1751,1690,8,1698,11
2020-09-27,Nevada,057,99092,542,537,16,553,6
2020-09-27,Orange,059,3164182,55423,52458,1479,53937,1195
2020-09-27,Placer,061,380077,3670,3562,13,3575,42
2020-09-27,Plumas,063,18699,50,48,0,48,0
2020-09-27,Riverside,065,2383286,59878,58509,180,58689,1191
2020-09-27,Sacramento,067,1510023,22833,22356,27,22383,422
2020-09-27,San Benito,069,59416,1346,1331,0,1331,11
2020-09-27,San Bernardino,071,2135413,54965,53127,350,53477,988
2020-09-27,San Diego,073,3302833,48285,46612,987,47599,776
2020-09-27,San Francisco,075,870044,11362,11114,28,11142,100
2020-09-27,San Joaquin,077,732212,20345,19981,59,20040,448
2020-09-27,San Luis Obispo,079,281455,3796,3562,17,3579,31
2020-09-27,San Mateo,081,765935,10249,9566,10,9576,127
2020-09-27,Santa Barbara,083,443738,9247,9090,76,9166,114
2020-09-27,Santa Clara,085,1922200,22310,21091,46,21137,271
2020-09-27,Santa Cruz,087,273765,2481,2359,31,2390,9
2020-09-27,Shasta,089,179085,1189,883,9,892,17
2020-09-27,Sierra,091,2930,6,6,0,6,0
2020-09-27,Siskiyou,093,43540,156,149,10,159,0
2020-09-27,Solano,095,438530,6452,6211,37,6248,51
2020-09-27,Sonoma,097,501317,7773,7336,22,7358,124
2020-09-27,Stanislaus,099,539301,16617,16448,528,16976,336
2020-09-27,Sutter,101,95872,1689,1672,1,1673,10
2020-09-27,Tehama,103,63373,603,573,2,575,2
2020-09-27,Trinity,105,12862,56,16,8,24,0
2020-09-27,Tulare,107,460477,16495,15918,128,16046,270
2020-09-27,Tuolumne,109,53932,233,224,6,230,2
2020-09-27,Ventura,111,848112,13478,12775,169,12944,139
2020-09-27,Yolo,113,214977,2848,2796,7,2803,55
2020-09-27,Yuba,115,75493,1098,1059,3,1062,7
2020-09-26,Alameda,001,1643700,21557,21019,175,21194,370
2020-09-26,Alpine,002,1148,3,2,0,2,0
2020-09-26,Amador,005,37829,295,291,0,291,16
2020-09-26,Butte,007,227075,2934,2827,53,2880,44
2020-09-26,Calaveras,009,45235,311,257,0,257,11
2020-09-26,Colusa,011,21464,533,529,0,529,6
2020-09-26,Contra Costa,013,1133247,17241,16508,80,16588,194
2020-09-26,Del Norte,015,27424,142,138,0,138,2
2020-09-26,El Dorado,017,186661,1212,1127,10,1137,4
2020-09-26,Fresno,019,978130,30799,28336,379,28715,389
2020-09-26,Glenn,021,27897,596,576,0,576,3
2020-09-26,Humboldt,023,135768,507,491,1,492,6
2020-09-26,Imperial,025,180216,11881,10721,9,10730,283
2020-09-26,Inyo,027,18085,191,187,4,191,14
2020-09-26,Kern,029,883053,32070,31410,330,31740,394
2020-09-26,Kings,031,150075,7843,7537,36,7573,78
2020-09-26,Lake,033,64148,586,549,0,549,10
2020-09-26,Lassen,035,31185,749,737,2,739,0
2020-09-26,Los Angeles,037,10098052,269535,266931,1857,268788,6497
2020-09-26,Madera,039,155013,4589,4410,30,4440,47
2020-09-26,Marin,041,260295,6752,6641,17,6658,91
2020-09-26,Mariposa,043,17540,76,74,0,74,2
2020-09-26,Mendocino,045,87422,898,836,4,840,17
2020-09-26,Merced,047,269075,8965,8841,21,8862,136
2020-09-26,Modoc,049,8938,29,26,0,26,0
2020-09-26,Mono,051,14174,169,148,3,151,1
2020-09-26,Monterey,053,433212,10012,9651,27,9678,68
2020-09-26,Napa,055,140530,1749,1681,8,1689,11
2020-09-26,Nevada,057,99092,542,534,16,550,6
2020-09-26,Orange,059,3164182,55284,52203,1473,53676,1194
2020-09-26,Placer,061,380077,3657,3551,13,3564,42
2020-09-26,Plumas,063,18699,49,48,0,48,0
2020-09-26,Riverside,065,2383286,59743,58076,178,58254,1190
2020-09-26,Sacramento,067,1510023,22775,22269,27,22296,421
2020-09-26,San Benito,069,59416,1344,1325,0,1325,11
2020-09-26,San Bernardino,071,2135413,54832,53122,350,53472,988
2020-09-26,San Diego,073,3302833,48080,46333,973,47306,775
2020-09-26,San Francisco,075,870044,11333,11113,28,11141,100
2020-09-26,San Joaquin,077,732212,20309,19982,57,20039,449
2020-09-26,San Luis Obispo,079,281455,3780,3546,17,3563,31
2020-09-26,San Mateo,081,765935,10215,9509,10,9519,127
2020-09-26,Santa Barbara,083,443738,9236,9061,76,9137,114
2020-09-26,Santa Clara,085,1922200,22239,20967,45,21012,270
2020-09-26,Santa Cruz,087,273765,2473,2336,31,2367,9
2020-09-26,Shasta,089,179085,1139,856,8,864,17
2020-09-26,Sierra,091,2930,6,6,0,6,0
2020-09-26,Siskiyou,093,43540,155,149,10,159,0
2020-09-26,Solano,095,438530,6433,6209,37,6246,51
2020-09-26,Sonoma,097,501317,7748,7285,21,7306,124
2020-09-26,Stanislaus,099,539301,16592,16421,520,16941,336
2020-09-26,Sutter,101,95872,1684,1662,1,1663,10
2020-09-26,Tehama,103,63373,591,560,2,562,2
2020-09-26,Trinity,105,12862,54,16,8,24,0
2020-09-26,Tulare,107,460477,16470,15881,126,16007,270
2020-09-26,Tuolumne,109,53932,233,223,6,229,2
2020-09-26,Ventura,111,848112,13443,12729,168,12897,137
2020-09-26,Yolo,113,214977,2846,2789,7,2796,55
2020-09-26,Yuba,115,75493,1094,1056,3,1059,7
2020-09-25,Alameda,001,1643700,21503,20911,175,21086,367
2020-09-25,Alpine,002,1148,3,2,0,2,0
2020-09-25,Amador,005,37829,295,289,0,289,16
2020-09-25,Butte,007,227075,2929,2819,53,2872,43
2020-09-25,Calaveras,009,45235,311,257,0,257,11
2020-09-25,Colusa,011,21464,533,528,0,528,6
2020-09-25,Contra Costa,013,1133247,17183,16401,80,16481,194
2020-09-25,Del Norte,015,27424,142,138,0,138,2
2020-09-25,El Dorado,017,186661,1208,1104,10,1114,4
2020-09-25,Fresno,019,978130,30739,28199,378,28577,385
2020-09-25,Glenn,021,27897,594,570,0,570,3
2020-09-25,Humboldt,023,135768,506,489,1,490,5
2020-09-25,Imperial,025,180216,11863,10681,9,10690,283
2020-09-25,Inyo,027,18085,189,187,4,191,14
2020-09-25,Kern,029,883053,32017,31333,328,31661,393
2020-09-25,Kings,031,150075,7838,7450,36,7486,77
2020-09-25,Lake,033,64148,585,539,0,539,9
2020-09-25,Lassen,035,31185,749,737,2,739,0
2020-09-25,Los Angeles,037,10098052,268741,265713,1844,267557,6483
2020-09-25,Madera,039,155013,4570,4369,30,4399,48
2020-09-25,Marin,041,260295,6749,6622,17,6639,90
2020-09-25,Mariposa,043,17540,76,74,0,74,2
2020-09-25,Mendocino,045,87422,883,819,3,822,17
2020-09-25,Merced,047,269075,8949,8830,21,8851,135
2020-09-25,Modoc,049,8938,29,26,0,26,0
2020-09-25,Mono,051,14174,169,149,3,152,1
2020-09-25,Monterey,053,433212,9960,9581,27,9608,68
2020-09-25,Napa,055,140530,1747,1669,8,1677,11
2020-09-25,Nevada,057,99092,540,529,16,545,6
2020-09-25,Orange,059,3164182,55157,52031,1465,53496,1184
2020-09-25,Placer,061,380077,3646,3527,13,3540,41
2020-09-25,Plumas,063,18699,49,48,0,48,0
2020-09-25,Riverside,065,2383286,59567,57783,173,57956,1183
2020-09-25,Sacramento,067,1510023,22698,22132,27,22159,418
2020-09-25,San Benito,069,59416,1343,1318,0,1318,11
2020-09-25,San Bernardino,071,2135413,54678,52814,350,53164,987
2020-09-25,San Diego,073,3302833,47878,46003,957,46960,775
2020-09-25,San Francisco,075,870044,11299,11066,27,11093,100
2020-09-25,San Joaquin,077,732212,20257,19909,57,19966,449
2020-09-25,San Luis Obispo,079,281455,3768,3512,17,3529,31
2020-09-25,San Mateo,081,765935,10179,9447,10,9457,127
2020-09-25,Santa Barbara,083,443738,9212,9026,76,9102,114
2020-09-25,Santa Clara,085,1922200,22174,20812,44,20856,265
2020-09-25,Santa Cruz,087,273765,2461,2309,30,2339,9
2020-09-25,Shasta,089,179085,1105,806,8,814,16
2020-09-25,Sierra,091,2930,6,6,0,6,0
2020-09-25,Siskiyou,093,43540,155,149,10,159,0
2020-09-25,Solano,095,438530,6417,6179,37,6216,50
2020-09-25,Sonoma,097,501317,7708,7202,21,7223,124
2020-09-25,Stanislaus,099,539301,16574,16381,518,16899,326
2020-09-25,Sutter,101,95872,1681,1655,1,1656,10
2020-09-25,Tehama,103,63373,583,546,2,548,2
2020-09-25,Trinity,105,12862,54,15,8,23,0
2020-09-25,Tulare,107,460477,16430,15815,125,15940,267
2020-09-25,Tuolumne,109,53932,233,223,6,229,2
2020-09-25,Ventura,111,848112,13400,12664,165,12829,137
2020-09-25,Yolo,113,214977,2838,2784,7,2791,55
2020-09-25,Yuba,115,75493,1089,1049,3,1052,5
2020-09-24,Alameda,001,1643700,21428,20838,172,21010,364
2020-09-24,Alpine,002,1148,3,2,0,2,0
2020-09-24,Amador,005,37829,295,288,0,288,16
2020-09-24,Butte,007,227075,2918,2803,53,2856,43
2020-09-24,Calaveras,009,45235,311,258,0,258,11
2020-09-24,Colusa,011,21464,533,523,0,523,6
2020-09-24,Contra Costa,013,1133247,17100,16252,80,16332,192
2020-09-24,Del Norte,015,27424,138,137,0,137,2
2020-09-24,El Dorado,017,186661,1199,1093,10,1103,4
2020-09-24,Fresno,019,978130,30633,28106,373,28479,375
2020-09-24,Glenn,021,27897,590,567,0,567,3
2020-09-24,Humboldt,023,135768,503,482,1,483,5
2020-09-24,Imperial,025,180216,11839,10622,9,10631,283
2020-09-24,Inyo,027,18085,189,187,4,191,13
2020-09-24,Kern,029,883053,31954,31273,326,31599,388
2020-09-24,Kings,031,150075,7822,7428,36,7464,76
2020-09-24,Lake,033,64148,576,531,0,531,9
2020-09-24,Lassen,035,31185,748,737,2,739,0
2020-09-24,Los Angeles,037,10098052,267699,264374,1827,266201,6452
2020-09-24,Madera,039,155013,4551,4344,30,4374,48
2020-09-24,Marin,041,260295,6721,6588,17,6605,85
2020-09-24,Mariposa,043,17540,76,74,0,74,2
2020-09-24,Mendocino,045,87422,879,810,3,813,17
2020-09-24,Merced,047,269075,8919,8813,20,8833,135
2020-09-24,Modoc,049,8938,29,24,0,24,0
2020-09-24,Mono,051,14174,169,149,3,152,1
2020-09-24,Monterey,053,433212,9894,9544,25,9569,67
2020-09-24,Napa,055,140530,1735,1661,8,1669,11
2020-09-24,Nevada,057,99092,539,527,16,543,6
2020-09-24,Orange,059,3164182,54951,51749,1447,53196,1164
2020-09-24,Placer,061,380077,3632,3514,13,3527,41
2020-09-24,Plumas,063,18699,49,48,0,48,0
2020-09-24,Riverside,065,2383286,59302,57491,167,57658,1172
2020-09-24,Sacramento,067,1510023,22570,21985,26,22011,417
2020-09-24,San Benito,069,59416,1341,1308,0,1308,11
2020-09-24,San Bernardino,071,2135413,54341,52455,349,52804,988
2020-09-24,San Diego,073,3302833,47609,45598,942,46540,773
2020-09-24,San Francisco,075,870044,11252,10992,27,11019,99
2020-09-24,San Joaquin,077,732212,20219,19851,55,19906,444
2020-09-24,San Luis Obispo,079,281455,3752,3480,17,3497,31
2020-09-24,San Mateo,081,765935,10131,9376,10,9386,127
2020-09-24,Santa Barbara,083,443738,9159,8988,75,9063,114
2020-09-24,Santa Clara,085,1922200,22086,20689,44,20733,262
2020-09-24,Santa Cruz,087,273765,2441,2300,28,2328,9
2020-09-24,Shasta,089,179085,1068,773,5,778,14
2020-09-24,Sierra,091,2930,6,6,0,6,0
2020-09-24,Siskiyou,093,43540,155,149,10,159,0
2020-09-24,Solano,095,438530,6384,6137,37,6174,49
2020-09-24,Sonoma,097,501317,7627,7163,21,7184,122
2020-09-24,Stanislaus,099,539301,16538,16326,513,16839,326
2020-09-24,Sutter,101,95872,1678,1646,1,1647,10
2020-09-24,Tehama,103,63373,580,540,2,542,2
2020-09-24,Trinity,105,12862,54,15,8,23,0
2020-09-24,Tulare,107,460477,16365,15754,124,15878,267
2020-09-24,Tuolumne,109,53932,233,224,6,230,2
2020-09-24,Ventura,111,848112,13318,12617,164,12781,138
2020-09-24,Yolo,113,214977,2831,2776,7,2783,55
2020-09-24,Yuba,115,75493,1084,1042,3,1045,5
2020-09-23,Alameda,001,1643700,21359,20718,170,20888,361
2020-09-23,Alpine,002,1148,3,2,0,2,0
2020-09-23,Amador,005,37829,294,288,0,288,16
2020-09-23,Butte,007,227075,2910,2790,53,2843,43
2020-09-23,Calaveras,009,45235,310,258,0,258,11
2020-09-23,Colusa,011,21464,532,521,0,521,6
2020-09-23,Contra Costa,013,1133247,17040,16167,80,16247,192
2020-09-23,Del Norte,015,27424,136,137,0,137,2
2020-09-23,El Dorado,017,186661,1185,1088,10,1098,4
2020-09-23,Fresno,019,978130,30540,28019,371,28390,371
2020-09-23,Glenn,021,27897,583,561,0,561,3
2020-09-23,Humboldt,023,135768,499,477,1,478,5
2020-09-23,Imperial,025,180216,11814,10587,9,10596,284
2020-09-23,Inyo,027,18085,188,177,4,181,13
2020-09-23,Kern,029,883053,31910,31172,324,31496,387
2020-09-23,Kings,031,150075,7800,7406,36,7442,76
2020-09-23,Lake,033,64148,571,519,0,519,9
2020-09-23,Lassen,035,31185,748,736,2,738,0
2020-09-23,Los Angeles,037,10098052,266680,263318,1800,265118,6421
2020-09-23,Madera,039,155013,4536,4311,30,4341,48
2020-09-23,Marin,041,260295,6703,6567,17,6584,85
2020-09-23,Mariposa,043,17540,76,74,0,74,2
2020-09-23,Mendocino,045,87422,878,801,2,803,17
2020-09-23,Merced,047,269075,8898,8785,19,8804,134
2020-09-23,Modoc,049,8938,29,24,0,24,0
2020-09-23,Mono,051,14174,169,149,3,152,1
2020-09-23,Monterey,053,433212,9825,9452,24,9476,67
2020-09-23,Napa,055,140530,1726,1653,8,1661,11
2020-09-23,Nevada,057,99092,538,523,16,539,6
2020-09-23,Orange,059,3164182,54723,51658,1439,53097,1155
2020-09-23,Placer,061,380077,3620,3506,13,3519,41
2020-09-23,Plumas,063,18699,49,48,0,48,0
2020-09-23,Riverside,065,2383286,58996,57257,164,57421,1165
2020-09-23,Sacramento,067,1510023,22494,21821,26,21847,415
2020-09-23,San Benito,069,59416,1335,1305,0,1305,10
2020-09-23,San Bernardino,071,2135413,54048,52132,347,52479,973
2020-09-23,San Diego,073,3302833,47333,45427,923,46350,767
2020-09-23,San Francisco,075,870044,11203,10926,27,10953,95
2020-09-23,San Joaquin,077,732212,20165,19785,55,19840,439
2020-09-23,San Luis Obispo,079,281455,3734,3447,17,3464,31
2020-09-23,San Mateo,081,765935,10091,9351,10,9361,127
2020-09-23,Santa Barbara,083,443738,9130,8952,75,9027,112
2020-09-23,Santa Clara,085,1922200,21976,20575,41,20616,260
2020-09-23,Santa Cruz,087,273765,2422,2283,28,2311,9
2020-09-23,Shasta,089,179085,1029,756,4,760,14
2020-09-23,Sierra,091,2930,6,6,0,6,0
2020-09-23,Siskiyou,093,43540,155,149,10,159,0
2020-09-23,Solano,095,438530,6358,6123,37,6160,50
2020-09-23,Sonoma,097,501317,7551,7091,21,7112,122
2020-09-23,Stanislaus,099,539301,16508,16271,510,16781,317
2020-09-23,Sutter,101,95872,1674,1646,1,1647,10
2020-09-23,Tehama,103,63373,574,533,2,535,2
2020-09-23,Trinity,105,12862,53,15,8,23,0
2020-09-23,Tulare,107,460477,16300,15664,123,15787,266
2020-09-23,Tuolumne,109,53932,233,223,6,229,2
2020-09-23,Ventura,111,848112,13262,12591,162,12753,137
2020-09-23,Yolo,113,214977,2813,2766,7,2773,55
2020-09-23,Yuba,115,75493,1082,1038,3,1041,5
2020-09-22,Alameda,001,1643700,21280,20607,168,20775,355
2020-09-22,Alpine,002,1148,2,2,0,2,0
2020-09-22,Amador,005,37829,293,287,0,287,16
2020-09-22,Butte,007,227075,2904,2776,53,2829,43
2020-09-22,Calaveras,009,45235,310,258,0,258,11
2020-09-22,Colusa,011,21464,530,518,0,518,6
2020-09-22,Contra Costa,013,1133247,16950,16090,80,16170,190
2020-09-22,Del Norte,015,27424,136,137,0,137,2
2020-09-22,El Dorado,017,186661,1166,1076,10,1086,4
2020-09-22,Fresno,019,978130,30445,27944,368,28312,369
2020-09-22,Glenn,021,27897,580,560,0,560,3
2020-09-22,Humboldt,023,135768,498,476,1,477,5
2020-09-22,Imperial,025,180216,11785,10529,9,10538,284
2020-09-22,Inyo,027,18085,188,177,4,181,13
2020-09-22,Kern,029,883053,31843,31110,317,31427,383
2020-09-22,Kings,031,150075,7743,7395,35,7430,76
2020-09-22,Lake,033,64148,565,516,0,516,9
2020-09-22,Lassen,035,31185,747,736,2,738,0
2020-09-22,Los Angeles,037,10098052,265614,262117,1774,263891,6394
2020-09-22,Madera,039,155013,4520,4303,30,4333,47
2020-09-22,Marin,041,260295,6690,6561,17,6578,84
2020-09-22,Mariposa,043,17540,76,74,0,74,2
2020-09-22,Mendocino,045,87422,858,794,1,795,18
2020-09-22,Merced,047,269075,8865,8769,19,8788,132
2020-09-22,Modoc,049,8938,29,24,0,24,0
2020-09-22,Mono,051,14174,168,149,3,152,1
2020-09-22,Monterey,053,433212,9767,9393,23,9416,67
2020-09-22,Napa,055,140530,1709,1652,8,1660,11
2020-09-22,Nevada,057,99092,538,523,16,539,6
2020-09-22,Orange,059,3164182,54472,51528,1430,52958,1132
2020-09-22,Placer,061,380077,3608,3492,13,3505,40
2020-09-22,Plumas,063,18699,49,48,0,48,0
2020-09-22,Riverside,065,2383286,58512,57066,160,57226,1162
2020-09-22,Sacramento,067,1510023,22375,21745,26,21771,410
2020-09-22,San Benito,069,59416,1330,1305,0,1305,10
2020-09-22,San Bernardino,071,2135413,53774,51899,347,52246,971
2020-09-22,San Diego,073,3302833,47026,45149,904,46053,765
2020-09-22,San Francisco,075,870044,11159,10893,26,10919,95
2020-09-22,San Joaquin,077,732212,20118,19755,54,19809,426
2020-09-22,San Luis Obispo,079,281455,3712,3420,17,3437,31
2020-09-22,San Mateo,081,765935,10053,9291,10,9301,127
2020-09-22,Santa Barbara,083,443738,9100,8927,74,9001,111
2020-09-22,Santa Clara,085,1922200,21857,20514,41,20555,253
2020-09-22,Santa Cruz,087,273765,2398,2264,28,2292,8
2020-09-22,Shasta,089,179085,994,723,4,727,14
2020-09-22,Sierra,091,2930,6,6,0,6,0
2020-09-22,Siskiyou,093,43540,155,149,10,159,0
2020-09-22,Solano,095,438530,6327,6107,37,6144,48
2020-09-22,Sonoma,097,501317,7472,7068,20,7088,117
2020-09-22,Stanislaus,099,539301,16485,16231,503,16734,316
2020-09-22,Sutter,101,95872,1668,1638,1,1639,10
2020-09-22,Tehama,103,63373,566,529,2,531,2
2020-09-22,Trinity,105,12862,53,15,8,23,0
2020-09-22,Tulare,107,460477,16233,15616,120,15736,263
2020-09-22,Tuolumne,109,53932,232,224,6,230,1
2020-09-22,Ventura,111,848112,13210,12507,158,12665,136
2020-09-22,Yolo,113,214977,2806,2763,7,2770,54
2020-09-22,Yuba,115,75493,1073,1035,3,1038,5
2020-09-21,Alameda,001,1643700,21201,20501,167,20668,343
2020-09-21,Alpine,002,1148,2,2,0,2,0
2020-09-21,Amador,005,37829,291,286,0,286,16
2020-09-21,Butte,007,227075,2890,2769,53,2822,41
2020-09-21,Calaveras,009,45235,308,256,0,256,10
2020-09-21,Colusa,011,21464,529,517,0,517,6
2020-09-21,Contra Costa,013,1133247,16870,16008,80,16088,189
2020-09-21,Del Norte,015,27424,136,132,0,132,2
2020-09-21,El Dorado,017,186661,1157,1074,10,1084,4
2020-09-21,Fresno,019,978130,30343,27843,361,28204,362
2020-09-21,Glenn,021,27897,576,556,0,556,3
2020-09-21,Humboldt,023,135768,494,473,1,474,5
2020-09-21,Imperial,025,180216,11754,10521,9,10530,284
2020-09-21,Inyo,027,18085,187,177,4,181,12
2020-09-21,Kern,029,883053,31772,31031,315,31346,379
2020-09-21,Kings,031,150075,7630,7297,34,7331,76
2020-09-21,Lake,033,64148,560,508,0,508,8
2020-09-21,Lassen,035,31185,745,735,2,737,0
2020-09-21,Los Angeles,037,10098052,264528,261418,1729,263147,6360
2020-09-21,Madera,039,155013,4509,4275,29,4304,47
2020-09-21,Marin,041,260295,6678,6538,16,6554,84
2020-09-21,Mariposa,043,17540,75,74,0,74,2
2020-09-21,Mendocino,045,87422,843,778,0,778,18
2020-09-21,Merced,047,269075,8842,8749,19,8768,128
2020-09-21,Modoc,049,8938,29,22,0,22,0
2020-09-21,Mono,051,14174,168,147,3,150,1
2020-09-21,Monterey,053,433212,9703,9331,20,9351,66
2020-09-21,Napa,055,140530,1698,1641,8,1649,11
2020-09-21,Nevada,057,99092,536,515,16,531,6
2020-09-21,Orange,059,3164182,54250,51363,1423,52786,1110
2020-09-21,Placer,061,380077,3598,3473,13,3486,40
2020-09-21,Plumas,063,18699,49,47,0,47,0
2020-09-21,Riverside,065,2383286,58240,57001,153,57154,1153
2020-09-21,Sacramento,067,1510023,22193,21568,26,21594,404
2020-09-21,San Benito,069,59416,1328,1298,0,1298,10
2020-09-21,San Bernardino,071,2135413,53487,51654,347,52001,970
2020-09-21,San Diego,073,3302833,46742,44927,883,45810,760
2020-09-21,San Francisco,075,870044,11111,10743,26,10769,95
2020-09-21,San Joaquin,077,732212,20061,19579,54,19633,423
2020-09-21,San Luis Obispo,079,281455,3686,3406,17,3423,27
2020-09-21,San Mateo,081,765935,10001,9239,10,9249,127
2020-09-21,Santa Barbara,083,443738,9072,8911,74,8985,110
2020-09-21,Santa Clara,085,1922200,21757,20432,41,20473,252
2020-09-21,Santa Cruz,087,273765,2382,2257,26,2283,8
2020-09-21,Shasta,089,179085,944,696,4,700,14
2020-09-21,Sierra,091,2930,6,6,0,6,0
2020-09-21,Siskiyou,093,43540,155,146,10,156,0
2020-09-21,Solano,095,438530,6303,6019,37,6056,46
2020-09-21,Sonoma,097,501317,7396,7017,20,7037,117
2020-09-21,Stanislaus,099,539301,16455,16186,503,16689,310
2020-09-21,Sutter,101,95872,1661,1634,1,1635,10
2020-09-21,Tehama,103,63373,547,513,2,515,2
2020-09-21,Trinity,105,12862,53,15,8,23,0
2020-09-21,Tulare,107,460477,16160,15528,111,15639,260
2020-09-21,Tuolumne,109,53932,232,221,6,227,1
2020-09-21,Ventura,111,848112,13126,12477,152,12629,133
2020-09-21,Yolo,113,214977,2800,2752,7,2759,54
2020-09-21,Yuba,115,75493,1069,1033,3,1036,1
2020-09-20,Alameda,001,1643700,21100,20425,164,20589,343
2020-09-20,Alpine,002,1148,2,2,0,2,0
2020-09-20,Amador,005,37829,290,286,0,286,16
2020-09-20,Butte,007,227075,2878,2764,53,2817,39
2020-09-20,Calaveras,009,45235,304,256,0,256,10
2020-09-20,Colusa,011,21464,527,510,0,510,6
2020-09-20,Contra Costa,013,1133247,16753,15917,79,15996,189
2020-09-20,Del Norte,015,27424,134,132,0,132,2
2020-09-20,El Dorado,017,186661,1142,1073,10,1083,4
2020-09-20,Fresno,019,978130,30230,27769,356,28125,362
2020-09-20,Glenn,021,27897,572,550,0,550,3
2020-09-20,Humboldt,023,135768,494,472,1,473,5
2020-09-20,Imperial,025,180216,11727,10496,8,10504,284
2020-09-20,Inyo,027,18085,187,177,4,181,12
2020-09-20,Kern,029,883053,31688,30992,311,31303,379
2020-09-20,Kings,031,150075,7583,7159,33,7192,76
2020-09-20,Lake,033,64148,548,492,0,492,8
2020-09-20,Lassen,035,31185,745,735,2,737,0
2020-09-20,Los Angeles,037,10098052,263300,260770,1705,262475,6347
2020-09-20,Madera,039,155013,4489,4257,29,4286,47
2020-09-20,Marin,041,260295,6654,6533,16,6549,83
2020-09-20,Mariposa,043,17540,75,74,0,74,2
2020-09-20,Mendocino,045,87422,831,765,0,765,18
2020-09-20,Merced,047,269075,8815,8745,19,8764,128
2020-09-20,Modoc,049,8938,27,22,0,22,0
2020-09-20,Mono,051,14174,167,147,3,150,1
2020-09-20,Monterey,053,433212,9624,9312,20,9332,65
2020-09-20,Napa,055,140530,1689,1626,8,1634,11
2020-09-20,Nevada,057,99092,533,511,16,527,6
2020-09-20,Orange,059,3164182,54009,51233,1413,52646,1110
2020-09-20,Placer,061,380077,3584,3452,13,3465,40
2020-09-20,Plumas,063,18699,49,47,0,47,0
2020-09-20,Riverside,065,2383286,58039,56783,147,56930,1147
2020-09-20,Sacramento,067,1510023,22006,21394,25,21419,401
2020-09-20,San Benito,069,59416,1317,1291,0,1291,9
2020-09-20,San Bernardino,071,2135413,53170,51559,345,51904,970
2020-09-20,San Diego,073,3302833,46369,44579,854,45433,760
2020-09-20,San Francisco,075,870044,11057,10743,26,10769,95
2020-09-20,San Joaquin,077,732212,19997,19578,47,19625,423
2020-09-20,San Luis Obispo,079,281455,3659,3393,17,3410,27
2020-09-20,San Mateo,081,765935,9935,9198,10,9208,127
2020-09-20,Santa Barbara,083,443738,9036,8880,73,8953,110
2020-09-20,Santa Clara,085,1922200,21638,20330,40,20370,252
2020-09-20,Santa Cruz,087,273765,2362,2199,26,2225,8
2020-09-20,Shasta,089,179085,903,696,3,699,14
2020-09-20,Sierra,091,2930,6,6,0,6,0
2020-09-20,Siskiyou,093,43540,155,146,10,156,0
2020-09-20,Solano,095,438530,6259,6020,37,6057,46
2020-09-20,Sonoma,097,501317,7292,6954,20,6974,117
2020-09-20,Stanislaus,099,539301,16423,16159,496,16655,310
2020-09-20,Sutter,101,95872,1655,1624,1,1625,10
2020-09-20,Tehama,103,63373,534,509,2,511,2
2020-09-20,Trinity,105,12862,53,15,8,23,0
2020-09-20,Tulare,107,460477,16074,15528,104,15632,260
2020-09-20,Tuolumne,109,53932,232,221,6,227,1
2020-09-20,Ventura,111,848112,13060,12406,148,12554,133
2020-09-20,Yolo,113,214977,2792,2745,7,2752,54
2020-09-20,Yuba,115,75493,1062,1029,3,1032,1
2020-09-19,Alameda,001,1643700,21050,20349,161,20510,343
2020-09-19,Alpine,002,1148,2,2,0,2,0
2020-09-19,Amador,005,37829,290,285,0,285,16
2020-09-19,Butte,007,227075,2872,2748,53,2801,38
2020-09-19,Calaveras,009,45235,304,256,0,256,10
2020-09-19,Colusa,011,21464,527,507,0,507,6
2020-09-19,Contra Costa,013,1133247,16691,15783,79,15862,186
2020-09-19,Del Norte,015,27424,133,132,0,132,2
2020-09-19,El Dorado,017,186661,1136,1068,9,1077,4
2020-09-19,Fresno,019,978130,30157,27668,356,28024,362
2020-09-19,Glenn,021,27897,569,547,0,547,3
2020-09-19,Humboldt,023,135768,493,471,1,472,5
2020-09-19,Imperial,025,180216,11712,10496,8,10504,284
2020-09-19,Inyo,027,18085,187,177,4,181,12
2020-09-19,Kern,029,883053,31636,30886,308,31194,379
2020-09-19,Kings,031,150075,7577,7130,33,7163,76
2020-09-19,Lake,033,64148,548,465,0,465,8
2020-09-19,Lassen,035,31185,745,731,2,733,0
2020-09-19,Los Angeles,037,10098052,262676,259801,1691,261492,6325
2020-09-19,Madera,039,155013,4466,4237,29,4266,47
2020-09-19,Marin,041,260295,6647,6513,15,6528,81
2020-09-19,Mariposa,043,17540,75,74,0,74,2
2020-09-19,Mendocino,045,87422,828,750,0,750,18
2020-09-19,Merced,047,269075,8804,8717,18,8735,128
2020-09-19,Modoc,049,8938,27,22,0,22,0
2020-09-19,Mono,051,14174,167,147,3,150,1
2020-09-19,Monterey,053,433212,9582,9237,20,9257,65
2020-09-19,Napa,055,140530,1681,1614,8,1622,11
2020-09-19,Nevada,057,99092,531,505,16,521,6
2020-09-19,Orange,059,3164182,53881,50999,1406,52405,1105
2020-09-19,Placer,061,380077,3575,3412,13,3425,40
2020-09-19,Plumas,063,18699,49,47,0,47,0
2020-09-19,Riverside,065,2383286,57912,56562,146,56708,1147
2020-09-19,Sacramento,067,1510023,21952,21297,25,21322,396
2020-09-19,San Benito,069,59416,1313,1276,0,1276,9
2020-09-19,San Bernardino,071,2135413,53012,51353,342,51695,971
2020-09-19,San Diego,073,3302833,46141,44295,831,45126,773
2020-09-19,San Francisco,075,870044,11024,10741,26,10767,95
2020-09-19,San Joaquin,077,732212,19961,19580,47,19627,424
2020-09-19,San Luis Obispo,079,281455,3638,3369,17,3386,27
2020-09-19,San Mateo,081,765935,9904,9158,10,9168,127
2020-09-19,Santa Barbara,083,443738,9016,8862,73,8935,106
2020-09-19,Santa Clara,085,1922200,21549,20170,40,20210,251
2020-09-19,Santa Cruz,087,273765,2348,2198,25,2223,8
2020-09-19,Shasta,089,179085,876,687,3,690,14
2020-09-19,Sierra,091,2930,6,6,0,6,0
2020-09-19,Siskiyou,093,43540,155,146,10,156,0
2020-09-19,Solano,095,438530,6243,5998,37,6035,46
2020-09-19,Sonoma,097,501317,7259,6905,20,6925,117
2020-09-19,Stanislaus,099,539301,16382,16109,489,16598,313
2020-09-19,Sutter,101,95872,1654,1602,1,1603,10
2020-09-19,Tehama,103,63373,529,498,2,500,2
2020-09-19,Trinity,105,12862,53,15,8,23,0
2020-09-19,Tulare,107,460477,16026,15485,101,15586,260
2020-09-19,Tuolumne,109,53932,232,217,6,223,1
2020-09-19,Ventura,111,848112,13028,12328,148,12476,133
2020-09-19,Yolo,113,214977,2784,2739,7,2746,54
2020-09-19,Yuba,115,75493,1055,1023,3,1026,1
2020-09-18,Alameda,001,1643700,20984,20222,155,20377,341
2020-09-18,Alpine,002,1148,2,2,0,2,0
2020-09-18,Amador,005,37829,290,285,0,285,16
2020-09-18,Butte,007,227075,2870,2738,53,2791,37
2020-09-18,Calaveras,009,45235,304,255,0,255,9
2020-09-18,Colusa,011,21464,527,504,0,504,6
2020-09-18,Contra Costa,013,1133247,16601,15667,79,15746,185
2020-09-18,Del Norte,015,27424,133,131,0,131,2
2020-09-18,El Dorado,017,186661,1123,1063,9,1072,4
2020-09-18,Fresno,019,978130,30093,27560,356,27916,359
2020-09-18,Glenn,021,27897,566,541,0,541,3
2020-09-18,Humboldt,023,135768,490,470,1,471,5
2020-09-18,Imperial,025,180216,11697,10460,8,10468,283
2020-09-18,Inyo,027,18085,187,177,4,181,12
2020-09-18,Kern,029,883053,31576,30742,305,31047,373
2020-09-18,Kings,031,150075,7567,7062,33,7095,74
2020-09-18,Lake,033,64148,542,458,0,458,8
2020-09-18,Lassen,035,31185,744,731,2,733,0
2020-09-18,Los Angeles,037,10098052,261914,258488,1673,260161,6324
2020-09-18,Madera,039,155013,4455,4211,29,4240,45
2020-09-18,Marin,041,260295,6631,6475,15,6490,81
2020-09-18,Mariposa,043,17540,75,74,0,74,2
2020-09-18,Mendocino,045,87422,820,739,0,739,18
2020-09-18,Merced,047,269075,8794,8691,17,8708,127
2020-09-18,Modoc,049,8938,27,22,0,22,0
2020-09-18,Mono,051,14174,165,147,3,150,1
2020-09-18,Monterey,053,433212,9541,9183,20,9203,64
2020-09-18,Napa,055,140530,1675,1604,8,1612,11
2020-09-18,Nevada,057,99092,528,504,16,520,6
2020-09-18,Orange,059,3164182,53735,50733,1394,52127,1107
2020-09-18,Placer,061,380077,3564,3389,13,3402,40
2020-09-18,Plumas,063,18699,49,45,0,45,0
2020-09-18,Riverside,065,2383286,57789,56248,141,56389,1143
2020-09-18,Sacramento,067,1510023,21868,21105,25,21130,391
2020-09-18,San Benito,069,59416,1305,1257,0,1257,8
2020-09-18,San Bernardino,071,2135413,52867,51106,339,51445,970
2020-09-18,San Diego,073,3302833,45891,44009,826,44835,757
2020-09-18,San Francisco,075,870044,10986,10644,25,10669,95
2020-09-18,San Joaquin,077,732212,19918,19531,46,19577,423
2020-09-18,San Luis Obispo,079,281455,3614,3328,17,3345,27
2020-09-18,San Mateo,081,765935,9864,9062,10,9072,127
2020-09-18,Santa Barbara,083,443738,8995,8824,73,8897,107
2020-09-18,Santa Clara,085,1922200,21452,20058,40,20098,252
2020-09-18,Santa Cruz,087,273765,2328,2180,24,2204,8
2020-09-18,Shasta,089,179085,841,668,3,671,14
2020-09-18,Sierra,091,2930,6,6,0,6,0
2020-09-18,Siskiyou,093,43540,154,146,10,156,0
2020-09-18,Solano,095,438530,6227,5961,37,5998,46
2020-09-18,Sonoma,097,501317,7212,6856,20,6876,114
2020-09-18,Stanislaus,099,539301,16352,16042,483,16525,277
2020-09-18,Sutter,101,95872,1647,1586,1,1587,10
2020-09-18,Tehama,103,63373,529,490,2,492,2
2020-09-18,Trinity,105,12862,53,15,7,22,0
2020-09-18,Tulare,107,460477,15993,15435,97,15532,259
2020-09-18,Tuolumne,109,53932,231,216,6,222,1
2020-09-18,Ventura,111,848112,12967,12236,144,12380,133
2020-09-18,Yolo,113,214977,2778,2732,7,2739,54
2020-09-18,Yuba,115,75493,1051,1020,3,1023,1
2020-09-17,Alameda,001,1643700,20885,20146,155,20301,339
2020-09-17,Alpine,002,1148,2,2,0,2,0
2020-09-17,Amador,005,37829,288,284,0,284,16
2020-09-17,Butte,007,227075,2853,2720,53,2773,38
2020-09-17,Calaveras,009,45235,304,254,0,254,9
2020-09-17,Colusa,011,21464,525,499,0,499,6
2020-09-17,Contra Costa,013,1133247,16516,15576,79,15655,184
2020-09-17,Del Norte,015,27424,133,131,0,131,2
2020-09-17,El Dorado,017,186661,1114,1057,9,1066,4
2020-09-17,Fresno,019,978130,29982,27487,351,27838,355
2020-09-17,Glenn,021,27897,565,541,0,541,3
2020-09-17,Humboldt,023,135768,484,466,1,467,5
2020-09-17,Imperial,025,180216,11680,10436,8,10444,281
2020-09-17,Inyo,027,18085,187,176,4,180,12
2020-09-17,Kern,029,883053,31516,30627,298,30925,372
2020-09-17,Kings,031,150075,7496,7015,33,7048,72
2020-09-17,Lake,033,64148,532,433,0,433,8
2020-09-17,Lassen,035,31185,742,731,2,733,0
2020-09-17,Los Angeles,037,10098052,260971,257246,1659,258905,6318
2020-09-17,Madera,039,155013,4421,4152,29,4181,45
2020-09-17,Marin,041,260295,6611,6457,15,6472,81
2020-09-17,Mariposa,043,17540,75,74,0,74,2
2020-09-17,Mendocino,045,87422,809,737,0,737,18
2020-09-17,Merced,047,269075,8774,8671,17,8688,119
2020-09-17,Modoc,049,8938,27,22,0,22,0
2020-09-17,Mono,051,14174,165,147,3,150,1
2020-09-17,Monterey,053,433212,9479,9113,20,9133,62
2020-09-17,Napa,055,140530,1664,1592,8,1600,11
2020-09-17,Nevada,057,99092,526,494,16,510,6
2020-09-17,Orange,059,3164182,53555,50537,1382,51919,1098
2020-09-17,Placer,061,380077,3544,3368,13,3381,40
2020-09-17,Plumas,063,18699,49,45,0,45,0
2020-09-17,Riverside,065,2383286,57564,56007,140,56147,1134
2020-09-17,Sacramento,067,1510023,21633,20895,25,20920,385
2020-09-17,San Benito,069,59416,1303,1252,0,1252,8
2020-09-17,San Bernardino,071,2135413,52663,50770,339,51109,904
2020-09-17,San Diego,073,3302833,45611,43621,814,44435,754
2020-09-17,San Francisco,075,870044,10892,10564,25,10589,95
2020-09-17,San Joaquin,077,732212,19859,19439,46,19485,416
2020-09-17,San Luis Obispo,079,281455,3584,3299,17,3316,27
2020-09-17,San Mateo,081,765935,9822,8984,10,8994,127
2020-09-17,Santa Barbara,083,443738,8971,8779,73,8852,107
2020-09-17,Santa Clara,085,1922200,21335,19825,40,19865,254
2020-09-17,Santa Cruz,087,273765,2312,2155,24,2179,7
2020-09-17,Shasta,089,179085,802,660,3,663,12
2020-09-17,Sierra,091,2930,6,6,0,6,0
2020-09-17,Siskiyou,093,43540,154,146,10,156,0
2020-09-17,Solano,095,438530,6204,5915,37,5952,44
2020-09-17,Sonoma,097,501317,7148,6754,20,6774,114
2020-09-17,Stanislaus,099,539301,16319,15984,479,16463,277
2020-09-17,Sutter,101,95872,1642,1572,1,1573,10
2020-09-17,Tehama,103,63373,516,487,2,489,2
2020-09-17,Trinity,105,12862,53,15,7,22,0
2020-09-17,Tulare,107,460477,15941,15344,95,15439,258
2020-09-17,Tuolumne,109,53932,230,214,6,220,1
2020-09-17,Ventura,111,848112,12880,12167,141,12308,130
2020-09-17,Yolo,113,214977,2769,2724,7,2731,53
2020-09-17,Yuba,115,75493,1047,1015,3,1018,1
2020-09-16,Alameda,001,1643700,20787,20009,153,20162,333
2020-09-16,Alpine,002,1148,2,2,0,2,0
2020-09-16,Amador,005,37829,288,284,0,284,16
2020-09-16,Butte,007,227075,2843,2704,52,2756,38
2020-09-16,Calaveras,009,45235,304,254,0,254,9
2020-09-16,Colusa,011,21464,523,497,0,497,6
2020-09-16,Contra Costa,013,1133247,16428,15473,79,15552,183
2020-09-16,Del Norte,015,27424,133,131,0,131,2
2020-09-16,El Dorado,017,186661,1106,1049,8,1057,4
2020-09-16,Fresno,019,978130,29875,27381,349,27730,343
2020-09-16,Glenn,021,27897,563,539,0,539,3
2020-09-16,Humboldt,023,135768,483,455,1,456,4
2020-09-16,Imperial,025,180216,11657,10401,8,10409,277
2020-09-16,Inyo,027,18085,186,176,4,180,12
2020-09-16,Kern,029,883053,31457,30570,297,30867,371
2020-09-16,Kings,031,150075,7471,7002,31,7033,71
2020-09-16,Lake,033,64148,521,417,0,417,6
2020-09-16,Lassen,035,31185,741,730,2,732,0
2020-09-16,Los Angeles,037,10098052,259990,256101,1642,257743,6299
2020-09-16,Madera,039,155013,4398,4138,29,4167,45
2020-09-16,Marin,041,260295,6584,6430,15,6445,77
2020-09-16,Mariposa,043,17540,75,74,0,74,2
2020-09-16,Mendocino,045,87422,800,727,0,727,18
2020-09-16,Merced,047,269075,8749,8646,15,8661,118
2020-09-16,Modoc,049,8938,27,22,0,22,0
2020-09-16,Mono,051,14174,165,147,3,150,1
2020-09-16,Monterey,053,433212,9425,8997,20,9017,62
2020-09-16,Napa,055,140530,1650,1587,8,1595,11
2020-09-16,Nevada,057,99092,521,495,15,510,6
2020-09-16,Orange,059,3164182,53354,50414,1373,51787,1096
2020-09-16,Placer,061,380077,3526,3351,13,3364,39
2020-09-16,Plumas,063,18699,49,45,0,45,0
2020-09-16,Riverside,065,2383286,57370,55811,132,55943,1127
2020-09-16,Sacramento,067,1510023,21540,20610,25,20635,377
2020-09-16,San Benito,069,59416,1295,1244,0,1244,8
2020-09-16,San Bernardino,071,2135413,52438,50509,338,50847,907
2020-09-16,San Diego,073,3302833,45319,43447,793,44240,748
2020-09-16,San Francisco,075,870044,10845,10502,25,10527,90
2020-09-16,San Joaquin,077,732212,19804,19377,45,19422,409
2020-09-16,San Luis Obispo,079,281455,3553,3285,17,3302,28
2020-09-16,San Mateo,081,765935,9757,8944,10,8954,127
2020-09-16,Santa Barbara,083,443738,8938,8764,73,8837,107
2020-09-16,Santa Clara,085,1922200,21216,19684,40,19724,253
2020-09-16,Santa Cruz,087,273765,2271,2089,23,2112,7
2020-09-16,Shasta,089,179085,776,635,3,638,11
2020-09-16,Sierra,091,2930,6,6,0,6,0
2020-09-16,Siskiyou,093,43540,153,145,10,155,0
2020-09-16,Solano,095,438530,6175,5899,37,5936,44
2020-09-16,Sonoma,097,501317,7086,6731,20,6751,104
2020-09-16,Stanislaus,099,539301,16271,15897,471,16368,263
2020-09-16,Sutter,101,95872,1629,1567,1,1568,10
2020-09-16,Tehama,103,63373,508,485,2,487,2
2020-09-16,Trinity,105,12862,53,15,7,22,0
2020-09-16,Tulare,107,460477,15897,15314,88,15402,258
2020-09-16,Tuolumne,109,53932,229,210,6,216,1
2020-09-16,Ventura,111,848112,12809,12073,139,12212,130
2020-09-16,Yolo,113,214977,2762,2709,7,2716,53
2020-09-16,Yuba,115,75493,1045,1000,3,1003,1
2020-09-15,Alameda,001,1643700,20681,19931,150,20081,327
2020-09-15,Alpine,002,1148,2,2,0,2,0
2020-09-15,Amador,005,37829,287,282,0,282,16
2020-09-15,Butte,007,227075,2830,2695,50,2745,38
2020-09-15,Calaveras,009,45235,304,248,0,248,5
2020-09-15,Colusa,011,21464,517,497,0,497,6
2020-09-15,Contra Costa,013,1133247,16322,15423,77,15500,180
2020-09-15,Del Norte,015,27424,133,129,0,129,2
2020-09-15,El Dorado,017,186661,1101,1046,8,1054,4
2020-09-15,Fresno,019,978130,29767,27312,344,27656,343
2020-09-15,Glenn,021,27897,562,531,0,531,3
2020-09-15,Humboldt,023,135768,481,456,1,457,4
2020-09-15,Imperial,025,180216,11632,10376,8,10384,277
2020-09-15,Inyo,027,18085,186,176,4,180,12
2020-09-15,Kern,029,883053,31344,30429,294,30723,368
2020-09-15,Kings,031,150075,7313,6977,31,7008,70
2020-09-15,Lake,033,64148,508,416,0,416,4
2020-09-15,Lassen,035,31185,737,719,2,721,0
2020-09-15,Los Angeles,037,10098052,258881,255048,1620,256668,6269
2020-09-15,Madera,039,155013,4379,4122,29,4151,45
2020-09-15,Marin,041,260295,6553,6423,15,6438,77
2020-09-15,Mariposa,043,17540,75,74,0,74,2
2020-09-15,Mendocino,045,87422,782,724,0,724,18
2020-09-15,Merced,047,269075,8720,8633,15,8648,114
2020-09-15,Modoc,049,8938,26,21,0,21,0
2020-09-15,Mono,051,14174,165,147,3,150,1
2020-09-15,Monterey,053,433212,9376,8943,20,8963,62
2020-09-15,Napa,055,140530,1636,1580,8,1588,11
2020-09-15,Nevada,057,99092,516,494,15,509,6
2020-09-15,Orange,059,3164182,53172,50294,1359,51653,1088
2020-09-15,Placer,061,380077,3502,3331,13,3344,38
2020-09-15,Plumas,063,18699,49,44,0,44,0
2020-09-15,Riverside,065,2383286,57076,55569,122,55691,1118
2020-09-15,Sacramento,067,1510023,21396,20487,25,20512,372
2020-09-15,San Benito,069,59416,1288,1237,0,1237,7
2020-09-15,San Bernardino,071,2135413,52223,50333,337,50670,904
2020-09-15,San Diego,073,3302833,45000,43183,773,43956,742
2020-09-15,San Francisco,075,870044,10787,10414,25,10439,90
2020-09-15,San Joaquin,077,732212,19752,19313,45,19358,401
2020-09-15,San Luis Obispo,079,281455,3533,3262,17,3279,28
2020-09-15,San Mateo,081,765935,9688,8895,10,8905,127
2020-09-15,Santa Barbara,083,443738,8913,8724,72,8796,104
2020-09-15,Santa Clara,085,1922200,21083,19610,40,19650,252
2020-09-15,Santa Cruz,087,273765,2245,2079,22,2101,7
2020-09-15,Shasta,089,179085,764,627,3,630,11
2020-09-15,Sierra,091,2930,6,6,0,6,0
2020-09-15,Siskiyou,093,43540,153,143,10,153,0
2020-09-15,Solano,095,438530,6141,5878,37,5915,45
2020-09-15,Sonoma,097,501317,7047,6701,20,6721,104
2020-09-15,Stanislaus,099,539301,16223,15880,469,16349,260
2020-09-15,Sutter,101,95872,1618,1556,1,1557,10
2020-09-15,Tehama,103,63373,496,484,2,486,2
2020-09-15,Trinity,105,12862,53,15,7,22,0
2020-09-15,Tulare,107,460477,15820,15203,86,15289,254
2020-09-15,Tuolumne,109,53932,229,209,6,215,1
2020-09-15,Ventura,111,848112,12756,11932,138,12070,128
2020-09-15,Yolo,113,214977,2758,2708,7,2715,53
2020-09-15,Yuba,115,75493,1039,991,3,994,1
2020-09-14,Alameda,001,1643700,20554,19851,149,20000,306
2020-09-14,Alpine,002,1148,2,2,0,2,0
2020-09-14,Amador,005,37829,285,281,0,281,16
2020-09-14,Butte,007,227075,2812,2642,50,2692,37
2020-09-14,Calaveras,009,45235,304,244,0,244,3
2020-09-14,Colusa,011,21464,516,486,0,486,6
2020-09-14,Contra Costa,013,1133247,16198,15354,76,15430,174
2020-09-14,Del Norte,015,27424,130,116,0,116,2
2020-09-14,El Dorado,017,186661,1097,1039,8,1047,3
2020-09-14,Fresno,019,978130,29684,27232,341,27573,344
2020-09-14,Glenn,021,27897,554,521,0,521,3
2020-09-14,Humboldt,023,135768,478,437,1,438,4
2020-09-14,Imperial,025,180216,11612,10340,8,10348,273
2020-09-14,Inyo,027,18085,186,176,4,180,12
2020-09-14,Kern,029,883053,31256,30344,293,30637,368
2020-09-14,Kings,031,150075,7232,6950,31,6981,70
2020-09-14,Lake,033,64148,487,407,0,407,4
2020-09-14,Lassen,035,31185,737,719,2,721,0
2020-09-14,Los Angeles,037,10098052,257852,254622,1595,256217,6226
2020-09-14,Madera,039,155013,4364,4104,29,4133,45
2020-09-14,Marin,041,260295,6533,6409,15,6424,70
2020-09-14,Mariposa,043,17540,75,74,0,74,2
2020-09-14,Mendocino,045,87422,765,710,0,710,17
2020-09-14,Merced,047,269075,8702,8593,15,8608,112
2020-09-14,Modoc,049,8938,26,21,0,21,0
2020-09-14,Mono,051,14174,165,147,3,150,1
2020-09-14,Monterey,053,433212,9305,8845,19,8864,61
2020-09-14,Napa,055,140530,1619,1576,8,1584,11
2020-09-14,Nevada,057,99092,511,489,15,504,6
2020-09-14,Orange,059,3164182,53011,50149,1343,51492,1079
2020-09-14,Placer,061,380077,3480,3302,13,3315,38
2020-09-14,Plumas,063,18699,48,42,0,42,0
2020-09-14,Riverside,065,2383286,56857,55488,118,55606,1113
2020-09-14,Sacramento,067,1510023,21201,20377,24,20401,367
2020-09-14,San Benito,069,59416,1273,1233,0,1233,7
2020-09-14,San Bernardino,071,2135413,51999,50163,336,50499,895
2020-09-14,San Diego,073,3302833,44689,42889,753,43642,734
2020-09-14,San Francisco,075,870044,10720,10255,23,10278,90
2020-09-14,San Joaquin,077,732212,19678,19111,44,19155,397
2020-09-14,San Luis Obispo,079,281455,3508,3248,17,3265,25
2020-09-14,San Mateo,081,765935,9627,8847,10,8857,127
2020-09-14,Santa Barbara,083,443738,8887,8692,72,8764,104
2020-09-14,Santa Clara,085,1922200,20895,19545,40,19585,247
2020-09-14,Santa Cruz,087,273765,2223,2016,21,2037,7
2020-09-14,Shasta,089,179085,741,584,3,587,10
2020-09-14,Sierra,091,2930,6,6,0,6,0
2020-09-14,Siskiyou,093,43540,152,143,10,153,0
2020-09-14,Solano,095,438530,6106,5834,37,5871,44
2020-09-14,Sonoma,097,501317,6983,6630,20,6650,102
2020-09-14,Stanislaus,099,539301,16178,15812,466,16278,253
2020-09-14,Sutter,101,95872,1607,1549,1,1550,10
2020-09-14,Tehama,103,63373,494,475,2,477,1
2020-09-14,Trinity,105,12862,52,14,7,21,0
2020-09-14,Tulare,107,460477,15751,15096,81,15177,254
2020-09-14,Tuolumne,109,53932,228,208,6,214,1
2020-09-14,Ventura,111,848112,12654,11903,135,12038,125
2020-09-14,Yolo,113,214977,2747,2687,7,2694,53
2020-09-14,Yuba,115,75493,1031,977,3,980,1
2020-09-13,Alameda,001,1643700,20448,19815,146,19961,306
2020-09-13,Alpine,002,1148,2,2,0,2,0
2020-09-13,Amador,005,37829,282,279,0,279,16
2020-09-13,Butte,007,227075,2791,2640,50,2690,37
2020-09-13,Calaveras,009,45235,303,246,0,246,3
2020-09-13,Colusa,011,21464,512,486,0,486,6
2020-09-13,Contra Costa,013,1133247,16092,15284,76,15360,172
2020-09-13,Del Norte,015,27424,127,116,0,116,1
2020-09-13,El Dorado,017,186661,1092,1035,8,1043,2
2020-09-13,Fresno,019,978130,29573,27196,332,27528,345
2020-09-13,Glenn,021,27897,550,517,0,517,3
2020-09-13,Humboldt,023,135768,478,434,1,435,4
2020-09-13,Imperial,025,180216,11575,10304,7,10311,273
2020-09-13,Inyo,027,18085,186,176,4,180,12
2020-09-13,Kern,029,883053,31160,30277,287,30564,368
2020-09-13,Kings,031,150075,7213,6937,31,6968,70
2020-09-13,Lake,033,64148,469,397,0,397,4
2020-09-13,Lassen,035,31185,734,719,2,721,0
2020-09-13,Los Angeles,037,10098052,256699,253950,1580,255530,6203
2020-09-13,Madera,039,155013,4307,4090,29,4119,45
2020-09-13,Marin,041,260295,6514,6395,15,6410,70
2020-09-13,Mariposa,043,17540,75,74,0,74,2
2020-09-13,Mendocino,045,87422,758,707,0,707,17
2020-09-13,Merced,047,269075,8673,8575,15,8590,112
2020-09-13,Modoc,049,8938,26,21,0,21,0
2020-09-13,Mono,051,14174,165,147,3,150,1
2020-09-13,Monterey,053,433212,9223,8826,18,8844,61
2020-09-13,Napa,055,140530,1612,1563,8,1571,11
2020-09-13,Nevada,057,99092,503,486,15,501,6
2020-09-13,Orange,059,3164182,52796,50061,1336,51397,1075
2020-09-13,Placer,061,380077,3451,3291,13,3304,38
2020-09-13,Plumas,063,18699,48,42,0,42,0
2020-09-13,Riverside,065,2383286,56650,55235,107,55342,1108
2020-09-13,Sacramento,067,1510023,20856,20279,24,20303,367
2020-09-13,San Benito,069,59416,1265,1217,0,1217,7
2020-09-13,San Bernardino,071,2135413,51712,49968,334,50302,895
2020-09-13,San Diego,073,3302833,44363,42681,719,43400,734
2020-09-13,San Francisco,075,870044,10642,10254,23,10277,90
2020-09-13,San Joaquin,077,732212,19607,19110,43,19153,396
2020-09-13,San Luis Obispo,079,281455,3471,3240,17,3257,24
2020-09-13,San Mateo,081,765935,9566,8811,10,8821,127
2020-09-13,Santa Barbara,083,443738,8850,8690,72,8762,104
2020-09-13,Santa Clara,085,1922200,20756,19456,39,19495,245
2020-09-13,Santa Cruz,087,273765,2189,2016,19,2035,7
2020-09-13,Shasta,089,179085,729,583,3,586,10
2020-09-13,Sierra,091,2930,6,6,0,6,0
2020-09-13,Siskiyou,093,43540,152,143,9,152,0
2020-09-13,Solano,095,438530,6060,5810,37,5847,43
2020-09-13,Sonoma,097,501317,6918,6592,20,6612,95
2020-09-13,Stanislaus,099,539301,16115,15759,454,16213,253
2020-09-13,Sutter,101,95872,1595,1539,1,1540,10
2020-09-13,Tehama,103,63373,490,476,2,478,1
2020-09-13,Trinity,105,12862,52,14,7,21,0
2020-09-13,Tulare,107,460477,15680,15098,80,15178,254
2020-09-13,Tuolumne,109,53932,224,208,6,214,1
2020-09-13,Ventura,111,848112,12546,11855,134,11989,123
2020-09-13,Yolo,113,214977,2735,2675,7,2682,53
2020-09-13,Yuba,115,75493,1026,967,3,970,1
2020-09-12,Alameda,001,1643700,20389,19758,146,19904,307
2020-09-12,Alpine,002,1148,2,2,0,2,0
2020-09-12,Amador,005,37829,281,278,0,278,16
2020-09-12,Butte,007,227075,2784,2629,49,2678,37
2020-09-12,Calaveras,009,45235,301,246,0,246,3
2020-09-12,Colusa,011,21464,508,486,0,486,6
2020-09-12,Contra Costa,013,1133247,16015,15135,75,15210,174
2020-09-12,Del Norte,015,27424,126,116,0,116,1
2020-09-12,El Dorado,017,186661,1085,1034,8,1042,2
2020-09-12,Fresno,019,978130,29503,27076,332,27408,345
2020-09-12,Glenn,021,27897,549,517,0,517,3
2020-09-12,Humboldt,023,135768,477,430,1,431,4
2020-09-12,Imperial,025,180216,11563,10305,7,10312,273
2020-09-12,Inyo,027,18085,186,177,4,181,12
2020-09-12,Kern,029,883053,31094,30202,287,30489,368
2020-09-12,Kings,031,150075,7203,6895,31,6926,70
2020-09-12,Lake,033,64148,461,393,0,393,4
2020-09-12,Lassen,035,31185,734,719,2,721,0
2020-09-12,Los Angeles,037,10098052,256141,253156,1560,254716,6193
2020-09-12,Madera,039,155013,4296,4058,29,4087,43
2020-09-12,Marin,041,260295,6504,6393,15,6408,69
2020-09-12,Mariposa,043,17540,75,72,0,72,2
2020-09-12,Mendocino,045,87422,755,700,0,700,17
2020-09-12,Merced,047,269075,8664,8533,15,8548,112
2020-09-12,Modoc,049,8938,25,21,0,21,0
2020-09-12,Mono,051,14174,165,147,3,150,1
2020-09-12,Monterey,053,433212,9187,8743,18,8761,61
2020-09-12,Napa,055,140530,1609,1556,8,1564,11
2020-09-12,Nevada,057,99092,502,482,15,497,6
2020-09-12,Orange,059,3164182,52680,49895,1333,51228,1078
2020-09-12,Placer,061,380077,3434,3280,13,3293,38
2020-09-12,Plumas,063,18699,48,42,0,42,0
2020-09-12,Riverside,065,2383286,56522,55058,103,55161,1108
2020-09-12,Sacramento,067,1510023,20788,20184,24,20208,367
2020-09-12,San Benito,069,59416,1262,1208,0,1208,7
2020-09-12,San Bernardino,071,2135413,51621,49945,332,50277,896
2020-09-12,San Diego,073,3302833,44168,42416,710,43126,747
2020-09-12,San Francisco,075,870044,10598,10257,23,10280,90
2020-09-12,San Joaquin,077,732212,19579,19108,43,19151,396
2020-09-12,San Luis Obispo,079,281455,3444,3220,17,3237,24
2020-09-12,San Mateo,081,765935,9521,8759,10,8769,127
2020-09-12,Santa Barbara,083,443738,8836,8642,72,8714,104
2020-09-12,Santa Clara,085,1922200,20669,19330,39,19369,237
2020-09-12,Santa Cruz,087,273765,2177,2016,19,2035,7
2020-09-12,Shasta,089,179085,717,569,3,572,10
2020-09-12,Sierra,091,2930,6,6,0,6,0
2020-09-12,Siskiyou,093,43540,152,141,9,150,0
2020-09-12,Solano,095,438530,6036,5772,37,5809,43
2020-09-12,Sonoma,097,501317,6893,6531,20,6551,95
2020-09-12,Stanislaus,099,539301,16083,15675,451,16126,253
2020-09-12,Sutter,101,95872,1589,1529,1,1530,10
2020-09-12,Tehama,103,63373,487,471,2,473,1
2020-09-12,Trinity,105,12862,52,15,7,22,0
2020-09-12,Tulare,107,460477,15635,15018,79,15097,254
2020-09-12,Tuolumne,109,53932,224,208,6,214,1
2020-09-12,Ventura,111,848112,12495,11759,132,11891,123
2020-09-12,Yolo,113,214977,2728,2646,7,2653,53
2020-09-12,Yuba,115,75493,1022,963,3,966,1
2020-09-11,Alameda,001,1643700,20334,19625,145,19770,298
2020-09-11,Alpine,002,1148,2,2,0,2,0
2020-09-11,Amador,005,37829,281,277,0,277,16
2020-09-11,Butte,007,227075,2772,2605,49,2654,37
2020-09-11,Calaveras,009,45235,300,242,0,242,1
2020-09-11,Colusa,011,21464,507,484,0,484,6
2020-09-11,Contra Costa,013,1133247,15957,15001,72,15073,173
2020-09-11,Del Norte,015,27424,126,115,0,115,1
2020-09-11,El Dorado,017,186661,1082,1024,8,1032,2
2020-09-11,Fresno,019,978130,29423,26917,331,27248,344
2020-09-11,Glenn,021,27897,544,515,0,515,3
2020-09-11,Humboldt,023,135768,475,426,1,427,4
2020-09-11,Imperial,025,180216,11545,10286,7,10293,273
2020-09-11,Inyo,027,18085,186,176,4,180,12
2020-09-11,Kern,029,883053,31026,30059,286,30345,365
2020-09-11,Kings,031,150075,7186,6770,31,6801,70
2020-09-11,Lake,033,64148,453,382,0,382,4
2020-09-11,Lassen,035,31185,734,719,2,721,0
2020-09-11,Los Angeles,037,10098052,255462,252057,1549,253606,6172
2020-09-11,Madera,039,155013,4277,4018,29,4047,43
2020-09-11,Marin,041,260295,6497,6364,15,6379,69
2020-09-11,Mariposa,043,17540,75,72,0,72,2
2020-09-11,Mendocino,045,87422,744,700,0,700,17
2020-09-11,Merced,047,269075,8645,8489,14,8503,109
2020-09-11,Modoc,049,8938,25,21,0,21,0
2020-09-11,Mono,051,14174,165,145,3,148,1
2020-09-11,Monterey,053,433212,9139,8595,18,8613,61
2020-09-11,Napa,055,140530,1598,1543,8,1551,11
2020-09-11,Nevada,057,99092,495,483,15,498,6
2020-09-11,Orange,059,3164182,52550,49755,1321,51076,1068
2020-09-11,Placer,061,380077,3419,3254,13,3267,37
2020-09-11,Plumas,063,18699,48,42,0,42,0
2020-09-11,Riverside,065,2383286,56387,54717,100,54817,1099
2020-09-11,Sacramento,067,1510023,20704,20012,24,20036,358
2020-09-11,San Benito,069,59416,1252,1202,0,1202,7
2020-09-11,San Bernardino,071,2135413,51522,49682,332,50014,871
2020-09-11,San Diego,073,3302833,43948,41971,704,42675,730
2020-09-11,San Francisco,075,870044,10550,10133,22,10155,89
2020-09-11,San Joaquin,077,732212,19531,19019,43,19062,391
2020-09-11,San Luis Obispo,079,281455,3426,3190,17,3207,24
2020-09-11,San Mateo,081,765935,9479,8611,10,8621,127
2020-09-11,Santa Barbara,083,443738,8803,8592,71,8663,103
2020-09-11,Santa Clara,085,1922200,20581,19065,39,19104,234
2020-09-11,Santa Cruz,087,273765,2160,1997,19,2016,7
2020-09-11,Shasta,089,179085,707,568,3,571,10
2020-09-11,Sierra,091,2930,6,6,0,6,0
2020-09-11,Siskiyou,093,43540,151,139,9,148,0
2020-09-11,Solano,095,438530,6018,5742,37,5779,42
2020-09-11,Sonoma,097,501317,6854,6469,20,6489,91
2020-09-11,Stanislaus,099,539301,16045,15613,448,16061,253
2020-09-11,Sutter,101,95872,1579,1505,1,1506,11
2020-09-11,Tehama,103,63373,484,466,2,468,1
2020-09-11,Trinity,105,12862,52,16,7,23,0
2020-09-11,Tulare,107,460477,15602,14932,76,15008,251
2020-09-11,Tuolumne,109,53932,224,208,6,214,1
2020-09-11,Ventura,111,848112,12441,11700,130,11830,123
2020-09-11,Yolo,113,214977,2718,2632,7,2639,53
2020-09-11,Yuba,115,75493,1014,946,3,949,1
2020-09-10,Alameda,001,1643700,20260,19509,145,19654,292
2020-09-10,Alpine,002,1148,2,2,0,2,0
2020-09-10,Amador,005,37829,280,277,0,277,16
2020-09-10,Butte,007,227075,2755,2590,49,2639,37
2020-09-10,Calaveras,009,45235,300,244,0,244,1
2020-09-10,Colusa,011,21464,505,482,0,482,6
2020-09-10,Contra Costa,013,1133247,15884,14909,72,14981,172
2020-09-10,Del Norte,015,27424,125,112,0,112,1
2020-09-10,El Dorado,017,186661,1079,1020,8,1028,2
2020-09-10,Fresno,019,978130,29302,26783,331,27114,338
2020-09-10,Glenn,021,27897,534,511,0,511,3
2020-09-10,Humboldt,023,135768,464,422,1,423,4
2020-09-10,Imperial,025,180216,11529,10251,7,10258,270
2020-09-10,Inyo,027,18085,185,176,4,180,11
2020-09-10,Kern,029,883053,30944,29988,282,30270,363
2020-09-10,Kings,031,150075,7156,6739,31,6770,70
2020-09-10,Lake,033,64148,447,377,0,377,4
2020-09-10,Lassen,035,31185,733,716,2,718,0
2020-09-10,Los Angeles,037,10098052,254484,251003,1528,252531,6132
2020-09-10,Madera,039,155013,4259,3979,29,4008,43
2020-09-10,Marin,041,260295,6485,6344,15,6359,68
2020-09-10,Mariposa,043,17540,75,72,0,72,2
2020-09-10,Mendocino,045,87422,734,697,0,697,16
2020-09-10,Merced,047,269075,8598,8461,14,8475,109
2020-09-10,Modoc,049,8938,25,21,0,21,0
2020-09-10,Mono,051,14174,165,145,3,148,1
2020-09-10,Monterey,053,433212,9069,8570,18,8588,59
2020-09-10,Napa,055,140530,1592,1536,8,1544,11
2020-09-10,Nevada,057,99092,491,478,15,493,6
2020-09-10,Orange,059,3164182,52387,49617,1314,50931,1057
2020-09-10,Placer,061,380077,3399,3233,13,3246,37
2020-09-10,Plumas,063,18699,48,42,0,42,0
2020-09-10,Riverside,065,2383286,56068,54417,97,54514,1091
2020-09-10,Sacramento,067,1510023,20584,19618,23,19641,354
2020-09-10,San Benito,069,59416,1246,1201,0,1201,5
2020-09-10,San Bernardino,071,2135413,51333,49467,330,49797,867
2020-09-10,San Diego,073,3302833,43682,41610,677,42287,725
2020-09-10,San Francisco,075,870044,10473,10082,22,10104,89
2020-09-10,San Joaquin,077,732212,19478,18854,43,18897,389
2020-09-10,San Luis Obispo,079,281455,3412,3161,16,3177,24
2020-09-10,San Mateo,081,765935,9433,8529,10,8539,125
2020-09-10,Santa Barbara,083,443738,8758,8552,71,8623,100
2020-09-10,Santa Clara,085,1922200,20466,18870,39,18909,231
2020-09-10,Santa Cruz,087,273765,2145,1986,17,2003,7
2020-09-10,Shasta,089,179085,696,566,3,569,10
2020-09-10,Sierra,091,2930,6,6,0,6,0
2020-09-10,Siskiyou,093,43540,151,137,9,146,0
2020-09-10,Solano,095,438530,5978,5696,37,5733,42
2020-09-10,Sonoma,097,501317,6805,6424,20,6444,91
2020-09-10,Stanislaus,099,539301,15992,15509,443,15952,243
2020-09-10,Sutter,101,95872,1569,1494,1,1495,11
2020-09-10,Tehama,103,63373,477,466,2,468,1
2020-09-10,Trinity,105,12862,52,15,7,22,0
2020-09-10,Tulare,107,460477,15549,14860,73,14933,250
2020-09-10,Tuolumne,109,53932,223,205,6,211,1
2020-09-10,Ventura,111,848112,12347,11600,123,11723,122
2020-09-10,Yolo,113,214977,2713,2612,7,2619,53
2020-09-10,Yuba,115,75493,1008,941,3,944,1
2020-09-09,Alameda,001,1643700,20181,19399,144,19543,289
2020-09-09,Alpine,002,1148,2,2,0,2,0
2020-09-09,Amador,005,37829,279,276,0,276,16
2020-09-09,Butte,007,227075,2738,2561,49,2610,37
2020-09-09,Calaveras,009,45235,300,242,0,242,1
2020-09-09,Colusa,011,21464,500,479,0,479,6
2020-09-09,Contra Costa,013,1133247,15797,14816,72,14888,171
2020-09-09,Del Norte,015,27424,121,109,0,109,1
2020-09-09,El Dorado,017,186661,1076,1020,8,1028,2
2020-09-09,Fresno,019,978130,29200,26724,326,27050,329
2020-09-09,Glenn,021,27897,531,508,0,508,3
2020-09-09,Humboldt,023,135768,462,420,1,421,4
2020-09-09,Imperial,025,180216,11509,10233,7,10240,268
2020-09-09,Inyo,027,18085,184,173,4,177,2
2020-09-09,Kern,029,883053,30846,29925,279,30204,355
2020-09-09,Kings,031,150075,7138,6721,31,6752,72
2020-09-09,Lake,033,64148,438,371,0,371,4
2020-09-09,Lassen,035,31185,732,714,2,716,0
2020-09-09,Los Angeles,037,10098052,253611,249876,1510,251386,6091
2020-09-09,Madera,039,155013,4233,3926,29,3955,43
2020-09-09,Marin,041,260295,6466,6321,15,6336,68
2020-09-09,Mariposa,043,17540,74,72,0,72,2
2020-09-09,Mendocino,045,87422,726,695,0,695,16
2020-09-09,Merced,047,269075,8568,8441,14,8455,107
2020-09-09,Modoc,049,8938,24,20,0,20,0
2020-09-09,Mono,051,14174,165,145,3,148,1
2020-09-09,Monterey,053,433212,8997,8527,18,8545,59
2020-09-09,Napa,055,140530,1582,1531,8,1539,11
2020-09-09,Nevada,057,99092,487,476,15,491,6
2020-09-09,Orange,059,3164182,52209,49394,1307,50701,1054
2020-09-09,Placer,061,380077,3379,3222,13,3235,36
2020-09-09,Plumas,063,18699,46,42,0,42,0
2020-09-09,Riverside,065,2383286,55838,54320,94,54414,1081
2020-09-09,Sacramento,067,1510023,20479,19474,22,19496,347
2020-09-09,San Benito,069,59416,1242,1199,0,1199,5
2020-09-09,San Bernardino,071,2135413,51134,49264,329,49593,866
2020-09-09,San Diego,073,3302833,43393,41326,665,41991,721
2020-09-09,San Francisco,075,870044,10423,9996,21,10017,86
2020-09-09,San Joaquin,077,732212,19415,18799,42,18841,388
2020-09-09,San Luis Obispo,079,281455,3394,3131,16,3147,24
2020-09-09,San Mateo,081,765935,9373,8478,10,8488,125
2020-09-09,Santa Barbara,083,443738,8715,8528,71,8599,97
2020-09-09,Santa Clara,085,1922200,20335,18759,39,18798,228
2020-09-09,Santa Cruz,087,273765,2122,1967,17,1984,7
2020-09-09,Shasta,089,179085,684,562,3,565,10
2020-09-09,Sierra,091,2930,6,6,0,6,0
2020-09-09,Siskiyou,093,43540,149,137,9,146,0
2020-09-09,Solano,095,438530,5946,5680,37,5717,36
2020-09-09,Sonoma,097,501317,6738,6397,20,6417,92
2020-09-09,Stanislaus,099,539301,15952,15469,432,15901,243
2020-09-09,Sutter,101,95872,1561,1487,1,1488,11
2020-09-09,Tehama,103,63373,474,462,2,464,1
2020-09-09,Trinity,105,12862,52,14,7,21,0
2020-09-09,Tulare,107,460477,15499,14787,68,14855,249
2020-09-09,Tuolumne,109,53932,222,204,5,209,1
2020-09-09,Ventura,111,848112,12256,11497,120,11617,121
2020-09-09,Yolo,113,214977,2702,2604,7,2611,53
2020-09-09,Yuba,115,75493,1003,936,3,939,1
2020-09-08,Alameda,001,1643700,20072,19293,144,19437,288
2020-09-08,Alpine,002,1148,2,2,0,2,0
2020-09-08,Amador,005,37829,279,276,0,276,16
2020-09-08,Butte,007,227075,2720,2453,49,2502,36
2020-09-08,Calaveras,009,45235,298,233,0,233,1
2020-09-08,Colusa,011,21464,498,475,0,475,6
2020-09-08,Contra Costa,013,1133247,15666,14740,69,14809,171
2020-09-08,Del Norte,015,27424,121,109,0,109,2
2020-09-08,El Dorado,017,186661,1073,1011,8,1019,2
2020-09-08,Fresno,019,978130,29082,26640,322,26962,329
2020-09-08,Glenn,021,27897,527,492,0,492,3
2020-09-08,Humboldt,023,135768,460,420,1,421,4
2020-09-08,Imperial,025,180216,11492,10198,7,10205,267
2020-09-08,Inyo,027,18085,184,169,4,173,2
2020-09-08,Kern,029,883053,30761,29850,276,30126,351
2020-09-08,Kings,031,150075,7100,6658,31,6689,72
2020-09-08,Lake,033,64148,428,370,0,370,4
2020-09-08,Lassen,035,31185,732,710,2,712,0
2020-09-08,Los Angeles,037,10098052,252678,249217,1482,250699,6034
2020-09-08,Madera,039,155013,4209,3904,29,3933,43
2020-09-08,Marin,041,260295,6435,6313,15,6328,68
2020-09-08,Mariposa,043,17540,74,72,0,72,2
2020-09-08,Mendocino,045,87422,719,690,0,690,16
2020-09-08,Merced,047,269075,8544,8381,14,8395,104
2020-09-08,Modoc,049,8938,24,20,0,20,0
2020-09-08,Mono,051,14174,165,145,3,148,1
2020-09-08,Monterey,053,433212,8912,8491,18,8509,59
2020-09-08,Napa,055,140530,1578,1518,8,1526,11
2020-09-08,Nevada,057,99092,487,470,15,485,6
2020-09-08,Orange,059,3164182,52067,49214,1303,50517,1044
2020-09-08,Placer,061,380077,3365,3205,13,3218,36
2020-09-08,Plumas,063,18699,46,42,0,42,0
2020-09-08,Riverside,065,2383286,55624,54168,91,54259,1069
2020-09-08,Sacramento,067,1510023,20244,19411,21,19432,347
2020-09-08,San Benito,069,59416,1235,1188,0,1188,5
2020-09-08,San Bernardino,071,2135413,50945,49034,327,49361,856
2020-09-08,San Diego,073,3302833,43077,41079,653,41732,709
2020-09-08,San Francisco,075,870044,10349,9821,21,9842,86
2020-09-08,San Joaquin,077,732212,19337,18550,42,18592,388
2020-09-08,San Luis Obispo,079,281455,3379,3120,16,3136,23
2020-09-08,San Mateo,081,765935,9297,8460,10,8470,125
2020-09-08,Santa Barbara,083,443738,8681,8488,70,8558,96
2020-09-08,Santa Clara,085,1922200,20158,18645,39,18684,228
2020-09-08,Santa Cruz,087,273765,2094,1903,17,1920,7
2020-09-08,Shasta,089,179085,676,556,3,559,10
2020-09-08,Sierra,091,2930,6,6,0,6,0
2020-09-08,Siskiyou,093,43540,147,136,9,145,0
2020-09-08,Solano,095,438530,5909,5654,37,5691,36
2020-09-08,Sonoma,097,501317,6669,6356,20,6376,92
2020-09-08,Stanislaus,099,539301,15888,15415,420,15835,238
2020-09-08,Sutter,101,95872,1545,1473,1,1474,11
2020-09-08,Tehama,103,63373,470,458,2,460,1
2020-09-08,Trinity,105,12862,51,13,7,20,0
2020-09-08,Tulare,107,460477,15419,14635,67,14702,249
2020-09-08,Tuolumne,109,53932,221,197,5,202,1
2020-09-08,Ventura,111,848112,12187,11475,117,11592,118
2020-09-08,Yolo,113,214977,2692,2580,7,2587,53
2020-09-08,Yuba,115,75493,991,923,3,926,1
2020-09-07,Alameda,001,1643700,19951,19188,138,19326,281
2020-09-07,Alpine,002,1148,2,2,0,2,0
2020-09-07,Amador,005,37829,279,276,0,276,16
2020-09-07,Butte,007,227075,2687,2450,48,2498,30
2020-09-07,Calaveras,009,45235,288,234,0,234,1
2020-09-07,Colusa,011,21464,497,475,0,475,6
2020-09-07,Contra Costa,013,1133247,15551,14637,66,14703,172
2020-09-07,Del Norte,015,27424,121,109,0,109,2
2020-09-07,El Dorado,017,186661,1062,1011,8,1019,2
2020-09-07,Fresno,019,978130,28987,26565,319,26884,329
2020-09-07,Glenn,021,27897,522,488,0,488,3
2020-09-07,Humboldt,023,135768,451,416,1,417,4
2020-09-07,Imperial,025,180216,11461,10199,7,10206,267
2020-09-07,Inyo,027,18085,184,169,4,173,2
2020-09-07,Kern,029,883053,30640,29790,271,30061,348
2020-09-07,Kings,031,150075,6976,6630,31,6661,72
2020-09-07,Lake,033,64148,405,367,0,367,2
2020-09-07,Lassen,035,31185,732,709,2,711,0
2020-09-07,Los Angeles,037,10098052,251630,248804,1461,250265,6030
2020-09-07,Madera,039,155013,4178,3889,28,3917,43
2020-09-07,Marin,041,260295,6405,6296,15,6311,67
2020-09-07,Mariposa,043,17540,74,72,0,72,2
2020-09-07,Mendocino,045,87422,711,687,0,687,16
2020-09-07,Merced,047,269075,8497,8381,14,8395,104
2020-09-07,Modoc,049,8938,23,20,0,20,0
2020-09-07,Mono,051,14174,165,145,3,148,1
2020-09-07,Monterey,053,433212,8833,8463,18,8481,57
2020-09-07,Napa,055,140530,1566,1514,8,1522,11
2020-09-07,Nevada,057,99092,485,469,15,484,6
2020-09-07,Orange,059,3164182,51893,49132,1299,50431,1042
2020-09-07,Placer,061,380077,3335,3188,12,3200,36
2020-09-07,Plumas,063,18699,45,42,0,42,0
2020-09-07,Riverside,065,2383286,55349,54178,85,54263,1069
2020-09-07,Sacramento,067,1510023,20002,19292,20,19312,345
2020-09-07,San Benito,069,59416,1229,1180,0,1180,4
2020-09-07,San Bernardino,071,2135413,50717,49043,325,49368,821
2020-09-07,San Diego,073,3302833,42677,40868,626,41494,708
2020-09-07,San Francisco,075,870044,10298,9813,20,9833,85
2020-09-07,San Joaquin,077,732212,19255,18552,40,18592,386
2020-09-07,San Luis Obispo,079,281455,3342,3116,16,3132,23
2020-09-07,San Mateo,081,765935,9215,8409,10,8419,125
2020-09-07,Santa Barbara,083,443738,8637,8479,70,8549,95
2020-09-07,Santa Clara,085,1922200,20002,18596,38,18634,226
2020-09-07,Santa Cruz,087,273765,2066,1902,17,1919,7
2020-09-07,Shasta,089,179085,666,556,3,559,10
2020-09-07,Sierra,091,2930,6,6,0,6,0
2020-09-07,Siskiyou,093,43540,146,133,9,142,0
2020-09-07,Solano,095,438530,5844,5640,37,5677,36
2020-09-07,Sonoma,097,501317,6603,6268,20,6288,85
2020-09-07,Stanislaus,099,539301,15823,15343,408,15751,236
2020-09-07,Sutter,101,95872,1528,1468,1,1469,11
2020-09-07,Tehama,103,63373,466,453,2,455,1
2020-09-07,Trinity,105,12862,51,13,7,20,0
2020-09-07,Tulare,107,460477,15312,14637,65,14702,249
2020-09-07,Tuolumne,109,53932,220,196,5,201,1
2020-09-07,Ventura,111,848112,12092,11463,114,11577,118
2020-09-07,Yolo,113,214977,2675,2565,6,2571,53
2020-09-07,Yuba,115,75493,975,923,3,926,1
2020-09-06,Alameda,001,1643700,19893,19029,136,19165,281
2020-09-06,Alpine,002,1148,2,2,0,2,0
2020-09-06,Amador,005,37829,277,275,0,275,16
2020-09-06,Butte,007,227075,2678,2446,48,2494,30
2020-09-06,Calaveras,009,45235,288,235,0,235,1
2020-09-06,Colusa,011,21464,493,475,0,475,6
2020-09-06,Contra Costa,013,1133247,15470,14565,65,14630,171
2020-09-06,Del Norte,015,27424,121,109,0,109,2
2020-09-06,El Dorado,017,186661,1060,1008,8,1016,2
2020-09-06,Fresno,019,978130,28924,26471,317,26788,329
2020-09-06,Glenn,021,27897,516,474,0,474,3
2020-09-06,Humboldt,023,135768,448,404,1,405,4
2020-09-06,Imperial,025,180216,11444,10152,7,10159,267
2020-09-06,Inyo,027,18085,184,169,4,173,2
2020-09-06,Kern,029,883053,30585,29699,267,29966,348
2020-09-06,Kings,031,150075,6956,6561,30,6591,72
2020-09-06,Lake,033,64148,402,362,0,362,2
2020-09-06,Lassen,035,31185,732,709,2,711,0
2020-09-06,Los Angeles,037,10098052,250998,248316,1447,249763,6004
2020-09-06,Madera,039,155013,4134,3867,28,3895,42
2020-09-06,Marin,041,260295,6393,6276,15,6291,67
2020-09-06,Mariposa,043,17540,74,72,0,72,2
2020-09-06,Mendocino,045,87422,710,672,0,672,16
2020-09-06,Merced,047,269075,8477,8327,14,8341,104
2020-09-06,Modoc,049,8938,23,20,0,20,0
2020-09-06,Mono,051,14174,164,145,3,148,1
2020-09-06,Monterey,053,433212,8793,8403,17,8420,56
2020-09-06,Napa,055,140530,1562,1501,6,1507,11
2020-09-06,Nevada,057,99092,485,467,14,481,6
2020-09-06,Orange,059,3164182,51780,48931,1295,50226,1042
2020-09-06,Placer,061,380077,3318,3169,12,3181,36
2020-09-06,Plumas,063,18699,44,42,0,42,0
2020-09-06,Riverside,065,2383286,55232,53970,83,54053,1069
2020-09-06,Sacramento,067,1510023,19906,19128,20,19148,340
2020-09-06,San Benito,069,59416,1227,1178,0,1178,4
2020-09-06,San Bernardino,071,2135413,50610,48923,325,49248,823
2020-09-06,San Diego,073,3302833,42429,40652,620,41272,707
2020-09-06,San Francisco,075,870044,10224,9813,20,9833,85
2020-09-06,San Joaquin,077,732212,19206,18558,40,18598,386
2020-09-06,San Luis Obispo,079,281455,3331,3101,16,3117,23
2020-09-06,San Mateo,081,765935,9162,8387,10,8397,125
2020-09-06,Santa Barbara,083,443738,8608,8434,70,8504,95
2020-09-06,Santa Clara,085,1922200,19900,18495,38,18533,207
2020-09-06,Santa Cruz,087,273765,2059,1902,17,1919,7
2020-09-06,Shasta,089,179085,660,550,3,553,10
2020-09-06,Sierra,091,2930,6,6,0,6,0
2020-09-06,Siskiyou,093,43540,146,132,9,141,0
2020-09-06,Solano,095,438530,5818,5619,37,5656,37
2020-09-06,Sonoma,097,501317,6574,6212,20,6232,85
2020-09-06,Stanislaus,099,539301,15779,15288,404,15692,236
2020-09-06,Sutter,101,95872,1515,1451,1,1452,11
2020-09-06,Tehama,103,63373,465,455,2,457,1
2020-09-06,Trinity,105,12862,50,13,7,20,0
2020-09-06,Tulare,107,460477,15269,14636,64,14700,249
2020-09-06,Tuolumne,109,53932,217,194,5,199,1
2020-09-06,Ventura,111,848112,12047,11315,114,11429,118
2020-09-06,Yolo,113,214977,2661,2556,6,2562,53
2020-09-06,Yuba,115,75493,966,913,3,916,1
2020-09-05,Alameda,001,1643700,19847,18973,134,19107,279
2020-09-05,Alpine,002,1148,2,2,0,2,0
2020-09-05,Amador,005,37829,277,274,0,274,16
2020-09-05,Butte,007,227075,2662,2406,47,2453,30
2020-09-05,Calaveras,009,45235,288,237,0,237,1
2020-09-05,Colusa,011,21464,489,472,0,472,6
2020-09-05,Contra Costa,013,1133247,15393,14456,63,14519,173
2020-09-05,Del Norte,015,27424,121,109,0,109,2
2020-09-05,El Dorado,017,186661,1060,1007,8,1015,2
2020-09-05,Fresno,019,978130,28857,26325,317,26642,331
2020-09-05,Glenn,021,27897,515,474,0,474,3
2020-09-05,Humboldt,023,135768,446,402,1,403,4
2020-09-05,Imperial,025,180216,11427,10151,7,10158,268
2020-09-05,Inyo,027,18085,184,169,4,173,2
2020-09-05,Kern,029,883053,30525,29645,263,29908,347
2020-09-05,Kings,031,150075,6947,6518,30,6548,66
2020-09-05,Lake,033,64148,399,359,0,359,2
2020-09-05,Lassen,035,31185,732,709,2,711,0
2020-09-05,Los Angeles,037,10098052,250463,247572,1435,249007,6001
2020-09-05,Madera,039,155013,4094,3851,28,3879,42
2020-09-05,Marin,041,260295,6385,6259,15,6274,66
2020-09-05,Mariposa,043,17540,74,72,0,72,2
2020-09-05,Mendocino,045,87422,709,658,0,658,16
2020-09-05,Merced,047,269075,8453,8297,12,8309,104
2020-09-05,Modoc,049,8938,23,19,0,19,0
2020-09-05,Mono,051,14174,164,145,3,148,1
2020-09-05,Monterey,053,433212,8763,8301,17,8318,56
2020-09-05,Napa,055,140530,1556,1484,6,1490,11
2020-09-05,Nevada,057,99092,482,461,14,475,6
2020-09-05,Orange,059,3164182,51679,48726,1290,50016,1039
2020-09-05,Placer,061,380077,3308,3141,12,3153,35
2020-09-05,Plumas,063,18699,44,42,0,42,0
2020-09-05,Riverside,065,2383286,55126,53780,83,53863,1066
2020-09-05,Sacramento,067,1510023,19816,18955,20,18975,339
2020-09-05,San Benito,069,59416,1225,1153,0,1153,4
2020-09-05,San Bernardino,071,2135413,50534,48800,324,49124,825
2020-09-05,San Diego,073,3302833,42236,40344,608,40952,717
2020-09-05,San Francisco,075,870044,10191,9812,19,9831,85
2020-09-05,San Joaquin,077,732212,19177,18557,40,18597,386
2020-09-05,San Luis Obispo,079,281455,3320,3083,16,3099,23
2020-09-05,San Mateo,081,765935,9117,8352,10,8362,124
2020-09-05,Santa Barbara,083,443738,8592,8404,70,8474,96
2020-09-05,Santa Clara,085,1922200,19819,18311,38,18349,207
2020-09-05,Santa Cruz,087,273765,2051,1904,17,1921,7
2020-09-05,Shasta,089,179085,659,544,3,547,10
2020-09-05,Sierra,091,2930,6,6,0,6,0
2020-09-05,Siskiyou,093,43540,145,131,9,140,0
2020-09-05,Solano,095,438530,5806,5579,37,5616,37
2020-09-05,Sonoma,097,501317,6541,6149,20,6169,85
2020-09-05,Stanislaus,099,539301,15731,15198,400,15598,236
2020-09-05,Sutter,101,95872,1508,1445,1,1446,11
2020-09-05,Tehama,103,63373,464,447,2,449,1
2020-09-05,Trinity,105,12862,50,13,7,20,0
2020-09-05,Tulare,107,460477,15211,14576,62,14638,249
2020-09-05,Tuolumne,109,53932,217,194,5,199,1
2020-09-05,Ventura,111,848112,12004,11254,114,11368,118
2020-09-05,Yolo,113,214977,2651,2534,6,2540,53
2020-09-05,Yuba,115,75493,960,902,3,905,1
2020-09-04,Alameda,001,1643700,19778,18843,133,18976,276
2020-09-04,Alpine,002,1148,2,2,0,2,0
2020-09-04,Amador,005,37829,276,274,0,274,16
2020-09-04,Butte,007,227075,2639,2325,47,2372,28
2020-09-04,Calaveras,009,45235,286,237,0,237,1
2020-09-04,Colusa,011,21464,487,467,0,467,6
2020-09-04,Contra Costa,013,1133247,15310,14355,62,14417,164
2020-09-04,Del Norte,015,27424,121,109,0,109,2
2020-09-04,El Dorado,017,186661,1056,992,8,1000,2
2020-09-04,Fresno,019,978130,28751,26147,316,26463,321
2020-09-04,Glenn,021,27897,507,463,0,463,3
2020-09-04,Humboldt,023,135768,441,390,1,391,4
2020-09-04,Imperial,025,180216,11418,10136,7,10143,267
2020-09-04,Inyo,027,18085,184,169,4,173,2
2020-09-04,Kern,029,883053,30457,29526,260,29786,345
2020-09-04,Kings,031,150075,6934,6259,30,6289,66
2020-09-04,Lake,033,64148,399,347,0,347,2
2020-09-04,Lassen,035,31185,732,708,2,710,0
2020-09-04,Los Angeles,037,10098052,249894,246396,1416,247812,5977
2020-09-04,Madera,039,155013,4081,3838,28,3866,42
2020-09-04,Marin,041,260295,6373,6251,15,6266,66
2020-09-04,Mariposa,043,17540,74,72,0,72,2
2020-09-04,Mendocino,045,87422,707,646,0,646,16
2020-09-04,Merced,047,269075,8434,8214,12,8226,104
2020-09-04,Modoc,049,8938,23,15,0,15,0
2020-09-04,Mono,051,14174,164,145,3,148,1
2020-09-04,Monterey,053,433212,8718,8208,17,8225,56
2020-09-04,Napa,055,140530,1547,1475,6,1481,11
2020-09-04,Nevada,057,99092,479,455,14,469,6
2020-09-04,Orange,059,3164182,51555,48488,1283,49771,1031
2020-09-04,Placer,061,380077,3296,3101,12,3113,35
2020-09-04,Plumas,063,18699,44,42,0,42,0
2020-09-04,Riverside,065,2383286,55013,53606,78,53684,1066
2020-09-04,Sacramento,067,1510023,19728,18765,20,18785,337
2020-09-04,San Benito,069,59416,1216,1137,0,1137,4
2020-09-04,San Bernardino,071,2135413,50441,48497,322,48819,800
2020-09-04,San Diego,073,3302833,42006,39901,599,40500,701
2020-09-04,San Francisco,075,870044,10151,9694,18,9712,85
2020-09-04,San Joaquin,077,732212,19123,18438,40,18478,376
2020-09-04,San Luis Obispo,079,281455,3305,3049,15,3064,21
2020-09-04,San Mateo,081,765935,9073,8275,10,8285,122
2020-09-04,Santa Barbara,083,443738,8562,8340,70,8410,96
2020-09-04,Santa Clara,085,1922200,19709,18074,38,18112,209
2020-09-04,Santa Cruz,087,273765,2034,1896,16,1912,7
2020-09-04,Shasta,089,179085,656,536,3,539,10
2020-09-04,Sierra,091,2930,6,6,0,6,0
2020-09-04,Siskiyou,093,43540,145,129,9,138,0
2020-09-04,Solano,095,438530,5793,5552,37,5589,37
2020-09-04,Sonoma,097,501317,6486,6050,20,6070,85
2020-09-04,Stanislaus,099,539301,15698,15074,391,15465,233
2020-09-04,Sutter,101,95872,1492,1425,1,1426,11
2020-09-04,Tehama,103,63373,460,442,2,444,1
2020-09-04,Trinity,105,12862,50,13,7,20,0
2020-09-04,Tulare,107,460477,15183,14501,59,14560,247
2020-09-04,Tuolumne,109,53932,217,193,5,198,1
2020-09-04,Ventura,111,848112,11962,11171,114,11285,114
2020-09-04,Yolo,113,214977,2637,2495,6,2501,53
2020-09-04,Yuba,115,75493,955,884,3,887,1
2020-09-03,Alameda,001,1643700,19675,18687,133,18820,275
2020-09-03,Alpine,002,1148,2,2,0,2,0
2020-09-03,Amador,005,37829,276,274,0,274,16
2020-09-03,Butte,007,227075,2595,2274,47,2321,27
2020-09-03,Calaveras,009,45235,285,238,0,238,1
2020-09-03,Colusa,011,21464,485,464,0,464,6
2020-09-03,Contra Costa,013,1133247,15203,14206,59,14265,159
2020-09-03,Del Norte,015,27424,118,109,0,109,2
2020-09-03,El Dorado,017,186661,1052,983,8,991,2
2020-09-03,Fresno,019,978130,28632,25978,311,26289,313
2020-09-03,Glenn,021,27897,503,460,0,460,3
2020-09-03,Humboldt,023,135768,436,390,1,391,4
2020-09-03,Imperial,025,180216,11397,10083,7,10090,255
2020-09-03,Inyo,027,18085,182,171,4,175,3
2020-09-03,Kern,029,883053,30365,29426,246,29672,340
2020-09-03,Kings,031,150075,6854,6200,30,6230,64
2020-09-03,Lake,033,64148,390,347,0,347,2
2020-09-03,Lassen,035,31185,732,707,2,709,0
2020-09-03,Los Angeles,037,10098052,249031,245026,1396,246422,5931
2020-09-03,Madera,039,155013,4062,3780,28,3808,43
2020-09-03,Marin,041,260295,6354,6175,15,6190,66
2020-09-03,Mariposa,043,17540,74,71,0,71,2
2020-09-03,Mendocino,045,87422,698,638,0,638,16
2020-09-03,Merced,047,269075,8392,8136,12,8148,105
2020-09-03,Modoc,049,8938,23,14,0,14,0
2020-09-03,Mono,051,14174,163,144,3,147,1
2020-09-03,Monterey,053,433212,8664,8128,17,8145,56
2020-09-03,Napa,055,140530,1540,1466,6,1472,10
2020-09-03,Nevada,057,99092,476,453,14,467,6
2020-09-03,Orange,059,3164182,51368,48226,1269,49495,1009
2020-09-03,Placer,061,380077,3278,3069,12,3081,34
2020-09-03,Plumas,063,18699,44,39,0,39,0
2020-09-03,Riverside,065,2383286,54833,53341,74,53415,1052
2020-09-03,Sacramento,067,1510023,19600,18553,19,18572,328
2020-09-03,San Benito,069,59416,1205,1121,0,1121,4
2020-09-03,San Bernardino,071,2135413,50275,48165,321,48486,800
2020-09-03,San Diego,073,3302833,41692,39448,583,40031,700
2020-09-03,San Francisco,075,870044,10086,9636,16,9652,84
2020-09-03,San Joaquin,077,732212,19045,18331,40,18371,371
2020-09-03,San Luis Obispo,079,281455,3288,3023,15,3038,21
2020-09-03,San Mateo,081,765935,8999,8211,10,8221,122
2020-09-03,Santa Barbara,083,443738,8515,8277,70,8347,96
2020-09-03,Santa Clara,085,1922200,19528,17879,38,17917,208
2020-09-03,Santa Cruz,087,273765,2019,1870,16,1886,7
2020-09-03,Shasta,089,179085,651,535,3,538,10
2020-09-03,Sierra,091,2930,6,6,0,6,0
2020-09-03,Siskiyou,093,43540,145,128,9,137,0
2020-09-03,Solano,095,438530,5773,5499,36,5535,36
2020-09-03,Sonoma,097,501317,6419,5997,20,6017,62
2020-09-03,Stanislaus,099,539301,15646,14985,387,15372,217
2020-09-03,Sutter,101,95872,1482,1412,1,1413,11
2020-09-03,Tehama,103,63373,456,436,2,438,1
2020-09-03,Trinity,105,12862,48,13,7,20,0
2020-09-03,Tulare,107,460477,15117,14408,58,14466,244
2020-09-03,Tuolumne,109,53932,217,193,5,198,1
2020-09-03,Ventura,111,848112,11844,11109,111,11220,112
2020-09-03,Yolo,113,214977,2621,2475,6,2481,53
2020-09-03,Yuba,115,75493,948,867,3,870,1
2020-09-02,Alameda,001,1643700,19557,18522,130,18652,260
2020-09-02,Alpine,002,1148,2,2,0,2,0
2020-09-02,Amador,005,37829,276,245,0,245,14
2020-09-02,Butte,007,227075,2549,2241,47,2288,27
2020-09-02,Calaveras,009,45235,284,235,0,235,1
2020-09-02,Colusa,011,21464,481,460,0,460,6
2020-09-02,Contra Costa,013,1133247,15113,14097,57,14154,159
2020-09-02,Del Norte,015,27424,117,109,0,109,2
2020-09-02,El Dorado,017,186661,1048,975,7,982,2
2020-09-02,Fresno,019,978130,28485,25785,308,26093,292
2020-09-02,Glenn,021,27897,498,457,0,457,3
2020-09-02,Humboldt,023,135768,433,381,1,382,4
2020-09-02,Imperial,025,180216,11381,9832,7,9839,255
2020-09-02,Inyo,027,18085,182,171,4,175,3
2020-09-02,Kern,029,883053,30273,29288,240,29528,335
2020-09-02,Kings,031,150075,6769,6142,30,6172,64
2020-09-02,Lake,033,64148,386,342,0,342,2
2020-09-02,Lassen,035,31185,730,706,2,708,0
2020-09-02,Los Angeles,037,10098052,248100,243999,1368,245367,5887
2020-09-02,Madera,039,155013,4042,3735,28,3763,41
2020-09-02,Marin,041,260295,6339,6131,15,6146,66
2020-09-02,Mariposa,043,17540,74,71,0,71,2
2020-09-02,Mendocino,045,87422,688,636,0,636,15
2020-09-02,Merced,047,269075,8365,8097,11,8108,103
2020-09-02,Modoc,049,8938,22,11,0,11,0
2020-09-02,Mono,051,14174,163,145,3,148,1
2020-09-02,Monterey,053,433212,8600,8070,17,8087,56
2020-09-02,Napa,055,140530,1528,1454,6,1460,10
2020-09-02,Nevada,057,99092,470,452,13,465,6
2020-09-02,Orange,059,3164182,51187,47871,1259,49130,994
2020-09-02,Placer,061,380077,3253,3047,11,3058,33
2020-09-02,Plumas,063,18699,44,39,0,39,0
2020-09-02,Riverside,065,2383286,54631,52923,71,52994,1032
2020-09-02,Sacramento,067,1510023,19365,18355,18,18373,316
2020-09-02,San Benito,069,59416,1192,1107,0,1107,4
2020-09-02,San Bernardino,071,2135413,50112,47766,318,48084,794
2020-09-02,San Diego,073,3302833,41372,39123,569,39692,695
2020-09-02,San Francisco,075,870044,10017,9587,16,9603,84
2020-09-02,San Joaquin,077,732212,18964,18194,39,18233,352
2020-09-02,San Luis Obispo,079,281455,3262,3002,14,3016,21
2020-09-02,San Mateo,081,765935,8942,8148,10,8158,122
2020-09-02,Santa Barbara,083,443738,8460,8206,69,8275,94
2020-09-02,Santa Clara,085,1922200,19372,17673,38,17711,206
2020-09-02,Santa Cruz,087,273765,1996,1850,16,1866,7
2020-09-02,Shasta,089,179085,650,531,3,534,10
2020-09-02,Sierra,091,2930,6,6,0,6,0
2020-09-02,Siskiyou,093,43540,144,127,9,136,0
2020-09-02,Solano,095,438530,5745,5463,36,5499,36
2020-09-02,Sonoma,097,501317,6358,5846,20,5866,62
2020-09-02,Stanislaus,099,539301,15576,14854,380,15234,220
2020-09-02,Sutter,101,95872,1467,1401,1,1402,10
2020-09-02,Tehama,103,63373,453,429,2,431,1
2020-09-02,Trinity,105,12862,48,13,7,20,0
2020-09-02,Tulare,107,460477,15051,14298,58,14356,244
2020-09-02,Tuolumne,109,53932,217,190,5,195,1
2020-09-02,Ventura,111,848112,11757,11031,110,11141,111
2020-09-02,Yolo,113,214977,2599,2449,6,2455,54
2020-09-02,Yuba,115,75493,941,856,3,859,1
2020-09-01,Alameda,001,1643700,19419,18382,127,18509,248
2020-09-01,Alpine,002,1148,2,2,0,2,0
2020-09-01,Amador,005,37829,275,244,0,244,13
2020-09-01,Butte,007,227075,2492,2146,47,2193,26
2020-09-01,Calaveras,009,45235,276,228,0,228,1
2020-09-01,Colusa,011,21464,476,454,0,454,6
2020-09-01,Contra Costa,013,1133247,15020,13998,55,14053,158
2020-09-01,Del Norte,015,27424,116,108,0,108,2
2020-09-01,El Dorado,017,186661,1040,972,7,979,2
2020-09-01,Fresno,019,978130,28341,25542,306,25848,290
2020-09-01,Glenn,021,27897,491,449,0,449,3
2020-09-01,Humboldt,023,135768,427,378,1,379,4
2020-09-01,Imperial,025,180216,11355,9782,7,9789,250
2020-09-01,Inyo,027,18085,182,171,4,175,3
2020-09-01,Kern,029,883053,30182,29162,235,29397,332
2020-09-01,Kings,031,150075,6738,6088,30,6118,62
2020-09-01,Lake,033,64148,383,341,0,341,2
2020-09-01,Lassen,035,31185,727,706,2,708,0
2020-09-01,Los Angeles,037,10098052,247010,242633,1345,243978,5832
2020-09-01,Madera,039,155013,4013,3703,27,3730,41
2020-09-01,Marin,041,260295,6324,6102,15,6117,67
2020-09-01,Mariposa,043,17540,73,72,0,72,2
2020-09-01,Mendocino,045,87422,673,626,0,626,15
2020-09-01,Merced,047,269075,8312,8046,11,8057,103
2020-09-01,Modoc,049,8938,20,10,0,10,0
2020-09-01,Mono,051,14174,163,145,3,148,1
2020-09-01,Monterey,053,433212,8494,7926,17,7943,56
2020-09-01,Napa,055,140530,1513,1446,6,1452,10
2020-09-01,Nevada,057,99092,464,450,13,463,6
2020-09-01,Orange,059,3164182,51023,47671,1240,48911,976
2020-09-01,Placer,061,380077,3231,3013,11,3024,33
2020-09-01,Plumas,063,18699,44,39,0,39,0
2020-09-01,Riverside,065,2383286,54414,52785,70,52855,1027
2020-09-01,Sacramento,067,1510023,19181,18217,17,18234,305
2020-09-01,San Benito,069,59416,1180,1089,0,1089,4
2020-09-01,San Bernardino,071,2135413,49905,47371,317,47688,786
2020-09-01,San Diego,073,3302833,41014,38873,531,39404,688
2020-09-01,San Francisco,075,870044,9948,9492,16,9508,83
2020-09-01,San Joaquin,077,732212,18883,17915,38,17953,341
2020-09-01,San Luis Obispo,079,281455,3236,2970,14,2984,21
2020-09-01,San Mateo,081,765935,8862,8132,10,8142,122
2020-09-01,Santa Barbara,083,443738,8410,8142,68,8210,93
2020-09-01,Santa Clara,085,1922200,19193,17319,38,17357,204
2020-09-01,Santa Cruz,087,273765,1972,1752,16,1768,7
2020-09-01,Shasta,089,179085,642,527,3,530,9
2020-09-01,Sierra,091,2930,6,6,0,6,0
2020-09-01,Siskiyou,093,43540,141,128,8,136,0
2020-09-01,Solano,095,438530,5719,5438,36,5474,34
2020-09-01,Sonoma,097,501317,6269,5733,20,5753,60
2020-09-01,Stanislaus,099,539301,15500,14784,370,15154,212
2020-09-01,Sutter,101,95872,1456,1389,1,1390,10
2020-09-01,Tehama,103,63373,450,422,2,424,1
2020-09-01,Trinity,105,12862,47,13,6,19,0
2020-09-01,Tulare,107,460477,14967,14156,58,14214,241
2020-09-01,Tuolumne,109,53932,211,183,5,188,1
2020-09-01,Ventura,111,848112,11679,10899,105,11004,108
2020-09-01,Yolo,113,214977,2583,2440,6,2446,51
2020-09-01,Yuba,115,75493,932,841,3,844,1
2020-08-31,Alameda,001,1643700,19272,18148,127,18275,248
2020-08-31,Alpine,002,1148,2,2,0,2,0
2020-08-31,Amador,005,37829,275,243,0,243,13
2020-08-31,Butte,007,227075,2428,2069,47,2116,26
2020-08-31,Calaveras,009,45235,271,212,0,212,1
2020-08-31,Colusa,011,21464,475,443,0,443,6
2020-08-31,Contra Costa,013,1133247,14894,13902,52,13954,153
2020-08-31,Del Norte,015,27424,116,108,0,108,2
2020-08-31,El Dorado,017,186661,1033,965,7,972,2
2020-08-31,Fresno,019,978130,28121,25185,300,25485,290
2020-08-31,Glenn,021,27897,479,437,0,437,3
2020-08-31,Humboldt,023,135768,425,374,1,375,4
2020-08-31,Imperial,025,180216,11324,9759,7,9766,250
2020-08-31,Inyo,027,18085,181,160,4,164,3
2020-08-31,Kern,029,883053,30084,29067,234,29301,318
2020-08-31,Kings,031,150075,6471,6037,30,6067,62
2020-08-31,Lake,033,64148,367,341,0,341,2
2020-08-31,Lassen,035,31185,724,706,2,708,0
2020-08-31,Los Angeles,037,10098052,245903,241793,1317,243110,5787
2020-08-31,Madera,039,155013,3990,3662,26,3688,35
2020-08-31,Marin,041,260295,6288,6074,15,6089,67
2020-08-31,Mariposa,043,17540,73,69,0,69,2
2020-08-31,Mendocino,045,87422,661,618,0,618,15
2020-08-31,Merced,047,269075,8264,7991,11,8002,79
2020-08-31,Modoc,049,8938,18,10,0,10,0
2020-08-31,Mono,051,14174,163,145,3,148,1
2020-08-31,Monterey,053,433212,8387,7839,17,7856,56
2020-08-31,Napa,055,140530,1505,1434,6,1440,10
2020-08-31,Nevada,057,99092,462,447,13,460,6
2020-08-31,Orange,059,3164182,50824,47392,1212,48604,965
2020-08-31,Placer,061,380077,3182,2989,11,3000,33
2020-08-31,Plumas,063,18699,43,39,0,39,0
2020-08-31,Riverside,065,2383286,54192,52508,68,52576,1020
2020-08-31,Sacramento,067,1510023,18940,17999,17,18016,303
2020-08-31,San Benito,069,59416,1164,1080,0,1080,4
2020-08-31,San Bernardino,071,2135413,49693,47370,316,47686,755
2020-08-31,San Diego,073,3302833,40647,38606,498,39104,682
2020-08-31,San Francisco,075,870044,9869,9293,13,9306,83
2020-08-31,San Joaquin,077,732212,18796,17807,37,17844,338
2020-08-31,San Luis Obispo,079,281455,3213,2951,13,2964,21
2020-08-31,San Mateo,081,765935,8792,8065,10,8075,122
2020-08-31,Santa Barbara,083,443738,8365,8124,68,8192,94
2020-08-31,Santa Clara,085,1922200,19005,17211,38,17249,202
2020-08-31,Santa Cruz,087,273765,1947,1742,16,1758,7
2020-08-31,Shasta,089,179085,637,528,3,531,9
2020-08-31,Sierra,091,2930,6,6,0,6,0
2020-08-31,Siskiyou,093,43540,140,127,8,135,0
2020-08-31,Solano,095,438530,5687,5302,35,5337,34
2020-08-31,Sonoma,097,501317,6182,5650,20,5670,60
2020-08-31,Stanislaus,099,539301,15426,14685,361,15046,213
2020-08-31,Sutter,101,95872,1441,1365,1,1366,10
2020-08-31,Tehama,103,63373,447,421,2,423,1
2020-08-31,Trinity,105,12862,47,13,6,19,0
2020-08-31,Tulare,107,460477,14880,13985,56,14041,237
2020-08-31,Tuolumne,109,53932,211,178,5,183,1
2020-08-31,Ventura,111,848112,11591,10866,104,10970,108
2020-08-31,Yolo,113,214977,2565,2423,5,2428,51
2020-08-31,Yuba,115,75493,918,830,3,833,1
2020-08-30,Alameda,001,1643700,19147,18099,125,18224,248
2020-08-30,Alpine,002,1148,2,2,0,2,0
2020-08-30,Amador,005,37829,274,240,0,240,13
2020-08-30,Butte,007,227075,2348,1988,47,2035,26
2020-08-30,Calaveras,009,45235,262,211,0,211,1
2020-08-30,Colusa,011,21464,474,440,0,440,6
2020-08-30,Contra Costa,013,1133247,14756,13780,52,13832,150
2020-08-30,Del Norte,015,27424,115,108,0,108,2
2020-08-30,El Dorado,017,186661,1023,962,7,969,2
2020-08-30,Fresno,019,978130,27995,24963,299,25262,291
2020-08-30,Glenn,021,27897,472,437,0,437,3
2020-08-30,Humboldt,023,135768,414,362,1,363,4
2020-08-30,Imperial,025,180216,11305,9703,7,9710,250
2020-08-30,Inyo,027,18085,181,160,4,164,3
2020-08-30,Kern,029,883053,29991,28987,234,29221,317
2020-08-30,Kings,031,150075,6425,6000,30,6030,62
2020-08-30,Lake,033,64148,362,334,0,334,2
2020-08-30,Lassen,035,31185,722,706,2,708,0
2020-08-30,Los Angeles,037,10098052,244765,240775,1285,242060,5772
2020-08-30,Madera,039,155013,3962,3626,26,3652,33
2020-08-30,Marin,041,260295,6258,6060,15,6075,66
2020-08-30,Mariposa,043,17540,73,69,0,69,2
2020-08-30,Mendocino,045,87422,655,611,0,611,13
2020-08-30,Merced,047,269075,8194,7960,11,7971,79
2020-08-30,Modoc,049,8938,13,10,0,10,0
2020-08-30,Mono,051,14174,163,145,3,148,1
2020-08-30,Monterey,053,433212,8303,7816,17,7833,54
2020-08-30,Napa,055,140530,1493,1423,6,1429,10
2020-08-30,Nevada,057,99092,459,445,13,458,6
2020-08-30,Orange,059,3164182,50627,47283,1198,48481,965
2020-08-30,Placer,061,380077,3149,2961,11,2972,32
2020-08-30,Plumas,063,18699,42,39,0,39,0
2020-08-30,Riverside,065,2383286,54013,52227,67,52294,1017
2020-08-30,Sacramento,067,1510023,18763,17751,17,17768,300
2020-08-30,San Benito,069,59416,1154,1071,0,1071,4
2020-08-30,San Bernardino,071,2135413,49436,47201,316,47517,755
2020-08-30,San Diego,073,3302833,40249,38302,477,38779,682
2020-08-30,San Francisco,075,870044,9772,9294,10,9304,83
2020-08-30,San Joaquin,077,732212,18679,17637,36,17673,338
2020-08-30,San Luis Obispo,079,281455,3188,2934,13,2947,21
2020-08-30,San Mateo,081,765935,8715,8013,10,8023,122
2020-08-30,Santa Barbara,083,443738,8306,8088,68,8156,93
2020-08-30,Santa Clara,085,1922200,18831,17045,38,17083,202
2020-08-30,Santa Cruz,087,273765,1921,1743,16,1759,7
2020-08-30,Shasta,089,179085,634,525,3,528,9
2020-08-30,Sierra,091,2930,6,6,0,6,0
2020-08-30,Siskiyou,093,43540,138,125,8,133,0
2020-08-30,Solano,095,438530,5644,5303,35,5338,34
2020-08-30,Sonoma,097,501317,6122,5590,20,5610,60
2020-08-30,Stanislaus,099,539301,15354,14580,352,14932,209
2020-08-30,Sutter,101,95872,1420,1351,1,1352,10
2020-08-30,Tehama,103,63373,437,419,2,421,1
2020-08-30,Trinity,105,12862,47,13,6,19,0
2020-08-30,Tulare,107,460477,14785,13985,55,14040,236
2020-08-30,Tuolumne,109,53932,207,178,5,183,1
2020-08-30,Ventura,111,848112,11478,10775,99,10874,108
2020-08-30,Yolo,113,214977,2537,2391,4,2395,51
2020-08-30,Yuba,115,75493,904,832,3,835,1
2020-08-29,Alameda,001,1643700,19080,17888,125,18013,250
2020-08-29,Alpine,002,1148,2,2,0,2,0
2020-08-29,Amador,005,37829,274,239,0,239,13
2020-08-29,Butte,007,227075,2317,1948,47,1995,26
2020-08-29,Calaveras,009,45235,258,211,0,211,1
2020-08-29,Colusa,011,21464,471,440,0,440,6
2020-08-29,Contra Costa,013,1133247,14683,13663,51,13714,159
2020-08-29,Del Norte,015,27424,115,108,0,108,1
2020-08-29,El Dorado,017,186661,1020,958,7,965,2
2020-08-29,Fresno,019,978130,27940,24821,299,25120,291
2020-08-29,Glenn,021,27897,466,437,0,437,3
2020-08-29,Humboldt,023,135768,411,363,1,364,4
2020-08-29,Imperial,025,180216,11290,9698,7,9705,250
2020-08-29,Inyo,027,18085,181,160,4,164,3
2020-08-29,Kern,029,883053,29951,28947,233,29180,317
2020-08-29,Kings,031,150075,6410,5906,30,5936,62
2020-08-29,Lake,033,64148,361,329,0,329,2
2020-08-29,Lassen,035,31185,722,706,2,708,0
2020-08-29,Los Angeles,037,10098052,244136,239815,1272,241087,5762
2020-08-29,Madera,039,155013,3953,3605,25,3630,33
2020-08-29,Marin,041,260295,6246,6007,15,6022,64
2020-08-29,Mariposa,043,17540,73,69,0,69,2
2020-08-29,Mendocino,045,87422,651,596,0,596,13
2020-08-29,Merced,047,269075,8165,7867,11,7878,79
2020-08-29,Modoc,049,8938,13,9,0,9,0
2020-08-29,Mono,051,14174,163,145,3,148,1
2020-08-29,Monterey,053,433212,8258,7680,17,7697,53
2020-08-29,Napa,055,140530,1490,1413,6,1419,10
2020-08-29,Nevada,057,99092,459,442,13,455,5
2020-08-29,Orange,059,3164182,50516,47007,1188,48195,960
2020-08-29,Placer,061,380077,3132,2935,11,2946,32
2020-08-29,Plumas,063,18699,41,39,0,39,0
2020-08-29,Riverside,065,2383286,53901,51918,65,51983,1016
2020-08-29,Sacramento,067,1510023,18692,17588,17,17605,291
2020-08-29,San Benito,069,59416,1145,1045,0,1045,4
2020-08-29,San Bernardino,071,2135413,49321,46849,316,47165,755
2020-08-29,San Diego,073,3302833,39983,38049,459,38508,694
2020-08-29,San Francisco,075,870044,9744,9291,9,9300,83
2020-08-29,San Joaquin,077,732212,18635,17493,36,17529,335
2020-08-29,San Luis Obispo,079,281455,3163,2917,13,2930,21
2020-08-29,San Mateo,081,765935,8673,7928,10,7938,122
2020-08-29,Santa Barbara,083,443738,8279,8052,67,8119,93
2020-08-29,Santa Clara,085,1922200,18731,16898,37,16935,202
2020-08-29,Santa Cruz,087,273765,1909,1746,16,1762,7
2020-08-29,Shasta,089,179085,626,522,3,525,9
2020-08-29,Sierra,091,2930,6,6,0,6,0
2020-08-29,Siskiyou,093,43540,138,121,8,129,0
2020-08-29,Solano,095,438530,5623,5303,35,5338,34
2020-08-29,Sonoma,097,501317,6087,5537,20,5557,60
2020-08-29,Stanislaus,099,539301,15305,14479,342,14821,208
2020-08-29,Sutter,101,95872,1415,1333,1,1334,9
2020-08-29,Tehama,103,63373,436,417,2,419,1
2020-08-29,Trinity,105,12862,46,11,6,17,0
2020-08-29,Tulare,107,460477,14747,13890,54,13944,236
2020-08-29,Tuolumne,109,53932,207,178,5,183,1
2020-08-29,Ventura,111,848112,11436,10705,99,10804,108
2020-08-29,Yolo,113,214977,2519,2357,4,2361,51
2020-08-29,Yuba,115,75493,895,822,3,825,1
2020-08-28,Alameda,001,1643700,18997,17729,124,17853,237
2020-08-28,Alpine,002,1148,2,2,0,2,0
2020-08-28,Amador,005,37829,274,234,0,234,13
2020-08-28,Butte,007,227075,2287,1886,47,1933,25
2020-08-28,Calaveras,009,45235,256,207,0,207,1
2020-08-28,Colusa,011,21464,470,441,0,441,6
2020-08-28,Contra Costa,013,1133247,14612,13522,50,13572,158
2020-08-28,Del Norte,015,27424,115,107,0,107,1
2020-08-28,El Dorado,017,186661,1014,949,7,956,2
2020-08-28,Fresno,019,978130,27805,24612,299,24911,282
2020-08-28,Glenn,021,27897,459,429,0,429,3
2020-08-28,Humboldt,023,135768,407,362,1,363,4
2020-08-28,Imperial,025,180216,11276,9656,7,9663,241
2020-08-28,Inyo,027,18085,180,160,4,164,2
2020-08-28,Kern,029,883053,29903,28744,233,28977,306
2020-08-28,Kings,031,150075,6403,5829,29,5858,62
2020-08-28,Lake,033,64148,356,320,0,320,2
2020-08-28,Lassen,035,31185,722,704,2,706,0
2020-08-28,Los Angeles,037,10098052,243323,238544,1247,239791,5740
2020-08-28,Madera,039,155013,3934,3552,25,3577,33
2020-08-28,Marin,041,260295,6224,5991,15,6006,63
2020-08-28,Mariposa,043,17540,73,67,0,67,2
2020-08-28,Mendocino,045,87422,646,588,0,588,11
2020-08-28,Merced,047,269075,8134,7803,11,7814,77
2020-08-28,Modoc,049,8938,13,6,0,6,0
2020-08-28,Mono,051,14174,163,145,3,148,1
2020-08-28,Monterey,053,433212,8201,7591,17,7608,53
2020-08-28,Napa,055,140530,1482,1403,5,1408,10
2020-08-28,Nevada,057,99092,458,438,13,451,5
2020-08-28,Orange,059,3164182,50416,46696,1173,47869,942
2020-08-28,Placer,061,380077,3122,2891,11,2902,32
2020-08-28,Plumas,063,18699,41,39,0,39,0
2020-08-28,Riverside,065,2383286,53770,51510,61,51571,1008
2020-08-28,Sacramento,067,1510023,18594,17119,17,17136,283
2020-08-28,San Benito,069,59416,1129,1016,0,1016,3
2020-08-28,San Bernardino,071,2135413,49202,46553,312,46865,754
2020-08-28,San Diego,073,3302833,39753,37786,444,38230,676
2020-08-28,San Francisco,075,870044,9692,9135,9,9144,83
2020-08-28,San Joaquin,077,732212,18582,17114,35,17149,314
2020-08-28,San Luis Obispo,079,281455,3146,2849,13,2862,20
2020-08-28,San Mateo,081,765935,8627,7783,9,7792,121
2020-08-28,Santa Barbara,083,443738,8247,8001,67,8068,92
2020-08-28,Santa Clara,085,1922200,18604,16696,37,16733,201
2020-08-28,Santa Cruz,087,273765,1897,1747,16,1763,7
2020-08-28,Shasta,089,179085,622,516,3,519,9
2020-08-28,Sierra,091,2930,6,6,0,6,0
2020-08-28,Siskiyou,093,43540,136,119,8,127,0
2020-08-28,Solano,095,438530,5604,5219,35,5254,34
2020-08-28,Sonoma,097,501317,6055,5425,19,5444,58
2020-08-28,Stanislaus,099,539301,15262,14176,338,14514,190
2020-08-28,Sutter,101,95872,1405,1308,1,1309,9
2020-08-28,Tehama,103,63373,431,410,2,412,1
2020-08-28,Trinity,105,12862,46,11,6,17,0
2020-08-28,Tulare,107,460477,14702,13776,54,13830,236
2020-08-28,Tuolumne,109,53932,207,176,5,181,1
2020-08-28,Ventura,111,848112,11400,10606,97,10703,103
2020-08-28,Yolo,113,214977,2510,2323,4,2327,51
2020-08-28,Yuba,115,75493,886,810,3,813,1
2020-08-27,Alameda,001,1643700,18852,17584,121,17705,234
2020-08-27,Alpine,002,1148,2,2,0,2,0
2020-08-27,Amador,005,37829,273,233,0,233,13
2020-08-27,Butte,007,227075,2221,1803,46,1849,25
2020-08-27,Calaveras,009,45235,251,204,0,204,1
2020-08-27,Colusa,011,21464,468,438,0,438,6
2020-08-27,Contra Costa,013,1133247,14512,13379,49,13428,158
2020-08-27,Del Norte,015,27424,115,107,0,107,1
2020-08-27,El Dorado,017,186661,1010,942,7,949,2
2020-08-27,Fresno,019,978130,27625,24367,294,24661,272
2020-08-27,Glenn,021,27897,451,429,0,429,3
2020-08-27,Humboldt,023,135768,399,358,1,359,4
2020-08-27,Imperial,025,180216,11249,9608,7,9615,235
2020-08-27,Inyo,027,18085,180,157,3,160,2
2020-08-27,Kern,029,883053,29832,28635,224,28859,294
2020-08-27,Kings,031,150075,6381,5759,29,5788,62
2020-08-27,Lake,033,64148,354,314,0,314,2
2020-08-27,Lassen,035,31185,722,703,2,705,0
2020-08-27,Los Angeles,037,10098052,242322,237103,1232,238335,5704
2020-08-27,Madera,039,155013,3908,3465,25,3490,33
2020-08-27,Marin,041,260295,6200,5929,15,5944,62
2020-08-27,Mariposa,043,17540,73,67,0,67,2
2020-08-27,Mendocino,045,87422,637,581,0,581,10
2020-08-27,Merced,047,269075,8085,7765,11,7776,75
2020-08-27,Modoc,049,8938,11,5,0,5,0
2020-08-27,Mono,051,14174,163,145,3,148,1
2020-08-27,Monterey,053,433212,8107,7501,17,7518,52
2020-08-27,Napa,055,140530,1476,1397,5,1402,10
2020-08-27,Nevada,057,99092,455,435,13,448,5
2020-08-27,Orange,059,3164182,50259,46449,1162,47611,935
2020-08-27,Placer,061,380077,3091,2869,11,2880,32
2020-08-27,Plumas,063,18699,40,39,0,39,0
2020-08-27,Riverside,065,2383286,53560,51306,58,51364,999
2020-08-27,Sacramento,067,1510023,18396,16875,17,16892,281
2020-08-27,San Benito,069,59416,1113,987,0,987,3
2020-08-27,San Bernardino,071,2135413,48979,46345,306,46651,751
2020-08-27,San Diego,073,3302833,39482,37501,424,37925,673
2020-08-27,San Francisco,075,870044,9626,9014,9,9023,83
2020-08-27,San Joaquin,077,732212,18502,16989,35,17024,314
2020-08-27,San Luis Obispo,079,281455,3121,2808,13,2821,20
2020-08-27,San Mateo,081,765935,8518,7728,9,7737,121
2020-08-27,Santa Barbara,083,443738,8209,7934,67,8001,92
2020-08-27,Santa Clara,085,1922200,18418,16495,37,16532,199
2020-08-27,Santa Cruz,087,273765,1880,1734,16,1750,7
2020-08-27,Shasta,089,179085,616,512,3,515,9
2020-08-27,Sierra,091,2930,6,6,0,6,0
2020-08-27,Siskiyou,093,43540,136,118,8,126,0
2020-08-27,Solano,095,438530,5566,5167,35,5202,34
2020-08-27,Sonoma,097,501317,5956,5357,19,5376,58
2020-08-27,Stanislaus,099,539301,15181,14080,335,14415,186
2020-08-27,Sutter,101,95872,1385,1296,1,1297,9
2020-08-27,Tehama,103,63373,427,398,2,400,1
2020-08-27,Trinity,105,12862,46,11,6,17,0
2020-08-27,Tulare,107,460477,14611,13666,54,13720,231
2020-08-27,Tuolumne,109,53932,202,174,5,179,1
2020-08-27,Ventura,111,848112,11337,10483,93,10576,102
2020-08-27,Yolo,113,214977,2486,2293,4,2297,51
2020-08-27,Yuba,115,75493,875,807,3,810,1
2020-08-26,Alameda,001,1643700,18689,17373,121,17494,233
2020-08-26,Alpine,002,1148,2,2,0,2,0
2020-08-26,Amador,005,37829,273,229,0,229,13
2020-08-26,Butte,007,227075,2152,1765,44,1809,25
2020-08-26,Calaveras,009,45235,243,201,0,201,1
2020-08-26,Colusa,011,21464,462,433,0,433,5
2020-08-26,Contra Costa,013,1133247,14375,13248,49,13297,157
2020-08-26,Del Norte,015,27424,114,86,0,86,1
2020-08-26,El Dorado,017,186661,1008,938,7,945,2
2020-08-26,Fresno,019,978130,27478,24071,292,24363,255
2020-08-26,Glenn,021,27897,449,429,0,429,3
2020-08-26,Humboldt,023,135768,387,357,1,358,4
2020-08-26,Imperial,025,180216,11227,9453,7,9460,227
2020-08-26,Inyo,027,18085,177,157,3,160,2
2020-08-26,Kern,029,883053,29693,28507,221,28728,286
2020-08-26,Kings,031,150075,6360,5720,29,5749,62
2020-08-26,Lake,033,64148,349,308,0,308,2
2020-08-26,Lassen,035,31185,722,702,2,704,0
2020-08-26,Los Angeles,037,10098052,241312,235499,1202,236701,5665
2020-08-26,Madera,039,155013,3879,3458,25,3483,32
2020-08-26,Marin,041,260295,6183,5887,15,5902,56
2020-08-26,Mariposa,043,17540,73,68,0,68,2
2020-08-26,Mendocino,045,87422,626,581,0,581,10
2020-08-26,Merced,047,269075,8048,7720,11,7731,74
2020-08-26,Modoc,049,8938,8,5,0,5,0
2020-08-26,Mono,051,14174,163,141,3,144,1
2020-08-26,Monterey,053,433212,8014,7439,17,7456,51
2020-08-26,Napa,055,140530,1463,1382,5,1387,10
2020-08-26,Nevada,057,99092,452,432,13,445,2
2020-08-26,Orange,059,3164182,50075,46157,1146,47303,905
2020-08-26,Placer,061,380077,3068,2846,9,2855,32
2020-08-26,Plumas,063,18699,39,39,0,39,0
2020-08-26,Riverside,065,2383286,53319,51138,58,51196,987
2020-08-26,Sacramento,067,1510023,18233,16708,17,16725,271
2020-08-26,San Benito,069,59416,1098,978,0,978,3
2020-08-26,San Bernardino,071,2135413,48772,45840,302,46142,743
2020-08-26,San Diego,073,3302833,39144,37224,397,37621,668
2020-08-26,San Francisco,075,870044,9552,8938,9,8947,81
2020-08-26,San Joaquin,077,732212,18413,16845,34,16879,309
2020-08-26,San Luis Obispo,079,281455,3093,2761,13,2774,20
2020-08-26,San Mateo,081,765935,8451,7655,9,7664,121
2020-08-26,Santa Barbara,083,443738,8175,7904,67,7971,90
2020-08-26,Santa Clara,085,1922200,18241,16283,37,16320,198
2020-08-26,Santa Cruz,087,273765,1869,1726,16,1742,7
2020-08-26,Shasta,089,179085,611,511,3,514,9
2020-08-26,Sierra,091,2930,6,6,0,6,0
2020-08-26,Siskiyou,093,43540,133,109,8,117,0
2020-08-26,Solano,095,438530,5542,5131,34,5165,34
2020-08-26,Sonoma,097,501317,5884,5283,19,5302,58
2020-08-26,Stanislaus,099,539301,15104,13964,329,14293,186
2020-08-26,Sutter,101,95872,1367,1275,1,1276,9
2020-08-26,Tehama,103,63373,424,396,2,398,1
2020-08-26,Trinity,105,12862,45,10,6,16,0
2020-08-26,Tulare,107,460477,14544,13568,54,13622,232
2020-08-26,Tuolumne,109,53932,201,172,5,177,1
2020-08-26,Ventura,111,848112,11265,10412,86,10498,100
2020-08-26,Yolo,113,214977,2465,2279,4,2283,49
2020-08-26,Yuba,115,75493,860,779,3,782,1
2020-08-25,Alameda,001,1643700,18532,17278,121,17399,232
2020-08-25,Alpine,002,1148,2,2,0,2,0
2020-08-25,Amador,005,37829,273,227,0,227,13
2020-08-25,Butte,007,227075,2085,1718,43,1761,24
2020-08-25,Calaveras,009,45235,241,196,0,196,1
2020-08-25,Colusa,011,21464,455,430,0,430,5
2020-08-25,Contra Costa,013,1133247,14237,13181,48,13229,156
2020-08-25,Del Norte,015,27424,113,83,0,83,1
2020-08-25,El Dorado,017,186661,1005,928,7,935,2
2020-08-25,Fresno,019,978130,27291,23932,291,24223,250
2020-08-25,Glenn,021,27897,446,429,0,429,3
2020-08-25,Humboldt,023,135768,382,342,1,343,4
2020-08-25,Imperial,025,180216,11199,9381,7,9388,217
2020-08-25,Inyo,027,18085,175,144,3,147,1
2020-08-25,Kern,029,883053,29556,28416,221,28637,285
2020-08-25,Kings,031,150075,6203,5702,29,5731,59
2020-08-25,Lake,033,64148,344,304,0,304,2
2020-08-25,Lassen,035,31185,721,692,2,694,0
2020-08-25,Los Angeles,037,10098052,240015,233961,1154,235115,5612
2020-08-25,Madera,039,155013,3864,3446,24,3470,32
2020-08-25,Marin,041,260295,6145,5860,15,5875,56
2020-08-25,Mariposa,043,17540,73,67,0,67,2
2020-08-25,Mendocino,045,87422,618,571,0,571,10
2020-08-25,Merced,047,269075,7980,7693,10,7703,69
2020-08-25,Modoc,049,8938,8,5,0,5,0
2020-08-25,Mono,051,14174,163,129,3,132,1
2020-08-25,Monterey,053,433212,7933,7333,17,7350,51
2020-08-25,Napa,055,140530,1456,1374,5,1379,10
2020-08-25,Nevada,057,99092,448,430,13,443,2
2020-08-25,Orange,059,3164182,49881,45737,1130,46867,902
2020-08-25,Placer,061,380077,3049,2829,6,2835,31
2020-08-25,Plumas,063,18699,39,39,0,39,0
2020-08-25,Riverside,065,2383286,53088,50889,58,50947,981
2020-08-25,Sacramento,067,1510023,18079,16601,17,16618,265
2020-08-25,San Benito,069,59416,1082,973,0,973,3
2020-08-25,San Bernardino,071,2135413,48537,45544,299,45843,727
2020-08-25,San Diego,073,3302833,38865,36996,375,37371,665
2020-08-25,San Francisco,075,870044,9475,8848,9,8857,81
2020-08-25,San Joaquin,077,732212,18285,16795,34,16829,306
2020-08-25,San Luis Obispo,079,281455,3034,2731,12,2743,20
2020-08-25,San Mateo,081,765935,8391,7636,8,7644,120
2020-08-25,Santa Barbara,083,443738,8123,7854,67,7921,90
2020-08-25,Santa Clara,085,1922200,18072,16199,37,16236,194
2020-08-25,Santa Cruz,087,273765,1850,1708,16,1724,7
2020-08-25,Shasta,089,179085,607,511,3,514,9
2020-08-25,Sierra,091,2930,6,6,0,6,0
2020-08-25,Siskiyou,093,43540,132,109,8,117,0
2020-08-25,Solano,095,438530,5481,5114,34,5148,34
2020-08-25,Sonoma,097,501317,5803,5148,19,5167,56
2020-08-25,Stanislaus,099,539301,14996,13886,318,14204,182
2020-08-25,Sutter,101,95872,1350,1259,1,1260,9
2020-08-25,Tehama,103,63373,421,394,2,396,1
2020-08-25,Trinity,105,12862,44,10,6,16,0
2020-08-25,Tulare,107,460477,14440,13514,53,13567,224
2020-08-25,Tuolumne,109,53932,199,172,5,177,1
2020-08-25,Ventura,111,848112,11180,10313,81,10394,99
2020-08-25,Yolo,113,214977,2452,2254,4,2258,50
2020-08-25,Yuba,115,75493,850,775,3,778,1
2020-08-24,Alameda,001,1643700,18337,16913,120,17033,231
2020-08-24,Alpine,002,1148,2,2,0,2,0
2020-08-24,Amador,005,37829,271,227,0,227,13
2020-08-24,Butte,007,227075,2002,1649,43,1692,23
2020-08-24,Calaveras,009,45235,232,187,0,187,1
2020-08-24,Colusa,011,21464,451,425,0,425,5
2020-08-24,Contra Costa,013,1133247,14120,12906,46,12952,153
2020-08-24,Del Norte,015,27424,113,80,0,80,1
2020-08-24,El Dorado,017,186661,997,908,7,915,2
2020-08-24,Fresno,019,978130,27102,23618,284,23902,235
2020-08-24,Glenn,021,27897,444,421,0,421,2
2020-08-24,Humboldt,023,135768,378,340,1,341,4
2020-08-24,Imperial,025,180216,11166,9323,7,9330,210
2020-08-24,Inyo,027,18085,171,144,3,147,2
2020-08-24,Kern,029,883053,29458,28157,215,28372,277
2020-08-24,Kings,031,150075,6115,5652,29,5681,60
2020-08-24,Lake,033,64148,329,302,0,302,2
2020-08-24,Lassen,035,31185,721,693,2,695,0
2020-08-24,Los Angeles,037,10098052,238650,233036,1138,234174,5562
2020-08-24,Madera,039,155013,3836,3418,24,3442,32
2020-08-24,Marin,041,260295,6080,5834,15,5849,56
2020-08-24,Mariposa,043,17540,71,66,0,66,2
2020-08-24,Mendocino,045,87422,603,550,0,550,10
2020-08-24,Merced,047,269075,7901,7605,10,7615,69
2020-08-24,Modoc,049,8938,8,5,0,5,0
2020-08-24,Mono,051,14174,163,129,3,132,1
2020-08-24,Monterey,053,433212,7824,7212,16,7228,50
2020-08-24,Napa,055,140530,1443,1358,5,1363,10
2020-08-24,Nevada,057,99092,443,423,13,436,2
2020-08-24,Orange,059,3164182,49688,45536,1121,46657,887
2020-08-24,Placer,061,380077,3002,2793,6,2799,31
2020-08-24,Plumas,063,18699,39,37,0,37,0
2020-08-24,Riverside,065,2383286,52810,50496,58,50554,975
2020-08-24,Sacramento,067,1510023,17883,16318,16,16334,249
2020-08-24,San Benito,069,59416,1061,961,0,961,3
2020-08-24,San Bernardino,071,2135413,48274,45199,297,45496,720
2020-08-24,San Diego,073,3302833,38577,36729,347,37076,660
2020-08-24,San Francisco,075,870044,9392,8621,9,8630,81
2020-08-24,San Joaquin,077,732212,18144,16565,33,16598,305
2020-08-24,San Luis Obispo,079,281455,3006,2705,12,2717,20
2020-08-24,San Mateo,081,765935,8324,7502,8,7510,120
2020-08-24,Santa Barbara,083,443738,8082,7784,67,7851,90
2020-08-24,Santa Clara,085,1922200,17868,16049,37,16086,192
2020-08-24,Santa Cruz,087,273765,1830,1627,15,1642,6
2020-08-24,Shasta,089,179085,605,505,3,508,9
2020-08-24,Sierra,091,2930,6,6,0,6,0
2020-08-24,Siskiyou,093,43540,128,107,8,115,0
2020-08-24,Solano,095,438530,5432,4979,32,5011,32
2020-08-24,Sonoma,097,501317,5695,5071,19,5090,56
2020-08-24,Stanislaus,099,539301,14898,13521,304,13825,171
2020-08-24,Sutter,101,95872,1331,1219,1,1220,9
2020-08-24,Tehama,103,63373,416,388,2,390,1
2020-08-24,Trinity,105,12862,44,10,6,16,0
2020-08-24,Tulare,107,460477,14332,13360,52,13412,223
2020-08-24,Tuolumne,109,53932,198,170,5,175,1
2020-08-24,Ventura,111,848112,11100,10261,77,10338,99
2020-08-24,Yolo,113,214977,2418,2239,4,2243,47
2020-08-24,Yuba,115,75493,833,750,3,753,1
2020-08-23,Alameda,001,1643700,18114,16786,119,16905,231
2020-08-23,Alpine,002,1148,2,2,0,2,0
2020-08-23,Amador,005,37829,268,227,0,227,13
2020-08-23,Butte,007,227075,1886,1637,43,1680,23
2020-08-23,Calaveras,009,45235,223,187,0,187,1
2020-08-23,Colusa,011,21464,444,424,0,424,5
2020-08-23,Contra Costa,013,1133247,13958,12642,46,12688,153
2020-08-23,Del Norte,015,27424,113,80,0,80,1
2020-08-23,El Dorado,017,186661,984,901,7,908,2
2020-08-23,Fresno,019,978130,26898,23414,281,23695,235
2020-08-23,Glenn,021,27897,437,421,0,421,2
2020-08-23,Humboldt,023,135768,376,341,1,342,4
2020-08-23,Imperial,025,180216,11137,9243,7,9250,210
2020-08-23,Inyo,027,18085,168,144,3,147,2
2020-08-23,Kern,029,883053,29309,28028,210,28238,277
2020-08-23,Kings,031,150075,6072,5628,29,5657,60
2020-08-23,Lake,033,64148,325,299,0,299,2
2020-08-23,Lassen,035,31185,720,693,2,695,0
2020-08-23,Los Angeles,037,10098052,237048,231833,1071,232904,5549
2020-08-23,Madera,039,155013,3805,3401,23,3424,32
2020-08-23,Marin,041,260295,6043,5807,14,5821,50
2020-08-23,Mariposa,043,17540,71,66,0,66,2
2020-08-23,Mendocino,045,87422,599,550,0,550,10
2020-08-23,Merced,047,269075,7829,7574,8,7582,69
2020-08-23,Modoc,049,8938,7,5,0,5,0
2020-08-23,Mono,051,14174,163,129,3,132,1
2020-08-23,Monterey,053,433212,7734,7173,16,7189,50
2020-08-23,Napa,055,140530,1431,1348,5,1353,10
2020-08-23,Nevada,057,99092,438,421,13,434,2
2020-08-23,Orange,059,3164182,49450,45267,1109,46376,887
2020-08-23,Placer,061,380077,2963,2772,6,2778,31
2020-08-23,Plumas,063,18699,39,37,0,37,0
2020-08-23,Riverside,065,2383286,52540,50293,56,50349,955
2020-08-23,Sacramento,067,1510023,17660,16084,15,16099,243
2020-08-23,San Benito,069,59416,1048,938,0,938,3
2020-08-23,San Bernardino,071,2135413,48006,45010,287,45297,719
2020-08-23,San Diego,073,3302833,38256,36542,320,36862,660
2020-08-23,San Francisco,075,870044,9298,8564,8,8572,80
2020-08-23,San Joaquin,077,732212,18011,16069,32,16101,305
2020-08-23,San Luis Obispo,079,281455,2964,2679,12,2691,20
2020-08-23,San Mateo,081,765935,8229,7450,8,7458,120
2020-08-23,Santa Barbara,083,443738,8014,7725,67,7792,90
2020-08-23,Santa Clara,085,1922200,17672,15912,35,15947,191
2020-08-23,Santa Cruz,087,273765,1804,1627,15,1642,6
2020-08-23,Shasta,089,179085,600,501,3,504,9
2020-08-23,Sierra,091,2930,6,6,0,6,0
2020-08-23,Siskiyou,093,43540,123,107,8,115,0
2020-08-23,Solano,095,438530,5374,4977,30,5007,32
2020-08-23,Sonoma,097,501317,5607,5018,19,5037,56
2020-08-23,Stanislaus,099,539301,14763,13483,281,13764,171
2020-08-23,Sutter,101,95872,1309,1203,1,1204,9
2020-08-23,Tehama,103,63373,406,381,2,383,1
2020-08-23,Trinity,105,12862,44,10,6,16,0
2020-08-23,Tulare,107,460477,14200,13303,49,13352,223
2020-08-23,Tuolumne,109,53932,195,164,5,169,1
2020-08-23,Ventura,111,848112,10999,10126,73,10199,99
2020-08-23,Yolo,113,214977,2390,2210,4,2214,47
2020-08-23,Yuba,115,75493,812,750,3,753,1
2020-08-22,Alameda,001,1643700,18020,16648,118,16766,231
2020-08-22,Alpine,002,1148,2,2,0,2,0
2020-08-22,Amador,005,37829,267,224,0,224,13
2020-08-22,Butte,007,227075,1835,1618,43,1661,22
2020-08-22,Calaveras,009,45235,219,187,0,187,1
2020-08-22,Colusa,011,21464,440,419,0,419,5
2020-08-22,Contra Costa,013,1133247,13871,12522,46,12568,153
2020-08-22,Del Norte,015,27424,112,80,0,80,1
2020-08-22,El Dorado,017,186661,982,900,7,907,2
2020-08-22,Fresno,019,978130,26800,23197,280,23477,235
2020-08-22,Glenn,021,27897,436,421,0,421,2
2020-08-22,Humboldt,023,135768,366,334,1,335,4
2020-08-22,Imperial,025,180216,11129,9244,7,9251,210
2020-08-22,Inyo,027,18085,168,144,3,147,1
2020-08-22,Kern,029,883053,29255,27807,210,28017,277
2020-08-22,Kings,031,150075,6063,5447,29,5476,60
2020-08-22,Lake,033,64148,323,291,0,291,2
2020-08-22,Lassen,035,31185,720,693,2,695,0
2020-08-22,Los Angeles,037,10098052,236387,230858,1055,231913,5540
2020-08-22,Madera,039,155013,3786,3330,23,3353,32
2020-08-22,Marin,041,260295,6031,5789,14,5803,49
2020-08-22,Mariposa,043,17540,71,66,0,66,2
2020-08-22,Mendocino,045,87422,596,529,0,529,10
2020-08-22,Merced,047,269075,7800,7493,8,7501,69
2020-08-22,Modoc,049,8938,7,5,0,5,0
2020-08-22,Mono,051,14174,163,129,3,132,1
2020-08-22,Monterey,053,433212,7686,7081,16,7097,50
2020-08-22,Napa,055,140530,1426,1328,5,1333,11
2020-08-22,Nevada,057,99092,438,411,13,424,2
2020-08-22,Orange,059,3164182,49309,45131,1103,46234,885
2020-08-22,Placer,061,380077,2949,2734,6,2740,30
2020-08-22,Plumas,063,18699,39,37,0,37,0
2020-08-22,Riverside,065,2383286,52392,49944,55,49999,953
2020-08-22,Sacramento,067,1510023,17548,15516,15,15531,239
2020-08-22,San Benito,069,59416,1032,912,0,912,3
2020-08-22,San Bernardino,071,2135413,47877,44803,283,45086,719
2020-08-22,San Diego,073,3302833,38073,36205,309,36514,673
2020-08-22,San Francisco,075,870044,9238,8568,8,8576,80
2020-08-22,San Joaquin,077,732212,17955,16068,32,16100,305
2020-08-22,San Luis Obispo,079,281455,2938,2660,12,2672,20
2020-08-22,San Mateo,081,765935,8182,7361,8,7369,120
2020-08-22,Santa Barbara,083,443738,7988,7685,67,7752,90
2020-08-22,Santa Clara,085,1922200,17564,15590,35,15625,190
2020-08-22,Santa Cruz,087,273765,1788,1628,14,1642,6
2020-08-22,Shasta,089,179085,598,493,3,496,9
2020-08-22,Sierra,091,2930,6,6,0,6,0
2020-08-22,Siskiyou,093,43540,123,106,8,114,0
2020-08-22,Solano,095,438530,5344,4944,29,4973,32
2020-08-22,Sonoma,097,501317,5562,4891,19,4910,57
2020-08-22,Stanislaus,099,539301,14713,13380,264,13644,170
2020-08-22,Sutter,101,95872,1302,1189,1,1190,8
2020-08-22,Tehama,103,63373,405,368,2,370,1
2020-08-22,Trinity,105,12862,44,8,6,14,0
2020-08-22,Tulare,107,460477,14133,13196,49,13245,222
2020-08-22,Tuolumne,109,53932,193,162,5,167,1
2020-08-22,Ventura,111,848112,10944,9959,71,10030,99
2020-08-22,Yolo,113,214977,2374,2188,4,2192,47
2020-08-22,Yuba,115,75493,800,738,3,741,1
2020-08-21,Alameda,001,1643700,17928,16413,118,16531,232
2020-08-21,Alpine,002,1148,2,2,0,2,0
2020-08-21,Amador,005,37829,266,223,0,223,11
2020-08-21,Butte,007,227075,1796,1582,43,1625,19
2020-08-21,Calaveras,009,45235,219,182,0,182,1
2020-08-21,Colusa,011,21464,438,418,0,418,5
2020-08-21,Contra Costa,013,1133247,13781,12333,45,12378,149
2020-08-21,Del Norte,015,27424,112,78,0,78,1
2020-08-21,El Dorado,017,186661,978,885,7,892,2
2020-08-21,Fresno,019,978130,26630,22840,279,23119,232
2020-08-21,Glenn,021,27897,432,418,0,418,2
2020-08-21,Humboldt,023,135768,363,331,1,332,4
2020-08-21,Imperial,025,180216,11113,9166,7,9173,204
2020-08-21,Inyo,027,18085,168,144,3,147,1
2020-08-21,Kern,029,883053,29196,27567,208,27775,269
2020-08-21,Kings,031,150075,6041,5391,29,5420,60
2020-08-21,Lake,033,64148,321,281,0,281,2
2020-08-21,Lassen,035,31185,720,693,2,695,0
2020-08-21,Los Angeles,037,10098052,235511,229235,1036,230271,5494
2020-08-21,Madera,039,155013,3756,3271,23,3294,31
2020-08-21,Marin,041,260295,6011,5762,14,5776,49
2020-08-21,Mariposa,043,17540,71,66,0,66,2
2020-08-21,Mendocino,045,87422,586,505,0,505,10
2020-08-21,Merced,047,269075,7770,7357,8,7365,69
2020-08-21,Modoc,049,8938,7,5,0,5,0
2020-08-21,Mono,051,14174,163,128,3,131,1
2020-08-21,Monterey,053,433212,7614,6974,16,6990,49
2020-08-21,Napa,055,140530,1417,1317,5,1322,10
2020-08-21,Nevada,057,99092,437,406,13,419,2
2020-08-21,Orange,059,3164182,49168,44625,1094,45719,875
2020-08-21,Placer,061,380077,2933,2698,6,2704,30
2020-08-21,Plumas,063,18699,39,36,0,36,0
2020-08-21,Riverside,065,2383286,52197,49409,55,49464,932
2020-08-21,Sacramento,067,1510023,17425,15247,15,15262,237
2020-08-21,San Benito,069,59416,1022,891,0,891,3
2020-08-21,San Bernardino,071,2135413,47758,44249,279,44528,668
2020-08-21,San Diego,073,3302833,37869,35914,292,36206,652
2020-08-21,San Francisco,075,870044,9188,8375,8,8383,80
2020-08-21,San Joaquin,077,732212,17873,15888,30,15918,301
2020-08-21,San Luis Obispo,079,281455,2915,2640,12,2652,19
2020-08-21,San Mateo,081,765935,8125,7253,8,7261,120
2020-08-21,Santa Barbara,083,443738,7947,7645,67,7712,86
2020-08-21,Santa Clara,085,1922200,17413,15399,35,15434,190
2020-08-21,Santa Cruz,087,273765,1776,1617,14,1631,6
2020-08-21,Shasta,089,179085,598,486,3,489,9
2020-08-21,Sierra,091,2930,6,6,0,6,0
2020-08-21,Siskiyou,093,43540,123,103,6,109,0
2020-08-21,Solano,095,438530,5321,4891,28,4919,32
2020-08-21,Sonoma,097,501317,5492,4816,19,4835,57
2020-08-21,Stanislaus,099,539301,14644,13282,250,13532,161
2020-08-21,Sutter,101,95872,1289,1173,1,1174,8
2020-08-21,Tehama,103,63373,403,357,2,359,1
2020-08-21,Trinity,105,12862,44,8,6,14,0
2020-08-21,Tulare,107,460477,14062,13002,47,13049,217
2020-08-21,Tuolumne,109,53932,185,161,5,166,1
2020-08-21,Ventura,111,848112,10879,9865,69,9934,98
2020-08-21,Yolo,113,214977,2359,2164,4,2168,46
2020-08-21,Yuba,115,75493,796,717,3,720,1
2020-08-20,Alameda,001,1643700,17768,16174,118,16292,229
2020-08-20,Alpine,002,1148,2,2,0,2,0
2020-08-20,Amador,005,37829,264,222,0,222,11
2020-08-20,Butte,007,227075,1747,1549,43,1592,18
2020-08-20,Calaveras,009,45235,216,179,0,179,1
2020-08-20,Colusa,011,21464,436,415,0,415,5
2020-08-20,Contra Costa,013,1133247,13654,12108,44,12152,144
2020-08-20,Del Norte,015,27424,112,78,0,78,1
2020-08-20,El Dorado,017,186661,974,881,7,888,2
2020-08-20,Fresno,019,978130,26448,22535,274,22809,228
2020-08-20,Glenn,021,27897,427,414,0,414,2
2020-08-20,Humboldt,023,135768,358,318,1,319,4
2020-08-20,Imperial,025,180216,11094,9086,7,9093,196
2020-08-20,Inyo,027,18085,167,144,3,147,1
2020-08-20,Kern,029,883053,29028,27337,197,27534,267
2020-08-20,Kings,031,150075,6001,5347,28,5375,59
2020-08-20,Lake,033,64148,316,280,0,280,2
2020-08-20,Lassen,035,31185,719,693,2,695,0
2020-08-20,Los Angeles,037,10098052,234276,227492,1017,228509,5445
2020-08-20,Madera,039,155013,3730,3197,23,3220,31
2020-08-20,Marin,041,260295,5993,5745,14,5759,47
2020-08-20,Mariposa,043,17540,71,67,0,67,2
2020-08-20,Mendocino,045,87422,576,497,0,497,10
2020-08-20,Merced,047,269075,7700,7173,8,7181,68
2020-08-20,Modoc,049,8938,7,5,0,5,0
2020-08-20,Mono,051,14174,163,128,3,131,1
2020-08-20,Monterey,053,433212,7543,6892,16,6908,47
2020-08-20,Napa,055,140530,1411,1306,5,1311,10
2020-08-20,Nevada,057,99092,436,401,13,414,2
2020-08-20,Orange,059,3164182,48941,44299,1084,45383,849
2020-08-20,Placer,061,380077,2917,2681,6,2687,30
2020-08-20,Plumas,063,18699,39,36,0,36,0
2020-08-20,Riverside,065,2383286,51978,48953,54,49007,927
2020-08-20,Sacramento,067,1510023,17182,14992,15,15007,231
2020-08-20,San Benito,069,59416,1009,866,0,866,3
2020-08-20,San Bernardino,071,2135413,47502,43627,275,43902,665
2020-08-20,San Diego,073,3302833,37649,35610,274,35884,644
2020-08-20,San Francisco,075,870044,9102,8262,8,8270,72
2020-08-20,San Joaquin,077,732212,17782,15778,30,15808,297
2020-08-20,San Luis Obispo,079,281455,2895,2590,12,2602,19
2020-08-20,San Mateo,081,765935,8060,7188,8,7196,120
2020-08-20,Santa Barbara,083,443738,7909,7571,67,7638,81
2020-08-20,Santa Clara,085,1922200,17241,15162,35,15197,190
2020-08-20,Santa Cruz,087,273765,1763,1581,14,1595,6
2020-08-20,Shasta,089,179085,597,478,3,481,9
2020-08-20,Sierra,091,2930,6,6,0,6,0
2020-08-20,Siskiyou,093,43540,122,102,1,103,0
2020-08-20,Solano,095,438530,5276,4843,28,4871,31
2020-08-20,Sonoma,097,501317,5415,4737,19,4756,54
2020-08-20,Stanislaus,099,539301,14548,13120,241,13361,161
2020-08-20,Sutter,101,95872,1265,1158,1,1159,8
2020-08-20,Tehama,103,63373,398,350,2,352,1
2020-08-20,Trinity,105,12862,44,8,6,14,0
2020-08-20,Tulare,107,460477,13954,12907,46,12953,217
2020-08-20,Tuolumne,109,53932,181,159,5,164,1
2020-08-20,Ventura,111,848112,10766,9744,68,9812,93
2020-08-20,Yolo,113,214977,2337,2150,4,2154,47
2020-08-20,Yuba,115,75493,779,709,3,712,1
2020-08-19,Alameda,001,1643700,17610,15874,117,15991,226
2020-08-19,Alpine,002,1148,2,2,0,2,0
2020-08-19,Amador,005,37829,263,219,0,219,9
2020-08-19,Butte,007,227075,1704,1517,43,1560,16
2020-08-19,Calaveras,009,45235,214,177,0,177,1
2020-08-19,Colusa,011,21464,435,415,0,415,5
2020-08-19,Contra Costa,013,1133247,13541,11895,43,11938,142
2020-08-19,Del Norte,015,27424,112,78,0,78,1
2020-08-19,El Dorado,017,186661,968,870,7,877,2
2020-08-19,Fresno,019,978130,26259,22167,265,22432,221
2020-08-19,Glenn,021,27897,425,414,0,414,2
2020-08-19,Humboldt,023,135768,355,316,1,317,4
2020-08-19,Imperial,025,180216,11066,9041,7,9048,192
2020-08-19,Inyo,027,18085,165,140,3,143,1
2020-08-19,Kern,029,883053,28911,27142,193,27335,263
2020-08-19,Kings,031,150075,5828,5301,26,5327,59
2020-08-19,Lake,033,64148,313,277,0,277,2
2020-08-19,Lassen,035,31185,711,693,2,695,0
2020-08-19,Los Angeles,037,10098052,232999,226006,977,226983,5399
2020-08-19,Madera,039,155013,3696,3158,21,3179,30
2020-08-19,Marin,041,260295,5970,5723,13,5736,46
2020-08-19,Mariposa,043,17540,71,64,0,64,2
2020-08-19,Mendocino,045,87422,559,495,0,495,8
2020-08-19,Merced,047,269075,7603,7082,5,7087,66
2020-08-19,Modoc,049,8938,7,5,0,5,0
2020-08-19,Mono,051,14174,163,128,3,131,1
2020-08-19,Monterey,053,433212,7443,6693,16,6709,45
2020-08-19,Napa,055,140530,1405,1293,5,1298,10
2020-08-19,Nevada,057,99092,429,398,13,411,2
2020-08-19,Orange,059,3164182,48736,43938,1081,45019,829
2020-08-19,Placer,061,380077,2895,2659,6,2665,28
2020-08-19,Plumas,063,18699,39,36,0,36,0
2020-08-19,Riverside,065,2383286,51728,48741,54,48795,922
2020-08-19,Sacramento,067,1510023,17002,14764,15,14779,229
2020-08-19,San Benito,069,59416,992,853,0,853,3
2020-08-19,San Bernardino,071,2135413,47206,43224,269,43493,661
2020-08-19,San Diego,073,3302833,37399,35378,259,35637,638
2020-08-19,San Francisco,075,870044,9038,8236,8,8244,72
2020-08-19,San Joaquin,077,732212,17660,15677,29,15706,296
2020-08-19,San Luis Obispo,079,281455,2855,2553,12,2565,19
2020-08-19,San Mateo,081,765935,7991,7146,8,7154,119
2020-08-19,Santa Barbara,083,443738,7860,7499,67,7566,80
2020-08-19,Santa Clara,085,1922200,17096,14994,35,15029,189
2020-08-19,Santa Cruz,087,273765,1737,1554,14,1568,6
2020-08-19,Shasta,089,179085,593,475,3,478,9
2020-08-19,Sierra,091,2930,6,6,0,6,0
2020-08-19,Siskiyou,093,43540,121,103,1,104,0
2020-08-19,Solano,095,438530,5235,4807,28,4835,31
2020-08-19,Sonoma,097,501317,5332,4614,19,4633,54
2020-08-19,Stanislaus,099,539301,14445,13084,219,13303,160
2020-08-19,Sutter,101,95872,1231,1146,1,1147,8
2020-08-19,Tehama,103,63373,392,342,2,344,1
2020-08-19,Trinity,105,12862,43,8,6,14,0
2020-08-19,Tulare,107,460477,13856,12756,46,12802,217
2020-08-19,Tuolumne,109,53932,178,159,5,164,1
2020-08-19,Ventura,111,848112,10674,9587,66,9653,91
2020-08-19,Yolo,113,214977,2315,2126,4,2130,47
2020-08-19,Yuba,115,75493,767,701,3,704,1
2020-08-18,Alameda,001,1643700,17432,15627,115,15742,223
2020-08-18,Alpine,002,1148,2,2,0,2,0
2020-08-18,Amador,005,37829,262,215,0,215,9
2020-08-18,Butte,007,227075,1671,1491,43,1534,16
2020-08-18,Calaveras,009,45235,211,174,0,174,1
2020-08-18,Colusa,011,21464,434,415,0,415,5
2020-08-18,Contra Costa,013,1133247,13420,11689,41,11730,141
2020-08-18,Del Norte,015,27424,111,78,0,78,0
2020-08-18,El Dorado,017,186661,963,866,7,873,2
2020-08-18,Fresno,019,978130,26038,21798,259,22057,212
2020-08-18,Glenn,021,27897,425,407,0,407,2
2020-08-18,Humboldt,023,135768,353,315,1,316,4
2020-08-18,Imperial,025,180216,11032,8968,7,8975,189
2020-08-18,Inyo,027,18085,164,140,3,143,1
2020-08-18,Kern,029,883053,28758,26978,189,27167,263
2020-08-18,Kings,031,150075,5793,5269,25,5294,58
2020-08-18,Lake,033,64148,310,274,0,274,2
2020-08-18,Lassen,035,31185,711,693,2,695,0
2020-08-18,Los Angeles,037,10098052,231732,224218,941,225159,5339
2020-08-18,Madera,039,155013,3668,3125,21,3146,28
2020-08-18,Marin,041,260295,5940,5708,13,5721,47
2020-08-18,Mariposa,043,17540,71,61,0,61,2
2020-08-18,Mendocino,045,87422,550,468,0,468,8
2020-08-18,Merced,047,269075,7558,6940,5,6945,66
2020-08-18,Modoc,049,8938,7,5,0,5,0
2020-08-18,Mono,051,14174,162,129,3,132,1
2020-08-18,Monterey,053,433212,7351,6691,15,6706,44
2020-08-18,Napa,055,140530,1401,1274,5,1279,10
2020-08-18,Nevada,057,99092,422,389,13,402,2
2020-08-18,Orange,059,3164182,48511,43659,1067,44726,809
2020-08-18,Placer,061,380077,2869,2644,5,2649,28
2020-08-18,Plumas,063,18699,39,34,0,34,0
2020-08-18,Riverside,065,2383286,51396,48447,54,48501,917
2020-08-18,Sacramento,067,1510023,16772,14610,14,14624,222
2020-08-18,San Benito,069,59416,972,836,0,836,3
2020-08-18,San Bernardino,071,2135413,46925,42827,263,43090,648
2020-08-18,San Diego,073,3302833,37106,35164,227,35391,633
2020-08-18,San Francisco,075,870044,8953,8016,8,8024,72
2020-08-18,San Joaquin,077,732212,17546,15509,28,15537,290
2020-08-18,San Luis Obispo,079,281455,2830,2535,11,2546,18
2020-08-18,San Mateo,081,765935,7930,7074,8,7082,119
2020-08-18,Santa Barbara,083,443738,7818,7472,67,7539,81
2020-08-18,Santa Clara,085,1922200,16927,14786,34,14820,184
2020-08-18,Santa Cruz,087,273765,1724,1509,14,1523,6
2020-08-18,Shasta,089,179085,589,468,3,471,9
2020-08-18,Sierra,091,2930,6,6,0,6,0
2020-08-18,Siskiyou,093,43540,120,103,1,104,0
2020-08-18,Solano,095,438530,5208,4700,28,4728,31
2020-08-18,Sonoma,097,501317,5262,4506,19,4525,48
2020-08-18,Stanislaus,099,539301,14347,12935,203,13138,149
2020-08-18,Sutter,101,95872,1212,1126,1,1127,8
2020-08-18,Tehama,103,63373,382,333,2,335,1
2020-08-18,Trinity,105,12862,41,8,6,14,0
2020-08-18,Tulare,107,460477,13725,12637,43,12680,212
2020-08-18,Tuolumne,109,53932,175,159,5,164,1
2020-08-18,Ventura,111,848112,10584,9536,61,9597,89
2020-08-18,Yolo,113,214977,2293,2102,4,2106,47
2020-08-18,Yuba,115,75493,759,679,3,682,1
2020-08-17,Alameda,001,1643700,17239,15454,114,15568,221
2020-08-17,Alpine,002,1148,2,2,0,2,0
2020-08-17,Amador,005,37829,262,215,0,215,9
2020-08-17,Butte,007,227075,1626,1463,43,1506,15
2020-08-17,Calaveras,009,45235,207,167,0,167,1
2020-08-17,Colusa,011,21464,431,408,0,408,5
2020-08-17,Contra Costa,013,1133247,13283,11442,41,11483,141
2020-08-17,Del Norte,015,27424,107,77,0,77,0
2020-08-17,El Dorado,017,186661,960,846,7,853,2
2020-08-17,Fresno,019,978130,25831,21316,252,21568,211
2020-08-17,Glenn,021,27897,424,402,0,402,2
2020-08-17,Humboldt,023,135768,349,302,1,303,4
2020-08-17,Imperial,025,180216,10991,8897,7,8904,188
2020-08-17,Inyo,027,18085,156,124,3,127,1
2020-08-17,Kern,029,883053,28611,26773,179,26952,249
2020-08-17,Kings,031,150075,5755,5249,25,5274,58
2020-08-17,Lake,033,64148,305,270,0,270,2
2020-08-17,Lassen,035,31185,711,666,2,668,0
2020-08-17,Los Angeles,037,10098052,230213,223418,897,224315,5282
2020-08-17,Madera,039,155013,3625,3050,20,3070,26
2020-08-17,Marin,041,260295,5917,5683,12,5695,46
2020-08-17,Mariposa,043,17540,71,61,0,61,2
2020-08-17,Mendocino,045,87422,532,454,0,454,8
2020-08-17,Merced,047,269075,7464,6814,5,6819,66
2020-08-17,Modoc,049,8938,7,5,0,5,0
2020-08-17,Mono,051,14174,162,126,3,129,1
2020-08-17,Monterey,053,433212,7251,6553,15,6568,44
2020-08-17,Napa,055,140530,1380,1255,5,1260,10
2020-08-17,Nevada,057,99092,417,383,13,396,2
2020-08-17,Orange,059,3164182,48301,43621,1054,44675,804
2020-08-17,Placer,061,380077,2844,2609,5,2614,28
2020-08-17,Plumas,063,18699,39,33,0,33,0
2020-08-17,Riverside,065,2383286,51062,48062,52,48114,916
2020-08-17,Sacramento,067,1510023,16552,14333,14,14347,219
2020-08-17,San Benito,069,59416,957,822,0,822,2
2020-08-17,San Bernardino,071,2135413,46581,42005,254,42259,604
2020-08-17,San Diego,073,3302833,36840,34962,213,35175,626
2020-08-17,San Francisco,075,870044,8882,7600,8,7608,72
2020-08-17,San Joaquin,077,732212,17384,15323,27,15350,280
2020-08-17,San Luis Obispo,079,281455,2797,2527,11,2538,18
2020-08-17,San Mateo,081,765935,7873,6987,7,6994,118
2020-08-17,Santa Barbara,083,443738,7776,7438,67,7505,80
2020-08-17,Santa Clara,085,1922200,16702,14546,34,14580,183
2020-08-17,Santa Cruz,087,273765,1708,1453,13,1466,6
2020-08-17,Shasta,089,179085,583,467,3,470,9
2020-08-17,Sierra,091,2930,6,6,0,6,0
2020-08-17,Siskiyou,093,43540,119,103,0,103,0
2020-08-17,Solano,095,438530,5151,4479,28,4507,31
2020-08-17,Sonoma,097,501317,5172,4402,17,4419,48
2020-08-17,Stanislaus,099,539301,14222,12745,196,12941,148
2020-08-17,Sutter,101,95872,1196,1071,1,1072,8
2020-08-17,Tehama,103,63373,372,324,2,326,1
2020-08-17,Trinity,105,12862,41,8,6,14,0
2020-08-17,Tulare,107,460477,13613,12487,42,12529,210
2020-08-17,Tuolumne,109,53932,172,157,5,162,1
2020-08-17,Ventura,111,848112,10461,9490,56,9546,89
2020-08-17,Yolo,113,214977,2266,2083,4,2087,47
2020-08-17,Yuba,115,75493,744,647,3,650,1
2020-08-16,Alameda,001,1643700,16948,15338,114,15452,221
2020-08-16,Alpine,002,1148,2,2,0,2,0
2020-08-16,Amador,005,37829,259,215,0,215,9
2020-08-16,Butte,007,227075,1588,1432,43,1475,15
2020-08-16,Calaveras,009,45235,200,167,0,167,1
2020-08-16,Colusa,011,21464,429,407,0,407,5
2020-08-16,Contra Costa,013,1133247,13097,11255,41,11296,140
2020-08-16,Del Norte,015,27424,103,77,0,77,0
2020-08-16,El Dorado,017,186661,948,843,7,850,2
2020-08-16,Fresno,019,978130,25608,21010,247,21257,211
2020-08-16,Glenn,021,27897,422,400,0,400,2
2020-08-16,Humboldt,023,135768,347,301,1,302,4
2020-08-16,Imperial,025,180216,10947,8883,7,8890,188
2020-08-16,Inyo,027,18085,149,125,2,127,1
2020-08-16,Kern,029,883053,28412,26520,171,26691,249
2020-08-16,Kings,031,150075,5724,5146,25,5171,58
2020-08-16,Lake,033,64148,301,269,0,269,2
2020-08-16,Lassen,035,31185,711,666,2,668,0
2020-08-16,Los Angeles,037,10098052,228643,222236,868,223104,5263
2020-08-16,Madera,039,155013,3580,3013,20,3033,26
2020-08-16,Marin,041,260295,5891,5664,12,5676,46
2020-08-16,Mariposa,043,17540,71,61,0,61,2
2020-08-16,Mendocino,045,87422,524,451,0,451,8
2020-08-16,Merced,047,269075,7388,6744,4,6748,66
2020-08-16,Modoc,049,8938,7,5,0,5,0
2020-08-16,Mono,051,14174,162,126,3,129,1
2020-08-16,Monterey,053,433212,7153,6516,14,6530,44
2020-08-16,Napa,055,140530,1362,1241,3,1244,10
2020-08-16,Nevada,057,99092,408,379,13,392,2
2020-08-16,Orange,059,3164182,48051,43303,1043,44346,803
2020-08-16,Placer,061,380077,2815,2583,4,2587,28
2020-08-16,Plumas,063,18699,39,33,0,33,0
2020-08-16,Riverside,065,2383286,50731,47669,51,47720,910
2020-08-16,Sacramento,067,1510023,16312,14210,14,14224,219
2020-08-16,San Benito,069,59416,928,815,0,815,2
2020-08-16,San Bernardino,071,2135413,46158,41724,246,41970,603
2020-08-16,San Diego,073,3302833,36576,34680,198,34878,626
2020-08-16,San Francisco,075,870044,8795,7602,8,7610,72
2020-08-16,San Joaquin,077,732212,17183,15288,27,15315,280
2020-08-16,San Luis Obispo,079,281455,2768,2494,11,2505,17
2020-08-16,San Mateo,081,765935,7799,6942,7,6949,118
2020-08-16,Santa Barbara,083,443738,7727,7368,67,7435,79
2020-08-16,Santa Clara,085,1922200,16502,14329,34,14363,183
2020-08-16,Santa Cruz,087,273765,1681,1449,12,1461,6
2020-08-16,Shasta,089,179085,576,465,3,468,9
2020-08-16,Sierra,091,2930,6,6,0,6,0
2020-08-16,Siskiyou,093,43540,118,102,0,102,0
2020-08-16,Solano,095,438530,5091,4479,28,4507,31
2020-08-16,Sonoma,097,501317,5068,4329,17,4346,46
2020-08-16,Stanislaus,099,539301,14064,12668,186,12854,148
2020-08-16,Sutter,101,95872,1178,1071,1,1072,8
2020-08-16,Tehama,103,63373,363,318,2,320,1
2020-08-16,Trinity,105,12862,38,8,6,14,0
2020-08-16,Tulare,107,460477,13481,12334,39,12373,211
2020-08-16,Tuolumne,109,53932,172,156,5,161,1
2020-08-16,Ventura,111,848112,10352,9408,51,9459,89
2020-08-16,Yolo,113,214977,2247,2057,4,2061,47
2020-08-16,Yuba,115,75493,735,647,2,649,1
2020-08-15,Alameda,001,1643700,16871,15165,114,15279,221
2020-08-15,Alpine,002,1148,2,2,0,2,0
2020-08-15,Amador,005,37829,259,210,0,210,9
2020-08-15,Butte,007,227075,1567,1409,43,1452,15
2020-08-15,Calaveras,009,45235,198,167,0,167,1
2020-08-15,Colusa,011,21464,428,401,0,401,5
2020-08-15,Contra Costa,013,1133247,13001,11106,41,11147,138
2020-08-15,Del Norte,015,27424,103,77,0,77,0
2020-08-15,El Dorado,017,186661,943,838,7,845,2
2020-08-15,Fresno,019,978130,25493,20603,245,20848,211
2020-08-15,Glenn,021,27897,422,398,0,398,2
2020-08-15,Humboldt,023,135768,346,301,1,302,4
2020-08-15,Imperial,025,180216,10927,8794,7,8801,188
2020-08-15,Inyo,027,18085,149,123,2,125,1
2020-08-15,Kern,029,883053,28324,26338,171,26509,249
2020-08-15,Kings,031,150075,5706,5039,25,5064,56
2020-08-15,Lake,033,64148,299,268,0,268,2
2020-08-15,Lassen,035,31185,711,666,2,668,0
2020-08-15,Los Angeles,037,10098052,227892,221043,858,221901,5252
2020-08-15,Madera,039,155013,3530,2950,20,2970,26
2020-08-15,Marin,041,260295,5884,5628,12,5640,46
2020-08-15,Mariposa,043,17540,71,61,0,61,2
2020-08-15,Mendocino,045,87422,520,444,0,444,8
2020-08-15,Merced,047,269075,7352,6656,4,6660,66
2020-08-15,Modoc,049,8938,7,5,0,5,0
2020-08-15,Mono,051,14174,162,126,3,129,1
2020-08-15,Monterey,053,433212,7108,6162,14,6176,44
2020-08-15,Napa,055,140530,1352,1232,3,1235,10
2020-08-15,Nevada,057,99092,408,376,13,389,2
2020-08-15,Orange,059,3164182,47938,42811,1032,43843,801
2020-08-15,Placer,061,380077,2794,2551,4,2555,27
2020-08-15,Plumas,063,18699,39,33,0,33,0
2020-08-15,Riverside,065,2383286,50580,46720,51,46771,910
2020-08-15,Sacramento,067,1510023,16202,14018,14,14032,219
2020-08-15,San Benito,069,59416,915,805,0,805,2
2020-08-15,San Bernardino,071,2135413,46006,41231,244,41475,602
2020-08-15,San Diego,073,3302833,36410,34346,184,34530,639
2020-08-15,San Francisco,075,870044,8733,7601,8,7609,69
2020-08-15,San Joaquin,077,732212,17109,15113,27,15140,280
2020-08-15,San Luis Obispo,079,281455,2751,2461,11,2472,17
2020-08-15,San Mateo,081,765935,7762,6860,7,6867,118
2020-08-15,Santa Barbara,083,443738,7699,7338,67,7405,79
2020-08-15,Santa Clara,085,1922200,16406,14105,34,14139,183
2020-08-15,Santa Cruz,087,273765,1660,1449,12,1461,6
2020-08-15,Shasta,089,179085,573,458,3,461,9
2020-08-15,Sierra,091,2930,6,6,0,6,0
2020-08-15,Siskiyou,093,43540,117,100,0,100,0
2020-08-15,Solano,095,438530,5069,4477,28,4505,31
2020-08-15,Sonoma,097,501317,5013,4134,17,4151,45
2020-08-15,Stanislaus,099,539301,14000,12541,185,12726,149
2020-08-15,Sutter,101,95872,1167,1046,1,1047,8
2020-08-15,Tehama,103,63373,362,312,2,314,1
2020-08-15,Trinity,105,12862,36,6,6,12,0
2020-08-15,Tulare,107,460477,13442,12262,39,12301,211
2020-08-15,Tuolumne,109,53932,172,155,5,160,1
2020-08-15,Ventura,111,848112,10293,9379,49,9428,89
2020-08-15,Yolo,113,214977,2235,2031,4,2035,46
2020-08-15,Yuba,115,75493,731,623,2,625,1
2020-08-14,Alameda,001,1643700,16731,14909,114,15023,221
2020-08-14,Alpine,002,1148,2,2,0,2,0
2020-08-14,Amador,005,37829,259,209,0,209,9
2020-08-14,Butte,007,227075,1559,1384,43,1427,15
2020-08-14,Calaveras,009,45235,194,165,0,165,1
2020-08-14,Colusa,011,21464,426,399,0,399,5
2020-08-14,Contra Costa,013,1133247,12890,10893,41,10934,137
2020-08-14,Del Norte,015,27424,103,76,0,76,0
2020-08-14,El Dorado,017,186661,935,827,7,834,2
2020-08-14,Fresno,019,978130,25357,19900,245,20145,208
2020-08-14,Glenn,021,27897,420,395,0,395,2
2020-08-14,Humboldt,023,135768,340,294,1,295,4
2020-08-14,Imperial,025,180216,10903,8756,7,8763,185
2020-08-14,Inyo,027,18085,148,115,2,117,1
2020-08-14,Kern,029,883053,28220,25893,170,26063,249
2020-08-14,Kings,031,150075,5692,4953,25,4978,56
2020-08-14,Lake,033,64148,290,267,0,267,2
2020-08-14,Lassen,035,31185,711,665,2,667,0
2020-08-14,Los Angeles,037,10098052,226718,219083,842,219925,5222
2020-08-14,Madera,039,155013,3500,2876,20,2896,26
2020-08-14,Marin,041,260295,5873,5601,12,5613,46
2020-08-14,Mariposa,043,17540,70,61,0,61,2
2020-08-14,Mendocino,045,87422,511,432,0,432,8
2020-08-14,Merced,047,269075,7322,6466,4,6470,67
2020-08-14,Modoc,049,8938,7,5,0,5,0
2020-08-14,Mono,051,14174,162,126,3,129,1
2020-08-14,Monterey,053,433212,7057,6121,14,6135,41
2020-08-14,Napa,055,140530,1342,1230,3,1233,10
2020-08-14,Nevada,057,99092,404,377,13,390,2
2020-08-14,Orange,059,3164182,47788,42399,1020,43419,798
2020-08-14,Placer,061,380077,2775,2546,4,2550,26
2020-08-14,Plumas,063,18699,38,33,0,33,0
2020-08-14,Riverside,065,2383286,50350,46456,51,46507,891
2020-08-14,Sacramento,067,1510023,16053,13645,14,13659,212
2020-08-14,San Benito,069,59416,898,783,0,783,2
2020-08-14,San Bernardino,071,2135413,45819,40442,241,40683,594
2020-08-14,San Diego,073,3302833,36216,34067,177,34244,622
2020-08-14,San Francisco,075,870044,8675,7467,8,7475,69
2020-08-14,San Joaquin,077,732212,17009,14925,27,14952,276
2020-08-14,San Luis Obispo,079,281455,2736,2422,11,2433,17
2020-08-14,San Mateo,081,765935,7703,6655,7,6662,118
2020-08-14,Santa Barbara,083,443738,7649,7302,67,7369,77
2020-08-14,Santa Clara,085,1922200,16236,13785,33,13818,183
2020-08-14,Santa Cruz,087,273765,1638,1418,11,1429,6
2020-08-14,Shasta,089,179085,568,446,3,449,9
2020-08-14,Sierra,091,2930,6,5,0,5,0
2020-08-14,Siskiyou,093,43540,117,98,0,98,0
2020-08-14,Solano,095,438530,5048,4421,28,4449,31
2020-08-14,Sonoma,097,501317,4954,4087,14,4101,45
2020-08-14,Stanislaus,099,539301,13922,12379,181,12560,140
2020-08-14,Sutter,101,95872,1159,1039,1,1040,8
2020-08-14,Tehama,103,63373,357,305,2,307,1
2020-08-14,Trinity,105,12862,36,6,6,12,0
2020-08-14,Tulare,107,460477,13365,12009,39,12048,211
2020-08-14,Tuolumne,109,53932,171,155,5,160,1
2020-08-14,Ventura,111,848112,10218,9313,49,9362,89
2020-08-14,Yolo,113,214977,2221,1991,4,1995,45
2020-08-14,Yuba,115,75493,715,606,2,608,1
2020-08-13,Alameda,001,1643700,16450,14385,114,14499,218
2020-08-13,Alpine,002,1148,2,2,0,2,0
2020-08-13,Amador,005,37829,259,198,0,198,8
2020-08-13,Butte,007,227075,1535,1345,43,1388,15
2020-08-13,Calaveras,009,45235,192,162,0,162,1
2020-08-13,Colusa,011,21464,426,395,0,395,5
2020-08-13,Contra Costa,013,1133247,12735,10545,40,10585,136
2020-08-13,Del Norte,015,27424,102,74,0,74,0
2020-08-13,El Dorado,017,186661,930,803,7,810,2
2020-08-13,Fresno,019,978130,25132,19157,239,19396,201
2020-08-13,Glenn,021,27897,416,392,0,392,1
2020-08-13,Humboldt,023,135768,332,281,1,282,4
2020-08-13,Imperial,025,180216,10873,8640,7,8647,170
2020-08-13,Inyo,027,18085,144,97,2,99,1
2020-08-13,Kern,029,883053,28053,25472,167,25639,242
2020-08-13,Kings,031,150075,5657,4824,25,4849,52
2020-08-13,Lake,033,64148,285,263,0,263,2
2020-08-13,Lassen,035,31185,711,652,2,654,0
2020-08-13,Los Angeles,037,10098052,225338,216497,820,217317,5179
2020-08-13,Madera,039,155013,3456,2675,19,2694,25
2020-08-13,Marin,041,260295,5857,5503,12,5515,44
2020-08-13,Mariposa,043,17540,69,61,0,61,2
2020-08-13,Mendocino,045,87422,506,401,0,401,8
2020-08-13,Merced,047,269075,7217,5945,4,5949,63
2020-08-13,Modoc,049,8938,7,5,0,5,0
2020-08-13,Mono,051,14174,162,124,3,127,1
2020-08-13,Monterey,053,433212,6974,5925,14,5939,38
2020-08-13,Napa,055,140530,1333,1179,3,1182,10
2020-08-13,Nevada,057,99092,400,362,13,375,1
2020-08-13,Orange,059,3164182,47549,42019,1008,43027,773
2020-08-13,Placer,061,380077,2752,2460,4,2464,26
2020-08-13,Plumas,063,18699,38,32,0,32,0
2020-08-13,Riverside,065,2383286,50054,45327,51,45378,885
2020-08-13,Sacramento,067,1510023,15849,13237,14,13251,197
2020-08-13,San Benito,069,59416,869,757,0,757,2
2020-08-13,San Bernardino,071,2135413,45422,39395,234,39629,591
2020-08-13,San Diego,073,3302833,35980,33661,159,33820,627
2020-08-13,San Francisco,075,870044,8581,7277,8,7285,69
2020-08-13,San Joaquin,077,732212,16853,14537,26,14563,261
2020-08-13,San Luis Obispo,079,281455,2714,2283,11,2294,16
2020-08-13,San Mateo,081,765935,7641,6503,7,6510,117
2020-08-13,Santa Barbara,083,443738,7604,7129,66,7195,74
2020-08-13,Santa Clara,085,1922200,16014,13257,33,13290,182
2020-08-13,Santa Cruz,087,273765,1613,1383,11,1394,6
2020-08-13,Shasta,089,179085,563,428,3,431,9
2020-08-13,Sierra,091,2930,6,5,0,5,0
2020-08-13,Siskiyou,093,43540,117,95,0,95,0
2020-08-13,Solano,095,438530,5011,4305,28,4333,31
2020-08-13,Sonoma,097,501317,4880,3902,14,3916,45
2020-08-13,Stanislaus,099,539301,13793,11953,165,12118,136
2020-08-13,Sutter,101,95872,1138,992,1,993,8
2020-08-13,Tehama,103,63373,348,302,2,304,1
2020-08-13,Trinity,105,12862,35,6,6,12,0
2020-08-13,Tulare,107,460477,13221,11692,36,11728,210
2020-08-13,Tuolumne,109,53932,170,152,5,157,1
2020-08-13,Ventura,111,848112,10129,9114,49,9163,90
2020-08-13,Yolo,113,214977,2194,1938,4,1942,44
2020-08-13,Yuba,115,75493,699,568,2,570,1
2020-08-12,Alameda,001,1643700,16237,14214,114,14328,215
2020-08-12,Alpine,002,1148,2,2,0,2,0
2020-08-12,Amador,005,37829,256,197,0,197,8
2020-08-12,Butte,007,227075,1506,1317,43,1360,15
2020-08-12,Calaveras,009,45235,189,157,0,157,1
2020-08-12,Colusa,011,21464,421,394,0,394,5
2020-08-12,Contra Costa,013,1133247,12590,10304,39,10343,134
2020-08-12,Del Norte,015,27424,101,74,0,74,0
2020-08-12,El Dorado,017,186661,912,794,7,801,2
2020-08-12,Fresno,019,978130,24901,18690,233,18923,194
2020-08-12,Glenn,021,27897,413,388,0,388,1
2020-08-12,Humboldt,023,135768,325,281,1,282,4
2020-08-12,Imperial,025,180216,10850,8566,7,8573,167
2020-08-12,Inyo,027,18085,127,97,2,99,1
2020-08-12,Kern,029,883053,27861,25191,165,25356,232
2020-08-12,Kings,031,150075,5618,4736,25,4761,50
2020-08-12,Lake,033,64148,283,253,0,253,2
2020-08-12,Lassen,035,31185,710,651,2,653,0
2020-08-12,Los Angeles,037,10098052,223940,214542,804,215346,5119
2020-08-12,Madera,039,155013,3422,2681,17,2698,23
2020-08-12,Marin,041,260295,5835,5423,12,5435,44
2020-08-12,Mariposa,043,17540,69,61,0,61,2
2020-08-12,Mendocino,045,87422,487,386,0,386,9
2020-08-12,Merced,047,269075,7159,5777,4,5781,66
2020-08-12,Modoc,049,8938,7,5,0,5,0
2020-08-12,Mono,051,14174,161,124,3,127,1
2020-08-12,Monterey,053,433212,6870,5919,14,5933,38
2020-08-12,Napa,055,140530,1323,1161,3,1164,10
2020-08-12,Nevada,057,99092,395,357,13,370,1
2020-08-12,Orange,059,3164182,47298,41576,984,42560,754
2020-08-12,Placer,061,380077,2720,2417,4,2421,25
2020-08-12,Plumas,063,18699,38,31,0,31,0
2020-08-12,Riverside,065,2383286,49706,44747,51,44798,867
2020-08-12,Sacramento,067,1510023,15637,12528,14,12542,189
2020-08-12,San Benito,069,59416,856,751,0,751,2
2020-08-12,San Bernardino,071,2135413,45079,38811,225,39036,589
2020-08-12,San Diego,073,3302833,35771,33395,139,33534,608
2020-08-12,San Francisco,075,870044,8498,7194,8,7202,66
2020-08-12,San Joaquin,077,732212,16705,14154,26,14180,253
2020-08-12,San Luis Obispo,079,281455,2689,2263,11,2274,15
2020-08-12,San Mateo,081,765935,7562,6427,7,6434,117
2020-08-12,Santa Barbara,083,443738,7544,7049,64,7113,74
2020-08-12,Santa Clara,085,1922200,15839,13002,33,13035,182
2020-08-12,Santa Cruz,087,273765,1584,1382,10,1392,6
2020-08-12,Shasta,089,179085,559,417,3,420,9
2020-08-12,Sierra,091,2930,5,4,0,4,0
2020-08-12,Siskiyou,093,43540,116,90,0,90,0
2020-08-12,Solano,095,438530,4966,4258,28,4286,31
2020-08-12,Sonoma,097,501317,4806,3847,14,3861,47
2020-08-12,Stanislaus,099,539301,13653,11682,158,11840,136
2020-08-12,Sutter,101,95872,1114,987,1,988,7
2020-08-12,Tehama,103,63373,338,289,2,291,1
2020-08-12,Trinity,105,12862,34,6,6,12,0
2020-08-12,Tulare,107,460477,13093,11460,36,11496,211
2020-08-12,Tuolumne,109,53932,169,150,5,155,1
2020-08-12,Ventura,111,848112,10042,9005,49,9054,87
2020-08-12,Yolo,113,214977,2170,1921,4,1925,44
2020-08-12,Yuba,115,75493,677,549,1,550,1
2020-08-11,Alameda,001,1643700,15976,13960,111,14071,204
2020-08-11,Alpine,002,1148,2,2,0,2,0
2020-08-11,Amador,005,37829,250,187,0,187,3
2020-08-11,Butte,007,227075,1478,1296,43,1339,15
2020-08-11,Calaveras,009,45235,187,161,0,161,1
2020-08-11,Colusa,011,21464,416,390,0,390,5
2020-08-11,Contra Costa,013,1133247,12402,10012,37,10049,131
2020-08-11,Del Norte,015,27424,100,73,0,73,0
2020-08-11,El Dorado,017,186661,905,786,6,792,2
2020-08-11,Fresno,019,978130,24580,18344,230,18574,187
2020-08-11,Glenn,021,27897,411,380,0,380,1
2020-08-11,Humboldt,023,135768,320,283,1,284,4
2020-08-11,Imperial,025,180216,10796,8518,7,8525,165
2020-08-11,Inyo,027,18085,122,97,2,99,1
2020-08-11,Kern,029,883053,27526,25042,163,25205,230
2020-08-11,Kings,031,150075,5427,4696,25,4721,50
2020-08-11,Lake,033,64148,280,243,0,243,2
2020-08-11,Lassen,035,31185,704,605,2,607,0
2020-08-11,Los Angeles,037,10098052,222440,212421,781,213202,5065
2020-08-11,Madera,039,155013,3368,2673,17,2690,22
2020-08-11,Marin,041,260295,5808,5287,11,5298,44
2020-08-11,Mariposa,043,17540,68,60,0,60,2
2020-08-11,Mendocino,045,87422,477,385,0,385,9
2020-08-11,Merced,047,269075,7065,5322,3,5325,65
2020-08-11,Modoc,049,8938,7,5,0,5,0
2020-08-11,Mono,051,14174,161,124,3,127,1
2020-08-11,Monterey,053,433212,6761,5624,14,5638,36
2020-08-11,Napa,055,140530,1312,1143,2,1145,11
2020-08-11,Nevada,057,99092,392,358,13,371,1
2020-08-11,Orange,059,3164182,47078,41205,963,42168,742
2020-08-11,Placer,061,380077,2688,2393,4,2397,24
2020-08-11,Plumas,063,18699,38,31,0,31,0
2020-08-11,Riverside,065,2383286,49349,44237,51,44288,836
2020-08-11,Sacramento,067,1510023,15346,12298,14,12312,182
2020-08-11,San Benito,069,59416,844,750,0,750,2
2020-08-11,San Bernardino,071,2135413,44739,38467,218,38685,584
2020-08-11,San Diego,073,3302833,35504,33159,120,33279,602
2020-08-11,San Francisco,075,870044,8402,6988,8,6996,66
2020-08-11,San Joaquin,077,732212,16527,13997,21,14018,251
2020-08-11,San Luis Obispo,079,281455,2632,2234,11,2245,15
2020-08-11,San Mateo,081,765935,7488,6339,7,6346,117
2020-08-11,Santa Barbara,083,443738,7495,6942,64,7006,70
2020-08-11,Santa Clara,085,1922200,15618,12920,33,12953,183
2020-08-11,Santa Cruz,087,273765,1561,1352,10,1362,4
2020-08-11,Shasta,089,179085,555,416,3,419,9
2020-08-11,Sierra,091,2930,5,4,0,4,0
2020-08-11,Siskiyou,093,43540,116,90,0,90,0
2020-08-11,Solano,095,438530,4918,4206,27,4233,31
2020-08-11,Sonoma,097,501317,4711,3752,14,3766,45
2020-08-11,Stanislaus,099,539301,13549,11592,146,11738,128
2020-08-11,Sutter,101,95872,1092,964,1,965,7
2020-08-11,Tehama,103,63373,334,289,2,291,1
2020-08-11,Trinity,105,12862,34,5,6,11,0
2020-08-11,Tulare,107,460477,12968,11392,35,11427,201
2020-08-11,Tuolumne,109,53932,165,146,5,151,1
2020-08-11,Ventura,111,848112,9974,8953,48,9001,88
2020-08-11,Yolo,113,214977,2148,1912,4,1916,44
2020-08-11,Yuba,115,75493,666,540,1,541,1
2020-08-10,Alameda,001,1643700,15736,13420,109,13529,203
2020-08-10,Alpine,002,1148,2,2,0,2,0
2020-08-10,Amador,005,37829,249,172,0,172,2
2020-08-10,Butte,007,227075,1454,1174,41,1215,15
2020-08-10,Calaveras,009,45235,176,121,0,121,1
2020-08-10,Colusa,011,21464,414,387,0,387,4
2020-08-10,Contra Costa,013,1133247,12248,9454,35,9489,130
2020-08-10,Del Norte,015,27424,98,69,0,69,0
2020-08-10,El Dorado,017,186661,893,771,6,777,2
2020-08-10,Fresno,019,978130,24299,17978,230,18208,183
2020-08-10,Glenn,021,27897,408,381,0,381,1
2020-08-10,Humboldt,023,135768,314,277,1,278,4
2020-08-10,Imperial,025,180216,10751,8465,7,8472,165
2020-08-10,Inyo,027,18085,122,97,2,99,1
2020-08-10,Kern,029,883053,27300,24499,162,24661,215
2020-08-10,Kings,031,150075,5321,4588,25,4613,50
2020-08-10,Lake,033,64148,273,239,0,239,2
2020-08-10,Lassen,035,31185,704,588,2,590,0
2020-08-10,Los Angeles,037,10098052,220862,211035,763,211798,5003
2020-08-10,Madera,039,155013,3335,2365,17,2382,22
2020-08-10,Marin,041,260295,5763,5242,10,5252,44
2020-08-10,Mariposa,043,17540,68,57,0,57,2
2020-08-10,Mendocino,045,87422,453,364,0,364,1
2020-08-10,Merced,047,269075,6979,4913,3,4916,51
2020-08-10,Modoc,049,8938,7,5,0,5,0
2020-08-10,Mono,051,14174,161,123,3,126,1
2020-08-10,Monterey,053,433212,6651,5358,14,5372,34
2020-08-10,Napa,055,140530,1294,1084,2,1086,8
2020-08-10,Nevada,057,99092,384,356,13,369,1
2020-08-10,Orange,059,3164182,46808,40445,945,41390,721
2020-08-10,Placer,061,380077,2649,2298,4,2302,21
2020-08-10,Plumas,063,18699,38,27,0,27,0
2020-08-10,Riverside,065,2383286,48964,43296,50,43346,830
2020-08-10,Sacramento,067,1510023,15035,12059,14,12073,168
2020-08-10,San Benito,069,59416,831,743,0,743,2
2020-08-10,San Bernardino,071,2135413,44363,37367,209,37576,579
2020-08-10,San Diego,073,3302833,35238,32977,104,33081,594
2020-08-10,San Francisco,075,870044,8312,6816,7,6823,66
2020-08-10,San Joaquin,077,732212,16343,13308,21,13329,240
2020-08-10,San Luis Obispo,079,281455,2533,2208,11,2219,15
2020-08-10,San Mateo,081,765935,7411,6222,7,6229,117
2020-08-10,Santa Barbara,083,443738,7440,6869,64,6933,66
2020-08-10,Santa Clara,085,1922200,15358,12615,32,12647,182
2020-08-10,Santa Cruz,087,273765,1541,1239,9,1248,4
2020-08-10,Shasta,089,179085,551,384,3,387,9
2020-08-10,Sierra,091,2930,5,3,0,3,0
2020-08-10,Siskiyou,093,43540,113,88,0,88,0
2020-08-10,Solano,095,438530,4858,4101,27,4128,31
2020-08-10,Sonoma,097,501317,4540,3640,10,3650,42
2020-08-10,Stanislaus,099,539301,13366,10855,130,10985,106
2020-08-10,Sutter,101,95872,1067,865,1,866,7
2020-08-10,Tehama,103,63373,327,282,2,284,1
2020-08-10,Trinity,105,12862,31,5,6,11,0
2020-08-10,Tulare,107,460477,12795,10750,33,10783,194
2020-08-10,Tuolumne,109,53932,165,143,4,147,1
2020-08-10,Ventura,111,848112,9890,8851,47,8898,85
2020-08-10,Yolo,113,214977,2125,1840,4,1844,45
2020-08-10,Yuba,115,75493,649,527,1,528,1
2020-08-09,Alameda,001,1643700,15455,13241,107,13348,203
2020-08-09,Alpine,002,1148,2,2,0,2,0
2020-08-09,Amador,005,37829,244,153,0,153,2
2020-08-09,Butte,007,227075,1411,1155,41,1196,15
2020-08-09,Calaveras,009,45235,171,122,0,122,1
2020-08-09,Colusa,011,21464,410,371,0,371,4
2020-08-09,Contra Costa,013,1133247,12020,9214,34,9248,130
2020-08-09,Del Norte,015,27424,98,69,0,69,0
2020-08-09,El Dorado,017,186661,885,748,6,754,2
2020-08-09,Fresno,019,978130,23989,17846,226,18072,183
2020-08-09,Glenn,021,27897,406,354,0,354,1
2020-08-09,Humboldt,023,135768,308,279,1,280,4
2020-08-09,Imperial,025,180216,10708,8310,6,8316,165
2020-08-09,Inyo,027,18085,117,86,1,87,1
2020-08-09,Kern,029,883053,27044,23680,162,23842,215
2020-08-09,Kings,031,150075,5278,4446,24,4470,50
2020-08-09,Lake,033,64148,266,225,0,225,2
2020-08-09,Lassen,035,31185,698,589,2,591,0
2020-08-09,Los Angeles,037,10098052,218801,208810,741,209551,4984
2020-08-09,Madera,039,155013,3277,2322,13,2335,22
2020-08-09,Marin,041,260295,5720,5204,10,5214,44
2020-08-09,Mariposa,043,17540,66,56,0,56,2
2020-08-09,Mendocino,045,87422,443,283,0,283,1
2020-08-09,Merced,047,269075,6874,4735,2,4737,51
2020-08-09,Modoc,049,8938,7,4,0,4,0
2020-08-09,Mono,051,14174,160,113,3,116,1
2020-08-09,Monterey,053,433212,6527,5199,14,5213,34
2020-08-09,Napa,055,140530,1275,1062,2,1064,8
2020-08-09,Nevada,057,99092,376,332,13,345,1
2020-08-09,Orange,059,3164182,46509,39244,930,40174,722
2020-08-09,Placer,061,380077,2620,2211,4,2215,20
2020-08-09,Plumas,063,18699,38,27,0,27,0
2020-08-09,Riverside,065,2383286,48617,41894,50,41944,828
2020-08-09,Sacramento,067,1510023,14756,11301,14,11315,167
2020-08-09,San Benito,069,59416,812,687,0,687,2
2020-08-09,San Bernardino,071,2135413,43886,36092,209,36301,579
2020-08-09,San Diego,073,3302833,34947,32749,93,32842,594
2020-08-09,San Francisco,075,870044,8197,6820,7,6827,66
2020-08-09,San Joaquin,077,732212,16138,12933,20,12953,240
2020-08-09,San Luis Obispo,079,281455,2497,2124,11,2135,15
2020-08-09,San Mateo,081,765935,7316,6094,7,6101,117
2020-08-09,Santa Barbara,083,443738,7352,6669,64,6733,66
2020-08-09,Santa Clara,085,1922200,15088,11878,32,11910,181
2020-08-09,Santa Cruz,087,273765,1517,1246,9,1255,4
2020-08-09,Shasta,089,179085,547,361,3,364,9
2020-08-09,Sierra,091,2930,5,3,0,3,0
2020-08-09,Siskiyou,093,43540,112,74,0,74,0
2020-08-09,Solano,095,438530,4805,3954,26,3980,31
2020-08-09,Sonoma,097,501317,4404,3531,8,3539,41
2020-08-09,Stanislaus,099,539301,13158,10264,117,10381,106
2020-08-09,Sutter,101,95872,1033,857,1,858,7
2020-08-09,Tehama,103,63373,319,265,2,267,1
2020-08-09,Trinity,105,12862,31,5,6,11,0
2020-08-09,Tulare,107,460477,12605,10630,30,10660,194
2020-08-09,Tuolumne,109,53932,161,143,4,147,1
2020-08-09,Ventura,111,848112,9742,8633,46,8679,85
2020-08-09,Yolo,113,214977,2094,1765,4,1769,44
2020-08-09,Yuba,115,75493,629,442,1,443,1
2020-08-08,Alameda,001,1643700,15345,13087,107,13194,204
2020-08-08,Alpine,002,1148,2,2,0,2,0
2020-08-08,Amador,005,37829,244,139,0,139,2
2020-08-08,Butte,007,227075,1393,1140,41,1181,15
2020-08-08,Calaveras,009,45235,170,122,0,122,1
2020-08-08,Colusa,011,21464,409,368,0,368,4
2020-08-08,Contra Costa,013,1133247,11911,9104,34,9138,129
2020-08-08,Del Norte,015,27424,97,69,0,69,0
2020-08-08,El Dorado,017,186661,878,734,6,740,2
2020-08-08,Fresno,019,978130,23851,17538,224,17762,183
2020-08-08,Glenn,021,27897,406,344,0,344,1
2020-08-08,Humboldt,023,135768,305,277,1,278,4
2020-08-08,Imperial,025,180216,10693,8213,6,8219,165
2020-08-08,Inyo,027,18085,113,86,1,87,1
2020-08-08,Kern,029,883053,26930,22803,162,22965,215
2020-08-08,Kings,031,150075,5264,4367,24,4391,49
2020-08-08,Lake,033,64148,264,221,0,221,2
2020-08-08,Lassen,035,31185,698,589,2,591,0
2020-08-08,Los Angeles,037,10098052,217918,206971,730,207701,4974
2020-08-08,Madera,039,155013,3246,2275,13,2288,22
2020-08-08,Marin,041,260295,5700,5118,10,5128,44
2020-08-08,Mariposa,043,17540,65,55,0,55,2
2020-08-08,Mendocino,045,87422,441,264,0,264,1
2020-08-08,Merced,047,269075,6832,4570,2,4572,51
2020-08-08,Modoc,049,8938,7,4,0,4,0
2020-08-08,Mono,051,14174,160,113,3,116,1
2020-08-08,Monterey,053,433212,6469,5101,14,5115,33
2020-08-08,Napa,055,140530,1267,1062,2,1064,8
2020-08-08,Nevada,057,99092,374,325,13,338,1
2020-08-08,Orange,059,3164182,46380,38688,921,39609,718
2020-08-08,Placer,061,380077,2604,2153,4,2157,20
2020-08-08,Plumas,063,18699,38,27,0,27,0
2020-08-08,Riverside,065,2383286,48412,41412,50,41462,823
2020-08-08,Sacramento,067,1510023,14626,11144,14,11158,166
2020-08-08,San Benito,069,59416,804,684,0,684,2
2020-08-08,San Bernardino,071,2135413,43692,35691,208,35899,531
2020-08-08,San Diego,073,3302833,34758,32332,84,32416,593
2020-08-08,San Francisco,075,870044,8131,6820,7,6827,66
2020-08-08,San Joaquin,077,732212,16058,12559,19,12578,240
2020-08-08,San Luis Obispo,079,281455,2474,2081,11,2092,15
2020-08-08,San Mateo,081,765935,7258,6021,7,6028,117
2020-08-08,Santa Barbara,083,443738,7314,6598,64,6662,66
2020-08-08,Santa Clara,085,1922200,14936,11615,32,11647,181
2020-08-08,Santa Cruz,087,273765,1503,1247,9,1256,4
2020-08-08,Shasta,089,179085,545,343,3,346,9
2020-08-08,Sierra,091,2930,5,3,0,3,0
2020-08-08,Siskiyou,093,43540,112,73,0,73,0
2020-08-08,Solano,095,438530,4784,3889,25,3914,31
2020-08-08,Sonoma,097,501317,4373,3399,8,3407,41
2020-08-08,Stanislaus,099,539301,13083,9963,112,10075,105
2020-08-08,Sutter,101,95872,1023,830,1,831,7
2020-08-08,Tehama,103,63373,318,251,2,253,1
2020-08-08,Trinity,105,12862,31,5,6,11,0
2020-08-08,Tulare,107,460477,12530,10505,30,10535,192
2020-08-08,Tuolumne,109,53932,161,143,4,147,1
2020-08-08,Ventura,111,848112,9687,8462,45,8507,85
2020-08-08,Yolo,113,214977,2081,1725,4,1729,44
2020-08-08,Yuba,115,75493,620,430,1,431,1
2020-08-07,Alameda,001,1643700,15235,12805,107,12912,204
2020-08-07,Alpine,002,1148,2,2,0,2,0
2020-08-07,Amador,005,37829,242,125,0,125,2
2020-08-07,Butte,007,227075,1375,1092,41,1133,13
2020-08-07,Calaveras,009,45235,170,119,0,119,1
2020-08-07,Colusa,011,21464,408,358,0,358,4
2020-08-07,Contra Costa,013,1133247,11763,8810,34,8844,126
2020-08-07,Del Norte,015,27424,97,69,0,69,0
2020-08-07,El Dorado,017,186661,873,724,6,730,2
2020-08-07,Fresno,019,978130,23691,17290,224,17514,171
2020-08-07,Glenn,021,27897,405,339,0,339,1
2020-08-07,Humboldt,023,135768,301,274,1,275,4
2020-08-07,Imperial,025,180216,10668,8085,6,8091,164
2020-08-07,Inyo,027,18085,112,81,1,82,1
2020-08-07,Kern,029,883053,26804,22143,160,22303,206
2020-08-07,Kings,031,150075,5247,4315,24,4339,48
2020-08-07,Lake,033,64148,262,215,0,215,1
2020-08-07,Lassen,035,31185,697,588,2,590,0
2020-08-07,Los Angeles,037,10098052,216451,204406,719,205125,4924
2020-08-07,Madera,039,155013,3214,2245,13,2258,20
2020-08-07,Marin,041,260295,5671,5094,10,5104,43
2020-08-07,Mariposa,043,17540,65,53,0,53,2
2020-08-07,Mendocino,045,87422,427,262,0,262,1
2020-08-07,Merced,047,269075,6789,4358,2,4360,30
2020-08-07,Modoc,049,8938,7,4,0,4,0
2020-08-07,Mono,051,14174,160,112,3,115,1
2020-08-07,Monterey,053,433212,6394,5041,14,5055,33
2020-08-07,Napa,055,140530,1262,1055,2,1057,8
2020-08-07,Nevada,057,99092,371,324,13,337,1
2020-08-07,Orange,059,3164182,46168,38459,904,39363,701
2020-08-07,Placer,061,380077,2586,2078,4,2082,20
2020-08-07,Plumas,063,18699,38,25,0,25,0
2020-08-07,Riverside,065,2383286,48148,40902,49,40951,810
2020-08-07,Sacramento,067,1510023,14481,10798,14,10812,160
2020-08-07,San Benito,069,59416,798,647,0,647,2
2020-08-07,San Bernardino,071,2135413,43445,35200,207,35407,524
2020-08-07,San Diego,073,3302833,34573,31781,81,31862,586
2020-08-07,San Francisco,075,870044,8053,6765,7,6772,66
2020-08-07,San Joaquin,077,732212,15971,12392,19,12411,223
2020-08-07,San Luis Obispo,079,281455,2443,2050,11,2061,14
2020-08-07,San Mateo,081,765935,7198,5948,7,5955,117
2020-08-07,Santa Barbara,083,443738,7263,6509,64,6573,66
2020-08-07,Santa Clara,085,1922200,14737,11409,32,11441,180
2020-08-07,Santa Cruz,087,273765,1485,1234,9,1243,5
2020-08-07,Shasta,089,179085,540,342,3,345,9
2020-08-07,Sierra,091,2930,5,3,0,3,0
2020-08-07,Siskiyou,093,43540,109,73,0,73,0
2020-08-07,Solano,095,438530,4752,3844,24,3868,31
2020-08-07,Sonoma,097,501317,4307,3329,8,3337,34
2020-08-07,Stanislaus,099,539301,12961,9665,102,9767,98
2020-08-07,Sutter,101,95872,1019,807,1,808,6
2020-08-07,Tehama,103,63373,314,246,2,248,1
2020-08-07,Trinity,105,12862,30,5,6,11,0
2020-08-07,Tulare,107,460477,12453,10292,30,10322,195
2020-08-07,Tuolumne,109,53932,160,136,4,140,1
2020-08-07,Ventura,111,848112,9627,8356,43,8399,84
2020-08-07,Yolo,113,214977,2054,1689,4,1693,37
2020-08-07,Yuba,115,75493,615,413,1,414,1
2020-08-06,Alameda,001,1643700,15013,12474,106,12580,200
2020-08-06,Alpine,002,1148,2,2,0,2,0
2020-08-06,Amador,005,37829,228,125,0,125,0
2020-08-06,Butte,007,227075,1356,1060,41,1101,13
2020-08-06,Calaveras,009,45235,168,117,0,117,1
2020-08-06,Colusa,011,21464,405,358,0,358,3
2020-08-06,Contra Costa,013,1133247,11569,8583,33,8616,124
2020-08-06,Del Norte,015,27424,97,69,0,69,0
2020-08-06,El Dorado,017,186661,862,703,6,709,1
2020-08-06,Fresno,019,978130,23396,17031,217,17248,161
2020-08-06,Glenn,021,27897,400,332,0,332,1
2020-08-06,Humboldt,023,135768,296,266,1,267,4
2020-08-06,Imperial,025,180216,10625,8064,6,8070,163
2020-08-06,Inyo,027,18085,104,83,1,84,1
2020-08-06,Kern,029,883053,26568,21843,159,22002,197
2020-08-06,Kings,031,150075,5185,4264,23,4287,47
2020-08-06,Lake,033,64148,259,209,0,209,1
2020-08-06,Lassen,035,31185,695,588,2,590,0
2020-08-06,Los Angeles,037,10098052,214378,201372,703,202075,4874
2020-08-06,Madera,039,155013,3166,2240,12,2252,19
2020-08-06,Marin,041,260295,5639,5058,10,5068,43
2020-08-06,Mariposa,043,17540,64,52,0,52,2
2020-08-06,Mendocino,045,87422,413,260,0,260,1
2020-08-06,Merced,047,269075,6694,4235,2,4237,30
2020-08-06,Modoc,049,8938,7,4,0,4,0
2020-08-06,Mono,051,14174,159,111,3,114,1
2020-08-06,Monterey,053,433212,6285,5001,13,5014,33
2020-08-06,Napa,055,140530,1248,1032,2,1034,8
2020-08-06,Nevada,057,99092,366,321,13,334,1
2020-08-06,Orange,059,3164182,45876,38399,899,39298,694
2020-08-06,Placer,061,380077,2560,2045,4,2049,20
2020-08-06,Plumas,063,18699,37,25,0,25,0
2020-08-06,Riverside,065,2383286,47754,40269,49,40318,781
2020-08-06,Sacramento,067,1510023,14253,10548,14,10562,153
2020-08-06,San Benito,069,59416,790,626,0,626,2
2020-08-06,San Bernardino,071,2135413,43040,34819,205,35024,516
2020-08-06,San Diego,073,3302833,34306,31129,74,31203,583
2020-08-06,San Francisco,075,870044,7960,6737,6,6743,60
2020-08-06,San Joaquin,077,732212,15812,12269,19,12288,203
2020-08-06,San Luis Obispo,079,281455,2419,2000,10,2010,13
2020-08-06,San Mateo,081,765935,7098,5885,7,5892,117
2020-08-06,Santa Barbara,083,443738,7203,6620,64,6684,65
2020-08-06,Santa Clara,085,1922200,14508,11280,32,11312,178
2020-08-06,Santa Cruz,087,273765,1464,1215,9,1224,4
2020-08-06,Shasta,089,179085,531,343,3,346,9
2020-08-06,Sierra,091,2930,5,3,0,3,0
2020-08-06,Siskiyou,093,43540,109,73,0,73,0
2020-08-06,Solano,095,438530,4708,3784,24,3808,29
2020-08-06,Sonoma,097,501317,4243,3259,8,3267,33
2020-08-06,Stanislaus,099,539301,12811,9566,86,9652,98
2020-08-06,Sutter,101,95872,988,797,1,798,6
2020-08-06,Tehama,103,63373,311,242,2,244,1
2020-08-06,Trinity,105,12862,27,5,6,11,0
2020-08-06,Tulare,107,460477,12293,10169,30,10199,195
2020-08-06,Tuolumne,109,53932,159,136,4,140,1
2020-08-06,Ventura,111,848112,9512,8245,40,8285,80
2020-08-06,Yolo,113,214977,2030,1662,4,1666,36
2020-08-06,Yuba,115,75493,606,407,0,407,1
2020-08-05,Alameda,001,1643700,14797,12140,106,12246,193
2020-08-05,Alpine,002,1148,2,2,0,2,0
2020-08-05,Amador,005,37829,218,123,0,123,0
2020-08-05,Butte,007,227075,1323,1038,39,1077,13
2020-08-05,Calaveras,009,45235,165,116,0,116,1
2020-08-05,Colusa,011,21464,401,354,0,354,3
2020-08-05,Contra Costa,013,1133247,11400,8362,33,8395,122
2020-08-05,Del Norte,015,27424,96,69,0,69,0
2020-08-05,El Dorado,017,186661,854,692,6,698,1
2020-08-05,Fresno,019,978130,23152,16625,212,16837,159
2020-08-05,Glenn,021,27897,397,330,0,330,1
2020-08-05,Humboldt,023,135768,294,249,1,250,4
2020-08-05,Imperial,025,180216,10590,8036,6,8042,163
2020-08-05,Inyo,027,18085,102,62,1,63,1
2020-08-05,Kern,029,883053,26380,21540,154,21694,194
2020-08-05,Kings,031,150075,5140,4192,22,4214,47
2020-08-05,Lake,033,64148,252,209,0,209,1
2020-08-05,Lassen,035,31185,648,557,2,559,0
2020-08-05,Los Angeles,037,10098052,212457,198355,683,199038,4832
2020-08-05,Madera,039,155013,3124,2172,12,2184,19
2020-08-05,Marin,041,260295,5607,5036,10,5046,43
2020-08-05,Mariposa,043,17540,64,52,0,52,2
2020-08-05,Mendocino,045,87422,401,248,0,248,1
2020-08-05,Merced,047,269075,6563,4119,2,4121,30
2020-08-05,Modoc,049,8938,7,3,0,3,0
2020-08-05,Mono,051,14174,159,104,3,107,1
2020-08-05,Monterey,053,433212,6170,4936,13,4949,32
2020-08-05,Napa,055,140530,1236,1020,2,1022,8
2020-08-05,Nevada,057,99092,357,327,13,340,2
2020-08-05,Orange,059,3164182,45567,37907,891,38798,663
2020-08-05,Placer,061,380077,2519,1989,4,1993,18
2020-08-05,Plumas,063,18699,36,25,0,25,0
2020-08-05,Riverside,065,2383286,47360,39454,47,39501,761
2020-08-05,Sacramento,067,1510023,14035,10261,13,10274,151
2020-08-05,San Benito,069,59416,781,613,0,613,2
2020-08-05,San Bernardino,071,2135413,42578,34442,200,34642,504
2020-08-05,San Diego,073,3302833,34082,30866,58,30924,578
2020-08-05,San Francisco,075,870044,7867,6701,6,6707,60
2020-08-05,San Joaquin,077,732212,15651,12148,19,12167,199
2020-08-05,San Luis Obispo,079,281455,2395,1928,10,1938,13
2020-08-05,San Mateo,081,765935,7003,5695,7,5702,116
2020-08-05,Santa Barbara,083,443738,7143,6597,64,6661,63
2020-08-05,Santa Clara,085,1922200,14274,11074,32,11106,176
2020-08-05,Santa Cruz,087,273765,1444,1192,7,1199,4
2020-08-05,Shasta,089,179085,525,338,3,341,9
2020-08-05,Sierra,091,2930,5,3,0,3,0
2020-08-05,Siskiyou,093,43540,105,72,0,72,0
2020-08-05,Solano,095,438530,4657,3750,23,3773,29
2020-08-05,Sonoma,097,501317,4160,3173,8,3181,33
2020-08-05,Stanislaus,099,539301,12652,9408,81,9489,97
2020-08-05,Sutter,101,95872,977,780,1,781,6
2020-08-05,Tehama,103,63373,308,231,2,233,1
2020-08-05,Trinity,105,12862,27,5,6,11,0
2020-08-05,Tulare,107,460477,12152,9924,30,9954,192
2020-08-05,Tuolumne,109,53932,159,137,4,141,0
2020-08-05,Ventura,111,848112,9396,8162,36,8198,75
2020-08-05,Yolo,113,214977,2002,1634,4,1638,36
2020-08-05,Yuba,115,75493,589,400,0,400,1
2020-08-04,Alameda,001,1643700,14580,11983,105,12088,192
2020-08-04,Alpine,002,1148,2,2,0,2,0
2020-08-04,Amador,005,37829,203,123,0,123,0
2020-08-04,Butte,007,227075,1299,1011,38,1049,10
2020-08-04,Calaveras,009,45235,161,116,0,116,1
2020-08-04,Colusa,011,21464,396,354,0,354,3
2020-08-04,Contra Costa,013,1133247,11233,8210,33,8243,122
2020-08-04,Del Norte,015,27424,94,69,0,69,0
2020-08-04,El Dorado,017,186661,844,668,6,674,1
2020-08-04,Fresno,019,978130,22866,16272,205,16477,154
2020-08-04,Glenn,021,27897,396,325,0,325,1
2020-08-04,Humboldt,023,135768,284,241,1,242,4
2020-08-04,Imperial,025,180216,10553,7974,6,7980,163
2020-08-04,Inyo,027,18085,88,59,1,60,1
2020-08-04,Kern,029,883053,26097,21403,154,21557,190
2020-08-04,Kings,031,150075,5075,4163,22,4185,47
2020-08-04,Lake,033,64148,252,206,0,206,1
2020-08-04,Lassen,035,31185,645,556,2,558,0
2020-08-04,Los Angeles,037,10098052,210516,196014,657,196671,4764
2020-08-04,Madera,039,155013,3081,2161,8,2169,19
2020-08-04,Marin,041,260295,5576,5020,9,5029,43
2020-08-04,Mariposa,043,17540,64,51,0,51,2
2020-08-04,Mendocino,045,87422,376,248,0,248,1
2020-08-04,Merced,047,269075,6453,4085,2,4087,30
2020-08-04,Modoc,049,8938,7,3,0,3,0
2020-08-04,Mono,051,14174,158,104,2,106,1
2020-08-04,Monterey,053,433212,6056,4892,13,4905,32
2020-08-04,Napa,055,140530,1223,994,0,994,8
2020-08-04,Nevada,057,99092,356,322,13,335,2
2020-08-04,Orange,059,3164182,45191,37844,885,38729,659
2020-08-04,Placer,061,380077,2482,1964,4,1968,17
2020-08-04,Plumas,063,18699,36,25,0,25,0
2020-08-04,Riverside,065,2383286,46973,38991,46,39037,743
2020-08-04,Sacramento,067,1510023,13816,10205,13,10218,146
2020-08-04,San Benito,069,59416,765,608,0,608,2
2020-08-04,San Bernardino,071,2135413,42028,34215,195,34410,495
2020-08-04,San Diego,073,3302833,33789,30518,46,30564,568
2020-08-04,San Francisco,075,870044,7779,6568,6,6574,60
2020-08-04,San Joaquin,077,732212,15523,12087,16,12103,189
2020-08-04,San Luis Obispo,079,281455,2365,1886,10,1896,13
2020-08-04,San Mateo,081,765935,6897,5690,7,5697,116
2020-08-04,Santa Barbara,083,443738,7083,6591,64,6655,61
2020-08-04,Santa Clara,085,1922200,13972,10986,31,11017,175
2020-08-04,Santa Cruz,087,273765,1425,1202,7,1209,4
2020-08-04,Shasta,089,179085,519,335,3,338,9
2020-08-04,Sierra,091,2930,5,1,0,1,0
2020-08-04,Siskiyou,093,43540,103,71,0,71,0
2020-08-04,Solano,095,438530,4586,3690,23,3713,29
2020-08-04,Sonoma,097,501317,4093,3108,8,3116,33
2020-08-04,Stanislaus,099,539301,12483,9359,74,9433,97
2020-08-04,Sutter,101,95872,963,761,1,762,6
2020-08-04,Tehama,103,63373,301,226,2,228,1
2020-08-04,Trinity,105,12862,27,5,6,11,0
2020-08-04,Tulare,107,460477,11972,9866,30,9896,192
2020-08-04,Tuolumne,109,53932,158,127,4,131,0
2020-08-04,Ventura,111,848112,9282,8134,34,8168,75
2020-08-04,Yolo,113,214977,1976,1626,4,1630,37
2020-08-04,Yuba,115,75493,574,398,0,398,1
2020-08-03,Alameda,001,1643700,14400,11817,102,11919,189
2020-08-03,Alpine,002,1148,2,2,0,2,0
2020-08-03,Amador,005,37829,199,119,0,119,0
2020-08-03,Butte,007,227075,1253,989,35,1024,9
2020-08-03,Calaveras,009,45235,158,117,0,117,1
2020-08-03,Colusa,011,21464,392,336,0,336,2
2020-08-03,Contra Costa,013,1133247,11036,8069,30,8099,120
2020-08-03,Del Norte,015,27424,90,68,0,68,0
2020-08-03,El Dorado,017,186661,833,645,6,651,1
2020-08-03,Fresno,019,978130,22572,15945,199,16144,151
2020-08-03,Glenn,021,27897,389,316,0,316,1
2020-08-03,Humboldt,023,135768,277,234,1,235,4
2020-08-03,Imperial,025,180216,10498,7953,6,7959,161
2020-08-03,Inyo,027,18085,85,57,1,58,1
2020-08-03,Kern,029,883053,25731,21285,147,21432,176
2020-08-03,Kings,031,150075,4963,4107,21,4128,47
2020-08-03,Lake,033,64148,245,201,0,201,1
2020-08-03,Lassen,035,31185,645,555,2,557,0
2020-08-03,Los Angeles,037,10098052,208479,194103,629,194732,4706
2020-08-03,Madera,039,155013,3032,2143,7,2150,18
2020-08-03,Marin,041,260295,5529,5001,9,5010,43
2020-08-03,Mariposa,043,17540,63,52,0,52,2
2020-08-03,Mendocino,045,87422,353,248,0,248,1
2020-08-03,Merced,047,269075,6335,4028,2,4030,29
2020-08-03,Modoc,049,8938,7,2,0,2,0
2020-08-03,Mono,051,14174,158,104,2,106,1
2020-08-03,Monterey,053,433212,5905,4806,10,4816,28
2020-08-03,Napa,055,140530,1209,973,0,973,8
2020-08-03,Nevada,057,99092,352,315,13,328,2
2020-08-03,Orange,059,3164182,44797,37705,875,38580,651
2020-08-03,Placer,061,380077,2426,1947,3,1950,16
2020-08-03,Plumas,063,18699,36,25,0,25,0
2020-08-03,Riverside,065,2383286,46505,38642,46,38688,740
2020-08-03,Sacramento,067,1510023,13621,10143,13,10156,142
2020-08-03,San Benito,069,59416,753,603,0,603,2
2020-08-03,San Bernardino,071,2135413,41504,33979,189,34168,444
2020-08-03,San Diego,073,3302833,33475,30228,36,30264,565
2020-08-03,San Francisco,075,870044,7685,6319,6,6325,60
2020-08-03,San Joaquin,077,732212,15326,12007,15,12022,189
2020-08-03,San Luis Obispo,079,281455,2323,1863,8,1871,14
2020-08-03,San Mateo,081,765935,6816,5661,7,5668,115
2020-08-03,Santa Barbara,083,443738,7039,6580,64,6644,59
2020-08-03,Santa Clara,085,1922200,13695,10747,31,10778,172
2020-08-03,Santa Cruz,087,273765,1405,1154,7,1161,4
2020-08-03,Shasta,089,179085,512,322,3,325,9
2020-08-03,Sierra,091,2930,5,1,0,1,0
2020-08-03,Siskiyou,093,43540,99,67,0,67,0
2020-08-03,Solano,095,438530,4517,3610,22,3632,29
2020-08-03,Sonoma,097,501317,3991,3079,7,3086,33
2020-08-03,Stanislaus,099,539301,12274,9308,66,9374,96
2020-08-03,Sutter,101,95872,939,713,1,714,6
2020-08-03,Tehama,103,63373,293,225,2,227,1
2020-08-03,Trinity,105,12862,27,5,6,11,0
2020-08-03,Tulare,107,460477,11788,9703,30,9733,188
2020-08-03,Tuolumne,109,53932,158,123,4,127,0
2020-08-03,Ventura,111,848112,9191,8084,31,8115,74
2020-08-03,Yolo,113,214977,1941,1598,3,1601,37
2020-08-03,Yuba,115,75493,550,393,0,393,1
2020-08-02,Alameda,001,1643700,14153,11696,90,11786,188
2020-08-02,Alpine,002,1148,2,2,0,2,0
2020-08-02,Amador,005,37829,194,117,0,117,0
2020-08-02,Butte,007,227075,1218,987,34,1021,9
2020-08-02,Calaveras,009,45235,155,116,0,116,1
2020-08-02,Colusa,011,21464,387,335,0,335,2
2020-08-02,Contra Costa,013,1133247,10796,7995,30,8025,118
2020-08-02,Del Norte,015,27424,89,68,0,68,0
2020-08-02,El Dorado,017,186661,823,643,6,649,1
2020-08-02,Fresno,019,978130,22297,15759,193,15952,151
2020-08-02,Glenn,021,27897,388,315,0,315,1
2020-08-02,Humboldt,023,135768,272,232,1,233,4
2020-08-02,Imperial,025,180216,10435,7919,6,7925,157
2020-08-02,Inyo,027,18085,84,45,1,46,1
2020-08-02,Kern,029,883053,25433,21162,145,21307,176
2020-08-02,Kings,031,150075,4901,3964,20,3984,47
2020-08-02,Lake,033,64148,240,201,0,201,1
2020-08-02,Lassen,035,31185,645,555,2,557,0
2020-08-02,Los Angeles,037,10098052,206386,192480,611,193091,4698
2020-08-02,Madera,039,155013,2966,2123,5,2128,18
2020-08-02,Marin,041,260295,5494,4985,9,4994,43
2020-08-02,Mariposa,043,17540,61,52,0,52,2
2020-08-02,Mendocino,045,87422,343,247,0,247,1
2020-08-02,Merced,047,269075,6192,4011,2,4013,29
2020-08-02,Modoc,049,8938,7,2,0,2,0
2020-08-02,Mono,051,14174,151,104,2,106,1
2020-08-02,Monterey,053,433212,5779,4698,10,4708,28
2020-08-02,Napa,055,140530,1195,956,0,956,8
2020-08-02,Nevada,057,99092,349,314,13,327,2
2020-08-02,Orange,059,3164182,44418,37266,864,38130,651
2020-08-02,Placer,061,380077,2387,1920,3,1923,15
2020-08-02,Plumas,063,18699,36,25,0,25,0
2020-08-02,Riverside,065,2383286,46072,38507,45,38552,735
2020-08-02,Sacramento,067,1510023,13342,10099,13,10112,142
2020-08-02,San Benito,069,59416,739,599,0,599,2
2020-08-02,San Bernardino,071,2135413,40902,33643,185,33828,443
2020-08-02,San Diego,073,3302833,33135,29885,27,29912,565
2020-08-02,San Francisco,075,870044,7567,6297,6,6303,60
2020-08-02,San Joaquin,077,732212,15045,11937,13,11950,189
2020-08-02,San Luis Obispo,079,281455,2260,1821,8,1829,14
2020-08-02,San Mateo,081,765935,6701,5618,7,5625,115
2020-08-02,Santa Barbara,083,443738,6949,6532,64,6596,59
2020-08-02,Santa Clara,085,1922200,13475,10577,31,10608,172
2020-08-02,Santa Cruz,087,273765,1385,1162,7,1169,4
2020-08-02,Shasta,089,179085,508,318,3,321,9
2020-08-02,Sierra,091,2930,4,1,0,1,0
2020-08-02,Siskiyou,093,43540,99,65,0,65,0
2020-08-02,Solano,095,438530,4458,3609,22,3631,29
2020-08-02,Sonoma,097,501317,3906,3005,7,3012,33
2020-08-02,Stanislaus,099,539301,12059,9277,61,9338,96
2020-08-02,Sutter,101,95872,904,714,1,715,6
2020-08-02,Tehama,103,63373,287,222,2,224,1
2020-08-02,Trinity,105,12862,27,5,6,11,0
2020-08-02,Tulare,107,460477,11579,9593,30,9623,188
2020-08-02,Tuolumne,109,53932,155,123,4,127,0
2020-08-02,Ventura,111,848112,9044,8014,31,8045,73
2020-08-02,Yolo,113,214977,1916,1588,3,1591,37
2020-08-02,Yuba,115,75493,530,393,0,393,1
2020-08-01,Alameda,001,1643700,14041,11590,90,11680,188
2020-08-01,Alpine,002,1148,2,2,0,2,0
2020-08-01,Amador,005,37829,190,109,0,109,0
2020-08-01,Butte,007,227075,1204,976,34,1010,9
2020-08-01,Calaveras,009,45235,151,116,0,116,1
2020-08-01,Colusa,011,21464,386,327,0,327,2
2020-08-01,Contra Costa,013,1133247,10665,7867,29,7896,116
2020-08-01,Del Norte,015,27424,89,68,0,68,0
2020-08-01,El Dorado,017,186661,820,637,6,643,1
2020-08-01,Fresno,019,978130,22160,15448,193,15641,149
2020-08-01,Glenn,021,27897,387,311,0,311,1
2020-08-01,Humboldt,023,135768,271,232,1,233,4
2020-08-01,Imperial,025,180216,10399,7919,6,7925,156
2020-08-01,Inyo,027,18085,82,45,1,46,1
2020-08-01,Kern,029,883053,25275,20796,141,20937,176
2020-08-01,Kings,031,150075,4875,3948,20,3968,47
2020-08-01,Lake,033,64148,238,194,0,194,1
2020-08-01,Lassen,035,31185,644,555,2,557,0
2020-08-01,Los Angeles,037,10098052,205494,191023,584,191607,4674
2020-08-01,Madera,039,155013,2927,2103,5,2108,18
2020-08-01,Marin,041,260295,5479,4945,9,4954,43
2020-08-01,Mariposa,043,17540,61,50,0,50,2
2020-08-01,Mendocino,045,87422,336,243,0,243,1
2020-08-01,Merced,047,269075,6144,3972,2,3974,29
2020-08-01,Modoc,049,8938,7,2,0,2,0
2020-08-01,Mono,051,14174,150,104,2,106,1
2020-08-01,Monterey,053,433212,5712,4611,9,4620,28
2020-08-01,Napa,055,140530,1186,923,0,923,8
2020-08-01,Nevada,057,99092,345,305,13,318,2
2020-08-01,Orange,059,3164182,44192,36703,858,37561,648
2020-08-01,Placer,061,380077,2353,1891,3,1894,14
2020-08-01,Plumas,063,18699,35,25,0,25,0
2020-08-01,Riverside,065,2383286,45860,38216,43,38259,704
2020-08-01,Sacramento,067,1510023,13191,10044,13,10057,141
2020-08-01,San Benito,069,59416,728,579,0,579,2
2020-08-01,San Bernardino,071,2135413,40666,32947,184,33131,440
2020-08-01,San Diego,073,3302833,32918,29579,19,29598,565
2020-08-01,San Francisco,075,870044,7506,6296,6,6302,60
2020-08-01,San Joaquin,077,732212,14970,11807,12,11819,189
2020-08-01,San Luis Obispo,079,281455,2231,1798,8,1806,13
2020-08-01,San Mateo,081,765935,6647,5520,7,5527,115
2020-08-01,Santa Barbara,083,443738,6909,6465,64,6529,59
2020-08-01,Santa Clara,085,1922200,13324,10281,30,10311,171
2020-08-01,Santa Cruz,087,273765,1369,1164,7,1171,4
2020-08-01,Shasta,089,179085,503,312,3,315,9
2020-08-01,Sierra,091,2930,3,1,0,1,0
2020-08-01,Siskiyou,093,43540,99,64,0,64,0
2020-08-01,Solano,095,438530,4424,3591,21,3612,29
2020-08-01,Sonoma,097,501317,3860,2890,7,2897,29
2020-08-01,Stanislaus,099,539301,11941,9221,54,9275,96
2020-08-01,Sutter,101,95872,900,714,1,715,6
2020-08-01,Tehama,103,63373,284,220,2,222,1
2020-08-01,Trinity,105,12862,27,5,6,11,0
2020-08-01,Tulare,107,460477,11510,9520,30,9550,188
2020-08-01,Tuolumne,109,53932,155,123,4,127,0
2020-08-01,Ventura,111,848112,8998,7819,31,7850,73
2020-08-01,Yolo,113,214977,1906,1557,3,1560,37
2020-08-01,Yuba,115,75493,525,387,0,387,1
2020-07-31,Alameda,001,1643700,13912,11441,90,11531,187
2020-07-31,Alpine,002,1148,2,2,0,2,0
2020-07-31,Amador,005,37829,189,98,0,98,0
2020-07-31,Butte,007,227075,1181,925,34,959,7
2020-07-31,Calaveras,009,45235,151,112,0,112,1
2020-07-31,Colusa,011,21464,376,319,0,319,2
2020-07-31,Contra Costa,013,1133247,10518,7697,28,7725,113
2020-07-31,Del Norte,015,27424,88,68,0,68,0
2020-07-31,El Dorado,017,186661,809,616,6,622,1
2020-07-31,Fresno,019,978130,21940,15083,193,15276,133
2020-07-31,Glenn,021,27897,380,304,0,304,1
2020-07-31,Humboldt,023,135768,264,229,1,230,4
2020-07-31,Imperial,025,180216,10367,7886,5,7891,155
2020-07-31,Inyo,027,18085,72,45,1,46,1
2020-07-31,Kern,029,883053,25034,20061,137,20198,173
2020-07-31,Kings,031,150075,4847,3807,20,3827,45
2020-07-31,Lake,033,64148,237,191,0,191,1
2020-07-31,Lassen,035,31185,639,544,2,546,0
2020-07-31,Los Angeles,037,10098052,203895,188688,571,189259,4628
2020-07-31,Madera,039,155013,2880,2036,5,2041,19
2020-07-31,Marin,041,260295,5435,4885,6,4891,43
2020-07-31,Mariposa,043,17540,61,49,0,49,2
2020-07-31,Mendocino,045,87422,321,232,0,232,1
2020-07-31,Merced,047,269075,6061,3789,2,3791,30
2020-07-31,Modoc,049,8938,6,0,0,0,0
2020-07-31,Mono,051,14174,149,104,2,106,1
2020-07-31,Monterey,053,433212,5620,4493,9,4502,24
2020-07-31,Napa,055,140530,1174,897,0,897,7
2020-07-31,Nevada,057,99092,343,302,13,315,2
2020-07-31,Orange,059,3164182,43892,36196,841,37037,620
2020-07-31,Placer,061,380077,2328,1853,3,1856,14
2020-07-31,Plumas,063,18699,34,25,0,25,0
2020-07-31,Riverside,065,2383286,45470,37612,42,37654,694
2020-07-31,Sacramento,067,1510023,13013,9872,13,9885,132
2020-07-31,San Benito,069,59416,720,567,0,567,2
2020-07-31,San Bernardino,071,2135413,40336,32332,182,32514,434
2020-07-31,San Diego,073,3302833,32684,29050,11,29061,561
2020-07-31,San Francisco,075,870044,7406,6126,6,6132,60
2020-07-31,San Joaquin,077,732212,14830,11561,12,11573,177
2020-07-31,San Luis Obispo,079,281455,2162,1746,8,1754,12
2020-07-31,San Mateo,081,765935,6575,5416,7,5423,115
2020-07-31,Santa Barbara,083,443738,6842,6375,64,6439,58
2020-07-31,Santa Clara,085,1922200,13103,9863,30,9893,171
2020-07-31,Santa Cruz,087,273765,1346,1118,7,1125,4
2020-07-31,Shasta,089,179085,493,305,3,308,9
2020-07-31,Sierra,091,2930,3,1,0,1,0
2020-07-31,Siskiyou,093,43540,97,61,0,61,0
2020-07-31,Solano,095,438530,4376,3510,20,3530,29
2020-07-31,Sonoma,097,501317,3802,2745,7,2752,27
2020-07-31,Stanislaus,099,539301,11835,9061,49,9110,94
2020-07-31,Sutter,101,95872,895,714,1,715,6
2020-07-31,Tehama,103,63373,281,213,2,215,1
2020-07-31,Trinity,105,12862,27,5,6,11,0
2020-07-31,Tulare,107,460477,11389,9365,30,9395,184
2020-07-31,Tuolumne,109,53932,155,120,4,124,0
2020-07-31,Ventura,111,848112,8923,7521,31,7552,71
2020-07-31,Yolo,113,214977,1880,1522,3,1525,38
2020-07-31,Yuba,115,75493,516,369,0,369,1
2020-07-30,Alameda,001,1643700,13707,11303,52,11355,185
2020-07-30,Alpine,002,1148,2,2,0,2,0
2020-07-30,Amador,005,37829,171,97,0,97,0
2020-07-30,Butte,007,227075,1165,915,34,949,7
2020-07-30,Calaveras,009,45235,147,111,0,111,1
2020-07-30,Colusa,011,21464,373,315,0,315,2
2020-07-30,Contra Costa,013,1133247,10334,7615,27,7642,112
2020-07-30,Del Norte,015,27424,88,68,0,68,0
2020-07-30,El Dorado,017,186661,802,608,6,614,1
2020-07-30,Fresno,019,978130,21608,14793,187,14980,133
2020-07-30,Glenn,021,27897,373,297,0,297,1
2020-07-30,Humboldt,023,135768,262,228,1,229,4
2020-07-30,Imperial,025,180216,10307,7849,5,7854,151
2020-07-30,Inyo,027,18085,68,44,1,45,1
2020-07-30,Kern,029,883053,24741,19552,133,19685,171
2020-07-30,Kings,031,150075,4743,3785,20,3805,43
2020-07-30,Lake,033,64148,231,181,0,181,1
2020-07-30,Lassen,035,31185,636,544,2,546,0
2020-07-30,Los Angeles,037,10098052,201867,186177,541,186718,4564
2020-07-30,Madera,039,155013,2810,2007,5,2012,18
2020-07-30,Marin,041,260295,5393,4835,5,4840,39
2020-07-30,Mariposa,043,17540,61,49,0,49,1
2020-07-30,Mendocino,045,87422,314,232,0,232,1
2020-07-30,Merced,047,269075,5898,3695,2,3697,30
2020-07-30,Modoc,049,8938,6,0,0,0,0
2020-07-30,Mono,051,14174,148,104,2,106,1
2020-07-30,Monterey,053,433212,5508,4352,9,4361,24
2020-07-30,Napa,055,140530,1157,874,0,874,7
2020-07-30,Nevada,057,99092,338,292,13,305,2
2020-07-30,Orange,059,3164182,43477,36105,817,36922,607
2020-07-30,Placer,061,380077,2277,1821,3,1824,14
2020-07-30,Plumas,063,18699,33,25,0,25,0
2020-07-30,Riverside,065,2383286,44929,37308,42,37350,685
2020-07-30,Sacramento,067,1510023,12794,9704,13,9717,126
2020-07-30,San Benito,069,59416,707,558,0,558,2
2020-07-30,San Bernardino,071,2135413,39812,32010,182,32192,427
2020-07-30,San Diego,073,3302833,32337,28670,9,28679,558
2020-07-30,San Francisco,075,870044,7305,6107,6,6113,59
2020-07-30,San Joaquin,077,732212,14634,11435,12,11447,161
2020-07-30,San Luis Obispo,079,281455,2126,1703,8,1711,12
2020-07-30,San Mateo,081,765935,6480,5369,7,5376,115
2020-07-30,Santa Barbara,083,443738,6762,6273,64,6337,52
2020-07-30,Santa Clara,085,1922200,12870,9708,29,9737,170
2020-07-30,Santa Cruz,087,273765,1318,1087,7,1094,4
2020-07-30,Shasta,089,179085,489,306,3,309,8
2020-07-30,Sierra,091,2930,3,1,0,1,0
2020-07-30,Siskiyou,093,43540,96,60,0,60,0
2020-07-30,Solano,095,438530,4325,3463,20,3483,29
2020-07-30,Sonoma,097,501317,3731,2684,7,2691,25
2020-07-30,Stanislaus,099,539301,11622,8890,41,8931,94
2020-07-30,Sutter,101,95872,876,698,1,699,6
2020-07-30,Tehama,103,63373,278,208,2,210,1
2020-07-30,Trinity,105,12862,26,4,6,10,0
2020-07-30,Tulare,107,460477,11260,9167,30,9197,177
2020-07-30,Tuolumne,109,53932,154,119,4,123,0
2020-07-30,Ventura,111,848112,8811,7304,29,7333,69
2020-07-30,Yolo,113,214977,1860,1511,3,1514,37
2020-07-30,Yuba,115,75493,503,362,0,362,1
2020-07-29,Alameda,001,1643700,13486,11177,47,11224,180
2020-07-29,Alpine,002,1148,2,2,0,2,0
2020-07-29,Amador,005,37829,163,80,0,80,0
2020-07-29,Butte,007,227075,1139,889,32,921,7
2020-07-29,Calaveras,009,45235,140,107,0,107,1
2020-07-29,Colusa,011,21464,369,302,0,302,2
2020-07-29,Contra Costa,013,1133247,10130,7520,27,7547,108
2020-07-29,Del Norte,015,27424,88,68,0,68,0
2020-07-29,El Dorado,017,186661,792,588,6,594,1
2020-07-29,Fresno,019,978130,21316,14312,187,14499,125
2020-07-29,Glenn,021,27897,366,294,0,294,1
2020-07-29,Humboldt,023,135768,259,221,1,222,4
2020-07-29,Imperial,025,180216,10259,7825,5,7830,147
2020-07-29,Inyo,027,18085,63,44,1,45,1
2020-07-29,Kern,029,883053,24402,19073,130,19203,162
2020-07-29,Kings,031,150075,4695,3755,20,3775,43
2020-07-29,Lake,033,64148,229,179,0,179,1
2020-07-29,Lassen,035,31185,621,513,2,515,0
2020-07-29,Los Angeles,037,10098052,199842,183600,524,184124,4523
2020-07-29,Madera,039,155013,2756,1941,5,1946,18
2020-07-29,Marin,041,260295,5355,4747,5,4752,34
2020-07-29,Mariposa,043,17540,60,47,0,47,1
2020-07-29,Mendocino,045,87422,306,228,0,228,0
2020-07-29,Merced,047,269075,5758,3605,2,3607,25
2020-07-29,Modoc,049,8938,5,0,0,0,0
2020-07-29,Mono,051,14174,145,102,2,104,1
2020-07-29,Monterey,053,433212,5408,4252,9,4261,24
2020-07-29,Napa,055,140530,1129,866,0,866,7
2020-07-29,Nevada,057,99092,334,288,13,301,1
2020-07-29,Orange,059,3164182,43042,35339,806,36145,589
2020-07-29,Placer,061,380077,2245,1798,3,1801,14
2020-07-29,Plumas,063,18699,33,25,0,25,0
2020-07-29,Riverside,065,2383286,44338,36968,42,37010,678
2020-07-29,Sacramento,067,1510023,12548,9538,13,9551,122
2020-07-29,San Benito,069,59416,692,537,0,537,2
2020-07-29,San Bernardino,071,2135413,39323,31168,171,31339,417
2020-07-29,San Diego,073,3302833,32012,28289,8,28297,552
2020-07-29,San Francisco,075,870044,7211,6041,6,6047,56
2020-07-29,San Joaquin,077,732212,14385,11249,9,11258,154
2020-07-29,San Luis Obispo,079,281455,2105,1673,8,1681,11
2020-07-29,San Mateo,081,765935,6392,5305,7,5312,114
2020-07-29,Santa Barbara,083,443738,6695,6215,64,6279,31
2020-07-29,Santa Clara,085,1922200,12664,9567,29,9596,165
2020-07-29,Santa Cruz,087,273765,1294,1051,7,1058,4
2020-07-29,Shasta,089,179085,477,297,3,300,8
2020-07-29,Sierra,091,2930,2,1,0,1,0
2020-07-29,Siskiyou,093,43540,94,58,0,58,0
2020-07-29,Solano,095,438530,4271,3380,20,3400,29
2020-07-29,Sonoma,097,501317,3653,2598,7,2605,26
2020-07-29,Stanislaus,099,539301,11401,8745,35,8780,94
2020-07-29,Sutter,101,95872,848,678,1,679,6
2020-07-29,Tehama,103,63373,274,206,2,208,1
2020-07-29,Trinity,105,12862,26,4,6,10,0
2020-07-29,Tulare,107,460477,11089,9028,30,9058,156
2020-07-29,Tuolumne,109,53932,154,118,4,122,0
2020-07-29,Ventura,111,848112,8706,7161,29,7190,68
2020-07-29,Yolo,113,214977,1834,1488,3,1491,36
2020-07-29,Yuba,115,75493,487,350,0,350,1
2020-07-28,Alameda,001,1643700,13256,10875,46,10921,180
2020-07-28,Alpine,002,1148,2,2,0,2,0
2020-07-28,Amador,005,37829,153,77,0,77,0
2020-07-28,Butte,007,227075,1104,857,32,889,7
2020-07-28,Calaveras,009,45235,139,105,0,105,1
2020-07-28,Colusa,011,21464,363,290,0,290,2
2020-07-28,Contra Costa,013,1133247,9909,7426,27,7453,107
2020-07-28,Del Norte,015,27424,87,68,0,68,0
2020-07-28,El Dorado,017,186661,777,558,6,564,1
2020-07-28,Fresno,019,978130,20981,13933,181,14114,125
2020-07-28,Glenn,021,27897,364,289,0,289,1
2020-07-28,Humboldt,023,135768,258,218,1,219,4
2020-07-28,Imperial,025,180216,10223,7804,5,7809,145
2020-07-28,Inyo,027,18085,61,43,1,44,1
2020-07-28,Kern,029,883053,24039,18834,124,18958,155
2020-07-28,Kings,031,150075,4649,3721,20,3741,41
2020-07-28,Lake,033,64148,225,179,0,179,1
2020-07-28,Lassen,035,31185,615,508,2,510,0
2020-07-28,Los Angeles,037,10098052,197610,179107,503,179610,4435
2020-07-28,Madera,039,155013,2690,1889,5,1894,18
2020-07-28,Marin,041,260295,5286,4698,5,4703,23
2020-07-28,Mariposa,043,17540,58,45,0,45,1
2020-07-28,Mendocino,045,87422,295,222,0,222,0
2020-07-28,Merced,047,269075,5612,3446,2,3448,23
2020-07-28,Modoc,049,8938,4,0,0,0,0
2020-07-28,Mono,051,14174,144,102,2,104,1
2020-07-28,Monterey,053,433212,5288,4047,9,4056,22
2020-07-28,Napa,055,140530,1107,824,0,824,6
2020-07-28,Nevada,057,99092,329,278,13,291,1
2020-07-28,Orange,059,3164182,42584,34832,792,35624,582
2020-07-28,Placer,061,380077,2209,1759,3,1762,14
2020-07-28,Plumas,063,18699,33,22,0,22,0
2020-07-28,Riverside,065,2383286,43737,36458,41,36499,668
2020-07-28,Sacramento,067,1510023,12289,9429,12,9441,117
2020-07-28,San Benito,069,59416,682,503,0,503,2
2020-07-28,San Bernardino,071,2135413,38800,30493,167,30660,412
2020-07-28,San Diego,073,3302833,31662,28007,6,28013,547
2020-07-28,San Francisco,075,870044,7098,5888,6,5894,56
2020-07-28,San Joaquin,077,732212,14103,10958,6,10964,141
2020-07-28,San Luis Obispo,079,281455,2072,1636,8,1644,9
2020-07-28,San Mateo,081,765935,6319,5171,7,5178,114
2020-07-28,Santa Barbara,083,443738,6631,6110,62,6172,31
2020-07-28,Santa Clara,085,1922200,12430,9307,29,9336,165
2020-07-28,Santa Cruz,087,273765,1267,1018,7,1025,4
2020-07-28,Shasta,089,179085,465,275,3,278,8
2020-07-28,Sierra,091,2930,2,1,0,1,0
2020-07-28,Siskiyou,093,43540,90,57,0,57,0
2020-07-28,Solano,095,438530,4224,3292,19,3311,29
2020-07-28,Sonoma,097,501317,3578,2553,7,2560,20
2020-07-28,Stanislaus,099,539301,11179,8492,27,8519,92
2020-07-28,Sutter,101,95872,811,653,0,653,2
2020-07-28,Tehama,103,63373,269,199,2,201,1
2020-07-28,Trinity,105,12862,26,3,6,9,0
2020-07-28,Tulare,107,460477,10902,8787,30,8817,96
2020-07-28,Tuolumne,109,53932,153,116,4,120,0
2020-07-28,Ventura,111,848112,8580,7045,28,7073,68
2020-07-28,Yolo,113,214977,1806,1459,3,1462,36
2020-07-28,Yuba,115,75493,470,333,0,333,1
2020-07-27,Alameda,001,1643700,13028,10645,43,10688,176
2020-07-27,Alpine,002,1148,2,2,0,2,0
2020-07-27,Amador,005,37829,148,72,0,72,0
2020-07-27,Butte,007,227075,1077,843,32,875,7
2020-07-27,Calaveras,009,45235,135,103,0,103,1
2020-07-27,Colusa,011,21464,356,271,0,271,2
2020-07-27,Contra Costa,013,1133247,9686,7256,27,7283,104
2020-07-27,Del Norte,015,27424,86,67,0,67,0
2020-07-27,El Dorado,017,186661,765,548,6,554,1
2020-07-27,Fresno,019,978130,20632,13485,175,13660,117
2020-07-27,Glenn,021,27897,362,277,0,277,1
2020-07-27,Humboldt,023,135768,253,218,1,219,4
2020-07-27,Imperial,025,180216,10173,7789,5,7794,144
2020-07-27,Inyo,027,18085,61,43,1,44,1
2020-07-27,Kern,029,883053,23537,17994,118,18112,148
2020-07-27,Kings,031,150075,4400,3685,20,3705,39
2020-07-27,Lake,033,64148,221,176,0,176,1
2020-07-27,Lassen,035,31185,615,503,2,505,0
2020-07-27,Los Angeles,037,10098052,195184,176351,485,176836,4379
2020-07-27,Madera,039,155013,2625,1793,5,1798,17
2020-07-27,Marin,041,260295,5198,4669,5,4674,22
2020-07-27,Mariposa,043,17540,58,43,0,43,1
2020-07-27,Mendocino,045,87422,281,209,0,209,0
2020-07-27,Merced,047,269075,5471,3292,2,3294,23
2020-07-27,Modoc,049,8938,3,0,0,0,0
2020-07-27,Mono,051,14174,140,99,2,101,1
2020-07-27,Monterey,053,433212,5099,3960,9,3969,21
2020-07-27,Napa,055,140530,1092,769,0,769,6
2020-07-27,Nevada,057,99092,325,268,13,281,1
2020-07-27,Orange,059,3164182,42144,34649,776,35425,566
2020-07-27,Placer,061,380077,2159,1679,3,1682,12
2020-07-27,Plumas,063,18699,33,22,0,22,0
2020-07-27,Riverside,065,2383286,43058,35822,41,35863,667
2020-07-27,Sacramento,067,1510023,11996,9091,12,9103,114
2020-07-27,San Benito,069,59416,667,498,0,498,2
2020-07-27,San Bernardino,071,2135413,38208,29928,157,30085,401
2020-07-27,San Diego,073,3302833,31288,27509,5,27514,533
2020-07-27,San Francisco,075,870044,7011,5825,6,5831,55
2020-07-27,San Joaquin,077,732212,13815,10728,6,10734,129
2020-07-27,San Luis Obispo,079,281455,2026,1612,8,1620,9
2020-07-27,San Mateo,081,765935,6210,5108,7,5115,113
2020-07-27,Santa Barbara,083,443738,6552,6026,60,6086,30
2020-07-27,Santa Clara,085,1922200,12161,9157,28,9185,166
2020-07-27,Santa Cruz,087,273765,1243,984,7,991,4
2020-07-27,Shasta,089,179085,458,275,3,278,8
2020-07-27,Sierra,091,2930,2,1,0,1,0
2020-07-27,Siskiyou,093,43540,88,54,0,54,0
2020-07-27,Solano,095,438530,4157,3198,18,3216,29
2020-07-27,Sonoma,097,501317,3487,2504,7,2511,20
2020-07-27,Stanislaus,099,539301,10954,8288,19,8307,84
2020-07-27,Sutter,101,95872,785,620,0,620,2
2020-07-27,Tehama,103,63373,261,192,2,194,1
2020-07-27,Trinity,105,12862,26,3,6,9,0
2020-07-27,Tulare,107,460477,10684,8462,30,8492,172
2020-07-27,Tuolumne,109,53932,150,115,4,119,0
2020-07-27,Ventura,111,848112,8452,6998,27,7025,68
2020-07-27,Yolo,113,214977,1761,1439,3,1442,33
2020-07-27,Yuba,115,75493,450,328,0,328,1
2020-07-26,Alameda,001,1643700,12789,10489,42,10531,176
2020-07-26,Alpine,002,1148,2,2,0,2,0
2020-07-26,Amador,005,37829,142,67,0,67,0
2020-07-26,Butte,007,227075,1040,822,31,853,5
2020-07-26,Calaveras,009,45235,132,103,0,103,1
2020-07-26,Colusa,011,21464,347,270,0,270,2
2020-07-26,Contra Costa,013,1133247,9448,7095,27,7122,104
2020-07-26,Del Norte,015,27424,84,67,0,67,0
2020-07-26,El Dorado,017,186661,747,539,6,545,1
2020-07-26,Fresno,019,978130,20242,13209,167,13376,117
2020-07-26,Glenn,021,27897,354,265,0,265,1
2020-07-26,Humboldt,023,135768,247,214,1,215,4
2020-07-26,Imperial,025,180216,10101,7781,5,7786,144
2020-07-26,Inyo,027,18085,56,43,1,44,1
2020-07-26,Kern,029,883053,23012,17394,115,17509,148
2020-07-26,Kings,031,150075,4341,3591,20,3611,39
2020-07-26,Lake,033,64148,213,174,0,174,1
2020-07-26,Lassen,035,31185,574,503,2,505,0
2020-07-26,Los Angeles,037,10098052,192617,174322,467,174789,4364
2020-07-26,Madera,039,155013,2538,1744,5,1749,17
2020-07-26,Marin,041,260295,5152,4595,5,4600,22
2020-07-26,Mariposa,043,17540,56,43,0,43,1
2020-07-26,Mendocino,045,87422,272,206,0,206,0
2020-07-26,Merced,047,269075,5291,3251,2,3253,23
2020-07-26,Modoc,049,8938,3,0,0,0,0
2020-07-26,Mono,051,14174,136,82,2,84,1
2020-07-26,Monterey,053,433212,4933,3901,9,3910,21
2020-07-26,Napa,055,140530,1073,769,0,769,6
2020-07-26,Nevada,057,99092,322,261,13,274,1
2020-07-26,Orange,059,3164182,41619,34352,745,35097,564
2020-07-26,Placer,061,380077,2095,1628,3,1631,12
2020-07-26,Plumas,063,18699,33,22,0,22,0
2020-07-26,Riverside,065,2383286,42498,35636,41,35677,665
2020-07-26,Sacramento,067,1510023,11690,8972,12,8984,114
2020-07-26,San Benito,069,59416,655,495,0,495,2
2020-07-26,San Bernardino,071,2135413,37567,29545,149,29694,400
2020-07-26,San Diego,073,3302833,30892,26986,4,26990,533
2020-07-26,San Francisco,075,870044,6905,5823,6,5829,55
2020-07-26,San Joaquin,077,732212,13523,10637,6,10643,129
2020-07-26,San Luis Obispo,079,281455,1984,1565,8,1573,8
2020-07-26,San Mateo,081,765935,6105,5078,7,5085,113
2020-07-26,Santa Barbara,083,443738,6451,5939,60,5999,30
2020-07-26,Santa Clara,085,1922200,11932,8986,28,9014,166
2020-07-26,Santa Cruz,087,273765,1216,970,7,977,4
2020-07-26,Shasta,089,179085,451,265,3,268,8
2020-07-26,Sierra,091,2930,2,1,0,1,0
2020-07-26,Siskiyou,093,43540,86,54,0,54,0
2020-07-26,Solano,095,438530,4078,3197,16,3213,29
2020-07-26,Sonoma,097,501317,3398,2503,6,2509,20
2020-07-26,Stanislaus,099,539301,10691,8228,18,8246,84
2020-07-26,Sutter,101,95872,771,612,0,612,2
2020-07-26,Tehama,103,63373,254,175,2,177,1
2020-07-26,Trinity,105,12862,26,3,6,9,0
2020-07-26,Tulare,107,460477,10478,8392,30,8422,172
2020-07-26,Tuolumne,109,53932,145,113,4,117,0
2020-07-26,Ventura,111,848112,8245,6844,27,6871,67
2020-07-26,Yolo,113,214977,1730,1408,3,1411,33
2020-07-26,Yuba,115,75493,431,313,0,313,1
2020-07-25,Alameda,001,1643700,12692,10361,40,10401,176
2020-07-25,Alpine,002,1148,2,2,0,2,0
2020-07-25,Amador,005,37829,139,67,0,67,0
2020-07-25,Butte,007,227075,1031,810,31,841,5
2020-07-25,Calaveras,009,45235,129,103,0,103,1
2020-07-25,Colusa,011,21464,340,265,0,265,2
2020-07-25,Contra Costa,013,1133247,9306,6920,27,6947,104
2020-07-25,Del Norte,015,27424,84,67,0,67,0
2020-07-25,El Dorado,017,186661,736,528,6,534,1
2020-07-25,Fresno,019,978130,20055,12866,167,13033,117
2020-07-25,Glenn,021,27897,352,260,0,260,1
2020-07-25,Humboldt,023,135768,244,212,1,213,4
2020-07-25,Imperial,025,180216,10075,7727,5,7732,144
2020-07-25,Inyo,027,18085,55,43,1,44,1
2020-07-25,Kern,029,883053,22794,16910,114,17024,148
2020-07-25,Kings,031,150075,4324,3516,20,3536,39
2020-07-25,Lake,033,64148,211,173,0,173,1
2020-07-25,Lassen,035,31185,574,503,2,505,0
2020-07-25,Los Angeles,037,10098052,191482,172611,461,173072,4357
2020-07-25,Madera,039,155013,2506,1724,5,1729,17
2020-07-25,Marin,041,260295,5136,4562,5,4567,22
2020-07-25,Mariposa,043,17540,55,43,0,43,1
2020-07-25,Mendocino,045,87422,266,190,0,190,0
2020-07-25,Merced,047,269075,5212,3176,2,3178,23
2020-07-25,Modoc,049,8938,3,0,0,0,0
2020-07-25,Mono,051,14174,136,82,2,84,1
2020-07-25,Monterey,053,433212,4856,3805,9,3814,21
2020-07-25,Napa,055,140530,1060,746,0,746,6
2020-07-25,Nevada,057,99092,320,257,13,270,1
2020-07-25,Orange,059,3164182,41400,33978,724,34702,561
2020-07-25,Placer,061,380077,2079,1596,3,1599,12
2020-07-25,Plumas,063,18699,33,22,0,22,0
2020-07-25,Riverside,065,2383286,42229,34921,41,34962,655
2020-07-25,Sacramento,067,1510023,11544,8674,11,8685,113
2020-07-25,San Benito,069,59416,639,492,0,492,2
2020-07-25,San Bernardino,071,2135413,37289,29265,146,29411,394
2020-07-25,San Diego,073,3302833,30631,26703,3,26706,533
2020-07-25,San Francisco,075,870044,6847,5644,6,5650,55
2020-07-25,San Joaquin,077,732212,13397,10347,5,10352,129
2020-07-25,San Luis Obispo,079,281455,1964,1530,7,1537,8
2020-07-25,San Mateo,081,765935,6042,5023,7,5030,113
2020-07-25,Santa Barbara,083,443738,6416,5880,60,5940,30
2020-07-25,Santa Clara,085,1922200,11798,8767,28,8795,166
2020-07-25,Santa Cruz,087,273765,1199,939,7,946,4
2020-07-25,Shasta,089,179085,446,263,1,264,8
2020-07-25,Sierra,091,2930,2,1,0,1,0
2020-07-25,Siskiyou,093,43540,84,54,0,54,0
2020-07-25,Solano,095,438530,4038,3107,14,3121,29
2020-07-25,Sonoma,097,501317,3359,2412,6,2418,20
2020-07-25,Stanislaus,099,539301,10588,7994,14,8008,84
2020-07-25,Sutter,101,95872,752,603,0,603,2
2020-07-25,Tehama,103,63373,253,169,2,171,1
2020-07-25,Trinity,105,12862,26,3,6,9,0
2020-07-25,Tulare,107,460477,10378,8310,30,8340,172
2020-07-25,Tuolumne,109,53932,144,99,4,103,0
2020-07-25,Ventura,111,848112,8172,6662,27,6689,62
2020-07-25,Yolo,113,214977,1714,1357,3,1360,35
2020-07-25,Yuba,115,75493,425,312,0,312,1
2020-07-24,Alameda,001,1643700,12551,10216,37,10253,176
2020-07-24,Alpine,002,1148,2,2,0,2,0
2020-07-24,Amador,005,37829,137,66,0,66,0
2020-07-24,Butte,007,227075,1019,751,31,782,5
2020-07-24,Calaveras,009,45235,125,102,0,102,0
2020-07-24,Colusa,011,21464,337,255,0,255,2
2020-07-24,Contra Costa,013,1133247,9160,6814,27,6841,100
2020-07-24,Del Norte,015,27424,84,66,0,66,0
2020-07-24,El Dorado,017,186661,714,516,6,522,1
2020-07-24,Fresno,019,978130,19830,12564,167,12731,115
2020-07-24,Glenn,021,27897,349,251,0,251,1
2020-07-24,Humboldt,023,135768,241,210,1,211,4
2020-07-24,Imperial,025,180216,10053,7686,5,7691,141
2020-07-24,Inyo,027,18085,55,41,1,42,1
2020-07-24,Kern,029,883053,22553,16124,114,16238,143
2020-07-24,Kings,031,150075,4294,3471,20,3491,39
2020-07-24,Lake,033,64148,209,167,0,167,1
2020-07-24,Lassen,035,31185,574,503,2,505,0
2020-07-24,Los Angeles,037,10098052,189457,169078,450,169528,4302
2020-07-24,Madera,039,155013,2473,1679,5,1684,16
2020-07-24,Marin,041,260295,5109,4517,5,4522,22
2020-07-24,Mariposa,043,17540,55,41,0,41,1
2020-07-24,Mendocino,045,87422,259,188,0,188,0
2020-07-24,Merced,047,269075,5127,3100,2,3102,23
2020-07-24,Modoc,049,8938,3,0,0,0,0
2020-07-24,Mono,051,14174,135,82,2,84,1
2020-07-24,Monterey,053,433212,4784,3748,9,3757,21
2020-07-24,Napa,055,140530,1047,741,0,741,6
2020-07-24,Nevada,057,99092,317,255,13,268,1
2020-07-24,Orange,059,3164182,41113,33530,708,34238,557
2020-07-24,Placer,061,380077,2048,1551,3,1554,12
2020-07-24,Plumas,063,18699,33,22,0,22,0
2020-07-24,Riverside,065,2383286,41805,34513,40,34553,631
2020-07-24,Sacramento,067,1510023,11356,8570,11,8581,110
2020-07-24,San Benito,069,59416,632,485,0,485,2
2020-07-24,San Bernardino,071,2135413,36918,28990,141,29131,386
2020-07-24,San Diego,073,3302833,30331,26100,3,26103,524
2020-07-24,San Francisco,075,870044,6753,5611,6,5617,55
2020-07-24,San Joaquin,077,732212,13248,10190,5,10195,118
2020-07-24,San Luis Obispo,079,281455,1940,1476,7,1483,8
2020-07-24,San Mateo,081,765935,5979,4954,7,4961,112
2020-07-24,Santa Barbara,083,443738,6363,5776,58,5834,30
2020-07-24,Santa Clara,085,1922200,11633,8658,28,8686,165
2020-07-24,Santa Cruz,087,273765,1179,930,7,937,4
2020-07-24,Shasta,089,179085,438,262,1,263,8
2020-07-24,Sierra,091,2930,2,1,0,1,0
2020-07-24,Siskiyou,093,43540,84,53,0,53,0
2020-07-24,Solano,095,438530,4002,3062,11,3073,29
2020-07-24,Sonoma,097,501317,3307,2345,6,2351,20
2020-07-24,Stanislaus,099,539301,10416,7861,12,7873,82
2020-07-24,Sutter,101,95872,741,593,0,593,2
2020-07-24,Tehama,103,63373,245,170,2,172,1
2020-07-24,Trinity,105,12862,25,3,6,9,0
2020-07-24,Tulare,107,460477,10284,8167,28,8195,167
2020-07-24,Tuolumne,109,53932,140,99,4,103,0
2020-07-24,Ventura,111,848112,8087,6553,27,6580,60
2020-07-24,Yolo,113,214977,1700,1329,3,1332,35
2020-07-24,Yuba,115,75493,410,307,0,307,1
2020-07-23,Alameda,001,1643700,12308,9924,37,9961,171
2020-07-23,Alpine,002,1148,2,2,0,2,0
2020-07-23,Amador,005,37829,120,61,0,61,0
2020-07-23,Butte,007,227075,1004,726,30,756,5
2020-07-23,Calaveras,009,45235,118,102,0,102,0
2020-07-23,Colusa,011,21464,329,242,0,242,2
2020-07-23,Contra Costa,013,1133247,8961,6619,25,6644,98
2020-07-23,Del Norte,015,27424,84,66,0,66,0
2020-07-23,El Dorado,017,186661,703,491,6,497,1
2020-07-23,Fresno,019,978130,19472,12164,164,12328,112
2020-07-23,Glenn,021,27897,344,246,0,246,1
2020-07-23,Humboldt,023,135768,240,208,1,209,4
2020-07-23,Imperial,025,180216,10002,7604,5,7609,138
2020-07-23,Inyo,027,18085,53,38,1,39,1
2020-07-23,Kern,029,883053,22146,14491,110,14601,128
2020-07-23,Kings,031,150075,4182,3371,20,3391,39
2020-07-23,Lake,033,64148,200,160,0,160,1
2020-07-23,Lassen,035,31185,571,503,2,505,0
2020-07-23,Los Angeles,037,10098052,186906,167198,425,167623,4265
2020-07-23,Madera,039,155013,2407,1659,4,1663,13
2020-07-23,Marin,041,260295,5057,4423,5,4428,22
2020-07-23,Mariposa,043,17540,55,40,0,40,1
2020-07-23,Mendocino,045,87422,249,178,0,178,0
2020-07-23,Merced,047,269075,4970,2972,2,2974,22
2020-07-23,Modoc,049,8938,3,0,0,0,0
2020-07-23,Mono,051,14174,131,82,2,84,1
2020-07-23,Monterey,053,433212,4667,3655,9,3664,21
2020-07-23,Napa,055,140530,1023,713,0,713,5
2020-07-23,Nevada,057,99092,314,247,13,260,1
2020-07-23,Orange,059,3164182,40617,32863,678,33541,544
2020-07-23,Placer,061,380077,2004,1519,3,1522,12
2020-07-23,Plumas,063,18699,32,21,0,21,0
2020-07-23,Riverside,065,2383286,41200,33833,40,33873,630
2020-07-23,Sacramento,067,1510023,11123,8222,11,8233,108
2020-07-23,San Benito,069,59416,618,478,0,478,2
2020-07-23,San Bernardino,071,2135413,36399,28121,135,28256,369
2020-07-23,San Diego,073,3302833,29957,25109,3,25112,505
2020-07-23,San Francisco,075,870044,6652,5543,6,5549,55
2020-07-23,San Joaquin,077,732212,13029,9861,5,9866,111
2020-07-23,San Luis Obispo,079,281455,1911,1438,7,1445,7
2020-07-23,San Mateo,081,765935,5874,4895,7,4902,113
2020-07-23,Santa Barbara,083,443738,6290,5628,58,5686,30
2020-07-23,Santa Clara,085,1922200,11414,8458,28,8486,165
2020-07-23,Santa Cruz,087,273765,1143,887,7,894,3
2020-07-23,Shasta,089,179085,427,254,1,255,9
2020-07-23,Sierra,091,2930,2,1,0,1,0
2020-07-23,Siskiyou,093,43540,82,53,0,53,0
2020-07-23,Solano,095,438530,3938,2962,9,2971,29
2020-07-23,Sonoma,097,501317,3231,2289,6,2295,18
2020-07-23,Stanislaus,099,539301,10174,7603,12,7615,71
2020-07-23,Sutter,101,95872,708,570,0,570,2
2020-07-23,Tehama,103,63373,239,158,2,160,1
2020-07-23,Trinity,105,12862,24,3,6,9,0
2020-07-23,Tulare,107,460477,10095,7898,28,7926,168
2020-07-23,Tuolumne,109,53932,140,93,4,97,0
2020-07-23,Ventura,111,848112,7963,6303,27,6330,56
2020-07-23,Yolo,113,214977,1682,1279,3,1282,35
2020-07-23,Yuba,115,75493,390,297,0,297,1
2020-07-22,Alameda,001,1643700,12091,9678,36,9714,169
2020-07-22,Alpine,002,1148,2,2,0,2,0
2020-07-22,Amador,005,37829,118,58,0,58,0
2020-07-22,Butte,007,227075,968,694,30,724,5
2020-07-22,Calaveras,009,45235,118,98,0,98,0
2020-07-22,Colusa,011,21464,322,236,0,236,0
2020-07-22,Contra Costa,013,1133247,8735,6401,25,6426,98
2020-07-22,Del Norte,015,27424,84,66,0,66,0
2020-07-22,El Dorado,017,186661,690,466,6,472,1
2020-07-22,Fresno,019,978130,19108,11756,158,11914,110
2020-07-22,Glenn,021,27897,338,236,0,236,1
2020-07-22,Humboldt,023,135768,238,201,1,202,4
2020-07-22,Imperial,025,180216,9943,7533,5,7538,134
2020-07-22,Inyo,027,18085,49,38,1,39,1
2020-07-22,Kern,029,883053,21714,13513,102,13615,127
2020-07-22,Kings,031,150075,4126,3271,20,3291,38
2020-07-22,Lake,033,64148,197,160,0,160,1
2020-07-22,Lassen,035,31185,568,500,2,502,0
2020-07-22,Los Angeles,037,10098052,184256,165242,404,165646,4218
2020-07-22,Madera,039,155013,2332,1578,4,1582,10
2020-07-22,Marin,041,260295,5001,4373,5,4378,23
2020-07-22,Mariposa,043,17540,55,38,0,38,1
2020-07-22,Mendocino,045,87422,242,166,0,166,0
2020-07-22,Merced,047,269075,4834,2828,2,2830,15
2020-07-22,Modoc,049,8938,3,0,0,0,0
2020-07-22,Mono,051,14174,128,82,2,84,1
2020-07-22,Monterey,053,433212,4566,3533,9,3542,20
2020-07-22,Napa,055,140530,1001,687,0,687,5
2020-07-22,Nevada,057,99092,308,239,12,251,1
2020-07-22,Orange,059,3164182,40118,32047,669,32716,522
2020-07-22,Placer,061,380077,1948,1469,3,1472,12
2020-07-22,Plumas,063,18699,31,20,0,20,0
2020-07-22,Riverside,065,2383286,40564,33093,40,33133,612
2020-07-22,Sacramento,067,1510023,10861,8028,11,8039,106
2020-07-22,San Benito,069,59416,604,465,0,465,2
2020-07-22,San Bernardino,071,2135413,35877,26820,124,26944,348
2020-07-22,San Diego,073,3302833,29569,25109,2,25111,505
2020-07-22,San Francisco,075,870044,6548,5473,5,5478,53
2020-07-22,San Joaquin,077,732212,12751,9628,5,9633,102
2020-07-22,San Luis Obispo,079,281455,1865,1373,7,1380,7
2020-07-22,San Mateo,081,765935,5785,4796,7,4803,112
2020-07-22,Santa Barbara,083,443738,6206,5508,56,5564,29
2020-07-22,Santa Clara,085,1922200,11171,8266,28,8294,166
2020-07-22,Santa Cruz,087,273765,1119,866,7,873,3
2020-07-22,Shasta,089,179085,417,246,1,247,9
2020-07-22,Sierra,091,2930,1,1,0,1,0
2020-07-22,Siskiyou,093,43540,81,52,0,52,0
2020-07-22,Solano,095,438530,3877,2839,8,2847,29
2020-07-22,Sonoma,097,501317,3154,2255,6,2261,17
2020-07-22,Stanislaus,099,539301,10003,7401,12,7413,71
2020-07-22,Sutter,101,95872,684,551,0,551,2
2020-07-22,Tehama,103,63373,231,155,2,157,1
2020-07-22,Trinity,105,12862,23,3,6,9,0
2020-07-22,Tulare,107,460477,9862,7640,28,7668,167
2020-07-22,Tuolumne,109,53932,136,91,4,95,0
2020-07-22,Ventura,111,848112,7835,6223,25,6248,56
2020-07-22,Yolo,113,214977,1640,1233,3,1236,34
2020-07-22,Yuba,115,75493,375,288,0,288,1
2020-07-21,Alameda,001,1643700,11877,9390,36,9426,166
2020-07-21,Alpine,002,1148,2,2,0,2,0
2020-07-21,Amador,005,37829,113,55,0,55,0
2020-07-21,Butte,007,227075,923,659,29,688,5
2020-07-21,Calaveras,009,45235,112,96,0,96,0
2020-07-21,Colusa,011,21464,298,227,0,227,0
2020-07-21,Contra Costa,013,1133247,8493,6210,25,6235,98
2020-07-21,Del Norte,015,27424,84,66,0,66,0
2020-07-21,El Dorado,017,186661,682,440,6,446,1
2020-07-21,Fresno,019,978130,18708,11412,152,11564,107
2020-07-21,Glenn,021,27897,331,229,0,229,1
2020-07-21,Humboldt,023,135768,236,198,1,199,4
2020-07-21,Imperial,025,180216,9892,7458,5,7463,128
2020-07-21,Inyo,027,18085,48,38,1,39,1
2020-07-21,Kern,029,883053,21292,11998,96,12094,119
2020-07-21,Kings,031,150075,4061,3187,19,3206,38
2020-07-21,Lake,033,64148,197,157,0,157,1
2020-07-21,Lassen,035,31185,566,474,2,476,0
2020-07-21,Los Angeles,037,10098052,181268,162205,380,162585,4159
2020-07-21,Madera,039,155013,2267,1508,3,1511,10
2020-07-21,Marin,041,260295,4929,4318,5,4323,21
2020-07-21,Mariposa,043,17540,54,37,0,37,1
2020-07-21,Mendocino,045,87422,231,160,0,160,0
2020-07-21,Merced,047,269075,4647,2725,2,2727,15
2020-07-21,Modoc,049,8938,3,0,0,0,0
2020-07-21,Mono,051,14174,124,79,2,81,1
2020-07-21,Monterey,053,433212,4434,3404,8,3412,20
2020-07-21,Napa,055,140530,974,660,0,660,5
2020-07-21,Nevada,057,99092,306,228,10,238,1
2020-07-21,Orange,059,3164182,39622,31356,637,31993,515
2020-07-21,Placer,061,380077,1907,1413,3,1416,11
2020-07-21,Plumas,063,18699,31,19,0,19,0
2020-07-21,Riverside,065,2383286,39862,32231,40,32271,583
2020-07-21,Sacramento,067,1510023,10589,7789,10,7799,102
2020-07-21,San Benito,069,59416,593,444,0,444,2
2020-07-21,San Bernardino,071,2135413,35230,25323,117,25440,343
2020-07-21,San Diego,073,3302833,29120,24522,2,24524,487
2020-07-21,San Francisco,075,870044,6439,5377,5,5382,53
2020-07-21,San Joaquin,077,732212,12423,9150,5,9155,99
2020-07-21,San Luis Obispo,079,281455,1816,1338,7,1345,7
2020-07-21,San Mateo,081,765935,5693,4733,7,4740,111
2020-07-21,Santa Barbara,083,443738,6126,5422,55,5477,29
2020-07-21,Santa Clara,085,1922200,10908,7989,28,8017,164
2020-07-21,Santa Cruz,087,273765,1086,835,7,842,3
2020-07-21,Shasta,089,179085,409,241,1,242,9
2020-07-21,Sierra,091,2930,1,1,0,1,0
2020-07-21,Siskiyou,093,43540,81,48,0,48,0
2020-07-21,Solano,095,438530,3805,2727,8,2735,27
2020-07-21,Sonoma,097,501317,3097,2200,6,2206,17
2020-07-21,Stanislaus,099,539301,9740,6984,12,6996,69
2020-07-21,Sutter,101,95872,668,533,0,533,2
2020-07-21,Tehama,103,63373,221,150,2,152,1
2020-07-21,Trinity,105,12862,23,2,6,8,0
2020-07-21,Tulare,107,460477,9660,7447,28,7475,167
2020-07-21,Tuolumne,109,53932,134,75,4,79,0
2020-07-21,Ventura,111,848112,7703,6131,25,6156,55
2020-07-21,Yolo,113,214977,1586,1204,3,1207,34
2020-07-21,Yuba,115,75493,369,269,0,269,1
2020-07-20,Alameda,001,1643700,11625,9244,35,9279,162
2020-07-20,Alpine,002,1148,2,2,0,2,0
2020-07-20,Amador,005,37829,110,53,0,53,0
2020-07-20,Butte,007,227075,886,586,29,615,4
2020-07-20,Calaveras,009,45235,109,90,0,90,0
2020-07-20,Colusa,011,21464,287,217,0,217,0
2020-07-20,Contra Costa,013,1133247,8285,5823,25,5848,97
2020-07-20,Del Norte,015,27424,84,61,0,61,0
2020-07-20,El Dorado,017,186661,659,407,6,413,0
2020-07-20,Fresno,019,978130,18262,10891,151,11042,106
2020-07-20,Glenn,021,27897,323,225,0,225,1
2020-07-20,Humboldt,023,135768,229,194,1,195,4
2020-07-20,Imperial,025,180216,9851,7337,5,7342,124
2020-07-20,Inyo,027,18085,46,38,1,39,1
2020-07-20,Kern,029,883053,20782,10908,92,11000,118
2020-07-20,Kings,031,150075,4011,3093,19,3112,37
2020-07-20,Lake,033,64148,194,147,0,147,1
2020-07-20,Lassen,035,31185,564,474,2,476,0
2020-07-20,Los Angeles,037,10098052,178305,159202,353,159555,4108
2020-07-20,Madera,039,155013,2192,1433,3,1436,10
2020-07-20,Marin,041,260295,4846,4255,5,4260,21
2020-07-20,Mariposa,043,17540,53,36,0,36,1
2020-07-20,Mendocino,045,87422,218,153,0,153,0
2020-07-20,Merced,047,269075,4472,2584,2,2586,15
2020-07-20,Modoc,049,8938,3,0,0,0,0
2020-07-20,Mono,051,14174,118,78,2,80,1
2020-07-20,Monterey,053,433212,4328,3205,8,3213,19
2020-07-20,Napa,055,140530,939,632,0,632,5
2020-07-20,Nevada,057,99092,298,218,10,228,1
2020-07-20,Orange,059,3164182,39012,30337,607,30944,507
2020-07-20,Placer,061,380077,1856,1364,3,1367,11
2020-07-20,Plumas,063,18699,30,17,0,17,0
2020-07-20,Riverside,065,2383286,39030,31163,40,31203,581
2020-07-20,Sacramento,067,1510023,10261,7369,10,7379,99
2020-07-20,San Benito,069,59416,575,433,0,433,2
2020-07-20,San Bernardino,071,2135413,34422,24226,113,24339,338
2020-07-20,San Diego,073,3302833,28678,24137,2,24139,478
2020-07-20,San Francisco,075,870044,6318,5090,5,5095,53
2020-07-20,San Joaquin,077,732212,12067,8583,5,8588,97
2020-07-20,San Luis Obispo,079,281455,1774,1282,7,1289,6
2020-07-20,San Mateo,081,765935,5593,4609,7,4616,111
2020-07-20,Santa Barbara,083,443738,6016,5266,53,5319,29
2020-07-20,Santa Clara,085,1922200,10677,7711,27,7738,164
2020-07-20,Santa Cruz,087,273765,1054,758,7,765,3
2020-07-20,Shasta,089,179085,394,233,1,234,9
2020-07-20,Sierra,091,2930,1,1,0,1,0
2020-07-20,Siskiyou,093,43540,77,42,0,42,0
2020-07-20,Solano,095,438530,3722,2537,8,2545,26
2020-07-20,Sonoma,097,501317,2991,2148,6,2154,17
2020-07-20,Stanislaus,099,539301,9456,6835,12,6847,58
2020-07-20,Sutter,101,95872,635,507,0,507,2
2020-07-20,Tehama,103,63373,211,146,2,148,1
2020-07-20,Trinity,105,12862,23,2,6,8,0
2020-07-20,Tulare,107,460477,9426,6974,28,7002,166
2020-07-20,Tuolumne,109,53932,133,75,4,79,0
2020-07-20,Ventura,111,848112,7569,5912,25,5937,52
2020-07-20,Yolo,113,214977,1545,1155,3,1158,30
2020-07-20,Yuba,115,75493,349,258,0,258,1
2020-07-19,Alameda,001,1643700,11385,9227,29,9256,162
2020-07-19,Alpine,002,1148,2,2,0,2,0
2020-07-19,Amador,005,37829,103,51,0,51,0
2020-07-19,Butte,007,227075,861,555,25,580,4
2020-07-19,Calaveras,009,45235,107,89,0,89,0
2020-07-19,Colusa,011,21464,279,187,0,187,0
2020-07-19,Contra Costa,013,1133247,7994,5691,23,5714,95
2020-07-19,Del Norte,015,27424,83,61,0,61,0
2020-07-19,El Dorado,017,186661,641,385,6,391,0
2020-07-19,Fresno,019,978130,17738,10639,139,10778,106
2020-07-19,Glenn,021,27897,309,215,0,215,0
2020-07-19,Humboldt,023,135768,221,195,1,196,4
2020-07-19,Imperial,025,180216,9760,7280,5,7285,124
2020-07-19,Inyo,027,18085,42,38,1,39,1
2020-07-19,Kern,029,883053,20165,10094,84,10178,115
2020-07-19,Kings,031,150075,3925,3035,19,3054,37
2020-07-19,Lake,033,64148,189,144,0,144,1
2020-07-19,Lassen,035,31185,545,474,2,476,0
2020-07-19,Los Angeles,037,10098052,174859,156039,330,156369,4100
2020-07-19,Madera,039,155013,2115,1301,3,1304,10
2020-07-19,Marin,041,260295,4791,4172,5,4177,21
2020-07-19,Mariposa,043,17540,49,35,0,35,1
2020-07-19,Mendocino,045,87422,213,137,0,137,0
2020-07-19,Merced,047,269075,4259,2460,2,2462,15
2020-07-19,Modoc,049,8938,3,0,0,0,0
2020-07-19,Mono,051,14174,107,63,2,65,1
2020-07-19,Monterey,053,433212,4209,3079,8,3087,18
2020-07-19,Napa,055,140530,911,612,0,612,5
2020-07-19,Nevada,057,99092,292,210,10,220,1
2020-07-19,Orange,059,3164182,38448,29941,594,30535,505
2020-07-19,Placer,061,380077,1809,1246,3,1249,11
2020-07-19,Plumas,063,18699,30,17,0,17,0
2020-07-19,Riverside,065,2383286,38325,30340,40,30380,581
2020-07-19,Sacramento,067,1510023,9868,6985,10,6995,97
2020-07-19,San Benito,069,59416,559,412,0,412,2
2020-07-19,San Bernardino,071,2135413,33649,23928,101,24029,337
2020-07-19,San Diego,073,3302833,28177,23684,2,23686,478
2020-07-19,San Francisco,075,870044,6172,5094,5,5099,52
2020-07-19,San Joaquin,077,732212,11660,8308,5,8313,93
2020-07-19,San Luis Obispo,079,281455,1730,1262,7,1269,6
2020-07-19,San Mateo,081,765935,5489,4522,7,4529,110
2020-07-19,Santa Barbara,083,443738,5914,5145,50,5195,29
2020-07-19,Santa Clara,085,1922200,10432,7403,27,7430,164
2020-07-19,Santa Cruz,087,273765,1010,753,7,760,3
2020-07-19,Shasta,089,179085,381,218,1,219,9
2020-07-19,Sierra,091,2930,1,1,0,1,0
2020-07-19,Siskiyou,093,43540,75,42,0,42,0
2020-07-19,Solano,095,438530,3617,2551,8,2559,26
2020-07-19,Sonoma,097,501317,2891,2074,6,2080,17
2020-07-19,Stanislaus,099,539301,9160,6508,12,6520,58
2020-07-19,Sutter,101,95872,604,480,0,480,2
2020-07-19,Tehama,103,63373,207,138,2,140,1
2020-07-19,Trinity,105,12862,23,2,6,8,0
2020-07-19,Tulare,107,460477,9178,6856,28,6884,166
2020-07-19,Tuolumne,109,53932,128,75,4,79,0
2020-07-19,Ventura,111,848112,7379,5706,25,5731,52
2020-07-19,Yolo,113,214977,1505,1127,3,1130,30
2020-07-19,Yuba,115,75493,329,240,0,240,1
2020-07-18,Alameda,001,1643700,11248,9089,28,9117,162
2020-07-18,Alpine,002,1148,2,2,0,2,0
2020-07-18,Amador,005,37829,99,49,0,49,0
2020-07-18,Butte,007,227075,852,551,24,575,4
2020-07-18,Calaveras,009,45235,103,89,0,89,0
2020-07-18,Colusa,011,21464,274,182,0,182,0
2020-07-18,Contra Costa,013,1133247,7859,5617,23,5640,95
2020-07-18,Del Norte,015,27424,83,61,0,61,0
2020-07-18,El Dorado,017,186661,638,385,6,391,0
2020-07-18,Fresno,019,978130,17489,10381,137,10518,106
2020-07-18,Glenn,021,27897,303,212,0,212,0
2020-07-18,Humboldt,023,135768,218,189,1,190,4
2020-07-18,Imperial,025,180216,9730,7268,5,7273,124
2020-07-18,Inyo,027,18085,42,38,1,39,1
2020-07-18,Kern,029,883053,19862,9250,81,9331,114
2020-07-18,Kings,031,150075,3885,2996,18,3014,37
2020-07-18,Lake,033,64148,186,142,0,142,1
2020-07-18,Lassen,035,31185,544,474,2,476,0
2020-07-18,Los Angeles,037,10098052,173413,153265,320,153585,4088
2020-07-18,Madera,039,155013,2069,1260,3,1263,9
2020-07-18,Marin,041,260295,4762,4089,5,4094,21
2020-07-18,Mariposa,043,17540,49,35,0,35,1
2020-07-18,Mendocino,045,87422,207,137,0,137,0
2020-07-18,Merced,047,269075,4143,2424,2,2426,15
2020-07-18,Modoc,049,8938,3,0,0,0,0
2020-07-18,Mono,051,14174,105,54,2,56,1
2020-07-18,Monterey,053,433212,4141,3020,8,3028,17
2020-07-18,Napa,055,140530,900,609,0,609,5
2020-07-18,Nevada,057,99092,288,204,9,213,1
2020-07-18,Orange,059,3164182,38129,29603,574,30177,493
2020-07-18,Placer,061,380077,1786,1233,3,1236,11
2020-07-18,Plumas,063,18699,30,17,0,17,0
2020-07-18,Riverside,065,2383286,37971,30245,39,30284,581
2020-07-18,Sacramento,067,1510023,9623,6739,10,6749,95
2020-07-18,San Benito,069,59416,544,407,0,407,2
2020-07-18,San Bernardino,071,2135413,33189,23680,94,23774,336
2020-07-18,San Diego,073,3302833,27874,23116,2,23118,478
2020-07-18,San Francisco,075,870044,6070,5051,5,5056,52
2020-07-18,San Joaquin,077,732212,11447,8118,5,8123,93
2020-07-18,San Luis Obispo,079,281455,1695,1234,7,1241,6
2020-07-18,San Mateo,081,765935,5429,4488,7,4495,110
2020-07-18,Santa Barbara,083,443738,5854,5110,48,5158,29
2020-07-18,Santa Clara,085,1922200,10283,7255,26,7281,164
2020-07-18,Santa Cruz,087,273765,993,751,7,758,3
2020-07-18,Shasta,089,179085,372,216,1,217,9
2020-07-18,Sierra,091,2930,1,1,0,1,0
2020-07-18,Siskiyou,093,43540,71,42,0,42,0
2020-07-18,Solano,095,438530,3576,2503,8,2511,26
2020-07-18,Sonoma,097,501317,2839,2019,6,2025,15
2020-07-18,Stanislaus,099,539301,9025,6344,12,6356,58
2020-07-18,Sutter,101,95872,598,473,0,473,2
2020-07-18,Tehama,103,63373,202,136,2,138,1
2020-07-18,Trinity,105,12862,23,2,6,8,0
2020-07-18,Tulare,107,460477,9087,6810,27,6837,167
2020-07-18,Tuolumne,109,53932,125,75,4,79,0
2020-07-18,Ventura,111,848112,7297,5630,25,5655,52
2020-07-18,Yolo,113,214977,1477,1077,3,1080,30
2020-07-18,Yuba,115,75493,318,237,0,237,1
2020-07-17,Alameda,001,1643700,11107,8893,27,8920,160
2020-07-17,Alpine,002,1148,2,1,0,1,0
2020-07-17,Amador,005,37829,97,48,0,48,0
2020-07-17,Butte,007,227075,838,497,24,521,4
2020-07-17,Calaveras,009,45235,100,86,0,86,0
2020-07-17,Colusa,011,21464,272,146,0,146,0
2020-07-17,Contra Costa,013,1133247,7711,5483,23,5506,93
2020-07-17,Del Norte,015,27424,82,60,0,60,0
2020-07-17,El Dorado,017,186661,622,368,6,374,0
2020-07-17,Fresno,019,978130,17193,9954,137,10091,104
2020-07-17,Glenn,021,27897,296,203,0,203,0
2020-07-17,Humboldt,023,135768,217,185,1,186,4
2020-07-17,Imperial,025,180216,9708,7193,5,7198,120
2020-07-17,Inyo,027,18085,42,38,1,39,1
2020-07-17,Kern,029,883053,19542,8291,80,8371,113
2020-07-17,Kings,031,150075,3846,2978,18,2996,37
2020-07-17,Lake,033,64148,184,139,0,139,1
2020-07-17,Lassen,035,31185,525,391,2,393,0
2020-07-17,Los Angeles,037,10098052,171040,150481,307,150788,4052
2020-07-17,Madera,039,155013,2025,1214,3,1217,9
2020-07-17,Marin,041,260295,4725,3839,5,3844,21
2020-07-17,Mariposa,043,17540,47,35,0,35,1
2020-07-17,Mendocino,045,87422,199,126,0,126,0
2020-07-17,Merced,047,269075,4068,2328,2,2330,12
2020-07-17,Modoc,049,8938,2,0,0,0,0
2020-07-17,Mono,051,14174,100,54,2,56,1
2020-07-17,Monterey,053,433212,4012,2922,8,2930,18
2020-07-17,Napa,055,140530,886,598,0,598,5
2020-07-17,Nevada,057,99092,281,200,9,209,1
2020-07-17,Orange,059,3164182,37666,28962,541,29503,485
2020-07-17,Placer,061,380077,1757,1207,3,1210,11
2020-07-17,Plumas,063,18699,27,16,0,16,0
2020-07-17,Riverside,065,2383286,37371,29639,39,29678,580
2020-07-17,Sacramento,067,1510023,9379,6563,10,6573,95
2020-07-17,San Benito,069,59416,529,399,0,399,2
2020-07-17,San Bernardino,071,2135413,32670,23057,91,23148,322
2020-07-17,San Diego,073,3302833,27486,22491,2,22493,472
2020-07-17,San Francisco,075,870044,5976,4967,5,4972,52
2020-07-17,San Joaquin,077,732212,11203,7925,5,7930,86
2020-07-17,San Luis Obispo,079,281455,1658,1190,7,1197,6
2020-07-17,San Mateo,081,765935,5332,4407,7,4414,110
2020-07-17,Santa Barbara,083,443738,5782,5001,47,5048,29
2020-07-17,Santa Clara,085,1922200,10065,7080,26,7106,164
2020-07-17,Santa Cruz,087,273765,971,716,7,723,3
2020-07-17,Shasta,089,179085,360,213,1,214,8
2020-07-17,Sierra,091,2930,1,1,0,1,0
2020-07-17,Siskiyou,093,43540,70,40,0,40,0
2020-07-17,Solano,095,438530,3527,2452,8,2460,26
2020-07-17,Sonoma,097,501317,2790,1982,6,1988,15
2020-07-17,Stanislaus,099,539301,8851,6220,12,6232,56
2020-07-17,Sutter,101,95872,585,458,0,458,2
2020-07-17,Tehama,103,63373,198,128,2,130,1
2020-07-17,Trinity,105,12862,23,2,6,8,0
2020-07-17,Tulare,107,460477,8951,6671,27,6698,166
2020-07-17,Tuolumne,109,53932,124,73,4,77,0
2020-07-17,Ventura,111,848112,7214,5451,25,5476,51
2020-07-17,Yolo,113,214977,1453,1055,3,1058,30
2020-07-17,Yuba,115,75493,308,231,0,231,1
2020-07-16,Alameda,001,1643700,10874,8719,22,8741,153
2020-07-16,Alpine,002,1148,2,1,0,1,0
2020-07-16,Amador,005,37829,94,46,0,46,0
2020-07-16,Butte,007,227075,802,465,23,488,4
2020-07-16,Calaveras,009,45235,98,82,0,82,0
2020-07-16,Colusa,011,21464,263,140,0,140,0
2020-07-16,Contra Costa,013,1133247,7499,5338,17,5355,91
2020-07-16,Del Norte,015,27424,82,60,0,60,0
2020-07-16,El Dorado,017,186661,605,357,6,363,0
2020-07-16,Fresno,019,978130,16681,9481,128,9609,101
2020-07-16,Glenn,021,27897,287,190,0,190,0
2020-07-16,Humboldt,023,135768,215,184,1,185,4
2020-07-16,Imperial,025,180216,9615,7148,5,7153,113
2020-07-16,Inyo,027,18085,42,38,1,39,1
2020-07-16,Kern,029,883053,19020,7435,78,7513,112
2020-07-16,Kings,031,150075,3680,2937,18,2955,37
2020-07-16,Lake,033,64148,179,128,0,128,1
2020-07-16,Lassen,035,31185,524,355,2,357,0
2020-07-16,Los Angeles,037,10098052,167817,147759,282,148041,3994
2020-07-16,Madera,039,155013,1961,1192,3,1195,8
2020-07-16,Marin,041,260295,4652,3546,5,3551,21
2020-07-16,Mariposa,043,17540,45,34,0,34,1
2020-07-16,Mendocino,045,87422,194,121,0,121,0
2020-07-16,Merced,047,269075,3904,2228,2,2230,12
2020-07-16,Modoc,049,8938,1,0,0,0,0
2020-07-16,Mono,051,14174,97,53,2,55,1
2020-07-16,Monterey,053,433212,3907,2857,7,2864,18
2020-07-16,Napa,055,140530,857,581,0,581,5
2020-07-16,Nevada,057,99092,278,191,9,200,1
2020-07-16,Orange,059,3164182,36963,28525,505,29030,471
2020-07-16,Placer,061,380077,1709,1168,3,1171,11
2020-07-16,Plumas,063,18699,25,16,0,16,0
2020-07-16,Riverside,065,2383286,36624,28904,37,28941,577
2020-07-16,Sacramento,067,1510023,9066,6440,9,6449,91
2020-07-16,San Benito,069,59416,512,389,0,389,2
2020-07-16,San Bernardino,071,2135413,31809,22355,73,22428,321
2020-07-16,San Diego,073,3302833,26999,21857,2,21859,465
2020-07-16,San Francisco,075,870044,5835,4838,5,4843,52
2020-07-16,San Joaquin,077,732212,10840,7713,5,7718,82
2020-07-16,San Luis Obispo,079,281455,1614,1146,7,1153,6
2020-07-16,San Mateo,081,765935,5228,4336,7,4343,110
2020-07-16,Santa Barbara,083,443738,5687,4872,46,4918,28
2020-07-16,Santa Clara,085,1922200,9785,6990,24,7014,164
2020-07-16,Santa Cruz,087,273765,930,698,7,705,3
2020-07-16,Shasta,089,179085,345,208,1,209,7
2020-07-16,Sierra,091,2930,1,1,0,1,0
2020-07-16,Siskiyou,093,43540,67,39,0,39,0
2020-07-16,Solano,095,438530,3433,2372,8,2380,25
2020-07-16,Sonoma,097,501317,2700,1954,6,1960,14
2020-07-16,Stanislaus,099,539301,8568,6077,11,6088,56
2020-07-16,Sutter,101,95872,569,444,0,444,2
2020-07-16,Tehama,103,63373,188,126,2,128,1
2020-07-16,Trinity,105,12862,23,2,5,7,0
2020-07-16,Tulare,107,460477,8737,6467,26,6493,163
2020-07-16,Tuolumne,109,53932,117,71,4,75,0
2020-07-16,Ventura,111,848112,7052,5231,25,5256,50
2020-07-16,Yolo,113,214977,1411,1034,3,1037,29
2020-07-16,Yuba,115,75493,290,221,0,221,1
2020-07-15,Alameda,001,1643700,10669,8615,17,8632,153
2020-07-15,Alpine,002,1148,2,1,0,1,0
2020-07-15,Amador,005,37829,73,44,0,44,0
2020-07-15,Butte,007,227075,760,420,23,443,4
2020-07-15,Calaveras,009,45235,98,75,0,75,0
2020-07-15,Colusa,011,21464,258,135,0,135,0
2020-07-15,Contra Costa,013,1133247,7268,5246,17,5263,90
2020-07-15,Del Norte,015,27424,81,60,0,60,0
2020-07-15,El Dorado,017,186661,581,339,6,345,0
2020-07-15,Fresno,019,978130,16209,9124,122,9246,101
2020-07-15,Glenn,021,27897,278,184,0,184,0
2020-07-15,Humboldt,023,135768,213,181,1,182,4
2020-07-15,Imperial,025,180216,9548,7110,5,7115,110
2020-07-15,Inyo,027,18085,42,36,1,37,1
2020-07-15,Kern,029,883053,18400,7155,74,7229,108
2020-07-15,Kings,031,150075,3618,2906,18,2924,37
2020-07-15,Lake,033,64148,177,122,0,122,1
2020-07-15,Lassen,035,31185,520,319,2,321,0
2020-07-15,Los Angeles,037,10098052,164350,143343,267,143610,3946
2020-07-15,Madera,039,155013,1892,1147,3,1150,4
2020-07-15,Marin,041,260295,4597,3458,5,3463,21
2020-07-15,Mariposa,043,17540,45,34,0,34,1
2020-07-15,Mendocino,045,87422,191,119,0,119,0
2020-07-15,Merced,047,269075,3761,2156,2,2158,12
2020-07-15,Modoc,049,8938,1,0,0,0,0
2020-07-15,Mono,051,14174,95,52,2,54,1
2020-07-15,Monterey,053,433212,3795,2780,7,2787,18
2020-07-15,Napa,055,140530,831,573,0,573,5
2020-07-15,Nevada,057,99092,274,185,7,192,1
2020-07-15,Orange,059,3164182,36164,27718,471,28189,454
2020-07-15,Placer,061,380077,1651,1145,3,1148,11
2020-07-15,Plumas,063,18699,25,16,0,16,0
2020-07-15,Riverside,065,2383286,35842,28492,35,28527,568
2020-07-15,Sacramento,067,1510023,8686,6217,9,6226,91
2020-07-15,San Benito,069,59416,503,388,0,388,2
2020-07-15,San Bernardino,071,2135413,31019,21508,57,21565,317
2020-07-15,San Diego,073,3302833,26532,21448,2,21450,448
2020-07-15,San Francisco,075,870044,5721,4757,5,4762,50
2020-07-15,San Joaquin,077,732212,10409,7381,4,7385,75
2020-07-15,San Luis Obispo,079,281455,1571,1097,7,1104,6
2020-07-15,San Mateo,081,765935,5115,4258,7,4265,109
2020-07-15,Santa Barbara,083,443738,5573,4733,46,4779,28
2020-07-15,Santa Clara,085,1922200,9482,6900,24,6924,164
2020-07-15,Santa Cruz,087,273765,894,660,6,666,3
2020-07-15,Shasta,089,179085,336,193,1,194,7
2020-07-15,Sierra,091,2930,1,1,0,1,0
2020-07-15,Siskiyou,093,43540,66,38,0,38,0
2020-07-15,Solano,095,438530,3338,2343,8,2351,25
2020-07-15,Sonoma,097,501317,2601,1920,6,1926,14
2020-07-15,Stanislaus,099,539301,8271,5777,11,5788,56
2020-07-15,Sutter,101,95872,543,433,0,433,2
2020-07-15,Tehama,103,63373,180,126,2,128,1
2020-07-15,Trinity,105,12862,22,2,5,7,0
2020-07-15,Tulare,107,460477,8525,6320,26,6346,156
2020-07-15,Tuolumne,109,53932,110,68,4,72,0
2020-07-15,Ventura,111,848112,6875,5087,25,5112,50
2020-07-15,Yolo,113,214977,1377,1002,3,1005,27
2020-07-15,Yuba,115,75493,278,221,0,221,1
2020-07-14,Alameda,001,1643700,10328,8388,11,8399,151
2020-07-14,Alpine,002,1148,2,1,0,1,0
2020-07-14,Amador,005,37829,69,44,0,44,0
2020-07-14,Butte,007,227075,714,382,23,405,4
2020-07-14,Calaveras,009,45235,96,74,0,74,0
2020-07-14,Colusa,011,21464,248,128,0,128,0
2020-07-14,Contra Costa,013,1133247,7031,5110,15,5125,90
2020-07-14,Del Norte,015,27424,80,60,0,60,0
2020-07-14,El Dorado,017,186661,566,324,6,330,0
2020-07-14,Fresno,019,978130,15785,8941,117,9058,98
2020-07-14,Glenn,021,27897,268,177,0,177,0
2020-07-14,Humboldt,023,135768,210,175,1,176,4
2020-07-14,Imperial,025,180216,9423,7095,5,7100,109
2020-07-14,Inyo,027,18085,42,35,1,36,1
2020-07-14,Kern,029,883053,17641,6979,61,7040,107
2020-07-14,Kings,031,150075,3551,2867,17,2884,37
2020-07-14,Lake,033,64148,171,120,0,120,1
2020-07-14,Lassen,035,31185,503,263,2,265,0
2020-07-14,Los Angeles,037,10098052,161218,140632,238,140870,3900
2020-07-14,Madera,039,155013,1818,1118,3,1121,4
2020-07-14,Marin,041,260295,4483,3451,5,3456,21
2020-07-14,Mariposa,043,17540,41,32,0,32,1
2020-07-14,Mendocino,045,87422,183,110,0,110,0
2020-07-14,Merced,047,269075,3576,2084,2,2086,12
2020-07-14,Modoc,049,8938,1,0,0,0,0
2020-07-14,Mono,051,14174,85,48,2,50,1
2020-07-14,Monterey,053,433212,3682,2724,7,2731,18
2020-07-14,Napa,055,140530,775,557,0,557,4
2020-07-14,Nevada,057,99092,257,180,6,186,1
2020-07-14,Orange,059,3164182,35282,26915,423,27338,432
2020-07-14,Placer,061,380077,1593,1122,3,1125,11
2020-07-14,Plumas,063,18699,24,14,0,14,0
2020-07-14,Riverside,065,2383286,35085,27850,34,27884,547
2020-07-14,Sacramento,067,1510023,8332,5978,9,5987,87
2020-07-14,San Benito,069,59416,484,360,0,360,2
2020-07-14,San Bernardino,071,2135413,30167,20489,47,20536,316
2020-07-14,San Diego,073,3302833,25912,20887,2,20889,436
2020-07-14,San Francisco,075,870044,5570,4659,4,4663,50
2020-07-14,San Joaquin,077,732212,9982,7143,4,7147,75
2020-07-14,San Luis Obispo,079,281455,1533,1060,7,1067,5
2020-07-14,San Mateo,081,765935,5022,4173,7,4180,108
2020-07-14,Santa Barbara,083,443738,5449,4641,44,4685,28
2020-07-14,Santa Clara,085,1922200,9154,6686,21,6707,164
2020-07-14,Santa Cruz,087,273765,855,639,6,645,3
2020-07-14,Shasta,089,179085,327,190,1,191,7
2020-07-14,Sierra,091,2930,1,1,0,1,0
2020-07-14,Siskiyou,093,43540,65,38,0,38,0
2020-07-14,Solano,095,438530,3239,2266,7,2273,25
2020-07-14,Sonoma,097,501317,2508,1866,6,1872,14
2020-07-14,Stanislaus,099,539301,7896,5631,10,5641,53
2020-07-14,Sutter,101,95872,524,405,0,405,2
2020-07-14,Tehama,103,63373,168,123,2,125,1
2020-07-14,Trinity,105,12862,21,2,5,7,0
2020-07-14,Tulare,107,460477,8279,6199,26,6225,156
2020-07-14,Tuolumne,109,53932,105,68,4,72,0
2020-07-14,Ventura,111,848112,6714,4950,25,4975,50
2020-07-14,Yolo,113,214977,1330,966,3,969,27
2020-07-14,Yuba,115,75493,261,210,0,210,1
2020-07-13,Alameda,001,1643700,10024,8115,11,8126,148
2020-07-13,Alpine,002,1148,2,1,0,1,0
2020-07-13,Amador,005,37829,65,42,0,42,0
2020-07-13,Butte,007,227075,678,354,23,377,4
2020-07-13,Calaveras,009,45235,88,63,0,63,0
2020-07-13,Colusa,011,21464,242,116,0,116,0
2020-07-13,Contra Costa,013,1133247,6759,4882,13,4895,88
2020-07-13,Del Norte,015,27424,74,59,0,59,0
2020-07-13,El Dorado,017,186661,535,298,6,304,0
2020-07-13,Fresno,019,978130,15355,8666,112,8778,95
2020-07-13,Glenn,021,27897,261,168,0,168,0
2020-07-13,Humboldt,023,135768,205,174,1,175,4
2020-07-13,Imperial,025,180216,9337,7052,5,7057,109
2020-07-13,Inyo,027,18085,41,35,1,36,1
2020-07-13,Kern,029,883053,16956,6808,55,6863,107
2020-07-13,Kings,031,150075,3500,2824,17,2841,37
2020-07-13,Lake,033,64148,166,118,0,118,1
2020-07-13,Lassen,035,31185,498,237,2,239,0
2020-07-13,Los Angeles,037,10098052,157984,136368,224,136592,3829
2020-07-13,Madera,039,155013,1749,1059,3,1062,4
2020-07-13,Marin,041,260295,4379,3402,5,3407,21
2020-07-13,Mariposa,043,17540,40,31,0,31,1
2020-07-13,Mendocino,045,87422,179,87,0,87,0
2020-07-13,Merced,047,269075,3424,2007,2,2009,12
2020-07-13,Modoc,049,8938,1,0,0,0,0
2020-07-13,Mono,051,14174,81,47,1,48,1
2020-07-13,Monterey,053,433212,3559,2613,5,2618,18
2020-07-13,Napa,055,140530,739,534,0,534,4
2020-07-13,Nevada,057,99092,243,172,6,178,1
2020-07-13,Orange,059,3164182,34416,25978,391,26369,423
2020-07-13,Placer,061,380077,1548,1096,3,1099,11
2020-07-13,Plumas,063,18699,22,14,0,14,0
2020-07-13,Riverside,065,2383286,34158,27136,32,27168,545
2020-07-13,Sacramento,067,1510023,8035,5747,9,5756,85
2020-07-13,San Benito,069,59416,471,343,0,343,2
2020-07-13,San Bernardino,071,2135413,29293,19610,40,19650,313
2020-07-13,San Diego,073,3302833,25345,20348,2,20350,422
2020-07-13,San Francisco,075,870044,5443,4534,3,4537,50
2020-07-13,San Joaquin,077,732212,9566,6927,4,6931,71
2020-07-13,San Luis Obispo,079,281455,1502,989,7,996,5
2020-07-13,San Mateo,081,765935,4891,4057,7,4064,108
2020-07-13,Santa Barbara,083,443738,5335,4441,43,4484,28
2020-07-13,Santa Clara,085,1922200,8829,6488,20,6508,164
2020-07-13,Santa Cruz,087,273765,817,574,6,580,3
2020-07-13,Shasta,089,179085,316,185,1,186,6
2020-07-13,Sierra,091,2930,1,1,0,1,0
2020-07-13,Siskiyou,093,43540,61,37,0,37,0
2020-07-13,Solano,095,438530,3127,2046,7,2053,23
2020-07-13,Sonoma,097,501317,2397,1818,6,1824,14
2020-07-13,Stanislaus,099,539301,7593,5324,9,5333,53
2020-07-13,Sutter,101,95872,486,379,0,379,2
2020-07-13,Tehama,103,63373,155,112,2,114,1
2020-07-13,Trinity,105,12862,21,2,5,7,0
2020-07-13,Tulare,107,460477,8018,5930,24,5954,147
2020-07-13,Tuolumne,109,53932,97,56,4,60,0
2020-07-13,Ventura,111,848112,6524,4800,22,4822,50
2020-07-13,Yolo,113,214977,1285,941,3,944,27
2020-07-13,Yuba,115,75493,246,194,0,194,1
2020-07-12,Alameda,001,1643700,9754,8056,11,8067,148
2020-07-12,Alpine,002,1148,2,1,0,1,0
2020-07-12,Amador,005,37829,55,40,0,40,0
2020-07-12,Butte,007,227075,627,341,22,363,4
2020-07-12,Calaveras,009,45235,88,62,0,62,0
2020-07-12,Colusa,011,21464,208,116,0,116,0
2020-07-12,Contra Costa,013,1133247,6490,4708,11,4719,88
2020-07-12,Del Norte,015,27424,63,59,0,59,0
2020-07-12,El Dorado,017,186661,513,290,6,296,0
2020-07-12,Fresno,019,978130,14932,8407,107,8514,95
2020-07-12,Glenn,021,27897,248,166,0,166,0
2020-07-12,Humboldt,023,135768,201,174,1,175,4
2020-07-12,Imperial,025,180216,9223,6999,5,7004,109
2020-07-12,Inyo,027,18085,39,35,1,36,1
2020-07-12,Kern,029,883053,16213,6662,51,6713,105
2020-07-12,Kings,031,150075,3438,2779,17,2796,34
2020-07-12,Lake,033,64148,157,114,0,114,1
2020-07-12,Lassen,035,31185,491,237,2,239,0
2020-07-12,Los Angeles,037,10098052,154559,133830,197,134027,3816
2020-07-12,Madera,039,155013,1693,1025,3,1028,4
2020-07-12,Marin,041,260295,4303,3358,5,3363,21
2020-07-12,Mariposa,043,17540,39,31,0,31,1
2020-07-12,Mendocino,045,87422,160,88,0,88,0
2020-07-12,Merced,047,269075,3286,1908,2,1910,12
2020-07-12,Modoc,049,8938,1,0,0,0,0
2020-07-12,Mono,051,14174,71,45,1,46,1
2020-07-12,Monterey,053,433212,3444,2521,5,2526,18
2020-07-12,Napa,055,140530,708,519,0,519,4
2020-07-12,Nevada,057,99092,233,166,6,172,1
2020-07-12,Orange,059,3164182,33537,25399,382,25781,422
2020-07-12,Placer,061,380077,1491,1058,3,1061,11
2020-07-12,Plumas,063,18699,21,14,0,14,0
2020-07-12,Riverside,065,2383286,33400,26404,31,26435,542
2020-07-12,Sacramento,067,1510023,7723,5515,7,5522,85
2020-07-12,San Benito,069,59416,456,324,0,324,2
2020-07-12,San Bernardino,071,2135413,28381,19042,36,19078,312
2020-07-12,San Diego,073,3302833,24715,19929,2,19931,422
2020-07-12,San Francisco,075,870044,5294,4535,3,4538,50
2020-07-12,San Joaquin,077,732212,9203,6703,4,6707,71
2020-07-12,San Luis Obispo,079,281455,1455,972,7,979,5
2020-07-12,San Mateo,081,765935,4773,3988,7,3995,108
2020-07-12,Santa Barbara,083,443738,5205,4353,42,4395,28
2020-07-12,Santa Clara,085,1922200,8590,6252,19,6271,164
2020-07-12,Santa Cruz,087,273765,775,573,5,578,3
2020-07-12,Shasta,089,179085,310,173,1,174,6
2020-07-12,Sierra,091,2930,1,1,0,1,0
2020-07-12,Siskiyou,093,43540,59,36,0,36,0
2020-07-12,Solano,095,438530,3002,2037,7,2044,23
2020-07-12,Sonoma,097,501317,2303,1743,6,1749,13
2020-07-12,Stanislaus,099,539301,7289,5177,9,5186,53
2020-07-12,Sutter,101,95872,468,362,0,362,2
2020-07-12,Tehama,103,63373,148,111,2,113,1
2020-07-12,Trinity,105,12862,21,2,5,7,0
2020-07-12,Tulare,107,460477,7762,5864,23,5887,146
2020-07-12,Tuolumne,109,53932,90,52,4,56,0
2020-07-12,Ventura,111,848112,6308,4724,21,4745,50
2020-07-12,Yolo,113,214977,1244,889,3,892,27
2020-07-12,Yuba,115,75493,235,188,0,188,1
2020-07-11,Alameda,001,1643700,9651,7845,11,7856,148
2020-07-11,Alpine,002,1148,2,1,0,1,0
2020-07-11,Amador,005,37829,51,37,0,37,0
2020-07-11,Butte,007,227075,611,325,22,347,4
2020-07-11,Calaveras,009,45235,85,62,0,62,0
2020-07-11,Colusa,011,21464,203,110,0,110,0
2020-07-11,Contra Costa,013,1133247,6375,4650,11,4661,87
2020-07-11,Del Norte,015,27424,63,59,0,59,0
2020-07-11,El Dorado,017,186661,502,283,6,289,0
2020-07-11,Fresno,019,978130,14671,8086,104,8190,95
2020-07-11,Glenn,021,27897,240,161,0,161,0
2020-07-11,Humboldt,023,135768,200,174,1,175,4
2020-07-11,Imperial,025,180216,9183,6884,5,6889,109
2020-07-11,Inyo,027,18085,39,35,1,36,1
2020-07-11,Kern,029,883053,15856,6509,50,6559,103
2020-07-11,Kings,031,150075,3411,2753,17,2770,33
2020-07-11,Lake,033,64148,156,110,0,110,1
2020-07-11,Lassen,035,31185,490,237,2,239,0
2020-07-11,Los Angeles,037,10098052,152841,130479,187,130666,3802
2020-07-11,Madera,039,155013,1652,988,3,991,4
2020-07-11,Marin,041,260295,4275,3191,5,3196,21
2020-07-11,Mariposa,043,17540,39,31,0,31,1
2020-07-11,Mendocino,045,87422,156,88,0,88,0
2020-07-11,Merced,047,269075,3204,1851,2,1853,12
2020-07-11,Modoc,049,8938,1,0,0,0,0
2020-07-11,Mono,051,14174,68,45,1,46,1
2020-07-11,Monterey,053,433212,3355,2376,5,2381,18
2020-07-11,Napa,055,140530,696,509,0,509,4
2020-07-11,Nevada,057,99092,224,163,5,168,1
2020-07-11,Orange,059,3164182,33160,24430,368,24798,422
2020-07-11,Placer,061,380077,1457,1029,3,1032,11
2020-07-11,Plumas,063,18699,21,12,0,12,0
2020-07-11,Riverside,065,2383286,33009,25994,31,26025,538
2020-07-11,Sacramento,067,1510023,7549,5367,7,5374,84
2020-07-11,San Benito,069,59416,441,314,0,314,2
2020-07-11,San Bernardino,071,2135413,27944,18907,34,18941,310
2020-07-11,San Diego,073,3302833,24323,19371,2,19373,422
2020-07-11,San Francisco,075,870044,5198,4430,2,4432,50
2020-07-11,San Joaquin,077,732212,9025,6518,4,6522,72
2020-07-11,San Luis Obispo,079,281455,1407,930,7,937,4
2020-07-11,San Mateo,081,765935,4705,3956,7,3963,108
2020-07-11,Santa Barbara,083,443738,5136,4283,41,4324,28
2020-07-11,Santa Clara,085,1922200,8430,5959,19,5978,164
2020-07-11,Santa Cruz,087,273765,744,571,5,576,3
2020-07-11,Shasta,089,179085,303,168,1,169,6
2020-07-11,Sierra,091,2930,1,1,0,1,0
2020-07-11,Siskiyou,093,43540,59,36,0,36,0
2020-07-11,Solano,095,438530,2961,2034,7,2041,23
2020-07-11,Sonoma,097,501317,2265,1690,6,1696,13
2020-07-11,Stanislaus,099,539301,7149,4911,9,4920,51
2020-07-11,Sutter,101,95872,452,352,0,352,2
2020-07-11,Tehama,103,63373,146,111,2,113,1
2020-07-11,Trinity,105,12862,21,2,5,7,0
2020-07-11,Tulare,107,460477,7656,5780,23,5803,149
2020-07-11,Tuolumne,109,53932,87,50,4,54,0
2020-07-11,Ventura,111,848112,6212,4545,20,4565,49
2020-07-11,Yolo,113,214977,1215,833,3,836,27
2020-07-11,Yuba,115,75493,225,175,0,175,1
2020-07-10,Alameda,001,1643700,9494,7551,11,7562,147
2020-07-10,Alpine,002,1148,2,1,0,1,0
2020-07-10,Amador,005,37829,47,37,0,37,0
2020-07-10,Butte,007,227075,600,318,22,340,4
2020-07-10,Calaveras,009,45235,85,61,0,61,0
2020-07-10,Colusa,011,21464,197,103,0,103,0
2020-07-10,Contra Costa,013,1133247,6236,4482,11,4493,86
2020-07-10,Del Norte,015,27424,63,57,0,57,0
2020-07-10,El Dorado,017,186661,484,266,6,272,0
2020-07-10,Fresno,019,978130,14339,7760,101,7861,93
2020-07-10,Glenn,021,27897,235,157,0,157,0
2020-07-10,Humboldt,023,135768,199,168,1,169,4
2020-07-10,Imperial,025,180216,9134,6878,4,6882,98
2020-07-10,Inyo,027,18085,39,35,1,36,1
2020-07-10,Kern,029,883053,15424,6344,49,6393,102
2020-07-10,Kings,031,150075,3375,2707,17,2724,33
2020-07-10,Lake,033,64148,149,104,0,104,1
2020-07-10,Lassen,035,31185,489,235,2,237,0
2020-07-10,Los Angeles,037,10098052,150418,127503,181,127684,3750
2020-07-10,Madera,039,155013,1606,914,3,917,4
2020-07-10,Marin,041,260295,4212,3101,5,3106,21
2020-07-10,Mariposa,043,17540,38,31,0,31,1
2020-07-10,Mendocino,045,87422,148,88,0,88,0
2020-07-10,Merced,047,269075,3118,1802,2,1804,12
2020-07-10,Modoc,049,8938,1,0,0,0,0
2020-07-10,Mono,051,14174,67,45,1,46,1
2020-07-10,Monterey,053,433212,3277,2285,5,2290,18
2020-07-10,Napa,055,140530,685,496,0,496,4
2020-07-10,Nevada,057,99092,219,161,5,166,1
2020-07-10,Orange,059,3164182,32574,23692,365,24057,416
2020-07-10,Placer,061,380077,1415,1002,3,1005,11
2020-07-10,Plumas,063,18699,19,12,0,12,0
2020-07-10,Riverside,065,2383286,32491,25481,31,25512,533
2020-07-10,Sacramento,067,1510023,7294,5181,7,5188,81
2020-07-10,San Benito,069,59416,432,302,0,302,2
2020-07-10,San Bernardino,071,2135413,27420,18242,31,18273,308
2020-07-10,San Diego,073,3302833,23939,18862,2,18864,420
2020-07-10,San Francisco,075,870044,5107,4305,2,4307,50
2020-07-10,San Joaquin,077,732212,8792,6225,4,6229,67
2020-07-10,San Luis Obispo,079,281455,1369,891,7,898,4
2020-07-10,San Mateo,081,765935,4640,3844,7,3851,107
2020-07-10,Santa Barbara,083,443738,5039,4177,40,4217,28
2020-07-10,Santa Clara,085,1922200,8206,5819,19,5838,164
2020-07-10,Santa Cruz,087,273765,716,540,5,545,3
2020-07-10,Shasta,089,179085,299,158,1,159,6
2020-07-10,Sierra,091,2930,1,1,0,1,0
2020-07-10,Siskiyou,093,43540,59,31,0,31,0
2020-07-10,Solano,095,438530,2914,1950,7,1957,23
2020-07-10,Sonoma,097,501317,2218,1606,5,1611,13
2020-07-10,Stanislaus,099,539301,6979,4781,9,4790,46
2020-07-10,Sutter,101,95872,445,338,0,338,2
2020-07-10,Tehama,103,63373,145,107,2,109,1
2020-07-10,Trinity,105,12862,21,2,5,7,0
2020-07-10,Tulare,107,460477,7519,5677,23,5700,150
2020-07-10,Tuolumne,109,53932,86,49,4,53,0
2020-07-10,Ventura,111,848112,6098,4416,20,4436,48
2020-07-10,Yolo,113,214977,1191,794,3,797,27
2020-07-10,Yuba,115,75493,211,164,0,164,1
2020-07-09,Alameda,001,1643700,9265,7433,11,7444,146
2020-07-09,Alpine,002,1148,2,1,0,1,0
2020-07-09,Amador,005,37829,44,36,0,36,0
2020-07-09,Butte,007,227075,568,295,21,316,4
2020-07-09,Calaveras,009,45235,84,59,0,59,0
2020-07-09,Colusa,011,21464,189,97,0,97,0
2020-07-09,Contra Costa,013,1133247,5995,4388,11,4399,86
2020-07-09,Del Norte,015,27424,63,57,0,57,0
2020-07-09,El Dorado,017,186661,459,255,5,260,0
2020-07-09,Fresno,019,978130,13886,7385,98,7483,90
2020-07-09,Glenn,021,27897,225,150,0,150,0
2020-07-09,Humboldt,023,135768,196,166,1,167,4
2020-07-09,Imperial,025,180216,9035,6778,4,6782,87
2020-07-09,Inyo,027,18085,37,35,1,36,1
2020-07-09,Kern,029,883053,14778,6100,47,6147,95
2020-07-09,Kings,031,150075,3312,2686,17,2703,33
2020-07-09,Lake,033,64148,146,99,0,99,1
2020-07-09,Lassen,035,31185,433,221,2,223,0
2020-07-09,Los Angeles,037,10098052,147159,125062,159,125221,3698
2020-07-09,Madera,039,155013,1529,850,3,853,4
2020-07-09,Marin,041,260295,4062,2975,4,2979,20
2020-07-09,Mariposa,043,17540,38,32,0,32,1
2020-07-09,Mendocino,045,87422,144,88,0,88,0
2020-07-09,Merced,047,269075,2973,1728,2,1730,11
2020-07-09,Modoc,049,8938,1,0,0,0,0
2020-07-09,Mono,051,14174,63,45,1,46,1
2020-07-09,Monterey,053,433212,3152,2223,5,2228,17
2020-07-09,Napa,055,140530,668,468,0,468,4
2020-07-09,Nevada,057,99092,213,156,5,161,1
2020-07-09,Orange,059,3164182,31600,22960,347,23307,407
2020-07-09,Placer,061,380077,1373,982,3,985,11
2020-07-09,Plumas,063,18699,19,12,0,12,0
2020-07-09,Riverside,065,2383286,31598,24980,30,25010,529
2020-07-09,Sacramento,067,1510023,6967,4950,7,4957,81
2020-07-09,San Benito,069,59416,416,295,0,295,2
2020-07-09,San Bernardino,071,2135413,26550,17339,25,17364,307
2020-07-09,San Diego,073,3302833,23347,18404,2,18406,415
2020-07-09,San Francisco,075,870044,4975,4143,2,4145,50
2020-07-09,San Joaquin,077,732212,8433,6004,4,6008,66
2020-07-09,San Luis Obispo,079,281455,1328,869,7,876,3
2020-07-09,San Mateo,081,765935,4514,3792,7,3799,106
2020-07-09,Santa Barbara,083,443738,4907,4068,40,4108,28
2020-07-09,Santa Clara,085,1922200,7945,5638,19,5657,164
2020-07-09,Santa Cruz,087,273765,689,526,5,531,3
2020-07-09,Shasta,089,179085,293,155,1,156,5
2020-07-09,Sierra,091,2930,1,1,0,1,0
2020-07-09,Siskiyou,093,43540,55,31,0,31,0
2020-07-09,Solano,095,438530,2816,1892,7,1899,23
2020-07-09,Sonoma,097,501317,2132,1584,5,1589,13
2020-07-09,Stanislaus,099,539301,6664,4633,8,4641,46
2020-07-09,Sutter,101,95872,428,321,0,321,2
2020-07-09,Tehama,103,63373,140,102,2,104,1
2020-07-09,Trinity,105,12862,21,2,5,7,0
2020-07-09,Tulare,107,460477,7300,5501,22,5523,146
2020-07-09,Tuolumne,109,53932,85,47,4,51,0
2020-07-09,Ventura,111,848112,5930,4278,20,4298,47
2020-07-09,Yolo,113,214977,1143,764,3,767,27
2020-07-09,Yuba,115,75493,194,152,0,152,1
2020-07-08,Alameda,001,1643700,8973,7335,11,7346,142
2020-07-08,Alpine,002,1148,2,1,0,1,0
2020-07-08,Amador,005,37829,41,35,0,35,0
2020-07-08,Butte,007,227075,531,281,21,302,3
2020-07-08,Calaveras,009,45235,79,58,0,58,0
2020-07-08,Colusa,011,21464,176,90,0,90,0
2020-07-08,Contra Costa,013,1133247,5749,4268,9,4277,84
2020-07-08,Del Norte,015,27424,61,57,0,57,0
2020-07-08,El Dorado,017,186661,437,248,5,253,0
2020-07-08,Fresno,019,978130,13470,7102,92,7194,86
2020-07-08,Glenn,021,27897,214,146,0,146,0
2020-07-08,Humboldt,023,135768,193,162,1,163,4
2020-07-08,Imperial,025,180216,8948,6727,4,6731,76
2020-07-08,Inyo,027,18085,37,35,1,36,1
2020-07-08,Kern,029,883053,14200,5873,45,5918,91
2020-07-08,Kings,031,150075,3253,2629,14,2643,33
2020-07-08,Lake,033,64148,139,97,0,97,1
2020-07-08,Lassen,035,31185,337,221,2,223,0
2020-07-08,Los Angeles,037,10098052,143953,123462,131,123593,3650
2020-07-08,Madera,039,155013,1459,828,3,831,4
2020-07-08,Marin,041,260295,3963,2756,4,2760,17
2020-07-08,Mariposa,043,17540,38,31,0,31,1
2020-07-08,Mendocino,045,87422,131,84,0,84,0
2020-07-08,Merced,047,269075,2845,1578,2,1580,11
2020-07-08,Modoc,049,8938,1,0,0,0,0
2020-07-08,Mono,051,14174,60,45,0,45,1
2020-07-08,Monterey,053,433212,3034,2182,4,2186,17
2020-07-08,Napa,055,140530,646,468,0,468,4
2020-07-08,Nevada,057,99092,204,156,5,161,1
2020-07-08,Orange,059,3164182,30645,22088,342,22430,378
2020-07-08,Placer,061,380077,1326,948,3,951,11
2020-07-08,Plumas,063,18699,19,12,0,12,0
2020-07-08,Riverside,065,2383286,30634,24042,29,24071,508
2020-07-08,Sacramento,067,1510023,6678,4799,7,4806,80
2020-07-08,San Benito,069,59416,399,282,0,282,2
2020-07-08,San Bernardino,071,2135413,25696,16510,21,16531,296
2020-07-08,San Diego,073,3302833,22777,17844,2,17846,406
2020-07-08,San Francisco,075,870044,4886,4093,2,4095,50
2020-07-08,San Joaquin,077,732212,8090,5759,4,5763,61
2020-07-08,San Luis Obispo,079,281455,1276,825,7,832,2
2020-07-08,San Mateo,081,765935,4394,3733,7,3740,106
2020-07-08,Santa Barbara,083,443738,4788,3985,40,4025,28
2020-07-08,Santa Clara,085,1922200,7712,5510,19,5529,164
2020-07-08,Santa Cruz,087,273765,656,509,4,513,3
2020-07-08,Shasta,089,179085,284,148,1,149,6
2020-07-08,Sierra,091,2930,1,1,0,1,0
2020-07-08,Siskiyou,093,43540,55,31,0,31,0
2020-07-08,Solano,095,438530,2700,1821,7,1828,23
2020-07-08,Sonoma,097,501317,2056,1495,5,1500,9
2020-07-08,Stanislaus,099,539301,6364,4344,8,4352,46
2020-07-08,Sutter,101,95872,403,298,0,298,2
2020-07-08,Tehama,103,63373,134,100,2,102,1
2020-07-08,Trinity,105,12862,20,2,5,7,0
2020-07-08,Tulare,107,460477,7108,5307,17,5324,138
2020-07-08,Tuolumne,109,53932,81,42,4,46,0
2020-07-08,Ventura,111,848112,5765,4139,20,4159,47
2020-07-08,Yolo,113,214977,1099,727,3,730,26
2020-07-08,Yuba,115,75493,181,145,0,145,1
2020-07-07,Alameda,001,1643700,8653,7097,10,7107,141
2020-07-07,Alpine,002,1148,2,1,0,1,0
2020-07-07,Amador,005,37829,41,33,0,33,0
2020-07-07,Butte,007,227075,488,269,21,290,3
2020-07-07,Calaveras,009,45235,77,58,0,58,0
2020-07-07,Colusa,011,21464,143,84,0,84,0
2020-07-07,Contra Costa,013,1133247,5510,4131,8,4139,84
2020-07-07,Del Norte,015,27424,61,57,0,57,0
2020-07-07,El Dorado,017,186661,417,244,5,249,0
2020-07-07,Fresno,019,978130,13015,6738,92,6830,84
2020-07-07,Glenn,021,27897,205,145,0,145,0
2020-07-07,Humboldt,023,135768,190,150,1,151,4
2020-07-07,Imperial,025,180216,8850,6678,4,6682,51
2020-07-07,Inyo,027,18085,36,32,1,33,1
2020-07-07,Kern,029,883053,13501,5645,41,5686,88
2020-07-07,Kings,031,150075,3190,2623,13,2636,33
2020-07-07,Lake,033,64148,129,94,0,94,1
2020-07-07,Lassen,035,31185,266,219,2,221,0
2020-07-07,Los Angeles,037,10098052,140374,121026,124,121150,3588
2020-07-07,Madera,039,155013,1415,794,3,797,4
2020-07-07,Marin,041,260295,3871,2627,4,2631,17
2020-07-07,Mariposa,043,17540,38,31,0,31,1
2020-07-07,Mendocino,045,87422,123,82,0,82,0
2020-07-07,Merced,047,269075,2671,1531,2,1533,10
2020-07-07,Modoc,049,8938,1,0,0,0,0
2020-07-07,Mono,051,14174,59,42,0,42,1
2020-07-07,Monterey,053,433212,2891,2166,4,2170,17
2020-07-07,Napa,055,140530,627,459,0,459,4
2020-07-07,Nevada,057,99092,198,150,5,155,1
2020-07-07,Orange,059,3164182,29625,21741,329,22070,373
2020-07-07,Placer,061,380077,1285,930,3,933,11
2020-07-07,Plumas,063,18699,17,12,0,12,0
2020-07-07,Riverside,065,2383286,29619,23279,29,23308,499
2020-07-07,Sacramento,067,1510023,6336,4592,7,4599,76
2020-07-07,San Benito,069,59416,381,274,0,274,2
2020-07-07,San Bernardino,071,2135413,24826,16004,19,16023,277
2020-07-07,San Diego,073,3302833,22058,17580,2,17582,399
2020-07-07,San Francisco,075,870044,4794,4045,1,4046,50
2020-07-07,San Joaquin,077,732212,7748,5547,4,5551,59
2020-07-07,San Luis Obispo,079,281455,1215,795,7,802,2
2020-07-07,San Mateo,081,765935,4279,3691,7,3698,106
2020-07-07,Santa Barbara,083,443738,4660,3866,39,3905,27
2020-07-07,Santa Clara,085,1922200,7443,5438,19,5457,164
2020-07-07,Santa Cruz,087,273765,622,502,3,505,2
2020-07-07,Shasta,089,179085,271,144,1,145,6
2020-07-07,Sierra,091,2930,1,1,0,1,0
2020-07-07,Siskiyou,093,43540,54,30,0,30,0
2020-07-07,Solano,095,438530,2587,1776,7,1783,22
2020-07-07,Sonoma,097,501317,1986,1473,5,1478,8
2020-07-07,Stanislaus,099,539301,6026,4101,8,4109,46
2020-07-07,Sutter,101,95872,377,273,0,273,2
2020-07-07,Tehama,103,63373,125,95,2,97,1
2020-07-07,Trinity,105,12862,20,2,5,7,0
2020-07-07,Tulare,107,460477,6929,5189,16,5205,137
2020-07-07,Tuolumne,109,53932,75,40,4,44,0
2020-07-07,Ventura,111,848112,5596,3992,18,4010,46
2020-07-07,Yolo,113,214977,1031,706,3,709,26
2020-07-07,Yuba,115,75493,161,138,0,138,1
2020-07-06,Alameda,001,1643700,8418,6970,10,6980,141
2020-07-06,Alpine,002,1148,1,1,0,1,0
2020-07-06,Amador,005,37829,39,33,0,33,0
2020-07-06,Butte,007,227075,432,257,18,275,2
2020-07-06,Calaveras,009,45235,74,45,0,45,0
2020-07-06,Colusa,011,21464,134,80,0,80,0
2020-07-06,Contra Costa,013,1133247,5282,3901,7,3908,83
2020-07-06,Del Norte,015,27424,60,57,0,57,0
2020-07-06,El Dorado,017,186661,402,232,4,236,0
2020-07-06,Fresno,019,978130,12544,6364,86,6450,82
2020-07-06,Glenn,021,27897,197,129,0,129,0
2020-07-06,Humboldt,023,135768,188,148,1,149,3
2020-07-06,Imperial,025,180216,8732,6443,4,6447,47
2020-07-06,Inyo,027,18085,36,32,1,33,1
2020-07-06,Kern,029,883053,12695,5491,40,5531,82
2020-07-06,Kings,031,150075,3139,2583,9,2592,33
2020-07-06,Lake,033,64148,122,93,0,93,1
2020-07-06,Lassen,035,31185,264,219,2,221,0
2020-07-06,Los Angeles,037,10098052,136774,116707,111,116818,3541
2020-07-06,Madera,039,155013,1345,734,3,737,4
2020-07-06,Marin,041,260295,3631,2136,4,2140,17
2020-07-06,Mariposa,043,17540,36,31,0,31,1
2020-07-06,Mendocino,045,87422,106,72,0,72,0
2020-07-06,Merced,047,269075,2513,1396,2,1398,10
2020-07-06,Modoc,049,8938,1,0,0,0,0
2020-07-06,Mono,051,14174,58,40,0,40,1
2020-07-06,Monterey,053,433212,2802,2078,4,2082,15
2020-07-06,Napa,055,140530,609,454,0,454,4
2020-07-06,Nevada,057,99092,192,146,5,151,1
2020-07-06,Orange,059,3164182,28560,20167,292,20459,372
2020-07-06,Placer,061,380077,1222,904,3,907,11
2020-07-06,Plumas,063,18699,17,11,0,11,0
2020-07-06,Riverside,065,2383286,28564,22485,28,22513,477
2020-07-06,Sacramento,067,1510023,5985,4420,7,4427,71
2020-07-06,San Benito,069,59416,366,264,0,264,2
2020-07-06,San Bernardino,071,2135413,23973,15346,16,15362,272
2020-07-06,San Diego,073,3302833,21326,17002,2,17004,387
2020-07-06,San Francisco,075,870044,4673,3861,1,3862,50
2020-07-06,San Joaquin,077,732212,7377,5104,4,5108,57
2020-07-06,San Luis Obispo,079,281455,1157,751,7,758,2
2020-07-06,San Mateo,081,765935,4187,3650,6,3656,106
2020-07-06,Santa Barbara,083,443738,4523,3763,38,3801,27
2020-07-06,Santa Clara,085,1922200,7171,5369,19,5388,165
2020-07-06,Santa Cruz,087,273765,600,466,2,468,2
2020-07-06,Shasta,089,179085,261,143,1,144,6
2020-07-06,Sierra,091,2930,1,1,0,1,0
2020-07-06,Siskiyou,093,43540,50,30,0,30,0
2020-07-06,Solano,095,438530,2451,1668,7,1675,22
2020-07-06,Sonoma,097,501317,1922,1369,5,1374,8
2020-07-06,Stanislaus,099,539301,5624,3983,8,3991,46
2020-07-06,Sutter,101,95872,350,250,0,250,2
2020-07-06,Tehama,103,63373,122,95,2,97,1
2020-07-06,Trinity,105,12862,19,2,5,7,0
2020-07-06,Tulare,107,460477,6724,5039,14,5053,136
2020-07-06,Tuolumne,109,53932,72,30,4,34,0
2020-07-06,Ventura,111,848112,5403,3912,18,3930,44
2020-07-06,Yolo,113,214977,975,685,3,688,26
2020-07-06,Yuba,115,75493,147,124,0,124,1
2020-07-05,Alameda,001,1643700,8169,6861,10,6871,141
2020-07-05,Alpine,002,1148,1,1,0,1,0
2020-07-05,Amador,005,37829,37,31,0,31,0
2020-07-05,Butte,007,227075,397,248,18,266,2
2020-07-05,Calaveras,009,45235,70,45,0,45,0
2020-07-05,Colusa,011,21464,124,79,0,79,0
2020-07-05,Contra Costa,013,1133247,5034,3665,6,3671,80
2020-07-05,Del Norte,015,27424,60,57,0,57,0
2020-07-05,El Dorado,017,186661,384,227,4,231,0
2020-07-05,Fresno,019,978130,11978,6186,85,6271,82
2020-07-05,Glenn,021,27897,194,129,0,129,0
2020-07-05,Humboldt,023,135768,184,147,1,148,3
2020-07-05,Imperial,025,180216,8595,6441,4,6445,47
2020-07-05,Inyo,027,18085,35,32,1,33,1
2020-07-05,Kern,029,883053,11987,5351,40,5391,82
2020-07-05,Kings,031,150075,3056,2546,8,2554,31
2020-07-05,Lake,033,64148,122,92,0,92,1
2020-07-05,Lassen,035,31185,258,219,2,221,0
2020-07-05,Los Angeles,037,10098052,133543,115133,105,115238,3495
2020-07-05,Madera,039,155013,1268,564,3,567,4
2020-07-05,Marin,041,260295,3449,2080,4,2084,17
2020-07-05,Mariposa,043,17540,36,31,0,31,1
2020-07-05,Mendocino,045,87422,103,72,0,72,0
2020-07-05,Merced,047,269075,2366,1340,2,1342,10
2020-07-05,Modoc,049,8938,1,0,0,0,0
2020-07-05,Mono,051,14174,54,39,0,39,1
2020-07-05,Monterey,053,433212,2699,1994,4,1998,15
2020-07-05,Napa,055,140530,579,450,0,450,4
2020-07-05,Nevada,057,99092,186,141,5,146,1
2020-07-05,Orange,059,3164182,27612,19430,279,19709,372
2020-07-05,Placer,061,380077,1165,855,3,858,11
2020-07-05,Plumas,063,18699,16,11,0,11,0
2020-07-05,Riverside,065,2383286,27706,21511,28,21539,474
2020-07-05,Sacramento,067,1510023,5670,4265,6,4271,71
2020-07-05,San Benito,069,59416,348,258,0,258,2
2020-07-05,San Bernardino,071,2135413,23094,15026,16,15042,270
2020-07-05,San Diego,073,3302833,20635,16728,2,16730,387
2020-07-05,San Francisco,075,870044,4556,3861,1,3862,50
2020-07-05,San Joaquin,077,732212,7058,5015,4,5019,57
2020-07-05,San Luis Obispo,079,281455,1078,730,7,737,2
2020-07-05,San Mateo,081,765935,4077,3575,6,3581,106
2020-07-05,Santa Barbara,083,443738,4376,3671,35,3706,27
2020-07-05,Santa Clara,085,1922200,6875,5237,19,5256,162
2020-07-05,Santa Cruz,087,273765,582,467,0,467,2
2020-07-05,Shasta,089,179085,255,138,1,139,6
2020-07-05,Sierra,091,2930,1,1,0,1,0
2020-07-05,Siskiyou,093,43540,46,30,0,30,0
2020-07-05,Solano,095,438530,2330,1547,7,1554,22
2020-07-05,Sonoma,097,501317,1841,1369,5,1374,8
2020-07-05,Stanislaus,099,539301,5294,3777,7,3784,45
2020-07-05,Sutter,101,95872,322,241,0,241,2
2020-07-05,Tehama,103,63373,120,95,2,97,1
2020-07-05,Trinity,105,12862,19,2,5,7,0
2020-07-05,Tulare,107,460477,6465,4981,12,4993,135
2020-07-05,Tuolumne,109,53932,67,30,3,33,0
2020-07-05,Ventura,111,848112,5200,3866,18,3884,44
2020-07-05,Yolo,113,214977,935,644,3,647,26
2020-07-05,Yuba,115,75493,137,115,0,115,1
2020-07-04,Alameda,001,1643700,8057,6737,10,6747,141
2020-07-04,Alpine,002,1148,1,1,0,1,0
2020-07-04,Amador,005,37829,36,31,0,31,0
2020-07-04,Butte,007,227075,379,224,18,242,2
2020-07-04,Calaveras,009,45235,70,45,0,45,0
2020-07-04,Colusa,011,21464,123,76,0,76,0
2020-07-04,Contra Costa,013,1133247,4888,3583,6,3589,80
2020-07-04,Del Norte,015,27424,60,50,0,50,0
2020-07-04,El Dorado,017,186661,365,211,4,215,0
2020-07-04,Fresno,019,978130,11661,5999,83,6082,82
2020-07-04,Glenn,021,27897,187,128,0,128,0
2020-07-04,Humboldt,023,135768,177,144,1,145,3
2020-07-04,Imperial,025,180216,8545,6441,4,6445,47
2020-07-04,Inyo,027,18085,35,32,1,33,1
2020-07-04,Kern,029,883053,11683,5231,40,5271,81
2020-07-04,Kings,031,150075,3013,2509,8,2517,31
2020-07-04,Lake,033,64148,115,86,0,86,1
2020-07-04,Lassen,035,31185,258,219,2,221,0
2020-07-04,Los Angeles,037,10098052,131727,107256,94,107350,3462
2020-07-04,Madera,039,155013,1222,568,3,571,4
2020-07-04,Marin,041,260295,3420,1962,4,1966,17
2020-07-04,Mariposa,043,17540,36,28,0,28,1
2020-07-04,Mendocino,045,87422,103,72,0,72,0
2020-07-04,Merced,047,269075,2267,1252,2,1254,10
2020-07-04,Modoc,049,8938,1,0,0,0,0
2020-07-04,Mono,051,14174,54,37,0,37,1
2020-07-04,Monterey,053,433212,2619,1878,4,1882,15
2020-07-04,Napa,055,140530,570,426,0,426,4
2020-07-04,Nevada,057,99092,183,125,5,130,1
2020-07-04,Orange,059,3164182,27175,19247,266,19513,372
2020-07-04,Placer,061,380077,1130,796,3,799,11
2020-07-04,Plumas,063,18699,16,11,0,11,0
2020-07-04,Riverside,065,2383286,27340,21508,28,21536,474
2020-07-04,Sacramento,067,1510023,5499,4039,6,4045,71
2020-07-04,San Benito,069,59416,335,255,0,255,2
2020-07-04,San Bernardino,071,2135413,22668,14636,14,14650,270
2020-07-04,San Diego,073,3302833,20175,16166,2,16168,387
2020-07-04,San Francisco,075,870044,4464,3861,1,3862,50
2020-07-04,San Joaquin,077,732212,6846,4807,4,4811,57
2020-07-04,San Luis Obispo,079,281455,1038,699,7,706,2
2020-07-04,San Mateo,081,765935,4014,3532,6,3538,106
2020-07-04,Santa Barbara,083,443738,4301,3520,33,3553,27
2020-07-04,Santa Clara,085,1922200,6684,5045,18,5063,161
2020-07-04,Santa Cruz,087,273765,572,466,0,466,2
2020-07-04,Shasta,089,179085,252,135,1,136,6
2020-07-04,Sierra,091,2930,1,1,0,1,0
2020-07-04,Siskiyou,093,43540,39,30,0,30,0
2020-07-04,Solano,095,438530,2293,1548,7,1555,22
2020-07-04,Sonoma,097,501317,1815,1370,5,1375,8
2020-07-04,Stanislaus,099,539301,5136,3572,7,3579,44
2020-07-04,Sutter,101,95872,303,225,0,225,2
2020-07-04,Tehama,103,63373,117,92,2,94,1
2020-07-04,Trinity,105,12862,19,2,5,7,0
2020-07-04,Tulare,107,460477,6353,4802,12,4814,135
2020-07-04,Tuolumne,109,53932,63,30,3,33,0
2020-07-04,Ventura,111,848112,5076,3687,18,3705,44
2020-07-04,Yolo,113,214977,910,615,3,618,26
2020-07-04,Yuba,115,75493,130,102,0,102,1
2020-07-03,Alameda,001,1643700,7936,6486,10,6496,141
2020-07-03,Alpine,002,1148,1,1,0,1,0
2020-07-03,Amador,005,37829,36,25,0,25,0
2020-07-03,Butte,007,227075,367,212,18,230,2
2020-07-03,Calaveras,009,45235,70,44,0,44,0
2020-07-03,Colusa,011,21464,117,70,0,70,0
2020-07-03,Contra Costa,013,1133247,4752,3447,6,3453,78
2020-07-03,Del Norte,015,27424,60,50,0,50,0
2020-07-03,El Dorado,017,186661,353,201,4,205,0
2020-07-03,Fresno,019,978130,11356,5783,81,5864,81
2020-07-03,Glenn,021,27897,182,122,0,122,0
2020-07-03,Humboldt,023,135768,173,143,1,144,3
2020-07-03,Imperial,025,180216,8498,6345,4,6349,47
2020-07-03,Inyo,027,18085,35,32,1,33,1
2020-07-03,Kern,029,883053,11421,5213,40,5253,81
2020-07-03,Kings,031,150075,2977,2492,8,2500,31
2020-07-03,Lake,033,64148,108,83,0,83,0
2020-07-03,Lassen,035,31185,258,219,2,221,0
2020-07-03,Los Angeles,037,10098052,130214,107236,90,107326,3461
2020-07-03,Madera,039,155013,1178,565,3,568,4
2020-07-03,Marin,041,260295,3392,1776,4,1780,17
2020-07-03,Mariposa,043,17540,36,28,0,28,1
2020-07-03,Mendocino,045,87422,102,72,0,72,0
2020-07-03,Merced,047,269075,2199,1188,2,1190,10
2020-07-03,Modoc,049,8938,1,0,0,0,0
2020-07-03,Mono,051,14174,54,37,0,37,1
2020-07-03,Monterey,053,433212,2549,1804,4,1808,15
2020-07-03,Napa,055,140530,552,388,0,388,4
2020-07-03,Nevada,057,99092,182,125,5,130,1
2020-07-03,Orange,059,3164182,26784,18819,258,19077,366
2020-07-03,Placer,061,380077,1103,745,3,748,11
2020-07-03,Plumas,063,18699,16,11,0,11,0
2020-07-03,Riverside,065,2383286,27034,21171,28,21199,472
2020-07-03,Sacramento,067,1510023,5365,3711,6,3717,71
2020-07-03,San Benito,069,59416,328,243,0,243,2
2020-07-03,San Bernardino,071,2135413,22280,14040,14,14054,269
2020-07-03,San Diego,073,3302833,19720,15698,2,15700,387
2020-07-03,San Francisco,075,870044,4418,3781,1,3782,50
2020-07-03,San Joaquin,077,732212,6708,4416,3,4419,56
2020-07-03,San Luis Obispo,079,281455,1003,676,7,683,2
2020-07-03,San Mateo,081,765935,3957,3439,6,3445,106
2020-07-03,Santa Barbara,083,443738,4214,3406,32,3438,27
2020-07-03,Santa Clara,085,1922200,6572,4820,18,4838,161
2020-07-03,Santa Cruz,087,273765,558,436,0,436,2
2020-07-03,Shasta,089,179085,244,113,1,114,6
2020-07-03,Sierra,091,2930,1,1,0,1,0
2020-07-03,Siskiyou,093,43540,36,30,0,30,0
2020-07-03,Solano,095,438530,2249,1496,6,1502,22
2020-07-03,Sonoma,097,501317,1767,1282,5,1287,8
2020-07-03,Stanislaus,099,539301,5012,3021,7,3028,43
2020-07-03,Sutter,101,95872,293,205,0,205,2
2020-07-03,Tehama,103,63373,115,89,2,91,1
2020-07-03,Trinity,105,12862,19,2,5,7,0
2020-07-03,Tulare,107,460477,6238,4656,12,4668,134
2020-07-03,Tuolumne,109,53932,61,27,3,30,0
2020-07-03,Ventura,111,848112,4980,3536,18,3554,44
2020-07-03,Yolo,113,214977,876,586,3,589,25
2020-07-03,Yuba,115,75493,125,96,0,96,1
2020-07-02,Alameda,001,1643700,7810,6386,10,6396,139
2020-07-02,Alpine,002,1148,1,1,0,1,0
2020-07-02,Amador,005,37829,35,23,0,23,0
2020-07-02,Butte,007,227075,350,199,18,217,2
2020-07-02,Calaveras,009,45235,65,42,0,42,0
2020-07-02,Colusa,011,21464,109,60,0,60,0
2020-07-02,Contra Costa,013,1133247,4570,3347,6,3353,77
2020-07-02,Del Norte,015,27424,59,50,0,50,0
2020-07-02,El Dorado,017,186661,342,193,4,197,0
2020-07-02,Fresno,019,978130,10895,5402,81,5483,78
2020-07-02,Glenn,021,27897,176,114,0,114,0
2020-07-02,Humboldt,023,135768,169,138,1,139,3
2020-07-02,Imperial,025,180216,8396,6236,4,6240,47
2020-07-02,Inyo,027,18085,35,29,1,30,1
2020-07-02,Kern,029,883053,10886,5036,38,5074,78
2020-07-02,Kings,031,150075,2926,2419,8,2427,31
2020-07-02,Lake,033,64148,104,81,0,81,0
2020-07-02,Lassen,035,31185,256,218,2,220,0
2020-07-02,Los Angeles,037,10098052,128197,107144,67,107211,3458
2020-07-02,Madera,039,155013,1110,548,3,551,4
2020-07-02,Marin,041,260295,3306,1706,4,1710,17
2020-07-02,Mariposa,043,17540,35,28,0,28,1
2020-07-02,Mendocino,045,87422,98,71,0,71,0
2020-07-02,Merced,047,269075,2096,1122,2,1124,10
2020-07-02,Modoc,049,8938,1,0,0,0,0
2020-07-02,Mono,051,14174,54,37,0,37,1
2020-07-02,Monterey,053,433212,2489,1796,4,1800,15
2020-07-02,Napa,055,140530,535,352,0,352,4
2020-07-02,Nevada,057,99092,176,118,4,122,1
2020-07-02,Orange,059,3164182,26016,17056,245,17301,360
2020-07-02,Placer,061,380077,1079,740,3,743,11
2020-07-02,Plumas,063,18699,15,8,0,8,0
2020-07-02,Riverside,065,2383286,26460,20253,28,20281,458
2020-07-02,Sacramento,067,1510023,5138,3587,6,3593,70
2020-07-02,San Benito,069,59416,320,236,0,236,2
2020-07-02,San Bernardino,071,2135413,21744,13185,14,13199,260
2020-07-02,San Diego,073,3302833,19254,15208,2,15210,377
2020-07-02,San Francisco,075,870044,4323,3676,1,3677,50
2020-07-02,San Joaquin,077,732212,6361,4243,3,4246,56
2020-07-02,San Luis Obispo,079,281455,958,659,7,666,2
2020-07-02,San Mateo,081,765935,3877,3390,6,3396,107
2020-07-02,Santa Barbara,083,443738,4114,3385,30,3415,27
2020-07-02,Santa Clara,085,1922200,6445,4722,18,4740,160
2020-07-02,Santa Cruz,087,273765,535,414,0,414,2
2020-07-02,Shasta,089,179085,241,110,1,111,5
2020-07-02,Sierra,091,2930,1,1,0,1,0
2020-07-02,Siskiyou,093,43540,36,30,0,30,0
2020-07-02,Solano,095,438530,2166,1429,6,1435,21
2020-07-02,Sonoma,097,501317,1709,1244,5,1249,6
2020-07-02,Stanislaus,099,539301,4840,2850,7,2857,41
2020-07-02,Sutter,101,95872,282,195,0,195,2
2020-07-02,Tehama,103,63373,113,86,2,88,1
2020-07-02,Trinity,105,12862,19,2,5,7,0
2020-07-02,Tulare,107,460477,6071,4559,11,4570,132
2020-07-02,Tuolumne,109,53932,58,23,2,25,0
2020-07-02,Ventura,111,848112,4824,3394,18,3412,42
2020-07-02,Yolo,113,214977,844,554,3,557,24
2020-07-02,Yuba,115,75493,115,93,0,93,1
2020-07-01,Alameda,001,1643700,7592,6125,10,6135,137
2020-07-01,Alpine,002,1148,1,1,0,1,0
2020-07-01,Amador,005,37829,34,22,0,22,0
2020-07-01,Butte,007,227075,325,185,18,203,2
2020-07-01,Calaveras,009,45235,63,37,0,37,0
2020-07-01,Colusa,011,21464,103,53,0,53,0
2020-07-01,Contra Costa,013,1133247,4357,3259,6,3265,76
2020-07-01,Del Norte,015,27424,59,50,0,50,0
2020-07-01,El Dorado,017,186661,315,183,4,187,0
2020-07-01,Fresno,019,978130,10461,5111,78,5189,76
2020-07-01,Glenn,021,27897,170,110,0,110,0
2020-07-01,Humboldt,023,135768,164,134,0,134,3
2020-07-01,Imperial,025,180216,8299,6150,4,6154,46
2020-07-01,Inyo,027,18085,34,30,1,31,1
2020-07-01,Kern,029,883053,10252,4853,37,4890,78
2020-07-01,Kings,031,150075,2858,2360,8,2368,30
2020-07-01,Lake,033,64148,103,75,0,75,0
2020-07-01,Lassen,035,31185,255,217,2,219,0
2020-07-01,Los Angeles,037,10098052,124999,105325,58,105383,3408
2020-07-01,Madera,039,155013,1069,519,3,522,4
2020-07-01,Marin,041,260295,3149,1636,4,1640,17
2020-07-01,Mariposa,043,17540,35,29,0,29,1
2020-07-01,Mendocino,045,87422,94,70,0,70,0
2020-07-01,Merced,047,269075,1998,1052,2,1054,10
2020-07-01,Modoc,049,8938,1,0,0,0,0
2020-07-01,Mono,051,14174,51,37,0,37,1
2020-07-01,Monterey,053,433212,2381,1703,3,1706,15
2020-07-01,Napa,055,140530,512,347,0,347,4
2020-07-01,Nevada,057,99092,166,115,4,119,1
2020-07-01,Orange,059,3164182,25123,15662,224,15886,343
2020-07-01,Placer,061,380077,1032,713,3,716,11
2020-07-01,Plumas,063,18699,13,8,0,8,0
2020-07-01,Riverside,065,2383286,25617,19537,27,19564,457
2020-07-01,Sacramento,067,1510023,4883,3425,6,3431,64
2020-07-01,San Benito,069,59416,311,219,0,219,2
2020-07-01,San Bernardino,071,2135413,20850,12712,11,12723,253
2020-07-01,San Diego,073,3302833,18686,14624,2,14626,372
2020-07-01,San Francisco,075,870044,4230,3626,1,3627,50
2020-07-01,San Joaquin,077,732212,6003,3990,3,3993,54
2020-07-01,San Luis Obispo,079,281455,931,613,7,620,1
2020-07-01,San Mateo,081,765935,3815,3326,6,3332,84
2020-07-01,Santa Barbara,083,443738,3994,3268,29,3297,27
2020-07-01,Santa Clara,085,1922200,6259,4547,17,4564,159
2020-07-01,Santa Cruz,087,273765,511,398,0,398,2
2020-07-01,Shasta,089,179085,236,104,1,105,5
2020-07-01,Sierra,091,2930,1,1,0,1,0
2020-07-01,Siskiyou,093,43540,36,28,0,28,0
2020-07-01,Solano,095,438530,2074,1350,6,1356,21
2020-07-01,Sonoma,097,501317,1614,1178,5,1183,6
2020-07-01,Stanislaus,099,539301,4562,2619,7,2626,41
2020-07-01,Sutter,101,95872,269,188,0,188,2
2020-07-01,Tehama,103,63373,106,80,2,82,1
2020-07-01,Trinity,105,12862,19,2,4,6,0
2020-07-01,Tulare,107,460477,5895,4359,11,4370,128
2020-07-01,Tuolumne,109,53932,55,17,2,19,0
2020-07-01,Ventura,111,848112,4682,3224,16,3240,41
2020-07-01,Yolo,113,214977,793,526,3,529,24
2020-07-01,Yuba,115,75493,110,57,0,57,1
2020-06-30,Alameda,001,1643700,7345,5959,8,5967,137
2020-06-30,Alpine,002,1148,1,1,0,1,0
2020-06-30,Amador,005,37829,34,21,0,21,0
2020-06-30,Butte,007,227075,308,163,17,180,2
2020-06-30,Calaveras,009,45235,59,31,0,31,0
2020-06-30,Colusa,011,21464,94,33,0,33,0
2020-06-30,Contra Costa,013,1133247,4146,3140,6,3146,75
2020-06-30,Del Norte,015,27424,59,48,0,48,0
2020-06-30,El Dorado,017,186661,302,175,4,179,0
2020-06-30,Fresno,019,978130,10017,4826,73,4899,75
2020-06-30,Glenn,021,27897,165,96,0,96,0
2020-06-30,Humboldt,023,135768,160,132,0,132,3
2020-06-30,Imperial,025,180216,8200,5968,4,5972,45
2020-06-30,Inyo,027,18085,34,30,1,31,1
2020-06-30,Kern,029,883053,9605,4721,34,4755,75
2020-06-30,Kings,031,150075,2809,2315,5,2320,30
2020-06-30,Lake,033,64148,95,56,0,56,0
2020-06-30,Lassen,035,31185,248,215,2,217,0
2020-06-30,Los Angeles,037,10098052,121416,103640,55,103695,3378
2020-06-30,Madera,039,155013,1012,475,3,478,4
2020-06-30,Marin,041,260295,3078,1614,4,1618,17
2020-06-30,Mariposa,043,17540,34,27,0,27,1
2020-06-30,Mendocino,045,87422,90,65,0,65,0
2020-06-30,Merced,047,269075,1861,970,2,972,10
2020-06-30,Modoc,049,8938,1,0,0,0,0
2020-06-30,Mono,051,14174,49,36,0,36,1
2020-06-30,Monterey,053,433212,2284,1657,3,1660,15
2020-06-30,Napa,055,140530,487,342,0,342,4
2020-06-30,Nevada,057,99092,158,113,4,117,1
2020-06-30,Orange,059,3164182,24185,14354,214,14568,335
2020-06-30,Placer,061,380077,1005,667,3,670,11
2020-06-30,Plumas,063,18699,12,8,0,8,0
2020-06-30,Riverside,065,2383286,24899,18656,26,18682,449
2020-06-30,Sacramento,067,1510023,4594,3246,6,3252,64
2020-06-30,San Benito,069,59416,300,200,0,200,2
2020-06-30,San Bernardino,071,2135413,19868,12375,10,12385,249
2020-06-30,San Diego,073,3302833,17981,14150,2,14152,365
2020-06-30,San Francisco,075,870044,4125,3555,1,3556,50
2020-06-30,San Joaquin,077,732212,5629,3744,3,3747,52
2020-06-30,San Luis Obispo,079,281455,891,583,7,590,1
2020-06-30,San Mateo,081,765935,3737,3268,6,3274,84
2020-06-30,Santa Barbara,083,443738,3878,3102,29,3131,25
2020-06-30,Santa Clara,085,1922200,6056,4346,17,4363,157
2020-06-30,Santa Cruz,087,273765,485,379,0,379,2
2020-06-30,Shasta,089,179085,220,100,1,101,5
2020-06-30,Sierra,091,2930,1,1,0,1,0
2020-06-30,Siskiyou,093,43540,35,26,0,26,0
2020-06-30,Solano,095,438530,1982,1256,6,1262,21
2020-06-30,Sonoma,097,501317,1551,1122,5,1127,6
2020-06-30,Stanislaus,099,539301,4265,2578,7,2585,41
2020-06-30,Sutter,101,95872,246,168,0,168,2
2020-06-30,Tehama,103,63373,104,75,2,77,1
2020-06-30,Trinity,105,12862,19,2,4,6,0
2020-06-30,Tulare,107,460477,5686,4207,11,4218,117
2020-06-30,Tuolumne,109,53932,51,16,2,18,0
2020-06-30,Ventura,111,848112,4548,3030,16,3046,40
2020-06-30,Yolo,113,214977,755,515,3,518,24
2020-06-30,Yuba,115,75493,106,55,0,55,1
2020-06-29,Alameda,001,1643700,7137,5766,8,5774,135
2020-06-29,Alpine,002,1148,1,1,0,1,0
2020-06-29,Amador,005,37829,31,20,0,20,0
2020-06-29,Butte,007,227075,287,157,17,174,2
2020-06-29,Calaveras,009,45235,56,30,0,30,0
2020-06-29,Colusa,011,21464,89,17,0,17,0
2020-06-29,Contra Costa,013,1133247,3982,2976,5,2981,75
2020-06-29,Del Norte,015,27424,59,47,0,47,0
2020-06-29,El Dorado,017,186661,288,163,2,165,0
2020-06-29,Fresno,019,978130,9669,4531,71,4602,74
2020-06-29,Glenn,021,27897,156,77,0,77,0
2020-06-29,Humboldt,023,135768,159,128,0,128,3
2020-06-29,Imperial,025,180216,8071,5512,4,5516,45
2020-06-29,Inyo,027,18085,33,29,0,29,1
2020-06-29,Kern,029,883053,8942,4613,32,4645,73
2020-06-29,Kings,031,150075,2744,2280,5,2285,20
2020-06-29,Lake,033,64148,88,53,0,53,0
2020-06-29,Lassen,035,31185,240,77,2,79,0
2020-06-29,Los Angeles,037,10098052,118380,100846,49,100895,3337
2020-06-29,Madera,039,155013,955,422,3,425,4
2020-06-29,Marin,041,260295,3002,1517,4,1521,17
2020-06-29,Mariposa,043,17540,32,25,0,25,1
2020-06-29,Mendocino,045,87422,87,63,0,63,0
2020-06-29,Merced,047,269075,1752,848,1,849,10
2020-06-29,Modoc,049,8938,1,0,0,0,0
2020-06-29,Mono,051,14174,47,35,0,35,1
2020-06-29,Monterey,053,433212,2212,1614,3,1617,14
2020-06-29,Napa,055,140530,465,317,0,317,4
2020-06-29,Nevada,057,99092,155,107,3,110,1
2020-06-29,Orange,059,3164182,23186,13682,198,13880,324
2020-06-29,Placer,061,380077,969,628,3,631,11
2020-06-29,Plumas,063,18699,12,6,0,6,0
2020-06-29,Riverside,065,2383286,23865,17683,26,17709,432
2020-06-29,Sacramento,067,1510023,4307,2985,6,2991,62
2020-06-29,San Benito,069,59416,285,193,0,193,2
2020-06-29,San Bernardino,071,2135413,18905,11643,10,11653,245
2020-06-29,San Diego,073,3302833,17403,13834,2,13836,361
2020-06-29,San Francisco,075,870044,4048,3389,1,3390,50
2020-06-29,San Joaquin,077,732212,5271,3202,3,3205,52
2020-06-29,San Luis Obispo,079,281455,857,544,7,551,1
2020-06-29,San Mateo,081,765935,3683,3170,6,3176,84
2020-06-29,Santa Barbara,083,443738,3769,2933,28,2961,25
2020-06-29,Santa Clara,085,1922200,5886,4231,17,4248,157
2020-06-29,Santa Cruz,087,273765,467,348,0,348,2
2020-06-29,Shasta,089,179085,212,94,1,95,5
2020-06-29,Sierra,091,2930,1,1,0,1,0
2020-06-29,Siskiyou,093,43540,35,25,0,25,0
2020-06-29,Solano,095,438530,1879,1077,6,1083,21
2020-06-29,Sonoma,097,501317,1479,1103,5,1108,5
2020-06-29,Stanislaus,099,539301,4060,2400,6,2406,36
2020-06-29,Sutter,101,95872,224,152,0,152,2
2020-06-29,Tehama,103,63373,100,63,2,65,1
2020-06-29,Trinity,105,12862,18,2,4,6,0
2020-06-29,Tulare,107,460477,5532,3906,10,3916,117
2020-06-29,Tuolumne,109,53932,47,16,2,18,0
2020-06-29,Ventura,111,848112,4401,2794,16,2810,40
2020-06-29,Yolo,113,214977,722,483,3,486,24
2020-06-29,Yuba,115,75493,93,55,0,55,1
2020-06-28,Alameda,001,1643700,6876,5698,8,5706,135
2020-06-28,Alpine,002,1148,1,1,0,1,0
2020-06-28,Amador,005,37829,29,20,0,20,0
2020-06-28,Butte,007,227075,268,150,16,166,2
2020-06-28,Calaveras,009,45235,51,30,0,30,0
2020-06-28,Colusa,011,21464,74,17,0,17,0
2020-06-28,Contra Costa,013,1133247,3792,2803,4,2807,73
2020-06-28,Del Norte,015,27424,58,47,0,47,0
2020-06-28,El Dorado,017,186661,276,162,2,164,0
2020-06-28,Fresno,019,978130,9306,4365,71,4436,74
2020-06-28,Glenn,021,27897,148,77,0,77,0
2020-06-28,Humboldt,023,135768,156,127,0,127,3
2020-06-28,Imperial,025,180216,7880,5513,4,5517,45
2020-06-28,Inyo,027,18085,33,29,0,29,1
2020-06-28,Kern,029,883053,8391,4541,29,4570,72
2020-06-28,Kings,031,150075,2684,2234,5,2239,18
2020-06-28,Lake,033,64148,84,53,0,53,0
2020-06-28,Lassen,035,31185,240,77,2,79,0
2020-06-28,Los Angeles,037,10098052,115176,98003,45,98048,3316
2020-06-28,Madera,039,155013,907,424,3,427,4
2020-06-28,Marin,041,260295,2656,1473,4,1477,17
2020-06-28,Mariposa,043,17540,32,24,0,24,1
2020-06-28,Mendocino,045,87422,85,63,0,63,0
2020-06-28,Merced,047,269075,1638,814,1,815,10
2020-06-28,Modoc,049,8938,1,0,0,0,0
2020-06-28,Mono,051,14174,47,35,0,35,1
2020-06-28,Monterey,053,433212,2130,1560,3,1563,13
2020-06-28,Napa,055,140530,431,307,0,307,4
2020-06-28,Nevada,057,99092,144,102,3,105,1
2020-06-28,Orange,059,3164182,22204,13213,180,13393,324
2020-06-28,Placer,061,380077,930,618,3,621,11
2020-06-28,Plumas,063,18699,11,6,0,6,0
2020-06-28,Riverside,065,2383286,23036,16848,25,16873,432
2020-06-28,Sacramento,067,1510023,4079,2803,6,2809,63
2020-06-28,San Benito,069,59416,274,190,0,190,2
2020-06-28,San Bernardino,071,2135413,18153,11344,9,11353,245
2020-06-28,San Diego,073,3302833,16857,13333,2,13335,361
2020-06-28,San Francisco,075,870044,3970,3388,1,3389,50
2020-06-28,San Joaquin,077,732212,4934,3201,3,3204,52
2020-06-28,San Luis Obispo,079,281455,818,531,6,537,1
2020-06-28,San Mateo,081,765935,3606,3124,5,3129,84
2020-06-28,Santa Barbara,083,443738,3624,2872,28,2900,25
2020-06-28,Santa Clara,085,1922200,5724,4131,17,4148,156
2020-06-28,Santa Cruz,087,273765,444,349,0,349,2
2020-06-28,Shasta,089,179085,199,89,0,89,5
2020-06-28,Sierra,091,2930,1,1,0,1,0
2020-06-28,Siskiyou,093,43540,35,25,0,25,0
2020-06-28,Solano,095,438530,1804,1077,6,1083,21
2020-06-28,Sonoma,097,501317,1425,1084,5,1089,5
2020-06-28,Stanislaus,099,539301,3854,2376,6,2382,36
2020-06-28,Sutter,101,95872,198,145,0,145,2
2020-06-28,Tehama,103,63373,93,63,2,65,1
2020-06-28,Trinity,105,12862,17,2,4,6,0
2020-06-28,Tulare,107,460477,5364,3812,10,3822,117
2020-06-28,Tuolumne,109,53932,42,14,2,16,0
2020-06-28,Ventura,111,848112,4243,2650,16,2666,40
2020-06-28,Yolo,113,214977,687,468,3,471,24
2020-06-28,Yuba,115,75493,89,39,0,39,1
2020-06-27,Alameda,001,1643700,6780,5581,8,5589,135
2020-06-27,Alpine,002,1148,1,1,0,1,0
2020-06-27,Amador,005,37829,27,20,0,20,0
2020-06-27,Butte,007,227075,260,137,15,152,2
2020-06-27,Calaveras,009,45235,49,30,0,30,0
2020-06-27,Colusa,011,21464,68,17,0,17,0
2020-06-27,Contra Costa,013,1133247,3698,2717,3,2720,72
2020-06-27,Del Norte,015,27424,58,47,0,47,0
2020-06-27,El Dorado,017,186661,270,159,2,161,0
2020-06-27,Fresno,019,978130,9059,4238,71,4309,74
2020-06-27,Glenn,021,27897,144,77,0,77,0
2020-06-27,Humboldt,023,135768,154,127,0,127,3
2020-06-27,Imperial,025,180216,7819,5513,4,5517,45
2020-06-27,Inyo,027,18085,33,29,0,29,1
2020-06-27,Kern,029,883053,8128,4411,28,4439,70
2020-06-27,Kings,031,150075,2658,2187,5,2192,18
2020-06-27,Lake,033,64148,81,42,0,42,0
2020-06-27,Lassen,035,31185,240,33,2,35,0
2020-06-27,Los Angeles,037,10098052,113434,95341,42,95383,3291
2020-06-27,Madera,039,155013,864,427,2,429,4
2020-06-27,Marin,041,260295,2610,1423,4,1427,17
2020-06-27,Mariposa,043,17540,31,22,0,22,1
2020-06-27,Mendocino,045,87422,85,63,0,63,0
2020-06-27,Merced,047,269075,1578,807,0,807,10
2020-06-27,Modoc,049,8938,1,0,0,0,0
2020-06-27,Mono,051,14174,46,35,0,35,1
2020-06-27,Monterey,053,433212,2066,1455,3,1458,12
2020-06-27,Napa,055,140530,421,282,0,282,3
2020-06-27,Nevada,057,99092,140,102,2,104,1
2020-06-27,Orange,059,3164182,21693,12951,175,13126,320
2020-06-27,Placer,061,380077,909,584,3,587,10
2020-06-27,Plumas,063,18699,11,6,0,6,0
2020-06-27,Riverside,065,2383286,22646,16209,25,16234,432
2020-06-27,Sacramento,067,1510023,3962,2685,6,2691,63
2020-06-27,San Benito,069,59416,267,182,0,182,2
2020-06-27,San Bernardino,071,2135413,17778,11238,9,11247,243
2020-06-27,San Diego,073,3302833,16492,12836,2,12838,360
2020-06-27,San Francisco,075,870044,3915,3332,1,3333,49
2020-06-27,San Joaquin,077,732212,4768,2995,3,2998,52
2020-06-27,San Luis Obispo,079,281455,795,505,6,511,1
2020-06-27,San Mateo,081,765935,3549,3083,5,3088,83
2020-06-27,Santa Barbara,083,443738,3552,2799,28,2827,25
2020-06-27,Santa Clara,085,1922200,5618,4006,17,4023,157
2020-06-27,Santa Cruz,087,273765,437,347,0,347,2
2020-06-27,Shasta,089,179085,193,87,0,87,5
2020-06-27,Sierra,091,2930,1,1,0,1,0
2020-06-27,Siskiyou,093,43540,35,25,0,25,0
2020-06-27,Solano,095,438530,1771,1076,6,1082,21
2020-06-27,Sonoma,097,501317,1392,1004,5,1009,5
2020-06-27,Stanislaus,099,539301,3754,2164,6,2170,36
2020-06-27,Sutter,101,95872,191,141,0,141,2
2020-06-27,Tehama,103,63373,90,63,2,65,1
2020-06-27,Trinity,105,12862,17,2,4,6,0
2020-06-27,Tulare,107,460477,5267,3810,10,3820,117
2020-06-27,Tuolumne,109,53932,41,13,2,15,0
2020-06-27,Ventura,111,848112,4144,2471,16,2487,40
2020-06-27,Yolo,113,214977,663,432,3,435,24
2020-06-27,Yuba,115,75493,81,39,0,39,1
2020-06-26,Alameda,001,1643700,6694,5502,7,5509,132
2020-06-26,Alpine,002,1148,1,1,0,1,0
2020-06-26,Amador,005,37829,26,20,0,20,0
2020-06-26,Butte,007,227075,245,135,15,150,2
2020-06-26,Calaveras,009,45235,47,30,0,30,0
2020-06-26,Colusa,011,21464,63,17,0,17,0
2020-06-26,Contra Costa,013,1133247,3585,2676,3,2679,72
2020-06-26,Del Norte,015,27424,57,47,0,47,0
2020-06-26,El Dorado,017,186661,262,159,2,161,0
2020-06-26,Fresno,019,978130,8834,4166,71,4237,74
2020-06-26,Glenn,021,27897,137,71,0,71,0
2020-06-26,Humboldt,023,135768,152,126,0,126,3
2020-06-26,Imperial,025,180216,7756,5400,4,5404,44
2020-06-26,Inyo,027,18085,32,29,0,29,1
2020-06-26,Kern,029,883053,7798,4366,28,4394,70
2020-06-26,Kings,031,150075,2626,2176,4,2180,18
2020-06-26,Lake,033,64148,80,42,0,42,0
2020-06-26,Lassen,035,31185,239,30,2,32,0
2020-06-26,Los Angeles,037,10098052,111271,93328,42,93370,3275
2020-06-26,Madera,039,155013,832,409,2,411,4
2020-06-26,Marin,041,260295,2573,1406,4,1410,17
2020-06-26,Mariposa,043,17540,30,21,0,21,1
2020-06-26,Mendocino,045,87422,82,63,0,63,0
2020-06-26,Merced,047,269075,1531,797,0,797,10
2020-06-26,Modoc,049,8938,1,0,0,0,0
2020-06-26,Mono,051,14174,45,35,0,35,1
2020-06-26,Monterey,053,433212,2014,1449,3,1452,12
2020-06-26,Napa,055,140530,411,277,0,277,3
2020-06-26,Nevada,057,99092,136,101,1,102,1
2020-06-26,Orange,059,3164182,21014,12659,172,12831,320
2020-06-26,Placer,061,380077,880,584,3,587,10
2020-06-26,Plumas,063,18699,11,6,0,6,0
2020-06-26,Riverside,065,2383286,22183,15858,25,15883,430
2020-06-26,Sacramento,067,1510023,3797,2687,6,2693,63
2020-06-26,San Benito,069,59416,263,176,0,176,2
2020-06-26,San Bernardino,071,2135413,17400,11111,9,11120,243
2020-06-26,San Diego,073,3302833,16127,12402,2,12404,358
2020-06-26,San Francisco,075,870044,3860,3330,1,3331,49
2020-06-26,San Joaquin,077,732212,4554,2943,3,2946,52
2020-06-26,San Luis Obispo,079,281455,780,498,6,504,1
2020-06-26,San Mateo,081,765935,3497,3055,5,3060,83
2020-06-26,Santa Barbara,083,443738,3462,2784,26,2810,25
2020-06-26,Santa Clara,085,1922200,5518,3968,17,3985,156
2020-06-26,Santa Cruz,087,273765,430,344,0,344,2
2020-06-26,Shasta,089,179085,186,86,0,86,5
2020-06-26,Sierra,091,2930,1,1,0,1,0
2020-06-26,Siskiyou,093,43540,34,24,0,24,0
2020-06-26,Solano,095,438530,1729,1068,6,1074,21
2020-06-26,Sonoma,097,501317,1361,977,5,982,5
2020-06-26,Stanislaus,099,539301,3641,2157,6,2163,36
2020-06-26,Sutter,101,95872,184,138,0,138,2
2020-06-26,Tehama,103,63373,87,63,2,65,1
2020-06-26,Trinity,105,12862,17,2,4,6,0
2020-06-26,Tulare,107,460477,5178,3720,10,3730,117
2020-06-26,Tuolumne,109,53932,39,10,2,12,0
2020-06-26,Ventura,111,848112,4058,2444,16,2460,40
2020-06-26,Yolo,113,214977,640,418,3,421,24
2020-06-26,Yuba,115,75493,75,38,0,38,1
2020-06-25,Alameda,001,1643700,6505,5398,7,5405,130
2020-06-25,Alpine,002,1148,1,1,0,1,0
2020-06-25,Amador,005,37829,25,18,0,18,0
2020-06-25,Butte,007,227075,240,127,15,142,1
2020-06-25,Calaveras,009,45235,42,26,0,26,0
2020-06-25,Colusa,011,21464,53,14,0,14,0
2020-06-25,Contra Costa,013,1133247,3399,2591,3,2594,71
2020-06-25,Del Norte,015,27424,55,47,0,47,0
2020-06-25,El Dorado,017,186661,254,150,2,152,0
2020-06-25,Fresno,019,978130,8521,3938,70,4008,71
2020-06-25,Glenn,021,27897,132,59,0,59,0
2020-06-25,Humboldt,023,135768,151,121,0,121,3
2020-06-25,Imperial,025,180216,7627,5192,4,5196,44
2020-06-25,Inyo,027,18085,29,27,0,27,1
2020-06-25,Kern,029,883053,7374,4236,25,4261,69
2020-06-25,Kings,031,150075,2574,2110,4,2114,17
2020-06-25,Lake,033,64148,79,42,0,42,0
2020-06-25,Lassen,035,31185,233,13,2,15,0
2020-06-25,Los Angeles,037,10098052,108503,91524,42,91566,3239
2020-06-25,Madera,039,155013,788,380,2,382,4
2020-06-25,Marin,041,260295,2471,1321,4,1325,17
2020-06-25,Mariposa,043,17540,29,20,0,20,1
2020-06-25,Mendocino,045,87422,79,61,0,61,0
2020-06-25,Merced,047,269075,1443,747,0,747,10
2020-06-25,Modoc,049,8938,1,0,0,0,0
2020-06-25,Mono,051,14174,44,35,0,35,1
2020-06-25,Monterey,053,433212,1926,1426,3,1429,12
2020-06-25,Napa,055,140530,393,260,0,260,3
2020-06-25,Nevada,057,99092,128,92,1,93,1
2020-06-25,Orange,059,3164182,20087,12221,170,12391,311
2020-06-25,Placer,061,380077,826,574,3,577,10
2020-06-25,Plumas,063,18699,10,6,0,6,0
2020-06-25,Riverside,065,2383286,21428,15224,25,15249,427
2020-06-25,Sacramento,067,1510023,3574,2519,6,2525,62
2020-06-25,San Benito,069,59416,255,174,0,174,2
2020-06-25,San Bernardino,071,2135413,16649,10590,9,10599,242
2020-06-25,San Diego,073,3302833,15588,11963,2,11965,352
2020-06-25,San Francisco,075,870044,3794,3252,1,3253,48
2020-06-25,San Joaquin,077,732212,4282,2803,3,2806,50
2020-06-25,San Luis Obispo,079,281455,748,473,6,479,1
2020-06-25,San Mateo,081,765935,3429,2996,4,3000,82
2020-06-25,Santa Barbara,083,443738,3357,2622,25,2647,25
2020-06-25,Santa Clara,085,1922200,5368,3871,17,3888,156
2020-06-25,Santa Cruz,087,273765,418,335,0,335,2
2020-06-25,Shasta,089,179085,176,84,0,84,5
2020-06-25,Sierra,091,2930,1,1,0,1,0
2020-06-25,Siskiyou,093,43540,33,24,0,24,0
2020-06-25,Solano,095,438530,1675,1034,6,1040,21
2020-06-25,Sonoma,097,501317,1312,953,4,957,5
2020-06-25,Stanislaus,099,539301,3429,2130,6,2136,36
2020-06-25,Sutter,101,95872,172,126,0,126,2
2020-06-25,Tehama,103,63373,83,59,2,61,1
2020-06-25,Trinity,105,12862,17,2,4,6,0
2020-06-25,Tulare,107,460477,5047,3656,10,3666,117
2020-06-25,Tuolumne,109,53932,38,10,1,11,0
2020-06-25,Ventura,111,848112,3876,2346,15,2361,40
2020-06-25,Yolo,113,214977,611,397,3,400,24
2020-06-25,Yuba,115,75493,64,38,0,38,1
2020-06-24,Alameda,001,1643700,6343,5242,7,5249,123
2020-06-24,Alpine,002,1148,1,1,0,1,0
2020-06-24,Amador,005,37829,23,16,0,16,0
2020-06-24,Butte,007,227075,224,119,14,133,1
2020-06-24,Calaveras,009,45235,40,26,0,26,0
2020-06-24,Colusa,011,21464,44,11,0,11,0
2020-06-24,Contra Costa,013,1133247,3244,2520,3,2523,66
2020-06-24,Del Norte,015,27424,49,47,0,47,0
2020-06-24,El Dorado,017,186661,238,149,2,151,0
2020-06-24,Fresno,019,978130,8190,3765,70,3835,71
2020-06-24,Glenn,021,27897,124,54,0,54,0
2020-06-24,Humboldt,023,135768,151,117,0,117,3
2020-06-24,Imperial,025,180216,7509,5138,4,5142,38
2020-06-24,Inyo,027,18085,29,28,0,28,1
2020-06-24,Kern,029,883053,6981,4155,23,4178,67
2020-06-24,Kings,031,150075,2510,2063,4,2067,16
2020-06-24,Lake,033,64148,66,40,0,40,0
2020-06-24,Lassen,035,31185,232,9,2,11,0
2020-06-24,Los Angeles,037,10098052,105743,89566,42,89608,3186
2020-06-24,Madera,039,155013,766,373,2,375,4
2020-06-24,Marin,041,260295,2244,1261,4,1265,17
2020-06-24,Mariposa,043,17540,28,19,0,19,1
2020-06-24,Mendocino,045,87422,79,60,0,60,0
2020-06-24,Merced,047,269075,1356,696,0,696,8
2020-06-24,Modoc,049,8938,1,0,0,0,0
2020-06-24,Mono,051,14174,42,35,0,35,1
2020-06-24,Monterey,053,433212,1850,1407,3,1410,12
2020-06-24,Napa,055,140530,376,258,0,258,3
2020-06-24,Nevada,057,99092,122,92,1,93,1
2020-06-24,Orange,059,3164182,19089,11804,152,11956,303
2020-06-24,Placer,061,380077,787,548,3,551,10
2020-06-24,Plumas,063,18699,10,6,0,6,0
2020-06-24,Riverside,065,2383286,20580,14946,25,14971,410
2020-06-24,Sacramento,067,1510023,3370,2446,5,2451,62
2020-06-24,San Benito,069,59416,251,171,0,171,2
2020-06-24,San Bernardino,071,2135413,15835,10211,9,10220,239
2020-06-24,San Diego,073,3302833,15085,11628,2,11630,347
2020-06-24,San Francisco,075,870044,3731,3216,1,3217,48
2020-06-24,San Joaquin,077,732212,4061,2680,3,2683,49
2020-06-24,San Luis Obispo,079,281455,717,461,5,466,1
2020-06-24,San Mateo,081,765935,3372,2964,4,2968,82
2020-06-24,Santa Barbara,083,443738,3238,2569,23,2592,22
2020-06-24,Santa Clara,085,1922200,5237,3812,17,3829,155
2020-06-24,Santa Cruz,087,273765,406,329,0,329,2
2020-06-24,Shasta,089,179085,168,83,0,83,5
2020-06-24,Sierra,091,2930,1,1,0,1,0
2020-06-24,Siskiyou,093,43540,32,24,0,24,0
2020-06-24,Solano,095,438530,1586,979,5,984,21
2020-06-24,Sonoma,097,501317,1263,933,4,937,4
2020-06-24,Stanislaus,099,539301,3250,2039,6,2045,36
2020-06-24,Sutter,101,95872,159,118,0,118,2
2020-06-24,Tehama,103,63373,81,55,2,57,1
2020-06-24,Trinity,105,12862,16,2,3,5,0
2020-06-24,Tulare,107,460477,4892,3541,10,3551,116
2020-06-24,Tuolumne,109,53932,33,9,1,10,0
2020-06-24,Ventura,111,848112,3535,2314,15,2329,42
2020-06-24,Yolo,113,214977,576,376,3,379,24
2020-06-24,Yuba,115,75493,58,37,0,37,1
2020-06-23,Alameda,001,1643700,6163,5159,7,5166,121
2020-06-23,Alpine,002,1148,1,1,0,1,0
2020-06-23,Amador,005,37829,22,13,0,13,0
2020-06-23,Butte,007,227075,206,111,14,125,1
2020-06-23,Calaveras,009,45235,40,26,0,26,0
2020-06-23,Colusa,011,21464,40,7,0,7,0
2020-06-23,Contra Costa,013,1133247,3117,2453,3,2456,60
2020-06-23,Del Norte,015,27424,48,46,0,46,0
2020-06-23,El Dorado,017,186661,229,142,2,144,0
2020-06-23,Fresno,019,978130,7541,3569,68,3637,67
2020-06-23,Glenn,021,27897,120,47,0,47,0
2020-06-23,Humboldt,023,135768,151,110,0,110,3
2020-06-23,Imperial,025,180216,7345,5025,4,5029,38
2020-06-23,Inyo,027,18085,29,26,0,26,1
2020-06-23,Kern,029,883053,6614,4087,20,4107,64
2020-06-23,Kings,031,150075,2445,1727,4,1731,16
2020-06-23,Lake,033,64148,60,40,0,40,0
2020-06-23,Lassen,035,31185,228,9,2,11,0
2020-06-23,Los Angeles,037,10098052,102799,88433,41,88474,3152
2020-06-23,Madera,039,155013,727,369,2,371,4
2020-06-23,Marin,041,260295,1975,1139,4,1143,17
2020-06-23,Mariposa,043,17540,26,18,0,18,1
2020-06-23,Mendocino,045,87422,78,61,0,61,0
2020-06-23,Merced,047,269075,1260,656,0,656,8
2020-06-23,Modoc,049,8938,1,0,0,0,0
2020-06-23,Mono,051,14174,42,35,0,35,1
2020-06-23,Monterey,053,433212,1780,1346,3,1349,12
2020-06-23,Napa,055,140530,361,230,0,230,3
2020-06-23,Nevada,057,99092,116,81,1,82,1
2020-06-23,Orange,059,3164182,18112,11071,149,11220,278
2020-06-23,Placer,061,380077,761,525,3,528,10
2020-06-23,Plumas,063,18699,9,6,0,6,0
2020-06-23,Riverside,065,2383286,19561,14469,25,14494,406
2020-06-23,Sacramento,067,1510023,3191,2374,5,2379,62
2020-06-23,San Benito,069,59416,237,167,0,167,2
2020-06-23,San Bernardino,071,2135413,15053,9771,9,9780,229
2020-06-23,San Diego,073,3302833,14565,11296,2,11298,341
2020-06-23,San Francisco,075,870044,3658,3177,1,3178,48
2020-06-23,San Joaquin,077,732212,3802,2502,3,2505,48
2020-06-23,San Luis Obispo,079,281455,686,445,5,450,1
2020-06-23,San Mateo,081,765935,3307,2907,4,2911,81
2020-06-23,Santa Barbara,083,443738,3143,2498,23,2521,22
2020-06-23,Santa Clara,085,1922200,5092,3700,17,3717,155
2020-06-23,Santa Cruz,087,273765,396,313,0,313,2
2020-06-23,Shasta,089,179085,159,81,0,81,5
2020-06-23,Sierra,091,2930,1,1,0,1,0
2020-06-23,Siskiyou,093,43540,30,24,0,24,0
2020-06-23,Solano,095,438530,1528,941,4,945,21
2020-06-23,Sonoma,097,501317,1210,912,4,916,4
2020-06-23,Stanislaus,099,539301,3073,1850,6,1856,35
2020-06-23,Sutter,101,95872,149,112,0,112,2
2020-06-23,Tehama,103,63373,79,50,2,52,1
2020-06-23,Trinity,105,12862,16,2,3,5,0
2020-06-23,Tulare,107,460477,4770,3456,10,3466,111
2020-06-23,Tuolumne,109,53932,28,9,0,9,0
2020-06-23,Ventura,111,848112,3375,2209,14,2223,40
2020-06-23,Yolo,113,214977,549,350,0,350,24
2020-06-23,Yuba,115,75493,55,35,0,35,1
2020-06-22,Alameda,001,1643700,6012,4944,7,4951,121
2020-06-22,Alpine,002,1148,1,1,0,1,0
2020-06-22,Amador,005,37829,19,12,0,12,0
2020-06-22,Butte,007,227075,187,104,14,118,1
2020-06-22,Calaveras,009,45235,38,20,0,20,0
2020-06-22,Colusa,011,21464,37,7,0,7,0
2020-06-22,Contra Costa,013,1133247,2976,2363,3,2366,60
2020-06-22,Del Norte,015,27424,48,46,0,46,0
2020-06-22,El Dorado,017,186661,220,137,2,139,0
2020-06-22,Fresno,019,978130,7010,3425,68,3493,67
2020-06-22,Glenn,021,27897,111,40,0,40,0
2020-06-22,Humboldt,023,135768,148,110,0,110,3
2020-06-22,Imperial,025,180216,7188,4700,4,4704,38
2020-06-22,Inyo,027,18085,29,26,0,26,1
2020-06-22,Kern,029,883053,6262,3982,18,4000,60
2020-06-22,Kings,031,150075,2396,1513,4,1517,13
2020-06-22,Lake,033,64148,54,37,0,37,0
2020-06-22,Lassen,035,31185,118,7,2,9,0
2020-06-22,Los Angeles,037,10098052,99900,85925,40,85965,3117
2020-06-22,Madera,039,155013,702,333,2,335,4
2020-06-22,Marin,041,260295,1718,1029,4,1033,17
2020-06-22,Mariposa,043,17540,25,18,0,18,1
2020-06-22,Mendocino,045,87422,73,48,0,48,0
2020-06-22,Merced,047,269075,1171,619,0,619,8
2020-06-22,Modoc,049,8938,1,0,0,0,0
2020-06-22,Mono,051,14174,42,34,0,34,1
2020-06-22,Monterey,053,433212,1719,1293,3,1296,12
2020-06-22,Napa,055,140530,337,222,0,222,3
2020-06-22,Nevada,057,99092,111,79,1,80,1
2020-06-22,Orange,059,3164182,17176,10711,146,10857,275
2020-06-22,Placer,061,380077,735,512,3,515,9
2020-06-22,Plumas,063,18699,7,6,0,6,0
2020-06-22,Riverside,065,2383286,18589,13948,25,13973,403
2020-06-22,Sacramento,067,1510023,2975,2243,4,2247,62
2020-06-22,San Benito,069,59416,228,164,0,164,2
2020-06-22,San Bernardino,071,2135413,14280,9133,9,9142,229
2020-06-22,San Diego,073,3302833,14073,11098,2,11100,338
2020-06-22,San Francisco,075,870044,3565,3000,1,3001,47
2020-06-22,San Joaquin,077,732212,3554,2332,3,2335,48
2020-06-22,San Luis Obispo,079,281455,653,422,5,427,1
2020-06-22,San Mateo,081,765935,3233,2813,3,2816,81
2020-06-22,Santa Barbara,083,443738,3051,2447,23,2470,21
2020-06-22,Santa Clara,085,1922200,4930,3580,17,3597,155
2020-06-22,Santa Cruz,087,273765,383,290,0,290,3
2020-06-22,Shasta,089,179085,156,77,0,77,5
2020-06-22,Sierra,091,2930,1,1,0,1,0
2020-06-22,Siskiyou,093,43540,30,23,0,23,0
2020-06-22,Solano,095,438530,1450,784,3,787,21
2020-06-22,Sonoma,097,501317,1166,860,2,862,4
2020-06-22,Stanislaus,099,539301,2888,1784,6,1790,35
2020-06-22,Sutter,101,95872,140,100,0,100,2
2020-06-22,Tehama,103,63373,75,38,2,40,1
2020-06-22,Trinity,105,12862,16,2,3,5,0
2020-06-22,Tulare,107,460477,4633,3185,10,3195,111
2020-06-22,Tuolumne,109,53932,19,8,0,8,0
2020-06-22,Ventura,111,848112,3227,2065,14,2079,39
2020-06-22,Yolo,113,214977,523,333,0,333,24
2020-06-22,Yuba,115,75493,50,36,0,36,1
2020-06-21,Alameda,001,1643700,5818,4835,7,4842,121
2020-06-21,Alpine,002,1148,1,1,0,1,0
2020-06-21,Amador,005,37829,14,12,0,12,0
2020-06-21,Butte,007,227075,173,97,14,111,1
2020-06-21,Calaveras,009,45235,38,20,0,20,0
2020-06-21,Colusa,011,21464,29,7,0,7,0
2020-06-21,Contra Costa,013,1133247,2849,2282,3,2285,60
2020-06-21,Del Norte,015,27424,47,46,0,46,0
2020-06-21,El Dorado,017,186661,211,132,2,134,0
2020-06-21,Fresno,019,978130,6439,3296,67,3363,67
2020-06-21,Glenn,021,27897,102,40,0,40,0
2020-06-21,Humboldt,023,135768,143,108,0,108,3
2020-06-21,Imperial,025,180216,7005,4701,4,4705,38
2020-06-21,Inyo,027,18085,27,26,0,26,1
2020-06-21,Kern,029,883053,5970,3918,16,3934,60
2020-06-21,Kings,031,150075,2332,1334,4,1338,11
2020-06-21,Lake,033,64148,49,36,0,36,0
2020-06-21,Lassen,035,31185,25,7,2,9,0
2020-06-21,Los Angeles,037,10098052,97009,83383,39,83422,3101
2020-06-21,Madera,039,155013,668,319,2,321,4
2020-06-21,Marin,041,260295,1560,907,4,911,17
2020-06-21,Mariposa,043,17540,22,18,0,18,1
2020-06-21,Mendocino,045,87422,70,48,0,48,0
2020-06-21,Merced,047,269075,1075,577,0,577,8
2020-06-21,Modoc,049,8938,1,0,0,0,0
2020-06-21,Mono,051,14174,42,34,0,34,1
2020-06-21,Monterey,053,433212,1646,1227,3,1230,12
2020-06-21,Napa,055,140530,322,218,0,218,3
2020-06-21,Nevada,057,99092,108,79,1,80,1
2020-06-21,Orange,059,3164182,16338,10563,143,10706,275
2020-06-21,Placer,061,380077,695,498,3,501,9
2020-06-21,Plumas,063,18699,7,6,0,6,0
2020-06-21,Riverside,065,2383286,17882,13528,24,13552,402
2020-06-21,Sacramento,067,1510023,2774,2156,3,2159,62
2020-06-21,San Benito,069,59416,214,151,0,151,2
2020-06-21,San Bernardino,071,2135413,13505,8925,8,8933,229
2020-06-21,San Diego,073,3302833,13527,10796,2,10798,338
2020-06-21,San Francisco,075,870044,3459,3000,1,3001,47
2020-06-21,San Joaquin,077,732212,3318,2188,3,2191,48
2020-06-21,San Luis Obispo,079,281455,627,418,5,423,1
2020-06-21,San Mateo,081,765935,3175,2781,3,2784,81
2020-06-21,Santa Barbara,083,443738,2944,2430,22,2452,21
2020-06-21,Santa Clara,085,1922200,4793,3514,17,3531,154
2020-06-21,Santa Cruz,087,273765,373,290,0,290,3
2020-06-21,Shasta,089,179085,146,75,0,75,5
2020-06-21,Sierra,091,2930,1,1,0,1,0
2020-06-21,Siskiyou,093,43540,30,23,0,23,0
2020-06-21,Solano,095,438530,1348,783,3,786,21
2020-06-21,Sonoma,097,501317,1116,836,2,838,4
2020-06-21,Stanislaus,099,539301,2702,1688,6,1694,35
2020-06-21,Sutter,101,95872,132,96,0,96,2
2020-06-21,Tehama,103,63373,64,35,2,37,1
2020-06-21,Trinity,105,12862,15,2,3,5,0
2020-06-21,Tulare,107,460477,4464,3173,10,3183,111
2020-06-21,Tuolumne,109,53932,17,8,0,8,0
2020-06-21,Ventura,111,848112,3049,2021,14,2035,39
2020-06-21,Yolo,113,214977,491,323,0,323,24
2020-06-21,Yuba,115,75493,46,35,0,35,1
2020-06-20,Alameda,001,1643700,5757,4758,7,4765,119
2020-06-20,Alpine,002,1148,1,1,0,1,0
2020-06-20,Amador,005,37829,14,12,0,12,0
2020-06-20,Butte,007,227075,166,94,14,108,1
2020-06-20,Calaveras,009,45235,38,20,0,20,0
2020-06-20,Colusa,011,21464,26,7,0,7,0
2020-06-20,Contra Costa,013,1133247,2790,2231,3,2234,54
2020-06-20,Del Norte,015,27424,47,46,0,46,0
2020-06-20,El Dorado,017,186661,206,130,2,132,0
2020-06-20,Fresno,019,978130,6314,3222,64,3286,67
2020-06-20,Glenn,021,27897,97,40,0,40,0
2020-06-20,Humboldt,023,135768,143,108,0,108,3
2020-06-20,Imperial,025,180216,6925,4616,4,4620,37
2020-06-20,Inyo,027,18085,27,26,0,26,1
2020-06-20,Kern,029,883053,5805,3836,16,3852,59
2020-06-20,Kings,031,150075,2308,1331,4,1335,9
2020-06-20,Lake,033,64148,49,37,0,37,0
2020-06-20,Lassen,035,31185,24,7,2,9,0
2020-06-20,Los Angeles,037,10098052,95435,81604,38,81642,3093
2020-06-20,Madera,039,155013,635,321,2,323,4
2020-06-20,Marin,041,260295,1540,879,4,883,17
2020-06-20,Mariposa,043,17540,22,18,0,18,1
2020-06-20,Mendocino,045,87422,69,48,0,48,0
2020-06-20,Merced,047,269075,1037,566,0,566,8
2020-06-20,Modoc,049,8938,1,0,0,0,0
2020-06-20,Mono,051,14174,42,34,0,34,1
2020-06-20,Monterey,053,433212,1610,1181,3,1184,12
2020-06-20,Napa,055,140530,313,212,0,212,3
2020-06-20,Nevada,057,99092,105,73,1,74,1
2020-06-20,Orange,059,3164182,15987,10284,139,10423,273
2020-06-20,Placer,061,380077,670,483,3,486,9
2020-06-20,Plumas,063,18699,6,6,0,6,0
2020-06-20,Riverside,065,2383286,17582,13021,24,13045,402
2020-06-20,Sacramento,067,1510023,2703,2069,3,2072,63
2020-06-20,San Benito,069,59416,210,139,0,139,2
2020-06-20,San Bernardino,071,2135413,13141,8718,8,8726,229
2020-06-20,San Diego,073,3302833,13204,10486,2,10488,338
2020-06-20,San Francisco,075,870044,3415,2999,1,3000,47
2020-06-20,San Joaquin,077,732212,3236,2046,3,2049,48
2020-06-20,San Luis Obispo,079,281455,613,405,5,410,1
2020-06-20,San Mateo,081,765935,3127,2755,3,2758,81
2020-06-20,Santa Barbara,083,443738,2887,2358,21,2379,21
2020-06-20,Santa Clara,085,1922200,4719,3435,17,3452,154
2020-06-20,Santa Cruz,087,273765,371,287,0,287,3
2020-06-20,Shasta,089,179085,140,66,0,66,5
2020-06-20,Sierra,091,2930,1,1,0,1,0
2020-06-20,Siskiyou,093,43540,29,22,0,22,0
2020-06-20,Solano,095,438530,1324,784,3,787,21
2020-06-20,Sonoma,097,501317,1080,806,2,808,4
2020-06-20,Stanislaus,099,539301,2594,1598,6,1604,35
2020-06-20,Sutter,101,95872,130,89,0,89,2
2020-06-20,Tehama,103,63373,62,35,2,37,1
2020-06-20,Trinity,105,12862,15,2,3,5,0
2020-06-20,Tulare,107,460477,4391,3172,10,3182,111
2020-06-20,Tuolumne,109,53932,14,8,0,8,0
2020-06-20,Ventura,111,848112,2983,1946,14,1960,37
2020-06-20,Yolo,113,214977,475,309,0,309,24
2020-06-20,Yuba,115,75493,44,34,0,34,1
2020-06-19,Alameda,001,1643700,5684,4646,7,4653,119
2020-06-19,Alpine,002,1148,1,1,0,1,0
2020-06-19,Amador,005,37829,14,12,0,12,0
2020-06-19,Butte,007,227075,161,91,14,105,1
2020-06-19,Calaveras,009,45235,37,20,0,20,0
2020-06-19,Colusa,011,21464,24,7,0,7,0
2020-06-19,Contra Costa,013,1133247,2710,2106,3,2109,54
2020-06-19,Del Norte,015,27424,47,46,0,46,0
2020-06-19,El Dorado,017,186661,198,124,2,126,0
2020-06-19,Fresno,019,978130,6151,3109,63,3172,61
2020-06-19,Glenn,021,27897,91,40,0,40,0
2020-06-19,Humboldt,023,135768,141,106,0,106,3
2020-06-19,Imperial,025,180216,6833,4504,4,4508,36
2020-06-19,Inyo,027,18085,27,26,0,26,1
2020-06-19,Kern,029,883053,5582,3742,15,3757,57
2020-06-19,Kings,031,150075,2287,1285,4,1289,9
2020-06-19,Lake,033,64148,46,36,0,36,0
2020-06-19,Lassen,035,31185,23,7,2,9,0
2020-06-19,Los Angeles,037,10098052,93446,79572,37,79609,3047
2020-06-19,Madera,039,155013,616,300,2,302,4
2020-06-19,Marin,041,260295,1511,829,4,833,17
2020-06-19,Mariposa,043,17540,21,18,0,18,1
2020-06-19,Mendocino,045,87422,68,48,0,48,0
2020-06-19,Merced,047,269075,992,529,0,529,8
2020-06-19,Modoc,049,8938,1,0,0,0,0
2020-06-19,Mono,051,14174,42,34,0,34,1
2020-06-19,Monterey,053,433212,1581,1159,3,1162,12
2020-06-19,Napa,055,140530,303,209,0,209,3
2020-06-19,Nevada,057,99092,102,71,1,72,1
2020-06-19,Orange,059,3164182,15453,9972,132,10104,260
2020-06-19,Placer,061,380077,652,464,3,467,9
2020-06-19,Plumas,063,18699,6,5,0,5,0
2020-06-19,Riverside,065,2383286,17177,12710,24,12734,398
2020-06-19,Sacramento,067,1510023,2620,1976,3,1979,64
2020-06-19,San Benito,069,59416,209,136,0,136,2
2020-06-19,San Bernardino,071,2135413,12736,8454,7,8461,226
2020-06-19,San Diego,073,3302833,12841,10352,2,10354,332
2020-06-19,San Francisco,075,870044,3360,2968,1,2969,47
2020-06-19,San Joaquin,077,732212,3113,1969,3,1972,48
2020-06-19,San Luis Obispo,079,281455,597,392,5,397,1
2020-06-19,San Mateo,081,765935,3088,2713,3,2716,81
2020-06-19,Santa Barbara,083,443738,2814,2284,19,2303,21
2020-06-19,Santa Clara,085,1922200,4646,3376,17,3393,154
2020-06-19,Santa Cruz,087,273765,361,283,0,283,3
2020-06-19,Shasta,089,179085,137,58,0,58,5
2020-06-19,Sierra,091,2930,1,1,0,1,0
2020-06-19,Siskiyou,093,43540,29,21,0,21,0
2020-06-19,Solano,095,438530,1286,755,3,758,21
2020-06-19,Sonoma,097,501317,1053,803,2,805,4
2020-06-19,Stanislaus,099,539301,2484,1549,6,1555,35
2020-06-19,Sutter,101,95872,129,89,0,89,2
2020-06-19,Tehama,103,63373,61,35,2,37,1
2020-06-19,Trinity,105,12862,15,2,3,5,0
2020-06-19,Tulare,107,460477,4321,3053,10,3063,107
2020-06-19,Tuolumne,109,53932,13,8,0,8,0
2020-06-19,Ventura,111,848112,2899,1865,14,1879,37
2020-06-19,Yolo,113,214977,456,303,0,303,24
2020-06-19,Yuba,115,75493,43,33,0,33,1
2020-06-18,Alameda,001,1643700,5555,4589,7,4596,118
2020-06-18,Alpine,002,1148,1,1,0,1,0
2020-06-18,Amador,005,37829,13,12,0,12,0
2020-06-18,Butte,007,227075,156,88,14,102,1
2020-06-18,Calaveras,009,45235,37,20,0,20,0
2020-06-18,Colusa,011,21464,20,7,0,7,0
2020-06-18,Contra Costa,013,1133247,2603,2072,3,2075,53
2020-06-18,Del Norte,015,27424,47,46,0,46,0
2020-06-18,El Dorado,017,186661,194,121,2,123,0
2020-06-18,Fresno,019,978130,5885,2947,62,3009,57
2020-06-18,Glenn,021,27897,82,35,0,35,0
2020-06-18,Humboldt,023,135768,140,106,0,106,3
2020-06-18,Imperial,025,180216,6683,4366,4,4370,36
2020-06-18,Inyo,027,18085,26,25,0,25,1
2020-06-18,Kern,029,883053,5364,3634,14,3648,57
2020-06-18,Kings,031,150075,2228,1141,4,1145,8
2020-06-18,Lake,033,64148,45,36,0,36,0
2020-06-18,Lassen,035,31185,22,5,2,7,0
2020-06-18,Los Angeles,037,10098052,91176,78244,37,78281,3009
2020-06-18,Madera,039,155013,581,288,2,290,4
2020-06-18,Marin,041,260295,1448,819,4,823,17
2020-06-18,Mariposa,043,17540,19,18,0,18,1
2020-06-18,Mendocino,045,87422,64,45,0,45,0
2020-06-18,Merced,047,269075,941,486,0,486,7
2020-06-18,Modoc,049,8938,1,0,0,0,0
2020-06-18,Mono,051,14174,42,34,0,34,1
2020-06-18,Monterey,053,433212,1513,1127,3,1130,12
2020-06-18,Napa,055,140530,288,205,0,205,3
2020-06-18,Nevada,057,99092,98,68,1,69,1
2020-06-18,Orange,059,3164182,14796,9597,113,9710,255
2020-06-18,Placer,061,380077,629,457,3,460,9
2020-06-18,Plumas,063,18699,6,5,0,5,0
2020-06-18,Riverside,065,2383286,16560,12410,24,12434,392
2020-06-18,Sacramento,067,1510023,2504,1938,3,1941,63
2020-06-18,San Benito,069,59416,203,134,0,134,2
2020-06-18,San Bernardino,071,2135413,12096,8141,7,8148,226
2020-06-18,San Diego,073,3302833,12419,10094,2,10096,331
2020-06-18,San Francisco,075,870044,3311,2951,1,2952,47
2020-06-18,San Joaquin,077,732212,2961,1908,3,1911,47
2020-06-18,San Luis Obispo,079,281455,576,378,5,383,1
2020-06-18,San Mateo,081,765935,3049,2674,3,2677,78
2020-06-18,Santa Barbara,083,443738,2740,2201,19,2220,19
2020-06-18,Santa Clara,085,1922200,4543,3338,17,3355,152
2020-06-18,Santa Cruz,087,273765,344,275,0,275,3
2020-06-18,Shasta,089,179085,126,51,0,51,4
2020-06-18,Sierra,091,2930,1,1,0,1,0
2020-06-18,Siskiyou,093,43540,29,18,0,18,0
2020-06-18,Solano,095,438530,1248,735,3,738,21
2020-06-18,Sonoma,097,501317,1011,789,2,791,4
2020-06-18,Stanislaus,099,539301,2351,1495,6,1501,35
2020-06-18,Sutter,101,95872,125,85,0,85,2
2020-06-18,Tehama,103,63373,56,31,2,33,1
2020-06-18,Trinity,105,12862,15,2,3,5,0
2020-06-18,Tulare,107,460477,4198,3005,10,3015,107
2020-06-18,Tuolumne,109,53932,12,8,0,8,0
2020-06-18,Ventura,111,848112,2773,1781,14,1795,37
2020-06-18,Yolo,113,214977,423,294,0,294,24
2020-06-18,Yuba,115,75493,42,32,0,32,1
2020-06-17,Alameda,001,1643700,5432,4485,7,4492,117
2020-06-17,Alpine,002,1148,1,1,0,1,0
2020-06-17,Amador,005,37829,12,10,0,10,0
2020-06-17,Butte,007,227075,147,81,14,95,1
2020-06-17,Calaveras,009,45235,37,20,0,20,0
2020-06-17,Colusa,011,21464,19,7,0,7,0
2020-06-17,Contra Costa,013,1133247,2506,2020,3,2023,45
2020-06-17,Del Norte,015,27424,47,45,0,45,0
2020-06-17,El Dorado,017,186661,187,116,2,118,0
2020-06-17,Fresno,019,978130,5659,2801,61,2862,56
2020-06-17,Glenn,021,27897,75,31,0,31,0
2020-06-17,Humboldt,023,135768,138,105,0,105,3
2020-06-17,Imperial,025,180216,6508,4108,4,4112,36
2020-06-17,Inyo,027,18085,25,25,0,25,1
2020-06-17,Kern,029,883053,5163,3547,14,3561,56
2020-06-17,Kings,031,150075,2198,1097,4,1101,7
2020-06-17,Lake,033,64148,44,32,0,32,0
2020-06-17,Lassen,035,31185,18,5,2,7,0
2020-06-17,Los Angeles,037,10098052,88869,77166,36,77202,2973
2020-06-17,Madera,039,155013,559,258,2,260,4
2020-06-17,Marin,041,260295,1256,771,3,774,17
2020-06-17,Mariposa,043,17540,18,18,0,18,1
2020-06-17,Mendocino,045,87422,62,42,0,42,0
2020-06-17,Merced,047,269075,868,460,0,460,7
2020-06-17,Modoc,049,8938,1,0,0,0,0
2020-06-17,Mono,051,14174,42,34,0,34,1
2020-06-17,Monterey,053,433212,1461,1077,3,1080,12
2020-06-17,Napa,055,140530,273,202,0,202,3
2020-06-17,Nevada,057,99092,94,57,1,58,1
2020-06-17,Orange,059,3164182,14185,9278,107,9385,230
2020-06-17,Placer,061,380077,609,427,3,430,9
2020-06-17,Plumas,063,18699,6,5,0,5,0
2020-06-17,Riverside,065,2383286,15924,11859,24,11883,370
2020-06-17,Sacramento,067,1510023,2397,1889,3,1892,63
2020-06-17,San Benito,069,59416,198,116,0,116,2
2020-06-17,San Bernardino,071,2135413,11547,7670,7,7677,225
2020-06-17,San Diego,073,3302833,12040,9856,2,9858,327
2020-06-17,San Francisco,075,870044,3272,2906,1,2907,46
2020-06-17,San Joaquin,077,732212,2788,1825,3,1828,46
2020-06-17,San Luis Obispo,079,281455,557,362,5,367,1
2020-06-17,San Mateo,081,765935,3002,2649,3,2652,78
2020-06-17,Santa Barbara,083,443738,2668,2147,17,2164,19
2020-06-17,Santa Clara,085,1922200,4450,3264,16,3280,148
2020-06-17,Santa Cruz,087,273765,338,265,0,265,2
2020-06-17,Shasta,089,179085,124,51,0,51,4
2020-06-17,Sierra,091,2930,1,1,0,1,0
2020-06-17,Siskiyou,093,43540,28,16,0,16,0
2020-06-17,Solano,095,438530,1198,722,3,725,21
2020-06-17,Sonoma,097,501317,986,748,2,750,4
2020-06-17,Stanislaus,099,539301,2227,1387,6,1393,35
2020-06-17,Sutter,101,95872,119,79,0,79,2
2020-06-17,Tehama,103,63373,41,24,2,26,1
2020-06-17,Trinity,105,12862,14,2,3,5,0
2020-06-17,Tulare,107,460477,4088,2882,10,2892,106
2020-06-17,Tuolumne,109,53932,12,7,0,7,0
2020-06-17,Ventura,111,848112,2673,1729,14,1743,37
2020-06-17,Yolo,113,214977,403,277,0,277,24
2020-06-17,Yuba,115,75493,41,30,0,30,1
2020-06-16,Alameda,001,1643700,5314,4428,7,4435,113
2020-06-16,Alpine,002,1148,1,1,0,1,0
2020-06-16,Amador,005,37829,12,10,0,10,0
2020-06-16,Butte,007,227075,143,79,14,93,1
2020-06-16,Calaveras,009,45235,34,19,0,19,0
2020-06-16,Colusa,011,21464,16,7,0,7,0
2020-06-16,Contra Costa,013,1133247,2414,1971,2,1973,45
2020-06-16,Del Norte,015,27424,47,45,0,45,0
2020-06-16,El Dorado,017,186661,181,115,2,117,0
2020-06-16,Fresno,019,978130,5420,2731,59,2790,50
2020-06-16,Glenn,021,27897,71,30,0,30,0
2020-06-16,Humboldt,023,135768,135,105,0,105,3
2020-06-16,Imperial,025,180216,6349,3939,4,3943,36
2020-06-16,Inyo,027,18085,25,24,0,24,1
2020-06-16,Kern,029,883053,4939,3496,14,3510,55
2020-06-16,Kings,031,150075,2152,1044,4,1048,6
2020-06-16,Lake,033,64148,44,31,0,31,0
2020-06-16,Lassen,035,31185,15,5,2,7,0
2020-06-16,Los Angeles,037,10098052,86548,75051,36,75087,2942
2020-06-16,Madera,039,155013,533,239,2,241,3
2020-06-16,Marin,041,260295,1203,725,3,728,17
2020-06-16,Mariposa,043,17540,18,17,0,17,1
2020-06-16,Mendocino,045,87422,61,35,0,35,0
2020-06-16,Merced,047,269075,822,436,0,436,7
2020-06-16,Modoc,049,8938,1,0,0,0,0
2020-06-16,Mono,051,14174,42,34,0,34,1
2020-06-16,Monterey,053,433212,1413,1019,3,1022,12
2020-06-16,Napa,055,140530,258,196,0,196,3
2020-06-16,Nevada,057,99092,91,53,1,54,1
2020-06-16,Orange,059,3164182,13600,9163,101,9264,223
2020-06-16,Placer,061,380077,577,392,3,395,9
2020-06-16,Plumas,063,18699,6,5,0,5,0
2020-06-16,Riverside,065,2383286,15249,11638,24,11662,364
2020-06-16,Sacramento,067,1510023,2287,1825,3,1828,60
2020-06-16,San Benito,069,59416,190,110,0,110,2
2020-06-16,San Bernardino,071,2135413,11003,7463,7,7470,225
2020-06-16,San Diego,073,3302833,11678,9732,1,9733,323
2020-06-16,San Francisco,075,870044,3221,2893,1,2894,46
2020-06-16,San Joaquin,077,732212,2635,1718,3,1721,47
2020-06-16,San Luis Obispo,079,281455,533,343,5,348,1
2020-06-16,San Mateo,081,765935,2948,2618,3,2621,77
2020-06-16,Santa Barbara,083,443738,2601,2090,17,2107,16
2020-06-16,Santa Clara,085,1922200,4339,3228,15,3243,148
2020-06-16,Santa Cruz,087,273765,322,257,0,257,2
2020-06-16,Shasta,089,179085,115,51,0,51,4
2020-06-16,Sierra,091,2930,1,1,0,1,0
2020-06-16,Siskiyou,093,43540,27,15,0,15,0
2020-06-16,Solano,095,438530,1108,694,3,697,19
2020-06-16,Sonoma,097,501317,954,739,2,741,4
2020-06-16,Stanislaus,099,539301,2073,1278,6,1284,36
2020-06-16,Sutter,101,95872,112,73,0,73,2
2020-06-16,Tehama,103,63373,37,24,2,26,1
2020-06-16,Trinity,105,12862,14,2,3,5,0
2020-06-16,Tulare,107,460477,3970,2802,10,2812,96
2020-06-16,Tuolumne,109,53932,12,7,0,7,0
2020-06-16,Ventura,111,848112,2573,1676,14,1690,37
2020-06-16,Yolo,113,214977,380,262,0,262,24
2020-06-16,Yuba,115,75493,39,29,0,29,1
2020-06-15,Alameda,001,1643700,5187,4323,7,4330,112
2020-06-15,Alpine,002,1148,1,1,0,1,0
2020-06-15,Amador,005,37829,12,10,0,10,0
2020-06-15,Butte,007,227075,135,78,13,91,1
2020-06-15,Calaveras,009,45235,34,18,0,18,0
2020-06-15,Colusa,011,21464,14,7,0,7,0
2020-06-15,Contra Costa,013,1133247,2338,1918,2,1920,43
2020-06-15,Del Norte,015,27424,47,45,0,45,0
2020-06-15,El Dorado,017,186661,171,114,2,116,0
2020-06-15,Fresno,019,978130,5205,2616,58,2674,48
2020-06-15,Glenn,021,27897,66,21,0,21,0
2020-06-15,Humboldt,023,135768,133,105,0,105,3
2020-06-15,Imperial,025,180216,6174,3726,4,3730,36
2020-06-15,Inyo,027,18085,25,23,0,23,1
2020-06-15,Kern,029,883053,4716,3417,14,3431,55
2020-06-15,Kings,031,150075,2076,1022,4,1026,6
2020-06-15,Lake,033,64148,44,31,0,31,0
2020-06-15,Lassen,035,31185,15,5,2,7,0
2020-06-15,Los Angeles,037,10098052,84361,73705,36,73741,2908
2020-06-15,Madera,039,155013,511,203,2,205,3
2020-06-15,Marin,041,260295,1036,708,3,711,17
2020-06-15,Mariposa,043,17540,18,17,0,17,1
2020-06-15,Mendocino,045,87422,52,33,0,33,0
2020-06-15,Merced,047,269075,775,414,0,414,7
2020-06-15,Modoc,049,8938,1,0,0,0,0
2020-06-15,Mono,051,14174,42,34,0,34,1
2020-06-15,Monterey,053,433212,1347,998,3,1001,12
2020-06-15,Napa,055,140530,250,187,0,187,3
2020-06-15,Nevada,057,99092,85,52,1,53,1
2020-06-15,Orange,059,3164182,13032,8944,93,9037,212
2020-06-15,Placer,061,380077,555,386,3,389,9
2020-06-15,Plumas,063,18699,6,4,0,4,0
2020-06-15,Riverside,065,2383286,14630,11376,23,11399,364
2020-06-15,Sacramento,067,1510023,2171,1791,3,1794,60
2020-06-15,San Benito,069,59416,184,108,0,108,2
2020-06-15,San Bernardino,071,2135413,10500,7189,7,7196,224
2020-06-15,San Diego,073,3302833,11338,9612,1,9613,320
2020-06-15,San Francisco,075,870044,3177,2833,1,2834,45
2020-06-15,San Joaquin,077,732212,2499,1667,3,1670,43
2020-06-15,San Luis Obispo,079,281455,518,332,5,337,1
2020-06-15,San Mateo,081,765935,2901,2591,3,2594,75
2020-06-15,Santa Barbara,083,443738,2533,2054,17,2071,16
2020-06-15,Santa Clara,085,1922200,4239,3204,15,3219,148
2020-06-15,Santa Cruz,087,273765,311,254,0,254,2
2020-06-15,Shasta,089,179085,109,50,0,50,4
2020-06-15,Sierra,091,2930,1,1,0,1,0
2020-06-15,Siskiyou,093,43540,26,14,0,14,0
2020-06-15,Solano,095,438530,1048,638,3,641,19
2020-06-15,Sonoma,097,501317,925,726,2,728,4
2020-06-15,Stanislaus,099,539301,1956,1253,6,1259,35
2020-06-15,Sutter,101,95872,102,71,0,71,2
2020-06-15,Tehama,103,63373,37,17,2,19,1
2020-06-15,Trinity,105,12862,13,2,3,5,0
2020-06-15,Tulare,107,460477,3856,2662,10,2672,96
2020-06-15,Tuolumne,109,53932,11,7,0,7,0
2020-06-15,Ventura,111,848112,2492,1656,14,1670,37
2020-06-15,Yolo,113,214977,360,255,0,255,24
2020-06-15,Yuba,115,75493,39,28,0,28,1
2020-06-14,Alameda,001,1643700,5040,4271,7,4278,112
2020-06-14,Alpine,002,1148,1,1,0,1,0
2020-06-14,Amador,005,37829,12,10,0,10,0
2020-06-14,Butte,007,227075,127,78,13,91,1
2020-06-14,Calaveras,009,45235,33,18,0,18,0
2020-06-14,Colusa,011,21464,13,7,0,7,0
2020-06-14,Contra Costa,013,1133247,2270,1893,2,1895,43
2020-06-14,Del Norte,015,27424,47,45,0,45,0
2020-06-14,El Dorado,017,186661,167,110,2,112,0
2020-06-14,Fresno,019,978130,5020,2585,57,2642,48
2020-06-14,Glenn,021,27897,51,21,0,21,0
2020-06-14,Humboldt,023,135768,129,105,0,105,3
2020-06-14,Imperial,025,180216,5943,3730,4,3734,36
2020-06-14,Inyo,027,18085,24,23,0,23,1
2020-06-14,Kern,029,883053,4505,3328,14,3342,55
2020-06-14,Kings,031,150075,2025,1022,3,1025,6
2020-06-14,Lake,033,64148,41,31,0,31,0
2020-06-14,Lassen,035,31185,15,5,2,7,0
2020-06-14,Los Angeles,037,10098052,82042,72932,33,72965,2887
2020-06-14,Madera,039,155013,492,203,2,205,3
2020-06-14,Marin,041,260295,871,689,2,691,17
2020-06-14,Mariposa,043,17540,18,16,0,16,1
2020-06-14,Mendocino,045,87422,49,33,0,33,0
2020-06-14,Merced,047,269075,723,403,0,403,7
2020-06-14,Modoc,049,8938,1,0,0,0,0
2020-06-14,Mono,051,14174,42,34,0,34,1
2020-06-14,Monterey,053,433212,1286,949,3,952,12
2020-06-14,Napa,055,140530,228,181,0,181,3
2020-06-14,Nevada,057,99092,81,52,1,53,1
2020-06-14,Orange,059,3164182,12601,8744,89,8833,211
2020-06-14,Placer,061,380077,529,369,3,372,9
2020-06-14,Plumas,063,18699,5,4,0,4,0
2020-06-14,Riverside,065,2383286,14187,11218,23,11241,364
2020-06-14,Sacramento,067,1510023,2084,1750,3,1753,60
2020-06-14,San Benito,069,59416,173,104,0,104,2
2020-06-14,San Bernardino,071,2135413,9961,7015,7,7022,224
2020-06-14,San Diego,073,3302833,10963,9442,1,9443,319
2020-06-14,San Francisco,075,870044,3137,2834,1,2835,45
2020-06-14,San Joaquin,077,732212,2348,1603,3,1606,43
2020-06-14,San Luis Obispo,079,281455,503,330,5,335,1
2020-06-14,San Mateo,081,765935,2843,2571,3,2574,75
2020-06-14,Santa Barbara,083,443738,2456,2049,17,2066,17
2020-06-14,Santa Clara,085,1922200,4144,3178,15,3193,148
2020-06-14,Santa Cruz,087,273765,297,254,0,254,2
2020-06-14,Shasta,089,179085,103,48,0,48,4
2020-06-14,Sierra,091,2930,1,1,0,1,0
2020-06-14,Siskiyou,093,43540,25,13,0,13,0
2020-06-14,Solano,095,438530,999,638,3,641,19
2020-06-14,Sonoma,097,501317,897,724,2,726,4
2020-06-14,Stanislaus,099,539301,1807,1159,6,1165,35
2020-06-14,Sutter,101,95872,97,63,0,63,2
2020-06-14,Tehama,103,63373,34,17,2,19,1
2020-06-14,Trinity,105,12862,13,2,3,5,0
2020-06-14,Tulare,107,460477,3722,2646,10,2656,96
2020-06-14,Tuolumne,109,53932,11,7,0,7,0
2020-06-14,Ventura,111,848112,2393,1610,13,1623,37
2020-06-14,Yolo,113,214977,344,254,0,254,24
2020-06-14,Yuba,115,75493,38,28,0,28,1
2020-06-13,Alameda,001,1643700,4976,4196,7,4203,112
2020-06-13,Alpine,002,1148,1,1,0,1,0
2020-06-13,Amador,005,37829,11,10,0,10,0
2020-06-13,Butte,007,227075,118,72,13,85,1
2020-06-13,Calaveras,009,45235,31,18,0,18,0
2020-06-13,Colusa,011,21464,12,7,0,7,0
2020-06-13,Contra Costa,013,1133247,2234,1868,2,1870,43
2020-06-13,Del Norte,015,27424,47,45,0,45,0
2020-06-13,El Dorado,017,186661,163,110,2,112,0
2020-06-13,Fresno,019,978130,4922,2499,57,2556,48
2020-06-13,Glenn,021,27897,49,21,0,21,0
2020-06-13,Humboldt,023,135768,128,104,0,104,3
2020-06-13,Imperial,025,180216,5870,3646,4,3650,36
2020-06-13,Inyo,027,18085,24,23,0,23,1
2020-06-13,Kern,029,883053,4396,3239,14,3253,55
2020-06-13,Kings,031,150075,2005,1023,3,1026,6
2020-06-13,Lake,033,64148,40,29,0,29,0
2020-06-13,Lassen,035,31185,15,5,2,7,0
2020-06-13,Los Angeles,037,10098052,81001,71938,33,71971,2874
2020-06-13,Madera,039,155013,488,203,2,205,3
2020-06-13,Marin,041,260295,840,677,2,679,17
2020-06-13,Mariposa,043,17540,18,16,0,16,1
2020-06-13,Mendocino,045,87422,49,33,0,33,0
2020-06-13,Merced,047,269075,704,376,0,376,7
2020-06-13,Modoc,049,8938,1,0,0,0,0
2020-06-13,Mono,051,14174,42,35,0,35,1
2020-06-13,Monterey,053,433212,1248,900,3,903,11
2020-06-13,Napa,055,140530,225,171,0,171,3
2020-06-13,Nevada,057,99092,79,52,1,53,1
2020-06-13,Orange,059,3164182,12356,8581,86,8667,211
2020-06-13,Placer,061,380077,512,346,3,349,9
2020-06-13,Plumas,063,18699,5,4,0,4,0
2020-06-13,Riverside,065,2383286,13908,10931,23,10954,364
2020-06-13,Sacramento,067,1510023,2029,1713,3,1716,60
2020-06-13,San Benito,069,59416,166,99,0,99,2
2020-06-13,San Bernardino,071,2135413,9738,6885,7,6892,224
2020-06-13,San Diego,073,3302833,10791,9316,1,9317,319
2020-06-13,San Francisco,075,870044,3117,2834,1,2835,44
2020-06-13,San Joaquin,077,732212,2267,1461,3,1464,43
2020-06-13,San Luis Obispo,079,281455,492,326,5,331,1
2020-06-13,San Mateo,081,765935,2820,2551,3,2554,75
2020-06-13,Santa Barbara,083,443738,2398,1999,17,2016,15
2020-06-13,Santa Clara,085,1922200,4101,3141,15,3156,148
2020-06-13,Santa Cruz,087,273765,291,254,0,254,2
2020-06-13,Shasta,089,179085,101,48,0,48,4
2020-06-13,Sierra,091,2930,1,1,0,1,0
2020-06-13,Siskiyou,093,43540,25,13,0,13,0
2020-06-13,Solano,095,438530,971,637,3,640,19
2020-06-13,Sonoma,097,501317,882,711,2,713,4
2020-06-13,Stanislaus,099,539301,1750,1122,6,1128,33
2020-06-13,Sutter,101,95872,96,62,0,62,2
2020-06-13,Tehama,103,63373,33,17,2,19,1
2020-06-13,Trinity,105,12862,13,2,3,5,0
2020-06-13,Tulare,107,460477,3690,2626,10,2636,96
2020-06-13,Tuolumne,109,53932,10,7,0,7,0
2020-06-13,Ventura,111,848112,2347,1567,13,1580,37
2020-06-13,Yolo,113,214977,324,251,0,251,24
2020-06-13,Yuba,115,75493,38,28,0,28,1
2020-06-12,Alameda,001,1643700,4903,4167,7,4174,109
2020-06-12,Alpine,002,1148,1,1,0,1,0
2020-06-12,Amador,005,37829,11,10,0,10,0
2020-06-12,Butte,007,227075,114,71,12,83,1
2020-06-12,Calaveras,009,45235,28,18,0,18,0
2020-06-12,Colusa,011,21464,12,7,0,7,0
2020-06-12,Contra Costa,013,1133247,2197,1827,2,1829,43
2020-06-12,Del Norte,015,27424,47,45,0,45,0
2020-06-12,El Dorado,017,186661,163,110,2,112,0
2020-06-12,Fresno,019,978130,4786,2428,57,2485,47
2020-06-12,Glenn,021,27897,46,21,0,21,0
2020-06-12,Humboldt,023,135768,126,105,0,105,3
2020-06-12,Imperial,025,180216,5786,3543,4,3547,36
2020-06-12,Inyo,027,18085,24,23,0,23,1
2020-06-12,Kern,029,883053,4279,3152,14,3166,54
2020-06-12,Kings,031,150075,1992,987,3,990,6
2020-06-12,Lake,033,64148,39,29,0,29,0
2020-06-12,Lassen,035,31185,15,5,2,7,0
2020-06-12,Los Angeles,037,10098052,79595,70385,33,70418,2814
2020-06-12,Madera,039,155013,463,187,2,189,3
2020-06-12,Marin,041,260295,837,649,2,651,17
2020-06-12,Mariposa,043,17540,18,16,0,16,1
2020-06-12,Mendocino,045,87422,49,33,0,33,0
2020-06-12,Merced,047,269075,671,372,0,372,7
2020-06-12,Modoc,049,8938,1,0,0,0,0
2020-06-12,Mono,051,14174,39,35,0,35,1
2020-06-12,Monterey,053,433212,1207,864,2,866,11
2020-06-12,Napa,055,140530,222,162,0,162,3
2020-06-12,Nevada,057,99092,73,52,1,53,1
2020-06-12,Orange,059,3164182,12050,8440,85,8525,203
2020-06-12,Placer,061,380077,495,333,3,336,9
2020-06-12,Plumas,063,18699,5,4,0,4,0
2020-06-12,Riverside,065,2383286,13571,10616,23,10639,364
2020-06-12,Sacramento,067,1510023,1974,1702,3,1705,60
2020-06-12,San Benito,069,59416,159,96,0,96,2
2020-06-12,San Bernardino,071,2135413,9469,6707,7,6714,223
2020-06-12,San Diego,073,3302833,10621,9132,1,9133,313
2020-06-12,San Francisco,075,870044,3083,2823,1,2824,44
2020-06-12,San Joaquin,077,732212,2187,1406,3,1409,43
2020-06-12,San Luis Obispo,079,281455,476,321,5,326,1
2020-06-12,San Mateo,081,765935,2785,2533,3,2536,75
2020-06-12,Santa Barbara,083,443738,2344,1969,17,1986,14
2020-06-12,Santa Clara,085,1922200,4057,3099,15,3114,149
2020-06-12,Santa Cruz,087,273765,283,251,0,251,2
2020-06-12,Shasta,089,179085,94,48,0,48,5
2020-06-12,Sierra,091,2930,1,1,0,1,0
2020-06-12,Siskiyou,093,43540,25,13,0,13,0
2020-06-12,Solano,095,438530,957,620,3,623,19
2020-06-12,Sonoma,097,501317,863,696,2,698,4
2020-06-12,Stanislaus,099,539301,1691,1092,6,1098,33
2020-06-12,Sutter,101,95872,95,56,0,56,2
2020-06-12,Tehama,103,63373,32,13,2,15,1
2020-06-12,Trinity,105,12862,13,2,3,5,0
2020-06-12,Tulare,107,460477,3636,2552,10,2562,95
2020-06-12,Tuolumne,109,53932,10,7,0,7,0
2020-06-12,Ventura,111,848112,2295,1534,13,1547,35
2020-06-12,Yolo,113,214977,312,243,0,243,24
2020-06-12,Yuba,115,75493,36,27,0,27,1
2020-06-11,Alameda,001,1643700,4774,4073,6,4079,108
2020-06-11,Alpine,002,1148,1,1,0,1,0
2020-06-11,Amador,005,37829,10,10,0,10,0
2020-06-11,Butte,007,227075,108,72,12,84,1
2020-06-11,Calaveras,009,45235,27,16,0,16,0
2020-06-11,Colusa,011,21464,12,7,0,7,0
2020-06-11,Contra Costa,013,1133247,2144,1797,2,1799,43
2020-06-11,Del Norte,015,27424,47,45,0,45,0
2020-06-11,El Dorado,017,186661,155,109,2,111,0
2020-06-11,Fresno,019,978130,4634,2338,57,2395,45
2020-06-11,Glenn,021,27897,42,21,0,21,0
2020-06-11,Humboldt,023,135768,122,113,0,113,3
2020-06-11,Imperial,025,180216,5628,3463,4,3467,36
2020-06-11,Inyo,027,18085,22,23,0,23,1
2020-06-11,Kern,029,883053,4127,3047,12,3059,54
2020-06-11,Kings,031,150075,1959,963,3,966,6
2020-06-11,Lake,033,64148,39,28,0,28,0
2020-06-11,Lassen,035,31185,15,5,2,7,0
2020-06-11,Los Angeles,037,10098052,77929,68807,32,68839,2800
2020-06-11,Madera,039,155013,445,178,2,180,3
2020-06-11,Marin,041,260295,789,637,2,639,17
2020-06-11,Mariposa,043,17540,18,16,0,16,1
2020-06-11,Mendocino,045,87422,40,35,0,35,0
2020-06-11,Merced,047,269075,631,370,0,370,7
2020-06-11,Modoc,049,8938,1,0,0,0,0
2020-06-11,Mono,051,14174,39,35,0,35,1
2020-06-11,Monterey,053,433212,1160,813,2,815,11
2020-06-11,Napa,055,140530,213,162,0,162,3
2020-06-11,Nevada,057,99092,67,50,1,51,1
2020-06-11,Orange,059,3164182,11741,8304,84,8388,188
2020-06-11,Placer,061,380077,476,321,3,324,9
2020-06-11,Plumas,063,18699,5,4,0,4,0
2020-06-11,Riverside,065,2383286,13218,10014,23,10037,361
2020-06-11,Sacramento,067,1510023,1926,1669,3,1672,60
2020-06-11,San Benito,069,59416,153,94,0,94,2
2020-06-11,San Bernardino,071,2135413,9172,6509,7,6516,221
2020-06-11,San Diego,073,3302833,10391,9000,0,9000,308
2020-06-11,San Francisco,075,870044,3054,2766,1,2767,44
2020-06-11,San Joaquin,077,732212,2075,1351,3,1354,43
2020-06-11,San Luis Obispo,079,281455,462,307,5,312,1
2020-06-11,San Mateo,081,765935,2747,2499,3,2502,74
2020-06-11,Santa Barbara,083,443738,2283,1895,17,1912,14
2020-06-11,Santa Clara,085,1922200,3990,3049,15,3064,149
2020-06-11,Santa Cruz,087,273765,279,247,0,247,2
2020-06-11,Shasta,089,179085,87,47,0,47,5
2020-06-11,Sierra,091,2930,1,1,0,1,0
2020-06-11,Siskiyou,093,43540,25,14,0,14,0
2020-06-11,Solano,095,438530,931,616,3,619,19
2020-06-11,Sonoma,097,501317,841,682,2,684,4
2020-06-11,Stanislaus,099,539301,1600,1062,6,1068,30
2020-06-11,Sutter,101,95872,92,56,0,56,2
2020-06-11,Tehama,103,63373,27,10,2,12,1
2020-06-11,Trinity,105,12862,11,2,3,5,0
2020-06-11,Tulare,107,460477,3537,2473,10,2483,95
2020-06-11,Tuolumne,109,53932,10,7,0,7,0
2020-06-11,Ventura,111,848112,2218,1491,12,1503,34
2020-06-11,Yolo,113,214977,304,230,0,230,24
2020-06-11,Yuba,115,75493,36,27,0,27,1
2020-06-10,Alameda,001,1643700,4674,4027,6,4033,107
2020-06-10,Alpine,002,1148,1,1,0,1,0
2020-06-10,Amador,005,37829,10,10,0,10,0
2020-06-10,Butte,007,227075,104,71,12,83,1
2020-06-10,Calaveras,009,45235,27,16,0,16,0
2020-06-10,Colusa,011,21464,11,7,0,7,0
2020-06-10,Contra Costa,013,1133247,2100,1778,2,1780,43
2020-06-10,Del Norte,015,27424,47,45,0,45,0
2020-06-10,El Dorado,017,186661,152,109,2,111,0
2020-06-10,Fresno,019,978130,4459,2324,57,2381,45
2020-06-10,Glenn,021,27897,39,21,0,21,0
2020-06-10,Humboldt,023,135768,118,112,0,112,3
2020-06-10,Imperial,025,180216,5481,3454,4,3458,36
2020-06-10,Inyo,027,18085,22,23,0,23,1
2020-06-10,Kern,029,883053,4002,3000,11,3011,54
2020-06-10,Kings,031,150075,1913,952,2,954,6
2020-06-10,Lake,033,64148,39,28,0,28,0
2020-06-10,Lassen,035,31185,15,5,2,7,0
2020-06-10,Los Angeles,037,10098052,76414,67018,32,67050,2752
2020-06-10,Madera,039,155013,431,176,1,177,3
2020-06-10,Marin,041,260295,757,633,2,635,17
2020-06-10,Mariposa,043,17540,17,16,0,16,1
2020-06-10,Mendocino,045,87422,39,35,0,35,0
2020-06-10,Merced,047,269075,606,370,0,370,7
2020-06-10,Modoc,049,8938,1,0,0,0,0
2020-06-10,Mono,051,14174,39,35,0,35,1
2020-06-10,Monterey,053,433212,1106,791,2,793,11
2020-06-10,Napa,055,140530,210,159,0,159,3
2020-06-10,Nevada,057,99092,65,50,1,51,1
2020-06-10,Orange,059,3164182,11464,8222,80,8302,184
2020-06-10,Placer,061,380077,451,309,3,312,9
2020-06-10,Plumas,063,18699,5,4,0,4,0
2020-06-10,Riverside,065,2383286,12895,9857,23,9880,361
2020-06-10,Sacramento,067,1510023,1887,1643,2,1645,59
2020-06-10,San Benito,069,59416,144,94,0,94,2
2020-06-10,San Bernardino,071,2135413,8879,6438,7,6445,219
2020-06-10,San Diego,073,3302833,10227,8839,0,8839,305
2020-06-10,San Francisco,075,870044,3029,2774,1,2775,44
2020-06-10,San Joaquin,077,732212,1946,1282,3,1285,41
2020-06-10,San Luis Obispo,079,281455,442,306,5,311,1
2020-06-10,San Mateo,081,765935,2707,2492,3,2495,74
2020-06-10,Santa Barbara,083,443738,2227,1878,17,1895,13
2020-06-10,Santa Clara,085,1922200,3939,3032,15,3047,149
2020-06-10,Santa Cruz,087,273765,275,242,0,242,2
2020-06-10,Shasta,089,179085,82,45,0,45,5
2020-06-10,Sierra,091,2930,1,1,0,1,0
2020-06-10,Siskiyou,093,43540,25,14,0,14,0
2020-06-10,Solano,095,438530,894,608,3,611,19
2020-06-10,Sonoma,097,501317,823,673,2,675,4
2020-06-10,Stanislaus,099,539301,1510,1030,6,1036,29
2020-06-10,Sutter,101,95872,91,56,0,56,2
2020-06-10,Tehama,103,63373,25,10,2,12,1
2020-06-10,Trinity,105,12862,11,2,3,5,0
2020-06-10,Tulare,107,460477,3444,2455,10,2465,95
2020-06-10,Tuolumne,109,53932,10,7,0,7,0
2020-06-10,Ventura,111,848112,2172,1446,11,1457,34
2020-06-10,Yolo,113,214977,296,226,0,226,24
2020-06-10,Yuba,115,75493,35,27,0,27,1
2020-06-09,Alameda,001,1643700,4563,3963,6,3969,103
2020-06-09,Alpine,002,1148,1,1,0,1,0
2020-06-09,Amador,005,37829,10,10,0,10,0
2020-06-09,Butte,007,227075,103,70,11,81,1
2020-06-09,Calaveras,009,45235,27,16,0,16,0
2020-06-09,Colusa,011,21464,10,7,0,7,0
2020-06-09,Contra Costa,013,1133247,2059,1744,2,1746,42
2020-06-09,Del Norte,015,27424,47,45,0,45,0
2020-06-09,El Dorado,017,186661,142,108,2,110,0
2020-06-09,Fresno,019,978130,4308,2278,57,2335,43
2020-06-09,Glenn,021,27897,38,19,0,19,0
2020-06-09,Humboldt,023,135768,116,113,0,113,2
2020-06-09,Imperial,025,180216,5331,3067,4,3071,36
2020-06-09,Inyo,027,18085,22,22,0,22,1
2020-06-09,Kern,029,883053,3874,2920,11,2931,51
2020-06-09,Kings,031,150075,1881,934,2,936,6
2020-06-09,Lake,033,64148,39,28,0,28,0
2020-06-09,Lassen,035,31185,15,5,2,7,0
2020-06-09,Los Angeles,037,10098052,74757,65827,32,65859,2692
2020-06-09,Madera,039,155013,416,172,1,173,3
2020-06-09,Marin,041,260295,721,616,2,618,17
2020-06-09,Mariposa,043,17540,17,16,0,16,1
2020-06-09,Mendocino,045,87422,35,35,0,35,0
2020-06-09,Merced,047,269075,574,349,0,349,7
2020-06-09,Modoc,049,8938,1,0,0,0,0
2020-06-09,Mono,051,14174,39,35,0,35,1
2020-06-09,Monterey,053,433212,1065,772,2,774,11
2020-06-09,Napa,055,140530,200,156,0,156,3
2020-06-09,Nevada,057,99092,57,50,1,51,1
2020-06-09,Orange,059,3164182,11220,7991,78,8069,174
2020-06-09,Placer,061,380077,438,301,3,304,9
2020-06-09,Plumas,063,18699,5,4,0,4,0
2020-06-09,Riverside,065,2383286,12517,9511,23,9534,354
2020-06-09,Sacramento,067,1510023,1832,1625,2,1627,59
2020-06-09,San Benito,069,59416,138,95,0,95,2
2020-06-09,San Bernardino,071,2135413,8556,6268,6,6274,217
2020-06-09,San Diego,073,3302833,10042,8731,0,8731,301
2020-06-09,San Francisco,075,870044,3004,2749,1,2750,44
2020-06-09,San Joaquin,077,732212,1840,1240,3,1243,41
2020-06-09,San Luis Obispo,079,281455,429,301,4,305,1
2020-06-09,San Mateo,081,765935,2676,2463,3,2466,74
2020-06-09,Santa Barbara,083,443738,2171,1854,17,1871,13
2020-06-09,Santa Clara,085,1922200,3871,3006,14,3020,147
2020-06-09,Santa Cruz,087,273765,269,237,0,237,2
2020-06-09,Shasta,089,179085,78,44,0,44,4
2020-06-09,Sierra,091,2930,1,1,0,1,0
2020-06-09,Siskiyou,093,43540,20,10,0,10,0
2020-06-09,Solano,095,438530,859,596,3,599,18
2020-06-09,Sonoma,097,501317,800,661,2,663,4
2020-06-09,Stanislaus,099,539301,1409,993,6,999,25
2020-06-09,Sutter,101,95872,88,56,0,56,2
2020-06-09,Tehama,103,63373,25,9,2,11,1
2020-06-09,Trinity,105,12862,10,2,3,5,0
2020-06-09,Tulare,107,460477,3378,2393,10,2403,91
2020-06-09,Tuolumne,109,53932,10,8,0,8,0
2020-06-09,Ventura,111,848112,2106,1407,11,1418,34
2020-06-09,Yolo,113,214977,285,226,0,226,24
2020-06-09,Yuba,115,75493,34,27,0,27,1
2020-06-08,Alameda,001,1643700,4482,3937,6,3943,103
2020-06-08,Alpine,002,1148,1,1,0,1,0
2020-06-08,Amador,005,37829,10,10,0,10,0
2020-06-08,Butte,007,227075,99,68,11,79,1
2020-06-08,Calaveras,009,45235,27,16,0,16,0
2020-06-08,Colusa,011,21464,9,7,0,7,0
2020-06-08,Contra Costa,013,1133247,2016,1714,2,1716,41
2020-06-08,Del Norte,015,27424,47,45,0,45,0
2020-06-08,El Dorado,017,186661,138,107,1,108,0
2020-06-08,Fresno,019,978130,4185,2194,56,2250,42
2020-06-08,Glenn,021,27897,36,17,0,17,0
2020-06-08,Humboldt,023,135768,116,112,0,112,2
2020-06-08,Imperial,025,180216,5179,3051,4,3055,21
2020-06-08,Inyo,027,18085,22,22,0,22,1
2020-06-08,Kern,029,883053,3743,2853,10,2863,49
2020-06-08,Kings,031,150075,1805,892,2,894,6
2020-06-08,Lake,033,64148,39,28,0,28,0
2020-06-08,Lassen,035,31185,15,4,2,6,0
2020-06-08,Los Angeles,037,10098052,73297,64634,32,64666,2640
2020-06-08,Madera,039,155013,386,154,1,155,3
2020-06-08,Marin,041,260295,680,596,2,598,17
2020-06-08,Mariposa,043,17540,16,16,0,16,1
2020-06-08,Mendocino,045,87422,33,32,0,32,0
2020-06-08,Merced,047,269075,540,331,0,331,7
2020-06-08,Modoc,049,8938,1,0,0,0,0
2020-06-08,Mono,051,14174,39,35,0,35,1
2020-06-08,Monterey,053,433212,1014,751,2,753,10
2020-06-08,Napa,055,140530,184,151,0,151,3
2020-06-08,Nevada,057,99092,56,50,1,51,1
2020-06-08,Orange,059,3164182,10968,7786,76,7862,160
2020-06-08,Placer,061,380077,421,290,3,293,9
2020-06-08,Plumas,063,18699,5,4,0,4,0
2020-06-08,Riverside,065,2383286,12147,9246,23,9269,347
2020-06-08,Sacramento,067,1510023,1782,1591,2,1593,59
2020-06-08,San Benito,069,59416,131,93,0,93,2
2020-06-08,San Bernardino,071,2135413,8237,6122,6,6128,214
2020-06-08,San Diego,073,3302833,9885,8621,0,8621,296
2020-06-08,San Francisco,075,870044,2977,2715,1,2716,43
2020-06-08,San Joaquin,077,732212,1733,1198,3,1201,40
2020-06-08,San Luis Obispo,079,281455,423,300,4,304,1
2020-06-08,San Mateo,081,765935,2645,2431,2,2433,74
2020-06-08,Santa Barbara,083,443738,2116,1824,15,1839,13
2020-06-08,Santa Clara,085,1922200,3825,2971,14,2985,146
2020-06-08,Santa Cruz,087,273765,268,234,0,234,2
2020-06-08,Shasta,089,179085,74,43,0,43,4
2020-06-08,Sierra,091,2930,1,1,0,1,0
2020-06-08,Siskiyou,093,43540,20,8,0,8,0
2020-06-08,Solano,095,438530,832,560,3,563,19
2020-06-08,Sonoma,097,501317,784,654,2,656,4
2020-06-08,Stanislaus,099,539301,1326,956,6,962,28
2020-06-08,Sutter,101,95872,81,55,0,55,2
2020-06-08,Tehama,103,63373,19,8,2,10,1
2020-06-08,Trinity,105,12862,10,2,3,5,0
2020-06-08,Tulare,107,460477,3295,2301,10,2311,91
2020-06-08,Tuolumne,109,53932,9,8,0,8,0
2020-06-08,Ventura,111,848112,2048,1382,11,1393,30
2020-06-08,Yolo,113,214977,274,228,0,228,24
2020-06-08,Yuba,115,75493,32,27,0,27,1
2020-06-07,Alameda,001,1643700,4369,3866,6,3872,102
2020-06-07,Alpine,002,1148,1,1,0,1,0
2020-06-07,Amador,005,37829,10,10,0,10,0
2020-06-07,Butte,007,227075,97,64,9,73,1
2020-06-07,Calaveras,009,45235,25,16,0,16,0
2020-06-07,Colusa,011,21464,9,7,0,7,0
2020-06-07,Contra Costa,013,1133247,1965,1653,1,1654,38
2020-06-07,Del Norte,015,27424,45,45,0,45,0
2020-06-07,El Dorado,017,186661,138,104,1,105,0
2020-06-07,Fresno,019,978130,4056,2144,56,2200,41
2020-06-07,Glenn,021,27897,29,16,0,16,0
2020-06-07,Humboldt,023,135768,116,112,0,112,2
2020-06-07,Imperial,025,180216,5030,3048,4,3052,19
2020-06-07,Inyo,027,18085,22,21,0,21,1
2020-06-07,Kern,029,883053,3612,2771,10,2781,46
2020-06-07,Kings,031,150075,1756,882,2,884,6
2020-06-07,Lake,033,64148,36,28,0,28,0
2020-06-07,Lassen,035,31185,14,4,2,6,0
2020-06-07,Los Angeles,037,10098052,71586,63750,32,63782,2629
2020-06-07,Madera,039,155013,369,149,1,150,3
2020-06-07,Marin,041,260295,666,584,2,586,17
2020-06-07,Mariposa,043,17540,16,16,0,16,1
2020-06-07,Mendocino,045,87422,33,32,0,32,0
2020-06-07,Merced,047,269075,510,318,0,318,7
2020-06-07,Modoc,049,8938,1,0,0,0,0
2020-06-07,Mono,051,14174,39,35,0,35,1
2020-06-07,Monterey,053,433212,968,732,2,734,10
2020-06-07,Napa,055,140530,176,142,0,142,3
2020-06-07,Nevada,057,99092,55,50,1,51,1
2020-06-07,Orange,059,3164182,10709,7643,74,7717,158
2020-06-07,Placer,061,380077,400,273,2,275,9
2020-06-07,Plumas,063,18699,5,4,0,4,0
2020-06-07,Riverside,065,2383286,11851,9105,23,9128,344
2020-06-07,Sacramento,067,1510023,1734,1568,2,1570,59
2020-06-07,San Benito,069,59416,128,92,0,92,2
2020-06-07,San Bernardino,071,2135413,7951,6033,6,6039,214
2020-06-07,San Diego,073,3302833,9706,8478,0,8478,296
2020-06-07,San Francisco,075,870044,2933,2674,0,2674,43
2020-06-07,San Joaquin,077,732212,1632,1126,3,1129,37
2020-06-07,San Luis Obispo,079,281455,413,296,4,300,1
2020-06-07,San Mateo,081,765935,2618,2399,2,2401,73
2020-06-07,Santa Barbara,083,443738,2061,1818,15,1833,13
2020-06-07,Santa Clara,085,1922200,3773,2947,14,2961,146
2020-06-07,Santa Cruz,087,273765,260,230,0,230,2
2020-06-07,Shasta,089,179085,73,41,0,41,4
2020-06-07,Sierra,091,2930,1,1,0,1,0
2020-06-07,Siskiyou,093,43540,20,8,0,8,0
2020-06-07,Solano,095,438530,809,560,3,563,19
2020-06-07,Sonoma,097,501317,753,639,2,641,4
2020-06-07,Stanislaus,099,539301,1246,905,5,910,28
2020-06-07,Sutter,101,95872,73,55,0,55,2
2020-06-07,Tehama,103,63373,16,8,2,10,1
2020-06-07,Trinity,105,12862,8,2,3,5,0
2020-06-07,Tulare,107,460477,3173,2219,10,2229,90
2020-06-07,Tuolumne,109,53932,9,4,0,4,0
2020-06-07,Ventura,111,848112,1982,1337,11,1348,30
2020-06-07,Yolo,113,214977,264,224,0,224,24
2020-06-07,Yuba,115,75493,32,27,0,27,1
2020-06-06,Alameda,001,1643700,4324,3801,6,3807,102
2020-06-06,Alpine,002,1148,1,1,0,1,0
2020-06-06,Amador,005,37829,10,10,0,10,0
2020-06-06,Butte,007,227075,96,63,9,72,1
2020-06-06,Calaveras,009,45235,23,16,0,16,0
2020-06-06,Colusa,011,21464,9,7,0,7,0
2020-06-06,Contra Costa,013,1133247,1944,1619,1,1620,37
2020-06-06,Del Norte,015,27424,45,45,0,45,0
2020-06-06,El Dorado,017,186661,133,104,1,105,0
2020-06-06,Fresno,019,978130,4000,2117,56,2173,41
2020-06-06,Glenn,021,27897,27,16,0,16,0
2020-06-06,Humboldt,023,135768,116,112,0,112,2
2020-06-06,Imperial,025,180216,4955,3047,4,3051,19
2020-06-06,Inyo,027,18085,22,21,0,21,1
2020-06-06,Kern,029,883053,3541,2695,10,2705,46
2020-06-06,Kings,031,150075,1737,882,2,884,6
2020-06-06,Lake,033,64148,36,28,0,28,0
2020-06-06,Lassen,035,31185,14,4,2,6,0
2020-06-06,Los Angeles,037,10098052,70831,62269,32,62301,2607
2020-06-06,Madera,039,155013,360,149,1,150,3
2020-06-06,Marin,041,260295,661,556,2,558,17
2020-06-06,Mariposa,043,17540,16,16,0,16,1
2020-06-06,Mendocino,045,87422,33,32,0,32,0
2020-06-06,Merced,047,269075,508,315,0,315,7
2020-06-06,Modoc,049,8938,1,0,0,0,0
2020-06-06,Mono,051,14174,39,35,0,35,1
2020-06-06,Monterey,053,433212,944,679,2,681,10
2020-06-06,Napa,055,140530,170,136,0,136,3
2020-06-06,Nevada,057,99092,54,50,1,51,1
2020-06-06,Orange,059,3164182,10549,7576,73,7649,157
2020-06-06,Placer,061,380077,388,270,2,272,9
2020-06-06,Plumas,063,18699,5,4,0,4,0
2020-06-06,Riverside,065,2383286,11673,8935,23,8958,345
2020-06-06,Sacramento,067,1510023,1711,1533,2,1535,59
2020-06-06,San Benito,069,59416,118,92,0,92,2
2020-06-06,San Bernardino,071,2135413,7802,5946,6,5952,214
2020-06-06,San Diego,073,3302833,9585,8347,0,8347,296
2020-06-06,San Francisco,075,870044,2918,2674,0,2674,43
2020-06-06,San Joaquin,077,732212,1592,1076,3,1079,37
2020-06-06,San Luis Obispo,079,281455,407,295,4,299,1
2020-06-06,San Mateo,081,765935,2603,2342,2,2344,72
2020-06-06,Santa Barbara,083,443738,2022,1815,15,1830,13
2020-06-06,Santa Clara,085,1922200,3732,2934,14,2948,144
2020-06-06,Santa Cruz,087,273765,258,226,0,226,2
2020-06-06,Shasta,089,179085,73,40,0,40,4
2020-06-06,Sierra,091,2930,1,1,0,1,0
2020-06-06,Siskiyou,093,43540,18,8,0,8,0
2020-06-06,Solano,095,438530,794,560,3,563,19
2020-06-06,Sonoma,097,501317,741,622,2,624,4
2020-06-06,Stanislaus,099,539301,1212,858,5,863,27
2020-06-06,Sutter,101,95872,73,51,0,51,2
2020-06-06,Tehama,103,63373,15,8,2,10,1
2020-06-06,Trinity,105,12862,8,2,2,4,0
2020-06-06,Tulare,107,460477,3140,2213,10,2223,90
2020-06-06,Tuolumne,109,53932,9,4,0,4,0
2020-06-06,Ventura,111,848112,1958,1303,11,1314,30
2020-06-06,Yolo,113,214977,262,223,0,223,24
2020-06-06,Yuba,115,75493,32,27,0,27,1
2020-06-05,Alameda,001,1643700,4273,3734,6,3740,102
2020-06-05,Alpine,002,1148,1,1,0,1,0
2020-06-05,Amador,005,37829,10,10,0,10,0
2020-06-05,Butte,007,227075,93,61,9,70,1
2020-06-05,Calaveras,009,45235,22,16,0,16,0
2020-06-05,Colusa,011,21464,9,7,0,7,0
2020-06-05,Contra Costa,013,1133247,1929,1575,1,1576,37
2020-06-05,Del Norte,015,27424,45,45,0,45,0
2020-06-05,El Dorado,017,186661,131,101,1,102,0
2020-06-05,Fresno,019,978130,3936,2051,55,2106,38
2020-06-05,Glenn,021,27897,25,16,0,16,0
2020-06-05,Humboldt,023,135768,115,111,0,111,2
2020-06-05,Imperial,025,180216,4847,2778,4,2782,19
2020-06-05,Inyo,027,18085,22,21,0,21,1
2020-06-05,Kern,029,883053,3452,2624,10,2634,46
2020-06-05,Kings,031,150075,1722,865,2,867,6
2020-06-05,Lake,033,64148,35,28,0,28,0
2020-06-05,Lassen,035,31185,13,4,2,6,0
2020-06-05,Los Angeles,037,10098052,69680,60955,30,60985,2553
2020-06-05,Madera,039,155013,338,144,1,145,3
2020-06-05,Marin,041,260295,652,546,2,548,17
2020-06-05,Mariposa,043,17540,16,16,0,16,1
2020-06-05,Mendocino,045,87422,33,32,0,32,0
2020-06-05,Merced,047,269075,505,309,0,309,7
2020-06-05,Modoc,049,8938,1,0,0,0,0
2020-06-05,Mono,051,14174,39,35,0,35,1
2020-06-05,Monterey,053,433212,912,649,2,651,10
2020-06-05,Napa,055,140530,167,123,0,123,3
2020-06-05,Nevada,057,99092,54,50,1,51,1
2020-06-05,Orange,059,3164182,10353,7391,72,7463,153
2020-06-05,Placer,061,380077,378,265,2,267,9
2020-06-05,Plumas,063,18699,5,4,0,4,0
2020-06-05,Riverside,065,2383286,11414,8700,23,8723,345
2020-06-05,Sacramento,067,1510023,1689,1514,2,1516,59
2020-06-05,San Benito,069,59416,116,92,0,92,2
2020-06-05,San Bernardino,071,2135413,7620,5869,5,5874,212
2020-06-05,San Diego,073,3302833,9470,8182,0,8182,294
2020-06-05,San Francisco,075,870044,2900,2675,0,2675,43
2020-06-05,San Joaquin,077,732212,1513,1046,3,1049,36
2020-06-05,San Luis Obispo,079,281455,400,293,4,297,1
2020-06-05,San Mateo,081,765935,2578,2331,2,2333,72
2020-06-05,Santa Barbara,083,443738,1991,1795,15,1810,13
2020-06-05,Santa Clara,085,1922200,3697,2902,14,2916,144
2020-06-05,Santa Cruz,087,273765,255,222,0,222,2
2020-06-05,Shasta,089,179085,72,40,0,40,4
2020-06-05,Sierra,091,2930,1,1,0,1,0
2020-06-05,Siskiyou,093,43540,16,8,0,8,0
2020-06-05,Solano,095,438530,787,558,3,561,19
2020-06-05,Sonoma,097,501317,720,618,2,620,4
2020-06-05,Stanislaus,099,539301,1179,842,5,847,27
2020-06-05,Sutter,101,95872,73,49,0,49,2
2020-06-05,Tehama,103,63373,15,7,2,9,1
2020-06-05,Trinity,105,12862,8,1,2,3,0
2020-06-05,Tulare,107,460477,3091,2180,10,2190,90
2020-06-05,Tuolumne,109,53932,9,4,0,4,0
2020-06-05,Ventura,111,848112,1925,1274,11,1285,30
2020-06-05,Yolo,113,214977,261,216,0,216,24
2020-06-05,Yuba,115,75493,32,27,0,27,1
2020-06-04,Alameda,001,1643700,4174,3643,6,3649,99
2020-06-04,Alpine,002,1148,1,1,0,1,0
2020-06-04,Amador,005,37829,10,10,0,10,0
2020-06-04,Butte,007,227075,89,57,8,65,1
2020-06-04,Calaveras,009,45235,22,15,0,15,0
2020-06-04,Colusa,011,21464,9,7,0,7,0
2020-06-04,Contra Costa,013,1133247,1872,1551,1,1552,37
2020-06-04,Del Norte,015,27424,45,45,0,45,0
2020-06-04,El Dorado,017,186661,129,101,1,102,0
2020-06-04,Fresno,019,978130,3832,2007,54,2061,35
2020-06-04,Glenn,021,27897,22,16,0,16,0
2020-06-04,Humboldt,023,135768,115,109,0,109,2
2020-06-04,Imperial,025,180216,4665,2631,4,2635,19
2020-06-04,Inyo,027,18085,22,20,0,20,1
2020-06-04,Kern,029,883053,3336,2530,10,2540,46
2020-06-04,Kings,031,150075,1653,842,2,844,6
2020-06-04,Lake,033,64148,34,27,0,27,0
2020-06-04,Lassen,035,31185,11,4,2,6,0
2020-06-04,Los Angeles,037,10098052,68215,59596,30,59626,2515
2020-06-04,Madera,039,155013,330,127,1,128,3
2020-06-04,Marin,041,260295,630,533,2,535,14
2020-06-04,Mariposa,043,17540,16,16,0,16,1
2020-06-04,Mendocino,045,87422,33,29,0,29,0
2020-06-04,Merced,047,269075,495,304,0,304,7
2020-06-04,Modoc,049,8938,1,0,0,0,0
2020-06-04,Mono,051,14174,39,35,0,35,1
2020-06-04,Monterey,053,433212,877,621,1,622,10
2020-06-04,Napa,055,140530,163,117,0,117,3
2020-06-04,Nevada,057,99092,53,49,1,50,1
2020-06-04,Orange,059,3164182,10099,7192,71,7263,148
2020-06-04,Placer,061,380077,362,256,2,258,9
2020-06-04,Plumas,063,18699,4,4,0,4,0
2020-06-04,Riverside,065,2383286,11137,8473,23,8496,341
2020-06-04,Sacramento,067,1510023,1660,1492,2,1494,58
2020-06-04,San Benito,069,59416,114,88,0,88,2
2020-06-04,San Bernardino,071,2135413,7351,5726,5,5731,207
2020-06-04,San Diego,073,3302833,9307,7942,0,7942,288
2020-06-04,San Francisco,075,870044,2867,2636,0,2636,43
2020-06-04,San Joaquin,077,732212,1451,1016,3,1019,36
2020-06-04,San Luis Obispo,079,281455,389,288,4,292,1
2020-06-04,San Mateo,081,765935,2551,2284,2,2286,72
2020-06-04,Santa Barbara,083,443738,1960,1750,14,1764,13
2020-06-04,Santa Clara,085,1922200,3662,2871,14,2885,144
2020-06-04,Santa Cruz,087,273765,249,218,0,218,2
2020-06-04,Shasta,089,179085,66,40,0,40,4
2020-06-04,Sierra,091,2930,1,1,0,1,0
2020-06-04,Siskiyou,093,43540,15,8,0,8,0
2020-06-04,Solano,095,438530,770,551,3,554,19
2020-06-04,Sonoma,097,501317,701,591,1,592,4
2020-06-04,Stanislaus,099,539301,1103,806,5,811,28
2020-06-04,Sutter,101,95872,68,46,0,46,2
2020-06-04,Tehama,103,63373,14,6,1,7,1
2020-06-04,Trinity,105,12862,8,1,2,3,0
2020-06-04,Tulare,107,460477,2974,2086,10,2096,90
2020-06-04,Tuolumne,109,53932,8,4,0,4,0
2020-06-04,Ventura,111,848112,1881,1236,10,1246,30
2020-06-04,Yolo,113,214977,256,216,0,216,24
2020-06-04,Yuba,115,75493,31,27,0,27,1
2020-06-03,Alameda,001,1643700,4115,3589,5,3594,99
2020-06-03,Alpine,002,1148,1,1,0,1,0
2020-06-03,Amador,005,37829,10,10,0,10,0
2020-06-03,Butte,007,227075,87,53,8,61,1
2020-06-03,Calaveras,009,45235,21,15,0,15,0
2020-06-03,Colusa,011,21464,9,7,0,7,0
2020-06-03,Contra Costa,013,1133247,1824,1511,1,1512,37
2020-06-03,Del Norte,015,27424,45,39,0,39,0
2020-06-03,El Dorado,017,186661,126,90,1,91,0
2020-06-03,Fresno,019,978130,3733,1943,53,1996,35
2020-06-03,Glenn,021,27897,22,16,0,16,0
2020-06-03,Humboldt,023,135768,115,103,0,103,2
2020-06-03,Imperial,025,180216,4492,2540,4,2544,19
2020-06-03,Inyo,027,18085,22,20,0,20,1
2020-06-03,Kern,029,883053,3240,2452,9,2461,44
2020-06-03,Kings,031,150075,1592,744,2,746,6
2020-06-03,Lake,033,64148,32,26,0,26,0
2020-06-03,Lassen,035,31185,11,4,2,6,0
2020-06-03,Los Angeles,037,10098052,66616,58166,30,58196,2472
2020-06-03,Madera,039,155013,322,117,1,118,3
2020-06-03,Marin,041,260295,612,527,2,529,14
2020-06-03,Mariposa,043,17540,16,16,0,16,1
2020-06-03,Mendocino,045,87422,32,29,0,29,0
2020-06-03,Merced,047,269075,483,299,0,299,7
2020-06-03,Modoc,049,8938,1,0,0,0,0
2020-06-03,Mono,051,14174,39,35,0,35,1
2020-06-03,Monterey,053,433212,849,592,1,593,10
2020-06-03,Napa,055,140530,162,116,0,116,3
2020-06-03,Nevada,057,99092,52,43,1,44,1
2020-06-03,Orange,059,3164182,9874,6939,70,7009,145
2020-06-03,Placer,061,380077,342,243,2,245,9
2020-06-03,Plumas,063,18699,4,4,0,4,0
2020-06-03,Riverside,065,2383286,10863,8208,23,8231,335
2020-06-03,Sacramento,067,1510023,1631,1457,2,1459,58
2020-06-03,San Benito,069,59416,108,88,0,88,2
2020-06-03,San Bernardino,071,2135413,7128,5565,5,5570,203
2020-06-03,San Diego,073,3302833,9159,7800,0,7800,283
2020-06-03,San Francisco,075,870044,2836,2608,0,2608,43
2020-06-03,San Joaquin,077,732212,1386,1004,3,1007,35
2020-06-03,San Luis Obispo,079,281455,384,279,4,283,1
2020-06-03,San Mateo,081,765935,2523,2243,2,2245,71
2020-06-03,Santa Barbara,083,443738,1926,1722,13,1735,12
2020-06-03,Santa Clara,085,1922200,3620,2836,14,2850,144
2020-06-03,Santa Cruz,087,273765,243,217,0,217,2
2020-06-03,Shasta,089,179085,63,40,0,40,4
2020-06-03,Sierra,091,2930,1,1,0,1,0
2020-06-03,Siskiyou,093,43540,14,8,0,8,0
2020-06-03,Solano,095,438530,741,543,2,545,18
2020-06-03,Sonoma,097,501317,689,578,1,579,4
2020-06-03,Stanislaus,099,539301,1063,780,5,785,27
2020-06-03,Sutter,101,95872,60,45,0,45,2
2020-06-03,Tehama,103,63373,14,6,1,7,1
2020-06-03,Trinity,105,12862,8,1,2,3,0
2020-06-03,Tulare,107,460477,2905,2041,10,2051,88
2020-06-03,Tuolumne,109,53932,6,4,0,4,0
2020-06-03,Ventura,111,848112,1814,1202,10,1212,30
2020-06-03,Yolo,113,214977,252,213,0,213,24
2020-06-03,Yuba,115,75493,31,27,0,27,1
2020-06-02,Alameda,001,1643700,4039,3517,5,3522,99
2020-06-02,Alpine,002,1148,1,1,0,1,0
2020-06-02,Amador,005,37829,10,10,0,10,0
2020-06-02,Butte,007,227075,83,51,7,58,1
2020-06-02,Calaveras,009,45235,21,15,0,15,0
2020-06-02,Colusa,011,21464,9,7,0,7,0
2020-06-02,Contra Costa,013,1133247,1792,1505,1,1506,37
2020-06-02,Del Norte,015,27424,45,39,0,39,0
2020-06-02,El Dorado,017,186661,125,88,1,89,0
2020-06-02,Fresno,019,978130,3619,1917,53,1970,34
2020-06-02,Glenn,021,27897,21,16,0,16,0
2020-06-02,Humboldt,023,135768,115,101,0,101,2
2020-06-02,Imperial,025,180216,4299,2459,4,2463,19
2020-06-02,Inyo,027,18085,20,20,0,20,1
2020-06-02,Kern,029,883053,3141,2406,7,2413,41
2020-06-02,Kings,031,150075,1564,720,2,722,5
2020-06-02,Lake,033,64148,32,25,0,25,0
2020-06-02,Lassen,035,31185,10,4,2,6,0
2020-06-02,Los Angeles,037,10098052,65214,57144,30,57174,2430
2020-06-02,Madera,039,155013,301,110,1,111,2
2020-06-02,Marin,041,260295,585,509,2,511,14
2020-06-02,Mariposa,043,17540,16,16,0,16,1
2020-06-02,Mendocino,045,87422,32,29,0,29,0
2020-06-02,Merced,047,269075,467,297,0,297,6
2020-06-02,Modoc,049,8938,1,0,0,0,0
2020-06-02,Mono,051,14174,39,35,0,35,1
2020-06-02,Monterey,053,433212,819,582,1,583,10
2020-06-02,Napa,055,140530,153,116,0,116,3
2020-06-02,Nevada,057,99092,51,41,1,42,1
2020-06-02,Orange,059,3164182,9671,6790,69,6859,142
2020-06-02,Placer,061,380077,328,226,2,228,9
2020-06-02,Plumas,063,18699,4,4,0,4,0
2020-06-02,Riverside,065,2383286,10567,8091,22,8113,330
2020-06-02,Sacramento,067,1510023,1602,1428,2,1430,58
2020-06-02,San Benito,069,59416,107,86,0,86,2
2020-06-02,San Bernardino,071,2135413,6921,5438,5,5443,202
2020-06-02,San Diego,073,3302833,9013,7676,0,7676,276
2020-06-02,San Francisco,075,870044,2801,2554,0,2554,43
2020-06-02,San Joaquin,077,732212,1320,985,3,988,35
2020-06-02,San Luis Obispo,079,281455,379,275,4,279,1
2020-06-02,San Mateo,081,765935,2488,2203,2,2205,71
2020-06-02,Santa Barbara,083,443738,1886,1703,13,1716,12
2020-06-02,Santa Clara,085,1922200,3570,2819,14,2833,144
2020-06-02,Santa Cruz,087,273765,238,215,0,215,2
2020-06-02,Shasta,089,179085,62,38,0,38,4
2020-06-02,Sierra,091,2930,1,1,0,1,0
2020-06-02,Siskiyou,093,43540,13,8,0,8,0
2020-06-02,Solano,095,438530,726,537,1,538,18
2020-06-02,Sonoma,097,501317,678,571,1,572,4
2020-06-02,Stanislaus,099,539301,1004,772,5,777,27
2020-06-02,Sutter,101,95872,57,43,0,43,2
2020-06-02,Tehama,103,63373,14,6,1,7,1
2020-06-02,Trinity,105,12862,8,1,2,3,0
2020-06-02,Tulare,107,460477,2825,2012,10,2022,86
2020-06-02,Tuolumne,109,53932,6,4,0,4,0
2020-06-02,Ventura,111,848112,1761,1178,10,1188,30
2020-06-02,Yolo,113,214977,250,213,0,213,24
2020-06-02,Yuba,115,75493,31,27,0,27,1
2020-06-01,Alameda,001,1643700,3973,3460,5,3465,98
2020-06-01,Alpine,002,1148,1,1,0,1,0
2020-06-01,Amador,005,37829,10,10,0,10,0
2020-06-01,Butte,007,227075,82,50,6,56,1
2020-06-01,Calaveras,009,45235,21,15,0,15,0
2020-06-01,Colusa,011,21464,9,7,0,7,0
2020-06-01,Contra Costa,013,1133247,1756,1486,1,1487,37
2020-06-01,Del Norte,015,27424,45,38,0,38,0
2020-06-01,El Dorado,017,186661,123,88,1,89,0
2020-06-01,Fresno,019,978130,3524,1854,51,1905,33
2020-06-01,Glenn,021,27897,21,16,0,16,0
2020-06-01,Humboldt,023,135768,115,98,0,98,2
2020-06-01,Imperial,025,180216,4077,2366,4,2370,14
2020-06-01,Inyo,027,18085,20,20,0,20,1
2020-06-01,Kern,029,883053,3058,2366,7,2373,38
2020-06-01,Kings,031,150075,1296,703,2,705,4
2020-06-01,Lake,033,64148,32,22,0,22,0
2020-06-01,Lassen,035,31185,10,4,2,6,0
2020-06-01,Los Angeles,037,10098052,63740,55899,29,55928,2367
2020-06-01,Madera,039,155013,289,103,1,104,2
2020-06-01,Marin,041,260295,544,495,2,497,14
2020-06-01,Mariposa,043,17540,16,16,0,16,1
2020-06-01,Mendocino,045,87422,32,28,0,28,0
2020-06-01,Merced,047,269075,450,289,0,289,6
2020-06-01,Modoc,049,8938,1,0,0,0,0
2020-06-01,Mono,051,14174,39,35,0,35,1
2020-06-01,Monterey,053,433212,795,554,1,555,10
2020-06-01,Napa,055,140530,150,114,0,114,3
2020-06-01,Nevada,057,99092,51,41,1,42,1
2020-06-01,Orange,059,3164182,9474,6640,68,6708,135
2020-06-01,Placer,061,380077,316,218,2,220,9
2020-06-01,Plumas,063,18699,4,4,0,4,0
2020-06-01,Riverside,065,2383286,10115,7921,21,7942,322
2020-06-01,Sacramento,067,1510023,1563,1415,2,1417,58
2020-06-01,San Benito,069,59416,104,86,0,86,2
2020-06-01,San Bernardino,071,2135413,6715,5310,5,5315,202
2020-06-01,San Diego,073,3302833,8833,7556,0,7556,269
2020-06-01,San Francisco,075,870044,2764,2546,0,2546,43
2020-06-01,San Joaquin,077,732212,1255,957,3,960,35
2020-06-01,San Luis Obispo,079,281455,375,275,4,279,1
2020-06-01,San Mateo,081,765935,2458,2190,2,2192,71
2020-06-01,Santa Barbara,083,443738,1852,1671,12,1683,10
2020-06-01,Santa Clara,085,1922200,3532,2797,13,2810,142
2020-06-01,Santa Cruz,087,273765,234,215,0,215,2
2020-06-01,Shasta,089,179085,62,38,0,38,4
2020-06-01,Sierra,091,2930,1,1,0,1,0
2020-06-01,Siskiyou,093,43540,13,7,0,7,0
2020-06-01,Solano,095,438530,702,529,1,530,17
2020-06-01,Sonoma,097,501317,662,565,1,566,4
2020-06-01,Stanislaus,099,539301,967,758,5,763,27
2020-06-01,Sutter,101,95872,52,43,0,43,2
2020-06-01,Tehama,103,63373,11,5,1,6,1
2020-06-01,Trinity,105,12862,7,1,2,3,0
2020-06-01,Tulare,107,460477,2710,1976,10,1986,84
2020-06-01,Tuolumne,109,53932,5,4,0,4,0
2020-06-01,Ventura,111,848112,1708,1163,10,1173,29
2020-06-01,Yolo,113,214977,247,212,0,212,24
2020-06-01,Yuba,115,75493,30,26,0,26,1
2020-05-31,Alameda,001,1643700,3868,3362,5,3367,98
2020-05-31,Alpine,002,1148,1,1,0,1,0
2020-05-31,Amador,005,37829,10,10,0,10,0
2020-05-31,Butte,007,227075,80,51,6,57,0
2020-05-31,Calaveras,009,45235,18,15,0,15,0
2020-05-31,Colusa,011,21464,9,5,0,5,0
2020-05-31,Contra Costa,013,1133247,1722,1458,1,1459,37
2020-05-31,Del Norte,015,27424,45,37,0,37,0
2020-05-31,El Dorado,017,186661,119,88,1,89,0
2020-05-31,Fresno,019,978130,3360,1780,46,1826,31
2020-05-31,Glenn,021,27897,20,16,0,16,0
2020-05-31,Humboldt,023,135768,113,98,0,98,2
2020-05-31,Imperial,025,180216,3809,2197,4,2201,14
2020-05-31,Inyo,027,18085,20,20,0,20,1
2020-05-31,Kern,029,883053,2923,2300,7,2307,38
2020-05-31,Kings,031,150075,1260,703,2,705,3
2020-05-31,Lake,033,64148,32,19,0,19,0
2020-05-31,Lassen,035,31185,10,4,2,6,0
2020-05-31,Los Angeles,037,10098052,62445,54925,29,54954,2344
2020-05-31,Madera,039,155013,271,101,1,102,2
2020-05-31,Marin,041,260295,534,486,2,488,14
2020-05-31,Mariposa,043,17540,16,16,0,16,1
2020-05-31,Mendocino,045,87422,32,24,0,24,0
2020-05-31,Merced,047,269075,417,288,0,288,6
2020-05-31,Modoc,049,8938,0,0,0,0,0
2020-05-31,Mono,051,14174,39,34,0,34,1
2020-05-31,Monterey,053,433212,721,545,1,546,10
2020-05-31,Napa,055,140530,148,114,0,114,3
2020-05-31,Nevada,057,99092,50,41,1,42,1
2020-05-31,Orange,059,3164182,9262,6532,67,6599,135
2020-05-31,Placer,061,380077,294,215,2,217,9
2020-05-31,Plumas,063,18699,4,4,0,4,0
2020-05-31,Riverside,065,2383286,9859,7704,21,7725,321
2020-05-31,Sacramento,067,1510023,1532,1398,2,1400,57
2020-05-31,San Benito,069,59416,98,85,0,85,2
2020-05-31,San Bernardino,071,2135413,6447,5185,5,5190,198
2020-05-31,San Diego,073,3302833,8639,7483,0,7483,269
2020-05-31,San Francisco,075,870044,2728,2501,0,2501,43
2020-05-31,San Joaquin,077,732212,1190,888,3,891,34
2020-05-31,San Luis Obispo,079,281455,365,271,4,275,1
2020-05-31,San Mateo,081,765935,2412,2169,2,2171,71
2020-05-31,Santa Barbara,083,443738,1801,1662,11,1673,9
2020-05-31,Santa Clara,085,1922200,3488,2785,13,2798,142
2020-05-31,Santa Cruz,087,273765,231,210,0,210,2
2020-05-31,Shasta,089,179085,60,38,0,38,4
2020-05-31,Sierra,091,2930,1,1,0,1,0
2020-05-31,Siskiyou,093,43540,12,7,0,7,0
2020-05-31,Solano,095,438530,676,512,1,513,6
2020-05-31,Sonoma,097,501317,642,555,1,556,4
2020-05-31,Stanislaus,099,539301,913,738,5,743,27
2020-05-31,Sutter,101,95872,50,42,0,42,2
2020-05-31,Tehama,103,63373,10,4,1,5,1
2020-05-31,Trinity,105,12862,7,1,2,3,0
2020-05-31,Tulare,107,460477,2637,1884,10,1894,82
2020-05-31,Tuolumne,109,53932,5,4,0,4,0
2020-05-31,Ventura,111,848112,1647,1151,10,1161,30
2020-05-31,Yolo,113,214977,241,211,0,211,24
2020-05-31,Yuba,115,75493,30,26,0,26,1
2020-05-30,Alameda,001,1643700,3842,3304,5,3309,96
2020-05-30,Alpine,002,1148,1,1,0,1,0
2020-05-30,Amador,005,37829,10,10,0,10,0
2020-05-30,Butte,007,227075,79,44,6,50,0
2020-05-30,Calaveras,009,45235,17,15,0,15,0
2020-05-30,Colusa,011,21464,8,5,0,5,0
2020-05-30,Contra Costa,013,1133247,1706,1429,1,1430,37
2020-05-30,Del Norte,015,27424,45,37,0,37,0
2020-05-30,El Dorado,017,186661,118,86,1,87,0
2020-05-30,Fresno,019,978130,3299,1744,45,1789,31
2020-05-30,Glenn,021,27897,19,16,0,16,0
2020-05-30,Humboldt,023,135768,112,98,0,98,2
2020-05-30,Imperial,025,180216,3719,2091,4,2095,14
2020-05-30,Inyo,027,18085,20,20,0,20,1
2020-05-30,Kern,029,883053,2854,2217,7,2224,38
2020-05-30,Kings,031,150075,1246,703,2,705,3
2020-05-30,Lake,033,64148,31,18,0,18,0
2020-05-30,Lassen,035,31185,10,4,2,6,0
2020-05-30,Los Angeles,037,10098052,61910,53627,29,53656,2319
2020-05-30,Madera,039,155013,266,101,1,102,2
2020-05-30,Marin,041,260295,534,462,2,464,14
2020-05-30,Mariposa,043,17540,16,16,0,16,1
2020-05-30,Mendocino,045,87422,32,24,0,24,0
2020-05-30,Merced,047,269075,413,285,0,285,6
2020-05-30,Modoc,049,8938,0,0,0,0,0
2020-05-30,Mono,051,14174,39,34,0,34,1
2020-05-30,Monterey,053,433212,705,520,1,521,10
2020-05-30,Napa,055,140530,146,113,0,113,3
2020-05-30,Nevada,057,99092,50,41,1,42,1
2020-05-30,Orange,059,3164182,9105,6354,66,6420,134
2020-05-30,Placer,061,380077,286,199,1,200,9
2020-05-30,Plumas,063,18699,4,4,0,4,0
2020-05-30,Riverside,065,2383286,9715,7492,21,7513,316
2020-05-30,Sacramento,067,1510023,1521,1384,2,1386,57
2020-05-30,San Benito,069,59416,97,85,0,85,2
2020-05-30,San Bernardino,071,2135413,6338,5122,5,5127,198
2020-05-30,San Diego,073,3302833,8546,7387,0,7387,269
2020-05-30,San Francisco,075,870044,2703,2496,0,2496,41
2020-05-30,San Joaquin,077,732212,1152,888,3,891,34
2020-05-30,San Luis Obispo,079,281455,360,270,4,274,1
2020-05-30,San Mateo,081,765935,2388,2129,2,2131,71
2020-05-30,Santa Barbara,083,443738,1782,1660,11,1671,9
2020-05-30,Santa Clara,085,1922200,3472,2741,13,2754,141
2020-05-30,Santa Cruz,087,273765,231,206,0,206,2
2020-05-30,Shasta,089,179085,60,36,0,36,4
2020-05-30,Sierra,091,2930,1,1,0,1,0
2020-05-30,Siskiyou,093,43540,11,7,0,7,0
2020-05-30,Solano,095,438530,669,512,1,513,6
2020-05-30,Sonoma,097,501317,632,551,1,552,4
2020-05-30,Stanislaus,099,539301,896,712,5,717,27
2020-05-30,Sutter,101,95872,49,40,0,40,2
2020-05-30,Tehama,103,63373,10,4,1,5,1
2020-05-30,Trinity,105,12862,7,1,2,3,0
2020-05-30,Tulare,107,460477,2600,1879,10,1889,81
2020-05-30,Tuolumne,109,53932,5,4,0,4,0
2020-05-30,Ventura,111,848112,1630,1116,10,1126,30
2020-05-30,Yolo,113,214977,237,210,0,210,24
2020-05-30,Yuba,115,75493,30,25,0,25,1
2020-05-29,Alameda,001,1643700,3807,3209,5,3214,96
2020-05-29,Alpine,002,1148,1,1,0,1,0
2020-05-29,Amador,005,37829,10,10,0,10,0
2020-05-29,Butte,007,227075,74,41,6,47,0
2020-05-29,Calaveras,009,45235,17,15,0,15,0
2020-05-29,Colusa,011,21464,8,5,0,5,0
2020-05-29,Contra Costa,013,1133247,1690,1411,1,1412,37
2020-05-29,Del Norte,015,27424,45,37,0,37,0
2020-05-29,El Dorado,017,186661,117,85,1,86,0
2020-05-29,Fresno,019,978130,3249,1687,45,1732,31
2020-05-29,Glenn,021,27897,19,14,0,14,0
2020-05-29,Humboldt,023,135768,111,98,0,98,2
2020-05-29,Imperial,025,180216,3601,1607,4,1611,14
2020-05-29,Inyo,027,18085,20,20,0,20,1
2020-05-29,Kern,029,883053,2796,2128,7,2135,36
2020-05-29,Kings,031,150075,1235,693,2,695,3
2020-05-29,Lake,033,64148,30,17,0,17,0
2020-05-29,Lassen,035,31185,10,0,2,2,0
2020-05-29,Los Angeles,037,10098052,60954,51578,29,51607,2273
2020-05-29,Madera,039,155013,251,98,1,99,2
2020-05-29,Marin,041,260295,526,448,2,450,14
2020-05-29,Mariposa,043,17540,16,16,0,16,1
2020-05-29,Mendocino,045,87422,30,25,0,25,0
2020-05-29,Merced,047,269075,403,285,0,285,7
2020-05-29,Modoc,049,8938,0,0,0,0,0
2020-05-29,Mono,051,14174,38,34,0,34,1
2020-05-29,Monterey,053,433212,675,479,1,480,10
2020-05-29,Napa,055,140530,143,113,0,113,3
2020-05-29,Nevada,057,99092,50,41,1,42,1
2020-05-29,Orange,059,3164182,8918,6176,63,6239,133
2020-05-29,Placer,061,380077,264,199,1,200,9
2020-05-29,Plumas,063,18699,4,4,0,4,0
2020-05-29,Riverside,065,2383286,9529,7376,21,7397,313
2020-05-29,Sacramento,067,1510023,1498,1360,2,1362,57
2020-05-29,San Benito,069,59416,97,84,0,84,2
2020-05-29,San Bernardino,071,2135413,6230,4983,5,4988,196
2020-05-29,San Diego,073,3302833,8423,7242,0,7242,266
2020-05-29,San Francisco,075,870044,2679,2453,0,2453,41
2020-05-29,San Joaquin,077,732212,1115,855,3,858,34
2020-05-29,San Luis Obispo,079,281455,356,270,4,274,1
2020-05-29,San Mateo,081,765935,2372,2103,2,2105,71
2020-05-29,Santa Barbara,083,443738,1754,1656,11,1667,9
2020-05-29,Santa Clara,085,1922200,3444,2707,13,2720,141
2020-05-29,Santa Cruz,087,273765,228,203,0,203,2
2020-05-29,Shasta,089,179085,60,36,0,36,4
2020-05-29,Sierra,091,2930,1,1,0,1,0
2020-05-29,Siskiyou,093,43540,11,7,0,7,0
2020-05-29,Solano,095,438530,660,498,1,499,6
2020-05-29,Sonoma,097,501317,621,537,1,538,4
2020-05-29,Stanislaus,099,539301,866,698,5,703,27
2020-05-29,Sutter,101,95872,47,40,0,40,2
2020-05-29,Tehama,103,63373,9,4,1,5,1
2020-05-29,Trinity,105,12862,7,1,2,3,0
2020-05-29,Tulare,107,460477,2562,1852,10,1862,80
2020-05-29,Tuolumne,109,53932,5,4,0,4,0
2020-05-29,Ventura,111,848112,1606,1093,10,1103,29
2020-05-29,Yolo,113,214977,233,211,0,211,24
2020-05-29,Yuba,115,75493,29,25,0,25,1
2020-05-28,Alameda,001,1643700,3708,3083,5,3088,94
2020-05-28,Alpine,002,1148,1,1,0,1,0
2020-05-28,Amador,005,37829,10,10,0,10,0
2020-05-28,Butte,007,227075,73,40,6,46,0
2020-05-28,Calaveras,009,45235,16,15,0,15,0
2020-05-28,Colusa,011,21464,8,5,0,5,0
2020-05-28,Contra Costa,013,1133247,1651,1392,1,1393,37
2020-05-28,Del Norte,015,27424,45,37,0,37,0
2020-05-28,El Dorado,017,186661,114,82,1,83,0
2020-05-28,Fresno,019,978130,3169,1653,44,1697,31
2020-05-28,Glenn,021,27897,18,14,0,14,0
2020-05-28,Humboldt,023,135768,110,97,0,97,2
2020-05-28,Imperial,025,180216,3405,1430,4,1434,14
2020-05-28,Inyo,027,18085,20,20,0,20,1
2020-05-28,Kern,029,883053,2718,2069,7,2076,36
2020-05-28,Kings,031,150075,898,626,2,628,3
2020-05-28,Lake,033,64148,29,17,0,17,0
2020-05-28,Lassen,035,31185,10,0,2,2,0
2020-05-28,Los Angeles,037,10098052,59378,49861,29,49890,2222
2020-05-28,Madera,039,155013,233,93,1,94,2
2020-05-28,Marin,041,260295,501,443,2,445,14
2020-05-28,Mariposa,043,17540,16,16,0,16,1
2020-05-28,Mendocino,045,87422,28,24,0,24,0
2020-05-28,Merced,047,269075,394,283,0,283,7
2020-05-28,Modoc,049,8938,0,0,0,0,0
2020-05-28,Mono,051,14174,38,34,0,34,1
2020-05-28,Monterey,053,433212,643,471,1,472,10
2020-05-28,Napa,055,140530,140,113,0,113,3
2020-05-28,Nevada,057,99092,45,41,1,42,1
2020-05-28,Orange,059,3164182,8723,6045,63,6108,130
2020-05-28,Placer,061,380077,257,196,1,197,9
2020-05-28,Plumas,063,18699,4,4,0,4,0
2020-05-28,Riverside,065,2383286,9125,7240,20,7260,304
2020-05-28,Sacramento,067,1510023,1478,1339,2,1341,57
2020-05-28,San Benito,069,59416,96,82,0,82,2
2020-05-28,San Bernardino,071,2135413,6065,4831,5,4836,191
2020-05-28,San Diego,073,3302833,8266,7102,0,7102,260
2020-05-28,San Francisco,075,870044,2645,2417,0,2417,40
2020-05-28,San Joaquin,077,732212,1080,840,3,843,34
2020-05-28,San Luis Obispo,079,281455,353,267,4,271,1
2020-05-28,San Mateo,081,765935,2345,2070,2,2072,71
2020-05-28,Santa Barbara,083,443738,1726,1642,10,1652,9
2020-05-28,Santa Clara,085,1922200,3404,2698,13,2711,140
2020-05-28,Santa Cruz,087,273765,227,201,0,201,2
2020-05-28,Shasta,089,179085,58,36,0,36,4
2020-05-28,Sierra,091,2930,1,1,0,1,0
2020-05-28,Siskiyou,093,43540,9,6,0,6,0
2020-05-28,Solano,095,438530,643,489,1,490,6
2020-05-28,Sonoma,097,501317,599,529,1,530,4
2020-05-28,Stanislaus,099,539301,825,684,5,689,27
2020-05-28,Sutter,101,95872,47,40,0,40,2
2020-05-28,Tehama,103,63373,9,4,1,5,1
2020-05-28,Trinity,105,12862,6,1,2,3,0
2020-05-28,Tulare,107,460477,2526,1832,10,1842,79
2020-05-28,Tuolumne,109,53932,5,4,0,4,0
2020-05-28,Ventura,111,848112,1573,1083,10,1093,29
2020-05-28,Yolo,113,214977,230,206,0,206,22
2020-05-28,Yuba,115,75493,28,24,0,24,1
2020-05-27,Alameda,001,1643700,3625,3037,5,3042,94
2020-05-27,Alpine,002,1148,1,1,0,1,0
2020-05-27,Amador,005,37829,10,10,0,10,0
2020-05-27,Butte,007,227075,70,40,5,45,0
2020-05-27,Calaveras,009,45235,15,15,0,15,0
2020-05-27,Colusa,011,21464,8,5,0,5,0
2020-05-27,Contra Costa,013,1133247,1611,1373,1,1374,37
2020-05-27,Del Norte,015,27424,45,34,0,34,0
2020-05-27,El Dorado,017,186661,113,82,1,83,0
2020-05-27,Fresno,019,978130,3079,1620,44,1664,27
2020-05-27,Glenn,021,27897,18,14,0,14,0
2020-05-27,Humboldt,023,135768,110,86,0,86,2
2020-05-27,Imperial,025,180216,3227,1369,4,1373,14
2020-05-27,Inyo,027,18085,20,20,0,20,1
2020-05-27,Kern,029,883053,2653,1999,7,2006,37
2020-05-27,Kings,031,150075,871,586,2,588,3
2020-05-27,Lake,033,64148,29,13,0,13,0
2020-05-27,Lassen,035,31185,10,0,2,2,0
2020-05-27,Los Angeles,037,10098052,58007,48711,29,48740,2177
2020-05-27,Madera,039,155013,224,91,1,92,2
2020-05-27,Marin,041,260295,472,439,2,441,14
2020-05-27,Mariposa,043,17540,16,16,0,16,1
2020-05-27,Mendocino,045,87422,27,21,0,21,0
2020-05-27,Merced,047,269075,388,278,0,278,7
2020-05-27,Modoc,049,8938,0,0,0,0,0
2020-05-27,Mono,051,14174,38,34,0,34,1
2020-05-27,Monterey,053,433212,603,443,1,444,8
2020-05-27,Napa,055,140530,135,112,0,112,3
2020-05-27,Nevada,057,99092,44,41,1,42,1
2020-05-27,Orange,059,3164182,8568,5849,63,5912,121
2020-05-27,Placer,061,380077,238,196,0,196,9
2020-05-27,Plumas,063,18699,4,4,0,4,0
2020-05-27,Riverside,065,2383286,8746,7156,20,7176,299
2020-05-27,Sacramento,067,1510023,1450,1318,2,1320,50
2020-05-27,San Benito,069,59416,93,74,0,74,2
2020-05-27,San Bernardino,071,2135413,5881,4708,5,4713,183
2020-05-27,San Diego,073,3302833,8115,6985,0,6985,255
2020-05-27,San Francisco,075,870044,2616,2394,0,2394,40
2020-05-27,San Joaquin,077,732212,1039,825,3,828,34
2020-05-27,San Luis Obispo,079,281455,348,266,4,270,1
2020-05-27,San Mateo,081,765935,2305,2045,2,2047,71
2020-05-27,Santa Barbara,083,443738,1711,1629,10,1639,9
2020-05-27,Santa Clara,085,1922200,3371,2680,13,2693,140
2020-05-27,Santa Cruz,087,273765,223,202,0,202,2
2020-05-27,Shasta,089,179085,55,36,0,36,4
2020-05-27,Sierra,091,2930,1,1,0,1,0
2020-05-27,Siskiyou,093,43540,9,6,0,6,0
2020-05-27,Solano,095,438530,623,477,1,478,5
2020-05-27,Sonoma,097,501317,585,521,1,522,4
2020-05-27,Stanislaus,099,539301,800,675,5,680,27
2020-05-27,Sutter,101,95872,46,40,0,40,2
2020-05-27,Tehama,103,63373,9,3,1,4,1
2020-05-27,Trinity,105,12862,6,1,2,3,0
2020-05-27,Tulare,107,460477,2474,1817,10,1827,77
2020-05-27,Tuolumne,109,53932,5,4,0,4,0
2020-05-27,Ventura,111,848112,1548,1065,10,1075,28
2020-05-27,Yolo,113,214977,229,204,0,204,22
2020-05-27,Yuba,115,75493,28,24,0,24,1
2020-05-26,Alameda,001,1643700,3530,2956,5,2961,92
2020-05-26,Alpine,002,1148,1,1,0,1,0
2020-05-26,Amador,005,37829,10,10,0,10,0
2020-05-26,Butte,007,227075,68,37,4,41,0
2020-05-26,Calaveras,009,45235,15,13,0,13,0
2020-05-26,Colusa,011,21464,8,4,0,4,0
2020-05-26,Contra Costa,013,1133247,1575,1352,1,1353,37
2020-05-26,Del Norte,015,27424,44,30,0,30,0
2020-05-26,El Dorado,017,186661,109,79,1,80,0
2020-05-26,Fresno,019,978130,2992,1496,44,1540,22
2020-05-26,Glenn,021,27897,16,12,0,12,0
2020-05-26,Humboldt,023,135768,108,81,0,81,2
2020-05-26,Imperial,025,180216,3014,1369,4,1373,14
2020-05-26,Inyo,027,18085,20,20,0,20,1
2020-05-26,Kern,029,883053,2575,1890,7,1897,31
2020-05-26,Kings,031,150075,803,449,1,450,2
2020-05-26,Lake,033,64148,27,12,0,12,0
2020-05-26,Lassen,035,31185,9,0,2,2,0
2020-05-26,Los Angeles,037,10098052,56541,47760,29,47789,2121
2020-05-26,Madera,039,155013,209,83,1,84,2
2020-05-26,Marin,041,260295,460,424,2,426,14
2020-05-26,Mariposa,043,17540,16,16,0,16,1
2020-05-26,Mendocino,045,87422,25,20,0,20,0
2020-05-26,Merced,047,269075,377,266,0,266,7
2020-05-26,Modoc,049,8938,0,1,0,1,0
2020-05-26,Mono,051,14174,37,34,0,34,1
2020-05-26,Monterey,053,433212,575,424,1,425,8
2020-05-26,Napa,055,140530,130,109,0,109,3
2020-05-26,Nevada,057,99092,43,41,1,42,1
2020-05-26,Orange,059,3164182,8299,5651,62,5713,115
2020-05-26,Placer,061,380077,233,188,0,188,9
2020-05-26,Plumas,063,18699,4,4,0,4,0
2020-05-26,Riverside,065,2383286,8299,6917,20,6937,284
2020-05-26,Sacramento,067,1510023,1424,1298,2,1300,50
2020-05-26,San Benito,069,59416,88,69,0,69,2
2020-05-26,San Bernardino,071,2135413,5713,4430,5,4435,175
2020-05-26,San Diego,073,3302833,7972,6884,0,6884,249
2020-05-26,San Francisco,075,870044,2583,2363,0,2363,40
2020-05-26,San Joaquin,077,732212,992,760,3,763,33
2020-05-26,San Luis Obispo,079,281455,346,260,4,264,1
2020-05-26,San Mateo,081,765935,2267,1967,2,1969,71
2020-05-26,Santa Barbara,083,443738,1694,1590,9,1599,9
2020-05-26,Santa Clara,085,1922200,3339,2659,13,2672,139
2020-05-26,Santa Cruz,087,273765,221,197,0,197,2
2020-05-26,Shasta,089,179085,55,36,0,36,4
2020-05-26,Sierra,091,2930,1,1,0,1,0
2020-05-26,Siskiyou,093,43540,8,6,0,6,0
2020-05-26,Solano,095,438530,604,470,1,471,5
2020-05-26,Sonoma,097,501317,577,509,0,509,4
2020-05-26,Stanislaus,099,539301,780,663,5,668,27
2020-05-26,Sutter,101,95872,45,39,0,39,2
2020-05-26,Tehama,103,63373,8,2,1,3,1
2020-05-26,Trinity,105,12862,6,1,2,3,0
2020-05-26,Tulare,107,460477,2418,1768,10,1778,76
2020-05-26,Tuolumne,109,53932,5,2,0,2,0
2020-05-26,Ventura,111,848112,1511,1033,8,1041,27
2020-05-26,Yolo,113,214977,223,198,0,198,22
2020-05-26,Yuba,115,75493,27,24,0,24,1
2020-05-25,Alameda,001,1643700,3436,2900,5,2905,92
2020-05-25,Alpine,002,1148,1,1,0,1,0
2020-05-25,Amador,005,37829,10,10,0,10,0
2020-05-25,Butte,007,227075,65,37,4,41,0
2020-05-25,Calaveras,009,45235,15,13,0,13,0
2020-05-25,Colusa,011,21464,7,4,0,4,0
2020-05-25,Contra Costa,013,1133247,1543,1348,1,1349,37
2020-05-25,Del Norte,015,27424,44,20,0,20,0
2020-05-25,El Dorado,017,186661,101,78,1,79,0
2020-05-25,Fresno,019,978130,2889,1496,42,1538,22
2020-05-25,Glenn,021,27897,16,12,0,12,0
2020-05-25,Humboldt,023,135768,107,81,0,81,2
2020-05-25,Imperial,025,180216,2808,1369,4,1373,14
2020-05-25,Inyo,027,18085,19,20,0,20,1
2020-05-25,Kern,029,883053,2504,1890,7,1897,31
2020-05-25,Kings,031,150075,773,447,1,448,2
2020-05-25,Lake,033,64148,25,13,0,13,0
2020-05-25,Lassen,035,31185,9,0,2,2,0
2020-05-25,Los Angeles,037,10098052,54728,45952,28,45980,2094
2020-05-25,Madera,039,155013,196,83,1,84,2
2020-05-25,Marin,041,260295,442,415,2,417,14
2020-05-25,Mariposa,043,17540,16,15,0,15,1
2020-05-25,Mendocino,045,87422,22,19,0,19,0
2020-05-25,Merced,047,269075,371,262,0,262,6
2020-05-25,Modoc,049,8938,0,1,0,1,0
2020-05-25,Mono,051,14174,37,34,0,34,1
2020-05-25,Monterey,053,433212,545,418,1,419,8
2020-05-25,Napa,055,140530,130,107,0,107,3
2020-05-25,Nevada,057,99092,43,41,1,42,1
2020-05-25,Orange,059,3164182,8076,5601,61,5662,115
2020-05-25,Placer,061,380077,229,186,0,186,9
2020-05-25,Plumas,063,18699,4,4,0,4,0
2020-05-25,Riverside,065,2383286,8068,6900,20,6920,284
2020-05-25,Sacramento,067,1510023,1404,1290,1,1291,50
2020-05-25,San Benito,069,59416,87,70,0,70,2
2020-05-25,San Bernardino,071,2135413,5523,4393,4,4397,175
2020-05-25,San Diego,073,3302833,7796,6799,0,6799,249
2020-05-25,San Francisco,075,870044,2546,2358,0,2358,40
2020-05-25,San Joaquin,077,732212,966,760,3,763,33
2020-05-25,San Luis Obispo,079,281455,343,260,4,264,1
2020-05-25,San Mateo,081,765935,2230,1938,2,1940,71
2020-05-25,Santa Barbara,083,443738,1684,1590,9,1599,9
2020-05-25,Santa Clara,085,1922200,3306,2647,13,2660,139
2020-05-25,Santa Cruz,087,273765,219,191,0,191,2
2020-05-25,Shasta,089,179085,54,36,0,36,4
2020-05-25,Sierra,091,2930,1,1,0,1,0
2020-05-25,Siskiyou,093,43540,8,6,0,6,0
2020-05-25,Solano,095,438530,589,437,1,438,5
2020-05-25,Sonoma,097,501317,565,496,0,496,4
2020-05-25,Stanislaus,099,539301,750,651,5,656,27
2020-05-25,Sutter,101,95872,45,38,0,38,2
2020-05-25,Tehama,103,63373,7,2,1,3,1
2020-05-25,Trinity,105,12862,6,1,2,3,0
2020-05-25,Tulare,107,460477,2354,1747,10,1757,76
2020-05-25,Tuolumne,109,53932,5,2,0,2,0
2020-05-25,Ventura,111,848112,1470,1020,8,1028,27
2020-05-25,Yolo,113,214977,221,197,0,197,22
2020-05-25,Yuba,115,75493,26,24,0,24,1
2020-05-24,Alameda,001,1643700,3363,2830,5,2835,92
2020-05-24,Alpine,002,1148,1,1,0,1,0
2020-05-24,Amador,005,37829,10,9,0,9,0
2020-05-24,Butte,007,227075,63,35,4,39,0
2020-05-24,Calaveras,009,45235,15,13,0,13,0
2020-05-24,Colusa,011,21464,7,4,0,4,0
2020-05-24,Contra Costa,013,1133247,1515,1325,1,1326,37
2020-05-24,Del Norte,015,27424,43,16,0,16,0
2020-05-24,El Dorado,017,186661,100,76,1,77,0
2020-05-24,Fresno,019,978130,2822,1455,41,1496,22
2020-05-24,Glenn,021,27897,15,12,0,12,0
2020-05-24,Humboldt,023,135768,107,81,0,81,2
2020-05-24,Imperial,025,180216,2682,1369,4,1373,14
2020-05-24,Inyo,027,18085,19,20,0,20,1
2020-05-24,Kern,029,883053,2431,1861,6,1867,31
2020-05-24,Kings,031,150075,762,446,1,447,2
2020-05-24,Lake,033,64148,24,12,0,12,0
2020-05-24,Lassen,035,31185,8,0,2,2,0
2020-05-24,Los Angeles,037,10098052,53712,44954,28,44982,2085
2020-05-24,Madera,039,155013,190,83,1,84,2
2020-05-24,Marin,041,260295,440,401,2,403,14
2020-05-24,Mariposa,043,17540,16,15,0,15,1
2020-05-24,Mendocino,045,87422,21,19,0,19,0
2020-05-24,Merced,047,269075,370,258,0,258,6
2020-05-24,Modoc,049,8938,0,0,0,0,0
2020-05-24,Mono,051,14174,37,34,0,34,1
2020-05-24,Monterey,053,433212,517,405,1,406,8
2020-05-24,Napa,055,140530,128,104,0,104,3
2020-05-24,Nevada,057,99092,43,41,1,42,1
2020-05-24,Orange,059,3164182,7922,5439,60,5499,113
2020-05-24,Placer,061,380077,221,184,0,184,9
2020-05-24,Plumas,063,18699,4,4,0,4,0
2020-05-24,Riverside,065,2383286,7927,6571,20,6591,284
2020-05-24,Sacramento,067,1510023,1388,1283,1,1284,50
2020-05-24,San Benito,069,59416,86,67,0,67,2
2020-05-24,San Bernardino,071,2135413,5415,4262,4,4266,175
2020-05-24,San Diego,073,3302833,7653,6703,0,6703,249
2020-05-24,San Francisco,075,870044,2523,2318,0,2318,40
2020-05-24,San Joaquin,077,732212,947,760,3,763,33
2020-05-24,San Luis Obispo,079,281455,341,257,4,261,1
2020-05-24,San Mateo,081,765935,2195,1925,2,1927,71
2020-05-24,Santa Barbara,083,443738,1672,1573,9,1582,9
2020-05-24,Santa Clara,085,1922200,3286,2623,13,2636,139
2020-05-24,Santa Cruz,087,273765,216,185,0,185,2
2020-05-24,Shasta,089,179085,53,36,0,36,4
2020-05-24,Sierra,091,2930,1,1,0,1,0
2020-05-24,Siskiyou,093,43540,7,6,0,6,0
2020-05-24,Solano,095,438530,581,436,0,436,5
2020-05-24,Sonoma,097,501317,554,485,0,485,4
2020-05-24,Stanislaus,099,539301,730,634,5,639,27
2020-05-24,Sutter,101,95872,45,38,0,38,2
2020-05-24,Tehama,103,63373,5,2,1,3,1
2020-05-24,Trinity,105,12862,6,1,2,3,0
2020-05-24,Tulare,107,460477,2308,1684,10,1694,74
2020-05-24,Tuolumne,109,53932,5,2,0,2,0
2020-05-24,Ventura,111,848112,1458,982,8,990,27
2020-05-24,Yolo,113,214977,219,192,0,192,22
2020-05-24,Yuba,115,75493,26,24,0,24,1
2020-05-23,Alameda,001,1643700,3322,2783,5,2788,91
2020-05-23,Alpine,002,1148,1,1,0,1,0
2020-05-23,Amador,005,37829,10,9,0,9,0
2020-05-23,Butte,007,227075,62,34,4,38,0
2020-05-23,Calaveras,009,45235,15,13,0,13,0
2020-05-23,Colusa,011,21464,7,4,0,4,0
2020-05-23,Contra Costa,013,1133247,1504,1302,1,1303,36
2020-05-23,Del Norte,015,27424,43,10,0,10,0
2020-05-23,El Dorado,017,186661,100,74,1,75,0
2020-05-23,Fresno,019,978130,2802,1447,41,1488,21
2020-05-23,Glenn,021,27897,15,12,0,12,0
2020-05-23,Humboldt,023,135768,105,80,0,80,2
2020-05-23,Imperial,025,180216,2594,1283,4,1287,14
2020-05-23,Inyo,027,18085,19,20,0,20,1
2020-05-23,Kern,029,883053,2388,1806,6,1812,31
2020-05-23,Kings,031,150075,758,444,1,445,2
2020-05-23,Lake,033,64148,23,10,0,10,0
2020-05-23,Lassen,035,31185,8,0,2,2,0
2020-05-23,Los Angeles,037,10098052,53167,44029,28,44057,2069
2020-05-23,Madera,039,155013,186,83,1,84,2
2020-05-23,Marin,041,260295,440,393,1,394,14
2020-05-23,Mariposa,043,17540,16,15,0,15,1
2020-05-23,Mendocino,045,87422,21,13,0,13,0
2020-05-23,Merced,047,269075,365,247,0,247,6
2020-05-23,Modoc,049,8938,0,0,0,0,0
2020-05-23,Mono,051,14174,36,34,0,34,1
2020-05-23,Monterey,053,433212,503,397,1,398,8
2020-05-23,Napa,055,140530,124,101,0,101,3
2020-05-23,Nevada,057,99092,43,41,1,42,1
2020-05-23,Orange,059,3164182,7763,5313,59,5372,113
2020-05-23,Placer,061,380077,215,184,0,184,9
2020-05-23,Plumas,063,18699,4,4,0,4,0
2020-05-23,Riverside,065,2383286,7836,6460,20,6480,284
2020-05-23,Sacramento,067,1510023,1372,1275,1,1276,50
2020-05-23,San Benito,069,59416,81,67,0,67,2
2020-05-23,San Bernardino,071,2135413,5321,4172,4,4176,175
2020-05-23,San Diego,073,3302833,7562,6561,0,6561,249
2020-05-23,San Francisco,075,870044,2504,2312,0,2312,40
2020-05-23,San Joaquin,077,732212,932,759,3,762,33
2020-05-23,San Luis Obispo,079,281455,337,256,4,260,1
2020-05-23,San Mateo,081,765935,2167,1862,2,1864,71
2020-05-23,Santa Barbara,083,443738,1664,1566,9,1575,9
2020-05-23,Santa Clara,085,1922200,3272,2593,12,2605,139
2020-05-23,Santa Cruz,087,273765,214,177,0,177,2
2020-05-23,Shasta,089,179085,53,35,0,35,4
2020-05-23,Sierra,091,2930,1,1,0,1,0
2020-05-23,Siskiyou,093,43540,7,6,0,6,0
2020-05-23,Solano,095,438530,575,435,0,435,5
2020-05-23,Sonoma,097,501317,540,462,0,462,4
2020-05-23,Stanislaus,099,539301,722,625,5,630,27
2020-05-23,Sutter,101,95872,44,38,0,38,2
2020-05-23,Tehama,103,63373,5,2,1,3,1
2020-05-23,Trinity,105,12862,6,1,2,3,0
2020-05-23,Tulare,107,460477,2287,1682,10,1692,73
2020-05-23,Tuolumne,109,53932,5,2,0,2,0
2020-05-23,Ventura,111,848112,1438,961,8,969,27
2020-05-23,Yolo,113,214977,218,188,0,188,22
2020-05-23,Yuba,115,75493,26,24,0,24,1
2020-05-22,Alameda,001,1643700,3268,2722,5,2727,91
2020-05-22,Alpine,002,1148,1,1,0,1,0
2020-05-22,Amador,005,37829,10,9,0,9,0
2020-05-22,Butte,007,227075,60,34,4,38,0
2020-05-22,Calaveras,009,45235,15,13,0,13,0
2020-05-22,Colusa,011,21464,7,4,0,4,0
2020-05-22,Contra Costa,013,1133247,1492,1272,1,1273,36
2020-05-22,Del Norte,015,27424,41,9,0,9,0
2020-05-22,El Dorado,017,186661,97,74,1,75,0
2020-05-22,Fresno,019,978130,2743,1399,40,1439,20
2020-05-22,Glenn,021,27897,15,12,0,12,0
2020-05-22,Humboldt,023,135768,105,80,0,80,2
2020-05-22,Imperial,025,180216,2492,1214,4,1218,14
2020-05-22,Inyo,027,18085,19,20,0,20,1
2020-05-22,Kern,029,883053,2339,1749,6,1755,28
2020-05-22,Kings,031,150075,755,428,1,429,2
2020-05-22,Lake,033,64148,22,10,0,10,0
2020-05-22,Lassen,035,31185,6,0,2,2,0
2020-05-22,Los Angeles,037,10098052,52370,43025,28,43053,2027
2020-05-22,Madera,039,155013,182,82,1,83,2
2020-05-22,Marin,041,260295,436,372,1,373,14
2020-05-22,Mariposa,043,17540,16,15,0,15,1
2020-05-22,Mendocino,045,87422,20,13,0,13,0
2020-05-22,Merced,047,269075,359,233,0,233,6
2020-05-22,Modoc,049,8938,0,0,0,0,0
2020-05-22,Mono,051,14174,36,34,0,34,1
2020-05-22,Monterey,053,433212,492,372,1,373,8
2020-05-22,Napa,055,140530,122,97,0,97,3
2020-05-22,Nevada,057,99092,42,41,1,42,1
2020-05-22,Orange,059,3164182,7566,5144,57,5201,113
2020-05-22,Placer,061,380077,215,181,0,181,9
2020-05-22,Plumas,063,18699,4,4,0,4,0
2020-05-22,Riverside,065,2383286,7721,6351,20,6371,283
2020-05-22,Sacramento,067,1510023,1356,1262,1,1263,50
2020-05-22,San Benito,069,59416,80,64,0,64,2
2020-05-22,San Bernardino,071,2135413,5246,4107,4,4111,173
2020-05-22,San Diego,073,3302833,7476,6436,0,6436,242
2020-05-22,San Francisco,075,870044,2486,2251,0,2251,40
2020-05-22,San Joaquin,077,732212,919,747,3,750,33
2020-05-22,San Luis Obispo,079,281455,336,254,4,258,1
2020-05-22,San Mateo,081,765935,2148,1847,2,1849,71
2020-05-22,Santa Barbara,083,443738,1654,1554,9,1563,9
2020-05-22,Santa Clara,085,1922200,3252,2537,12,2549,139
2020-05-22,Santa Cruz,087,273765,211,171,0,171,2
2020-05-22,Shasta,089,179085,53,34,0,34,4
2020-05-22,Sierra,091,2930,1,0,0,0,0
2020-05-22,Siskiyou,093,43540,7,6,0,6,0
2020-05-22,Solano,095,438530,572,431,0,431,4
2020-05-22,Sonoma,097,501317,536,444,0,444,4
2020-05-22,Stanislaus,099,539301,712,616,5,621,27
2020-05-22,Sutter,101,95872,44,38,0,38,2
2020-05-22,Tehama,103,63373,5,2,0,2,1
2020-05-22,Trinity,105,12862,6,1,2,3,0
2020-05-22,Tulare,107,460477,2257,1662,10,1672,73
2020-05-22,Tuolumne,109,53932,5,2,0,2,0
2020-05-22,Ventura,111,848112,1420,937,8,945,27
2020-05-22,Yolo,113,214977,216,187,0,187,22
2020-05-22,Yuba,115,75493,26,24,0,24,1
2020-05-21,Alameda,001,1643700,3202,2606,5,2611,89
2020-05-21,Alpine,002,1148,1,1,0,1,0
2020-05-21,Amador,005,37829,10,9,0,9,0
2020-05-21,Butte,007,227075,59,31,4,35,0
2020-05-21,Calaveras,009,45235,15,13,0,13,0
2020-05-21,Colusa,011,21464,7,4,0,4,0
2020-05-21,Contra Costa,013,1133247,1456,1243,1,1244,36
2020-05-21,Del Norte,015,27424,38,9,0,9,0
2020-05-21,El Dorado,017,186661,95,67,1,68,0
2020-05-21,Fresno,019,978130,2652,1362,39,1401,20
2020-05-21,Glenn,021,27897,14,12,0,12,0
2020-05-21,Humboldt,023,135768,104,79,0,79,0
2020-05-21,Imperial,025,180216,2332,1096,4,1100,14
2020-05-21,Inyo,027,18085,19,20,0,20,1
2020-05-21,Kern,029,883053,2263,1684,5,1689,27
2020-05-21,Kings,031,150075,734,417,1,418,2
2020-05-21,Lake,033,64148,17,10,0,10,0
2020-05-21,Lassen,035,31185,6,0,2,2,0
2020-05-21,Los Angeles,037,10098052,51330,42063,28,42091,1996
2020-05-21,Madera,039,155013,179,82,1,83,2
2020-05-21,Marin,041,260295,425,359,1,360,14
2020-05-21,Mariposa,043,17540,16,15,0,15,1
2020-05-21,Mendocino,045,87422,20,12,0,12,0
2020-05-21,Merced,047,269075,351,226,0,226,6
2020-05-21,Modoc,049,8938,0,0,0,0,0
2020-05-21,Mono,051,14174,36,33,0,33,1
2020-05-21,Monterey,053,433212,481,363,1,364,8
2020-05-21,Napa,055,140530,120,96,0,96,3
2020-05-21,Nevada,057,99092,42,41,1,42,1
2020-05-21,Orange,059,3164182,7363,4975,57,5032,106
2020-05-21,Placer,061,380077,208,176,0,176,8
2020-05-21,Plumas,063,18699,4,4,0,4,0
2020-05-21,Riverside,065,2383286,7534,6245,20,6265,279
2020-05-21,Sacramento,067,1510023,1343,1258,1,1259,56
2020-05-21,San Benito,069,59416,77,61,0,61,2
2020-05-21,San Bernardino,071,2135413,5099,3950,4,3954,167
2020-05-21,San Diego,073,3302833,7340,6317,0,6317,241
2020-05-21,San Francisco,075,870044,2462,2248,0,2248,37
2020-05-21,San Joaquin,077,732212,883,730,3,733,33
2020-05-21,San Luis Obispo,079,281455,336,251,3,254,1
2020-05-21,San Mateo,081,765935,2112,1791,2,1793,74
2020-05-21,Santa Barbara,083,443738,1639,1541,9,1550,10
2020-05-21,Santa Clara,085,1922200,3230,2520,12,2532,138
2020-05-21,Santa Cruz,087,273765,203,164,0,164,3
2020-05-21,Shasta,089,179085,51,34,0,34,4
2020-05-21,Sierra,091,2930,1,0,0,0,0
2020-05-21,Siskiyou,093,43540,7,6,0,6,0
2020-05-21,Solano,095,438530,563,424,0,424,4
2020-05-21,Sonoma,097,501317,518,427,0,427,4
2020-05-21,Stanislaus,099,539301,700,602,5,607,27
2020-05-21,Sutter,101,95872,43,38,0,38,2
2020-05-21,Tehama,103,63373,4,2,0,2,1
2020-05-21,Trinity,105,12862,5,1,2,3,0
2020-05-21,Tulare,107,460477,2207,1606,8,1614,73
2020-05-21,Tuolumne,109,53932,3,2,0,2,0
2020-05-21,Ventura,111,848112,1371,907,8,915,30
2020-05-21,Yolo,113,214977,213,185,0,185,22
2020-05-21,Yuba,115,75493,26,24,0,24,1
2020-05-20,Alameda,001,1643700,3129,2554,5,2559,89
2020-05-20,Alpine,002,1148,1,1,0,1,0
2020-05-20,Amador,005,37829,10,9,0,9,0
2020-05-20,Butte,007,227075,56,30,4,34,0
2020-05-20,Calaveras,009,45235,15,13,0,13,0
2020-05-20,Colusa,011,21464,7,3,0,3,0
2020-05-20,Contra Costa,013,1133247,1426,1223,1,1224,33
2020-05-20,Del Norte,015,27424,31,9,0,9,0
2020-05-20,El Dorado,017,186661,94,67,1,68,0
2020-05-20,Fresno,019,978130,2579,1329,38,1367,17
2020-05-20,Glenn,021,27897,13,12,0,12,0
2020-05-20,Humboldt,023,135768,101,73,0,73,0
2020-05-20,Imperial,025,180216,2216,1047,4,1051,14
2020-05-20,Inyo,027,18085,19,20,0,20,1
2020-05-20,Kern,029,883053,2200,1639,4,1643,27
2020-05-20,Kings,031,150075,590,403,1,404,2
2020-05-20,Lake,033,64148,17,9,0,9,0
2020-05-20,Lassen,035,31185,5,0,2,2,0
2020-05-20,Los Angeles,037,10098052,50340,40932,28,40960,1955
2020-05-20,Madera,039,155013,177,82,1,83,2
2020-05-20,Marin,041,260295,398,348,1,349,14
2020-05-20,Mariposa,043,17540,16,15,0,15,1
2020-05-20,Mendocino,045,87422,20,12,0,12,0
2020-05-20,Merced,047,269075,346,225,0,225,6
2020-05-20,Modoc,049,8938,0,0,0,0,0
2020-05-20,Mono,051,14174,36,33,0,33,1
2020-05-20,Monterey,053,433212,467,356,1,357,8
2020-05-20,Napa,055,140530,113,93,0,93,3
2020-05-20,Nevada,057,99092,42,41,1,42,1
2020-05-20,Orange,059,3164182,7155,4866,55,4921,96
2020-05-20,Placer,061,380077,206,176,0,176,8
2020-05-20,Plumas,063,18699,4,4,0,4,0
2020-05-20,Riverside,065,2383286,7391,6090,20,6110,265
2020-05-20,Sacramento,067,1510023,1333,1244,1,1245,56
2020-05-20,San Benito,069,59416,76,61,0,61,2
2020-05-20,San Bernardino,071,2135413,4971,3771,4,3775,161
2020-05-20,San Diego,073,3302833,7223,6142,0,6142,230
2020-05-20,San Francisco,075,870044,2439,2199,0,2199,37
2020-05-20,San Joaquin,077,732212,847,713,3,716,33
2020-05-20,San Luis Obispo,079,281455,329,249,3,252,1
2020-05-20,San Mateo,081,765935,2059,1739,2,1741,74
2020-05-20,Santa Barbara,083,443738,1620,1524,9,1533,10
2020-05-20,Santa Clara,085,1922200,3209,2508,11,2519,138
2020-05-20,Santa Cruz,087,273765,200,163,0,163,3
2020-05-20,Shasta,089,179085,51,34,0,34,4
2020-05-20,Sierra,091,2930,1,0,0,0,0
2020-05-20,Siskiyou,093,43540,7,6,0,6,0
2020-05-20,Solano,095,438530,558,418,0,418,4
2020-05-20,Sonoma,097,501317,509,411,0,411,4
2020-05-20,Stanislaus,099,539301,684,584,4,588,25
2020-05-20,Sutter,101,95872,43,38,0,38,2
2020-05-20,Tehama,103,63373,4,2,0,2,1
2020-05-20,Trinity,105,12862,4,1,1,2,0
2020-05-20,Tulare,107,460477,2166,1585,8,1593,71
2020-05-20,Tuolumne,109,53932,3,2,0,2,0
2020-05-20,Ventura,111,848112,1335,879,8,887,29
2020-05-20,Yolo,113,214977,210,184,0,184,22
2020-05-20,Yuba,115,75493,26,23,0,23,1
2020-05-19,Alameda,001,1643700,3053,2493,3,2496,88
2020-05-19,Alpine,002,1148,1,1,0,1,0
2020-05-19,Amador,005,37829,10,9,0,9,0
2020-05-19,Butte,007,227075,54,25,4,29,0
2020-05-19,Calaveras,009,45235,15,13,0,13,0
2020-05-19,Colusa,011,21464,5,3,0,3,0
2020-05-19,Contra Costa,013,1133247,1402,1205,1,1206,33
2020-05-19,Del Norte,015,27424,28,8,0,8,0
2020-05-19,El Dorado,017,186661,91,67,0,67,0
2020-05-19,Fresno,019,978130,2467,1288,37,1325,15
2020-05-19,Glenn,021,27897,13,12,0,12,0
2020-05-19,Humboldt,023,135768,101,72,0,72,0
2020-05-19,Imperial,025,180216,2054,1012,4,1016,14
2020-05-19,Inyo,027,18085,19,20,0,20,1
2020-05-19,Kern,029,883053,2102,1601,4,1605,26
2020-05-19,Kings,031,150075,579,393,1,394,2
2020-05-19,Lake,033,64148,14,11,0,11,0
2020-05-19,Lassen,035,31185,5,0,2,2,0
2020-05-19,Los Angeles,037,10098052,49136,39670,28,39698,1906
2020-05-19,Madera,039,155013,173,80,1,81,2
2020-05-19,Marin,041,260295,374,340,1,341,14
2020-05-19,Mariposa,043,17540,16,15,0,15,1
2020-05-19,Mendocino,045,87422,20,12,0,12,0
2020-05-19,Merced,047,269075,338,222,0,222,5
2020-05-19,Modoc,049,8938,0,0,0,0,0
2020-05-19,Mono,051,14174,36,33,0,33,1
2020-05-19,Monterey,053,433212,455,350,1,351,8
2020-05-19,Napa,055,140530,112,93,0,93,3
2020-05-19,Nevada,057,99092,42,41,1,42,1
2020-05-19,Orange,059,3164182,6961,4746,53,4799,90
2020-05-19,Placer,061,380077,204,177,0,177,8
2020-05-19,Plumas,063,18699,4,5,0,5,0
2020-05-19,Riverside,065,2383286,7231,5963,19,5982,265
2020-05-19,Sacramento,067,1510023,1319,1239,1,1240,57
2020-05-19,San Benito,069,59416,74,59,0,59,2
2020-05-19,San Bernardino,071,2135413,4821,3656,4,3660,158
2020-05-19,San Diego,073,3302833,7079,6028,0,6028,222
2020-05-19,San Francisco,075,870044,2405,2186,0,2186,37
2020-05-19,San Joaquin,077,732212,825,705,3,708,33
2020-05-19,San Luis Obispo,079,281455,329,245,3,248,1
2020-05-19,San Mateo,081,765935,2018,1704,2,1706,71
2020-05-19,Santa Barbara,083,443738,1606,1521,9,1530,10
2020-05-19,Santa Clara,085,1922200,3159,2480,11,2491,138
2020-05-19,Santa Cruz,087,273765,189,161,0,161,3
2020-05-19,Shasta,089,179085,51,34,0,34,4
2020-05-19,Sierra,091,2930,0,0,0,0,0
2020-05-19,Siskiyou,093,43540,7,6,0,6,0
2020-05-19,Solano,095,438530,544,415,0,415,4
2020-05-19,Sonoma,097,501317,498,389,0,389,4
2020-05-19,Stanislaus,099,539301,670,582,4,586,25
2020-05-19,Sutter,101,95872,43,38,0,38,2
2020-05-19,Tehama,103,63373,4,2,0,2,1
2020-05-19,Trinity,105,12862,3,1,0,1,0
2020-05-19,Tulare,107,460477,2118,1551,8,1559,68
2020-05-19,Tuolumne,109,53932,3,2,0,2,0
2020-05-19,Ventura,111,848112,1294,861,7,868,28
2020-05-19,Yolo,113,214977,208,183,0,183,22
2020-05-19,Yuba,115,75493,26,23,0,23,1
2020-05-18,Alameda,001,1643700,2980,2442,3,2445,84
2020-05-18,Alpine,002,1148,1,1,0,1,0
2020-05-18,Amador,005,37829,10,8,0,8,0
2020-05-18,Butte,007,227075,52,24,4,28,0
2020-05-18,Calaveras,009,45235,15,13,0,13,0
2020-05-18,Colusa,011,21464,5,3,0,3,0
2020-05-18,Contra Costa,013,1133247,1371,1173,1,1174,33
2020-05-18,Del Norte,015,27424,23,8,0,8,0
2020-05-18,El Dorado,017,186661,89,67,0,67,0
2020-05-18,Fresno,019,978130,2392,1244,36,1280,14
2020-05-18,Glenn,021,27897,13,11,0,11,0
2020-05-18,Humboldt,023,135768,101,70,0,70,0
2020-05-18,Imperial,025,180216,1901,767,4,771,14
2020-05-18,Inyo,027,18085,19,20,0,20,1
2020-05-18,Kern,029,883053,2053,1566,4,1570,26
2020-05-18,Kings,031,150075,548,381,1,382,2
2020-05-18,Lake,033,64148,13,9,0,9,0
2020-05-18,Lassen,035,31185,5,0,2,2,0
2020-05-18,Los Angeles,037,10098052,48110,38477,28,38505,1825
2020-05-18,Madera,039,155013,167,74,1,75,2
2020-05-18,Marin,041,260295,361,329,1,330,14
2020-05-18,Mariposa,043,17540,16,15,0,15,1
2020-05-18,Mendocino,045,87422,15,12,0,12,0
2020-05-18,Merced,047,269075,329,217,0,217,5
2020-05-18,Modoc,049,8938,0,0,0,0,0
2020-05-18,Mono,051,14174,36,33,0,33,1
2020-05-18,Monterey,053,433212,444,345,1,346,8
2020-05-18,Napa,055,140530,108,92,0,92,3
2020-05-18,Nevada,057,99092,42,41,1,42,1
2020-05-18,Orange,059,3164182,6771,4558,51,4609,88
2020-05-18,Placer,061,380077,202,176,0,176,8
2020-05-18,Plumas,063,18699,4,5,0,5,0
2020-05-18,Riverside,065,2383286,7031,5873,18,5891,253
2020-05-18,Sacramento,067,1510023,1313,1233,0,1233,57
2020-05-18,San Benito,069,59416,72,59,0,59,2
2020-05-18,San Bernardino,071,2135413,4674,3558,4,3562,156
2020-05-18,San Diego,073,3302833,6946,5948,0,5948,211
2020-05-18,San Francisco,075,870044,2382,2183,0,2183,36
2020-05-18,San Joaquin,077,732212,813,697,3,700,33
2020-05-18,San Luis Obispo,079,281455,325,243,3,246,1
2020-05-18,San Mateo,081,765935,1980,1701,2,1703,68
2020-05-18,Santa Barbara,083,443738,1595,1501,9,1510,10
2020-05-18,Santa Clara,085,1922200,3126,2468,11,2479,137
2020-05-18,Santa Cruz,087,273765,187,160,0,160,3
2020-05-18,Shasta,089,179085,50,34,0,34,4
2020-05-18,Sierra,091,2930,0,0,0,0,0
2020-05-18,Siskiyou,093,43540,7,6,0,6,0
2020-05-18,Solano,095,438530,533,398,0,398,4
2020-05-18,Sonoma,097,501317,480,387,0,387,4
2020-05-18,Stanislaus,099,539301,658,572,4,576,25
2020-05-18,Sutter,101,95872,43,38,0,38,2
2020-05-18,Tehama,103,63373,4,2,0,2,1
2020-05-18,Trinity,105,12862,3,1,0,1,0
2020-05-18,Tulare,107,460477,2074,1491,8,1499,63
2020-05-18,Tuolumne,109,53932,3,2,0,2,0
2020-05-18,Ventura,111,848112,1271,850,6,856,27
2020-05-18,Yolo,113,214977,203,183,0,183,22
2020-05-18,Yuba,115,75493,26,23,0,23,1
2020-05-17,Alameda,001,1643700,2885,2389,3,2392,83
2020-05-17,Alpine,002,1148,1,1,0,1,0
2020-05-17,Amador,005,37829,10,8,0,8,0
2020-05-17,Butte,007,227075,51,23,4,27,0
2020-05-17,Calaveras,009,45235,15,13,0,13,0
2020-05-17,Colusa,011,21464,3,3,0,3,0
2020-05-17,Contra Costa,013,1133247,1332,1155,1,1156,33
2020-05-17,Del Norte,015,27424,23,7,0,7,0
2020-05-17,El Dorado,017,186661,89,65,0,65,0
2020-05-17,Fresno,019,978130,2287,1213,33,1246,14
2020-05-17,Glenn,021,27897,13,9,0,9,0
2020-05-17,Humboldt,023,135768,94,70,0,70,0
2020-05-17,Imperial,025,180216,1753,715,4,719,14
2020-05-17,Inyo,027,18085,19,20,0,20,1
2020-05-17,Kern,029,883053,1975,1546,3,1549,26
2020-05-17,Kings,031,150075,501,356,1,357,2
2020-05-17,Lake,033,64148,13,7,0,7,0
2020-05-17,Lassen,035,31185,5,0,2,2,0
2020-05-17,Los Angeles,037,10098052,46869,37996,28,38024,1807
2020-05-17,Madera,039,155013,165,69,1,70,2
2020-05-17,Marin,041,260295,350,315,1,316,14
2020-05-17,Mariposa,043,17540,15,15,0,15,1
2020-05-17,Mendocino,045,87422,14,10,0,10,0
2020-05-17,Merced,047,269075,319,214,0,214,5
2020-05-17,Modoc,049,8938,0,0,0,0,0
2020-05-17,Mono,051,14174,36,32,0,32,1
2020-05-17,Monterey,053,433212,424,342,1,343,8
2020-05-17,Napa,055,140530,105,89,0,89,3
2020-05-17,Nevada,057,99092,42,41,1,42,1
2020-05-17,Orange,059,3164182,6591,4466,50,4516,88
2020-05-17,Placer,061,380077,197,175,0,175,8
2020-05-17,Plumas,063,18699,4,4,0,4,0
2020-05-17,Riverside,065,2383286,6858,5776,18,5794,245
2020-05-17,Sacramento,067,1510023,1302,1224,0,1224,56
2020-05-17,San Benito,069,59416,71,59,0,59,2
2020-05-17,San Bernardino,071,2135413,4524,3467,4,3471,155
2020-05-17,San Diego,073,3302833,6814,5838,0,5838,209
2020-05-17,San Francisco,075,870044,2355,2132,0,2132,36
2020-05-17,San Joaquin,077,732212,783,688,3,691,32
2020-05-17,San Luis Obispo,079,281455,323,242,3,245,1
2020-05-17,San Mateo,081,765935,1943,1680,2,1682,68
2020-05-17,Santa Barbara,083,443738,1576,1457,9,1466,10
2020-05-17,Santa Clara,085,1922200,3088,2453,11,2464,135
2020-05-17,Santa Cruz,087,273765,176,155,0,155,3
2020-05-17,Shasta,089,179085,49,34,0,34,4
2020-05-17,Sierra,091,2930,0,0,0,0,0
2020-05-17,Siskiyou,093,43540,7,6,0,6,0
2020-05-17,Solano,095,438530,521,392,0,392,4
2020-05-17,Sonoma,097,501317,459,376,0,376,4
2020-05-17,Stanislaus,099,539301,647,566,4,570,25
2020-05-17,Sutter,101,95872,42,38,0,38,2
2020-05-17,Tehama,103,63373,3,2,0,2,1
2020-05-17,Trinity,105,12862,2,1,0,1,0
2020-05-17,Tulare,107,460477,1998,1430,7,1437,63
2020-05-17,Tuolumne,109,53932,3,2,0,2,0
2020-05-17,Ventura,111,848112,1226,838,6,844,27
2020-05-17,Yolo,113,214977,201,182,0,182,22
2020-05-17,Yuba,115,75493,26,21,0,21,1
2020-05-16,Alameda,001,1643700,2835,2327,3,2330,83
2020-05-16,Alpine,002,1148,1,1,0,1,0
2020-05-16,Amador,005,37829,10,8,0,8,0
2020-05-16,Butte,007,227075,46,22,4,26,0
2020-05-16,Calaveras,009,45235,15,13,0,13,0
2020-05-16,Colusa,011,21464,3,3,0,3,0
2020-05-16,Contra Costa,013,1133247,1314,1136,1,1137,33
2020-05-16,Del Norte,015,27424,19,4,0,4,0
2020-05-16,El Dorado,017,186661,89,65,0,65,0
2020-05-16,Fresno,019,978130,2231,1177,33,1210,14
2020-05-16,Glenn,021,27897,13,9,0,9,0
2020-05-16,Humboldt,023,135768,92,69,0,69,0
2020-05-16,Imperial,025,180216,1688,712,4,716,14
2020-05-16,Inyo,027,18085,19,20,0,20,1
2020-05-16,Kern,029,883053,1939,1509,3,1512,26
2020-05-16,Kings,031,150075,491,356,1,357,2
2020-05-16,Lake,033,64148,13,7,0,7,0
2020-05-16,Lassen,035,31185,4,0,2,2,0
2020-05-16,Los Angeles,037,10098052,46295,37352,28,37380,1778
2020-05-16,Madera,039,155013,163,70,1,71,2
2020-05-16,Marin,041,260295,346,297,1,298,14
2020-05-16,Mariposa,043,17540,15,15,0,15,1
2020-05-16,Mendocino,045,87422,14,10,0,10,0
2020-05-16,Merced,047,269075,317,201,0,201,5
2020-05-16,Modoc,049,8938,0,0,0,0,0
2020-05-16,Mono,051,14174,36,32,0,32,1
2020-05-16,Monterey,053,433212,409,329,1,330,8
2020-05-16,Napa,055,140530,105,86,0,86,3
2020-05-16,Nevada,057,99092,42,41,1,42,1
2020-05-16,Orange,059,3164182,6515,4396,49,4445,87
2020-05-16,Placer,061,380077,195,174,0,174,8
2020-05-16,Plumas,063,18699,4,4,0,4,0
2020-05-16,Riverside,065,2383286,6773,5633,18,5651,243
2020-05-16,Sacramento,067,1510023,1295,1209,0,1209,55
2020-05-16,San Benito,069,59416,66,58,0,58,2
2020-05-16,San Bernardino,071,2135413,4452,3362,4,3366,155
2020-05-16,San Diego,073,3302833,6728,5664,0,5664,209
2020-05-16,San Francisco,075,870044,2332,2094,0,2094,36
2020-05-16,San Joaquin,077,732212,775,668,3,671,32
2020-05-16,San Luis Obispo,079,281455,322,240,3,243,1
2020-05-16,San Mateo,081,765935,1928,1652,2,1654,68
2020-05-16,Santa Barbara,083,443738,1565,1422,9,1431,10
2020-05-16,Santa Clara,085,1922200,3070,2420,11,2431,135
2020-05-16,Santa Cruz,087,273765,173,154,0,154,3
2020-05-16,Shasta,089,179085,49,33,0,33,4
2020-05-16,Sierra,091,2930,0,0,0,0,0
2020-05-16,Siskiyou,093,43540,7,6,0,6,0
2020-05-16,Solano,095,438530,516,392,0,392,4
2020-05-16,Sonoma,097,501317,446,356,0,356,4
2020-05-16,Stanislaus,099,539301,638,546,4,550,24
2020-05-16,Sutter,101,95872,42,35,0,35,2
2020-05-16,Tehama,103,63373,3,2,0,2,1
2020-05-16,Trinity,105,12862,2,1,0,1,0
2020-05-16,Tulare,107,460477,1980,1426,7,1433,63
2020-05-16,Tuolumne,109,53932,3,2,0,2,0
2020-05-16,Ventura,111,848112,1200,813,6,819,25
2020-05-16,Yolo,113,214977,200,181,0,181,22
2020-05-16,Yuba,115,75493,26,21,0,21,1
2020-05-15,Alameda,001,1643700,2801,2289,3,2292,83
2020-05-15,Alpine,002,1148,1,1,0,1,0
2020-05-15,Amador,005,37829,10,8,0,8,0
2020-05-15,Butte,007,227075,44,22,4,26,0
2020-05-15,Calaveras,009,45235,14,13,0,13,0
2020-05-15,Colusa,011,21464,3,3,0,3,0
2020-05-15,Contra Costa,013,1133247,1296,1106,1,1107,33
2020-05-15,Del Norte,015,27424,14,4,0,4,0
2020-05-15,El Dorado,017,186661,89,64,0,64,0
2020-05-15,Fresno,019,978130,2165,1126,33,1159,14
2020-05-15,Glenn,021,27897,13,9,0,9,0
2020-05-15,Humboldt,023,135768,91,60,0,60,0
2020-05-15,Imperial,025,180216,1603,680,0,680,14
2020-05-15,Inyo,027,18085,19,20,0,20,1
2020-05-15,Kern,029,883053,1883,1472,3,1475,25
2020-05-15,Kings,031,150075,488,347,1,348,2
2020-05-15,Lake,033,64148,13,7,0,7,0
2020-05-15,Lassen,035,31185,4,0,2,2,0
2020-05-15,Los Angeles,037,10098052,45507,36317,28,36345,1734
2020-05-15,Madera,039,155013,162,71,1,72,2
2020-05-15,Marin,041,260295,338,295,1,296,14
2020-05-15,Mariposa,043,17540,15,15,0,15,1
2020-05-15,Mendocino,045,87422,14,10,0,10,0
2020-05-15,Merced,047,269075,313,191,0,191,5
2020-05-15,Modoc,049,8938,0,0,0,0,0
2020-05-15,Mono,051,14174,36,31,0,31,1
2020-05-15,Monterey,053,433212,403,321,1,322,8
2020-05-15,Napa,055,140530,105,83,0,83,3
2020-05-15,Nevada,057,99092,42,41,1,42,1
2020-05-15,Orange,059,3164182,6343,4281,49,4330,87
2020-05-15,Placer,061,380077,193,174,0,174,8
2020-05-15,Plumas,063,18699,4,4,0,4,0
2020-05-15,Riverside,065,2383286,6659,5496,18,5514,233
2020-05-15,Sacramento,067,1510023,1285,1203,0,1203,55
2020-05-15,San Benito,069,59416,63,57,0,57,2
2020-05-15,San Bernardino,071,2135413,4374,3225,4,3229,153
2020-05-15,San Diego,073,3302833,6621,5525,0,5525,208
2020-05-15,San Francisco,075,870044,2316,2062,0,2062,36
2020-05-15,San Joaquin,077,732212,769,656,3,659,32
2020-05-15,San Luis Obispo,079,281455,320,237,3,240,1
2020-05-15,San Mateo,081,765935,1906,1612,2,1614,68
2020-05-15,Santa Barbara,083,443738,1556,1409,8,1417,10
2020-05-15,Santa Clara,085,1922200,3027,2395,10,2405,135
2020-05-15,Santa Cruz,087,273765,172,146,0,146,3
2020-05-15,Shasta,089,179085,48,33,0,33,4
2020-05-15,Sierra,091,2930,0,0,0,0,0
2020-05-15,Siskiyou,093,43540,6,5,0,5,0
2020-05-15,Solano,095,438530,512,388,0,388,4
2020-05-15,Sonoma,097,501317,438,349,0,349,4
2020-05-15,Stanislaus,099,539301,631,540,4,544,23
2020-05-15,Sutter,101,95872,41,35,0,35,2
2020-05-15,Tehama,103,63373,3,1,0,1,1
2020-05-15,Trinity,105,12862,2,1,0,1,0
2020-05-15,Tulare,107,460477,1952,1356,7,1363,61
2020-05-15,Tuolumne,109,53932,3,2,0,2,0
2020-05-15,Ventura,111,848112,1182,789,5,794,25
2020-05-15,Yolo,113,214977,199,182,0,182,22
2020-05-15,Yuba,115,75493,26,21,0,21,1
2020-05-14,Alameda,001,1643700,2709,2255,3,2258,80
2020-05-14,Alpine,002,1148,1,1,0,1,0
2020-05-14,Amador,005,37829,10,8,0,8,0
2020-05-14,Butte,007,227075,42,22,4,26,0
2020-05-14,Calaveras,009,45235,14,13,0,13,0
2020-05-14,Colusa,011,21464,3,3,0,3,0
2020-05-14,Contra Costa,013,1133247,1269,1090,1,1091,32
2020-05-14,Del Norte,015,27424,14,4,0,4,0
2020-05-14,El Dorado,017,186661,80,59,0,59,0
2020-05-14,Fresno,019,978130,2105,1038,29,1067,12
2020-05-14,Glenn,021,27897,12,8,0,8,0
2020-05-14,Humboldt,023,135768,89,59,0,59,0
2020-05-14,Imperial,025,180216,1487,652,0,652,13
2020-05-14,Inyo,027,18085,19,20,0,20,1
2020-05-14,Kern,029,883053,1841,1430,3,1433,21
2020-05-14,Kings,031,150075,472,342,1,343,1
2020-05-14,Lake,033,64148,13,7,0,7,0
2020-05-14,Lassen,035,31185,4,0,2,2,0
2020-05-14,Los Angeles,037,10098052,44335,35427,28,35455,1693
2020-05-14,Madera,039,155013,153,69,1,70,2
2020-05-14,Marin,041,260295,320,283,1,284,14
2020-05-14,Mariposa,043,17540,15,15,0,15,0
2020-05-14,Mendocino,045,87422,13,10,0,10,0
2020-05-14,Merced,047,269075,303,182,0,182,3
2020-05-14,Modoc,049,8938,0,0,0,0,0
2020-05-14,Mono,051,14174,36,31,0,31,1
2020-05-14,Monterey,053,433212,393,317,1,318,7
2020-05-14,Napa,055,140530,103,83,0,83,3
2020-05-14,Nevada,057,99092,41,41,1,42,1
2020-05-14,Orange,059,3164182,6169,4163,47,4210,83
2020-05-14,Placer,061,380077,193,172,0,172,8
2020-05-14,Plumas,063,18699,4,4,0,4,0
2020-05-14,Riverside,065,2383286,6475,5339,18,5357,224
2020-05-14,Sacramento,067,1510023,1273,1181,0,1181,55
2020-05-14,San Benito,069,59416,61,56,0,56,2
2020-05-14,San Bernardino,071,2135413,4195,3149,4,3153,149
2020-05-14,San Diego,073,3302833,6486,5393,0,5393,200
2020-05-14,San Francisco,075,870044,2283,2029,0,2029,36
2020-05-14,San Joaquin,077,732212,754,643,3,646,31
2020-05-14,San Luis Obispo,079,281455,317,236,3,239,1
2020-05-14,San Mateo,081,765935,1874,1588,2,1590,67
2020-05-14,Santa Barbara,083,443738,1544,1395,8,1403,11
2020-05-14,Santa Clara,085,1922200,3004,2380,10,2390,134
2020-05-14,Santa Cruz,087,273765,170,145,0,145,3
2020-05-14,Shasta,089,179085,48,33,0,33,4
2020-05-14,Sierra,091,2930,0,0,0,0,0
2020-05-14,Siskiyou,093,43540,6,5,0,5,0
2020-05-14,Solano,095,438530,503,372,0,372,4
2020-05-14,Sonoma,097,501317,421,333,0,333,4
2020-05-14,Stanislaus,099,539301,612,533,4,537,23
2020-05-14,Sutter,101,95872,41,34,0,34,2
2020-05-14,Tehama,103,63373,3,1,0,1,1
2020-05-14,Trinity,105,12862,2,1,0,1,0
2020-05-14,Tulare,107,460477,1913,1317,7,1324,55
2020-05-14,Tuolumne,109,53932,3,2,0,2,0
2020-05-14,Ventura,111,848112,1151,760,5,765,25
2020-05-14,Yolo,113,214977,199,180,0,180,22
2020-05-14,Yuba,115,75493,26,21,0,21,1
2020-05-13,Alameda,001,1643700,2651,2181,3,2184,78
2020-05-13,Alpine,002,1148,1,1,0,1,0
2020-05-13,Amador,005,37829,10,8,0,8,0
2020-05-13,Butte,007,227075,42,21,4,25,0
2020-05-13,Calaveras,009,45235,14,13,0,13,0
2020-05-13,Colusa,011,21464,3,3,0,3,0
2020-05-13,Contra Costa,013,1133247,1247,1082,1,1083,32
2020-05-13,Del Norte,015,27424,13,4,0,4,0
2020-05-13,El Dorado,017,186661,79,58,0,58,0
2020-05-13,Fresno,019,978130,2006,993,29,1022,10
2020-05-13,Glenn,021,27897,11,6,0,6,0
2020-05-13,Humboldt,023,135768,83,58,0,58,0
2020-05-13,Imperial,025,180216,1417,610,0,610,11
2020-05-13,Inyo,027,18085,19,20,0,20,1
2020-05-13,Kern,029,883053,1795,1390,3,1393,19
2020-05-13,Kings,031,150075,458,314,1,315,1
2020-05-13,Lake,033,64148,13,7,0,7,0
2020-05-13,Lassen,035,31185,4,0,2,2,0
2020-05-13,Los Angeles,037,10098052,43023,34574,28,34602,1643
2020-05-13,Madera,039,155013,144,69,1,70,2
2020-05-13,Marin,041,260295,307,278,1,279,14
2020-05-13,Mariposa,043,17540,15,15,0,15,0
2020-05-13,Mendocino,045,87422,13,10,0,10,0
2020-05-13,Merced,047,269075,299,176,0,176,3
2020-05-13,Modoc,049,8938,0,0,0,0,0
2020-05-13,Mono,051,14174,35,31,0,31,1
2020-05-13,Monterey,053,433212,383,309,1,310,6
2020-05-13,Napa,055,140530,103,81,0,81,3
2020-05-13,Nevada,057,99092,41,41,1,42,1
2020-05-13,Orange,059,3164182,5923,4025,45,4070,79
2020-05-13,Placer,061,380077,192,170,0,170,8
2020-05-13,Plumas,063,18699,4,4,0,4,0
2020-05-13,Riverside,065,2383286,6352,5204,18,5222,216
2020-05-13,Sacramento,067,1510023,1258,1173,0,1173,53
2020-05-13,San Benito,069,59416,61,55,0,55,2
2020-05-13,San Bernardino,071,2135413,3939,3064,3,3067,140
2020-05-13,San Diego,073,3302833,6350,5280,0,5280,194
2020-05-13,San Francisco,075,870044,2255,2004,0,2004,35
2020-05-13,San Joaquin,077,732212,733,639,3,642,31
2020-05-13,San Luis Obispo,079,281455,315,231,3,234,1
2020-05-13,San Mateo,081,765935,1842,1550,2,1552,66
2020-05-13,Santa Barbara,083,443738,1533,1382,8,1390,10
2020-05-13,Santa Clara,085,1922200,2984,2370,10,2380,132
2020-05-13,Santa Cruz,087,273765,166,142,0,142,2
2020-05-13,Shasta,089,179085,48,32,0,32,4
2020-05-13,Sierra,091,2930,0,0,0,0,0
2020-05-13,Siskiyou,093,43540,6,5,0,5,0
2020-05-13,Solano,095,438530,490,368,0,368,4
2020-05-13,Sonoma,097,501317,411,330,0,330,4
2020-05-13,Stanislaus,099,539301,603,521,4,525,15
2020-05-13,Sutter,101,95872,41,33,0,33,2
2020-05-13,Tehama,103,63373,3,1,0,1,1
2020-05-13,Trinity,105,12862,2,2,0,2,0
2020-05-13,Tulare,107,460477,1880,1283,7,1290,54
2020-05-13,Tuolumne,109,53932,3,2,0,2,0
2020-05-13,Ventura,111,848112,1120,742,5,747,25
2020-05-13,Yolo,113,214977,197,178,0,178,22
2020-05-13,Yuba,115,75493,24,19,0,19,1
2020-05-12,Alameda,001,1643700,2587,2146,3,2149,74
2020-05-12,Alpine,002,1148,1,1,0,1,0
2020-05-12,Amador,005,37829,10,8,0,8,0
2020-05-12,Butte,007,227075,40,20,4,24,0
2020-05-12,Calaveras,009,45235,13,13,0,13,0
2020-05-12,Colusa,011,21464,3,3,0,3,0
2020-05-12,Contra Costa,013,1133247,1216,1067,1,1068,32
2020-05-12,Del Norte,015,27424,10,3,0,3,0
2020-05-12,El Dorado,017,186661,76,56,0,56,0
2020-05-12,Fresno,019,978130,1922,978,27,1005,9
2020-05-12,Glenn,021,27897,10,6,0,6,0
2020-05-12,Humboldt,023,135768,80,58,0,58,0
2020-05-12,Imperial,025,180216,1287,602,0,602,9
2020-05-12,Inyo,027,18085,19,20,0,20,1
2020-05-12,Kern,029,883053,1754,1363,3,1366,18
2020-05-12,Kings,031,150075,437,302,1,303,1
2020-05-12,Lake,033,64148,13,7,0,7,0
2020-05-12,Lassen,035,31185,4,0,2,2,0
2020-05-12,Los Angeles,037,10098052,42030,33281,27,33308,1601
2020-05-12,Madera,039,155013,138,69,1,70,2
2020-05-12,Marin,041,260295,302,274,1,275,14
2020-05-12,Mariposa,043,17540,15,15,0,15,0
2020-05-12,Mendocino,045,87422,13,10,0,10,0
2020-05-12,Merced,047,269075,286,175,0,175,3
2020-05-12,Modoc,049,8938,0,0,0,0,0
2020-05-12,Mono,051,14174,35,31,0,31,1
2020-05-12,Monterey,053,433212,376,298,1,299,6
2020-05-12,Napa,055,140530,100,80,0,80,3
2020-05-12,Nevada,057,99092,41,41,1,42,1
2020-05-12,Orange,059,3164182,5741,3843,43,3886,78
2020-05-12,Placer,061,380077,191,170,0,170,8
2020-05-12,Plumas,063,18699,4,4,0,4,0
2020-05-12,Riverside,065,2383286,6229,5134,18,5152,210
2020-05-12,Sacramento,067,1510023,1238,1166,0,1166,52
2020-05-12,San Benito,069,59416,61,55,0,55,2
2020-05-12,San Bernardino,071,2135413,3787,2997,3,3000,131
2020-05-12,San Diego,073,3302833,6206,3,0,3,0
2020-05-12,San Francisco,075,870044,2220,1981,0,1981,35
2020-05-12,San Joaquin,077,732212,718,625,3,628,30
2020-05-12,San Luis Obispo,079,281455,312,226,3,229,1
2020-05-12,San Mateo,081,765935,1816,1533,2,1535,66
2020-05-12,Santa Barbara,083,443738,1502,1377,8,1385,10
2020-05-12,Santa Clara,085,1922200,2953,2362,10,2372,131
2020-05-12,Santa Cruz,087,273765,164,141,0,141,2
2020-05-12,Shasta,089,179085,47,33,0,33,4
2020-05-12,Sierra,091,2930,0,0,0,0,0
2020-05-12,Siskiyou,093,43540,6,5,0,5,0
2020-05-12,Solano,095,438530,481,361,0,361,4
2020-05-12,Sonoma,097,501317,388,308,0,308,4
2020-05-12,Stanislaus,099,539301,596,515,4,519,15
2020-05-12,Sutter,101,95872,41,33,0,33,2
2020-05-12,Tehama,103,63373,3,1,0,1,1
2020-05-12,Trinity,105,12862,2,1,0,1,0
2020-05-12,Tulare,107,460477,1848,1261,7,1268,52
2020-05-12,Tuolumne,109,53932,3,2,0,2,0
2020-05-12,Ventura,111,848112,1064,718,5,723,20
2020-05-12,Yolo,113,214977,196,176,0,176,22
2020-05-12,Yuba,115,75493,24,19,0,19,1
2020-05-11,Alameda,001,1643700,2537,2103,3,2106,71
2020-05-11,Alpine,002,1148,1,1,0,1,0
2020-05-11,Amador,005,37829,10,8,0,8,0
2020-05-11,Butte,007,227075,39,19,4,23,0
2020-05-11,Calaveras,009,45235,13,13,0,13,0
2020-05-11,Colusa,011,21464,3,3,0,3,0
2020-05-11,Contra Costa,013,1133247,1202,1052,1,1053,32
2020-05-11,Del Norte,015,27424,8,3,0,3,0
2020-05-11,El Dorado,017,186661,76,55,0,55,0
2020-05-11,Fresno,019,978130,1831,937,26,963,8
2020-05-11,Glenn,021,27897,10,6,0,6,0
2020-05-11,Humboldt,023,135768,77,56,0,56,0
2020-05-11,Imperial,025,180216,1181,562,0,562,9
2020-05-11,Inyo,027,18085,19,20,0,20,1
2020-05-11,Kern,029,883053,1702,1331,3,1334,17
2020-05-11,Kings,031,150075,414,289,0,289,1
2020-05-11,Lake,033,64148,12,7,0,7,0
2020-05-11,Lassen,035,31185,4,0,2,2,0
2020-05-11,Los Angeles,037,10098052,40847,32279,27,32306,1553
2020-05-11,Madera,039,155013,129,68,1,69,2
2020-05-11,Marin,041,260295,293,271,1,272,14
2020-05-11,Mariposa,043,17540,15,15,0,15,0
2020-05-11,Mendocino,045,87422,13,10,0,10,0
2020-05-11,Merced,047,269075,269,158,0,158,3
2020-05-11,Modoc,049,8938,0,0,0,0,0
2020-05-11,Mono,051,14174,35,30,0,30,1
2020-05-11,Monterey,053,433212,373,286,1,287,6
2020-05-11,Napa,055,140530,94,79,0,79,2
2020-05-11,Nevada,057,99092,41,41,1,42,1
2020-05-11,Orange,059,3164182,5526,3699,37,3736,77
2020-05-11,Placer,061,380077,191,170,0,170,8
2020-05-11,Plumas,063,18699,4,4,0,4,0
2020-05-11,Riverside,065,2383286,6071,5082,17,5099,203
2020-05-11,Sacramento,067,1510023,1223,1160,0,1160,52
2020-05-11,San Benito,069,59416,59,52,0,52,2
2020-05-11,San Bernardino,071,2135413,3676,2945,3,2948,124
2020-05-11,San Diego,073,3302833,6053,5067,0,5067,175
2020-05-11,San Francisco,075,870044,2174,1974,0,1974,35
2020-05-11,San Joaquin,077,732212,708,620,3,623,30
2020-05-11,San Luis Obispo,079,281455,310,224,3,227,1
2020-05-11,San Mateo,081,765935,1790,1499,2,1501,66
2020-05-11,Santa Barbara,083,443738,1491,1372,7,1379,10
2020-05-11,Santa Clara,085,1922200,2936,2340,10,2350,129
2020-05-11,Santa Cruz,087,273765,161,140,0,140,2
2020-05-11,Shasta,089,179085,47,31,0,31,4
2020-05-11,Sierra,091,2930,0,0,0,0,0
2020-05-11,Siskiyou,093,43540,6,5,0,5,0
2020-05-11,Solano,095,438530,474,354,0,354,4
2020-05-11,Sonoma,097,501317,378,303,0,303,3
2020-05-11,Stanislaus,099,539301,586,507,4,511,14
2020-05-11,Sutter,101,95872,40,32,0,32,2
2020-05-11,Tehama,103,63373,3,1,0,1,1
2020-05-11,Trinity,105,12862,2,1,0,1,0
2020-05-11,Tulare,107,460477,1799,1203,7,1210,49
2020-05-11,Tuolumne,109,53932,3,2,0,2,0
2020-05-11,Ventura,111,848112,1003,698,4,702,19
2020-05-11,Yolo,113,214977,196,174,0,174,20
2020-05-11,Yuba,115,75493,24,18,0,18,1
2020-05-10,Alameda,001,1643700,2460,2047,3,2050,71
2020-05-10,Alpine,002,1148,1,1,0,1,0
2020-05-10,Amador,005,37829,10,8,0,8,0
2020-05-10,Butte,007,227075,34,18,4,22,0
2020-05-10,Calaveras,009,45235,13,13,0,13,0
2020-05-10,Colusa,011,21464,3,3,0,3,0
2020-05-10,Contra Costa,013,1133247,1188,1046,0,1046,31
2020-05-10,Del Norte,015,27424,7,3,0,3,0
2020-05-10,El Dorado,017,186661,76,55,0,55,0
2020-05-10,Fresno,019,978130,1745,894,26,920,8
2020-05-10,Glenn,021,27897,10,6,0,6,0
2020-05-10,Humboldt,023,135768,73,56,0,56,0
2020-05-10,Imperial,025,180216,1087,509,0,509,7
2020-05-10,Inyo,027,18085,19,20,0,20,1
2020-05-10,Kern,029,883053,1651,1300,2,1302,16
2020-05-10,Kings,031,150075,401,266,0,266,1
2020-05-10,Lake,033,64148,12,7,0,7,0
2020-05-10,Lassen,035,31185,4,0,2,2,0
2020-05-10,Los Angeles,037,10098052,39588,31711,27,31738,1514
2020-05-10,Madera,039,155013,127,65,1,66,2
2020-05-10,Marin,041,260295,285,267,1,268,14
2020-05-10,Mariposa,043,17540,15,15,0,15,0
2020-05-10,Mendocino,045,87422,12,10,0,10,0
2020-05-10,Merced,047,269075,253,154,0,154,3
2020-05-10,Modoc,049,8938,0,0,0,0,0
2020-05-10,Mono,051,14174,35,27,0,27,1
2020-05-10,Monterey,053,433212,359,282,1,283,6
2020-05-10,Napa,055,140530,88,79,0,79,2
2020-05-10,Nevada,057,99092,41,41,1,42,1
2020-05-10,Orange,059,3164182,5383,3627,37,3664,76
2020-05-10,Placer,061,380077,190,168,0,168,8
2020-05-10,Plumas,063,18699,4,4,0,4,0
2020-05-10,Riverside,065,2383286,5949,4951,17,4968,193
2020-05-10,Sacramento,067,1510023,1207,1152,0,1152,52
2020-05-10,San Benito,069,59416,59,52,0,52,2
2020-05-10,San Bernardino,071,2135413,3578,2910,3,2913,121
2020-05-10,San Diego,073,3302833,5901,4928,0,4928,175
2020-05-10,San Francisco,075,870044,2156,1953,0,1953,35
2020-05-10,San Joaquin,077,732212,693,611,3,614,29
2020-05-10,San Luis Obispo,079,281455,307,218,3,221,1
2020-05-10,San Mateo,081,765935,1768,1463,2,1465,65
2020-05-10,Santa Barbara,083,443738,1480,1323,7,1330,10
2020-05-10,Santa Clara,085,1922200,2909,2331,10,2341,129
2020-05-10,Santa Cruz,087,273765,160,139,0,139,2
2020-05-10,Shasta,089,179085,47,31,0,31,4
2020-05-10,Sierra,091,2930,0,0,0,0,0
2020-05-10,Siskiyou,093,43540,5,5,0,5,0
2020-05-10,Solano,095,438530,462,322,0,322,4
2020-05-10,Sonoma,097,501317,368,290,0,290,3
2020-05-10,Stanislaus,099,539301,579,498,4,502,14
2020-05-10,Sutter,101,95872,37,31,0,31,2
2020-05-10,Tehama,103,63373,3,1,0,1,1
2020-05-10,Trinity,105,12862,2,1,0,1,0
2020-05-10,Tulare,107,460477,1728,1143,7,1150,47
2020-05-10,Tuolumne,109,53932,3,2,0,2,0
2020-05-10,Ventura,111,848112,945,690,2,692,19
2020-05-10,Yolo,113,214977,196,173,0,173,20
2020-05-10,Yuba,115,75493,23,17,0,17,1
2020-05-09,Alameda,001,1643700,2417,2011,3,2014,71
2020-05-09,Alpine,002,1148,1,1,0,1,0
2020-05-09,Amador,005,37829,9,8,0,8,0
2020-05-09,Butte,007,227075,33,18,4,22,0
2020-05-09,Calaveras,009,45235,13,13,0,13,0
2020-05-09,Colusa,011,21464,3,3,0,3,0
2020-05-09,Contra Costa,013,1133247,1174,1039,0,1039,31
2020-05-09,Del Norte,015,27424,7,3,0,3,0
2020-05-09,El Dorado,017,186661,73,54,0,54,0
2020-05-09,Fresno,019,978130,1707,861,25,886,8
2020-05-09,Glenn,021,27897,9,6,0,6,0
2020-05-09,Humboldt,023,135768,71,55,0,55,0
2020-05-09,Imperial,025,180216,1030,474,0,474,7
2020-05-09,Inyo,027,18085,19,20,0,20,1
2020-05-09,Kern,029,883053,1615,1262,1,1263,15
2020-05-09,Kings,031,150075,396,264,0,264,1
2020-05-09,Lake,033,64148,12,7,0,7,0
2020-05-09,Lassen,035,31185,4,0,2,2,0
2020-05-09,Los Angeles,037,10098052,38968,31268,27,31295,1499
2020-05-09,Madera,039,155013,126,61,1,62,2
2020-05-09,Marin,041,260295,284,261,1,262,14
2020-05-09,Mariposa,043,17540,15,15,0,15,0
2020-05-09,Mendocino,045,87422,12,10,0,10,0
2020-05-09,Merced,047,269075,249,153,0,153,3
2020-05-09,Modoc,049,8938,0,0,0,0,0
2020-05-09,Mono,051,14174,35,27,0,27,1
2020-05-09,Monterey,053,433212,352,273,0,273,6
2020-05-09,Napa,055,140530,87,78,0,78,2
2020-05-09,Nevada,057,99092,41,41,1,42,1
2020-05-09,Orange,059,3164182,5299,3506,37,3543,75
2020-05-09,Placer,061,380077,189,168,0,168,8
2020-05-09,Plumas,063,18699,4,4,0,4,0
2020-05-09,Riverside,065,2383286,5854,4871,17,4888,183
2020-05-09,Sacramento,067,1510023,1203,1150,0,1150,52
2020-05-09,San Benito,069,59416,58,52,0,52,2
2020-05-09,San Bernardino,071,2135413,3522,2825,3,2828,121
2020-05-09,San Diego,073,3302833,5789,4778,0,4778,175
2020-05-09,San Francisco,075,870044,2141,1944,0,1944,34
2020-05-09,San Joaquin,077,732212,684,605,3,608,28
2020-05-09,San Luis Obispo,079,281455,303,213,3,216,1
2020-05-09,San Mateo,081,765935,1749,1453,2,1455,65
2020-05-09,Santa Barbara,083,443738,1472,1245,7,1252,10
2020-05-09,Santa Clara,085,1922200,2895,2317,10,2327,128
2020-05-09,Santa Cruz,087,273765,159,138,0,138,2
2020-05-09,Shasta,089,179085,47,31,0,31,4
2020-05-09,Sierra,091,2930,0,0,0,0,0
2020-05-09,Siskiyou,093,43540,5,5,0,5,0
2020-05-09,Solano,095,438530,456,321,0,321,4
2020-05-09,Sonoma,097,501317,364,288,0,288,3
2020-05-09,Stanislaus,099,539301,571,491,4,495,12
2020-05-09,Sutter,101,95872,37,31,0,31,2
2020-05-09,Tehama,103,63373,2,1,0,1,1
2020-05-09,Trinity,105,12862,2,1,0,1,0
2020-05-09,Tulare,107,460477,1700,1083,7,1090,47
2020-05-09,Tuolumne,109,53932,3,2,0,2,0
2020-05-09,Ventura,111,848112,924,679,2,681,19
2020-05-09,Yolo,113,214977,196,172,0,172,18
2020-05-09,Yuba,115,75493,23,17,0,17,1
2020-05-08,Alameda,001,1643700,2374,1955,3,1958,70
2020-05-08,Alpine,002,1148,1,1,0,1,0
2020-05-08,Amador,005,37829,9,8,0,8,0
2020-05-08,Butte,007,227075,33,18,4,22,0
2020-05-08,Calaveras,009,45235,13,13,0,13,0
2020-05-08,Colusa,011,21464,3,3,0,3,0
2020-05-08,Contra Costa,013,1133247,1162,1024,0,1024,29
2020-05-08,Del Norte,015,27424,7,3,0,3,0
2020-05-08,El Dorado,017,186661,72,54,0,54,0
2020-05-08,Fresno,019,978130,1666,838,23,861,8
2020-05-08,Glenn,021,27897,8,6,0,6,0
2020-05-08,Humboldt,023,135768,68,54,0,54,0
2020-05-08,Imperial,025,180216,984,467,0,467,7
2020-05-08,Inyo,027,18085,19,20,0,20,1
2020-05-08,Kern,029,883053,1584,1214,1,1215,13
2020-05-08,Kings,031,150075,387,236,0,236,1
2020-05-08,Lake,033,64148,12,7,0,7,0
2020-05-08,Lassen,035,31185,4,0,2,2,0
2020-05-08,Los Angeles,037,10098052,38234,30357,27,30384,1447
2020-05-08,Madera,039,155013,123,57,1,58,2
2020-05-08,Marin,041,260295,284,257,1,258,14
2020-05-08,Mariposa,043,17540,15,15,0,15,0
2020-05-08,Mendocino,045,87422,12,10,0,10,0
2020-05-08,Merced,047,269075,248,151,0,151,3
2020-05-08,Modoc,049,8938,0,0,0,0,0
2020-05-08,Mono,051,14174,32,27,0,27,1
2020-05-08,Monterey,053,433212,344,265,0,265,6
2020-05-08,Napa,055,140530,86,78,0,78,2
2020-05-08,Nevada,057,99092,41,41,1,42,1
2020-05-08,Orange,059,3164182,5151,3395,37,3432,72
2020-05-08,Placer,061,380077,187,166,0,166,8
2020-05-08,Plumas,063,18699,4,4,0,4,0
2020-05-08,Riverside,065,2383286,5754,4672,16,4688,181
2020-05-08,Sacramento,067,1510023,1198,1145,0,1145,51
2020-05-08,San Benito,069,59416,58,51,0,51,2
2020-05-08,San Bernardino,071,2135413,3474,2631,3,2634,119
2020-05-08,San Diego,073,3302833,5682,4664,0,4664,169
2020-05-08,San Francisco,075,870044,2123,1890,0,1890,33
2020-05-08,San Joaquin,077,732212,677,595,3,598,28
2020-05-08,San Luis Obispo,079,281455,300,210,3,213,1
2020-05-08,San Mateo,081,765935,1664,1423,2,1425,62
2020-05-08,Santa Barbara,083,443738,1463,1054,5,1059,8
2020-05-08,Santa Clara,085,1922200,2872,2285,10,2295,128
2020-05-08,Santa Cruz,087,273765,155,137,0,137,2
2020-05-08,Shasta,089,179085,47,31,0,31,4
2020-05-08,Sierra,091,2930,0,0,0,0,0
2020-05-08,Siskiyou,093,43540,5,5,0,5,0
2020-05-08,Solano,095,438530,451,314,0,314,4
2020-05-08,Sonoma,097,501317,359,285,0,285,3
2020-05-08,Stanislaus,099,539301,557,487,4,491,12
2020-05-08,Sutter,101,95872,37,30,0,30,2
2020-05-08,Tehama,103,63373,2,1,0,1,1
2020-05-08,Trinity,105,12862,2,0,0,0,0
2020-05-08,Tulare,107,460477,1655,1050,6,1056,43
2020-05-08,Tuolumne,109,53932,3,2,0,2,0
2020-05-08,Ventura,111,848112,906,665,2,667,19
2020-05-08,Yolo,113,214977,195,172,0,172,18
2020-05-08,Yuba,115,75493,22,16,0,16,1
2020-05-07,Alameda,001,1643700,2314,1914,3,1917,68
2020-05-07,Alpine,002,1148,1,1,0,1,0
2020-05-07,Amador,005,37829,9,8,0,8,0
2020-05-07,Butte,007,227075,33,19,3,22,0
2020-05-07,Calaveras,009,45235,13,13,0,13,0
2020-05-07,Colusa,011,21464,3,3,0,3,0
2020-05-07,Contra Costa,013,1133247,1148,1005,0,1005,29
2020-05-07,Del Norte,015,27424,6,3,0,3,0
2020-05-07,El Dorado,017,186661,71,54,0,54,0
2020-05-07,Fresno,019,978130,1581,812,22,834,8
2020-05-07,Glenn,021,27897,8,5,0,5,0
2020-05-07,Humboldt,023,135768,67,54,0,54,0
2020-05-07,Imperial,025,180216,920,442,0,442,6
2020-05-07,Inyo,027,18085,19,20,0,20,1
2020-05-07,Kern,029,883053,1540,1176,1,1177,13
2020-05-07,Kings,031,150075,364,219,0,219,1
2020-05-07,Lake,033,64148,11,7,0,7,0
2020-05-07,Lassen,035,31185,4,0,2,2,0
2020-05-07,Los Angeles,037,10098052,37113,29544,26,29570,1399
2020-05-07,Madera,039,155013,119,54,1,55,2
2020-05-07,Marin,041,260295,277,252,1,253,14
2020-05-07,Mariposa,043,17540,15,15,0,15,0
2020-05-07,Mendocino,045,87422,12,10,0,10,0
2020-05-07,Merced,047,269075,236,146,0,146,3
2020-05-07,Modoc,049,8938,0,0,0,0,0
2020-05-07,Mono,051,14174,32,26,0,26,1
2020-05-07,Monterey,053,433212,336,249,0,249,6
2020-05-07,Napa,055,140530,86,78,0,78,2
2020-05-07,Nevada,057,99092,41,41,1,42,1
2020-05-07,Orange,059,3164182,4966,3283,36,3319,69
2020-05-07,Placer,061,380077,187,165,0,165,8
2020-05-07,Plumas,063,18699,4,4,0,4,0
2020-05-07,Riverside,065,2383286,5638,4608,16,4624,170
2020-05-07,Sacramento,067,1510023,1192,1139,0,1139,50
2020-05-07,San Benito,069,59416,58,50,0,50,2
2020-05-07,San Bernardino,071,2135413,3382,2522,3,2525,115
2020-05-07,San Diego,073,3302833,5525,4431,0,4431,165
2020-05-07,San Francisco,075,870044,2092,1852,0,1852,33
2020-05-07,San Joaquin,077,732212,664,583,3,586,28
2020-05-07,San Luis Obispo,079,281455,289,209,3,212,1
2020-05-07,San Mateo,081,765935,1642,1398,2,1400,58
2020-05-07,Santa Barbara,083,443738,1436,720,4,724,8
2020-05-07,Santa Clara,085,1922200,2834,2281,10,2291,127
2020-05-07,Santa Cruz,087,273765,152,136,0,136,2
2020-05-07,Shasta,089,179085,46,31,0,31,4
2020-05-07,Sierra,091,2930,0,0,0,0,0
2020-05-07,Siskiyou,093,43540,5,5,0,5,0
2020-05-07,Solano,095,438530,443,307,0,307,4
2020-05-07,Sonoma,097,501317,347,282,0,282,3
2020-05-07,Stanislaus,099,539301,548,466,4,470,10
2020-05-07,Sutter,101,95872,37,29,0,29,2
2020-05-07,Tehama,103,63373,2,1,0,1,1
2020-05-07,Trinity,105,12862,2,0,0,0,0
2020-05-07,Tulare,107,460477,1587,1001,6,1007,41
2020-05-07,Tuolumne,109,53932,3,2,0,2,0
2020-05-07,Ventura,111,848112,882,647,1,648,19
2020-05-07,Yolo,113,214977,194,172,0,172,18
2020-05-07,Yuba,115,75493,22,16,0,16,1
2020-05-06,Alameda,001,1643700,2276,1864,3,1867,67
2020-05-06,Alpine,002,1148,1,1,0,1,0
2020-05-06,Amador,005,37829,9,8,0,8,0
2020-05-06,Butte,007,227075,32,19,3,22,0
2020-05-06,Calaveras,009,45235,13,13,0,13,0
2020-05-06,Colusa,011,21464,3,3,0,3,0
2020-05-06,Contra Costa,013,1133247,1127,990,0,990,29
2020-05-06,Del Norte,015,27424,6,3,0,3,0
2020-05-06,El Dorado,017,186661,69,53,0,53,0
2020-05-06,Fresno,019,978130,1518,773,20,793,8
2020-05-06,Glenn,021,27897,8,3,0,3,0
2020-05-06,Humboldt,023,135768,66,54,0,54,0
2020-05-06,Imperial,025,180216,853,399,0,399,6
2020-05-06,Inyo,027,18085,19,20,0,20,1
2020-05-06,Kern,029,883053,1484,1112,1,1113,12
2020-05-06,Kings,031,150075,346,208,0,208,1
2020-05-06,Lake,033,64148,11,7,0,7,0
2020-05-06,Lassen,035,31185,4,0,2,2,0
2020-05-06,Los Angeles,037,10098052,36111,28687,26,28713,1347
2020-05-06,Madera,039,155013,117,55,1,56,2
2020-05-06,Marin,041,260295,270,244,1,245,14
2020-05-06,Mariposa,043,17540,15,14,0,14,0
2020-05-06,Mendocino,045,87422,12,10,0,10,0
2020-05-06,Merced,047,269075,229,140,0,140,3
2020-05-06,Modoc,049,8938,0,0,0,0,0
2020-05-06,Mono,051,14174,32,26,0,26,1
2020-05-06,Monterey,053,433212,328,246,0,246,6
2020-05-06,Napa,055,140530,85,78,0,78,2
2020-05-06,Nevada,057,99092,41,41,1,42,1
2020-05-06,Orange,059,3164182,4782,3156,35,3191,66
2020-05-06,Placer,061,380077,184,164,0,164,8
2020-05-06,Plumas,063,18699,4,4,0,4,0
2020-05-06,Riverside,065,2383286,5494,4535,16,4551,163
2020-05-06,Sacramento,067,1510023,1186,1135,0,1135,49
2020-05-06,San Benito,069,59416,57,50,0,50,2
2020-05-06,San Bernardino,071,2135413,3260,2426,2,2428,110
2020-05-06,San Diego,073,3302833,5392,4321,0,4321,158
2020-05-06,San Francisco,075,870044,2067,1804,0,1804,32
2020-05-06,San Joaquin,077,732212,651,581,3,584,28
2020-05-06,San Luis Obispo,079,281455,285,207,3,210,1
2020-05-06,San Mateo,081,765935,1611,1348,2,1350,57
2020-05-06,Santa Barbara,083,443738,1395,565,3,568,8
2020-05-06,Santa Clara,085,1922200,2817,2270,9,2279,127
2020-05-06,Santa Cruz,087,273765,149,135,0,135,2
2020-05-06,Shasta,089,179085,45,31,0,31,4
2020-05-06,Sierra,091,2930,0,0,0,0,0
2020-05-06,Siskiyou,093,43540,5,5,0,5,0
2020-05-06,Solano,095,438530,431,300,0,300,4
2020-05-06,Sonoma,097,501317,331,269,0,269,3
2020-05-06,Stanislaus,099,539301,532,434,4,438,9
2020-05-06,Sutter,101,95872,37,29,0,29,2
2020-05-06,Tehama,103,63373,2,1,0,1,1
2020-05-06,Trinity,105,12862,2,0,0,0,0
2020-05-06,Tulare,107,460477,1539,963,6,969,40
2020-05-06,Tuolumne,109,53932,3,2,0,2,0
2020-05-06,Ventura,111,848112,855,619,1,620,19
2020-05-06,Yolo,113,214977,193,172,0,172,18
2020-05-06,Yuba,115,75493,22,15,0,15,1
2020-05-05,Alameda,001,1643700,2233,1819,3,1822,67
2020-05-05,Alpine,002,1148,1,1,0,1,0
2020-05-05,Amador,005,37829,9,8,0,8,0
2020-05-05,Butte,007,227075,31,19,3,22,0
2020-05-05,Calaveras,009,45235,13,13,0,13,0
2020-05-05,Colusa,011,21464,3,3,0,3,0
2020-05-05,Contra Costa,013,1133247,1109,976,0,976,29
2020-05-05,Del Norte,015,27424,6,3,0,3,0
2020-05-05,El Dorado,017,186661,67,54,0,54,0
2020-05-05,Fresno,019,978130,1445,726,18,744,8
2020-05-05,Glenn,021,27897,8,3,0,3,0
2020-05-05,Humboldt,023,135768,63,54,0,54,0
2020-05-05,Imperial,025,180216,797,389,0,389,6
2020-05-05,Inyo,027,18085,19,20,0,20,1
2020-05-05,Kern,029,883053,1432,1084,1,1085,11
2020-05-05,Kings,031,150075,328,187,0,187,1
2020-05-05,Lake,033,64148,10,7,0,7,0
2020-05-05,Lassen,035,31185,4,0,2,2,0
2020-05-05,Los Angeles,037,10098052,35043,27867,26,27893,1289
2020-05-05,Madera,039,155013,113,53,1,54,2
2020-05-05,Marin,041,260295,264,244,1,245,14
2020-05-05,Mariposa,043,17540,15,14,0,14,0
2020-05-05,Mendocino,045,87422,12,10,0,10,0
2020-05-05,Merced,047,269075,224,141,0,141,3
2020-05-05,Modoc,049,8938,0,0,0,0,0
2020-05-05,Mono,051,14174,32,25,0,25,1
2020-05-05,Monterey,053,433212,314,240,0,240,6
2020-05-05,Napa,055,140530,85,74,0,74,2
2020-05-05,Nevada,057,99092,41,41,1,42,1
2020-05-05,Orange,059,3164182,4658,3041,35,3076,63
2020-05-05,Placer,061,380077,184,162,0,162,8
2020-05-05,Plumas,063,18699,4,4,0,4,0
2020-05-05,Riverside,065,2383286,5384,4309,16,4325,161
2020-05-05,Sacramento,067,1510023,1179,1125,0,1125,48
2020-05-05,San Benito,069,59416,56,50,0,50,2
2020-05-05,San Bernardino,071,2135413,3167,2345,2,2347,104
2020-05-05,San Diego,073,3302833,5249,4162,0,4162,150
2020-05-05,San Francisco,075,870044,2032,1779,0,1779,31
2020-05-05,San Joaquin,077,732212,642,577,3,580,26
2020-05-05,San Luis Obispo,079,281455,283,203,3,206,1
2020-05-05,San Mateo,081,765935,1579,1335,2,1337,56
2020-05-05,Santa Barbara,083,443738,1174,541,3,544,7
2020-05-05,Santa Clara,085,1922200,2771,2249,8,2257,124
2020-05-05,Santa Cruz,087,273765,146,134,0,134,2
2020-05-05,Shasta,089,179085,44,31,0,31,4
2020-05-05,Sierra,091,2930,0,0,0,0,0
2020-05-05,Siskiyou,093,43540,5,5,0,5,0
2020-05-05,Solano,095,438530,416,299,0,299,4
2020-05-05,Sonoma,097,501317,328,263,0,263,3
2020-05-05,Stanislaus,099,539301,520,430,4,434,9
2020-05-05,Sutter,101,95872,36,29,0,29,2
2020-05-05,Tehama,103,63373,2,1,0,1,1
2020-05-05,Trinity,105,12862,2,0,0,0,0
2020-05-05,Tulare,107,460477,1441,869,6,875,40
2020-05-05,Tuolumne,109,53932,3,2,0,2,0
2020-05-05,Ventura,111,848112,831,607,1,608,19
2020-05-05,Yolo,113,214977,191,171,0,171,18
2020-05-05,Yuba,115,75493,22,15,0,15,1
2020-05-04,Alameda,001,1643700,2175,1762,2,1764,65
2020-05-04,Alpine,002,1148,1,1,0,1,0
2020-05-04,Amador,005,37829,8,8,0,8,0
2020-05-04,Butte,007,227075,30,16,2,18,0
2020-05-04,Calaveras,009,45235,13,13,0,13,0
2020-05-04,Colusa,011,21464,3,3,0,3,0
2020-05-04,Contra Costa,013,1133247,1091,949,0,949,28
2020-05-04,Del Norte,015,27424,5,3,0,3,0
2020-05-04,El Dorado,017,186661,66,51,0,51,0
2020-05-04,Fresno,019,978130,1375,680,17,697,8
2020-05-04,Glenn,021,27897,8,4,0,4,0
2020-05-04,Humboldt,023,135768,61,54,0,54,0
2020-05-04,Imperial,025,180216,746,351,0,351,6
2020-05-04,Inyo,027,18085,19,20,0,20,1
2020-05-04,Kern,029,883053,1390,1047,1,1048,8
2020-05-04,Kings,031,150075,311,153,0,153,1
2020-05-04,Lake,033,64148,9,7,0,7,0
2020-05-04,Lassen,035,31185,3,0,2,2,0
2020-05-04,Los Angeles,037,10098052,33760,26243,24,26267,1235
2020-05-04,Madera,039,155013,110,52,1,53,2
2020-05-04,Marin,041,260295,259,244,1,245,13
2020-05-04,Mariposa,043,17540,15,13,0,13,0
2020-05-04,Mendocino,045,87422,12,10,0,10,0
2020-05-04,Merced,047,269075,224,138,0,138,3
2020-05-04,Modoc,049,8938,0,0,0,0,0
2020-05-04,Mono,051,14174,32,25,0,25,1
2020-05-04,Monterey,053,433212,303,237,0,237,6
2020-05-04,Napa,055,140530,85,72,0,72,2
2020-05-04,Nevada,057,99092,41,41,1,42,1
2020-05-04,Orange,059,3164182,4520,2931,32,2963,57
2020-05-04,Placer,061,380077,182,162,0,162,8
2020-05-04,Plumas,063,18699,4,4,0,4,0
2020-05-04,Riverside,065,2383286,5290,4221,16,4237,147
2020-05-04,Sacramento,067,1510023,1169,1119,0,1119,44
2020-05-04,San Benito,069,59416,54,49,0,49,2
2020-05-04,San Bernardino,071,2135413,3027,2184,2,2186,99
2020-05-04,San Diego,073,3302833,5108,4022,0,4022,144
2020-05-04,San Francisco,075,870044,1994,1760,0,1760,31
2020-05-04,San Joaquin,077,732212,628,574,3,577,26
2020-05-04,San Luis Obispo,079,281455,280,202,3,205,1
2020-05-04,San Mateo,081,765935,1554,1313,2,1315,53
2020-05-04,Santa Barbara,083,443738,927,524,3,527,7
2020-05-04,Santa Clara,085,1922200,2756,2238,8,2246,119
2020-05-04,Santa Cruz,087,273765,145,133,0,133,2
2020-05-04,Shasta,089,179085,42,31,0,31,4
2020-05-04,Sierra,091,2930,0,0,0,0,0
2020-05-04,Siskiyou,093,43540,5,5,0,5,0
2020-05-04,Solano,095,438530,402,293,0,293,4
2020-05-04,Sonoma,097,501317,314,256,0,256,4
2020-05-04,Stanislaus,099,539301,514,422,4,426,8
2020-05-04,Sutter,101,95872,33,28,0,28,2
2020-05-04,Tehama,103,63373,2,1,0,1,1
2020-05-04,Trinity,105,12862,1,0,0,0,0
2020-05-04,Tulare,107,460477,1362,760,6,766,40
2020-05-04,Tuolumne,109,53932,3,3,0,3,0
2020-05-04,Ventura,111,848112,810,590,1,591,19
2020-05-04,Yolo,113,214977,190,171,0,171,18
2020-05-04,Yuba,115,75493,19,16,0,16,1
2020-05-03,Alameda,001,1643700,2117,1731,2,1733,64
2020-05-03,Alpine,002,1148,1,1,0,1,0
2020-05-03,Amador,005,37829,8,8,0,8,0
2020-05-03,Butte,007,227075,29,17,2,19,0
2020-05-03,Calaveras,009,45235,13,13,0,13,0
2020-05-03,Colusa,011,21464,3,3,0,3,0
2020-05-03,Contra Costa,013,1133247,1075,945,0,945,28
2020-05-03,Del Norte,015,27424,5,3,0,3,0
2020-05-03,El Dorado,017,186661,64,49,0,49,0
2020-05-03,Fresno,019,978130,1282,646,14,660,8
2020-05-03,Glenn,021,27897,7,5,0,5,0
2020-05-03,Humboldt,023,135768,60,54,0,54,0
2020-05-03,Imperial,025,180216,690,351,0,351,6
2020-05-03,Inyo,027,18085,19,20,0,20,1
2020-05-03,Kern,029,883053,1335,1025,1,1026,8
2020-05-03,Kings,031,150075,291,137,0,137,1
2020-05-03,Lake,033,64148,9,7,0,7,0
2020-05-03,Lassen,035,31185,3,0,2,2,0
2020-05-03,Los Angeles,037,10098052,32804,25708,23,25731,1210
2020-05-03,Madera,039,155013,103,46,1,47,2
2020-05-03,Marin,041,260295,254,243,1,244,13
2020-05-03,Mariposa,043,17540,15,13,0,13,0
2020-05-03,Mendocino,045,87422,12,10,0,10,0
2020-05-03,Merced,047,269075,217,134,0,134,3
2020-05-03,Modoc,049,8938,0,0,0,0,0
2020-05-03,Mono,051,14174,32,25,0,25,1
2020-05-03,Monterey,053,433212,294,235,0,235,6
2020-05-03,Napa,055,140530,85,72,0,72,2
2020-05-03,Nevada,057,99092,41,41,1,42,1
2020-05-03,Orange,059,3164182,4346,2859,31,2890,55
2020-05-03,Placer,061,380077,182,161,0,161,8
2020-05-03,Plumas,063,18699,4,4,0,4,0
2020-05-03,Riverside,065,2383286,5185,4034,16,4050,139
2020-05-03,Sacramento,067,1510023,1160,1109,0,1109,43
2020-05-03,San Benito,069,59416,54,49,0,49,2
2020-05-03,San Bernardino,071,2135413,2967,2123,2,2125,99
2020-05-03,San Diego,073,3302833,4971,3929,0,3929,142
2020-05-03,San Francisco,075,870044,1965,1692,0,1692,30
2020-05-03,San Joaquin,077,732212,621,570,3,573,26
2020-05-03,San Luis Obispo,079,281455,277,200,3,203,1
2020-05-03,San Mateo,081,765935,1526,1277,2,1279,53
2020-05-03,Santa Barbara,083,443738,568,512,3,515,7
2020-05-03,Santa Clara,085,1922200,2719,2235,8,2243,116
2020-05-03,Santa Cruz,087,273765,145,133,0,133,2
2020-05-03,Shasta,089,179085,40,31,0,31,4
2020-05-03,Sierra,091,2930,0,0,0,0,0
2020-05-03,Siskiyou,093,43540,5,5,0,5,0
2020-05-03,Solano,095,438530,392,266,0,266,4
2020-05-03,Sonoma,097,501317,305,254,0,254,4
2020-05-03,Stanislaus,099,539301,486,411,4,415,8
2020-05-03,Sutter,101,95872,31,28,0,28,2
2020-05-03,Tehama,103,63373,2,1,0,1,1
2020-05-03,Trinity,105,12862,1,0,0,0,0
2020-05-03,Tulare,107,460477,1283,736,6,742,40
2020-05-03,Tuolumne,109,53932,3,3,0,3,0
2020-05-03,Ventura,111,848112,776,583,1,584,19
2020-05-03,Yolo,113,214977,189,171,0,171,18
2020-05-03,Yuba,115,75493,19,16,0,16,1
2020-05-02,Alameda,001,1643700,2080,1678,2,1680,63
2020-05-02,Alpine,002,1148,1,1,0,1,0
2020-05-02,Amador,005,37829,8,8,0,8,0
2020-05-02,Butte,007,227075,29,17,2,19,0
2020-05-02,Calaveras,009,45235,13,13,0,13,0
2020-05-02,Colusa,011,21464,3,3,0,3,0
2020-05-02,Contra Costa,013,1133247,1057,929,0,929,28
2020-05-02,Del Norte,015,27424,5,3,0,3,0
2020-05-02,El Dorado,017,186661,64,47,0,47,0
2020-05-02,Fresno,019,978130,1257,629,13,642,8
2020-05-02,Glenn,021,27897,7,5,0,5,0
2020-05-02,Humboldt,023,135768,60,54,0,54,0
2020-05-02,Imperial,025,180216,663,345,0,345,6
2020-05-02,Inyo,027,18085,19,20,0,20,1
2020-05-02,Kern,029,883053,1309,1007,1,1008,8
2020-05-02,Kings,031,150075,288,120,0,120,1
2020-05-02,Lake,033,64148,9,7,0,7,0
2020-05-02,Lassen,035,31185,3,0,2,2,0
2020-05-02,Los Angeles,037,10098052,32274,24955,23,24978,1192
2020-05-02,Madera,039,155013,103,46,1,47,2
2020-05-02,Marin,041,260295,253,243,1,244,13
2020-05-02,Mariposa,043,17540,15,13,0,13,0
2020-05-02,Mendocino,045,87422,12,10,0,10,0
2020-05-02,Merced,047,269075,212,131,0,131,3
2020-05-02,Modoc,049,8938,0,0,0,0,0
2020-05-02,Mono,051,14174,32,25,0,25,1
2020-05-02,Monterey,053,433212,288,225,0,225,5
2020-05-02,Napa,055,140530,85,71,0,71,2
2020-05-02,Nevada,057,99092,41,41,1,42,1
2020-05-02,Orange,059,3164182,4232,2774,31,2805,52
2020-05-02,Placer,061,380077,180,150,0,150,8
2020-05-02,Plumas,063,18699,4,4,0,4,0
2020-05-02,Riverside,065,2383286,5119,3997,16,4013,137
2020-05-02,Sacramento,067,1510023,1157,1097,0,1097,43
2020-05-02,San Benito,069,59416,54,49,0,49,2
2020-05-02,San Bernardino,071,2135413,2928,2124,2,2126,99
2020-05-02,San Diego,073,3302833,4869,3844,0,3844,138
2020-05-02,San Francisco,075,870044,1942,1632,0,1632,29
2020-05-02,San Joaquin,077,732212,613,559,3,562,25
2020-05-02,San Luis Obispo,079,281455,271,193,3,196,1
2020-05-02,San Mateo,081,765935,1510,1272,2,1274,52
2020-05-02,Santa Barbara,083,443738,560,506,3,509,7
2020-05-02,Santa Clara,085,1922200,2709,2203,8,2211,115
2020-05-02,Santa Cruz,087,273765,144,131,0,131,2
2020-05-02,Shasta,089,179085,40,31,0,31,4
2020-05-02,Sierra,091,2930,0,0,0,0,0
2020-05-02,Siskiyou,093,43540,5,5,0,5,0
2020-05-02,Solano,095,438530,385,267,0,267,4
2020-05-02,Sonoma,097,501317,302,250,0,250,3
2020-05-02,Stanislaus,099,539301,478,388,4,392,8
2020-05-02,Sutter,101,95872,31,28,0,28,2
2020-05-02,Tehama,103,63373,2,1,0,1,1
2020-05-02,Trinity,105,12862,1,0,0,0,0
2020-05-02,Tulare,107,460477,1240,711,6,717,35
2020-05-02,Tuolumne,109,53932,3,3,0,3,0
2020-05-02,Ventura,111,848112,762,564,1,565,19
2020-05-02,Yolo,113,214977,189,169,0,169,17
2020-05-02,Yuba,115,75493,19,16,0,16,1
2020-05-01,Alameda,001,1643700,2042,1630,2,1632,63
2020-05-01,Alpine,002,1148,1,1,0,1,0
2020-05-01,Amador,005,37829,8,8,0,8,0
2020-05-01,Butte,007,227075,29,17,2,19,0
2020-05-01,Calaveras,009,45235,13,13,0,13,0
2020-05-01,Colusa,011,21464,3,3,0,3,0
2020-05-01,Contra Costa,013,1133247,1043,915,0,915,28
2020-05-01,Del Norte,015,27424,5,3,0,3,0
2020-05-01,El Dorado,017,186661,64,47,0,47,0
2020-05-01,Fresno,019,978130,1226,617,13,630,7
2020-05-01,Glenn,021,27897,7,4,0,4,0
2020-05-01,Humboldt,023,135768,60,54,0,54,0
2020-05-01,Imperial,025,180216,626,337,0,337,6
2020-05-01,Inyo,027,18085,19,20,0,20,1
2020-05-01,Kern,029,883053,1282,972,1,973,8
2020-05-01,Kings,031,150075,271,112,0,112,1
2020-05-01,Lake,033,64148,9,6,0,6,0
2020-05-01,Lassen,035,31185,3,0,2,2,0
2020-05-01,Los Angeles,037,10098052,31518,24306,23,24329,1155
2020-05-01,Madera,039,155013,99,46,1,47,2
2020-05-01,Marin,041,260295,253,242,1,243,13
2020-05-01,Mariposa,043,17540,15,10,0,10,0
2020-05-01,Mendocino,045,87422,12,11,0,11,0
2020-05-01,Merced,047,269075,209,131,0,131,3
2020-05-01,Modoc,049,8938,0,0,0,0,0
2020-05-01,Mono,051,14174,32,25,0,25,1
2020-05-01,Monterey,053,433212,284,222,0,222,5
2020-05-01,Napa,055,140530,85,69,0,69,2
2020-05-01,Nevada,057,99092,41,41,1,42,1
2020-05-01,Orange,059,3164182,4155,2660,29,2689,51
2020-05-01,Placer,061,380077,179,149,0,149,8
2020-05-01,Plumas,063,18699,4,4,0,4,0
2020-05-01,Riverside,065,2383286,5055,3893,16,3909,132
2020-05-01,Sacramento,067,1510023,1152,1081,0,1081,43
2020-05-01,San Benito,069,59416,54,49,0,49,2
2020-05-01,San Bernardino,071,2135413,2873,2084,2,2086,98
2020-05-01,San Diego,073,3302833,4778,3713,0,3713,134
2020-05-01,San Francisco,075,870044,1898,1552,0,1552,29
2020-05-01,San Joaquin,077,732212,609,554,3,557,25
2020-05-01,San Luis Obispo,079,281455,268,186,3,189,1
2020-05-01,San Mateo,081,765935,1488,1222,2,1224,52
2020-05-01,Santa Barbara,083,443738,554,499,2,501,7
2020-05-01,Santa Clara,085,1922200,2697,2176,8,2184,112
2020-05-01,Santa Cruz,087,273765,144,127,0,127,2
2020-05-01,Shasta,089,179085,40,31,0,31,4
2020-05-01,Sierra,091,2930,0,0,0,0,0
2020-05-01,Siskiyou,093,43540,5,5,0,5,0
2020-05-01,Solano,095,438530,377,266,0,266,4
2020-05-01,Sonoma,097,501317,299,242,0,242,3
2020-05-01,Stanislaus,099,539301,473,384,4,388,8
2020-05-01,Sutter,101,95872,31,28,0,28,2
2020-05-01,Tehama,103,63373,2,1,0,1,1
2020-05-01,Trinity,105,12862,1,0,0,0,0
2020-05-01,Tulare,107,460477,1196,685,6,691,32
2020-05-01,Tuolumne,109,53932,3,3,0,3,0
2020-05-01,Ventura,111,848112,749,556,1,557,18
2020-05-01,Yolo,113,214977,189,165,0,165,18
2020-05-01,Yuba,115,75493,19,16,0,16,1
2020-04-30,Alameda,001,1643700,1982,1599,2,1601,60
2020-04-30,Alpine,002,1148,1,1,0,1,0
2020-04-30,Amador,005,37829,8,8,0,8,0
2020-04-30,Butte,007,227075,29,16,2,18,0
2020-04-30,Calaveras,009,45235,13,13,0,13,0
2020-04-30,Colusa,011,21464,3,3,0,3,0
2020-04-30,Contra Costa,013,1133247,1021,900,0,900,25
2020-04-30,Del Norte,015,27424,4,3,0,3,0
2020-04-30,El Dorado,017,186661,64,44,0,44,0
2020-04-30,Fresno,019,978130,1161,562,10,572,7
2020-04-30,Glenn,021,27897,7,4,0,4,0
2020-04-30,Humboldt,023,135768,60,54,0,54,0
2020-04-30,Imperial,025,180216,578,322,0,322,6
2020-04-30,Inyo,027,18085,19,20,0,20,1
2020-04-30,Kern,029,883053,1250,941,1,942,8
2020-04-30,Kings,031,150075,259,87,0,87,1
2020-04-30,Lake,033,64148,9,6,0,6,0
2020-04-30,Lassen,035,31185,3,0,2,2,0
2020-04-30,Los Angeles,037,10098052,30509,23284,23,23307,1099
2020-04-30,Madera,039,155013,88,46,1,47,2
2020-04-30,Marin,041,260295,253,240,1,241,13
2020-04-30,Mariposa,043,17540,15,3,0,3,0
2020-04-30,Mendocino,045,87422,12,11,0,11,0
2020-04-30,Merced,047,269075,202,122,0,122,3
2020-04-30,Modoc,049,8938,0,0,0,0,0
2020-04-30,Mono,051,14174,31,25,0,25,1
2020-04-30,Monterey,053,433212,274,213,0,213,5
2020-04-30,Napa,055,140530,83,69,0,69,2
2020-04-30,Nevada,057,99092,41,41,1,42,1
2020-04-30,Orange,059,3164182,3933,2591,27,2618,46
2020-04-30,Placer,061,380077,178,148,0,148,8
2020-04-30,Plumas,063,18699,4,4,0,4,0
2020-04-30,Riverside,065,2383286,4955,3820,15,3835,124
2020-04-30,Sacramento,067,1510023,1146,1071,0,1071,43
2020-04-30,San Benito,069,59416,54,48,0,48,2
2020-04-30,San Bernardino,071,2135413,2671,2020,2,2022,96
2020-04-30,San Diego,073,3302833,4607,3566,0,3566,124
2020-04-30,San Francisco,075,870044,1864,1518,0,1518,26
2020-04-30,San Joaquin,077,732212,601,548,3,551,25
2020-04-30,San Luis Obispo,079,281455,265,182,3,185,1
2020-04-30,San Mateo,081,765935,1458,1194,2,1196,52
2020-04-30,Santa Barbara,083,443738,542,490,2,492,7
2020-04-30,Santa Clara,085,1922200,2657,2172,8,2180,111
2020-04-30,Santa Cruz,087,273765,143,126,0,126,2
2020-04-30,Shasta,089,179085,39,31,0,31,4
2020-04-30,Sierra,091,2930,0,0,0,0,0
2020-04-30,Siskiyou,093,43540,5,5,0,5,0
2020-04-30,Solano,095,438530,367,262,0,262,4
2020-04-30,Sonoma,097,501317,290,233,0,233,3
2020-04-30,Stanislaus,099,539301,466,378,4,382,7
2020-04-30,Sutter,101,95872,31,28,0,28,2
2020-04-30,Tehama,103,63373,1,1,0,1,1
2020-04-30,Trinity,105,12862,1,0,0,0,0
2020-04-30,Tulare,107,460477,1130,637,6,643,31
2020-04-30,Tuolumne,109,53932,3,3,0,3,0
2020-04-30,Ventura,111,848112,721,547,1,548,18
2020-04-30,Yolo,113,214977,188,164,0,164,16
2020-04-30,Yuba,115,75493,19,15,0,15,1
2020-04-29,Alameda,001,1643700,1924,1564,2,1566,60
2020-04-29,Alpine,002,1148,1,1,0,1,0
2020-04-29,Amador,005,37829,8,8,0,8,0
2020-04-29,Butte,007,227075,29,16,2,18,0
2020-04-29,Calaveras,009,45235,13,13,0,13,0
2020-04-29,Colusa,011,21464,3,3,0,3,0
2020-04-29,Contra Costa,013,1133247,1002,885,0,885,25
2020-04-29,Del Norte,015,27424,4,3,0,3,0
2020-04-29,El Dorado,017,186661,62,44,0,44,0
2020-04-29,Fresno,019,978130,1109,544,10,554,7
2020-04-29,Glenn,021,27897,7,4,0,4,0
2020-04-29,Humboldt,023,135768,60,53,0,53,0
2020-04-29,Imperial,025,180216,548,300,0,300,6
2020-04-29,Inyo,027,18085,19,20,0,20,1
2020-04-29,Kern,029,883053,1207,910,1,911,6
2020-04-29,Kings,031,150075,240,80,0,80,1
2020-04-29,Lake,033,64148,9,6,0,6,0
2020-04-29,Lassen,035,31185,3,0,2,2,0
2020-04-29,Los Angeles,037,10098052,29532,22560,22,22582,1043
2020-04-29,Madera,039,155013,86,45,1,46,2
2020-04-29,Marin,041,260295,250,234,1,235,13
2020-04-29,Mariposa,043,17540,15,1,0,1,0
2020-04-29,Mendocino,045,87422,12,11,0,11,0
2020-04-29,Merced,047,269075,195,116,0,116,3
2020-04-29,Modoc,049,8938,0,0,0,0,0
2020-04-29,Mono,051,14174,31,25,0,25,1
2020-04-29,Monterey,053,433212,266,204,0,204,5
2020-04-29,Napa,055,140530,81,68,0,68,2
2020-04-29,Nevada,057,99092,41,41,1,42,1
2020-04-29,Orange,059,3164182,3799,2421,26,2447,43
2020-04-29,Placer,061,380077,176,145,0,145,8
2020-04-29,Plumas,063,18699,4,4,0,4,0
2020-04-29,Riverside,065,2383286,4878,3700,15,3715,116
2020-04-29,Sacramento,067,1510023,1124,1055,0,1055,41
2020-04-29,San Benito,069,59416,54,48,0,48,2
2020-04-29,San Bernardino,071,2135413,2584,1975,1,1976,91
2020-04-29,San Diego,073,3302833,4465,3434,0,3434,120
2020-04-29,San Francisco,075,870044,1836,1489,0,1489,23
2020-04-29,San Joaquin,077,732212,593,540,3,543,25
2020-04-29,San Luis Obispo,079,281455,263,181,3,184,1
2020-04-29,San Mateo,081,765935,1432,1170,2,1172,50
2020-04-29,Santa Barbara,083,443738,529,477,2,479,7
2020-04-29,Santa Clara,085,1922200,2630,2147,8,2155,108
2020-04-29,Santa Cruz,087,273765,142,124,0,124,2
2020-04-29,Shasta,089,179085,38,31,0,31,4
2020-04-29,Sierra,091,2930,0,0,0,0,0
2020-04-29,Siskiyou,093,43540,5,5,0,5,0
2020-04-29,Solano,095,438530,330,252,0,252,3
2020-04-29,Sonoma,097,501317,282,230,0,230,2
2020-04-29,Stanislaus,099,539301,453,374,4,378,5
2020-04-29,Sutter,101,95872,31,28,0,28,2
2020-04-29,Tehama,103,63373,1,1,0,1,1
2020-04-29,Trinity,105,12862,1,0,0,0,0
2020-04-29,Tulare,107,460477,1057,615,5,620,30
2020-04-29,Tuolumne,109,53932,3,4,0,4,0
2020-04-29,Ventura,111,848112,697,530,1,531,18
2020-04-29,Yolo,113,214977,185,161,0,161,11
2020-04-29,Yuba,115,75493,19,15,0,15,1
2020-04-28,Alameda,001,1643700,1867,1525,2,1527,55
2020-04-28,Alpine,002,1148,1,1,0,1,0
2020-04-28,Amador,005,37829,8,8,0,8,0
2020-04-28,Butte,007,227075,29,16,2,18,0
2020-04-28,Calaveras,009,45235,13,13,0,13,0
2020-04-28,Colusa,011,21464,3,3,0,3,0
2020-04-28,Contra Costa,013,1133247,995,866,0,866,25
2020-04-28,Del Norte,015,27424,4,3,0,3,0
2020-04-28,El Dorado,017,186661,61,43,0,43,0
2020-04-28,Fresno,019,978130,1059,525,9,534,7
2020-04-28,Glenn,021,27897,5,4,0,4,0
2020-04-28,Humboldt,023,135768,59,53,0,53,0
2020-04-28,Imperial,025,180216,515,295,0,295,6
2020-04-28,Inyo,027,18085,19,20,0,20,1
2020-04-28,Kern,029,883053,1164,882,1,883,5
2020-04-28,Kings,031,150075,227,57,0,57,1
2020-04-28,Lake,033,64148,9,6,0,6,0
2020-04-28,Lassen,035,31185,3,0,2,2,0
2020-04-28,Los Angeles,037,10098052,28469,21029,22,21051,984
2020-04-28,Madera,039,155013,86,44,1,45,2
2020-04-28,Marin,041,260295,249,228,1,229,12
2020-04-28,Mariposa,043,17540,15,0,0,0,0
2020-04-28,Mendocino,045,87422,12,10,0,10,0
2020-04-28,Merced,047,269075,188,108,0,108,3
2020-04-28,Modoc,049,8938,0,0,0,0,0
2020-04-28,Mono,051,14174,31,25,0,25,1
2020-04-28,Monterey,053,433212,260,191,0,191,5
2020-04-28,Napa,055,140530,80,67,0,67,2
2020-04-28,Nevada,057,99092,41,41,1,42,1
2020-04-28,Orange,059,3164182,3636,2324,25,2349,42
2020-04-28,Placer,061,380077,166,143,0,143,8
2020-04-28,Plumas,063,18699,4,4,0,4,0
2020-04-28,Riverside,065,2383286,4783,3504,15,3519,113
2020-04-28,Sacramento,067,1510023,1109,1044,0,1044,41
2020-04-28,San Benito,069,59416,52,46,0,46,2
2020-04-28,San Bernardino,071,2135413,2507,1891,1,1892,89
2020-04-28,San Diego,073,3302833,4335,3316,0,3316,118
2020-04-28,San Francisco,075,870044,1801,1471,0,1471,23
2020-04-28,San Joaquin,077,732212,587,532,3,535,25
2020-04-28,San Luis Obispo,079,281455,255,172,3,175,1
2020-04-28,San Mateo,081,765935,1419,1129,2,1131,48
2020-04-28,Santa Barbara,083,443738,524,469,2,471,7
2020-04-28,Santa Clara,085,1922200,2596,2130,8,2138,106
2020-04-28,Santa Cruz,087,273765,142,123,0,123,2
2020-04-28,Shasta,089,179085,38,29,0,29,4
2020-04-28,Sierra,091,2930,0,0,0,0,0
2020-04-28,Siskiyou,093,43540,5,5,0,5,0
2020-04-28,Solano,095,438530,310,246,0,246,3
2020-04-28,Sonoma,097,501317,279,226,0,226,1
2020-04-28,Stanislaus,099,539301,437,330,4,334,5
2020-04-28,Sutter,101,95872,31,25,0,25,2
2020-04-28,Tehama,103,63373,1,1,0,1,1
2020-04-28,Trinity,105,12862,1,0,0,0,0
2020-04-28,Tulare,107,460477,960,579,5,584,30
2020-04-28,Tuolumne,109,53932,3,4,0,4,0
2020-04-28,Ventura,111,848112,677,517,1,518,17
2020-04-28,Yolo,113,214977,185,160,0,160,10
2020-04-28,Yuba,115,75493,19,15,0,15,1
2020-04-27,Alameda,001,1643700,1807,1494,2,1496,53
2020-04-27,Alpine,002,1148,1,1,0,1,0
2020-04-27,Amador,005,37829,8,8,0,8,0
2020-04-27,Butte,007,227075,28,16,2,18,0
2020-04-27,Calaveras,009,45235,13,13,0,13,0
2020-04-27,Colusa,011,21464,3,3,0,3,0
2020-04-27,Contra Costa,013,1133247,983,843,0,843,25
2020-04-27,Del Norte,015,27424,4,3,0,3,0
2020-04-27,El Dorado,017,186661,60,43,0,43,0
2020-04-27,Fresno,019,978130,957,504,8,512,7
2020-04-27,Glenn,021,27897,5,4,0,4,0
2020-04-27,Humboldt,023,135768,59,52,0,52,0
2020-04-27,Imperial,025,180216,485,290,0,290,6
2020-04-27,Inyo,027,18085,19,20,0,20,1
2020-04-27,Kern,029,883053,1125,865,1,866,4
2020-04-27,Kings,031,150075,204,48,0,48,1
2020-04-27,Lake,033,64148,8,6,0,6,0
2020-04-27,Lassen,035,31185,3,0,2,2,0
2020-04-27,Los Angeles,037,10098052,27449,20456,22,20478,931
2020-04-27,Madera,039,155013,84,42,1,43,2
2020-04-27,Marin,041,260295,244,227,1,228,12
2020-04-27,Mariposa,043,17540,14,0,0,0,0
2020-04-27,Mendocino,045,87422,12,10,0,10,0
2020-04-27,Merced,047,269075,185,108,0,108,3
2020-04-27,Modoc,049,8938,0,0,0,0,0
2020-04-27,Mono,051,14174,31,23,0,23,1
2020-04-27,Monterey,053,433212,253,185,0,185,4
2020-04-27,Napa,055,140530,77,64,0,64,2
2020-04-27,Nevada,057,99092,41,39,1,40,1
2020-04-27,Orange,059,3164182,3467,2198,25,2223,42
2020-04-27,Placer,061,380077,166,142,0,142,8
2020-04-27,Plumas,063,18699,4,4,0,4,0
2020-04-27,Riverside,065,2383286,4660,3381,15,3396,100
2020-04-27,Sacramento,067,1510023,1094,1035,0,1035,41
2020-04-27,San Benito,069,59416,50,45,0,45,2
2020-04-27,San Bernardino,071,2135413,2393,1742,1,1743,82
2020-04-27,San Diego,073,3302833,4209,3143,0,3143,113
2020-04-27,San Francisco,075,870044,1747,1453,0,1453,23
2020-04-27,San Joaquin,077,732212,581,522,3,525,25
2020-04-27,San Luis Obispo,079,281455,247,166,3,169,1
2020-04-27,San Mateo,081,765935,1397,1092,2,1094,46
2020-04-27,Santa Barbara,083,443738,516,466,2,468,7
2020-04-27,Santa Clara,085,1922200,2571,2104,7,2111,105
2020-04-27,Santa Cruz,087,273765,142,123,0,123,2
2020-04-27,Shasta,089,179085,38,29,0,29,4
2020-04-27,Sierra,091,2930,0,0,0,0,0
2020-04-27,Siskiyou,093,43540,5,5,0,5,0
2020-04-27,Solano,095,438530,310,222,0,222,3
2020-04-27,Sonoma,097,501317,270,220,0,220,1
2020-04-27,Stanislaus,099,539301,421,316,4,320,5
2020-04-27,Sutter,101,95872,29,26,0,26,2
2020-04-27,Tehama,103,63373,1,1,0,1,1
2020-04-27,Trinity,105,12862,1,0,0,0,0
2020-04-27,Tulare,107,460477,889,535,5,540,28
2020-04-27,Tuolumne,109,53932,3,3,0,3,0
2020-04-27,Ventura,111,848112,658,513,1,514,17
2020-04-27,Yolo,113,214977,182,160,0,160,9
2020-04-27,Yuba,115,75493,19,15,0,15,1
2020-04-26,Alameda,001,1643700,1746,1449,2,1451,52
2020-04-26,Alpine,002,1148,1,1,0,1,0
2020-04-26,Amador,005,37829,8,8,0,8,0
2020-04-26,Butte,007,227075,28,16,2,18,0
2020-04-26,Calaveras,009,45235,13,13,0,13,0
2020-04-26,Colusa,011,21464,3,3,0,3,0
2020-04-26,Contra Costa,013,1133247,967,830,0,830,25
2020-04-26,Del Norte,015,27424,3,3,0,3,0
2020-04-26,El Dorado,017,186661,58,41,0,41,0
2020-04-26,Fresno,019,978130,863,476,7,483,7
2020-04-26,Glenn,021,27897,5,4,0,4,0
2020-04-26,Humboldt,023,135768,59,53,0,53,0
2020-04-26,Imperial,025,180216,450,272,0,272,6
2020-04-26,Inyo,027,18085,19,20,0,20,1
2020-04-26,Kern,029,883053,1075,831,1,832,4
2020-04-26,Kings,031,150075,179,33,0,33,1
2020-04-26,Lake,033,64148,8,6,0,6,0
2020-04-26,Lassen,035,31185,3,0,2,2,0
2020-04-26,Los Angeles,037,10098052,26294,19570,22,19592,901
2020-04-26,Madera,039,155013,82,39,1,40,2
2020-04-26,Marin,041,260295,238,225,1,226,12
2020-04-26,Mariposa,043,17540,14,0,0,0,0
2020-04-26,Mendocino,045,87422,12,5,0,5,0
2020-04-26,Merced,047,269075,169,104,0,104,3
2020-04-26,Modoc,049,8938,0,0,0,0,0
2020-04-26,Mono,051,14174,31,23,0,23,1
2020-04-26,Monterey,053,433212,246,182,0,182,4
2020-04-26,Napa,055,140530,76,62,0,62,2
2020-04-26,Nevada,057,99092,41,37,1,38,1
2020-04-26,Orange,059,3164182,3302,2124,25,2149,40
2020-04-26,Placer,061,380077,165,141,0,141,8
2020-04-26,Plumas,063,18699,4,4,0,4,0
2020-04-26,Riverside,065,2383286,4517,3301,15,3316,95
2020-04-26,Sacramento,067,1510023,1085,1027,0,1027,41
2020-04-26,San Benito,069,59416,50,45,0,45,2
2020-04-26,San Bernardino,071,2135413,2297,1681,1,1682,82
2020-04-26,San Diego,073,3302833,4067,3045,0,3045,111
2020-04-26,San Francisco,075,870044,1708,1403,0,1403,23
2020-04-26,San Joaquin,077,732212,573,514,3,517,25
2020-04-26,San Luis Obispo,079,281455,244,165,3,168,1
2020-04-26,San Mateo,081,765935,1371,1070,2,1072,46
2020-04-26,Santa Barbara,083,443738,509,464,2,466,7
2020-04-26,Santa Clara,085,1922200,2548,2097,6,2103,102
2020-04-26,Santa Cruz,087,273765,142,116,0,116,2
2020-04-26,Shasta,089,179085,35,29,0,29,4
2020-04-26,Sierra,091,2930,0,0,0,0,0
2020-04-26,Siskiyou,093,43540,5,5,0,5,0
2020-04-26,Solano,095,438530,301,205,0,205,3
2020-04-26,Sonoma,097,501317,259,216,0,216,1
2020-04-26,Stanislaus,099,539301,406,294,4,298,4
2020-04-26,Sutter,101,95872,29,26,0,26,2
2020-04-26,Tehama,103,63373,1,1,0,1,1
2020-04-26,Trinity,105,12862,1,0,0,0,0
2020-04-26,Tulare,107,460477,830,497,5,502,28
2020-04-26,Tuolumne,109,53932,3,3,0,3,0
2020-04-26,Ventura,111,848112,640,509,1,510,17
2020-04-26,Yolo,113,214977,181,158,0,158,8
2020-04-26,Yuba,115,75493,18,15,0,15,1
2020-04-25,Alameda,001,1643700,1721,1396,2,1398,52
2020-04-25,Alpine,002,1148,1,1,0,1,0
2020-04-25,Amador,005,37829,8,8,0,8,0
2020-04-25,Butte,007,227075,27,16,2,18,0
2020-04-25,Calaveras,009,45235,13,12,0,12,0
2020-04-25,Colusa,011,21464,3,3,0,3,0
2020-04-25,Contra Costa,013,1133247,953,821,0,821,24
2020-04-25,Del Norte,015,27424,2,2,0,2,0
2020-04-25,El Dorado,017,186661,57,41,0,41,0
2020-04-25,Fresno,019,978130,831,459,6,465,7
2020-04-25,Glenn,021,27897,5,4,0,4,0
2020-04-25,Humboldt,023,135768,59,53,0,53,0
2020-04-25,Imperial,025,180216,433,232,0,232,6
2020-04-25,Inyo,027,18085,19,20,0,20,1
2020-04-25,Kern,029,883053,1044,802,1,803,4
2020-04-25,Kings,031,150075,167,33,0,33,1
2020-04-25,Lake,033,64148,6,6,0,6,0
2020-04-25,Lassen,035,31185,3,0,2,2,0
2020-04-25,Los Angeles,037,10098052,25661,19144,22,19166,881
2020-04-25,Madera,039,155013,79,39,1,40,2
2020-04-25,Marin,041,260295,238,215,1,216,12
2020-04-25,Mariposa,043,17540,14,0,0,0,0
2020-04-25,Mendocino,045,87422,11,5,0,5,0
2020-04-25,Merced,047,269075,167,103,0,103,3
2020-04-25,Modoc,049,8938,0,0,0,0,0
2020-04-25,Mono,051,14174,31,23,0,23,1
2020-04-25,Monterey,053,433212,244,173,0,173,4
2020-04-25,Napa,055,140530,76,60,0,60,2
2020-04-25,Nevada,057,99092,41,37,1,38,1
2020-04-25,Orange,059,3164182,3194,2047,25,2072,40
2020-04-25,Placer,061,380077,165,137,0,137,8
2020-04-25,Plumas,063,18699,4,4,0,4,0
2020-04-25,Riverside,065,2383286,4427,3037,15,3052,93
2020-04-25,Sacramento,067,1510023,1083,1015,0,1015,41
2020-04-25,San Benito,069,59416,50,45,0,45,2
2020-04-25,San Bernardino,071,2135413,2251,1675,1,1676,82
2020-04-25,San Diego,073,3302833,3966,2945,0,2945,111
2020-04-25,San Francisco,075,870044,1683,1341,0,1341,22
2020-04-25,San Joaquin,077,732212,566,497,3,500,24
2020-04-25,San Luis Obispo,079,281455,243,159,3,162,1
2020-04-25,San Mateo,081,765935,1353,1054,2,1056,46
2020-04-25,Santa Barbara,083,443738,502,457,2,459,7
2020-04-25,Santa Clara,085,1922200,2526,2045,5,2050,99
2020-04-25,Santa Cruz,087,273765,142,112,0,112,2
2020-04-25,Shasta,089,179085,35,29,0,29,4
2020-04-25,Sierra,091,2930,0,0,0,0,0
2020-04-25,Siskiyou,093,43540,5,5,0,5,0
2020-04-25,Solano,095,438530,297,203,0,203,3
2020-04-25,Sonoma,097,501317,254,199,0,199,1
2020-04-25,Stanislaus,099,539301,398,276,4,280,4
2020-04-25,Sutter,101,95872,29,24,0,24,2
2020-04-25,Tehama,103,63373,1,1,0,1,1
2020-04-25,Trinity,105,12862,0,0,0,0,0
2020-04-25,Tulare,107,460477,797,478,5,483,28
2020-04-25,Tuolumne,109,53932,3,2,0,2,0
2020-04-25,Ventura,111,848112,626,494,1,495,16
2020-04-25,Yolo,113,214977,181,157,0,157,8
2020-04-25,Yuba,115,75493,17,15,0,15,1
2020-04-24,Alameda,001,1643700,1690,1385,2,1387,50
2020-04-24,Alpine,002,1148,1,1,0,1,0
2020-04-24,Amador,005,37829,8,8,0,8,0
2020-04-24,Butte,007,227075,26,15,2,17,0
2020-04-24,Calaveras,009,45235,13,12,0,12,0
2020-04-24,Colusa,011,21464,3,3,0,3,0
2020-04-24,Contra Costa,013,1133247,944,806,0,806,23
2020-04-24,Del Norte,015,27424,2,2,0,2,0
2020-04-24,El Dorado,017,186661,56,41,0,41,0
2020-04-24,Fresno,019,978130,808,449,6,455,7
2020-04-24,Glenn,021,27897,5,4,0,4,0
2020-04-24,Humboldt,023,135768,59,53,0,53,0
2020-04-24,Imperial,025,180216,416,232,0,232,6
2020-04-24,Inyo,027,18085,19,20,0,20,0
2020-04-24,Kern,029,883053,1020,770,1,771,4
2020-04-24,Kings,031,150075,138,30,0,30,1
2020-04-24,Lake,033,64148,6,6,0,6,0
2020-04-24,Lassen,035,31185,3,0,2,2,0
2020-04-24,Los Angeles,037,10098052,24731,18553,22,18575,836
2020-04-24,Madera,039,155013,79,39,1,40,2
2020-04-24,Marin,041,260295,238,211,1,212,11
2020-04-24,Mariposa,043,17540,8,0,0,0,0
2020-04-24,Mendocino,045,87422,11,5,0,5,0
2020-04-24,Merced,047,269075,164,102,0,102,3
2020-04-24,Modoc,049,8938,0,0,0,0,0
2020-04-24,Mono,051,14174,30,23,0,23,1
2020-04-24,Monterey,053,433212,237,167,0,167,4
2020-04-24,Napa,055,140530,75,59,0,59,2
2020-04-24,Nevada,057,99092,41,36,1,37,1
2020-04-24,Orange,059,3164182,3087,1945,25,1970,39
2020-04-24,Placer,061,380077,163,137,0,137,8
2020-04-24,Plumas,063,18699,4,4,0,4,0
2020-04-24,Riverside,065,2383286,4346,3044,15,3059,87
2020-04-24,Sacramento,067,1510023,1077,1009,0,1009,41
2020-04-24,San Benito,069,59416,50,45,0,45,2
2020-04-24,San Bernardino,071,2135413,2216,1667,1,1668,80
2020-04-24,San Diego,073,3302833,3855,2828,0,2828,102
2020-04-24,San Francisco,075,870044,1625,1345,0,1345,22
2020-04-24,San Joaquin,077,732212,559,484,3,487,24
2020-04-24,San Luis Obispo,079,281455,240,151,3,154,1
2020-04-24,San Mateo,081,765935,1330,1004,2,1006,43
2020-04-24,Santa Barbara,083,443738,496,450,2,452,6
2020-04-24,Santa Clara,085,1922200,2484,2026,5,2031,98
2020-04-24,Santa Cruz,087,273765,138,111,0,111,2
2020-04-24,Shasta,089,179085,35,28,0,28,4
2020-04-24,Sierra,091,2930,0,0,0,0,0
2020-04-24,Siskiyou,093,43540,5,5,0,5,0
2020-04-24,Solano,095,438530,294,203,0,203,3
2020-04-24,Sonoma,097,501317,250,199,0,199,1
2020-04-24,Stanislaus,099,539301,395,273,4,277,4
2020-04-24,Sutter,101,95872,28,24,0,24,2
2020-04-24,Tehama,103,63373,1,1,0,1,1
2020-04-24,Trinity,105,12862,0,0,0,0,0
2020-04-24,Tulare,107,460477,769,459,5,464,27
2020-04-24,Tuolumne,109,53932,3,2,0,2,0
2020-04-24,Ventura,111,848112,616,489,1,490,16
2020-04-24,Yolo,113,214977,180,155,0,155,8
2020-04-24,Yuba,115,75493,16,15,0,15,1
2020-04-23,Alameda,001,1643700,1652,1336,2,1338,46
2020-04-23,Alpine,002,1148,1,1,0,1,0
2020-04-23,Amador,005,37829,8,8,0,8,0
2020-04-23,Butte,007,227075,26,15,2,17,0
2020-04-23,Calaveras,009,45235,13,12,0,12,0
2020-04-23,Colusa,011,21464,3,3,0,3,0
2020-04-23,Contra Costa,013,1133247,923,786,0,786,23
2020-04-23,Del Norte,015,27424,2,2,0,2,0
2020-04-23,El Dorado,017,186661,55,39,0,39,0
2020-04-23,Fresno,019,978130,771,426,6,432,7
2020-04-23,Glenn,021,27897,5,3,0,3,0
2020-04-23,Humboldt,023,135768,59,53,0,53,0
2020-04-23,Imperial,025,180216,397,181,0,181,4
2020-04-23,Inyo,027,18085,19,19,0,19,0
2020-04-23,Kern,029,883053,972,732,1,733,4
2020-04-23,Kings,031,150075,123,28,0,28,1
2020-04-23,Lake,033,64148,6,6,0,6,0
2020-04-23,Lassen,035,31185,3,0,2,2,0
2020-04-23,Los Angeles,037,10098052,23669,17548,21,17569,784
2020-04-23,Madera,039,155013,77,37,1,38,2
2020-04-23,Marin,041,260295,225,209,1,210,11
2020-04-23,Mariposa,043,17540,7,0,0,0,0
2020-04-23,Mendocino,045,87422,9,5,0,5,0
2020-04-23,Merced,047,269075,160,98,0,98,3
2020-04-23,Modoc,049,8938,0,0,0,0,0
2020-04-23,Mono,051,14174,30,23,0,23,1
2020-04-23,Monterey,053,433212,233,161,0,161,4
2020-04-23,Napa,055,140530,68,59,0,59,2
2020-04-23,Nevada,057,99092,41,36,1,37,1
2020-04-23,Orange,059,3164182,2908,1841,24,1865,37
2020-04-23,Placer,061,380077,160,136,0,136,8
2020-04-23,Plumas,063,18699,4,4,0,4,0
2020-04-23,Riverside,065,2383286,4232,2935,14,2949,78
2020-04-23,Sacramento,067,1510023,1065,978,0,978,41
2020-04-23,San Benito,069,59416,47,43,0,43,2
2020-04-23,San Bernardino,071,2135413,2151,1604,1,1605,79
2020-04-23,San Diego,073,3302833,3694,2645,0,2645,100
2020-04-23,San Francisco,075,870044,1600,1312,0,1312,21
2020-04-23,San Joaquin,077,732212,549,479,3,482,20
2020-04-23,San Luis Obispo,079,281455,236,146,3,149,1
2020-04-23,San Mateo,081,765935,1291,970,2,972,42
2020-04-23,Santa Barbara,083,443738,490,445,2,447,6
2020-04-23,Santa Clara,085,1922200,2449,1996,5,2001,95
2020-04-23,Santa Cruz,087,273765,137,110,0,110,2
2020-04-23,Shasta,089,179085,35,27,0,27,3
2020-04-23,Sierra,091,2930,0,0,0,0,0
2020-04-23,Siskiyou,093,43540,5,5,0,5,0
2020-04-23,Solano,095,438530,275,196,0,196,3
2020-04-23,Sonoma,097,501317,238,187,0,187,1
2020-04-23,Stanislaus,099,539301,391,254,4,258,4
2020-04-23,Sutter,101,95872,28,24,0,24,2
2020-04-23,Tehama,103,63373,1,1,0,1,1
2020-04-23,Trinity,105,12862,0,0,0,0,0
2020-04-23,Tulare,107,460477,740,440,5,445,25
2020-04-23,Tuolumne,109,53932,3,2,0,2,0
2020-04-23,Ventura,111,848112,602,479,1,480,16
2020-04-23,Yolo,113,214977,177,151,0,151,8
2020-04-23,Yuba,115,75493,16,15,0,15,1
2020-04-22,Alameda,001,1643700,1603,1275,2,1277,46
2020-04-22,Alpine,002,1148,1,1,0,1,0
2020-04-22,Amador,005,37829,8,7,0,7,0
2020-04-22,Butte,007,227075,25,15,2,17,0
2020-04-22,Calaveras,009,45235,13,12,0,12,0
2020-04-22,Colusa,011,21464,3,3,0,3,0
2020-04-22,Contra Costa,013,1133247,908,772,0,772,22
2020-04-22,Del Norte,015,27424,2,2,0,2,0
2020-04-22,El Dorado,017,186661,55,39,0,39,0
2020-04-22,Fresno,019,978130,731,388,6,394,7
2020-04-22,Glenn,021,27897,5,3,0,3,0
2020-04-22,Humboldt,023,135768,59,53,0,53,0
2020-04-22,Imperial,025,180216,387,170,0,170,3
2020-04-22,Inyo,027,18085,19,18,0,18,0
2020-04-22,Kern,029,883053,950,713,1,714,4
2020-04-22,Kings,031,150075,102,28,0,28,1
2020-04-22,Lake,033,64148,6,6,0,6,0
2020-04-22,Lassen,035,31185,3,0,2,2,0
2020-04-22,Los Angeles,037,10098052,22643,16400,21,16421,715
2020-04-22,Madera,039,155013,75,37,1,38,2
2020-04-22,Marin,041,260295,223,202,1,203,11
2020-04-22,Mariposa,043,17540,6,0,0,0,0
2020-04-22,Mendocino,045,87422,6,5,0,5,0
2020-04-22,Merced,047,269075,146,92,0,92,3
2020-04-22,Modoc,049,8938,0,0,0,0,0
2020-04-22,Mono,051,14174,29,23,0,23,1
2020-04-22,Monterey,053,433212,226,154,0,154,4
2020-04-22,Napa,055,140530,67,58,0,58,2
2020-04-22,Nevada,057,99092,41,36,1,37,1
2020-04-22,Orange,059,3164182,2814,1785,23,1808,36
2020-04-22,Placer,061,380077,158,133,0,133,8
2020-04-22,Plumas,063,18699,4,4,0,4,0
2020-04-22,Riverside,065,2383286,4128,2822,14,2836,76
2020-04-22,Sacramento,067,1510023,1060,959,0,959,36
2020-04-22,San Benito,069,59416,46,43,0,43,2
2020-04-22,San Bernardino,071,2135413,2088,1564,1,1565,74
2020-04-22,San Diego,073,3302833,3566,2493,0,2493,96
2020-04-22,San Francisco,075,870044,1563,1255,0,1255,21
2020-04-22,San Joaquin,077,732212,538,462,3,465,20
2020-04-22,San Luis Obispo,079,281455,227,142,3,145,1
2020-04-22,San Mateo,081,765935,1268,945,2,947,40
2020-04-22,Santa Barbara,083,443738,485,437,2,439,6
2020-04-22,Santa Clara,085,1922200,2433,1969,5,1974,95
2020-04-22,Santa Cruz,087,273765,133,106,0,106,2
2020-04-22,Shasta,089,179085,34,26,0,26,3
2020-04-22,Sierra,091,2930,0,0,0,0,0
2020-04-22,Siskiyou,093,43540,5,5,0,5,0
2020-04-22,Solano,095,438530,254,195,0,195,3
2020-04-22,Sonoma,097,501317,235,185,0,185,1
2020-04-22,Stanislaus,099,539301,334,247,4,251,4
2020-04-22,Sutter,101,95872,28,22,0,22,2
2020-04-22,Tehama,103,63373,1,1,0,1,1
2020-04-22,Trinity,105,12862,0,0,0,0,0
2020-04-22,Tulare,107,460477,706,425,5,430,23
2020-04-22,Tuolumne,109,53932,3,2,0,2,0
2020-04-22,Ventura,111,848112,591,465,1,466,15
2020-04-22,Yolo,113,214977,176,147,0,147,8
2020-04-22,Yuba,115,75493,16,15,0,15,1
2020-04-21,Alameda,001,1643700,1573,1234,2,1236,46
2020-04-21,Alpine,002,1148,1,1,0,1,0
2020-04-21,Amador,005,37829,8,7,0,7,0
2020-04-21,Butte,007,227075,24,15,2,17,0
2020-04-21,Calaveras,009,45235,12,12,0,12,0
2020-04-21,Colusa,011,21464,3,3,0,3,0
2020-04-21,Contra Costa,013,1133247,894,766,0,766,22
2020-04-21,Del Norte,015,27424,2,2,0,2,0
2020-04-21,El Dorado,017,186661,54,36,0,36,0
2020-04-21,Fresno,019,978130,697,372,6,378,7
2020-04-21,Glenn,021,27897,5,3,0,3,0
2020-04-21,Humboldt,023,135768,58,53,0,53,0
2020-04-21,Imperial,025,180216,366,165,0,165,2
2020-04-21,Inyo,027,18085,19,18,0,18,0
2020-04-21,Kern,029,883053,908,676,1,677,4
2020-04-21,Kings,031,150075,88,28,0,28,1
2020-04-21,Lake,033,64148,6,6,0,6,0
2020-04-21,Lassen,035,31185,3,0,2,2,0
2020-04-21,Los Angeles,037,10098052,21780,15096,21,15117,650
2020-04-21,Madera,039,155013,75,37,1,38,2
2020-04-21,Marin,041,260295,217,202,1,203,10
2020-04-21,Mariposa,043,17540,5,0,0,0,0
2020-04-21,Mendocino,045,87422,6,5,0,5,0
2020-04-21,Merced,047,269075,142,89,0,89,3
2020-04-21,Modoc,049,8938,0,0,0,0,0
2020-04-21,Mono,051,14174,29,23,0,23,1
2020-04-21,Monterey,053,433212,223,151,0,151,4
2020-04-21,Napa,055,140530,66,58,0,58,2
2020-04-21,Nevada,057,99092,41,36,1,37,1
2020-04-21,Orange,059,3164182,2691,1717,22,1739,36
2020-04-21,Placer,061,380077,156,133,0,133,8
2020-04-21,Plumas,063,18699,4,4,0,4,0
2020-04-21,Riverside,065,2383286,3995,2631,14,2645,68
2020-04-21,Sacramento,067,1510023,1050,941,0,941,33
2020-04-21,San Benito,069,59416,44,43,0,43,2
2020-04-21,San Bernardino,071,2135413,2028,1499,1,1500,71
2020-04-21,San Diego,073,3302833,3410,2436,0,2436,87
2020-04-21,San Francisco,075,870044,1533,1232,0,1232,20
2020-04-21,San Joaquin,077,732212,528,447,3,450,20
2020-04-21,San Luis Obispo,079,281455,219,134,3,137,1
2020-04-21,San Mateo,081,765935,1222,933,2,935,34
2020-04-21,Santa Barbara,083,443738,476,414,2,416,5
2020-04-21,Santa Clara,085,1922200,2383,1943,5,1948,91
2020-04-21,Santa Cruz,087,273765,131,104,0,104,2
2020-04-21,Shasta,089,179085,33,26,0,26,3
2020-04-21,Sierra,091,2930,0,0,0,0,0
2020-04-21,Siskiyou,093,43540,5,5,0,5,0
2020-04-21,Solano,095,438530,246,193,0,193,3
2020-04-21,Sonoma,097,501317,225,182,0,182,1
2020-04-21,Stanislaus,099,539301,315,235,4,239,4
2020-04-21,Sutter,101,95872,28,22,0,22,2
2020-04-21,Tehama,103,63373,1,1,0,1,1
2020-04-21,Trinity,105,12862,0,0,0,0,0
2020-04-21,Tulare,107,460477,669,410,5,415,23
2020-04-21,Tuolumne,109,53932,3,2,0,2,0
2020-04-21,Ventura,111,848112,579,455,1,456,14
2020-04-21,Yolo,113,214977,174,143,0,143,8
2020-04-21,Yuba,115,75493,16,15,0,15,1
2020-04-20,Alameda,001,1643700,1540,1181,2,1183,42
2020-04-20,Alpine,002,1148,1,1,0,1,0
2020-04-20,Amador,005,37829,8,7,0,7,0
2020-04-20,Butte,007,227075,23,15,2,17,0
2020-04-20,Calaveras,009,45235,12,12,0,12,0
2020-04-20,Colusa,011,21464,3,3,0,3,0
2020-04-20,Contra Costa,013,1133247,884,753,0,753,22
2020-04-20,Del Norte,015,27424,2,2,0,2,0
2020-04-20,El Dorado,017,186661,54,36,0,36,0
2020-04-20,Fresno,019,978130,679,356,6,362,7
2020-04-20,Glenn,021,27897,4,3,0,3,0
2020-04-20,Humboldt,023,135768,58,53,0,53,0
2020-04-20,Imperial,025,180216,347,149,0,149,2
2020-04-20,Inyo,027,18085,19,17,0,17,0
2020-04-20,Kern,029,883053,876,651,1,652,3
2020-04-20,Kings,031,150075,77,19,0,19,1
2020-04-20,Lake,033,64148,6,6,0,6,0
2020-04-20,Lassen,035,31185,3,0,2,2,0
2020-04-20,Los Angeles,037,10098052,20869,13787,20,13807,608
2020-04-20,Madera,039,155013,74,35,1,36,2
2020-04-20,Marin,041,260295,213,200,1,201,10
2020-04-20,Mariposa,043,17540,5,0,0,0,0
2020-04-20,Mendocino,045,87422,6,5,0,5,0
2020-04-20,Merced,047,269075,135,88,0,88,3
2020-04-20,Modoc,049,8938,0,0,0,0,0
2020-04-20,Mono,051,14174,29,23,0,23,1
2020-04-20,Monterey,053,433212,214,147,0,147,4
2020-04-20,Napa,055,140530,66,55,0,55,2
2020-04-20,Nevada,057,99092,41,34,1,35,1
2020-04-20,Orange,059,3164182,2607,1679,22,1701,33
2020-04-20,Placer,061,380077,155,132,0,132,8
2020-04-20,Plumas,063,18699,4,4,0,4,0
2020-04-20,Riverside,065,2383286,3870,2477,14,2491,61
2020-04-20,Sacramento,067,1510023,1040,924,0,924,32
2020-04-20,San Benito,069,59416,44,43,0,43,2
2020-04-20,San Bernardino,071,2135413,1941,1344,1,1345,63
2020-04-20,San Diego,073,3302833,3268,2327,0,2327,72
2020-04-20,San Francisco,075,870044,1501,1223,0,1223,19
2020-04-20,San Joaquin,077,732212,524,422,3,425,17
2020-04-20,San Luis Obispo,079,281455,205,132,3,135,1
2020-04-20,San Mateo,081,765935,1199,890,2,892,31
2020-04-20,Santa Barbara,083,443738,469,388,2,390,4
2020-04-20,Santa Clara,085,1922200,2352,1920,5,1925,84
2020-04-20,Santa Cruz,087,273765,129,102,0,102,2
2020-04-20,Shasta,089,179085,33,26,0,26,3
2020-04-20,Sierra,091,2930,0,0,0,0,0
2020-04-20,Siskiyou,093,43540,5,5,0,5,0
2020-04-20,Solano,095,438530,243,185,0,185,2
2020-04-20,Sonoma,097,501317,217,178,0,178,1
2020-04-20,Stanislaus,099,539301,301,228,4,232,3
2020-04-20,Sutter,101,95872,27,22,0,22,2
2020-04-20,Tehama,103,63373,1,1,0,1,1
2020-04-20,Trinity,105,12862,0,0,0,0,0
2020-04-20,Tulare,107,460477,659,401,5,406,20
2020-04-20,Tuolumne,109,53932,3,2,0,2,0
2020-04-20,Ventura,111,848112,565,426,1,427,13
2020-04-20,Yolo,113,214977,173,125,0,125,5
2020-04-20,Yuba,115,75493,16,15,0,15,1
2020-04-19,Alameda,001,1643700,1490,1134,2,1136,41
2020-04-19,Alpine,002,1148,1,1,0,1,0
2020-04-19,Amador,005,37829,7,7,0,7,0
2020-04-19,Butte,007,227075,22,15,2,17,0
2020-04-19,Calaveras,009,45235,12,12,0,12,0
2020-04-19,Colusa,011,21464,3,3,0,3,0
2020-04-19,Contra Costa,013,1133247,868,731,0,731,20
2020-04-19,Del Norte,015,27424,2,2,0,2,0
2020-04-19,El Dorado,017,186661,54,36,0,36,0
2020-04-19,Fresno,019,978130,643,326,6,332,7
2020-04-19,Glenn,021,27897,4,3,0,3,0
2020-04-19,Humboldt,023,135768,58,53,0,53,0
2020-04-19,Imperial,025,180216,319,144,0,144,2
2020-04-19,Inyo,027,18085,19,17,0,17,0
2020-04-19,Kern,029,883053,851,629,1,630,3
2020-04-19,Kings,031,150075,67,17,0,17,1
2020-04-19,Lake,033,64148,6,6,0,6,0
2020-04-19,Lassen,035,31185,3,0,2,2,0
2020-04-19,Los Angeles,037,10098052,19862,12299,20,12319,589
2020-04-19,Madera,039,155013,72,34,1,35,2
2020-04-19,Marin,041,260295,212,194,1,195,10
2020-04-19,Mariposa,043,17540,2,0,0,0,0
2020-04-19,Mendocino,045,87422,6,4,0,4,0
2020-04-19,Merced,047,269075,130,85,0,85,3
2020-04-19,Modoc,049,8938,0,0,0,0,0
2020-04-19,Mono,051,14174,29,23,0,23,1
2020-04-19,Monterey,053,433212,205,140,0,140,4
2020-04-19,Napa,055,140530,64,49,0,49,2
2020-04-19,Nevada,057,99092,40,34,1,35,1
2020-04-19,Orange,059,3164182,2510,1591,21,1612,32
2020-04-19,Placer,061,380077,154,131,0,131,8
2020-04-19,Plumas,063,18699,4,4,0,4,0
2020-04-19,Riverside,065,2383286,3727,2316,14,2330,56
2020-04-19,Sacramento,067,1510023,1013,912,0,912,32
2020-04-19,San Benito,069,59416,42,40,0,40,2
2020-04-19,San Bernardino,071,2135413,1878,1262,1,1263,58
2020-04-19,San Diego,073,3302833,3101,2270,0,2270,71
2020-04-19,San Francisco,075,870044,1468,1153,0,1153,19
2020-04-19,San Joaquin,077,732212,506,404,3,407,17
2020-04-19,San Luis Obispo,079,281455,200,132,3,135,1
2020-04-19,San Mateo,081,765935,1163,845,2,847,31
2020-04-19,Santa Barbara,083,443738,462,377,2,379,3
2020-04-19,Santa Clara,085,1922200,2307,1878,5,1883,81
2020-04-19,Santa Cruz,087,273765,126,98,0,98,2
2020-04-19,Shasta,089,179085,31,26,0,26,3
2020-04-19,Sierra,091,2930,0,0,0,0,0
2020-04-19,Siskiyou,093,43540,5,5,0,5,0
2020-04-19,Solano,095,438530,233,174,0,174,2
2020-04-19,Sonoma,097,501317,211,172,0,172,1
2020-04-19,Stanislaus,099,539301,293,221,4,225,3
2020-04-19,Sutter,101,95872,26,21,0,21,2
2020-04-19,Tehama,103,63373,1,1,0,1,1
2020-04-19,Trinity,105,12862,0,0,0,0,0
2020-04-19,Tulare,107,460477,613,391,5,396,17
2020-04-19,Tuolumne,109,53932,3,2,0,2,0
2020-04-19,Ventura,111,848112,557,418,1,419,13
2020-04-19,Yolo,113,214977,173,120,0,120,5
2020-04-19,Yuba,115,75493,16,15,0,15,1
2020-04-18,Alameda,001,1643700,1465,1085,2,1087,40
2020-04-18,Alpine,002,1148,1,1,0,1,0
2020-04-18,Amador,005,37829,7,7,0,7,0
2020-04-18,Butte,007,227075,21,15,2,17,0
2020-04-18,Calaveras,009,45235,12,12,0,12,0
2020-04-18,Colusa,011,21464,3,3,0,3,0
2020-04-18,Contra Costa,013,1133247,856,721,0,721,17
2020-04-18,Del Norte,015,27424,2,2,0,2,0
2020-04-18,El Dorado,017,186661,54,36,0,36,0
2020-04-18,Fresno,019,978130,622,319,6,325,7
2020-04-18,Glenn,021,27897,4,3,0,3,0
2020-04-18,Humboldt,023,135768,58,52,0,52,0
2020-04-18,Imperial,025,180216,309,137,0,137,2
2020-04-18,Inyo,027,18085,19,17,0,17,0
2020-04-18,Kern,029,883053,829,626,1,627,3
2020-04-18,Kings,031,150075,66,17,0,17,1
2020-04-18,Lake,033,64148,6,6,0,6,0
2020-04-18,Lassen,035,31185,3,0,2,2,0
2020-04-18,Los Angeles,037,10098052,19333,11984,20,12004,566
2020-04-18,Madera,039,155013,71,34,1,35,2
2020-04-18,Marin,041,260295,210,193,1,194,10
2020-04-18,Mariposa,043,17540,2,0,0,0,0
2020-04-18,Mendocino,045,87422,6,4,0,4,0
2020-04-18,Merced,047,269075,128,82,0,82,3
2020-04-18,Modoc,049,8938,0,0,0,0,0
2020-04-18,Mono,051,14174,29,22,0,22,1
2020-04-18,Monterey,053,433212,201,135,0,135,3
2020-04-18,Napa,055,140530,64,49,0,49,2
2020-04-18,Nevada,057,99092,39,34,1,35,1
2020-04-18,Orange,059,3164182,2445,1569,20,1589,32
2020-04-18,Placer,061,380077,152,130,0,130,8
2020-04-18,Plumas,063,18699,4,4,0,4,0
2020-04-18,Riverside,065,2383286,3652,2257,14,2271,56
2020-04-18,Sacramento,067,1510023,1001,901,0,901,32
2020-04-18,San Benito,069,59416,42,40,0,40,2
2020-04-18,San Bernardino,071,2135413,1833,1255,1,1256,58
2020-04-18,San Diego,073,3302833,2999,2215,0,2215,71
2020-04-18,San Francisco,075,870044,1429,1144,0,1144,19
2020-04-18,San Joaquin,077,732212,497,392,3,395,17
2020-04-18,San Luis Obispo,079,281455,196,129,3,132,1
2020-04-18,San Mateo,081,765935,1141,821,2,823,31
2020-04-18,Santa Barbara,083,443738,456,372,2,374,3
2020-04-18,Santa Clara,085,1922200,2274,1862,5,1867,79
2020-04-18,Santa Cruz,087,273765,124,96,0,96,2
2020-04-18,Shasta,089,179085,31,26,0,26,3
2020-04-18,Sierra,091,2930,0,0,0,0,0
2020-04-18,Siskiyou,093,43540,5,5,0,5,0
2020-04-18,Solano,095,438530,229,175,0,175,2
2020-04-18,Sonoma,097,501317,207,168,0,168,1
2020-04-18,Stanislaus,099,539301,285,216,4,220,3
2020-04-18,Sutter,101,95872,26,21,0,21,2
2020-04-18,Tehama,103,63373,1,1,0,1,1
2020-04-18,Trinity,105,12862,0,0,0,0,0
2020-04-18,Tulare,107,460477,602,385,5,390,17
2020-04-18,Tuolumne,109,53932,3,2,0,2,0
2020-04-18,Ventura,111,848112,549,416,1,417,13
2020-04-18,Yolo,113,214977,171,118,0,118,5
2020-04-18,Yuba,115,75493,16,14,0,14,1
2020-04-17,Alameda,001,1643700,1410,1043,1,1044,40
2020-04-17,Alpine,002,1148,1,1,0,1,0
2020-04-17,Amador,005,37829,7,7,0,7,0
2020-04-17,Butte,007,227075,21,15,2,17,0
2020-04-17,Calaveras,009,45235,12,11,0,11,0
2020-04-17,Colusa,011,21464,3,3,0,3,0
2020-04-17,Contra Costa,013,1133247,845,687,0,687,15
2020-04-17,Del Norte,015,27424,2,2,0,2,0
2020-04-17,El Dorado,017,186661,54,35,0,35,0
2020-04-17,Fresno,019,978130,600,315,6,321,7
2020-04-17,Glenn,021,27897,4,3,0,3,0
2020-04-17,Humboldt,023,135768,57,52,0,52,0
2020-04-17,Imperial,025,180216,300,135,0,135,2
2020-04-17,Inyo,027,18085,19,17,0,17,0
2020-04-17,Kern,029,883053,809,612,1,613,3
2020-04-17,Kings,031,150075,64,15,0,15,1
2020-04-17,Lake,033,64148,6,6,0,6,0
2020-04-17,Lassen,035,31185,3,0,2,2,0
2020-04-17,Los Angeles,037,10098052,18693,11354,20,11374,489
2020-04-17,Madera,039,155013,71,34,1,35,2
2020-04-17,Marin,041,260295,207,189,1,190,10
2020-04-17,Mariposa,043,17540,1,0,0,0,0
2020-04-17,Mendocino,045,87422,6,4,0,4,0
2020-04-17,Merced,047,269075,127,80,0,80,3
2020-04-17,Modoc,049,8938,0,0,0,0,0
2020-04-17,Mono,051,14174,29,22,0,22,1
2020-04-17,Monterey,053,433212,196,119,0,119,3
2020-04-17,Napa,055,140530,62,46,0,46,2
2020-04-17,Nevada,057,99092,38,34,1,35,1
2020-04-17,Orange,059,3164182,2394,1496,20,1516,31
2020-04-17,Placer,061,380077,152,130,0,130,8
2020-04-17,Plumas,063,18699,4,4,0,4,0
2020-04-17,Riverside,065,2383286,3525,2080,14,2094,50
2020-04-17,Sacramento,067,1510023,994,882,0,882,32
2020-04-17,San Benito,069,59416,42,38,0,38,2
2020-04-17,San Bernardino,071,2135413,1794,1229,1,1230,57
2020-04-17,San Diego,073,3302833,2909,2160,0,2160,70
2020-04-17,San Francisco,075,870044,1404,1090,0,1090,19
2020-04-17,San Joaquin,077,732212,486,356,3,359,17
2020-04-17,San Luis Obispo,079,281455,189,116,3,119,1
2020-04-17,San Mateo,081,765935,1125,768,2,770,31
2020-04-17,Santa Barbara,083,443738,451,349,2,351,3
2020-04-17,Santa Clara,085,1922200,2238,1834,5,1839,74
2020-04-17,Santa Cruz,087,273765,123,94,0,94,2
2020-04-17,Shasta,089,179085,31,26,0,26,3
2020-04-17,Sierra,091,2930,0,0,0,0,0
2020-04-17,Siskiyou,093,43540,5,5,0,5,0
2020-04-17,Solano,095,438530,228,173,0,173,2
2020-04-17,Sonoma,097,501317,204,167,0,167,1
2020-04-17,Stanislaus,099,539301,283,201,4,205,3
2020-04-17,Sutter,101,95872,26,20,0,20,2
2020-04-17,Tehama,103,63373,1,1,0,1,1
2020-04-17,Trinity,105,12862,0,0,0,0,0
2020-04-17,Tulare,107,460477,595,370,5,375,17
2020-04-17,Tuolumne,109,53932,3,2,0,2,0
2020-04-17,Ventura,111,848112,544,398,1,399,13
2020-04-17,Yolo,113,214977,170,117,0,117,5
2020-04-17,Yuba,115,75493,16,14,0,14,1
2020-04-16,Alameda,001,1643700,1377,981,1,982,39
2020-04-16,Alpine,002,1148,1,1,0,1,0
2020-04-16,Amador,005,37829,7,7,0,7,0
2020-04-16,Butte,007,227075,20,15,2,17,0
2020-04-16,Calaveras,009,45235,12,10,0,10,0
2020-04-16,Colusa,011,21464,3,3,0,3,0
2020-04-16,Contra Costa,013,1133247,831,675,0,675,14
2020-04-16,Del Norte,015,27424,2,2,0,2,0
2020-04-16,El Dorado,017,186661,53,34,0,34,0
2020-04-16,Fresno,019,978130,570,289,6,295,7
2020-04-16,Glenn,021,27897,4,3,0,3,0
2020-04-16,Humboldt,023,135768,57,47,0,47,0
2020-04-16,Imperial,025,180216,285,132,0,132,2
2020-04-16,Inyo,027,18085,17,17,0,17,0
2020-04-16,Kern,029,883053,782,587,1,588,3
2020-04-16,Kings,031,150075,60,12,0,12,1
2020-04-16,Lake,033,64148,6,6,0,6,0
2020-04-16,Lassen,035,31185,3,0,2,2,0
2020-04-16,Los Angeles,037,10098052,17802,10786,20,10806,447
2020-04-16,Madera,039,155013,69,34,1,35,2
2020-04-16,Marin,041,260295,203,170,1,171,10
2020-04-16,Mariposa,043,17540,1,1,0,1,0
2020-04-16,Mendocino,045,87422,6,4,0,4,0
2020-04-16,Merced,047,269075,121,76,0,76,3
2020-04-16,Modoc,049,8938,0,0,0,0,0
2020-04-16,Mono,051,14174,29,22,0,22,1
2020-04-16,Monterey,053,433212,193,116,0,116,3
2020-04-16,Napa,055,140530,59,44,0,44,2
2020-04-16,Nevada,057,99092,38,34,1,35,1
2020-04-16,Orange,059,3164182,2329,1439,19,1458,28
2020-04-16,Placer,061,380077,150,129,0,129,7
2020-04-16,Plumas,063,18699,4,4,0,4,0
2020-04-16,Riverside,065,2383286,3405,1913,14,1927,45
2020-04-16,Sacramento,067,1510023,986,865,0,865,32
2020-04-16,San Benito,069,59416,42,36,0,36,2
2020-04-16,San Bernardino,071,2135413,1713,1143,0,1143,54
2020-04-16,San Diego,073,3302833,2801,2089,0,2089,63
2020-04-16,San Francisco,075,870044,1360,1039,0,1039,16
2020-04-16,San Joaquin,077,732212,471,345,3,348,17
2020-04-16,San Luis Obispo,079,281455,185,113,3,116,1
2020-04-16,San Mateo,081,765935,1096,745,2,747,29
2020-04-16,Santa Barbara,083,443738,440,331,2,333,3
2020-04-16,Santa Clara,085,1922200,2201,1789,5,1794,70
2020-04-16,Santa Cruz,087,273765,121,90,0,90,2
2020-04-16,Shasta,089,179085,31,25,0,25,3
2020-04-16,Sierra,091,2930,0,0,0,0,0
2020-04-16,Siskiyou,093,43540,5,5,0,5,0
2020-04-16,Solano,095,438530,225,162,0,162,2
2020-04-16,Sonoma,097,501317,199,145,0,145,1
2020-04-16,Stanislaus,099,539301,280,185,4,189,3
2020-04-16,Sutter,101,95872,25,21,0,21,2
2020-04-16,Tehama,103,63373,1,1,0,1,1
2020-04-16,Trinity,105,12862,0,0,0,0,0
2020-04-16,Tulare,107,460477,578,305,5,310,16
2020-04-16,Tuolumne,109,53932,3,1,0,1,0
2020-04-16,Ventura,111,848112,532,384,1,385,13
2020-04-16,Yolo,113,214977,168,98,0,98,4
2020-04-16,Yuba,115,75493,15,14,0,14,1
2020-04-15,Alameda,001,1643700,1327,915,1,916,38
2020-04-15,Alpine,002,1148,1,1,0,1,0
2020-04-15,Amador,005,37829,7,7,0,7,0
2020-04-15,Butte,007,227075,20,14,2,16,0
2020-04-15,Calaveras,009,45235,11,9,0,9,0
2020-04-15,Colusa,011,21464,3,3,0,3,0
2020-04-15,Contra Costa,013,1133247,809,645,0,645,14
2020-04-15,Del Norte,015,27424,2,2,0,2,0
2020-04-15,El Dorado,017,186661,51,33,0,33,0
2020-04-15,Fresno,019,978130,544,264,6,270,7
2020-04-15,Glenn,021,27897,4,3,0,3,0
2020-04-15,Humboldt,023,135768,57,47,0,47,0
2020-04-15,Imperial,025,180216,259,115,0,115,2
2020-04-15,Inyo,027,18085,17,12,0,12,0
2020-04-15,Kern,029,883053,760,500,1,501,3
2020-04-15,Kings,031,150075,56,12,0,12,1
2020-04-15,Lake,033,64148,6,4,0,4,0
2020-04-15,Lassen,035,31185,3,0,2,2,0
2020-04-15,Los Angeles,037,10098052,16979,10416,18,10434,394
2020-04-15,Madera,039,155013,69,30,1,31,2
2020-04-15,Marin,041,260295,200,162,1,163,10
2020-04-15,Mariposa,043,17540,0,0,0,0,0
2020-04-15,Mendocino,045,87422,5,4,0,4,0
2020-04-15,Merced,047,269075,119,74,0,74,3
2020-04-15,Modoc,049,8938,0,0,0,0,0
2020-04-15,Mono,051,14174,29,22,0,22,1
2020-04-15,Monterey,053,433212,185,106,0,106,3
2020-04-15,Napa,055,140530,56,34,0,34,2
2020-04-15,Nevada,057,99092,37,34,1,35,1
2020-04-15,Orange,059,3164182,2226,1377,19,1396,24
2020-04-15,Placer,061,380077,149,123,0,123,6
2020-04-15,Plumas,063,18699,4,4,0,4,0
2020-04-15,Riverside,065,2383286,3210,1723,14,1737,42
2020-04-15,Sacramento,067,1510023,977,839,0,839,32
2020-04-15,San Benito,069,59416,42,34,0,34,2
2020-04-15,San Bernardino,071,2135413,1643,1063,0,1063,45
2020-04-15,San Diego,073,3302833,2713,2014,0,2014,60
2020-04-15,San Francisco,075,870044,1324,1006,0,1006,16
2020-04-15,San Joaquin,077,732212,463,329,3,332,17
2020-04-15,San Luis Obispo,079,281455,177,112,3,115,1
2020-04-15,San Mateo,081,765935,1047,707,2,709,28
2020-04-15,Santa Barbara,083,443738,424,317,2,319,2
2020-04-15,Santa Clara,085,1922200,2162,1692,5,1697,69
2020-04-15,Santa Cruz,087,273765,117,92,0,92,2
2020-04-15,Shasta,089,179085,31,25,0,25,3
2020-04-15,Sierra,091,2930,0,0,0,0,0
2020-04-15,Siskiyou,093,43540,5,5,0,5,0
2020-04-15,Solano,095,438530,220,153,0,153,2
2020-04-15,Sonoma,097,501317,197,140,0,140,1
2020-04-15,Stanislaus,099,539301,273,174,4,178,3
2020-04-15,Sutter,101,95872,25,19,0,19,2
2020-04-15,Tehama,103,63373,1,1,0,1,1
2020-04-15,Trinity,105,12862,0,0,0,0,0
2020-04-15,Tulare,107,460477,560,289,5,294,14
2020-04-15,Tuolumne,109,53932,3,1,0,1,0
2020-04-15,Ventura,111,848112,517,365,1,366,13
2020-04-15,Yolo,113,214977,161,93,0,93,3
2020-04-15,Yuba,115,75493,15,15,0,15,1
2020-04-14,Alameda,001,1643700,1282,843,1,844,30
2020-04-14,Alpine,002,1148,1,1,0,1,0
2020-04-14,Amador,005,37829,7,6,0,6,0
2020-04-14,Butte,007,227075,20,13,2,15,0
2020-04-14,Calaveras,009,45235,11,5,0,5,0
2020-04-14,Colusa,011,21464,3,3,0,3,0
2020-04-14,Contra Costa,013,1133247,797,617,0,617,12
2020-04-14,Del Norte,015,27424,2,2,0,2,0
2020-04-14,El Dorado,017,186661,51,30,0,30,0
2020-04-14,Fresno,019,978130,521,244,6,250,6
2020-04-14,Glenn,021,27897,4,3,0,3,0
2020-04-14,Humboldt,023,135768,57,44,0,44,0
2020-04-14,Imperial,025,180216,239,86,0,86,2
2020-04-14,Inyo,027,18085,17,12,0,12,0
2020-04-14,Kern,029,883053,736,453,1,454,3
2020-04-14,Kings,031,150075,55,12,0,12,1
2020-04-14,Lake,033,64148,6,3,0,3,0
2020-04-14,Lassen,035,31185,3,0,2,2,0
2020-04-14,Los Angeles,037,10098052,16086,9948,17,9965,357
2020-04-14,Madera,039,155013,68,29,1,30,2
2020-04-14,Marin,041,260295,196,147,1,148,9
2020-04-14,Mariposa,043,17540,0,0,0,0,0
2020-04-14,Mendocino,045,87422,5,4,0,4,0
2020-04-14,Merced,047,269075,112,61,0,61,3
2020-04-14,Modoc,049,8938,0,0,0,0,0
2020-04-14,Mono,051,14174,29,22,0,22,1
2020-04-14,Monterey,053,433212,180,98,0,98,3
2020-04-14,Napa,055,140530,56,33,0,33,2
2020-04-14,Nevada,057,99092,37,34,1,35,1
2020-04-14,Orange,059,3164182,2126,1362,19,1381,24
2020-04-14,Placer,061,380077,148,117,0,117,5
2020-04-14,Plumas,063,18699,4,3,0,3,0
2020-04-14,Riverside,065,2383286,3075,1467,14,1481,40
2020-04-14,Sacramento,067,1510023,968,737,0,737,29
2020-04-14,San Benito,069,59416,39,34,0,34,2
2020-04-14,San Bernardino,071,2135413,1588,933,0,933,37
2020-04-14,San Diego,073,3302833,2618,1932,0,1932,53
2020-04-14,San Francisco,075,870044,1270,968,0,968,14
2020-04-14,San Joaquin,077,732212,453,280,3,283,17
2020-04-14,San Luis Obispo,079,281455,174,109,3,112,1
2020-04-14,San Mateo,081,765935,1013,681,2,683,28
2020-04-14,Santa Barbara,083,443738,400,292,2,294,2
2020-04-14,Santa Clara,085,1922200,2129,1561,5,1566,63
2020-04-14,Santa Cruz,087,273765,109,84,0,84,2
2020-04-14,Shasta,089,179085,31,24,0,24,3
2020-04-14,Sierra,091,2930,0,0,0,0,0
2020-04-14,Siskiyou,093,43540,5,5,0,5,0
2020-04-14,Solano,095,438530,217,140,0,140,2
2020-04-14,Sonoma,097,501317,193,133,0,133,1
2020-04-14,Stanislaus,099,539301,260,136,4,140,3
2020-04-14,Sutter,101,95872,24,19,0,19,2
2020-04-14,Tehama,103,63373,1,1,0,1,1
2020-04-14,Trinity,105,12862,0,0,0,0,0
2020-04-14,Tulare,107,460477,536,228,5,233,12
2020-04-14,Tuolumne,109,53932,3,0,0,0,0
2020-04-14,Ventura,111,848112,504,328,1,329,11
2020-04-14,Yolo,113,214977,158,81,0,81,3
2020-04-14,Yuba,115,75493,14,14,0,14,1
2020-04-13,Alameda,001,1643700,1244,821,1,822,23
2020-04-13,Alpine,002,1148,1,1,0,1,0
2020-04-13,Amador,005,37829,7,6,0,6,0
2020-04-13,Butte,007,227075,19,13,2,15,0
2020-04-13,Calaveras,009,45235,10,5,0,5,0
2020-04-13,Colusa,011,21464,3,3,0,3,0
2020-04-13,Contra Costa,013,1133247,781,569,0,569,12
2020-04-13,Del Norte,015,27424,2,2,0,2,0
2020-04-13,El Dorado,017,186661,49,29,0,29,0
2020-04-13,Fresno,019,978130,499,205,5,210,4
2020-04-13,Glenn,021,27897,4,3,0,3,0
2020-04-13,Humboldt,023,135768,57,44,0,44,0
2020-04-13,Imperial,025,180216,221,82,0,82,2
2020-04-13,Inyo,027,18085,17,12,0,12,0
2020-04-13,Kern,029,883053,711,346,1,347,3
2020-04-13,Kings,031,150075,51,9,0,9,0
2020-04-13,Lake,033,64148,6,3,0,3,0
2020-04-13,Lassen,035,31185,3,0,2,2,0
2020-04-13,Los Angeles,037,10098052,15365,9367,17,9384,317
2020-04-13,Madera,039,155013,66,29,1,30,2
2020-04-13,Marin,041,260295,192,144,1,145,6
2020-04-13,Mariposa,043,17540,0,0,0,0,0
2020-04-13,Mendocino,045,87422,5,4,0,4,0
2020-04-13,Merced,047,269075,111,60,0,60,3
2020-04-13,Modoc,049,8938,0,0,0,0,0
2020-04-13,Mono,051,14174,29,21,0,21,1
2020-04-13,Monterey,053,433212,173,86,0,86,3
2020-04-13,Napa,055,140530,55,30,0,30,2
2020-04-13,Nevada,057,99092,37,24,1,25,1
2020-04-13,Orange,059,3164182,2054,1313,19,1332,21
2020-04-13,Placer,061,380077,147,116,0,116,5
2020-04-13,Plumas,063,18699,4,3,0,3,0
2020-04-13,Riverside,065,2383286,2934,1460,13,1473,35
2020-04-13,Sacramento,067,1510023,956,723,0,723,25
2020-04-13,San Benito,069,59416,38,33,0,33,2
2020-04-13,San Bernardino,071,2135413,1513,920,0,920,30
2020-04-13,San Diego,073,3302833,2535,1849,0,1849,47
2020-04-13,San Francisco,075,870044,1232,948,0,948,12
2020-04-13,San Joaquin,077,732212,438,255,3,258,16
2020-04-13,San Luis Obispo,079,281455,169,106,3,109,1
2020-04-13,San Mateo,081,765935,973,679,2,681,25
2020-04-13,Santa Barbara,083,443738,381,271,1,272,2
2020-04-13,Santa Clara,085,1922200,2083,1540,5,1545,58
2020-04-13,Santa Cruz,087,273765,103,82,0,82,1
2020-04-13,Shasta,089,179085,30,24,0,24,3
2020-04-13,Sierra,091,2930,0,0,0,0,0
2020-04-13,Siskiyou,093,43540,5,5,0,5,0
2020-04-13,Solano,095,438530,213,136,0,136,2
2020-04-13,Sonoma,097,501317,186,133,0,133,1
2020-04-13,Stanislaus,099,539301,254,130,4,134,1
2020-04-13,Sutter,101,95872,24,18,0,18,2
2020-04-13,Tehama,103,63373,1,1,0,1,0
2020-04-13,Trinity,105,12862,0,0,0,0,0
2020-04-13,Tulare,107,460477,500,185,5,190,11
2020-04-13,Tuolumne,109,53932,3,0,0,0,0
2020-04-13,Ventura,111,848112,483,309,0,309,9
2020-04-13,Yolo,113,214977,152,81,0,81,3
2020-04-13,Yuba,115,75493,14,13,0,13,1
2020-04-12,Alameda,001,1643700,1201,774,1,775,23
2020-04-12,Alpine,002,1148,1,1,0,1,0
2020-04-12,Amador,005,37829,7,6,0,6,0
2020-04-12,Butte,007,227075,19,13,2,15,0
2020-04-12,Calaveras,009,45235,10,5,0,5,0
2020-04-12,Colusa,011,21464,3,3,0,3,0
2020-04-12,Contra Costa,013,1133247,768,553,0,553,12
2020-04-12,Del Norte,015,27424,2,2,0,2,0
2020-04-12,El Dorado,017,186661,49,28,0,28,0
2020-04-12,Fresno,019,978130,470,205,5,210,4
2020-04-12,Glenn,021,27897,4,3,0,3,0
2020-04-12,Humboldt,023,135768,57,43,0,43,0
2020-04-12,Imperial,025,180216,198,78,0,78,2
2020-04-12,Inyo,027,18085,15,12,0,12,0
2020-04-12,Kern,029,883053,679,319,0,319,3
2020-04-12,Kings,031,150075,49,9,0,9,0
2020-04-12,Lake,033,64148,6,3,0,3,0
2020-04-12,Lassen,035,31185,3,0,2,2,0
2020-04-12,Los Angeles,037,10098052,14645,9133,17,9150,294
2020-04-12,Madera,039,155013,65,29,1,30,2
2020-04-12,Marin,041,260295,181,138,1,139,6
2020-04-12,Mariposa,043,17540,0,0,0,0,0
2020-04-12,Mendocino,045,87422,5,4,0,4,0
2020-04-12,Merced,047,269075,107,58,0,58,3
2020-04-12,Modoc,049,8938,0,0,0,0,0
2020-04-12,Mono,051,14174,29,20,0,20,1
2020-04-12,Monterey,053,433212,159,85,0,85,3
2020-04-12,Napa,055,140530,53,29,0,29,2
2020-04-12,Nevada,057,99092,37,24,1,25,1
2020-04-12,Orange,059,3164182,1994,1283,18,1301,21
2020-04-12,Placer,061,380077,146,114,0,114,4
2020-04-12,Plumas,063,18699,4,3,0,3,0
2020-04-12,Riverside,065,2383286,2752,1330,13,1343,34
2020-04-12,Sacramento,067,1510023,919,689,0,689,25
2020-04-12,San Benito,069,59416,36,33,0,33,2
2020-04-12,San Bernardino,071,2135413,1437,827,0,827,30
2020-04-12,San Diego,073,3302833,2445,1806,0,1806,45
2020-04-12,San Francisco,075,870044,1205,886,0,886,11
2020-04-12,San Joaquin,077,732212,420,246,3,249,15
2020-04-12,San Luis Obispo,079,281455,166,102,2,104,1
2020-04-12,San Mateo,081,765935,947,664,2,666,25
2020-04-12,Santa Barbara,083,443738,362,261,1,262,2
2020-04-12,Santa Clara,085,1922200,2055,1461,5,1466,53
2020-04-12,Santa Cruz,087,273765,102,80,0,80,1
2020-04-12,Shasta,089,179085,30,24,0,24,3
2020-04-12,Sierra,091,2930,0,0,0,0,0
2020-04-12,Siskiyou,093,43540,5,5,0,5,0
2020-04-12,Solano,095,438530,207,136,0,136,2
2020-04-12,Sonoma,097,501317,183,131,0,131,1
2020-04-12,Stanislaus,099,539301,246,117,4,121,1
2020-04-12,Sutter,101,95872,23,18,0,18,2
2020-04-12,Tehama,103,63373,1,1,0,1,0
2020-04-12,Trinity,105,12862,0,0,0,0,0
2020-04-12,Tulare,107,460477,488,166,5,171,11
2020-04-12,Tuolumne,109,53932,3,0,0,0,0
2020-04-12,Ventura,111,848112,473,306,0,306,9
2020-04-12,Yolo,113,214977,138,67,0,67,3
2020-04-12,Yuba,115,75493,14,13,0,13,1
2020-04-11,Alameda,001,1643700,1159,751,1,752,23
2020-04-11,Alpine,002,1148,1,1,0,1,0
2020-04-11,Amador,005,37829,7,6,0,6,0
2020-04-11,Butte,007,227075,19,13,2,15,0
2020-04-11,Calaveras,009,45235,10,5,0,5,0
2020-04-11,Colusa,011,21464,3,3,0,3,0
2020-04-11,Contra Costa,013,1133247,759,550,0,550,12
2020-04-11,Del Norte,015,27424,2,2,0,2,0
2020-04-11,El Dorado,017,186661,48,29,0,29,0
2020-04-11,Fresno,019,978130,460,201,5,206,4
2020-04-11,Glenn,021,27897,4,3,0,3,0
2020-04-11,Humboldt,023,135768,57,38,0,38,0
2020-04-11,Imperial,025,180216,188,78,0,78,2
2020-04-11,Inyo,027,18085,15,12,0,12,0
2020-04-11,Kern,029,883053,651,304,0,304,3
2020-04-11,Kings,031,150075,46,9,0,9,0
2020-04-11,Lake,033,64148,6,3,0,3,0
2020-04-11,Lassen,035,31185,3,0,2,2,0
2020-04-11,Los Angeles,037,10098052,14169,8823,17,8840,262
2020-04-11,Madera,039,155013,64,29,1,30,2
2020-04-11,Marin,041,260295,178,136,1,137,6
2020-04-11,Mariposa,043,17540,0,0,0,0,0
2020-04-11,Mendocino,045,87422,5,4,0,4,0
2020-04-11,Merced,047,269075,104,59,0,59,3
2020-04-11,Modoc,049,8938,0,0,0,0,0
2020-04-11,Mono,051,14174,29,20,0,20,1
2020-04-11,Monterey,053,433212,153,78,0,78,3
2020-04-11,Napa,055,140530,53,29,0,29,2
2020-04-11,Nevada,057,99092,37,24,1,25,1
2020-04-11,Orange,059,3164182,1932,1267,18,1285,21
2020-04-11,Placer,061,380077,146,113,0,113,4
2020-04-11,Plumas,063,18699,4,3,0,3,0
2020-04-11,Riverside,065,2383286,2673,1260,13,1273,33
2020-04-11,Sacramento,067,1510023,908,685,0,685,25
2020-04-11,San Benito,069,59416,36,33,0,33,2
2020-04-11,San Bernardino,071,2135413,1401,826,0,826,28
2020-04-11,San Diego,073,3302833,2379,1763,0,1763,45
2020-04-11,San Francisco,075,870044,1183,860,0,860,11
2020-04-11,San Joaquin,077,732212,415,244,3,247,15
2020-04-11,San Luis Obispo,079,281455,166,100,1,101,1
2020-04-11,San Mateo,081,765935,935,662,2,664,25
2020-04-11,Santa Barbara,083,443738,354,258,1,259,2
2020-04-11,Santa Clara,085,1922200,1996,1441,5,1446,51
2020-04-11,Santa Cruz,087,273765,102,79,0,79,1
2020-04-11,Shasta,089,179085,30,24,0,24,3
2020-04-11,Sierra,091,2930,0,0,0,0,0
2020-04-11,Siskiyou,093,43540,5,5,0,5,0
2020-04-11,Solano,095,438530,203,138,0,138,2
2020-04-11,Sonoma,097,501317,181,131,0,131,1
2020-04-11,Stanislaus,099,539301,238,119,3,122,1
2020-04-11,Sutter,101,95872,23,18,0,18,2
2020-04-11,Tehama,103,63373,1,1,0,1,0
2020-04-11,Trinity,105,12862,0,0,0,0,0
2020-04-11,Tulare,107,460477,466,168,5,173,10
2020-04-11,Tuolumne,109,53932,3,0,0,0,0
2020-04-11,Ventura,111,848112,463,304,0,304,9
2020-04-11,Yolo,113,214977,135,67,0,67,3
2020-04-11,Yuba,115,75493,14,13,0,13,1
2020-04-10,Alameda,001,1643700,1118,706,1,707,21
2020-04-10,Alpine,002,1148,1,1,0,1,0
2020-04-10,Amador,005,37829,7,5,0,5,0
2020-04-10,Butte,007,227075,19,13,2,15,0
2020-04-10,Calaveras,009,45235,10,5,0,5,0
2020-04-10,Colusa,011,21464,3,3,0,3,0
2020-04-10,Contra Costa,013,1133247,746,537,0,537,10
2020-04-10,Del Norte,015,27424,2,2,0,2,0
2020-04-10,El Dorado,017,186661,48,26,0,26,0
2020-04-10,Fresno,019,978130,453,186,4,190,3
2020-04-10,Glenn,021,27897,4,3,0,3,0
2020-04-10,Humboldt,023,135768,57,36,0,36,0
2020-04-10,Imperial,025,180216,181,70,0,70,2
2020-04-10,Inyo,027,18085,13,11,0,11,0
2020-04-10,Kern,029,883053,627,272,0,272,3
2020-04-10,Kings,031,150075,43,7,0,7,0
2020-04-10,Lake,033,64148,6,3,0,3,0
2020-04-10,Lassen,035,31185,3,0,2,2,0
2020-04-10,Los Angeles,037,10098052,13651,8384,14,8398,239
2020-04-10,Madera,039,155013,63,29,1,30,2
2020-04-10,Marin,041,260295,173,128,1,129,6
2020-04-10,Mariposa,043,17540,0,0,0,0,0
2020-04-10,Mendocino,045,87422,5,4,0,4,0
2020-04-10,Merced,047,269075,102,56,0,56,3
2020-04-10,Modoc,049,8938,0,0,0,0,0
2020-04-10,Mono,051,14174,29,20,0,20,1
2020-04-10,Monterey,053,433212,142,78,0,78,3
2020-04-10,Napa,055,140530,50,28,0,28,2
2020-04-10,Nevada,057,99092,37,23,1,24,1
2020-04-10,Orange,059,3164182,1885,1167,18,1185,21
2020-04-10,Placer,061,380077,145,112,0,112,4
2020-04-10,Plumas,063,18699,4,3,0,3,0
2020-04-10,Riverside,065,2383286,2607,1162,13,1175,30
2020-04-10,Sacramento,067,1510023,899,642,0,642,24
2020-04-10,San Benito,069,59416,36,32,0,32,2
2020-04-10,San Bernardino,071,2135413,1353,779,0,779,27
2020-04-10,San Diego,073,3302833,2319,1695,0,1695,44
2020-04-10,San Francisco,075,870044,1152,797,0,797,10
2020-04-10,San Joaquin,077,732212,403,234,3,237,14
2020-04-10,San Luis Obispo,079,281455,166,97,1,98,1
2020-04-10,San Mateo,081,765935,919,642,2,644,24
2020-04-10,Santa Barbara,083,443738,346,254,1,255,2
2020-04-10,Santa Clara,085,1922200,1944,1351,5,1356,50
2020-04-10,Santa Cruz,087,273765,101,75,0,75,1
2020-04-10,Shasta,089,179085,30,24,0,24,3
2020-04-10,Sierra,091,2930,0,0,0,0,0
2020-04-10,Siskiyou,093,43540,5,5,0,5,0
2020-04-10,Solano,095,438530,200,129,0,129,2
2020-04-10,Sonoma,097,501317,180,129,0,129,1
2020-04-10,Stanislaus,099,539301,231,101,3,104,0
2020-04-10,Sutter,101,95872,23,18,0,18,2
2020-04-10,Tehama,103,63373,1,1,0,1,0
2020-04-10,Trinity,105,12862,0,0,0,0,0
2020-04-10,Tulare,107,460477,424,163,5,168,10
2020-04-10,Tuolumne,109,53932,3,0,0,0,0
2020-04-10,Ventura,111,848112,454,290,0,290,9
2020-04-10,Yolo,113,214977,133,62,0,62,3
2020-04-10,Yuba,115,75493,14,13,0,13,1
2020-04-09,Alameda,001,1643700,1068,641,1,642,17
2020-04-09,Alpine,002,1148,1,1,0,1,0
2020-04-09,Amador,005,37829,7,2,0,2,0
2020-04-09,Butte,007,227075,19,12,2,14,0
2020-04-09,Calaveras,009,45235,10,5,0,5,0
2020-04-09,Colusa,011,21464,3,3,0,3,0
2020-04-09,Contra Costa,013,1133247,703,505,0,505,7
2020-04-09,Del Norte,015,27424,2,2,0,2,0
2020-04-09,El Dorado,017,186661,47,25,0,25,0
2020-04-09,Fresno,019,978130,427,165,4,169,3
2020-04-09,Glenn,021,27897,4,2,0,2,0
2020-04-09,Humboldt,023,135768,57,36,0,36,0
2020-04-09,Imperial,025,180216,160,67,0,67,2
2020-04-09,Inyo,027,18085,12,11,0,11,0
2020-04-09,Kern,029,883053,591,241,0,241,2
2020-04-09,Kings,031,150075,40,5,0,5,0
2020-04-09,Lake,033,64148,5,1,0,1,0
2020-04-09,Lassen,035,31185,3,0,2,2,0
2020-04-09,Los Angeles,037,10098052,13022,7919,14,7933,220
2020-04-09,Madera,039,155013,63,28,1,29,2
2020-04-09,Marin,041,260295,171,126,1,127,7
2020-04-09,Mariposa,043,17540,0,0,0,0,0
2020-04-09,Mendocino,045,87422,5,4,0,4,0
2020-04-09,Merced,047,269075,98,41,0,41,3
2020-04-09,Modoc,049,8938,0,0,0,0,0
2020-04-09,Mono,051,14174,29,19,0,19,1
2020-04-09,Monterey,053,433212,124,70,0,70,3
2020-04-09,Napa,055,140530,46,27,0,27,2
2020-04-09,Nevada,057,99092,36,23,1,24,1
2020-04-09,Orange,059,3164182,1811,1105,18,1123,19
2020-04-09,Placer,061,380077,144,107,0,107,4
2020-04-09,Plumas,063,18699,4,3,0,3,0
2020-04-09,Riverside,065,2383286,2464,1083,13,1096,29
2020-04-09,Sacramento,067,1510023,876,601,0,601,21
2020-04-09,San Benito,069,59416,36,32,0,32,2
2020-04-09,San Bernardino,071,2135413,1284,717,0,717,27
2020-04-09,San Diego,073,3302833,2223,1630,0,1630,40
2020-04-09,San Francisco,075,870044,1132,748,0,748,8
2020-04-09,San Joaquin,077,732212,382,223,3,226,14
2020-04-09,San Luis Obispo,079,281455,158,93,1,94,1
2020-04-09,San Mateo,081,765935,903,630,2,632,23
2020-04-09,Santa Barbara,083,443738,336,232,1,233,2
2020-04-09,Santa Clara,085,1922200,1874,1301,5,1306,49
2020-04-09,Santa Cruz,087,273765,101,73,0,73,1
2020-04-09,Shasta,089,179085,30,22,0,22,3
2020-04-09,Sierra,091,2930,0,0,0,0,0
2020-04-09,Siskiyou,093,43540,5,4,0,4,0
2020-04-09,Solano,095,438530,190,118,0,118,2
2020-04-09,Sonoma,097,501317,176,113,0,113,1
2020-04-09,Stanislaus,099,539301,219,93,3,96,0
2020-04-09,Sutter,101,95872,23,17,0,17,2
2020-04-09,Tehama,103,63373,1,1,0,1,0
2020-04-09,Trinity,105,12862,0,0,0,0,0
2020-04-09,Tulare,107,460477,395,147,5,152,9
2020-04-09,Tuolumne,109,53932,3,0,0,0,0
2020-04-09,Ventura,111,848112,435,273,0,273,9
2020-04-09,Yolo,113,214977,124,59,0,59,3
2020-04-09,Yuba,115,75493,14,13,0,13,0
2020-04-08,Alameda,001,1643700,1026,594,1,595,15
2020-04-08,Alpine,002,1148,1,1,0,1,0
2020-04-08,Amador,005,37829,7,2,0,2,0
2020-04-08,Butte,007,227075,18,11,2,13,0
2020-04-08,Calaveras,009,45235,10,5,0,5,0
2020-04-08,Colusa,011,21464,3,3,0,3,0
2020-04-08,Contra Costa,013,1133247,690,481,0,481,7
2020-04-08,Del Norte,015,27424,2,2,0,2,0
2020-04-08,El Dorado,017,186661,47,25,0,25,0
2020-04-08,Fresno,019,978130,407,151,4,155,3
2020-04-08,Glenn,021,27897,4,2,0,2,0
2020-04-08,Humboldt,023,135768,57,40,0,40,0
2020-04-08,Imperial,025,180216,149,59,0,59,2
2020-04-08,Inyo,027,18085,12,11,0,11,0
2020-04-08,Kern,029,883053,550,198,0,198,2
2020-04-08,Kings,031,150075,40,5,0,5,0
2020-04-08,Lake,033,64148,5,1,0,1,0
2020-04-08,Lassen,035,31185,3,0,2,2,0
2020-04-08,Los Angeles,037,10098052,12424,7505,14,7519,196
2020-04-08,Madera,039,155013,62,28,1,29,2
2020-04-08,Marin,041,260295,165,125,1,126,7
2020-04-08,Mariposa,043,17540,0,0,0,0,0
2020-04-08,Mendocino,045,87422,5,4,0,4,0
2020-04-08,Merced,047,269075,87,35,0,35,1
2020-04-08,Modoc,049,8938,0,0,0,0,0
2020-04-08,Mono,051,14174,29,19,0,19,1
2020-04-08,Monterey,053,433212,115,68,0,68,3
2020-04-08,Napa,055,140530,44,21,0,21,2
2020-04-08,Nevada,057,99092,36,21,1,22,1
2020-04-08,Orange,059,3164182,1748,1034,18,1052,19
2020-04-08,Placer,061,380077,144,102,0,102,4
2020-04-08,Plumas,063,18699,4,3,0,3,0
2020-04-08,Riverside,065,2383286,2307,974,13,987,28
2020-04-08,Sacramento,067,1510023,842,565,0,565,21
2020-04-08,San Benito,069,59416,36,31,0,31,2
2020-04-08,San Bernardino,071,2135413,1227,635,0,635,22
2020-04-08,San Diego,073,3302833,2149,1532,0,1532,36
2020-04-08,San Francisco,075,870044,1065,687,0,687,7
2020-04-08,San Joaquin,077,732212,365,211,3,214,12
2020-04-08,San Luis Obispo,079,281455,156,90,1,91,1
2020-04-08,San Mateo,081,765935,888,608,2,610,22
2020-04-08,Santa Barbara,083,443738,319,221,1,222,2
2020-04-08,Santa Clara,085,1922200,1829,1257,5,1262,47
2020-04-08,Santa Cruz,087,273765,100,69,0,69,1
2020-04-08,Shasta,089,179085,30,18,0,18,3
2020-04-08,Sierra,091,2930,0,0,0,0,0
2020-04-08,Siskiyou,093,43540,5,4,0,4,0
2020-04-08,Solano,095,438530,176,111,0,111,2
2020-04-08,Sonoma,097,501317,170,107,0,107,1
2020-04-08,Stanislaus,099,539301,203,86,3,89,0
2020-04-08,Sutter,101,95872,22,17,0,17,2
2020-04-08,Tehama,103,63373,1,1,0,1,0
2020-04-08,Trinity,105,12862,0,0,0,0,0
2020-04-08,Tulare,107,460477,364,145,5,150,6
2020-04-08,Tuolumne,109,53932,3,0,0,0,0
2020-04-08,Ventura,111,848112,426,263,0,263,7
2020-04-08,Yolo,113,214977,107,56,0,56,3
2020-04-08,Yuba,115,75493,14,10,0,10,0
2020-04-07,Alameda,001,1643700,991,560,1,561,14
2020-04-07,Alpine,002,1148,1,1,0,1,0
2020-04-07,Amador,005,37829,7,2,0,2,0
2020-04-07,Butte,007,227075,17,11,2,13,0
2020-04-07,Calaveras,009,45235,9,5,0,5,0
2020-04-07,Colusa,011,21464,3,2,0,2,0
2020-04-07,Contra Costa,013,1133247,670,471,0,471,7
2020-04-07,Del Norte,015,27424,2,2,0,2,0
2020-04-07,El Dorado,017,186661,46,22,0,22,0
2020-04-07,Fresno,019,978130,393,138,4,142,3
2020-04-07,Glenn,021,27897,4,2,0,2,0
2020-04-07,Humboldt,023,135768,56,40,0,40,0
2020-04-07,Imperial,025,180216,130,53,0,53,2
2020-04-07,Inyo,027,18085,12,11,0,11,0
2020-04-07,Kern,029,883053,507,134,0,134,2
2020-04-07,Kings,031,150075,37,5,0,5,0
2020-04-07,Lake,033,64148,4,1,0,1,0
2020-04-07,Lassen,035,31185,3,0,2,2,0
2020-04-07,Los Angeles,037,10098052,11773,6885,14,6899,170
2020-04-07,Madera,039,155013,60,28,0,28,2
2020-04-07,Marin,041,260295,163,122,1,123,7
2020-04-07,Mariposa,043,17540,0,0,0,0,0
2020-04-07,Mendocino,045,87422,5,4,0,4,0
2020-04-07,Merced,047,269075,79,27,0,27,1
2020-04-07,Modoc,049,8938,0,0,0,0,0
2020-04-07,Mono,051,14174,28,18,0,18,1
2020-04-07,Monterey,053,433212,106,63,0,63,2
2020-04-07,Napa,055,140530,42,18,0,18,2
2020-04-07,Nevada,057,99092,36,20,1,21,1
2020-04-07,Orange,059,3164182,1701,971,16,987,19
2020-04-07,Placer,061,380077,139,94,0,94,3
2020-04-07,Plumas,063,18699,4,3,0,3,0
2020-04-07,Riverside,065,2383286,2150,905,13,918,25
2020-04-07,Sacramento,067,1510023,812,513,0,513,18
2020-04-07,San Benito,069,59416,36,26,0,26,2
2020-04-07,San Bernardino,071,2135413,1160,554,0,554,19
2020-04-07,San Diego,073,3302833,2072,1456,0,1456,31
2020-04-07,San Francisco,075,870044,1005,636,0,636,6
2020-04-07,San Joaquin,077,732212,347,198,3,201,12
2020-04-07,San Luis Obispo,079,281455,149,87,1,88,1
2020-04-07,San Mateo,081,765935,867,573,2,575,22
2020-04-07,Santa Barbara,083,443738,305,209,1,210,2
2020-04-07,Santa Clara,085,1922200,1760,1193,4,1197,46
2020-04-07,Santa Cruz,087,273765,100,67,0,67,1
2020-04-07,Shasta,089,179085,29,16,0,16,3
2020-04-07,Sierra,091,2930,0,0,0,0,0
2020-04-07,Siskiyou,093,43540,5,4,0,4,0
2020-04-07,Solano,095,438530,171,99,0,99,1
2020-04-07,Sonoma,097,501317,167,102,0,102,1
2020-04-07,Stanislaus,099,539301,186,83,3,86,0
2020-04-07,Sutter,101,95872,22,16,0,16,2
2020-04-07,Tehama,103,63373,1,1,0,1,0
2020-04-07,Trinity,105,12862,0,0,0,0,0
2020-04-07,Tulare,107,460477,335,144,5,149,5
2020-04-07,Tuolumne,109,53932,3,1,0,1,0
2020-04-07,Ventura,111,848112,409,247,0,247,6
2020-04-07,Yolo,113,214977,100,51,0,51,2
2020-04-07,Yuba,115,75493,14,10,0,10,0
2020-04-06,Alameda,001,1643700,960,527,1,528,13
2020-04-06,Alpine,002,1148,1,1,0,1,0
2020-04-06,Amador,005,37829,6,2,0,2,0
2020-04-06,Butte,007,227075,16,11,2,13,0
2020-04-06,Calaveras,009,45235,9,4,0,4,0
2020-04-06,Colusa,011,21464,3,1,0,1,0
2020-04-06,Contra Costa,013,1133247,645,447,0,447,7
2020-04-06,Del Norte,015,27424,2,2,0,2,0
2020-04-06,El Dorado,017,186661,44,23,0,23,0
2020-04-06,Fresno,019,978130,371,122,4,126,1
2020-04-06,Glenn,021,27897,4,2,0,2,0
2020-04-06,Humboldt,023,135768,55,37,0,37,0
2020-04-06,Imperial,025,180216,123,47,0,47,1
2020-04-06,Inyo,027,18085,11,11,0,11,0
2020-04-06,Kern,029,883053,470,117,0,117,2
2020-04-06,Kings,031,150075,37,3,0,3,0
2020-04-06,Lake,033,64148,4,1,0,1,0
2020-04-06,Lassen,035,31185,3,0,2,2,0
2020-04-06,Los Angeles,037,10098052,11043,6346,14,6360,145
2020-04-06,Madera,039,155013,58,29,0,29,2
2020-04-06,Marin,041,260295,160,119,1,120,7
2020-04-06,Mariposa,043,17540,0,0,0,0,0
2020-04-06,Mendocino,045,87422,5,4,0,4,0
2020-04-06,Merced,047,269075,74,25,0,25,1
2020-04-06,Modoc,049,8938,0,0,0,0,0
2020-04-06,Mono,051,14174,28,18,0,18,1
2020-04-06,Monterey,053,433212,101,62,0,62,2
2020-04-06,Napa,055,140530,42,18,0,18,2
2020-04-06,Nevada,057,99092,36,19,1,20,1
2020-04-06,Orange,059,3164182,1657,910,15,925,17
2020-04-06,Placer,061,380077,139,90,0,90,3
2020-04-06,Plumas,063,18699,4,2,0,2,0
2020-04-06,Riverside,065,2383286,2024,854,13,867,17
2020-04-06,Sacramento,067,1510023,782,448,0,448,15
2020-04-06,San Benito,069,59416,34,25,0,25,1
2020-04-06,San Bernardino,071,2135413,1101,550,0,550,13
2020-04-06,San Diego,073,3302833,1990,1406,0,1406,19
2020-04-06,San Francisco,075,870044,965,586,0,586,6
2020-04-06,San Joaquin,077,732212,332,191,3,194,10
2020-04-06,San Luis Obispo,079,281455,147,85,1,86,1
2020-04-06,San Mateo,081,765935,849,569,2,571,20
2020-04-06,Santa Barbara,083,443738,296,189,1,190,2
2020-04-06,Santa Clara,085,1922200,1707,1128,4,1132,43
2020-04-06,Santa Cruz,087,273765,98,65,0,65,1
2020-04-06,Shasta,089,179085,29,16,0,16,3
2020-04-06,Sierra,091,2930,0,0,0,0,0
2020-04-06,Siskiyou,093,43540,4,4,0,4,0
2020-04-06,Solano,095,438530,164,95,0,95,1
2020-04-06,Sonoma,097,501317,166,102,0,102,1
2020-04-06,Stanislaus,099,539301,170,72,3,75,0
2020-04-06,Sutter,101,95872,22,14,0,14,2
2020-04-06,Tehama,103,63373,1,1,0,1,0
2020-04-06,Trinity,105,12862,0,0,0,0,0
2020-04-06,Tulare,107,460477,319,126,5,131,5
2020-04-06,Tuolumne,109,53932,3,1,0,1,0
2020-04-06,Ventura,111,848112,391,234,0,234,6
2020-04-06,Yolo,113,214977,96,43,0,43,1
2020-04-06,Yuba,115,75493,14,8,0,8,0
2020-04-05,Alameda,001,1643700,918,475,1,476,12
2020-04-05,Alpine,002,1148,1,1,0,1,0
2020-04-05,Amador,005,37829,6,2,0,2,0
2020-04-05,Butte,007,227075,16,10,2,12,0
2020-04-05,Calaveras,009,45235,9,3,0,3,0
2020-04-05,Colusa,011,21464,3,1,0,1,0
2020-04-05,Contra Costa,013,1133247,628,415,0,415,6
2020-04-05,Del Norte,015,27424,2,1,0,1,0
2020-04-05,El Dorado,017,186661,42,19,0,19,0
2020-04-05,Fresno,019,978130,337,102,4,106,1
2020-04-05,Glenn,021,27897,4,2,0,2,0
2020-04-05,Humboldt,023,135768,55,29,0,29,0
2020-04-05,Imperial,025,180216,115,42,0,42,1
2020-04-05,Inyo,027,18085,11,10,0,10,0
2020-04-05,Kern,029,883053,415,109,0,109,2
2020-04-05,Kings,031,150075,36,4,0,4,0
2020-04-05,Lake,033,64148,4,0,0,0,0
2020-04-05,Lassen,035,31185,3,0,2,2,0
2020-04-05,Los Angeles,037,10098052,10476,5892,14,5906,130
2020-04-05,Madera,039,155013,57,27,0,27,2
2020-04-05,Marin,041,260295,160,113,1,114,6
2020-04-05,Mariposa,043,17540,0,0,0,0,0
2020-04-05,Mendocino,045,87422,5,4,0,4,0
2020-04-05,Merced,047,269075,67,16,0,16,0
2020-04-05,Modoc,049,8938,0,0,0,0,0
2020-04-05,Mono,051,14174,28,18,0,18,1
2020-04-05,Monterey,053,433212,94,61,0,61,2
2020-04-05,Napa,055,140530,40,15,0,15,2
2020-04-05,Nevada,057,99092,36,19,1,20,1
2020-04-05,Orange,059,3164182,1601,820,15,835,15
2020-04-05,Placer,061,380077,136,86,0,86,3
2020-04-05,Plumas,063,18699,3,2,0,2,0
2020-04-05,Riverside,065,2383286,1894,669,13,682,17
2020-04-05,Sacramento,067,1510023,751,393,0,393,11
2020-04-05,San Benito,069,59416,34,22,0,22,1
2020-04-05,San Bernardino,071,2135413,1028,375,0,375,13
2020-04-05,San Diego,073,3302833,1908,1328,0,1328,19
2020-04-05,San Francisco,075,870044,918,559,0,559,6
2020-04-05,San Joaquin,077,732212,317,179,3,182,10
2020-04-05,San Luis Obispo,079,281455,145,83,1,84,1
2020-04-05,San Mateo,081,765935,829,528,2,530,19
2020-04-05,Santa Barbara,083,443738,280,171,1,172,1
2020-04-05,Santa Clara,085,1922200,1660,1052,4,1056,42
2020-04-05,Santa Cruz,087,273765,98,59,0,59,1
2020-04-05,Shasta,089,179085,28,11,0,11,2
2020-04-05,Sierra,091,2930,0,0,0,0,0
2020-04-05,Siskiyou,093,43540,4,3,0,3,0
2020-04-05,Solano,095,438530,160,78,0,78,1
2020-04-05,Sonoma,097,501317,164,88,0,88,1
2020-04-05,Stanislaus,099,539301,156,51,3,54,0
2020-04-05,Sutter,101,95872,22,14,0,14,1
2020-04-05,Tehama,103,63373,1,1,0,1,0
2020-04-05,Trinity,105,12862,0,0,0,0,0
2020-04-05,Tulare,107,460477,282,81,5,86,4
2020-04-05,Tuolumne,109,53932,3,1,0,1,0
2020-04-05,Ventura,111,848112,377,196,0,196,6
2020-04-05,Yolo,113,214977,77,37,0,37,2
2020-04-05,Yuba,115,75493,14,7,0,7,0
2020-04-04,Alameda,001,1643700,895,468,1,469,12
2020-04-04,Alpine,002,1148,1,1,0,1,0
2020-04-04,Amador,005,37829,5,2,0,2,0
2020-04-04,Butte,007,227075,16,10,2,12,0
2020-04-04,Calaveras,009,45235,9,3,0,3,0
2020-04-04,Colusa,011,21464,3,1,0,1,0
2020-04-04,Contra Costa,013,1133247,620,382,0,382,5
2020-04-04,Del Norte,015,27424,2,1,0,1,0
2020-04-04,El Dorado,017,186661,42,19,0,19,0
2020-04-04,Fresno,019,978130,327,102,4,106,1
2020-04-04,Glenn,021,27897,4,2,0,2,0
2020-04-04,Humboldt,023,135768,55,29,0,29,0
2020-04-04,Imperial,025,180216,114,42,0,42,1
2020-04-04,Inyo,027,18085,11,10,0,10,0
2020-04-04,Kern,029,883053,385,103,0,103,2
2020-04-04,Kings,031,150075,36,3,0,3,0
2020-04-04,Lake,033,64148,4,0,0,0,0
2020-04-04,Lassen,035,31185,3,0,2,2,0
2020-04-04,Los Angeles,037,10098052,9861,5275,14,5289,117
2020-04-04,Madera,039,155013,55,27,0,27,2
2020-04-04,Marin,041,260295,158,111,0,111,6
2020-04-04,Mariposa,043,17540,0,0,0,0,0
2020-04-04,Mendocino,045,87422,5,4,0,4,0
2020-04-04,Merced,047,269075,64,11,0,11,0
2020-04-04,Modoc,049,8938,0,0,0,0,0
2020-04-04,Mono,051,14174,28,18,0,18,1
2020-04-04,Monterey,053,433212,91,61,0,61,2
2020-04-04,Napa,055,140530,40,15,0,15,2
2020-04-04,Nevada,057,99092,36,19,1,20,1
2020-04-04,Orange,059,3164182,1559,781,14,795,15
2020-04-04,Placer,061,380077,135,87,0,87,2
2020-04-04,Plumas,063,18699,3,2,0,2,0
2020-04-04,Riverside,065,2383286,1793,652,13,665,15
2020-04-04,Sacramento,067,1510023,733,393,0,393,11
2020-04-04,San Benito,069,59416,34,22,0,22,1
2020-04-04,San Bernardino,071,2135413,980,373,0,373,13
2020-04-04,San Diego,073,3302833,1860,1211,0,1211,18
2020-04-04,San Francisco,075,870044,880,537,0,537,6
2020-04-04,San Joaquin,077,732212,294,171,3,174,10
2020-04-04,San Luis Obispo,079,281455,145,82,1,83,0
2020-04-04,San Mateo,081,765935,817,520,2,522,17
2020-04-04,Santa Barbara,083,443738,271,167,1,168,1
2020-04-04,Santa Clara,085,1922200,1608,1045,4,1049,39
2020-04-04,Santa Cruz,087,273765,98,56,0,56,1
2020-04-04,Shasta,089,179085,27,11,0,11,2
2020-04-04,Sierra,091,2930,0,0,0,0,0
2020-04-04,Siskiyou,093,43540,4,3,0,3,0
2020-04-04,Solano,095,438530,154,79,0,79,1
2020-04-04,Sonoma,097,501317,161,88,0,88,1
2020-04-04,Stanislaus,099,539301,145,51,3,54,0
2020-04-04,Sutter,101,95872,22,14,0,14,1
2020-04-04,Tehama,103,63373,1,1,0,1,0
2020-04-04,Trinity,105,12862,0,0,0,0,0
2020-04-04,Tulare,107,460477,268,79,5,84,4
2020-04-04,Tuolumne,109,53932,3,1,0,1,0
2020-04-04,Ventura,111,848112,364,194,0,194,6
2020-04-04,Yolo,113,214977,75,40,0,40,2
2020-04-04,Yuba,115,75493,13,7,0,7,0
2020-04-03,Alameda,001,1643700,859,395,1,396,11
2020-04-03,Alpine,002,1148,1,1,0,1,0
2020-04-03,Amador,005,37829,5,2,0,2,0
2020-04-03,Butte,007,227075,16,8,2,10,0
2020-04-03,Calaveras,009,45235,9,3,0,3,0
2020-04-03,Colusa,011,21464,3,1,0,1,0
2020-04-03,Contra Costa,013,1133247,597,327,0,327,5
2020-04-03,Del Norte,015,27424,2,1,0,1,0
2020-04-03,El Dorado,017,186661,40,16,0,16,0
2020-04-03,Fresno,019,978130,315,98,4,102,1
2020-04-03,Glenn,021,27897,4,2,0,2,0
2020-04-03,Humboldt,023,135768,55,34,0,34,0
2020-04-03,Imperial,025,180216,105,35,0,35,0
2020-04-03,Inyo,027,18085,11,10,0,10,0
2020-04-03,Kern,029,883053,359,87,0,87,1
2020-04-03,Kings,031,150075,34,3,0,3,0
2020-04-03,Lake,033,64148,3,0,0,0,0
2020-04-03,Lassen,035,31185,3,0,2,2,0
2020-04-03,Los Angeles,037,10098052,9247,4566,14,4580,91
2020-04-03,Madera,039,155013,54,28,0,28,2
2020-04-03,Marin,041,260295,156,106,0,106,6
2020-04-03,Mariposa,043,17540,0,0,0,0,0
2020-04-03,Mendocino,045,87422,5,4,0,4,0
2020-04-03,Merced,047,269075,60,9,0,9,0
2020-04-03,Modoc,049,8938,0,0,0,0,0
2020-04-03,Mono,051,14174,28,18,0,18,1
2020-04-03,Monterey,053,433212,88,58,0,58,2
2020-04-03,Napa,055,140530,39,13,0,13,1
2020-04-03,Nevada,057,99092,36,19,1,20,1
2020-04-03,Orange,059,3164182,1520,713,14,727,13
2020-04-03,Placer,061,380077,131,76,0,76,2
2020-04-03,Plumas,063,18699,3,2,0,2,0
2020-04-03,Riverside,065,2383286,1713,540,13,553,14
2020-04-03,Sacramento,067,1510023,712,363,0,363,11
2020-04-03,San Benito,069,59416,34,22,0,22,1
2020-04-03,San Bernardino,071,2135413,935,356,0,356,11
2020-04-03,San Diego,073,3302833,1799,1114,0,1114,17
2020-04-03,San Francisco,075,870044,856,506,0,506,6
2020-04-03,San Joaquin,077,732212,282,162,3,165,10
2020-04-03,San Luis Obispo,079,281455,144,82,1,83,0
2020-04-03,San Mateo,081,765935,800,474,2,476,13
2020-04-03,Santa Barbara,083,443738,260,154,1,155,1
2020-04-03,Santa Clara,085,1922200,1572,983,4,987,39
2020-04-03,Santa Cruz,087,273765,98,52,0,52,1
2020-04-03,Shasta,089,179085,27,10,0,10,1
2020-04-03,Sierra,091,2930,0,0,0,0,0
2020-04-03,Siskiyou,093,43540,4,3,0,3,0
2020-04-03,Solano,095,438530,146,72,0,72,1
2020-04-03,Sonoma,097,501317,161,84,0,84,1
2020-04-03,Stanislaus,099,539301,139,48,3,51,0
2020-04-03,Sutter,101,95872,22,12,0,12,1
2020-04-03,Tehama,103,63373,1,1,0,1,0
2020-04-03,Trinity,105,12862,0,0,0,0,0
2020-04-03,Tulare,107,460477,254,73,5,78,3
2020-04-03,Tuolumne,109,53932,3,1,0,1,0
2020-04-03,Ventura,111,848112,354,186,0,186,6
2020-04-03,Yolo,113,214977,74,33,0,33,1
2020-04-03,Yuba,115,75493,13,6,0,6,0
2020-04-02,Alameda,001,1643700,808,345,1,346,10
2020-04-02,Alpine,002,1148,1,1,0,1,0
2020-04-02,Amador,005,37829,5,2,0,2,0
2020-04-02,Butte,007,227075,16,7,1,8,0
2020-04-02,Calaveras,009,45235,7,3,0,3,0
2020-04-02,Colusa,011,21464,3,1,0,1,0
2020-04-02,Contra Costa,013,1133247,567,297,0,297,3
2020-04-02,Del Norte,015,27424,2,0,0,0,0
2020-04-02,El Dorado,017,186661,38,16,0,16,0
2020-04-02,Fresno,019,978130,299,92,4,96,0
2020-04-02,Glenn,021,27897,3,2,0,2,0
2020-04-02,Humboldt,023,135768,51,23,0,23,0
2020-04-02,Imperial,025,180216,101,24,0,24,0
2020-04-02,Inyo,027,18085,10,8,0,8,0
2020-04-02,Kern,029,883053,332,74,0,74,0
2020-04-02,Kings,031,150075,34,3,0,3,0
2020-04-02,Lake,033,64148,3,0,0,0,0
2020-04-02,Lassen,035,31185,3,0,2,2,0
2020-04-02,Los Angeles,037,10098052,8420,4040,14,4054,79
2020-04-02,Madera,039,155013,52,25,0,25,1
2020-04-02,Marin,041,260295,150,102,0,102,1
2020-04-02,Mariposa,043,17540,0,0,0,0,0
2020-04-02,Mendocino,045,87422,5,4,0,4,0
2020-04-02,Merced,047,269075,55,9,0,9,0
2020-04-02,Modoc,049,8938,0,0,0,0,0
2020-04-02,Mono,051,14174,28,16,0,16,1
2020-04-02,Monterey,053,433212,86,50,0,50,2
2020-04-02,Napa,055,140530,39,13,0,13,0
2020-04-02,Nevada,057,99092,35,17,1,18,0
2020-04-02,Orange,059,3164182,1468,640,13,653,12
2020-04-02,Placer,061,380077,130,72,0,72,2
2020-04-02,Plumas,063,18699,3,1,0,1,0
2020-04-02,Riverside,065,2383286,1596,438,13,451,13
2020-04-02,Sacramento,067,1510023,694,322,0,322,9
2020-04-02,San Benito,069,59416,32,18,0,18,1
2020-04-02,San Bernardino,071,2135413,880,335,0,335,8
2020-04-02,San Diego,073,3302833,1732,968,0,968,16
2020-04-02,San Francisco,075,870044,830,473,0,473,6
2020-04-02,San Joaquin,077,732212,263,148,3,151,9
2020-04-02,San Luis Obispo,079,281455,139,79,1,80,0
2020-04-02,San Mateo,081,765935,779,423,2,425,13
2020-04-02,Santa Barbara,083,443738,249,125,1,126,1
2020-04-02,Santa Clara,085,1922200,1521,908,4,912,38
2020-04-02,Santa Cruz,087,273765,96,49,0,49,1
2020-04-02,Shasta,089,179085,26,7,0,7,1
2020-04-02,Sierra,091,2930,0,0,0,0,0
2020-04-02,Siskiyou,093,43540,4,3,0,3,0
2020-04-02,Solano,095,438530,136,65,0,65,0
2020-04-02,Sonoma,097,501317,157,76,0,76,1
2020-04-02,Stanislaus,099,539301,128,40,3,43,0
2020-04-02,Sutter,101,95872,21,10,0,10,1
2020-04-02,Tehama,103,63373,1,1,0,1,0
2020-04-02,Trinity,105,12862,0,0,0,0,0
2020-04-02,Tulare,107,460477,220,64,5,69,1
2020-04-02,Tuolumne,109,53932,3,1,0,1,0
2020-04-02,Ventura,111,848112,336,178,0,178,5
2020-04-02,Yolo,113,214977,72,29,0,29,1
2020-04-02,Yuba,115,75493,10,5,0,5,0
2020-04-01,Alameda,001,1643700,781,287,1,288,8
2020-04-01,Alpine,002,1148,1,1,0,1,0
2020-04-01,Amador,005,37829,5,1,0,1,0
2020-04-01,Butte,007,227075,16,6,1,7,0
2020-04-01,Calaveras,009,45235,6,3,0,3,0
2020-04-01,Colusa,011,21464,3,1,0,1,0
2020-04-01,Contra Costa,013,1133247,524,267,0,267,3
2020-04-01,Del Norte,015,27424,2,0,0,0,0
2020-04-01,El Dorado,017,186661,37,14,0,14,0
2020-04-01,Fresno,019,978130,277,75,3,78,0
2020-04-01,Glenn,021,27897,3,2,0,2,0
2020-04-01,Humboldt,023,135768,51,19,0,19,0
2020-04-01,Imperial,025,180216,95,25,0,25,0
2020-04-01,Inyo,027,18085,10,8,0,8,0
2020-04-01,Kern,029,883053,305,53,0,53,0
2020-04-01,Kings,031,150075,32,3,0,3,0
2020-04-01,Lake,033,64148,3,0,0,0,0
2020-04-01,Lassen,035,31185,3,0,2,2,0
2020-04-01,Los Angeles,037,10098052,7772,3502,14,3516,66
2020-04-01,Madera,039,155013,50,17,0,17,1
2020-04-01,Marin,041,260295,146,87,0,87,1
2020-04-01,Mariposa,043,17540,0,0,0,0,0
2020-04-01,Mendocino,045,87422,5,4,0,4,0
2020-04-01,Merced,047,269075,53,7,0,7,0
2020-04-01,Modoc,049,8938,0,0,0,0,0
2020-04-01,Mono,051,14174,28,12,0,12,1
2020-04-01,Monterey,053,433212,85,47,0,47,2
2020-04-01,Napa,055,140530,36,11,0,11,0
2020-04-01,Nevada,057,99092,35,15,1,16,0
2020-04-01,Orange,059,3164182,1416,579,13,592,11
2020-04-01,Placer,061,380077,128,52,0,52,2
2020-04-01,Plumas,063,18699,3,1,0,1,0
2020-04-01,Riverside,065,2383286,1428,306,12,318,11
2020-04-01,Sacramento,067,1510023,661,299,0,299,8
2020-04-01,San Benito,069,59416,29,14,0,14,1
2020-04-01,San Bernardino,071,2135413,831,245,0,245,5
2020-04-01,San Diego,073,3302833,1662,851,0,851,11
2020-04-01,San Francisco,075,870044,802,432,0,432,6
2020-04-01,San Joaquin,077,732212,251,132,3,135,8
2020-04-01,San Luis Obispo,079,281455,133,69,1,70,0
2020-04-01,San Mateo,081,765935,761,354,2,356,13
2020-04-01,Santa Barbara,083,443738,236,103,1,104,0
2020-04-01,Santa Clara,085,1922200,1479,805,4,809,33
2020-04-01,Santa Cruz,087,273765,91,44,0,44,1
2020-04-01,Shasta,089,179085,25,5,0,5,1
2020-04-01,Sierra,091,2930,0,0,0,0,0
2020-04-01,Siskiyou,093,43540,4,3,0,3,0
2020-04-01,Solano,095,438530,131,57,0,57,0
2020-04-01,Sonoma,097,501317,153,60,0,60,1
2020-04-01,Stanislaus,099,539301,117,29,3,32,0
2020-04-01,Sutter,101,95872,21,9,0,9,1
2020-04-01,Tehama,103,63373,1,0,0,0,0
2020-04-01,Trinity,105,12862,0,0,0,0,0
2020-04-01,Tulare,107,460477,182,43,5,48,1
2020-04-01,Tuolumne,109,53932,3,1,0,1,0
2020-04-01,Ventura,111,848112,323,154,0,154,5
2020-04-01,Yolo,113,214977,67,22,0,22,1
2020-04-01,Yuba,115,75493,9,5,0,5,0
2020-03-31,Alameda,001,1643700,715,269,1,270,7
2020-03-31,Alpine,002,1148,1,1,0,1,0
2020-03-31,Amador,005,37829,5,1,0,1,0
2020-03-31,Butte,007,227075,16,6,1,7,0
2020-03-31,Calaveras,009,45235,6,3,0,3,0
2020-03-31,Colusa,011,21464,3,1,0,1,0
2020-03-31,Contra Costa,013,1133247,499,246,0,246,3
2020-03-31,Del Norte,015,27424,1,0,0,0,0
2020-03-31,El Dorado,017,186661,33,14,0,14,0
2020-03-31,Fresno,019,978130,252,59,3,62,0
2020-03-31,Glenn,021,27897,3,2,0,2,0
2020-03-31,Humboldt,023,135768,51,18,0,18,0
2020-03-31,Imperial,025,180216,89,17,0,17,0
2020-03-31,Inyo,027,18085,10,8,0,8,0
2020-03-31,Kern,029,883053,281,47,0,47,0
2020-03-31,Kings,031,150075,30,2,0,2,0
2020-03-31,Lake,033,64148,1,0,0,0,0
2020-03-31,Lassen,035,31185,3,0,2,2,0
2020-03-31,Los Angeles,037,10098052,7108,3001,14,3015,53
2020-03-31,Madera,039,155013,49,17,0,17,1
2020-03-31,Marin,041,260295,137,85,0,85,1
2020-03-31,Mariposa,043,17540,0,0,0,0,0
2020-03-31,Mendocino,045,87422,5,4,0,4,0
2020-03-31,Merced,047,269075,44,6,0,6,0
2020-03-31,Modoc,049,8938,0,0,0,0,0
2020-03-31,Mono,051,14174,26,12,0,12,0
2020-03-31,Monterey,053,433212,83,43,0,43,2
2020-03-31,Napa,055,140530,35,9,0,9,0
2020-03-31,Nevada,057,99092,35,15,1,16,0
2020-03-31,Orange,059,3164182,1346,506,13,519,7
2020-03-31,Placer,061,380077,121,49,0,49,2
2020-03-31,Plumas,063,18699,1,0,0,0,0
2020-03-31,Riverside,065,2383286,1284,284,12,296,8
2020-03-31,Sacramento,067,1510023,609,271,0,271,8
2020-03-31,San Benito,069,59416,29,14,0,14,1
2020-03-31,San Bernardino,071,2135413,746,193,0,193,5
2020-03-31,San Diego,073,3302833,1580,736,0,736,9
2020-03-31,San Francisco,075,870044,767,404,0,404,5
2020-03-31,San Joaquin,077,732212,235,122,3,125,7
2020-03-31,San Luis Obispo,079,281455,129,67,1,68,0
2020-03-31,San Mateo,081,765935,742,297,2,299,12
2020-03-31,Santa Barbara,083,443738,221,89,1,90,0
2020-03-31,Santa Clara,085,1922200,1429,777,4,781,30
2020-03-31,Santa Cruz,087,273765,84,40,0,40,1
2020-03-31,Shasta,089,179085,22,5,0,5,1
2020-03-31,Sierra,091,2930,0,0,0,0,0
2020-03-31,Siskiyou,093,43540,4,3,0,3,0
2020-03-31,Solano,095,438530,117,56,0,56,0
2020-03-31,Sonoma,097,501317,148,58,0,58,1
2020-03-31,Stanislaus,099,539301,102,28,3,31,0
2020-03-31,Sutter,101,95872,21,8,0,8,0
2020-03-31,Tehama,103,63373,1,0,0,0,0
2020-03-31,Trinity,105,12862,0,0,0,0,0
2020-03-31,Tulare,107,460477,159,42,4,46,1
2020-03-31,Tuolumne,109,53932,3,1,0,1,0
2020-03-31,Ventura,111,848112,312,143,0,143,4
2020-03-31,Yolo,113,214977,60,21,0,21,1
2020-03-31,Yuba,115,75493,9,5,0,5,0
2020-03-30,Alameda,001,1643700,676,250,1,251,7
2020-03-30,Alpine,002,1148,1,1,0,1,0
2020-03-30,Amador,005,37829,5,1,0,1,0
2020-03-30,Butte,007,227075,15,5,1,6,0
2020-03-30,Calaveras,009,45235,6,3,0,3,0
2020-03-30,Colusa,011,21464,3,1,0,1,0
2020-03-30,Contra Costa,013,1133247,473,212,0,212,3
2020-03-30,Del Norte,015,27424,0,0,0,0,0
2020-03-30,El Dorado,017,186661,33,11,0,11,0
2020-03-30,Fresno,019,978130,227,46,3,49,0
2020-03-30,Glenn,021,27897,3,2,0,2,0
2020-03-30,Humboldt,023,135768,49,11,0,11,0
2020-03-30,Imperial,025,180216,86,9,0,9,0
2020-03-30,Inyo,027,18085,10,5,0,5,0
2020-03-30,Kern,029,883053,248,30,0,30,0
2020-03-30,Kings,031,150075,30,1,0,1,0
2020-03-30,Lake,033,64148,1,0,0,0,0
2020-03-30,Lassen,035,31185,3,0,1,1,0
2020-03-30,Los Angeles,037,10098052,6446,2467,14,2481,44
2020-03-30,Madera,039,155013,48,14,0,14,1
2020-03-30,Marin,041,260295,130,78,0,78,0
2020-03-30,Mariposa,043,17540,0,0,0,0,0
2020-03-30,Mendocino,045,87422,5,2,0,2,0
2020-03-30,Merced,047,269075,40,6,0,6,0
2020-03-30,Modoc,049,8938,0,0,0,0,0
2020-03-30,Mono,051,14174,26,11,0,11,0
2020-03-30,Monterey,053,433212,78,41,0,41,1
2020-03-30,Napa,055,140530,34,9,0,9,0
2020-03-30,Nevada,057,99092,34,14,1,15,0
2020-03-30,Orange,059,3164182,1281,418,13,431,5
2020-03-30,Placer,061,380077,118,44,0,44,2
2020-03-30,Plumas,063,18699,1,0,0,0,0
2020-03-30,Riverside,065,2383286,1203,204,12,216,7
2020-03-30,Sacramento,067,1510023,585,238,0,238,8
2020-03-30,San Benito,069,59416,29,11,0,11,1
2020-03-30,San Bernardino,071,2135413,702,145,0,145,4
2020-03-30,San Diego,073,3302833,1510,605,0,605,7
2020-03-30,San Francisco,075,870044,727,368,0,368,5
2020-03-30,San Joaquin,077,732212,228,112,3,115,5
2020-03-30,San Luis Obispo,079,281455,126,62,1,63,0
2020-03-30,San Mateo,081,765935,717,257,2,259,11
2020-03-30,Santa Barbara,083,443738,212,79,1,80,0
2020-03-30,Santa Clara,085,1922200,1398,745,3,748,31
2020-03-30,Santa Cruz,087,273765,81,36,0,36,1
2020-03-30,Shasta,089,179085,21,4,0,4,1
2020-03-30,Sierra,091,2930,0,0,0,0,0
2020-03-30,Siskiyou,093,43540,4,2,0,2,0
2020-03-30,Solano,095,438530,111,50,0,50,0
2020-03-30,Sonoma,097,501317,145,57,0,57,1
2020-03-30,Stanislaus,099,539301,95,28,3,31,0
2020-03-30,Sutter,101,95872,20,6,0,6,0
2020-03-30,Tehama,103,63373,1,0,0,0,0
2020-03-30,Trinity,105,12862,0,0,0,0,0
2020-03-30,Tulare,107,460477,147,40,3,43,1
2020-03-30,Tuolumne,109,53932,3,1,0,1,0
2020-03-30,Ventura,111,848112,301,118,0,118,2
2020-03-30,Yolo,113,214977,57,17,0,17,1
2020-03-30,Yuba,115,75493,8,5,0,5,0
2020-03-29,Alameda,001,1643700,642,207,1,208,6
2020-03-29,Alpine,002,1148,1,0,0,0,0
2020-03-29,Amador,005,37829,5,1,0,1,0
2020-03-29,Butte,007,227075,15,4,1,5,0
2020-03-29,Calaveras,009,45235,6,2,0,2,0
2020-03-29,Colusa,011,21464,3,1,0,1,0
2020-03-29,Contra Costa,013,1133247,443,187,0,187,3
2020-03-29,Del Norte,015,27424,0,0,0,0,0
2020-03-29,El Dorado,017,186661,32,9,0,9,0
2020-03-29,Fresno,019,978130,203,31,3,34,0
2020-03-29,Glenn,021,27897,2,1,0,1,0
2020-03-29,Humboldt,023,135768,46,9,0,9,0
2020-03-29,Imperial,025,180216,79,9,0,9,0
2020-03-29,Inyo,027,18085,9,0,0,0,0
2020-03-29,Kern,029,883053,230,20,0,20,0
2020-03-29,Kings,031,150075,27,1,0,1,0
2020-03-29,Lake,033,64148,0,0,0,0,0
2020-03-29,Lassen,035,31185,3,0,1,1,0
2020-03-29,Los Angeles,037,10098052,5796,2119,13,2132,37
2020-03-29,Madera,039,155013,43,11,0,11,1
2020-03-29,Marin,041,260295,125,60,0,60,0
2020-03-29,Mariposa,043,17540,0,0,0,0,0
2020-03-29,Mendocino,045,87422,5,2,0,2,0
2020-03-29,Merced,047,269075,37,4,0,4,0
2020-03-29,Modoc,049,8938,0,0,0,0,0
2020-03-29,Mono,051,14174,26,8,0,8,0
2020-03-29,Monterey,053,433212,73,36,0,36,1
2020-03-29,Napa,055,140530,32,5,0,5,0
2020-03-29,Nevada,057,99092,32,13,1,14,0
2020-03-29,Orange,059,3164182,1208,343,13,356,2
2020-03-29,Placer,061,380077,117,35,0,35,2
2020-03-29,Plumas,063,18699,1,0,0,0,0
2020-03-29,Riverside,065,2383286,1079,122,12,134,7
2020-03-29,Sacramento,067,1510023,545,217,0,217,7
2020-03-29,San Benito,069,59416,28,10,0,10,1
2020-03-29,San Bernardino,071,2135413,650,94,0,94,2
2020-03-29,San Diego,073,3302833,1438,521,0,521,7
2020-03-29,San Francisco,075,870044,683,333,0,333,5
2020-03-29,San Joaquin,077,732212,219,86,3,89,4
2020-03-29,San Luis Obispo,079,281455,119,55,0,55,0
2020-03-29,San Mateo,081,765935,692,234,2,236,12
2020-03-29,Santa Barbara,083,443738,204,52,1,53,0
2020-03-29,Santa Clara,085,1922200,1341,591,3,594,30
2020-03-29,Santa Cruz,087,273765,81,33,0,33,1
2020-03-29,Shasta,089,179085,20,4,0,4,1
2020-03-29,Sierra,091,2930,0,0,0,0,0
2020-03-29,Siskiyou,093,43540,4,2,0,2,0
2020-03-29,Solano,095,438530,103,48,0,48,0
2020-03-29,Sonoma,097,501317,143,35,0,35,1
2020-03-29,Stanislaus,099,539301,90,19,3,22,0
2020-03-29,Sutter,101,95872,17,6,0,6,0
2020-03-29,Tehama,103,63373,1,0,0,0,0
2020-03-29,Trinity,105,12862,0,0,0,0,0
2020-03-29,Tulare,107,460477,122,24,3,27,1
2020-03-29,Tuolumne,109,53932,2,1,0,1,0
2020-03-29,Ventura,111,848112,274,92,0,92,2
2020-03-29,Yolo,113,214977,52,13,0,13,1
2020-03-29,Yuba,115,75493,8,3,0,3,0
2020-03-28,Alameda,001,1643700,615,410,1,411,12
2020-03-28,Alpine,002,1148,1,0,0,0,0
2020-03-28,Amador,005,37829,5,2,0,2,0
2020-03-28,Butte,007,227075,15,8,1,9,0
2020-03-28,Calaveras,009,45235,6,4,0,4,0
2020-03-28,Colusa,011,21464,3,2,0,2,0
2020-03-28,Contra Costa,013,1133247,420,350,0,350,4
2020-03-28,Del Norte,015,27424,0,0,0,0,0
2020-03-28,El Dorado,017,186661,31,18,0,18,0
2020-03-28,Fresno,019,978130,193,62,3,65,0
2020-03-28,Glenn,021,27897,2,2,0,2,0
2020-03-28,Humboldt,023,135768,46,18,0,18,0
2020-03-28,Imperial,025,180216,74,18,0,18,0
2020-03-28,Inyo,027,18085,9,0,0,0,0
2020-03-28,Kern,029,883053,213,40,0,40,0
2020-03-28,Kings,031,150075,26,2,0,2,0
2020-03-28,Lake,033,64148,0,0,0,0,0
2020-03-28,Lassen,035,31185,3,0,1,1,0
2020-03-28,Los Angeles,037,10098052,5411,3600,12,3612,64
2020-03-28,Madera,039,155013,43,22,0,22,2
2020-03-28,Marin,041,260295,120,116,0,116,0
2020-03-28,Mariposa,043,17540,0,0,0,0,0
2020-03-28,Mendocino,045,87422,5,4,0,4,0
2020-03-28,Merced,047,269075,36,8,0,8,0
2020-03-28,Modoc,049,8938,0,0,0,0,0
2020-03-28,Mono,051,14174,24,12,0,12,0
2020-03-28,Monterey,053,433212,72,64,0,64,2
2020-03-28,Napa,055,140530,27,10,0,10,0
2020-03-28,Nevada,057,99092,32,22,1,23,0
2020-03-28,Orange,059,3164182,1172,656,13,669,4
2020-03-28,Placer,061,380077,112,70,0,70,2
2020-03-28,Plumas,063,18699,1,0,0,0,0
2020-03-28,Riverside,065,2383286,1011,242,12,254,14
2020-03-28,Sacramento,067,1510023,527,406,0,406,14
2020-03-28,San Benito,069,59416,28,20,0,20,2
2020-03-28,San Bernardino,071,2135413,603,162,0,162,4
2020-03-28,San Diego,073,3302833,1379,980,0,980,14
2020-03-28,San Francisco,075,870044,659,600,0,600,6
2020-03-28,San Joaquin,077,732212,212,166,3,169,8
2020-03-28,San Luis Obispo,079,281455,117,104,0,104,0
2020-03-28,San Mateo,081,765935,672,462,2,464,17
2020-03-28,Santa Barbara,083,443738,194,98,1,99,0
2020-03-28,Santa Clara,085,1922200,1322,1174,3,1177,54
2020-03-28,Santa Cruz,087,273765,80,62,0,62,0
2020-03-28,Shasta,089,179085,20,8,0,8,2
2020-03-28,Sierra,091,2930,0,0,0,0,0
2020-03-28,Siskiyou,093,43540,4,4,0,4,0
2020-03-28,Solano,095,438530,99,96,0,96,0
2020-03-28,Sonoma,097,501317,141,70,0,70,2
2020-03-28,Stanislaus,099,539301,85,34,3,37,0
2020-03-28,Sutter,101,95872,17,6,0,6,0
2020-03-28,Tehama,103,63373,1,0,0,0,0
2020-03-28,Trinity,105,12862,0,0,0,0,0
2020-03-28,Tulare,107,460477,114,46,3,49,0
2020-03-28,Tuolumne,109,53932,2,2,0,2,0
2020-03-28,Ventura,111,848112,270,178,0,178,4
2020-03-28,Yolo,113,214977,51,26,0,26,2
2020-03-28,Yuba,115,75493,8,6,0,6,0
2020-03-27,Alameda,001,1643700,596,185,1,186,4
2020-03-27,Alpine,002,1148,1,0,0,0,0
2020-03-27,Amador,005,37829,4,1,0,1,0
2020-03-27,Butte,007,227075,13,4,1,5,0
2020-03-27,Calaveras,009,45235,6,2,0,2,0
2020-03-27,Colusa,011,21464,3,0,0,0,0
2020-03-27,Contra Costa,013,1133247,399,161,0,161,2
2020-03-27,Del Norte,015,27424,0,0,0,0,0
2020-03-27,El Dorado,017,186661,29,9,0,9,0
2020-03-27,Fresno,019,978130,181,29,2,31,0
2020-03-27,Glenn,021,27897,2,0,0,0,0
2020-03-27,Humboldt,023,135768,42,9,0,9,0
2020-03-27,Imperial,025,180216,69,9,0,9,0
2020-03-27,Inyo,027,18085,9,0,0,0,0
2020-03-27,Kern,029,883053,200,20,0,20,0
2020-03-27,Kings,031,150075,25,0,0,0,0
2020-03-27,Lake,033,64148,0,0,0,0,0
2020-03-27,Lassen,035,31185,3,0,1,1,0
2020-03-27,Los Angeles,037,10098052,5003,1474,12,1486,26
2020-03-27,Madera,039,155013,41,10,0,10,1
2020-03-27,Marin,041,260295,115,58,0,58,0
2020-03-27,Mariposa,043,17540,0,0,0,0,0
2020-03-27,Mendocino,045,87422,5,2,0,2,0
2020-03-27,Merced,047,269075,35,3,0,3,0
2020-03-27,Modoc,049,8938,0,0,0,0,0
2020-03-27,Mono,051,14174,24,6,0,6,0
2020-03-27,Monterey,053,433212,69,26,0,26,1
2020-03-27,Napa,055,140530,27,5,0,5,0
2020-03-27,Nevada,057,99092,32,6,1,7,0
2020-03-27,Orange,059,3164182,1122,299,13,312,2
2020-03-27,Placer,061,380077,109,33,0,33,1
2020-03-27,Plumas,063,18699,0,0,0,0,0
2020-03-27,Riverside,065,2383286,955,121,12,133,7
2020-03-27,Sacramento,067,1510023,504,163,0,163,6
2020-03-27,San Benito,069,59416,27,9,0,9,1
2020-03-27,San Bernardino,071,2135413,513,77,0,77,2
2020-03-27,San Diego,073,3302833,1322,419,0,419,5
2020-03-27,San Francisco,075,870044,634,285,0,285,2
2020-03-27,San Joaquin,077,732212,201,73,3,76,3
2020-03-27,San Luis Obispo,079,281455,115,46,0,46,0
2020-03-27,San Mateo,081,765935,646,213,2,215,7
2020-03-27,Santa Barbara,083,443738,180,37,1,38,0
2020-03-27,Santa Clara,085,1922200,1284,557,3,560,25
2020-03-27,Santa Cruz,087,273765,79,31,0,31,0
2020-03-27,Shasta,089,179085,17,3,0,3,1
2020-03-27,Sierra,091,2930,0,0,0,0,0
2020-03-27,Siskiyou,093,43540,4,2,0,2,0
2020-03-27,Solano,095,438530,93,48,0,48,0
2020-03-27,Sonoma,097,501317,133,35,0,35,1
2020-03-27,Stanislaus,099,539301,83,16,3,19,0
2020-03-27,Sutter,101,95872,16,2,0,2,0
2020-03-27,Tehama,103,63373,1,0,0,0,0
2020-03-27,Trinity,105,12862,0,0,0,0,0
2020-03-27,Tulare,107,460477,106,15,3,18,0
2020-03-27,Tuolumne,109,53932,2,1,0,1,0
2020-03-27,Ventura,111,848112,261,80,0,80,2
2020-03-27,Yolo,113,214977,50,13,0,13,1
2020-03-27,Yuba,115,75493,7,3,0,3,0
2020-03-26,Alameda,001,1643700,556,172,1,173,4
2020-03-26,Alpine,002,1148,1,0,0,0,0
2020-03-26,Amador,005,37829,4,1,0,1,0
2020-03-26,Butte,007,227075,13,4,1,5,0
2020-03-26,Calaveras,009,45235,6,2,0,2,0
2020-03-26,Colusa,011,21464,3,0,0,0,0
2020-03-26,Contra Costa,013,1133247,388,147,0,147,2
2020-03-26,Del Norte,015,27424,0,0,0,0,0
2020-03-26,El Dorado,017,186661,27,7,0,7,0
2020-03-26,Fresno,019,978130,172,25,2,27,0
2020-03-26,Glenn,021,27897,2,0,0,0,0
2020-03-26,Humboldt,023,135768,38,8,0,8,0
2020-03-26,Imperial,025,180216,65,8,0,8,0
2020-03-26,Inyo,027,18085,8,0,0,0,0
2020-03-26,Kern,029,883053,184,20,0,20,0
2020-03-26,Kings,031,150075,25,0,0,0,0
2020-03-26,Lake,033,64148,0,0,0,0,0
2020-03-26,Lassen,035,31185,3,0,1,1,0
2020-03-26,Los Angeles,037,10098052,4596,1075,12,1087,19
2020-03-26,Madera,039,155013,39,8,0,8,0
2020-03-26,Marin,041,260295,106,56,0,56,0
2020-03-26,Mariposa,043,17540,0,0,0,0,0
2020-03-26,Mendocino,045,87422,4,1,0,1,0
2020-03-26,Merced,047,269075,32,1,0,1,0
2020-03-26,Modoc,049,8938,0,0,0,0,0
2020-03-26,Mono,051,14174,23,5,0,5,0
2020-03-26,Monterey,053,433212,66,25,0,25,1
2020-03-26,Napa,055,140530,26,5,0,5,0
2020-03-26,Nevada,057,99092,32,7,1,8,0
2020-03-26,Orange,059,3164182,1060,279,11,290,1
2020-03-26,Placer,061,380077,106,34,0,34,1
2020-03-26,Plumas,063,18699,0,0,0,0,0
2020-03-26,Riverside,065,2383286,884,118,12,130,7
2020-03-26,Sacramento,067,1510023,471,147,0,147,5
2020-03-26,San Benito,069,59416,27,8,0,8,1
2020-03-26,San Bernardino,071,2135413,447,57,0,57,1
2020-03-26,San Diego,073,3302833,1255,299,0,299,2
2020-03-26,San Francisco,075,870044,607,261,0,261,1
2020-03-26,San Joaquin,077,732212,190,69,3,72,3
2020-03-26,San Luis Obispo,079,281455,110,38,0,38,0
2020-03-26,San Mateo,081,765935,612,122,2,124,5
2020-03-26,Santa Barbara,083,443738,167,33,1,34,0
2020-03-26,Santa Clara,085,1922200,1239,487,2,489,20
2020-03-26,Santa Cruz,087,273765,75,30,0,30,0
2020-03-26,Shasta,089,179085,17,3,0,3,1
2020-03-26,Sierra,091,2930,0,0,0,0,0
2020-03-26,Siskiyou,093,43540,4,2,0,2,0
2020-03-26,Solano,095,438530,85,41,0,41,0
2020-03-26,Sonoma,097,501317,128,33,0,33,1
2020-03-26,Stanislaus,099,539301,81,15,3,18,0
2020-03-26,Sutter,101,95872,12,2,0,2,0
2020-03-26,Tehama,103,63373,1,0,0,0,0
2020-03-26,Trinity,105,12862,0,0,0,0,0
2020-03-26,Tulare,107,460477,97,15,3,18,0
2020-03-26,Tuolumne,109,53932,2,0,0,0,0
2020-03-26,Ventura,111,848112,245,70,0,70,1
2020-03-26,Yolo,113,214977,46,13,0,13,1
2020-03-26,Yuba,115,75493,7,3,0,3,0
2020-03-25,Alameda,001,1643700,535,134,1,135,3
2020-03-25,Alpine,002,1148,1,0,0,0,0
2020-03-25,Amador,005,37829,4,1,0,1,0
2020-03-25,Butte,007,227075,13,4,1,5,0
2020-03-25,Calaveras,009,45235,6,2,0,2,0
2020-03-25,Colusa,011,21464,2,0,0,0,0
2020-03-25,Contra Costa,013,1133247,374,131,0,131,1
2020-03-25,Del Norte,015,27424,0,0,0,0,0
2020-03-25,El Dorado,017,186661,27,5,0,5,0
2020-03-25,Fresno,019,978130,152,21,2,23,0
2020-03-25,Glenn,021,27897,2,0,0,0,0
2020-03-25,Humboldt,023,135768,35,3,0,3,0
2020-03-25,Imperial,025,180216,57,8,0,8,0
2020-03-25,Inyo,027,18085,5,0,0,0,0
2020-03-25,Kern,029,883053,164,13,0,13,0
2020-03-25,Kings,031,150075,23,0,0,0,0
2020-03-25,Lake,033,64148,0,0,0,0,0
2020-03-25,Lassen,035,31185,3,0,1,1,0
2020-03-25,Los Angeles,037,10098052,4196,725,12,737,10
2020-03-25,Madera,039,155013,37,6,0,6,0
2020-03-25,Marin,041,260295,100,47,0,47,0
2020-03-25,Mariposa,043,17540,0,0,0,0,0
2020-03-25,Mendocino,045,87422,3,1,0,1,0
2020-03-25,Merced,047,269075,29,0,0,0,0
2020-03-25,Modoc,049,8938,0,0,0,0,0
2020-03-25,Mono,051,14174,22,4,0,4,0
2020-03-25,Monterey,053,433212,63,23,0,23,1
2020-03-25,Napa,055,140530,26,5,0,5,0
2020-03-25,Nevada,057,99092,31,5,1,6,0
2020-03-25,Orange,059,3164182,1002,214,9,223,1
2020-03-25,Placer,061,380077,100,30,0,30,1
2020-03-25,Plumas,063,18699,0,1,0,1,0
2020-03-25,Riverside,065,2383286,813,87,12,99,5
2020-03-25,Sacramento,067,1510023,445,114,0,114,5
2020-03-25,San Benito,069,59416,26,4,0,4,1
2020-03-25,San Bernardino,071,2135413,408,46,0,46,1
2020-03-25,San Diego,073,3302833,1193,238,0,238,2
2020-03-25,San Francisco,075,870044,566,212,0,212,1
2020-03-25,San Joaquin,077,732212,177,64,3,67,2
2020-03-25,San Luis Obispo,079,281455,105,35,0,35,0
2020-03-25,San Mateo,081,765935,577,111,2,113,5
2020-03-25,Santa Barbara,083,443738,157,25,1,26,0
2020-03-25,Santa Clara,085,1922200,1195,452,2,454,20
2020-03-25,Santa Cruz,087,273765,72,26,0,26,0
2020-03-25,Shasta,089,179085,16,3,0,3,1
2020-03-25,Sierra,091,2930,0,0,0,0,0
2020-03-25,Siskiyou,093,43540,4,2,0,2,0
2020-03-25,Solano,095,438530,80,39,0,39,0
2020-03-25,Sonoma,097,501317,123,31,0,31,1
2020-03-25,Stanislaus,099,539301,74,14,3,17,0
2020-03-25,Sutter,101,95872,9,1,0,1,0
2020-03-25,Tehama,103,63373,1,0,0,0,0
2020-03-25,Trinity,105,12862,0,0,0,0,0
2020-03-25,Tulare,107,460477,87,11,3,14,0
2020-03-25,Tuolumne,109,53932,2,0,0,0,0
2020-03-25,Ventura,111,848112,229,53,0,53,1
2020-03-25,Yolo,113,214977,44,9,0,9,1
2020-03-25,Yuba,115,75493,7,2,0,2,0
2020-03-24,Alameda,001,1643700,503,96,1,97,2
2020-03-24,Alpine,002,1148,1,0,0,0,0
2020-03-24,Amador,005,37829,2,1,0,1,0
2020-03-24,Butte,007,227075,12,3,1,4,0
2020-03-24,Calaveras,009,45235,5,2,0,2,0
2020-03-24,Colusa,011,21464,2,0,0,0,0
2020-03-24,Contra Costa,013,1133247,361,108,0,108,1
2020-03-24,Del Norte,015,27424,0,0,0,0,0
2020-03-24,El Dorado,017,186661,27,3,0,3,0
2020-03-24,Fresno,019,978130,133,18,2,20,0
2020-03-24,Glenn,021,27897,2,0,0,0,0
2020-03-24,Humboldt,023,135768,33,2,0,2,0
2020-03-24,Imperial,025,180216,54,3,0,3,0
2020-03-24,Inyo,027,18085,5,0,0,0,0
2020-03-24,Kern,029,883053,144,5,0,5,0
2020-03-24,Kings,031,150075,22,0,0,0,0
2020-03-24,Lake,033,64148,0,0,0,0,0
2020-03-24,Lassen,035,31185,3,0,1,1,0
2020-03-24,Los Angeles,037,10098052,3752,633,12,645,7
2020-03-24,Madera,039,155013,36,6,0,6,0
2020-03-24,Marin,041,260295,89,44,0,44,0
2020-03-24,Mariposa,043,17540,0,0,0,0,0
2020-03-24,Mendocino,045,87422,3,1,0,1,0
2020-03-24,Merced,047,269075,26,0,0,0,0
2020-03-24,Modoc,049,8938,0,0,0,0,0
2020-03-24,Mono,051,14174,21,1,0,1,0
2020-03-24,Monterey,053,433212,59,23,0,23,1
2020-03-24,Napa,055,140530,23,2,0,2,0
2020-03-24,Nevada,057,99092,30,4,1,5,0
2020-03-24,Orange,059,3164182,940,166,9,175,0
2020-03-24,Placer,061,380077,93,22,0,22,1
2020-03-24,Plumas,063,18699,0,1,0,1,0
2020-03-24,Riverside,065,2383286,746,56,12,68,5
2020-03-24,Sacramento,067,1510023,426,93,0,93,4
2020-03-24,San Benito,069,59416,25,4,0,4,1
2020-03-24,San Bernardino,071,2135413,364,27,0,27,0
2020-03-24,San Diego,073,3302833,1126,231,0,231,2
2020-03-24,San Francisco,075,870044,534,181,0,181,1
2020-03-24,San Joaquin,077,732212,166,52,3,55,2
2020-03-24,San Luis Obispo,079,281455,102,32,0,32,0
2020-03-24,San Mateo,081,765935,536,100,2,102,2
2020-03-24,Santa Barbara,083,443738,151,20,1,21,0
2020-03-24,Santa Clara,085,1922200,1126,389,2,391,17
2020-03-24,Santa Cruz,087,273765,67,22,0,22,0
2020-03-24,Shasta,089,179085,15,3,0,3,0
2020-03-24,Sierra,091,2930,0,0,0,0,0
2020-03-24,Siskiyou,093,43540,4,2,0,2,0
2020-03-24,Solano,095,438530,78,34,0,34,0
2020-03-24,Sonoma,097,501317,116,27,0,27,1
2020-03-24,Stanislaus,099,539301,65,13,3,16,0
2020-03-24,Sutter,101,95872,9,0,0,0,0
2020-03-24,Tehama,103,63373,1,0,0,0,0
2020-03-24,Trinity,105,12862,0,0,0,0,0
2020-03-24,Tulare,107,460477,77,10,3,13,0
2020-03-24,Tuolumne,109,53932,2,0,0,0,0
2020-03-24,Ventura,111,848112,213,44,0,44,1
2020-03-24,Yolo,113,214977,40,8,0,8,0
2020-03-24,Yuba,115,75493,7,2,0,2,0
2020-03-23,Alameda,001,1643700,471,88,1,89,1
2020-03-23,Alpine,002,1148,1,0,0,0,0
2020-03-23,Amador,005,37829,2,1,0,1,0
2020-03-23,Butte,007,227075,12,2,0,2,0
2020-03-23,Calaveras,009,45235,5,2,0,2,0
2020-03-23,Colusa,011,21464,1,0,0,0,0
2020-03-23,Contra Costa,013,1133247,341,91,0,91,2
2020-03-23,Del Norte,015,27424,0,0,0,0,0
2020-03-23,El Dorado,017,186661,26,3,0,3,0
2020-03-23,Fresno,019,978130,123,10,2,12,0
2020-03-23,Glenn,021,27897,2,0,0,0,0
2020-03-23,Humboldt,023,135768,31,2,0,2,0
2020-03-23,Imperial,025,180216,50,2,0,2,0
2020-03-23,Inyo,027,18085,3,0,0,0,0
2020-03-23,Kern,029,883053,130,5,0,5,0
2020-03-23,Kings,031,150075,22,0,0,0,0
2020-03-23,Lake,033,64148,0,0,0,0,0
2020-03-23,Lassen,035,31185,3,0,1,1,0
2020-03-23,Los Angeles,037,10098052,3444,389,11,400,4
2020-03-23,Madera,039,155013,36,4,0,4,0
2020-03-23,Marin,041,260295,84,30,0,30,0
2020-03-23,Mariposa,043,17540,0,0,0,0,0
2020-03-23,Mendocino,045,87422,3,1,0,1,0
2020-03-23,Merced,047,269075,19,0,0,0,0
2020-03-23,Modoc,049,8938,0,0,0,0,0
2020-03-23,Mono,051,14174,19,1,0,1,0
2020-03-23,Monterey,053,433212,54,14,0,14,1
2020-03-23,Napa,055,140530,21,1,0,1,0
2020-03-23,Nevada,057,99092,27,2,1,3,0
2020-03-23,Orange,059,3164182,885,138,7,145,0
2020-03-23,Placer,061,380077,90,19,0,19,1
2020-03-23,Plumas,063,18699,0,0,0,0,0
2020-03-23,Riverside,065,2383286,703,39,12,51,5
2020-03-23,Sacramento,067,1510023,393,87,0,87,4
2020-03-23,San Benito,069,59416,24,4,0,4,1
2020-03-23,San Bernardino,071,2135413,334,17,0,17,0
2020-03-23,San Diego,073,3302833,1067,178,0,178,1
2020-03-23,San Francisco,075,870044,505,152,0,152,0
2020-03-23,San Joaquin,077,732212,154,37,3,40,2
2020-03-23,San Luis Obispo,079,281455,96,23,0,23,0
2020-03-23,San Mateo,081,765935,497,88,2,90,1
2020-03-23,Santa Barbara,083,443738,133,18,1,19,0
2020-03-23,Santa Clara,085,1922200,1077,336,2,338,13
2020-03-23,Santa Cruz,087,273765,65,21,0,21,0
2020-03-23,Shasta,089,179085,13,2,0,2,0
2020-03-23,Sierra,091,2930,0,0,0,0,0
2020-03-23,Siskiyou,093,43540,4,2,0,2,0
2020-03-23,Solano,095,438530,74,33,0,33,0
2020-03-23,Sonoma,097,501317,104,19,0,19,1
2020-03-23,Stanislaus,099,539301,57,10,3,13,0
2020-03-23,Sutter,101,95872,9,0,0,0,0
2020-03-23,Tehama,103,63373,1,0,0,0,0
2020-03-23,Trinity,105,12862,0,0,0,0,0
2020-03-23,Tulare,107,460477,68,9,3,12,0
2020-03-23,Tuolumne,109,53932,2,0,0,0,0
2020-03-23,Ventura,111,848112,196,30,0,30,0
2020-03-23,Yolo,113,214977,39,8,0,8,0
2020-03-23,Yuba,115,75493,7,2,0,2,0
2020-03-22,Alameda,001,1643700,432,72,1,73,1
2020-03-22,Alpine,002,1148,1,0,0,0,0
2020-03-22,Amador,005,37829,2,1,0,1,0
2020-03-22,Butte,007,227075,8,1,0,1,0
2020-03-22,Calaveras,009,45235,4,2,0,2,0
2020-03-22,Colusa,011,21464,1,0,0,0,0
2020-03-22,Contra Costa,013,1133247,314,79,0,79,1
2020-03-22,Del Norte,015,27424,0,0,0,0,0
2020-03-22,El Dorado,017,186661,24,1,0,1,0
2020-03-22,Fresno,019,978130,103,8,2,10,0
2020-03-22,Glenn,021,27897,2,0,0,0,0
2020-03-22,Humboldt,023,135768,28,1,0,1,0
2020-03-22,Imperial,025,180216,48,2,0,2,0
2020-03-22,Inyo,027,18085,1,0,0,0,0
2020-03-22,Kern,029,883053,114,3,0,3,0
2020-03-22,Kings,031,150075,19,0,0,0,0
2020-03-22,Lake,033,64148,0,0,0,0,0
2020-03-22,Lassen,035,31185,3,0,1,1,0
2020-03-22,Los Angeles,037,10098052,3114,384,11,395,3
2020-03-22,Madera,039,155013,33,4,0,4,0
2020-03-22,Marin,041,260295,74,30,0,30,0
2020-03-22,Mariposa,043,17540,0,0,0,0,0
2020-03-22,Mendocino,045,87422,3,1,0,1,0
2020-03-22,Merced,047,269075,16,0,0,0,0
2020-03-22,Modoc,049,8938,0,0,0,0,0
2020-03-22,Mono,051,14174,14,1,0,1,0
2020-03-22,Monterey,053,433212,51,14,0,14,1
2020-03-22,Napa,055,140530,17,1,0,1,0
2020-03-22,Nevada,057,99092,23,2,1,3,0
2020-03-22,Orange,059,3164182,812,102,4,106,0
2020-03-22,Placer,061,380077,88,18,0,18,1
2020-03-22,Plumas,063,18699,0,0,0,0,0
2020-03-22,Riverside,065,2383286,613,26,8,34,5
2020-03-22,Sacramento,067,1510023,361,82,0,82,4
2020-03-22,San Benito,069,59416,19,4,0,4,1
2020-03-22,San Bernardino,071,2135413,290,16,0,16,0
2020-03-22,San Diego,073,3302833,979,161,0,161,0
2020-03-22,San Francisco,075,870044,468,134,0,134,0
2020-03-22,San Joaquin,077,732212,140,30,3,33,2
2020-03-22,San Luis Obispo,079,281455,89,19,0,19,0
2020-03-22,San Mateo,081,765935,464,82,2,84,1
2020-03-22,Santa Barbara,083,443738,119,16,1,17,0
2020-03-22,Santa Clara,085,1922200,1013,284,2,286,13
2020-03-22,Santa Cruz,087,273765,64,19,0,19,0
2020-03-22,Shasta,089,179085,13,1,0,1,0
2020-03-22,Sierra,091,2930,0,0,0,0,0
2020-03-22,Siskiyou,093,43540,4,2,0,2,0
2020-03-22,Solano,095,438530,65,30,0,30,0
2020-03-22,Sonoma,097,501317,99,18,0,18,1
2020-03-22,Stanislaus,099,539301,51,8,3,11,0
2020-03-22,Sutter,101,95872,8,0,0,0,0
2020-03-22,Tehama,103,63373,0,0,0,0,0
2020-03-22,Trinity,105,12862,0,0,0,0,0
2020-03-22,Tulare,107,460477,62,5,3,8,0
2020-03-22,Tuolumne,109,53932,2,0,0,0,0
2020-03-22,Ventura,111,848112,174,26,0,26,0
2020-03-22,Yolo,113,214977,33,6,0,6,0
2020-03-22,Yuba,115,75493,7,2,0,2,0
2020-03-21,Alameda,001,1643700,408,62,1,63,0
2020-03-21,Alpine,002,1148,1,0,0,0,0
2020-03-21,Amador,005,37829,2,1,0,1,0
2020-03-21,Butte,007,227075,7,1,0,1,0
2020-03-21,Calaveras,009,45235,4,2,0,2,0
2020-03-21,Colusa,011,21464,1,0,0,0,0
2020-03-21,Contra Costa,013,1133247,303,62,0,62,1
2020-03-21,Del Norte,015,27424,0,0,0,0,0
2020-03-21,El Dorado,017,186661,21,1,0,1,0
2020-03-21,Fresno,019,978130,99,8,2,10,0
2020-03-21,Glenn,021,27897,2,0,0,0,0
2020-03-21,Humboldt,023,135768,25,1,0,1,0
2020-03-21,Imperial,025,180216,44,2,0,2,0
2020-03-21,Inyo,027,18085,1,0,0,0,0
2020-03-21,Kern,029,883053,108,3,0,3,0
2020-03-21,Kings,031,150075,19,0,0,0,0
2020-03-21,Lake,033,64148,0,0,0,0,0
2020-03-21,Lassen,035,31185,3,0,1,1,0
2020-03-21,Los Angeles,037,10098052,2838,322,11,333,2
2020-03-21,Madera,039,155013,33,4,0,4,0
2020-03-21,Marin,041,260295,69,30,0,30,0
2020-03-21,Mariposa,043,17540,0,0,0,0,0
2020-03-21,Mendocino,045,87422,3,1,0,1,0
2020-03-21,Merced,047,269075,12,0,0,0,0
2020-03-21,Modoc,049,8938,0,0,0,0,0
2020-03-21,Mono,051,14174,14,1,0,1,0
2020-03-21,Monterey,053,433212,48,8,0,8,1
2020-03-21,Napa,055,140530,17,0,0,0,0
2020-03-21,Nevada,057,99092,23,2,1,3,0
2020-03-21,Orange,059,3164182,763,85,4,89,0
2020-03-21,Placer,061,380077,78,11,0,11,1
2020-03-21,Plumas,063,18699,0,0,0,0,0
2020-03-21,Riverside,065,2383286,566,20,8,28,3
2020-03-21,Sacramento,067,1510023,334,66,0,66,3
2020-03-21,San Benito,069,59416,17,4,0,4,1
2020-03-21,San Bernardino,071,2135413,270,13,0,13,0
2020-03-21,San Diego,073,3302833,901,121,0,121,0
2020-03-21,San Francisco,075,870044,432,106,0,106,0
2020-03-21,San Joaquin,077,732212,131,26,3,29,2
2020-03-21,San Luis Obispo,079,281455,84,16,0,16,0
2020-03-21,San Mateo,081,765935,426,78,2,80,1
2020-03-21,Santa Barbara,083,443738,109,8,1,9,0
2020-03-21,Santa Clara,085,1922200,951,269,2,271,10
2020-03-21,Santa Cruz,087,273765,62,17,0,17,0
2020-03-21,Shasta,089,179085,12,1,0,1,0
2020-03-21,Sierra,091,2930,0,0,0,0,0
2020-03-21,Siskiyou,093,43540,4,0,0,0,0
2020-03-21,Solano,095,438530,63,30,0,30,0
2020-03-21,Sonoma,097,501317,98,15,0,15,1
2020-03-21,Stanislaus,099,539301,45,7,3,10,0
2020-03-21,Sutter,101,95872,7,0,0,0,0
2020-03-21,Tehama,103,63373,0,0,0,0,0
2020-03-21,Trinity,105,12862,0,0,0,0,0
2020-03-21,Tulare,107,460477,54,5,3,8,0
2020-03-21,Tuolumne,109,53932,2,0,0,0,0
2020-03-21,Ventura,111,848112,166,22,0,22,0
2020-03-21,Yolo,113,214977,33,6,0,6,0
2020-03-21,Yuba,115,75493,7,1,0,1,0
2020-03-20,Alameda,001,1643700,387,42,1,43,0
2020-03-20,Alpine,002,1148,1,0,0,0,0
2020-03-20,Amador,005,37829,1,0,0,0,0
2020-03-20,Butte,007,227075,7,0,0,0,0
2020-03-20,Calaveras,009,45235,4,2,0,2,0
2020-03-20,Colusa,011,21464,1,0,0,0,0
2020-03-20,Contra Costa,013,1133247,273,52,0,52,1
2020-03-20,Del Norte,015,27424,0,0,0,0,0
2020-03-20,El Dorado,017,186661,20,1,0,1,0
2020-03-20,Fresno,019,978130,96,7,2,9,0
2020-03-20,Glenn,021,27897,1,0,0,0,0
2020-03-20,Humboldt,023,135768,25,1,0,1,0
2020-03-20,Imperial,025,180216,43,2,0,2,0
2020-03-20,Inyo,027,18085,0,0,0,0,0
2020-03-20,Kern,029,883053,93,3,0,3,0
2020-03-20,Kings,031,150075,18,0,0,0,0
2020-03-20,Lake,033,64148,0,0,0,0,0
2020-03-20,Lassen,035,31185,3,0,1,1,0
2020-03-20,Los Angeles,037,10098052,2610,267,10,277,1
2020-03-20,Madera,039,155013,32,4,0,4,0
2020-03-20,Marin,041,260295,66,30,0,30,0
2020-03-20,Mariposa,043,17540,0,0,0,0,0
2020-03-20,Mendocino,045,87422,3,1,0,1,0
2020-03-20,Merced,047,269075,10,0,0,0,0
2020-03-20,Modoc,049,8938,0,0,0,0,0
2020-03-20,Mono,051,14174,14,0,0,0,0
2020-03-20,Monterey,053,433212,47,4,0,4,0
2020-03-20,Napa,055,140530,16,0,0,0,0
2020-03-20,Nevada,057,99092,20,2,1,3,0
2020-03-20,Orange,059,3164182,716,71,4,75,2
2020-03-20,Placer,061,380077,72,9,0,9,1
2020-03-20,Plumas,063,18699,0,0,0,0,0
2020-03-20,Riverside,065,2383286,507,19,8,27,3
2020-03-20,Sacramento,067,1510023,313,56,0,56,4
2020-03-20,San Benito,069,59416,17,4,0,4,1
2020-03-20,San Bernardino,071,2135413,243,9,0,9,0
2020-03-20,San Diego,073,3302833,849,98,0,98,0
2020-03-20,San Francisco,075,870044,399,87,0,87,0
2020-03-20,San Joaquin,077,732212,116,18,3,21,2
2020-03-20,San Luis Obispo,079,281455,80,11,0,11,0
2020-03-20,San Mateo,081,765935,396,71,2,73,1
2020-03-20,Santa Barbara,083,443738,97,7,1,8,0
2020-03-20,Santa Clara,085,1922200,915,246,2,248,8
2020-03-20,Santa Cruz,087,273765,60,13,0,13,0
2020-03-20,Shasta,089,179085,11,1,0,1,0
2020-03-20,Sierra,091,2930,0,0,0,0,0
2020-03-20,Siskiyou,093,43540,4,0,0,0,0
2020-03-20,Solano,095,438530,59,29,0,29,0
2020-03-20,Sonoma,097,501317,90,7,0,7,0
2020-03-20,Stanislaus,099,539301,39,7,3,10,0
2020-03-20,Sutter,101,95872,7,0,0,0,0
2020-03-20,Tehama,103,63373,0,0,0,0,0
2020-03-20,Trinity,105,12862,0,0,0,0,0
2020-03-20,Tulare,107,460477,50,4,3,7,0
2020-03-20,Tuolumne,109,53932,2,0,0,0,0
2020-03-20,Ventura,111,848112,156,18,0,18,0
2020-03-20,Yolo,113,214977,31,5,0,5,0
2020-03-20,Yuba,115,75493,6,0,0,0,0
2020-03-19,Alameda,001,1643700,351,36,1,37,0
2020-03-19,Alpine,002,1148,1,0,0,0,0
2020-03-19,Amador,005,37829,1,0,0,0,0
2020-03-19,Butte,007,227075,5,0,0,0,0
2020-03-19,Calaveras,009,45235,4,2,0,2,0
2020-03-19,Colusa,011,21464,0,0,0,0,0
2020-03-19,Contra Costa,013,1133247,257,46,0,46,0
2020-03-19,Del Norte,015,27424,0,0,0,0,0
2020-03-19,El Dorado,017,186661,18,0,0,0,0
2020-03-19,Fresno,019,978130,87,6,2,8,0
2020-03-19,Glenn,021,27897,1,0,0,0,0
2020-03-19,Humboldt,023,135768,23,1,0,1,0
2020-03-19,Imperial,025,180216,36,2,0,2,0
2020-03-19,Inyo,027,18085,0,0,0,0,0
2020-03-19,Kern,029,883053,81,3,0,3,0
2020-03-19,Kings,031,150075,14,0,0,0,0
2020-03-19,Lake,033,64148,0,0,0,0,0
2020-03-19,Lassen,035,31185,2,0,1,1,0
2020-03-19,Los Angeles,037,10098052,2320,233,10,243,0
2020-03-19,Madera,039,155013,31,3,0,3,0
2020-03-19,Marin,041,260295,63,19,0,19,0
2020-03-19,Mariposa,043,17540,0,0,0,0,0
2020-03-19,Mendocino,045,87422,2,1,0,1,0
2020-03-19,Merced,047,269075,9,0,0,0,0
2020-03-19,Modoc,049,8938,0,0,0,0,0
2020-03-19,Mono,051,14174,12,0,0,0,0
2020-03-19,Monterey,053,433212,39,3,0,3,0
2020-03-19,Napa,055,140530,14,0,0,0,0
2020-03-19,Nevada,057,99092,18,2,1,3,0
2020-03-19,Orange,059,3164182,635,59,4,63,0
2020-03-19,Placer,061,380077,64,8,0,8,1
2020-03-19,Plumas,063,18699,0,0,0,0,0
2020-03-19,Riverside,065,2383286,396,14,6,20,3
2020-03-19,Sacramento,067,1510023,280,52,0,52,3
2020-03-19,San Benito,069,59416,14,3,0,3,0
2020-03-19,San Bernardino,071,2135413,213,7,0,7,0
2020-03-19,San Diego,073,3302833,766,68,0,68,0
2020-03-19,San Francisco,075,870044,363,80,0,80,0
2020-03-19,San Joaquin,077,732212,102,15,3,18,2
2020-03-19,San Luis Obispo,079,281455,77,6,0,6,0
2020-03-19,San Mateo,081,765935,361,58,2,60,1
2020-03-19,Santa Barbara,083,443738,85,5,0,5,0
2020-03-19,Santa Clara,085,1922200,848,183,2,185,8
2020-03-19,Santa Cruz,087,273765,57,13,0,13,0
2020-03-19,Shasta,089,179085,10,1,0,1,0
2020-03-19,Sierra,091,2930,0,0,0,0,0
2020-03-19,Siskiyou,093,43540,3,0,0,0,0
2020-03-19,Solano,095,438530,55,26,0,26,0
2020-03-19,Sonoma,097,501317,87,8,0,8,0
2020-03-19,Stanislaus,099,539301,38,7,3,10,0
2020-03-19,Sutter,101,95872,7,0,0,0,0
2020-03-19,Tehama,103,63373,0,0,0,0,0
2020-03-19,Trinity,105,12862,0,0,0,0,0
2020-03-19,Tulare,107,460477,44,3,3,6,0
2020-03-19,Tuolumne,109,53932,2,0,0,0,0
2020-03-19,Ventura,111,848112,134,15,0,15,0
2020-03-19,Yolo,113,214977,27,5,0,5,0
2020-03-19,Yuba,115,75493,5,0,0,0,0
2020-03-18,Alameda,001,1643700,322,29,1,30,0
2020-03-18,Alpine,002,1148,1,0,0,0,0
2020-03-18,Amador,005,37829,1,0,0,0,0
2020-03-18,Butte,007,227075,4,0,0,0,0
2020-03-18,Calaveras,009,45235,4,2,0,2,0
2020-03-18,Colusa,011,21464,0,0,0,0,0
2020-03-18,Contra Costa,013,1133247,235,44,0,44,0
2020-03-18,Del Norte,015,27424,0,0,0,0,0
2020-03-18,El Dorado,017,186661,17,0,0,0,0
2020-03-18,Fresno,019,978130,78,3,1,4,0
2020-03-18,Glenn,021,27897,1,0,0,0,0
2020-03-18,Humboldt,023,135768,19,1,0,1,0
2020-03-18,Imperial,025,180216,30,2,0,2,0
2020-03-18,Inyo,027,18085,0,0,0,0,0
2020-03-18,Kern,029,883053,66,1,0,1,0
2020-03-18,Kings,031,150075,12,0,0,0,0
2020-03-18,Lake,033,64148,0,0,0,0,0
2020-03-18,Lassen,035,31185,1,0,1,1,0
2020-03-18,Los Angeles,037,10098052,2075,47,10,57,0
2020-03-18,Madera,039,155013,30,2,0,2,0
2020-03-18,Marin,041,260295,58,10,0,10,0
2020-03-18,Mariposa,043,17540,0,0,0,0,0
2020-03-18,Mendocino,045,87422,2,0,0,0,0
2020-03-18,Merced,047,269075,9,0,0,0,0
2020-03-18,Modoc,049,8938,0,0,0,0,0
2020-03-18,Mono,051,14174,11,0,0,0,0
2020-03-18,Monterey,053,433212,31,1,0,1,0
2020-03-18,Napa,055,140530,11,0,0,0,0
2020-03-18,Nevada,057,99092,16,2,1,3,0
2020-03-18,Orange,059,3164182,577,38,4,42,0
2020-03-18,Placer,061,380077,57,8,0,8,1
2020-03-18,Plumas,063,18699,0,0,0,0,0
2020-03-18,Riverside,065,2383286,333,11,5,16,2
2020-03-18,Sacramento,067,1510023,257,46,0,46,3
2020-03-18,San Benito,069,59416,13,3,0,3,0
2020-03-18,San Bernardino,071,2135413,191,3,0,3,0
2020-03-18,San Diego,073,3302833,681,40,0,40,0
2020-03-18,San Francisco,075,870044,344,65,0,65,0
2020-03-18,San Joaquin,077,732212,90,14,3,17,2
2020-03-18,San Luis Obispo,079,281455,70,5,0,5,0
2020-03-18,San Mateo,081,765935,340,57,2,59,1
2020-03-18,Santa Barbara,083,443738,77,2,0,2,0
2020-03-18,Santa Clara,085,1922200,797,151,2,153,6
2020-03-18,Santa Cruz,087,273765,55,11,0,11,0
2020-03-18,Shasta,089,179085,9,1,0,1,0
2020-03-18,Sierra,091,2930,0,0,0,0,0
2020-03-18,Siskiyou,093,43540,3,0,0,0,0
2020-03-18,Solano,095,438530,51,26,0,26,0
2020-03-18,Sonoma,097,501317,78,6,0,6,0
2020-03-18,Stanislaus,099,539301,34,5,2,7,0
2020-03-18,Sutter,101,95872,5,0,0,0,0
2020-03-18,Tehama,103,63373,0,0,0,0,0
2020-03-18,Trinity,105,12862,0,0,0,0,0
2020-03-18,Tulare,107,460477,34,3,3,6,0
2020-03-18,Tuolumne,109,53932,2,0,0,0,0
2020-03-18,Ventura,111,848112,115,11,0,11,0
2020-03-18,Yolo,113,214977,24,4,0,4,0
2020-03-18,Yuba,115,75493,4,0,0,0,0
2020-03-17,Alameda,001,1643700,290,19,0,19,0
2020-03-17,Alpine,002,1148,0,0,0,0,0
2020-03-17,Amador,005,37829,1,0,0,0,0
2020-03-17,Butte,007,227075,4,0,0,0,0
2020-03-17,Calaveras,009,45235,4,2,0,2,0
2020-03-17,Colusa,011,21464,0,0,0,0,0
2020-03-17,Contra Costa,013,1133247,213,37,0,37,0
2020-03-17,Del Norte,015,27424,0,0,0,0,0
2020-03-17,El Dorado,017,186661,16,0,0,0,0
2020-03-17,Fresno,019,978130,68,2,1,3,0
2020-03-17,Glenn,021,27897,1,0,0,0,0
2020-03-17,Humboldt,023,135768,17,1,0,1,0
2020-03-17,Imperial,025,180216,24,2,0,2,0
2020-03-17,Inyo,027,18085,0,0,0,0,0
2020-03-17,Kern,029,883053,52,0,0,0,0
2020-03-17,Kings,031,150075,9,0,0,0,0
2020-03-17,Lake,033,64148,0,0,0,0,0
2020-03-17,Lassen,035,31185,1,0,1,1,0
2020-03-17,Los Angeles,037,10098052,1866,41,10,51,0
2020-03-17,Madera,039,155013,22,2,0,2,0
2020-03-17,Marin,041,260295,51,4,0,4,0
2020-03-17,Mariposa,043,17540,0,0,0,0,0
2020-03-17,Mendocino,045,87422,2,0,0,0,0
2020-03-17,Merced,047,269075,9,0,0,0,0
2020-03-17,Modoc,049,8938,0,0,0,0,0
2020-03-17,Mono,051,14174,9,0,0,0,0
2020-03-17,Monterey,053,433212,29,0,0,0,0
2020-03-17,Napa,055,140530,8,0,0,0,0
2020-03-17,Nevada,057,99092,15,1,1,2,0
2020-03-17,Orange,059,3164182,499,24,3,27,0
2020-03-17,Placer,061,380077,47,7,0,7,1
2020-03-17,Plumas,063,18699,0,0,0,0,0
2020-03-17,Riverside,065,2383286,271,11,5,16,0
2020-03-17,Sacramento,067,1510023,237,36,0,36,1
2020-03-17,San Benito,069,59416,12,2,0,2,0
2020-03-17,San Bernardino,071,2135413,163,2,0,2,0
2020-03-17,San Diego,073,3302833,614,17,0,17,0
2020-03-17,San Francisco,075,870044,317,46,0,46,0
2020-03-17,San Joaquin,077,732212,84,11,3,14,0
2020-03-17,San Luis Obispo,079,281455,62,1,0,1,0
2020-03-17,San Mateo,081,765935,308,46,2,48,1
2020-03-17,Santa Barbara,083,443738,65,0,0,0,0
2020-03-17,Santa Clara,085,1922200,739,121,2,123,4
2020-03-17,Santa Cruz,087,273765,52,10,0,10,0
2020-03-17,Shasta,089,179085,5,1,0,1,0
2020-03-17,Sierra,091,2930,0,0,0,0,0
2020-03-17,Siskiyou,093,43540,3,0,0,0,0
2020-03-17,Solano,095,438530,48,27,0,27,0
2020-03-17,Sonoma,097,501317,70,4,0,4,0
2020-03-17,Stanislaus,099,539301,31,4,2,6,0
2020-03-17,Sutter,101,95872,5,0,0,0,0
2020-03-17,Tehama,103,63373,0,0,0,0,0
2020-03-17,Trinity,105,12862,0,0,0,0,0
2020-03-17,Tulare,107,460477,29,2,3,5,0
2020-03-17,Tuolumne,109,53932,2,0,0,0,0
2020-03-17,Ventura,111,848112,98,7,0,7,0
2020-03-17,Yolo,113,214977,20,2,0,2,0
2020-03-17,Yuba,115,75493,4,0,0,0,0
2020-03-16,Alameda,001,1643700,261,17,0,17,0
2020-03-16,Alpine,002,1148,0,0,0,0,0
2020-03-16,Amador,005,37829,1,0,0,0,0
2020-03-16,Butte,007,227075,3,0,0,0,0
2020-03-16,Calaveras,009,45235,4,2,0,2,0
2020-03-16,Colusa,011,21464,0,0,0,0,0
2020-03-16,Contra Costa,013,1133247,189,36,0,36,0
2020-03-16,Del Norte,015,27424,0,0,0,0,0
2020-03-16,El Dorado,017,186661,15,0,0,0,0
2020-03-16,Fresno,019,978130,53,2,1,3,0
2020-03-16,Glenn,021,27897,0,0,0,0,0
2020-03-16,Humboldt,023,135768,13,1,0,1,0
2020-03-16,Imperial,025,180216,19,2,0,2,0
2020-03-16,Inyo,027,18085,0,0,0,0,0
2020-03-16,Kern,029,883053,43,0,0,0,0
2020-03-16,Kings,031,150075,8,0,0,0,0
2020-03-16,Lake,033,64148,0,0,0,0,0
2020-03-16,Lassen,035,31185,1,0,0,0,0
2020-03-16,Los Angeles,037,10098052,1628,43,10,53,0
2020-03-16,Madera,039,155013,21,2,0,2,0
2020-03-16,Marin,041,260295,48,4,0,4,0
2020-03-16,Mariposa,043,17540,0,0,0,0,0
2020-03-16,Mendocino,045,87422,2,0,0,0,0
2020-03-16,Merced,047,269075,7,0,0,0,0
2020-03-16,Modoc,049,8938,0,0,0,0,0
2020-03-16,Mono,051,14174,7,0,0,0,0
2020-03-16,Monterey,053,433212,28,0,0,0,0
2020-03-16,Napa,055,140530,7,0,0,0,0
2020-03-16,Nevada,057,99092,11,1,1,2,0
2020-03-16,Orange,059,3164182,416,18,3,21,0
2020-03-16,Placer,061,380077,39,7,0,7,1
2020-03-16,Plumas,063,18699,0,0,0,0,0
2020-03-16,Riverside,065,2383286,235,10,5,15,0
2020-03-16,Sacramento,067,1510023,210,34,0,34,1
2020-03-16,San Benito,069,59416,8,2,0,2,0
2020-03-16,San Bernardino,071,2135413,143,1,0,1,0
2020-03-16,San Diego,073,3302833,523,17,0,17,0
2020-03-16,San Francisco,075,870044,279,40,0,40,0
2020-03-16,San Joaquin,077,732212,74,9,3,12,0
2020-03-16,San Luis Obispo,079,281455,55,1,0,1,0
2020-03-16,San Mateo,081,765935,269,42,2,44,1
2020-03-16,Santa Barbara,083,443738,55,0,0,0,0
2020-03-16,Santa Clara,085,1922200,659,115,1,116,2
2020-03-16,Santa Cruz,087,273765,45,9,0,9,0
2020-03-16,Shasta,089,179085,5,1,0,1,0
2020-03-16,Sierra,091,2930,0,0,0,0,0
2020-03-16,Siskiyou,093,43540,2,0,0,0,0
2020-03-16,Solano,095,438530,43,27,0,27,0
2020-03-16,Sonoma,097,501317,62,4,0,4,0
2020-03-16,Stanislaus,099,539301,27,2,2,4,0
2020-03-16,Sutter,101,95872,3,0,0,0,0
2020-03-16,Tehama,103,63373,0,0,0,0,0
2020-03-16,Trinity,105,12862,0,0,0,0,0
2020-03-16,Tulare,107,460477,25,2,3,5,0
2020-03-16,Tuolumne,109,53932,2,0,0,0,0
2020-03-16,Ventura,111,848112,88,7,0,7,0
2020-03-16,Yolo,113,214977,18,2,0,2,0
2020-03-16,Yuba,115,75493,3,0,0,0,0
2020-03-15,Alameda,001,1643700,214,17,0,17,0
2020-03-15,Alpine,002,1148,0,0,0,0,0
2020-03-15,Amador,005,37829,1,0,0,0,0
2020-03-15,Butte,007,227075,3,0,0,0,0
2020-03-15,Calaveras,009,45235,2,2,0,2,0
2020-03-15,Colusa,011,21464,0,0,0,0,0
2020-03-15,Contra Costa,013,1133247,164,34,0,34,0
2020-03-15,Del Norte,015,27424,0,0,0,0,0
2020-03-15,El Dorado,017,186661,14,0,0,0,0
2020-03-15,Fresno,019,978130,33,1,1,2,0
2020-03-15,Glenn,021,27897,0,0,0,0,0
2020-03-15,Humboldt,023,135768,11,1,0,1,0
2020-03-15,Imperial,025,180216,14,2,0,2,0
2020-03-15,Inyo,027,18085,0,0,0,0,0
2020-03-15,Kern,029,883053,37,0,0,0,0
2020-03-15,Kings,031,150075,8,0,0,0,0
2020-03-15,Lake,033,64148,0,0,0,0,0
2020-03-15,Lassen,035,31185,1,0,0,0,0
2020-03-15,Los Angeles,037,10098052,1380,41,10,51,0
2020-03-15,Madera,039,155013,20,2,0,2,0
2020-03-15,Marin,041,260295,41,3,0,3,0
2020-03-15,Mariposa,043,17540,0,0,0,0,0
2020-03-15,Mendocino,045,87422,2,0,0,0,0
2020-03-15,Merced,047,269075,4,0,0,0,0
2020-03-15,Modoc,049,8938,0,0,0,0,0
2020-03-15,Mono,051,14174,6,0,0,0,0
2020-03-15,Monterey,053,433212,21,0,0,0,0
2020-03-15,Napa,055,140530,7,0,0,0,0
2020-03-15,Nevada,057,99092,11,0,1,1,0
2020-03-15,Orange,059,3164182,348,16,1,17,0
2020-03-15,Placer,061,380077,33,7,0,7,1
2020-03-15,Plumas,063,18699,0,0,0,0,0
2020-03-15,Riverside,065,2383286,183,10,5,15,0
2020-03-15,Sacramento,067,1510023,174,30,0,30,1
2020-03-15,San Benito,069,59416,8,2,0,2,0
2020-03-15,San Bernardino,071,2135413,121,0,0,0,0
2020-03-15,San Diego,073,3302833,436,16,0,16,0
2020-03-15,San Francisco,075,870044,221,31,0,31,0
2020-03-15,San Joaquin,077,732212,63,6,3,9,0
2020-03-15,San Luis Obispo,079,281455,45,1,0,1,0
2020-03-15,San Mateo,081,765935,235,29,1,30,1
2020-03-15,Santa Barbara,083,443738,46,0,0,0,0
2020-03-15,Santa Clara,085,1922200,587,79,1,80,2
2020-03-15,Santa Cruz,087,273765,38,8,0,8,0
2020-03-15,Shasta,089,179085,5,1,0,1,0
2020-03-15,Sierra,091,2930,0,0,0,0,0
2020-03-15,Siskiyou,093,43540,2,0,0,0,0
2020-03-15,Solano,095,438530,42,26,0,26,0
2020-03-15,Sonoma,097,501317,53,4,0,4,0
2020-03-15,Stanislaus,099,539301,26,2,2,4,0
2020-03-15,Sutter,101,95872,2,0,0,0,0
2020-03-15,Tehama,103,63373,0,0,0,0,0
2020-03-15,Trinity,105,12862,0,0,0,0,0
2020-03-15,Tulare,107,460477,19,2,3,5,0
2020-03-15,Tuolumne,109,53932,1,0,0,0,0
2020-03-15,Ventura,111,848112,77,5,0,5,0
2020-03-15,Yolo,113,214977,15,2,0,2,0
2020-03-15,Yuba,115,75493,2,0,0,0,0
2020-03-14,Alameda,001,1643700,195,11,0,11,0
2020-03-14,Alpine,002,1148,0,0,0,0,0
2020-03-14,Amador,005,37829,1,0,0,0,0
2020-03-14,Butte,007,227075,2,0,0,0,0
2020-03-14,Calaveras,009,45235,2,2,0,2,0
2020-03-14,Colusa,011,21464,0,0,0,0,0
2020-03-14,Contra Costa,013,1133247,142,30,0,30,0
2020-03-14,Del Norte,015,27424,0,0,0,0,0
2020-03-14,El Dorado,017,186661,12,0,0,0,0
2020-03-14,Fresno,019,978130,25,1,1,2,0
2020-03-14,Glenn,021,27897,0,0,0,0,0
2020-03-14,Humboldt,023,135768,7,1,0,1,0
2020-03-14,Imperial,025,180216,10,2,0,2,0
2020-03-14,Inyo,027,18085,0,0,0,0,0
2020-03-14,Kern,029,883053,32,0,0,0,0
2020-03-14,Kings,031,150075,8,0,0,0,0
2020-03-14,Lake,033,64148,0,0,0,0,0
2020-03-14,Lassen,035,31185,1,0,0,0,0
2020-03-14,Los Angeles,037,10098052,1198,35,10,45,0
2020-03-14,Madera,039,155013,19,2,0,2,0
2020-03-14,Marin,041,260295,37,3,0,3,0
2020-03-14,Mariposa,043,17540,0,0,0,0,0
2020-03-14,Mendocino,045,87422,2,0,0,0,0
2020-03-14,Merced,047,269075,4,0,0,0,0
2020-03-14,Modoc,049,8938,0,0,0,0,0
2020-03-14,Mono,051,14174,5,0,0,0,0
2020-03-14,Monterey,053,433212,15,0,0,0,0
2020-03-14,Napa,055,140530,5,0,0,0,0
2020-03-14,Nevada,057,99092,8,0,1,1,0
2020-03-14,Orange,059,3164182,309,14,0,14,0
2020-03-14,Placer,061,380077,29,6,0,6,1
2020-03-14,Plumas,063,18699,0,0,0,0,0
2020-03-14,Riverside,065,2383286,163,10,5,15,0
2020-03-14,Sacramento,067,1510023,152,31,0,31,1
2020-03-14,San Benito,069,59416,8,2,0,2,0
2020-03-14,San Bernardino,071,2135413,102,0,0,0,0
2020-03-14,San Diego,073,3302833,361,10,0,10,0
2020-03-14,San Francisco,075,870044,200,29,0,29,0
2020-03-14,San Joaquin,077,732212,54,6,3,9,0
2020-03-14,San Luis Obispo,079,281455,40,0,0,0,0
2020-03-14,San Mateo,081,765935,212,27,1,28,0
2020-03-14,Santa Barbara,083,443738,37,0,0,0,0
2020-03-14,Santa Clara,085,1922200,532,62,1,63,2
2020-03-14,Santa Cruz,087,273765,33,8,0,8,0
2020-03-14,Shasta,089,179085,5,1,0,1,0
2020-03-14,Sierra,091,2930,0,0,0,0,0
2020-03-14,Siskiyou,093,43540,1,0,0,0,0
2020-03-14,Solano,095,438530,40,26,0,26,0
2020-03-14,Sonoma,097,501317,40,2,0,2,0
2020-03-14,Stanislaus,099,539301,22,2,2,4,0
2020-03-14,Sutter,101,95872,2,0,0,0,0
2020-03-14,Tehama,103,63373,0,0,0,0,0
2020-03-14,Trinity,105,12862,0,0,0,0,0
2020-03-14,Tulare,107,460477,17,2,2,4,0
2020-03-14,Tuolumne,109,53932,1,0,0,0,0
2020-03-14,Ventura,111,848112,68,5,0,5,0
2020-03-14,Yolo,113,214977,15,2,0,2,0
2020-03-14,Yuba,115,75493,1,0,0,0,0
2020-03-13,Alameda,001,1643700,176,12,0,12,0
2020-03-13,Alpine,002,1148,0,0,0,0,0
2020-03-13,Amador,005,37829,1,0,0,0,0
2020-03-13,Butte,007,227075,0,0,0,0,0
2020-03-13,Calaveras,009,45235,2,2,0,2,0
2020-03-13,Colusa,011,21464,0,0,0,0,0
2020-03-13,Contra Costa,013,1133247,128,22,0,22,0
2020-03-13,Del Norte,015,27424,0,0,0,0,0
2020-03-13,El Dorado,017,186661,11,0,0,0,0
2020-03-13,Fresno,019,978130,20,1,1,2,0
2020-03-13,Glenn,021,27897,0,0,0,0,0
2020-03-13,Humboldt,023,135768,7,1,0,1,0
2020-03-13,Imperial,025,180216,9,2,0,2,0
2020-03-13,Inyo,027,18085,0,0,0,0,0
2020-03-13,Kern,029,883053,27,0,0,0,0
2020-03-13,Kings,031,150075,7,0,0,0,0
2020-03-13,Lake,033,64148,0,0,0,0,0
2020-03-13,Lassen,035,31185,1,0,0,0,0
2020-03-13,Los Angeles,037,10098052,1041,30,8,38,0
2020-03-13,Madera,039,155013,18,1,0,1,0
2020-03-13,Marin,041,260295,34,3,0,3,0
2020-03-13,Mariposa,043,17540,0,0,0,0,0
2020-03-13,Mendocino,045,87422,2,0,0,0,0
2020-03-13,Merced,047,269075,2,0,0,0,0
2020-03-13,Modoc,049,8938,0,0,0,0,0
2020-03-13,Mono,051,14174,3,0,0,0,0
2020-03-13,Monterey,053,433212,10,0,0,0,0
2020-03-13,Napa,055,140530,3,0,0,0,0
2020-03-13,Nevada,057,99092,7,0,1,1,0
2020-03-13,Orange,059,3164182,269,10,0,10,0
2020-03-13,Placer,061,380077,27,6,0,6,1
2020-03-13,Plumas,063,18699,0,0,0,0,0
2020-03-13,Riverside,065,2383286,133,5,4,9,0
2020-03-13,Sacramento,067,1510023,130,18,0,18,1
2020-03-13,San Benito,069,59416,6,2,0,2,0
2020-03-13,San Bernardino,071,2135413,96,0,0,0,0
2020-03-13,San Diego,073,3302833,311,8,0,8,0
2020-03-13,San Francisco,075,870044,185,28,0,28,0
2020-03-13,San Joaquin,077,732212,50,6,3,9,0
2020-03-13,San Luis Obispo,079,281455,33,0,0,0,0
2020-03-13,San Mateo,081,765935,191,24,1,25,0
2020-03-13,Santa Barbara,083,443738,33,0,0,0,0
2020-03-13,Santa Clara,085,1922200,470,59,1,60,1
2020-03-13,Santa Cruz,087,273765,32,7,0,7,0
2020-03-13,Shasta,089,179085,3,1,0,1,0
2020-03-13,Sierra,091,2930,0,0,0,0,0
2020-03-13,Siskiyou,093,43540,0,0,0,0,0
2020-03-13,Solano,095,438530,39,26,0,26,0
2020-03-13,Sonoma,097,501317,39,2,0,2,0
2020-03-13,Stanislaus,099,539301,17,2,2,4,0
2020-03-13,Sutter,101,95872,2,0,0,0,0
2020-03-13,Tehama,103,63373,0,0,0,0,0
2020-03-13,Trinity,105,12862,0,0,0,0,0
2020-03-13,Tulare,107,460477,14,2,2,4,0
2020-03-13,Tuolumne,109,53932,1,0,0,0,0
2020-03-13,Ventura,111,848112,54,5,0,5,0
2020-03-13,Yolo,113,214977,14,1,0,1,0
2020-03-13,Yuba,115,75493,1,0,0,0,0
2020-03-12,Alameda,001,1643700,151,9,0,9,0
2020-03-12,Alpine,002,1148,0,0,0,0,0
2020-03-12,Amador,005,37829,1,0,0,0,0
2020-03-12,Butte,007,227075,0,0,0,0,0
2020-03-12,Calaveras,009,45235,2,2,0,2,0
2020-03-12,Colusa,011,21464,0,0,0,0,0
2020-03-12,Contra Costa,013,1133247,110,18,0,18,0
2020-03-12,Del Norte,015,27424,0,0,0,0,0
2020-03-12,El Dorado,017,186661,9,0,0,0,0
2020-03-12,Fresno,019,978130,12,1,1,2,0
2020-03-12,Glenn,021,27897,0,0,0,0,0
2020-03-12,Humboldt,023,135768,6,1,0,1,0
2020-03-12,Imperial,025,180216,8,2,0,2,0
2020-03-12,Inyo,027,18085,0,0,0,0,0
2020-03-12,Kern,029,883053,18,0,0,0,0
2020-03-12,Kings,031,150075,4,0,0,0,0
2020-03-12,Lake,033,64148,0,0,0,0,0
2020-03-12,Lassen,035,31185,1,0,0,0,0
2020-03-12,Los Angeles,037,10098052,877,30,8,38,0
2020-03-12,Madera,039,155013,15,1,0,1,0
2020-03-12,Marin,041,260295,24,1,0,1,0
2020-03-12,Mariposa,043,17540,0,0,0,0,0
2020-03-12,Mendocino,045,87422,2,0,0,0,0
2020-03-12,Merced,047,269075,2,0,0,0,0
2020-03-12,Modoc,049,8938,0,0,0,0,0
2020-03-12,Mono,051,14174,3,0,0,0,0
2020-03-12,Monterey,053,433212,8,0,0,0,0
2020-03-12,Napa,055,140530,3,0,0,0,0
2020-03-12,Nevada,057,99092,4,0,1,1,0
2020-03-12,Orange,059,3164182,232,7,0,7,0
2020-03-12,Placer,061,380077,23,6,0,6,1
2020-03-12,Plumas,063,18699,0,0,0,0,0
2020-03-12,Riverside,065,2383286,107,5,2,7,0
2020-03-12,Sacramento,067,1510023,106,17,0,17,1
2020-03-12,San Benito,069,59416,5,2,0,2,0
2020-03-12,San Bernardino,071,2135413,80,0,0,0,0
2020-03-12,San Diego,073,3302833,256,9,0,9,0
2020-03-12,San Francisco,075,870044,159,20,0,20,0
2020-03-12,San Joaquin,077,732212,44,3,3,6,1
2020-03-12,San Luis Obispo,079,281455,26,0,0,0,0
2020-03-12,San Mateo,081,765935,157,21,1,22,0
2020-03-12,Santa Barbara,083,443738,22,0,0,0,0
2020-03-12,Santa Clara,085,1922200,412,51,1,52,1
2020-03-12,Santa Cruz,087,273765,29,5,0,5,0
2020-03-12,Shasta,089,179085,2,1,0,1,0
2020-03-12,Sierra,091,2930,0,0,0,0,0
2020-03-12,Siskiyou,093,43540,0,0,0,0,0
2020-03-12,Solano,095,438530,34,26,0,26,0
2020-03-12,Sonoma,097,501317,34,2,0,2,0
2020-03-12,Stanislaus,099,539301,15,2,2,4,0
2020-03-12,Sutter,101,95872,0,0,0,0,0
2020-03-12,Tehama,103,63373,0,0,0,0,0
2020-03-12,Trinity,105,12862,0,0,0,0,0
2020-03-12,Tulare,107,460477,12,1,1,2,0
2020-03-12,Tuolumne,109,53932,1,0,0,0,0
2020-03-12,Ventura,111,848112,45,3,0,3,0
2020-03-12,Yolo,113,214977,13,1,0,1,0
2020-03-12,Yuba,115,75493,1,0,0,0,0
2020-03-11,Alameda,001,1643700,121,5,0,5,0
2020-03-11,Alpine,002,1148,0,0,0,0,0
2020-03-11,Amador,005,37829,1,0,0,0,0
2020-03-11,Butte,007,227075,0,0,0,0,0
2020-03-11,Calaveras,009,45235,2,2,0,2,0
2020-03-11,Colusa,011,21464,0,0,0,0,0
2020-03-11,Contra Costa,013,1133247,94,16,0,16,0
2020-03-11,Del Norte,015,27424,0,0,0,0,0
2020-03-11,El Dorado,017,186661,8,0,0,0,0
2020-03-11,Fresno,019,978130,9,1,1,2,0
2020-03-11,Glenn,021,27897,0,0,0,0,0
2020-03-11,Humboldt,023,135768,6,1,0,1,0
2020-03-11,Imperial,025,180216,6,0,0,0,0
2020-03-11,Inyo,027,18085,0,0,0,0,0
2020-03-11,Kern,029,883053,16,0,0,0,0
2020-03-11,Kings,031,150075,2,0,0,0,0
2020-03-11,Lake,033,64148,0,0,0,0,0
2020-03-11,Lassen,035,31185,1,0,0,0,0
2020-03-11,Los Angeles,037,10098052,704,21,8,29,0
2020-03-11,Madera,039,155013,12,1,0,1,0
2020-03-11,Marin,041,260295,17,1,0,1,0
2020-03-11,Mariposa,043,17540,0,0,0,0,0
2020-03-11,Mendocino,045,87422,1,0,0,0,0
2020-03-11,Merced,047,269075,2,0,0,0,0
2020-03-11,Modoc,049,8938,0,0,0,0,0
2020-03-11,Mono,051,14174,3,0,0,0,0
2020-03-11,Monterey,053,433212,7,0,0,0,0
2020-03-11,Napa,055,140530,2,0,0,0,0
2020-03-11,Nevada,057,99092,4,0,1,1,0
2020-03-11,Orange,059,3164182,203,6,0,6,0
2020-03-11,Placer,061,380077,18,6,0,6,1
2020-03-11,Plumas,063,18699,0,0,0,0,0
2020-03-11,Riverside,065,2383286,81,4,1,5,0
2020-03-11,Sacramento,067,1510023,88,9,0,9,1
2020-03-11,San Benito,069,59416,5,2,0,2,0
2020-03-11,San Bernardino,071,2135413,73,0,0,0,0
2020-03-11,San Diego,073,3302833,206,4,0,4,0
2020-03-11,San Francisco,075,870044,127,17,0,17,0
2020-03-11,San Joaquin,077,732212,33,1,3,4,0
2020-03-11,San Luis Obispo,079,281455,23,0,0,0,0
2020-03-11,San Mateo,081,765935,139,16,0,16,0
2020-03-11,Santa Barbara,083,443738,13,0,0,0,0
2020-03-11,Santa Clara,085,1922200,371,48,1,49,1
2020-03-11,Santa Cruz,087,273765,26,2,0,2,0
2020-03-11,Shasta,089,179085,2,1,0,1,0
2020-03-11,Sierra,091,2930,0,0,0,0,0
2020-03-11,Siskiyou,093,43540,0,0,0,0,0
2020-03-11,Solano,095,438530,29,26,0,26,0
2020-03-11,Sonoma,097,501317,30,2,0,2,0
2020-03-11,Stanislaus,099,539301,15,2,2,4,0
2020-03-11,Sutter,101,95872,0,0,0,0,0
2020-03-11,Tehama,103,63373,0,0,0,0,0
2020-03-11,Trinity,105,12862,0,0,0,0,0
2020-03-11,Tulare,107,460477,10,0,1,1,0
2020-03-11,Tuolumne,109,53932,1,0,0,0,0
2020-03-11,Ventura,111,848112,37,3,0,3,0
2020-03-11,Yolo,113,214977,9,1,0,1,0
2020-03-11,Yuba,115,75493,1,0,0,0,0
2020-03-10,Alameda,001,1643700,101,4,0,4,0
2020-03-10,Alpine,002,1148,0,0,0,0,0
2020-03-10,Amador,005,37829,1,0,0,0,0
2020-03-10,Butte,007,227075,0,0,0,0,0
2020-03-10,Calaveras,009,45235,2,2,0,2,0
2020-03-10,Colusa,011,21464,0,0,0,0,0
2020-03-10,Contra Costa,013,1133247,84,11,0,11,0
2020-03-10,Del Norte,015,27424,0,0,0,0,0
2020-03-10,El Dorado,017,186661,7,0,0,0,0
2020-03-10,Fresno,019,978130,7,1,1,2,0
2020-03-10,Glenn,021,27897,0,0,0,0,0
2020-03-10,Humboldt,023,135768,6,1,0,1,0
2020-03-10,Imperial,025,180216,5,0,0,0,0
2020-03-10,Inyo,027,18085,0,0,0,0,0
2020-03-10,Kern,029,883053,11,0,0,0,0
2020-03-10,Kings,031,150075,2,0,0,0,0
2020-03-10,Lake,033,64148,0,0,0,0,0
2020-03-10,Lassen,035,31185,1,0,0,0,0
2020-03-10,Los Angeles,037,10098052,568,20,8,28,0
2020-03-10,Madera,039,155013,7,1,0,1,0
2020-03-10,Marin,041,260295,16,1,0,1,0
2020-03-10,Mariposa,043,17540,0,0,0,0,0
2020-03-10,Mendocino,045,87422,0,0,0,0,0
2020-03-10,Merced,047,269075,2,0,0,0,0
2020-03-10,Modoc,049,8938,0,0,0,0,0
2020-03-10,Mono,051,14174,3,0,0,0,0
2020-03-10,Monterey,053,433212,5,0,0,0,0
2020-03-10,Napa,055,140530,2,0,0,0,0
2020-03-10,Nevada,057,99092,3,0,1,1,0
2020-03-10,Orange,059,3164182,183,5,0,5,1
2020-03-10,Placer,061,380077,14,7,0,7,1
2020-03-10,Plumas,063,18699,0,0,0,0,0
2020-03-10,Riverside,065,2383286,59,4,1,5,0
2020-03-10,Sacramento,067,1510023,79,8,0,8,0
2020-03-10,San Benito,069,59416,5,2,0,2,0
2020-03-10,San Bernardino,071,2135413,65,0,0,0,0
2020-03-10,San Diego,073,3302833,163,3,0,3,0
2020-03-10,San Francisco,075,870044,94,16,0,16,0
2020-03-10,San Joaquin,077,732212,30,1,3,4,0
2020-03-10,San Luis Obispo,079,281455,15,0,0,0,0
2020-03-10,San Mateo,081,765935,123,11,0,11,0
2020-03-10,Santa Barbara,083,443738,10,0,0,0,0
2020-03-10,Santa Clara,085,1922200,322,45,1,46,1
2020-03-10,Santa Cruz,087,273765,22,2,0,2,0
2020-03-10,Shasta,089,179085,2,1,0,1,0
2020-03-10,Sierra,091,2930,0,0,0,0,0
2020-03-10,Siskiyou,093,43540,0,0,0,0,0
2020-03-10,Solano,095,438530,27,26,0,26,0
2020-03-10,Sonoma,097,501317,27,2,0,2,0
2020-03-10,Stanislaus,099,539301,11,0,2,2,0
2020-03-10,Sutter,101,95872,0,0,0,0,0
2020-03-10,Tehama,103,63373,0,0,0,0,0
2020-03-10,Trinity,105,12862,0,0,0,0,0
2020-03-10,Tulare,107,460477,9,0,1,1,0
2020-03-10,Tuolumne,109,53932,1,0,0,0,0
2020-03-10,Ventura,111,848112,29,1,0,1,0
2020-03-10,Yolo,113,214977,6,2,0,2,0
2020-03-10,Yuba,115,75493,1,0,0,0,0
2020-03-09,Alameda,001,1643700,73,4,0,4,0
2020-03-09,Alpine,002,1148,0,0,0,0,0
2020-03-09,Amador,005,37829,0,0,0,0,0
2020-03-09,Butte,007,227075,0,0,0,0,0
2020-03-09,Calaveras,009,45235,2,0,0,0,0
2020-03-09,Colusa,011,21464,0,0,0,0,0
2020-03-09,Contra Costa,013,1133247,72,9,0,9,0
2020-03-09,Del Norte,015,27424,0,0,0,0,0
2020-03-09,El Dorado,017,186661,5,0,0,0,0
2020-03-09,Fresno,019,978130,7,1,1,2,0
2020-03-09,Glenn,021,27897,0,0,0,0,0
2020-03-09,Humboldt,023,135768,5,1,0,1,0
2020-03-09,Imperial,025,180216,5,0,0,0,0
2020-03-09,Inyo,027,18085,0,0,0,0,0
2020-03-09,Kern,029,883053,8,0,0,0,0
2020-03-09,Kings,031,150075,1,0,0,0,0
2020-03-09,Lake,033,64148,0,0,0,0,0
2020-03-09,Lassen,035,31185,1,0,0,0,0
2020-03-09,Los Angeles,037,10098052,464,17,7,24,0
2020-03-09,Madera,039,155013,7,1,0,1,0
2020-03-09,Marin,041,260295,15,1,0,1,0
2020-03-09,Mariposa,043,17540,0,0,0,0,0
2020-03-09,Mendocino,045,87422,0,0,0,0,0
2020-03-09,Merced,047,269075,2,0,0,0,0
2020-03-09,Modoc,049,8938,0,0,0,0,0
2020-03-09,Mono,051,14174,3,0,0,0,0
2020-03-09,Monterey,053,433212,3,0,0,0,0
2020-03-09,Napa,055,140530,2,0,0,0,0
2020-03-09,Nevada,057,99092,2,0,1,1,0
2020-03-09,Orange,059,3164182,155,4,0,4,0
2020-03-09,Placer,061,380077,12,7,0,7,1
2020-03-09,Plumas,063,18699,0,0,0,0,0
2020-03-09,Riverside,065,2383286,49,4,1,5,0
2020-03-09,Sacramento,067,1510023,75,8,0,8,0
2020-03-09,San Benito,069,59416,3,2,0,2,0
2020-03-09,San Bernardino,071,2135413,54,0,0,0,0
2020-03-09,San Diego,073,3302833,124,2,0,2,0
2020-03-09,San Francisco,075,870044,72,14,0,14,0
2020-03-09,San Joaquin,077,732212,21,0,3,3,0
2020-03-09,San Luis Obispo,079,281455,15,0,0,0,0
2020-03-09,San Mateo,081,765935,109,6,0,6,0
2020-03-09,Santa Barbara,083,443738,8,0,0,0,0
2020-03-09,Santa Clara,085,1922200,278,42,1,43,1
2020-03-09,Santa Cruz,087,273765,19,2,0,2,0
2020-03-09,Shasta,089,179085,2,1,0,1,0
2020-03-09,Sierra,091,2930,0,0,0,0,0
2020-03-09,Siskiyou,093,43540,0,0,0,0,0
2020-03-09,Solano,095,438530,25,26,0,26,0
2020-03-09,Sonoma,097,501317,22,2,0,2,0
2020-03-09,Stanislaus,099,539301,11,0,2,2,0
2020-03-09,Sutter,101,95872,0,0,0,0,0
2020-03-09,Tehama,103,63373,0,0,0,0,0
2020-03-09,Trinity,105,12862,0,0,0,0,0
2020-03-09,Tulare,107,460477,9,0,1,1,0
2020-03-09,Tuolumne,109,53932,1,0,0,0,0
2020-03-09,Ventura,111,848112,25,1,0,1,0
2020-03-09,Yolo,113,214977,5,2,0,2,0
2020-03-09,Yuba,115,75493,0,0,0,0,0
2020-03-08,Alameda,001,1643700,48,4,0,4,0
2020-03-08,Alpine,002,1148,0,0,0,0,0
2020-03-08,Amador,005,37829,0,0,0,0,0
2020-03-08,Butte,007,227075,0,0,0,0,0
2020-03-08,Calaveras,009,45235,2,0,0,0,0
2020-03-08,Colusa,011,21464,0,0,0,0,0
2020-03-08,Contra Costa,013,1133247,58,9,0,9,0
2020-03-08,Del Norte,015,27424,0,0,0,0,0
2020-03-08,El Dorado,017,186661,5,0,0,0,0
2020-03-08,Fresno,019,978130,5,1,1,2,0
2020-03-08,Glenn,021,27897,0,0,0,0,0
2020-03-08,Humboldt,023,135768,5,1,0,1,0
2020-03-08,Imperial,025,180216,5,0,0,0,0
2020-03-08,Inyo,027,18085,0,0,0,0,0
2020-03-08,Kern,029,883053,8,0,0,0,0
2020-03-08,Kings,031,150075,0,0,0,0,0
2020-03-08,Lake,033,64148,0,0,0,0,0
2020-03-08,Lassen,035,31185,0,0,0,0,0
2020-03-08,Los Angeles,037,10098052,369,14,7,21,0
2020-03-08,Madera,039,155013,7,1,0,1,0
2020-03-08,Marin,041,260295,13,1,0,1,0
2020-03-08,Mariposa,043,17540,0,0,0,0,0
2020-03-08,Mendocino,045,87422,0,0,0,0,0
2020-03-08,Merced,047,269075,2,0,0,0,0
2020-03-08,Modoc,049,8938,0,0,0,0,0
2020-03-08,Mono,051,14174,3,0,0,0,0
2020-03-08,Monterey,053,433212,3,0,0,0,0
2020-03-08,Napa,055,140530,2,0,0,0,0
2020-03-08,Nevada,057,99092,1,0,1,1,0
2020-03-08,Orange,059,3164182,130,4,0,4,0
2020-03-08,Placer,061,380077,11,7,0,7,1
2020-03-08,Plumas,063,18699,0,0,0,0,0
2020-03-08,Riverside,065,2383286,41,1,1,2,0
2020-03-08,Sacramento,067,1510023,65,5,0,5,0
2020-03-08,San Benito,069,59416,3,2,0,2,0
2020-03-08,San Bernardino,071,2135413,43,0,0,0,0
2020-03-08,San Diego,073,3302833,90,2,0,2,0
2020-03-08,San Francisco,075,870044,53,9,0,9,0
2020-03-08,San Joaquin,077,732212,18,0,3,3,0
2020-03-08,San Luis Obispo,079,281455,9,0,0,0,0
2020-03-08,San Mateo,081,765935,96,4,0,4,0
2020-03-08,Santa Barbara,083,443738,5,0,0,0,0
2020-03-08,Santa Clara,085,1922200,236,36,1,37,0
2020-03-08,Santa Cruz,087,273765,17,1,0,1,0
2020-03-08,Shasta,089,179085,2,0,0,0,0
2020-03-08,Sierra,091,2930,0,0,0,0,0
2020-03-08,Siskiyou,093,43540,0,0,0,0,0
2020-03-08,Solano,095,438530,24,26,0,26,0
2020-03-08,Sonoma,097,501317,17,2,0,2,0
2020-03-08,Stanislaus,099,539301,10,0,2,2,0
2020-03-08,Sutter,101,95872,0,0,0,0,0
2020-03-08,Tehama,103,63373,0,0,0,0,0
2020-03-08,Trinity,105,12862,0,0,0,0,0
2020-03-08,Tulare,107,460477,9,0,0,0,0
2020-03-08,Tuolumne,109,53932,1,0,0,0,0
2020-03-08,Ventura,111,848112,21,1,0,1,0
2020-03-08,Yolo,113,214977,2,2,0,2,0
2020-03-08,Yuba,115,75493,0,0,0,0,0
2020-03-07,Alameda,001,1643700,43,3,0,3,0
2020-03-07,Alpine,002,1148,0,0,0,0,0
2020-03-07,Amador,005,37829,0,0,0,0,0
2020-03-07,Butte,007,227075,0,0,0,0,0
2020-03-07,Calaveras,009,45235,2,0,0,0,0
2020-03-07,Colusa,011,21464,0,0,0,0,0
2020-03-07,Contra Costa,013,1133247,55,4,0,4,0
2020-03-07,Del Norte,015,27424,0,0,0,0,0
2020-03-07,El Dorado,017,186661,4,0,0,0,0
2020-03-07,Fresno,019,978130,4,1,1,2,0
2020-03-07,Glenn,021,27897,0,0,0,0,0
2020-03-07,Humboldt,023,135768,5,1,0,1,0
2020-03-07,Imperial,025,180216,4,0,0,0,0
2020-03-07,Inyo,027,18085,0,0,0,0,0
2020-03-07,Kern,029,883053,7,0,0,0,0
2020-03-07,Kings,031,150075,0,0,0,0,0
2020-03-07,Lake,033,64148,0,0,0,0,0
2020-03-07,Lassen,035,31185,0,0,0,0,0
2020-03-07,Los Angeles,037,10098052,318,14,7,21,0
2020-03-07,Madera,039,155013,6,1,0,1,0
2020-03-07,Marin,041,260295,11,0,0,0,0
2020-03-07,Mariposa,043,17540,0,0,0,0,0
2020-03-07,Mendocino,045,87422,0,0,0,0,0
2020-03-07,Merced,047,269075,2,0,0,0,0
2020-03-07,Modoc,049,8938,0,0,0,0,0
2020-03-07,Mono,051,14174,3,0,0,0,0
2020-03-07,Monterey,053,433212,3,0,0,0,0
2020-03-07,Napa,055,140530,1,0,0,0,0
2020-03-07,Nevada,057,99092,1,0,1,1,0
2020-03-07,Orange,059,3164182,122,4,0,4,0
2020-03-07,Placer,061,380077,11,6,0,6,1
2020-03-07,Plumas,063,18699,0,0,0,0,0
2020-03-07,Riverside,065,2383286,31,0,1,1,0
2020-03-07,Sacramento,067,1510023,52,4,0,4,0
2020-03-07,San Benito,069,59416,3,2,0,2,0
2020-03-07,San Bernardino,071,2135413,41,0,0,0,0
2020-03-07,San Diego,073,3302833,72,2,0,2,0
2020-03-07,San Francisco,075,870044,47,9,0,9,0
2020-03-07,San Joaquin,077,732212,16,0,3,3,0
2020-03-07,San Luis Obispo,079,281455,6,0,0,0,0
2020-03-07,San Mateo,081,765935,86,1,0,1,0
2020-03-07,Santa Barbara,083,443738,5,0,0,0,0
2020-03-07,Santa Clara,085,1922200,206,31,1,32,0
2020-03-07,Santa Cruz,087,273765,17,1,0,1,0
2020-03-07,Shasta,089,179085,2,0,0,0,0
2020-03-07,Sierra,091,2930,0,0,0,0,0
2020-03-07,Siskiyou,093,43540,0,0,0,0,0
2020-03-07,Solano,095,438530,23,25,0,25,0
2020-03-07,Sonoma,097,501317,13,2,0,2,0
2020-03-07,Stanislaus,099,539301,9,0,2,2,0
2020-03-07,Sutter,101,95872,0,0,0,0,0
2020-03-07,Tehama,103,63373,0,0,0,0,0
2020-03-07,Trinity,105,12862,0,0,0,0,0
2020-03-07,Tulare,107,460477,6,0,0,0,0
2020-03-07,Tuolumne,109,53932,1,0,0,0,0
2020-03-07,Ventura,111,848112,18,1,0,1,0
2020-03-07,Yolo,113,214977,2,2,0,2,0
2020-03-07,Yuba,115,75493,0,0,0,0,0
2020-03-06,Alameda,001,1643700,41,3,0,3,0
2020-03-06,Alpine,002,1148,0,0,0,0,0
2020-03-06,Amador,005,37829,0,0,0,0,0
2020-03-06,Butte,007,227075,0,0,0,0,0
2020-03-06,Calaveras,009,45235,2,0,0,0,0
2020-03-06,Colusa,011,21464,0,0,0,0,0
2020-03-06,Contra Costa,013,1133247,46,4,0,4,0
2020-03-06,Del Norte,015,27424,0,0,0,0,0
2020-03-06,El Dorado,017,186661,3,0,0,0,0
2020-03-06,Fresno,019,978130,3,0,1,1,0
2020-03-06,Glenn,021,27897,0,0,0,0,0
2020-03-06,Humboldt,023,135768,4,1,0,1,0
2020-03-06,Imperial,025,180216,3,0,0,0,0
2020-03-06,Inyo,027,18085,0,0,0,0,0
2020-03-06,Kern,029,883053,6,0,0,0,0
2020-03-06,Kings,031,150075,0,0,0,0,0
2020-03-06,Lake,033,64148,0,0,0,0,0
2020-03-06,Lassen,035,31185,0,0,0,0,0
2020-03-06,Los Angeles,037,10098052,275,13,7,20,0
2020-03-06,Madera,039,155013,5,0,0,0,0
2020-03-06,Marin,041,260295,10,0,0,0,0
2020-03-06,Mariposa,043,17540,0,0,0,0,0
2020-03-06,Mendocino,045,87422,0,0,0,0,0
2020-03-06,Merced,047,269075,2,0,0,0,0
2020-03-06,Modoc,049,8938,0,0,0,0,0
2020-03-06,Mono,051,14174,1,0,0,0,0
2020-03-06,Monterey,053,433212,3,0,0,0,0
2020-03-06,Napa,055,140530,1,0,0,0,0
2020-03-06,Nevada,057,99092,1,0,1,1,0
2020-03-06,Orange,059,3164182,96,4,0,4,0
2020-03-06,Placer,061,380077,10,5,0,5,1
2020-03-06,Plumas,063,18699,0,0,0,0,0
2020-03-06,Riverside,065,2383286,30,0,1,1,0
2020-03-06,Sacramento,067,1510023,43,2,0,2,0
2020-03-06,San Benito,069,59416,3,2,0,2,0
2020-03-06,San Bernardino,071,2135413,39,0,0,0,0
2020-03-06,San Diego,073,3302833,59,2,0,2,0
2020-03-06,San Francisco,075,870044,41,2,0,2,0
2020-03-06,San Joaquin,077,732212,13,0,3,3,0
2020-03-06,San Luis Obispo,079,281455,4,0,0,0,0
2020-03-06,San Mateo,081,765935,78,1,0,1,0
2020-03-06,Santa Barbara,083,443738,3,0,0,0,0
2020-03-06,Santa Clara,085,1922200,188,20,1,21,0
2020-03-06,Santa Cruz,087,273765,15,0,0,0,0
2020-03-06,Shasta,089,179085,2,0,0,0,0
2020-03-06,Sierra,091,2930,0,0,0,0,0
2020-03-06,Siskiyou,093,43540,0,0,0,0,0
2020-03-06,Solano,095,438530,22,25,0,25,0
2020-03-06,Sonoma,097,501317,13,2,0,2,0
2020-03-06,Stanislaus,099,539301,5,0,2,2,0
2020-03-06,Sutter,101,95872,0,0,0,0,0
2020-03-06,Tehama,103,63373,0,0,0,0,0
2020-03-06,Trinity,105,12862,0,0,0,0,0
2020-03-06,Tulare,107,460477,6,0,0,0,0
2020-03-06,Tuolumne,109,53932,1,0,0,0,0
2020-03-06,Ventura,111,848112,15,1,0,1,0
2020-03-06,Yolo,113,214977,2,1,0,1,0
2020-03-06,Yuba,115,75493,0,0,0,0,0
2020-03-05,Alameda,001,1643700,35,2,0,2,0
2020-03-05,Alpine,002,1148,0,0,0,0,0
2020-03-05,Amador,005,37829,0,0,0,0,0
2020-03-05,Butte,007,227075,0,0,0,0,0
2020-03-05,Calaveras,009,45235,2,0,0,0,0
2020-03-05,Colusa,011,21464,0,0,0,0,0
2020-03-05,Contra Costa,013,1133247,39,1,0,1,0
2020-03-05,Del Norte,015,27424,0,0,0,0,0
2020-03-05,El Dorado,017,186661,1,0,0,0,0
2020-03-05,Fresno,019,978130,3,0,1,1,0
2020-03-05,Glenn,021,27897,0,0,0,0,0
2020-03-05,Humboldt,023,135768,4,1,0,1,0
2020-03-05,Imperial,025,180216,2,0,0,0,0
2020-03-05,Inyo,027,18085,0,0,0,0,0
2020-03-05,Kern,029,883053,6,0,0,0,0
2020-03-05,Kings,031,150075,0,0,0,0,0
2020-03-05,Lake,033,64148,0,0,0,0,0
2020-03-05,Lassen,035,31185,0,0,0,0,0
2020-03-05,Los Angeles,037,10098052,228,11,7,18,0
2020-03-05,Madera,039,155013,5,0,0,0,0
2020-03-05,Marin,041,260295,10,0,0,0,0
2020-03-05,Mariposa,043,17540,0,0,0,0,0
2020-03-05,Mendocino,045,87422,0,0,0,0,0
2020-03-05,Merced,047,269075,2,0,0,0,0
2020-03-05,Modoc,049,8938,0,0,0,0,0
2020-03-05,Mono,051,14174,1,0,0,0,0
2020-03-05,Monterey,053,433212,3,0,0,0,0
2020-03-05,Napa,055,140530,1,0,0,0,0
2020-03-05,Nevada,057,99092,0,0,1,1,0
2020-03-05,Orange,059,3164182,81,3,0,3,0
2020-03-05,Placer,061,380077,10,2,0,2,1
2020-03-05,Plumas,063,18699,0,0,0,0,0
2020-03-05,Riverside,065,2383286,27,0,1,1,0
2020-03-05,Sacramento,067,1510023,37,2,0,2,0
2020-03-05,San Benito,069,59416,1,2,0,2,0
2020-03-05,San Bernardino,071,2135413,34,0,0,0,0
2020-03-05,San Diego,073,3302833,52,2,0,2,0
2020-03-05,San Francisco,075,870044,31,2,0,2,0
2020-03-05,San Joaquin,077,732212,10,0,3,3,0
2020-03-05,San Luis Obispo,079,281455,4,0,0,0,0
2020-03-05,San Mateo,081,765935,65,1,0,1,0
2020-03-05,Santa Barbara,083,443738,2,0,0,0,0
2020-03-05,Santa Clara,085,1922200,164,14,1,15,0
2020-03-05,Santa Cruz,087,273765,13,0,0,0,0
2020-03-05,Shasta,089,179085,2,0,0,0,0
2020-03-05,Sierra,091,2930,0,0,0,0,0
2020-03-05,Siskiyou,093,43540,0,0,0,0,0
2020-03-05,Solano,095,438530,22,24,0,24,0
2020-03-05,Sonoma,097,501317,12,2,0,2,0
2020-03-05,Stanislaus,099,539301,4,0,2,2,0
2020-03-05,Sutter,101,95872,0,0,0,0,0
2020-03-05,Tehama,103,63373,0,0,0,0,0
2020-03-05,Trinity,105,12862,0,0,0,0,0
2020-03-05,Tulare,107,460477,6,0,0,0,0
2020-03-05,Tuolumne,109,53932,1,0,0,0,0
2020-03-05,Ventura,111,848112,13,0,0,0,0
2020-03-05,Yolo,113,214977,2,0,0,0,0
2020-03-05,Yuba,115,75493,0,0,0,0,0
2020-03-04,Alameda,001,1643700,31,2,0,2,0
2020-03-04,Alpine,002,1148,0,0,0,0,0
2020-03-04,Amador,005,37829,0,0,0,0,0
2020-03-04,Butte,007,227075,0,0,0,0,0
2020-03-04,Calaveras,009,45235,0,0,0,0,0
2020-03-04,Colusa,011,21464,0,0,0,0,0
2020-03-04,Contra Costa,013,1133247,34,1,0,1,0
2020-03-04,Del Norte,015,27424,0,0,0,0,0
2020-03-04,El Dorado,017,186661,1,0,0,0,0
2020-03-04,Fresno,019,978130,3,0,1,1,0
2020-03-04,Glenn,021,27897,0,0,0,0,0
2020-03-04,Humboldt,023,135768,1,1,0,1,0
2020-03-04,Imperial,025,180216,2,0,0,0,0
2020-03-04,Inyo,027,18085,0,0,0,0,0
2020-03-04,Kern,029,883053,6,0,0,0,0
2020-03-04,Kings,031,150075,0,0,0,0,0
2020-03-04,Lake,033,64148,0,0,0,0,0
2020-03-04,Lassen,035,31185,0,0,0,0,0
2020-03-04,Los Angeles,037,10098052,192,7,7,14,0
2020-03-04,Madera,039,155013,5,0,0,0,0
2020-03-04,Marin,041,260295,10,0,0,0,0
2020-03-04,Mariposa,043,17540,0,0,0,0,0
2020-03-04,Mendocino,045,87422,0,0,0,0,0
2020-03-04,Merced,047,269075,2,0,0,0,0
2020-03-04,Modoc,049,8938,0,0,0,0,0
2020-03-04,Mono,051,14174,1,0,0,0,0
2020-03-04,Monterey,053,433212,3,0,0,0,0
2020-03-04,Napa,055,140530,1,0,0,0,0
2020-03-04,Nevada,057,99092,0,0,1,1,0
2020-03-04,Orange,059,3164182,78,3,0,3,0
2020-03-04,Placer,061,380077,9,2,0,2,1
2020-03-04,Plumas,063,18699,0,0,0,0,0
2020-03-04,Riverside,065,2383286,23,0,1,1,0
2020-03-04,Sacramento,067,1510023,32,1,0,1,0
2020-03-04,San Benito,069,59416,1,2,0,2,0
2020-03-04,San Bernardino,071,2135413,31,0,0,0,0
2020-03-04,San Diego,073,3302833,39,2,0,2,0
2020-03-04,San Francisco,075,870044,26,0,0,0,0
2020-03-04,San Joaquin,077,732212,9,0,3,3,0
2020-03-04,San Luis Obispo,079,281455,4,0,0,0,0
2020-03-04,San Mateo,081,765935,60,1,0,1,0
2020-03-04,Santa Barbara,083,443738,2,0,0,0,0
2020-03-04,Santa Clara,085,1922200,147,12,1,13,0
2020-03-04,Santa Cruz,087,273765,13,0,0,0,0
2020-03-04,Shasta,089,179085,2,0,0,0,0
2020-03-04,Sierra,091,2930,0,0,0,0,0
2020-03-04,Siskiyou,093,43540,0,0,0,0,0
2020-03-04,Solano,095,438530,21,24,0,24,0
2020-03-04,Sonoma,097,501317,11,2,0,2,0
2020-03-04,Stanislaus,099,539301,4,0,2,2,0
2020-03-04,Sutter,101,95872,0,0,0,0,0
2020-03-04,Tehama,103,63373,0,0,0,0,0
2020-03-04,Trinity,105,12862,0,0,0,0,0
2020-03-04,Tulare,107,460477,6,0,0,0,0
2020-03-04,Tuolumne,109,53932,0,0,0,0,0
2020-03-04,Ventura,111,848112,12,0,0,0,0
2020-03-04,Yolo,113,214977,2,0,0,0,0
2020-03-04,Yuba,115,75493,0,0,0,0,0
2020-03-03,Alameda,001,1643700,25,2,0,2,0
2020-03-03,Alpine,002,1148,0,0,0,0,0
2020-03-03,Amador,005,37829,0,0,0,0,0
2020-03-03,Butte,007,227075,0,0,0,0,0
2020-03-03,Calaveras,009,45235,0,0,0,0,0
2020-03-03,Colusa,011,21464,0,0,0,0,0
2020-03-03,Contra Costa,013,1133247,30,0,0,0,0
2020-03-03,Del Norte,015,27424,0,0,0,0,0
2020-03-03,El Dorado,017,186661,1,0,0,0,0
2020-03-03,Fresno,019,978130,2,0,1,1,0
2020-03-03,Glenn,021,27897,0,0,0,0,0
2020-03-03,Humboldt,023,135768,1,1,0,1,0
2020-03-03,Imperial,025,180216,2,0,0,0,0
2020-03-03,Inyo,027,18085,0,0,0,0,0
2020-03-03,Kern,029,883053,4,0,0,0,0
2020-03-03,Kings,031,150075,0,0,0,0,0
2020-03-03,Lake,033,64148,0,0,0,0,0
2020-03-03,Lassen,035,31185,0,0,0,0,0
2020-03-03,Los Angeles,037,10098052,173,5,7,12,0
2020-03-03,Madera,039,155013,4,0,0,0,0
2020-03-03,Marin,041,260295,6,0,0,0,0
2020-03-03,Mariposa,043,17540,0,0,0,0,0
2020-03-03,Mendocino,045,87422,0,0,0,0,0
2020-03-03,Merced,047,269075,2,0,0,0,0
2020-03-03,Modoc,049,8938,0,0,0,0,0
2020-03-03,Mono,051,14174,1,0,0,0,0
2020-03-03,Monterey,053,433212,2,0,0,0,0
2020-03-03,Napa,055,140530,1,0,0,0,0
2020-03-03,Nevada,057,99092,0,0,1,1,0
2020-03-03,Orange,059,3164182,70,1,0,1,0
2020-03-03,Placer,061,380077,8,2,0,2,0
2020-03-03,Plumas,063,18699,0,0,0,0,0
2020-03-03,Riverside,065,2383286,20,0,1,1,0
2020-03-03,Sacramento,067,1510023,31,1,0,1,0
2020-03-03,San Benito,069,59416,1,2,0,2,0
2020-03-03,San Bernardino,071,2135413,28,0,0,0,0
2020-03-03,San Diego,073,3302833,32,2,0,2,0
2020-03-03,San Francisco,075,870044,24,0,0,0,0
2020-03-03,San Joaquin,077,732212,8,0,3,3,0
2020-03-03,San Luis Obispo,079,281455,2,0,0,0,0
2020-03-03,San Mateo,081,765935,53,1,0,1,0
2020-03-03,Santa Barbara,083,443738,1,0,0,0,0
2020-03-03,Santa Clara,085,1922200,132,11,1,12,0
2020-03-03,Santa Cruz,087,273765,10,0,0,0,0
2020-03-03,Shasta,089,179085,2,0,0,0,0
2020-03-03,Sierra,091,2930,0,0,0,0,0
2020-03-03,Siskiyou,093,43540,0,0,0,0,0
2020-03-03,Solano,095,438530,20,24,0,24,0
2020-03-03,Sonoma,097,501317,11,1,0,1,0
2020-03-03,Stanislaus,099,539301,4,0,2,2,0
2020-03-03,Sutter,101,95872,0,0,0,0,0
2020-03-03,Tehama,103,63373,0,0,0,0,0
2020-03-03,Trinity,105,12862,0,0,0,0,0
2020-03-03,Tulare,107,460477,6,0,0,0,0
2020-03-03,Tuolumne,109,53932,0,0,0,0,0
2020-03-03,Ventura,111,848112,11,0,0,0,0
2020-03-03,Yolo,113,214977,1,0,0,0,0
2020-03-03,Yuba,115,75493,0,0,0,0,0
2020-03-02,Alameda,001,1643700,22,1,0,1,0
2020-03-02,Alpine,002,1148,0,0,0,0,0
2020-03-02,Amador,005,37829,0,0,0,0,0
2020-03-02,Butte,007,227075,0,0,0,0,0
2020-03-02,Calaveras,009,45235,0,0,0,0,0
2020-03-02,Colusa,011,21464,0,0,0,0,0
2020-03-02,Contra Costa,013,1133247,27,0,0,0,0
2020-03-02,Del Norte,015,27424,0,0,0,0,0
2020-03-02,El Dorado,017,186661,1,0,0,0,0
2020-03-02,Fresno,019,978130,2,0,1,1,0
2020-03-02,Glenn,021,27897,0,0,0,0,0
2020-03-02,Humboldt,023,135768,1,1,0,1,0
2020-03-02,Imperial,025,180216,2,0,0,0,0
2020-03-02,Inyo,027,18085,0,0,0,0,0
2020-03-02,Kern,029,883053,4,0,0,0,0
2020-03-02,Kings,031,150075,0,0,0,0,0
2020-03-02,Lake,033,64148,0,0,0,0,0
2020-03-02,Lassen,035,31185,0,0,0,0,0
2020-03-02,Los Angeles,037,10098052,158,1,7,8,0
2020-03-02,Madera,039,155013,4,0,0,0,0
2020-03-02,Marin,041,260295,6,0,0,0,0
2020-03-02,Mariposa,043,17540,0,0,0,0,0
2020-03-02,Mendocino,045,87422,0,0,0,0,0
2020-03-02,Merced,047,269075,1,0,0,0,0
2020-03-02,Modoc,049,8938,0,0,0,0,0
2020-03-02,Mono,051,14174,1,0,0,0,0
2020-03-02,Monterey,053,433212,2,0,0,0,0
2020-03-02,Napa,055,140530,1,0,0,0,0
2020-03-02,Nevada,057,99092,0,0,1,1,0
2020-03-02,Orange,059,3164182,65,1,0,1,0
2020-03-02,Placer,061,380077,8,1,0,1,0
2020-03-02,Plumas,063,18699,0,0,0,0,0
2020-03-02,Riverside,065,2383286,19,0,1,1,0
2020-03-02,Sacramento,067,1510023,25,1,0,1,0
2020-03-02,San Benito,069,59416,1,2,0,2,0
2020-03-02,San Bernardino,071,2135413,28,0,0,0,0
2020-03-02,San Diego,073,3302833,26,2,0,2,0
2020-03-02,San Francisco,075,870044,17,0,0,0,0
2020-03-02,San Joaquin,077,732212,7,0,3,3,0
2020-03-02,San Luis Obispo,079,281455,2,0,0,0,0
2020-03-02,San Mateo,081,765935,44,1,0,1,0
2020-03-02,Santa Barbara,083,443738,1,0,0,0,0
2020-03-02,Santa Clara,085,1922200,110,7,1,8,0
2020-03-02,Santa Cruz,087,273765,9,0,0,0,0
2020-03-02,Shasta,089,179085,2,0,0,0,0
2020-03-02,Sierra,091,2930,0,0,0,0,0
2020-03-02,Siskiyou,093,43540,0,0,0,0,0
2020-03-02,Solano,095,438530,19,24,0,24,0
2020-03-02,Sonoma,097,501317,10,1,0,1,0
2020-03-02,Stanislaus,099,539301,2,0,2,2,0
2020-03-02,Sutter,101,95872,0,0,0,0,0
2020-03-02,Tehama,103,63373,0,0,0,0,0
2020-03-02,Trinity,105,12862,0,0,0,0,0
2020-03-02,Tulare,107,460477,6,0,0,0,0
2020-03-02,Tuolumne,109,53932,0,0,0,0,0
2020-03-02,Ventura,111,848112,10,0,0,0,0
2020-03-02,Yolo,113,214977,1,0,0,0,0
2020-03-02,Yuba,115,75493,0,0,0,0,0
2020-03-01,Alameda,001,1643700,21,1,0,1,0
2020-03-01,Alpine,002,1148,0,0,0,0,0
2020-03-01,Amador,005,37829,0,0,0,0,0
2020-03-01,Butte,007,227075,0,0,0,0,0
2020-03-01,Calaveras,009,45235,0,0,0,0,0
2020-03-01,Colusa,011,21464,0,0,0,0,0
2020-03-01,Contra Costa,013,1133247,24,0,0,0,0
2020-03-01,Del Norte,015,27424,0,0,0,0,0
2020-03-01,El Dorado,017,186661,1,0,0,0,0
2020-03-01,Fresno,019,978130,1,0,1,1,0
2020-03-01,Glenn,021,27897,0,0,0,0,0
2020-03-01,Humboldt,023,135768,1,1,0,1,0
2020-03-01,Imperial,025,180216,2,0,0,0,0
2020-03-01,Inyo,027,18085,0,0,0,0,0
2020-03-01,Kern,029,883053,2,0,0,0,0
2020-03-01,Kings,031,150075,0,0,0,0,0
2020-03-01,Lake,033,64148,0,0,0,0,0
2020-03-01,Lassen,035,31185,0,0,0,0,0
2020-03-01,Los Angeles,037,10098052,139,1,7,8,0
2020-03-01,Madera,039,155013,2,0,0,0,0
2020-03-01,Marin,041,260295,5,0,0,0,0
2020-03-01,Mariposa,043,17540,0,0,0,0,0
2020-03-01,Mendocino,045,87422,0,0,0,0,0
2020-03-01,Merced,047,269075,1,0,0,0,0
2020-03-01,Modoc,049,8938,0,0,0,0,0
2020-03-01,Mono,051,14174,1,0,0,0,0
2020-03-01,Monterey,053,433212,1,0,0,0,0
2020-03-01,Napa,055,140530,1,0,0,0,0
2020-03-01,Nevada,057,99092,0,0,1,1,0
2020-03-01,Orange,059,3164182,62,1,0,1,0
2020-03-01,Placer,061,380077,8,0,0,0,0
2020-03-01,Plumas,063,18699,0,0,0,0,0
2020-03-01,Riverside,065,2383286,18,0,1,1,0
2020-03-01,Sacramento,067,1510023,21,1,0,1,0
2020-03-01,San Benito,069,59416,0,2,0,2,0
2020-03-01,San Bernardino,071,2135413,27,0,0,0,0
2020-03-01,San Diego,073,3302833,19,2,0,2,0
2020-03-01,San Francisco,075,870044,13,0,0,0,0
2020-03-01,San Joaquin,077,732212,7,0,3,3,0
2020-03-01,San Luis Obispo,079,281455,2,0,0,0,0
2020-03-01,San Mateo,081,765935,36,0,0,0,0
2020-03-01,Santa Barbara,083,443738,1,0,0,0,0
2020-03-01,Santa Clara,085,1922200,97,6,1,7,0
2020-03-01,Santa Cruz,087,273765,8,0,0,0,0
2020-03-01,Shasta,089,179085,2,0,0,0,0
2020-03-01,Sierra,091,2930,0,0,0,0,0
2020-03-01,Siskiyou,093,43540,0,0,0,0,0
2020-03-01,Solano,095,438530,19,24,0,24,0
2020-03-01,Sonoma,097,501317,9,0,0,0,0
2020-03-01,Stanislaus,099,539301,2,0,2,2,0
2020-03-01,Sutter,101,95872,0,0,0,0,0
2020-03-01,Tehama,103,63373,0,0,0,0,0
2020-03-01,Trinity,105,12862,0,0,0,0,0
2020-03-01,Tulare,107,460477,6,0,0,0,0
2020-03-01,Tuolumne,109,53932,0,0,0,0,0
2020-03-01,Ventura,111,848112,8,0,0,0,0
2020-03-01,Yolo,113,214977,1,0,0,0,0
2020-03-01,Yuba,115,75493,0,0,0,0,0
2020-02-29,Alameda,001,1643700,17,0,0,0,0
2020-02-29,Alpine,002,1148,0,0,0,0,0
2020-02-29,Amador,005,37829,0,0,0,0,0
2020-02-29,Butte,007,227075,0,0,0,0,0
2020-02-29,Calaveras,009,45235,0,0,0,0,0
2020-02-29,Colusa,011,21464,0,0,0,0,0
2020-02-29,Contra Costa,013,1133247,20,0,0,0,0
2020-02-29,Del Norte,015,27424,0,0,0,0,0
2020-02-29,El Dorado,017,186661,1,0,0,0,0
2020-02-29,Fresno,019,978130,1,0,0,0,0
2020-02-29,Glenn,021,27897,0,0,0,0,0
2020-02-29,Humboldt,023,135768,1,1,0,1,0
2020-02-29,Imperial,025,180216,1,0,0,0,0
2020-02-29,Inyo,027,18085,0,0,0,0,0
2020-02-29,Kern,029,883053,2,0,0,0,0
2020-02-29,Kings,031,150075,0,0,0,0,0
2020-02-29,Lake,033,64148,0,0,0,0,0
2020-02-29,Lassen,035,31185,0,0,0,0,0
2020-02-29,Los Angeles,037,10098052,111,1,7,8,0
2020-02-29,Madera,039,155013,2,0,0,0,0
2020-02-29,Marin,041,260295,4,0,0,0,0
2020-02-29,Mariposa,043,17540,0,0,0,0,0
2020-02-29,Mendocino,045,87422,0,0,0,0,0
2020-02-29,Merced,047,269075,1,0,0,0,0
2020-02-29,Modoc,049,8938,0,0,0,0,0
2020-02-29,Mono,051,14174,1,0,0,0,0
2020-02-29,Monterey,053,433212,1,0,0,0,0
2020-02-29,Napa,055,140530,1,0,0,0,0
2020-02-29,Nevada,057,99092,0,0,1,1,0
2020-02-29,Orange,059,3164182,57,1,0,1,0
2020-02-29,Placer,061,380077,7,0,0,0,0
2020-02-29,Plumas,063,18699,0,0,0,0,0
2020-02-29,Riverside,065,2383286,15,0,1,1,0
2020-02-29,Sacramento,067,1510023,16,1,0,1,0
2020-02-29,San Benito,069,59416,0,2,0,2,0
2020-02-29,San Bernardino,071,2135413,25,0,0,0,0
2020-02-29,San Diego,073,3302833,14,2,0,2,0
2020-02-29,San Francisco,075,870044,12,0,0,0,0
2020-02-29,San Joaquin,077,732212,6,0,3,3,0
2020-02-29,San Luis Obispo,079,281455,2,0,0,0,0
2020-02-29,San Mateo,081,765935,29,0,0,0,0
2020-02-29,Santa Barbara,083,443738,0,0,0,0,0
2020-02-29,Santa Clara,085,1922200,75,3,1,4,0
2020-02-29,Santa Cruz,087,273765,8,0,0,0,0
2020-02-29,Shasta,089,179085,2,0,0,0,0
2020-02-29,Sierra,091,2930,0,0,0,0,0
2020-02-29,Siskiyou,093,43540,0,0,0,0,0
2020-02-29,Solano,095,438530,18,23,0,23,0
2020-02-29,Sonoma,097,501317,6,0,0,0,0
2020-02-29,Stanislaus,099,539301,2,0,2,2,0
2020-02-29,Sutter,101,95872,0,0,0,0,0
2020-02-29,Tehama,103,63373,0,0,0,0,0
2020-02-29,Trinity,105,12862,0,0,0,0,0
2020-02-29,Tulare,107,460477,4,0,0,0,0
2020-02-29,Tuolumne,109,53932,0,0,0,0,0
2020-02-29,Ventura,111,848112,6,0,0,0,0
2020-02-29,Yolo,113,214977,1,0,0,0,0
2020-02-29,Yuba,115,75493,0,0,0,0,0
2020-02-28,Alameda,001,1643700,15,0,0,0,0
2020-02-28,Alpine,002,1148,0,0,0,0,0
2020-02-28,Amador,005,37829,0,0,0,0,0
2020-02-28,Butte,007,227075,0,0,0,0,0
2020-02-28,Calaveras,009,45235,0,0,0,0,0
2020-02-28,Colusa,011,21464,0,0,0,0,0
2020-02-28,Contra Costa,013,1133247,20,0,0,0,0
2020-02-28,Del Norte,015,27424,0,0,0,0,0
2020-02-28,El Dorado,017,186661,0,0,0,0,0
2020-02-28,Fresno,019,978130,1,0,0,0,0
2020-02-28,Glenn,021,27897,0,0,0,0,0
2020-02-28,Humboldt,023,135768,1,1,0,1,0
2020-02-28,Imperial,025,180216,1,0,0,0,0
2020-02-28,Inyo,027,18085,0,0,0,0,0
2020-02-28,Kern,029,883053,2,0,0,0,0
2020-02-28,Kings,031,150075,0,0,0,0,0
2020-02-28,Lake,033,64148,0,0,0,0,0
2020-02-28,Lassen,035,31185,0,0,0,0,0
2020-02-28,Los Angeles,037,10098052,103,1,7,8,0
2020-02-28,Madera,039,155013,2,0,0,0,0
2020-02-28,Marin,041,260295,2,0,0,0,0
2020-02-28,Mariposa,043,17540,0,0,0,0,0
2020-02-28,Mendocino,045,87422,0,0,0,0,0
2020-02-28,Merced,047,269075,1,0,0,0,0
2020-02-28,Modoc,049,8938,0,0,0,0,0
2020-02-28,Mono,051,14174,0,0,0,0,0
2020-02-28,Monterey,053,433212,1,0,0,0,0
2020-02-28,Napa,055,140530,1,0,0,0,0
2020-02-28,Nevada,057,99092,0,0,1,1,0
2020-02-28,Orange,059,3164182,55,1,0,1,0
2020-02-28,Placer,061,380077,7,0,0,0,0
2020-02-28,Plumas,063,18699,0,0,0,0,0
2020-02-28,Riverside,065,2383286,13,0,1,1,0
2020-02-28,Sacramento,067,1510023,10,1,0,1,0
2020-02-28,San Benito,069,59416,0,2,0,2,0
2020-02-28,San Bernardino,071,2135413,25,0,0,0,0
2020-02-28,San Diego,073,3302833,11,2,0,2,0
2020-02-28,San Francisco,075,870044,10,0,0,0,0
2020-02-28,San Joaquin,077,732212,6,0,3,3,0
2020-02-28,San Luis Obispo,079,281455,2,0,0,0,0
2020-02-28,San Mateo,081,765935,24,0,0,0,0
2020-02-28,Santa Barbara,083,443738,0,0,0,0,0
2020-02-28,Santa Clara,085,1922200,70,3,1,4,0
2020-02-28,Santa Cruz,087,273765,8,0,0,0,0
2020-02-28,Shasta,089,179085,2,0,0,0,0
2020-02-28,Sierra,091,2930,0,0,0,0,0
2020-02-28,Siskiyou,093,43540,0,0,0,0,0
2020-02-28,Solano,095,438530,17,23,0,23,0
2020-02-28,Sonoma,097,501317,6,0,0,0,0
2020-02-28,Stanislaus,099,539301,2,0,2,2,0
2020-02-28,Sutter,101,95872,0,0,0,0,0
2020-02-28,Tehama,103,63373,0,0,0,0,0
2020-02-28,Trinity,105,12862,0,0,0,0,0
2020-02-28,Tulare,107,460477,3,0,0,0,0
2020-02-28,Tuolumne,109,53932,0,0,0,0,0
2020-02-28,Ventura,111,848112,6,0,0,0,0
2020-02-28,Yolo,113,214977,1,0,0,0,0
2020-02-28,Yuba,115,75493,0,0,0,0,0
2020-02-27,Alameda,001,1643700,14,0,0,0,0
2020-02-27,Alpine,002,1148,0,0,0,0,0
2020-02-27,Amador,005,37829,0,0,0,0,0
2020-02-27,Butte,007,227075,0,0,0,0,0
2020-02-27,Calaveras,009,45235,0,0,0,0,0
2020-02-27,Colusa,011,21464,0,0,0,0,0
2020-02-27,Contra Costa,013,1133247,14,0,0,0,0
2020-02-27,Del Norte,015,27424,0,0,0,0,0
2020-02-27,El Dorado,017,186661,0,0,0,0,0
2020-02-27,Fresno,019,978130,1,0,0,0,0
2020-02-27,Glenn,021,27897,0,0,0,0,0
2020-02-27,Humboldt,023,135768,1,1,0,1,0
2020-02-27,Imperial,025,180216,1,0,0,0,0
2020-02-27,Inyo,027,18085,0,0,0,0,0
2020-02-27,Kern,029,883053,2,0,0,0,0
2020-02-27,Kings,031,150075,0,0,0,0,0
2020-02-27,Lake,033,64148,0,0,0,0,0
2020-02-27,Lassen,035,31185,0,0,0,0,0
2020-02-27,Los Angeles,037,10098052,95,1,7,8,0
2020-02-27,Madera,039,155013,2,0,0,0,0
2020-02-27,Marin,041,260295,1,0,0,0,0
2020-02-27,Mariposa,043,17540,0,0,0,0,0
2020-02-27,Mendocino,045,87422,0,0,0,0,0
2020-02-27,Merced,047,269075,1,0,0,0,0
2020-02-27,Modoc,049,8938,0,0,0,0,0
2020-02-27,Mono,051,14174,0,0,0,0,0
2020-02-27,Monterey,053,433212,1,0,0,0,0
2020-02-27,Napa,055,140530,1,0,0,0,0
2020-02-27,Nevada,057,99092,0,0,1,1,0
2020-02-27,Orange,059,3164182,49,1,0,1,0
2020-02-27,Placer,061,380077,6,0,0,0,0
2020-02-27,Plumas,063,18699,0,0,0,0,0
2020-02-27,Riverside,065,2383286,12,0,1,1,0
2020-02-27,Sacramento,067,1510023,10,1,0,1,0
2020-02-27,San Benito,069,59416,0,2,0,2,0
2020-02-27,San Bernardino,071,2135413,25,0,0,0,0
2020-02-27,San Diego,073,3302833,10,2,0,2,0
2020-02-27,San Francisco,075,870044,9,0,0,0,0
2020-02-27,San Joaquin,077,732212,5,0,3,3,0
2020-02-27,San Luis Obispo,079,281455,2,0,0,0,0
2020-02-27,San Mateo,081,765935,20,0,0,0,0
2020-02-27,Santa Barbara,083,443738,0,0,0,0,0
2020-02-27,Santa Clara,085,1922200,59,2,1,3,0
2020-02-27,Santa Cruz,087,273765,6,0,0,0,0
2020-02-27,Shasta,089,179085,0,0,0,0,0
2020-02-27,Sierra,091,2930,0,0,0,0,0
2020-02-27,Siskiyou,093,43540,0,0,0,0,0
2020-02-27,Solano,095,438530,17,23,0,23,0
2020-02-27,Sonoma,097,501317,5,0,0,0,0
2020-02-27,Stanislaus,099,539301,2,0,2,2,0
2020-02-27,Sutter,101,95872,0,0,0,0,0
2020-02-27,Tehama,103,63373,0,0,0,0,0
2020-02-27,Trinity,105,12862,0,0,0,0,0
2020-02-27,Tulare,107,460477,3,0,0,0,0
2020-02-27,Tuolumne,109,53932,0,0,0,0,0
2020-02-27,Ventura,111,848112,4,0,0,0,0
2020-02-27,Yolo,113,214977,1,0,0,0,0
2020-02-27,Yuba,115,75493,0,0,0,0,0
2020-02-26,Alameda,001,1643700,14,0,0,0,0
2020-02-26,Alpine,002,1148,0,0,0,0,0
2020-02-26,Amador,005,37829,0,0,0,0,0
2020-02-26,Butte,007,227075,0,0,0,0,0
2020-02-26,Calaveras,009,45235,0,0,0,0,0
2020-02-26,Colusa,011,21464,0,0,0,0,0
2020-02-26,Contra Costa,013,1133247,13,0,0,0,0
2020-02-26,Del Norte,015,27424,0,0,0,0,0
2020-02-26,El Dorado,017,186661,0,0,0,0,0
2020-02-26,Fresno,019,978130,1,0,0,0,0
2020-02-26,Glenn,021,27897,0,0,0,0,0
2020-02-26,Humboldt,023,135768,1,1,0,1,0
2020-02-26,Imperial,025,180216,1,0,0,0,0
2020-02-26,Inyo,027,18085,0,0,0,0,0
2020-02-26,Kern,029,883053,2,0,0,0,0
2020-02-26,Kings,031,150075,0,0,0,0,0
2020-02-26,Lake,033,64148,0,0,0,0,0
2020-02-26,Lassen,035,31185,0,0,0,0,0
2020-02-26,Los Angeles,037,10098052,89,1,7,8,0
2020-02-26,Madera,039,155013,2,0,0,0,0
2020-02-26,Marin,041,260295,1,0,0,0,0
2020-02-26,Mariposa,043,17540,0,0,0,0,0
2020-02-26,Mendocino,045,87422,0,0,0,0,0
2020-02-26,Merced,047,269075,1,0,0,0,0
2020-02-26,Modoc,049,8938,0,0,0,0,0
2020-02-26,Mono,051,14174,0,0,0,0,0
2020-02-26,Monterey,053,433212,1,0,0,0,0
2020-02-26,Napa,055,140530,0,0,0,0,0
2020-02-26,Nevada,057,99092,0,0,1,1,0
2020-02-26,Orange,059,3164182,48,1,0,1,0
2020-02-26,Placer,061,380077,5,0,0,0,0
2020-02-26,Plumas,063,18699,0,0,0,0,0
2020-02-26,Riverside,065,2383286,10,0,1,1,0
2020-02-26,Sacramento,067,1510023,10,1,0,1,0
2020-02-26,San Benito,069,59416,0,2,0,2,0
2020-02-26,San Bernardino,071,2135413,23,0,0,0,0
2020-02-26,San Diego,073,3302833,9,2,0,2,0
2020-02-26,San Francisco,075,870044,9,0,0,0,0
2020-02-26,San Joaquin,077,732212,5,0,3,3,0
2020-02-26,San Luis Obispo,079,281455,2,0,0,0,0
2020-02-26,San Mateo,081,765935,18,0,0,0,0
2020-02-26,Santa Barbara,083,443738,0,0,0,0,0
2020-02-26,Santa Clara,085,1922200,50,2,1,3,0
2020-02-26,Santa Cruz,087,273765,6,0,0,0,0
2020-02-26,Shasta,089,179085,0,0,0,0,0
2020-02-26,Sierra,091,2930,0,0,0,0,0
2020-02-26,Siskiyou,093,43540,0,0,0,0,0
2020-02-26,Solano,095,438530,17,23,0,23,0
2020-02-26,Sonoma,097,501317,5,0,0,0,0
2020-02-26,Stanislaus,099,539301,2,0,2,2,0
2020-02-26,Sutter,101,95872,0,0,0,0,0
2020-02-26,Tehama,103,63373,0,0,0,0,0
2020-02-26,Trinity,105,12862,0,0,0,0,0
2020-02-26,Tulare,107,460477,3,0,0,0,0
2020-02-26,Tuolumne,109,53932,0,0,0,0,0
2020-02-26,Ventura,111,848112,4,0,0,0,0
2020-02-26,Yolo,113,214977,1,0,0,0,0
2020-02-26,Yuba,115,75493,0,0,0,0,0
2020-02-25,Alameda,001,1643700,14,0,0,0,0
2020-02-25,Alpine,002,1148,0,0,0,0,0
2020-02-25,Amador,005,37829,0,0,0,0,0
2020-02-25,Butte,007,227075,0,0,0,0,0
2020-02-25,Calaveras,009,45235,0,0,0,0,0
2020-02-25,Colusa,011,21464,0,0,0,0,0
2020-02-25,Contra Costa,013,1133247,11,0,0,0,0
2020-02-25,Del Norte,015,27424,0,0,0,0,0
2020-02-25,El Dorado,017,186661,0,0,0,0,0
2020-02-25,Fresno,019,978130,1,0,0,0,0
2020-02-25,Glenn,021,27897,0,0,0,0,0
2020-02-25,Humboldt,023,135768,1,1,0,1,0
2020-02-25,Imperial,025,180216,1,0,0,0,0
2020-02-25,Inyo,027,18085,0,0,0,0,0
2020-02-25,Kern,029,883053,2,0,0,0,0
2020-02-25,Kings,031,150075,0,0,0,0,0
2020-02-25,Lake,033,64148,0,0,0,0,0
2020-02-25,Lassen,035,31185,0,0,0,0,0
2020-02-25,Los Angeles,037,10098052,77,1,6,7,0
2020-02-25,Madera,039,155013,2,0,0,0,0
2020-02-25,Marin,041,260295,1,0,0,0,0
2020-02-25,Mariposa,043,17540,0,0,0,0,0
2020-02-25,Mendocino,045,87422,0,0,0,0,0
2020-02-25,Merced,047,269075,0,0,0,0,0
2020-02-25,Modoc,049,8938,0,0,0,0,0
2020-02-25,Mono,051,14174,0,0,0,0,0
2020-02-25,Monterey,053,433212,1,0,0,0,0
2020-02-25,Napa,055,140530,0,0,0,0,0
2020-02-25,Nevada,057,99092,0,0,1,1,0
2020-02-25,Orange,059,3164182,47,1,0,1,0
2020-02-25,Placer,061,380077,5,0,0,0,0
2020-02-25,Plumas,063,18699,0,0,0,0,0
2020-02-25,Riverside,065,2383286,10,0,1,1,0
2020-02-25,Sacramento,067,1510023,8,1,0,1,0
2020-02-25,San Benito,069,59416,0,2,0,2,0
2020-02-25,San Bernardino,071,2135413,21,0,0,0,0
2020-02-25,San Diego,073,3302833,5,2,0,2,0
2020-02-25,San Francisco,075,870044,7,0,0,0,0
2020-02-25,San Joaquin,077,732212,5,0,2,2,0
2020-02-25,San Luis Obispo,079,281455,2,0,0,0,0
2020-02-25,San Mateo,081,765935,17,0,0,0,0
2020-02-25,Santa Barbara,083,443738,0,0,0,0,0
2020-02-25,Santa Clara,085,1922200,40,2,1,3,0
2020-02-25,Santa Cruz,087,273765,5,0,0,0,0
2020-02-25,Shasta,089,179085,0,0,0,0,0
2020-02-25,Sierra,091,2930,0,0,0,0,0
2020-02-25,Siskiyou,093,43540,0,0,0,0,0
2020-02-25,Solano,095,438530,16,21,0,21,0
2020-02-25,Sonoma,097,501317,5,0,0,0,0
2020-02-25,Stanislaus,099,539301,2,0,2,2,0
2020-02-25,Sutter,101,95872,0,0,0,0,0
2020-02-25,Tehama,103,63373,0,0,0,0,0
2020-02-25,Trinity,105,12862,0,0,0,0,0
2020-02-25,Tulare,107,460477,3,0,0,0,0
2020-02-25,Tuolumne,109,53932,0,0,0,0,0
2020-02-25,Ventura,111,848112,4,0,0,0,0
2020-02-25,Yolo,113,214977,1,0,0,0,0
2020-02-25,Yuba,115,75493,0,0,0,0,0
2020-02-24,Alameda,001,1643700,14,0,0,0,0
2020-02-24,Alpine,002,1148,0,0,0,0,0
2020-02-24,Amador,005,37829,0,0,0,0,0
2020-02-24,Butte,007,227075,0,0,0,0,0
2020-02-24,Calaveras,009,45235,0,0,0,0,0
2020-02-24,Colusa,011,21464,0,0,0,0,0
2020-02-24,Contra Costa,013,1133247,9,0,0,0,0
2020-02-24,Del Norte,015,27424,0,0,0,0,0
2020-02-24,El Dorado,017,186661,0,0,0,0,0
2020-02-24,Fresno,019,978130,1,0,0,0,0
2020-02-24,Glenn,021,27897,0,0,0,0,0
2020-02-24,Humboldt,023,135768,1,1,0,1,0
2020-02-24,Imperial,025,180216,1,0,0,0,0
2020-02-24,Inyo,027,18085,0,0,0,0,0
2020-02-24,Kern,029,883053,2,0,0,0,0
2020-02-24,Kings,031,150075,0,0,0,0,0
2020-02-24,Lake,033,64148,0,0,0,0,0
2020-02-24,Lassen,035,31185,0,0,0,0,0
2020-02-24,Los Angeles,037,10098052,71,1,6,7,0
2020-02-24,Madera,039,155013,1,0,0,0,0
2020-02-24,Marin,041,260295,1,0,0,0,0
2020-02-24,Mariposa,043,17540,0,0,0,0,0
2020-02-24,Mendocino,045,87422,0,0,0,0,0
2020-02-24,Merced,047,269075,0,0,0,0,0
2020-02-24,Modoc,049,8938,0,0,0,0,0
2020-02-24,Mono,051,14174,0,0,0,0,0
2020-02-24,Monterey,053,433212,1,0,0,0,0
2020-02-24,Napa,055,140530,0,0,0,0,0
2020-02-24,Nevada,057,99092,0,0,1,1,0
2020-02-24,Orange,059,3164182,45,1,0,1,0
2020-02-24,Placer,061,380077,3,0,0,0,0
2020-02-24,Plumas,063,18699,0,0,0,0,0
2020-02-24,Riverside,065,2383286,9,0,1,1,0
2020-02-24,Sacramento,067,1510023,7,1,0,1,0
2020-02-24,San Benito,069,59416,0,2,0,2,0
2020-02-24,San Bernardino,071,2135413,21,0,0,0,0
2020-02-24,San Diego,073,3302833,5,2,0,2,0
2020-02-24,San Francisco,075,870044,6,0,0,0,0
2020-02-24,San Joaquin,077,732212,5,0,1,1,0
2020-02-24,San Luis Obispo,079,281455,2,0,0,0,0
2020-02-24,San Mateo,081,765935,13,0,0,0,0
2020-02-24,Santa Barbara,083,443738,0,0,0,0,0
2020-02-24,Santa Clara,085,1922200,38,2,1,3,0
2020-02-24,Santa Cruz,087,273765,5,0,0,0,0
2020-02-24,Shasta,089,179085,0,0,0,0,0
2020-02-24,Sierra,091,2930,0,0,0,0,0
2020-02-24,Siskiyou,093,43540,0,0,0,0,0
2020-02-24,Solano,095,438530,13,15,0,15,0
2020-02-24,Sonoma,097,501317,5,0,0,0,0
2020-02-24,Stanislaus,099,539301,2,0,2,2,0
2020-02-24,Sutter,101,95872,0,0,0,0,0
2020-02-24,Tehama,103,63373,0,0,0,0,0
2020-02-24,Trinity,105,12862,0,0,0,0,0
2020-02-24,Tulare,107,460477,3,0,0,0,0
2020-02-24,Tuolumne,109,53932,0,0,0,0,0
2020-02-24,Ventura,111,848112,4,0,0,0,0
2020-02-24,Yolo,113,214977,1,0,0,0,0
2020-02-24,Yuba,115,75493,0,0,0,0,0
2020-02-23,Alameda,001,1643700,12,0,0,0,0
2020-02-23,Alpine,002,1148,0,0,0,0,0
2020-02-23,Amador,005,37829,0,0,0,0,0
2020-02-23,Butte,007,227075,0,0,0,0,0
2020-02-23,Calaveras,009,45235,0,0,0,0,0
2020-02-23,Colusa,011,21464,0,0,0,0,0
2020-02-23,Contra Costa,013,1133247,6,0,0,0,0
2020-02-23,Del Norte,015,27424,0,0,0,0,0
2020-02-23,El Dorado,017,186661,0,0,0,0,0
2020-02-23,Fresno,019,978130,1,0,0,0,0
2020-02-23,Glenn,021,27897,0,0,0,0,0
2020-02-23,Humboldt,023,135768,1,1,0,1,0
2020-02-23,Imperial,025,180216,1,0,0,0,0
2020-02-23,Inyo,027,18085,0,0,0,0,0
2020-02-23,Kern,029,883053,2,0,0,0,0
2020-02-23,Kings,031,150075,0,0,0,0,0
2020-02-23,Lake,033,64148,0,0,0,0,0
2020-02-23,Lassen,035,31185,0,0,0,0,0
2020-02-23,Los Angeles,037,10098052,63,1,6,7,0
2020-02-23,Madera,039,155013,1,0,0,0,0
2020-02-23,Marin,041,260295,1,0,0,0,0
2020-02-23,Mariposa,043,17540,0,0,0,0,0
2020-02-23,Mendocino,045,87422,0,0,0,0,0
2020-02-23,Merced,047,269075,0,0,0,0,0
2020-02-23,Modoc,049,8938,0,0,0,0,0
2020-02-23,Mono,051,14174,0,0,0,0,0
2020-02-23,Monterey,053,433212,1,0,0,0,0
2020-02-23,Napa,055,140530,0,0,0,0,0
2020-02-23,Nevada,057,99092,0,0,1,1,0
2020-02-23,Orange,059,3164182,45,1,0,1,0
2020-02-23,Placer,061,380077,3,0,0,0,0
2020-02-23,Plumas,063,18699,0,0,0,0,0
2020-02-23,Riverside,065,2383286,9,0,0,0,0
2020-02-23,Sacramento,067,1510023,6,1,0,1,0
2020-02-23,San Benito,069,59416,0,2,0,2,0
2020-02-23,San Bernardino,071,2135413,20,0,0,0,0
2020-02-23,San Diego,073,3302833,4,2,0,2,0
2020-02-23,San Francisco,075,870044,5,0,0,0,0
2020-02-23,San Joaquin,077,732212,4,0,1,1,0
2020-02-23,San Luis Obispo,079,281455,2,0,0,0,0
2020-02-23,San Mateo,081,765935,10,0,0,0,0
2020-02-23,Santa Barbara,083,443738,0,0,0,0,0
2020-02-23,Santa Clara,085,1922200,26,2,1,3,0
2020-02-23,Santa Cruz,087,273765,2,0,0,0,0
2020-02-23,Shasta,089,179085,0,0,0,0,0
2020-02-23,Sierra,091,2930,0,0,0,0,0
2020-02-23,Siskiyou,093,43540,0,0,0,0,0
2020-02-23,Solano,095,438530,11,15,0,15,0
2020-02-23,Sonoma,097,501317,5,0,0,0,0
2020-02-23,Stanislaus,099,539301,2,0,2,2,0
2020-02-23,Sutter,101,95872,0,0,0,0,0
2020-02-23,Tehama,103,63373,0,0,0,0,0
2020-02-23,Trinity,105,12862,0,0,0,0,0
2020-02-23,Tulare,107,460477,2,0,0,0,0
2020-02-23,Tuolumne,109,53932,0,0,0,0,0
2020-02-23,Ventura,111,848112,4,0,0,0,0
2020-02-23,Yolo,113,214977,1,0,0,0,0
2020-02-23,Yuba,115,75493,0,0,0,0,0
2020-02-22,Alameda,001,1643700,11,0,0,0,0
2020-02-22,Alpine,002,1148,0,0,0,0,0
2020-02-22,Amador,005,37829,0,0,0,0,0
2020-02-22,Butte,007,227075,0,0,0,0,0
2020-02-22,Calaveras,009,45235,0,0,0,0,0
2020-02-22,Colusa,011,21464,0,0,0,0,0
2020-02-22,Contra Costa,013,1133247,5,0,0,0,0
2020-02-22,Del Norte,015,27424,0,0,0,0,0
2020-02-22,El Dorado,017,186661,0,0,0,0,0
2020-02-22,Fresno,019,978130,1,0,0,0,0
2020-02-22,Glenn,021,27897,0,0,0,0,0
2020-02-22,Humboldt,023,135768,1,1,0,1,0
2020-02-22,Imperial,025,180216,0,0,0,0,0
2020-02-22,Inyo,027,18085,0,0,0,0,0
2020-02-22,Kern,029,883053,2,0,0,0,0
2020-02-22,Kings,031,150075,0,0,0,0,0
2020-02-22,Lake,033,64148,0,0,0,0,0
2020-02-22,Lassen,035,31185,0,0,0,0,0
2020-02-22,Los Angeles,037,10098052,61,1,6,7,0
2020-02-22,Madera,039,155013,0,0,0,0,0
2020-02-22,Marin,041,260295,1,0,0,0,0
2020-02-22,Mariposa,043,17540,0,0,0,0,0
2020-02-22,Mendocino,045,87422,0,0,0,0,0
2020-02-22,Merced,047,269075,0,0,0,0,0
2020-02-22,Modoc,049,8938,0,0,0,0,0
2020-02-22,Mono,051,14174,0,0,0,0,0
2020-02-22,Monterey,053,433212,1,0,0,0,0
2020-02-22,Napa,055,140530,0,0,0,0,0
2020-02-22,Nevada,057,99092,0,0,1,1,0
2020-02-22,Orange,059,3164182,44,1,0,1,0
2020-02-22,Placer,061,380077,3,0,0,0,0
2020-02-22,Plumas,063,18699,0,0,0,0,0
2020-02-22,Riverside,065,2383286,9,0,0,0,0
2020-02-22,Sacramento,067,1510023,6,1,0,1,0
2020-02-22,San Benito,069,59416,0,2,0,2,0
2020-02-22,San Bernardino,071,2135413,18,0,0,0,0
2020-02-22,San Diego,073,3302833,3,2,0,2,0
2020-02-22,San Francisco,075,870044,3,0,0,0,0
2020-02-22,San Joaquin,077,732212,4,0,1,1,0
2020-02-22,San Luis Obispo,079,281455,2,0,0,0,0
2020-02-22,San Mateo,081,765935,8,0,0,0,0
2020-02-22,Santa Barbara,083,443738,0,0,0,0,0
2020-02-22,Santa Clara,085,1922200,23,2,1,3,0
2020-02-22,Santa Cruz,087,273765,2,0,0,0,0
2020-02-22,Shasta,089,179085,0,0,0,0,0
2020-02-22,Sierra,091,2930,0,0,0,0,0
2020-02-22,Siskiyou,093,43540,0,0,0,0,0
2020-02-22,Solano,095,438530,11,11,0,11,0
2020-02-22,Sonoma,097,501317,4,0,0,0,0
2020-02-22,Stanislaus,099,539301,2,0,2,2,0
2020-02-22,Sutter,101,95872,0,0,0,0,0
2020-02-22,Tehama,103,63373,0,0,0,0,0
2020-02-22,Trinity,105,12862,0,0,0,0,0
2020-02-22,Tulare,107,460477,2,0,0,0,0
2020-02-22,Tuolumne,109,53932,0,0,0,0,0
2020-02-22,Ventura,111,848112,4,0,0,0,0
2020-02-22,Yolo,113,214977,0,0,0,0,0
2020-02-22,Yuba,115,75493,0,0,0,0,0
2020-02-21,Alameda,001,1643700,10,0,0,0,0
2020-02-21,Alpine,002,1148,0,0,0,0,0
2020-02-21,Amador,005,37829,0,0,0,0,0
2020-02-21,Butte,007,227075,0,0,0,0,0
2020-02-21,Calaveras,009,45235,0,0,0,0,0
2020-02-21,Colusa,011,21464,0,0,0,0,0
2020-02-21,Contra Costa,013,1133247,4,0,0,0,0
2020-02-21,Del Norte,015,27424,0,0,0,0,0
2020-02-21,El Dorado,017,186661,0,0,0,0,0
2020-02-21,Fresno,019,978130,1,0,0,0,0
2020-02-21,Glenn,021,27897,0,0,0,0,0
2020-02-21,Humboldt,023,135768,1,1,0,1,0
2020-02-21,Imperial,025,180216,0,0,0,0,0
2020-02-21,Inyo,027,18085,0,0,0,0,0
2020-02-21,Kern,029,883053,2,0,0,0,0
2020-02-21,Kings,031,150075,0,0,0,0,0
2020-02-21,Lake,033,64148,0,0,0,0,0
2020-02-21,Lassen,035,31185,0,0,0,0,0
2020-02-21,Los Angeles,037,10098052,57,1,6,7,0
2020-02-21,Madera,039,155013,0,0,0,0,0
2020-02-21,Marin,041,260295,1,0,0,0,0
2020-02-21,Mariposa,043,17540,0,0,0,0,0
2020-02-21,Mendocino,045,87422,0,0,0,0,0
2020-02-21,Merced,047,269075,0,0,0,0,0
2020-02-21,Modoc,049,8938,0,0,0,0,0
2020-02-21,Mono,051,14174,0,0,0,0,0
2020-02-21,Monterey,053,433212,1,0,0,0,0
2020-02-21,Napa,055,140530,0,0,0,0,0
2020-02-21,Nevada,057,99092,0,0,1,1,0
2020-02-21,Orange,059,3164182,42,1,0,1,0
2020-02-21,Placer,061,380077,2,0,0,0,0
2020-02-21,Plumas,063,18699,0,0,0,0,0
2020-02-21,Riverside,065,2383286,9,0,0,0,0
2020-02-21,Sacramento,067,1510023,5,1,0,1,0
2020-02-21,San Benito,069,59416,0,2,0,2,0
2020-02-21,San Bernardino,071,2135413,17,0,0,0,0
2020-02-21,San Diego,073,3302833,3,2,0,2,0
2020-02-21,San Francisco,075,870044,3,0,0,0,0
2020-02-21,San Joaquin,077,732212,2,0,1,1,0
2020-02-21,San Luis Obispo,079,281455,2,0,0,0,0
2020-02-21,San Mateo,081,765935,8,0,0,0,0
2020-02-21,Santa Barbara,083,443738,0,0,0,0,0
2020-02-21,Santa Clara,085,1922200,21,2,1,3,0
2020-02-21,Santa Cruz,087,273765,2,0,0,0,0
2020-02-21,Shasta,089,179085,0,0,0,0,0
2020-02-21,Sierra,091,2930,0,0,0,0,0
2020-02-21,Siskiyou,093,43540,0,0,0,0,0
2020-02-21,Solano,095,438530,10,11,0,11,0
2020-02-21,Sonoma,097,501317,3,0,0,0,0
2020-02-21,Stanislaus,099,539301,2,0,2,2,0
2020-02-21,Sutter,101,95872,0,0,0,0,0
2020-02-21,Tehama,103,63373,0,0,0,0,0
2020-02-21,Trinity,105,12862,0,0,0,0,0
2020-02-21,Tulare,107,460477,2,0,0,0,0
2020-02-21,Tuolumne,109,53932,0,0,0,0,0
2020-02-21,Ventura,111,848112,4,0,0,0,0
2020-02-21,Yolo,113,214977,0,0,0,0,0
2020-02-21,Yuba,115,75493,0,0,0,0,0
2020-02-20,Alameda,001,1643700,8,0,0,0,0
2020-02-20,Alpine,002,1148,0,0,0,0,0
2020-02-20,Amador,005,37829,0,0,0,0,0
2020-02-20,Butte,007,227075,0,0,0,0,0
2020-02-20,Calaveras,009,45235,0,0,0,0,0
2020-02-20,Colusa,011,21464,0,0,0,0,0
2020-02-20,Contra Costa,013,1133247,3,0,0,0,0
2020-02-20,Del Norte,015,27424,0,0,0,0,0
2020-02-20,El Dorado,017,186661,0,0,0,0,0
2020-02-20,Fresno,019,978130,1,0,0,0,0
2020-02-20,Glenn,021,27897,0,0,0,0,0
2020-02-20,Humboldt,023,135768,1,1,0,1,0
2020-02-20,Imperial,025,180216,0,0,0,0,0
2020-02-20,Inyo,027,18085,0,0,0,0,0
2020-02-20,Kern,029,883053,2,0,0,0,0
2020-02-20,Kings,031,150075,0,0,0,0,0
2020-02-20,Lake,033,64148,0,0,0,0,0
2020-02-20,Lassen,035,31185,0,0,0,0,0
2020-02-20,Los Angeles,037,10098052,56,1,5,6,0
2020-02-20,Madera,039,155013,0,0,0,0,0
2020-02-20,Marin,041,260295,0,0,0,0,0
2020-02-20,Mariposa,043,17540,0,0,0,0,0
2020-02-20,Mendocino,045,87422,0,0,0,0,0
2020-02-20,Merced,047,269075,0,0,0,0,0
2020-02-20,Modoc,049,8938,0,0,0,0,0
2020-02-20,Mono,051,14174,0,0,0,0,0
2020-02-20,Monterey,053,433212,1,0,0,0,0
2020-02-20,Napa,055,140530,0,0,0,0,0
2020-02-20,Nevada,057,99092,0,0,1,1,0
2020-02-20,Orange,059,3164182,42,1,0,1,0
2020-02-20,Placer,061,380077,2,0,0,0,0
2020-02-20,Plumas,063,18699,0,0,0,0,0
2020-02-20,Riverside,065,2383286,7,0,0,0,0
2020-02-20,Sacramento,067,1510023,2,1,0,1,0
2020-02-20,San Benito,069,59416,0,2,0,2,0
2020-02-20,San Bernardino,071,2135413,15,0,0,0,0
2020-02-20,San Diego,073,3302833,3,2,0,2,0
2020-02-20,San Francisco,075,870044,3,0,0,0,0
2020-02-20,San Joaquin,077,732212,2,0,1,1,0
2020-02-20,San Luis Obispo,079,281455,2,0,0,0,0
2020-02-20,San Mateo,081,765935,7,0,0,0,0
2020-02-20,Santa Barbara,083,443738,0,0,0,0,0
2020-02-20,Santa Clara,085,1922200,17,2,1,3,0
2020-02-20,Santa Cruz,087,273765,2,0,0,0,0
2020-02-20,Shasta,089,179085,0,0,0,0,0
2020-02-20,Sierra,091,2930,0,0,0,0,0
2020-02-20,Siskiyou,093,43540,0,0,0,0,0
2020-02-20,Solano,095,438530,8,7,0,7,0
2020-02-20,Sonoma,097,501317,2,0,0,0,0
2020-02-20,Stanislaus,099,539301,2,0,2,2,0
2020-02-20,Sutter,101,95872,0,0,0,0,0
2020-02-20,Tehama,103,63373,0,0,0,0,0
2020-02-20,Trinity,105,12862,0,0,0,0,0
2020-02-20,Tulare,107,460477,2,0,0,0,0
2020-02-20,Tuolumne,109,53932,0,0,0,0,0
2020-02-20,Ventura,111,848112,4,0,0,0,0
2020-02-20,Yolo,113,214977,0,0,0,0,0
2020-02-20,Yuba,115,75493,0,0,0,0,0
2020-02-19,Alameda,001,1643700,7,0,0,0,0
2020-02-19,Alpine,002,1148,0,0,0,0,0
2020-02-19,Amador,005,37829,0,0,0,0,0
2020-02-19,Butte,007,227075,0,0,0,0,0
2020-02-19,Calaveras,009,45235,0,0,0,0,0
2020-02-19,Colusa,011,21464,0,0,0,0,0
2020-02-19,Contra Costa,013,1133247,3,0,0,0,0
2020-02-19,Del Norte,015,27424,0,0,0,0,0
2020-02-19,El Dorado,017,186661,0,0,0,0,0
2020-02-19,Fresno,019,978130,1,0,0,0,0
2020-02-19,Glenn,021,27897,0,0,0,0,0
2020-02-19,Humboldt,023,135768,1,0,0,0,0
2020-02-19,Imperial,025,180216,0,0,0,0,0
2020-02-19,Inyo,027,18085,0,0,0,0,0
2020-02-19,Kern,029,883053,2,0,0,0,0
2020-02-19,Kings,031,150075,0,0,0,0,0
2020-02-19,Lake,033,64148,0,0,0,0,0
2020-02-19,Lassen,035,31185,0,0,0,0,0
2020-02-19,Los Angeles,037,10098052,54,1,5,6,0
2020-02-19,Madera,039,155013,0,0,0,0,0
2020-02-19,Marin,041,260295,0,0,0,0,0
2020-02-19,Mariposa,043,17540,0,0,0,0,0
2020-02-19,Mendocino,045,87422,0,0,0,0,0
2020-02-19,Merced,047,269075,0,0,0,0,0
2020-02-19,Modoc,049,8938,0,0,0,0,0
2020-02-19,Mono,051,14174,0,0,0,0,0
2020-02-19,Monterey,053,433212,1,0,0,0,0
2020-02-19,Napa,055,140530,0,0,0,0,0
2020-02-19,Nevada,057,99092,0,0,1,1,0
2020-02-19,Orange,059,3164182,41,1,0,1,0
2020-02-19,Placer,061,380077,2,0,0,0,0
2020-02-19,Plumas,063,18699,0,0,0,0,0
2020-02-19,Riverside,065,2383286,5,0,0,0,0
2020-02-19,Sacramento,067,1510023,2,0,0,0,0
2020-02-19,San Benito,069,59416,0,2,0,2,0
2020-02-19,San Bernardino,071,2135413,14,0,0,0,0
2020-02-19,San Diego,073,3302833,2,2,0,2,0
2020-02-19,San Francisco,075,870044,2,0,0,0,0
2020-02-19,San Joaquin,077,732212,2,0,1,1,0
2020-02-19,San Luis Obispo,079,281455,2,0,0,0,0
2020-02-19,San Mateo,081,765935,6,0,0,0,0
2020-02-19,Santa Barbara,083,443738,0,0,0,0,0
2020-02-19,Santa Clara,085,1922200,15,2,1,3,0
2020-02-19,Santa Cruz,087,273765,0,0,0,0,0
2020-02-19,Shasta,089,179085,0,0,0,0,0
2020-02-19,Sierra,091,2930,0,0,0,0,0
2020-02-19,Siskiyou,093,43540,0,0,0,0,0
2020-02-19,Solano,095,438530,5,7,0,7,0
2020-02-19,Sonoma,097,501317,2,0,0,0,0
2020-02-19,Stanislaus,099,539301,1,0,2,2,0
2020-02-19,Sutter,101,95872,0,0,0,0,0
2020-02-19,Tehama,103,63373,0,0,0,0,0
2020-02-19,Trinity,105,12862,0,0,0,0,0
2020-02-19,Tulare,107,460477,2,0,0,0,0
2020-02-19,Tuolumne,109,53932,0,0,0,0,0
2020-02-19,Ventura,111,848112,2,0,0,0,0
2020-02-19,Yolo,113,214977,0,0,0,0,0
2020-02-19,Yuba,115,75493,0,0,0,0,0
2020-02-18,Alameda,001,1643700,7,0,0,0,0
2020-02-18,Alpine,002,1148,0,0,0,0,0
2020-02-18,Amador,005,37829,0,0,0,0,0
2020-02-18,Butte,007,227075,0,0,0,0,0
2020-02-18,Calaveras,009,45235,0,0,0,0,0
2020-02-18,Colusa,011,21464,0,0,0,0,0
2020-02-18,Contra Costa,013,1133247,3,0,0,0,0
2020-02-18,Del Norte,015,27424,0,0,0,0,0
2020-02-18,El Dorado,017,186661,0,0,0,0,0
2020-02-18,Fresno,019,978130,0,0,0,0,0
2020-02-18,Glenn,021,27897,0,0,0,0,0
2020-02-18,Humboldt,023,135768,1,0,0,0,0
2020-02-18,Imperial,025,180216,0,0,0,0,0
2020-02-18,Inyo,027,18085,0,0,0,0,0
2020-02-18,Kern,029,883053,2,0,0,0,0
2020-02-18,Kings,031,150075,0,0,0,0,0
2020-02-18,Lake,033,64148,0,0,0,0,0
2020-02-18,Lassen,035,31185,0,0,0,0,0
2020-02-18,Los Angeles,037,10098052,51,1,4,5,0
2020-02-18,Madera,039,155013,0,0,0,0,0
2020-02-18,Marin,041,260295,0,0,0,0,0
2020-02-18,Mariposa,043,17540,0,0,0,0,0
2020-02-18,Mendocino,045,87422,0,0,0,0,0
2020-02-18,Merced,047,269075,0,0,0,0,0
2020-02-18,Modoc,049,8938,0,0,0,0,0
2020-02-18,Mono,051,14174,0,0,0,0,0
2020-02-18,Monterey,053,433212,1,0,0,0,0
2020-02-18,Napa,055,140530,0,0,0,0,0
2020-02-18,Nevada,057,99092,0,0,1,1,0
2020-02-18,Orange,059,3164182,40,1,0,1,0
2020-02-18,Placer,061,380077,0,0,0,0,0
2020-02-18,Plumas,063,18699,0,0,0,0,0
2020-02-18,Riverside,065,2383286,5,0,0,0,0
2020-02-18,Sacramento,067,1510023,2,0,0,0,0
2020-02-18,San Benito,069,59416,0,2,0,2,0
2020-02-18,San Bernardino,071,2135413,13,0,0,0,0
2020-02-18,San Diego,073,3302833,2,2,0,2,0
2020-02-18,San Francisco,075,870044,2,0,0,0,0
2020-02-18,San Joaquin,077,732212,1,0,1,1,0
2020-02-18,San Luis Obispo,079,281455,2,0,0,0,0
2020-02-18,San Mateo,081,765935,5,0,0,0,0
2020-02-18,Santa Barbara,083,443738,0,0,0,0,0
2020-02-18,Santa Clara,085,1922200,14,2,1,3,0
2020-02-18,Santa Cruz,087,273765,0,0,0,0,0
2020-02-18,Shasta,089,179085,0,0,0,0,0
2020-02-18,Sierra,091,2930,0,0,0,0,0
2020-02-18,Siskiyou,093,43540,0,0,0,0,0
2020-02-18,Solano,095,438530,5,7,0,7,0
2020-02-18,Sonoma,097,501317,1,0,0,0,0
2020-02-18,Stanislaus,099,539301,1,0,2,2,0
2020-02-18,Sutter,101,95872,0,0,0,0,0
2020-02-18,Tehama,103,63373,0,0,0,0,0
2020-02-18,Trinity,105,12862,0,0,0,0,0
2020-02-18,Tulare,107,460477,2,0,0,0,0
2020-02-18,Tuolumne,109,53932,0,0,0,0,0
2020-02-18,Ventura,111,848112,2,0,0,0,0
2020-02-18,Yolo,113,214977,0,0,0,0,0
2020-02-18,Yuba,115,75493,0,0,0,0,0
2020-02-17,Alameda,001,1643700,7,0,0,0,0
2020-02-17,Alpine,002,1148,0,0,0,0,0
2020-02-17,Amador,005,37829,0,0,0,0,0
2020-02-17,Butte,007,227075,0,0,0,0,0
2020-02-17,Calaveras,009,45235,0,0,0,0,0
2020-02-17,Colusa,011,21464,0,0,0,0,0
2020-02-17,Contra Costa,013,1133247,3,0,0,0,0
2020-02-17,Del Norte,015,27424,0,0,0,0,0
2020-02-17,El Dorado,017,186661,0,0,0,0,0
2020-02-17,Fresno,019,978130,0,0,0,0,0
2020-02-17,Glenn,021,27897,0,0,0,0,0
2020-02-17,Humboldt,023,135768,1,0,0,0,0
2020-02-17,Imperial,025,180216,0,0,0,0,0
2020-02-17,Inyo,027,18085,0,0,0,0,0
2020-02-17,Kern,029,883053,2,0,0,0,0
2020-02-17,Kings,031,150075,0,0,0,0,0
2020-02-17,Lake,033,64148,0,0,0,0,0
2020-02-17,Lassen,035,31185,0,0,0,0,0
2020-02-17,Los Angeles,037,10098052,48,1,4,5,0
2020-02-17,Madera,039,155013,0,0,0,0,0
2020-02-17,Marin,041,260295,0,0,0,0,0
2020-02-17,Mariposa,043,17540,0,0,0,0,0
2020-02-17,Mendocino,045,87422,0,0,0,0,0
2020-02-17,Merced,047,269075,0,0,0,0,0
2020-02-17,Modoc,049,8938,0,0,0,0,0
2020-02-17,Mono,051,14174,0,0,0,0,0
2020-02-17,Monterey,053,433212,1,0,0,0,0
2020-02-17,Napa,055,140530,0,0,0,0,0
2020-02-17,Nevada,057,99092,0,0,1,1,0
2020-02-17,Orange,059,3164182,40,1,0,1,0
2020-02-17,Placer,061,380077,0,0,0,0,0
2020-02-17,Plumas,063,18699,0,0,0,0,0
2020-02-17,Riverside,065,2383286,5,0,0,0,0
2020-02-17,Sacramento,067,1510023,2,0,0,0,0
2020-02-17,San Benito,069,59416,0,2,0,2,0
2020-02-17,San Bernardino,071,2135413,11,0,0,0,0
2020-02-17,San Diego,073,3302833,2,2,0,2,0
2020-02-17,San Francisco,075,870044,2,0,0,0,0
2020-02-17,San Joaquin,077,732212,1,0,1,1,0
2020-02-17,San Luis Obispo,079,281455,1,0,0,0,0
2020-02-17,San Mateo,081,765935,5,0,0,0,0
2020-02-17,Santa Barbara,083,443738,0,0,0,0,0
2020-02-17,Santa Clara,085,1922200,12,2,1,3,0
2020-02-17,Santa Cruz,087,273765,0,0,0,0,0
2020-02-17,Shasta,089,179085,0,0,0,0,0
2020-02-17,Sierra,091,2930,0,0,0,0,0
2020-02-17,Siskiyou,093,43540,0,0,0,0,0
2020-02-17,Solano,095,438530,3,5,0,5,0
2020-02-17,Sonoma,097,501317,1,0,0,0,0
2020-02-17,Stanislaus,099,539301,1,0,2,2,0
2020-02-17,Sutter,101,95872,0,0,0,0,0
2020-02-17,Tehama,103,63373,0,0,0,0,0
2020-02-17,Trinity,105,12862,0,0,0,0,0
2020-02-17,Tulare,107,460477,2,0,0,0,0
2020-02-17,Tuolumne,109,53932,0,0,0,0,0
2020-02-17,Ventura,111,848112,2,0,0,0,0
2020-02-17,Yolo,113,214977,0,0,0,0,0
2020-02-17,Yuba,115,75493,0,0,0,0,0
2020-02-16,Alameda,001,1643700,6,0,0,0,0
2020-02-16,Alpine,002,1148,0,0,0,0,0
2020-02-16,Amador,005,37829,0,0,0,0,0
2020-02-16,Butte,007,227075,0,0,0,0,0
2020-02-16,Calaveras,009,45235,0,0,0,0,0
2020-02-16,Colusa,011,21464,0,0,0,0,0
2020-02-16,Contra Costa,013,1133247,3,0,0,0,0
2020-02-16,Del Norte,015,27424,0,0,0,0,0
2020-02-16,El Dorado,017,186661,0,0,0,0,0
2020-02-16,Fresno,019,978130,0,0,0,0,0
2020-02-16,Glenn,021,27897,0,0,0,0,0
2020-02-16,Humboldt,023,135768,1,0,0,0,0
2020-02-16,Imperial,025,180216,0,0,0,0,0
2020-02-16,Inyo,027,18085,0,0,0,0,0
2020-02-16,Kern,029,883053,2,0,0,0,0
2020-02-16,Kings,031,150075,0,0,0,0,0
2020-02-16,Lake,033,64148,0,0,0,0,0
2020-02-16,Lassen,035,31185,0,0,0,0,0
2020-02-16,Los Angeles,037,10098052,43,1,4,5,0
2020-02-16,Madera,039,155013,0,0,0,0,0
2020-02-16,Marin,041,260295,0,0,0,0,0
2020-02-16,Mariposa,043,17540,0,0,0,0,0
2020-02-16,Mendocino,045,87422,0,0,0,0,0
2020-02-16,Merced,047,269075,0,0,0,0,0
2020-02-16,Modoc,049,8938,0,0,0,0,0
2020-02-16,Mono,051,14174,0,0,0,0,0
2020-02-16,Monterey,053,433212,1,0,0,0,0
2020-02-16,Napa,055,140530,0,0,0,0,0
2020-02-16,Nevada,057,99092,0,0,0,0,0
2020-02-16,Orange,059,3164182,39,1,0,1,0
2020-02-16,Placer,061,380077,0,0,0,0,0
2020-02-16,Plumas,063,18699,0,0,0,0,0
2020-02-16,Riverside,065,2383286,5,0,0,0,0
2020-02-16,Sacramento,067,1510023,2,0,0,0,0
2020-02-16,San Benito,069,59416,0,2,0,2,0
2020-02-16,San Bernardino,071,2135413,10,0,0,0,0
2020-02-16,San Diego,073,3302833,2,2,0,2,0
2020-02-16,San Francisco,075,870044,2,0,0,0,0
2020-02-16,San Joaquin,077,732212,1,0,1,1,0
2020-02-16,San Luis Obispo,079,281455,1,0,0,0,0
2020-02-16,San Mateo,081,765935,4,0,0,0,0
2020-02-16,Santa Barbara,083,443738,0,0,0,0,0
2020-02-16,Santa Clara,085,1922200,10,2,1,3,0
2020-02-16,Santa Cruz,087,273765,0,0,0,0,0
2020-02-16,Shasta,089,179085,0,0,0,0,0
2020-02-16,Sierra,091,2930,0,0,0,0,0
2020-02-16,Siskiyou,093,43540,0,0,0,0,0
2020-02-16,Solano,095,438530,1,0,0,0,0
2020-02-16,Sonoma,097,501317,1,0,0,0,0
2020-02-16,Stanislaus,099,539301,1,0,2,2,0
2020-02-16,Sutter,101,95872,0,0,0,0,0
2020-02-16,Tehama,103,63373,0,0,0,0,0
2020-02-16,Trinity,105,12862,0,0,0,0,0
2020-02-16,Tulare,107,460477,2,0,0,0,0
2020-02-16,Tuolumne,109,53932,0,0,0,0,0
2020-02-16,Ventura,111,848112,2,0,0,0,0
2020-02-16,Yolo,113,214977,0,0,0,0,0
2020-02-16,Yuba,115,75493,0,0,0,0,0
2020-02-15,Alameda,001,1643700,6,0,0,0,0
2020-02-15,Alpine,002,1148,0,0,0,0,0
2020-02-15,Amador,005,37829,0,0,0,0,0
2020-02-15,Butte,007,227075,0,0,0,0,0
2020-02-15,Calaveras,009,45235,0,0,0,0,0
2020-02-15,Colusa,011,21464,0,0,0,0,0
2020-02-15,Contra Costa,013,1133247,3,0,0,0,0
2020-02-15,Del Norte,015,27424,0,0,0,0,0
2020-02-15,El Dorado,017,186661,0,0,0,0,0
2020-02-15,Fresno,019,978130,0,0,0,0,0
2020-02-15,Glenn,021,27897,0,0,0,0,0
2020-02-15,Humboldt,023,135768,1,0,0,0,0
2020-02-15,Imperial,025,180216,0,0,0,0,0
2020-02-15,Inyo,027,18085,0,0,0,0,0
2020-02-15,Kern,029,883053,2,0,0,0,0
2020-02-15,Kings,031,150075,0,0,0,0,0
2020-02-15,Lake,033,64148,0,0,0,0,0
2020-02-15,Lassen,035,31185,0,0,0,0,0
2020-02-15,Los Angeles,037,10098052,40,1,4,5,0
2020-02-15,Madera,039,155013,0,0,0,0,0
2020-02-15,Marin,041,260295,0,0,0,0,0
2020-02-15,Mariposa,043,17540,0,0,0,0,0
2020-02-15,Mendocino,045,87422,0,0,0,0,0
2020-02-15,Merced,047,269075,0,0,0,0,0
2020-02-15,Modoc,049,8938,0,0,0,0,0
2020-02-15,Mono,051,14174,0,0,0,0,0
2020-02-15,Monterey,053,433212,1,0,0,0,0
2020-02-15,Napa,055,140530,0,0,0,0,0
2020-02-15,Nevada,057,99092,0,0,0,0,0
2020-02-15,Orange,059,3164182,38,1,0,1,0
2020-02-15,Placer,061,380077,0,0,0,0,0
2020-02-15,Plumas,063,18699,0,0,0,0,0
2020-02-15,Riverside,065,2383286,4,0,0,0,0
2020-02-15,Sacramento,067,1510023,2,0,0,0,0
2020-02-15,San Benito,069,59416,0,2,0,2,0
2020-02-15,San Bernardino,071,2135413,9,0,0,0,0
2020-02-15,San Diego,073,3302833,2,2,0,2,0
2020-02-15,San Francisco,075,870044,2,0,0,0,0
2020-02-15,San Joaquin,077,732212,1,0,1,1,0
2020-02-15,San Luis Obispo,079,281455,1,0,0,0,0
2020-02-15,San Mateo,081,765935,4,0,0,0,0
2020-02-15,Santa Barbara,083,443738,0,0,0,0,0
2020-02-15,Santa Clara,085,1922200,10,2,1,3,0
2020-02-15,Santa Cruz,087,273765,0,0,0,0,0
2020-02-15,Shasta,089,179085,0,0,0,0,0
2020-02-15,Sierra,091,2930,0,0,0,0,0
2020-02-15,Siskiyou,093,43540,0,0,0,0,0
2020-02-15,Solano,095,438530,1,0,0,0,0
2020-02-15,Sonoma,097,501317,0,0,0,0,0
2020-02-15,Stanislaus,099,539301,1,0,2,2,0
2020-02-15,Sutter,101,95872,0,0,0,0,0
2020-02-15,Tehama,103,63373,0,0,0,0,0
2020-02-15,Trinity,105,12862,0,0,0,0,0
2020-02-15,Tulare,107,460477,2,0,0,0,0
2020-02-15,Tuolumne,109,53932,0,0,0,0,0
2020-02-15,Ventura,111,848112,2,0,0,0,0
2020-02-15,Yolo,113,214977,0,0,0,0,0
2020-02-15,Yuba,115,75493,0,0,0,0,0
2020-02-14,Alameda,001,1643700,5,0,0,0,0
2020-02-14,Alpine,002,1148,0,0,0,0,0
2020-02-14,Amador,005,37829,0,0,0,0,0
2020-02-14,Butte,007,227075,0,0,0,0,0
2020-02-14,Calaveras,009,45235,0,0,0,0,0
2020-02-14,Colusa,011,21464,0,0,0,0,0
2020-02-14,Contra Costa,013,1133247,3,0,0,0,0
2020-02-14,Del Norte,015,27424,0,0,0,0,0
2020-02-14,El Dorado,017,186661,0,0,0,0,0
2020-02-14,Fresno,019,978130,0,0,0,0,0
2020-02-14,Glenn,021,27897,0,0,0,0,0
2020-02-14,Humboldt,023,135768,1,0,0,0,0
2020-02-14,Imperial,025,180216,0,0,0,0,0
2020-02-14,Inyo,027,18085,0,0,0,0,0
2020-02-14,Kern,029,883053,2,0,0,0,0
2020-02-14,Kings,031,150075,0,0,0,0,0
2020-02-14,Lake,033,64148,0,0,0,0,0
2020-02-14,Lassen,035,31185,0,0,0,0,0
2020-02-14,Los Angeles,037,10098052,35,1,4,5,0
2020-02-14,Madera,039,155013,0,0,0,0,0
2020-02-14,Marin,041,260295,0,0,0,0,0
2020-02-14,Mariposa,043,17540,0,0,0,0,0
2020-02-14,Mendocino,045,87422,0,0,0,0,0
2020-02-14,Merced,047,269075,0,0,0,0,0
2020-02-14,Modoc,049,8938,0,0,0,0,0
2020-02-14,Mono,051,14174,0,0,0,0,0
2020-02-14,Monterey,053,433212,1,0,0,0,0
2020-02-14,Napa,055,140530,0,0,0,0,0
2020-02-14,Nevada,057,99092,0,0,0,0,0
2020-02-14,Orange,059,3164182,38,1,0,1,0
2020-02-14,Placer,061,380077,0,0,0,0,0
2020-02-14,Plumas,063,18699,0,0,0,0,0
2020-02-14,Riverside,065,2383286,4,0,0,0,0
2020-02-14,Sacramento,067,1510023,1,0,0,0,0
2020-02-14,San Benito,069,59416,0,2,0,2,0
2020-02-14,San Bernardino,071,2135413,9,0,0,0,0
2020-02-14,San Diego,073,3302833,1,2,0,2,0
2020-02-14,San Francisco,075,870044,2,0,0,0,0
2020-02-14,San Joaquin,077,732212,1,0,1,1,0
2020-02-14,San Luis Obispo,079,281455,0,0,0,0,0
2020-02-14,San Mateo,081,765935,3,0,0,0,0
2020-02-14,Santa Barbara,083,443738,0,0,0,0,0
2020-02-14,Santa Clara,085,1922200,8,2,1,3,0
2020-02-14,Santa Cruz,087,273765,0,0,0,0,0
2020-02-14,Shasta,089,179085,0,0,0,0,0
2020-02-14,Sierra,091,2930,0,0,0,0,0
2020-02-14,Siskiyou,093,43540,0,0,0,0,0
2020-02-14,Solano,095,438530,1,0,0,0,0
2020-02-14,Sonoma,097,501317,0,0,0,0,0
2020-02-14,Stanislaus,099,539301,1,0,2,2,0
2020-02-14,Sutter,101,95872,0,0,0,0,0
2020-02-14,Tehama,103,63373,0,0,0,0,0
2020-02-14,Trinity,105,12862,0,0,0,0,0
2020-02-14,Tulare,107,460477,2,0,0,0,0
2020-02-14,Tuolumne,109,53932,0,0,0,0,0
2020-02-14,Ventura,111,848112,2,0,0,0,0
2020-02-14,Yolo,113,214977,0,0,0,0,0
2020-02-14,Yuba,115,75493,0,0,0,0,0
2020-02-13,Alameda,001,1643700,5,0,0,0,0
2020-02-13,Alpine,002,1148,0,0,0,0,0
2020-02-13,Amador,005,37829,0,0,0,0,0
2020-02-13,Butte,007,227075,0,0,0,0,0
2020-02-13,Calaveras,009,45235,0,0,0,0,0
2020-02-13,Colusa,011,21464,0,0,0,0,0
2020-02-13,Contra Costa,013,1133247,3,0,0,0,0
2020-02-13,Del Norte,015,27424,0,0,0,0,0
2020-02-13,El Dorado,017,186661,0,0,0,0,0
2020-02-13,Fresno,019,978130,0,0,0,0,0
2020-02-13,Glenn,021,27897,0,0,0,0,0
2020-02-13,Humboldt,023,135768,1,0,0,0,0
2020-02-13,Imperial,025,180216,0,0,0,0,0
2020-02-13,Inyo,027,18085,0,0,0,0,0
2020-02-13,Kern,029,883053,2,0,0,0,0
2020-02-13,Kings,031,150075,0,0,0,0,0
2020-02-13,Lake,033,64148,0,0,0,0,0
2020-02-13,Lassen,035,31185,0,0,0,0,0
2020-02-13,Los Angeles,037,10098052,32,1,3,4,0
2020-02-13,Madera,039,155013,0,0,0,0,0
2020-02-13,Marin,041,260295,0,0,0,0,0
2020-02-13,Mariposa,043,17540,0,0,0,0,0
2020-02-13,Mendocino,045,87422,0,0,0,0,0
2020-02-13,Merced,047,269075,0,0,0,0,0
2020-02-13,Modoc,049,8938,0,0,0,0,0
2020-02-13,Mono,051,14174,0,0,0,0,0
2020-02-13,Monterey,053,433212,1,0,0,0,0
2020-02-13,Napa,055,140530,0,0,0,0,0
2020-02-13,Nevada,057,99092,0,0,0,0,0
2020-02-13,Orange,059,3164182,37,1,0,1,0
2020-02-13,Placer,061,380077,0,0,0,0,0
2020-02-13,Plumas,063,18699,0,0,0,0,0
2020-02-13,Riverside,065,2383286,4,0,0,0,0
2020-02-13,Sacramento,067,1510023,1,0,0,0,0
2020-02-13,San Benito,069,59416,0,2,0,2,0
2020-02-13,San Bernardino,071,2135413,8,0,0,0,0
2020-02-13,San Diego,073,3302833,0,2,0,2,0
2020-02-13,San Francisco,075,870044,2,0,0,0,0
2020-02-13,San Joaquin,077,732212,1,0,1,1,0
2020-02-13,San Luis Obispo,079,281455,0,0,0,0,0
2020-02-13,San Mateo,081,765935,2,0,0,0,0
2020-02-13,Santa Barbara,083,443738,0,0,0,0,0
2020-02-13,Santa Clara,085,1922200,7,2,0,2,0
2020-02-13,Santa Cruz,087,273765,0,0,0,0,0
2020-02-13,Shasta,089,179085,0,0,0,0,0
2020-02-13,Sierra,091,2930,0,0,0,0,0
2020-02-13,Siskiyou,093,43540,0,0,0,0,0
2020-02-13,Solano,095,438530,0,0,0,0,0
2020-02-13,Sonoma,097,501317,0,0,0,0,0
2020-02-13,Stanislaus,099,539301,1,0,1,1,0
2020-02-13,Sutter,101,95872,0,0,0,0,0
2020-02-13,Tehama,103,63373,0,0,0,0,0
2020-02-13,Trinity,105,12862,0,0,0,0,0
2020-02-13,Tulare,107,460477,2,0,0,0,0
2020-02-13,Tuolumne,109,53932,0,0,0,0,0
2020-02-13,Ventura,111,848112,2,0,0,0,0
2020-02-13,Yolo,113,214977,0,0,0,0,0
2020-02-13,Yuba,115,75493,0,0,0,0,0
2020-02-12,Alameda,001,1643700,5,0,0,0,0
2020-02-12,Alpine,002,1148,0,0,0,0,0
2020-02-12,Amador,005,37829,0,0,0,0,0
2020-02-12,Butte,007,227075,0,0,0,0,0
2020-02-12,Calaveras,009,45235,0,0,0,0,0
2020-02-12,Colusa,011,21464,0,0,0,0,0
2020-02-12,Contra Costa,013,1133247,3,0,0,0,0
2020-02-12,Del Norte,015,27424,0,0,0,0,0
2020-02-12,El Dorado,017,186661,0,0,0,0,0
2020-02-12,Fresno,019,978130,0,0,0,0,0
2020-02-12,Glenn,021,27897,0,0,0,0,0
2020-02-12,Humboldt,023,135768,1,0,0,0,0
2020-02-12,Imperial,025,180216,0,0,0,0,0
2020-02-12,Inyo,027,18085,0,0,0,0,0
2020-02-12,Kern,029,883053,2,0,0,0,0
2020-02-12,Kings,031,150075,0,0,0,0,0
2020-02-12,Lake,033,64148,0,0,0,0,0
2020-02-12,Lassen,035,31185,0,0,0,0,0
2020-02-12,Los Angeles,037,10098052,31,1,3,4,0
2020-02-12,Madera,039,155013,0,0,0,0,0
2020-02-12,Marin,041,260295,0,0,0,0,0
2020-02-12,Mariposa,043,17540,0,0,0,0,0
2020-02-12,Mendocino,045,87422,0,0,0,0,0
2020-02-12,Merced,047,269075,0,0,0,0,0
2020-02-12,Modoc,049,8938,0,0,0,0,0
2020-02-12,Mono,051,14174,0,0,0,0,0
2020-02-12,Monterey,053,433212,1,0,0,0,0
2020-02-12,Napa,055,140530,0,0,0,0,0
2020-02-12,Nevada,057,99092,0,0,0,0,0
2020-02-12,Orange,059,3164182,37,1,0,1,0
2020-02-12,Placer,061,380077,0,0,0,0,0
2020-02-12,Plumas,063,18699,0,0,0,0,0
2020-02-12,Riverside,065,2383286,4,0,0,0,0
2020-02-12,Sacramento,067,1510023,1,0,0,0,0
2020-02-12,San Benito,069,59416,0,2,0,2,0
2020-02-12,San Bernardino,071,2135413,8,0,0,0,0
2020-02-12,San Diego,073,3302833,0,2,0,2,0
2020-02-12,San Francisco,075,870044,2,0,0,0,0
2020-02-12,San Joaquin,077,732212,1,0,1,1,0
2020-02-12,San Luis Obispo,079,281455,0,0,0,0,0
2020-02-12,San Mateo,081,765935,2,0,0,0,0
2020-02-12,Santa Barbara,083,443738,0,0,0,0,0
2020-02-12,Santa Clara,085,1922200,6,2,0,2,0
2020-02-12,Santa Cruz,087,273765,0,0,0,0,0
2020-02-12,Shasta,089,179085,0,0,0,0,0
2020-02-12,Sierra,091,2930,0,0,0,0,0
2020-02-12,Siskiyou,093,43540,0,0,0,0,0
2020-02-12,Solano,095,438530,0,0,0,0,0
2020-02-12,Sonoma,097,501317,0,0,0,0,0
2020-02-12,Stanislaus,099,539301,1,0,1,1,0
2020-02-12,Sutter,101,95872,0,0,0,0,0
2020-02-12,Tehama,103,63373,0,0,0,0,0
2020-02-12,Trinity,105,12862,0,0,0,0,0
2020-02-12,Tulare,107,460477,2,0,0,0,0
2020-02-12,Tuolumne,109,53932,0,0,0,0,0
2020-02-12,Ventura,111,848112,2,0,0,0,0
2020-02-12,Yolo,113,214977,0,0,0,0,0
2020-02-12,Yuba,115,75493,0,0,0,0,0
2020-02-11,Alameda,001,1643700,5,0,0,0,0
2020-02-11,Alpine,002,1148,0,0,0,0,0
2020-02-11,Amador,005,37829,0,0,0,0,0
2020-02-11,Butte,007,227075,0,0,0,0,0
2020-02-11,Calaveras,009,45235,0,0,0,0,0
2020-02-11,Colusa,011,21464,0,0,0,0,0
2020-02-11,Contra Costa,013,1133247,3,0,0,0,0
2020-02-11,Del Norte,015,27424,0,0,0,0,0
2020-02-11,El Dorado,017,186661,0,0,0,0,0
2020-02-11,Fresno,019,978130,0,0,0,0,0
2020-02-11,Glenn,021,27897,0,0,0,0,0
2020-02-11,Humboldt,023,135768,1,0,0,0,0
2020-02-11,Imperial,025,180216,0,0,0,0,0
2020-02-11,Inyo,027,18085,0,0,0,0,0
2020-02-11,Kern,029,883053,2,0,0,0,0
2020-02-11,Kings,031,150075,0,0,0,0,0
2020-02-11,Lake,033,64148,0,0,0,0,0
2020-02-11,Lassen,035,31185,0,0,0,0,0
2020-02-11,Los Angeles,037,10098052,31,1,3,4,0
2020-02-11,Madera,039,155013,0,0,0,0,0
2020-02-11,Marin,041,260295,0,0,0,0,0
2020-02-11,Mariposa,043,17540,0,0,0,0,0
2020-02-11,Mendocino,045,87422,0,0,0,0,0
2020-02-11,Merced,047,269075,0,0,0,0,0
2020-02-11,Modoc,049,8938,0,0,0,0,0
2020-02-11,Mono,051,14174,0,0,0,0,0
2020-02-11,Monterey,053,433212,1,0,0,0,0
2020-02-11,Napa,055,140530,0,0,0,0,0
2020-02-11,Nevada,057,99092,0,0,0,0,0
2020-02-11,Orange,059,3164182,36,1,0,1,0
2020-02-11,Placer,061,380077,0,0,0,0,0
2020-02-11,Plumas,063,18699,0,0,0,0,0
2020-02-11,Riverside,065,2383286,4,0,0,0,0
2020-02-11,Sacramento,067,1510023,1,0,0,0,0
2020-02-11,San Benito,069,59416,0,2,0,2,0
2020-02-11,San Bernardino,071,2135413,8,0,0,0,0
2020-02-11,San Diego,073,3302833,0,1,0,1,0
2020-02-11,San Francisco,075,870044,2,0,0,0,0
2020-02-11,San Joaquin,077,732212,0,0,1,1,0
2020-02-11,San Luis Obispo,079,281455,0,0,0,0,0
2020-02-11,San Mateo,081,765935,2,0,0,0,0
2020-02-11,Santa Barbara,083,443738,0,0,0,0,0
2020-02-11,Santa Clara,085,1922200,5,2,0,2,0
2020-02-11,Santa Cruz,087,273765,0,0,0,0,0
2020-02-11,Shasta,089,179085,0,0,0,0,0
2020-02-11,Sierra,091,2930,0,0,0,0,0
2020-02-11,Siskiyou,093,43540,0,0,0,0,0
2020-02-11,Solano,095,438530,0,0,0,0,0
2020-02-11,Sonoma,097,501317,0,0,0,0,0
2020-02-11,Stanislaus,099,539301,1,0,1,1,0
2020-02-11,Sutter,101,95872,0,0,0,0,0
2020-02-11,Tehama,103,63373,0,0,0,0,0
2020-02-11,Trinity,105,12862,0,0,0,0,0
2020-02-11,Tulare,107,460477,2,0,0,0,0
2020-02-11,Tuolumne,109,53932,0,0,0,0,0
2020-02-11,Ventura,111,848112,2,0,0,0,0
2020-02-11,Yolo,113,214977,0,0,0,0,0
2020-02-11,Yuba,115,75493,0,0,0,0,0
2020-02-10,Alameda,001,1643700,5,0,0,0,0
2020-02-10,Alpine,002,1148,0,0,0,0,0
2020-02-10,Amador,005,37829,0,0,0,0,0
2020-02-10,Butte,007,227075,0,0,0,0,0
2020-02-10,Calaveras,009,45235,0,0,0,0,0
2020-02-10,Colusa,011,21464,0,0,0,0,0
2020-02-10,Contra Costa,013,1133247,3,0,0,0,0
2020-02-10,Del Norte,015,27424,0,0,0,0,0
2020-02-10,El Dorado,017,186661,0,0,0,0,0
2020-02-10,Fresno,019,978130,0,0,0,0,0
2020-02-10,Glenn,021,27897,0,0,0,0,0
2020-02-10,Humboldt,023,135768,0,0,0,0,0
2020-02-10,Imperial,025,180216,0,0,0,0,0
2020-02-10,Inyo,027,18085,0,0,0,0,0
2020-02-10,Kern,029,883053,2,0,0,0,0
2020-02-10,Kings,031,150075,0,0,0,0,0
2020-02-10,Lake,033,64148,0,0,0,0,0
2020-02-10,Lassen,035,31185,0,0,0,0,0
2020-02-10,Los Angeles,037,10098052,29,1,3,4,0
2020-02-10,Madera,039,155013,0,0,0,0,0
2020-02-10,Marin,041,260295,0,0,0,0,0
2020-02-10,Mariposa,043,17540,0,0,0,0,0
2020-02-10,Mendocino,045,87422,0,0,0,0,0
2020-02-10,Merced,047,269075,0,0,0,0,0
2020-02-10,Modoc,049,8938,0,0,0,0,0
2020-02-10,Mono,051,14174,0,0,0,0,0
2020-02-10,Monterey,053,433212,1,0,0,0,0
2020-02-10,Napa,055,140530,0,0,0,0,0
2020-02-10,Nevada,057,99092,0,0,0,0,0
2020-02-10,Orange,059,3164182,36,1,0,1,0
2020-02-10,Placer,061,380077,0,0,0,0,0
2020-02-10,Plumas,063,18699,0,0,0,0,0
2020-02-10,Riverside,065,2383286,4,0,0,0,0
2020-02-10,Sacramento,067,1510023,1,0,0,0,0
2020-02-10,San Benito,069,59416,0,2,0,2,0
2020-02-10,San Bernardino,071,2135413,7,0,0,0,0
2020-02-10,San Diego,073,3302833,0,0,0,0,0
2020-02-10,San Francisco,075,870044,2,0,0,0,0
2020-02-10,San Joaquin,077,732212,0,0,1,1,0
2020-02-10,San Luis Obispo,079,281455,0,0,0,0,0
2020-02-10,San Mateo,081,765935,2,0,0,0,0
2020-02-10,Santa Barbara,083,443738,0,0,0,0,0
2020-02-10,Santa Clara,085,1922200,5,2,0,2,0
2020-02-10,Santa Cruz,087,273765,0,0,0,0,0
2020-02-10,Shasta,089,179085,0,0,0,0,0
2020-02-10,Sierra,091,2930,0,0,0,0,0
2020-02-10,Siskiyou,093,43540,0,0,0,0,0
2020-02-10,Solano,095,438530,0,0,0,0,0
2020-02-10,Sonoma,097,501317,0,0,0,0,0
2020-02-10,Stanislaus,099,539301,1,0,0,0,0
2020-02-10,Sutter,101,95872,0,0,0,0,0
2020-02-10,Tehama,103,63373,0,0,0,0,0
2020-02-10,Trinity,105,12862,0,0,0,0,0
2020-02-10,Tulare,107,460477,2,0,0,0,0
2020-02-10,Tuolumne,109,53932,0,0,0,0,0
2020-02-10,Ventura,111,848112,2,0,0,0,0
2020-02-10,Yolo,113,214977,0,0,0,0,0
2020-02-10,Yuba,115,75493,0,0,0,0,0
2020-02-09,Alameda,001,1643700,5,0,0,0,0
2020-02-09,Alpine,002,1148,0,0,0,0,0
2020-02-09,Amador,005,37829,0,0,0,0,0
2020-02-09,Butte,007,227075,0,0,0,0,0
2020-02-09,Calaveras,009,45235,0,0,0,0,0
2020-02-09,Colusa,011,21464,0,0,0,0,0
2020-02-09,Contra Costa,013,1133247,3,0,0,0,0
2020-02-09,Del Norte,015,27424,0,0,0,0,0
2020-02-09,El Dorado,017,186661,0,0,0,0,0
2020-02-09,Fresno,019,978130,0,0,0,0,0
2020-02-09,Glenn,021,27897,0,0,0,0,0
2020-02-09,Humboldt,023,135768,0,0,0,0,0
2020-02-09,Imperial,025,180216,0,0,0,0,0
2020-02-09,Inyo,027,18085,0,0,0,0,0
2020-02-09,Kern,029,883053,2,0,0,0,0
2020-02-09,Kings,031,150075,0,0,0,0,0
2020-02-09,Lake,033,64148,0,0,0,0,0
2020-02-09,Lassen,035,31185,0,0,0,0,0
2020-02-09,Los Angeles,037,10098052,28,1,3,4,0
2020-02-09,Madera,039,155013,0,0,0,0,0
2020-02-09,Marin,041,260295,0,0,0,0,0
2020-02-09,Mariposa,043,17540,0,0,0,0,0
2020-02-09,Mendocino,045,87422,0,0,0,0,0
2020-02-09,Merced,047,269075,0,0,0,0,0
2020-02-09,Modoc,049,8938,0,0,0,0,0
2020-02-09,Mono,051,14174,0,0,0,0,0
2020-02-09,Monterey,053,433212,1,0,0,0,0
2020-02-09,Napa,055,140530,0,0,0,0,0
2020-02-09,Nevada,057,99092,0,0,0,0,0
2020-02-09,Orange,059,3164182,36,1,0,1,0
2020-02-09,Placer,061,380077,0,0,0,0,0
2020-02-09,Plumas,063,18699,0,0,0,0,0
2020-02-09,Riverside,065,2383286,4,0,0,0,0
2020-02-09,Sacramento,067,1510023,0,0,0,0,0
2020-02-09,San Benito,069,59416,0,2,0,2,0
2020-02-09,San Bernardino,071,2135413,7,0,0,0,0
2020-02-09,San Diego,073,3302833,0,0,0,0,0
2020-02-09,San Francisco,075,870044,1,0,0,0,0
2020-02-09,San Joaquin,077,732212,0,0,1,1,0
2020-02-09,San Luis Obispo,079,281455,0,0,0,0,0
2020-02-09,San Mateo,081,765935,2,0,0,0,0
2020-02-09,Santa Barbara,083,443738,0,0,0,0,0
2020-02-09,Santa Clara,085,1922200,4,2,0,2,0
2020-02-09,Santa Cruz,087,273765,0,0,0,0,0
2020-02-09,Shasta,089,179085,0,0,0,0,0
2020-02-09,Sierra,091,2930,0,0,0,0,0
2020-02-09,Siskiyou,093,43540,0,0,0,0,0
2020-02-09,Solano,095,438530,0,0,0,0,0
2020-02-09,Sonoma,097,501317,0,0,0,0,0
2020-02-09,Stanislaus,099,539301,0,0,0,0,0
2020-02-09,Sutter,101,95872,0,0,0,0,0
2020-02-09,Tehama,103,63373,0,0,0,0,0
2020-02-09,Trinity,105,12862,0,0,0,0,0
2020-02-09,Tulare,107,460477,2,0,0,0,0
2020-02-09,Tuolumne,109,53932,0,0,0,0,0
2020-02-09,Ventura,111,848112,1,0,0,0,0
2020-02-09,Yolo,113,214977,0,0,0,0,0
2020-02-09,Yuba,115,75493,0,0,0,0,0
2020-02-08,Alameda,001,1643700,4,0,0,0,0
2020-02-08,Alpine,002,1148,0,0,0,0,0
2020-02-08,Amador,005,37829,0,0,0,0,0
2020-02-08,Butte,007,227075,0,0,0,0,0
2020-02-08,Calaveras,009,45235,0,0,0,0,0
2020-02-08,Colusa,011,21464,0,0,0,0,0
2020-02-08,Contra Costa,013,1133247,2,0,0,0,0
2020-02-08,Del Norte,015,27424,0,0,0,0,0
2020-02-08,El Dorado,017,186661,0,0,0,0,0
2020-02-08,Fresno,019,978130,0,0,0,0,0
2020-02-08,Glenn,021,27897,0,0,0,0,0
2020-02-08,Humboldt,023,135768,0,0,0,0,0
2020-02-08,Imperial,025,180216,0,0,0,0,0
2020-02-08,Inyo,027,18085,0,0,0,0,0
2020-02-08,Kern,029,883053,2,0,0,0,0
2020-02-08,Kings,031,150075,0,0,0,0,0
2020-02-08,Lake,033,64148,0,0,0,0,0
2020-02-08,Lassen,035,31185,0,0,0,0,0
2020-02-08,Los Angeles,037,10098052,25,1,1,2,0
2020-02-08,Madera,039,155013,0,0,0,0,0
2020-02-08,Marin,041,260295,0,0,0,0,0
2020-02-08,Mariposa,043,17540,0,0,0,0,0
2020-02-08,Mendocino,045,87422,0,0,0,0,0
2020-02-08,Merced,047,269075,0,0,0,0,0
2020-02-08,Modoc,049,8938,0,0,0,0,0
2020-02-08,Mono,051,14174,0,0,0,0,0
2020-02-08,Monterey,053,433212,1,0,0,0,0
2020-02-08,Napa,055,140530,0,0,0,0,0
2020-02-08,Nevada,057,99092,0,0,0,0,0
2020-02-08,Orange,059,3164182,36,1,0,1,0
2020-02-08,Placer,061,380077,0,0,0,0,0
2020-02-08,Plumas,063,18699,0,0,0,0,0
2020-02-08,Riverside,065,2383286,4,0,0,0,0
2020-02-08,Sacramento,067,1510023,0,0,0,0,0
2020-02-08,San Benito,069,59416,0,2,0,2,0
2020-02-08,San Bernardino,071,2135413,7,0,0,0,0
2020-02-08,San Diego,073,3302833,0,0,0,0,0
2020-02-08,San Francisco,075,870044,1,0,0,0,0
2020-02-08,San Joaquin,077,732212,0,0,1,1,0
2020-02-08,San Luis Obispo,079,281455,0,0,0,0,0
2020-02-08,San Mateo,081,765935,2,0,0,0,0
2020-02-08,Santa Barbara,083,443738,0,0,0,0,0
2020-02-08,Santa Clara,085,1922200,4,2,0,2,0
2020-02-08,Santa Cruz,087,273765,0,0,0,0,0
2020-02-08,Shasta,089,179085,0,0,0,0,0
2020-02-08,Sierra,091,2930,0,0,0,0,0
2020-02-08,Siskiyou,093,43540,0,0,0,0,0
2020-02-08,Solano,095,438530,0,0,0,0,0
2020-02-08,Sonoma,097,501317,0,0,0,0,0
2020-02-08,Stanislaus,099,539301,0,0,0,0,0
2020-02-08,Sutter,101,95872,0,0,0,0,0
2020-02-08,Tehama,103,63373,0,0,0,0,0
2020-02-08,Trinity,105,12862,0,0,0,0,0
2020-02-08,Tulare,107,460477,2,0,0,0,0
2020-02-08,Tuolumne,109,53932,0,0,0,0,0
2020-02-08,Ventura,111,848112,1,0,0,0,0
2020-02-08,Yolo,113,214977,0,0,0,0,0
2020-02-08,Yuba,115,75493,0,0,0,0,0
2020-02-07,Alameda,001,1643700,4,0,0,0,0
2020-02-07,Alpine,002,1148,0,0,0,0,0
2020-02-07,Amador,005,37829,0,0,0,0,0
2020-02-07,Butte,007,227075,0,0,0,0,0
2020-02-07,Calaveras,009,45235,0,0,0,0,0
2020-02-07,Colusa,011,21464,0,0,0,0,0
2020-02-07,Contra Costa,013,1133247,2,0,0,0,0
2020-02-07,Del Norte,015,27424,0,0,0,0,0
2020-02-07,El Dorado,017,186661,0,0,0,0,0
2020-02-07,Fresno,019,978130,0,0,0,0,0
2020-02-07,Glenn,021,27897,0,0,0,0,0
2020-02-07,Humboldt,023,135768,0,0,0,0,0
2020-02-07,Imperial,025,180216,0,0,0,0,0
2020-02-07,Inyo,027,18085,0,0,0,0,0
2020-02-07,Kern,029,883053,2,0,0,0,0
2020-02-07,Kings,031,150075,0,0,0,0,0
2020-02-07,Lake,033,64148,0,0,0,0,0
2020-02-07,Lassen,035,31185,0,0,0,0,0
2020-02-07,Los Angeles,037,10098052,24,1,0,1,0
2020-02-07,Madera,039,155013,0,0,0,0,0
2020-02-07,Marin,041,260295,0,0,0,0,0
2020-02-07,Mariposa,043,17540,0,0,0,0,0
2020-02-07,Mendocino,045,87422,0,0,0,0,0
2020-02-07,Merced,047,269075,0,0,0,0,0
2020-02-07,Modoc,049,8938,0,0,0,0,0
2020-02-07,Mono,051,14174,0,0,0,0,0
2020-02-07,Monterey,053,433212,1,0,0,0,0
2020-02-07,Napa,055,140530,0,0,0,0,0
2020-02-07,Nevada,057,99092,0,0,0,0,0
2020-02-07,Orange,059,3164182,34,1,0,1,0
2020-02-07,Placer,061,380077,0,0,0,0,0
2020-02-07,Plumas,063,18699,0,0,0,0,0
2020-02-07,Riverside,065,2383286,4,0,0,0,0
2020-02-07,Sacramento,067,1510023,0,0,0,0,0
2020-02-07,San Benito,069,59416,0,2,0,2,0
2020-02-07,San Bernardino,071,2135413,4,0,0,0,0
2020-02-07,San Diego,073,3302833,0,0,0,0,0
2020-02-07,San Francisco,075,870044,1,0,0,0,0
2020-02-07,San Joaquin,077,732212,0,0,1,1,0
2020-02-07,San Luis Obispo,079,281455,0,0,0,0,0
2020-02-07,San Mateo,081,765935,1,0,0,0,0
2020-02-07,Santa Barbara,083,443738,0,0,0,0,0
2020-02-07,Santa Clara,085,1922200,4,2,0,2,0
2020-02-07,Santa Cruz,087,273765,0,0,0,0,0
2020-02-07,Shasta,089,179085,0,0,0,0,0
2020-02-07,Sierra,091,2930,0,0,0,0,0
2020-02-07,Siskiyou,093,43540,0,0,0,0,0
2020-02-07,Solano,095,438530,0,0,0,0,0
2020-02-07,Sonoma,097,501317,0,0,0,0,0
2020-02-07,Stanislaus,099,539301,0,0,0,0,0
2020-02-07,Sutter,101,95872,0,0,0,0,0
2020-02-07,Tehama,103,63373,0,0,0,0,0
2020-02-07,Trinity,105,12862,0,0,0,0,0
2020-02-07,Tulare,107,460477,2,0,0,0,0
2020-02-07,Tuolumne,109,53932,0,0,0,0,0
2020-02-07,Ventura,111,848112,1,0,0,0,0
2020-02-07,Yolo,113,214977,0,0,0,0,0
2020-02-07,Yuba,115,75493,0,0,0,0,0
2020-02-06,Alameda,001,1643700,4,0,0,0,0
2020-02-06,Alpine,002,1148,0,0,0,0,0
2020-02-06,Amador,005,37829,0,0,0,0,0
2020-02-06,Butte,007,227075,0,0,0,0,0
2020-02-06,Calaveras,009,45235,0,0,0,0,0
2020-02-06,Colusa,011,21464,0,0,0,0,0
2020-02-06,Contra Costa,013,1133247,2,0,0,0,0
2020-02-06,Del Norte,015,27424,0,0,0,0,0
2020-02-06,El Dorado,017,186661,0,0,0,0,0
2020-02-06,Fresno,019,978130,0,0,0,0,0
2020-02-06,Glenn,021,27897,0,0,0,0,0
2020-02-06,Humboldt,023,135768,0,0,0,0,0
2020-02-06,Imperial,025,180216,0,0,0,0,0
2020-02-06,Inyo,027,18085,0,0,0,0,0
2020-02-06,Kern,029,883053,2,0,0,0,0
2020-02-06,Kings,031,150075,0,0,0,0,0
2020-02-06,Lake,033,64148,0,0,0,0,0
2020-02-06,Lassen,035,31185,0,0,0,0,0
2020-02-06,Los Angeles,037,10098052,23,1,0,1,0
2020-02-06,Madera,039,155013,0,0,0,0,0
2020-02-06,Marin,041,260295,0,0,0,0,0
2020-02-06,Mariposa,043,17540,0,0,0,0,0
2020-02-06,Mendocino,045,87422,0,0,0,0,0
2020-02-06,Merced,047,269075,0,0,0,0,0
2020-02-06,Modoc,049,8938,0,0,0,0,0
2020-02-06,Mono,051,14174,0,0,0,0,0
2020-02-06,Monterey,053,433212,1,0,0,0,0
2020-02-06,Napa,055,140530,0,0,0,0,0
2020-02-06,Nevada,057,99092,0,0,0,0,0
2020-02-06,Orange,059,3164182,4,1,0,1,0
2020-02-06,Placer,061,380077,0,0,0,0,0
2020-02-06,Plumas,063,18699,0,0,0,0,0
2020-02-06,Riverside,065,2383286,4,0,0,0,0
2020-02-06,Sacramento,067,1510023,0,0,0,0,0
2020-02-06,San Benito,069,59416,0,2,0,2,0
2020-02-06,San Bernardino,071,2135413,4,0,0,0,0
2020-02-06,San Diego,073,3302833,0,0,0,0,0
2020-02-06,San Francisco,075,870044,1,0,0,0,0
2020-02-06,San Joaquin,077,732212,0,0,1,1,0
2020-02-06,San Luis Obispo,079,281455,0,0,0,0,0
2020-02-06,San Mateo,081,765935,1,0,0,0,0
2020-02-06,Santa Barbara,083,443738,0,0,0,0,0
2020-02-06,Santa Clara,085,1922200,4,2,0,2,0
2020-02-06,Santa Cruz,087,273765,0,0,0,0,0
2020-02-06,Shasta,089,179085,0,0,0,0,0
2020-02-06,Sierra,091,2930,0,0,0,0,0
2020-02-06,Siskiyou,093,43540,0,0,0,0,0
2020-02-06,Solano,095,438530,0,0,0,0,0
2020-02-06,Sonoma,097,501317,0,0,0,0,0
2020-02-06,Stanislaus,099,539301,0,0,0,0,0
2020-02-06,Sutter,101,95872,0,0,0,0,0
2020-02-06,Tehama,103,63373,0,0,0,0,0
2020-02-06,Trinity,105,12862,0,0,0,0,0
2020-02-06,Tulare,107,460477,2,0,0,0,0
2020-02-06,Tuolumne,109,53932,0,0,0,0,0
2020-02-06,Ventura,111,848112,1,0,0,0,0
2020-02-06,Yolo,113,214977,0,0,0,0,0
2020-02-06,Yuba,115,75493,0,0,0,0,0
2020-02-05,Alameda,001,1643700,3,0,0,0,0
2020-02-05,Alpine,002,1148,0,0,0,0,0
2020-02-05,Amador,005,37829,0,0,0,0,0
2020-02-05,Butte,007,227075,0,0,0,0,0
2020-02-05,Calaveras,009,45235,0,0,0,0,0
2020-02-05,Colusa,011,21464,0,0,0,0,0
2020-02-05,Contra Costa,013,1133247,2,0,0,0,0
2020-02-05,Del Norte,015,27424,0,0,0,0,0
2020-02-05,El Dorado,017,186661,0,0,0,0,0
2020-02-05,Fresno,019,978130,0,0,0,0,0
2020-02-05,Glenn,021,27897,0,0,0,0,0
2020-02-05,Humboldt,023,135768,0,0,0,0,0
2020-02-05,Imperial,025,180216,0,0,0,0,0
2020-02-05,Inyo,027,18085,0,0,0,0,0
2020-02-05,Kern,029,883053,1,0,0,0,0
2020-02-05,Kings,031,150075,0,0,0,0,0
2020-02-05,Lake,033,64148,0,0,0,0,0
2020-02-05,Lassen,035,31185,0,0,0,0,0
2020-02-05,Los Angeles,037,10098052,23,1,0,1,0
2020-02-05,Madera,039,155013,0,0,0,0,0
2020-02-05,Marin,041,260295,0,0,0,0,0
2020-02-05,Mariposa,043,17540,0,0,0,0,0
2020-02-05,Mendocino,045,87422,0,0,0,0,0
2020-02-05,Merced,047,269075,0,0,0,0,0
2020-02-05,Modoc,049,8938,0,0,0,0,0
2020-02-05,Mono,051,14174,0,0,0,0,0
2020-02-05,Monterey,053,433212,1,0,0,0,0
2020-02-05,Napa,055,140530,0,0,0,0,0
2020-02-05,Nevada,057,99092,0,0,0,0,0
2020-02-05,Orange,059,3164182,3,1,0,1,0
2020-02-05,Placer,061,380077,0,0,0,0,0
2020-02-05,Plumas,063,18699,0,0,0,0,0
2020-02-05,Riverside,065,2383286,4,0,0,0,0
2020-02-05,Sacramento,067,1510023,0,0,0,0,0
2020-02-05,San Benito,069,59416,0,2,0,2,0
2020-02-05,San Bernardino,071,2135413,4,0,0,0,0
2020-02-05,San Diego,073,3302833,0,0,0,0,0
2020-02-05,San Francisco,075,870044,1,0,0,0,0
2020-02-05,San Joaquin,077,732212,0,0,1,1,0
2020-02-05,San Luis Obispo,079,281455,0,0,0,0,0
2020-02-05,San Mateo,081,765935,1,0,0,0,0
2020-02-05,Santa Barbara,083,443738,0,0,0,0,0
2020-02-05,Santa Clara,085,1922200,2,2,0,2,0
2020-02-05,Santa Cruz,087,273765,0,0,0,0,0
2020-02-05,Shasta,089,179085,0,0,0,0,0
2020-02-05,Sierra,091,2930,0,0,0,0,0
2020-02-05,Siskiyou,093,43540,0,0,0,0,0
2020-02-05,Solano,095,438530,0,0,0,0,0
2020-02-05,Sonoma,097,501317,0,0,0,0,0
2020-02-05,Stanislaus,099,539301,0,0,0,0,0
2020-02-05,Sutter,101,95872,0,0,0,0,0
2020-02-05,Tehama,103,63373,0,0,0,0,0
2020-02-05,Trinity,105,12862,0,0,0,0,0
2020-02-05,Tulare,107,460477,2,0,0,0,0
2020-02-05,Tuolumne,109,53932,0,0,0,0,0
2020-02-05,Ventura,111,848112,0,0,0,0,0
2020-02-05,Yolo,113,214977,0,0,0,0,0
2020-02-05,Yuba,115,75493,0,0,0,0,0
2020-02-04,Alameda,001,1643700,3,0,0,0,0
2020-02-04,Alpine,002,1148,0,0,0,0,0
2020-02-04,Amador,005,37829,0,0,0,0,0
2020-02-04,Butte,007,227075,0,0,0,0,0
2020-02-04,Calaveras,009,45235,0,0,0,0,0
2020-02-04,Colusa,011,21464,0,0,0,0,0
2020-02-04,Contra Costa,013,1133247,2,0,0,0,0
2020-02-04,Del Norte,015,27424,0,0,0,0,0
2020-02-04,El Dorado,017,186661,0,0,0,0,0
2020-02-04,Fresno,019,978130,0,0,0,0,0
2020-02-04,Glenn,021,27897,0,0,0,0,0
2020-02-04,Humboldt,023,135768,0,0,0,0,0
2020-02-04,Imperial,025,180216,0,0,0,0,0
2020-02-04,Inyo,027,18085,0,0,0,0,0
2020-02-04,Kern,029,883053,0,0,0,0,0
2020-02-04,Kings,031,150075,0,0,0,0,0
2020-02-04,Lake,033,64148,0,0,0,0,0
2020-02-04,Lassen,035,31185,0,0,0,0,0
2020-02-04,Los Angeles,037,10098052,23,1,0,1,0
2020-02-04,Madera,039,155013,0,0,0,0,0
2020-02-04,Marin,041,260295,0,0,0,0,0
2020-02-04,Mariposa,043,17540,0,0,0,0,0
2020-02-04,Mendocino,045,87422,0,0,0,0,0
2020-02-04,Merced,047,269075,0,0,0,0,0
2020-02-04,Modoc,049,8938,0,0,0,0,0
2020-02-04,Mono,051,14174,0,0,0,0,0
2020-02-04,Monterey,053,433212,1,0,0,0,0
2020-02-04,Napa,055,140530,0,0,0,0,0
2020-02-04,Nevada,057,99092,0,0,0,0,0
2020-02-04,Orange,059,3164182,3,1,0,1,0
2020-02-04,Placer,061,380077,0,0,0,0,0
2020-02-04,Plumas,063,18699,0,0,0,0,0
2020-02-04,Riverside,065,2383286,4,0,0,0,0
2020-02-04,Sacramento,067,1510023,0,0,0,0,0
2020-02-04,San Benito,069,59416,0,2,0,2,0
2020-02-04,San Bernardino,071,2135413,3,0,0,0,0
2020-02-04,San Diego,073,3302833,0,0,0,0,0
2020-02-04,San Francisco,075,870044,1,0,0,0,0
2020-02-04,San Joaquin,077,732212,0,0,1,1,0
2020-02-04,San Luis Obispo,079,281455,0,0,0,0,0
2020-02-04,San Mateo,081,765935,0,0,0,0,0
2020-02-04,Santa Barbara,083,443738,0,0,0,0,0
2020-02-04,Santa Clara,085,1922200,2,2,0,2,0
2020-02-04,Santa Cruz,087,273765,0,0,0,0,0
2020-02-04,Shasta,089,179085,0,0,0,0,0
2020-02-04,Sierra,091,2930,0,0,0,0,0
2020-02-04,Siskiyou,093,43540,0,0,0,0,0
2020-02-04,Solano,095,438530,0,0,0,0,0
2020-02-04,Sonoma,097,501317,0,0,0,0,0
2020-02-04,Stanislaus,099,539301,0,0,0,0,0
2020-02-04,Sutter,101,95872,0,0,0,0,0
2020-02-04,Tehama,103,63373,0,0,0,0,0
2020-02-04,Trinity,105,12862,0,0,0,0,0
2020-02-04,Tulare,107,460477,2,0,0,0,0
2020-02-04,Tuolumne,109,53932,0,0,0,0,0
2020-02-04,Ventura,111,848112,0,0,0,0,0
2020-02-04,Yolo,113,214977,0,0,0,0,0
2020-02-04,Yuba,115,75493,0,0,0,0,0
2020-02-03,Alameda,001,1643700,3,0,0,0,0
2020-02-03,Alpine,002,1148,0,0,0,0,0
2020-02-03,Amador,005,37829,0,0,0,0,0
2020-02-03,Butte,007,227075,0,0,0,0,0
2020-02-03,Calaveras,009,45235,0,0,0,0,0
2020-02-03,Colusa,011,21464,0,0,0,0,0
2020-02-03,Contra Costa,013,1133247,2,0,0,0,0
2020-02-03,Del Norte,015,27424,0,0,0,0,0
2020-02-03,El Dorado,017,186661,0,0,0,0,0
2020-02-03,Fresno,019,978130,0,0,0,0,0
2020-02-03,Glenn,021,27897,0,0,0,0,0
2020-02-03,Humboldt,023,135768,0,0,0,0,0
2020-02-03,Imperial,025,180216,0,0,0,0,0
2020-02-03,Inyo,027,18085,0,0,0,0,0
2020-02-03,Kern,029,883053,0,0,0,0,0
2020-02-03,Kings,031,150075,0,0,0,0,0
2020-02-03,Lake,033,64148,0,0,0,0,0
2020-02-03,Lassen,035,31185,0,0,0,0,0
2020-02-03,Los Angeles,037,10098052,22,1,0,1,0
2020-02-03,Madera,039,155013,0,0,0,0,0
2020-02-03,Marin,041,260295,0,0,0,0,0
2020-02-03,Mariposa,043,17540,0,0,0,0,0
2020-02-03,Mendocino,045,87422,0,0,0,0,0
2020-02-03,Merced,047,269075,0,0,0,0,0
2020-02-03,Modoc,049,8938,0,0,0,0,0
2020-02-03,Mono,051,14174,0,0,0,0,0
2020-02-03,Monterey,053,433212,1,0,0,0,0
2020-02-03,Napa,055,140530,0,0,0,0,0
2020-02-03,Nevada,057,99092,0,0,0,0,0
2020-02-03,Orange,059,3164182,1,1,0,1,0
2020-02-03,Placer,061,380077,0,0,0,0,0
2020-02-03,Plumas,063,18699,0,0,0,0,0
2020-02-03,Riverside,065,2383286,4,0,0,0,0
2020-02-03,Sacramento,067,1510023,0,0,0,0,0
2020-02-03,San Benito,069,59416,0,2,0,2,0
2020-02-03,San Bernardino,071,2135413,3,0,0,0,0
2020-02-03,San Diego,073,3302833,0,0,0,0,0
2020-02-03,San Francisco,075,870044,1,0,0,0,0
2020-02-03,San Joaquin,077,732212,0,0,1,1,0
2020-02-03,San Luis Obispo,079,281455,0,0,0,0,0
2020-02-03,San Mateo,081,765935,0,0,0,0,0
2020-02-03,Santa Barbara,083,443738,0,0,0,0,0
2020-02-03,Santa Clara,085,1922200,2,2,0,2,0
2020-02-03,Santa Cruz,087,273765,0,0,0,0,0
2020-02-03,Shasta,089,179085,0,0,0,0,0
2020-02-03,Sierra,091,2930,0,0,0,0,0
2020-02-03,Siskiyou,093,43540,0,0,0,0,0
2020-02-03,Solano,095,438530,0,0,0,0,0
2020-02-03,Sonoma,097,501317,0,0,0,0,0
2020-02-03,Stanislaus,099,539301,0,0,0,0,0
2020-02-03,Sutter,101,95872,0,0,0,0,0
2020-02-03,Tehama,103,63373,0,0,0,0,0
2020-02-03,Trinity,105,12862,0,0,0,0,0
2020-02-03,Tulare,107,460477,2,0,0,0,0
2020-02-03,Tuolumne,109,53932,0,0,0,0,0
2020-02-03,Ventura,111,848112,0,0,0,0,0
2020-02-03,Yolo,113,214977,0,0,0,0,0
2020-02-03,Yuba,115,75493,0,0,0,0,0
2020-02-02,Alameda,001,1643700,3,0,0,0,0
2020-02-02,Alpine,002,1148,0,0,0,0,0
2020-02-02,Amador,005,37829,0,0,0,0,0
2020-02-02,Butte,007,227075,0,0,0,0,0
2020-02-02,Calaveras,009,45235,0,0,0,0,0
2020-02-02,Colusa,011,21464,0,0,0,0,0
2020-02-02,Contra Costa,013,1133247,1,0,0,0,0
2020-02-02,Del Norte,015,27424,0,0,0,0,0
2020-02-02,El Dorado,017,186661,0,0,0,0,0
2020-02-02,Fresno,019,978130,0,0,0,0,0
2020-02-02,Glenn,021,27897,0,0,0,0,0
2020-02-02,Humboldt,023,135768,0,0,0,0,0
2020-02-02,Imperial,025,180216,0,0,0,0,0
2020-02-02,Inyo,027,18085,0,0,0,0,0
2020-02-02,Kern,029,883053,0,0,0,0,0
2020-02-02,Kings,031,150075,0,0,0,0,0
2020-02-02,Lake,033,64148,0,0,0,0,0
2020-02-02,Lassen,035,31185,0,0,0,0,0
2020-02-02,Los Angeles,037,10098052,18,1,0,1,0
2020-02-02,Madera,039,155013,0,0,0,0,0
2020-02-02,Marin,041,260295,0,0,0,0,0
2020-02-02,Mariposa,043,17540,0,0,0,0,0
2020-02-02,Mendocino,045,87422,0,0,0,0,0
2020-02-02,Merced,047,269075,0,0,0,0,0
2020-02-02,Modoc,049,8938,0,0,0,0,0
2020-02-02,Mono,051,14174,0,0,0,0,0
2020-02-02,Monterey,053,433212,1,0,0,0,0
2020-02-02,Napa,055,140530,0,0,0,0,0
2020-02-02,Nevada,057,99092,0,0,0,0,0
2020-02-02,Orange,059,3164182,1,1,0,1,0
2020-02-02,Placer,061,380077,0,0,0,0,0
2020-02-02,Plumas,063,18699,0,0,0,0,0
2020-02-02,Riverside,065,2383286,3,0,0,0,0
2020-02-02,Sacramento,067,1510023,0,0,0,0,0
2020-02-02,San Benito,069,59416,0,2,0,2,0
2020-02-02,San Bernardino,071,2135413,2,0,0,0,0
2020-02-02,San Diego,073,3302833,0,0,0,0,0
2020-02-02,San Francisco,075,870044,1,0,0,0,0
2020-02-02,San Joaquin,077,732212,0,0,1,1,0
2020-02-02,San Luis Obispo,079,281455,0,0,0,0,0
2020-02-02,San Mateo,081,765935,0,0,0,0,0
2020-02-02,Santa Barbara,083,443738,0,0,0,0,0
2020-02-02,Santa Clara,085,1922200,2,2,0,2,0
2020-02-02,Santa Cruz,087,273765,0,0,0,0,0
2020-02-02,Shasta,089,179085,0,0,0,0,0
2020-02-02,Sierra,091,2930,0,0,0,0,0
2020-02-02,Siskiyou,093,43540,0,0,0,0,0
2020-02-02,Solano,095,438530,0,0,0,0,0
2020-02-02,Sonoma,097,501317,0,0,0,0,0
2020-02-02,Stanislaus,099,539301,0,0,0,0,0
2020-02-02,Sutter,101,95872,0,0,0,0,0
2020-02-02,Tehama,103,63373,0,0,0,0,0
2020-02-02,Trinity,105,12862,0,0,0,0,0
2020-02-02,Tulare,107,460477,2,0,0,0,0
2020-02-02,Tuolumne,109,53932,0,0,0,0,0
2020-02-02,Ventura,111,848112,0,0,0,0,0
2020-02-02,Yolo,113,214977,0,0,0,0,0
2020-02-02,Yuba,115,75493,0,0,0,0,0
2020-02-01,Alameda,001,1643700,3,0,0,0,0
2020-02-01,Alpine,002,1148,0,0,0,0,0
2020-02-01,Amador,005,37829,0,0,0,0,0
2020-02-01,Butte,007,227075,0,0,0,0,0
2020-02-01,Calaveras,009,45235,0,0,0,0,0
2020-02-01,Colusa,011,21464,0,0,0,0,0
2020-02-01,Contra Costa,013,1133247,0,0,0,0,0
2020-02-01,Del Norte,015,27424,0,0,0,0,0
2020-02-01,El Dorado,017,186661,0,0,0,0,0
2020-02-01,Fresno,019,978130,0,0,0,0,0
2020-02-01,Glenn,021,27897,0,0,0,0,0
2020-02-01,Humboldt,023,135768,0,0,0,0,0
2020-02-01,Imperial,025,180216,0,0,0,0,0
2020-02-01,Inyo,027,18085,0,0,0,0,0
2020-02-01,Kern,029,883053,0,0,0,0,0
2020-02-01,Kings,031,150075,0,0,0,0,0
2020-02-01,Lake,033,64148,0,0,0,0,0
2020-02-01,Lassen,035,31185,0,0,0,0,0
2020-02-01,Los Angeles,037,10098052,14,1,0,1,0
2020-02-01,Madera,039,155013,0,0,0,0,0
2020-02-01,Marin,041,260295,0,0,0,0,0
2020-02-01,Mariposa,043,17540,0,0,0,0,0
2020-02-01,Mendocino,045,87422,0,0,0,0,0
2020-02-01,Merced,047,269075,0,0,0,0,0
2020-02-01,Modoc,049,8938,0,0,0,0,0
2020-02-01,Mono,051,14174,0,0,0,0,0
2020-02-01,Monterey,053,433212,0,0,0,0,0
2020-02-01,Napa,055,140530,0,0,0,0,0
2020-02-01,Nevada,057,99092,0,0,0,0,0
2020-02-01,Orange,059,3164182,1,1,0,1,0
2020-02-01,Placer,061,380077,0,0,0,0,0
2020-02-01,Plumas,063,18699,0,0,0,0,0
2020-02-01,Riverside,065,2383286,2,0,0,0,0
2020-02-01,Sacramento,067,1510023,0,0,0,0,0
2020-02-01,San Benito,069,59416,0,0,0,0,0
2020-02-01,San Bernardino,071,2135413,1,0,0,0,0
2020-02-01,San Diego,073,3302833,0,0,0,0,0
2020-02-01,San Francisco,075,870044,1,0,0,0,0
2020-02-01,San Joaquin,077,732212,0,0,1,1,0
2020-02-01,San Luis Obispo,079,281455,0,0,0,0,0
2020-02-01,San Mateo,081,765935,0,0,0,0,0
2020-02-01,Santa Barbara,083,443738,0,0,0,0,0
2020-02-01,Santa Clara,085,1922200,2,1,0,1,0
2020-02-01,Santa Cruz,087,273765,0,0,0,0,0
2020-02-01,Shasta,089,179085,0,0,0,0,0
2020-02-01,Sierra,091,2930,0,0,0,0,0
2020-02-01,Siskiyou,093,43540,0,0,0,0,0
2020-02-01,Solano,095,438530,0,0,0,0,0
2020-02-01,Sonoma,097,501317,0,0,0,0,0
2020-02-01,Stanislaus,099,539301,0,0,0,0,0
2020-02-01,Sutter,101,95872,0,0,0,0,0
2020-02-01,Tehama,103,63373,0,0,0,0,0
2020-02-01,Trinity,105,12862,0,0,0,0,0
2020-02-01,Tulare,107,460477,1,0,0,0,0
2020-02-01,Tuolumne,109,53932,0,0,0,0,0
2020-02-01,Ventura,111,848112,0,0,0,0,0
2020-02-01,Yolo,113,214977,0,0,0,0,0
2020-02-01,Yuba,115,75493,0,0,0,0,0
