date,county,fips,population,confirmed_cases,reported_cases,probable_cases,reported_and_probable_cases,reported_deaths
2022-02-15,Alameda,001,1643700,245298,245265,14826,260091,1683
2022-02-15,Alpine,003,1148,124,124,1,125,0
2022-02-15,Amador,005,37829,8183,8183,623,8806,77
2022-02-15,Butte,007,227075,32019,32011,6298,38309,361
2022-02-15,Calaveras,009,45235,7115,7115,380,7495,106
2022-02-15,Colusa,011,21464,3374,3374,1045,4419,21
2022-02-15,Contra Costa,013,1133247,182068,182041,13056,195097,1179
2022-02-15,Del Norte,015,27424,5440,5439,182,5621,45
2022-02-15,El Dorado,017,186661,25981,25988,3092,29080,189
2022-02-15,Fresno,019,978130,222676,222673,20596,243269,2543
2022-02-15,Glenn,021,27897,4861,4862,1516,6378,39
2022-02-15,Humboldt,023,135768,16296,16297,2769,19066,132
2022-02-15,Imperial,025,180216,53813,53813,10365,64178,860
2022-02-15,Inyo,027,18085,4009,4009,448,4457,52
2022-02-15,Kern,029,883053,186362,186324,38528,224852,2072
2022-02-15,Kings,031,150075,49482,49473,3261,52734,418
2022-02-15,Lake,033,64148,10115,10112,743,10855,123
2022-02-15,Lassen,035,31185,8585,8587,873,9460,55
2022-02-15,Los Angeles,037,10098052,2638009,2638266,118746,2757012,29691
2022-02-15,Madera,039,155013,36275,36260,5642,41902,330
2022-02-15,Marin,041,260295,32352,32355,3436,35791,255
2022-02-15,Mariposa,043,17540,2302,2302,179,2481,6
2022-02-15,Mendocino,045,87422,12578,12580,2689,15269,108
2022-02-15,Merced,047,269075,60682,60674,6572,67246,763
2022-02-15,Modoc,049,8938,710,710,236,946,6
2022-02-15,Mono,051,14174,2952,2952,116,3068,5
2022-02-15,Monterey,053,433212,75544,75530,12916,88446,682
2022-02-15,Napa,055,140530,24828,24832,939,25771,127
2022-02-15,Nevada,057,99092,15637,15643,1219,16862,121
2022-02-15,Orange,059,3164182,537491,537478,40117,577595,6374
2022-02-15,Placer,061,380077,61176,61170,7173,68343,554
2022-02-15,Plumas,063,18699,2638,2638,351,2989,13
2022-02-15,Riverside,065,2383286,579874,579940,27172,607112,6049
2022-02-15,Sacramento,067,1510023,268962,268950,26479,295429,2721
2022-02-15,San Benito,069,59416,12616,12616,520,13136,91
2022-02-15,San Bernardino,071,2135413,551757,551803,23875,575678,6372
2022-02-15,San Diego,073,3302833,727486,727486,46660,774146,4914
2022-02-15,San Francisco,075,870044,120750,120759,8736,129495,756
2022-02-15,San Joaquin,077,732212,162523,162518,9426,171944,2021
2022-02-15,San Luis Obispo,079,281455,50527,50534,3834,54368,419
2022-02-15,San Mateo,081,765935,116247,116253,7456,123709,595
2022-02-15,Santa Barbara,083,443738,83738,83734,4533,88267,640
2022-02-15,Santa Clara,085,1922200,301859,301831,12788,314619,2130
2022-02-15,Santa Cruz,087,273765,45170,45171,2041,47212,250
2022-02-15,Shasta,089,179085,29684,29684,6169,35853,477
2022-02-15,Sierra,091,2930,269,269,42,311,0
2022-02-15,Siskiyou,093,43540,4288,4288,2635,6923,70
2022-02-15,Solano,095,438530,78622,78626,5242,83868,426
2022-02-15,Sonoma,097,501317,80425,80433,2150,82583,431
2022-02-15,Stanislaus,099,539301,115540,115549,15750,131299,1429
2022-02-15,Sutter,101,95872,19974,19980,1766,21746,208
2022-02-15,Tehama,103,63373,11717,11717,2534,14251,151
2022-02-15,Trinity,105,12862,1125,1125,273,1398,20
2022-02-15,Tulare,107,460477,101662,101645,27107,128752,1278
2022-02-15,Tuolumne,109,53932,11945,11945,540,12485,171
2022-02-15,Ventura,111,848112,169947,169942,9273,179215,1372
2022-02-15,Yolo,113,214977,35247,35241,3100,38341,289
2022-02-15,Yuba,115,75493,15372,15372,1151,16523,109
2022-02-14,Alameda,001,1643700,245298,244315,14826,259141,1677
2022-02-14,Alpine,003,1148,124,125,1,126,0
2022-02-14,Amador,005,37829,8183,8164,623,8787,77
2022-02-14,Butte,007,227075,32019,31946,6298,38244,360
2022-02-14,Calaveras,009,45235,7115,7097,380,7477,106
2022-02-14,Colusa,011,21464,3374,3367,1045,4412,21
2022-02-14,Contra Costa,013,1133247,182068,181753,13056,194809,1167
2022-02-14,Del Norte,015,27424,5440,5426,182,5608,45
2022-02-14,El Dorado,017,186661,25981,25915,3092,29007,188
2022-02-14,Fresno,019,978130,222676,222360,20596,242956,2538
2022-02-14,Glenn,021,27897,4861,4854,1516,6370,39
2022-02-14,Humboldt,023,135768,16296,16264,2769,19033,132
2022-02-14,Imperial,025,180216,53813,53765,10365,64130,860
2022-02-14,Inyo,027,18085,4009,4010,448,4458,52
2022-02-14,Kern,029,883053,186362,186037,38528,224565,2063
2022-02-14,Kings,031,150075,49482,49395,3261,52656,419
2022-02-14,Lake,033,64148,10115,10090,743,10833,123
2022-02-14,Lassen,035,31185,8585,8539,873,9412,55
2022-02-14,Los Angeles,037,10098052,2638009,2636064,118746,2754810,29650
2022-02-14,Madera,039,155013,36275,36194,5642,41836,330
2022-02-14,Marin,041,260295,32352,32304,3436,35740,255
2022-02-14,Mariposa,043,17540,2302,2295,179,2474,6
2022-02-14,Mendocino,045,87422,12578,12541,2689,15230,108
2022-02-14,Merced,047,269075,60682,60591,6572,67163,758
2022-02-14,Modoc,049,8938,710,707,236,943,6
2022-02-14,Mono,051,14174,2952,2954,116,3070,5
2022-02-14,Monterey,053,433212,75544,75407,12916,88323,678
2022-02-14,Napa,055,140530,24828,24776,939,25715,127
2022-02-14,Nevada,057,99092,15637,15629,1219,16848,121
2022-02-14,Orange,059,3164182,537491,536924,40117,577041,6355
2022-02-14,Placer,061,380077,61176,61123,7173,68296,554
2022-02-14,Plumas,063,18699,2638,2631,351,2982,13
2022-02-14,Riverside,065,2383286,579874,579174,27172,606346,5994
2022-02-14,Sacramento,067,1510023,268962,268547,26479,295026,2717
2022-02-14,San Benito,069,59416,12616,12598,520,13118,91
2022-02-14,San Bernardino,071,2135413,551757,551338,23875,575213,6372
2022-02-14,San Diego,073,3302833,727486,723902,46660,770562,4894
2022-02-14,San Francisco,075,870044,120750,120581,8736,129317,756
2022-02-14,San Joaquin,077,732212,162523,162363,9426,171789,2018
2022-02-14,San Luis Obispo,079,281455,50527,50465,3834,54299,416
2022-02-14,San Mateo,081,765935,116247,116129,7456,123585,592
2022-02-14,Santa Barbara,083,443738,83738,83697,4533,88230,636
2022-02-14,Santa Clara,085,1922200,301859,301319,12788,314107,2127
2022-02-14,Santa Cruz,087,273765,45170,45042,2041,47083,250
2022-02-14,Shasta,089,179085,29684,29595,6169,35764,474
2022-02-14,Sierra,091,2930,269,269,42,311,0
2022-02-14,Siskiyou,093,43540,4288,4278,2635,6913,69
2022-02-14,Solano,095,438530,78622,78533,5242,83775,427
2022-02-14,Sonoma,097,501317,80425,80336,2150,82486,431
2022-02-14,Stanislaus,099,539301,115540,115426,15750,131176,1406
2022-02-14,Sutter,101,95872,19974,19957,1766,21723,209
2022-02-14,Tehama,103,63373,11717,11686,2534,14220,151
2022-02-14,Trinity,105,12862,1125,1123,273,1396,20
2022-02-14,Tulare,107,460477,101662,101448,27107,128555,1276
2022-02-14,Tuolumne,109,53932,11945,11920,540,12460,170
2022-02-14,Ventura,111,848112,169947,169725,9273,178998,1361
2022-02-14,Yolo,113,214977,35247,35112,3100,38212,286
2022-02-14,Yuba,115,75493,15372,15375,1151,16526,108
2022-02-13,Alameda,001,1643700,245229,243681,14826,258507,1677
2022-02-13,Alpine,003,1148,124,125,1,126,0
2022-02-13,Amador,005,37829,8182,8146,623,8769,77
2022-02-13,Butte,007,227075,32010,31865,6298,38163,360
2022-02-13,Calaveras,009,45235,7112,7083,380,7463,106
2022-02-13,Colusa,011,21464,3373,3366,1045,4411,21
2022-02-13,Contra Costa,013,1133247,182031,181313,13056,194369,1159
2022-02-13,Del Norte,015,27424,5434,5379,182,5561,45
2022-02-13,El Dorado,017,186661,25971,25871,3092,28963,188
2022-02-13,Fresno,019,978130,222635,221686,20596,242282,2537
2022-02-13,Glenn,021,27897,4858,4847,1516,6363,39
2022-02-13,Humboldt,023,135768,16292,16210,2769,18979,132
2022-02-13,Imperial,025,180216,53793,53658,10365,64023,860
2022-02-13,Inyo,027,18085,4009,4006,448,4454,52
2022-02-13,Kern,029,883053,186331,185640,38528,224168,2063
2022-02-13,Kings,031,150075,49465,49243,3261,52504,416
2022-02-13,Lake,033,64148,10109,10042,743,10785,123
2022-02-13,Lassen,035,31185,8577,8503,873,9376,55
2022-02-13,Los Angeles,037,10098052,2637965,2631267,118746,2750013,29595
2022-02-13,Madera,039,155013,36256,36054,5642,41696,330
2022-02-13,Marin,041,260295,32329,32222,3436,35658,255
2022-02-13,Mariposa,043,17540,2301,2292,179,2471,6
2022-02-13,Mendocino,045,87422,12569,12521,2689,15210,108
2022-02-13,Merced,047,269075,60680,60460,6572,67032,758
2022-02-13,Modoc,049,8938,709,704,236,940,6
2022-02-13,Mono,051,14174,2951,2949,116,3065,5
2022-02-13,Monterey,053,433212,75531,75295,12916,88211,678
2022-02-13,Napa,055,140530,24819,24743,939,25682,127
2022-02-13,Nevada,057,99092,15637,15590,1219,16809,121
2022-02-13,Orange,059,3164182,537429,536134,40117,576251,6355
2022-02-13,Placer,061,380077,61163,61020,7173,68193,554
2022-02-13,Plumas,063,18699,2632,2626,351,2977,13
2022-02-13,Riverside,065,2383286,579804,578363,27172,605535,5995
2022-02-13,Sacramento,067,1510023,268916,267947,26479,294426,2699
2022-02-13,San Benito,069,59416,12610,12578,520,13098,91
2022-02-13,San Bernardino,071,2135413,551706,550632,23875,574507,6367
2022-02-13,San Diego,073,3302833,727486,723902,46660,770562,4894
2022-02-13,San Francisco,075,870044,120726,120295,8736,129031,756
2022-02-13,San Joaquin,077,732212,162489,162028,9426,171454,2018
2022-02-13,San Luis Obispo,079,281455,50520,50384,3834,54218,415
2022-02-13,San Mateo,081,765935,116223,115876,7456,123332,592
2022-02-13,Santa Barbara,083,443738,83723,83547,4533,88080,635
2022-02-13,Santa Clara,085,1922200,301816,300412,12788,313200,2114
2022-02-13,Santa Cruz,087,273765,45164,44887,2041,46928,240
2022-02-13,Shasta,089,179085,29677,29531,6169,35700,474
2022-02-13,Sierra,091,2930,269,269,42,311,0
2022-02-13,Siskiyou,093,43540,4285,4264,2635,6899,69
2022-02-13,Solano,095,438530,78612,78424,5242,83666,426
2022-02-13,Sonoma,097,501317,80419,80172,2150,82322,431
2022-02-13,Stanislaus,099,539301,115520,115156,15750,130906,1406
2022-02-13,Sutter,101,95872,19960,19900,1766,21666,209
2022-02-13,Tehama,103,63373,11712,11644,2534,14178,151
2022-02-13,Trinity,105,12862,1124,1120,273,1393,20
2022-02-13,Tulare,107,460477,101637,101135,27107,128242,1276
2022-02-13,Tuolumne,109,53932,11930,11891,540,12431,170
2022-02-13,Ventura,111,848112,169909,169422,9273,178695,1361
2022-02-13,Yolo,113,214977,35243,35057,3100,38157,286
2022-02-13,Yuba,115,75493,15360,15346,1151,16497,107
2022-02-12,Alameda,001,1643700,245121,242137,14826,256963,1668
2022-02-12,Alpine,003,1148,124,124,1,125,0
2022-02-12,Amador,005,37829,8181,8091,623,8714,76
2022-02-12,Butte,007,227075,31996,31601,6298,37899,360
2022-02-12,Calaveras,009,45235,7110,7022,380,7402,106
2022-02-12,Colusa,011,21464,3371,3345,1045,4390,21
2022-02-12,Contra Costa,013,1133247,181910,180270,13056,193326,1141
2022-02-12,Del Norte,015,27424,5432,5262,182,5444,45
2022-02-12,El Dorado,017,186661,25968,25692,3092,28784,188
2022-02-12,Fresno,019,978130,222523,219909,20596,240505,2509
2022-02-12,Glenn,021,27897,4855,4818,1516,6334,39
2022-02-12,Humboldt,023,135768,16284,16058,2769,18827,132
2022-02-12,Imperial,025,180216,53759,53304,10365,63669,860
2022-02-12,Inyo,027,18085,4009,3991,448,4439,52
2022-02-12,Kern,029,883053,186290,184639,38528,223167,2037
2022-02-12,Kings,031,150075,49456,48893,3261,52154,415
2022-02-12,Lake,033,64148,10103,9926,743,10669,123
2022-02-12,Lassen,035,31185,8576,8477,873,9350,55
2022-02-12,Los Angeles,037,10098052,2637901,2616426,118746,2735172,29364
2022-02-12,Madera,039,155013,36241,35710,5642,41352,330
2022-02-12,Marin,041,260295,32314,32048,3436,35484,255
2022-02-12,Mariposa,043,17540,2301,2286,179,2465,6
2022-02-12,Mendocino,045,87422,12562,12439,2689,15128,107
2022-02-12,Merced,047,269075,60661,60187,6572,66759,758
2022-02-12,Modoc,049,8938,709,697,236,933,6
2022-02-12,Mono,051,14174,2951,2939,116,3055,5
2022-02-12,Monterey,053,433212,75503,74842,12916,87758,672
2022-02-12,Napa,055,140530,24807,24530,939,25469,124
2022-02-12,Nevada,057,99092,15635,15499,1219,16718,119
2022-02-12,Orange,059,3164182,537280,534503,40117,574620,6305
2022-02-12,Placer,061,380077,61130,60636,7173,67809,554
2022-02-12,Plumas,063,18699,2629,2617,351,2968,13
2022-02-12,Riverside,065,2383286,579632,575566,27172,602738,5961
2022-02-12,Sacramento,067,1510023,268780,266347,26479,292826,2686
2022-02-12,San Benito,069,59416,12599,12526,520,13046,91
2022-02-12,San Bernardino,071,2135413,551625,548822,23875,572697,6360
2022-02-12,San Diego,073,3302833,727405,720287,46660,766947,4854
2022-02-12,San Francisco,075,870044,120652,119113,8736,127849,740
2022-02-12,San Joaquin,077,732212,162426,161234,9426,170660,2014
2022-02-12,San Luis Obispo,079,281455,50508,50064,3834,53898,416
2022-02-12,San Mateo,081,765935,116154,115235,7456,122691,589
2022-02-12,Santa Barbara,083,443738,83671,83390,4533,87923,631
2022-02-12,Santa Clara,085,1922200,301550,298176,12788,310964,2093
2022-02-12,Santa Cruz,087,273765,45147,44447,2041,46488,239
2022-02-12,Shasta,089,179085,29675,29370,6169,35539,473
2022-02-12,Sierra,091,2930,269,268,42,310,0
2022-02-12,Siskiyou,093,43540,4283,4231,2635,6866,68
2022-02-12,Solano,095,438530,78590,77865,5242,83107,424
2022-02-12,Sonoma,097,501317,80391,79533,2150,81683,431
2022-02-12,Stanislaus,099,539301,115458,114531,15750,130281,1406
2022-02-12,Sutter,101,95872,19948,19800,1766,21566,211
2022-02-12,Tehama,103,63373,11711,11580,2534,14114,151
2022-02-12,Trinity,105,12862,1124,1115,273,1388,20
2022-02-12,Tulare,107,460477,101576,100434,27107,127541,1273
2022-02-12,Tuolumne,109,53932,11923,11754,540,12294,125
2022-02-12,Ventura,111,848112,169837,168736,9273,178009,1340
2022-02-12,Yolo,113,214977,35218,34773,3100,37873,286
2022-02-12,Yuba,115,75493,15352,15242,1151,16393,107
2022-02-11,Alameda,001,1643700,244855,242137,14826,256963,1668
2022-02-11,Alpine,003,1148,124,124,1,125,0
2022-02-11,Amador,005,37829,8171,8091,623,8714,76
2022-02-11,Butte,007,227075,31953,31601,6298,37899,360
2022-02-11,Calaveras,009,45235,7107,7022,380,7402,106
2022-02-11,Colusa,011,21464,3369,3345,1045,4390,21
2022-02-11,Contra Costa,013,1133247,181756,180270,13056,193326,1141
2022-02-11,Del Norte,015,27424,5423,5262,182,5444,45
2022-02-11,El Dorado,017,186661,25951,25692,3092,28784,188
2022-02-11,Fresno,019,978130,222249,219909,20596,240505,2509
2022-02-11,Glenn,021,27897,4854,4818,1516,6334,39
2022-02-11,Humboldt,023,135768,16262,16058,2769,18827,132
2022-02-11,Imperial,025,180216,53732,53304,10365,63669,860
2022-02-11,Inyo,027,18085,4008,3991,448,4439,52
2022-02-11,Kern,029,883053,186186,184639,38528,223167,2037
2022-02-11,Kings,031,150075,49427,48893,3261,52154,415
2022-02-11,Lake,033,64148,10088,9926,743,10669,123
2022-02-11,Lassen,035,31185,8538,8477,873,9350,55
2022-02-11,Los Angeles,037,10098052,2637158,2616426,118746,2735172,29364
2022-02-11,Madera,039,155013,36199,35710,5642,41352,330
2022-02-11,Marin,041,260295,32283,32048,3436,35484,255
2022-02-11,Mariposa,043,17540,2298,2286,179,2465,6
2022-02-11,Mendocino,045,87422,12549,12439,2689,15128,107
2022-02-11,Merced,047,269075,60620,60187,6572,66759,758
2022-02-11,Modoc,049,8938,707,697,236,933,6
2022-02-11,Mono,051,14174,2950,2939,116,3055,5
2022-02-11,Monterey,053,433212,75421,74842,12916,87758,672
2022-02-11,Napa,055,140530,24787,24530,939,25469,124
2022-02-11,Nevada,057,99092,15623,15499,1219,16718,119
2022-02-11,Orange,059,3164182,536958,534503,40117,574620,6305
2022-02-11,Placer,061,380077,61087,60636,7173,67809,554
2022-02-11,Plumas,063,18699,2629,2617,351,2968,13
2022-02-11,Riverside,065,2383286,579283,575566,27172,602738,5961
2022-02-11,Sacramento,067,1510023,268561,266347,26479,292826,2686
2022-02-11,San Benito,069,59416,12594,12526,520,13046,91
2022-02-11,San Bernardino,071,2135413,551354,548822,23875,572697,6360
2022-02-11,San Diego,073,3302833,726994,720287,46660,766947,4854
2022-02-11,San Francisco,075,870044,120565,119113,8736,127849,740
2022-02-11,San Joaquin,077,732212,162308,161234,9426,170660,2014
2022-02-11,San Luis Obispo,079,281455,50481,50064,3834,53898,416
2022-02-11,San Mateo,081,765935,116066,115235,7456,122691,589
2022-02-11,Santa Barbara,083,443738,83612,83390,4533,87923,631
2022-02-11,Santa Clara,085,1922200,301180,298176,12788,310964,2093
2022-02-11,Santa Cruz,087,273765,45059,44447,2041,46488,239
2022-02-11,Shasta,089,179085,29654,29370,6169,35539,473
2022-02-11,Sierra,091,2930,269,268,42,310,0
2022-02-11,Siskiyou,093,43540,4280,4231,2635,6866,68
2022-02-11,Solano,095,438530,78504,77865,5242,83107,424
2022-02-11,Sonoma,097,501317,80327,79533,2150,81683,431
2022-02-11,Stanislaus,099,539301,115380,114531,15750,130281,1406
2022-02-11,Sutter,101,95872,19928,19800,1766,21566,211
2022-02-11,Tehama,103,63373,11703,11580,2534,14114,151
2022-02-11,Trinity,105,12862,1123,1115,273,1388,20
2022-02-11,Tulare,107,460477,101483,100434,27107,127541,1273
2022-02-11,Tuolumne,109,53932,11907,11754,540,12294,125
2022-02-11,Ventura,111,848112,169723,168736,9273,178009,1340
2022-02-11,Yolo,113,214977,35200,34773,3100,37873,286
2022-02-11,Yuba,115,75493,15341,15242,1151,16393,107
2022-02-10,Alameda,001,1643700,244318,242137,14826,256963,1668
2022-02-10,Alpine,003,1148,124,124,1,125,0
2022-02-10,Amador,005,37829,8159,8091,623,8714,76
2022-02-10,Butte,007,227075,31895,31601,6298,37899,360
2022-02-10,Calaveras,009,45235,7093,7022,380,7402,106
2022-02-10,Colusa,011,21464,3364,3345,1045,4390,21
2022-02-10,Contra Costa,013,1133247,181435,180270,13056,193326,1141
2022-02-10,Del Norte,015,27424,5389,5262,182,5444,45
2022-02-10,El Dorado,017,186661,25918,25692,3092,28784,188
2022-02-10,Fresno,019,978130,221661,219909,20596,240505,2509
2022-02-10,Glenn,021,27897,4849,4818,1516,6334,39
2022-02-10,Humboldt,023,135768,16212,16058,2769,18827,132
2022-02-10,Imperial,025,180216,53654,53304,10365,63669,860
2022-02-10,Inyo,027,18085,4007,3991,448,4439,52
2022-02-10,Kern,029,883053,185897,184639,38528,223167,2037
2022-02-10,Kings,031,150075,49327,48893,3261,52154,415
2022-02-10,Lake,033,64148,10065,9926,743,10669,123
2022-02-10,Lassen,035,31185,8529,8477,873,9350,55
2022-02-10,Los Angeles,037,10098052,2633940,2616426,118746,2735172,29364
2022-02-10,Madera,039,155013,36096,35710,5642,41352,330
2022-02-10,Marin,041,260295,32220,32048,3436,35484,255
2022-02-10,Mariposa,043,17540,2294,2286,179,2465,6
2022-02-10,Mendocino,045,87422,12531,12439,2689,15128,107
2022-02-10,Merced,047,269075,60512,60187,6572,66759,758
2022-02-10,Modoc,049,8938,706,697,236,933,6
2022-02-10,Mono,051,14174,2948,2939,116,3055,5
2022-02-10,Monterey,053,433212,75281,74842,12916,87758,672
2022-02-10,Napa,055,140530,24720,24530,939,25469,124
2022-02-10,Nevada,057,99092,15602,15499,1219,16718,119
2022-02-10,Orange,059,3164182,536291,534503,40117,574620,6305
2022-02-10,Placer,061,380077,61008,60636,7173,67809,554
2022-02-10,Plumas,063,18699,2626,2617,351,2968,13
2022-02-10,Riverside,065,2383286,578637,575566,27172,602738,5961
2022-02-10,Sacramento,067,1510023,268060,266347,26479,292826,2686
2022-02-10,San Benito,069,59416,12574,12526,520,13046,91
2022-02-10,San Bernardino,071,2135413,550817,548822,23875,572697,6360
2022-02-10,San Diego,073,3302833,726117,720287,46660,766947,4854
2022-02-10,San Francisco,075,870044,120367,119113,8736,127849,740
2022-02-10,San Joaquin,077,732212,162043,161234,9426,170660,2014
2022-02-10,San Luis Obispo,079,281455,50386,50064,3834,53898,416
2022-02-10,San Mateo,081,765935,115856,115235,7456,122691,589
2022-02-10,Santa Barbara,083,443738,83497,83390,4533,87923,631
2022-02-10,Santa Clara,085,1922200,300586,298176,12788,310964,2093
2022-02-10,Santa Cruz,087,273765,44922,44447,2041,46488,239
2022-02-10,Shasta,089,179085,29609,29370,6169,35539,473
2022-02-10,Sierra,091,2930,269,268,42,310,0
2022-02-10,Siskiyou,093,43540,4274,4231,2635,6866,68
2022-02-10,Solano,095,438530,78353,77865,5242,83107,424
2022-02-10,Sonoma,097,501317,80204,79533,2150,81683,431
2022-02-10,Stanislaus,099,539301,115236,114531,15750,130281,1406
2022-02-10,Sutter,101,95872,19894,19800,1766,21566,211
2022-02-10,Tehama,103,63373,11672,11580,2534,14114,151
2022-02-10,Trinity,105,12862,1123,1115,273,1388,20
2022-02-10,Tulare,107,460477,101284,100434,27107,127541,1273
2022-02-10,Tuolumne,109,53932,11897,11754,540,12294,125
2022-02-10,Ventura,111,848112,169472,168736,9273,178009,1340
2022-02-10,Yolo,113,214977,35126,34773,3100,37873,286
2022-02-10,Yuba,115,75493,15320,15242,1151,16393,107
2022-02-09,Alameda,001,1643700,243824,241141,14826,255967,1668
2022-02-09,Alpine,003,1148,123,124,1,125,0
2022-02-09,Amador,005,37829,8145,8069,623,8692,76
2022-02-09,Butte,007,227075,31798,31433,6298,37731,359
2022-02-09,Calaveras,009,45235,7071,7005,380,7385,106
2022-02-09,Colusa,011,21464,3358,3331,1045,4376,21
2022-02-09,Contra Costa,013,1133247,181116,179695,13056,192751,1132
2022-02-09,Del Norte,015,27424,5347,5204,182,5386,45
2022-02-09,El Dorado,017,186661,25884,25572,3092,28664,186
2022-02-09,Fresno,019,978130,221061,218989,20596,239585,2502
2022-02-09,Glenn,021,27897,4836,4804,1516,6320,39
2022-02-09,Humboldt,023,135768,16163,15929,2769,18698,131
2022-02-09,Imperial,025,180216,53558,53102,10365,63467,858
2022-02-09,Inyo,027,18085,4002,3989,448,4437,52
2022-02-09,Kern,029,883053,185553,184068,38528,222596,2021
2022-02-09,Kings,031,150075,49229,48718,3261,51979,410
2022-02-09,Lake,033,64148,10029,9880,743,10623,124
2022-02-09,Lassen,035,31185,8500,8459,873,9332,55
2022-02-09,Los Angeles,037,10098052,2630589,2611611,118746,2730357,29263
2022-02-09,Madera,039,155013,36000,35559,5642,41201,330
2022-02-09,Marin,041,260295,32169,31965,3436,35401,255
2022-02-09,Mariposa,043,17540,2291,2279,179,2458,6
2022-02-09,Mendocino,045,87422,12496,12378,2689,15067,107
2022-02-09,Merced,047,269075,60397,59952,6572,66524,755
2022-02-09,Modoc,049,8938,702,691,236,927,6
2022-02-09,Mono,051,14174,2946,2937,116,3053,5
2022-02-09,Monterey,053,433212,75139,74500,12916,87416,670
2022-02-09,Napa,055,140530,24672,24429,939,25368,123
2022-02-09,Nevada,057,99092,15579,15446,1219,16665,119
2022-02-09,Orange,059,3164182,535637,534316,40117,574433,6263
2022-02-09,Placer,061,380077,60910,60490,7173,67663,553
2022-02-09,Plumas,063,18699,2623,2609,351,2960,13
2022-02-09,Riverside,065,2383286,577951,573907,27172,601079,5911
2022-02-09,Sacramento,067,1510023,267534,265624,26479,292103,2673
2022-02-09,San Benito,069,59416,12551,12492,520,13012,91
2022-02-09,San Bernardino,071,2135413,550310,547768,23875,571643,6349
2022-02-09,San Diego,073,3302833,725084,717896,46660,764556,4832
2022-02-09,San Francisco,075,870044,120121,118550,8736,127286,731
2022-02-09,San Joaquin,077,732212,161777,160618,9426,170044,2014
2022-02-09,San Luis Obispo,079,281455,50244,49833,3834,53667,414
2022-02-09,San Mateo,081,765935,115686,114890,7456,122346,589
2022-02-09,Santa Barbara,083,443738,83380,82830,4533,87363,629
2022-02-09,Santa Clara,085,1922200,299954,297157,12788,309945,2090
2022-02-09,Santa Cruz,087,273765,44745,44200,2041,46241,239
2022-02-09,Shasta,089,179085,29538,29215,6169,35384,471
2022-02-09,Sierra,091,2930,269,268,42,310,0
2022-02-09,Siskiyou,093,43540,4257,4217,2635,6852,68
2022-02-09,Solano,095,438530,78197,77299,5242,82541,423
2022-02-09,Sonoma,097,501317,80055,79165,2150,81315,431
2022-02-09,Stanislaus,099,539301,115036,114039,15750,129789,1406
2022-02-09,Sutter,101,95872,19857,19758,1766,21524,207
2022-02-09,Tehama,103,63373,11646,11542,2534,14076,149
2022-02-09,Trinity,105,12862,1121,1110,273,1383,20
2022-02-09,Tulare,107,460477,101081,100049,27107,127156,1271
2022-02-09,Tuolumne,109,53932,11867,11702,540,12242,95
2022-02-09,Ventura,111,848112,169263,168253,9273,177526,1325
2022-02-09,Yolo,113,214977,35045,34588,3100,37688,285
2022-02-09,Yuba,115,75493,15290,15187,1151,16338,105
2022-02-08,Alameda,001,1643700,243245,240587,14826,255413,1651
2022-02-08,Alpine,003,1148,123,124,1,125,0
2022-02-08,Amador,005,37829,8136,8050,623,8673,76
2022-02-08,Butte,007,227075,31720,31353,6298,37651,359
2022-02-08,Calaveras,009,45235,7048,6981,380,7361,101
2022-02-08,Colusa,011,21464,3350,3320,1045,4365,21
2022-02-08,Contra Costa,013,1133247,180714,179078,13056,192134,1132
2022-02-08,Del Norte,015,27424,5304,5156,182,5338,44
2022-02-08,El Dorado,017,186661,25842,25446,3092,28538,186
2022-02-08,Fresno,019,978130,220371,218416,20596,239012,2502
2022-02-08,Glenn,021,27897,4823,4784,1516,6300,39
2022-02-08,Humboldt,023,135768,16119,15865,2769,18634,130
2022-02-08,Imperial,025,180216,53447,52977,10365,63342,855
2022-02-08,Inyo,027,18085,3997,3983,448,4431,52
2022-02-08,Kern,029,883053,185261,183519,38528,222047,2010
2022-02-08,Kings,031,150075,49092,48479,3261,51740,411
2022-02-08,Lake,033,64148,9994,9806,743,10549,125
2022-02-08,Lassen,035,31185,8491,8423,873,9296,55
2022-02-08,Los Angeles,037,10098052,2626447,2611204,118746,2729950,29259
2022-02-08,Madera,039,155013,35917,35381,5642,41023,330
2022-02-08,Marin,041,260295,32084,31878,3436,35314,255
2022-02-08,Mariposa,043,17540,2289,2266,179,2445,6
2022-02-08,Mendocino,045,87422,12464,12336,2689,15025,107
2022-02-08,Merced,047,269075,60290,59789,6572,66361,751
2022-02-08,Modoc,049,8938,699,684,236,920,6
2022-02-08,Mono,051,14174,2945,2932,116,3048,5
2022-02-08,Monterey,053,433212,74985,74316,12916,87232,670
2022-02-08,Napa,055,140530,24601,24346,939,25285,121
2022-02-08,Nevada,057,99092,15547,15383,1219,16602,117
2022-02-08,Orange,059,3164182,534912,533507,40117,573624,6205
2022-02-08,Placer,061,380077,60792,60301,7173,67474,553
2022-02-08,Plumas,063,18699,2619,2596,351,2947,13
2022-02-08,Riverside,065,2383286,577144,571892,27172,599064,5908
2022-02-08,Sacramento,067,1510023,266896,264479,26479,290958,2664
2022-02-08,San Benito,069,59416,12526,12434,520,12954,91
2022-02-08,San Bernardino,071,2135413,549745,544658,23875,568533,6335
2022-02-08,San Diego,073,3302833,723807,717896,46660,764556,4832
2022-02-08,San Francisco,075,870044,119775,117942,8736,126678,731
2022-02-08,San Joaquin,077,732212,161466,160147,9426,169573,2005
2022-02-08,San Luis Obispo,079,281455,50082,49556,3834,53390,410
2022-02-08,San Mateo,081,765935,115487,114541,7456,121997,589
2022-02-08,Santa Barbara,083,443738,83220,82461,4533,86994,627
2022-02-08,Santa Clara,085,1922200,299182,295679,12788,308467,2091
2022-02-08,Santa Cruz,087,273765,44599,43884,2041,45925,239
2022-02-08,Shasta,089,179085,29453,29084,6169,35253,470
2022-02-08,Sierra,091,2930,269,267,42,309,0
2022-02-08,Siskiyou,093,43540,4250,4191,2635,6826,68
2022-02-08,Solano,095,438530,78024,77031,5242,82273,421
2022-02-08,Sonoma,097,501317,79849,78798,2150,80948,431
2022-02-08,Stanislaus,099,539301,114831,113733,15750,129483,1406
2022-02-08,Sutter,101,95872,19824,19717,1766,21483,203
2022-02-08,Tehama,103,63373,11622,11491,2534,14025,149
2022-02-08,Trinity,105,12862,1121,1110,273,1383,20
2022-02-08,Tulare,107,460477,100805,99694,27107,126801,1267
2022-02-08,Tuolumne,109,53932,11844,11665,540,12205,92
2022-02-08,Ventura,111,848112,169049,167830,9273,177103,1325
2022-02-08,Yolo,113,214977,34977,34462,3100,37562,281
2022-02-08,Yuba,115,75493,15243,15126,1151,16277,107
2022-02-07,Alameda,001,1643700,242594,238678,14826,253504,1643
2022-02-07,Alpine,003,1148,123,124,1,125,0
2022-02-07,Amador,005,37829,8111,7980,623,8603,75
2022-02-07,Butte,007,227075,31654,31184,6297,37481,355
2022-02-07,Calaveras,009,45235,7026,6910,380,7290,100
2022-02-07,Colusa,011,21464,3340,3283,1042,4325,21
2022-02-07,Contra Costa,013,1133247,180284,177767,13056,190823,1130
2022-02-07,Del Norte,015,27424,5255,5093,182,5275,44
2022-02-07,El Dorado,017,186661,25794,25257,3091,28348,185
2022-02-07,Fresno,019,978130,219569,216495,20596,237091,2493
2022-02-07,Glenn,021,27897,4819,4762,1514,6276,39
2022-02-07,Humboldt,023,135768,16054,15764,2768,18532,129
2022-02-07,Imperial,025,180216,53327,52689,10365,63054,853
2022-02-07,Inyo,027,18085,3990,3976,443,4419,51
2022-02-07,Kern,029,883053,184857,182047,38512,220559,1998
2022-02-07,Kings,031,150075,48916,48147,3261,51408,403
2022-02-07,Lake,033,64148,9951,9519,743,10262,125
2022-02-07,Lassen,035,31185,8468,8362,873,9235,55
2022-02-07,Los Angeles,037,10098052,2622134,2607438,118745,2726183,29210
2022-02-07,Madera,039,155013,35811,35083,5642,40725,330
2022-02-07,Marin,041,260295,32007,31670,3436,35106,255
2022-02-07,Mariposa,043,17540,2283,2253,179,2432,6
2022-02-07,Mendocino,045,87422,12415,12237,2689,14926,107
2022-02-07,Merced,047,269075,60170,59472,6572,66044,748
2022-02-07,Modoc,049,8938,695,679,236,915,6
2022-02-07,Mono,051,14174,2942,2917,116,3033,5
2022-02-07,Monterey,053,433212,74773,69433,12912,82345,670
2022-02-07,Napa,055,140530,24525,23237,937,24174,120
2022-02-07,Nevada,057,99092,15510,15268,1218,16486,113
2022-02-07,Orange,059,3164182,534123,531442,40115,571557,6179
2022-02-07,Placer,061,380077,60675,59894,7173,67067,546
2022-02-07,Plumas,063,18699,2611,2573,351,2924,13
2022-02-07,Riverside,065,2383286,576248,568874,27147,596021,5868
2022-02-07,Sacramento,067,1510023,266229,262834,26479,289313,2631
2022-02-07,San Benito,069,59416,12491,12285,520,12805,90
2022-02-07,San Bernardino,071,2135413,549070,542846,23871,566717,6335
2022-02-07,San Diego,073,3302833,722263,716244,46660,762904,4811
2022-02-07,San Francisco,075,870044,119399,113945,8736,122681,727
2022-02-07,San Joaquin,077,732212,161115,159358,9426,168784,1998
2022-02-07,San Luis Obispo,079,281455,49921,48994,3823,52817,406
2022-02-07,San Mateo,081,765935,115225,107060,7456,114516,589
2022-02-07,Santa Barbara,083,443738,83053,81608,4533,86141,624
2022-02-07,Santa Clara,085,1922200,298293,293360,12788,306148,2085
2022-02-07,Santa Cruz,087,273765,44392,43244,2041,45285,239
2022-02-07,Shasta,089,179085,29376,28900,6162,35062,468
2022-02-07,Sierra,091,2930,269,265,42,307,0
2022-02-07,Siskiyou,093,43540,4238,4157,2635,6792,68
2022-02-07,Solano,095,438530,77850,73934,5242,79176,420
2022-02-07,Sonoma,097,501317,79621,78296,2150,80446,431
2022-02-07,Stanislaus,099,539301,114616,113029,15734,128763,1406
2022-02-07,Sutter,101,95872,19794,19599,1766,21365,203
2022-02-07,Tehama,103,63373,11587,11418,2534,13952,146
2022-02-07,Trinity,105,12862,1119,1109,273,1382,20
2022-02-07,Tulare,107,460477,100495,98774,27091,125865,1263
2022-02-07,Tuolumne,109,53932,11803,11578,540,12118,92
2022-02-07,Ventura,111,848112,168758,166904,9272,176176,1324
2022-02-07,Yolo,113,214977,34882,34007,3100,37107,281
2022-02-07,Yuba,115,75493,15200,14998,1151,16149,105
2022-02-06,Alameda,001,1643700,241757,237188,14737,251925,1643
2022-02-06,Alpine,003,1148,123,123,1,124,0
2022-02-06,Amador,005,37829,8085,7922,610,8532,73
2022-02-06,Butte,007,227075,31545,31021,6264,37285,355
2022-02-06,Calaveras,009,45235,7002,6870,376,7246,99
2022-02-06,Colusa,011,21464,3332,3282,1039,4321,21
2022-02-06,Contra Costa,013,1133247,179652,176863,13019,189882,1128
2022-02-06,Del Norte,015,27424,5200,5038,178,5216,44
2022-02-06,El Dorado,017,186661,25731,25165,3079,28244,185
2022-02-06,Fresno,019,978130,218790,214726,20388,235114,2489
2022-02-06,Glenn,021,27897,4807,4738,1506,6244,39
2022-02-06,Humboldt,023,135768,15973,15658,2727,18385,128
2022-02-06,Imperial,025,180216,53149,52396,10353,62749,853
2022-02-06,Inyo,027,18085,3987,3970,441,4411,51
2022-02-06,Kern,029,883053,184381,181188,38448,219636,1996
2022-02-06,Kings,031,150075,48696,47669,3238,50907,401
2022-02-06,Lake,033,64148,9886,9468,734,10202,125
2022-02-06,Lassen,035,31185,8445,8326,869,9195,55
2022-02-06,Los Angeles,037,10098052,2616538,2602620,118731,2721351,29180
2022-02-06,Madera,039,155013,35657,34901,5563,40464,330
2022-02-06,Marin,041,260295,31908,31488,3413,34901,255
2022-02-06,Mariposa,043,17540,2275,2244,167,2411,6
2022-02-06,Mendocino,045,87422,12372,12169,2633,14802,107
2022-02-06,Merced,047,269075,59963,59112,6466,65578,748
2022-02-06,Modoc,049,8938,690,675,236,911,6
2022-02-06,Mono,051,14174,2936,2901,115,3016,5
2022-02-06,Monterey,053,433212,74442,67912,12751,80663,670
2022-02-06,Napa,055,140530,24403,23230,925,24155,120
2022-02-06,Nevada,057,99092,15438,15192,1205,16397,113
2022-02-06,Orange,059,3164182,533143,527906,40057,567963,6171
2022-02-06,Placer,061,380077,60480,59507,7157,66664,544
2022-02-06,Plumas,063,18699,2605,2559,341,2900,13
2022-02-06,Riverside,065,2383286,575126,568276,27086,595362,5865
2022-02-06,Sacramento,067,1510023,265367,261353,26205,287558,2631
2022-02-06,San Benito,069,59416,12436,12186,517,12703,90
2022-02-06,San Bernardino,071,2135413,548247,541103,23811,564914,6334
2022-02-06,San Diego,073,3302833,720310,709938,46494,756432,4786
2022-02-06,San Francisco,075,870044,119024,113115,8696,121811,728
2022-02-06,San Joaquin,077,732212,160567,158510,9390,167900,1997
2022-02-06,San Luis Obispo,079,281455,49707,48843,3769,52612,405
2022-02-06,San Mateo,081,765935,114914,105556,7421,112977,587
2022-02-06,Santa Barbara,083,443738,82746,81118,4496,85614,623
2022-02-06,Santa Clara,085,1922200,297236,291732,12692,304424,2075
2022-02-06,Santa Cruz,087,273765,44087,42952,2030,44982,239
2022-02-06,Shasta,089,179085,29251,28762,6112,34874,468
2022-02-06,Sierra,091,2930,269,265,42,307,0
2022-02-06,Siskiyou,093,43540,4216,4118,2598,6716,68
2022-02-06,Solano,095,438530,77587,73475,5214,78689,419
2022-02-06,Sonoma,097,501317,79319,77887,2139,80026,431
2022-02-06,Stanislaus,099,539301,114248,112521,15640,128161,1406
2022-02-06,Sutter,101,95872,19755,19523,1703,21226,203
2022-02-06,Tehama,103,63373,11548,11366,2517,13883,146
2022-02-06,Trinity,105,12862,1118,1102,272,1374,20
2022-02-06,Tulare,107,460477,100074,98260,26912,125172,1262
2022-02-06,Tuolumne,109,53932,11758,11507,519,12026,92
2022-02-06,Ventura,111,848112,168402,166235,9264,175499,1323
2022-02-06,Yolo,113,214977,34754,33784,3090,36874,281
2022-02-06,Yuba,115,75493,15157,14917,1141,16058,104
2022-02-05,Alameda,001,1643700,241414,235698,14721,250419,1638
2022-02-05,Alpine,003,1148,123,124,1,125,0
2022-02-05,Amador,005,37829,8076,7855,610,8465,71
2022-02-05,Butte,007,227075,31497,30733,6256,36989,355
2022-02-05,Calaveras,009,45235,6988,6789,376,7165,99
2022-02-05,Colusa,011,21464,3325,3234,1039,4273,21
2022-02-05,Contra Costa,013,1133247,179409,175871,13010,188881,1115
2022-02-05,Del Norte,015,27424,5176,4978,177,5155,44
2022-02-05,El Dorado,017,186661,25707,24813,3075,27888,185
2022-02-05,Fresno,019,978130,218494,213539,20378,233917,2477
2022-02-05,Glenn,021,27897,4804,4691,1501,6192,39
2022-02-05,Humboldt,023,135768,15930,15514,2726,18240,127
2022-02-05,Imperial,025,180216,53089,52153,10343,62496,853
2022-02-05,Inyo,027,18085,3984,3948,441,4389,51
2022-02-05,Kern,029,883053,184208,180296,38435,218731,1987
2022-02-05,Kings,031,150075,48626,47538,3236,50774,402
2022-02-05,Lake,033,64148,9872,9289,729,10018,124
2022-02-05,Lassen,035,31185,8435,8288,869,9157,55
2022-02-05,Los Angeles,037,10098052,2614614,2572702,118672,2691374,28947
2022-02-05,Madera,039,155013,35607,34471,5553,40024,329
2022-02-05,Marin,041,260295,31857,31299,3403,34702,255
2022-02-05,Mariposa,043,17540,2274,2222,167,2389,6
2022-02-05,Mendocino,045,87422,12350,12066,2630,14696,107
2022-02-05,Merced,047,269075,59879,58908,6465,65373,744
2022-02-05,Modoc,049,8938,689,664,236,900,6
2022-02-05,Mono,051,14174,2935,2904,115,3019,5
2022-02-05,Monterey,053,433212,74354,67342,12742,80084,666
2022-02-05,Napa,055,140530,24357,22973,924,23897,118
2022-02-05,Nevada,057,99092,15423,15002,1204,16206,113
2022-02-05,Orange,059,3164182,532692,527516,39976,567492,6134
2022-02-05,Placer,061,380077,60366,59043,7149,66192,533
2022-02-05,Plumas,063,18699,2604,2550,341,2891,13
2022-02-05,Riverside,065,2383286,574559,563991,27021,591012,5827
2022-02-05,Sacramento,067,1510023,265027,259437,26155,285592,2610
2022-02-05,San Benito,069,59416,12393,12142,517,12659,90
2022-02-05,San Bernardino,071,2135413,547817,539312,23795,563107,6322
2022-02-05,San Diego,073,3302833,719508,703957,46445,750402,4735
2022-02-05,San Francisco,075,870044,118853,112481,8667,121148,720
2022-02-05,San Joaquin,077,732212,160397,157420,9379,166799,1989
2022-02-05,San Luis Obispo,079,281455,49675,48361,3767,52128,404
2022-02-05,San Mateo,081,765935,114733,104810,7412,112222,587
2022-02-05,Santa Barbara,083,443738,82587,80478,4486,84964,617
2022-02-05,Santa Clara,085,1922200,296602,289262,12680,301942,2067
2022-02-05,Santa Cruz,087,273765,44015,42553,2027,44580,239
2022-02-05,Shasta,089,179085,29207,28604,6102,34706,466
2022-02-05,Sierra,091,2930,269,262,42,304,0
2022-02-05,Siskiyou,093,43540,4211,4106,2595,6701,67
2022-02-05,Solano,095,438530,77519,73112,5209,78321,415
2022-02-05,Sonoma,097,501317,79167,77213,2136,79349,431
2022-02-05,Stanislaus,099,539301,114052,111783,15631,127414,1406
2022-02-05,Sutter,101,95872,19725,19406,1702,21108,203
2022-02-05,Tehama,103,63373,11534,11259,2513,13772,146
2022-02-05,Trinity,105,12862,1117,1085,271,1356,20
2022-02-05,Tulare,107,460477,99949,97414,26848,124262,1254
2022-02-05,Tuolumne,109,53932,11732,11409,518,11927,91
2022-02-05,Ventura,111,848112,168189,165532,9252,174784,1308
2022-02-05,Yolo,113,214977,34672,33614,3069,36683,281
2022-02-05,Yuba,115,75493,15130,14801,1136,15937,105
2022-02-04,Alameda,001,1643700,240986,235698,14712,250410,1638
2022-02-04,Alpine,003,1148,123,124,1,125,0
2022-02-04,Amador,005,37829,8061,7855,610,8465,71
2022-02-04,Butte,007,227075,31439,30733,6250,36983,355
2022-02-04,Calaveras,009,45235,6979,6789,374,7163,99
2022-02-04,Colusa,011,21464,3321,3234,1039,4273,21
2022-02-04,Contra Costa,013,1133247,179095,175871,12997,188868,1115
2022-02-04,Del Norte,015,27424,5151,4978,177,5155,44
2022-02-04,El Dorado,017,186661,25674,24813,3073,27886,185
2022-02-04,Fresno,019,978130,218045,213539,20358,233897,2477
2022-02-04,Glenn,021,27897,4797,4691,1498,6189,39
2022-02-04,Humboldt,023,135768,15903,15514,2725,18239,127
2022-02-04,Imperial,025,180216,53018,52153,10329,62482,853
2022-02-04,Inyo,027,18085,3981,3948,439,4387,51
2022-02-04,Kern,029,883053,184020,180296,38423,218719,1987
2022-02-04,Kings,031,150075,48555,47538,3233,50771,402
2022-02-04,Lake,033,64148,9845,9289,729,10018,124
2022-02-04,Lassen,035,31185,8410,8288,869,9157,55
2022-02-04,Los Angeles,037,10098052,2611857,2572702,118609,2691311,28947
2022-02-04,Madera,039,155013,35530,34471,5546,40017,329
2022-02-04,Marin,041,260295,31797,31299,3399,34698,255
2022-02-04,Mariposa,043,17540,2272,2222,167,2389,6
2022-02-04,Mendocino,045,87422,12322,12066,2628,14694,107
2022-02-04,Merced,047,269075,59808,58908,6464,65372,744
2022-02-04,Modoc,049,8938,689,664,236,900,6
2022-02-04,Mono,051,14174,2934,2904,115,3019,5
2022-02-04,Monterey,053,433212,74195,67342,12730,80072,666
2022-02-04,Napa,055,140530,24313,22973,923,23896,118
2022-02-04,Nevada,057,99092,15390,15002,1197,16199,113
2022-02-04,Orange,059,3164182,532155,527516,39919,567435,6134
2022-02-04,Placer,061,380077,60274,59043,7146,66189,533
2022-02-04,Plumas,063,18699,2601,2550,340,2890,13
2022-02-04,Riverside,065,2383286,573862,563991,27005,590996,5827
2022-02-04,Sacramento,067,1510023,264602,259437,26132,285569,2610
2022-02-04,San Benito,069,59416,12374,12142,516,12658,90
2022-02-04,San Bernardino,071,2135413,547319,539312,23780,563092,6322
2022-02-04,San Diego,073,3302833,718449,703957,46413,750370,4735
2022-02-04,San Francisco,075,870044,118637,112481,8638,121119,720
2022-02-04,San Joaquin,077,732212,160172,157420,9370,166790,1989
2022-02-04,San Luis Obispo,079,281455,49619,48361,3764,52125,404
2022-02-04,San Mateo,081,765935,114511,104810,7398,112208,587
2022-02-04,Santa Barbara,083,443738,82440,80478,4486,84964,617
2022-02-04,Santa Clara,085,1922200,295943,289262,12659,301921,2067
2022-02-04,Santa Cruz,087,273765,43819,42553,2024,44577,239
2022-02-04,Shasta,089,179085,29157,28604,6092,34696,466
2022-02-04,Sierra,091,2930,269,262,42,304,0
2022-02-04,Siskiyou,093,43540,4205,4106,2594,6700,67
2022-02-04,Solano,095,438530,77329,73112,5172,78284,415
2022-02-04,Sonoma,097,501317,79019,77213,2136,79349,431
2022-02-04,Stanislaus,099,539301,113883,111783,15624,127407,1406
2022-02-04,Sutter,101,95872,19701,19406,1702,21108,203
2022-02-04,Tehama,103,63373,11521,11259,2511,13770,146
2022-02-04,Trinity,105,12862,1117,1085,270,1355,20
2022-02-04,Tulare,107,460477,99790,97414,26783,124197,1254
2022-02-04,Tuolumne,109,53932,11719,11409,516,11925,91
2022-02-04,Ventura,111,848112,167933,165532,9246,174778,1308
2022-02-04,Yolo,113,214977,34585,33614,3065,36679,281
2022-02-04,Yuba,115,75493,15112,14801,1136,15937,105
2022-02-03,Alameda,001,1643700,240240,235698,14667,250365,1638
2022-02-03,Alpine,003,1148,123,124,1,125,0
2022-02-03,Amador,005,37829,8041,7855,605,8460,71
2022-02-03,Butte,007,227075,31337,30733,6228,36961,355
2022-02-03,Calaveras,009,45235,6952,6789,369,7158,99
2022-02-03,Colusa,011,21464,3309,3234,1033,4267,21
2022-02-03,Contra Costa,013,1133247,178542,175871,12907,188778,1115
2022-02-03,Del Norte,015,27424,5102,4978,175,5153,44
2022-02-03,El Dorado,017,186661,25611,24813,3070,27883,185
2022-02-03,Fresno,019,978130,217151,213539,20211,233750,2477
2022-02-03,Glenn,021,27897,4782,4691,1481,6172,39
2022-02-03,Humboldt,023,135768,15832,15514,2692,18206,127
2022-02-03,Imperial,025,180216,52872,52153,10271,62424,853
2022-02-03,Inyo,027,18085,3979,3948,436,4384,51
2022-02-03,Kern,029,883053,183587,180296,38376,218672,1987
2022-02-03,Kings,031,150075,48402,47538,3224,50762,402
2022-02-03,Lake,033,64148,9789,9289,725,10014,124
2022-02-03,Lassen,035,31185,8384,8288,868,9156,55
2022-02-03,Los Angeles,037,10098052,2606200,2572702,118432,2691134,28947
2022-02-03,Madera,039,155013,35409,34471,5502,39973,329
2022-02-03,Marin,041,260295,31699,31299,3392,34691,255
2022-02-03,Mariposa,043,17540,2260,2222,164,2386,6
2022-02-03,Mendocino,045,87422,12278,12066,2609,14675,107
2022-02-03,Merced,047,269075,59653,58908,6399,65307,744
2022-02-03,Modoc,049,8938,686,664,235,899,6
2022-02-03,Mono,051,14174,2929,2904,115,3019,5
2022-02-03,Monterey,053,433212,73945,67342,12551,79893,666
2022-02-03,Napa,055,140530,24179,22973,923,23896,118
2022-02-03,Nevada,057,99092,15348,15002,1185,16187,113
2022-02-03,Orange,059,3164182,531208,527516,39826,567342,6134
2022-02-03,Placer,061,380077,60076,59043,7137,66180,533
2022-02-03,Plumas,063,18699,2586,2550,336,2886,13
2022-02-03,Riverside,065,2383286,572671,563991,26951,590942,5827
2022-02-03,Sacramento,067,1510023,263730,259437,25923,285360,2610
2022-02-03,San Benito,069,59416,12348,12142,513,12655,90
2022-02-03,San Bernardino,071,2135413,546452,539312,23739,563051,6322
2022-02-03,San Diego,073,3302833,716530,703957,46292,750249,4735
2022-02-03,San Francisco,075,870044,118314,112481,8606,121087,720
2022-02-03,San Joaquin,077,732212,159725,157420,9337,166757,1989
2022-02-03,San Luis Obispo,079,281455,49424,48361,3751,52112,404
2022-02-03,San Mateo,081,765935,114176,104810,7364,112174,587
2022-02-03,Santa Barbara,083,443738,82077,80478,4462,84940,617
2022-02-03,Santa Clara,085,1922200,294765,289262,12551,301813,2067
2022-02-03,Santa Cruz,087,273765,43486,42553,2016,44569,239
2022-02-03,Shasta,089,179085,29052,28604,6060,34664,466
2022-02-03,Sierra,091,2930,269,262,42,304,0
2022-02-03,Siskiyou,093,43540,4190,4106,2575,6681,67
2022-02-03,Solano,095,438530,77022,73112,5153,78265,415
2022-02-03,Sonoma,097,501317,78727,77213,2128,79341,431
2022-02-03,Stanislaus,099,539301,113537,111783,15561,127344,1406
2022-02-03,Sutter,101,95872,19651,19406,1699,21105,203
2022-02-03,Tehama,103,63373,11493,11259,2501,13760,146
2022-02-03,Trinity,105,12862,1117,1085,269,1354,20
2022-02-03,Tulare,107,460477,99421,97414,26640,124054,1254
2022-02-03,Tuolumne,109,53932,11676,11409,514,11923,91
2022-02-03,Ventura,111,848112,167559,165532,9237,174769,1308
2022-02-03,Yolo,113,214977,34477,33614,3052,36666,281
2022-02-03,Yuba,115,75493,15061,14801,1118,15919,105
2022-02-02,Alameda,001,1643700,239354,234300,14563,248863,1632
2022-02-02,Alpine,003,1148,123,123,1,124,0
2022-02-02,Amador,005,37829,8010,7781,596,8377,71
2022-02-02,Butte,007,227075,31233,30550,6200,36750,355
2022-02-02,Calaveras,009,45235,6924,6753,363,7116,99
2022-02-02,Colusa,011,21464,3296,3211,1032,4243,21
2022-02-02,Contra Costa,013,1133247,177995,174876,12818,187694,1113
2022-02-02,Del Norte,015,27424,5059,4924,167,5091,44
2022-02-02,El Dorado,017,186661,25544,24690,3052,27742,185
2022-02-02,Fresno,019,978130,216186,211976,20125,232101,2463
2022-02-02,Glenn,021,27897,4759,4667,1475,6142,39
2022-02-02,Humboldt,023,135768,15772,15392,2658,18050,127
2022-02-02,Imperial,025,180216,52656,51875,10117,61992,853
2022-02-02,Inyo,027,18085,3973,3944,434,4378,51
2022-02-02,Kern,029,883053,183031,179386,38293,217679,1974
2022-02-02,Kings,031,150075,48226,47061,3202,50263,401
2022-02-02,Lake,033,64148,9728,9235,722,9957,120
2022-02-02,Lassen,035,31185,8366,8258,856,9114,55
2022-02-02,Los Angeles,037,10098052,2599774,2561902,118108,2680010,28850
2022-02-02,Madera,039,155013,35250,34265,5430,39695,329
2022-02-02,Marin,041,260295,31595,31149,3370,34519,255
2022-02-02,Mariposa,043,17540,2249,2215,160,2375,6
2022-02-02,Mendocino,045,87422,12223,11996,2571,14567,105
2022-02-02,Merced,047,269075,59485,58532,6332,64864,744
2022-02-02,Modoc,049,8938,680,662,235,897,6
2022-02-02,Mono,051,14174,2917,2887,115,3002,5
2022-02-02,Monterey,053,433212,73596,66852,12391,79243,666
2022-02-02,Napa,055,140530,24059,22859,904,23763,117
2022-02-02,Nevada,057,99092,15296,14895,1162,16057,112
2022-02-02,Orange,059,3164182,530128,524418,39719,564137,6127
2022-02-02,Placer,061,380077,59901,58654,7116,65770,533
2022-02-02,Plumas,063,18699,2578,2540,332,2872,12
2022-02-02,Riverside,065,2383286,571381,561220,26911,588131,5827
2022-02-02,Sacramento,067,1510023,262822,258078,25681,283759,2602
2022-02-02,San Benito,069,59416,12310,12058,509,12567,90
2022-02-02,San Bernardino,071,2135413,545527,537485,23675,561160,6317
2022-02-02,San Diego,073,3302833,714370,703957,46129,750086,4735
2022-02-02,San Francisco,075,870044,117943,112008,8591,120599,714
2022-02-02,San Joaquin,077,732212,159182,156537,9310,165847,1986
2022-02-02,San Luis Obispo,079,281455,49232,48119,3735,51854,403
2022-02-02,San Mateo,081,765935,113848,104201,7289,111490,587
2022-02-02,Santa Barbara,083,443738,81708,79979,4431,84410,612
2022-02-02,Santa Clara,085,1922200,293653,287443,12429,299872,2051
2022-02-02,Santa Cruz,087,273765,43214,42127,2004,44131,239
2022-02-02,Shasta,089,179085,28959,28429,6022,34451,465
2022-02-02,Sierra,091,2930,269,262,42,304,0
2022-02-02,Siskiyou,093,43540,4179,4078,2551,6629,67
2022-02-02,Solano,095,438530,76687,72711,5131,77842,414
2022-02-02,Sonoma,097,501317,78422,76681,2119,78800,431
2022-02-02,Stanislaus,099,539301,113167,111167,15440,126607,1403
2022-02-02,Sutter,101,95872,19589,19290,1676,20966,203
2022-02-02,Tehama,103,63373,11443,11193,2487,13680,146
2022-02-02,Trinity,105,12862,1115,1074,268,1342,20
2022-02-02,Tulare,107,460477,99056,96820,26470,123290,1249
2022-02-02,Tuolumne,109,53932,11602,11342,511,11853,91
2022-02-02,Ventura,111,848112,167168,164905,9216,174121,1292
2022-02-02,Yolo,113,214977,34360,33332,3030,36362,281
2022-02-02,Yuba,115,75493,14999,14720,1105,15825,104
2022-02-01,Alameda,001,1643700,238305,233782,14460,248242,1620
2022-02-01,Alpine,003,1148,123,123,1,124,0
2022-02-01,Amador,005,37829,7967,7783,590,8373,73
2022-02-01,Butte,007,227075,31102,30496,6162,36658,355
2022-02-01,Calaveras,009,45235,6885,6749,357,7106,98
2022-02-01,Colusa,011,21464,3278,3202,1005,4207,21
2022-02-01,Contra Costa,013,1133247,177278,174379,12676,187055,1115
2022-02-01,Del Norte,015,27424,5017,4907,166,5073,44
2022-02-01,El Dorado,017,186661,25481,24664,3032,27696,184
2022-02-01,Fresno,019,978130,215060,211352,19988,231340,2464
2022-02-01,Glenn,021,27897,4746,4649,1462,6111,39
2022-02-01,Humboldt,023,135768,15689,15354,2625,17979,127
2022-02-01,Imperial,025,180216,52450,51675,10049,61724,846
2022-02-01,Inyo,027,18085,3962,3928,431,4359,51
2022-02-01,Kern,029,883053,182437,178987,38222,217209,1967
2022-02-01,Kings,031,150075,47982,46959,3175,50134,400
2022-02-01,Lake,033,64148,9674,9211,719,9930,119
2022-02-01,Lassen,035,31185,8346,8231,849,9080,55
2022-02-01,Los Angeles,037,10098052,2592802,2548794,117792,2666586,28752
2022-02-01,Madera,039,155013,35047,34124,5349,39473,329
2022-02-01,Marin,041,260295,31475,31099,3345,34444,255
2022-02-01,Mariposa,043,17540,2242,2210,159,2369,6
2022-02-01,Mendocino,045,87422,12165,11978,2535,14513,105
2022-02-01,Merced,047,269075,59284,58362,6248,64610,743
2022-02-01,Modoc,049,8938,673,664,235,899,6
2022-02-01,Mono,051,14174,2912,2888,114,3002,5
2022-02-01,Monterey,053,433212,73201,66553,12199,78752,665
2022-02-01,Napa,055,140530,23965,22795,884,23679,116
2022-02-01,Nevada,057,99092,15228,14863,1148,16011,112
2022-02-01,Orange,059,3164182,528884,523741,39580,563321,6108
2022-02-01,Placer,061,380077,59636,58486,7097,65583,532
2022-02-01,Plumas,063,18699,2572,2526,327,2853,12
2022-02-01,Riverside,065,2383286,569992,560010,26871,586881,5825
2022-02-01,Sacramento,067,1510023,261824,257504,25375,282879,2593
2022-02-01,San Benito,069,59416,12247,12053,506,12559,90
2022-02-01,San Bernardino,071,2135413,544381,536591,23607,560198,6311
2022-02-01,San Diego,073,3302833,711895,701009,45944,746953,4710
2022-02-01,San Francisco,075,870044,117428,111606,8567,120173,713
2022-02-01,San Joaquin,077,732212,158672,156300,9279,165579,1987
2022-02-01,San Luis Obispo,079,281455,49012,47842,3668,51510,403
2022-02-01,San Mateo,081,765935,113411,103868,7239,111107,589
2022-02-01,Santa Barbara,083,443738,81255,79659,4395,84054,608
2022-02-01,Santa Clara,085,1922200,292108,286109,12313,298422,2070
2022-02-01,Santa Cruz,087,273765,42920,41782,1991,43773,239
2022-02-01,Shasta,089,179085,28833,28382,5965,34347,465
2022-02-01,Sierra,091,2930,267,262,42,304,0
2022-02-01,Siskiyou,093,43540,4165,4072,2523,6595,66
2022-02-01,Solano,095,438530,76437,72494,5115,77609,415
2022-02-01,Sonoma,097,501317,78073,76379,2097,78476,431
2022-02-01,Stanislaus,099,539301,112779,110925,15337,126262,1403
2022-02-01,Sutter,101,95872,19521,19256,1644,20900,202
2022-02-01,Tehama,103,63373,11387,11165,2473,13638,146
2022-02-01,Trinity,105,12862,1113,1073,268,1341,19
2022-02-01,Tulare,107,460477,98593,96467,26248,122715,1247
2022-02-01,Tuolumne,109,53932,11555,11318,503,11821,91
2022-02-01,Ventura,111,848112,166680,164721,9196,173917,1293
2022-02-01,Yolo,113,214977,34222,33257,3007,36264,275
2022-02-01,Yuba,115,75493,14943,14693,1094,15787,103
2022-01-31,Alameda,001,1643700,237017,232743,14347,247090,1607
2022-01-31,Alpine,003,1148,122,123,1,124,0
2022-01-31,Amador,005,37829,7916,7682,576,8258,73
2022-01-31,Butte,007,227075,30949,30371,6129,36500,354
2022-01-31,Calaveras,009,45235,6852,6700,346,7046,96
2022-01-31,Colusa,011,21464,3266,3187,995,4182,21
2022-01-31,Contra Costa,013,1133247,176516,173466,12549,186015,1115
2022-01-31,Del Norte,015,27424,4976,4879,158,5037,43
2022-01-31,El Dorado,017,186661,25389,24545,3012,27557,184
2022-01-31,Fresno,019,978130,213609,210589,19816,230405,2464
2022-01-31,Glenn,021,27897,4710,4641,1451,6092,39
2022-01-31,Humboldt,023,135768,15603,15308,2590,17898,126
2022-01-31,Imperial,025,180216,52240,51472,9920,61392,846
2022-01-31,Inyo,027,18085,3948,3922,426,4348,50
2022-01-31,Kern,029,883053,181719,178375,38120,216495,1967
2022-01-31,Kings,031,150075,47641,46845,3153,49998,398
2022-01-31,Lake,033,64148,9603,9141,709,9850,119
2022-01-31,Lassen,035,31185,8321,8162,839,9001,55
2022-01-31,Los Angeles,037,10098052,2584864,2541189,117474,2658663,28718
2022-01-31,Madera,039,155013,34854,33886,5258,39144,329
2022-01-31,Marin,041,260295,31345,31023,3320,34343,253
2022-01-31,Mariposa,043,17540,2232,2203,149,2352,6
2022-01-31,Mendocino,045,87422,12097,11896,2491,14387,104
2022-01-31,Merced,047,269075,59008,58198,6128,64326,740
2022-01-31,Modoc,049,8938,670,661,235,896,6
2022-01-31,Mono,051,14174,2894,2889,114,3003,5
2022-01-31,Monterey,053,433212,72787,66117,12008,78125,661
2022-01-31,Napa,055,140530,23787,22707,868,23575,113
2022-01-31,Nevada,057,99092,15145,14813,1132,15945,112
2022-01-31,Orange,059,3164182,527472,522358,39447,561805,6098
2022-01-31,Placer,061,380077,59398,58252,7073,65325,523
2022-01-31,Plumas,063,18699,2566,2513,326,2839,12
2022-01-31,Riverside,065,2383286,568164,558166,26799,584965,5785
2022-01-31,Sacramento,067,1510023,260601,256594,25068,281662,2571
2022-01-31,San Benito,069,59416,12190,11976,504,12480,90
2022-01-31,San Bernardino,071,2135413,542906,535276,23524,558800,6302
2022-01-31,San Diego,073,3302833,709035,698571,45724,744295,4686
2022-01-31,San Francisco,075,870044,116998,111119,8521,119640,712
2022-01-31,San Joaquin,077,732212,157920,155736,9242,164978,1985
2022-01-31,San Luis Obispo,079,281455,48766,47656,3604,51260,395
2022-01-31,San Mateo,081,765935,112930,103313,7180,110493,589
2022-01-31,Santa Barbara,083,443738,80740,79267,4353,83620,606
2022-01-31,Santa Clara,085,1922200,290441,284562,12200,296762,2041
2022-01-31,Santa Cruz,087,273765,42552,41630,1989,43619,239
2022-01-31,Shasta,089,179085,28708,28190,5919,34109,462
2022-01-31,Sierra,091,2930,266,261,42,303,0
2022-01-31,Siskiyou,093,43540,4148,4054,2509,6563,66
2022-01-31,Solano,095,438530,75741,72258,5067,77325,414
2022-01-31,Sonoma,097,501317,77624,76199,2086,78285,431
2022-01-31,Stanislaus,099,539301,112271,110493,15166,125659,1403
2022-01-31,Sutter,101,95872,19447,19189,1599,20788,202
2022-01-31,Tehama,103,63373,11318,11112,2444,13556,145
2022-01-31,Trinity,105,12862,1109,1071,265,1336,19
2022-01-31,Tulare,107,460477,98003,96053,25974,122027,1245
2022-01-31,Tuolumne,109,53932,11472,11278,496,11774,91
2022-01-31,Ventura,111,848112,166147,164060,9172,173232,1286
2022-01-31,Yolo,113,214977,34075,33175,2980,36155,274
2022-01-31,Yuba,115,75493,14881,14652,1072,15724,103
2022-01-30,Alameda,001,1643700,235532,231838,14190,246028,1607
2022-01-30,Alpine,003,1148,122,123,1,124,0
2022-01-30,Amador,005,37829,7863,7644,553,8197,73
2022-01-30,Butte,007,227075,30757,30255,6068,36323,354
2022-01-30,Calaveras,009,45235,6795,6676,331,7007,96
2022-01-30,Colusa,011,21464,3242,3168,983,4151,21
2022-01-30,Contra Costa,013,1133247,175584,172902,12346,185248,1102
2022-01-30,Del Norte,015,27424,4924,4833,153,4986,43
2022-01-30,El Dorado,017,186661,25277,24491,2987,27478,184
2022-01-30,Fresno,019,978130,212105,209645,19591,229236,2463
2022-01-30,Glenn,021,27897,4679,4619,1442,6061,39
2022-01-30,Humboldt,023,135768,15489,15247,2529,17776,126
2022-01-30,Imperial,025,180216,51931,51415,9724,61139,846
2022-01-30,Inyo,027,18085,3935,3921,423,4344,50
2022-01-30,Kern,029,883053,180896,177924,37982,215906,1967
2022-01-30,Kings,031,150075,47293,46654,3107,49761,398
2022-01-30,Lake,033,64148,9512,9080,695,9775,119
2022-01-30,Lassen,035,31185,8292,8158,830,8988,55
2022-01-30,Los Angeles,037,10098052,2574596,2530739,117060,2647799,28678
2022-01-30,Madera,039,155013,34571,33752,5067,38819,329
2022-01-30,Marin,041,260295,31187,30875,3291,34166,253
2022-01-30,Mariposa,043,17540,2220,2177,142,2319,6
2022-01-30,Mendocino,045,87422,12024,11860,2384,14244,104
2022-01-30,Merced,047,269075,58647,58006,5939,63945,740
2022-01-30,Modoc,049,8938,667,661,235,896,6
2022-01-30,Mono,051,14174,2890,2888,114,3002,5
2022-01-30,Monterey,053,433212,72208,65996,11724,77720,661
2022-01-30,Napa,055,140530,23616,22588,850,23438,114
2022-01-30,Nevada,057,99092,15042,14741,1113,15854,112
2022-01-30,Orange,059,3164182,525794,521334,39273,560607,6098
2022-01-30,Placer,061,380077,59008,58030,7035,65065,523
2022-01-30,Plumas,063,18699,2551,2510,311,2821,12
2022-01-30,Riverside,065,2383286,566078,557088,26704,583792,5767
2022-01-30,Sacramento,067,1510023,259148,255715,24523,280238,2572
2022-01-30,San Benito,069,59416,12126,11945,499,12444,90
2022-01-30,San Bernardino,071,2135413,541283,534050,23421,557471,6302
2022-01-30,San Diego,073,3302833,705526,687145,45369,732514,4665
2022-01-30,San Francisco,075,870044,116435,110772,8479,119251,712
2022-01-30,San Joaquin,077,732212,156945,155165,9206,164371,1985
2022-01-30,San Luis Obispo,079,281455,48373,47599,3564,51163,394
2022-01-30,San Mateo,081,765935,112375,102979,7127,110106,589
2022-01-30,Santa Barbara,083,443738,80066,79072,4289,83361,606
2022-01-30,Santa Clara,085,1922200,288453,282846,12059,294905,2035
2022-01-30,Santa Cruz,087,273765,42103,41330,1983,43313,239
2022-01-30,Shasta,089,179085,28549,28105,5826,33931,462
2022-01-30,Sierra,091,2930,266,261,42,303,0
2022-01-30,Siskiyou,093,43540,4119,4039,2459,6498,66
2022-01-30,Solano,095,438530,75287,71857,5023,76880,414
2022-01-30,Sonoma,097,501317,77103,75890,2065,77955,431
2022-01-30,Stanislaus,099,539301,111644,110111,14997,125108,1403
2022-01-30,Sutter,101,95872,19357,19108,1519,20627,202
2022-01-30,Tehama,103,63373,11249,11071,2415,13486,145
2022-01-30,Trinity,105,12862,1103,1068,265,1333,19
2022-01-30,Tulare,107,460477,97289,95676,25706,121382,1245
2022-01-30,Tuolumne,109,53932,11372,11242,460,11702,91
2022-01-30,Ventura,111,848112,165575,163521,9143,172664,1286
2022-01-30,Yolo,113,214977,33867,33043,2944,35987,274
2022-01-30,Yuba,115,75493,14791,14584,1049,15633,103
2022-01-29,Alameda,001,1643700,234938,225602,14170,239772,1605
2022-01-29,Alpine,003,1148,122,123,1,124,0
2022-01-29,Amador,005,37829,7842,7505,551,8056,73
2022-01-29,Butte,007,227075,30672,29557,6042,35599,353
2022-01-29,Calaveras,009,45235,6776,6484,326,6810,96
2022-01-29,Colusa,011,21464,3236,3107,980,4087,21
2022-01-29,Contra Costa,013,1133247,175083,168003,12323,180326,1101
2022-01-29,Del Norte,015,27424,4917,4589,142,4731,43
2022-01-29,El Dorado,017,186661,25228,24008,2983,26991,184
2022-01-29,Fresno,019,978130,211671,202691,19559,222250,2457
2022-01-29,Glenn,021,27897,4672,4516,1434,5950,39
2022-01-29,Humboldt,023,135768,15442,14812,2521,17333,126
2022-01-29,Imperial,025,180216,51826,50153,9675,59828,845
2022-01-29,Inyo,027,18085,3933,3895,415,4310,50
2022-01-29,Kern,029,883053,180584,174456,37944,212400,1962
2022-01-29,Kings,031,150075,47181,45047,3106,48153,397
2022-01-29,Lake,033,64148,9486,8747,691,9438,119
2022-01-29,Lassen,035,31185,8274,7961,828,8789,55
2022-01-29,Los Angeles,037,10098052,2571082,2473332,116832,2590164,28467
2022-01-29,Madera,039,155013,34465,32753,5044,37797,329
2022-01-29,Marin,041,260295,31117,30137,3281,33418,253
2022-01-29,Mariposa,043,17540,2218,2117,140,2257,6
2022-01-29,Mendocino,045,87422,12000,11591,2370,13961,104
2022-01-29,Merced,047,269075,58544,56472,5937,62409,735
2022-01-29,Modoc,049,8938,667,654,235,889,6
2022-01-29,Mono,051,14174,2890,2860,114,2974,5
2022-01-29,Monterey,053,433212,72079,64090,11698,75788,658
2022-01-29,Napa,055,140530,23572,22121,848,22969,113
2022-01-29,Nevada,057,99092,15011,14337,1105,15442,112
2022-01-29,Orange,059,3164182,525125,511255,39150,550405,6038
2022-01-29,Placer,061,380077,58813,56562,7022,63584,523
2022-01-29,Plumas,063,18699,2544,2463,305,2768,12
2022-01-29,Riverside,065,2383286,565062,548121,26664,574785,5726
2022-01-29,Sacramento,067,1510023,258594,249130,24460,273590,2558
2022-01-29,San Benito,069,59416,12066,11670,499,12169,90
2022-01-29,San Bernardino,071,2135413,540609,525249,23376,548625,6297
2022-01-29,San Diego,073,3302833,704233,683027,45308,728335,4643
2022-01-29,San Francisco,075,870044,116150,108265,8405,116670,712
2022-01-29,San Joaquin,077,732212,156702,150849,9190,160039,1971
2022-01-29,San Luis Obispo,079,281455,48286,46374,3553,49927,391
2022-01-29,San Mateo,081,765935,112036,100306,7098,107404,586
2022-01-29,Santa Barbara,083,443738,79859,76546,4282,80828,604
2022-01-29,Santa Clara,085,1922200,287503,273879,12025,285904,2019
2022-01-29,Santa Cruz,087,273765,41976,39228,1981,41209,240
2022-01-29,Shasta,089,179085,28490,27504,5801,33305,452
2022-01-29,Sierra,091,2930,266,260,42,302,0
2022-01-29,Siskiyou,093,43540,4109,3987,2451,6438,66
2022-01-29,Solano,095,438530,75146,69862,5010,74872,407
2022-01-29,Sonoma,097,501317,76878,73439,2058,75497,427
2022-01-29,Stanislaus,099,539301,111401,107668,14968,122636,1403
2022-01-29,Sutter,101,95872,19308,18797,1506,20303,202
2022-01-29,Tehama,103,63373,11221,10880,2409,13289,145
2022-01-29,Trinity,105,12862,1101,1033,264,1297,19
2022-01-29,Tulare,107,460477,97064,93154,25635,118789,1237
2022-01-29,Tuolumne,109,53932,11348,10806,452,11258,91
2022-01-29,Ventura,111,848112,165247,160466,9125,169591,1271
2022-01-29,Yolo,113,214977,33763,32123,2930,35053,275
2022-01-29,Yuba,115,75493,14756,14295,1047,15342,103
2022-01-28,Alameda,001,1643700,234041,225602,14148,239750,1605
2022-01-28,Alpine,003,1148,122,123,1,124,0
2022-01-28,Amador,005,37829,7815,7505,550,8055,73
2022-01-28,Butte,007,227075,30598,29557,6023,35580,353
2022-01-28,Calaveras,009,45235,6758,6484,323,6807,96
2022-01-28,Colusa,011,21464,3232,3107,978,4085,21
2022-01-28,Contra Costa,013,1133247,174586,168003,12280,180283,1101
2022-01-28,Del Norte,015,27424,4894,4589,141,4730,43
2022-01-28,El Dorado,017,186661,25188,24008,2979,26987,184
2022-01-28,Fresno,019,978130,210894,202691,19522,222213,2457
2022-01-28,Glenn,021,27897,4659,4516,1433,5949,39
2022-01-28,Humboldt,023,135768,15405,14812,2511,17323,126
2022-01-28,Imperial,025,180216,51704,50153,9639,59792,845
2022-01-28,Inyo,027,18085,3930,3895,412,4307,50
2022-01-28,Kern,029,883053,180202,174456,37909,212365,1962
2022-01-28,Kings,031,150075,47051,45047,3101,48148,397
2022-01-28,Lake,033,64148,9459,8747,690,9437,119
2022-01-28,Lassen,035,31185,8207,7961,827,8788,55
2022-01-28,Los Angeles,037,10098052,2565369,2473332,116664,2589996,28467
2022-01-28,Madera,039,155013,34334,32753,5026,37779,329
2022-01-28,Marin,041,260295,31027,30137,3271,33408,253
2022-01-28,Mariposa,043,17540,2208,2117,138,2255,6
2022-01-28,Mendocino,045,87422,11962,11591,2368,13959,104
2022-01-28,Merced,047,269075,58446,56472,5931,62403,735
2022-01-28,Modoc,049,8938,666,654,235,889,6
2022-01-28,Mono,051,14174,2885,2860,114,2974,5
2022-01-28,Monterey,053,433212,71890,64090,11663,75753,658
2022-01-28,Napa,055,140530,23501,22121,847,22968,113
2022-01-28,Nevada,057,99092,14978,14337,1101,15438,112
2022-01-28,Orange,059,3164182,524012,511255,39055,550310,6038
2022-01-28,Placer,061,380077,58632,56562,6997,63559,523
2022-01-28,Plumas,063,18699,2537,2463,303,2766,12
2022-01-28,Riverside,065,2383286,563745,548121,26629,574750,5726
2022-01-28,Sacramento,067,1510023,257856,249130,24410,273540,2558
2022-01-28,San Benito,069,59416,12044,11670,493,12163,90
2022-01-28,San Bernardino,071,2135413,539630,525249,23345,548594,6297
2022-01-28,San Diego,073,3302833,702447,683027,45240,728267,4643
2022-01-28,San Francisco,075,870044,115784,108265,8354,116619,712
2022-01-28,San Joaquin,077,732212,156415,150849,9178,160027,1971
2022-01-28,San Luis Obispo,079,281455,48203,46374,3544,49918,391
2022-01-28,San Mateo,081,765935,111696,100306,7074,107380,586
2022-01-28,Santa Barbara,083,443738,79605,76546,4277,80823,604
2022-01-28,Santa Clara,085,1922200,286283,273879,11972,285851,2019
2022-01-28,Santa Cruz,087,273765,41795,39228,1975,41203,240
2022-01-28,Shasta,089,179085,28437,27504,5783,33287,452
2022-01-28,Sierra,091,2930,266,260,42,302,0
2022-01-28,Siskiyou,093,43540,4101,3987,2446,6433,66
2022-01-28,Solano,095,438530,74572,69862,4940,74802,407
2022-01-28,Sonoma,097,501317,76669,73439,2052,75491,427
2022-01-28,Stanislaus,099,539301,111147,107668,14941,122609,1403
2022-01-28,Sutter,101,95872,19263,18797,1505,20302,202
2022-01-28,Tehama,103,63373,11189,10880,2405,13285,145
2022-01-28,Trinity,105,12862,1094,1033,264,1297,19
2022-01-28,Tulare,107,460477,96822,93154,25537,118691,1237
2022-01-28,Tuolumne,109,53932,11317,10806,447,11253,91
2022-01-28,Ventura,111,848112,164796,160466,9105,169571,1271
2022-01-28,Yolo,113,214977,33658,32123,2924,35047,275
2022-01-28,Yuba,115,75493,14718,14295,1042,15337,103
2022-01-27,Alameda,001,1643700,232506,225602,14021,239623,1605
2022-01-27,Alpine,003,1148,122,123,1,124,0
2022-01-27,Amador,005,37829,7769,7505,535,8040,73
2022-01-27,Butte,007,227075,30447,29557,5970,35527,353
2022-01-27,Calaveras,009,45235,6730,6484,306,6790,96
2022-01-27,Colusa,011,21464,3218,3107,971,4078,21
2022-01-27,Contra Costa,013,1133247,173597,168003,12109,180112,1101
2022-01-27,Del Norte,015,27424,4845,4589,136,4725,43
2022-01-27,El Dorado,017,186661,25083,24008,2961,26969,184
2022-01-27,Fresno,019,978130,209307,202691,19349,222040,2457
2022-01-27,Glenn,021,27897,4630,4516,1425,5941,39
2022-01-27,Humboldt,023,135768,15315,14812,2471,17283,126
2022-01-27,Imperial,025,180216,51414,50153,9522,59675,845
2022-01-27,Inyo,027,18085,3925,3895,402,4297,50
2022-01-27,Kern,029,883053,179463,174456,37771,212227,1962
2022-01-27,Kings,031,150075,46749,45047,3069,48116,397
2022-01-27,Lake,033,64148,9407,8747,679,9426,119
2022-01-27,Lassen,035,31185,8169,7961,819,8780,55
2022-01-27,Los Angeles,037,10098052,2554035,2473332,116263,2589595,28467
2022-01-27,Madera,039,155013,34117,32753,4921,37674,329
2022-01-27,Marin,041,260295,30863,30137,3249,33386,253
2022-01-27,Mariposa,043,17540,2185,2117,134,2251,6
2022-01-27,Mendocino,045,87422,11912,11591,2318,13909,104
2022-01-27,Merced,047,269075,58181,56472,5833,62305,735
2022-01-27,Modoc,049,8938,664,654,234,888,6
2022-01-27,Mono,051,14174,2882,2860,112,2972,5
2022-01-27,Monterey,053,433212,71283,64090,11428,75518,658
2022-01-27,Napa,055,140530,23339,22121,818,22939,113
2022-01-27,Nevada,057,99092,14909,14337,1074,15411,112
2022-01-27,Orange,059,3164182,522233,511255,38898,550153,6038
2022-01-27,Placer,061,380077,58316,56562,6951,63513,523
2022-01-27,Plumas,063,18699,2528,2463,290,2753,12
2022-01-27,Riverside,065,2383286,561580,548121,26556,574677,5726
2022-01-27,Sacramento,067,1510023,256567,249130,24052,273182,2558
2022-01-27,San Benito,069,59416,11989,11670,488,12158,90
2022-01-27,San Bernardino,071,2135413,537825,525249,23249,548498,6297
2022-01-27,San Diego,073,3302833,699145,683027,44935,727962,4643
2022-01-27,San Francisco,075,870044,115279,108265,8294,116559,712
2022-01-27,San Joaquin,077,732212,155559,150849,9124,159973,1971
2022-01-27,San Luis Obispo,079,281455,47932,46374,3498,49872,391
2022-01-27,San Mateo,081,765935,111117,100306,6999,107305,586
2022-01-27,Santa Barbara,083,443738,79123,76546,4224,80770,604
2022-01-27,Santa Clara,085,1922200,284190,273879,11816,285695,2019
2022-01-27,Santa Cruz,087,273765,41141,39228,1962,41190,240
2022-01-27,Shasta,089,179085,28304,27504,5727,33231,452
2022-01-27,Sierra,091,2930,265,260,42,302,0
2022-01-27,Siskiyou,093,43540,4080,3987,2405,6392,66
2022-01-27,Solano,095,438530,73956,69862,4898,74760,407
2022-01-27,Sonoma,097,501317,76199,73439,2046,75485,427
2022-01-27,Stanislaus,099,539301,110638,107668,14834,122502,1403
2022-01-27,Sutter,101,95872,19160,18797,1482,20279,202
2022-01-27,Tehama,103,63373,11135,10880,2388,13268,145
2022-01-27,Trinity,105,12862,1090,1033,263,1296,19
2022-01-27,Tulare,107,460477,96203,93154,25268,118422,1237
2022-01-27,Tuolumne,109,53932,11268,10806,433,11239,91
2022-01-27,Ventura,111,848112,164152,160466,9070,169536,1271
2022-01-27,Yolo,113,214977,33517,32123,2909,35032,275
2022-01-27,Yuba,115,75493,14641,14295,1027,15322,103
2022-01-26,Alameda,001,1643700,230668,222680,13872,236552,1596
2022-01-26,Alpine,003,1148,122,123,1,124,0
2022-01-26,Amador,005,37829,7696,7427,514,7941,73
2022-01-26,Butte,007,227075,30246,29229,5910,35139,353
2022-01-26,Calaveras,009,45235,6684,6387,296,6683,96
2022-01-26,Colusa,011,21464,3204,3094,965,4059,21
2022-01-26,Contra Costa,013,1133247,172488,165972,11942,177914,1095
2022-01-26,Del Norte,015,27424,4775,4542,135,4677,43
2022-01-26,El Dorado,017,186661,24965,23819,2941,26760,181
2022-01-26,Fresno,019,978130,207505,199689,19178,218867,2452
2022-01-26,Glenn,021,27897,4596,4472,1420,5892,39
2022-01-26,Humboldt,023,135768,15214,14715,2418,17133,126
2022-01-26,Imperial,025,180216,51071,49477,9357,58834,839
2022-01-26,Inyo,027,18085,3922,3889,371,4260,50
2022-01-26,Kern,029,883053,178605,173052,37633,210685,1953
2022-01-26,Kings,031,150075,46341,44367,3048,47415,396
2022-01-26,Lake,033,64148,9324,8645,670,9315,119
2022-01-26,Lassen,035,31185,8133,7888,816,8704,55
2022-01-26,Los Angeles,037,10098052,2541543,2450620,115783,2566403,28382
2022-01-26,Madera,039,155013,33875,32323,4800,37123,329
2022-01-26,Marin,041,260295,30688,29813,3221,33034,253
2022-01-26,Mariposa,043,17540,2168,2108,127,2235,6
2022-01-26,Mendocino,045,87422,11864,11453,2267,13720,103
2022-01-26,Merced,047,269075,57821,56060,5714,61774,733
2022-01-26,Modoc,049,8938,663,652,233,885,6
2022-01-26,Mono,051,14174,2877,2852,111,2963,4
2022-01-26,Monterey,053,433212,70766,63264,11149,74413,659
2022-01-26,Napa,055,140530,23185,21864,806,22670,112
2022-01-26,Nevada,057,99092,14815,14128,1062,15190,112
2022-01-26,Orange,059,3164182,520122,506419,38720,545139,6007
2022-01-26,Placer,061,380077,57980,55892,6882,62774,524
2022-01-26,Plumas,063,18699,2517,2425,288,2713,12
2022-01-26,Riverside,065,2383286,559059,543788,26434,570222,5701
2022-01-26,Sacramento,067,1510023,254897,246416,23672,270088,2559
2022-01-26,San Benito,069,59416,11919,11563,475,12038,90
2022-01-26,San Bernardino,071,2135413,535674,521699,23136,544835,6291
2022-01-26,San Diego,073,3302833,694981,676392,44615,721007,4622
2022-01-26,San Francisco,075,870044,114644,107174,8253,115427,704
2022-01-26,San Joaquin,077,732212,154565,148770,9075,157845,1971
2022-01-26,San Luis Obispo,079,281455,47637,45716,3470,49186,391
2022-01-26,San Mateo,081,765935,110471,99016,6869,105885,586
2022-01-26,Santa Barbara,083,443738,78582,75548,4160,79708,600
2022-01-26,Santa Clara,085,1922200,282062,270470,11639,282109,2015
2022-01-26,Santa Cruz,087,273765,40648,38298,1951,40249,239
2022-01-26,Shasta,089,179085,28156,27255,5672,32927,452
2022-01-26,Sierra,091,2930,264,260,41,301,0
2022-01-26,Siskiyou,093,43540,4065,3971,2382,6353,66
2022-01-26,Solano,095,438530,73280,69150,4842,73992,401
2022-01-26,Sonoma,097,501317,75637,72509,2016,74525,423
2022-01-26,Stanislaus,099,539301,110086,106582,14675,121257,1396
2022-01-26,Sutter,101,95872,19051,18670,1446,20116,202
2022-01-26,Tehama,103,63373,11073,10749,2369,13118,145
2022-01-26,Trinity,105,12862,1085,1008,263,1271,19
2022-01-26,Tulare,107,460477,95475,91904,25017,116921,1234
2022-01-26,Tuolumne,109,53932,11128,10699,422,11121,91
2022-01-26,Ventura,111,848112,163436,159077,9030,168107,1263
2022-01-26,Yolo,113,214977,33308,31913,2869,34782,275
2022-01-26,Yuba,115,75493,14558,14171,1006,15177,103
2022-01-25,Alameda,001,1643700,228797,219753,13689,233442,1589
2022-01-25,Alpine,003,1148,122,122,1,123,0
2022-01-25,Amador,005,37829,7622,7352,503,7855,73
2022-01-25,Butte,007,227075,30042,28887,5834,34721,351
2022-01-25,Calaveras,009,45235,6615,6266,277,6543,95
2022-01-25,Colusa,011,21464,3184,3074,963,4037,21
2022-01-25,Contra Costa,013,1133247,171171,163792,11720,175512,1092
2022-01-25,Del Norte,015,27424,4704,4514,130,4644,43
2022-01-25,El Dorado,017,186661,24828,23339,2922,26261,179
2022-01-25,Fresno,019,978130,205387,198262,18921,217183,2434
2022-01-25,Glenn,021,27897,4566,4418,1405,5823,39
2022-01-25,Humboldt,023,135768,15120,14574,2390,16964,126
2022-01-25,Imperial,025,180216,50589,48913,9100,58013,832
2022-01-25,Inyo,027,18085,3907,3857,325,4182,50
2022-01-25,Kern,029,883053,177625,171695,37459,209154,1947
2022-01-25,Kings,031,150075,45856,43853,3014,46867,396
2022-01-25,Lake,033,64148,9243,8543,663,9206,118
2022-01-25,Lassen,035,31185,8104,7834,807,8641,55
2022-01-25,Los Angeles,037,10098052,2526458,2433516,115218,2548734,28293
2022-01-25,Madera,039,155013,33554,31794,4662,36456,329
2022-01-25,Marin,041,260295,30521,29589,3197,32786,253
2022-01-25,Mariposa,043,17540,2157,2069,120,2189,6
2022-01-25,Mendocino,045,87422,11744,11280,2164,13444,103
2022-01-25,Merced,047,269075,57429,55555,5626,61181,733
2022-01-25,Modoc,049,8938,661,652,233,885,6
2022-01-25,Mono,051,14174,2867,2826,111,2937,4
2022-01-25,Monterey,053,433212,70218,62498,10777,73275,654
2022-01-25,Napa,055,140530,22975,21668,769,22437,111
2022-01-25,Nevada,057,99092,14692,13944,1040,14984,112
2022-01-25,Orange,059,3164182,517734,504274,38499,542773,5980
2022-01-25,Placer,061,380077,57564,55465,6807,62272,518
2022-01-25,Plumas,063,18699,2499,2397,284,2681,12
2022-01-25,Riverside,065,2383286,556015,540723,26253,566976,5686
2022-01-25,Sacramento,067,1510023,252946,244468,23109,267577,2545
2022-01-25,San Benito,069,59416,11819,11446,470,11916,88
2022-01-25,San Bernardino,071,2135413,533252,519150,23015,542165,6288
2022-01-25,San Diego,073,3302833,689999,670110,44189,714299,4604
2022-01-25,San Francisco,075,870044,113776,106254,8201,114455,703
2022-01-25,San Joaquin,077,732212,153566,147271,9018,156289,1972
2022-01-25,San Luis Obispo,079,281455,47280,45130,3415,48545,391
2022-01-25,San Mateo,081,765935,109673,98010,6753,104763,586
2022-01-25,Santa Barbara,083,443738,77861,74686,4079,78765,594
2022-01-25,Santa Clara,085,1922200,279385,268031,11417,279448,2006
2022-01-25,Santa Cruz,087,273765,39990,37850,1939,39789,237
2022-01-25,Shasta,089,179085,27996,27090,5599,32689,452
2022-01-25,Sierra,091,2930,264,260,36,296,0
2022-01-25,Siskiyou,093,43540,4040,3958,2332,6290,65
2022-01-25,Solano,095,438530,72720,68657,4797,73454,399
2022-01-25,Sonoma,097,501317,74943,71633,1980,73613,423
2022-01-25,Stanislaus,099,539301,109455,105965,14502,120467,1396
2022-01-25,Sutter,101,95872,18951,18508,1406,19914,200
2022-01-25,Tehama,103,63373,11015,10669,2342,13011,145
2022-01-25,Trinity,105,12862,1076,999,262,1261,19
2022-01-25,Tulare,107,460477,94678,91237,24678,115915,1229
2022-01-25,Tuolumne,109,53932,10962,10516,398,10914,91
2022-01-25,Ventura,111,848112,162584,157971,8983,166954,1263
2022-01-25,Yolo,113,214977,33060,31677,2825,34502,274
2022-01-25,Yuba,115,75493,14474,14038,971,15009,103
2022-01-24,Alameda,001,1643700,226420,216252,13416,229668,1581
2022-01-24,Alpine,003,1148,122,120,1,121,0
2022-01-24,Amador,005,37829,7573,7166,459,7625,73
2022-01-24,Butte,007,227075,29815,28607,5778,34385,350
2022-01-24,Calaveras,009,45235,6559,6172,256,6428,95
2022-01-24,Colusa,011,21464,3164,3052,946,3998,21
2022-01-24,Contra Costa,013,1133247,169674,162161,11502,173663,1092
2022-01-24,Del Norte,015,27424,4632,4460,128,4588,43
2022-01-24,El Dorado,017,186661,24667,23128,2895,26023,179
2022-01-24,Fresno,019,978130,203088,196092,18646,214738,2430
2022-01-24,Glenn,021,27897,4523,4367,1393,5760,39
2022-01-24,Humboldt,023,135768,15010,14416,2339,16755,126
2022-01-24,Imperial,025,180216,50040,48228,8753,56981,824
2022-01-24,Inyo,027,18085,3903,3805,301,4106,50
2022-01-24,Kern,029,883053,176355,169892,37253,207145,1946
2022-01-24,Kings,031,150075,45286,43260,2952,46212,396
2022-01-24,Lake,033,64148,9127,8423,653,9076,118
2022-01-24,Lassen,035,31185,8011,7732,783,8515,55
2022-01-24,Los Angeles,037,10098052,2510109,2391045,114612,2505657,28230
2022-01-24,Madera,039,155013,33116,31339,4468,35807,329
2022-01-24,Marin,041,260295,30292,29301,3149,32450,253
2022-01-24,Mariposa,043,17540,2132,2033,116,2149,6
2022-01-24,Mendocino,045,87422,11635,11002,2084,13086,103
2022-01-24,Merced,047,269075,56933,54970,5476,60446,730
2022-01-24,Modoc,049,8938,658,648,232,880,6
2022-01-24,Mono,051,14174,2855,2802,109,2911,4
2022-01-24,Monterey,053,433212,69426,61975,10416,72391,654
2022-01-24,Napa,055,140530,22790,21494,755,22249,111
2022-01-24,Nevada,057,99092,14550,13774,1016,14790,112
2022-01-24,Orange,059,3164182,515023,501634,38221,539855,5969
2022-01-24,Placer,061,380077,57052,54933,6752,61685,518
2022-01-24,Plumas,063,18699,2478,2370,268,2638,12
2022-01-24,Riverside,065,2383286,552327,535962,26018,561980,5661
2022-01-24,Sacramento,067,1510023,250633,241522,22521,264043,2526
2022-01-24,San Benito,069,59416,11724,11331,457,11788,88
2022-01-24,San Bernardino,071,2135413,530526,515604,22873,538477,6285
2022-01-24,San Diego,073,3302833,684394,663580,43702,707282,4586
2022-01-24,San Francisco,075,870044,112738,105418,8084,113502,703
2022-01-24,San Joaquin,077,732212,152241,145984,8968,154952,1959
2022-01-24,San Luis Obispo,079,281455,46808,44616,3352,47968,387
2022-01-24,San Mateo,081,765935,108753,96968,6621,103589,586
2022-01-24,Santa Barbara,083,443738,77003,73866,3985,77851,591
2022-01-24,Santa Clara,085,1922200,276427,265341,11212,276553,2006
2022-01-24,Santa Cruz,087,273765,39160,37188,1922,39110,237
2022-01-24,Shasta,089,179085,27808,26871,5501,32372,452
2022-01-24,Sierra,091,2930,264,258,36,294,0
2022-01-24,Siskiyou,093,43540,4027,3934,2288,6222,64
2022-01-24,Solano,095,438530,72040,68094,4725,72819,400
2022-01-24,Sonoma,097,501317,74030,70733,1956,72689,423
2022-01-24,Stanislaus,099,539301,108707,104933,14283,119216,1395
2022-01-24,Sutter,101,95872,18836,18336,1322,19658,200
2022-01-24,Tehama,103,63373,10943,10567,2321,12888,145
2022-01-24,Trinity,105,12862,1067,978,260,1238,19
2022-01-24,Tulare,107,460477,93668,90089,24267,114356,1219
2022-01-24,Tuolumne,109,53932,10856,10374,386,10760,91
2022-01-24,Ventura,111,848112,161558,156551,8939,165490,1261
2022-01-24,Yolo,113,214977,32777,31480,2792,34272,273
2022-01-24,Yuba,115,75493,14366,13862,925,14787,103
2022-01-23,Alameda,001,1643700,223811,214003,13084,227087,1583
2022-01-23,Alpine,003,1148,122,120,1,121,0
2022-01-23,Amador,005,37829,7518,7090,418,7508,73
2022-01-23,Butte,007,227075,29525,28340,5671,34011,350
2022-01-23,Calaveras,009,45235,6488,6095,225,6320,95
2022-01-23,Colusa,011,21464,3134,3040,939,3979,21
2022-01-23,Contra Costa,013,1133247,167848,160798,11136,171934,1092
2022-01-23,Del Norte,015,27424,4557,4419,120,4539,43
2022-01-23,El Dorado,017,186661,24473,22925,2854,25779,179
2022-01-23,Fresno,019,978130,200645,193642,18228,211870,2430
2022-01-23,Glenn,021,27897,4472,4340,1366,5706,39
2022-01-23,Humboldt,023,135768,14888,14296,2254,16550,126
2022-01-23,Imperial,025,180216,49448,47935,8455,56390,824
2022-01-23,Inyo,027,18085,3877,3781,287,4068,50
2022-01-23,Kern,029,883053,175020,168585,36965,205550,1946
2022-01-23,Kings,031,150075,44675,42622,2866,45488,397
2022-01-23,Lake,033,64148,8958,8363,625,8988,118
2022-01-23,Lassen,035,31185,7954,7710,759,8469,55
2022-01-23,Los Angeles,037,10098052,2490529,2390590,113672,2504262,28231
2022-01-23,Madera,039,155013,32749,30962,4213,35175,329
2022-01-23,Marin,041,260295,30045,29025,3097,32122,253
2022-01-23,Mariposa,043,17540,2117,2011,112,2123,6
2022-01-23,Mendocino,045,87422,11508,10889,1957,12846,103
2022-01-23,Merced,047,269075,56382,54644,5205,59849,730
2022-01-23,Modoc,049,8938,656,645,229,874,6
2022-01-23,Mono,051,14174,2849,2788,107,2895,4
2022-01-23,Monterey,053,433212,68632,61522,9961,71483,654
2022-01-23,Napa,055,140530,22524,21281,743,22024,111
2022-01-23,Nevada,057,99092,14376,13629,979,14608,112
2022-01-23,Orange,059,3164182,511792,498968,37894,536862,5970
2022-01-23,Placer,061,380077,56479,54568,6654,61222,518
2022-01-23,Plumas,063,18699,2456,2368,238,2606,12
2022-01-23,Riverside,065,2383286,547909,532273,25703,557976,5661
2022-01-23,Sacramento,067,1510023,248047,239589,21529,261118,2530
2022-01-23,San Benito,069,59416,11601,11225,445,11670,88
2022-01-23,San Bernardino,071,2135413,527276,512657,22618,535275,6281
2022-01-23,San Diego,073,3302833,677864,640215,42999,683214,4566
2022-01-23,San Francisco,075,870044,111586,104485,7945,112430,704
2022-01-23,San Joaquin,077,732212,150623,144621,8886,153507,1959
2022-01-23,San Luis Obispo,079,281455,46127,44183,3270,47453,386
2022-01-23,San Mateo,081,765935,107681,95940,6467,102407,586
2022-01-23,Santa Barbara,083,443738,75884,73041,3862,76903,590
2022-01-23,Santa Clara,085,1922200,273065,261991,10875,272866,2005
2022-01-23,Santa Cruz,087,273765,38618,36547,1890,38437,237
2022-01-23,Shasta,089,179085,27510,26732,5361,32093,452
2022-01-23,Sierra,091,2930,263,252,36,288,0
2022-01-23,Siskiyou,093,43540,4002,3916,2230,6146,64
2022-01-23,Solano,095,438530,71253,67457,4628,72085,400
2022-01-23,Sonoma,097,501317,73098,69791,1917,71708,423
2022-01-23,Stanislaus,099,539301,107861,104067,14052,118119,1395
2022-01-23,Sutter,101,95872,18676,18175,1216,19391,200
2022-01-23,Tehama,103,63373,10839,10481,2289,12770,145
2022-01-23,Trinity,105,12862,1064,961,258,1219,19
2022-01-23,Tulare,107,460477,92520,89120,23831,112951,1219
2022-01-23,Tuolumne,109,53932,10705,10243,364,10607,91
2022-01-23,Ventura,111,848112,160380,155052,8862,163914,1261
2022-01-23,Yolo,113,214977,32416,30908,2749,33657,273
2022-01-23,Yuba,115,75493,14239,13762,865,14627,103
2022-01-22,Alameda,001,1643700,222814,203927,13044,216971,1575
2022-01-22,Alpine,003,1148,121,119,1,120,0
2022-01-22,Amador,005,37829,7486,6845,413,7258,73
2022-01-22,Butte,007,227075,29410,27232,5641,32873,350
2022-01-22,Calaveras,009,45235,6456,5835,219,6054,95
2022-01-22,Colusa,011,21464,3117,2954,937,3891,21
2022-01-22,Contra Costa,013,1133247,166928,154111,11107,165218,1091
2022-01-22,Del Norte,015,27424,4536,4269,119,4388,43
2022-01-22,El Dorado,017,186661,24403,22273,2839,25112,179
2022-01-22,Fresno,019,978130,199836,185292,18186,203478,2429
2022-01-22,Glenn,021,27897,4466,4174,1361,5535,39
2022-01-22,Humboldt,023,135768,14820,13628,2236,15864,125
2022-01-22,Imperial,025,180216,49253,45741,8399,54140,820
2022-01-22,Inyo,027,18085,3873,3706,263,3969,50
2022-01-22,Kern,029,883053,174418,162902,36876,199778,1946
2022-01-22,Kings,031,150075,44487,40580,2860,43440,396
2022-01-22,Lake,033,64148,8925,8056,613,8669,118
2022-01-22,Lassen,035,31185,7915,7545,752,8297,55
2022-01-22,Los Angeles,037,10098052,2483672,2286280,113211,2399491,28038
2022-01-22,Madera,039,155013,32631,29595,4198,33793,329
2022-01-22,Marin,041,260295,29925,27893,3081,30974,253
2022-01-22,Mariposa,043,17540,2113,1920,112,2032,6
2022-01-22,Mendocino,045,87422,11459,10395,1934,12329,103
2022-01-22,Merced,047,269075,56238,53025,5192,58217,727
2022-01-22,Modoc,049,8938,655,639,229,868,6
2022-01-22,Mono,051,14174,2848,2723,106,2829,4
2022-01-22,Monterey,053,433212,68461,59038,9927,68965,651
2022-01-22,Napa,055,140530,22426,20402,731,21133,111
2022-01-22,Nevada,057,99092,14318,12957,965,13922,112
2022-01-22,Orange,059,3164182,510177,480329,37600,517929,5946
2022-01-22,Placer,061,380077,56238,52557,6621,59178,512
2022-01-22,Plumas,063,18699,2439,2289,233,2522,12
2022-01-22,Riverside,065,2383286,546063,513567,25623,539190,5623
2022-01-22,Sacramento,067,1510023,247134,230206,21435,251641,2510
2022-01-22,San Benito,069,59416,11542,10743,438,11181,88
2022-01-22,San Bernardino,071,2135413,525845,495209,22535,517744,6267
2022-01-22,San Diego,073,3302833,675439,628904,42841,671745,4559
2022-01-22,San Francisco,075,870044,110936,100238,7782,108020,702
2022-01-22,San Joaquin,077,732212,150191,138264,8853,147117,1960
2022-01-22,San Luis Obispo,079,281455,46009,42154,3256,45410,385
2022-01-22,San Mateo,081,765935,107109,91440,6387,97827,585
2022-01-22,Santa Barbara,083,443738,75467,69555,3856,73411,589
2022-01-22,Santa Clara,085,1922200,271356,249205,10807,260012,1993
2022-01-22,Santa Cruz,087,273765,38433,33741,1884,35625,237
2022-01-22,Shasta,089,179085,27416,25919,5331,31250,450
2022-01-22,Sierra,091,2930,263,248,35,283,0
2022-01-22,Siskiyou,093,43540,3986,3845,2214,6059,62
2022-01-22,Solano,095,438530,71028,63882,4593,68475,391
2022-01-22,Sonoma,097,501317,72692,66013,1905,67918,422
2022-01-22,Stanislaus,099,539301,107406,100092,14002,114094,1393
2022-01-22,Sutter,101,95872,18611,17616,1205,18821,199
2022-01-22,Tehama,103,63373,10804,10171,2282,12453,142
2022-01-22,Trinity,105,12862,1062,925,258,1183,19
2022-01-22,Tulare,107,460477,92158,85223,23688,108911,1211
2022-01-22,Tuolumne,109,53932,10643,9731,356,10087,91
2022-01-22,Ventura,111,848112,159679,148742,8831,157573,1250
2022-01-22,Yolo,113,214977,32241,30061,2736,32797,273
2022-01-22,Yuba,115,75493,14148,13288,859,14147,103
2022-01-21,Alameda,001,1643700,221295,203927,13004,216931,1575
2022-01-21,Alpine,003,1148,121,119,1,120,0
2022-01-21,Amador,005,37829,7430,6845,410,7255,73
2022-01-21,Butte,007,227075,29276,27232,5594,32826,350
2022-01-21,Calaveras,009,45235,6418,5835,219,6054,95
2022-01-21,Colusa,011,21464,3110,2954,935,3889,21
2022-01-21,Contra Costa,013,1133247,165889,154111,11026,165137,1091
2022-01-21,Del Norte,015,27424,4498,4269,118,4387,43
2022-01-21,El Dorado,017,186661,24325,22273,2824,25097,179
2022-01-21,Fresno,019,978130,198597,185292,18147,203439,2429
2022-01-21,Glenn,021,27897,4448,4174,1355,5529,39
2022-01-21,Humboldt,023,135768,14750,13628,2216,15844,125
2022-01-21,Imperial,025,180216,49060,45741,8308,54049,820
2022-01-21,Inyo,027,18085,3860,3706,257,3963,50
2022-01-21,Kern,029,883053,173714,162902,36731,199633,1946
2022-01-21,Kings,031,150075,44302,40580,2854,43434,396
2022-01-21,Lake,033,64148,8873,8056,604,8660,118
2022-01-21,Lassen,035,31185,7873,7545,748,8293,55
2022-01-21,Los Angeles,037,10098052,2472873,2286280,112813,2399093,28038
2022-01-21,Madera,039,155013,32330,29595,4171,33766,329
2022-01-21,Marin,041,260295,29744,27893,3048,30941,253
2022-01-21,Mariposa,043,17540,2101,1920,111,2031,6
2022-01-21,Mendocino,045,87422,11381,10395,1931,12326,103
2022-01-21,Merced,047,269075,56088,53025,5190,58215,727
2022-01-21,Modoc,049,8938,655,639,228,867,6
2022-01-21,Mono,051,14174,2831,2723,104,2827,4
2022-01-21,Monterey,053,433212,68025,59038,9820,68858,651
2022-01-21,Napa,055,140530,22312,20402,723,21125,111
2022-01-21,Nevada,057,99092,14221,12957,959,13916,112
2022-01-21,Orange,059,3164182,507897,480329,37358,517687,5946
2022-01-21,Placer,061,380077,55851,52557,6555,59112,512
2022-01-21,Plumas,063,18699,2428,2289,228,2517,12
2022-01-21,Riverside,065,2383286,543410,513567,25539,539106,5623
2022-01-21,Sacramento,067,1510023,245757,230206,21352,251558,2510
2022-01-21,San Benito,069,59416,11507,10743,435,11178,88
2022-01-21,San Bernardino,071,2135413,523924,495209,22468,517677,6267
2022-01-21,San Diego,073,3302833,671324,628904,42726,671630,4559
2022-01-21,San Francisco,075,870044,110166,100238,7666,107904,702
2022-01-21,San Joaquin,077,732212,149614,138264,8812,147076,1960
2022-01-21,San Luis Obispo,079,281455,45883,42154,3252,45406,385
2022-01-21,San Mateo,081,765935,106443,91440,6339,97779,585
2022-01-21,Santa Barbara,083,443738,74973,69555,3845,73400,589
2022-01-21,Santa Clara,085,1922200,269508,249205,10687,259892,1993
2022-01-21,Santa Cruz,087,273765,37712,33741,1875,35616,237
2022-01-21,Shasta,089,179085,27328,25919,5273,31192,450
2022-01-21,Sierra,091,2930,261,248,33,281,0
2022-01-21,Siskiyou,093,43540,3981,3845,2198,6043,62
2022-01-21,Solano,095,438530,70620,63882,4508,68390,391
2022-01-21,Sonoma,097,501317,72175,66013,1892,67905,422
2022-01-21,Stanislaus,099,539301,106905,100092,13965,114057,1393
2022-01-21,Sutter,101,95872,18523,17616,1189,18805,199
2022-01-21,Tehama,103,63373,10772,10171,2280,12451,142
2022-01-21,Trinity,105,12862,1055,925,257,1182,19
2022-01-21,Tulare,107,460477,91717,85223,23534,108757,1211
2022-01-21,Tuolumne,109,53932,10565,9731,349,10080,91
2022-01-21,Ventura,111,848112,158860,148742,8804,157546,1250
2022-01-21,Yolo,113,214977,32079,30061,2713,32774,273
2022-01-21,Yuba,115,75493,14078,13288,857,14145,103
2022-01-20,Alameda,001,1643700,218265,203927,12755,216682,1575
2022-01-20,Alpine,003,1148,121,119,1,120,0
2022-01-20,Amador,005,37829,7365,6845,391,7236,73
2022-01-20,Butte,007,227075,29001,27232,5510,32742,350
2022-01-20,Calaveras,009,45235,6301,5835,208,6043,95
2022-01-20,Colusa,011,21464,3074,2954,924,3878,21
2022-01-20,Contra Costa,013,1133247,163931,154111,10757,164868,1091
2022-01-20,Del Norte,015,27424,4455,4269,116,4385,43
2022-01-20,El Dorado,017,186661,24124,22273,2781,25054,179
2022-01-20,Fresno,019,978130,196035,185292,17825,203117,2429
2022-01-20,Glenn,021,27897,4414,4174,1343,5517,39
2022-01-20,Humboldt,023,135768,14618,13628,2162,15790,125
2022-01-20,Imperial,025,180216,48483,45741,8132,53873,820
2022-01-20,Inyo,027,18085,3848,3706,246,3952,50
2022-01-20,Kern,029,883053,172252,162902,36395,199297,1946
2022-01-20,Kings,031,150075,43810,40580,2810,43390,396
2022-01-20,Lake,033,64148,8774,8056,583,8639,118
2022-01-20,Lassen,035,31185,7827,7545,729,8274,55
2022-01-20,Los Angeles,037,10098052,2448832,2286280,111949,2398229,28038
2022-01-20,Madera,039,155013,31928,29595,4041,33636,329
2022-01-20,Marin,041,260295,29427,27893,3008,30901,253
2022-01-20,Mariposa,043,17540,2073,1920,108,2028,6
2022-01-20,Mendocino,045,87422,11282,10395,1856,12251,103
2022-01-20,Merced,047,269075,55652,53025,5071,58096,727
2022-01-20,Modoc,049,8938,653,639,228,867,6
2022-01-20,Mono,051,14174,2820,2723,103,2826,4
2022-01-20,Monterey,053,433212,67307,59038,9404,68442,651
2022-01-20,Napa,055,140530,22053,20402,685,21087,111
2022-01-20,Nevada,057,99092,14063,12957,933,13890,112
2022-01-20,Orange,059,3164182,503736,480329,37023,517352,5946
2022-01-20,Placer,061,380077,55381,52557,6499,59056,512
2022-01-20,Plumas,063,18699,2408,2289,223,2512,12
2022-01-20,Riverside,065,2383286,538816,513567,25293,538860,5623
2022-01-20,Sacramento,067,1510023,243499,230206,20684,250890,2510
2022-01-20,San Benito,069,59416,11395,10743,422,11165,88
2022-01-20,San Bernardino,071,2135413,519971,495209,22192,517401,6267
2022-01-20,San Diego,073,3302833,664384,628904,42123,671027,4559
2022-01-20,San Francisco,075,870044,108972,100238,7511,107749,702
2022-01-20,San Joaquin,077,732212,147966,138264,8719,146983,1960
2022-01-20,San Luis Obispo,079,281455,45379,42154,3215,45369,385
2022-01-20,San Mateo,081,765935,105257,91440,6120,97560,585
2022-01-20,Santa Barbara,083,443738,74067,69555,3738,73293,589
2022-01-20,Santa Clara,085,1922200,266140,249205,10346,259551,1993
2022-01-20,Santa Cruz,087,273765,36828,33741,1859,35600,237
2022-01-20,Shasta,089,179085,27138,25919,5192,31111,450
2022-01-20,Sierra,091,2930,261,248,31,279,0
2022-01-20,Siskiyou,093,43540,3968,3845,2159,6004,62
2022-01-20,Solano,095,438530,69653,63882,4426,68308,391
2022-01-20,Sonoma,097,501317,71160,66013,1851,67864,422
2022-01-20,Stanislaus,099,539301,105971,100092,13765,113857,1393
2022-01-20,Sutter,101,95872,18360,17616,1167,18783,199
2022-01-20,Tehama,103,63373,10695,10171,2260,12431,142
2022-01-20,Trinity,105,12862,1043,925,255,1180,19
2022-01-20,Tulare,107,460477,90738,85223,23228,108451,1211
2022-01-20,Tuolumne,109,53932,10446,9731,337,10068,91
2022-01-20,Ventura,111,848112,157475,148742,8731,157473,1250
2022-01-20,Yolo,113,214977,31796,30061,2665,32726,273
2022-01-20,Yuba,115,75493,13970,13288,822,14110,103
2022-01-19,Alameda,001,1643700,214971,199739,12423,212162,1571
2022-01-19,Alpine,003,1148,120,119,1,120,0
2022-01-19,Amador,005,37829,7286,6789,348,7137,73
2022-01-19,Butte,007,227075,28682,26839,5446,32285,351
2022-01-19,Calaveras,009,45235,6203,5765,197,5962,95
2022-01-19,Colusa,011,21464,3045,2938,910,3848,21
2022-01-19,Contra Costa,013,1133247,161640,151543,10501,162044,1091
2022-01-19,Del Norte,015,27424,4410,4240,113,4353,43
2022-01-19,El Dorado,017,186661,23868,21953,2745,24698,177
2022-01-19,Fresno,019,978130,193206,181526,17565,199091,2430
2022-01-19,Glenn,021,27897,4363,4127,1334,5461,39
2022-01-19,Humboldt,023,135768,14446,13391,2106,15497,125
2022-01-19,Imperial,025,180216,47725,45156,7917,53073,820
2022-01-19,Inyo,027,18085,3825,3680,206,3886,49
2022-01-19,Kern,029,883053,170514,160747,35976,196723,1946
2022-01-19,Kings,031,150075,43158,40027,2747,42774,395
2022-01-19,Lake,033,64148,8649,7972,573,8545,118
2022-01-19,Lassen,035,31185,7763,7507,705,8212,55
2022-01-19,Los Angeles,037,10098052,2420743,2251718,110898,2362616,27934
2022-01-19,Madera,039,155013,31534,29021,3864,32885,329
2022-01-19,Marin,041,260295,29108,27375,2932,30307,251
2022-01-19,Mariposa,043,17540,2047,1896,102,1998,6
2022-01-19,Mendocino,045,87422,11104,10252,1760,12012,103
2022-01-19,Merced,047,269075,55088,52355,4796,57151,724
2022-01-19,Modoc,049,8938,651,635,227,862,6
2022-01-19,Mono,051,14174,2802,2677,99,2776,4
2022-01-19,Monterey,053,433212,66436,58426,8938,67364,651
2022-01-19,Napa,055,140530,21798,20090,656,20746,110
2022-01-19,Nevada,057,99092,13913,12703,901,13604,112
2022-01-19,Orange,059,3164182,498943,468460,36618,505078,5943
2022-01-19,Placer,061,380077,54838,51545,6425,57970,511
2022-01-19,Plumas,063,18699,2378,2239,215,2454,12
2022-01-19,Riverside,065,2383286,533227,503575,25048,528623,5604
2022-01-19,Sacramento,067,1510023,240626,226035,19901,245936,2512
2022-01-19,San Benito,069,59416,11255,10639,409,11048,88
2022-01-19,San Bernardino,071,2135413,515523,487846,21829,509675,6265
2022-01-19,San Diego,073,3302833,655792,614709,41499,656208,4553
2022-01-19,San Francisco,075,870044,107569,98652,7423,106075,694
2022-01-19,San Joaquin,077,732212,146059,135953,8623,144576,1959
2022-01-19,San Luis Obispo,079,281455,44780,41374,3127,44501,382
2022-01-19,San Mateo,081,765935,103905,89715,5850,95565,585
2022-01-19,Santa Barbara,083,443738,73049,68531,3634,72165,586
2022-01-19,Santa Clara,085,1922200,262364,244922,9963,254885,1991
2022-01-19,Santa Cruz,087,273765,35563,33026,1837,34863,237
2022-01-19,Shasta,089,179085,26870,25355,5111,30466,450
2022-01-19,Sierra,091,2930,261,245,28,273,0
2022-01-19,Siskiyou,093,43540,3946,3821,2100,5921,62
2022-01-19,Solano,095,438530,68819,63003,4311,67314,392
2022-01-19,Sonoma,097,501317,70058,64689,1815,66504,420
2022-01-19,Stanislaus,099,539301,104928,98952,13531,112483,1381
2022-01-19,Sutter,101,95872,18194,17436,1098,18534,199
2022-01-19,Tehama,103,63373,10578,10064,2213,12277,142
2022-01-19,Trinity,105,12862,1029,916,254,1170,19
2022-01-19,Tulare,107,460477,89557,83743,22758,106501,1200
2022-01-19,Tuolumne,109,53932,10301,9613,307,9920,91
2022-01-19,Ventura,111,848112,155954,144738,8656,153394,1234
2022-01-19,Yolo,113,214977,31443,29392,2621,32013,273
2022-01-19,Yuba,115,75493,13809,13114,808,13922,104
2022-01-18,Alameda,001,1643700,211665,195728,12108,207836,1566
2022-01-18,Alpine,003,1148,120,118,1,119,0
2022-01-18,Amador,005,37829,7149,6691,308,6999,73
2022-01-18,Butte,007,227075,28289,26514,5359,31873,347
2022-01-18,Calaveras,009,45235,6121,5684,180,5864,94
2022-01-18,Colusa,011,21464,3004,2903,906,3809,21
2022-01-18,Contra Costa,013,1133247,159652,149446,10116,159562,1085
2022-01-18,Del Norte,015,27424,4345,4229,109,4338,43
2022-01-18,El Dorado,017,186661,23482,21707,2700,24407,175
2022-01-18,Fresno,019,978130,189905,178922,17191,196113,2425
2022-01-18,Glenn,021,27897,4330,4070,1321,5391,39
2022-01-18,Humboldt,023,135768,14273,13218,2033,15251,125
2022-01-18,Imperial,025,180216,47036,44742,7715,52457,819
2022-01-18,Inyo,027,18085,3784,3654,195,3849,49
2022-01-18,Kern,029,883053,168537,158864,35489,194353,1943
2022-01-18,Kings,031,150075,42350,39440,2674,42114,392
2022-01-18,Lake,033,64148,8538,7919,556,8475,117
2022-01-18,Lassen,035,31185,7674,7461,662,8123,55
2022-01-18,Los Angeles,037,10098052,2387482,2227360,109559,2336919,27871
2022-01-18,Madera,039,155013,31007,28717,3674,32391,329
2022-01-18,Marin,041,260295,28826,27036,2853,29889,251
2022-01-18,Mariposa,043,17540,2022,1872,98,1970,6
2022-01-18,Mendocino,045,87422,10937,10114,1677,11791,103
2022-01-18,Merced,047,269075,54490,51746,4513,56259,718
2022-01-18,Modoc,049,8938,649,633,222,855,6
2022-01-18,Mono,051,14174,2778,2643,98,2741,4
2022-01-18,Monterey,053,433212,65692,57846,8453,66299,650
2022-01-18,Napa,055,140530,21454,19911,634,20545,109
2022-01-18,Nevada,057,99092,13714,12584,856,13440,111
2022-01-18,Orange,059,3164182,493391,461324,36095,497419,5938
2022-01-18,Placer,061,380077,54175,50983,6337,57320,508
2022-01-18,Plumas,063,18699,2347,2218,207,2425,12
2022-01-18,Riverside,065,2383286,527188,497278,24725,522003,5599
2022-01-18,Sacramento,067,1510023,237639,223745,18833,242578,2496
2022-01-18,San Benito,069,59416,11113,10520,393,10913,88
2022-01-18,San Bernardino,071,2135413,510358,483753,21399,505152,6258
2022-01-18,San Diego,073,3302833,645772,605137,40626,645763,4547
2022-01-18,San Francisco,075,870044,106033,96505,7280,103785,694
2022-01-18,San Joaquin,077,732212,144110,134365,8488,142853,1957
2022-01-18,San Luis Obispo,079,281455,44098,40848,3035,43883,381
2022-01-18,San Mateo,081,765935,102429,88225,5644,93869,585
2022-01-18,Santa Barbara,083,443738,71805,67216,3460,70676,581
2022-01-18,Santa Clara,085,1922200,258171,240281,9548,249829,1986
2022-01-18,Santa Cruz,087,273765,34939,32203,1810,34013,237
2022-01-18,Shasta,089,179085,26588,25162,4999,30161,448
2022-01-18,Sierra,091,2930,257,244,28,272,0
2022-01-18,Siskiyou,093,43540,3913,3799,2052,5851,62
2022-01-18,Solano,095,438530,67976,62204,4206,66410,391
2022-01-18,Sonoma,097,501317,68692,63714,1764,65478,419
2022-01-18,Stanislaus,099,539301,103719,98000,13234,111234,1379
2022-01-18,Sutter,101,95872,18012,17295,1042,18337,198
2022-01-18,Tehama,103,63373,10468,9975,2158,12133,142
2022-01-18,Trinity,105,12862,1017,907,252,1159,19
2022-01-18,Tulare,107,460477,88168,82667,22282,104949,1196
2022-01-18,Tuolumne,109,53932,10153,9528,295,9823,91
2022-01-18,Ventura,111,848112,154233,143384,8575,151959,1233
2022-01-18,Yolo,113,214977,31065,28786,2572,31358,270
2022-01-18,Yuba,115,75493,13647,12971,780,13751,101
2022-01-17,Alameda,001,1643700,207021,193276,11526,204802,1565
2022-01-17,Alpine,003,1148,119,118,0,118,0
2022-01-17,Amador,005,37829,7041,6640,250,6890,73
2022-01-17,Butte,007,227075,27903,26303,5253,31556,348
2022-01-17,Calaveras,009,45235,5980,5584,148,5732,94
2022-01-17,Colusa,011,21464,2979,2905,900,3805,21
2022-01-17,Contra Costa,013,1133247,156913,147993,9613,157606,1086
2022-01-17,Del Norte,015,27424,4297,4209,101,4310,43
2022-01-17,El Dorado,017,186661,23234,21540,2613,24153,175
2022-01-17,Fresno,019,978130,186421,176959,16746,193705,2426
2022-01-17,Glenn,021,27897,4273,4055,1304,5359,39
2022-01-17,Humboldt,023,135768,14061,13120,1863,14983,125
2022-01-17,Imperial,025,180216,46371,44412,7560,51972,821
2022-01-17,Inyo,027,18085,3762,3650,169,3819,49
2022-01-17,Kern,029,883053,166061,157645,34906,192551,1944
2022-01-17,Kings,031,150075,41203,39143,2558,41701,392
2022-01-17,Lake,033,64148,8389,7864,528,8392,117
2022-01-17,Lassen,035,31185,7572,7417,621,8038,55
2022-01-17,Los Angeles,037,10098052,2348617,2205740,107498,2313238,27832
2022-01-17,Madera,039,155013,30355,28568,3483,32051,329
2022-01-17,Marin,041,260295,28409,26633,2746,29379,251
2022-01-17,Mariposa,043,17540,1996,1862,90,1952,6
2022-01-17,Mendocino,045,87422,10715,10030,1548,11578,103
2022-01-17,Merced,047,269075,53812,51227,4103,55330,718
2022-01-17,Modoc,049,8938,645,630,222,852,6
2022-01-17,Mono,051,14174,2752,2642,97,2739,4
2022-01-17,Monterey,053,433212,64612,57318,7936,65254,647
2022-01-17,Napa,055,140530,21102,19647,613,20260,109
2022-01-17,Nevada,057,99092,13519,12414,815,13229,111
2022-01-17,Orange,059,3164182,487221,457418,35610,493028,5933
2022-01-17,Placer,061,380077,53396,50511,6173,56684,508
2022-01-17,Plumas,063,18699,2318,2205,172,2377,12
2022-01-17,Riverside,065,2383286,520345,491322,24238,515560,5600
2022-01-17,Sacramento,067,1510023,233632,221143,17392,238535,2497
2022-01-17,San Benito,069,59416,10945,10432,365,10797,88
2022-01-17,San Bernardino,071,2135413,504242,480243,20838,501081,6259
2022-01-17,San Diego,073,3302833,633949,569241,39514,608755,4545
2022-01-17,San Francisco,075,870044,104162,95292,7017,102309,694
2022-01-17,San Joaquin,077,732212,141250,133414,8329,141743,1958
2022-01-17,San Luis Obispo,079,281455,43275,40425,2924,43349,379
2022-01-17,San Mateo,081,765935,100507,87013,5367,92380,585
2022-01-17,Santa Barbara,083,443738,70462,66704,3265,69969,581
2022-01-17,Santa Clara,085,1922200,253607,237934,9073,247007,1985
2022-01-17,Santa Cruz,087,273765,34103,31714,1785,33499,237
2022-01-17,Shasta,089,179085,26291,25025,4859,29884,448
2022-01-17,Sierra,091,2930,254,242,28,270,0
2022-01-17,Siskiyou,093,43540,3875,3764,1966,5730,62
2022-01-17,Solano,095,438530,66933,61497,3949,65446,391
2022-01-17,Sonoma,097,501317,67167,62763,1706,64469,419
2022-01-17,Stanislaus,099,539301,102397,96951,12823,109774,1379
2022-01-17,Sutter,101,95872,17809,17159,917,18076,198
2022-01-17,Tehama,103,63373,10330,9912,2090,12002,142
2022-01-17,Trinity,105,12862,1006,906,246,1152,19
2022-01-17,Tulare,107,460477,86532,81741,21688,103429,1199
2022-01-17,Tuolumne,109,53932,10030,9416,262,9678,91
2022-01-17,Ventura,111,848112,152112,142070,8458,150528,1234
2022-01-17,Yolo,113,214977,30547,28638,2503,31141,270
2022-01-17,Yuba,115,75493,13447,12871,720,13591,101
2022-01-16,Alameda,001,1643700,204050,190691,11248,201939,1564
2022-01-16,Alpine,003,1148,119,118,0,118,0
2022-01-16,Amador,005,37829,6967,6618,241,6859,73
2022-01-16,Butte,007,227075,27570,26139,5211,31350,348
2022-01-16,Calaveras,009,45235,5872,5537,142,5679,94
2022-01-16,Colusa,011,21464,2961,2886,890,3776,21
2022-01-16,Contra Costa,013,1133247,155006,146307,9400,155707,1086
2022-01-16,Del Norte,015,27424,4254,4177,92,4269,43
2022-01-16,El Dorado,017,186661,22971,21303,2572,23875,175
2022-01-16,Fresno,019,978130,183794,174818,16417,191235,2425
2022-01-16,Glenn,021,27897,4218,4049,1282,5331,39
2022-01-16,Humboldt,023,135768,13911,13075,1842,14917,125
2022-01-16,Imperial,025,180216,45782,44035,7421,51456,821
2022-01-16,Inyo,027,18085,3726,3602,147,3749,49
2022-01-16,Kern,029,883053,164839,156655,34379,191034,1944
2022-01-16,Kings,031,150075,40863,38861,2538,41399,392
2022-01-16,Lake,033,64148,8282,7823,499,8322,117
2022-01-16,Lassen,035,31185,7531,7391,610,8001,55
2022-01-16,Los Angeles,037,10098052,2325929,2174403,105979,2280382,27805
2022-01-16,Madera,039,155013,29983,28313,3424,31737,329
2022-01-16,Marin,041,260295,28107,26292,2689,28981,251
2022-01-16,Mariposa,043,17540,1968,1851,85,1936,6
2022-01-16,Mendocino,045,87422,10570,9992,1430,11422,102
2022-01-16,Merced,047,269075,53216,50882,4079,54961,718
2022-01-16,Modoc,049,8938,642,629,222,851,6
2022-01-16,Mono,051,14174,2750,2614,94,2708,4
2022-01-16,Monterey,053,433212,63872,57012,7788,64800,647
2022-01-16,Napa,055,140530,20832,19521,600,20121,109
2022-01-16,Nevada,057,99092,13284,12307,791,13098,111
2022-01-16,Orange,059,3164182,481825,451962,35041,487003,5932
2022-01-16,Placer,061,380077,52617,50076,6051,56127,508
2022-01-16,Plumas,063,18699,2281,2204,155,2359,12
2022-01-16,Riverside,065,2383286,514836,485191,23996,509187,5600
2022-01-16,Sacramento,067,1510023,230735,218819,16655,235474,2491
2022-01-16,San Benito,069,59416,10788,10377,363,10740,88
2022-01-16,San Bernardino,071,2135413,500575,474425,20549,494974,6259
2022-01-16,San Diego,073,3302833,626783,569241,39141,608382,4545
2022-01-16,San Francisco,075,870044,102443,94139,6847,100986,694
2022-01-16,San Joaquin,077,732212,139475,132214,8221,140435,1958
2022-01-16,San Luis Obispo,079,281455,42624,40113,2880,42993,379
2022-01-16,San Mateo,081,765935,99034,85966,5254,91220,585
2022-01-16,Santa Barbara,083,443738,69481,66111,3223,69334,582
2022-01-16,Santa Clara,085,1922200,249876,234293,8908,243201,1984
2022-01-16,Santa Cruz,087,273765,33456,31469,1772,33241,237
2022-01-16,Shasta,089,179085,26048,24980,4779,29759,449
2022-01-16,Sierra,091,2930,251,238,28,266,0
2022-01-16,Siskiyou,093,43540,3848,3748,1925,5673,62
2022-01-16,Solano,095,438530,66227,60885,3816,64701,391
2022-01-16,Sonoma,097,501317,66103,61842,1685,63527,419
2022-01-16,Stanislaus,099,539301,101330,96370,12729,109099,1379
2022-01-16,Sutter,101,95872,17608,16996,904,17900,198
2022-01-16,Tehama,103,63373,10252,9868,2070,11938,142
2022-01-16,Trinity,105,12862,1003,889,244,1133,19
2022-01-16,Tulare,107,460477,85256,80867,21408,102275,1199
2022-01-16,Tuolumne,109,53932,9930,9369,251,9620,91
2022-01-16,Ventura,111,848112,150516,140715,8374,149089,1234
2022-01-16,Yolo,113,214977,30172,28481,2446,30927,270
2022-01-16,Yuba,115,75493,13274,12760,714,13474,101
2022-01-15,Alameda,001,1643700,202785,177768,11189,188957,1561
2022-01-15,Alpine,003,1148,119,117,0,117,0
2022-01-15,Amador,005,37829,6936,6434,227,6661,72
2022-01-15,Butte,007,227075,27421,25032,5166,30198,348
2022-01-15,Calaveras,009,45235,5847,5258,142,5400,93
2022-01-15,Colusa,011,21464,2955,2796,885,3681,21
2022-01-15,Contra Costa,013,1133247,153813,137643,9348,146991,1082
2022-01-15,Del Norte,015,27424,4242,4065,89,4154,43
2022-01-15,El Dorado,017,186661,22877,20434,2551,22985,175
2022-01-15,Fresno,019,978130,182890,167361,16357,183718,2415
2022-01-15,Glenn,021,27897,4212,3906,1275,5181,39
2022-01-15,Humboldt,023,135768,13809,12419,1822,14241,123
2022-01-15,Imperial,025,180216,45643,42508,7311,49819,817
2022-01-15,Inyo,027,18085,3716,3395,147,3542,49
2022-01-15,Kern,029,883053,164025,150085,34166,184251,1938
2022-01-15,Kings,031,150075,40643,37221,2528,39749,391
2022-01-15,Lake,033,64148,8244,7641,490,8131,117
2022-01-15,Lassen,035,31185,7505,7274,607,7881,55
2022-01-15,Los Angeles,037,10098052,2314434,2047927,105007,2152934,27641
2022-01-15,Madera,039,155013,29837,27294,3401,30695,329
2022-01-15,Marin,041,260295,27913,25248,2667,27915,251
2022-01-15,Mariposa,043,17540,1961,1762,85,1847,6
2022-01-15,Mendocino,045,87422,10499,9534,1426,10960,102
2022-01-15,Merced,047,269075,53057,48904,4066,52970,715
2022-01-15,Modoc,049,8938,640,628,220,848,6
2022-01-15,Mono,051,14174,2746,2508,94,2602,4
2022-01-15,Monterey,053,433212,63422,55315,7741,63056,647
2022-01-15,Napa,055,140530,20727,17648,596,18244,109
2022-01-15,Nevada,057,99092,13227,11773,774,12547,111
2022-01-15,Orange,059,3164182,479341,433141,34758,467899,5914
2022-01-15,Placer,061,380077,52358,47780,6027,53807,501
2022-01-15,Plumas,063,18699,2263,2158,149,2307,12
2022-01-15,Riverside,065,2383286,512250,466381,23860,490241,5578
2022-01-15,Sacramento,067,1510023,229746,208156,16560,224716,2491
2022-01-15,San Benito,069,59416,10688,9868,357,10225,87
2022-01-15,San Bernardino,071,2135413,498401,454395,20394,474789,6233
2022-01-15,San Diego,073,3302833,623183,559385,38926,598311,4540
2022-01-15,San Francisco,075,870044,101478,88004,6697,94701,692
2022-01-15,San Joaquin,077,732212,138923,125136,8115,133251,1954
2022-01-15,San Luis Obispo,079,281455,42436,38231,2866,41097,374
2022-01-15,San Mateo,081,765935,98083,80494,5206,85700,582
2022-01-15,Santa Barbara,083,443738,68906,62312,3213,65525,579
2022-01-15,Santa Clara,085,1922200,247662,218986,8784,227770,1974
2022-01-15,Santa Cruz,087,273765,33130,29414,1767,31181,235
2022-01-15,Shasta,089,179085,25963,24482,4733,29215,445
2022-01-15,Sierra,091,2930,250,232,27,259,0
2022-01-15,Siskiyou,093,43540,3839,3661,1912,5573,62
2022-01-15,Solano,095,438530,65958,58061,3766,61827,389
2022-01-15,Sonoma,097,501317,65535,58181,1675,59856,418
2022-01-15,Stanislaus,099,539301,100758,92986,12657,105643,1379
2022-01-15,Sutter,101,95872,17521,16345,895,17240,197
2022-01-15,Tehama,103,63373,10209,9572,2055,11627,141
2022-01-15,Trinity,105,12862,1001,872,244,1116,19
2022-01-15,Tulare,107,460477,84882,77769,21299,99068,1192
2022-01-15,Tuolumne,109,53932,9843,9042,246,9288,91
2022-01-15,Ventura,111,848112,149736,134736,8330,143066,1227
2022-01-15,Yolo,113,214977,29999,27311,2425,29736,270
2022-01-15,Yuba,115,75493,13210,12200,709,12909,101
2022-01-14,Alameda,001,1643700,200787,177768,11124,188892,1561
2022-01-14,Alpine,003,1148,119,117,0,117,0
2022-01-14,Amador,005,37829,6860,6434,218,6652,72
2022-01-14,Butte,007,227075,27236,25032,5139,30171,348
2022-01-14,Calaveras,009,45235,5812,5258,141,5399,93
2022-01-14,Colusa,011,21464,2946,2796,876,3672,21
2022-01-14,Contra Costa,013,1133247,152369,137643,9227,146870,1082
2022-01-14,Del Norte,015,27424,4224,4065,88,4153,43
2022-01-14,El Dorado,017,186661,22718,20434,2531,22965,175
2022-01-14,Fresno,019,978130,181313,167361,16307,183668,2415
2022-01-14,Glenn,021,27897,4190,3906,1266,5172,39
2022-01-14,Humboldt,023,135768,13704,12419,1787,14206,123
2022-01-14,Imperial,025,180216,45501,42508,7296,49804,817
2022-01-14,Inyo,027,18085,3691,3395,144,3539,49
2022-01-14,Kern,029,883053,163043,150085,33907,183992,1938
2022-01-14,Kings,031,150075,40415,37221,2522,39743,391
2022-01-14,Lake,033,64148,8190,7641,478,8119,117
2022-01-14,Lassen,035,31185,7490,7274,599,7873,55
2022-01-14,Los Angeles,037,10098052,2294936,2047927,104014,2151941,27641
2022-01-14,Madera,039,155013,29600,27294,3379,30673,329
2022-01-14,Marin,041,260295,27658,25248,2616,27864,251
2022-01-14,Mariposa,043,17540,1946,1762,85,1847,6
2022-01-14,Mendocino,045,87422,10389,9534,1408,10942,102
2022-01-14,Merced,047,269075,52872,48904,4046,52950,715
2022-01-14,Modoc,049,8938,639,628,219,847,6
2022-01-14,Mono,051,14174,2726,2508,91,2599,4
2022-01-14,Monterey,053,433212,62791,55315,7662,62977,647
2022-01-14,Napa,055,140530,20557,17648,590,18238,109
2022-01-14,Nevada,057,99092,13114,11773,763,12536,111
2022-01-14,Orange,059,3164182,475645,433141,34475,467616,5914
2022-01-14,Placer,061,380077,51937,47780,5947,53727,501
2022-01-14,Plumas,063,18699,2254,2158,138,2296,12
2022-01-14,Riverside,065,2383286,508808,466381,23720,490101,5578
2022-01-14,Sacramento,067,1510023,227900,208156,16433,224589,2491
2022-01-14,San Benito,069,59416,10636,9868,356,10224,87
2022-01-14,San Bernardino,071,2135413,495378,454395,20195,474590,6233
2022-01-14,San Diego,073,3302833,617659,559385,38711,598096,4540
2022-01-14,San Francisco,075,870044,100333,88004,6507,94511,692
2022-01-14,San Joaquin,077,732212,138075,125136,8058,133194,1954
2022-01-14,San Luis Obispo,079,281455,42272,38231,2836,41067,374
2022-01-14,San Mateo,081,765935,96898,80494,5170,85664,582
2022-01-14,Santa Barbara,083,443738,68405,62312,3203,65515,579
2022-01-14,Santa Clara,085,1922200,245057,218986,8678,227664,1974
2022-01-14,Santa Cruz,087,273765,32803,29414,1762,31176,235
2022-01-14,Shasta,089,179085,25847,24482,4689,29171,445
2022-01-14,Sierra,091,2930,248,232,25,257,0
2022-01-14,Siskiyou,093,43540,3826,3661,1900,5561,62
2022-01-14,Solano,095,438530,65094,58061,3673,61734,389
2022-01-14,Sonoma,097,501317,65007,58181,1643,59824,418
2022-01-14,Stanislaus,099,539301,100164,92986,12551,105537,1379
2022-01-14,Sutter,101,95872,17400,16345,886,17231,197
2022-01-14,Tehama,103,63373,10160,9572,2044,11616,141
2022-01-14,Trinity,105,12862,996,872,243,1115,19
2022-01-14,Tulare,107,460477,84411,77769,21133,98902,1192
2022-01-14,Tuolumne,109,53932,9735,9042,240,9282,91
2022-01-14,Ventura,111,848112,148637,134736,8268,143004,1227
2022-01-14,Yolo,113,214977,29767,27311,2395,29706,270
2022-01-14,Yuba,115,75493,13105,12200,704,12904,101
2022-01-13,Alameda,001,1643700,196518,177768,10734,188502,1561
2022-01-13,Alpine,003,1148,118,117,0,117,0
2022-01-13,Amador,005,37829,6800,6434,196,6630,72
2022-01-13,Butte,007,227075,26937,25032,5039,30071,348
2022-01-13,Calaveras,009,45235,5714,5258,137,5395,93
2022-01-13,Colusa,011,21464,2915,2796,867,3663,21
2022-01-13,Contra Costa,013,1133247,149859,137643,8755,146398,1082
2022-01-13,Del Norte,015,27424,4197,4065,87,4152,43
2022-01-13,El Dorado,017,186661,22468,20434,2480,22914,175
2022-01-13,Fresno,019,978130,178575,167361,15966,183327,2415
2022-01-13,Glenn,021,27897,4143,3906,1243,5149,39
2022-01-13,Humboldt,023,135768,13546,12419,1719,14138,123
2022-01-13,Imperial,025,180216,44962,42508,7114,49622,817
2022-01-13,Inyo,027,18085,3635,3395,126,3521,49
2022-01-13,Kern,029,883053,161492,150085,33419,183504,1938
2022-01-13,Kings,031,150075,39938,37221,2479,39700,391
2022-01-13,Lake,033,64148,8096,7641,464,8105,117
2022-01-13,Lassen,035,31185,7471,7274,583,7857,55
2022-01-13,Los Angeles,037,10098052,2258020,2047927,102277,2150204,27641
2022-01-13,Madera,039,155013,29130,27294,3284,30578,329
2022-01-13,Marin,041,260295,27309,25248,2560,27808,251
2022-01-13,Mariposa,043,17540,1923,1762,82,1844,6
2022-01-13,Mendocino,045,87422,10305,9534,1339,10873,102
2022-01-13,Merced,047,269075,52224,48904,3873,52777,715
2022-01-13,Modoc,049,8938,636,628,219,847,6
2022-01-13,Mono,051,14174,2699,2508,86,2594,4
2022-01-13,Monterey,053,433212,61923,55315,7357,62672,647
2022-01-13,Napa,055,140530,20253,17648,580,18228,109
2022-01-13,Nevada,057,99092,12908,11773,726,12499,111
2022-01-13,Orange,059,3164182,469119,433141,34022,467163,5914
2022-01-13,Placer,061,380077,51277,47780,5834,53614,501
2022-01-13,Plumas,063,18699,2235,2158,125,2283,12
2022-01-13,Riverside,065,2383286,502603,466381,23411,489792,5578
2022-01-13,Sacramento,067,1510023,224908,208156,15605,223761,2491
2022-01-13,San Benito,069,59416,10534,9868,348,10216,87
2022-01-13,San Bernardino,071,2135413,489834,454395,19684,474079,6233
2022-01-13,San Diego,073,3302833,609307,559385,37931,597316,4540
2022-01-13,San Francisco,075,870044,98569,88004,6289,94293,692
2022-01-13,San Joaquin,077,732212,135997,125136,7923,133059,1954
2022-01-13,San Luis Obispo,079,281455,41670,38231,2739,40970,374
2022-01-13,San Mateo,081,765935,95167,80494,4923,85417,582
2022-01-13,Santa Barbara,083,443738,67423,62312,3135,65447,579
2022-01-13,Santa Clara,085,1922200,240761,218986,8328,227314,1974
2022-01-13,Santa Cruz,087,273765,32077,29414,1747,31161,235
2022-01-13,Shasta,089,179085,25636,24482,4601,29083,445
2022-01-13,Sierra,091,2930,247,232,25,257,0
2022-01-13,Siskiyou,093,43540,3806,3661,1851,5512,62
2022-01-13,Solano,095,438530,63964,58061,3560,61621,389
2022-01-13,Sonoma,097,501317,63941,58181,1587,59768,418
2022-01-13,Stanislaus,099,539301,99000,92986,12297,105283,1379
2022-01-13,Sutter,101,95872,17200,16345,832,17177,197
2022-01-13,Tehama,103,63373,10059,9572,1998,11570,141
2022-01-13,Trinity,105,12862,987,872,242,1114,19
2022-01-13,Tulare,107,460477,83236,77769,20814,98583,1192
2022-01-13,Tuolumne,109,53932,9601,9042,220,9262,91
2022-01-13,Ventura,111,848112,146850,134736,8180,142916,1227
2022-01-13,Yolo,113,214977,29370,27311,2348,29659,270
2022-01-13,Yuba,115,75493,12967,12200,675,12875,101
2022-01-12,Alameda,001,1643700,191983,173001,10256,183257,1563
2022-01-12,Alpine,003,1148,118,117,0,117,0
2022-01-12,Amador,005,37829,6753,6354,182,6536,71
2022-01-12,Butte,007,227075,26606,24631,4961,29592,348
2022-01-12,Calaveras,009,45235,5624,5151,130,5281,93
2022-01-12,Colusa,011,21464,2876,2772,853,3625,21
2022-01-12,Contra Costa,013,1133247,147331,134579,8371,142950,1077
2022-01-12,Del Norte,015,27424,4170,4019,85,4104,43
2022-01-12,El Dorado,017,186661,22127,20092,2435,22527,175
2022-01-12,Fresno,019,978130,175878,165316,15617,180933,2413
2022-01-12,Glenn,021,27897,4093,3859,1219,5078,39
2022-01-12,Humboldt,023,135768,13372,12081,1633,13714,122
2022-01-12,Imperial,025,180216,44335,41985,6783,48768,814
2022-01-12,Inyo,027,18085,3589,3334,110,3444,49
2022-01-12,Kern,029,883053,159395,148435,32882,181317,1933
2022-01-12,Kings,031,150075,39338,36780,2441,39221,391
2022-01-12,Lake,033,64148,7982,7535,417,7952,117
2022-01-12,Lassen,035,31185,7431,7223,555,7778,55
2022-01-12,Los Angeles,037,10098052,2218661,2005065,100083,2105148,27601
2022-01-12,Madera,039,155013,28802,26952,3176,30128,329
2022-01-12,Marin,041,260295,26819,24704,2477,27181,251
2022-01-12,Mariposa,043,17540,1893,1725,80,1805,6
2022-01-12,Mendocino,045,87422,10141,9379,1239,10618,103
2022-01-12,Merced,047,269075,51531,48441,3658,52099,710
2022-01-12,Modoc,049,8938,634,627,219,846,6
2022-01-12,Mono,051,14174,2664,2466,82,2548,4
2022-01-12,Monterey,053,433212,61005,54524,6996,61520,647
2022-01-12,Napa,055,140530,19998,17347,553,17900,109
2022-01-12,Nevada,057,99092,12682,11552,675,12227,111
2022-01-12,Orange,059,3164182,462257,425737,33389,459126,5912
2022-01-12,Placer,061,380077,50633,47004,5712,52716,501
2022-01-12,Plumas,063,18699,2212,2135,112,2247,12
2022-01-12,Riverside,065,2383286,495505,458881,23078,481959,5565
2022-01-12,Sacramento,067,1510023,221366,204696,14698,219394,2479
2022-01-12,San Benito,069,59416,10402,9737,334,10071,87
2022-01-12,San Bernardino,071,2135413,483726,447869,19083,466952,6222
2022-01-12,San Diego,073,3302833,598933,551669,37165,588834,4529
2022-01-12,San Francisco,075,870044,96657,85700,6164,91864,691
2022-01-12,San Joaquin,077,732212,133703,122850,7775,130625,1948
2022-01-12,San Luis Obispo,079,281455,40939,37727,2647,40374,373
2022-01-12,San Mateo,081,765935,93182,78476,4529,83005,582
2022-01-12,Santa Barbara,083,443738,66234,60815,3068,63883,578
2022-01-12,Santa Clara,085,1922200,236222,213177,7927,221104,1971
2022-01-12,Santa Cruz,087,273765,31433,28463,1707,30170,235
2022-01-12,Shasta,089,179085,25418,24324,4524,28848,446
2022-01-12,Sierra,091,2930,246,228,25,253,0
2022-01-12,Siskiyou,093,43540,3778,3639,1805,5444,62
2022-01-12,Solano,095,438530,62907,57052,3430,60482,386
2022-01-12,Sonoma,097,501317,62651,56394,1510,57904,417
2022-01-12,Stanislaus,099,539301,97739,91738,12033,103771,1373
2022-01-12,Sutter,101,95872,17009,16135,801,16936,197
2022-01-12,Tehama,103,63373,9976,9475,1936,11411,141
2022-01-12,Trinity,105,12862,984,868,242,1110,19
2022-01-12,Tulare,107,460477,82260,76943,20417,97360,1192
2022-01-12,Tuolumne,109,53932,9483,8870,201,9071,91
2022-01-12,Ventura,111,848112,144948,132180,8092,140272,1220
2022-01-12,Yolo,113,214977,28969,26888,2268,29156,270
2022-01-12,Yuba,115,75493,12805,12015,646,12661,101
2022-01-11,Alameda,001,1643700,187537,169181,9831,179012,1561
2022-01-11,Alpine,003,1148,118,116,0,116,0
2022-01-11,Amador,005,37829,6669,6317,166,6483,71
2022-01-11,Butte,007,227075,26198,24479,4864,29343,347
2022-01-11,Calaveras,009,45235,5479,5083,116,5199,93
2022-01-11,Colusa,011,21464,2849,2766,834,3600,21
2022-01-11,Contra Costa,013,1133247,144372,132410,7874,140284,1077
2022-01-11,Del Norte,015,27424,4135,4006,83,4089,43
2022-01-11,El Dorado,017,186661,21786,19842,2361,22203,174
2022-01-11,Fresno,019,978130,172880,163509,15330,178839,2404
2022-01-11,Glenn,021,27897,4030,3844,1167,5011,39
2022-01-11,Humboldt,023,135768,13141,11960,1536,13496,122
2022-01-11,Imperial,025,180216,43743,41444,6600,48044,813
2022-01-11,Inyo,027,18085,3490,3278,103,3381,49
2022-01-11,Kern,029,883053,157200,146942,32210,179152,1929
2022-01-11,Kings,031,150075,38739,36524,2407,38931,389
2022-01-11,Lake,033,64148,7911,7494,398,7892,117
2022-01-11,Lassen,035,31185,7388,7210,541,7751,55
2022-01-11,Los Angeles,037,10098052,2176912,1966319,97853,2064172,27563
2022-01-11,Madera,039,155013,28379,26688,3091,29779,329
2022-01-11,Marin,041,260295,26470,24387,2401,26788,251
2022-01-11,Mariposa,043,17540,1871,1718,77,1795,6
2022-01-11,Mendocino,045,87422,9974,9301,1140,10441,102
2022-01-11,Merced,047,269075,50772,48068,3475,51543,708
2022-01-11,Modoc,049,8938,633,626,218,844,6
2022-01-11,Mono,051,14174,2616,2425,81,2506,4
2022-01-11,Monterey,053,433212,59997,53911,6634,60545,646
2022-01-11,Napa,055,140530,19555,17020,500,17520,109
2022-01-11,Nevada,057,99092,12427,11467,640,12107,110
2022-01-11,Orange,059,3164182,454539,417703,32722,450425,5909
2022-01-11,Placer,061,380077,49873,46459,5557,52016,500
2022-01-11,Plumas,063,18699,2190,2099,110,2209,12
2022-01-11,Riverside,065,2383286,487891,453766,22754,476520,5551
2022-01-11,Sacramento,067,1510023,217368,201058,13619,214677,2489
2022-01-11,San Benito,069,59416,10262,9624,321,9945,83
2022-01-11,San Bernardino,071,2135413,476271,442960,18466,461426,6198
2022-01-11,San Diego,073,3302833,587199,536954,36188,573142,4520
2022-01-11,San Francisco,075,870044,94434,83678,5984,89662,691
2022-01-11,San Joaquin,077,732212,131340,121139,7596,128735,1944
2022-01-11,San Luis Obispo,079,281455,40170,37183,2524,39707,372
2022-01-11,San Mateo,081,765935,90971,76756,4292,81048,582
2022-01-11,Santa Barbara,083,443738,64915,59758,2993,62751,578
2022-01-11,Santa Clara,085,1922200,230746,208425,7453,215878,1971
2022-01-11,Santa Cruz,087,273765,30952,27709,1658,29367,232
2022-01-11,Shasta,089,179085,25168,24132,4419,28551,446
2022-01-11,Sierra,091,2930,243,228,24,252,0
2022-01-11,Siskiyou,093,43540,3752,3621,1752,5373,62
2022-01-11,Solano,095,438530,61467,56349,3276,59625,388
2022-01-11,Sonoma,097,501317,61163,55411,1429,56840,416
2022-01-11,Stanislaus,099,539301,96377,90998,11720,102718,1372
2022-01-11,Sutter,101,95872,16814,15993,748,16741,197
2022-01-11,Tehama,103,63373,9848,9406,1889,11295,140
2022-01-11,Trinity,105,12862,971,858,240,1098,19
2022-01-11,Tulare,107,460477,81077,76267,20009,96276,1188
2022-01-11,Tuolumne,109,53932,9344,8811,194,9005,91
2022-01-11,Ventura,111,848112,142703,129548,7949,137497,1220
2022-01-11,Yolo,113,214977,28415,26482,2205,28687,270
2022-01-11,Yuba,115,75493,12632,11912,623,12535,101
2022-01-10,Alameda,001,1643700,182513,165657,9259,174916,1559
2022-01-10,Alpine,003,1148,118,116,0,116,0
2022-01-10,Amador,005,37829,6566,6279,150,6429,71
2022-01-10,Butte,007,227075,25836,24217,4758,28975,347
2022-01-10,Calaveras,009,45235,5376,5025,108,5133,93
2022-01-10,Colusa,011,21464,2821,2758,826,3584,21
2022-01-10,Contra Costa,013,1133247,141678,129951,7325,137276,1077
2022-01-10,Del Norte,015,27424,4113,3970,83,4053,43
2022-01-10,El Dorado,017,186661,21226,19606,2304,21910,172
2022-01-10,Fresno,019,978130,169900,161593,15009,176602,2404
2022-01-10,Glenn,021,27897,3971,3807,1154,4961,39
2022-01-10,Humboldt,023,135768,12894,11778,1402,13180,121
2022-01-10,Imperial,025,180216,43077,41080,6406,47486,811
2022-01-10,Inyo,027,18085,3436,3227,91,3318,49
2022-01-10,Kern,029,883053,154647,145744,31621,177365,1929
2022-01-10,Kings,031,150075,38100,36286,2369,38655,389
2022-01-10,Lake,033,64148,7824,7416,368,7784,117
2022-01-10,Lassen,035,31185,7352,7192,520,7712,55
2022-01-10,Los Angeles,037,10098052,2132534,1932475,95438,2027913,27546
2022-01-10,Madera,039,155013,27922,26501,2990,29491,328
2022-01-10,Marin,041,260295,25967,24023,2292,26315,251
2022-01-10,Mariposa,043,17540,1830,1684,71,1755,6
2022-01-10,Mendocino,045,87422,9799,9163,1051,10214,101
2022-01-10,Merced,047,269075,49985,47632,3162,50794,707
2022-01-10,Modoc,049,8938,631,622,216,838,6
2022-01-10,Mono,051,14174,2545,2415,78,2493,4
2022-01-10,Monterey,053,433212,59071,53485,6276,59761,645
2022-01-10,Napa,055,140530,19181,16775,486,17261,109
2022-01-10,Nevada,057,99092,12206,11300,601,11901,110
2022-01-10,Orange,059,3164182,445863,406170,31884,438054,5906
2022-01-10,Placer,061,380077,49050,45642,5388,51030,498
2022-01-10,Plumas,063,18699,2168,2086,108,2194,12
2022-01-10,Riverside,065,2383286,479789,445536,22288,467824,5546
2022-01-10,Sacramento,067,1510023,213046,198023,12548,210571,2474
2022-01-10,San Benito,069,59416,10091,9467,311,9778,83
2022-01-10,San Bernardino,071,2135413,468357,437207,17743,454950,6184
2022-01-10,San Diego,073,3302833,574780,530506,35127,565633,4500
2022-01-10,San Francisco,075,870044,92621,82209,5669,87878,690
2022-01-10,San Joaquin,077,732212,128668,119587,7328,126915,1927
2022-01-10,San Luis Obispo,079,281455,39369,36618,2423,39041,371
2022-01-10,San Mateo,081,765935,88384,75210,4017,79227,582
2022-01-10,Santa Barbara,083,443738,63652,58957,2814,61771,578
2022-01-10,Santa Clara,085,1922200,224895,203540,6935,210475,1971
2022-01-10,Santa Cruz,087,273765,30088,26906,1618,28524,232
2022-01-10,Shasta,089,179085,24971,23983,4336,28319,446
2022-01-10,Sierra,091,2930,240,223,24,247,0
2022-01-10,Siskiyou,093,43540,3718,3592,1707,5299,62
2022-01-10,Solano,095,438530,60417,55663,3070,58733,385
2022-01-10,Sonoma,097,501317,59591,54478,1376,55854,412
2022-01-10,Stanislaus,099,539301,95059,89997,11411,101408,1372
2022-01-10,Sutter,101,95872,16575,15823,694,16517,196
2022-01-10,Tehama,103,63373,9739,9360,1836,11196,140
2022-01-10,Trinity,105,12862,967,849,238,1087,19
2022-01-10,Tulare,107,460477,79712,75498,19598,95096,1186
2022-01-10,Tuolumne,109,53932,9230,8685,179,8864,91
2022-01-10,Ventura,111,848112,140106,126240,7785,134025,1217
2022-01-10,Yolo,113,214977,27856,26065,2150,28215,270
2022-01-10,Yuba,115,75493,12381,11776,586,12362,101
2022-01-09,Alameda,001,1643700,178111,162701,8450,171151,1561
2022-01-09,Alpine,003,1148,118,116,0,116,0
2022-01-09,Amador,005,37829,6479,6215,137,6352,71
2022-01-09,Butte,007,227075,25452,24018,4625,28643,347
2022-01-09,Calaveras,009,45235,5258,4976,99,5075,93
2022-01-09,Colusa,011,21464,2795,2750,809,3559,21
2022-01-09,Contra Costa,013,1133247,138864,128050,6568,134618,1077
2022-01-09,Del Norte,015,27424,4068,3950,77,4027,43
2022-01-09,El Dorado,017,186661,20866,19430,2234,21664,172
2022-01-09,Fresno,019,978130,167378,159989,14698,174687,2405
2022-01-09,Glenn,021,27897,3916,3797,1124,4921,39
2022-01-09,Humboldt,023,135768,12646,11582,1274,12856,121
2022-01-09,Imperial,025,180216,42311,40608,6163,46771,811
2022-01-09,Inyo,027,18085,3328,3149,82,3231,49
2022-01-09,Kern,029,883053,152224,144819,30974,175793,1927
2022-01-09,Kings,031,150075,37406,36041,2330,38371,389
2022-01-09,Lake,033,64148,7711,7393,314,7707,117
2022-01-09,Lassen,035,31185,7290,7172,490,7662,55
2022-01-09,Los Angeles,037,10098052,2085858,1887830,92449,1980279,27532
2022-01-09,Madera,039,155013,27541,26325,2884,29209,328
2022-01-09,Marin,041,260295,25476,23708,2148,25856,251
2022-01-09,Mariposa,043,17540,1780,1660,70,1730,6
2022-01-09,Mendocino,045,87422,9584,9097,941,10038,101
2022-01-09,Merced,047,269075,49114,47294,2885,50179,706
2022-01-09,Modoc,049,8938,629,619,216,835,6
2022-01-09,Mono,051,14174,2513,2390,69,2459,4
2022-01-09,Monterey,053,433212,58049,53251,5933,59184,645
2022-01-09,Napa,055,140530,18689,16614,467,17081,109
2022-01-09,Nevada,057,99092,11966,11152,532,11684,110
2022-01-09,Orange,059,3164182,435937,400563,30912,431475,5905
2022-01-09,Placer,061,380077,48072,45081,5221,50302,498
2022-01-09,Plumas,063,18699,2137,2081,86,2167,12
2022-01-09,Riverside,065,2383286,470950,440413,21677,462090,5546
2022-01-09,Sacramento,067,1510023,208526,195444,11374,206818,2475
2022-01-09,San Benito,069,59416,9905,9363,283,9646,83
2022-01-09,San Bernardino,071,2135413,460604,430257,16953,447210,6180
2022-01-09,San Diego,073,3302833,561884,478206,33356,511562,4500
2022-01-09,San Francisco,075,870044,90774,80463,5380,85843,690
2022-01-09,San Joaquin,077,732212,125596,118422,7084,125506,1927
2022-01-09,San Luis Obispo,079,281455,38562,36291,2289,38580,371
2022-01-09,San Mateo,081,765935,85948,73867,3658,77525,582
2022-01-09,Santa Barbara,083,443738,61995,58280,2551,60831,578
2022-01-09,Santa Clara,085,1922200,218741,199889,6323,206212,1976
2022-01-09,Santa Cruz,087,273765,29340,26513,1578,28091,232
2022-01-09,Shasta,089,179085,24743,23926,4221,28147,446
2022-01-09,Sierra,091,2930,238,223,23,246,0
2022-01-09,Siskiyou,093,43540,3689,3580,1633,5213,62
2022-01-09,Solano,095,438530,59271,54985,2791,57776,384
2022-01-09,Sonoma,097,501317,57934,53543,1324,54867,412
2022-01-09,Stanislaus,099,539301,93685,89248,11142,100390,1372
2022-01-09,Sutter,101,95872,16294,15695,613,16308,196
2022-01-09,Tehama,103,63373,9621,9306,1786,11092,140
2022-01-09,Trinity,105,12862,961,848,238,1086,19
2022-01-09,Tulare,107,460477,78384,75085,19220,94305,1186
2022-01-09,Tuolumne,109,53932,9076,8595,161,8756,91
2022-01-09,Ventura,111,848112,137041,124269,7543,131812,1217
2022-01-09,Yolo,113,214977,27255,25632,2100,27732,270
2022-01-09,Yuba,115,75493,12185,11666,553,12219,101
2022-01-08,Alameda,001,1643700,176253,148560,8178,156738,1558
2022-01-08,Alpine,003,1148,118,114,0,114,0
2022-01-08,Amador,005,37829,6445,6091,131,6222,71
2022-01-08,Butte,007,227075,25272,23429,4590,28019,347
2022-01-08,Calaveras,009,45235,5224,4823,95,4918,93
2022-01-08,Colusa,011,21464,2783,2713,806,3519,21
2022-01-08,Contra Costa,013,1133247,137383,119907,6421,126328,1077
2022-01-08,Del Norte,015,27424,4055,3902,77,3979,43
2022-01-08,El Dorado,017,186661,20692,18599,2199,20798,172
2022-01-08,Fresno,019,978130,166501,155394,14593,169987,2393
2022-01-08,Glenn,021,27897,3908,3732,1122,4854,39
2022-01-08,Humboldt,023,135768,12526,11149,1246,12395,121
2022-01-08,Imperial,025,180216,42140,39429,6021,45450,800
2022-01-08,Inyo,027,18085,3314,3020,79,3099,49
2022-01-08,Kern,029,883053,151112,140410,30606,171016,1921
2022-01-08,Kings,031,150075,37190,35275,2316,37591,390
2022-01-08,Lake,033,64148,7671,7209,305,7514,117
2022-01-08,Lassen,035,31185,7266,7127,475,7602,55
2022-01-08,Los Angeles,037,10098052,2068109,1765787,90698,1856485,27476
2022-01-08,Madera,039,155013,27378,25767,2848,28615,328
2022-01-08,Marin,041,260295,25207,22377,2098,24475,251
2022-01-08,Mariposa,043,17540,1770,1588,70,1658,6
2022-01-08,Mendocino,045,87422,9514,8792,936,9728,101
2022-01-08,Merced,047,269075,48956,46094,2869,48963,703
2022-01-08,Modoc,049,8938,629,610,216,826,6
2022-01-08,Mono,051,14174,2509,2240,65,2305,4
2022-01-08,Monterey,053,433212,57695,51721,5651,57372,644
2022-01-08,Napa,055,140530,18535,15819,436,16255,109
2022-01-08,Nevada,057,99092,11898,10765,518,11283,110
2022-01-08,Orange,059,3164182,432305,375124,29991,405115,5903
2022-01-08,Placer,061,380077,47682,43172,5175,48347,495
2022-01-08,Plumas,063,18699,2130,2053,81,2134,12
2022-01-08,Riverside,065,2383286,467487,422591,21317,443908,5535
2022-01-08,Sacramento,067,1510023,207294,185118,11209,196327,2470
2022-01-08,San Benito,069,59416,9741,9016,280,9296,83
2022-01-08,San Bernardino,071,2135413,457443,411724,16582,428306,6122
2022-01-08,San Diego,073,3302833,557083,472273,32859,505132,4495
2022-01-08,San Francisco,075,870044,89567,73660,5046,78706,690
2022-01-08,San Joaquin,077,732212,124626,112514,6939,119453,1916
2022-01-08,San Luis Obispo,079,281455,38360,34489,2201,36690,369
2022-01-08,San Mateo,081,765935,84612,67918,3547,71465,582
2022-01-08,Santa Barbara,083,443738,61332,54617,2516,57133,575
2022-01-08,Santa Clara,085,1922200,215718,183842,6064,189906,1966
2022-01-08,Santa Cruz,087,273765,28943,24678,1497,26175,230
2022-01-08,Shasta,089,179085,24657,23585,4186,27771,445
2022-01-08,Sierra,091,2930,234,215,23,238,0
2022-01-08,Siskiyou,093,43540,3678,3545,1619,5164,62
2022-01-08,Solano,095,438530,58876,52452,2719,55171,383
2022-01-08,Sonoma,097,501317,57445,50130,1247,51377,411
2022-01-08,Stanislaus,099,539301,93046,87049,10950,97999,1372
2022-01-08,Sutter,101,95872,16178,15261,602,15863,195
2022-01-08,Tehama,103,63373,9590,9109,1781,10890,140
2022-01-08,Trinity,105,12862,956,836,238,1074,19
2022-01-08,Tulare,107,460477,78015,73600,19043,92643,1185
2022-01-08,Tuolumne,109,53932,8984,8360,158,8518,91
2022-01-08,Ventura,111,848112,135877,117229,7388,124617,1216
2022-01-08,Yolo,113,214977,26972,24006,2032,26038,270
2022-01-08,Yuba,115,75493,12101,11277,551,11828,101
2022-01-07,Alameda,001,1643700,173621,148560,7930,156490,1558
2022-01-07,Alpine,003,1148,118,114,0,114,0
2022-01-07,Amador,005,37829,6397,6091,128,6219,71
2022-01-07,Butte,007,227075,25073,23429,4559,27988,347
2022-01-07,Calaveras,009,45235,5193,4823,95,4918,93
2022-01-07,Colusa,011,21464,2775,2713,799,3512,21
2022-01-07,Contra Costa,013,1133247,135548,119907,6198,126105,1077
2022-01-07,Del Norte,015,27424,4038,3902,76,3978,43
2022-01-07,El Dorado,017,186661,20534,18599,2185,20784,172
2022-01-07,Fresno,019,978130,165168,155394,14508,169902,2393
2022-01-07,Glenn,021,27897,3888,3732,1120,4852,39
2022-01-07,Humboldt,023,135768,12378,11149,1217,12366,121
2022-01-07,Imperial,025,180216,41999,39429,5944,45373,800
2022-01-07,Inyo,027,18085,3295,3020,77,3097,49
2022-01-07,Kern,029,883053,150161,140410,30208,170618,1921
2022-01-07,Kings,031,150075,37011,35275,2303,37578,390
2022-01-07,Lake,033,64148,7623,7209,281,7490,117
2022-01-07,Lassen,035,31185,7252,7127,472,7599,55
2022-01-07,Los Angeles,037,10098052,2037691,1765787,89267,1855054,27476
2022-01-07,Madera,039,155013,27200,25767,2819,28586,328
2022-01-07,Marin,041,260295,24839,22377,2061,24438,251
2022-01-07,Mariposa,043,17540,1754,1588,70,1658,6
2022-01-07,Mendocino,045,87422,9421,8792,934,9726,101
2022-01-07,Merced,047,269075,48793,46094,2846,48940,703
2022-01-07,Modoc,049,8938,628,610,216,826,6
2022-01-07,Mono,051,14174,2467,2240,59,2299,4
2022-01-07,Monterey,053,433212,57302,51721,5533,57254,644
2022-01-07,Napa,055,140530,18305,15819,413,16232,109
2022-01-07,Nevada,057,99092,11784,10765,499,11264,110
2022-01-07,Orange,059,3164182,427602,375124,29390,404514,5903
2022-01-07,Placer,061,380077,47228,43172,5127,48299,495
2022-01-07,Plumas,063,18699,2122,2053,80,2133,12
2022-01-07,Riverside,065,2383286,463756,422591,21050,443641,5535
2022-01-07,Sacramento,067,1510023,205280,185118,11059,196177,2470
2022-01-07,San Benito,069,59416,9695,9016,276,9292,83
2022-01-07,San Bernardino,071,2135413,453737,411724,16370,428094,6122
2022-01-07,San Diego,073,3302833,550012,472273,32374,504647,4495
2022-01-07,San Francisco,075,870044,88105,73660,4757,78417,690
2022-01-07,San Joaquin,077,732212,123686,112514,6844,119358,1916
2022-01-07,San Luis Obispo,079,281455,38144,34489,2134,36623,369
2022-01-07,San Mateo,081,765935,83172,67918,3476,71394,582
2022-01-07,Santa Barbara,083,443738,60652,54617,2494,57111,575
2022-01-07,Santa Clara,085,1922200,212469,183842,5933,189775,1966
2022-01-07,Santa Cruz,087,273765,28481,24678,1479,26157,230
2022-01-07,Shasta,089,179085,24565,23585,4147,27732,445
2022-01-07,Sierra,091,2930,231,215,23,238,0
2022-01-07,Siskiyou,093,43540,3670,3545,1610,5155,62
2022-01-07,Solano,095,438530,58171,52452,2676,55128,383
2022-01-07,Sonoma,097,501317,56849,50130,1195,51325,411
2022-01-07,Stanislaus,099,539301,92531,87049,10849,97898,1372
2022-01-07,Sutter,101,95872,16030,15261,590,15851,195
2022-01-07,Tehama,103,63373,9551,9109,1768,10877,140
2022-01-07,Trinity,105,12862,951,836,237,1073,19
2022-01-07,Tulare,107,460477,77632,73600,18884,92484,1185
2022-01-07,Tuolumne,109,53932,8906,8360,153,8513,91
2022-01-07,Ventura,111,848112,134268,117229,7248,124477,1216
2022-01-07,Yolo,113,214977,26612,24006,2001,26007,270
2022-01-07,Yuba,115,75493,12003,11277,548,11825,101
2022-01-06,Alameda,001,1643700,168314,148560,7369,155929,1558
2022-01-06,Alpine,003,1148,117,114,0,114,0
2022-01-06,Amador,005,37829,6349,6091,121,6212,71
2022-01-06,Butte,007,227075,24780,23429,4482,27911,347
2022-01-06,Calaveras,009,45235,5065,4823,93,4916,93
2022-01-06,Colusa,011,21464,2754,2713,790,3503,21
2022-01-06,Contra Costa,013,1133247,132714,119907,5730,125637,1077
2022-01-06,Del Norte,015,27424,4008,3902,74,3976,43
2022-01-06,El Dorado,017,186661,20201,18599,2142,20741,172
2022-01-06,Fresno,019,978130,163063,155394,14271,169665,2393
2022-01-06,Glenn,021,27897,3863,3732,1112,4844,39
2022-01-06,Humboldt,023,135768,12136,11149,1174,12323,121
2022-01-06,Imperial,025,180216,41433,39429,5741,45170,800
2022-01-06,Inyo,027,18085,3254,3020,77,3097,49
2022-01-06,Kern,029,883053,148542,140410,29591,170001,1921
2022-01-06,Kings,031,150075,36662,35275,2281,37556,390
2022-01-06,Lake,033,64148,7552,7209,266,7475,117
2022-01-06,Lassen,035,31185,7228,7127,465,7592,55
2022-01-06,Los Angeles,037,10098052,1984268,1765787,86935,1852722,27476
2022-01-06,Madera,039,155013,26894,25767,2757,28524,328
2022-01-06,Marin,041,260295,24447,22377,1975,24352,251
2022-01-06,Mariposa,043,17540,1735,1588,68,1656,6
2022-01-06,Mendocino,045,87422,9329,8792,892,9684,101
2022-01-06,Merced,047,269075,48237,46094,2711,48805,703
2022-01-06,Modoc,049,8938,627,610,216,826,6
2022-01-06,Mono,051,14174,2442,2240,55,2295,4
2022-01-06,Monterey,053,433212,56593,51721,5036,56757,644
2022-01-06,Napa,055,140530,17907,15819,403,16222,109
2022-01-06,Nevada,057,99092,11587,10765,481,11246,110
2022-01-06,Orange,059,3164182,418300,375124,28611,403735,5903
2022-01-06,Placer,061,380077,46527,43172,5036,48208,495
2022-01-06,Plumas,063,18699,2110,2053,72,2125,12
2022-01-06,Riverside,065,2383286,456377,422591,20630,443221,5535
2022-01-06,Sacramento,067,1510023,201523,185118,10268,195386,2470
2022-01-06,San Benito,069,59416,9594,9016,269,9285,83
2022-01-06,San Bernardino,071,2135413,446636,411724,15936,427660,6122
2022-01-06,San Diego,073,3302833,538522,472273,31459,503732,4495
2022-01-06,San Francisco,075,870044,85689,73660,4482,78142,690
2022-01-06,San Joaquin,077,732212,121534,112514,6723,119237,1916
2022-01-06,San Luis Obispo,079,281455,37441,34489,1982,36471,369
2022-01-06,San Mateo,081,765935,80808,67918,3267,71185,582
2022-01-06,Santa Barbara,083,443738,59488,54617,2431,57048,575
2022-01-06,Santa Clara,085,1922200,207538,183842,5497,189339,1966
2022-01-06,Santa Cruz,087,273765,27944,24678,1444,26122,230
2022-01-06,Shasta,089,179085,24418,23585,4097,27682,445
2022-01-06,Sierra,091,2930,227,215,23,238,0
2022-01-06,Siskiyou,093,43540,3654,3545,1565,5110,62
2022-01-06,Solano,095,438530,57168,52452,2513,54965,383
2022-01-06,Sonoma,097,501317,55481,50130,1124,51254,411
2022-01-06,Stanislaus,099,539301,91386,87049,10629,97678,1372
2022-01-06,Sutter,101,95872,15855,15261,566,15827,195
2022-01-06,Tehama,103,63373,9478,9109,1740,10849,140
2022-01-06,Trinity,105,12862,944,836,236,1072,19
2022-01-06,Tulare,107,460477,76977,73600,18679,92279,1185
2022-01-06,Tuolumne,109,53932,8800,8360,147,8507,91
2022-01-06,Ventura,111,848112,131558,117229,7070,124299,1216
2022-01-06,Yolo,113,214977,26087,24006,1936,25942,270
2022-01-06,Yuba,115,75493,11869,11277,529,11806,101
2022-01-05,Alameda,001,1643700,163217,144824,6831,151655,1548
2022-01-05,Alpine,003,1148,117,112,0,112,0
2022-01-05,Amador,005,37829,6308,6012,118,6130,70
2022-01-05,Butte,007,227075,24467,23134,4427,27561,343
2022-01-05,Calaveras,009,45235,5017,4758,91,4849,90
2022-01-05,Colusa,011,21464,2742,2704,778,3482,21
2022-01-05,Contra Costa,013,1133247,129728,117188,5219,122407,1071
2022-01-05,Del Norte,015,27424,3988,3862,72,3934,43
2022-01-05,El Dorado,017,186661,19828,18367,2109,20476,171
2022-01-05,Fresno,019,978130,161069,153033,14029,167062,2377
2022-01-05,Glenn,021,27897,3816,3700,1103,4803,39
2022-01-05,Humboldt,023,135768,11926,10938,1123,12061,120
2022-01-05,Imperial,025,180216,40817,38789,5602,44391,800
2022-01-05,Inyo,027,18085,3165,2939,73,3012,49
2022-01-05,Kern,029,883053,146818,138186,29044,167230,1913
2022-01-05,Kings,031,150075,36338,34893,2261,37154,387
2022-01-05,Lake,033,64148,7462,7129,249,7378,117
2022-01-05,Lassen,035,31185,7210,7077,457,7534,55
2022-01-05,Los Angeles,037,10098052,1929569,1729640,84646,1814286,27443
2022-01-05,Madera,039,155013,26644,25392,2676,28068,327
2022-01-05,Marin,041,260295,24128,21829,1878,23707,251
2022-01-05,Mariposa,043,17540,1709,1564,67,1631,6
2022-01-05,Mendocino,045,87422,9205,8625,856,9481,101
2022-01-05,Merced,047,269075,47666,45721,2578,48299,700
2022-01-05,Modoc,049,8938,625,603,216,819,6
2022-01-05,Mono,051,14174,2424,2201,50,2251,4
2022-01-05,Monterey,053,433212,55783,51241,4817,56058,639
2022-01-05,Napa,055,140530,17535,15494,372,15866,108
2022-01-05,Nevada,057,99092,11392,10624,463,11087,110
2022-01-05,Orange,059,3164182,408414,366139,27516,393655,5869
2022-01-05,Placer,061,380077,45671,42456,4933,47389,492
2022-01-05,Plumas,063,18699,2094,2020,71,2091,12
2022-01-05,Riverside,065,2383286,449071,415253,20291,435544,5502
2022-01-05,Sacramento,067,1510023,197085,181488,9293,190781,2455
2022-01-05,San Benito,069,59416,9402,8829,256,9085,83
2022-01-05,San Bernardino,071,2135413,438521,405323,15423,420746,6085
2022-01-05,San Diego,073,3302833,525210,466602,30592,497194,4495
2022-01-05,San Francisco,075,870044,83023,71405,4335,75740,686
2022-01-05,San Joaquin,077,732212,119006,110497,6637,117134,1903
2022-01-05,San Luis Obispo,079,281455,36639,34066,1886,35952,369
2022-01-05,San Mateo,081,765935,78680,66018,3043,69061,578
2022-01-05,Santa Barbara,083,443738,58209,53082,2348,55430,570
2022-01-05,Santa Clara,085,1922200,201713,178629,5038,183667,1961
2022-01-05,Santa Cruz,087,273765,27184,24394,1415,25809,229
2022-01-05,Shasta,089,179085,24257,23361,4064,27425,441
2022-01-05,Sierra,091,2930,224,210,22,232,0
2022-01-05,Siskiyou,093,43540,3643,3513,1538,5051,60
2022-01-05,Solano,095,438530,56145,51505,2393,53898,380
2022-01-05,Sonoma,097,501317,54278,49120,1041,50161,412
2022-01-05,Stanislaus,099,539301,90420,86248,10413,96661,1360
2022-01-05,Sutter,101,95872,15653,15117,527,15644,193
2022-01-05,Tehama,103,63373,9382,9011,1709,10720,140
2022-01-05,Trinity,105,12862,941,822,234,1056,19
2022-01-05,Tulare,107,460477,76254,72718,18502,91220,1173
2022-01-05,Tuolumne,109,53932,8709,8223,139,8362,90
2022-01-05,Ventura,111,848112,128794,114752,6863,121615,1211
2022-01-05,Yolo,113,214977,25502,23401,1885,25286,269
2022-01-05,Yuba,115,75493,11690,11138,504,11642,100
2022-01-04,Alameda,001,1643700,157734,143360,6339,149699,1532
2022-01-04,Alpine,003,1148,117,113,0,113,0
2022-01-04,Amador,005,37829,6241,6025,112,6137,71
2022-01-04,Butte,007,227075,24162,23094,4358,27452,346
2022-01-04,Calaveras,009,45235,4943,4767,87,4854,93
2022-01-04,Colusa,011,21464,2730,2689,772,3461,21
2022-01-04,Contra Costa,013,1133247,126628,116005,4787,120792,1075
2022-01-04,Del Norte,015,27424,3957,3882,70,3952,43
2022-01-04,El Dorado,017,186661,19481,18339,2086,20425,172
2022-01-04,Fresno,019,978130,158923,153244,13836,167080,2380
2022-01-04,Glenn,021,27897,3785,3705,1091,4796,39
2022-01-04,Humboldt,023,135768,11664,10865,1071,11936,120
2022-01-04,Imperial,025,180216,40246,38596,5339,43935,800
2022-01-04,Inyo,027,18085,3081,2870,72,2942,49
2022-01-04,Kern,029,883053,144956,138245,28503,166748,1916
2022-01-04,Kings,031,150075,36055,34931,2244,37175,388
2022-01-04,Lake,033,64148,7420,7152,236,7388,117
2022-01-04,Lassen,035,31185,7188,7111,454,7565,55
2022-01-04,Los Angeles,037,10098052,1871551,1705253,82227,1787480,27419
2022-01-04,Madera,039,155013,26302,25425,2613,28038,328
2022-01-04,Marin,041,260295,23669,21675,1713,23388,251
2022-01-04,Mariposa,043,17540,1671,1564,66,1630,6
2022-01-04,Mendocino,045,87422,9084,8636,832,9468,101
2022-01-04,Merced,047,269075,47055,45583,2448,48031,700
2022-01-04,Modoc,049,8938,622,611,216,827,6
2022-01-04,Mono,051,14174,2365,2190,41,2231,4
2022-01-04,Monterey,053,433212,55075,51176,4592,55768,643
2022-01-04,Napa,055,140530,17022,15370,342,15712,107
2022-01-04,Nevada,057,99092,11235,10608,449,11057,110
2022-01-04,Orange,059,3164182,397849,362051,26397,388448,5897
2022-01-04,Placer,061,380077,44859,42285,4818,47103,494
2022-01-04,Plumas,063,18699,2081,2014,69,2083,12
2022-01-04,Riverside,065,2383286,440637,413366,19940,433306,5504
2022-01-04,Sacramento,067,1510023,192541,181271,8532,189803,2453
2022-01-04,San Benito,069,59416,9213,8763,248,9011,79
2022-01-04,San Bernardino,071,2135413,430261,404409,14926,419335,6060
2022-01-04,San Diego,073,3302833,508975,458499,29747,488246,4487
2022-01-04,San Francisco,075,870044,80136,70666,4174,74840,688
2022-01-04,San Joaquin,077,732212,116585,110374,6469,116843,1911
2022-01-04,San Luis Obispo,079,281455,35830,33788,1787,35575,371
2022-01-04,San Mateo,081,765935,76417,65157,2813,67970,582
2022-01-04,Santa Barbara,083,443738,56750,52449,2267,54716,574
2022-01-04,Santa Clara,085,1922200,195716,176854,4391,181245,1964
2022-01-04,Santa Cruz,087,273765,26419,23904,1370,25274,228
2022-01-04,Shasta,089,179085,24115,23366,4007,27373,442
2022-01-04,Sierra,091,2930,224,214,22,236,0
2022-01-04,Siskiyou,093,43540,3626,3509,1518,5027,61
2022-01-04,Solano,095,438530,54864,51300,2193,53493,383
2022-01-04,Sonoma,097,501317,52663,48653,963,49616,410
2022-01-04,Stanislaus,099,539301,89372,86107,10238,96345,1361
2022-01-04,Sutter,101,95872,15501,15032,503,15535,193
2022-01-04,Tehama,103,63373,9303,9020,1687,10707,140
2022-01-04,Trinity,105,12862,934,833,230,1063,18
2022-01-04,Tulare,107,460477,75504,72893,18313,91206,1172
2022-01-04,Tuolumne,109,53932,8605,8235,132,8367,91
2022-01-04,Ventura,111,848112,125686,114079,6626,120705,1213
2022-01-04,Yolo,113,214977,24881,22938,1840,24778,270
2022-01-04,Yuba,115,75493,11512,11104,490,11594,101
2022-01-03,Alameda,001,1643700,151790,142090,5856,147946,1529
2022-01-03,Alpine,003,1148,116,113,0,113,0
2022-01-03,Amador,005,37829,6182,6004,105,6109,71
2022-01-03,Butte,007,227075,23873,22924,4311,27235,345
2022-01-03,Calaveras,009,45235,4884,4742,82,4824,93
2022-01-03,Colusa,011,21464,2722,2683,766,3449,21
2022-01-03,Contra Costa,013,1133247,123380,114966,4121,119087,1073
2022-01-03,Del Norte,015,27424,3938,3873,67,3940,43
2022-01-03,El Dorado,017,186661,19090,18183,2057,20240,172
2022-01-03,Fresno,019,978130,156951,152674,13658,166332,2379
2022-01-03,Glenn,021,27897,3757,3703,1051,4754,39
2022-01-03,Humboldt,023,135768,11460,10784,1020,11804,119
2022-01-03,Imperial,025,180216,39637,38411,5152,43563,800
2022-01-03,Inyo,027,18085,3016,2845,67,2912,49
2022-01-03,Kern,029,883053,143025,137773,27955,165728,1916
2022-01-03,Kings,031,150075,35766,34817,2215,37032,387
2022-01-03,Lake,033,64148,7317,7134,219,7353,117
2022-01-03,Lassen,035,31185,7171,7103,452,7555,55
2022-01-03,Los Angeles,037,10098052,1812671,1686203,79440,1765643,27394
2022-01-03,Madera,039,155013,26016,25323,2573,27896,320
2022-01-03,Marin,041,260295,23096,21532,1520,23052,251
2022-01-03,Mariposa,043,17540,1630,1559,66,1625,6
2022-01-03,Mendocino,045,87422,8937,8573,777,9350,101
2022-01-03,Merced,047,269075,46470,45459,2338,47797,696
2022-01-03,Modoc,049,8938,619,602,216,818,6
2022-01-03,Mono,051,14174,2254,2172,32,2204,4
2022-01-03,Monterey,053,433212,54271,51047,4382,55429,644
2022-01-03,Napa,055,140530,16505,15260,310,15570,107
2022-01-03,Nevada,057,99092,11079,10572,437,11009,110
2022-01-03,Orange,059,3164182,386777,358052,25228,383280,5894
2022-01-03,Placer,061,380077,44084,42054,4751,46805,489
2022-01-03,Plumas,063,18699,2064,2005,68,2073,12
2022-01-03,Riverside,065,2383286,432202,410155,19485,429640,5504
2022-01-03,Sacramento,067,1510023,187809,179992,7956,187948,2452
2022-01-03,San Benito,069,59416,9048,8688,236,8924,79
2022-01-03,San Bernardino,071,2135413,422107,401938,14506,416444,6056
2022-01-03,San Diego,073,3302833,493142,451154,28962,480116,4476
2022-01-03,San Francisco,075,870044,77336,69315,3897,73212,686
2022-01-03,San Joaquin,077,732212,114266,109757,6351,116108,1903
2022-01-03,San Luis Obispo,079,281455,35005,33667,1693,35360,367
2022-01-03,San Mateo,081,765935,73788,64470,2526,66996,582
2022-01-03,Santa Barbara,083,443738,55335,51912,2169,54081,571
2022-01-03,Santa Clara,085,1922200,189773,174215,3828,178043,1963
2022-01-03,Santa Cruz,087,273765,25634,23765,1318,25083,228
2022-01-03,Shasta,089,179085,23932,23301,3979,27280,440
2022-01-03,Sierra,091,2930,218,213,21,234,0
2022-01-03,Siskiyou,093,43540,3601,3500,1494,4994,61
2022-01-03,Solano,095,438530,53580,51030,1997,53027,380
2022-01-03,Sonoma,097,501317,51002,48391,901,49292,410
2022-01-03,Stanislaus,099,539301,88394,85793,10070,95863,1332
2022-01-03,Sutter,101,95872,15349,14973,483,15456,193
2022-01-03,Tehama,103,63373,9229,9005,1659,10664,140
2022-01-03,Trinity,105,12862,929,833,229,1062,18
2022-01-03,Tulare,107,460477,74849,72664,18120,90784,1167
2022-01-03,Tuolumne,109,53932,8477,8179,128,8307,91
2022-01-03,Ventura,111,848112,122503,112762,6398,119160,1211
2022-01-03,Yolo,113,214977,24221,22563,1768,24331,270
2022-01-03,Yuba,115,75493,11380,11037,470,11507,99
2022-01-02,Alameda,001,1643700,147497,133486,5236,138722,1528
2022-01-02,Alpine,003,1148,114,113,0,113,0
2022-01-02,Amador,005,37829,6116,5913,95,6008,70
2022-01-02,Butte,007,227075,23551,22469,4254,26723,341
2022-01-02,Calaveras,009,45235,4824,4668,74,4742,93
2022-01-02,Colusa,011,21464,2717,2659,756,3415,21
2022-01-02,Contra Costa,013,1133247,119916,109593,3581,113174,1073
2022-01-02,Del Norte,015,27424,3909,3841,65,3906,43
2022-01-02,El Dorado,017,186661,18767,17621,2000,19621,172
2022-01-02,Fresno,019,978130,155254,149927,13452,163379,2379
2022-01-02,Glenn,021,27897,3731,3663,1043,4706,39
2022-01-02,Humboldt,023,135768,11227,10381,935,11316,119
2022-01-02,Imperial,025,180216,38972,37672,4925,42597,800
2022-01-02,Inyo,027,18085,2951,2726,56,2782,49
2022-01-02,Kern,029,883053,141161,136123,27380,163503,1917
2022-01-02,Kings,031,150075,35462,34318,2185,36503,386
2022-01-02,Lake,033,64148,7247,7060,203,7263,117
2022-01-02,Lassen,035,31185,7155,7089,450,7539,55
2022-01-02,Los Angeles,037,10098052,1763370,1596123,76490,1672613,27371
2022-01-02,Madera,039,155013,25766,25002,2514,27516,320
2022-01-02,Marin,041,260295,22554,20475,1294,21769,249
2022-01-02,Mariposa,043,17540,1600,1509,64,1573,6
2022-01-02,Mendocino,045,87422,8820,8422,754,9176,101
2022-01-02,Merced,047,269075,45942,44769,2230,46999,694
2022-01-02,Modoc,049,8938,617,601,215,816,6
2022-01-02,Mono,051,14174,2225,2101,30,2131,4
2022-01-02,Monterey,053,433212,53683,50251,4163,54414,643
2022-01-02,Napa,055,140530,15949,14439,298,14737,107
2022-01-02,Nevada,057,99092,10893,10299,420,10719,110
2022-01-02,Orange,059,3164182,375940,339526,24087,363613,5890
2022-01-02,Placer,061,380077,43415,40857,4664,45521,489
2022-01-02,Plumas,063,18699,2049,1994,64,2058,12
2022-01-02,Riverside,065,2383286,424101,397124,18973,416097,5501
2022-01-02,Sacramento,067,1510023,184168,173562,7109,180671,2448
2022-01-02,San Benito,069,59416,8867,8320,221,8541,79
2022-01-02,San Bernardino,071,2135413,414824,386278,14023,400301,6051
2022-01-02,San Diego,073,3302833,478482,427087,27979,455066,4469
2022-01-02,San Francisco,075,870044,74519,64498,3641,68139,682
2022-01-02,San Joaquin,077,732212,112412,106640,6245,112885,1902
2022-01-02,San Luis Obispo,079,281455,34272,32342,1607,33949,365
2022-01-02,San Mateo,081,765935,71329,60504,2116,62620,581
2022-01-02,Santa Barbara,083,443738,53941,49555,2101,51656,568
2022-01-02,Santa Clara,085,1922200,183661,164547,3231,167778,1969
2022-01-02,Santa Cruz,087,273765,24995,22980,1288,24268,228
2022-01-02,Shasta,089,179085,23744,23161,3920,27081,435
2022-01-02,Sierra,091,2930,217,206,21,227,0
2022-01-02,Siskiyou,093,43540,3577,3474,1471,4945,61
2022-01-02,Solano,095,438530,52668,48957,1791,50748,379
2022-01-02,Sonoma,097,501317,49653,46040,851,46891,410
2022-01-02,Stanislaus,099,539301,87555,84367,9945,94312,1332
2022-01-02,Sutter,101,95872,15178,14741,465,15206,193
2022-01-02,Tehama,103,63373,9165,8944,1638,10582,139
2022-01-02,Trinity,105,12862,927,832,228,1060,17
2022-01-02,Tulare,107,460477,74257,71941,17942,89883,1160
2022-01-02,Tuolumne,109,53932,8384,8044,123,8167,91
2022-01-02,Ventura,111,848112,119626,107992,6169,114161,1211
2022-01-02,Yolo,113,214977,23575,21747,1699,23446,270
2022-01-02,Yuba,115,75493,11259,10844,452,11296,99
2022-01-01,Alameda,001,1643700,145730,133486,4674,138160,1528
2022-01-01,Alpine,003,1148,114,113,0,113,0
2022-01-01,Amador,005,37829,6081,5913,91,6004,70
2022-01-01,Butte,007,227075,23379,22469,4229,26698,341
2022-01-01,Calaveras,009,45235,4802,4668,72,4740,93
2022-01-01,Colusa,011,21464,2715,2659,746,3405,21
2022-01-01,Contra Costa,013,1133247,118601,109593,3414,113007,1073
2022-01-01,Del Norte,015,27424,3903,3841,65,3906,43
2022-01-01,El Dorado,017,186661,18626,17621,1982,19603,172
2022-01-01,Fresno,019,978130,154605,149927,13389,163316,2379
2022-01-01,Glenn,021,27897,3726,3663,1043,4706,39
2022-01-01,Humboldt,023,135768,11100,10381,913,11294,119
2022-01-01,Imperial,025,180216,38833,37672,4878,42550,800
2022-01-01,Inyo,027,18085,2923,2726,52,2778,49
2022-01-01,Kern,029,883053,140485,136123,27077,163200,1917
2022-01-01,Kings,031,150075,35331,34318,2169,36487,386
2022-01-01,Lake,033,64148,7215,7060,199,7259,117
2022-01-01,Lassen,035,31185,7149,7089,445,7534,55
2022-01-01,Los Angeles,037,10098052,1744177,1596123,74568,1670691,27371
2022-01-01,Madera,039,155013,25685,25002,2499,27501,320
2022-01-01,Marin,041,260295,22255,20475,1124,21599,249
2022-01-01,Mariposa,043,17540,1589,1509,64,1573,6
2022-01-01,Mendocino,045,87422,8729,8422,737,9159,101
2022-01-01,Merced,047,269075,45813,44769,2208,46977,694
2022-01-01,Modoc,049,8938,614,601,215,816,6
2022-01-01,Mono,051,14174,2213,2101,26,2127,4
2022-01-01,Monterey,053,433212,53410,50251,4074,54325,643
2022-01-01,Napa,055,140530,15807,14439,281,14720,107
2022-01-01,Nevada,057,99092,10831,10299,412,10711,110
2022-01-01,Orange,059,3164182,371791,339526,23334,362860,5890
2022-01-01,Placer,061,380077,43131,40857,4601,45458,489
2022-01-01,Plumas,063,18699,2038,1994,64,2058,12
2022-01-01,Riverside,065,2383286,420718,397124,18780,415904,5501
2022-01-01,Sacramento,067,1510023,183064,173562,6697,180259,2448
2022-01-01,San Benito,069,59416,8772,8320,219,8539,79
2022-01-01,San Bernardino,071,2135413,411878,386278,13760,400038,6051
2022-01-01,San Diego,073,3302833,472757,427087,27521,454608,4469
2022-01-01,San Francisco,075,870044,73156,64498,3399,67897,682
2022-01-01,San Joaquin,077,732212,111726,106640,6194,112834,1902
2022-01-01,San Luis Obispo,079,281455,34074,32342,1599,33941,365
2022-01-01,San Mateo,081,765935,69909,60504,1868,62372,581
2022-01-01,Santa Barbara,083,443738,53232,49555,2023,51578,568
2022-01-01,Santa Clara,085,1922200,180650,164547,2976,167523,1969
2022-01-01,Santa Cruz,087,273765,24689,22980,1249,24229,228
2022-01-01,Shasta,089,179085,23663,23161,3901,27062,435
2022-01-01,Sierra,091,2930,216,206,21,227,0
2022-01-01,Siskiyou,093,43540,3575,3474,1464,4938,61
2022-01-01,Solano,095,438530,52411,48957,1728,50685,379
2022-01-01,Sonoma,097,501317,49283,46040,815,46855,410
2022-01-01,Stanislaus,099,539301,87154,84367,9880,94247,1332
2022-01-01,Sutter,101,95872,15103,14741,456,15197,193
2022-01-01,Tehama,103,63373,9134,8944,1627,10571,139
2022-01-01,Trinity,105,12862,924,832,228,1060,17
2022-01-01,Tulare,107,460477,74029,71941,17844,89785,1160
2022-01-01,Tuolumne,109,53932,8328,8044,120,8164,91
2022-01-01,Ventura,111,848112,118252,107992,6010,114002,1211
2022-01-01,Yolo,113,214977,23157,21747,1659,23406,270
2022-01-01,Yuba,115,75493,11194,10844,446,11290,99
2021-12-31,Alameda,001,1643700,145034,133486,4520,138006,1528
2021-12-31,Alpine,003,1148,114,113,0,113,0
2021-12-31,Amador,005,37829,6058,5913,90,6003,70
2021-12-31,Butte,007,227075,23294,22469,4202,26671,341
2021-12-31,Calaveras,009,45235,4781,4668,72,4740,93
2021-12-31,Colusa,011,21464,2710,2659,739,3398,21
2021-12-31,Contra Costa,013,1133247,117772,109593,3342,112935,1073
2021-12-31,Del Norte,015,27424,3894,3841,63,3904,43
2021-12-31,El Dorado,017,186661,18556,17621,1962,19583,172
2021-12-31,Fresno,019,978130,154317,149927,13372,163299,2379
2021-12-31,Glenn,021,27897,3725,3663,1043,4706,39
2021-12-31,Humboldt,023,135768,11013,10381,895,11276,119
2021-12-31,Imperial,025,180216,38727,37672,4865,42537,800
2021-12-31,Inyo,027,18085,2898,2726,52,2778,49
2021-12-31,Kern,029,883053,139990,136123,26948,163071,1917
2021-12-31,Kings,031,150075,35235,34318,2164,36482,386
2021-12-31,Lake,033,64148,7194,7060,196,7256,117
2021-12-31,Lassen,035,31185,7138,7089,445,7534,55
2021-12-31,Los Angeles,037,10098052,1734072,1596123,73802,1669925,27371
2021-12-31,Madera,039,155013,25621,25002,2483,27485,320
2021-12-31,Marin,041,260295,22106,20475,1054,21529,249
2021-12-31,Mariposa,043,17540,1583,1509,63,1572,6
2021-12-31,Mendocino,045,87422,8698,8422,727,9149,101
2021-12-31,Merced,047,269075,45738,44769,2188,46957,694
2021-12-31,Modoc,049,8938,610,601,213,814,6
2021-12-31,Mono,051,14174,2206,2101,26,2127,4
2021-12-31,Monterey,053,433212,53300,50251,4004,54255,643
2021-12-31,Napa,055,140530,15702,14439,271,14710,107
2021-12-31,Nevada,057,99092,10770,10299,406,10705,110
2021-12-31,Orange,059,3164182,369417,339526,22906,362432,5890
2021-12-31,Placer,061,380077,42915,40857,4533,45390,489
2021-12-31,Plumas,063,18699,2034,1994,63,2057,12
2021-12-31,Riverside,065,2383286,419162,397124,18638,415762,5501
2021-12-31,Sacramento,067,1510023,182333,173562,6559,180121,2448
2021-12-31,San Benito,069,59416,8758,8320,217,8537,79
2021-12-31,San Bernardino,071,2135413,409812,386278,13575,399853,6051
2021-12-31,San Diego,073,3302833,469687,427087,27251,454338,4469
2021-12-31,San Francisco,075,870044,72284,64498,3327,67825,682
2021-12-31,San Joaquin,077,732212,111127,106640,6150,112790,1902
2021-12-31,San Luis Obispo,079,281455,33974,32342,1584,33926,365
2021-12-31,San Mateo,081,765935,69058,60504,1799,62303,581
2021-12-31,Santa Barbara,083,443738,52878,49555,1995,51550,568
2021-12-31,Santa Clara,085,1922200,178736,164547,2806,167353,1969
2021-12-31,Santa Cruz,087,273765,24471,22980,1232,24212,228
2021-12-31,Shasta,089,179085,23599,23161,3878,27039,435
2021-12-31,Sierra,091,2930,216,206,21,227,0
2021-12-31,Siskiyou,093,43540,3570,3474,1449,4923,61
2021-12-31,Solano,095,438530,52262,48957,1686,50643,379
2021-12-31,Sonoma,097,501317,49059,46040,795,46835,410
2021-12-31,Stanislaus,099,539301,86836,84367,9834,94201,1332
2021-12-31,Sutter,101,95872,15043,14741,448,15189,193
2021-12-31,Tehama,103,63373,9104,8944,1619,10563,139
2021-12-31,Trinity,105,12862,923,832,228,1060,17
2021-12-31,Tulare,107,460477,73843,71941,17763,89704,1160
2021-12-31,Tuolumne,109,53932,8285,8044,118,8162,91
2021-12-31,Ventura,111,848112,117298,107992,5911,113903,1211
2021-12-31,Yolo,113,214977,22938,21747,1634,23381,270
2021-12-31,Yuba,115,75493,11139,10844,440,11284,99
2021-12-30,Alameda,001,1643700,143785,133486,4234,137720,1528
2021-12-30,Alpine,003,1148,113,113,0,113,0
2021-12-30,Amador,005,37829,6040,5913,89,6002,70
2021-12-30,Butte,007,227075,23179,22469,4180,26649,341
2021-12-30,Calaveras,009,45235,4765,4668,72,4740,93
2021-12-30,Colusa,011,21464,2709,2659,737,3396,21
2021-12-30,Contra Costa,013,1133247,116687,109593,3209,112802,1073
2021-12-30,Del Norte,015,27424,3884,3841,62,3903,43
2021-12-30,El Dorado,017,186661,18457,17621,1941,19562,172
2021-12-30,Fresno,019,978130,153833,149927,13310,163237,2379
2021-12-30,Glenn,021,27897,3720,3663,1042,4705,39
2021-12-30,Humboldt,023,135768,10945,10381,882,11263,119
2021-12-30,Imperial,025,180216,38576,37672,4738,42410,800
2021-12-30,Inyo,027,18085,2879,2726,50,2776,49
2021-12-30,Kern,029,883053,139473,136123,26672,162795,1917
2021-12-30,Kings,031,150075,35116,34318,2152,36470,386
2021-12-30,Lake,033,64148,7181,7060,191,7251,117
2021-12-30,Lassen,035,31185,7132,7089,445,7534,55
2021-12-30,Los Angeles,037,10098052,1711590,1596123,72493,1668616,27371
2021-12-30,Madera,039,155013,25540,25002,2463,27465,320
2021-12-30,Marin,041,260295,21936,20475,995,21470,249
2021-12-30,Mariposa,043,17540,1577,1509,63,1572,6
2021-12-30,Mendocino,045,87422,8681,8422,715,9137,101
2021-12-30,Merced,047,269075,45647,44769,2170,46939,694
2021-12-30,Modoc,049,8938,609,601,213,814,6
2021-12-30,Mono,051,14174,2205,2101,25,2126,4
2021-12-30,Monterey,053,433212,53018,50251,3942,54193,643
2021-12-30,Napa,055,140530,15560,14439,261,14700,107
2021-12-30,Nevada,057,99092,10708,10299,398,10697,110
2021-12-30,Orange,059,3164182,364406,339526,22361,361887,5890
2021-12-30,Placer,061,380077,42648,40857,4485,45342,489
2021-12-30,Plumas,063,18699,2031,1994,62,2056,12
2021-12-30,Riverside,065,2383286,415973,397124,18514,415638,5501
2021-12-30,Sacramento,067,1510023,181168,173562,6357,179919,2448
2021-12-30,San Benito,069,59416,8715,8320,213,8533,79
2021-12-30,San Bernardino,071,2135413,407472,386278,13445,399723,6051
2021-12-30,San Diego,073,3302833,464742,427087,26817,453904,4469
2021-12-30,San Francisco,075,870044,71174,64498,3244,67742,682
2021-12-30,San Joaquin,077,732212,110550,106640,6118,112758,1902
2021-12-30,San Luis Obispo,079,281455,33859,32342,1569,33911,365
2021-12-30,San Mateo,081,765935,68057,60504,1641,62145,581
2021-12-30,Santa Barbara,083,443738,52413,49555,1944,51499,568
2021-12-30,Santa Clara,085,1922200,176455,164547,2663,167210,1969
2021-12-30,Santa Cruz,087,273765,24236,22980,1203,24183,228
2021-12-30,Shasta,089,179085,23549,23161,3872,27033,435
2021-12-30,Sierra,091,2930,216,206,21,227,0
2021-12-30,Siskiyou,093,43540,3560,3474,1445,4919,61
2021-12-30,Solano,095,438530,51916,48957,1634,50591,379
2021-12-30,Sonoma,097,501317,48738,46040,780,46820,410
2021-12-30,Stanislaus,099,539301,86520,84367,9783,94150,1332
2021-12-30,Sutter,101,95872,14984,14741,445,15186,193
2021-12-30,Tehama,103,63373,9077,8944,1613,10557,139
2021-12-30,Trinity,105,12862,920,832,228,1060,17
2021-12-30,Tulare,107,460477,73672,71941,17686,89627,1160
2021-12-30,Tuolumne,109,53932,8247,8044,117,8161,91
2021-12-30,Ventura,111,848112,116051,107992,5802,113794,1211
2021-12-30,Yolo,113,214977,22807,21747,1608,23355,270
2021-12-30,Yuba,115,75493,11092,10844,437,11281,99
2021-12-29,Alameda,001,1643700,140603,131586,4047,135633,1529
2021-12-29,Alpine,003,1148,113,113,0,113,0
2021-12-29,Amador,005,37829,6017,5905,85,5990,70
2021-12-29,Butte,007,227075,23042,22353,4144,26497,338
2021-12-29,Calaveras,009,45235,4739,4646,70,4716,93
2021-12-29,Colusa,011,21464,2699,2657,732,3389,21
2021-12-29,Contra Costa,013,1133247,114576,108165,3076,111241,1072
2021-12-29,Del Norte,015,27424,3871,3826,60,3886,43
2021-12-29,El Dorado,017,186661,18231,17489,1923,19412,172
2021-12-29,Fresno,019,978130,152793,149318,13222,162540,2364
2021-12-29,Glenn,021,27897,3710,3653,1040,4693,39
2021-12-29,Humboldt,023,135768,10839,10249,861,11110,119
2021-12-29,Imperial,025,180216,38371,37460,4664,42124,800
2021-12-29,Inyo,027,18085,2847,2703,50,2753,49
2021-12-29,Kern,029,883053,138698,135648,26293,161941,1913
2021-12-29,Kings,031,150075,34994,34216,2148,36364,386
2021-12-29,Lake,033,64148,7150,7048,189,7237,117
2021-12-29,Lassen,035,31185,7129,7085,444,7529,55
2021-12-29,Los Angeles,037,10098052,1682233,1576414,70727,1647141,27349
2021-12-29,Madera,039,155013,25436,24923,2453,27376,320
2021-12-29,Marin,041,260295,21586,20025,960,20985,249
2021-12-29,Mariposa,043,17540,1555,1507,63,1570,6
2021-12-29,Mendocino,045,87422,8622,8386,706,9092,99
2021-12-29,Merced,047,269075,45429,44548,2155,46703,693
2021-12-29,Modoc,049,8938,606,600,213,813,6
2021-12-29,Mono,051,14174,2181,2056,25,2081,4
2021-12-29,Monterey,053,433212,52617,50097,3838,53935,641
2021-12-29,Napa,055,140530,15239,14247,242,14489,107
2021-12-29,Nevada,057,99092,10616,10274,397,10671,110
2021-12-29,Orange,059,3164182,356973,334557,21691,356248,5887
2021-12-29,Placer,061,380077,42166,40545,4411,44956,489
2021-12-29,Plumas,063,18699,2019,1990,62,2052,12
2021-12-29,Riverside,065,2383286,410663,392989,18333,411322,5486
2021-12-29,Sacramento,067,1510023,178922,172145,6190,178335,2437
2021-12-29,San Benito,069,59416,8570,8239,212,8451,79
2021-12-29,San Bernardino,071,2135413,402419,382872,13253,396125,6049
2021-12-29,San Diego,073,3302833,454135,421045,26209,447254,4461
2021-12-29,San Francisco,075,870044,69466,63117,3174,66291,684
2021-12-29,San Joaquin,077,732212,109384,106063,6065,112128,1891
2021-12-29,San Luis Obispo,079,281455,33448,31936,1523,33459,365
2021-12-29,San Mateo,081,765935,66487,59478,1523,61001,581
2021-12-29,Santa Barbara,083,443738,51599,49003,1912,50915,568
2021-12-29,Santa Clara,085,1922200,173321,162008,2526,164534,1962
2021-12-29,Santa Cruz,087,273765,23963,22669,1182,23851,228
2021-12-29,Shasta,089,179085,23474,23083,3861,26944,435
2021-12-29,Sierra,091,2930,216,206,21,227,0
2021-12-29,Siskiyou,093,43540,3548,3472,1435,4907,61
2021-12-29,Solano,095,438530,51220,48562,1577,50139,379
2021-12-29,Sonoma,097,501317,47935,45479,757,46236,410
2021-12-29,Stanislaus,099,539301,86030,84083,9730,93813,1332
2021-12-29,Sutter,101,95872,14919,14688,444,15132,193
2021-12-29,Tehama,103,63373,9056,8914,1601,10515,138
2021-12-29,Trinity,105,12862,919,832,228,1060,17
2021-12-29,Tulare,107,460477,73399,71752,17568,89320,1160
2021-12-29,Tuolumne,109,53932,8194,8012,116,8128,91
2021-12-29,Ventura,111,848112,114106,106974,5630,112604,1207
2021-12-29,Yolo,113,214977,22577,21564,1576,23140,270
2021-12-29,Yuba,115,75493,11031,10808,433,11241,99
2021-12-28,Alameda,001,1643700,137509,130427,3863,134290,1522
2021-12-28,Alpine,003,1148,113,113,0,113,0
2021-12-28,Amador,005,37829,5998,5900,84,5984,70
2021-12-28,Butte,007,227075,22904,22285,4127,26412,338
2021-12-28,Calaveras,009,45235,4724,4641,69,4710,91
2021-12-28,Colusa,011,21464,2693,2653,730,3383,21
2021-12-28,Contra Costa,013,1133247,112314,107160,2959,110119,1072
2021-12-28,Del Norte,015,27424,3865,3815,60,3875,43
2021-12-28,El Dorado,017,186661,18009,17419,1910,19329,172
2021-12-28,Fresno,019,978130,151831,148987,13147,162134,2365
2021-12-28,Glenn,021,27897,3688,3639,1039,4678,39
2021-12-28,Humboldt,023,135768,10720,10198,836,11034,119
2021-12-28,Imperial,025,180216,38101,37223,4555,41778,800
2021-12-28,Inyo,027,18085,2790,2676,48,2724,48
2021-12-28,Kern,029,883053,138001,135346,25956,161302,1909
2021-12-28,Kings,031,150075,34857,34165,2134,36299,386
2021-12-28,Lake,033,64148,7134,7044,185,7229,116
2021-12-28,Lassen,035,31185,7121,7083,444,7527,55
2021-12-28,Los Angeles,037,10098052,1649235,1561791,69150,1630941,27323
2021-12-28,Madera,039,155013,25310,24865,2436,27301,320
2021-12-28,Marin,041,260295,21177,19739,914,20653,249
2021-12-28,Mariposa,043,17540,1544,1499,62,1561,6
2021-12-28,Mendocino,045,87422,8561,8366,697,9063,98
2021-12-28,Merced,047,269075,45190,44434,2147,46581,691
2021-12-28,Modoc,049,8938,606,599,212,811,6
2021-12-28,Mono,051,14174,2162,2045,24,2069,4
2021-12-28,Monterey,053,433212,52261,49973,3763,53736,639
2021-12-28,Napa,055,140530,14924,14131,214,14345,107
2021-12-28,Nevada,057,99092,10526,10250,394,10644,110
2021-12-28,Orange,059,3164182,349390,331279,20955,352234,5882
2021-12-28,Placer,061,380077,41702,40410,4339,44749,489
2021-12-28,Plumas,063,18699,2016,1989,61,2050,12
2021-12-28,Riverside,065,2383286,405485,390343,18110,408453,5470
2021-12-28,Sacramento,067,1510023,176808,171290,6052,177342,2426
2021-12-28,San Benito,069,59416,8430,8170,209,8379,79
2021-12-28,San Bernardino,071,2135413,397042,381316,13062,394378,6047
2021-12-28,San Diego,073,3302833,443559,417383,25766,443149,4450
2021-12-28,San Francisco,075,870044,67847,61745,3112,64857,682
2021-12-28,San Joaquin,077,732212,108336,105572,6020,111592,1884
2021-12-28,San Luis Obispo,079,281455,32958,31759,1508,33267,365
2021-12-28,San Mateo,081,765935,65037,58712,1433,60145,582
2021-12-28,Santa Barbara,083,443738,50979,48493,1887,50380,568
2021-12-28,Santa Clara,085,1922200,170190,160811,2422,163233,1962
2021-12-28,Santa Cruz,087,273765,23592,22513,1151,23664,228
2021-12-28,Shasta,089,179085,23403,23035,3855,26890,434
2021-12-28,Sierra,091,2930,213,206,21,227,0
2021-12-28,Siskiyou,093,43540,3539,3468,1429,4897,60
2021-12-28,Solano,095,438530,50281,48318,1521,49839,378
2021-12-28,Sonoma,097,501317,47092,45086,730,45816,410
2021-12-28,Stanislaus,099,539301,85544,83946,9679,93625,1331
2021-12-28,Sutter,101,95872,14870,14662,442,15104,193
2021-12-28,Tehama,103,63373,9039,8893,1599,10492,138
2021-12-28,Trinity,105,12862,917,831,227,1058,17
2021-12-28,Tulare,107,460477,73141,71630,17442,89072,1156
2021-12-28,Tuolumne,109,53932,8151,8006,116,8122,91
2021-12-28,Ventura,111,848112,111990,105883,5499,111382,1207
2021-12-28,Yolo,113,214977,22254,21320,1527,22847,270
2021-12-28,Yuba,115,75493,10977,10778,431,11209,99
2021-12-27,Alameda,001,1643700,134966,129910,3697,133607,1530
2021-12-27,Alpine,003,1148,113,113,0,113,0
2021-12-27,Amador,005,37829,5970,5891,84,5975,70
2021-12-27,Butte,007,227075,22776,22234,4105,26339,335
2021-12-27,Calaveras,009,45235,4702,4630,68,4698,91
2021-12-27,Colusa,011,21464,2684,2652,724,3376,21
2021-12-27,Contra Costa,013,1133247,110203,106692,2876,109568,1071
2021-12-27,Del Norte,015,27424,3856,3802,59,3861,43
2021-12-27,El Dorado,017,186661,17846,17361,1897,19258,172
2021-12-27,Fresno,019,978130,150978,148826,13081,161907,2364
2021-12-27,Glenn,021,27897,3679,3634,1032,4666,39
2021-12-27,Humboldt,023,135768,10604,10164,812,10976,119
2021-12-27,Imperial,025,180216,37890,37180,4454,41634,800
2021-12-27,Inyo,027,18085,2761,2662,46,2708,48
2021-12-27,Kern,029,883053,137357,135119,25663,160782,1907
2021-12-27,Kings,031,150075,34705,34126,2123,36249,382
2021-12-27,Lake,033,64148,7111,7037,176,7213,116
2021-12-27,Lassen,035,31185,7115,7080,444,7524,55
2021-12-27,Los Angeles,037,10098052,1613798,1554074,67420,1621494,27300
2021-12-27,Madera,039,155013,25194,24840,2418,27258,320
2021-12-27,Marin,041,260295,20789,19601,878,20479,249
2021-12-27,Mariposa,043,17540,1529,1495,62,1557,6
2021-12-27,Mendocino,045,87422,8494,8351,692,9043,98
2021-12-27,Merced,047,269075,44961,44383,2129,46512,690
2021-12-27,Modoc,049,8938,604,599,212,811,6
2021-12-27,Mono,051,14174,2079,2026,24,2050,4
2021-12-27,Monterey,053,433212,51972,49918,3712,53630,639
2021-12-27,Napa,055,140530,14661,14083,205,14288,107
2021-12-27,Nevada,057,99092,10458,10239,386,10625,110
2021-12-27,Orange,059,3164182,342015,329222,20159,349381,5875
2021-12-27,Placer,061,380077,41323,40263,4291,44554,489
2021-12-27,Plumas,063,18699,2015,1988,59,2047,12
2021-12-27,Riverside,065,2383286,400993,389096,17885,406981,5470
2021-12-27,Sacramento,067,1510023,174848,170858,5880,176738,2422
2021-12-27,San Benito,069,59416,8309,8133,205,8338,79
2021-12-27,San Bernardino,071,2135413,391474,380526,12885,393411,6047
2021-12-27,San Diego,073,3302833,433801,414968,25350,440318,4445
2021-12-27,San Francisco,075,870044,66100,60920,3044,63964,682
2021-12-27,San Joaquin,077,732212,107427,105413,5973,111386,1876
2021-12-27,San Luis Obispo,079,281455,32508,31671,1486,33157,365
2021-12-27,San Mateo,081,765935,63572,58397,1330,59727,581
2021-12-27,Santa Barbara,083,443738,50219,48209,1861,50070,568
2021-12-27,Santa Clara,085,1922200,167213,159904,2299,162203,1961
2021-12-27,Santa Cruz,087,273765,23304,22456,1135,23591,228
2021-12-27,Shasta,089,179085,23339,23015,3843,26858,432
2021-12-27,Sierra,091,2930,213,206,21,227,0
2021-12-27,Siskiyou,093,43540,3530,3466,1424,4890,60
2021-12-27,Solano,095,438530,49552,48172,1471,49643,378
2021-12-27,Sonoma,097,501317,46527,44990,710,45700,410
2021-12-27,Stanislaus,099,539301,85092,83833,9643,93476,1331
2021-12-27,Sutter,101,95872,14815,14642,436,15078,191
2021-12-27,Tehama,103,63373,9023,8887,1592,10479,136
2021-12-27,Trinity,105,12862,917,827,227,1054,17
2021-12-27,Tulare,107,460477,72898,71562,17344,88906,1146
2021-12-27,Tuolumne,109,53932,8114,7978,115,8093,91
2021-12-27,Ventura,111,848112,109884,105212,5367,110579,1206
2021-12-27,Yolo,113,214977,21972,21300,1493,22793,270
2021-12-27,Yuba,115,75493,10917,10759,429,11188,98
2021-12-26,Alameda,001,1643700,132956,127221,3615,130836,1525
2021-12-26,Alpine,003,1148,113,113,0,113,0
2021-12-26,Amador,005,37829,5954,5861,80,5941,70
2021-12-26,Butte,007,227075,22628,22087,4082,26169,330
2021-12-26,Calaveras,009,45235,4680,4591,68,4659,91
2021-12-26,Colusa,011,21464,2674,2647,718,3365,21
2021-12-26,Contra Costa,013,1133247,108537,105022,2778,107800,1071
2021-12-26,Del Norte,015,27424,3851,3795,59,3854,43
2021-12-26,El Dorado,017,186661,17697,17188,1888,19076,172
2021-12-26,Fresno,019,978130,150344,148027,13016,161043,2358
2021-12-26,Glenn,021,27897,3672,3611,1028,4639,39
2021-12-26,Humboldt,023,135768,10460,10052,788,10840,119
2021-12-26,Imperial,025,180216,37609,36878,4366,41244,800
2021-12-26,Inyo,027,18085,2736,2636,43,2679,47
2021-12-26,Kern,029,883053,136653,134591,25411,160002,1908
2021-12-26,Kings,031,150075,34556,34009,2117,36126,379
2021-12-26,Lake,033,64148,7091,7019,173,7192,116
2021-12-26,Lassen,035,31185,7109,7072,443,7515,55
2021-12-26,Los Angeles,037,10098052,1584796,1515469,65614,1581083,27257
2021-12-26,Madera,039,155013,25076,24741,2403,27144,320
2021-12-26,Marin,041,260295,20412,19085,812,19897,249
2021-12-26,Mariposa,043,17540,1523,1480,62,1542,6
2021-12-26,Mendocino,045,87422,8444,8314,687,9001,98
2021-12-26,Merced,047,269075,44717,44208,2118,46326,690
2021-12-26,Modoc,049,8938,603,597,210,807,6
2021-12-26,Mono,051,14174,2057,2000,24,2024,4
2021-12-26,Monterey,053,433212,51704,49709,3663,53372,638
2021-12-26,Napa,055,140530,14431,13809,198,14007,107
2021-12-26,Nevada,057,99092,10402,10153,378,10531,110
2021-12-26,Orange,059,3164182,335795,322991,19372,342363,5863
2021-12-26,Placer,061,380077,40978,39852,4219,44071,489
2021-12-26,Plumas,063,18699,2008,1987,58,2045,12
2021-12-26,Riverside,065,2383286,396892,384567,17726,402293,5470
2021-12-26,Sacramento,067,1510023,173214,169144,5728,174872,2418
2021-12-26,San Benito,069,59416,8223,7991,197,8188,79
2021-12-26,San Bernardino,071,2135413,387015,376052,12715,388767,6043
2021-12-26,San Diego,073,3302833,425042,406616,24931,431547,4442
2021-12-26,San Francisco,075,870044,64519,58229,2980,61209,682
2021-12-26,San Joaquin,077,732212,106623,104590,5921,110511,1872
2021-12-26,San Luis Obispo,079,281455,32092,31290,1468,32758,365
2021-12-26,San Mateo,081,765935,62214,56973,1279,58252,581
2021-12-26,Santa Barbara,083,443738,49563,47553,1829,49382,567
2021-12-26,Santa Clara,085,1922200,164508,156872,2163,159035,1967
2021-12-26,Santa Cruz,087,273765,23020,22176,1125,23301,228
2021-12-26,Shasta,089,179085,23256,22959,3831,26790,432
2021-12-26,Sierra,091,2930,213,202,21,223,0
2021-12-26,Siskiyou,093,43540,3522,3460,1415,4875,60
2021-12-26,Solano,095,438530,49052,47646,1432,49078,377
2021-12-26,Sonoma,097,501317,46041,44358,676,45034,408
2021-12-26,Stanislaus,099,539301,84722,83368,9609,92977,1331
2021-12-26,Sutter,101,95872,14752,14533,433,14966,191
2021-12-26,Tehama,103,63373,8991,8861,1589,10450,136
2021-12-26,Trinity,105,12862,917,826,226,1052,17
2021-12-26,Tulare,107,460477,72673,71292,17234,88526,1137
2021-12-26,Tuolumne,109,53932,8077,7919,115,8034,91
2021-12-26,Ventura,111,848112,108058,103498,5214,108712,1206
2021-12-26,Yolo,113,214977,21695,21084,1453,22537,270
2021-12-26,Yuba,115,75493,10868,10694,427,11121,98
2021-12-25,Alameda,001,1643700,131922,127221,3546,130767,1525
2021-12-25,Alpine,003,1148,113,113,0,113,0
2021-12-25,Amador,005,37829,5935,5861,80,5941,70
2021-12-25,Butte,007,227075,22537,22087,4066,26153,330
2021-12-25,Calaveras,009,45235,4652,4591,68,4659,91
2021-12-25,Colusa,011,21464,2670,2647,712,3359,21
2021-12-25,Contra Costa,013,1133247,107743,105022,2723,107745,1071
2021-12-25,Del Norte,015,27424,3844,3795,58,3853,43
2021-12-25,El Dorado,017,186661,17643,17188,1877,19065,172
2021-12-25,Fresno,019,978130,150050,148027,12980,161007,2358
2021-12-25,Glenn,021,27897,3663,3611,1026,4637,39
2021-12-25,Humboldt,023,135768,10384,10052,780,10832,119
2021-12-25,Imperial,025,180216,37501,36878,4340,41218,800
2021-12-25,Inyo,027,18085,2716,2636,43,2679,47
2021-12-25,Kern,029,883053,136306,134591,25289,159880,1908
2021-12-25,Kings,031,150075,34473,34009,2109,36118,379
2021-12-25,Lake,033,64148,7079,7019,171,7190,116
2021-12-25,Lassen,035,31185,7107,7072,443,7515,55
2021-12-25,Los Angeles,037,10098052,1572669,1515469,64292,1579761,27257
2021-12-25,Madera,039,155013,25028,24741,2397,27138,320
2021-12-25,Marin,041,260295,20074,19085,758,19843,249
2021-12-25,Mariposa,043,17540,1517,1480,62,1542,6
2021-12-25,Mendocino,045,87422,8406,8314,687,9001,98
2021-12-25,Merced,047,269075,44618,44208,2116,46324,690
2021-12-25,Modoc,049,8938,603,597,210,807,6
2021-12-25,Mono,051,14174,2051,2000,24,2024,4
2021-12-25,Monterey,053,433212,51543,49709,3627,53336,638
2021-12-25,Napa,055,140530,14320,13809,190,13999,107
2021-12-25,Nevada,057,99092,10374,10153,375,10528,110
2021-12-25,Orange,059,3164182,332997,322991,18807,341798,5863
2021-12-25,Placer,061,380077,40790,39852,4184,44036,489
2021-12-25,Plumas,063,18699,2006,1987,57,2044,12
2021-12-25,Riverside,065,2383286,394663,384567,17604,402171,5470
2021-12-25,Sacramento,067,1510023,172392,169144,5622,174766,2418
2021-12-25,San Benito,069,59416,8159,7991,197,8188,79
2021-12-25,San Bernardino,071,2135413,384914,376052,12585,388637,6043
2021-12-25,San Diego,073,3302833,421041,406616,24677,431293,4442
2021-12-25,San Francisco,075,870044,63484,58229,2943,61172,682
2021-12-25,San Joaquin,077,732212,106293,104590,5890,110480,1872
2021-12-25,San Luis Obispo,079,281455,31956,31290,1459,32749,365
2021-12-25,San Mateo,081,765935,61215,56973,1233,58206,581
2021-12-25,Santa Barbara,083,443738,49208,47553,1814,49367,567
2021-12-25,Santa Clara,085,1922200,163021,156872,2094,158966,1967
2021-12-25,Santa Cruz,087,273765,22862,22176,1120,23296,228
2021-12-25,Shasta,089,179085,23225,22959,3825,26784,432
2021-12-25,Sierra,091,2930,213,202,21,223,0
2021-12-25,Siskiyou,093,43540,3519,3460,1409,4869,60
2021-12-25,Solano,095,438530,48931,47646,1414,49060,377
2021-12-25,Sonoma,097,501317,45659,44358,649,45007,408
2021-12-25,Stanislaus,099,539301,84508,83368,9587,92955,1331
2021-12-25,Sutter,101,95872,14711,14533,429,14962,191
2021-12-25,Tehama,103,63373,8971,8861,1585,10446,136
2021-12-25,Trinity,105,12862,916,826,226,1052,17
2021-12-25,Tulare,107,460477,72548,71292,17157,88449,1137
2021-12-25,Tuolumne,109,53932,8047,7919,115,8034,91
2021-12-25,Ventura,111,848112,106894,103498,5105,108603,1206
2021-12-25,Yolo,113,214977,21584,21084,1432,22516,270
2021-12-25,Yuba,115,75493,10842,10694,426,11120,98
2021-12-24,Alameda,001,1643700,131336,127221,3522,130743,1525
2021-12-24,Alpine,003,1148,113,113,0,113,0
2021-12-24,Amador,005,37829,5927,5861,79,5940,70
2021-12-24,Butte,007,227075,22483,22087,4053,26140,330
2021-12-24,Calaveras,009,45235,4646,4591,68,4659,91
2021-12-24,Colusa,011,21464,2668,2647,711,3358,21
2021-12-24,Contra Costa,013,1133247,107451,105022,2692,107714,1071
2021-12-24,Del Norte,015,27424,3837,3795,58,3853,43
2021-12-24,El Dorado,017,186661,17594,17188,1872,19060,172
2021-12-24,Fresno,019,978130,149891,148027,12970,160997,2358
2021-12-24,Glenn,021,27897,3662,3611,1026,4637,39
2021-12-24,Humboldt,023,135768,10328,10052,774,10826,119
2021-12-24,Imperial,025,180216,37420,36878,4334,41212,800
2021-12-24,Inyo,027,18085,2696,2636,43,2679,47
2021-12-24,Kern,029,883053,136181,134591,25247,159838,1908
2021-12-24,Kings,031,150075,34420,34009,2108,36117,379
2021-12-24,Lake,033,64148,7075,7019,171,7190,116
2021-12-24,Lassen,035,31185,7104,7072,443,7515,55
2021-12-24,Los Angeles,037,10098052,1568331,1515469,63799,1579268,27257
2021-12-24,Madera,039,155013,24995,24741,2392,27133,320
2021-12-24,Marin,041,260295,19930,19085,723,19808,249
2021-12-24,Mariposa,043,17540,1515,1480,62,1542,6
2021-12-24,Mendocino,045,87422,8391,8314,687,9001,98
2021-12-24,Merced,047,269075,44574,44208,2112,46320,690
2021-12-24,Modoc,049,8938,603,597,210,807,6
2021-12-24,Mono,051,14174,2046,2000,24,2024,4
2021-12-24,Monterey,053,433212,51449,49709,3602,53311,638
2021-12-24,Napa,055,140530,14255,13809,186,13995,107
2021-12-24,Nevada,057,99092,10346,10153,373,10526,110
2021-12-24,Orange,059,3164182,332004,322991,18650,341641,5863
2021-12-24,Placer,061,380077,40673,39852,4167,44019,489
2021-12-24,Plumas,063,18699,2005,1987,55,2042,12
2021-12-24,Riverside,065,2383286,393688,384567,17515,402082,5470
2021-12-24,Sacramento,067,1510023,172094,169144,5583,174727,2418
2021-12-24,San Benito,069,59416,8151,7991,196,8187,79
2021-12-24,San Bernardino,071,2135413,383850,376052,12519,388571,6043
2021-12-24,San Diego,073,3302833,419954,406616,24552,431168,4442
2021-12-24,San Francisco,075,870044,62976,58229,2924,61153,682
2021-12-24,San Joaquin,077,732212,106110,104590,5883,110473,1872
2021-12-24,San Luis Obispo,079,281455,31900,31290,1451,32741,365
2021-12-24,San Mateo,081,765935,60789,56973,1208,58181,581
2021-12-24,Santa Barbara,083,443738,49005,47553,1809,49362,567
2021-12-24,Santa Clara,085,1922200,162204,156872,2058,158930,1967
2021-12-24,Santa Cruz,087,273765,22780,22176,1117,23293,228
2021-12-24,Shasta,089,179085,23194,22959,3821,26780,432
2021-12-24,Sierra,091,2930,212,202,21,223,0
2021-12-24,Siskiyou,093,43540,3514,3460,1405,4865,60
2021-12-24,Solano,095,438530,48879,47646,1412,49058,377
2021-12-24,Sonoma,097,501317,45499,44358,641,44999,408
2021-12-24,Stanislaus,099,539301,84397,83368,9572,92940,1331
2021-12-24,Sutter,101,95872,14691,14533,425,14958,191
2021-12-24,Tehama,103,63373,8962,8861,1582,10443,136
2021-12-24,Trinity,105,12862,914,826,226,1052,17
2021-12-24,Tulare,107,460477,72483,71292,17113,88405,1137
2021-12-24,Tuolumne,109,53932,8023,7919,115,8034,91
2021-12-24,Ventura,111,848112,106449,103498,5048,108546,1206
2021-12-24,Yolo,113,214977,21512,21084,1413,22497,270
2021-12-24,Yuba,115,75493,10819,10694,425,11119,98
2021-12-23,Alameda,001,1643700,130663,127221,3480,130701,1525
2021-12-23,Alpine,003,1148,113,113,0,113,0
2021-12-23,Amador,005,37829,5915,5861,77,5938,70
2021-12-23,Butte,007,227075,22433,22087,4042,26129,330
2021-12-23,Calaveras,009,45235,4635,4591,68,4659,91
2021-12-23,Colusa,011,21464,2662,2647,707,3354,21
2021-12-23,Contra Costa,013,1133247,107057,105022,2652,107674,1071
2021-12-23,Del Norte,015,27424,3834,3795,58,3853,43
2021-12-23,El Dorado,017,186661,17536,17188,1866,19054,172
2021-12-23,Fresno,019,978130,149700,148027,12955,160982,2358
2021-12-23,Glenn,021,27897,3659,3611,1026,4637,39
2021-12-23,Humboldt,023,135768,10275,10052,771,10823,119
2021-12-23,Imperial,025,180216,37353,36878,4303,41181,800
2021-12-23,Inyo,027,18085,2684,2636,43,2679,47
2021-12-23,Kern,029,883053,136032,134591,25148,159739,1908
2021-12-23,Kings,031,150075,34381,34009,2107,36116,379
2021-12-23,Lake,033,64148,7065,7019,169,7188,116
2021-12-23,Lassen,035,31185,7103,7072,443,7515,55
2021-12-23,Los Angeles,037,10098052,1559200,1515469,62683,1578152,27257
2021-12-23,Madera,039,155013,24964,24741,2389,27130,320
2021-12-23,Marin,041,260295,19796,19085,705,19790,249
2021-12-23,Mariposa,043,17540,1510,1480,62,1542,6
2021-12-23,Mendocino,045,87422,8382,8314,687,9001,98
2021-12-23,Merced,047,269075,44528,44208,2110,46318,690
2021-12-23,Modoc,049,8938,603,597,210,807,6
2021-12-23,Mono,051,14174,2038,2000,23,2023,4
2021-12-23,Monterey,053,433212,51339,49709,3578,53287,638
2021-12-23,Napa,055,140530,14174,13809,180,13989,107
2021-12-23,Nevada,057,99092,10323,10153,372,10525,110
2021-12-23,Orange,059,3164182,330367,322991,18325,341316,5863
2021-12-23,Placer,061,380077,40549,39852,4151,44003,489
2021-12-23,Plumas,063,18699,2005,1987,55,2042,12
2021-12-23,Riverside,065,2383286,392502,384567,17455,402022,5470
2021-12-23,Sacramento,067,1510023,171663,169144,5538,174682,2418
2021-12-23,San Benito,069,59416,8132,7991,194,8185,79
2021-12-23,San Bernardino,071,2135413,382742,376052,12418,388470,6043
2021-12-23,San Diego,073,3302833,418134,406616,24368,430984,4442
2021-12-23,San Francisco,075,870044,62247,58229,2893,61122,682
2021-12-23,San Joaquin,077,732212,105894,104590,5870,110460,1872
2021-12-23,San Luis Obispo,079,281455,31834,31290,1447,32737,365
2021-12-23,San Mateo,081,765935,60253,56973,1185,58158,581
2021-12-23,Santa Barbara,083,443738,48807,47553,1806,49359,567
2021-12-23,Santa Clara,085,1922200,161292,156872,1998,158870,1967
2021-12-23,Santa Cruz,087,273765,22664,22176,1107,23283,228
2021-12-23,Shasta,089,179085,23168,22959,3817,26776,432
2021-12-23,Sierra,091,2930,209,202,21,223,0
2021-12-23,Siskiyou,093,43540,3514,3460,1403,4863,60
2021-12-23,Solano,095,438530,48777,47646,1397,49043,377
2021-12-23,Sonoma,097,501317,45323,44358,638,44996,408
2021-12-23,Stanislaus,099,539301,84270,83368,9558,92926,1331
2021-12-23,Sutter,101,95872,14673,14533,424,14957,191
2021-12-23,Tehama,103,63373,8950,8861,1578,10439,136
2021-12-23,Trinity,105,12862,914,826,226,1052,17
2021-12-23,Tulare,107,460477,72409,71292,17068,88360,1137
2021-12-23,Tuolumne,109,53932,8005,7919,114,8033,91
2021-12-23,Ventura,111,848112,105917,103498,4981,108479,1206
2021-12-23,Yolo,113,214977,21444,21084,1395,22479,270
2021-12-23,Yuba,115,75493,10806,10694,425,11119,98
2021-12-22,Alameda,001,1643700,129791,126533,3389,129922,1522
2021-12-22,Alpine,003,1148,113,112,0,112,0
2021-12-22,Amador,005,37829,5902,5850,76,5926,70
2021-12-22,Butte,007,227075,22385,22070,4031,26101,330
2021-12-22,Calaveras,009,45235,4626,4580,68,4648,91
2021-12-22,Colusa,011,21464,2662,2645,704,3349,21
2021-12-22,Contra Costa,013,1133247,106471,104559,2608,107167,1070
2021-12-22,Del Norte,015,27424,3834,3794,58,3852,43
2021-12-22,El Dorado,017,186661,17475,17140,1857,18997,172
2021-12-22,Fresno,019,978130,149449,147838,12927,160765,2349
2021-12-22,Glenn,021,27897,3654,3604,1025,4629,39
2021-12-22,Humboldt,023,135768,10215,10022,766,10788,119
2021-12-22,Imperial,025,180216,37273,36755,4265,41020,798
2021-12-22,Inyo,027,18085,2666,2632,43,2675,47
2021-12-22,Kern,029,883053,135796,134433,25063,159496,1900
2021-12-22,Kings,031,150075,34334,33953,2100,36053,376
2021-12-22,Lake,033,64148,7059,7008,167,7175,116
2021-12-22,Lassen,035,31185,7098,7069,442,7511,55
2021-12-22,Los Angeles,037,10098052,1545909,1507110,61496,1568606,27234
2021-12-22,Madera,039,155013,24925,24702,2385,27087,320
2021-12-22,Marin,041,260295,19576,18927,679,19606,249
2021-12-22,Mariposa,043,17540,1503,1480,62,1542,6
2021-12-22,Mendocino,045,87422,8373,8299,687,8986,99
2021-12-22,Merced,047,269075,44457,44137,2108,46245,689
2021-12-22,Modoc,049,8938,603,595,210,805,6
2021-12-22,Mono,051,14174,2034,1979,22,2001,4
2021-12-22,Monterey,053,433212,51192,49650,3560,53210,639
2021-12-22,Napa,055,140530,14047,13746,170,13916,107
2021-12-22,Nevada,057,99092,10296,10101,367,10468,110
2021-12-22,Orange,059,3164182,328130,321765,17905,339670,5858
2021-12-22,Placer,061,380077,40369,39758,4114,43872,489
2021-12-22,Plumas,063,18699,2002,1986,55,2041,12
2021-12-22,Riverside,065,2383286,390717,383319,17346,400665,5472
2021-12-22,Sacramento,067,1510023,171032,168695,5479,174174,2422
2021-12-22,San Benito,069,59416,8079,7971,192,8163,79
2021-12-22,San Bernardino,071,2135413,381131,375044,12336,387380,6039
2021-12-22,San Diego,073,3302833,414028,404269,24056,428325,4434
2021-12-22,San Francisco,075,870044,61252,57520,2847,60367,682
2021-12-22,San Joaquin,077,732212,105625,104385,5856,110241,1870
2021-12-22,San Luis Obispo,079,281455,31697,31175,1428,32603,365
2021-12-22,San Mateo,081,765935,59590,56604,1154,57758,581
2021-12-22,Santa Barbara,083,443738,48553,47372,1791,49163,566
2021-12-22,Santa Clara,085,1922200,160175,156258,1958,158216,1954
2021-12-22,Santa Cruz,087,273765,22559,22075,1100,23175,228
2021-12-22,Shasta,089,179085,23140,22937,3812,26749,432
2021-12-22,Sierra,091,2930,209,202,21,223,0
2021-12-22,Siskiyou,093,43540,3511,3458,1400,4858,59
2021-12-22,Solano,095,438530,48544,47531,1382,48913,375
2021-12-22,Sonoma,097,501317,45047,44201,626,44827,408
2021-12-22,Stanislaus,099,539301,84129,83245,9543,92788,1331
2021-12-22,Sutter,101,95872,14638,14513,421,14934,191
2021-12-22,Tehama,103,63373,8937,8853,1575,10428,136
2021-12-22,Trinity,105,12862,914,826,226,1052,17
2021-12-22,Tulare,107,460477,72313,71226,17016,88242,1137
2021-12-22,Tuolumne,109,53932,7985,7903,114,8017,91
2021-12-22,Ventura,111,848112,105312,103089,4874,107963,1206
2021-12-22,Yolo,113,214977,21371,21012,1381,22393,270
2021-12-22,Yuba,115,75493,10789,10681,425,11106,98
2021-12-21,Alameda,001,1643700,128832,126007,3328,129335,1518
2021-12-21,Alpine,003,1148,113,112,0,112,0
2021-12-21,Amador,005,37829,5892,5845,76,5921,70
2021-12-21,Butte,007,227075,22324,22041,4018,26059,330
2021-12-21,Calaveras,009,45235,4613,4575,67,4642,91
2021-12-21,Colusa,011,21464,2660,2643,703,3346,21
2021-12-21,Contra Costa,013,1133247,105885,104255,2548,106803,1068
2021-12-21,Del Norte,015,27424,3833,3793,58,3851,43
2021-12-21,El Dorado,017,186661,17411,17098,1846,18944,172
2021-12-21,Fresno,019,978130,149186,147707,12898,160605,2341
2021-12-21,Glenn,021,27897,3640,3602,1025,4627,39
2021-12-21,Humboldt,023,135768,10150,9989,761,10750,118
2021-12-21,Imperial,025,180216,37182,36580,4222,40802,792
2021-12-21,Inyo,027,18085,2654,2627,43,2670,47
2021-12-21,Kern,029,883053,135586,134321,24957,159278,1892
2021-12-21,Kings,031,150075,34278,33914,2099,36013,376
2021-12-21,Lake,033,64148,7054,7004,165,7169,116
2021-12-21,Lassen,035,31185,7096,7069,442,7511,55
2021-12-21,Los Angeles,037,10098052,1532177,1501169,60463,1561632,27220
2021-12-21,Madera,039,155013,24890,24688,2379,27067,320
2021-12-21,Marin,041,260295,19406,18828,644,19472,249
2021-12-21,Mariposa,043,17540,1502,1480,61,1541,6
2021-12-21,Mendocino,045,87422,8357,8282,685,8967,97
2021-12-21,Merced,047,269075,44385,44096,2105,46201,688
2021-12-21,Modoc,049,8938,601,595,208,803,6
2021-12-21,Mono,051,14174,2008,1979,21,2000,4
2021-12-21,Monterey,053,433212,51103,49586,3541,53127,638
2021-12-21,Napa,055,140530,13946,13703,159,13862,107
2021-12-21,Nevada,057,99092,10267,10095,367,10462,110
2021-12-21,Orange,059,3164182,326028,320705,17459,338164,5855
2021-12-21,Placer,061,380077,40237,39649,4085,43734,487
2021-12-21,Plumas,063,18699,2002,1975,54,2029,12
2021-12-21,Riverside,065,2383286,389021,382415,17230,399645,5465
2021-12-21,Sacramento,067,1510023,170411,168422,5422,173844,2419
2021-12-21,San Benito,069,59416,8039,7950,190,8140,79
2021-12-21,San Bernardino,071,2135413,379564,374219,12233,386452,6026
2021-12-21,San Diego,073,3302833,410290,402386,23744,426130,4424
2021-12-21,San Francisco,075,870044,60306,56950,2812,59762,681
2021-12-21,San Joaquin,077,732212,105338,104238,5837,110075,1870
2021-12-21,San Luis Obispo,079,281455,31537,31103,1416,32519,365
2021-12-21,San Mateo,081,765935,58992,56381,1131,57512,581
2021-12-21,Santa Barbara,083,443738,48329,47194,1776,48970,564
2021-12-21,Santa Clara,085,1922200,159158,155769,1916,157685,1951
2021-12-21,Santa Cruz,087,273765,22444,22028,1089,23117,228
2021-12-21,Shasta,089,179085,23110,22920,3808,26728,429
2021-12-21,Sierra,091,2930,207,201,21,222,0
2021-12-21,Siskiyou,093,43540,3510,3455,1400,4855,59
2021-12-21,Solano,095,438530,48391,47474,1375,48849,372
2021-12-21,Sonoma,097,501317,44823,44051,616,44667,408
2021-12-21,Stanislaus,099,539301,83974,83167,9514,92681,1331
2021-12-21,Sutter,101,95872,14615,14492,420,14912,190
2021-12-21,Tehama,103,63373,8929,8849,1570,10419,136
2021-12-21,Trinity,105,12862,914,826,226,1052,17
2021-12-21,Tulare,107,460477,72224,71166,16974,88140,1137
2021-12-21,Tuolumne,109,53932,7961,7893,114,8007,91
2021-12-21,Ventura,111,848112,104691,102631,4761,107392,1205
2021-12-21,Yolo,113,214977,21264,20944,1377,22321,267
2021-12-21,Yuba,115,75493,10772,10668,425,11093,98
2021-12-20,Alameda,001,1643700,127933,125762,3260,129022,1515
2021-12-20,Alpine,003,1148,113,112,0,112,0
2021-12-20,Amador,005,37829,5878,5838,76,5914,70
2021-12-20,Butte,007,227075,22263,22030,4009,26039,329
2021-12-20,Calaveras,009,45235,4603,4569,67,4636,91
2021-12-20,Colusa,011,21464,2658,2644,703,3347,21
2021-12-20,Contra Costa,013,1133247,105371,104051,2502,106553,1068
2021-12-20,Del Norte,015,27424,3831,3792,58,3850,43
2021-12-20,El Dorado,017,186661,17350,17083,1836,18919,172
2021-12-20,Fresno,019,978130,148951,147605,12872,160477,2341
2021-12-20,Glenn,021,27897,3633,3597,1025,4622,39
2021-12-20,Humboldt,023,135768,10106,9973,758,10731,118
2021-12-20,Imperial,025,180216,37071,36532,4190,40722,792
2021-12-20,Inyo,027,18085,2651,2615,43,2658,47
2021-12-20,Kern,029,883053,135390,134203,24896,159099,1883
2021-12-20,Kings,031,150075,34234,33898,2098,35996,376
2021-12-20,Lake,033,64148,7049,6999,165,7164,116
2021-12-20,Lassen,035,31185,7094,7065,441,7506,55
2021-12-20,Los Angeles,037,10098052,1520813,1495251,59744,1554995,27188
2021-12-20,Madera,039,155013,24861,24668,2375,27043,313
2021-12-20,Marin,041,260295,19192,18747,625,19372,249
2021-12-20,Mariposa,043,17540,1493,1479,61,1540,6
2021-12-20,Mendocino,045,87422,8345,8264,683,8947,96
2021-12-20,Merced,047,269075,44328,44071,2100,46171,687
2021-12-20,Modoc,049,8938,601,595,205,800,6
2021-12-20,Mono,051,14174,1991,1973,21,1994,4
2021-12-20,Monterey,053,433212,51008,49556,3523,53079,636
2021-12-20,Napa,055,140530,13863,13672,149,13821,107
2021-12-20,Nevada,057,99092,10227,10079,366,10445,109
2021-12-20,Orange,059,3164182,324443,320235,17142,337377,5852
2021-12-20,Placer,061,380077,40109,39579,4055,43634,485
2021-12-20,Plumas,063,18699,2000,1971,52,2023,12
2021-12-20,Riverside,065,2383286,387588,381841,17140,398981,5452
2021-12-20,Sacramento,067,1510023,169846,168153,5379,173532,2414
2021-12-20,San Benito,069,59416,7994,7934,188,8122,79
2021-12-20,San Bernardino,071,2135413,378123,373881,12151,386032,6023
2021-12-20,San Diego,073,3302833,407057,401483,23510,424993,4412
2021-12-20,San Francisco,075,870044,59242,56661,2749,59410,681
2021-12-20,San Joaquin,077,732212,105096,104188,5828,110016,1865
2021-12-20,San Luis Obispo,079,281455,31427,31075,1408,32483,365
2021-12-20,San Mateo,081,765935,58456,56247,1110,57357,581
2021-12-20,Santa Barbara,083,443738,48123,47131,1771,48902,562
2021-12-20,Santa Clara,085,1922200,158195,155427,1867,157294,1950
2021-12-20,Santa Cruz,087,273765,22363,21989,1084,23073,227
2021-12-20,Shasta,089,179085,23089,22888,3803,26691,429
2021-12-20,Sierra,091,2930,206,201,21,222,0
2021-12-20,Siskiyou,093,43540,3509,3453,1398,4851,59
2021-12-20,Solano,095,438530,48263,47394,1367,48761,370
2021-12-20,Sonoma,097,501317,44635,43982,608,44590,408
2021-12-20,Stanislaus,099,539301,83849,83110,9487,92597,1331
2021-12-20,Sutter,101,95872,14593,14480,420,14900,190
2021-12-20,Tehama,103,63373,8921,8840,1568,10408,136
2021-12-20,Trinity,105,12862,914,826,226,1052,17
2021-12-20,Tulare,107,460477,72139,71124,16907,88031,1129
2021-12-20,Tuolumne,109,53932,7948,7867,110,7977,91
2021-12-20,Ventura,111,848112,104178,102452,4682,107134,1203
2021-12-20,Yolo,113,214977,21178,20903,1365,22268,267
2021-12-20,Yuba,115,75493,10756,10656,422,11078,97
2021-12-19,Alameda,001,1643700,127100,125464,3212,128676,1519
2021-12-19,Alpine,003,1148,113,112,0,112,0
2021-12-19,Amador,005,37829,5866,5832,75,5907,70
2021-12-19,Butte,007,227075,22211,22022,4003,26025,329
2021-12-19,Calaveras,009,45235,4587,4563,66,4629,91
2021-12-19,Colusa,011,21464,2658,2643,700,3343,21
2021-12-19,Contra Costa,013,1133247,104888,103906,2466,106372,1068
2021-12-19,Del Norte,015,27424,3827,3797,58,3855,43
2021-12-19,El Dorado,017,186661,17294,17067,1834,18901,172
2021-12-19,Fresno,019,978130,148718,147505,12850,160355,2341
2021-12-19,Glenn,021,27897,3629,3596,1025,4621,39
2021-12-19,Humboldt,023,135768,10067,9957,753,10710,118
2021-12-19,Imperial,025,180216,36948,36501,4144,40645,792
2021-12-19,Inyo,027,18085,2642,2613,43,2656,47
2021-12-19,Kern,029,883053,135194,134136,24824,158960,1883
2021-12-19,Kings,031,150075,34175,33874,2094,35968,378
2021-12-19,Lake,033,64148,7040,6999,162,7161,116
2021-12-19,Lassen,035,31185,7090,7065,441,7506,55
2021-12-19,Los Angeles,037,10098052,1512041,1495082,59139,1554221,27189
2021-12-19,Madera,039,155013,24836,24642,2369,27011,313
2021-12-19,Marin,041,260295,19016,18707,603,19310,249
2021-12-19,Mariposa,043,17540,1487,1475,61,1536,6
2021-12-19,Mendocino,045,87422,8328,8257,680,8937,96
2021-12-19,Merced,047,269075,44233,44045,2092,46137,687
2021-12-19,Modoc,049,8938,600,595,205,800,6
2021-12-19,Mono,051,14174,1983,1968,21,1989,4
2021-12-19,Monterey,053,433212,50908,49516,3501,53017,636
2021-12-19,Napa,055,140530,13790,13659,140,13799,107
2021-12-19,Nevada,057,99092,10192,10057,362,10419,109
2021-12-19,Orange,059,3164182,323075,319615,16915,336530,5852
2021-12-19,Placer,061,380077,39988,39525,4039,43564,485
2021-12-19,Plumas,063,18699,1997,1971,52,2023,12
2021-12-19,Riverside,065,2383286,386165,381305,17064,398369,5452
2021-12-19,Sacramento,067,1510023,169361,167933,5350,173283,2415
2021-12-19,San Benito,069,59416,7968,7929,187,8116,79
2021-12-19,San Bernardino,071,2135413,376852,373480,12112,385592,6023
2021-12-19,San Diego,073,3302833,404554,398197,23316,421513,4406
2021-12-19,San Francisco,075,870044,58369,56358,2690,59048,681
2021-12-19,San Joaquin,077,732212,104839,104125,5814,109939,1865
2021-12-19,San Luis Obispo,079,281455,31305,31035,1396,32431,366
2021-12-19,San Mateo,081,765935,58002,56132,1093,57225,581
2021-12-19,Santa Barbara,083,443738,47903,47070,1764,48834,562
2021-12-19,Santa Clara,085,1922200,157300,155049,1839,156888,1950
2021-12-19,Santa Cruz,087,273765,22263,21960,1079,23039,227
2021-12-19,Shasta,089,179085,23053,22875,3799,26674,429
2021-12-19,Sierra,091,2930,205,201,21,222,0
2021-12-19,Siskiyou,093,43540,3506,3452,1398,4850,59
2021-12-19,Solano,095,438530,48145,47341,1361,48702,370
2021-12-19,Sonoma,097,501317,44454,43944,606,44550,408
2021-12-19,Stanislaus,099,539301,83711,83040,9456,92496,1331
2021-12-19,Sutter,101,95872,14554,14475,419,14894,190
2021-12-19,Tehama,103,63373,8914,8840,1568,10408,136
2021-12-19,Trinity,105,12862,914,826,226,1052,17
2021-12-19,Tulare,107,460477,72045,71085,16866,87951,1129
2021-12-19,Tuolumne,109,53932,7932,7865,109,7974,91
2021-12-19,Ventura,111,848112,103600,102170,4619,106789,1203
2021-12-19,Yolo,113,214977,21104,20887,1346,22233,267
2021-12-19,Yuba,115,75493,10739,10646,420,11066,97
2021-12-18,Alameda,001,1643700,126711,124583,3185,127768,1512
2021-12-18,Alpine,003,1148,113,110,0,110,0
2021-12-18,Amador,005,37829,5860,5821,75,5896,69
2021-12-18,Butte,007,227075,22194,21956,3998,25954,328
2021-12-18,Calaveras,009,45235,4580,4534,66,4600,91
2021-12-18,Colusa,011,21464,2656,2635,698,3333,21
2021-12-18,Contra Costa,013,1133247,104680,103380,2452,105832,1065
2021-12-18,Del Norte,015,27424,3824,3791,58,3849,43
2021-12-18,El Dorado,017,186661,17266,16968,1831,18799,171
2021-12-18,Fresno,019,978130,148616,147038,12839,159877,2335
2021-12-18,Glenn,021,27897,3627,3590,1025,4615,39
2021-12-18,Humboldt,023,135768,10051,9889,753,10642,118
2021-12-18,Imperial,025,180216,36881,36280,4132,40412,790
2021-12-18,Inyo,027,18085,2636,2607,43,2650,47
2021-12-18,Kern,029,883053,135104,133754,24777,158531,1873
2021-12-18,Kings,031,150075,34146,33783,2090,35873,374
2021-12-18,Lake,033,64148,7039,6976,162,7138,115
2021-12-18,Lassen,035,31185,7088,7061,440,7501,55
2021-12-18,Los Angeles,037,10098052,1508092,1484840,58832,1543672,27135
2021-12-18,Madera,039,155013,24822,24575,2367,26942,313
2021-12-18,Marin,041,260295,18918,18537,591,19128,249
2021-12-18,Mariposa,043,17540,1486,1468,61,1529,6
2021-12-18,Mendocino,045,87422,8322,8219,680,8899,95
2021-12-18,Merced,047,269075,44200,43929,2091,46020,686
2021-12-18,Modoc,049,8938,598,595,205,800,6
2021-12-18,Mono,051,14174,1983,1956,21,1977,4
2021-12-18,Monterey,053,433212,50851,49343,3496,52839,635
2021-12-18,Napa,055,140530,13764,13581,138,13719,107
2021-12-18,Nevada,057,99092,10170,9991,359,10350,108
2021-12-18,Orange,059,3164182,322417,318149,16783,334932,5844
2021-12-18,Placer,061,380077,39888,39336,4025,43361,485
2021-12-18,Plumas,063,18699,1997,1964,52,2016,13
2021-12-18,Riverside,065,2383286,385477,379354,17026,396380,5439
2021-12-18,Sacramento,067,1510023,169123,167046,5329,172375,2404
2021-12-18,San Benito,069,59416,7953,7894,187,8081,79
2021-12-18,San Bernardino,071,2135413,376209,371658,12085,383743,6017
2021-12-18,San Diego,073,3302833,403604,397130,23265,420395,4399
2021-12-18,San Francisco,075,870044,57870,55562,2659,58221,679
2021-12-18,San Joaquin,077,732212,104751,103698,5806,109504,1858
2021-12-18,San Luis Obispo,079,281455,31262,30873,1390,32263,365
2021-12-18,San Mateo,081,765935,57769,55730,1088,56818,580
2021-12-18,Santa Barbara,083,443738,47807,46776,1762,48538,562
2021-12-18,Santa Clara,085,1922200,156848,154243,1827,156070,1946
2021-12-18,Santa Cruz,087,273765,22211,21805,1077,22882,225
2021-12-18,Shasta,089,179085,23032,22811,3799,26610,429
2021-12-18,Sierra,091,2930,205,199,21,220,0
2021-12-18,Siskiyou,093,43540,3504,3441,1397,4838,58
2021-12-18,Solano,095,438530,48099,47174,1359,48533,369
2021-12-18,Sonoma,097,501317,44343,43658,602,44260,407
2021-12-18,Stanislaus,099,539301,83629,82736,9445,92181,1330
2021-12-18,Sutter,101,95872,14536,14435,419,14854,190
2021-12-18,Tehama,103,63373,8908,8814,1567,10381,136
2021-12-18,Trinity,105,12862,914,823,226,1049,17
2021-12-18,Tulare,107,460477,72008,70922,16841,87763,1120
2021-12-18,Tuolumne,109,53932,7919,7834,109,7943,91
2021-12-18,Ventura,111,848112,103316,101612,4596,106208,1201
2021-12-18,Yolo,113,214977,21065,20793,1340,22133,267
2021-12-18,Yuba,115,75493,10728,10599,420,11019,96
2021-12-17,Alameda,001,1643700,126399,124583,3165,127748,1512
2021-12-17,Alpine,003,1148,113,110,0,110,0
2021-12-17,Amador,005,37829,5853,5821,75,5896,69
2021-12-17,Butte,007,227075,22174,21956,3992,25948,328
2021-12-17,Calaveras,009,45235,4576,4534,66,4600,91
2021-12-17,Colusa,011,21464,2655,2635,697,3332,21
2021-12-17,Contra Costa,013,1133247,104478,103380,2448,105828,1065
2021-12-17,Del Norte,015,27424,3823,3791,58,3849,43
2021-12-17,El Dorado,017,186661,17237,16968,1828,18796,171
2021-12-17,Fresno,019,978130,148512,147038,12839,159877,2335
2021-12-17,Glenn,021,27897,3621,3590,1025,4615,39
2021-12-17,Humboldt,023,135768,10032,9889,751,10640,118
2021-12-17,Imperial,025,180216,36823,36280,4114,40394,790
2021-12-17,Inyo,027,18085,2631,2607,43,2650,47
2021-12-17,Kern,029,883053,135014,133754,24740,158494,1873
2021-12-17,Kings,031,150075,34128,33783,2090,35873,374
2021-12-17,Lake,033,64148,7035,6976,162,7138,115
2021-12-17,Lassen,035,31185,7088,7061,439,7500,55
2021-12-17,Los Angeles,037,10098052,1504200,1484840,58589,1543429,27135
2021-12-17,Madera,039,155013,24806,24575,2362,26937,313
2021-12-17,Marin,041,260295,18842,18537,586,19123,249
2021-12-17,Mariposa,043,17540,1482,1468,61,1529,6
2021-12-17,Mendocino,045,87422,8311,8219,680,8899,95
2021-12-17,Merced,047,269075,44172,43929,2090,46019,686
2021-12-17,Modoc,049,8938,598,595,205,800,6
2021-12-17,Mono,051,14174,1980,1956,21,1977,4
2021-12-17,Monterey,053,433212,50794,49343,3491,52834,635
2021-12-17,Napa,055,140530,13737,13581,137,13718,107
2021-12-17,Nevada,057,99092,10159,9991,359,10350,108
2021-12-17,Orange,059,3164182,321865,318149,16719,334868,5844
2021-12-17,Placer,061,380077,39835,39336,4019,43355,485
2021-12-17,Plumas,063,18699,1996,1964,52,2016,13
2021-12-17,Riverside,065,2383286,384837,379354,17016,396370,5439
2021-12-17,Sacramento,067,1510023,168898,167046,5316,172362,2404
2021-12-17,San Benito,069,59416,7951,7894,187,8081,79
2021-12-17,San Bernardino,071,2135413,375677,371658,12067,383725,6017
2021-12-17,San Diego,073,3302833,402673,397130,23217,420347,4399
2021-12-17,San Francisco,075,870044,57545,55562,2628,58190,679
2021-12-17,San Joaquin,077,732212,104677,103698,5796,109494,1858
2021-12-17,San Luis Obispo,079,281455,31234,30873,1386,32259,365
2021-12-17,San Mateo,081,765935,57587,55730,1081,56811,580
2021-12-17,Santa Barbara,083,443738,47730,46776,1756,48532,562
2021-12-17,Santa Clara,085,1922200,156477,154243,1810,156053,1946
2021-12-17,Santa Cruz,087,273765,22164,21805,1075,22880,225
2021-12-17,Shasta,089,179085,23019,22811,3797,26608,429
2021-12-17,Sierra,091,2930,204,199,21,220,0
2021-12-17,Siskiyou,093,43540,3500,3441,1395,4836,58
2021-12-17,Solano,095,438530,48031,47174,1355,48529,369
2021-12-17,Sonoma,097,501317,44248,43658,599,44257,407
2021-12-17,Stanislaus,099,539301,83578,82736,9439,92175,1330
2021-12-17,Sutter,101,95872,14525,14435,417,14852,190
2021-12-17,Tehama,103,63373,8901,8814,1566,10380,136
2021-12-17,Trinity,105,12862,914,823,226,1049,17
2021-12-17,Tulare,107,460477,71966,70922,16810,87732,1120
2021-12-17,Tuolumne,109,53932,7907,7834,109,7943,91
2021-12-17,Ventura,111,848112,103067,101612,4585,106197,1201
2021-12-17,Yolo,113,214977,21033,20793,1335,22128,267
2021-12-17,Yuba,115,75493,10717,10599,417,11016,96
2021-12-16,Alameda,001,1643700,126037,124583,3152,127735,1512
2021-12-16,Alpine,003,1148,111,110,0,110,0
2021-12-16,Amador,005,37829,5845,5821,75,5896,69
2021-12-16,Butte,007,227075,22155,21956,3989,25945,328
2021-12-16,Calaveras,009,45235,4568,4534,66,4600,91
2021-12-16,Colusa,011,21464,2655,2635,697,3332,21
2021-12-16,Contra Costa,013,1133247,104257,103380,2436,105816,1065
2021-12-16,Del Norte,015,27424,3820,3791,58,3849,43
2021-12-16,El Dorado,017,186661,17201,16968,1823,18791,171
2021-12-16,Fresno,019,978130,148355,147038,12832,159870,2335
2021-12-16,Glenn,021,27897,3620,3590,1025,4615,39
2021-12-16,Humboldt,023,135768,10007,9889,742,10631,118
2021-12-16,Imperial,025,180216,36739,36280,4083,40363,790
2021-12-16,Inyo,027,18085,2627,2607,42,2649,47
2021-12-16,Kern,029,883053,134872,133754,24688,158442,1873
2021-12-16,Kings,031,150075,34105,33783,2089,35872,374
2021-12-16,Lake,033,64148,7031,6976,162,7138,115
2021-12-16,Lassen,035,31185,7085,7061,438,7499,55
2021-12-16,Los Angeles,037,10098052,1500029,1484840,58335,1543175,27135
2021-12-16,Madera,039,155013,24777,24575,2358,26933,313
2021-12-16,Marin,041,260295,18795,18537,578,19115,249
2021-12-16,Mariposa,043,17540,1479,1468,61,1529,6
2021-12-16,Mendocino,045,87422,8300,8219,677,8896,95
2021-12-16,Merced,047,269075,44134,43929,2090,46019,686
2021-12-16,Modoc,049,8938,598,595,205,800,6
2021-12-16,Mono,051,14174,1971,1956,21,1977,4
2021-12-16,Monterey,053,433212,50723,49343,3474,52817,635
2021-12-16,Napa,055,140530,13705,13581,137,13718,107
2021-12-16,Nevada,057,99092,10132,9991,359,10350,108
2021-12-16,Orange,059,3164182,321270,318149,16642,334791,5844
2021-12-16,Placer,061,380077,39758,39336,4014,43350,485
2021-12-16,Plumas,063,18699,1996,1964,52,2016,13
2021-12-16,Riverside,065,2383286,384040,379354,17002,396356,5439
2021-12-16,Sacramento,067,1510023,168618,167046,5291,172337,2404
2021-12-16,San Benito,069,59416,7944,7894,187,8081,79
2021-12-16,San Bernardino,071,2135413,375041,371658,12050,383708,6017
2021-12-16,San Diego,073,3302833,401489,397130,23156,420286,4399
2021-12-16,San Francisco,075,870044,57181,55562,2605,58167,679
2021-12-16,San Joaquin,077,732212,104560,103698,5789,109487,1858
2021-12-16,San Luis Obispo,079,281455,31165,30873,1380,32253,365
2021-12-16,San Mateo,081,765935,57387,55730,1078,56808,580
2021-12-16,Santa Barbara,083,443738,47611,46776,1752,48528,562
2021-12-16,Santa Clara,085,1922200,156150,154243,1800,156043,1946
2021-12-16,Santa Cruz,087,273765,22117,21805,1074,22879,225
2021-12-16,Shasta,089,179085,22989,22811,3795,26606,429
2021-12-16,Sierra,091,2930,204,199,21,220,0
2021-12-16,Siskiyou,093,43540,3499,3441,1391,4832,58
2021-12-16,Solano,095,438530,47963,47174,1348,48522,369
2021-12-16,Sonoma,097,501317,44150,43658,597,44255,407
2021-12-16,Stanislaus,099,539301,83491,82736,9426,92162,1330
2021-12-16,Sutter,101,95872,14512,14435,416,14851,190
2021-12-16,Tehama,103,63373,8894,8814,1565,10379,136
2021-12-16,Trinity,105,12862,914,823,226,1049,17
2021-12-16,Tulare,107,460477,71918,70922,16783,87705,1120
2021-12-16,Tuolumne,109,53932,7888,7834,109,7943,91
2021-12-16,Ventura,111,848112,102798,101612,4578,106190,1201
2021-12-16,Yolo,113,214977,20984,20793,1330,22123,267
2021-12-16,Yuba,115,75493,10702,10599,416,11015,96
2021-12-15,Alameda,001,1643700,125725,124342,3139,127481,1509
2021-12-15,Alpine,003,1148,111,109,0,109,0
2021-12-15,Amador,005,37829,5839,5810,75,5885,69
2021-12-15,Butte,007,227075,22137,21922,3988,25910,327
2021-12-15,Calaveras,009,45235,4562,4523,66,4589,89
2021-12-15,Colusa,011,21464,2654,2632,696,3328,21
2021-12-15,Contra Costa,013,1133247,104040,103236,2433,105669,1064
2021-12-15,Del Norte,015,27424,3819,3789,57,3846,43
2021-12-15,El Dorado,017,186661,17169,16936,1817,18753,171
2021-12-15,Fresno,019,978130,148227,146859,12821,159680,2319
2021-12-15,Glenn,021,27897,3620,3589,1025,4614,39
2021-12-15,Humboldt,023,135768,9987,9854,741,10595,118
2021-12-15,Imperial,025,180216,36664,36187,4037,40224,789
2021-12-15,Inyo,027,18085,2622,2606,42,2648,47
2021-12-15,Kern,029,883053,134733,133590,24641,158231,1866
2021-12-15,Kings,031,150075,34076,33716,2085,35801,374
2021-12-15,Lake,033,64148,7022,6968,161,7129,115
2021-12-15,Lassen,035,31185,7085,7062,438,7500,55
2021-12-15,Los Angeles,037,10098052,1496154,1482735,58137,1540872,27116
2021-12-15,Madera,039,155013,24759,24549,2352,26901,313
2021-12-15,Marin,041,260295,18737,18514,573,19087,249
2021-12-15,Mariposa,043,17540,1476,1463,61,1524,6
2021-12-15,Mendocino,045,87422,8296,8209,674,8883,95
2021-12-15,Merced,047,269075,44093,43890,2078,45968,685
2021-12-15,Modoc,049,8938,598,595,205,800,6
2021-12-15,Mono,051,14174,1967,1955,21,1976,4
2021-12-15,Monterey,053,433212,50669,49279,3454,52733,635
2021-12-15,Napa,055,140530,13676,13557,135,13692,107
2021-12-15,Nevada,057,99092,10110,9958,359,10317,107
2021-12-15,Orange,059,3164182,320704,317808,16603,334411,5838
2021-12-15,Placer,061,380077,39704,39264,4004,43268,485
2021-12-15,Plumas,063,18699,1992,1957,52,2009,12
2021-12-15,Riverside,065,2383286,383327,378769,16991,395760,5438
2021-12-15,Sacramento,067,1510023,168316,166793,5269,172062,2401
2021-12-15,San Benito,069,59416,7931,7877,187,8064,79
2021-12-15,San Bernardino,071,2135413,374511,371122,12019,383141,6013
2021-12-15,San Diego,073,3302833,400306,396546,23086,419632,4395
2021-12-15,San Francisco,075,870044,56863,55414,2584,57998,679
2021-12-15,San Joaquin,077,732212,104412,103579,5779,109358,1853
2021-12-15,San Luis Obispo,079,281455,31117,30784,1373,32157,365
2021-12-15,San Mateo,081,765935,57253,55657,1066,56723,580
2021-12-15,Santa Barbara,083,443738,47531,46681,1750,48431,562
2021-12-15,Santa Clara,085,1922200,155837,153928,1779,155707,1944
2021-12-15,Santa Cruz,087,273765,22077,21753,1067,22820,225
2021-12-15,Shasta,089,179085,22974,22778,3791,26569,427
2021-12-15,Sierra,091,2930,204,199,21,220,0
2021-12-15,Siskiyou,093,43540,3498,3434,1390,4824,58
2021-12-15,Solano,095,438530,47894,47098,1342,48440,367
2021-12-15,Sonoma,097,501317,44067,43580,592,44172,407
2021-12-15,Stanislaus,099,539301,83381,82628,9419,92047,1298
2021-12-15,Sutter,101,95872,14492,14428,415,14843,189
2021-12-15,Tehama,103,63373,8887,8806,1564,10370,136
2021-12-15,Trinity,105,12862,913,822,226,1048,17
2021-12-15,Tulare,107,460477,71865,70846,16751,87597,1120
2021-12-15,Tuolumne,109,53932,7879,7818,108,7926,91
2021-12-15,Ventura,111,848112,102584,101447,4572,106019,1199
2021-12-15,Yolo,113,214977,20956,20749,1325,22074,267
2021-12-15,Yuba,115,75493,10691,10587,415,11002,96
2021-12-14,Alameda,001,1643700,125420,124272,3129,127401,1506
2021-12-14,Alpine,003,1148,110,109,0,109,0
2021-12-14,Amador,005,37829,5833,5808,74,5882,69
2021-12-14,Butte,007,227075,22104,21901,3986,25887,326
2021-12-14,Calaveras,009,45235,4550,4517,66,4583,89
2021-12-14,Colusa,011,21464,2652,2628,696,3324,21
2021-12-14,Contra Costa,013,1133247,103862,103135,2429,105564,1064
2021-12-14,Del Norte,015,27424,3816,3788,57,3845,43
2021-12-14,El Dorado,017,186661,17135,16915,1815,18730,170
2021-12-14,Fresno,019,978130,148060,146756,12818,159574,2316
2021-12-14,Glenn,021,27897,3619,3589,1025,4614,39
2021-12-14,Humboldt,023,135768,9974,9836,732,10568,118
2021-12-14,Imperial,025,180216,36599,36049,3995,40044,789
2021-12-14,Inyo,027,18085,2622,2601,42,2643,46
2021-12-14,Kern,029,883053,134597,133498,24592,158090,1863
2021-12-14,Kings,031,150075,34039,33693,2082,35775,373
2021-12-14,Lake,033,64148,7012,6961,161,7122,115
2021-12-14,Lassen,035,31185,7084,7061,438,7499,55
2021-12-14,Los Angeles,037,10098052,1492550,1481131,57957,1539088,27099
2021-12-14,Madera,039,155013,24733,24535,2344,26879,313
2021-12-14,Marin,041,260295,18689,18491,571,19062,249
2021-12-14,Mariposa,043,17540,1473,1463,60,1523,6
2021-12-14,Mendocino,045,87422,8269,8206,672,8878,95
2021-12-14,Merced,047,269075,44046,43870,2076,45946,684
2021-12-14,Modoc,049,8938,597,595,205,800,6
2021-12-14,Mono,051,14174,1962,1955,21,1976,4
2021-12-14,Monterey,053,433212,50586,49237,3443,52680,635
2021-12-14,Napa,055,140530,13648,13528,135,13663,107
2021-12-14,Nevada,057,99092,10084,9956,358,10314,106
2021-12-14,Orange,059,3164182,320158,317465,16553,334018,5827
2021-12-14,Placer,061,380077,39627,39221,3999,43220,482
2021-12-14,Plumas,063,18699,1988,1950,50,2000,12
2021-12-14,Riverside,065,2383286,382659,378227,16972,395199,5427
2021-12-14,Sacramento,067,1510023,168006,166605,5246,171851,2394
2021-12-14,San Benito,069,59416,7913,7871,187,8058,79
2021-12-14,San Bernardino,071,2135413,373897,370604,11990,382594,6013
2021-12-14,San Diego,073,3302833,399170,395876,23036,418912,4393
2021-12-14,San Francisco,075,870044,56556,55278,2570,57848,679
2021-12-14,San Joaquin,077,732212,104272,103488,5760,109248,1848
2021-12-14,San Luis Obispo,079,281455,31058,30753,1369,32122,363
2021-12-14,San Mateo,081,765935,57090,55601,1059,56660,580
2021-12-14,Santa Barbara,083,443738,47433,46648,1745,48393,560
2021-12-14,Santa Clara,085,1922200,155523,153814,1766,155580,1945
2021-12-14,Santa Cruz,087,273765,22012,21737,1063,22800,225
2021-12-14,Shasta,089,179085,22947,22756,3790,26546,427
2021-12-14,Sierra,091,2930,202,199,21,220,0
2021-12-14,Siskiyou,093,43540,3493,3430,1389,4819,58
2021-12-14,Solano,095,438530,47847,47065,1336,48401,367
2021-12-14,Sonoma,097,501317,43985,43538,591,44129,407
2021-12-14,Stanislaus,099,539301,83294,82581,9405,91986,1293
2021-12-14,Sutter,101,95872,14480,14421,414,14835,189
2021-12-14,Tehama,103,63373,8883,8805,1564,10369,134
2021-12-14,Trinity,105,12862,913,821,226,1047,17
2021-12-14,Tulare,107,460477,71793,70803,16720,87523,1120
2021-12-14,Tuolumne,109,53932,7866,7815,108,7923,91
2021-12-14,Ventura,111,848112,102362,101343,4565,105908,1199
2021-12-14,Yolo,113,214977,20923,20734,1311,22045,267
2021-12-14,Yuba,115,75493,10674,10574,415,10989,92
2021-12-13,Alameda,001,1643700,125146,124174,3112,127286,1501
2021-12-13,Alpine,003,1148,110,109,0,109,0
2021-12-13,Amador,005,37829,5829,5797,74,5871,69
2021-12-13,Butte,007,227075,22082,21889,3982,25871,326
2021-12-13,Calaveras,009,45235,4543,4507,65,4572,89
2021-12-13,Colusa,011,21464,2650,2627,696,3323,21
2021-12-13,Contra Costa,013,1133247,103716,103041,2417,105458,1064
2021-12-13,Del Norte,015,27424,3812,3787,57,3844,42
2021-12-13,El Dorado,017,186661,17112,16896,1813,18709,170
2021-12-13,Fresno,019,978130,147914,146641,12809,159450,2312
2021-12-13,Glenn,021,27897,3614,3589,1023,4612,37
2021-12-13,Humboldt,023,135768,9945,9821,728,10549,118
2021-12-13,Imperial,025,180216,36520,35974,3976,39950,787
2021-12-13,Inyo,027,18085,2621,2592,42,2634,46
2021-12-13,Kern,029,883053,134470,133381,24539,157920,1863
2021-12-13,Kings,031,150075,33996,33680,2077,35757,372
2021-12-13,Lake,033,64148,7010,6958,159,7117,115
2021-12-13,Lassen,035,31185,7083,7057,438,7495,55
2021-12-13,Los Angeles,037,10098052,1489805,1480195,57792,1537987,27085
2021-12-13,Madera,039,155013,24705,24527,2339,26866,311
2021-12-13,Marin,041,260295,18629,18471,568,19039,249
2021-12-13,Mariposa,043,17540,1470,1462,60,1522,6
2021-12-13,Mendocino,045,87422,8256,8196,670,8866,95
2021-12-13,Merced,047,269075,44007,43848,2072,45920,682
2021-12-13,Modoc,049,8938,596,595,205,800,6
2021-12-13,Mono,051,14174,1960,1952,21,1973,4
2021-12-13,Monterey,053,433212,50534,49222,3424,52646,631
2021-12-13,Napa,055,140530,13635,13518,135,13653,107
2021-12-13,Nevada,057,99092,10065,9946,357,10303,106
2021-12-13,Orange,059,3164182,319697,317112,16501,333613,5824
2021-12-13,Placer,061,380077,39566,39168,3988,43156,481
2021-12-13,Plumas,063,18699,1984,1943,50,1993,12
2021-12-13,Riverside,065,2383286,382079,377728,16956,394684,5414
2021-12-13,Sacramento,067,1510023,167728,166439,5212,171651,2392
2021-12-13,San Benito,069,59416,7904,7856,187,8043,79
2021-12-13,San Bernardino,071,2135413,373332,370274,11984,382258,6011
2021-12-13,San Diego,073,3302833,398362,395266,22984,418250,4389
2021-12-13,San Francisco,075,870044,56285,55245,2557,57802,678
2021-12-13,San Joaquin,077,732212,104157,103449,5751,109200,1846
2021-12-13,San Luis Obispo,079,281455,31011,30746,1366,32112,363
2021-12-13,San Mateo,081,765935,56937,55569,1051,56620,580
2021-12-13,Santa Barbara,083,443738,47348,46608,1740,48348,560
2021-12-13,Santa Clara,085,1922200,155254,153672,1755,155427,1944
2021-12-13,Santa Cruz,087,273765,21958,21698,1060,22758,225
2021-12-13,Shasta,089,179085,22926,22731,3788,26519,426
2021-12-13,Sierra,091,2930,202,199,21,220,0
2021-12-13,Siskiyou,093,43540,3489,3426,1385,4811,57
2021-12-13,Solano,095,438530,47771,47045,1331,48376,365
2021-12-13,Sonoma,097,501317,43889,43492,589,44081,407
2021-12-13,Stanislaus,099,539301,83178,82507,9385,91892,1282
2021-12-13,Sutter,101,95872,14473,14408,414,14822,188
2021-12-13,Tehama,103,63373,8871,8800,1564,10364,134
2021-12-13,Trinity,105,12862,913,820,226,1046,17
2021-12-13,Tulare,107,460477,71737,70758,16696,87454,1114
2021-12-13,Tuolumne,109,53932,7856,7804,108,7912,91
2021-12-13,Ventura,111,848112,102138,101180,4554,105734,1197
2021-12-13,Yolo,113,214977,20878,20706,1305,22011,267
2021-12-13,Yuba,115,75493,10657,10570,415,10985,92
2021-12-12,Alameda,001,1643700,124865,124075,3099,127174,1503
2021-12-12,Alpine,003,1148,110,109,0,109,0
2021-12-12,Amador,005,37829,5822,5797,73,5870,69
2021-12-12,Butte,007,227075,22057,21874,3979,25853,326
2021-12-12,Calaveras,009,45235,4533,4501,65,4566,89
2021-12-12,Colusa,011,21464,2645,2627,693,3320,21
2021-12-12,Contra Costa,013,1133247,103530,102976,2415,105391,1065
2021-12-12,Del Norte,015,27424,3809,3793,57,3850,42
2021-12-12,El Dorado,017,186661,17076,16890,1805,18695,170
2021-12-12,Fresno,019,978130,147752,146518,12794,159312,2310
2021-12-12,Glenn,021,27897,3611,3589,1022,4611,37
2021-12-12,Humboldt,023,135768,9921,9804,721,10525,118
2021-12-12,Imperial,025,180216,36382,35926,3944,39870,787
2021-12-12,Inyo,027,18085,2616,2592,42,2634,46
2021-12-12,Kern,029,883053,134305,133314,24496,157810,1861
2021-12-12,Kings,031,150075,33943,33661,2075,35736,372
2021-12-12,Lake,033,64148,7003,6955,157,7112,115
2021-12-12,Lassen,035,31185,7082,7057,438,7495,55
2021-12-12,Los Angeles,037,10098052,1486982,1479054,57609,1536663,27074
2021-12-12,Madera,039,155013,24675,24493,2331,26824,311
2021-12-12,Marin,041,260295,18576,18451,563,19014,249
2021-12-12,Mariposa,043,17540,1469,1461,60,1521,6
2021-12-12,Mendocino,045,87422,8243,8190,669,8859,95
2021-12-12,Merced,047,269075,43975,43821,2065,45886,682
2021-12-12,Modoc,049,8938,596,595,204,799,6
2021-12-12,Mono,051,14174,1959,1947,21,1968,4
2021-12-12,Monterey,053,433212,50481,49192,3397,52589,631
2021-12-12,Napa,055,140530,13592,13508,133,13641,107
2021-12-12,Nevada,057,99092,10039,9938,356,10294,106
2021-12-12,Orange,059,3164182,319197,316918,16441,333359,5825
2021-12-12,Placer,061,380077,39502,39139,3982,43121,481
2021-12-12,Plumas,063,18699,1980,1942,48,1990,12
2021-12-12,Riverside,065,2383286,381406,377467,16930,394397,5414
2021-12-12,Sacramento,067,1510023,167457,166291,5190,171481,2392
2021-12-12,San Benito,069,59416,7884,7853,187,8040,79
2021-12-12,San Bernardino,071,2135413,372706,369977,11958,381935,6011
2021-12-12,San Diego,073,3302833,397462,393307,22946,416253,4378
2021-12-12,San Francisco,075,870044,56032,55180,2545,57725,678
2021-12-12,San Joaquin,077,732212,104020,103405,5740,109145,1846
2021-12-12,San Luis Obispo,079,281455,30959,30719,1364,32083,363
2021-12-12,San Mateo,081,765935,56824,55505,1046,56551,580
2021-12-12,Santa Barbara,083,443738,47274,46586,1738,48324,560
2021-12-12,Santa Clara,085,1922200,154972,153452,1740,155192,1945
2021-12-12,Santa Cruz,087,273765,21910,21671,1058,22729,225
2021-12-12,Shasta,089,179085,22898,22732,3787,26519,426
2021-12-12,Sierra,091,2930,202,199,21,220,0
2021-12-12,Siskiyou,093,43540,3489,3424,1385,4809,57
2021-12-12,Solano,095,438530,47705,47021,1326,48347,365
2021-12-12,Sonoma,097,501317,43797,43424,586,44010,407
2021-12-12,Stanislaus,099,539301,83078,82460,9375,91835,1282
2021-12-12,Sutter,101,95872,14462,14396,414,14810,189
2021-12-12,Tehama,103,63373,8860,8796,1562,10358,134
2021-12-12,Trinity,105,12862,911,820,226,1046,17
2021-12-12,Tulare,107,460477,71660,70733,16654,87387,1115
2021-12-12,Tuolumne,109,53932,7839,7794,108,7902,91
2021-12-12,Ventura,111,848112,101942,101105,4540,105645,1197
2021-12-12,Yolo,113,214977,20829,20685,1294,21979,267
2021-12-12,Yuba,115,75493,10643,10565,412,10977,92
2021-12-11,Alameda,001,1643700,124741,123572,3096,126668,1496
2021-12-11,Alpine,003,1148,110,109,0,109,0
2021-12-11,Amador,005,37829,5817,5787,73,5860,69
2021-12-11,Butte,007,227075,22043,21819,3978,25797,326
2021-12-11,Calaveras,009,45235,4525,4469,64,4533,89
2021-12-11,Colusa,011,21464,2641,2619,692,3311,21
2021-12-11,Contra Costa,013,1133247,103446,102618,2413,105031,1061
2021-12-11,Del Norte,015,27424,3809,3778,57,3835,42
2021-12-11,El Dorado,017,186661,17055,16796,1804,18600,170
2021-12-11,Fresno,019,978130,147666,145988,12788,158776,2294
2021-12-11,Glenn,021,27897,3610,3585,1021,4606,37
2021-12-11,Humboldt,023,135768,9904,9721,718,10439,118
2021-12-11,Imperial,025,180216,36322,35635,3933,39568,782
2021-12-11,Inyo,027,18085,2611,2576,42,2618,46
2021-12-11,Kern,029,883053,134236,132852,24461,157313,1854
2021-12-11,Kings,031,150075,33929,33530,2073,35603,371
2021-12-11,Lake,033,64148,7002,6932,155,7087,114
2021-12-11,Lassen,035,31185,7081,7049,438,7487,55
2021-12-11,Los Angeles,037,10098052,1485787,1474030,57517,1531547,27031
2021-12-11,Madera,039,155013,24669,24417,2330,26747,311
2021-12-11,Marin,041,260295,18542,18339,560,18899,249
2021-12-11,Mariposa,043,17540,1468,1450,60,1510,6
2021-12-11,Mendocino,045,87422,8236,8130,669,8799,95
2021-12-11,Merced,047,269075,43956,43690,2064,45754,681
2021-12-11,Modoc,049,8938,596,594,204,798,6
2021-12-11,Mono,051,14174,1957,1926,21,1947,4
2021-12-11,Monterey,053,433212,50453,49008,3394,52402,631
2021-12-11,Napa,055,140530,13575,13459,133,13592,107
2021-12-11,Nevada,057,99092,10025,9880,356,10236,106
2021-12-11,Orange,059,3164182,318943,315759,16416,332175,5805
2021-12-11,Placer,061,380077,39444,38959,3975,42934,481
2021-12-11,Plumas,063,18699,1974,1934,48,1982,12
2021-12-11,Riverside,065,2383286,380989,375649,16915,392564,5408
2021-12-11,Sacramento,067,1510023,167332,165530,5180,170710,2386
2021-12-11,San Benito,069,59416,7870,7808,187,7995,79
2021-12-11,San Bernardino,071,2135413,372346,368145,11949,380094,6007
2021-12-11,San Diego,073,3302833,397041,392274,22906,415180,4374
2021-12-11,San Francisco,075,870044,55879,54869,2539,57408,678
2021-12-11,San Joaquin,077,732212,103959,103013,5736,108749,1842
2021-12-11,San Luis Obispo,079,281455,30936,30567,1360,31927,362
2021-12-11,San Mateo,081,765935,56749,55284,1044,56328,580
2021-12-11,Santa Barbara,083,443738,47240,46309,1738,48047,559
2021-12-11,Santa Clara,085,1922200,154775,152846,1728,154574,1941
2021-12-11,Santa Cruz,087,273765,21886,21557,1058,22615,225
2021-12-11,Shasta,089,179085,22883,22660,3783,26443,419
2021-12-11,Sierra,091,2930,202,199,21,220,0
2021-12-11,Siskiyou,093,43540,3483,3418,1382,4800,57
2021-12-11,Solano,095,438530,47676,46891,1321,48212,365
2021-12-11,Sonoma,097,501317,43749,43227,586,43813,407
2021-12-11,Stanislaus,099,539301,83028,82133,9367,91500,1264
2021-12-11,Sutter,101,95872,14453,14354,414,14768,187
2021-12-11,Tehama,103,63373,8857,8776,1560,10336,134
2021-12-11,Trinity,105,12862,911,819,226,1045,17
2021-12-11,Tulare,107,460477,71618,70523,16644,87167,1103
2021-12-11,Tuolumne,109,53932,7830,7760,108,7868,91
2021-12-11,Ventura,111,848112,101866,100711,4533,105244,1195
2021-12-11,Yolo,113,214977,20809,20608,1290,21898,267
2021-12-11,Yuba,115,75493,10631,10519,411,10930,92
2021-12-10,Alameda,001,1643700,124619,123572,3089,126661,1496
2021-12-10,Alpine,003,1148,109,109,0,109,0
2021-12-10,Amador,005,37829,5810,5787,73,5860,69
2021-12-10,Butte,007,227075,22030,21819,3976,25795,326
2021-12-10,Calaveras,009,45235,4522,4469,64,4533,89
2021-12-10,Colusa,011,21464,2640,2619,692,3311,21
2021-12-10,Contra Costa,013,1133247,103350,102618,2412,105030,1061
2021-12-10,Del Norte,015,27424,3809,3778,57,3835,42
2021-12-10,El Dorado,017,186661,17042,16796,1804,18600,170
2021-12-10,Fresno,019,978130,147577,145988,12782,158770,2294
2021-12-10,Glenn,021,27897,3610,3585,1021,4606,37
2021-12-10,Humboldt,023,135768,9887,9721,716,10437,118
2021-12-10,Imperial,025,180216,36265,35635,3917,39552,782
2021-12-10,Inyo,027,18085,2608,2576,42,2618,46
2021-12-10,Kern,029,883053,134148,132852,24437,157289,1854
2021-12-10,Kings,031,150075,33916,33530,2071,35601,371
2021-12-10,Lake,033,64148,6995,6932,155,7087,114
2021-12-10,Lassen,035,31185,7080,7049,438,7487,55
2021-12-10,Los Angeles,037,10098052,1484716,1474030,57433,1531463,27031
2021-12-10,Madera,039,155013,24651,24417,2328,26745,311
2021-12-10,Marin,041,260295,18520,18339,560,18899,249
2021-12-10,Mariposa,043,17540,1465,1450,60,1510,6
2021-12-10,Mendocino,045,87422,8229,8130,668,8798,95
2021-12-10,Merced,047,269075,43939,43690,2062,45752,681
2021-12-10,Modoc,049,8938,596,594,204,798,6
2021-12-10,Mono,051,14174,1954,1926,21,1947,4
2021-12-10,Monterey,053,433212,50416,49008,3388,52396,631
2021-12-10,Napa,055,140530,13563,13459,132,13591,107
2021-12-10,Nevada,057,99092,10016,9880,356,10236,106
2021-12-10,Orange,059,3164182,318669,315759,16384,332143,5805
2021-12-10,Placer,061,380077,39401,38959,3972,42931,481
2021-12-10,Plumas,063,18699,1972,1934,48,1982,12
2021-12-10,Riverside,065,2383286,380582,375649,16904,392553,5408
2021-12-10,Sacramento,067,1510023,167178,165530,5178,170708,2386
2021-12-10,San Benito,069,59416,7866,7808,187,7995,79
2021-12-10,San Bernardino,071,2135413,371972,368145,11926,380071,6007
2021-12-10,San Diego,073,3302833,396561,392274,22892,415166,4374
2021-12-10,San Francisco,075,870044,55795,54869,2533,57402,678
2021-12-10,San Joaquin,077,732212,103905,103013,5732,108745,1842
2021-12-10,San Luis Obispo,079,281455,30926,30567,1357,31924,362
2021-12-10,San Mateo,081,765935,56692,55284,1041,56325,580
2021-12-10,Santa Barbara,083,443738,47204,46309,1737,48046,559
2021-12-10,Santa Clara,085,1922200,154604,152846,1715,154561,1941
2021-12-10,Santa Cruz,087,273765,21867,21557,1057,22614,225
2021-12-10,Shasta,089,179085,22872,22660,3780,26440,419
2021-12-10,Sierra,091,2930,202,199,21,220,0
2021-12-10,Siskiyou,093,43540,3476,3418,1382,4800,57
2021-12-10,Solano,095,438530,47633,46891,1317,48208,365
2021-12-10,Sonoma,097,501317,43715,43227,585,43812,407
2021-12-10,Stanislaus,099,539301,82963,82133,9361,91494,1264
2021-12-10,Sutter,101,95872,14444,14354,414,14768,187
2021-12-10,Tehama,103,63373,8855,8776,1558,10334,134
2021-12-10,Trinity,105,12862,911,819,226,1045,17
2021-12-10,Tulare,107,460477,71588,70523,16617,87140,1103
2021-12-10,Tuolumne,109,53932,7825,7760,108,7868,91
2021-12-10,Ventura,111,848112,101761,100711,4530,105241,1195
2021-12-10,Yolo,113,214977,20794,20608,1288,21896,267
2021-12-10,Yuba,115,75493,10619,10519,410,10929,92
2021-12-09,Alameda,001,1643700,124480,123572,3084,126656,1496
2021-12-09,Alpine,003,1148,109,109,0,109,0
2021-12-09,Amador,005,37829,5807,5787,72,5859,69
2021-12-09,Butte,007,227075,22009,21819,3973,25792,326
2021-12-09,Calaveras,009,45235,4513,4469,64,4533,89
2021-12-09,Colusa,011,21464,2638,2619,692,3311,21
2021-12-09,Contra Costa,013,1133247,103231,102618,2406,105024,1061
2021-12-09,Del Norte,015,27424,3808,3778,57,3835,42
2021-12-09,El Dorado,017,186661,17015,16796,1799,18595,170
2021-12-09,Fresno,019,978130,147431,145988,12772,158760,2294
2021-12-09,Glenn,021,27897,3610,3585,1021,4606,37
2021-12-09,Humboldt,023,135768,9865,9721,715,10436,118
2021-12-09,Imperial,025,180216,36193,35635,3889,39524,782
2021-12-09,Inyo,027,18085,2606,2576,42,2618,46
2021-12-09,Kern,029,883053,134023,132852,24404,157256,1854
2021-12-09,Kings,031,150075,33890,33530,2068,35598,371
2021-12-09,Lake,033,64148,6987,6932,155,7087,114
2021-12-09,Lassen,035,31185,7078,7049,438,7487,55
2021-12-09,Los Angeles,037,10098052,1483189,1474030,57348,1531378,27031
2021-12-09,Madera,039,155013,24626,24417,2325,26742,311
2021-12-09,Marin,041,260295,18507,18339,558,18897,249
2021-12-09,Mariposa,043,17540,1464,1450,60,1510,6
2021-12-09,Mendocino,045,87422,8215,8130,668,8798,95
2021-12-09,Merced,047,269075,43900,43690,2051,45741,681
2021-12-09,Modoc,049,8938,596,594,204,798,6
2021-12-09,Mono,051,14174,1944,1926,21,1947,4
2021-12-09,Monterey,053,433212,50370,49008,3377,52385,631
2021-12-09,Napa,055,140530,13543,13459,128,13587,107
2021-12-09,Nevada,057,99092,9997,9880,356,10236,106
2021-12-09,Orange,059,3164182,318340,315759,16346,332105,5805
2021-12-09,Placer,061,380077,39358,38959,3959,42918,481
2021-12-09,Plumas,063,18699,1964,1934,48,1982,12
2021-12-09,Riverside,065,2383286,380036,375649,16889,392538,5408
2021-12-09,Sacramento,067,1510023,166960,165530,5162,170692,2386
2021-12-09,San Benito,069,59416,7854,7808,186,7994,79
2021-12-09,San Bernardino,071,2135413,371488,368145,11905,380050,6007
2021-12-09,San Diego,073,3302833,395916,392274,22862,415136,4374
2021-12-09,San Francisco,075,870044,55710,54869,2526,57395,678
2021-12-09,San Joaquin,077,732212,103813,103013,5726,108739,1842
2021-12-09,San Luis Obispo,079,281455,30898,30567,1355,31922,362
2021-12-09,San Mateo,081,765935,56602,55284,1039,56323,580
2021-12-09,Santa Barbara,083,443738,47126,46309,1730,48039,559
2021-12-09,Santa Clara,085,1922200,154390,152846,1704,154550,1941
2021-12-09,Santa Cruz,087,273765,21840,21557,1057,22614,225
2021-12-09,Shasta,089,179085,22856,22660,3779,26439,419
2021-12-09,Sierra,091,2930,202,199,21,220,0
2021-12-09,Siskiyou,093,43540,3472,3418,1381,4799,57
2021-12-09,Solano,095,438530,47597,46891,1315,48206,365
2021-12-09,Sonoma,097,501317,43658,43227,584,43811,407
2021-12-09,Stanislaus,099,539301,82891,82133,9348,91481,1264
2021-12-09,Sutter,101,95872,14429,14354,414,14768,187
2021-12-09,Tehama,103,63373,8848,8776,1557,10333,134
2021-12-09,Trinity,105,12862,911,819,226,1045,17
2021-12-09,Tulare,107,460477,71531,70523,16588,87111,1103
2021-12-09,Tuolumne,109,53932,7815,7760,108,7868,91
2021-12-09,Ventura,111,848112,101615,100711,4518,105229,1195
2021-12-09,Yolo,113,214977,20771,20608,1280,21888,267
2021-12-09,Yuba,115,75493,10611,10519,406,10925,92
2021-12-08,Alameda,001,1643700,124338,123438,3074,126512,1496
2021-12-08,Alpine,003,1148,109,108,0,108,0
2021-12-08,Amador,005,37829,5802,5781,72,5853,69
2021-12-08,Butte,007,227075,21993,21780,3970,25750,326
2021-12-08,Calaveras,009,45235,4504,4455,64,4519,89
2021-12-08,Colusa,011,21464,2635,2619,691,3310,21
2021-12-08,Contra Costa,013,1133247,103101,102506,2404,104910,1058
2021-12-08,Del Norte,015,27424,3807,3767,57,3824,42
2021-12-08,El Dorado,017,186661,16983,16757,1799,18556,170
2021-12-08,Fresno,019,978130,147275,145830,12761,158591,2293
2021-12-08,Glenn,021,27897,3609,3584,1019,4603,37
2021-12-08,Humboldt,023,135768,9843,9704,713,10417,117
2021-12-08,Imperial,025,180216,36120,35537,3857,39394,782
2021-12-08,Inyo,027,18085,2603,2570,42,2612,46
2021-12-08,Kern,029,883053,133900,132709,24360,157069,1846
2021-12-08,Kings,031,150075,33855,33468,2067,35535,371
2021-12-08,Lake,033,64148,6982,6927,154,7081,114
2021-12-08,Lassen,035,31185,7076,7041,436,7477,55
2021-12-08,Los Angeles,037,10098052,1481671,1472410,57238,1529648,27018
2021-12-08,Madera,039,155013,24605,24396,2318,26714,311
2021-12-08,Marin,041,260295,18486,18305,555,18860,249
2021-12-08,Mariposa,043,17540,1462,1447,60,1507,6
2021-12-08,Mendocino,045,87422,8203,8118,667,8785,95
2021-12-08,Merced,047,269075,43869,43631,2043,45674,680
2021-12-08,Modoc,049,8938,596,594,204,798,6
2021-12-08,Mono,051,14174,1942,1924,21,1945,4
2021-12-08,Monterey,053,433212,50305,48957,3361,52318,631
2021-12-08,Napa,055,140530,13529,13421,128,13549,107
2021-12-08,Nevada,057,99092,9981,9862,356,10218,106
2021-12-08,Orange,059,3164182,317997,315421,16310,331731,5795
2021-12-08,Placer,061,380077,39305,38934,3954,42888,478
2021-12-08,Plumas,063,18699,1962,1924,48,1972,12
2021-12-08,Riverside,065,2383286,379532,375099,16865,391964,5404
2021-12-08,Sacramento,067,1510023,166709,165278,5134,170412,2373
2021-12-08,San Benito,069,59416,7845,7793,186,7979,79
2021-12-08,San Bernardino,071,2135413,371027,367516,11880,379396,6006
2021-12-08,San Diego,073,3302833,395270,391676,22830,414506,4369
2021-12-08,San Francisco,075,870044,55623,54792,2518,57310,677
2021-12-08,San Joaquin,077,732212,103712,102877,5716,108593,1841
2021-12-08,San Luis Obispo,079,281455,30851,30519,1350,31869,361
2021-12-08,San Mateo,081,765935,56530,55220,1033,56253,580
2021-12-08,Santa Barbara,083,443738,47071,46250,1727,47977,558
2021-12-08,Santa Clara,085,1922200,154228,152674,1693,154367,1937
2021-12-08,Santa Cruz,087,273765,21793,21505,1055,22560,224
2021-12-08,Shasta,089,179085,22836,22616,3773,26389,419
2021-12-08,Sierra,091,2930,202,199,21,220,0
2021-12-08,Siskiyou,093,43540,3471,3415,1379,4794,57
2021-12-08,Solano,095,438530,47567,46837,1314,48151,365
2021-12-08,Sonoma,097,501317,43595,43179,583,43762,405
2021-12-08,Stanislaus,099,539301,82808,82038,9338,91376,1264
2021-12-08,Sutter,101,95872,14413,14336,412,14748,187
2021-12-08,Tehama,103,63373,8839,8768,1557,10325,133
2021-12-08,Trinity,105,12862,911,818,226,1044,17
2021-12-08,Tulare,107,460477,71468,70472,16563,87035,1102
2021-12-08,Tuolumne,109,53932,7802,7749,108,7857,91
2021-12-08,Ventura,111,848112,101486,100647,4515,105162,1194
2021-12-08,Yolo,113,214977,20743,20575,1274,21849,267
2021-12-08,Yuba,115,75493,10597,10499,403,10902,92
2021-12-07,Alameda,001,1643700,124177,123325,3065,126390,1497
2021-12-07,Alpine,003,1148,109,108,0,108,0
2021-12-07,Amador,005,37829,5799,5778,71,5849,69
2021-12-07,Butte,007,227075,21969,21761,3965,25726,324
2021-12-07,Calaveras,009,45235,4488,4445,64,4509,88
2021-12-07,Colusa,011,21464,2634,2619,690,3309,21
2021-12-07,Contra Costa,013,1133247,102979,102421,2395,104816,1058
2021-12-07,Del Norte,015,27424,3806,3766,57,3823,42
2021-12-07,El Dorado,017,186661,16960,16742,1796,18538,170
2021-12-07,Fresno,019,978130,147128,145715,12744,158459,2289
2021-12-07,Glenn,021,27897,3608,3579,1018,4597,36
2021-12-07,Humboldt,023,135768,9819,9693,708,10401,117
2021-12-07,Imperial,025,180216,36040,35502,3836,39338,778
2021-12-07,Inyo,027,18085,2600,2567,42,2609,46
2021-12-07,Kern,029,883053,133744,132564,24308,156872,1838
2021-12-07,Kings,031,150075,33823,33441,2064,35505,372
2021-12-07,Lake,033,64148,6977,6925,154,7079,113
2021-12-07,Lassen,035,31185,7075,7040,435,7475,55
2021-12-07,Los Angeles,037,10098052,1479888,1470904,57136,1528040,27007
2021-12-07,Madera,039,155013,24583,24367,2311,26678,311
2021-12-07,Marin,041,260295,18452,18284,549,18833,249
2021-12-07,Mariposa,043,17540,1460,1446,60,1506,6
2021-12-07,Mendocino,045,87422,8185,8107,667,8774,95
2021-12-07,Merced,047,269075,43827,43600,2037,45637,675
2021-12-07,Modoc,049,8938,596,594,203,797,6
2021-12-07,Mono,051,14174,1937,1921,21,1942,4
2021-12-07,Monterey,053,433212,50223,48880,3343,52223,631
2021-12-07,Napa,055,140530,13511,13409,128,13537,107
2021-12-07,Nevada,057,99092,9967,9858,355,10213,105
2021-12-07,Orange,059,3164182,317666,315138,16261,331399,5784
2021-12-07,Placer,061,380077,39230,38860,3950,42810,474
2021-12-07,Plumas,063,18699,1958,1915,48,1963,12
2021-12-07,Riverside,065,2383286,379006,374552,16849,391401,5397
2021-12-07,Sacramento,067,1510023,166464,165148,5120,170268,2375
2021-12-07,San Benito,069,59416,7829,7776,186,7962,78
2021-12-07,San Bernardino,071,2135413,370471,366981,11862,378843,6007
2021-12-07,San Diego,073,3302833,394417,391110,22791,413901,4357
2021-12-07,San Francisco,075,870044,55513,54729,2513,57242,676
2021-12-07,San Joaquin,077,732212,103594,102797,5704,108501,1839
2021-12-07,San Luis Obispo,079,281455,30812,30495,1348,31843,361
2021-12-07,San Mateo,081,765935,56441,55163,1026,56189,580
2021-12-07,Santa Barbara,083,443738,47000,46205,1725,47930,556
2021-12-07,Santa Clara,085,1922200,154043,152465,1684,154149,1941
2021-12-07,Santa Cruz,087,273765,21746,21493,1055,22548,224
2021-12-07,Shasta,089,179085,22814,22594,3770,26364,418
2021-12-07,Sierra,091,2930,202,199,21,220,0
2021-12-07,Siskiyou,093,43540,3468,3412,1379,4791,57
2021-12-07,Solano,095,438530,47527,46812,1314,48126,365
2021-12-07,Sonoma,097,501317,43521,43154,582,43736,405
2021-12-07,Stanislaus,099,539301,82730,81980,9326,91306,1258
2021-12-07,Sutter,101,95872,14405,14322,411,14733,186
2021-12-07,Tehama,103,63373,8831,8765,1556,10321,133
2021-12-07,Trinity,105,12862,911,818,226,1044,17
2021-12-07,Tulare,107,460477,71409,70411,16534,86945,1103
2021-12-07,Tuolumne,109,53932,7794,7743,108,7851,91
2021-12-07,Ventura,111,848112,101390,100569,4505,105074,1194
2021-12-07,Yolo,113,214977,20717,20560,1271,21831,263
2021-12-07,Yuba,115,75493,10580,10491,402,10893,91
2021-12-06,Alameda,001,1643700,124022,123227,3061,126288,1496
2021-12-06,Alpine,003,1148,109,108,0,108,0
2021-12-06,Amador,005,37829,5793,5769,70,5839,67
2021-12-06,Butte,007,227075,21952,21732,3962,25694,321
2021-12-06,Calaveras,009,45235,4481,4443,64,4507,88
2021-12-06,Colusa,011,21464,2633,2615,686,3301,21
2021-12-06,Contra Costa,013,1133247,102860,102327,2392,104719,1058
2021-12-06,Del Norte,015,27424,3804,3744,57,3801,42
2021-12-06,El Dorado,017,186661,16936,16726,1794,18520,168
2021-12-06,Fresno,019,978130,146934,145539,12734,158273,2285
2021-12-06,Glenn,021,27897,3606,3577,1016,4593,36
2021-12-06,Humboldt,023,135768,9799,9671,701,10372,117
2021-12-06,Imperial,025,180216,35962,35453,3818,39271,778
2021-12-06,Inyo,027,18085,2594,2562,41,2603,46
2021-12-06,Kern,029,883053,133558,132366,24251,156617,1835
2021-12-06,Kings,031,150075,33790,33399,2059,35458,368
2021-12-06,Lake,033,64148,6973,6922,154,7076,113
2021-12-06,Lassen,035,31185,7070,7032,433,7465,51
2021-12-06,Los Angeles,037,10098052,1478243,1470059,57044,1527103,26993
2021-12-06,Madera,039,155013,24556,24334,2307,26641,307
2021-12-06,Marin,041,260295,18424,18252,547,18799,249
2021-12-06,Mariposa,043,17540,1457,1443,60,1503,6
2021-12-06,Mendocino,045,87422,8171,8079,664,8743,95
2021-12-06,Merced,047,269075,43787,43549,2027,45576,672
2021-12-06,Modoc,049,8938,596,593,203,796,6
2021-12-06,Mono,051,14174,1929,1913,21,1934,4
2021-12-06,Monterey,053,433212,50146,48831,3323,52154,626
2021-12-06,Napa,055,140530,13488,13387,126,13513,107
2021-12-06,Nevada,057,99092,9941,9847,354,10201,105
2021-12-06,Orange,059,3164182,317289,314859,16220,331079,5771
2021-12-06,Placer,061,380077,39173,38785,3945,42730,473
2021-12-06,Plumas,063,18699,1950,1913,48,1961,10
2021-12-06,Riverside,065,2383286,378488,374116,16835,390951,5388
2021-12-06,Sacramento,067,1510023,166183,164926,5099,170025,2367
2021-12-06,San Benito,069,59416,7813,7755,186,7941,78
2021-12-06,San Bernardino,071,2135413,369924,366606,11835,378441,5998
2021-12-06,San Diego,073,3302833,393568,390389,22747,413136,4352
2021-12-06,San Francisco,075,870044,55405,54659,2508,57167,674
2021-12-06,San Joaquin,077,732212,103467,102728,5697,108425,1837
2021-12-06,San Luis Obispo,079,281455,30775,30464,1346,31810,361
2021-12-06,San Mateo,081,765935,56366,55112,1023,56135,580
2021-12-06,Santa Barbara,083,443738,46909,46146,1724,47870,556
2021-12-06,Santa Clara,085,1922200,153835,152310,1668,153978,1937
2021-12-06,Santa Cruz,087,273765,21711,21450,1052,22502,224
2021-12-06,Shasta,089,179085,22791,22556,3763,26319,416
2021-12-06,Sierra,091,2930,201,198,21,219,0
2021-12-06,Siskiyou,093,43540,3466,3409,1374,4783,57
2021-12-06,Solano,095,438530,47482,46748,1313,48061,360
2021-12-06,Sonoma,097,501317,43453,43114,574,43688,405
2021-12-06,Stanislaus,099,539301,82633,81889,9301,91190,1241
2021-12-06,Sutter,101,95872,14393,14319,411,14730,186
2021-12-06,Tehama,103,63373,8823,8760,1556,10316,133
2021-12-06,Trinity,105,12862,911,815,225,1040,17
2021-12-06,Tulare,107,460477,71333,70285,16495,86780,1101
2021-12-06,Tuolumne,109,53932,7781,7726,108,7834,91
2021-12-06,Ventura,111,848112,101286,100426,4497,104923,1194
2021-12-06,Yolo,113,214977,20695,20548,1270,21818,263
2021-12-06,Yuba,115,75493,10565,10480,396,10876,91
2021-12-05,Alameda,001,1643700,123838,123104,3053,126157,1496
2021-12-05,Alpine,003,1148,108,108,0,108,0
2021-12-05,Amador,005,37829,5790,5761,70,5831,67
2021-12-05,Butte,007,227075,21918,21720,3956,25676,320
2021-12-05,Calaveras,009,45235,4465,4434,64,4498,88
2021-12-05,Colusa,011,21464,2632,2615,685,3300,21
2021-12-05,Contra Costa,013,1133247,102733,102251,2382,104633,1058
2021-12-05,Del Norte,015,27424,3802,3751,57,3808,42
2021-12-05,El Dorado,017,186661,16899,16717,1788,18505,168
2021-12-05,Fresno,019,978130,146760,145452,12713,158165,2284
2021-12-05,Glenn,021,27897,3604,3577,1014,4591,36
2021-12-05,Humboldt,023,135768,9769,9662,698,10360,117
2021-12-05,Imperial,025,180216,35871,35422,3789,39211,778
2021-12-05,Inyo,027,18085,2587,2559,41,2600,46
2021-12-05,Kern,029,883053,133394,132286,24199,156485,1833
2021-12-05,Kings,031,150075,33725,33360,2059,35419,369
2021-12-05,Lake,033,64148,6969,6919,153,7072,113
2021-12-05,Lassen,035,31185,7068,7031,433,7464,51
2021-12-05,Los Angeles,037,10098052,1476412,1468937,56909,1525846,26991
2021-12-05,Madera,039,155013,24515,24311,2304,26615,307
2021-12-05,Marin,041,260295,18377,18216,539,18755,249
2021-12-05,Mariposa,043,17540,1454,1440,59,1499,6
2021-12-05,Mendocino,045,87422,8153,8069,658,8727,95
2021-12-05,Merced,047,269075,43745,43534,2018,45552,672
2021-12-05,Modoc,049,8938,596,593,203,796,6
2021-12-05,Mono,051,14174,1924,1907,21,1928,4
2021-12-05,Monterey,053,433212,50076,48813,3291,52104,626
2021-12-05,Napa,055,140530,13462,13382,123,13505,107
2021-12-05,Nevada,057,99092,9920,9827,354,10181,105
2021-12-05,Orange,059,3164182,316857,314560,16179,330739,5771
2021-12-05,Placer,061,380077,39116,38738,3936,42674,473
2021-12-05,Plumas,063,18699,1946,1913,47,1960,9
2021-12-05,Riverside,065,2383286,377834,373827,16805,390632,5388
2021-12-05,Sacramento,067,1510023,165875,164721,5081,169802,2367
2021-12-05,San Benito,069,59416,7796,7748,185,7933,78
2021-12-05,San Bernardino,071,2135413,369234,366282,11789,378071,5998
2021-12-05,San Diego,073,3302833,392770,387979,22699,410678,4351
2021-12-05,San Francisco,075,870044,55306,54603,2507,57110,674
2021-12-05,San Joaquin,077,732212,103326,102698,5692,108390,1837
2021-12-05,San Luis Obispo,079,281455,30706,30454,1343,31797,360
2021-12-05,San Mateo,081,765935,56279,55050,1013,56063,580
2021-12-05,Santa Barbara,083,443738,46826,46097,1716,47813,555
2021-12-05,Santa Clara,085,1922200,153579,152114,1648,153762,1933
2021-12-05,Santa Cruz,087,273765,21661,21424,1052,22476,224
2021-12-05,Shasta,089,179085,22733,22550,3762,26312,416
2021-12-05,Sierra,091,2930,201,198,21,219,0
2021-12-05,Siskiyou,093,43540,3464,3409,1371,4780,57
2021-12-05,Solano,095,438530,47421,46715,1311,48026,360
2021-12-05,Sonoma,097,501317,43376,43038,569,43607,405
2021-12-05,Stanislaus,099,539301,82488,81847,9293,91140,1241
2021-12-05,Sutter,101,95872,14369,14303,406,14709,186
2021-12-05,Tehama,103,63373,8816,8755,1555,10310,133
2021-12-05,Trinity,105,12862,910,815,225,1040,17
2021-12-05,Tulare,107,460477,71250,70254,16447,86701,1102
2021-12-05,Tuolumne,109,53932,7769,7718,108,7826,91
2021-12-05,Ventura,111,848112,101149,100367,4484,104851,1194
2021-12-05,Yolo,113,214977,20653,20512,1268,21780,263
2021-12-05,Yuba,115,75493,10552,10467,388,10855,91
2021-12-04,Alameda,001,1643700,123734,122508,3049,125557,1494
2021-12-04,Alpine,003,1148,108,108,0,108,0
2021-12-04,Amador,005,37829,5787,5729,70,5799,67
2021-12-04,Butte,007,227075,21899,21638,3952,25590,318
2021-12-04,Calaveras,009,45235,4457,4392,63,4455,88
2021-12-04,Colusa,011,21464,2632,2600,683,3283,21
2021-12-04,Contra Costa,013,1133247,102663,101824,2376,104200,1056
2021-12-04,Del Norte,015,27424,3799,3726,57,3783,42
2021-12-04,El Dorado,017,186661,16890,16621,1787,18408,168
2021-12-04,Fresno,019,978130,146672,144734,12708,157442,2270
2021-12-04,Glenn,021,27897,3604,3559,1014,4573,36
2021-12-04,Humboldt,023,135768,9754,9596,694,10290,117
2021-12-04,Imperial,025,180216,35816,35206,3776,38982,776
2021-12-04,Inyo,027,18085,2582,2538,41,2579,46
2021-12-04,Kern,029,883053,133316,131771,24176,155947,1817
2021-12-04,Kings,031,150075,33701,33183,2058,35241,367
2021-12-04,Lake,033,64148,6960,6903,153,7056,113
2021-12-04,Lassen,035,31185,7067,7014,431,7445,51
2021-12-04,Los Angeles,037,10098052,1475552,1463270,56831,1520101,26952
2021-12-04,Madera,039,155013,24501,24188,2300,26488,307
2021-12-04,Marin,041,260295,18355,18075,538,18613,249
2021-12-04,Mariposa,043,17540,1450,1421,59,1480,6
2021-12-04,Mendocino,045,87422,8148,7981,658,8639,91
2021-12-04,Merced,047,269075,43717,43337,2016,45353,671
2021-12-04,Modoc,049,8938,596,591,203,794,6
2021-12-04,Mono,051,14174,1924,1883,21,1904,4
2021-12-04,Monterey,053,433212,50043,48682,3284,51966,626
2021-12-04,Napa,055,140530,13452,13327,122,13449,106
2021-12-04,Nevada,057,99092,9913,9752,354,10106,105
2021-12-04,Orange,059,3164182,316629,313112,16153,329265,5748
2021-12-04,Placer,061,380077,39076,38460,3930,42390,473
2021-12-04,Plumas,063,18699,1943,1903,47,1950,7
2021-12-04,Riverside,065,2383286,377476,371768,16799,388567,5381
2021-12-04,Sacramento,067,1510023,165736,163900,5073,168973,2365
2021-12-04,San Benito,069,59416,7770,7688,185,7873,78
2021-12-04,San Bernardino,071,2135413,368846,364154,11776,375930,5983
2021-12-04,San Diego,073,3302833,392291,386710,22670,409380,4350
2021-12-04,San Francisco,075,870044,55239,54286,2504,56790,674
2021-12-04,San Joaquin,077,732212,103273,102286,5690,107976,1835
2021-12-04,San Luis Obispo,079,281455,30685,30318,1339,31657,360
2021-12-04,San Mateo,081,765935,56231,54774,1010,55784,579
2021-12-04,Santa Barbara,083,443738,46781,45774,1716,47490,555
2021-12-04,Santa Clara,085,1922200,153423,151275,1634,152909,1928
2021-12-04,Santa Cruz,087,273765,21635,21286,1051,22337,224
2021-12-04,Shasta,089,179085,22716,22418,3760,26178,414
2021-12-04,Sierra,091,2930,201,196,21,217,0
2021-12-04,Siskiyou,093,43540,3462,3398,1371,4769,57
2021-12-04,Solano,095,438530,47401,46529,1310,47839,360
2021-12-04,Sonoma,097,501317,43330,42778,566,43344,405
2021-12-04,Stanislaus,099,539301,82415,81462,9286,90748,1231
2021-12-04,Sutter,101,95872,14361,14258,405,14663,186
2021-12-04,Tehama,103,63373,8814,8742,1555,10297,131
2021-12-04,Trinity,105,12862,909,801,225,1026,17
2021-12-04,Tulare,107,460477,71212,70014,16419,86433,1100
2021-12-04,Tuolumne,109,53932,7764,7676,108,7784,91
2021-12-04,Ventura,111,848112,101058,99751,4480,104231,1192
2021-12-04,Yolo,113,214977,20632,20442,1267,21709,261
2021-12-04,Yuba,115,75493,10541,10418,387,10805,91
2021-12-03,Alameda,001,1643700,123645,122508,3039,125547,1494
2021-12-03,Alpine,003,1148,108,108,0,108,0
2021-12-03,Amador,005,37829,5782,5729,69,5798,67
2021-12-03,Butte,007,227075,21886,21638,3947,25585,318
2021-12-03,Calaveras,009,45235,4448,4392,63,4455,88
2021-12-03,Colusa,011,21464,2630,2600,683,3283,21
2021-12-03,Contra Costa,013,1133247,102590,101824,2371,104195,1056
2021-12-03,Del Norte,015,27424,3797,3726,57,3783,42
2021-12-03,El Dorado,017,186661,16861,16621,1785,18406,168
2021-12-03,Fresno,019,978130,146557,144734,12706,157440,2270
2021-12-03,Glenn,021,27897,3603,3559,1013,4572,36
2021-12-03,Humboldt,023,135768,9737,9596,692,10288,117
2021-12-03,Imperial,025,180216,35771,35206,3746,38952,776
2021-12-03,Inyo,027,18085,2575,2538,41,2579,46
2021-12-03,Kern,029,883053,133245,131771,24140,155911,1817
2021-12-03,Kings,031,150075,33672,33183,2058,35241,367
2021-12-03,Lake,033,64148,6960,6903,153,7056,113
2021-12-03,Lassen,035,31185,7065,7014,430,7444,51
2021-12-03,Los Angeles,037,10098052,1474621,1463270,56751,1520021,26952
2021-12-03,Madera,039,155013,24475,24188,2296,26484,307
2021-12-03,Marin,041,260295,18323,18075,533,18608,249
2021-12-03,Mariposa,043,17540,1448,1421,59,1480,6
2021-12-03,Mendocino,045,87422,8141,7981,658,8639,91
2021-12-03,Merced,047,269075,43694,43337,2013,45350,671
2021-12-03,Modoc,049,8938,596,591,203,794,6
2021-12-03,Mono,051,14174,1918,1883,21,1904,4
2021-12-03,Monterey,053,433212,50004,48682,3273,51955,626
2021-12-03,Napa,055,140530,13440,13327,122,13449,106
2021-12-03,Nevada,057,99092,9902,9752,354,10106,105
2021-12-03,Orange,059,3164182,316362,313112,16123,329235,5748
2021-12-03,Placer,061,380077,39039,38460,3923,42383,473
2021-12-03,Plumas,063,18699,1940,1903,47,1950,7
2021-12-03,Riverside,065,2383286,377086,371768,16793,388561,5381
2021-12-03,Sacramento,067,1510023,165557,163900,5059,168959,2365
2021-12-03,San Benito,069,59416,7763,7688,185,7873,78
2021-12-03,San Bernardino,071,2135413,368405,364154,11766,375920,5983
2021-12-03,San Diego,073,3302833,391813,386710,22645,409355,4350
2021-12-03,San Francisco,075,870044,55169,54286,2500,56786,674
2021-12-03,San Joaquin,077,732212,103217,102286,5689,107975,1835
2021-12-03,San Luis Obispo,079,281455,30659,30318,1336,31654,360
2021-12-03,San Mateo,081,765935,56169,54774,1007,55781,579
2021-12-03,Santa Barbara,083,443738,46746,45774,1716,47490,555
2021-12-03,Santa Clara,085,1922200,153241,151275,1619,152894,1928
2021-12-03,Santa Cruz,087,273765,21608,21286,1051,22337,224
2021-12-03,Shasta,089,179085,22701,22418,3760,26178,414
2021-12-03,Sierra,091,2930,201,196,21,217,0
2021-12-03,Siskiyou,093,43540,3459,3398,1369,4767,57
2021-12-03,Solano,095,438530,47359,46529,1309,47838,360
2021-12-03,Sonoma,097,501317,43294,42778,564,43342,405
2021-12-03,Stanislaus,099,539301,82358,81462,9277,90739,1231
2021-12-03,Sutter,101,95872,14348,14258,403,14661,186
2021-12-03,Tehama,103,63373,8813,8742,1554,10296,131
2021-12-03,Trinity,105,12862,909,801,225,1026,17
2021-12-03,Tulare,107,460477,71172,70014,16387,86401,1100
2021-12-03,Tuolumne,109,53932,7755,7676,108,7784,91
2021-12-03,Ventura,111,848112,100971,99751,4473,104224,1192
2021-12-03,Yolo,113,214977,20615,20442,1266,21708,261
2021-12-03,Yuba,115,75493,10533,10418,387,10805,91
2021-12-02,Alameda,001,1643700,123496,122508,3030,125538,1494
2021-12-02,Alpine,003,1148,108,108,0,108,0
2021-12-02,Amador,005,37829,5777,5729,68,5797,67
2021-12-02,Butte,007,227075,21861,21638,3944,25582,318
2021-12-02,Calaveras,009,45235,4438,4392,62,4454,88
2021-12-02,Colusa,011,21464,2629,2600,683,3283,21
2021-12-02,Contra Costa,013,1133247,102478,101824,2367,104191,1056
2021-12-02,Del Norte,015,27424,3789,3726,57,3783,42
2021-12-02,El Dorado,017,186661,16840,16621,1783,18404,168
2021-12-02,Fresno,019,978130,146393,144734,12696,157430,2270
2021-12-02,Glenn,021,27897,3603,3559,1012,4571,36
2021-12-02,Humboldt,023,135768,9718,9596,690,10286,117
2021-12-02,Imperial,025,180216,35706,35206,3723,38929,776
2021-12-02,Inyo,027,18085,2570,2538,41,2579,46
2021-12-02,Kern,029,883053,133074,131771,24089,155860,1817
2021-12-02,Kings,031,150075,33618,33183,2056,35239,367
2021-12-02,Lake,033,64148,6956,6903,153,7056,113
2021-12-02,Lassen,035,31185,7061,7014,430,7444,51
2021-12-02,Los Angeles,037,10098052,1473112,1463270,56667,1519937,26952
2021-12-02,Madera,039,155013,24438,24188,2287,26475,307
2021-12-02,Marin,041,260295,18293,18075,529,18604,249
2021-12-02,Mariposa,043,17540,1446,1421,59,1480,6
2021-12-02,Mendocino,045,87422,8125,7981,657,8638,91
2021-12-02,Merced,047,269075,43648,43337,2007,45344,671
2021-12-02,Modoc,049,8938,595,591,203,794,6
2021-12-02,Mono,051,14174,1904,1883,21,1904,4
2021-12-02,Monterey,053,433212,49932,48682,3251,51933,626
2021-12-02,Napa,055,140530,13427,13327,122,13449,106
2021-12-02,Nevada,057,99092,9884,9752,353,10105,105
2021-12-02,Orange,059,3164182,316023,313112,16087,329199,5748
2021-12-02,Placer,061,380077,38974,38460,3918,42378,473
2021-12-02,Plumas,063,18699,1938,1903,47,1950,7
2021-12-02,Riverside,065,2383286,376561,371768,16783,388551,5381
2021-12-02,Sacramento,067,1510023,165331,163900,5049,168949,2365
2021-12-02,San Benito,069,59416,7743,7688,185,7873,78
2021-12-02,San Bernardino,071,2135413,367860,364154,11746,375900,5983
2021-12-02,San Diego,073,3302833,391168,386710,22591,409301,4350
2021-12-02,San Francisco,075,870044,55069,54286,2495,56781,674
2021-12-02,San Joaquin,077,732212,103101,102286,5684,107970,1835
2021-12-02,San Luis Obispo,079,281455,30626,30318,1329,31647,360
2021-12-02,San Mateo,081,765935,56088,54774,999,55773,579
2021-12-02,Santa Barbara,083,443738,46666,45774,1713,47487,555
2021-12-02,Santa Clara,085,1922200,152995,151275,1602,152877,1928
2021-12-02,Santa Cruz,087,273765,21557,21286,1050,22336,224
2021-12-02,Shasta,089,179085,22669,22418,3759,26177,414
2021-12-02,Sierra,091,2930,201,196,21,217,0
2021-12-02,Siskiyou,093,43540,3458,3398,1362,4760,57
2021-12-02,Solano,095,438530,47308,46529,1307,47836,360
2021-12-02,Sonoma,097,501317,43222,42778,564,43342,405
2021-12-02,Stanislaus,099,539301,82261,81462,9269,90731,1231
2021-12-02,Sutter,101,95872,14335,14258,400,14658,186
2021-12-02,Tehama,103,63373,8806,8742,1552,10294,131
2021-12-02,Trinity,105,12862,909,801,225,1026,17
2021-12-02,Tulare,107,460477,71085,70014,16335,86349,1100
2021-12-02,Tuolumne,109,53932,7740,7676,107,7783,91
2021-12-02,Ventura,111,848112,100846,99751,4470,104221,1192
2021-12-02,Yolo,113,214977,20590,20442,1262,21704,261
2021-12-02,Yuba,115,75493,10517,10418,384,10802,91
2021-12-01,Alameda,001,1643700,123349,122298,3019,125317,1492
2021-12-01,Alpine,003,1148,108,108,0,108,0
2021-12-01,Amador,005,37829,5770,5723,68,5791,67
2021-12-01,Butte,007,227075,21841,21600,3939,25539,318
2021-12-01,Calaveras,009,45235,4433,4371,62,4433,88
2021-12-01,Colusa,011,21464,2622,2595,680,3275,20
2021-12-01,Contra Costa,013,1133247,102373,101651,2356,104007,1048
2021-12-01,Del Norte,015,27424,3787,3722,57,3779,42
2021-12-01,El Dorado,017,186661,16819,16575,1781,18356,166
2021-12-01,Fresno,019,978130,146187,144507,12687,157194,2264
2021-12-01,Glenn,021,27897,3592,3556,1011,4567,36
2021-12-01,Humboldt,023,135768,9694,9573,685,10258,117
2021-12-01,Imperial,025,180216,35626,35085,3696,38781,776
2021-12-01,Inyo,027,18085,2566,2533,41,2574,46
2021-12-01,Kern,029,883053,132928,131580,24036,155616,1804
2021-12-01,Kings,031,150075,33568,33112,2055,35167,364
2021-12-01,Lake,033,64148,6948,6896,152,7048,112
2021-12-01,Lassen,035,31185,7055,7008,428,7436,51
2021-12-01,Los Angeles,037,10098052,1471530,1461394,56572,1517966,26928
2021-12-01,Madera,039,155013,24406,24134,2278,26412,307
2021-12-01,Marin,041,260295,18256,18038,522,18560,249
2021-12-01,Mariposa,043,17540,1442,1415,59,1474,6
2021-12-01,Mendocino,045,87422,8111,7966,652,8618,90
2021-12-01,Merced,047,269075,43592,43259,1986,45245,670
2021-12-01,Modoc,049,8938,595,576,203,779,5
2021-12-01,Mono,051,14174,1903,1876,21,1897,4
2021-12-01,Monterey,053,433212,49883,48611,3242,51853,626
2021-12-01,Napa,055,140530,13410,13319,120,13439,107
2021-12-01,Nevada,057,99092,9871,9706,353,10059,105
2021-12-01,Orange,059,3164182,315662,312772,16050,328822,5735
2021-12-01,Placer,061,380077,38918,38373,3912,42285,472
2021-12-01,Plumas,063,18699,1934,1893,47,1940,7
2021-12-01,Riverside,065,2383286,376039,371189,16767,387956,5369
2021-12-01,Sacramento,067,1510023,165119,163616,5029,168645,2360
2021-12-01,San Benito,069,59416,7729,7669,185,7854,78
2021-12-01,San Bernardino,071,2135413,367284,363368,11721,375089,5973
2021-12-01,San Diego,073,3302833,390372,386056,22539,408595,4346
2021-12-01,San Francisco,075,870044,54988,54199,2488,56687,672
2021-12-01,San Joaquin,077,732212,102994,102109,5683,107792,1834
2021-12-01,San Luis Obispo,079,281455,30585,30238,1325,31563,360
2021-12-01,San Mateo,081,765935,56006,54711,995,55706,579
2021-12-01,Santa Barbara,083,443738,46596,45681,1710,47391,554
2021-12-01,Santa Clara,085,1922200,152776,150961,1585,152546,1925
2021-12-01,Santa Cruz,087,273765,21527,21191,1049,22240,224
2021-12-01,Shasta,089,179085,22637,22375,3753,26128,410
2021-12-01,Sierra,091,2930,201,195,21,216,0
2021-12-01,Siskiyou,093,43540,3455,3391,1362,4753,55
2021-12-01,Solano,095,438530,47265,46485,1307,47792,360
2021-12-01,Sonoma,097,501317,43149,42713,563,43276,405
2021-12-01,Stanislaus,099,539301,82164,81330,9259,90589,1231
2021-12-01,Sutter,101,95872,14320,14229,399,14628,186
2021-12-01,Tehama,103,63373,8796,8728,1552,10280,130
2021-12-01,Trinity,105,12862,904,801,225,1026,17
2021-12-01,Tulare,107,460477,71007,69953,16294,86247,1098
2021-12-01,Tuolumne,109,53932,7732,7655,107,7762,91
2021-12-01,Ventura,111,848112,100739,99680,4459,104139,1191
2021-12-01,Yolo,113,214977,20561,20393,1262,21655,260
2021-12-01,Yuba,115,75493,10505,10401,383,10784,89
2021-11-30,Alameda,001,1643700,123187,122196,3007,125203,1489
2021-11-30,Alpine,003,1148,108,108,0,108,0
2021-11-30,Amador,005,37829,5762,5716,68,5784,66
2021-11-30,Butte,007,227075,21812,21565,3930,25495,318
2021-11-30,Calaveras,009,45235,4415,4360,62,4422,88
2021-11-30,Colusa,011,21464,2621,2592,680,3272,21
2021-11-30,Contra Costa,013,1133247,102236,101538,2349,103887,1046
2021-11-30,Del Norte,015,27424,3781,3718,57,3775,42
2021-11-30,El Dorado,017,186661,16791,16558,1775,18333,166
2021-11-30,Fresno,019,978130,145990,144384,12679,157063,2259
2021-11-30,Glenn,021,27897,3587,3555,1010,4565,36
2021-11-30,Humboldt,023,135768,9663,9539,679,10218,116
2021-11-30,Imperial,025,180216,35517,34999,3668,38667,773
2021-11-30,Inyo,027,18085,2557,2530,41,2571,46
2021-11-30,Kern,029,883053,132755,131451,23980,155431,1799
2021-11-30,Kings,031,150075,33518,33074,2051,35125,362
2021-11-30,Lake,033,64148,6943,6892,150,7042,110
2021-11-30,Lassen,035,31185,7051,7003,427,7430,51
2021-11-30,Los Angeles,037,10098052,1469749,1460177,56467,1516644,26913
2021-11-30,Madera,039,155013,24372,24108,2273,26381,307
2021-11-30,Marin,041,260295,18212,18010,520,18530,249
2021-11-30,Mariposa,043,17540,1436,1412,59,1471,6
2021-11-30,Mendocino,045,87422,8082,7960,646,8606,89
2021-11-30,Merced,047,269075,43523,43200,1979,45179,668
2021-11-30,Modoc,049,8938,594,576,203,779,5
2021-11-30,Mono,051,14174,1898,1873,21,1894,4
2021-11-30,Monterey,053,433212,49819,48581,3231,51812,626
2021-11-30,Napa,055,140530,13390,13308,120,13428,105
2021-11-30,Nevada,057,99092,9855,9699,352,10051,105
2021-11-30,Orange,059,3164182,315244,312451,16009,328460,5724
2021-11-30,Placer,061,380077,38817,38324,3904,42228,470
2021-11-30,Plumas,063,18699,1929,1887,46,1933,7
2021-11-30,Riverside,065,2383286,375356,370739,16742,387481,5358
2021-11-30,Sacramento,067,1510023,164837,163420,5007,168427,2353
2021-11-30,San Benito,069,59416,7707,7645,184,7829,78
2021-11-30,San Bernardino,071,2135413,366619,363006,11698,374704,5967
2021-11-30,San Diego,073,3302833,389441,385405,22495,407900,4340
2021-11-30,San Francisco,075,870044,54882,54147,2479,56626,672
2021-11-30,San Joaquin,077,732212,102868,101972,5675,107647,1834
2021-11-30,San Luis Obispo,079,281455,30560,30200,1322,31522,360
2021-11-30,San Mateo,081,765935,55906,54656,985,55641,579
2021-11-30,Santa Barbara,083,443738,46500,45628,1704,47332,553
2021-11-30,Santa Clara,085,1922200,152515,150799,1566,152365,1929
2021-11-30,Santa Cruz,087,273765,21468,21169,1045,22214,224
2021-11-30,Shasta,089,179085,22607,22347,3750,26097,401
2021-11-30,Sierra,091,2930,198,195,21,216,0
2021-11-30,Siskiyou,093,43540,3451,3385,1359,4744,55
2021-11-30,Solano,095,438530,47202,46434,1301,47735,358
2021-11-30,Sonoma,097,501317,43071,42663,562,43225,405
2021-11-30,Stanislaus,099,539301,82060,81276,9234,90510,1227
2021-11-30,Sutter,101,95872,14310,14210,396,14606,186
2021-11-30,Tehama,103,63373,8789,8727,1551,10278,130
2021-11-30,Trinity,105,12862,903,799,225,1024,17
2021-11-30,Tulare,107,460477,70918,69900,16248,86148,1099
2021-11-30,Tuolumne,109,53932,7717,7643,107,7750,91
2021-11-30,Ventura,111,848112,100585,99601,4447,104048,1191
2021-11-30,Yolo,113,214977,20522,20376,1256,21632,260
2021-11-30,Yuba,115,75493,10486,10398,378,10776,89
2021-11-29,Alameda,001,1643700,123033,122136,2997,125133,1489
2021-11-29,Alpine,003,1148,108,108,0,108,0
2021-11-29,Amador,005,37829,5755,5706,68,5774,66
2021-11-29,Butte,007,227075,21785,21544,3924,25468,314
2021-11-29,Calaveras,009,45235,4399,4353,62,4415,88
2021-11-29,Colusa,011,21464,2619,2585,677,3262,20
2021-11-29,Contra Costa,013,1133247,102092,101441,2341,103782,1046
2021-11-29,Del Norte,015,27424,3777,3704,57,3761,42
2021-11-29,El Dorado,017,186661,16773,16534,1770,18304,166
2021-11-29,Fresno,019,978130,145786,144282,12663,156945,2254
2021-11-29,Glenn,021,27897,3584,3555,1009,4564,36
2021-11-29,Humboldt,023,135768,9646,9514,672,10186,115
2021-11-29,Imperial,025,180216,35453,34960,3648,38608,773
2021-11-29,Inyo,027,18085,2552,2529,41,2570,46
2021-11-29,Kern,029,883053,132570,131362,23939,155301,1789
2021-11-29,Kings,031,150075,33465,33059,2047,35106,363
2021-11-29,Lake,033,64148,6931,6889,150,7039,110
2021-11-29,Lassen,035,31185,7048,7003,425,7428,51
2021-11-29,Los Angeles,037,10098052,1467907,1459446,56380,1515826,26889
2021-11-29,Madera,039,155013,24334,24069,2265,26334,307
2021-11-29,Marin,041,260295,18165,17980,515,18495,249
2021-11-29,Mariposa,043,17540,1428,1409,59,1468,6
2021-11-29,Mendocino,045,87422,8065,7954,642,8596,89
2021-11-29,Merced,047,269075,43449,43167,1972,45139,667
2021-11-29,Modoc,049,8938,593,569,203,772,5
2021-11-29,Mono,051,14174,1877,1859,21,1880,4
2021-11-29,Monterey,053,433212,49759,48548,3215,51763,626
2021-11-29,Napa,055,140530,13380,13304,120,13424,104
2021-11-29,Nevada,057,99092,9841,9689,352,10041,105
2021-11-29,Orange,059,3164182,314846,312203,15965,328168,5709
2021-11-29,Placer,061,380077,38752,38261,3899,42160,470
2021-11-29,Plumas,063,18699,1926,1884,46,1930,7
2021-11-29,Riverside,065,2383286,374823,370334,16731,387065,5358
2021-11-29,Sacramento,067,1510023,164586,163282,4973,168255,2342
2021-11-29,San Benito,069,59416,7687,7631,183,7814,77
2021-11-29,San Bernardino,071,2135413,366029,362694,11667,374361,5962
2021-11-29,San Diego,073,3302833,388550,384853,22464,407317,4335
2021-11-29,San Francisco,075,870044,54784,54125,2475,56600,669
2021-11-29,San Joaquin,077,732212,102732,101927,5668,107595,1834
2021-11-29,San Luis Obispo,079,281455,30526,30165,1318,31483,359
2021-11-29,San Mateo,081,765935,55804,54622,981,55603,579
2021-11-29,Santa Barbara,083,443738,46403,45576,1700,47276,549
2021-11-29,Santa Clara,085,1922200,152244,150620,1560,152180,1925
2021-11-29,Santa Cruz,087,273765,21430,21149,1043,22192,224
2021-11-29,Shasta,089,179085,22573,22315,3746,26061,399
2021-11-29,Sierra,091,2930,198,195,21,216,0
2021-11-29,Siskiyou,093,43540,3448,3374,1352,4726,55
2021-11-29,Solano,095,438530,47150,46412,1299,47711,357
2021-11-29,Sonoma,097,501317,42998,42624,559,43183,405
2021-11-29,Stanislaus,099,539301,81978,81227,9217,90444,1223
2021-11-29,Sutter,101,95872,14294,14204,393,14597,186
2021-11-29,Tehama,103,63373,8784,8720,1546,10266,130
2021-11-29,Trinity,105,12862,898,798,225,1023,17
2021-11-29,Tulare,107,460477,70841,69850,16213,86063,1096
2021-11-29,Tuolumne,109,53932,7704,7627,106,7733,90
2021-11-29,Ventura,111,848112,100464,99520,4437,103957,1190
2021-11-29,Yolo,113,214977,20478,20344,1253,21597,257
2021-11-29,Yuba,115,75493,10469,10395,377,10772,89
2021-11-28,Alameda,001,1643700,122819,122082,2989,125071,1491
2021-11-28,Alpine,003,1148,108,108,0,108,0
2021-11-28,Amador,005,37829,5745,5703,68,5771,66
2021-11-28,Butte,007,227075,21747,21530,3922,25452,313
2021-11-28,Calaveras,009,45235,4377,4350,62,4412,88
2021-11-28,Colusa,011,21464,2615,2586,676,3262,19
2021-11-28,Contra Costa,013,1133247,101920,101355,2330,103685,1046
2021-11-28,Del Norte,015,27424,3772,3703,57,3760,42
2021-11-28,El Dorado,017,186661,16733,16527,1769,18296,166
2021-11-28,Fresno,019,978130,145542,144164,12642,156806,2252
2021-11-28,Glenn,021,27897,3582,3547,1007,4554,36
2021-11-28,Humboldt,023,135768,9614,9499,668,10167,115
2021-11-28,Imperial,025,180216,35345,34929,3625,38554,773
2021-11-28,Inyo,027,18085,2545,2531,41,2572,46
2021-11-28,Kern,029,883053,132362,131279,23883,155162,1789
2021-11-28,Kings,031,150075,33390,33057,2040,35097,364
2021-11-28,Lake,033,64148,6921,6885,149,7034,110
2021-11-28,Lassen,035,31185,7040,7002,421,7423,51
2021-11-28,Los Angeles,037,10098052,1465744,1458646,56292,1514938,26878
2021-11-28,Madera,039,155013,24286,24055,2258,26313,307
2021-11-28,Marin,041,260295,18116,17962,511,18473,249
2021-11-28,Mariposa,043,17540,1424,1406,59,1465,6
2021-11-28,Mendocino,045,87422,8035,7943,637,8580,89
2021-11-28,Merced,047,269075,43383,43166,1957,45123,667
2021-11-28,Modoc,049,8938,592,569,203,772,5
2021-11-28,Mono,051,14174,1872,1841,21,1862,4
2021-11-28,Monterey,053,433212,49694,48537,3195,51732,626
2021-11-28,Napa,055,140530,13368,13303,120,13423,104
2021-11-28,Nevada,057,99092,9813,9684,351,10035,105
2021-11-28,Orange,059,3164182,314465,312028,15927,327955,5693
2021-11-28,Placer,061,380077,38670,38240,3880,42120,470
2021-11-28,Plumas,063,18699,1920,1884,45,1929,7
2021-11-28,Riverside,065,2383286,374168,370051,16709,386760,5358
2021-11-28,Sacramento,067,1510023,164230,163170,4950,168120,2335
2021-11-28,San Benito,069,59416,7669,7623,182,7805,77
2021-11-28,San Bernardino,071,2135413,365317,362407,11642,374049,5958
2021-11-28,San Diego,073,3302833,387659,383025,22400,405425,4325
2021-11-28,San Francisco,075,870044,54708,54082,2472,56554,669
2021-11-28,San Joaquin,077,732212,102549,101895,5651,107546,1834
2021-11-28,San Luis Obispo,079,281455,30463,30152,1314,31466,358
2021-11-28,San Mateo,081,765935,55710,54567,977,55544,579
2021-11-28,Santa Barbara,083,443738,46324,45551,1689,47240,549
2021-11-28,Santa Clara,085,1922200,151936,150436,1545,151981,1920
2021-11-28,Santa Cruz,087,273765,21359,21110,1042,22152,224
2021-11-28,Shasta,089,179085,22533,22316,3744,26060,400
2021-11-28,Sierra,091,2930,198,195,21,216,0
2021-11-28,Siskiyou,093,43540,3442,3372,1348,4720,55
2021-11-28,Solano,095,438530,47088,46385,1298,47683,356
2021-11-28,Sonoma,097,501317,42914,42583,556,43139,405
2021-11-28,Stanislaus,099,539301,81853,81181,9200,90381,1223
2021-11-28,Sutter,101,95872,14273,14192,387,14579,186
2021-11-28,Tehama,103,63373,8776,8720,1542,10262,130
2021-11-28,Trinity,105,12862,897,797,225,1022,17
2021-11-28,Tulare,107,460477,70746,69833,16158,85991,1095
2021-11-28,Tuolumne,109,53932,7684,7620,106,7726,90
2021-11-28,Ventura,111,848112,100308,99486,4426,103912,1190
2021-11-28,Yolo,113,214977,20437,20333,1252,21585,257
2021-11-28,Yuba,115,75493,10451,10391,375,10766,89
2021-11-27,Alameda,001,1643700,122726,121618,2985,124603,1477
2021-11-27,Alpine,003,1148,108,106,0,106,0
2021-11-27,Amador,005,37829,5744,5670,68,5738,66
2021-11-27,Butte,007,227075,21724,21384,3917,25301,309
2021-11-27,Calaveras,009,45235,4371,4294,62,4356,85
2021-11-27,Colusa,011,21464,2614,2568,674,3242,19
2021-11-27,Contra Costa,013,1133247,101838,100961,2328,103289,1045
2021-11-27,Del Norte,015,27424,3765,3661,57,3718,42
2021-11-27,El Dorado,017,186661,16698,16399,1768,18167,161
2021-11-27,Fresno,019,978130,145433,143386,12637,156023,2246
2021-11-27,Glenn,021,27897,3580,3532,1007,4539,36
2021-11-27,Humboldt,023,135768,9586,9399,666,10065,115
2021-11-27,Imperial,025,180216,35262,34611,3609,38220,769
2021-11-27,Inyo,027,18085,2542,2506,41,2547,45
2021-11-27,Kern,029,883053,132277,130245,23854,154099,1773
2021-11-27,Kings,031,150075,33368,32891,2038,34929,358
2021-11-27,Lake,033,64148,6918,6836,148,6984,110
2021-11-27,Lassen,035,31185,7038,6959,420,7379,47
2021-11-27,Los Angeles,037,10098052,1464749,1454495,56222,1510717,26817
2021-11-27,Madera,039,155013,24266,23880,2254,26134,296
2021-11-27,Marin,041,260295,18078,17857,506,18363,248
2021-11-27,Mariposa,043,17540,1422,1374,59,1433,6
2021-11-27,Mendocino,045,87422,8016,7871,637,8508,89
2021-11-27,Merced,047,269075,43348,42921,1954,44875,664
2021-11-27,Modoc,049,8938,590,551,203,754,5
2021-11-27,Mono,051,14174,1871,1810,21,1831,4
2021-11-27,Monterey,053,433212,49661,48400,3181,51581,625
2021-11-27,Napa,055,140530,13354,13256,120,13376,104
2021-11-27,Nevada,057,99092,9791,9584,350,9934,103
2021-11-27,Orange,059,3164182,314213,310809,15894,326703,5665
2021-11-27,Placer,061,380077,38609,38001,3874,41875,468
2021-11-27,Plumas,063,18699,1916,1860,45,1905,7
2021-11-27,Riverside,065,2383286,373809,367601,16702,384303,5306
2021-11-27,Sacramento,067,1510023,164076,162328,4947,167275,2335
2021-11-27,San Benito,069,59416,7652,7575,182,7757,77
2021-11-27,San Bernardino,071,2135413,364885,360033,11635,371668,5932
2021-11-27,San Diego,073,3302833,387159,382634,22374,405008,4319
2021-11-27,San Francisco,075,870044,54658,53830,2469,56299,669
2021-11-27,San Joaquin,077,732212,102482,101368,5649,107017,1833
2021-11-27,San Luis Obispo,079,281455,30428,29983,1310,31293,358
2021-11-27,San Mateo,081,765935,55654,54360,973,55333,577
2021-11-27,Santa Barbara,083,443738,46270,45318,1687,47005,548
2021-11-27,Santa Clara,085,1922200,151730,149700,1539,151239,1922
2021-11-27,Santa Cruz,087,273765,21319,20929,1039,21968,222
2021-11-27,Shasta,089,179085,22510,22151,3743,25894,396
2021-11-27,Sierra,091,2930,197,194,21,215,0
2021-11-27,Siskiyou,093,43540,3439,3336,1345,4681,54
2021-11-27,Solano,095,438530,47052,46163,1295,47458,356
2021-11-27,Sonoma,097,501317,42851,42368,556,42924,405
2021-11-27,Stanislaus,099,539301,81780,80782,9182,89964,1220
2021-11-27,Sutter,101,95872,14265,14127,386,14513,181
2021-11-27,Tehama,103,63373,8774,8675,1541,10216,129
2021-11-27,Trinity,105,12862,897,789,225,1014,17
2021-11-27,Tulare,107,460477,70694,69377,16141,85518,1082
2021-11-27,Tuolumne,109,53932,7671,7574,106,7680,90
2021-11-27,Ventura,111,848112,100234,99163,4418,103581,1188
2021-11-27,Yolo,113,214977,20416,20237,1243,21480,257
2021-11-27,Yuba,115,75493,10441,10335,375,10710,88
2021-11-26,Alameda,001,1643700,122623,121618,2983,124601,1477
2021-11-26,Alpine,003,1148,108,106,0,106,0
2021-11-26,Amador,005,37829,5740,5670,68,5738,66
2021-11-26,Butte,007,227075,21701,21384,3912,25296,309
2021-11-26,Calaveras,009,45235,4362,4294,62,4356,85
2021-11-26,Colusa,011,21464,2612,2568,673,3241,19
2021-11-26,Contra Costa,013,1133247,101751,100961,2324,103285,1045
2021-11-26,Del Norte,015,27424,3762,3661,57,3718,42
2021-11-26,El Dorado,017,186661,16681,16399,1765,18164,161
2021-11-26,Fresno,019,978130,145301,143386,12628,156014,2246
2021-11-26,Glenn,021,27897,3573,3532,1007,4539,36
2021-11-26,Humboldt,023,135768,9567,9399,662,10061,115
2021-11-26,Imperial,025,180216,35205,34611,3596,38207,769
2021-11-26,Inyo,027,18085,2542,2506,41,2547,45
2021-11-26,Kern,029,883053,132194,130245,23810,154055,1773
2021-11-26,Kings,031,150075,33344,32891,2036,34927,358
2021-11-26,Lake,033,64148,6916,6836,148,6984,110
2021-11-26,Lassen,035,31185,7032,6959,420,7379,47
2021-11-26,Los Angeles,037,10098052,1463910,1454495,56162,1510657,26817
2021-11-26,Madera,039,155013,24239,23880,2252,26132,296
2021-11-26,Marin,041,260295,18049,17857,506,18363,248
2021-11-26,Mariposa,043,17540,1416,1374,58,1432,6
2021-11-26,Mendocino,045,87422,8006,7871,637,8508,89
2021-11-26,Merced,047,269075,43317,42921,1949,44870,664
2021-11-26,Modoc,049,8938,588,551,203,754,5
2021-11-26,Mono,051,14174,1859,1810,21,1831,4
2021-11-26,Monterey,053,433212,49617,48400,3174,51574,625
2021-11-26,Napa,055,140530,13338,13256,120,13376,104
2021-11-26,Nevada,057,99092,9780,9584,350,9934,103
2021-11-26,Orange,059,3164182,313940,310809,15863,326672,5665
2021-11-26,Placer,061,380077,38564,38001,3866,41867,468
2021-11-26,Plumas,063,18699,1911,1860,45,1905,7
2021-11-26,Riverside,065,2383286,373409,367601,16695,384296,5306
2021-11-26,Sacramento,067,1510023,163965,162328,4942,167270,2335
2021-11-26,San Benito,069,59416,7644,7575,182,7757,77
2021-11-26,San Bernardino,071,2135413,364454,360033,11628,371661,5932
2021-11-26,San Diego,073,3302833,386603,382634,22362,404996,4319
2021-11-26,San Francisco,075,870044,54609,53830,2467,56297,669
2021-11-26,San Joaquin,077,732212,102425,101368,5648,107016,1833
2021-11-26,San Luis Obispo,079,281455,30386,29983,1307,31290,358
2021-11-26,San Mateo,081,765935,55592,54360,972,55332,577
2021-11-26,Santa Barbara,083,443738,46223,45318,1686,47004,548
2021-11-26,Santa Clara,085,1922200,151562,149700,1531,151231,1922
2021-11-26,Santa Cruz,087,273765,21279,20929,1039,21968,222
2021-11-26,Shasta,089,179085,22491,22151,3741,25892,396
2021-11-26,Sierra,091,2930,197,194,21,215,0
2021-11-26,Siskiyou,093,43540,3436,3336,1344,4680,54
2021-11-26,Solano,095,438530,47009,46163,1294,47457,356
2021-11-26,Sonoma,097,501317,42800,42368,554,42922,405
2021-11-26,Stanislaus,099,539301,81704,80782,9171,89953,1220
2021-11-26,Sutter,101,95872,14252,14127,385,14512,181
2021-11-26,Tehama,103,63373,8772,8675,1540,10215,129
2021-11-26,Trinity,105,12862,896,789,225,1014,17
2021-11-26,Tulare,107,460477,70651,69377,16109,85486,1082
2021-11-26,Tuolumne,109,53932,7661,7574,106,7680,90
2021-11-26,Ventura,111,848112,100154,99163,4413,103576,1188
2021-11-26,Yolo,113,214977,20395,20237,1237,21474,257
2021-11-26,Yuba,115,75493,10435,10335,375,10710,88
2021-11-25,Alameda,001,1643700,122516,121618,2978,124596,1477
2021-11-25,Alpine,003,1148,108,106,0,106,0
2021-11-25,Amador,005,37829,5732,5670,68,5738,66
2021-11-25,Butte,007,227075,21683,21384,3910,25294,309
2021-11-25,Calaveras,009,45235,4357,4294,62,4356,85
2021-11-25,Colusa,011,21464,2609,2568,671,3239,19
2021-11-25,Contra Costa,013,1133247,101646,100961,2319,103280,1045
2021-11-25,Del Norte,015,27424,3757,3661,57,3718,42
2021-11-25,El Dorado,017,186661,16662,16399,1764,18163,161
2021-11-25,Fresno,019,978130,145168,143386,12621,156007,2246
2021-11-25,Glenn,021,27897,3572,3532,1007,4539,36
2021-11-25,Humboldt,023,135768,9548,9399,659,10058,115
2021-11-25,Imperial,025,180216,35160,34611,3584,38195,769
2021-11-25,Inyo,027,18085,2540,2506,41,2547,45
2021-11-25,Kern,029,883053,132096,130245,23764,154009,1773
2021-11-25,Kings,031,150075,33316,32891,2035,34926,358
2021-11-25,Lake,033,64148,6909,6836,148,6984,110
2021-11-25,Lassen,035,31185,7030,6959,419,7378,47
2021-11-25,Los Angeles,037,10098052,1462950,1454495,56103,1510598,26817
2021-11-25,Madera,039,155013,24204,23880,2251,26131,296
2021-11-25,Marin,041,260295,18022,17857,501,18358,248
2021-11-25,Mariposa,043,17540,1413,1374,58,1432,6
2021-11-25,Mendocino,045,87422,7988,7871,637,8508,89
2021-11-25,Merced,047,269075,43278,42921,1944,44865,664
2021-11-25,Modoc,049,8938,587,551,203,754,5
2021-11-25,Mono,051,14174,1847,1810,21,1831,4
2021-11-25,Monterey,053,433212,49573,48400,3165,51565,625
2021-11-25,Napa,055,140530,13330,13256,120,13376,104
2021-11-25,Nevada,057,99092,9761,9584,347,9931,103
2021-11-25,Orange,059,3164182,313675,310809,15835,326644,5665
2021-11-25,Placer,061,380077,38516,38001,3860,41861,468
2021-11-25,Plumas,063,18699,1909,1860,45,1905,7
2021-11-25,Riverside,065,2383286,372996,367601,16688,384289,5306
2021-11-25,Sacramento,067,1510023,163783,162328,4936,167264,2335
2021-11-25,San Benito,069,59416,7637,7575,182,7757,77
2021-11-25,San Bernardino,071,2135413,364061,360033,11613,371646,5932
2021-11-25,San Diego,073,3302833,386158,382634,22342,404976,4319
2021-11-25,San Francisco,075,870044,54559,53830,2464,56294,669
2021-11-25,San Joaquin,077,732212,102341,101368,5644,107012,1833
2021-11-25,San Luis Obispo,079,281455,30356,29983,1305,31288,358
2021-11-25,San Mateo,081,765935,55543,54360,970,55330,577
2021-11-25,Santa Barbara,083,443738,46186,45318,1684,47002,548
2021-11-25,Santa Clara,085,1922200,151405,149700,1526,151226,1922
2021-11-25,Santa Cruz,087,273765,21247,20929,1039,21968,222
2021-11-25,Shasta,089,179085,22465,22151,3741,25892,396
2021-11-25,Sierra,091,2930,197,194,21,215,0
2021-11-25,Siskiyou,093,43540,3433,3336,1344,4680,54
2021-11-25,Solano,095,438530,46972,46163,1293,47456,356
2021-11-25,Sonoma,097,501317,42743,42368,550,42918,405
2021-11-25,Stanislaus,099,539301,81633,80782,9157,89939,1220
2021-11-25,Sutter,101,95872,14236,14127,384,14511,181
2021-11-25,Tehama,103,63373,8764,8675,1540,10215,129
2021-11-25,Trinity,105,12862,896,789,225,1014,17
2021-11-25,Tulare,107,460477,70586,69377,16082,85459,1082
2021-11-25,Tuolumne,109,53932,7650,7574,106,7680,90
2021-11-25,Ventura,111,848112,100085,99163,4410,103573,1188
2021-11-25,Yolo,113,214977,20366,20237,1233,21470,257
2021-11-25,Yuba,115,75493,10426,10335,374,10709,88
2021-11-24,Alameda,001,1643700,122452,121618,2974,124592,1477
2021-11-24,Alpine,003,1148,108,106,0,106,0
2021-11-24,Amador,005,37829,5722,5670,68,5738,66
2021-11-24,Butte,007,227075,21668,21384,3909,25293,309
2021-11-24,Calaveras,009,45235,4350,4294,62,4356,85
2021-11-24,Colusa,011,21464,2609,2568,670,3238,19
2021-11-24,Contra Costa,013,1133247,101609,100961,2316,103277,1045
2021-11-24,Del Norte,015,27424,3754,3661,57,3718,42
2021-11-24,El Dorado,017,186661,16650,16399,1763,18162,161
2021-11-24,Fresno,019,978130,145113,143386,12621,156007,2246
2021-11-24,Glenn,021,27897,3570,3532,1006,4538,36
2021-11-24,Humboldt,023,135768,9534,9399,659,10058,115
2021-11-24,Imperial,025,180216,35132,34611,3578,38189,769
2021-11-24,Inyo,027,18085,2537,2506,41,2547,45
2021-11-24,Kern,029,883053,132032,130245,23752,153997,1773
2021-11-24,Kings,031,150075,33303,32891,2033,34924,358
2021-11-24,Lake,033,64148,6905,6836,148,6984,110
2021-11-24,Lassen,035,31185,7030,6959,419,7378,47
2021-11-24,Los Angeles,037,10098052,1462467,1454495,56060,1510555,26817
2021-11-24,Madera,039,155013,24181,23880,2245,26125,296
2021-11-24,Marin,041,260295,18010,17857,499,18356,248
2021-11-24,Mariposa,043,17540,1413,1374,58,1432,6
2021-11-24,Mendocino,045,87422,7976,7871,637,8508,89
2021-11-24,Merced,047,269075,43246,42921,1941,44862,664
2021-11-24,Modoc,049,8938,587,551,203,754,5
2021-11-24,Mono,051,14174,1846,1810,21,1831,4
2021-11-24,Monterey,053,433212,49560,48400,3163,51563,625
2021-11-24,Napa,055,140530,13326,13256,120,13376,104
2021-11-24,Nevada,057,99092,9746,9584,347,9931,103
2021-11-24,Orange,059,3164182,313518,310809,15822,326631,5665
2021-11-24,Placer,061,380077,38483,38001,3858,41859,468
2021-11-24,Plumas,063,18699,1907,1860,45,1905,7
2021-11-24,Riverside,065,2383286,372816,367601,16682,384283,5306
2021-11-24,Sacramento,067,1510023,163710,162328,4936,167264,2335
2021-11-24,San Benito,069,59416,7635,7575,182,7757,77
2021-11-24,San Bernardino,071,2135413,363853,360033,11602,371635,5932
2021-11-24,San Diego,073,3302833,385903,382634,22329,404963,4319
2021-11-24,San Francisco,075,870044,54528,53830,2462,56292,669
2021-11-24,San Joaquin,077,732212,102300,101368,5641,107009,1833
2021-11-24,San Luis Obispo,079,281455,30338,29983,1305,31288,358
2021-11-24,San Mateo,081,765935,55513,54360,969,55329,577
2021-11-24,Santa Barbara,083,443738,46159,45318,1684,47002,548
2021-11-24,Santa Clara,085,1922200,151309,149700,1526,151226,1922
2021-11-24,Santa Cruz,087,273765,21223,20929,1038,21967,222
2021-11-24,Shasta,089,179085,22454,22151,3738,25889,396
2021-11-24,Sierra,091,2930,197,194,21,215,0
2021-11-24,Siskiyou,093,43540,3431,3336,1344,4680,54
2021-11-24,Solano,095,438530,46944,46163,1291,47454,356
2021-11-24,Sonoma,097,501317,42712,42368,548,42916,405
2021-11-24,Stanislaus,099,539301,81595,80782,9152,89934,1220
2021-11-24,Sutter,101,95872,14223,14127,382,14509,181
2021-11-24,Tehama,103,63373,8761,8675,1539,10214,129
2021-11-24,Trinity,105,12862,896,789,225,1014,17
2021-11-24,Tulare,107,460477,70562,69377,16063,85440,1082
2021-11-24,Tuolumne,109,53932,7646,7574,106,7680,90
2021-11-24,Ventura,111,848112,100050,99163,4406,103569,1188
2021-11-24,Yolo,113,214977,20358,20237,1232,21469,257
2021-11-24,Yuba,115,75493,10422,10335,373,10708,88
2021-11-23,Alameda,001,1643700,122338,121618,2966,124584,1477
2021-11-23,Alpine,003,1148,108,106,0,106,0
2021-11-23,Amador,005,37829,5715,5670,68,5738,66
2021-11-23,Butte,007,227075,21639,21384,3905,25289,309
2021-11-23,Calaveras,009,45235,4344,4294,61,4355,85
2021-11-23,Colusa,011,21464,2605,2568,669,3237,19
2021-11-23,Contra Costa,013,1133247,101503,100961,2314,103275,1045
2021-11-23,Del Norte,015,27424,3751,3661,57,3718,42
2021-11-23,El Dorado,017,186661,16618,16399,1760,18159,161
2021-11-23,Fresno,019,978130,144977,143386,12611,155997,2246
2021-11-23,Glenn,021,27897,3564,3532,1006,4538,36
2021-11-23,Humboldt,023,135768,9512,9399,656,10055,115
2021-11-23,Imperial,025,180216,35062,34611,3557,38168,769
2021-11-23,Inyo,027,18085,2533,2506,41,2547,45
2021-11-23,Kern,029,883053,131927,130245,23705,153950,1773
2021-11-23,Kings,031,150075,33263,32891,2032,34923,358
2021-11-23,Lake,033,64148,6900,6836,148,6984,110
2021-11-23,Lassen,035,31185,7026,6959,416,7375,47
2021-11-23,Los Angeles,037,10098052,1461456,1454495,55999,1510494,26817
2021-11-23,Madera,039,155013,24155,23880,2243,26123,296
2021-11-23,Marin,041,260295,17979,17857,495,18352,248
2021-11-23,Mariposa,043,17540,1410,1374,58,1432,6
2021-11-23,Mendocino,045,87422,7955,7871,634,8505,89
2021-11-23,Merced,047,269075,43208,42921,1940,44861,664
2021-11-23,Modoc,049,8938,585,551,203,754,5
2021-11-23,Mono,051,14174,1836,1810,20,1830,4
2021-11-23,Monterey,053,433212,49524,48400,3157,51557,625
2021-11-23,Napa,055,140530,13317,13256,120,13376,104
2021-11-23,Nevada,057,99092,9717,9584,346,9930,103
2021-11-23,Orange,059,3164182,313268,310809,15789,326598,5665
2021-11-23,Placer,061,380077,38425,38001,3841,41842,468
2021-11-23,Plumas,063,18699,1903,1860,45,1905,7
2021-11-23,Riverside,065,2383286,372433,367601,16669,384270,5306
2021-11-23,Sacramento,067,1510023,163527,162328,4924,167252,2335
2021-11-23,San Benito,069,59416,7626,7575,180,7755,77
2021-11-23,San Bernardino,071,2135413,363441,360033,11588,371621,5932
2021-11-23,San Diego,073,3302833,385414,382634,22306,404940,4319
2021-11-23,San Francisco,075,870044,54468,53830,2459,56289,669
2021-11-23,San Joaquin,077,732212,102193,101368,5631,106999,1833
2021-11-23,San Luis Obispo,079,281455,30304,29983,1302,31285,358
2021-11-23,San Mateo,081,765935,55463,54360,966,55326,577
2021-11-23,Santa Barbara,083,443738,46108,45318,1684,47002,548
2021-11-23,Santa Clara,085,1922200,151097,149700,1514,151214,1922
2021-11-23,Santa Cruz,087,273765,21185,20929,1038,21967,222
2021-11-23,Shasta,089,179085,22418,22151,3736,25887,396
2021-11-23,Sierra,091,2930,197,194,21,215,0
2021-11-23,Siskiyou,093,43540,3426,3336,1343,4679,54
2021-11-23,Solano,095,438530,46890,46163,1287,47450,356
2021-11-23,Sonoma,097,501317,42661,42368,545,42913,405
2021-11-23,Stanislaus,099,539301,81525,80782,9139,89921,1220
2021-11-23,Sutter,101,95872,14207,14127,381,14508,181
2021-11-23,Tehama,103,63373,8748,8675,1538,10213,129
2021-11-23,Trinity,105,12862,895,789,225,1014,17
2021-11-23,Tulare,107,460477,70515,69377,16033,85410,1082
2021-11-23,Tuolumne,109,53932,7635,7574,106,7680,90
2021-11-23,Ventura,111,848112,99967,99163,4400,103563,1188
2021-11-23,Yolo,113,214977,20337,20237,1224,21461,257
2021-11-23,Yuba,115,75493,10410,10335,373,10708,88
2021-11-22,Alameda,001,1643700,122227,121566,2963,124529,1475
2021-11-22,Alpine,003,1148,108,106,0,106,0
2021-11-22,Amador,005,37829,5702,5670,68,5738,66
2021-11-22,Butte,007,227075,21600,21363,3899,25262,305
2021-11-22,Calaveras,009,45235,4332,4294,61,4355,84
2021-11-22,Colusa,011,21464,2602,2565,669,3234,19
2021-11-22,Contra Costa,013,1133247,101417,100877,2309,103186,1045
2021-11-22,Del Norte,015,27424,3748,3659,57,3716,42
2021-11-22,El Dorado,017,186661,16595,16378,1757,18135,161
2021-11-22,Fresno,019,978130,144845,143290,12605,155895,2243
2021-11-22,Glenn,021,27897,3559,3530,1005,4535,36
2021-11-22,Humboldt,023,135768,9485,9389,651,10040,115
2021-11-22,Imperial,025,180216,35000,34562,3543,38105,766
2021-11-22,Inyo,027,18085,2527,2501,41,2542,44
2021-11-22,Kern,029,883053,131765,130091,23655,153746,1762
2021-11-22,Kings,031,150075,33227,32867,2027,34894,358
2021-11-22,Lake,033,64148,6895,6837,148,6985,110
2021-11-22,Lassen,035,31185,7025,6954,415,7369,47
2021-11-22,Los Angeles,037,10098052,1460393,1453945,55921,1509866,26800
2021-11-22,Madera,039,155013,24121,23872,2236,26108,296
2021-11-22,Marin,041,260295,17948,17842,493,18335,248
2021-11-22,Mariposa,043,17540,1406,1372,58,1430,6
2021-11-22,Mendocino,045,87422,7939,7859,633,8492,89
2021-11-22,Merced,047,269075,43157,42898,1929,44827,660
2021-11-22,Modoc,049,8938,584,551,203,754,5
2021-11-22,Mono,051,14174,1823,1809,20,1829,4
2021-11-22,Monterey,053,433212,49497,48374,3153,51527,611
2021-11-22,Napa,055,140530,13309,13255,119,13374,104
2021-11-22,Nevada,057,99092,9698,9575,344,9919,96
2021-11-22,Orange,059,3164182,313024,310654,15763,326417,5663
2021-11-22,Placer,061,380077,38380,37956,3833,41789,465
2021-11-22,Plumas,063,18699,1900,1858,45,1903,7
2021-11-22,Riverside,065,2383286,371998,367301,16659,383960,5283
2021-11-22,Sacramento,067,1510023,163334,162222,4915,167137,2328
2021-11-22,San Benito,069,59416,7606,7567,180,7747,77
2021-11-22,San Bernardino,071,2135413,363031,359851,11578,371429,5916
2021-11-22,San Diego,073,3302833,384919,382132,22282,404414,4317
2021-11-22,San Francisco,075,870044,54376,53778,2453,56231,669
2021-11-22,San Joaquin,077,732212,102068,101299,5626,106925,1833
2021-11-22,San Luis Obispo,079,281455,30278,29963,1301,31264,358
2021-11-22,San Mateo,081,765935,55406,54330,964,55294,577
2021-11-22,Santa Barbara,083,443738,46037,45279,1684,46963,546
2021-11-22,Santa Clara,085,1922200,150911,149541,1504,151045,1919
2021-11-22,Santa Cruz,087,273765,21144,20891,1038,21929,222
2021-11-22,Shasta,089,179085,22404,22116,3731,25847,393
2021-11-22,Sierra,091,2930,197,193,21,214,0
2021-11-22,Siskiyou,093,43540,3421,3336,1341,4677,54
2021-11-22,Solano,095,438530,46842,46153,1285,47438,356
2021-11-22,Sonoma,097,501317,42604,42344,544,42888,404
2021-11-22,Stanislaus,099,539301,81436,80718,9130,89848,1209
2021-11-22,Sutter,101,95872,14191,14125,379,14504,181
2021-11-22,Tehama,103,63373,8741,8669,1533,10202,127
2021-11-22,Trinity,105,12862,894,785,225,1010,17
2021-11-22,Tulare,107,460477,70452,69314,15998,85312,1075
2021-11-22,Tuolumne,109,53932,7620,7567,106,7673,90
2021-11-22,Ventura,111,848112,99900,99114,4397,103511,1186
2021-11-22,Yolo,113,214977,20314,20227,1222,21449,257
2021-11-22,Yuba,115,75493,10401,10332,372,10704,88
2021-11-21,Alameda,001,1643700,122106,121443,2959,124402,1475
2021-11-21,Alpine,003,1148,106,106,0,106,0
2021-11-21,Amador,005,37829,5697,5662,67,5729,66
2021-11-21,Butte,007,227075,21559,21342,3894,25236,306
2021-11-21,Calaveras,009,45235,4323,4287,61,4348,84
2021-11-21,Colusa,011,21464,2598,2562,668,3230,19
2021-11-21,Contra Costa,013,1133247,101315,100807,2303,103110,1045
2021-11-21,Del Norte,015,27424,3744,3659,57,3716,42
2021-11-21,El Dorado,017,186661,16568,16370,1751,18121,161
2021-11-21,Fresno,019,978130,144679,143203,12591,155794,2242
2021-11-21,Glenn,021,27897,3556,3529,1005,4534,36
2021-11-21,Humboldt,023,135768,9463,9378,650,10028,115
2021-11-21,Imperial,025,180216,34911,34527,3531,38058,766
2021-11-21,Inyo,027,18085,2520,2501,41,2542,44
2021-11-21,Kern,029,883053,131601,130020,23610,153630,1762
2021-11-21,Kings,031,150075,33190,32843,2023,34866,356
2021-11-21,Lake,033,64148,6888,6834,148,6982,110
2021-11-21,Lassen,035,31185,7016,6953,415,7368,47
2021-11-21,Los Angeles,037,10098052,1459327,1453181,55873,1509054,26793
2021-11-21,Madera,039,155013,24095,23856,2231,26087,296
2021-11-21,Marin,041,260295,17919,17829,490,18319,248
2021-11-21,Mariposa,043,17540,1405,1371,57,1428,6
2021-11-21,Mendocino,045,87422,7933,7846,630,8476,89
2021-11-21,Merced,047,269075,43102,42881,1925,44806,660
2021-11-21,Modoc,049,8938,580,551,203,754,5
2021-11-21,Mono,051,14174,1815,1799,20,1819,4
2021-11-21,Monterey,053,433212,49451,48358,3144,51502,611
2021-11-21,Napa,055,140530,13297,13250,119,13369,104
2021-11-21,Nevada,057,99092,9672,9556,343,9899,96
2021-11-21,Orange,059,3164182,312769,310477,15732,326209,5663
2021-11-21,Placer,061,380077,38298,37929,3832,41761,465
2021-11-21,Plumas,063,18699,1899,1858,45,1903,7
2021-11-21,Riverside,065,2383286,371510,367093,16651,383744,5283
2021-11-21,Sacramento,067,1510023,163114,162087,4905,166992,2327
2021-11-21,San Benito,069,59416,7592,7563,179,7742,77
2021-11-21,San Bernardino,071,2135413,362550,359621,11543,371164,5912
2021-11-21,San Diego,073,3302833,384383,380747,22257,403004,4317
2021-11-21,San Francisco,075,870044,54308,53741,2447,56188,669
2021-11-21,San Joaquin,077,732212,101964,101264,5613,106877,1833
2021-11-21,San Luis Obispo,079,281455,30240,29948,1301,31249,358
2021-11-21,San Mateo,081,765935,55355,54290,962,55252,577
2021-11-21,Santa Barbara,083,443738,45977,45237,1681,46918,546
2021-11-21,Santa Clara,085,1922200,150707,149387,1484,150871,1918
2021-11-21,Santa Cruz,087,273765,21100,20866,1036,21902,222
2021-11-21,Shasta,089,179085,22373,22112,3729,25841,393
2021-11-21,Sierra,091,2930,197,193,21,214,0
2021-11-21,Siskiyou,093,43540,3416,3333,1340,4673,54
2021-11-21,Solano,095,438530,46787,46122,1278,47400,356
2021-11-21,Sonoma,097,501317,42544,42298,543,42841,404
2021-11-21,Stanislaus,099,539301,81338,80687,9118,89805,1209
2021-11-21,Sutter,101,95872,14177,14111,379,14490,181
2021-11-21,Tehama,103,63373,8735,8669,1532,10201,127
2021-11-21,Trinity,105,12862,892,784,223,1007,17
2021-11-21,Tulare,107,460477,70370,69285,15960,85245,1075
2021-11-21,Tuolumne,109,53932,7612,7560,105,7665,90
2021-11-21,Ventura,111,848112,99809,99081,4393,103474,1186
2021-11-21,Yolo,113,214977,20287,20209,1219,21428,257
2021-11-21,Yuba,115,75493,10392,10326,372,10698,88
2021-11-20,Alameda,001,1643700,122014,121059,2953,124012,1473
2021-11-20,Alpine,003,1148,106,105,0,105,0
2021-11-20,Amador,005,37829,5691,5652,66,5718,66
2021-11-20,Butte,007,227075,21543,21265,3890,25155,300
2021-11-20,Calaveras,009,45235,4314,4268,61,4329,84
2021-11-20,Colusa,011,21464,2597,2549,667,3216,19
2021-11-20,Contra Costa,013,1133247,101237,100491,2299,102790,1043
2021-11-20,Del Norte,015,27424,3741,3637,57,3694,42
2021-11-20,El Dorado,017,186661,16547,16308,1749,18057,161
2021-11-20,Fresno,019,978130,144608,142579,12584,155163,2233
2021-11-20,Glenn,021,27897,3556,3526,1004,4530,35
2021-11-20,Humboldt,023,135768,9450,9302,648,9950,115
2021-11-20,Imperial,025,180216,34858,34312,3525,37837,766
2021-11-20,Inyo,027,18085,2519,2467,41,2508,44
2021-11-20,Kern,029,883053,131501,129488,23573,153061,1750
2021-11-20,Kings,031,150075,33180,32720,2023,34743,354
2021-11-20,Lake,033,64148,6885,6808,148,6956,110
2021-11-20,Lassen,035,31185,7015,6931,415,7346,47
2021-11-20,Los Angeles,037,10098052,1458714,1448963,55827,1504790,26741
2021-11-20,Madera,039,155013,24083,23720,2228,25948,296
2021-11-20,Marin,041,260295,17904,17774,490,18264,248
2021-11-20,Mariposa,043,17540,1404,1354,57,1411,6
2021-11-20,Mendocino,045,87422,7925,7773,630,8403,89
2021-11-20,Merced,047,269075,43077,42692,1925,44617,656
2021-11-20,Modoc,049,8938,579,550,203,753,5
2021-11-20,Mono,051,14174,1814,1767,20,1787,4
2021-11-20,Monterey,053,433212,49438,48260,3136,51396,609
2021-11-20,Napa,055,140530,13294,13184,119,13303,103
2021-11-20,Nevada,057,99092,9656,9480,343,9823,92
2021-11-20,Orange,059,3164182,312571,309672,15716,325388,5658
2021-11-20,Placer,061,380077,38257,37800,3827,41627,462
2021-11-20,Plumas,063,18699,1895,1841,45,1886,7
2021-11-20,Riverside,065,2383286,371238,365809,16638,382447,5265
2021-11-20,Sacramento,067,1510023,163011,161533,4901,166434,2316
2021-11-20,San Benito,069,59416,7588,7533,179,7712,77
2021-11-20,San Bernardino,071,2135413,362278,358322,11533,369855,5897
2021-11-20,San Diego,073,3302833,384051,380147,22230,402377,4311
2021-11-20,San Francisco,075,870044,54270,53525,2446,55971,669
2021-11-20,San Joaquin,077,732212,101914,100922,5608,106530,1832
2021-11-20,San Luis Obispo,079,281455,30225,29815,1300,31115,355
2021-11-20,San Mateo,081,765935,55320,54132,961,55093,577
2021-11-20,Santa Barbara,083,443738,45945,45074,1681,46755,544
2021-11-20,Santa Clara,085,1922200,150602,148829,1483,150312,1917
2021-11-20,Santa Cruz,087,273765,21081,20756,1036,21792,222
2021-11-20,Shasta,089,179085,22349,21968,3728,25696,383
2021-11-20,Sierra,091,2930,197,191,21,212,0
2021-11-20,Siskiyou,093,43540,3413,3313,1340,4653,54
2021-11-20,Solano,095,438530,46766,46006,1278,47284,356
2021-11-20,Sonoma,097,501317,42513,42151,543,42694,403
2021-11-20,Stanislaus,099,539301,81291,80412,9114,89526,1205
2021-11-20,Sutter,101,95872,14169,14074,379,14453,181
2021-11-20,Tehama,103,63373,8730,8648,1532,10180,125
2021-11-20,Trinity,105,12862,888,771,223,994,17
2021-11-20,Tulare,107,460477,70334,69074,15939,85013,1054
2021-11-20,Tuolumne,109,53932,7603,7511,105,7616,90
2021-11-20,Ventura,111,848112,99760,98893,4386,103279,1186
2021-11-20,Yolo,113,214977,20280,20139,1215,21354,257
2021-11-20,Yuba,115,75493,10386,10290,371,10661,88
2021-11-19,Alameda,001,1643700,121943,121059,2950,124009,1473
2021-11-19,Alpine,003,1148,106,105,0,105,0
2021-11-19,Amador,005,37829,5681,5652,66,5718,66
2021-11-19,Butte,007,227075,21520,21265,3883,25148,300
2021-11-19,Calaveras,009,45235,4307,4268,61,4329,84
2021-11-19,Colusa,011,21464,2595,2549,666,3215,19
2021-11-19,Contra Costa,013,1133247,101181,100491,2294,102785,1043
2021-11-19,Del Norte,015,27424,3736,3637,57,3694,42
2021-11-19,El Dorado,017,186661,16526,16308,1747,18055,161
2021-11-19,Fresno,019,978130,144493,142579,12580,155159,2233
2021-11-19,Glenn,021,27897,3555,3526,1003,4529,35
2021-11-19,Humboldt,023,135768,9437,9302,645,9947,115
2021-11-19,Imperial,025,180216,34819,34312,3518,37830,766
2021-11-19,Inyo,027,18085,2515,2467,41,2508,44
2021-11-19,Kern,029,883053,131397,129488,23531,153019,1750
2021-11-19,Kings,031,150075,33154,32720,2021,34741,354
2021-11-19,Lake,033,64148,6882,6808,148,6956,110
2021-11-19,Lassen,035,31185,7011,6931,414,7345,47
2021-11-19,Los Angeles,037,10098052,1458035,1448963,55772,1504735,26741
2021-11-19,Madera,039,155013,24062,23720,2224,25944,296
2021-11-19,Marin,041,260295,17885,17774,488,18262,248
2021-11-19,Mariposa,043,17540,1402,1354,57,1411,6
2021-11-19,Mendocino,045,87422,7905,7773,630,8403,89
2021-11-19,Merced,047,269075,43051,42692,1924,44616,656
2021-11-19,Modoc,049,8938,578,550,203,753,5
2021-11-19,Mono,051,14174,1807,1767,20,1787,4
2021-11-19,Monterey,053,433212,49417,48260,3135,51395,609
2021-11-19,Napa,055,140530,13284,13184,118,13302,103
2021-11-19,Nevada,057,99092,9643,9480,343,9823,92
2021-11-19,Orange,059,3164182,312415,309672,15692,325364,5658
2021-11-19,Placer,061,380077,38220,37800,3823,41623,462
2021-11-19,Plumas,063,18699,1891,1841,45,1886,7
2021-11-19,Riverside,065,2383286,370965,365809,16633,382442,5265
2021-11-19,Sacramento,067,1510023,162889,161533,4897,166430,2316
2021-11-19,San Benito,069,59416,7582,7533,177,7710,77
2021-11-19,San Bernardino,071,2135413,361963,358322,11526,369848,5897
2021-11-19,San Diego,073,3302833,383651,380147,22203,402350,4311
2021-11-19,San Francisco,075,870044,54232,53525,2446,55971,669
2021-11-19,San Joaquin,077,732212,101858,100922,5604,106526,1832
2021-11-19,San Luis Obispo,079,281455,30207,29815,1298,31113,355
2021-11-19,San Mateo,081,765935,55271,54132,957,55089,577
2021-11-19,Santa Barbara,083,443738,45909,45074,1681,46755,544
2021-11-19,Santa Clara,085,1922200,150454,148829,1480,150309,1917
2021-11-19,Santa Cruz,087,273765,21054,20756,1033,21789,222
2021-11-19,Shasta,089,179085,22337,21968,3727,25695,383
2021-11-19,Sierra,091,2930,197,191,21,212,0
2021-11-19,Siskiyou,093,43540,3410,3313,1340,4653,54
2021-11-19,Solano,095,438530,46736,46006,1274,47280,356
2021-11-19,Sonoma,097,501317,42480,42151,540,42691,403
2021-11-19,Stanislaus,099,539301,81232,80412,9104,89516,1205
2021-11-19,Sutter,101,95872,14167,14074,379,14453,181
2021-11-19,Tehama,103,63373,8727,8648,1532,10180,125
2021-11-19,Trinity,105,12862,886,771,223,994,17
2021-11-19,Tulare,107,460477,70295,69074,15910,84984,1054
2021-11-19,Tuolumne,109,53932,7592,7511,105,7616,90
2021-11-19,Ventura,111,848112,99694,98893,4382,103275,1186
2021-11-19,Yolo,113,214977,20271,20139,1212,21351,257
2021-11-19,Yuba,115,75493,10383,10290,371,10661,88
2021-11-18,Alameda,001,1643700,121824,121059,2941,124000,1473
2021-11-18,Alpine,003,1148,106,105,0,105,0
2021-11-18,Amador,005,37829,5679,5652,66,5718,66
2021-11-18,Butte,007,227075,21503,21265,3876,25141,300
2021-11-18,Calaveras,009,45235,4300,4268,60,4328,84
2021-11-18,Colusa,011,21464,2587,2549,666,3215,19
2021-11-18,Contra Costa,013,1133247,101079,100491,2286,102777,1043
2021-11-18,Del Norte,015,27424,3733,3637,57,3694,42
2021-11-18,El Dorado,017,186661,16507,16308,1744,18052,161
2021-11-18,Fresno,019,978130,144355,142579,12571,155150,2233
2021-11-18,Glenn,021,27897,3554,3526,1002,4528,35
2021-11-18,Humboldt,023,135768,9421,9302,640,9942,115
2021-11-18,Imperial,025,180216,34764,34312,3502,37814,766
2021-11-18,Inyo,027,18085,2507,2467,41,2508,44
2021-11-18,Kern,029,883053,131253,129488,23484,152972,1750
2021-11-18,Kings,031,150075,33117,32720,2018,34738,354
2021-11-18,Lake,033,64148,6877,6808,148,6956,110
2021-11-18,Lassen,035,31185,7008,6931,409,7340,47
2021-11-18,Los Angeles,037,10098052,1457054,1448963,55708,1504671,26741
2021-11-18,Madera,039,155013,24037,23720,2221,25941,296
2021-11-18,Marin,041,260295,17868,17774,484,18258,248
2021-11-18,Mariposa,043,17540,1399,1354,57,1411,6
2021-11-18,Mendocino,045,87422,7883,7773,621,8394,89
2021-11-18,Merced,047,269075,42994,42692,1922,44614,656
2021-11-18,Modoc,049,8938,567,550,203,753,5
2021-11-18,Mono,051,14174,1794,1767,20,1787,4
2021-11-18,Monterey,053,433212,49392,48260,3130,51390,609
2021-11-18,Napa,055,140530,13272,13184,117,13301,103
2021-11-18,Nevada,057,99092,9619,9480,343,9823,92
2021-11-18,Orange,059,3164182,312179,309672,15674,325346,5658
2021-11-18,Placer,061,380077,38178,37800,3812,41612,462
2021-11-18,Plumas,063,18699,1890,1841,45,1886,7
2021-11-18,Riverside,065,2383286,370593,365809,16620,382429,5265
2021-11-18,Sacramento,067,1510023,162660,161533,4882,166415,2316
2021-11-18,San Benito,069,59416,7572,7533,177,7710,77
2021-11-18,San Bernardino,071,2135413,361535,358322,11507,369829,5897
2021-11-18,San Diego,073,3302833,383146,380147,22187,402334,4311
2021-11-18,San Francisco,075,870044,54180,53525,2442,55967,669
2021-11-18,San Joaquin,077,732212,101765,100922,5595,106517,1832
2021-11-18,San Luis Obispo,079,281455,30177,29815,1297,31112,355
2021-11-18,San Mateo,081,765935,55213,54132,954,55086,577
2021-11-18,Santa Barbara,083,443738,45865,45074,1674,46748,544
2021-11-18,Santa Clara,085,1922200,150270,148829,1472,150301,1917
2021-11-18,Santa Cruz,087,273765,21003,20756,1032,21788,222
2021-11-18,Shasta,089,179085,22301,21968,3722,25690,383
2021-11-18,Sierra,091,2930,196,191,21,212,0
2021-11-18,Siskiyou,093,43540,3410,3313,1335,4648,54
2021-11-18,Solano,095,438530,46694,46006,1272,47278,356
2021-11-18,Sonoma,097,501317,42432,42151,538,42689,403
2021-11-18,Stanislaus,099,539301,81165,80412,9097,89509,1205
2021-11-18,Sutter,101,95872,14156,14074,379,14453,181
2021-11-18,Tehama,103,63373,8722,8648,1532,10180,125
2021-11-18,Trinity,105,12862,885,771,223,994,17
2021-11-18,Tulare,107,460477,70224,69074,15862,84936,1054
2021-11-18,Tuolumne,109,53932,7584,7511,105,7616,90
2021-11-18,Ventura,111,848112,99616,98893,4378,103271,1186
2021-11-18,Yolo,113,214977,20254,20139,1207,21346,257
2021-11-18,Yuba,115,75493,10377,10290,371,10661,88
2021-11-17,Alameda,001,1643700,121705,120913,2940,123853,1472
2021-11-17,Alpine,003,1148,106,105,0,105,0
2021-11-17,Amador,005,37829,5672,5646,66,5712,66
2021-11-17,Butte,007,227075,21477,21230,3873,25103,300
2021-11-17,Calaveras,009,45235,4293,4259,60,4319,84
2021-11-17,Colusa,011,21464,2584,2546,665,3211,19
2021-11-17,Contra Costa,013,1133247,100987,100387,2282,102669,1039
2021-11-17,Del Norte,015,27424,3730,3630,57,3687,42
2021-11-17,El Dorado,017,186661,16488,16269,1743,18012,161
2021-11-17,Fresno,019,978130,144174,142366,12559,154925,2230
2021-11-17,Glenn,021,27897,3553,3527,1001,4528,34
2021-11-17,Humboldt,023,135768,9410,9270,637,9907,115
2021-11-17,Imperial,025,180216,34708,34256,3480,37736,766
2021-11-17,Inyo,027,18085,2501,2457,41,2498,44
2021-11-17,Kern,029,883053,131081,129307,23442,152749,1743
2021-11-17,Kings,031,150075,33089,32669,2014,34683,352
2021-11-17,Lake,033,64148,6873,6795,147,6942,110
2021-11-17,Lassen,035,31185,7006,6918,409,7327,47
2021-11-17,Los Angeles,037,10098052,1455954,1447947,55643,1503590,26721
2021-11-17,Madera,039,155013,24003,23673,2220,25893,287
2021-11-17,Marin,041,260295,17849,17757,482,18239,248
2021-11-17,Mariposa,043,17540,1395,1353,57,1410,6
2021-11-17,Mendocino,045,87422,7875,7735,620,8355,89
2021-11-17,Merced,047,269075,42933,42612,1919,44531,654
2021-11-17,Modoc,049,8938,563,540,203,743,5
2021-11-17,Mono,051,14174,1791,1765,20,1785,5
2021-11-17,Monterey,053,433212,49344,48221,3119,51340,609
2021-11-17,Napa,055,140530,13248,13167,117,13284,103
2021-11-17,Nevada,057,99092,9606,9447,343,9790,92
2021-11-17,Orange,059,3164182,311937,309396,15646,325042,5651
2021-11-17,Placer,061,380077,38129,37725,3803,41528,460
2021-11-17,Plumas,063,18699,1886,1833,45,1878,7
2021-11-17,Riverside,065,2383286,370182,365406,16607,382013,5229
2021-11-17,Sacramento,067,1510023,162489,161269,4874,166143,2302
2021-11-17,San Benito,069,59416,7565,7524,177,7701,77
2021-11-17,San Bernardino,071,2135413,361177,357947,11491,369438,5893
2021-11-17,San Diego,073,3302833,382649,379769,22160,401929,4301
2021-11-17,San Francisco,075,870044,54125,53469,2439,55908,667
2021-11-17,San Joaquin,077,732212,101663,100764,5590,106354,1828
2021-11-17,San Luis Obispo,079,281455,30151,29731,1294,31025,354
2021-11-17,San Mateo,081,765935,55145,54092,949,55041,577
2021-11-17,Santa Barbara,083,443738,45828,45000,1674,46674,542
2021-11-17,Santa Clara,085,1922200,150107,148626,1464,150090,1915
2021-11-17,Santa Cruz,087,273765,20968,20700,1032,21732,222
2021-11-17,Shasta,089,179085,22268,21883,3720,25603,382
2021-11-17,Sierra,091,2930,195,189,21,210,0
2021-11-17,Siskiyou,093,43540,3406,3307,1332,4639,54
2021-11-17,Solano,095,438530,46661,45948,1271,47219,353
2021-11-17,Sonoma,097,501317,42386,42093,535,42628,403
2021-11-17,Stanislaus,099,539301,81075,80276,9087,89363,1199
2021-11-17,Sutter,101,95872,14142,14064,377,14441,181
2021-11-17,Tehama,103,63373,8713,8633,1529,10162,125
2021-11-17,Trinity,105,12862,884,765,223,988,17
2021-11-17,Tulare,107,460477,70153,68977,15836,84813,1047
2021-11-17,Tuolumne,109,53932,7568,7485,105,7590,90
2021-11-17,Ventura,111,848112,99555,98812,4372,103184,1183
2021-11-17,Yolo,113,214977,20235,20100,1204,21304,257
2021-11-17,Yuba,115,75493,10365,10275,367,10642,88
2021-11-16,Alameda,001,1643700,121598,120809,2936,123745,1467
2021-11-16,Alpine,003,1148,106,105,0,105,0
2021-11-16,Amador,005,37829,5666,5644,66,5710,66
2021-11-16,Butte,007,227075,21452,21208,3868,25076,297
2021-11-16,Calaveras,009,45235,4284,4249,60,4309,83
2021-11-16,Colusa,011,21464,2578,2538,665,3203,19
2021-11-16,Contra Costa,013,1133247,100865,100320,2279,102599,1038
2021-11-16,Del Norte,015,27424,3724,3630,57,3687,42
2021-11-16,El Dorado,017,186661,16463,16248,1741,17989,159
2021-11-16,Fresno,019,978130,143987,142200,12543,154743,2218
2021-11-16,Glenn,021,27897,3552,3527,998,4525,34
2021-11-16,Humboldt,023,135768,9389,9252,633,9885,115
2021-11-16,Imperial,025,180216,34623,34177,3468,37645,766
2021-11-16,Inyo,027,18085,2494,2449,41,2490,42
2021-11-16,Kern,029,883053,130923,129136,23381,152517,1735
2021-11-16,Kings,031,150075,33038,32614,2009,34623,350
2021-11-16,Lake,033,64148,6868,6789,147,6936,110
2021-11-16,Lassen,035,31185,6996,6915,409,7324,47
2021-11-16,Los Angeles,037,10098052,1454790,1446815,55571,1502386,26703
2021-11-16,Madera,039,155013,23967,23642,2214,25856,287
2021-11-16,Marin,041,260295,17830,17736,481,18217,248
2021-11-16,Mariposa,043,17540,1387,1349,56,1405,6
2021-11-16,Mendocino,045,87422,7833,7723,616,8339,89
2021-11-16,Merced,047,269075,42896,42578,1912,44490,653
2021-11-16,Modoc,049,8938,562,539,202,741,5
2021-11-16,Mono,051,14174,1783,1767,20,1787,4
2021-11-16,Monterey,053,433212,49314,48195,3105,51300,609
2021-11-16,Napa,055,140530,13237,13151,117,13268,103
2021-11-16,Nevada,057,99092,9589,9435,341,9776,92
2021-11-16,Orange,059,3164182,311670,309170,15611,324781,5651
2021-11-16,Placer,061,380077,38086,37676,3797,41473,459
2021-11-16,Plumas,063,18699,1879,1832,45,1877,7
2021-11-16,Riverside,065,2383286,369761,365078,16585,381663,5208
2021-11-16,Sacramento,067,1510023,162310,161102,4861,165963,2299
2021-11-16,San Benito,069,59416,7551,7513,177,7690,77
2021-11-16,San Bernardino,071,2135413,360766,357528,11440,368968,5901
2021-11-16,San Diego,073,3302833,382092,379435,22132,401567,4287
2021-11-16,San Francisco,075,870044,54054,53415,2432,55847,667
2021-11-16,San Joaquin,077,732212,101523,100637,5574,106211,1807
2021-11-16,San Luis Obispo,079,281455,30120,29703,1291,30994,356
2021-11-16,San Mateo,081,765935,55083,54034,947,54981,577
2021-11-16,Santa Barbara,083,443738,45760,44932,1671,46603,539
2021-11-16,Santa Clara,085,1922200,149928,148452,1452,149904,1916
2021-11-16,Santa Cruz,087,273765,20923,20684,1030,21714,222
2021-11-16,Shasta,089,179085,22229,21853,3716,25569,379
2021-11-16,Sierra,091,2930,195,189,21,210,0
2021-11-16,Siskiyou,093,43540,3403,3304,1330,4634,54
2021-11-16,Solano,095,438530,46620,45908,1270,47178,351
2021-11-16,Sonoma,097,501317,42337,42056,534,42590,401
2021-11-16,Stanislaus,099,539301,80977,80214,9065,89279,1196
2021-11-16,Sutter,101,95872,14130,14058,375,14433,181
2021-11-16,Tehama,103,63373,8706,8621,1522,10143,125
2021-11-16,Trinity,105,12862,884,762,222,984,17
2021-11-16,Tulare,107,460477,70075,68881,15801,84682,1039
2021-11-16,Tuolumne,109,53932,7559,7478,105,7583,90
2021-11-16,Ventura,111,848112,99479,98731,4369,103100,1183
2021-11-16,Yolo,113,214977,20197,20077,1202,21279,257
2021-11-16,Yuba,115,75493,10357,10262,365,10627,85
2021-11-15,Alameda,001,1643700,121446,120731,2931,123662,1464
2021-11-15,Alpine,003,1148,106,105,0,105,0
2021-11-15,Amador,005,37829,5662,5637,66,5703,66
2021-11-15,Butte,007,227075,21428,21182,3864,25046,296
2021-11-15,Calaveras,009,45235,4270,4237,60,4297,83
2021-11-15,Colusa,011,21464,2571,2535,662,3197,19
2021-11-15,Contra Costa,013,1133247,100760,100251,2276,102527,1038
2021-11-15,Del Norte,015,27424,3719,3630,56,3686,42
2021-11-15,El Dorado,017,186661,16439,16236,1737,17973,159
2021-11-15,Fresno,019,978130,143762,142015,12525,154540,2210
2021-11-15,Glenn,021,27897,3550,3526,998,4524,34
2021-11-15,Humboldt,023,135768,9366,9230,625,9855,115
2021-11-15,Imperial,025,180216,34549,34130,3451,37581,766
2021-11-15,Inyo,027,18085,2489,2442,41,2483,42
2021-11-15,Kern,029,883053,130714,128928,23311,152239,1730
2021-11-15,Kings,031,150075,33004,32584,2005,34589,348
2021-11-15,Lake,033,64148,6864,6784,147,6931,109
2021-11-15,Lassen,035,31185,6986,6915,407,7322,47
2021-11-15,Los Angeles,037,10098052,1453604,1446114,55505,1501619,26677
2021-11-15,Madera,039,155013,23928,23605,2203,25808,287
2021-11-15,Marin,041,260295,17813,17723,480,18203,248
2021-11-15,Mariposa,043,17540,1386,1347,54,1401,6
2021-11-15,Mendocino,045,87422,7813,7694,610,8304,89
2021-11-15,Merced,047,269075,42837,42552,1902,44454,648
2021-11-15,Modoc,049,8938,561,538,202,740,5
2021-11-15,Mono,051,14174,1772,1763,20,1783,4
2021-11-15,Monterey,053,433212,49281,48154,3099,51253,609
2021-11-15,Napa,055,140530,13229,13143,117,13260,103
2021-11-15,Nevada,057,99092,9560,9420,341,9761,92
2021-11-15,Orange,059,3164182,311395,308859,15589,324448,5646
2021-11-15,Placer,061,380077,38022,37610,3793,41403,452
2021-11-15,Plumas,063,18699,1873,1829,45,1874,7
2021-11-15,Riverside,065,2383286,369315,364750,16566,381316,5199
2021-11-15,Sacramento,067,1510023,162088,160937,4848,165785,2293
2021-11-15,San Benito,069,59416,7546,7511,176,7687,77
2021-11-15,San Bernardino,071,2135413,360350,357306,11421,368727,5898
2021-11-15,San Diego,073,3302833,381542,378845,22107,400952,4284
2021-11-15,San Francisco,075,870044,53987,53374,2428,55802,667
2021-11-15,San Joaquin,077,732212,101370,100587,5563,106150,1799
2021-11-15,San Luis Obispo,079,281455,30077,29669,1279,30948,351
2021-11-15,San Mateo,081,765935,55030,54010,944,54954,576
2021-11-15,Santa Barbara,083,443738,45705,44879,1665,46544,539
2021-11-15,Santa Clara,085,1922200,149709,148313,1445,149758,1914
2021-11-15,Santa Cruz,087,273765,20880,20630,1029,21659,223
2021-11-15,Shasta,089,179085,22183,21779,3711,25490,374
2021-11-15,Sierra,091,2930,195,189,21,210,0
2021-11-15,Siskiyou,093,43540,3396,3302,1328,4630,54
2021-11-15,Solano,095,438530,46583,45885,1267,47152,351
2021-11-15,Sonoma,097,501317,42286,42021,533,42554,401
2021-11-15,Stanislaus,099,539301,80890,80129,9051,89180,1174
2021-11-15,Sutter,101,95872,14117,14043,374,14417,181
2021-11-15,Tehama,103,63373,8701,8615,1521,10136,125
2021-11-15,Trinity,105,12862,882,757,220,977,17
2021-11-15,Tulare,107,460477,69988,68826,15756,84582,1039
2021-11-15,Tuolumne,109,53932,7549,7461,105,7566,90
2021-11-15,Ventura,111,848112,99394,98605,4364,102969,1183
2021-11-15,Yolo,113,214977,20167,20065,1197,21262,255
2021-11-15,Yuba,115,75493,10338,10254,361,10615,85
2021-11-14,Alameda,001,1643700,121278,120629,2927,123556,1461
2021-11-14,Alpine,003,1148,105,105,0,105,0
2021-11-14,Amador,005,37829,5655,5632,65,5697,66
2021-11-14,Butte,007,227075,21398,21146,3855,25001,296
2021-11-14,Calaveras,009,45235,4259,4222,60,4282,83
2021-11-14,Colusa,011,21464,2569,2532,659,3191,19
2021-11-14,Contra Costa,013,1133247,100653,100188,2274,102462,1038
2021-11-14,Del Norte,015,27424,3716,3629,56,3685,42
2021-11-14,El Dorado,017,186661,16398,16212,1732,17944,159
2021-11-14,Fresno,019,978130,143480,141869,12493,154362,2209
2021-11-14,Glenn,021,27897,3549,3521,998,4519,34
2021-11-14,Humboldt,023,135768,9338,9215,615,9830,115
2021-11-14,Imperial,025,180216,34445,34078,3436,37514,766
2021-11-14,Inyo,027,18085,2477,2441,41,2482,42
2021-11-14,Kern,029,883053,130474,128842,23245,152087,1730
2021-11-14,Kings,031,150075,32947,32545,1998,34543,349
2021-11-14,Lake,033,64148,6856,6777,147,6924,109
2021-11-14,Lassen,035,31185,6976,6911,406,7317,47
2021-11-14,Los Angeles,037,10098052,1452250,1445284,55429,1500713,26667
2021-11-14,Madera,039,155013,23879,23566,2194,25760,287
2021-11-14,Marin,041,260295,17798,17712,480,18192,247
2021-11-14,Mariposa,043,17540,1376,1337,50,1387,6
2021-11-14,Mendocino,045,87422,7779,7684,606,8290,89
2021-11-14,Merced,047,269075,42747,42513,1896,44409,648
2021-11-14,Modoc,049,8938,559,538,202,740,5
2021-11-14,Mono,051,14174,1764,1760,20,1780,4
2021-11-14,Monterey,053,433212,49226,48135,3082,51217,609
2021-11-14,Napa,055,140530,13211,13132,117,13249,103
2021-11-14,Nevada,057,99092,9532,9408,341,9749,92
2021-11-14,Orange,059,3164182,311084,308699,15569,324268,5646
2021-11-14,Placer,061,380077,37941,37569,3783,41352,452
2021-11-14,Plumas,063,18699,1870,1829,44,1873,7
2021-11-14,Riverside,065,2383286,368817,364490,16549,381039,5199
2021-11-14,Sacramento,067,1510023,161852,160761,4831,165592,2295
2021-11-14,San Benito,069,59416,7535,7507,175,7682,77
2021-11-14,San Bernardino,071,2135413,359769,357014,11404,368418,5897
2021-11-14,San Diego,073,3302833,380938,377633,22070,399703,4280
2021-11-14,San Francisco,075,870044,53912,53338,2422,55760,667
2021-11-14,San Joaquin,077,732212,101243,100518,5558,106076,1799
2021-11-14,San Luis Obispo,079,281455,29995,29645,1275,30920,352
2021-11-14,San Mateo,081,765935,54977,53978,942,54920,576
2021-11-14,Santa Barbara,083,443738,45627,44842,1662,46504,539
2021-11-14,Santa Clara,085,1922200,149510,148152,1437,149589,1913
2021-11-14,Santa Cruz,087,273765,20826,20609,1027,21636,223
2021-11-14,Shasta,089,179085,22131,21771,3698,25469,373
2021-11-14,Sierra,091,2930,195,189,21,210,0
2021-11-14,Siskiyou,093,43540,3387,3302,1327,4629,54
2021-11-14,Solano,095,438530,46527,45860,1260,47120,351
2021-11-14,Sonoma,097,501317,42220,41974,531,42505,401
2021-11-14,Stanislaus,099,539301,80757,80076,9039,89115,1174
2021-11-14,Sutter,101,95872,14100,14031,369,14400,181
2021-11-14,Tehama,103,63373,8691,8607,1519,10126,125
2021-11-14,Trinity,105,12862,879,754,218,972,17
2021-11-14,Tulare,107,460477,69869,68772,15698,84470,1037
2021-11-14,Tuolumne,109,53932,7531,7439,104,7543,90
2021-11-14,Ventura,111,848112,99275,98550,4362,102912,1183
2021-11-14,Yolo,113,214977,20140,20040,1191,21231,255
2021-11-14,Yuba,115,75493,10331,10238,359,10597,85
2021-11-13,Alameda,001,1643700,121209,120407,2925,123332,1454
2021-11-13,Alpine,003,1148,105,105,0,105,0
2021-11-13,Amador,005,37829,5654,5614,65,5679,66
2021-11-13,Butte,007,227075,21378,21104,3852,24956,296
2021-11-13,Calaveras,009,45235,4248,4203,60,4263,83
2021-11-13,Colusa,011,21464,2567,2522,659,3181,19
2021-11-13,Contra Costa,013,1133247,100581,100004,2268,102272,1028
2021-11-13,Del Norte,015,27424,3716,3629,56,3685,42
2021-11-13,El Dorado,017,186661,16386,16163,1729,17892,159
2021-11-13,Fresno,019,978130,143373,141452,12482,153934,2205
2021-11-13,Glenn,021,27897,3549,3514,997,4511,34
2021-11-13,Humboldt,023,135768,9323,9177,610,9787,115
2021-11-13,Imperial,025,180216,34395,33990,3419,37409,766
2021-11-13,Inyo,027,18085,2471,2436,41,2477,42
2021-11-13,Kern,029,883053,130374,128472,23200,151672,1719
2021-11-13,Kings,031,150075,32930,32452,1997,34449,347
2021-11-13,Lake,033,64148,6851,6769,147,6916,109
2021-11-13,Lassen,035,31185,6971,6897,406,7303,47
2021-11-13,Los Angeles,037,10098052,1451598,1443088,55387,1498475,26649
2021-11-13,Madera,039,155013,23849,23462,2189,25651,287
2021-11-13,Marin,041,260295,17785,17684,478,18162,247
2021-11-13,Mariposa,043,17540,1373,1323,50,1373,6
2021-11-13,Mendocino,045,87422,7760,7652,604,8256,89
2021-11-13,Merced,047,269075,42709,42411,1893,44304,644
2021-11-13,Modoc,049,8938,558,536,202,738,5
2021-11-13,Mono,051,14174,1764,1750,20,1770,4
2021-11-13,Monterey,053,433212,49201,48087,3080,51167,609
2021-11-13,Napa,055,140530,13203,13110,117,13227,103
2021-11-13,Nevada,057,99092,9512,9369,339,9708,92
2021-11-13,Orange,059,3164182,310918,308211,15544,323755,5641
2021-11-13,Placer,061,380077,37891,37453,3780,41233,445
2021-11-13,Plumas,063,18699,1867,1828,44,1872,8
2021-11-13,Riverside,065,2383286,368512,363801,16542,380343,5187
2021-11-13,Sacramento,067,1510023,161719,160397,4818,165215,2291
2021-11-13,San Benito,069,59416,7522,7491,174,7665,77
2021-11-13,San Bernardino,071,2135413,359517,356325,11397,367722,5873
2021-11-13,San Diego,073,3302833,380601,377633,22040,399673,4280
2021-11-13,San Francisco,075,870044,53879,53195,2421,55616,667
2021-11-13,San Joaquin,077,732212,101186,100263,5549,105812,1799
2021-11-13,San Luis Obispo,079,281455,29965,29589,1273,30862,351
2021-11-13,San Mateo,081,765935,54940,53853,941,54794,574
2021-11-13,Santa Barbara,083,443738,45594,44734,1662,46396,537
2021-11-13,Santa Clara,085,1922200,149392,147821,1431,149252,1905
2021-11-13,Santa Cruz,087,273765,20811,20565,1026,21591,223
2021-11-13,Shasta,089,179085,22100,21713,3694,25407,366
2021-11-13,Sierra,091,2930,194,188,21,209,0
2021-11-13,Siskiyou,093,43540,3378,3299,1326,4625,54
2021-11-13,Solano,095,438530,46498,45774,1256,47030,350
2021-11-13,Sonoma,097,501317,42186,41882,530,42412,399
2021-11-13,Stanislaus,099,539301,80679,79872,9025,88897,1174
2021-11-13,Sutter,101,95872,14090,14017,368,14385,181
2021-11-13,Tehama,103,63373,8685,8592,1515,10107,125
2021-11-13,Trinity,105,12862,878,749,218,967,17
2021-11-13,Tulare,107,460477,69802,68619,15675,84294,1033
2021-11-13,Tuolumne,109,53932,7515,7392,104,7496,90
2021-11-13,Ventura,111,848112,99212,98452,4359,102811,1183
2021-11-13,Yolo,113,214977,20124,20009,1186,21195,255
2021-11-13,Yuba,115,75493,10321,10218,357,10575,85
2021-11-12,Alameda,001,1643700,121128,120407,2922,123329,1454
2021-11-12,Alpine,003,1148,105,105,0,105,0
2021-11-12,Amador,005,37829,5648,5614,64,5678,66
2021-11-12,Butte,007,227075,21361,21104,3848,24952,296
2021-11-12,Calaveras,009,45235,4237,4203,60,4263,83
2021-11-12,Colusa,011,21464,2563,2522,658,3180,19
2021-11-12,Contra Costa,013,1133247,100526,100004,2267,102271,1028
2021-11-12,Del Norte,015,27424,3716,3629,56,3685,42
2021-11-12,El Dorado,017,186661,16367,16163,1728,17891,159
2021-11-12,Fresno,019,978130,143231,141452,12472,153924,2205
2021-11-12,Glenn,021,27897,3546,3514,996,4510,34
2021-11-12,Humboldt,023,135768,9316,9177,608,9785,115
2021-11-12,Imperial,025,180216,34366,33990,3409,37399,766
2021-11-12,Inyo,027,18085,2467,2436,41,2477,42
2021-11-12,Kern,029,883053,130237,128472,23169,151641,1719
2021-11-12,Kings,031,150075,32904,32452,1996,34448,347
2021-11-12,Lake,033,64148,6847,6769,147,6916,109
2021-11-12,Lassen,035,31185,6967,6897,405,7302,47
2021-11-12,Los Angeles,037,10098052,1450874,1443088,55341,1498429,26649
2021-11-12,Madera,039,155013,23819,23462,2184,25646,287
2021-11-12,Marin,041,260295,17769,17684,477,18161,247
2021-11-12,Mariposa,043,17540,1366,1323,50,1373,6
2021-11-12,Mendocino,045,87422,7749,7652,601,8253,89
2021-11-12,Merced,047,269075,42682,42411,1891,44302,644
2021-11-12,Modoc,049,8938,557,536,202,738,5
2021-11-12,Mono,051,14174,1763,1750,20,1770,4
2021-11-12,Monterey,053,433212,49169,48087,3074,51161,609
2021-11-12,Napa,055,140530,13194,13110,117,13227,103
2021-11-12,Nevada,057,99092,9498,9369,338,9707,92
2021-11-12,Orange,059,3164182,310729,308211,15527,323738,5641
2021-11-12,Placer,061,380077,37851,37453,3777,41230,445
2021-11-12,Plumas,063,18699,1862,1828,44,1872,8
2021-11-12,Riverside,065,2383286,368246,363801,16538,380339,5187
2021-11-12,Sacramento,067,1510023,161562,160397,4813,165210,2291
2021-11-12,San Benito,069,59416,7522,7491,174,7665,77
2021-11-12,San Bernardino,071,2135413,359217,356325,11388,367713,5873
2021-11-12,San Diego,073,3302833,380225,377633,22016,399649,4280
2021-11-12,San Francisco,075,870044,53844,53195,2417,55612,667
2021-11-12,San Joaquin,077,732212,101140,100263,5543,105806,1799
2021-11-12,San Luis Obispo,079,281455,29936,29589,1272,30861,351
2021-11-12,San Mateo,081,765935,54891,53853,937,54790,574
2021-11-12,Santa Barbara,083,443738,45540,44734,1661,46395,537
2021-11-12,Santa Clara,085,1922200,149249,147821,1426,149247,1905
2021-11-12,Santa Cruz,087,273765,20784,20565,1024,21589,223
2021-11-12,Shasta,089,179085,22068,21713,3691,25404,366
2021-11-12,Sierra,091,2930,193,188,21,209,0
2021-11-12,Siskiyou,093,43540,3377,3299,1324,4623,54
2021-11-12,Solano,095,438530,46471,45774,1252,47026,350
2021-11-12,Sonoma,097,501317,42145,41882,530,42412,399
2021-11-12,Stanislaus,099,539301,80626,79872,9017,88889,1174
2021-11-12,Sutter,101,95872,14083,14017,368,14385,181
2021-11-12,Tehama,103,63373,8681,8592,1514,10106,125
2021-11-12,Trinity,105,12862,871,749,218,967,17
2021-11-12,Tulare,107,460477,69760,68619,15640,84259,1033
2021-11-12,Tuolumne,109,53932,7503,7392,103,7495,90
2021-11-12,Ventura,111,848112,99147,98452,4358,102810,1183
2021-11-12,Yolo,113,214977,20110,20009,1180,21189,255
2021-11-12,Yuba,115,75493,10312,10218,356,10574,85
2021-11-11,Alameda,001,1643700,121012,120147,2914,123061,1453
2021-11-11,Alpine,003,1148,105,105,0,105,0
2021-11-11,Amador,005,37829,5644,5603,63,5666,66
2021-11-11,Butte,007,227075,21319,21047,3843,24890,293
2021-11-11,Calaveras,009,45235,4219,4179,60,4239,83
2021-11-11,Colusa,011,21464,2555,2518,656,3174,19
2021-11-11,Contra Costa,013,1133247,100421,99808,2262,102070,1028
2021-11-11,Del Norte,015,27424,3714,3622,56,3678,42
2021-11-11,El Dorado,017,186661,16331,16085,1725,17810,159
2021-11-11,Fresno,019,978130,143029,140833,12444,153277,2202
2021-11-11,Glenn,021,27897,3544,3503,996,4499,34
2021-11-11,Humboldt,023,135768,9293,9125,605,9730,115
2021-11-11,Imperial,025,180216,34297,33844,3387,37231,766
2021-11-11,Inyo,027,18085,2462,2428,41,2469,42
2021-11-11,Kern,029,883053,130053,128023,23106,151129,1709
2021-11-11,Kings,031,150075,32853,32318,1994,34312,345
2021-11-11,Lake,033,64148,6840,6745,147,6892,107
2021-11-11,Lassen,035,31185,6961,6875,405,7280,47
2021-11-11,Los Angeles,037,10098052,1449787,1440436,55281,1495717,26614
2021-11-11,Madera,039,155013,23771,23316,2176,25492,287
2021-11-11,Marin,041,260295,17759,17639,477,18116,247
2021-11-11,Mariposa,043,17540,1356,1317,50,1367,6
2021-11-11,Mendocino,045,87422,7734,7612,592,8204,89
2021-11-11,Merced,047,269075,42626,42292,1889,44181,643
2021-11-11,Modoc,049,8938,555,536,202,738,5
2021-11-11,Mono,051,14174,1754,1743,20,1763,4
2021-11-11,Monterey,053,433212,49134,48008,3062,51070,609
2021-11-11,Napa,055,140530,13185,13075,117,13192,103
2021-11-11,Nevada,057,99092,9476,9308,338,9646,92
2021-11-11,Orange,059,3164182,310460,307674,15490,323164,5633
2021-11-11,Placer,061,380077,37800,37333,3769,41102,440
2021-11-11,Plumas,063,18699,1858,1814,44,1858,7
2021-11-11,Riverside,065,2383286,367815,362930,16520,379450,5175
2021-11-11,Sacramento,067,1510023,161350,159962,4794,164756,2289
2021-11-11,San Benito,069,59416,7514,7473,174,7647,76
2021-11-11,San Bernardino,071,2135413,358793,355413,11376,366789,5849
2021-11-11,San Diego,073,3302833,379710,376428,21992,398420,4272
2021-11-11,San Francisco,075,870044,53784,53063,2415,55478,666
2021-11-11,San Joaquin,077,732212,101045,99937,5527,105464,1799
2021-11-11,San Luis Obispo,079,281455,29885,29532,1270,30802,351
2021-11-11,San Mateo,081,765935,54840,53722,932,54654,574
2021-11-11,Santa Barbara,083,443738,45483,44603,1658,46261,534
2021-11-11,Santa Clara,085,1922200,149067,147458,1420,148878,1901
2021-11-11,Santa Cruz,087,273765,20739,20479,1024,21503,222
2021-11-11,Shasta,089,179085,22021,21600,3689,25289,364
2021-11-11,Sierra,091,2930,192,186,21,207,0
2021-11-11,Siskiyou,093,43540,3371,3297,1323,4620,53
2021-11-11,Solano,095,438530,46434,45679,1251,46930,350
2021-11-11,Sonoma,097,501317,42108,41774,530,42304,395
2021-11-11,Stanislaus,099,539301,80540,79570,9004,88574,1166
2021-11-11,Sutter,101,95872,14069,13993,367,14360,181
2021-11-11,Tehama,103,63373,8669,8565,1512,10077,125
2021-11-11,Trinity,105,12862,870,748,218,966,17
2021-11-11,Tulare,107,460477,69669,68367,15603,83970,1028
2021-11-11,Tuolumne,109,53932,7490,7354,103,7457,90
2021-11-11,Ventura,111,848112,99059,98297,4352,102649,1182
2021-11-11,Yolo,113,214977,20083,19946,1178,21124,255
2021-11-11,Yuba,115,75493,10296,10191,356,10547,85
2021-11-10,Alameda,001,1643700,120904,120147,2905,123052,1453
2021-11-10,Alpine,003,1148,105,105,0,105,0
2021-11-10,Amador,005,37829,5638,5603,63,5666,66
2021-11-10,Butte,007,227075,21293,21047,3839,24886,293
2021-11-10,Calaveras,009,45235,4208,4179,60,4239,83
2021-11-10,Colusa,011,21464,2549,2518,656,3174,19
2021-11-10,Contra Costa,013,1133247,100338,99808,2258,102066,1028
2021-11-10,Del Norte,015,27424,3713,3622,56,3678,42
2021-11-10,El Dorado,017,186661,16315,16085,1724,17809,159
2021-11-10,Fresno,019,978130,142851,140833,12432,153265,2202
2021-11-10,Glenn,021,27897,3544,3503,995,4498,34
2021-11-10,Humboldt,023,135768,9275,9125,605,9730,115
2021-11-10,Imperial,025,180216,34244,33844,3368,37212,766
2021-11-10,Inyo,027,18085,2455,2428,41,2469,42
2021-11-10,Kern,029,883053,129904,128023,23051,151074,1709
2021-11-10,Kings,031,150075,32821,32318,1992,34310,345
2021-11-10,Lake,033,64148,6830,6745,147,6892,107
2021-11-10,Lassen,035,31185,6956,6875,405,7280,47
2021-11-10,Los Angeles,037,10098052,1448842,1440436,55225,1495661,26614
2021-11-10,Madera,039,155013,23722,23316,2170,25486,287
2021-11-10,Marin,041,260295,17746,17639,475,18114,247
2021-11-10,Mariposa,043,17540,1350,1317,50,1367,6
2021-11-10,Mendocino,045,87422,7722,7612,591,8203,89
2021-11-10,Merced,047,269075,42591,42292,1887,44179,643
2021-11-10,Modoc,049,8938,554,536,201,737,5
2021-11-10,Mono,051,14174,1752,1743,20,1763,4
2021-11-10,Monterey,053,433212,49101,48008,3050,51058,609
2021-11-10,Napa,055,140530,13171,13075,116,13191,103
2021-11-10,Nevada,057,99092,9469,9308,336,9644,92
2021-11-10,Orange,059,3164182,310202,307674,15458,323132,5633
2021-11-10,Placer,061,380077,37755,37333,3762,41095,440
2021-11-10,Plumas,063,18699,1855,1814,43,1857,7
2021-11-10,Riverside,065,2383286,367435,362930,16514,379444,5175
2021-11-10,Sacramento,067,1510023,161197,159962,4784,164746,2289
2021-11-10,San Benito,069,59416,7506,7473,174,7647,76
2021-11-10,San Bernardino,071,2135413,358453,355413,11368,366781,5849
2021-11-10,San Diego,073,3302833,379295,376428,21968,398396,4272
2021-11-10,San Francisco,075,870044,53722,53063,2412,55475,666
2021-11-10,San Joaquin,077,732212,100938,99937,5521,105458,1799
2021-11-10,San Luis Obispo,079,281455,29855,29532,1269,30801,351
2021-11-10,San Mateo,081,765935,54787,53722,931,54653,574
2021-11-10,Santa Barbara,083,443738,45445,44603,1657,46260,534
2021-11-10,Santa Clara,085,1922200,148920,147458,1414,148872,1901
2021-11-10,Santa Cruz,087,273765,20712,20479,1023,21502,222
2021-11-10,Shasta,089,179085,21985,21600,3687,25287,364
2021-11-10,Sierra,091,2930,191,186,21,207,0
2021-11-10,Siskiyou,093,43540,3369,3297,1323,4620,53
2021-11-10,Solano,095,438530,46404,45679,1249,46928,350
2021-11-10,Sonoma,097,501317,42057,41774,530,42304,395
2021-11-10,Stanislaus,099,539301,80437,79570,8987,88557,1166
2021-11-10,Sutter,101,95872,14061,13993,367,14360,181
2021-11-10,Tehama,103,63373,8657,8565,1506,10071,125
2021-11-10,Trinity,105,12862,866,748,217,965,17
2021-11-10,Tulare,107,460477,69607,68367,15563,83930,1028
2021-11-10,Tuolumne,109,53932,7466,7354,103,7457,90
2021-11-10,Ventura,111,848112,98985,98297,4352,102649,1182
2021-11-10,Yolo,113,214977,20065,19946,1177,21123,255
2021-11-10,Yuba,115,75493,10287,10191,356,10547,85
2021-11-09,Alameda,001,1643700,120768,120051,2896,122947,1450
2021-11-09,Alpine,003,1148,105,105,0,105,0
2021-11-09,Amador,005,37829,5634,5596,63,5659,66
2021-11-09,Butte,007,227075,21272,21022,3836,24858,291
2021-11-09,Calaveras,009,45235,4204,4174,60,4234,84
2021-11-09,Colusa,011,21464,2544,2517,655,3172,19
2021-11-09,Contra Costa,013,1133247,100245,99732,2251,101983,1028
2021-11-09,Del Norte,015,27424,3712,3620,56,3676,42
2021-11-09,El Dorado,017,186661,16277,16073,1719,17792,160
2021-11-09,Fresno,019,978130,142610,140666,12418,153084,2188
2021-11-09,Glenn,021,27897,3539,3499,994,4493,34
2021-11-09,Humboldt,023,135768,9255,9112,600,9712,115
2021-11-09,Imperial,025,180216,34191,33751,3354,37105,766
2021-11-09,Inyo,027,18085,2451,2404,41,2445,42
2021-11-09,Kern,029,883053,129661,127901,22990,150891,1694
2021-11-09,Kings,031,150075,32754,32279,1988,34267,344
2021-11-09,Lake,033,64148,6821,6743,147,6890,106
2021-11-09,Lassen,035,31185,6944,6846,405,7251,47
2021-11-09,Los Angeles,037,10098052,1447603,1439125,55165,1494290,26581
2021-11-09,Madera,039,155013,23672,23285,2161,25446,287
2021-11-09,Marin,041,260295,17727,17630,473,18103,247
2021-11-09,Mariposa,043,17540,1342,1317,49,1366,5
2021-11-09,Mendocino,045,87422,7699,7598,585,8183,85
2021-11-09,Merced,047,269075,42549,42251,1883,44134,613
2021-11-09,Modoc,049,8938,553,536,199,735,5
2021-11-09,Mono,051,14174,1747,1738,20,1758,4
2021-11-09,Monterey,053,433212,49063,47975,3025,51000,609
2021-11-09,Napa,055,140530,13153,13051,116,13167,103
2021-11-09,Nevada,057,99092,9450,9288,336,9624,92
2021-11-09,Orange,059,3164182,309920,307412,15433,322845,5621
2021-11-09,Placer,061,380077,37701,37291,3745,41036,440
2021-11-09,Plumas,063,18699,1853,1802,43,1845,7
2021-11-09,Riverside,065,2383286,366970,362557,16499,379056,5160
2021-11-09,Sacramento,067,1510023,160958,159856,4774,164630,2286
2021-11-09,San Benito,069,59416,7495,7471,173,7644,76
2021-11-09,San Bernardino,071,2135413,358005,354972,11351,366323,5839
2021-11-09,San Diego,073,3302833,378788,375997,21936,397933,4272
2021-11-09,San Francisco,075,870044,53650,52996,2406,55402,666
2021-11-09,San Joaquin,077,732212,100760,99848,5508,105356,1794
2021-11-09,San Luis Obispo,079,281455,29814,29488,1268,30756,350
2021-11-09,San Mateo,081,765935,54739,53697,921,54618,574
2021-11-09,Santa Barbara,083,443738,45378,44579,1649,46228,533
2021-11-09,Santa Clara,085,1922200,148713,147281,1407,148688,1901
2021-11-09,Santa Cruz,087,273765,20677,20463,1022,21485,222
2021-11-09,Shasta,089,179085,21930,21558,3682,25240,364
2021-11-09,Sierra,091,2930,191,186,21,207,0
2021-11-09,Siskiyou,093,43540,3367,3295,1321,4616,52
2021-11-09,Solano,095,438530,46350,45639,1248,46887,350
2021-11-09,Sonoma,097,501317,42002,41727,528,42255,395
2021-11-09,Stanislaus,099,539301,80333,79505,8971,88476,1165
2021-11-09,Sutter,101,95872,14046,13988,365,14353,180
2021-11-09,Tehama,103,63373,8639,8555,1504,10059,125
2021-11-09,Trinity,105,12862,865,746,217,963,17
2021-11-09,Tulare,107,460477,69504,68298,15523,83821,1024
2021-11-09,Tuolumne,109,53932,7447,7347,103,7450,90
2021-11-09,Ventura,111,848112,98904,98202,4347,102549,1182
2021-11-09,Yolo,113,214977,20041,19931,1173,21104,255
2021-11-09,Yuba,115,75493,10270,10175,350,10525,85
2021-11-08,Alameda,001,1643700,120629,119983,2889,122872,1447
2021-11-08,Alpine,003,1148,105,105,0,105,0
2021-11-08,Amador,005,37829,5628,5590,63,5653,66
2021-11-08,Butte,007,227075,21244,21000,3828,24828,288
2021-11-08,Calaveras,009,45235,4196,4166,60,4226,82
2021-11-08,Colusa,011,21464,2543,2514,654,3168,19
2021-11-08,Contra Costa,013,1133247,100143,99669,2246,101915,1028
2021-11-08,Del Norte,015,27424,3708,3619,56,3675,42
2021-11-08,El Dorado,017,186661,16258,16055,1714,17769,156
2021-11-08,Fresno,019,978130,142310,140466,12400,152866,2179
2021-11-08,Glenn,021,27897,3536,3496,990,4486,34
2021-11-08,Humboldt,023,135768,9228,9095,590,9685,109
2021-11-08,Imperial,025,180216,34112,33690,3336,37026,766
2021-11-08,Inyo,027,18085,2444,2398,41,2439,41
2021-11-08,Kern,029,883053,129425,127722,22908,150630,1692
2021-11-08,Kings,031,150075,32708,32248,1987,34235,344
2021-11-08,Lake,033,64148,6815,6737,147,6884,106
2021-11-08,Lassen,035,31185,6937,6830,403,7233,46
2021-11-08,Los Angeles,037,10098052,1446260,1438322,55107,1493429,26575
2021-11-08,Madera,039,155013,23623,23253,2149,25402,287
2021-11-08,Marin,041,260295,17710,17617,470,18087,247
2021-11-08,Mariposa,043,17540,1334,1316,48,1364,5
2021-11-08,Mendocino,045,87422,7685,7581,579,8160,85
2021-11-08,Merced,047,269075,42478,42224,1875,44099,607
2021-11-08,Modoc,049,8938,552,529,199,728,5
2021-11-08,Mono,051,14174,1741,1739,20,1759,4
2021-11-08,Monterey,053,433212,49022,47942,3004,50946,602
2021-11-08,Napa,055,140530,13139,13045,116,13161,103
2021-11-08,Nevada,057,99092,9432,9278,334,9612,92
2021-11-08,Orange,059,3164182,309644,307156,15402,322558,5616
2021-11-08,Placer,061,380077,37649,37250,3742,40992,439
2021-11-08,Plumas,063,18699,1852,1788,42,1830,7
2021-11-08,Riverside,065,2383286,366515,362201,16485,378686,5152
2021-11-08,Sacramento,067,1510023,160743,159735,4754,164489,2275
2021-11-08,San Benito,069,59416,7493,7461,173,7634,75
2021-11-08,San Bernardino,071,2135413,357501,354741,11332,366073,5836
2021-11-08,San Diego,073,3302833,378200,375557,21887,397444,4259
2021-11-08,San Francisco,075,870044,53596,52942,2400,55342,666
2021-11-08,San Joaquin,077,732212,100643,99736,5506,105242,1794
2021-11-08,San Luis Obispo,079,281455,29765,29464,1264,30728,350
2021-11-08,San Mateo,081,765935,54662,53658,916,54574,574
2021-11-08,Santa Barbara,083,443738,45324,44548,1648,46196,532
2021-11-08,Santa Clara,085,1922200,148485,147183,1401,148584,1899
2021-11-08,Santa Cruz,087,273765,20649,20435,1022,21457,222
2021-11-08,Shasta,089,179085,21883,21504,3676,25180,354
2021-11-08,Sierra,091,2930,191,183,21,204,0
2021-11-08,Siskiyou,093,43540,3363,3290,1310,4600,50
2021-11-08,Solano,095,438530,46309,45613,1246,46859,350
2021-11-08,Sonoma,097,501317,41934,41669,526,42195,395
2021-11-08,Stanislaus,099,539301,80181,79417,8957,88374,1150
2021-11-08,Sutter,101,95872,14038,13976,361,14337,180
2021-11-08,Tehama,103,63373,8629,8534,1504,10038,123
2021-11-08,Trinity,105,12862,865,743,216,959,13
2021-11-08,Tulare,107,460477,69387,68199,15485,83684,1020
2021-11-08,Tuolumne,109,53932,7428,7328,102,7430,90
2021-11-08,Ventura,111,848112,98811,98144,4344,102488,1182
2021-11-08,Yolo,113,214977,20003,19916,1168,21084,255
2021-11-08,Yuba,115,75493,10259,10172,347,10519,83
2021-11-07,Alameda,001,1643700,120476,119902,2883,122785,1444
2021-11-07,Alpine,003,1148,105,105,0,105,0
2021-11-07,Amador,005,37829,5621,5580,61,5641,66
2021-11-07,Butte,007,227075,21204,20969,3819,24788,288
2021-11-07,Calaveras,009,45235,4169,4158,59,4217,82
2021-11-07,Colusa,011,21464,2537,2511,652,3163,19
2021-11-07,Contra Costa,013,1133247,100033,99596,2237,101833,1028
2021-11-07,Del Norte,015,27424,3706,3617,56,3673,42
2021-11-07,El Dorado,017,186661,16221,16040,1711,17751,156
2021-11-07,Fresno,019,978130,141970,140263,12376,152639,2179
2021-11-07,Glenn,021,27897,3529,3493,989,4482,34
2021-11-07,Humboldt,023,135768,9203,9074,586,9660,109
2021-11-07,Imperial,025,180216,34039,33674,3316,36990,766
2021-11-07,Inyo,027,18085,2431,2394,41,2435,41
2021-11-07,Kern,029,883053,129153,127583,22816,150399,1692
2021-11-07,Kings,031,150075,32617,32221,1983,34204,343
2021-11-07,Lake,033,64148,6799,6734,146,6880,106
2021-11-07,Lassen,035,31185,6928,6819,399,7218,46
2021-11-07,Los Angeles,037,10098052,1444773,1437314,55034,1492348,26573
2021-11-07,Madera,039,155013,23578,23225,2142,25367,287
2021-11-07,Marin,041,260295,17690,17594,469,18063,247
2021-11-07,Mariposa,043,17540,1333,1306,48,1354,5
2021-11-07,Mendocino,045,87422,7656,7567,575,8142,85
2021-11-07,Merced,047,269075,42397,42186,1845,44031,607
2021-11-07,Modoc,049,8938,549,528,198,726,5
2021-11-07,Mono,051,14174,1737,1739,20,1759,4
2021-11-07,Monterey,053,433212,48970,47924,2999,50923,602
2021-11-07,Napa,055,140530,13118,13041,116,13157,103
2021-11-07,Nevada,057,99092,9383,9254,334,9588,92
2021-11-07,Orange,059,3164182,309323,306954,15369,322323,5616
2021-11-07,Placer,061,380077,37573,37202,3727,40929,439
2021-11-07,Plumas,063,18699,1845,1787,41,1828,7
2021-11-07,Riverside,065,2383286,365981,361960,16466,378426,5152
2021-11-07,Sacramento,067,1510023,160512,159549,4736,164285,2277
2021-11-07,San Benito,069,59416,7480,7460,173,7633,75
2021-11-07,San Bernardino,071,2135413,357000,354488,11309,365797,5832
2021-11-07,San Diego,073,3302833,377611,375165,21852,397017,4250
2021-11-07,San Francisco,075,870044,53513,52868,2393,55261,666
2021-11-07,San Joaquin,077,732212,100457,99696,5500,105196,1794
2021-11-07,San Luis Obispo,079,281455,29716,29454,1260,30714,350
2021-11-07,San Mateo,081,765935,54603,53600,914,54514,574
2021-11-07,Santa Barbara,083,443738,45261,44501,1647,46148,532
2021-11-07,Santa Clara,085,1922200,148283,147054,1388,148442,1898
2021-11-07,Santa Cruz,087,273765,20591,20397,1021,21418,222
2021-11-07,Shasta,089,179085,21836,21479,3670,25149,354
2021-11-07,Sierra,091,2930,189,183,21,204,0
2021-11-07,Siskiyou,093,43540,3357,3289,1308,4597,51
2021-11-07,Solano,095,438530,46254,45582,1242,46824,350
2021-11-07,Sonoma,097,501317,41885,41630,526,42156,395
2021-11-07,Stanislaus,099,539301,80027,79351,8937,88288,1150
2021-11-07,Sutter,101,95872,14025,13964,358,14322,180
2021-11-07,Tehama,103,63373,8606,8528,1502,10030,121
2021-11-07,Trinity,105,12862,864,742,215,957,13
2021-11-07,Tulare,107,460477,69235,68145,15442,83587,1020
2021-11-07,Tuolumne,109,53932,7410,7300,100,7400,90
2021-11-07,Ventura,111,848112,98707,98085,4342,102427,1182
2021-11-07,Yolo,113,214977,19983,19899,1163,21062,255
2021-11-07,Yuba,115,75493,10242,10162,342,10504,83
2021-11-06,Alameda,001,1643700,120417,119499,2880,122379,1436
2021-11-06,Alpine,003,1148,105,105,0,105,0
2021-11-06,Amador,005,37829,5615,5557,61,5618,66
2021-11-06,Butte,007,227075,21184,20796,3815,24611,288
2021-11-06,Calaveras,009,45235,4161,4105,59,4164,82
2021-11-06,Colusa,011,21464,2536,2501,651,3152,19
2021-11-06,Contra Costa,013,1133247,99979,99282,2235,101517,1025
2021-11-06,Del Norte,015,27424,3703,3607,56,3663,42
2021-11-06,El Dorado,017,186661,16204,15958,1711,17669,156
2021-11-06,Fresno,019,978130,141853,139249,12374,151623,2170
2021-11-06,Glenn,021,27897,3526,3479,989,4468,33
2021-11-06,Humboldt,023,135768,9191,8972,582,9554,109
2021-11-06,Imperial,025,180216,33993,33471,3310,36781,766
2021-11-06,Inyo,027,18085,2425,2353,41,2394,41
2021-11-06,Kern,029,883053,129020,126848,22763,149611,1684
2021-11-06,Kings,031,150075,32584,32018,1978,33996,342
2021-11-06,Lake,033,64148,6797,6695,146,6841,106
2021-11-06,Lassen,035,31185,6923,6796,398,7194,46
2021-11-06,Los Angeles,037,10098052,1443998,1433081,54990,1488071,26533
2021-11-06,Madera,039,155013,23542,22994,2133,25127,287
2021-11-06,Marin,041,260295,17671,17520,466,17986,247
2021-11-06,Mariposa,043,17540,1331,1282,48,1330,5
2021-11-06,Mendocino,045,87422,7634,7486,575,8061,85
2021-11-06,Merced,047,269075,42373,41958,1837,43795,604
2021-11-06,Modoc,049,8938,548,523,198,721,5
2021-11-06,Mono,051,14174,1736,1725,20,1745,4
2021-11-06,Monterey,053,433212,48938,47830,2989,50819,602
2021-11-06,Napa,055,140530,13107,12950,116,13066,103
2021-11-06,Nevada,057,99092,9361,9169,333,9502,91
2021-11-06,Orange,059,3164182,309114,306049,15343,321392,5611
2021-11-06,Placer,061,380077,37532,36967,3724,40691,438
2021-11-06,Plumas,063,18699,1841,1755,40,1795,7
2021-11-06,Riverside,065,2383286,365663,360584,16457,377041,5138
2021-11-06,Sacramento,067,1510023,160420,158766,4731,163497,2263
2021-11-06,San Benito,069,59416,7473,7429,173,7602,75
2021-11-06,San Bernardino,071,2135413,356729,353142,11305,364447,5813
2021-11-06,San Diego,073,3302833,377263,373423,21833,395256,4246
2021-11-06,San Francisco,075,870044,53459,52556,2390,54946,666
2021-11-06,San Joaquin,077,732212,100400,99372,5499,104871,1782
2021-11-06,San Luis Obispo,079,281455,29688,29335,1256,30591,350
2021-11-06,San Mateo,081,765935,54569,53442,913,54355,574
2021-11-06,Santa Barbara,083,443738,45225,44301,1646,45947,532
2021-11-06,Santa Clara,085,1922200,148138,146519,1383,147902,1894
2021-11-06,Santa Cruz,087,273765,20572,20311,1019,21330,222
2021-11-06,Shasta,089,179085,21817,21281,3665,24946,349
2021-11-06,Sierra,091,2930,189,181,21,202,0
2021-11-06,Siskiyou,093,43540,3357,3279,1306,4585,48
2021-11-06,Solano,095,438530,46224,45465,1241,46706,350
2021-11-06,Sonoma,097,501317,41835,41398,525,41923,395
2021-11-06,Stanislaus,099,539301,79959,78902,8929,87831,1193
2021-11-06,Sutter,101,95872,14021,13908,357,14265,180
2021-11-06,Tehama,103,63373,8595,8474,1500,9974,120
2021-11-06,Trinity,105,12862,861,732,215,947,11
2021-11-06,Tulare,107,460477,69184,67767,15414,83181,1010
2021-11-06,Tuolumne,109,53932,7397,7245,100,7345,90
2021-11-06,Ventura,111,848112,98641,97770,4338,102108,1180
2021-11-06,Yolo,113,214977,19966,19827,1159,20986,255
2021-11-06,Yuba,115,75493,10228,10107,342,10449,83
2021-11-05,Alameda,001,1643700,120338,119499,2878,122377,1436
2021-11-05,Alpine,003,1148,105,105,0,105,0
2021-11-05,Amador,005,37829,5610,5557,61,5618,66
2021-11-05,Butte,007,227075,21170,20796,3814,24610,288
2021-11-05,Calaveras,009,45235,4156,4105,59,4164,82
2021-11-05,Colusa,011,21464,2536,2501,650,3151,19
2021-11-05,Contra Costa,013,1133247,99913,99282,2233,101515,1025
2021-11-05,Del Norte,015,27424,3701,3607,56,3663,42
2021-11-05,El Dorado,017,186661,16186,15958,1705,17663,156
2021-11-05,Fresno,019,978130,141675,139249,12362,151611,2170
2021-11-05,Glenn,021,27897,3526,3479,989,4468,33
2021-11-05,Humboldt,023,135768,9177,8972,582,9554,109
2021-11-05,Imperial,025,180216,33958,33471,3307,36778,766
2021-11-05,Inyo,027,18085,2417,2353,41,2394,41
2021-11-05,Kern,029,883053,128893,126848,22707,149555,1684
2021-11-05,Kings,031,150075,32561,32018,1977,33995,342
2021-11-05,Lake,033,64148,6791,6695,146,6841,106
2021-11-05,Lassen,035,31185,6919,6796,397,7193,46
2021-11-05,Los Angeles,037,10098052,1443178,1433081,54952,1488033,26533
2021-11-05,Madera,039,155013,23504,22994,2132,25126,287
2021-11-05,Marin,041,260295,17649,17520,465,17985,247
2021-11-05,Mariposa,043,17540,1328,1282,47,1329,5
2021-11-05,Mendocino,045,87422,7623,7486,574,8060,85
2021-11-05,Merced,047,269075,42347,41958,1833,43791,604
2021-11-05,Modoc,049,8938,548,523,198,721,5
2021-11-05,Mono,051,14174,1736,1725,20,1745,4
2021-11-05,Monterey,053,433212,48909,47830,2987,50817,602
2021-11-05,Napa,055,140530,13085,12950,116,13066,103
2021-11-05,Nevada,057,99092,9348,9169,333,9502,91
2021-11-05,Orange,059,3164182,308918,306049,15323,321372,5611
2021-11-05,Placer,061,380077,37505,36967,3714,40681,438
2021-11-05,Plumas,063,18699,1834,1755,40,1795,7
2021-11-05,Riverside,065,2383286,365322,360584,16447,377031,5138
2021-11-05,Sacramento,067,1510023,160297,158766,4725,163491,2263
2021-11-05,San Benito,069,59416,7471,7429,172,7601,75
2021-11-05,San Bernardino,071,2135413,356399,353142,11294,364436,5813
2021-11-05,San Diego,073,3302833,376898,373423,21820,395243,4246
2021-11-05,San Francisco,075,870044,53408,52556,2387,54943,666
2021-11-05,San Joaquin,077,732212,100347,99372,5490,104862,1782
2021-11-05,San Luis Obispo,079,281455,29666,29335,1256,30591,350
2021-11-05,San Mateo,081,765935,54530,53442,911,54353,574
2021-11-05,Santa Barbara,083,443738,45181,44301,1645,45946,532
2021-11-05,Santa Clara,085,1922200,148000,146519,1382,147901,1894
2021-11-05,Santa Cruz,087,273765,20548,20311,1018,21329,222
2021-11-05,Shasta,089,179085,21785,21281,3660,24941,349
2021-11-05,Sierra,091,2930,189,181,21,202,0
2021-11-05,Siskiyou,093,43540,3352,3279,1305,4584,48
2021-11-05,Solano,095,438530,46178,45465,1238,46703,350
2021-11-05,Sonoma,097,501317,41795,41398,525,41923,395
2021-11-05,Stanislaus,099,539301,79901,78902,8917,87819,1193
2021-11-05,Sutter,101,95872,14013,13908,356,14264,180
2021-11-05,Tehama,103,63373,8588,8474,1499,9973,120
2021-11-05,Trinity,105,12862,861,732,215,947,11
2021-11-05,Tulare,107,460477,69114,67767,15376,83143,1010
2021-11-05,Tuolumne,109,53932,7380,7245,99,7344,90
2021-11-05,Ventura,111,848112,98595,97770,4335,102105,1180
2021-11-05,Yolo,113,214977,19956,19827,1158,20985,255
2021-11-05,Yuba,115,75493,10215,10107,340,10447,83
2021-11-04,Alameda,001,1643700,120226,119499,2872,122371,1436
2021-11-04,Alpine,003,1148,105,105,0,105,0
2021-11-04,Amador,005,37829,5602,5557,61,5618,66
2021-11-04,Butte,007,227075,21128,20796,3804,24600,288
2021-11-04,Calaveras,009,45235,4142,4105,57,4162,82
2021-11-04,Colusa,011,21464,2530,2501,649,3150,19
2021-11-04,Contra Costa,013,1133247,99820,99282,2228,101510,1025
2021-11-04,Del Norte,015,27424,3698,3607,56,3663,42
2021-11-04,El Dorado,017,186661,16160,15958,1701,17659,156
2021-11-04,Fresno,019,978130,141396,139249,12355,151604,2170
2021-11-04,Glenn,021,27897,3521,3479,988,4467,33
2021-11-04,Humboldt,023,135768,9152,8972,579,9551,109
2021-11-04,Imperial,025,180216,33899,33471,3298,36769,766
2021-11-04,Inyo,027,18085,2409,2353,41,2394,41
2021-11-04,Kern,029,883053,128660,126848,22642,149490,1684
2021-11-04,Kings,031,150075,32480,32018,1969,33987,342
2021-11-04,Lake,033,64148,6781,6695,144,6839,106
2021-11-04,Lassen,035,31185,6909,6796,392,7188,46
2021-11-04,Los Angeles,037,10098052,1441880,1433081,54869,1487950,26533
2021-11-04,Madera,039,155013,23449,22994,2121,25115,287
2021-11-04,Marin,041,260295,17636,17520,463,17983,247
2021-11-04,Mariposa,043,17540,1321,1282,47,1329,5
2021-11-04,Mendocino,045,87422,7610,7486,568,8054,85
2021-11-04,Merced,047,269075,42292,41958,1829,43787,604
2021-11-04,Modoc,049,8938,547,523,198,721,5
2021-11-04,Mono,051,14174,1733,1725,20,1745,4
2021-11-04,Monterey,053,433212,48864,47830,2971,50801,602
2021-11-04,Napa,055,140530,13064,12950,116,13066,103
2021-11-04,Nevada,057,99092,9317,9169,332,9501,91
2021-11-04,Orange,059,3164182,308667,306049,15305,321354,5611
2021-11-04,Placer,061,380077,37433,36967,3705,40672,438
2021-11-04,Plumas,063,18699,1826,1755,36,1791,7
2021-11-04,Riverside,065,2383286,364926,360584,16438,377022,5138
2021-11-04,Sacramento,067,1510023,160062,158766,4704,163470,2263
2021-11-04,San Benito,069,59416,7465,7429,172,7601,75
2021-11-04,San Bernardino,071,2135413,355966,353142,11287,364429,5813
2021-11-04,San Diego,073,3302833,376418,373423,21798,395221,4246
2021-11-04,San Francisco,075,870044,53330,52556,2383,54939,666
2021-11-04,San Joaquin,077,732212,100240,99372,5478,104850,1782
2021-11-04,San Luis Obispo,079,281455,29642,29335,1250,30585,350
2021-11-04,San Mateo,081,765935,54471,53442,904,54346,574
2021-11-04,Santa Barbara,083,443738,45125,44301,1645,45946,532
2021-11-04,Santa Clara,085,1922200,147845,146519,1378,147897,1894
2021-11-04,Santa Cruz,087,273765,20513,20311,1018,21329,222
2021-11-04,Shasta,089,179085,21727,21281,3654,24935,349
2021-11-04,Sierra,091,2930,187,181,21,202,0
2021-11-04,Siskiyou,093,43540,3349,3279,1298,4577,48
2021-11-04,Solano,095,438530,46136,45465,1237,46702,350
2021-11-04,Sonoma,097,501317,41734,41398,525,41923,395
2021-11-04,Stanislaus,099,539301,79763,78902,8911,87813,1193
2021-11-04,Sutter,101,95872,14002,13908,354,14262,180
2021-11-04,Tehama,103,63373,8579,8474,1495,9969,120
2021-11-04,Trinity,105,12862,860,732,215,947,11
2021-11-04,Tulare,107,460477,68998,67767,15330,83097,1010
2021-11-04,Tuolumne,109,53932,7358,7245,97,7342,90
2021-11-04,Ventura,111,848112,98504,97770,4330,102100,1180
2021-11-04,Yolo,113,214977,19930,19827,1152,20979,255
2021-11-04,Yuba,115,75493,10201,10107,338,10445,83
2021-11-03,Alameda,001,1643700,120089,119356,2869,122225,1428
2021-11-03,Alpine,003,1148,105,105,0,105,0
2021-11-03,Amador,005,37829,5596,5545,60,5605,66
2021-11-03,Butte,007,227075,21083,20769,3795,24564,284
2021-11-03,Calaveras,009,45235,4124,4087,56,4143,82
2021-11-03,Colusa,011,21464,2524,2499,649,3148,20
2021-11-03,Contra Costa,013,1133247,99720,99168,2223,101391,1025
2021-11-03,Del Norte,015,27424,3696,3600,55,3655,42
2021-11-03,El Dorado,017,186661,16134,15915,1698,17613,156
2021-11-03,Fresno,019,978130,141033,138873,12336,151209,2166
2021-11-03,Glenn,021,27897,3517,3470,988,4458,33
2021-11-03,Humboldt,023,135768,9134,8949,574,9523,109
2021-11-03,Imperial,025,180216,33829,33402,3287,36689,766
2021-11-03,Inyo,027,18085,2389,2344,41,2385,41
2021-11-03,Kern,029,883053,128397,126523,22548,149071,1681
2021-11-03,Kings,031,150075,32425,31923,1961,33884,341
2021-11-03,Lake,033,64148,6765,6685,144,6829,106
2021-11-03,Lassen,035,31185,6893,6782,386,7168,46
2021-11-03,Los Angeles,037,10098052,1440532,1431209,54784,1485993,26517
2021-11-03,Madera,039,155013,23382,22893,2113,25006,287
2021-11-03,Marin,041,260295,17615,17491,459,17950,247
2021-11-03,Mariposa,043,17540,1311,1276,47,1323,5
2021-11-03,Mendocino,045,87422,7594,7457,560,8017,84
2021-11-03,Merced,047,269075,42231,41849,1819,43668,597
2021-11-03,Modoc,049,8938,547,521,196,717,5
2021-11-03,Mono,051,14174,1730,1719,20,1739,4
2021-11-03,Monterey,053,433212,48814,47794,2958,50752,601
2021-11-03,Napa,055,140530,13052,12937,115,13052,103
2021-11-03,Nevada,057,99092,9290,9131,331,9462,91
2021-11-03,Orange,059,3164182,308356,305661,15273,320934,5607
2021-11-03,Placer,061,380077,37363,36868,3700,40568,438
2021-11-03,Plumas,063,18699,1815,1739,35,1774,7
2021-11-03,Riverside,065,2383286,364468,360060,16434,376494,5131
2021-11-03,Sacramento,067,1510023,159836,158311,4693,163004,2259
2021-11-03,San Benito,069,59416,7457,7419,172,7591,75
2021-11-03,San Bernardino,071,2135413,355495,352225,11267,363492,5813
2021-11-03,San Diego,073,3302833,375905,372951,21772,394723,4241
2021-11-03,San Francisco,075,870044,53235,52493,2378,54871,663
2021-11-03,San Joaquin,077,732212,100128,99188,5467,104655,1776
2021-11-03,San Luis Obispo,079,281455,29600,29276,1244,30520,348
2021-11-03,San Mateo,081,765935,54406,53396,898,54294,571
2021-11-03,Santa Barbara,083,443738,45069,44220,1642,45862,531
2021-11-03,Santa Clara,085,1922200,147677,146259,1371,147630,1897
2021-11-03,Santa Cruz,087,273765,20478,20275,1018,21293,222
2021-11-03,Shasta,089,179085,21669,21215,3647,24862,346
2021-11-03,Sierra,091,2930,185,180,21,201,0
2021-11-03,Siskiyou,093,43540,3345,3276,1296,4572,46
2021-11-03,Solano,095,438530,46109,45411,1235,46646,351
2021-11-03,Sonoma,097,501317,41657,41326,523,41849,395
2021-11-03,Stanislaus,099,539301,79633,78736,8896,87632,1193
2021-11-03,Sutter,101,95872,13989,13876,352,14228,179
2021-11-03,Tehama,103,63373,8567,8438,1495,9933,118
2021-11-03,Trinity,105,12862,859,730,215,945,11
2021-11-03,Tulare,107,460477,68872,67588,15287,82875,1007
2021-11-03,Tuolumne,109,53932,7341,7218,95,7313,90
2021-11-03,Ventura,111,848112,98387,97682,4326,102008,1178
2021-11-03,Yolo,113,214977,19914,19758,1144,20902,250
2021-11-03,Yuba,115,75493,10189,10092,338,10430,83
2021-11-02,Alameda,001,1643700,119952,119241,2863,122104,1425
2021-11-02,Alpine,003,1148,104,105,0,105,0
2021-11-02,Amador,005,37829,5591,5535,60,5595,66
2021-11-02,Butte,007,227075,21039,20744,3784,24528,282
2021-11-02,Calaveras,009,45235,4101,4075,56,4131,82
2021-11-02,Colusa,011,21464,2519,2497,648,3145,19
2021-11-02,Contra Costa,013,1133247,99617,99080,2211,101291,1025
2021-11-02,Del Norte,015,27424,3694,3596,55,3651,42
2021-11-02,El Dorado,017,186661,16105,15883,1698,17581,154
2021-11-02,Fresno,019,978130,140712,138644,12307,150951,2158
2021-11-02,Glenn,021,27897,3509,3469,985,4454,33
2021-11-02,Humboldt,023,135768,9093,8937,573,9510,109
2021-11-02,Imperial,025,180216,33756,33371,3275,36646,766
2021-11-02,Inyo,027,18085,2382,2324,41,2365,41
2021-11-02,Kern,029,883053,128142,126311,22429,148740,1665
2021-11-02,Kings,031,150075,32366,31896,1956,33852,339
2021-11-02,Lake,033,64148,6760,6681,143,6824,106
2021-11-02,Lassen,035,31185,6881,6777,383,7160,45
2021-11-02,Los Angeles,037,10098052,1439082,1429601,54708,1484309,26496
2021-11-02,Madera,039,155013,23300,22837,2102,24939,287
2021-11-02,Marin,041,260295,17587,17482,459,17941,247
2021-11-02,Mariposa,043,17540,1300,1270,46,1316,5
2021-11-02,Mendocino,045,87422,7570,7447,548,7995,84
2021-11-02,Merced,047,269075,42164,41785,1811,43596,596
2021-11-02,Modoc,049,8938,544,520,195,715,5
2021-11-02,Mono,051,14174,1727,1718,20,1738,4
2021-11-02,Monterey,053,433212,48763,47775,2939,50714,599
2021-11-02,Napa,055,140530,13034,12930,115,13045,104
2021-11-02,Nevada,057,99092,9260,9122,330,9452,91
2021-11-02,Orange,059,3164182,308041,305369,15229,320598,5600
2021-11-02,Placer,061,380077,37291,36817,3685,40502,438
2021-11-02,Plumas,063,18699,1804,1721,35,1756,7
2021-11-02,Riverside,065,2383286,364016,359586,16414,376000,5116
2021-11-02,Sacramento,067,1510023,159580,158112,4670,162782,2250
2021-11-02,San Benito,069,59416,7440,7407,172,7579,75
2021-11-02,San Bernardino,071,2135413,355021,351832,11214,363046,5813
2021-11-02,San Diego,073,3302833,375312,372440,21739,394179,4232
2021-11-02,San Francisco,075,870044,53116,52450,2374,54824,663
2021-11-02,San Joaquin,077,732212,99992,99076,5456,104532,1772
2021-11-02,San Luis Obispo,079,281455,29567,29224,1241,30465,348
2021-11-02,San Mateo,081,765935,54334,53351,895,54246,571
2021-11-02,Santa Barbara,083,443738,45013,44177,1638,45815,531
2021-11-02,Santa Clara,085,1922200,147484,146115,1364,147479,1896
2021-11-02,Santa Cruz,087,273765,20445,20266,1017,21283,222
2021-11-02,Shasta,089,179085,21594,21127,3636,24763,344
2021-11-02,Sierra,091,2930,185,180,20,200,0
2021-11-02,Siskiyou,093,43540,3343,3272,1293,4565,46
2021-11-02,Solano,095,438530,46069,45378,1230,46608,350
2021-11-02,Sonoma,097,501317,41579,41288,522,41810,395
2021-11-02,Stanislaus,099,539301,79479,78629,8876,87505,1193
2021-11-02,Sutter,101,95872,13968,13868,352,14220,179
2021-11-02,Tehama,103,63373,8554,8422,1493,9915,116
2021-11-02,Trinity,105,12862,859,729,215,944,11
2021-11-02,Tulare,107,460477,68747,67502,15238,82740,1002
2021-11-02,Tuolumne,109,53932,7320,7204,93,7297,90
2021-11-02,Ventura,111,848112,98269,97574,4322,101896,1178
2021-11-02,Yolo,113,214977,19883,19736,1142,20878,250
2021-11-02,Yuba,115,75493,10166,10080,336,10416,83
2021-11-01,Alameda,001,1643700,119819,119159,2861,122020,1421
2021-11-01,Alpine,003,1148,104,105,0,105,0
2021-11-01,Amador,005,37829,5589,5532,60,5592,64
2021-11-01,Butte,007,227075,20989,20710,3779,24489,281
2021-11-01,Calaveras,009,45235,4091,4059,55,4114,82
2021-11-01,Colusa,011,21464,2517,2494,645,3139,19
2021-11-01,Contra Costa,013,1133247,99492,99011,2202,101213,1025
2021-11-01,Del Norte,015,27424,3692,3594,55,3649,42
2021-11-01,El Dorado,017,186661,16081,15858,1692,17550,154
2021-11-01,Fresno,019,978130,140336,138421,12276,150697,2149
2021-11-01,Glenn,021,27897,3502,3461,983,4444,33
2021-11-01,Humboldt,023,135768,9065,8929,568,9497,108
2021-11-01,Imperial,025,180216,33705,33342,3266,36608,766
2021-11-01,Inyo,027,18085,2370,2307,41,2348,41
2021-11-01,Kern,029,883053,127842,126092,22318,148410,1660
2021-11-01,Kings,031,150075,32314,31866,1954,33820,337
2021-11-01,Lake,033,64148,6749,6676,142,6818,106
2021-11-01,Lassen,035,31185,6866,6775,380,7155,42
2021-11-01,Los Angeles,037,10098052,1437708,1428891,54616,1483507,26483
2021-11-01,Madera,039,155013,23220,22801,2097,24898,283
2021-11-01,Marin,041,260295,17567,17460,458,17918,247
2021-11-01,Mariposa,043,17540,1292,1266,45,1311,5
2021-11-01,Mendocino,045,87422,7536,7422,530,7952,84
2021-11-01,Merced,047,269075,42075,41740,1809,43549,594
2021-11-01,Modoc,049,8938,539,520,193,713,5
2021-11-01,Mono,051,14174,1722,1714,20,1734,3
2021-11-01,Monterey,053,433212,48721,47756,2927,50683,597
2021-11-01,Napa,055,140530,13007,12916,114,13030,101
2021-11-01,Nevada,057,99092,9237,9108,329,9437,91
2021-11-01,Orange,059,3164182,307703,305192,15187,320379,5596
2021-11-01,Placer,061,380077,37208,36747,3673,40420,435
2021-11-01,Plumas,063,18699,1785,1719,35,1754,7
2021-11-01,Riverside,065,2383286,363516,359263,16392,375655,5115
2021-11-01,Sacramento,067,1510023,159308,157893,4645,162538,2239
2021-11-01,San Benito,069,59416,7430,7406,171,7577,73
2021-11-01,San Bernardino,071,2135413,354536,351620,11194,362814,5815
2021-11-01,San Diego,073,3302833,374727,372043,21719,393762,4232
2021-11-01,San Francisco,075,870044,53029,52418,2367,54785,661
2021-11-01,San Joaquin,077,732212,99829,98969,5449,104418,1772
2021-11-01,San Luis Obispo,079,281455,29523,29199,1237,30436,343
2021-11-01,San Mateo,081,765935,54270,53314,891,54205,571
2021-11-01,Santa Barbara,083,443738,44947,44146,1634,45780,529
2021-11-01,Santa Clara,085,1922200,147287,145978,1359,147337,1907
2021-11-01,Santa Cruz,087,273765,20410,20238,1017,21255,221
2021-11-01,Shasta,089,179085,21541,21104,3629,24733,338
2021-11-01,Sierra,091,2930,185,180,20,200,0
2021-11-01,Siskiyou,093,43540,3336,3272,1288,4560,46
2021-11-01,Solano,095,438530,46010,45358,1230,46588,350
2021-11-01,Sonoma,097,501317,41506,41234,522,41756,395
2021-11-01,Stanislaus,099,539301,79350,78534,8862,87396,1193
2021-11-01,Sutter,101,95872,13944,13852,350,14202,179
2021-11-01,Tehama,103,63373,8526,8412,1492,9904,116
2021-11-01,Trinity,105,12862,857,727,215,942,11
2021-11-01,Tulare,107,460477,68604,67388,15186,82574,1002
2021-11-01,Tuolumne,109,53932,7304,7175,92,7267,90
2021-11-01,Ventura,111,848112,98188,97507,4316,101823,1178
2021-11-01,Yolo,113,214977,19863,19708,1135,20843,250
2021-11-01,Yuba,115,75493,10148,10066,333,10399,83
2021-10-31,Alameda,001,1643700,119680,119071,2858,121929,1419
2021-10-31,Alpine,003,1148,104,105,0,105,0
2021-10-31,Amador,005,37829,5578,5518,60,5578,64
2021-10-31,Butte,007,227075,20928,20689,3770,24459,281
2021-10-31,Calaveras,009,45235,4073,4052,54,4106,82
2021-10-31,Colusa,011,21464,2515,2493,642,3135,18
2021-10-31,Contra Costa,013,1133247,99366,98936,2200,101136,1025
2021-10-31,Del Norte,015,27424,3686,3591,55,3646,42
2021-10-31,El Dorado,017,186661,16035,15841,1689,17530,154
2021-10-31,Fresno,019,978130,139931,138165,12244,150409,2147
2021-10-31,Glenn,021,27897,3497,3459,983,4442,33
2021-10-31,Humboldt,023,135768,9018,8919,562,9481,108
2021-10-31,Imperial,025,180216,33630,33334,3254,36588,766
2021-10-31,Inyo,027,18085,2351,2309,41,2350,41
2021-10-31,Kern,029,883053,127472,125917,22197,148114,1666
2021-10-31,Kings,031,150075,32227,31814,1941,33755,338
2021-10-31,Lake,033,64148,6738,6665,142,6807,106
2021-10-31,Lassen,035,31185,6851,6768,375,7143,42
2021-10-31,Los Angeles,037,10098052,1436171,1427933,54533,1482466,26474
2021-10-31,Madera,039,155013,23125,22744,2084,24828,283
2021-10-31,Marin,041,260295,17539,17443,457,17900,247
2021-10-31,Mariposa,043,17540,1286,1257,44,1301,5
2021-10-31,Mendocino,045,87422,7494,7403,513,7916,84
2021-10-31,Merced,047,269075,41981,41699,1789,43488,589
2021-10-31,Modoc,049,8938,533,517,190,707,5
2021-10-31,Mono,051,14174,1719,1711,20,1731,3
2021-10-31,Monterey,053,433212,48680,47744,2909,50653,596
2021-10-31,Napa,055,140530,12990,12906,112,13018,101
2021-10-31,Nevada,057,99092,9200,9084,324,9408,91
2021-10-31,Orange,059,3164182,307357,305032,15107,320139,5596
2021-10-31,Placer,061,380077,37111,36698,3659,40357,435
2021-10-31,Plumas,063,18699,1767,1716,35,1751,7
2021-10-31,Riverside,065,2383286,362938,359005,16378,375383,5104
2021-10-31,Sacramento,067,1510023,158959,157667,4630,162297,2243
2021-10-31,San Benito,069,59416,7419,7397,169,7566,73
2021-10-31,San Bernardino,071,2135413,354005,351411,11180,362591,5810
2021-10-31,San Diego,073,3302833,374155,371603,21687,393290,4218
2021-10-31,San Francisco,075,870044,52921,52370,2361,54731,661
2021-10-31,San Joaquin,077,732212,99666,98893,5435,104328,1772
2021-10-31,San Luis Obispo,079,281455,29472,29176,1236,30412,343
2021-10-31,San Mateo,081,765935,54213,53284,889,54173,571
2021-10-31,Santa Barbara,083,443738,44879,44113,1629,45742,529
2021-10-31,Santa Clara,085,1922200,147073,145829,1345,147174,1908
2021-10-31,Santa Cruz,087,273765,20375,20218,1016,21234,221
2021-10-31,Shasta,089,179085,21458,21086,3617,24703,338
2021-10-31,Sierra,091,2930,185,180,20,200,0
2021-10-31,Siskiyou,093,43540,3330,3271,1287,4558,46
2021-10-31,Solano,095,438530,45962,45310,1224,46534,350
2021-10-31,Sonoma,097,501317,41437,41183,519,41702,395
2021-10-31,Stanislaus,099,539301,79160,78426,8847,87273,1193
2021-10-31,Sutter,101,95872,13925,13838,347,14185,179
2021-10-31,Tehama,103,63373,8495,8391,1488,9879,116
2021-10-31,Trinity,105,12862,857,724,215,939,11
2021-10-31,Tulare,107,460477,68408,67310,15095,82405,1002
2021-10-31,Tuolumne,109,53932,7275,7141,91,7232,90
2021-10-31,Ventura,111,848112,98070,97460,4311,101771,1178
2021-10-31,Yolo,113,214977,19822,19662,1129,20791,250
2021-10-31,Yuba,115,75493,10130,10051,323,10374,83
2021-10-30,Alameda,001,1643700,119623,118632,2855,121487,1419
2021-10-30,Alpine,003,1148,104,105,0,105,0
2021-10-30,Amador,005,37829,5569,5480,59,5539,64
2021-10-30,Butte,007,227075,20913,20516,3764,24280,277
2021-10-30,Calaveras,009,45235,4066,3992,54,4046,82
2021-10-30,Colusa,011,21464,2515,2484,641,3125,19
2021-10-30,Contra Costa,013,1133247,99305,98562,2199,100761,1024
2021-10-30,Del Norte,015,27424,3683,3574,55,3629,42
2021-10-30,El Dorado,017,186661,16019,15752,1684,17436,154
2021-10-30,Fresno,019,978130,139788,136901,12239,149140,2131
2021-10-30,Glenn,021,27897,3493,3442,983,4425,33
2021-10-30,Humboldt,023,135768,9003,8871,560,9431,105
2021-10-30,Imperial,025,180216,33585,33156,3250,36406,766
2021-10-30,Inyo,027,18085,2348,2249,41,2290,41
2021-10-30,Kern,029,883053,127320,124892,22126,147018,1653
2021-10-30,Kings,031,150075,32191,31578,1937,33515,337
2021-10-30,Lake,033,64148,6733,6610,142,6752,106
2021-10-30,Lassen,035,31185,6845,6719,373,7092,42
2021-10-30,Los Angeles,037,10098052,1435451,1424257,54479,1478736,26625
2021-10-30,Madera,039,155013,23081,22524,2079,24603,283
2021-10-30,Marin,041,260295,17524,17380,455,17835,247
2021-10-30,Mariposa,043,17540,1283,1228,44,1272,5
2021-10-30,Mendocino,045,87422,7472,7338,511,7849,84
2021-10-30,Merced,047,269075,41941,41428,1787,43215,586
2021-10-30,Modoc,049,8938,531,513,188,701,5
2021-10-30,Mono,051,14174,1719,1684,20,1704,3
2021-10-30,Monterey,053,433212,48663,47649,2903,50552,588
2021-10-30,Napa,055,140530,12977,12863,111,12974,101
2021-10-30,Nevada,057,99092,9181,9015,324,9339,91
2021-10-30,Orange,059,3164182,307180,304120,15088,319208,5588
2021-10-30,Placer,061,380077,37065,36400,3653,40053,434
2021-10-30,Plumas,063,18699,1762,1695,35,1730,7
2021-10-30,Riverside,065,2383286,362638,357645,16369,374014,5088
2021-10-30,Sacramento,067,1510023,158803,157125,4620,161745,2233
2021-10-30,San Benito,069,59416,7412,7362,169,7531,71
2021-10-30,San Bernardino,071,2135413,353728,350076,11165,361241,5777
2021-10-30,San Diego,073,3302833,373781,370006,21663,391669,4213
2021-10-30,San Francisco,075,870044,52892,52161,2359,54520,661
2021-10-30,San Joaquin,077,732212,99610,98314,5434,103748,1768
2021-10-30,San Luis Obispo,079,281455,29440,29053,1233,30286,341
2021-10-30,San Mateo,081,765935,54173,53083,889,53972,571
2021-10-30,Santa Barbara,083,443738,44844,43972,1628,45600,528
2021-10-30,Santa Clara,085,1922200,146968,145262,1341,146603,1903
2021-10-30,Santa Cruz,087,273765,20357,20134,1014,21148,221
2021-10-30,Shasta,089,179085,21413,20878,3611,24489,332
2021-10-30,Sierra,091,2930,185,175,20,195,0
2021-10-30,Siskiyou,093,43540,3329,3257,1284,4541,46
2021-10-30,Solano,095,438530,45941,45146,1223,46369,346
2021-10-30,Sonoma,097,501317,41398,40924,519,41443,393
2021-10-30,Stanislaus,099,539301,79091,77871,8840,86711,1191
2021-10-30,Sutter,101,95872,13912,13773,347,14120,178
2021-10-30,Tehama,103,63373,8484,8307,1483,9790,114
2021-10-30,Trinity,105,12862,855,708,214,922,11
2021-10-30,Tulare,107,460477,68338,66745,15048,81793,995
2021-10-30,Tuolumne,109,53932,7251,7050,90,7140,90
2021-10-30,Ventura,111,848112,98025,97182,4310,101492,1174
2021-10-30,Yolo,113,214977,19802,19568,1127,20695,250
2021-10-30,Yuba,115,75493,10119,9969,323,10292,82
2021-10-29,Alameda,001,1643700,119546,118632,2851,121483,1419
2021-10-29,Alpine,003,1148,104,105,0,105,0
2021-10-29,Amador,005,37829,5558,5480,59,5539,64
2021-10-29,Butte,007,227075,20889,20516,3754,24270,277
2021-10-29,Calaveras,009,45235,4059,3992,54,4046,82
2021-10-29,Colusa,011,21464,2515,2484,639,3123,19
2021-10-29,Contra Costa,013,1133247,99239,98562,2197,100759,1024
2021-10-29,Del Norte,015,27424,3676,3574,55,3629,42
2021-10-29,El Dorado,017,186661,16005,15752,1684,17436,154
2021-10-29,Fresno,019,978130,139573,136901,12227,149128,2131
2021-10-29,Glenn,021,27897,3491,3442,982,4424,33
2021-10-29,Humboldt,023,135768,8998,8871,559,9430,105
2021-10-29,Imperial,025,180216,33558,33156,3247,36403,766
2021-10-29,Inyo,027,18085,2345,2249,41,2290,41
2021-10-29,Kern,029,883053,127143,124892,22036,146928,1653
2021-10-29,Kings,031,150075,32156,31578,1935,33513,337
2021-10-29,Lake,033,64148,6724,6610,140,6750,106
2021-10-29,Lassen,035,31185,6836,6719,370,7089,42
2021-10-29,Los Angeles,037,10098052,1434609,1424257,54436,1478693,26625
2021-10-29,Madera,039,155013,23029,22524,2074,24598,283
2021-10-29,Marin,041,260295,17508,17380,454,17834,247
2021-10-29,Mariposa,043,17540,1279,1228,44,1272,5
2021-10-29,Mendocino,045,87422,7464,7338,511,7849,84
2021-10-29,Merced,047,269075,41891,41428,1781,43209,586
2021-10-29,Modoc,049,8938,529,513,187,700,5
2021-10-29,Mono,051,14174,1716,1684,20,1704,3
2021-10-29,Monterey,053,433212,48639,47649,2903,50552,588
2021-10-29,Napa,055,140530,12956,12863,111,12974,101
2021-10-29,Nevada,057,99092,9169,9015,324,9339,91
2021-10-29,Orange,059,3164182,306955,304120,15071,319191,5588
2021-10-29,Placer,061,380077,37029,36400,3642,40042,434
2021-10-29,Plumas,063,18699,1756,1695,35,1730,7
2021-10-29,Riverside,065,2383286,362304,357645,16364,374009,5088
2021-10-29,Sacramento,067,1510023,158615,157125,4611,161736,2233
2021-10-29,San Benito,069,59416,7409,7362,169,7531,71
2021-10-29,San Bernardino,071,2135413,353431,350076,11156,361232,5777
2021-10-29,San Diego,073,3302833,373405,370006,21634,391640,4213
2021-10-29,San Francisco,075,870044,52833,52161,2353,54514,661
2021-10-29,San Joaquin,077,732212,99553,98314,5429,103743,1768
2021-10-29,San Luis Obispo,079,281455,29414,29053,1231,30284,341
2021-10-29,San Mateo,081,765935,54130,53083,887,53970,571
2021-10-29,Santa Barbara,083,443738,44804,43972,1625,45597,528
2021-10-29,Santa Clara,085,1922200,146853,145262,1334,146596,1903
2021-10-29,Santa Cruz,087,273765,20350,20134,1013,21147,221
2021-10-29,Shasta,089,179085,21374,20878,3605,24483,332
2021-10-29,Sierra,091,2930,183,175,20,195,0
2021-10-29,Siskiyou,093,43540,3329,3257,1283,4540,46
2021-10-29,Solano,095,438530,45905,45146,1222,46368,346
2021-10-29,Sonoma,097,501317,41377,40924,519,41443,393
2021-10-29,Stanislaus,099,539301,79006,77871,8829,86700,1191
2021-10-29,Sutter,101,95872,13893,13773,347,14120,178
2021-10-29,Tehama,103,63373,8471,8307,1482,9789,114
2021-10-29,Trinity,105,12862,854,708,214,922,11
2021-10-29,Tulare,107,460477,68237,66745,15004,81749,995
2021-10-29,Tuolumne,109,53932,7238,7050,90,7140,90
2021-10-29,Ventura,111,848112,97970,97182,4308,101490,1174
2021-10-29,Yolo,113,214977,19784,19568,1123,20691,250
2021-10-29,Yuba,115,75493,10111,9969,319,10288,82
2021-10-28,Alameda,001,1643700,119423,118632,2844,121476,1419
2021-10-28,Alpine,003,1148,104,105,0,105,0
2021-10-28,Amador,005,37829,5545,5480,59,5539,64
2021-10-28,Butte,007,227075,20849,20516,3745,24261,277
2021-10-28,Calaveras,009,45235,4046,3992,54,4046,82
2021-10-28,Colusa,011,21464,2512,2484,638,3122,19
2021-10-28,Contra Costa,013,1133247,99108,98562,2192,100754,1024
2021-10-28,Del Norte,015,27424,3675,3574,55,3629,42
2021-10-28,El Dorado,017,186661,15979,15752,1681,17433,154
2021-10-28,Fresno,019,978130,139244,136901,12199,149100,2131
2021-10-28,Glenn,021,27897,3487,3442,979,4421,33
2021-10-28,Humboldt,023,135768,8982,8871,554,9425,105
2021-10-28,Imperial,025,180216,33493,33156,3241,36397,766
2021-10-28,Inyo,027,18085,2328,2249,41,2290,41
2021-10-28,Kern,029,883053,126898,124892,21922,146814,1653
2021-10-28,Kings,031,150075,32088,31578,1930,33508,337
2021-10-28,Lake,033,64148,6714,6610,140,6750,106
2021-10-28,Lassen,035,31185,6826,6719,366,7085,42
2021-10-28,Los Angeles,037,10098052,1433476,1424257,54361,1478618,26625
2021-10-28,Madera,039,155013,22975,22524,2063,24587,283
2021-10-28,Marin,041,260295,17490,17380,453,17833,247
2021-10-28,Mariposa,043,17540,1275,1228,44,1272,5
2021-10-28,Mendocino,045,87422,7451,7338,500,7838,84
2021-10-28,Merced,047,269075,41806,41428,1770,43198,586
2021-10-28,Modoc,049,8938,528,513,187,700,5
2021-10-28,Mono,051,14174,1711,1684,20,1704,3
2021-10-28,Monterey,053,433212,48610,47649,2885,50534,588
2021-10-28,Napa,055,140530,12947,12863,110,12973,101
2021-10-28,Nevada,057,99092,9151,9015,324,9339,91
2021-10-28,Orange,059,3164182,306669,304120,15007,319127,5588
2021-10-28,Placer,061,380077,36950,36400,3633,40033,434
2021-10-28,Plumas,063,18699,1748,1695,35,1730,7
2021-10-28,Riverside,065,2383286,361866,357645,16340,373985,5088
2021-10-28,Sacramento,067,1510023,158349,157125,4599,161724,2233
2021-10-28,San Benito,069,59416,7401,7362,169,7531,71
2021-10-28,San Bernardino,071,2135413,353017,350076,11134,361210,5777
2021-10-28,San Diego,073,3302833,372932,370006,21611,391617,4213
2021-10-28,San Francisco,075,870044,52788,52161,2346,54507,661
2021-10-28,San Joaquin,077,732212,99425,98314,5428,103742,1768
2021-10-28,San Luis Obispo,079,281455,29385,29053,1228,30281,341
2021-10-28,San Mateo,081,765935,54085,53083,885,53968,571
2021-10-28,Santa Barbara,083,443738,44765,43972,1623,45595,528
2021-10-28,Santa Clara,085,1922200,146695,145262,1329,146591,1903
2021-10-28,Santa Cruz,087,273765,20326,20134,1013,21147,221
2021-10-28,Shasta,089,179085,21298,20878,3598,24476,332
2021-10-28,Sierra,091,2930,182,175,20,195,0
2021-10-28,Siskiyou,093,43540,3328,3257,1283,4540,46
2021-10-28,Solano,095,438530,45866,45146,1221,46367,346
2021-10-28,Sonoma,097,501317,41309,40924,518,41442,393
2021-10-28,Stanislaus,099,539301,78854,77871,8813,86684,1191
2021-10-28,Sutter,101,95872,13880,13773,343,14116,178
2021-10-28,Tehama,103,63373,8433,8307,1479,9786,114
2021-10-28,Trinity,105,12862,851,708,214,922,11
2021-10-28,Tulare,107,460477,68099,66745,14948,81693,995
2021-10-28,Tuolumne,109,53932,7207,7050,90,7140,90
2021-10-28,Ventura,111,848112,97878,97182,4306,101488,1174
2021-10-28,Yolo,113,214977,19747,19568,1118,20686,250
2021-10-28,Yuba,115,75493,10082,9969,316,10285,82
2021-10-27,Alameda,001,1643700,119302,118487,2842,121329,1414
2021-10-27,Alpine,003,1148,104,105,0,105,0
2021-10-27,Amador,005,37829,5533,5470,58,5528,64
2021-10-27,Butte,007,227075,20805,20446,3731,24177,274
2021-10-27,Calaveras,009,45235,4029,3970,53,4023,82
2021-10-27,Colusa,011,21464,2511,2480,637,3117,18
2021-10-27,Contra Costa,013,1133247,99001,98442,2180,100622,1018
2021-10-27,Del Norte,015,27424,3668,3571,54,3625,42
2021-10-27,El Dorado,017,186661,15948,15723,1676,17399,154
2021-10-27,Fresno,019,978130,138864,136447,12168,148615,2128
2021-10-27,Glenn,021,27897,3481,3435,978,4413,33
2021-10-27,Humboldt,023,135768,8962,8851,552,9403,105
2021-10-27,Imperial,025,180216,33454,33068,3236,36304,766
2021-10-27,Inyo,027,18085,2308,2236,41,2277,41
2021-10-27,Kern,029,883053,126629,124557,21822,146379,1647
2021-10-27,Kings,031,150075,32021,31437,1925,33362,335
2021-10-27,Lake,033,64148,6687,6589,140,6729,105
2021-10-27,Lassen,035,31185,6812,6706,364,7070,42
2021-10-27,Los Angeles,037,10098052,1432243,1422615,54302,1476917,26604
2021-10-27,Madera,039,155013,22889,22413,2040,24453,283
2021-10-27,Marin,041,260295,17475,17362,453,17815,247
2021-10-27,Mariposa,043,17540,1262,1228,44,1272,5
2021-10-27,Mendocino,045,87422,7438,7321,493,7814,84
2021-10-27,Merced,047,269075,41709,41310,1756,43066,583
2021-10-27,Modoc,049,8938,524,513,187,700,5
2021-10-27,Mono,051,14174,1708,1682,20,1702,3
2021-10-27,Monterey,053,433212,48572,47610,2863,50473,588
2021-10-27,Napa,055,140530,12932,12856,109,12965,101
2021-10-27,Nevada,057,99092,9134,8987,323,9310,90
2021-10-27,Orange,059,3164182,306355,303825,14956,318781,5584
2021-10-27,Placer,061,380077,36884,36296,3626,39922,434
2021-10-27,Plumas,063,18699,1740,1686,35,1721,7
2021-10-27,Riverside,065,2383286,361437,357152,16332,373484,5081
2021-10-27,Sacramento,067,1510023,158079,156830,4578,161408,2230
2021-10-27,San Benito,069,59416,7395,7337,169,7506,71
2021-10-27,San Bernardino,071,2135413,352595,349624,11113,360737,5770
2021-10-27,San Diego,073,3302833,372356,369579,21585,391164,4207
2021-10-27,San Francisco,075,870044,52736,52108,2342,54450,655
2021-10-27,San Joaquin,077,732212,99265,98168,5413,103581,1753
2021-10-27,San Luis Obispo,079,281455,29346,29002,1226,30228,341
2021-10-27,San Mateo,081,765935,54030,53032,876,53908,571
2021-10-27,Santa Barbara,083,443738,44712,43901,1620,45521,527
2021-10-27,Santa Clara,085,1922200,146518,145081,1321,146402,1902
2021-10-27,Santa Cruz,087,273765,20299,20091,1011,21102,221
2021-10-27,Shasta,089,179085,21224,20813,3590,24403,331
2021-10-27,Sierra,091,2930,181,176,20,196,0
2021-10-27,Siskiyou,093,43540,3325,3256,1279,4535,46
2021-10-27,Solano,095,438530,45821,45089,1213,46302,346
2021-10-27,Sonoma,097,501317,41234,40829,516,41345,393
2021-10-27,Stanislaus,099,539301,78694,77687,8799,86486,1191
2021-10-27,Sutter,101,95872,13866,13754,343,14097,177
2021-10-27,Tehama,103,63373,8411,8265,1478,9743,113
2021-10-27,Trinity,105,12862,851,706,213,919,11
2021-10-27,Tulare,107,460477,67946,66568,14891,81459,991
2021-10-27,Tuolumne,109,53932,7180,7009,89,7098,90
2021-10-27,Ventura,111,848112,97788,97108,4302,101410,1172
2021-10-27,Yolo,113,214977,19718,19517,1111,20628,250
2021-10-27,Yuba,115,75493,10061,9945,314,10259,82
2021-10-26,Alameda,001,1643700,119168,118360,2838,121198,1407
2021-10-26,Alpine,003,1148,104,105,0,105,0
2021-10-26,Amador,005,37829,5525,5465,57,5522,64
2021-10-26,Butte,007,227075,20747,20387,3714,24101,274
2021-10-26,Calaveras,009,45235,4018,3966,53,4019,81
2021-10-26,Colusa,011,21464,2509,2478,636,3114,18
2021-10-26,Contra Costa,013,1133247,98880,98352,2170,100522,1017
2021-10-26,Del Norte,015,27424,3663,3563,54,3617,42
2021-10-26,El Dorado,017,186661,15920,15690,1667,17357,153
2021-10-26,Fresno,019,978130,138420,136211,12128,148339,2122
2021-10-26,Glenn,021,27897,3466,3431,975,4406,33
2021-10-26,Humboldt,023,135768,8944,8830,546,9376,105
2021-10-26,Imperial,025,180216,33388,33012,3231,36243,766
2021-10-26,Inyo,027,18085,2293,2200,41,2241,41
2021-10-26,Kern,029,883053,126285,124351,21701,146052,1645
2021-10-26,Kings,031,150075,31957,31382,1918,33300,336
2021-10-26,Lake,033,64148,6677,6584,138,6722,105
2021-10-26,Lassen,035,31185,6792,6689,362,7051,42
2021-10-26,Los Angeles,037,10098052,1430903,1421795,54229,1476024,26599
2021-10-26,Madera,039,155013,22799,22363,2029,24392,283
2021-10-26,Marin,041,260295,17458,17354,452,17806,244
2021-10-26,Mariposa,043,17540,1257,1225,43,1268,5
2021-10-26,Mendocino,045,87422,7409,7308,476,7784,83
2021-10-26,Merced,047,269075,41631,41267,1749,43016,583
2021-10-26,Modoc,049,8938,524,513,187,700,5
2021-10-26,Mono,051,14174,1699,1680,20,1700,3
2021-10-26,Monterey,053,433212,48535,47572,2852,50424,588
2021-10-26,Napa,055,140530,12920,12849,109,12958,101
2021-10-26,Nevada,057,99092,9102,8971,322,9293,90
2021-10-26,Orange,059,3164182,306084,303533,14917,318450,5580
2021-10-26,Placer,061,380077,36787,36245,3620,39865,434
2021-10-26,Plumas,063,18699,1731,1645,35,1680,7
2021-10-26,Riverside,065,2383286,360951,356775,16322,373097,5068
2021-10-26,Sacramento,067,1510023,157774,156643,4561,161204,2228
2021-10-26,San Benito,069,59416,7372,7325,169,7494,71
2021-10-26,San Bernardino,071,2135413,352172,349346,11098,360444,5764
2021-10-26,San Diego,073,3302833,371837,369043,21556,390599,4198
2021-10-26,San Francisco,075,870044,52661,52063,2339,54402,655
2021-10-26,San Joaquin,077,732212,99089,98036,5398,103434,1748
2021-10-26,San Luis Obispo,079,281455,29307,28928,1220,30148,337
2021-10-26,San Mateo,081,765935,53959,52974,873,53847,571
2021-10-26,Santa Barbara,083,443738,44667,43835,1619,45454,525
2021-10-26,Santa Clara,085,1922200,146321,144932,1315,146247,1903
2021-10-26,Santa Cruz,087,273765,20268,20067,1010,21077,221
2021-10-26,Shasta,089,179085,21164,20725,3572,24297,330
2021-10-26,Sierra,091,2930,181,169,20,189,0
2021-10-26,Siskiyou,093,43540,3319,3254,1277,4531,46
2021-10-26,Solano,095,438530,45764,45044,1213,46257,344
2021-10-26,Sonoma,097,501317,41152,40794,514,41308,393
2021-10-26,Stanislaus,099,539301,78519,77552,8775,86327,1157
2021-10-26,Sutter,101,95872,13836,13739,342,14081,176
2021-10-26,Tehama,103,63373,8383,8247,1472,9719,112
2021-10-26,Trinity,105,12862,847,705,213,918,11
2021-10-26,Tulare,107,460477,67791,66476,14832,81308,991
2021-10-26,Tuolumne,109,53932,7155,6995,87,7082,90
2021-10-26,Ventura,111,848112,97681,97014,4297,101311,1170
2021-10-26,Yolo,113,214977,19690,19490,1108,20598,248
2021-10-26,Yuba,115,75493,10043,9927,309,10236,82
2021-10-25,Alameda,001,1643700,119024,118319,2835,121154,1404
2021-10-25,Alpine,003,1148,104,105,0,105,0
2021-10-25,Amador,005,37829,5511,5455,57,5512,64
2021-10-25,Butte,007,227075,20673,20331,3706,24037,273
2021-10-25,Calaveras,009,45235,3988,3942,52,3994,82
2021-10-25,Colusa,011,21464,2507,2471,634,3105,18
2021-10-25,Contra Costa,013,1133247,98764,98267,2165,100432,1017
2021-10-25,Del Norte,015,27424,3656,3562,54,3616,42
2021-10-25,El Dorado,017,186661,15885,15663,1665,17328,149
2021-10-25,Fresno,019,978130,137985,135974,12088,148062,2112
2021-10-25,Glenn,021,27897,3464,3421,974,4395,33
2021-10-25,Humboldt,023,135768,8920,8825,541,9366,105
2021-10-25,Imperial,025,180216,33326,32968,3220,36188,766
2021-10-25,Inyo,027,18085,2275,2183,41,2224,41
2021-10-25,Kern,029,883053,125934,124078,21562,145640,1649
2021-10-25,Kings,031,150075,31869,31329,1909,33238,335
2021-10-25,Lake,033,64148,6664,6571,138,6709,105
2021-10-25,Lassen,035,31185,6781,6688,360,7048,42
2021-10-25,Los Angeles,037,10098052,1429543,1421061,54162,1475223,26579
2021-10-25,Madera,039,155013,22745,22325,2021,24346,281
2021-10-25,Marin,041,260295,17436,17334,450,17784,244
2021-10-25,Mariposa,043,17540,1243,1220,43,1263,5
2021-10-25,Mendocino,045,87422,7379,7296,472,7768,82
2021-10-25,Merced,047,269075,41564,41207,1722,42929,583
2021-10-25,Modoc,049,8938,522,512,185,697,5
2021-10-25,Mono,051,14174,1683,1677,20,1697,3
2021-10-25,Monterey,053,433212,48505,47547,2850,50397,587
2021-10-25,Napa,055,140530,12907,12841,109,12950,100
2021-10-25,Nevada,057,99092,9076,8958,322,9280,90
2021-10-25,Orange,059,3164182,305786,303279,14879,318158,5574
2021-10-25,Placer,061,380077,36679,36153,3610,39763,431
2021-10-25,Plumas,063,18699,1719,1641,35,1676,7
2021-10-25,Riverside,065,2383286,360524,356381,16307,372688,5056
2021-10-25,Sacramento,067,1510023,157469,156516,4535,161051,2235
2021-10-25,San Benito,069,59416,7358,7314,168,7482,71
2021-10-25,San Bernardino,071,2135413,351675,349075,11086,360161,5748
2021-10-25,San Diego,073,3302833,371252,368386,21526,389912,4196
2021-10-25,San Francisco,075,870044,52588,52041,2332,54373,649
2021-10-25,San Joaquin,077,732212,98887,97980,5389,103369,1740
2021-10-25,San Luis Obispo,079,281455,29259,28907,1215,30122,336
2021-10-25,San Mateo,081,765935,53899,52927,869,53796,571
2021-10-25,Santa Barbara,083,443738,44610,43775,1619,45394,525
2021-10-25,Santa Clara,085,1922200,146131,144895,1310,146205,1901
2021-10-25,Santa Cruz,087,273765,20239,20053,1009,21062,221
2021-10-25,Shasta,089,179085,21092,20666,3565,24231,326
2021-10-25,Sierra,091,2930,181,168,20,188,0
2021-10-25,Siskiyou,093,43540,3315,3248,1272,4520,46
2021-10-25,Solano,095,438530,45703,45022,1211,46233,344
2021-10-25,Sonoma,097,501317,41079,40746,512,41258,393
2021-10-25,Stanislaus,099,539301,78327,77452,8746,86198,1145
2021-10-25,Sutter,101,95872,13823,13721,339,14060,176
2021-10-25,Tehama,103,63373,8356,8224,1468,9692,111
2021-10-25,Trinity,105,12862,842,699,212,911,11
2021-10-25,Tulare,107,460477,67600,66357,14770,81127,986
2021-10-25,Tuolumne,109,53932,7121,6952,86,7038,90
2021-10-25,Ventura,111,848112,97585,96932,4293,101225,1167
2021-10-25,Yolo,113,214977,19641,19457,1105,20562,248
2021-10-25,Yuba,115,75493,10027,9924,305,10229,82
2021-10-24,Alameda,001,1643700,118895,117816,2830,120646,1397
2021-10-24,Alpine,003,1148,104,105,0,105,0
2021-10-24,Amador,005,37829,5506,5412,57,5469,64
2021-10-24,Butte,007,227075,20604,20101,3694,23795,273
2021-10-24,Calaveras,009,45235,3969,3865,51,3916,81
2021-10-24,Colusa,011,21464,2503,2458,631,3089,18
2021-10-24,Contra Costa,013,1133247,98649,97855,2155,100010,1008
2021-10-24,Del Norte,015,27424,3652,3540,54,3594,42
2021-10-24,El Dorado,017,186661,15850,15540,1661,17201,149
2021-10-24,Fresno,019,978130,137556,134466,12047,146513,2094
2021-10-24,Glenn,021,27897,3453,3399,972,4371,33
2021-10-24,Humboldt,023,135768,8907,8753,535,9288,105
2021-10-24,Imperial,025,180216,33248,32777,3213,35990,766
2021-10-24,Inyo,027,18085,2243,2108,41,2149,41
2021-10-24,Kern,029,883053,125603,122939,21443,144382,1636
2021-10-24,Kings,031,150075,31740,30942,1893,32835,325
2021-10-24,Lake,033,64148,6641,6501,138,6639,105
2021-10-24,Lassen,035,31185,6764,6632,359,6991,27
2021-10-24,Los Angeles,037,10098052,1428102,1415919,54094,1470013,26527
2021-10-24,Madera,039,155013,22668,22062,2008,24070,281
2021-10-24,Marin,041,260295,17420,17264,449,17713,244
2021-10-24,Mariposa,043,17540,1240,1184,43,1227,5
2021-10-24,Mendocino,045,87422,7355,7220,461,7681,82
2021-10-24,Merced,047,269075,41442,40808,1717,42525,581
2021-10-24,Modoc,049,8938,521,507,185,692,5
2021-10-24,Mono,051,14174,1680,1655,20,1675,3
2021-10-24,Monterey,053,433212,48457,47456,2839,50295,586
2021-10-24,Napa,055,140530,12896,12789,109,12898,100
2021-10-24,Nevada,057,99092,9053,8861,319,9180,90
2021-10-24,Orange,059,3164182,305439,302237,14842,317079,5546
2021-10-24,Placer,061,380077,36575,35822,3596,39418,426
2021-10-24,Plumas,063,18699,1709,1623,34,1657,7
2021-10-24,Riverside,065,2383286,360050,354688,16287,370975,5041
2021-10-24,Sacramento,067,1510023,157126,155125,4511,159636,2232
2021-10-24,San Benito,069,59416,7338,7280,168,7448,71
2021-10-24,San Bernardino,071,2135413,351130,347681,11074,358755,5688
2021-10-24,San Diego,073,3302833,370649,366085,21493,387578,4183
2021-10-24,San Francisco,075,870044,52525,51820,2326,54146,649
2021-10-24,San Joaquin,077,732212,98714,97440,5383,102823,1721
2021-10-24,San Luis Obispo,079,281455,29199,28755,1208,29963,333
2021-10-24,San Mateo,081,765935,53825,52719,869,53588,571
2021-10-24,Santa Barbara,083,443738,44546,43552,1617,45169,523
2021-10-24,Santa Clara,085,1922200,145941,144276,1300,145576,1897
2021-10-24,Santa Cruz,087,273765,20201,19967,1008,20975,221
2021-10-24,Shasta,089,179085,20992,20386,3559,23945,321
2021-10-24,Sierra,091,2930,181,168,20,188,0
2021-10-24,Siskiyou,093,43540,3308,3231,1268,4499,46
2021-10-24,Solano,095,438530,45653,44861,1209,46070,341
2021-10-24,Sonoma,097,501317,40997,40476,512,40988,393
2021-10-24,Stanislaus,099,539301,78137,76812,8734,85546,1145
2021-10-24,Sutter,101,95872,13796,13616,331,13947,175
2021-10-24,Tehama,103,63373,8308,8105,1457,9562,110
2021-10-24,Trinity,105,12862,838,696,209,905,11
2021-10-24,Tulare,107,460477,67431,65585,14697,80282,978
2021-10-24,Tuolumne,109,53932,7081,6840,84,6924,90
2021-10-24,Ventura,111,848112,97481,96664,4291,100955,1167
2021-10-24,Yolo,113,214977,19590,19280,1102,20382,248
2021-10-24,Yuba,115,75493,10002,9838,303,10141,82
2021-10-23,Alameda,001,1643700,118807,117816,2825,120641,1397
2021-10-23,Alpine,003,1148,104,105,0,105,0
2021-10-23,Amador,005,37829,5499,5412,57,5469,64
2021-10-23,Butte,007,227075,20570,20101,3685,23786,273
2021-10-23,Calaveras,009,45235,3962,3865,50,3915,81
2021-10-23,Colusa,011,21464,2501,2458,630,3088,18
2021-10-23,Contra Costa,013,1133247,98597,97855,2151,100006,1008
2021-10-23,Del Norte,015,27424,3650,3540,54,3594,42
2021-10-23,El Dorado,017,186661,15824,15540,1659,17199,149
2021-10-23,Fresno,019,978130,137381,134466,12039,146505,2094
2021-10-23,Glenn,021,27897,3450,3399,971,4370,33
2021-10-23,Humboldt,023,135768,8892,8753,530,9283,105
2021-10-23,Imperial,025,180216,33201,32777,3209,35986,766
2021-10-23,Inyo,027,18085,2232,2108,41,2149,41
2021-10-23,Kern,029,883053,125443,122939,21354,144293,1636
2021-10-23,Kings,031,150075,31694,30942,1891,32833,325
2021-10-23,Lake,033,64148,6636,6501,138,6639,105
2021-10-23,Lassen,035,31185,6761,6632,357,6989,27
2021-10-23,Los Angeles,037,10098052,1427430,1415919,54039,1469958,26527
2021-10-23,Madera,039,155013,22619,22062,1999,24061,281
2021-10-23,Marin,041,260295,17403,17264,448,17712,244
2021-10-23,Mariposa,043,17540,1237,1184,42,1226,5
2021-10-23,Mendocino,045,87422,7350,7220,460,7680,82
2021-10-23,Merced,047,269075,41401,40808,1715,42523,581
2021-10-23,Modoc,049,8938,519,507,185,692,5
2021-10-23,Mono,051,14174,1679,1655,20,1675,3
2021-10-23,Monterey,053,433212,48439,47456,2835,50291,586
2021-10-23,Napa,055,140530,12891,12789,109,12898,100
2021-10-23,Nevada,057,99092,9042,8861,317,9178,90
2021-10-23,Orange,059,3164182,305252,302237,14826,317063,5546
2021-10-23,Placer,061,380077,36513,35822,3590,39412,426
2021-10-23,Plumas,063,18699,1708,1623,34,1657,7
2021-10-23,Riverside,065,2383286,359730,354688,16280,370968,5041
2021-10-23,Sacramento,067,1510023,156997,155125,4503,159628,2232
2021-10-23,San Benito,069,59416,7328,7280,168,7448,71
2021-10-23,San Bernardino,071,2135413,350866,347681,11068,358749,5688
2021-10-23,San Diego,073,3302833,370291,366085,21462,387547,4183
2021-10-23,San Francisco,075,870044,52490,51820,2325,54145,649
2021-10-23,San Joaquin,077,732212,98647,97440,5374,102814,1721
2021-10-23,San Luis Obispo,079,281455,29162,28755,1206,29961,333
2021-10-23,San Mateo,081,765935,53787,52719,867,53586,571
2021-10-23,Santa Barbara,083,443738,44515,43552,1615,45167,523
2021-10-23,Santa Clara,085,1922200,145832,144276,1296,145572,1897
2021-10-23,Santa Cruz,087,273765,20189,19967,1008,20975,221
2021-10-23,Shasta,089,179085,20956,20386,3547,23933,321
2021-10-23,Sierra,091,2930,180,168,20,188,0
2021-10-23,Siskiyou,093,43540,3306,3231,1268,4499,46
2021-10-23,Solano,095,438530,45628,44861,1206,46067,341
2021-10-23,Sonoma,097,501317,40957,40476,512,40988,393
2021-10-23,Stanislaus,099,539301,78048,76812,8715,85527,1145
2021-10-23,Sutter,101,95872,13791,13616,330,13946,175
2021-10-23,Tehama,103,63373,8296,8105,1456,9561,110
2021-10-23,Trinity,105,12862,837,696,209,905,11
2021-10-23,Tulare,107,460477,67343,65585,14637,80222,978
2021-10-23,Tuolumne,109,53932,7060,6840,84,6924,90
2021-10-23,Ventura,111,848112,97423,96664,4290,100954,1167
2021-10-23,Yolo,113,214977,19572,19280,1099,20379,248
2021-10-23,Yuba,115,75493,9994,9838,303,10141,82
2021-10-22,Alameda,001,1643700,118722,117816,2821,120637,1397
2021-10-22,Alpine,003,1148,104,105,0,105,0
2021-10-22,Amador,005,37829,5488,5412,57,5469,64
2021-10-22,Butte,007,227075,20538,20101,3681,23782,273
2021-10-22,Calaveras,009,45235,3954,3865,50,3915,81
2021-10-22,Colusa,011,21464,2498,2458,630,3088,18
2021-10-22,Contra Costa,013,1133247,98506,97855,2149,100004,1008
2021-10-22,Del Norte,015,27424,3646,3540,54,3594,42
2021-10-22,El Dorado,017,186661,15811,15540,1657,17197,149
2021-10-22,Fresno,019,978130,137168,134466,12030,146496,2094
2021-10-22,Glenn,021,27897,3439,3399,971,4370,33
2021-10-22,Humboldt,023,135768,8879,8753,529,9282,105
2021-10-22,Imperial,025,180216,33158,32777,3209,35986,766
2021-10-22,Inyo,027,18085,2219,2108,41,2149,41
2021-10-22,Kern,029,883053,125256,122939,21281,144220,1636
2021-10-22,Kings,031,150075,31659,30942,1890,32832,325
2021-10-22,Lake,033,64148,6626,6501,138,6639,105
2021-10-22,Lassen,035,31185,6754,6632,354,6986,27
2021-10-22,Los Angeles,037,10098052,1426681,1415919,53980,1469899,26527
2021-10-22,Madera,039,155013,22570,22062,1986,24048,281
2021-10-22,Marin,041,260295,17391,17264,448,17712,244
2021-10-22,Mariposa,043,17540,1234,1184,42,1226,5
2021-10-22,Mendocino,045,87422,7336,7220,459,7679,82
2021-10-22,Merced,047,269075,41362,40808,1710,42518,581
2021-10-22,Modoc,049,8938,519,507,185,692,5
2021-10-22,Mono,051,14174,1679,1655,20,1675,3
2021-10-22,Monterey,053,433212,48406,47456,2832,50288,586
2021-10-22,Napa,055,140530,12885,12789,109,12898,100
2021-10-22,Nevada,057,99092,9025,8861,316,9177,90
2021-10-22,Orange,059,3164182,305035,302237,14800,317037,5546
2021-10-22,Placer,061,380077,36485,35822,3581,39403,426
2021-10-22,Plumas,063,18699,1702,1623,34,1657,7
2021-10-22,Riverside,065,2383286,359419,354688,16275,370963,5041
2021-10-22,Sacramento,067,1510023,156810,155125,4493,159618,2232
2021-10-22,San Benito,069,59416,7323,7280,168,7448,71
2021-10-22,San Bernardino,071,2135413,350539,347681,11054,358735,5688
2021-10-22,San Diego,073,3302833,369878,366085,21443,387528,4183
2021-10-22,San Francisco,075,870044,52458,51820,2318,54138,649
2021-10-22,San Joaquin,077,732212,98588,97440,5371,102811,1721
2021-10-22,San Luis Obispo,079,281455,29132,28755,1206,29961,333
2021-10-22,San Mateo,081,765935,53738,52719,860,53579,571
2021-10-22,Santa Barbara,083,443738,44475,43552,1615,45167,523
2021-10-22,Santa Clara,085,1922200,145676,144276,1289,145565,1897
2021-10-22,Santa Cruz,087,273765,20167,19967,1008,20975,221
2021-10-22,Shasta,089,179085,20924,20386,3544,23930,321
2021-10-22,Sierra,091,2930,179,168,19,187,0
2021-10-22,Siskiyou,093,43540,3304,3231,1265,4496,46
2021-10-22,Solano,095,438530,45593,44861,1202,46063,341
2021-10-22,Sonoma,097,501317,40900,40476,512,40988,393
2021-10-22,Stanislaus,099,539301,77945,76812,8696,85508,1145
2021-10-22,Sutter,101,95872,13776,13616,330,13946,175
2021-10-22,Tehama,103,63373,8275,8105,1451,9556,110
2021-10-22,Trinity,105,12862,836,696,209,905,11
2021-10-22,Tulare,107,460477,67259,65585,14582,80167,978
2021-10-22,Tuolumne,109,53932,7025,6840,84,6924,90
2021-10-22,Ventura,111,848112,97370,96664,4283,100947,1167
2021-10-22,Yolo,113,214977,19545,19280,1097,20377,248
2021-10-22,Yuba,115,75493,9980,9838,301,10139,82
2021-10-21,Alameda,001,1643700,118607,117816,2816,120632,1397
2021-10-21,Alpine,003,1148,104,105,0,105,0
2021-10-21,Amador,005,37829,5480,5412,57,5469,64
2021-10-21,Butte,007,227075,20455,20101,3668,23769,273
2021-10-21,Calaveras,009,45235,3935,3865,50,3915,81
2021-10-21,Colusa,011,21464,2494,2458,623,3081,18
2021-10-21,Contra Costa,013,1133247,98392,97855,2143,99998,1008
2021-10-21,Del Norte,015,27424,3640,3540,53,3593,42
2021-10-21,El Dorado,017,186661,15783,15540,1650,17190,149
2021-10-21,Fresno,019,978130,136820,134466,11991,146457,2094
2021-10-21,Glenn,021,27897,3435,3399,967,4366,33
2021-10-21,Humboldt,023,135768,8865,8753,525,9278,105
2021-10-21,Imperial,025,180216,33103,32777,3205,35982,766
2021-10-21,Inyo,027,18085,2197,2108,41,2149,41
2021-10-21,Kern,029,883053,125009,122939,21169,144108,1636
2021-10-21,Kings,031,150075,31560,30942,1884,32826,325
2021-10-21,Lake,033,64148,6613,6501,138,6639,105
2021-10-21,Lassen,035,31185,6741,6632,350,6982,27
2021-10-21,Los Angeles,037,10098052,1425569,1415919,53930,1469849,26527
2021-10-21,Madera,039,155013,22512,22062,1976,24038,281
2021-10-21,Marin,041,260295,17373,17264,448,17712,244
2021-10-21,Mariposa,043,17540,1228,1184,41,1225,5
2021-10-21,Mendocino,045,87422,7318,7220,451,7671,82
2021-10-21,Merced,047,269075,41260,40808,1703,42511,581
2021-10-21,Modoc,049,8938,519,507,185,692,5
2021-10-21,Mono,051,14174,1671,1655,20,1675,3
2021-10-21,Monterey,053,433212,48372,47456,2820,50276,586
2021-10-21,Napa,055,140530,12873,12789,109,12898,100
2021-10-21,Nevada,057,99092,9000,8861,316,9177,90
2021-10-21,Orange,059,3164182,304758,302237,14766,317003,5546
2021-10-21,Placer,061,380077,36397,35822,3568,39390,426
2021-10-21,Plumas,063,18699,1688,1623,34,1657,7
2021-10-21,Riverside,065,2383286,358974,354688,16264,370952,5041
2021-10-21,Sacramento,067,1510023,156491,155125,4468,159593,2232
2021-10-21,San Benito,069,59416,7316,7280,166,7446,71
2021-10-21,San Bernardino,071,2135413,350161,347681,11019,358700,5688
2021-10-21,San Diego,073,3302833,369353,366085,21411,387496,4183
2021-10-21,San Francisco,075,870044,52402,51820,2317,54137,649
2021-10-21,San Joaquin,077,732212,98449,97440,5364,102804,1721
2021-10-21,San Luis Obispo,079,281455,29090,28755,1204,29959,333
2021-10-21,San Mateo,081,765935,53692,52719,859,53578,571
2021-10-21,Santa Barbara,083,443738,44410,43552,1613,45165,523
2021-10-21,Santa Clara,085,1922200,145503,144276,1285,145561,1897
2021-10-21,Santa Cruz,087,273765,20143,19967,1006,20973,221
2021-10-21,Shasta,089,179085,20862,20386,3529,23915,321
2021-10-21,Sierra,091,2930,178,168,18,186,0
2021-10-21,Siskiyou,093,43540,3299,3231,1263,4494,46
2021-10-21,Solano,095,438530,45542,44861,1201,46062,341
2021-10-21,Sonoma,097,501317,40831,40476,510,40986,393
2021-10-21,Stanislaus,099,539301,77776,76812,8685,85497,1145
2021-10-21,Sutter,101,95872,13748,13616,326,13942,175
2021-10-21,Tehama,103,63373,8247,8105,1444,9549,110
2021-10-21,Trinity,105,12862,834,696,209,905,11
2021-10-21,Tulare,107,460477,67070,65585,14510,80095,978
2021-10-21,Tuolumne,109,53932,6988,6840,83,6923,90
2021-10-21,Ventura,111,848112,97278,96664,4282,100946,1167
2021-10-21,Yolo,113,214977,19500,19280,1095,20375,248
2021-10-21,Yuba,115,75493,9956,9838,300,10138,82
2021-10-20,Alameda,001,1643700,118485,117654,2815,120469,1390
2021-10-20,Alpine,003,1148,104,103,0,103,0
2021-10-20,Amador,005,37829,5472,5379,57,5436,64
2021-10-20,Butte,007,227075,20401,20021,3653,23674,270
2021-10-20,Calaveras,009,45235,3914,3844,49,3893,81
2021-10-20,Colusa,011,21464,2490,2454,621,3075,18
2021-10-20,Contra Costa,013,1133247,98280,97721,2138,99859,1008
2021-10-20,Del Norte,015,27424,3636,3536,53,3589,42
2021-10-20,El Dorado,017,186661,15753,15502,1647,17149,149
2021-10-20,Fresno,019,978130,136421,134025,11966,145991,2084
2021-10-20,Glenn,021,27897,3428,3382,965,4347,33
2021-10-20,Humboldt,023,135768,8843,8727,523,9250,105
2021-10-20,Imperial,025,180216,33029,32705,3197,35902,766
2021-10-20,Inyo,027,18085,2177,2077,40,2117,40
2021-10-20,Kern,029,883053,124716,122630,21048,143678,1623
2021-10-20,Kings,031,150075,31485,30805,1874,32679,322
2021-10-20,Lake,033,64148,6591,6475,138,6613,104
2021-10-20,Lassen,035,31185,6726,6622,350,6972,27
2021-10-20,Los Angeles,037,10098052,1424460,1414931,53852,1468783,26506
2021-10-20,Madera,039,155013,22442,21983,1967,23950,281
2021-10-20,Marin,041,260295,17352,17250,446,17696,244
2021-10-20,Mariposa,043,17540,1221,1174,41,1215,5
2021-10-20,Mendocino,045,87422,7291,7189,448,7637,82
2021-10-20,Merced,047,269075,41173,40685,1692,42377,581
2021-10-20,Modoc,049,8938,519,504,185,689,5
2021-10-20,Mono,051,14174,1670,1653,20,1673,3
2021-10-20,Monterey,053,433212,48342,47430,2812,50242,587
2021-10-20,Napa,055,140530,12860,12773,108,12881,100
2021-10-20,Nevada,057,99092,8972,8836,316,9152,90
2021-10-20,Orange,059,3164182,304478,301957,14745,316702,5534
2021-10-20,Placer,061,380077,36308,35729,3559,39288,425
2021-10-20,Plumas,063,18699,1681,1604,34,1638,7
2021-10-20,Riverside,065,2383286,358530,354311,16247,370558,5030
2021-10-20,Sacramento,067,1510023,156192,154822,4444,159266,2222
2021-10-20,San Benito,069,59416,7313,7275,164,7439,71
2021-10-20,San Bernardino,071,2135413,349764,347217,10987,358204,5663
2021-10-20,San Diego,073,3302833,368837,365698,21388,387086,4178
2021-10-20,San Francisco,075,870044,52352,51755,2316,54071,646
2021-10-20,San Joaquin,077,732212,98302,97246,5356,102602,1721
2021-10-20,San Luis Obispo,079,281455,29046,28727,1200,29927,332
2021-10-20,San Mateo,081,765935,53620,52663,851,53514,571
2021-10-20,Santa Barbara,083,443738,44350,43489,1612,45101,523
2021-10-20,Santa Clara,085,1922200,145367,144124,1280,145404,1896
2021-10-20,Santa Cruz,087,273765,20130,19951,1006,20957,219
2021-10-20,Shasta,089,179085,20801,20313,3502,23815,320
2021-10-20,Sierra,091,2930,178,168,18,186,0
2021-10-20,Siskiyou,093,43540,3299,3224,1257,4481,46
2021-10-20,Solano,095,438530,45510,44819,1199,46018,341
2021-10-20,Sonoma,097,501317,40785,40404,510,40914,393
2021-10-20,Stanislaus,099,539301,77626,76631,8666,85297,1145
2021-10-20,Sutter,101,95872,13724,13592,320,13912,175
2021-10-20,Tehama,103,63373,8216,8081,1433,9514,110
2021-10-20,Trinity,105,12862,834,693,208,901,11
2021-10-20,Tulare,107,460477,66896,65413,14466,79879,967
2021-10-20,Tuolumne,109,53932,6967,6803,83,6886,89
2021-10-20,Ventura,111,848112,97187,96610,4279,100889,1166
2021-10-20,Yolo,113,214977,19456,19236,1093,20329,248
2021-10-20,Yuba,115,75493,9939,9808,297,10105,82
2021-10-19,Alameda,001,1643700,118374,117542,2809,120351,1383
2021-10-19,Alpine,003,1148,104,103,0,103,0
2021-10-19,Amador,005,37829,5456,5367,57,5424,64
2021-10-19,Butte,007,227075,20347,19974,3645,23619,268
2021-10-19,Calaveras,009,45235,3897,3826,48,3874,80
2021-10-19,Colusa,011,21464,2487,2447,619,3066,18
2021-10-19,Contra Costa,013,1133247,98190,97613,2132,99745,1004
2021-10-19,Del Norte,015,27424,3629,3531,53,3584,42
2021-10-19,El Dorado,017,186661,15728,15478,1642,17120,149
2021-10-19,Fresno,019,978130,136064,133813,11931,145744,2073
2021-10-19,Glenn,021,27897,3427,3380,961,4341,33
2021-10-19,Humboldt,023,135768,8819,8714,517,9231,105
2021-10-19,Imperial,025,180216,32961,32632,3193,35825,764
2021-10-19,Inyo,027,18085,2146,2045,40,2085,40
2021-10-19,Kern,029,883053,124397,122391,20924,143315,1613
2021-10-19,Kings,031,150075,31390,30757,1867,32624,322
2021-10-19,Lake,033,64148,6587,6465,138,6603,104
2021-10-19,Lassen,035,31185,6720,6612,345,6957,27
2021-10-19,Los Angeles,037,10098052,1423224,1413882,53775,1467657,26473
2021-10-19,Madera,039,155013,22379,21950,1959,23909,281
2021-10-19,Marin,041,260295,17338,17241,443,17684,244
2021-10-19,Mariposa,043,17540,1215,1171,39,1210,5
2021-10-19,Mendocino,045,87422,7276,7172,445,7617,82
2021-10-19,Merced,047,269075,41057,40628,1672,42300,580
2021-10-19,Modoc,049,8938,517,502,185,687,5
2021-10-19,Mono,051,14174,1664,1651,20,1671,3
2021-10-19,Monterey,053,433212,48304,47412,2801,50213,583
2021-10-19,Napa,055,140530,12853,12769,108,12877,100
2021-10-19,Nevada,057,99092,8951,8829,315,9144,90
2021-10-19,Orange,059,3164182,304225,301700,14715,316415,5527
2021-10-19,Placer,061,380077,36187,35663,3544,39207,422
2021-10-19,Plumas,063,18699,1663,1586,34,1620,8
2021-10-19,Riverside,065,2383286,358109,353891,16239,370130,5020
2021-10-19,Sacramento,067,1510023,155884,154570,4418,158988,2227
2021-10-19,San Benito,069,59416,7297,7264,164,7428,71
2021-10-19,San Bernardino,071,2135413,349369,346814,10957,357771,5627
2021-10-19,San Diego,073,3302833,368244,365285,21355,386640,4170
2021-10-19,San Francisco,075,870044,52291,51704,2314,54018,645
2021-10-19,San Joaquin,077,732212,98134,97105,5345,102450,1721
2021-10-19,San Luis Obispo,079,281455,28999,28670,1197,29867,332
2021-10-19,San Mateo,081,765935,53561,52617,849,53466,571
2021-10-19,Santa Barbara,083,443738,44283,43413,1610,45023,522
2021-10-19,Santa Clara,085,1922200,145193,143989,1272,145261,1898
2021-10-19,Santa Cruz,087,273765,20106,19895,1004,20899,218
2021-10-19,Shasta,089,179085,20724,20209,3494,23703,319
2021-10-19,Sierra,091,2930,175,168,18,186,0
2021-10-19,Siskiyou,093,43540,3295,3216,1252,4468,46
2021-10-19,Solano,095,438530,45467,44782,1195,45977,341
2021-10-19,Sonoma,097,501317,40711,40379,509,40888,392
2021-10-19,Stanislaus,099,539301,77484,76526,8654,85180,1145
2021-10-19,Sutter,101,95872,13700,13569,319,13888,174
2021-10-19,Tehama,103,63373,8186,8057,1417,9474,108
2021-10-19,Trinity,105,12862,827,691,208,899,11
2021-10-19,Tulare,107,460477,66713,65253,14398,79651,958
2021-10-19,Tuolumne,109,53932,6939,6782,82,6864,89
2021-10-19,Ventura,111,848112,97107,96539,4275,100814,1166
2021-10-19,Yolo,113,214977,19413,19206,1088,20294,248
2021-10-19,Yuba,115,75493,9921,9796,296,10092,82
2021-10-18,Alameda,001,1643700,118240,117506,2800,120306,1381
2021-10-18,Alpine,003,1148,104,103,0,103,0
2021-10-18,Amador,005,37829,5445,5345,57,5402,64
2021-10-18,Butte,007,227075,20297,19921,3637,23558,265
2021-10-18,Calaveras,009,45235,3872,3819,47,3866,80
2021-10-18,Colusa,011,21464,2486,2444,617,3061,18
2021-10-18,Contra Costa,013,1133247,98079,97585,2128,99713,995
2021-10-18,Del Norte,015,27424,3622,3529,53,3582,41
2021-10-18,El Dorado,017,186661,15697,15452,1639,17091,149
2021-10-18,Fresno,019,978130,135669,133688,11896,145584,2063
2021-10-18,Glenn,021,27897,3421,3370,955,4325,32
2021-10-18,Humboldt,023,135768,8800,8699,509,9208,104
2021-10-18,Imperial,025,180216,32870,32558,3193,35751,764
2021-10-18,Inyo,027,18085,2128,2020,40,2060,40
2021-10-18,Kern,029,883053,124096,122231,20827,143058,1605
2021-10-18,Kings,031,150075,31274,30698,1854,32552,320
2021-10-18,Lake,033,64148,6568,6455,136,6591,104
2021-10-18,Lassen,035,31185,6700,6607,342,6949,26
2021-10-18,Los Angeles,037,10098052,1421988,1413291,53697,1466988,26446
2021-10-18,Madera,039,155013,22325,21909,1947,23856,277
2021-10-18,Marin,041,260295,17318,17232,440,17672,244
2021-10-18,Mariposa,043,17540,1207,1160,39,1199,5
2021-10-18,Mendocino,045,87422,7257,7156,436,7592,82
2021-10-18,Merced,047,269075,40933,40573,1662,42235,579
2021-10-18,Modoc,049,8938,517,498,185,683,5
2021-10-18,Mono,051,14174,1653,1648,19,1667,3
2021-10-18,Monterey,053,433212,48282,47389,2796,50185,583
2021-10-18,Napa,055,140530,12838,12762,108,12870,100
2021-10-18,Nevada,057,99092,8932,8816,315,9131,90
2021-10-18,Orange,059,3164182,303885,301573,14682,316255,5524
2021-10-18,Placer,061,380077,36109,35598,3540,39138,420
2021-10-18,Plumas,063,18699,1655,1579,34,1613,6
2021-10-18,Riverside,065,2383286,357694,353699,16225,369924,5008
2021-10-18,Sacramento,067,1510023,155579,154428,4386,158814,2203
2021-10-18,San Benito,069,59416,7285,7253,164,7417,71
2021-10-18,San Bernardino,071,2135413,348949,346742,10943,357685,5606
2021-10-18,San Diego,073,3302833,367678,364948,21314,386262,4169
2021-10-18,San Francisco,075,870044,52228,51671,2308,53979,644
2021-10-18,San Joaquin,077,732212,97967,97041,5335,102376,1721
2021-10-18,San Luis Obispo,079,281455,28960,28644,1194,29838,331
2021-10-18,San Mateo,081,765935,53497,52594,848,53442,571
2021-10-18,Santa Barbara,083,443738,44226,43386,1608,44994,522
2021-10-18,Santa Clara,085,1922200,145037,143891,1263,145154,1895
2021-10-18,Santa Cruz,087,273765,20092,19876,1002,20878,218
2021-10-18,Shasta,089,179085,20643,20146,3482,23628,313
2021-10-18,Sierra,091,2930,175,166,18,184,0
2021-10-18,Siskiyou,093,43540,3292,3210,1244,4454,42
2021-10-18,Solano,095,438530,45423,44758,1193,45951,339
2021-10-18,Sonoma,097,501317,40647,40349,506,40855,392
2021-10-18,Stanislaus,099,539301,77318,76466,8642,85108,1145
2021-10-18,Sutter,101,95872,13666,13557,317,13874,172
2021-10-18,Tehama,103,63373,8152,8042,1405,9447,107
2021-10-18,Trinity,105,12862,826,688,208,896,11
2021-10-18,Tulare,107,460477,66538,65171,14334,79505,958
2021-10-18,Tuolumne,109,53932,6910,6755,82,6837,89
2021-10-18,Ventura,111,848112,97014,96506,4273,100779,1165
2021-10-18,Yolo,113,214977,19376,19197,1085,20282,248
2021-10-18,Yuba,115,75493,9894,9782,294,10076,82
2021-10-17,Alameda,001,1643700,118091,117423,2795,120218,1376
2021-10-17,Alpine,003,1148,104,103,0,103,0
2021-10-17,Amador,005,37829,5422,5341,57,5398,64
2021-10-17,Butte,007,227075,20211,19897,3628,23525,265
2021-10-17,Calaveras,009,45235,3856,3805,47,3852,80
2021-10-17,Colusa,011,21464,2481,2442,610,3052,18
2021-10-17,Contra Costa,013,1133247,97956,97485,2117,99602,995
2021-10-17,Del Norte,015,27424,3617,3526,53,3579,41
2021-10-17,El Dorado,017,186661,15639,15438,1632,17070,149
2021-10-17,Fresno,019,978130,135203,133429,11863,145292,2063
2021-10-17,Glenn,021,27897,3405,3364,953,4317,32
2021-10-17,Humboldt,023,135768,8780,8690,506,9196,104
2021-10-17,Imperial,025,180216,32788,32520,3187,35707,764
2021-10-17,Inyo,027,18085,2100,2000,40,2040,40
2021-10-17,Kern,029,883053,123746,122085,20729,142814,1603
2021-10-17,Kings,031,150075,31160,30636,1845,32481,315
2021-10-17,Lake,033,64148,6552,6437,135,6572,104
2021-10-17,Lassen,035,31185,6688,6605,337,6942,26
2021-10-17,Los Angeles,037,10098052,1420652,1412371,53621,1465992,26443
2021-10-17,Madera,039,155013,22263,21869,1937,23806,277
2021-10-17,Marin,041,260295,17296,17211,440,17651,243
2021-10-17,Mariposa,043,17540,1200,1150,39,1189,5
2021-10-17,Mendocino,045,87422,7229,7148,430,7578,82
2021-10-17,Merced,047,269075,40806,40531,1648,42179,579
2021-10-17,Modoc,049,8938,514,498,183,681,5
2021-10-17,Mono,051,14174,1652,1640,18,1658,3
2021-10-17,Monterey,053,433212,48240,47369,2786,50155,583
2021-10-17,Napa,055,140530,12823,12753,105,12858,100
2021-10-17,Nevada,057,99092,8915,8794,314,9108,90
2021-10-17,Orange,059,3164182,303573,301414,14651,316065,5524
2021-10-17,Placer,061,380077,36008,35559,3525,39084,420
2021-10-17,Plumas,063,18699,1631,1571,32,1603,6
2021-10-17,Riverside,065,2383286,357211,353500,16212,369712,5008
2021-10-17,Sacramento,067,1510023,155177,154080,4368,158448,2213
2021-10-17,San Benito,069,59416,7276,7250,163,7413,71
2021-10-17,San Bernardino,071,2135413,348519,346524,10922,357446,5597
2021-10-17,San Diego,073,3302833,367070,364675,21285,385960,4163
2021-10-17,San Francisco,075,870044,52155,51625,2298,53923,644
2021-10-17,San Joaquin,077,732212,97794,96950,5326,102276,1721
2021-10-17,San Luis Obispo,079,281455,28909,28604,1186,29790,331
2021-10-17,San Mateo,081,765935,53445,52541,844,53385,571
2021-10-17,Santa Barbara,083,443738,44164,43344,1607,44951,522
2021-10-17,Santa Clara,085,1922200,144862,143768,1254,145022,1895
2021-10-17,Santa Cruz,087,273765,20064,19861,1000,20861,218
2021-10-17,Shasta,089,179085,20553,20116,3472,23588,312
2021-10-17,Sierra,091,2930,173,165,18,183,0
2021-10-17,Siskiyou,093,43540,3284,3204,1241,4445,42
2021-10-17,Solano,095,438530,45366,44722,1192,45914,340
2021-10-17,Sonoma,097,501317,40571,40306,506,40812,392
2021-10-17,Stanislaus,099,539301,77120,76354,8629,84983,1145
2021-10-17,Sutter,101,95872,13649,13543,315,13858,172
2021-10-17,Tehama,103,63373,8120,8015,1388,9403,107
2021-10-17,Trinity,105,12862,823,686,207,893,11
2021-10-17,Tulare,107,460477,66355,65057,14260,79317,958
2021-10-17,Tuolumne,109,53932,6876,6735,81,6816,89
2021-10-17,Ventura,111,848112,96919,96458,4270,100728,1165
2021-10-17,Yolo,113,214977,19335,19171,1076,20247,248
2021-10-17,Yuba,115,75493,9868,9771,292,10063,82
2021-10-16,Alameda,001,1643700,118004,117027,2794,119821,1365
2021-10-16,Alpine,003,1148,103,102,0,102,0
2021-10-16,Amador,005,37829,5415,5310,57,5367,64
2021-10-16,Butte,007,227075,20180,19612,3621,23233,260
2021-10-16,Calaveras,009,45235,3849,3771,47,3818,80
2021-10-16,Colusa,011,21464,2477,2431,607,3038,18
2021-10-16,Contra Costa,013,1133247,97865,97107,2110,99217,982
2021-10-16,Del Norte,015,27424,3614,3516,53,3569,41
2021-10-16,El Dorado,017,186661,15617,15315,1630,16945,149
2021-10-16,Fresno,019,978130,135054,132433,11856,144289,2051
2021-10-16,Glenn,021,27897,3402,3331,953,4284,26
2021-10-16,Humboldt,023,135768,8768,8621,501,9122,104
2021-10-16,Imperial,025,180216,32773,32368,3185,35553,764
2021-10-16,Inyo,027,18085,2086,1932,40,1972,39
2021-10-16,Kern,029,883053,123591,121354,20644,141998,1590
2021-10-16,Kings,031,150075,31112,30418,1842,32260,314
2021-10-16,Lake,033,64148,6541,6378,135,6513,104
2021-10-16,Lassen,035,31185,6680,6559,332,6891,26
2021-10-16,Los Angeles,037,10098052,1420005,1409418,53566,1462984,26398
2021-10-16,Madera,039,155013,22219,21707,1934,23641,277
2021-10-16,Marin,041,260295,17287,17148,440,17588,243
2021-10-16,Mariposa,043,17540,1197,1096,39,1135,5
2021-10-16,Mendocino,045,87422,7219,7099,430,7529,82
2021-10-16,Merced,047,269075,40773,40265,1647,41912,577
2021-10-16,Modoc,049,8938,511,492,183,675,5
2021-10-16,Mono,051,14174,1651,1628,18,1646,3
2021-10-16,Monterey,053,433212,48223,47293,2778,50071,582
2021-10-16,Napa,055,140530,12812,12706,105,12811,100
2021-10-16,Nevada,057,99092,8895,8739,314,9053,90
2021-10-16,Orange,059,3164182,303396,300722,14629,315351,5509
2021-10-16,Placer,061,380077,35923,35343,3519,38862,412
2021-10-16,Plumas,063,18699,1626,1542,31,1573,6
2021-10-16,Riverside,065,2383286,356942,352435,16200,368635,4990
2021-10-16,Sacramento,067,1510023,154978,153264,4364,157628,2192
2021-10-16,San Benito,069,59416,7263,7210,162,7372,71
2021-10-16,San Bernardino,071,2135413,348314,345418,10915,356333,5566
2021-10-16,San Diego,073,3302833,366747,363109,21269,384378,4151
2021-10-16,San Francisco,075,870044,52107,51436,2294,53730,645
2021-10-16,San Joaquin,077,732212,97723,96507,5323,101830,1708
2021-10-16,San Luis Obispo,079,281455,28883,28460,1185,29645,329
2021-10-16,San Mateo,081,765935,53397,52399,842,53241,569
2021-10-16,Santa Barbara,083,443738,44128,43175,1606,44781,521
2021-10-16,Santa Clara,085,1922200,144761,143282,1246,144528,1890
2021-10-16,Santa Cruz,087,273765,20049,19794,999,20793,218
2021-10-16,Shasta,089,179085,20503,19932,3461,23393,309
2021-10-16,Sierra,091,2930,171,160,18,178,0
2021-10-16,Siskiyou,093,43540,3282,3173,1234,4407,42
2021-10-16,Solano,095,438530,45340,44585,1188,45773,334
2021-10-16,Sonoma,097,501317,40531,40195,506,40701,390
2021-10-16,Stanislaus,099,539301,77034,75868,8620,84488,1142
2021-10-16,Sutter,101,95872,13630,13471,314,13785,169
2021-10-16,Tehama,103,63373,8106,7907,1383,9290,104
2021-10-16,Trinity,105,12862,823,679,207,886,11
2021-10-16,Tulare,107,460477,66221,64489,14227,78716,951
2021-10-16,Tuolumne,109,53932,6844,6666,81,6747,89
2021-10-16,Ventura,111,848112,96891,96181,4265,100446,1164
2021-10-16,Yolo,113,214977,19308,19078,1070,20148,247
2021-10-16,Yuba,115,75493,9844,9705,289,9994,82
2021-10-15,Alameda,001,1643700,117933,117027,2790,119817,1365
2021-10-15,Alpine,003,1148,103,102,0,102,0
2021-10-15,Amador,005,37829,5391,5310,57,5367,64
2021-10-15,Butte,007,227075,20144,19612,3614,23226,260
2021-10-15,Calaveras,009,45235,3843,3771,47,3818,80
2021-10-15,Colusa,011,21464,2475,2431,604,3035,18
2021-10-15,Contra Costa,013,1133247,97784,97107,2106,99213,982
2021-10-15,Del Norte,015,27424,3612,3516,53,3569,41
2021-10-15,El Dorado,017,186661,15597,15315,1625,16940,149
2021-10-15,Fresno,019,978130,134801,132433,11849,144282,2051
2021-10-15,Glenn,021,27897,3398,3331,952,4283,26
2021-10-15,Humboldt,023,135768,8759,8621,499,9120,104
2021-10-15,Imperial,025,180216,32726,32368,3181,35549,764
2021-10-15,Inyo,027,18085,2068,1932,40,1972,39
2021-10-15,Kern,029,883053,123456,121354,20570,141924,1590
2021-10-15,Kings,031,150075,31056,30418,1838,32256,314
2021-10-15,Lake,033,64148,6532,6378,135,6513,104
2021-10-15,Lassen,035,31185,6668,6559,331,6890,26
2021-10-15,Los Angeles,037,10098052,1419315,1409418,53517,1462935,26398
2021-10-15,Madera,039,155013,22175,21707,1926,23633,277
2021-10-15,Marin,041,260295,17276,17148,440,17588,243
2021-10-15,Mariposa,043,17540,1189,1096,39,1135,5
2021-10-15,Mendocino,045,87422,7204,7099,430,7529,82
2021-10-15,Merced,047,269075,40743,40265,1644,41909,577
2021-10-15,Modoc,049,8938,510,492,183,675,5
2021-10-15,Mono,051,14174,1650,1628,18,1646,3
2021-10-15,Monterey,053,433212,48201,47293,2776,50069,582
2021-10-15,Napa,055,140530,12808,12706,105,12811,100
2021-10-15,Nevada,057,99092,8880,8739,314,9053,90
2021-10-15,Orange,059,3164182,303226,300722,14612,315334,5509
2021-10-15,Placer,061,380077,35869,35343,3513,38856,412
2021-10-15,Plumas,063,18699,1618,1542,31,1573,6
2021-10-15,Riverside,065,2383286,356700,352435,16195,368630,4990
2021-10-15,Sacramento,067,1510023,154793,153264,4354,157618,2192
2021-10-15,San Benito,069,59416,7260,7210,162,7372,71
2021-10-15,San Bernardino,071,2135413,348079,345418,10913,356331,5566
2021-10-15,San Diego,073,3302833,366383,363109,21244,384353,4151
2021-10-15,San Francisco,075,870044,52067,51436,2287,53723,645
2021-10-15,San Joaquin,077,732212,97646,96507,5316,101823,1708
2021-10-15,San Luis Obispo,079,281455,28862,28460,1183,29643,329
2021-10-15,San Mateo,081,765935,53353,52399,841,53240,569
2021-10-15,Santa Barbara,083,443738,44092,43175,1606,44781,521
2021-10-15,Santa Clara,085,1922200,144640,143282,1238,144520,1890
2021-10-15,Santa Cruz,087,273765,20038,19794,999,20793,218
2021-10-15,Shasta,089,179085,20446,19932,3453,23385,309
2021-10-15,Sierra,091,2930,170,160,18,178,0
2021-10-15,Siskiyou,093,43540,3281,3173,1231,4404,42
2021-10-15,Solano,095,438530,45314,44585,1188,45773,334
2021-10-15,Sonoma,097,501317,40497,40195,505,40700,390
2021-10-15,Stanislaus,099,539301,76954,75868,8604,84472,1142
2021-10-15,Sutter,101,95872,13613,13471,312,13783,169
2021-10-15,Tehama,103,63373,8084,7907,1377,9284,104
2021-10-15,Trinity,105,12862,823,679,207,886,11
2021-10-15,Tulare,107,460477,66142,64489,14190,78679,951
2021-10-15,Tuolumne,109,53932,6821,6666,79,6745,89
2021-10-15,Ventura,111,848112,96850,96181,4261,100442,1164
2021-10-15,Yolo,113,214977,19294,19078,1066,20144,247
2021-10-15,Yuba,115,75493,9834,9705,288,9993,82
2021-10-14,Alameda,001,1643700,117826,117027,2785,119812,1365
2021-10-14,Alpine,003,1148,103,102,0,102,0
2021-10-14,Amador,005,37829,5380,5310,57,5367,64
2021-10-14,Butte,007,227075,20092,19612,3609,23221,260
2021-10-14,Calaveras,009,45235,3830,3771,46,3817,80
2021-10-14,Colusa,011,21464,2473,2431,602,3033,18
2021-10-14,Contra Costa,013,1133247,97650,97107,2098,99205,982
2021-10-14,Del Norte,015,27424,3606,3516,53,3569,41
2021-10-14,El Dorado,017,186661,15558,15315,1622,16937,149
2021-10-14,Fresno,019,978130,134509,132433,11829,144262,2051
2021-10-14,Glenn,021,27897,3395,3331,951,4282,26
2021-10-14,Humboldt,023,135768,8742,8621,496,9117,104
2021-10-14,Imperial,025,180216,32662,32368,3174,35542,764
2021-10-14,Inyo,027,18085,2049,1932,40,1972,39
2021-10-14,Kern,029,883053,123186,121354,20470,141824,1590
2021-10-14,Kings,031,150075,30991,30418,1830,32248,314
2021-10-14,Lake,033,64148,6511,6378,134,6512,104
2021-10-14,Lassen,035,31185,6662,6559,330,6889,26
2021-10-14,Los Angeles,037,10098052,1418333,1409418,53465,1462883,26398
2021-10-14,Madera,039,155013,22110,21707,1922,23629,277
2021-10-14,Marin,041,260295,17271,17148,438,17586,243
2021-10-14,Mariposa,043,17540,1176,1096,38,1134,5
2021-10-14,Mendocino,045,87422,7190,7099,429,7528,82
2021-10-14,Merced,047,269075,40654,40265,1631,41896,577
2021-10-14,Modoc,049,8938,510,492,183,675,5
2021-10-14,Mono,051,14174,1644,1628,18,1646,3
2021-10-14,Monterey,053,433212,48175,47293,2771,50064,582
2021-10-14,Napa,055,140530,12793,12706,105,12811,100
2021-10-14,Nevada,057,99092,8852,8739,312,9051,90
2021-10-14,Orange,059,3164182,303019,300722,14596,315318,5509
2021-10-14,Placer,061,380077,35802,35343,3499,38842,412
2021-10-14,Plumas,063,18699,1603,1542,31,1573,6
2021-10-14,Riverside,065,2383286,356303,352435,16184,368619,4990
2021-10-14,Sacramento,067,1510023,154541,153264,4332,157596,2192
2021-10-14,San Benito,069,59416,7249,7210,162,7372,71
2021-10-14,San Bernardino,071,2135413,347721,345418,10907,356325,5566
2021-10-14,San Diego,073,3302833,365935,363109,21217,384326,4151
2021-10-14,San Francisco,075,870044,52012,51436,2283,53719,645
2021-10-14,San Joaquin,077,732212,97517,96507,5307,101814,1708
2021-10-14,San Luis Obispo,079,281455,28819,28460,1179,29639,329
2021-10-14,San Mateo,081,765935,53305,52399,840,53239,569
2021-10-14,Santa Barbara,083,443738,44036,43175,1601,44776,521
2021-10-14,Santa Clara,085,1922200,144499,143282,1232,144514,1890
2021-10-14,Santa Cruz,087,273765,20015,19794,999,20793,218
2021-10-14,Shasta,089,179085,20390,19932,3441,23373,309
2021-10-14,Sierra,091,2930,170,160,18,178,0
2021-10-14,Siskiyou,093,43540,3278,3173,1223,4396,42
2021-10-14,Solano,095,438530,45264,44585,1182,45767,334
2021-10-14,Sonoma,097,501317,40446,40195,502,40697,390
2021-10-14,Stanislaus,099,539301,76808,75868,8591,84459,1142
2021-10-14,Sutter,101,95872,13593,13471,311,13782,169
2021-10-14,Tehama,103,63373,8053,7907,1370,9277,104
2021-10-14,Trinity,105,12862,822,679,206,885,11
2021-10-14,Tulare,107,460477,65962,64489,14143,78632,951
2021-10-14,Tuolumne,109,53932,6791,6666,78,6744,89
2021-10-14,Ventura,111,848112,96784,96181,4254,100435,1164
2021-10-14,Yolo,113,214977,19262,19078,1059,20137,247
2021-10-14,Yuba,115,75493,9820,9705,279,9984,82
2021-10-13,Alameda,001,1643700,117725,116914,2779,119693,1360
2021-10-13,Alpine,003,1148,103,102,0,102,0
2021-10-13,Amador,005,37829,5366,5305,57,5362,63
2021-10-13,Butte,007,227075,20018,19546,3605,23151,257
2021-10-13,Calaveras,009,45235,3809,3756,44,3800,79
2021-10-13,Colusa,011,21464,2466,2430,598,3028,18
2021-10-13,Contra Costa,013,1133247,97536,96975,2097,99072,969
2021-10-13,Del Norte,015,27424,3601,3512,53,3565,39
2021-10-13,El Dorado,017,186661,15535,15302,1617,16919,149
2021-10-13,Fresno,019,978130,134178,132055,11807,143862,2048
2021-10-13,Glenn,021,27897,3384,3327,948,4275,26
2021-10-13,Humboldt,023,135768,8731,8604,491,9095,102
2021-10-13,Imperial,025,180216,32602,32317,3171,35488,762
2021-10-13,Inyo,027,18085,2012,1907,40,1947,39
2021-10-13,Kern,029,883053,122944,120956,20378,141334,1586
2021-10-13,Kings,031,150075,30910,30246,1823,32069,312
2021-10-13,Lake,033,64148,6491,6371,134,6505,103
2021-10-13,Lassen,035,31185,6652,6535,324,6859,25
2021-10-13,Los Angeles,037,10098052,1417280,1408384,53407,1461791,26379
2021-10-13,Madera,039,155013,22056,21609,1907,23516,277
2021-10-13,Marin,041,260295,17247,17137,437,17574,243
2021-10-13,Mariposa,043,17540,1162,1090,38,1128,5
2021-10-13,Mendocino,045,87422,7175,7088,421,7509,82
2021-10-13,Merced,047,269075,40569,40164,1621,41785,577
2021-10-13,Modoc,049,8938,508,490,181,671,5
2021-10-13,Mono,051,14174,1644,1612,18,1630,3
2021-10-13,Monterey,053,433212,48156,47273,2764,50037,582
2021-10-13,Napa,055,140530,12782,12695,103,12798,100
2021-10-13,Nevada,057,99092,8830,8725,312,9037,90
2021-10-13,Orange,059,3164182,302813,300468,14580,315048,5503
2021-10-13,Placer,061,380077,35735,35254,3490,38744,412
2021-10-13,Plumas,063,18699,1589,1514,31,1545,6
2021-10-13,Riverside,065,2383286,355973,352044,16171,368215,4978
2021-10-13,Sacramento,067,1510023,154291,153141,4310,157451,2182
2021-10-13,San Benito,069,59416,7243,7196,161,7357,71
2021-10-13,San Bernardino,071,2135413,347398,344951,10891,355842,5562
2021-10-13,San Diego,073,3302833,365499,362564,21195,383759,4141
2021-10-13,San Francisco,075,870044,51970,51379,2279,53658,644
2021-10-13,San Joaquin,077,732212,97374,96343,5302,101645,1696
2021-10-13,San Luis Obispo,079,281455,28781,28397,1176,29573,330
2021-10-13,San Mateo,081,765935,53253,52352,836,53188,569
2021-10-13,Santa Barbara,083,443738,43984,43109,1601,44710,518
2021-10-13,Santa Clara,085,1922200,144360,143064,1231,144295,1886
2021-10-13,Santa Cruz,087,273765,19989,19763,998,20761,217
2021-10-13,Shasta,089,179085,20320,19802,3419,23221,307
2021-10-13,Sierra,091,2930,170,155,18,173,0
2021-10-13,Siskiyou,093,43540,3270,3173,1222,4395,42
2021-10-13,Solano,095,438530,45225,44558,1180,45738,334
2021-10-13,Sonoma,097,501317,40390,40122,502,40624,390
2021-10-13,Stanislaus,099,539301,76667,75698,8582,84280,1136
2021-10-13,Sutter,101,95872,13563,13458,309,13767,169
2021-10-13,Tehama,103,63373,8015,7849,1364,9213,103
2021-10-13,Trinity,105,12862,819,677,206,883,11
2021-10-13,Tulare,107,460477,65783,64297,14088,78385,945
2021-10-13,Tuolumne,109,53932,6777,6644,77,6721,89
2021-10-13,Ventura,111,848112,96710,96099,4249,100348,1162
2021-10-13,Yolo,113,214977,19232,19023,1057,20080,247
2021-10-13,Yuba,115,75493,9795,9690,265,9955,80
2021-10-12,Alameda,001,1643700,117624,116813,2774,119587,1357
2021-10-12,Alpine,003,1148,103,102,0,102,0
2021-10-12,Amador,005,37829,5355,5301,57,5358,63
2021-10-12,Butte,007,227075,19949,19506,3593,23099,256
2021-10-12,Calaveras,009,45235,3794,3750,44,3794,75
2021-10-12,Colusa,011,21464,2463,2428,596,3024,18
2021-10-12,Contra Costa,013,1133247,97423,96894,2088,98982,960
2021-10-12,Del Norte,015,27424,3595,3511,53,3564,39
2021-10-12,El Dorado,017,186661,15501,15287,1615,16902,148
2021-10-12,Fresno,019,978130,133819,131848,11778,143626,2042
2021-10-12,Glenn,021,27897,3374,3321,945,4266,26
2021-10-12,Humboldt,023,135768,8704,8587,485,9072,102
2021-10-12,Imperial,025,180216,32550,32267,3169,35436,762
2021-10-12,Inyo,027,18085,1980,1889,40,1929,39
2021-10-12,Kern,029,883053,122659,120826,20269,141095,1580
2021-10-12,Kings,031,150075,30838,30200,1812,32012,312
2021-10-12,Lake,033,64148,6476,6372,134,6506,97
2021-10-12,Lassen,035,31185,6642,6526,323,6849,25
2021-10-12,Los Angeles,037,10098052,1416218,1407462,53359,1460821,26362
2021-10-12,Madera,039,155013,21985,21574,1895,23469,277
2021-10-12,Marin,041,260295,17224,17126,437,17563,242
2021-10-12,Mariposa,043,17540,1148,1088,38,1126,5
2021-10-12,Mendocino,045,87422,7146,7077,419,7496,82
2021-10-12,Merced,047,269075,40490,40113,1615,41728,567
2021-10-12,Modoc,049,8938,503,485,180,665,5
2021-10-12,Mono,051,14174,1640,1608,18,1626,3
2021-10-12,Monterey,053,433212,48125,47254,2756,50010,582
2021-10-12,Napa,055,140530,12768,12671,103,12774,97
2021-10-12,Nevada,057,99092,8818,8720,311,9031,89
2021-10-12,Orange,059,3164182,302555,300256,14556,314812,5499
2021-10-12,Placer,061,380077,35673,35214,3482,38696,404
2021-10-12,Plumas,063,18699,1575,1488,30,1518,6
2021-10-12,Riverside,065,2383286,355647,351771,16157,367928,4973
2021-10-12,Sacramento,067,1510023,153987,152935,4285,157220,2170
2021-10-12,San Benito,069,59416,7229,7193,161,7354,71
2021-10-12,San Bernardino,071,2135413,347085,344788,10881,355669,5563
2021-10-12,San Diego,073,3302833,364975,362256,21165,383421,4137
2021-10-12,San Francisco,075,870044,51907,51301,2278,53579,643
2021-10-12,San Joaquin,077,732212,97237,96237,5297,101534,1690
2021-10-12,San Luis Obispo,079,281455,28734,28379,1175,29554,327
2021-10-12,San Mateo,081,765935,53203,52328,835,53163,569
2021-10-12,Santa Barbara,083,443738,43923,43076,1601,44677,515
2021-10-12,Santa Clara,085,1922200,144206,142954,1229,144183,1882
2021-10-12,Santa Cruz,087,273765,19964,19757,998,20755,218
2021-10-12,Shasta,089,179085,20246,19731,3397,23128,304
2021-10-12,Sierra,091,2930,170,153,18,171,0
2021-10-12,Siskiyou,093,43540,3259,3166,1216,4382,42
2021-10-12,Solano,095,438530,45182,44516,1175,45691,329
2021-10-12,Sonoma,097,501317,40348,40105,502,40607,390
2021-10-12,Stanislaus,099,539301,76515,75589,8568,84157,1126
2021-10-12,Sutter,101,95872,13540,13436,305,13741,168
2021-10-12,Tehama,103,63373,7982,7820,1360,9180,103
2021-10-12,Trinity,105,12862,816,676,206,882,11
2021-10-12,Tulare,107,460477,65604,64216,14031,78247,944
2021-10-12,Tuolumne,109,53932,6760,6637,76,6713,89
2021-10-12,Ventura,111,848112,96602,96022,4245,100267,1160
2021-10-12,Yolo,113,214977,19206,18987,1049,20036,247
2021-10-12,Yuba,115,75493,9780,9676,261,9937,70
2021-10-11,Alameda,001,1643700,117485,116759,2773,119532,1358
2021-10-11,Alpine,003,1148,102,102,0,102,0
2021-10-11,Amador,005,37829,5343,5286,57,5343,62
2021-10-11,Butte,007,227075,19890,19452,3588,23040,253
2021-10-11,Calaveras,009,45235,3773,3750,44,3794,75
2021-10-11,Colusa,011,21464,2459,2427,589,3016,18
2021-10-11,Contra Costa,013,1133247,97286,96832,2083,98915,960
2021-10-11,Del Norte,015,27424,3592,3510,49,3559,39
2021-10-11,El Dorado,017,186661,15473,15273,1611,16884,146
2021-10-11,Fresno,019,978130,133492,131703,11749,143452,2036
2021-10-11,Glenn,021,27897,3356,3308,944,4252,26
2021-10-11,Humboldt,023,135768,8679,8571,478,9049,101
2021-10-11,Imperial,025,180216,32500,32207,3163,35370,762
2021-10-11,Inyo,027,18085,1957,1862,39,1901,39
2021-10-11,Kern,029,883053,122424,120684,20173,140857,1575
2021-10-11,Kings,031,150075,30750,30180,1802,31982,309
2021-10-11,Lake,033,64148,6460,6361,130,6491,97
2021-10-11,Lassen,035,31185,6622,6499,320,6819,25
2021-10-11,Los Angeles,037,10098052,1415174,1406826,53308,1460134,26346
2021-10-11,Madera,039,155013,21928,21555,1878,23433,272
2021-10-11,Marin,041,260295,17206,17121,433,17554,242
2021-10-11,Mariposa,043,17540,1118,1083,37,1120,5
2021-10-11,Mendocino,045,87422,7130,7064,415,7479,82
2021-10-11,Merced,047,269075,40373,40064,1591,41655,566
2021-10-11,Modoc,049,8938,500,482,177,659,5
2021-10-11,Mono,051,14174,1630,1604,18,1622,3
2021-10-11,Monterey,053,433212,48096,47241,2749,49990,580
2021-10-11,Napa,055,140530,12745,12654,101,12755,96
2021-10-11,Nevada,057,99092,8798,8716,310,9026,90
2021-10-11,Orange,059,3164182,302327,299941,14528,314469,5499
2021-10-11,Placer,061,380077,35604,35173,3465,38638,404
2021-10-11,Plumas,063,18699,1557,1469,28,1497,6
2021-10-11,Riverside,065,2383286,355305,351444,16152,367596,4973
2021-10-11,Sacramento,067,1510023,153698,152681,4254,156935,2169
2021-10-11,San Benito,069,59416,7207,7184,159,7343,71
2021-10-11,San Bernardino,071,2135413,346697,344594,10873,355467,5549
2021-10-11,San Diego,073,3302833,364453,361712,21132,382844,4124
2021-10-11,San Francisco,075,870044,51836,51275,2273,53548,643
2021-10-11,San Joaquin,077,732212,97084,96152,5286,101438,1681
2021-10-11,San Luis Obispo,079,281455,28688,28355,1170,29525,327
2021-10-11,San Mateo,081,765935,53155,52298,834,53132,569
2021-10-11,Santa Barbara,083,443738,43876,43018,1600,44618,515
2021-10-11,Santa Clara,085,1922200,144044,142836,1226,144062,1882
2021-10-11,Santa Cruz,087,273765,19940,19745,997,20742,217
2021-10-11,Shasta,089,179085,20167,19662,3381,23043,295
2021-10-11,Sierra,091,2930,165,147,17,164,0
2021-10-11,Siskiyou,093,43540,3251,3159,1212,4371,42
2021-10-11,Solano,095,438530,45134,44474,1172,45646,329
2021-10-11,Sonoma,097,501317,40303,40067,502,40569,390
2021-10-11,Stanislaus,099,539301,76342,75478,8547,84025,1118
2021-10-11,Sutter,101,95872,13521,13427,303,13730,165
2021-10-11,Tehama,103,63373,7941,7795,1350,9145,102
2021-10-11,Trinity,105,12862,810,675,205,880,11
2021-10-11,Tulare,107,460477,65423,64094,13964,78058,942
2021-10-11,Tuolumne,109,53932,6724,6602,76,6678,89
2021-10-11,Ventura,111,848112,96501,95876,4237,100113,1160
2021-10-11,Yolo,113,214977,19160,18977,1046,20023,247
2021-10-11,Yuba,115,75493,9763,9657,249,9906,69
2021-10-10,Alameda,001,1643700,117365,116679,2769,119448,1358
2021-10-10,Alpine,003,1148,102,102,0,102,0
2021-10-10,Amador,005,37829,5328,5278,57,5335,62
2021-10-10,Butte,007,227075,19826,19430,3574,23004,253
2021-10-10,Calaveras,009,45235,3761,3747,44,3791,75
2021-10-10,Colusa,011,21464,2458,2425,588,3013,18
2021-10-10,Contra Costa,013,1133247,97187,96760,2077,98837,960
2021-10-10,Del Norte,015,27424,3588,3507,49,3556,39
2021-10-10,El Dorado,017,186661,15442,15250,1605,16855,146
2021-10-10,Fresno,019,978130,133164,131434,11721,143155,2035
2021-10-10,Glenn,021,27897,3354,3297,942,4239,26
2021-10-10,Humboldt,023,135768,8657,8554,474,9028,101
2021-10-10,Imperial,025,180216,32426,32167,3162,35329,762
2021-10-10,Inyo,027,18085,1936,1857,39,1896,39
2021-10-10,Kern,029,883053,122098,120552,20069,140621,1573
2021-10-10,Kings,031,150075,30662,30122,1792,31914,308
2021-10-10,Lake,033,64148,6444,6349,129,6478,97
2021-10-10,Lassen,035,31185,6602,6495,319,6814,26
2021-10-10,Los Angeles,037,10098052,1414001,1406034,53233,1459267,26338
2021-10-10,Madera,039,155013,21882,21486,1869,23355,272
2021-10-10,Marin,041,260295,17189,17112,433,17545,242
2021-10-10,Mariposa,043,17540,1115,1074,37,1111,5
2021-10-10,Mendocino,045,87422,7115,7060,407,7467,81
2021-10-10,Merced,047,269075,40289,40036,1574,41610,566
2021-10-10,Modoc,049,8938,500,482,177,659,5
2021-10-10,Mono,051,14174,1629,1596,18,1614,3
2021-10-10,Monterey,053,433212,48066,47228,2748,49976,580
2021-10-10,Napa,055,140530,12722,12641,101,12742,96
2021-10-10,Nevada,057,99092,8786,8689,310,8999,90
2021-10-10,Orange,059,3164182,302064,299787,14502,314289,5499
2021-10-10,Placer,061,380077,35511,35128,3453,38581,404
2021-10-10,Plumas,063,18699,1541,1468,26,1494,6
2021-10-10,Riverside,065,2383286,354933,351248,16133,367381,4973
2021-10-10,Sacramento,067,1510023,153434,152405,4237,156642,2178
2021-10-10,San Benito,069,59416,7202,7180,158,7338,71
2021-10-10,San Bernardino,071,2135413,346392,344423,10865,355288,5551
2021-10-10,San Diego,073,3302833,363927,361038,21081,382119,4113
2021-10-10,San Francisco,075,870044,51788,51216,2270,53486,643
2021-10-10,San Joaquin,077,732212,96913,96084,5269,101353,1681
2021-10-10,San Luis Obispo,079,281455,28647,28343,1170,29513,326
2021-10-10,San Mateo,081,765935,53114,52273,833,53106,569
2021-10-10,Santa Barbara,083,443738,43831,42987,1599,44586,515
2021-10-10,Santa Clara,085,1922200,143878,142768,1219,143987,1881
2021-10-10,Santa Cruz,087,273765,19920,19727,997,20724,217
2021-10-10,Shasta,089,179085,20078,19635,3372,23007,296
2021-10-10,Sierra,091,2930,163,147,17,164,0
2021-10-10,Siskiyou,093,43540,3237,3155,1205,4360,42
2021-10-10,Solano,095,438530,45078,44431,1172,45603,329
2021-10-10,Sonoma,097,501317,40251,40027,502,40529,390
2021-10-10,Stanislaus,099,539301,76163,75403,8532,83935,1118
2021-10-10,Sutter,101,95872,13496,13412,298,13710,165
2021-10-10,Tehama,103,63373,7903,7764,1341,9105,102
2021-10-10,Trinity,105,12862,809,669,204,873,11
2021-10-10,Tulare,107,460477,65254,63930,13915,77845,940
2021-10-10,Tuolumne,109,53932,6701,6580,75,6655,89
2021-10-10,Ventura,111,848112,96414,95829,4235,100064,1160
2021-10-10,Yolo,113,214977,19128,18952,1041,19993,247
2021-10-10,Yuba,115,75493,9746,9641,244,9885,69
2021-10-09,Alameda,001,1643700,117271,116253,2767,119020,1356
2021-10-09,Alpine,003,1148,101,102,0,102,0
2021-10-09,Amador,005,37829,5326,5237,56,5293,62
2021-10-09,Butte,007,227075,19796,19277,3571,22848,250
2021-10-09,Calaveras,009,45235,3757,3716,44,3760,75
2021-10-09,Colusa,011,21464,2454,2419,587,3006,18
2021-10-09,Contra Costa,013,1133247,97122,96378,2071,98449,958
2021-10-09,Del Norte,015,27424,3587,3495,49,3544,39
2021-10-09,El Dorado,017,186661,15424,15153,1602,16755,144
2021-10-09,Fresno,019,978130,133031,130508,11705,142213,2018
2021-10-09,Glenn,021,27897,3350,3277,941,4218,26
2021-10-09,Humboldt,023,135768,8643,8448,472,8920,97
2021-10-09,Imperial,025,180216,32392,31989,3160,35149,760
2021-10-09,Inyo,027,18085,1927,1808,39,1847,39
2021-10-09,Kern,029,883053,121959,119795,20042,139837,1559
2021-10-09,Kings,031,150075,30613,29894,1790,31684,308
2021-10-09,Lake,033,64148,6425,6283,128,6411,97
2021-10-09,Lassen,035,31185,6597,6442,318,6760,25
2021-10-09,Los Angeles,037,10098052,1413415,1402810,53194,1456004,26280
2021-10-09,Madera,039,155013,21849,21313,1856,23169,271
2021-10-09,Marin,041,260295,17184,17049,431,17480,242
2021-10-09,Mariposa,043,17540,1108,1042,36,1078,5
2021-10-09,Mendocino,045,87422,7108,7011,407,7418,82
2021-10-09,Merced,047,269075,40248,39784,1574,41358,565
2021-10-09,Modoc,049,8938,498,477,176,653,5
2021-10-09,Mono,051,14174,1627,1577,18,1595,3
2021-10-09,Monterey,053,433212,48054,47168,2745,49913,577
2021-10-09,Napa,055,140530,12718,12586,101,12687,96
2021-10-09,Nevada,057,99092,8775,8613,309,8922,90
2021-10-09,Orange,059,3164182,301885,299089,14483,313572,5457
2021-10-09,Placer,061,380077,35473,34877,3446,38323,393
2021-10-09,Plumas,063,18699,1530,1418,26,1444,6
2021-10-09,Riverside,065,2383286,354682,350082,16116,366198,4965
2021-10-09,Sacramento,067,1510023,153225,151566,4224,155790,2160
2021-10-09,San Benito,069,59416,7194,7123,158,7281,71
2021-10-09,San Bernardino,071,2135413,346208,343452,10861,354313,5556
2021-10-09,San Diego,073,3302833,363612,359909,21074,380983,4111
2021-10-09,San Francisco,075,870044,51742,50960,2263,53223,643
2021-10-09,San Joaquin,077,732212,96846,95606,5264,100870,1669
2021-10-09,San Luis Obispo,079,281455,28630,28197,1168,29365,324
2021-10-09,San Mateo,081,765935,53081,52121,832,52953,569
2021-10-09,Santa Barbara,083,443738,43804,42735,1599,44334,514
2021-10-09,Santa Clara,085,1922200,143755,142298,1213,143511,1873
2021-10-09,Santa Cruz,087,273765,19911,19635,996,20631,217
2021-10-09,Shasta,089,179085,20028,19437,3367,22804,290
2021-10-09,Sierra,091,2930,160,141,17,158,0
2021-10-09,Siskiyou,093,43540,3236,3124,1204,4328,42
2021-10-09,Solano,095,438530,45061,44265,1171,45436,329
2021-10-09,Sonoma,097,501317,40207,39848,502,40350,387
2021-10-09,Stanislaus,099,539301,76073,74899,8522,83421,1114
2021-10-09,Sutter,101,95872,13487,13314,296,13610,165
2021-10-09,Tehama,103,63373,7892,7670,1336,9006,99
2021-10-09,Trinity,105,12862,808,660,204,864,11
2021-10-09,Tulare,107,460477,65147,63398,13894,77292,932
2021-10-09,Tuolumne,109,53932,6682,6521,75,6596,89
2021-10-09,Ventura,111,848112,96358,95542,4232,99774,1158
2021-10-09,Yolo,113,214977,19107,18850,1038,19888,247
2021-10-09,Yuba,115,75493,9734,9551,242,9793,69
2021-10-08,Alameda,001,1643700,117189,116253,2764,119017,1356
2021-10-08,Alpine,003,1148,101,102,0,102,0
2021-10-08,Amador,005,37829,5313,5237,56,5293,62
2021-10-08,Butte,007,227075,19767,19277,3567,22844,250
2021-10-08,Calaveras,009,45235,3752,3716,44,3760,75
2021-10-08,Colusa,011,21464,2452,2419,587,3006,18
2021-10-08,Contra Costa,013,1133247,97078,96378,2066,98444,958
2021-10-08,Del Norte,015,27424,3586,3495,49,3544,39
2021-10-08,El Dorado,017,186661,15405,15153,1598,16751,144
2021-10-08,Fresno,019,978130,132835,130508,11684,142192,2018
2021-10-08,Glenn,021,27897,3339,3277,940,4217,26
2021-10-08,Humboldt,023,135768,8632,8448,469,8917,97
2021-10-08,Imperial,025,180216,32362,31989,3156,35145,760
2021-10-08,Inyo,027,18085,1909,1808,39,1847,39
2021-10-08,Kern,029,883053,121822,119795,20000,139795,1559
2021-10-08,Kings,031,150075,30520,29894,1789,31683,308
2021-10-08,Lake,033,64148,6417,6283,128,6411,97
2021-10-08,Lassen,035,31185,6583,6442,315,6757,25
2021-10-08,Los Angeles,037,10098052,1412752,1402810,53158,1455968,26280
2021-10-08,Madera,039,155013,21791,21313,1849,23162,271
2021-10-08,Marin,041,260295,17173,17049,430,17479,242
2021-10-08,Mariposa,043,17540,1101,1042,34,1076,5
2021-10-08,Mendocino,045,87422,7095,7011,407,7418,82
2021-10-08,Merced,047,269075,40216,39784,1571,41355,565
2021-10-08,Modoc,049,8938,496,477,176,653,5
2021-10-08,Mono,051,14174,1625,1577,18,1595,3
2021-10-08,Monterey,053,433212,48027,47168,2743,49911,577
2021-10-08,Napa,055,140530,12702,12586,101,12687,96
2021-10-08,Nevada,057,99092,8762,8613,309,8922,90
2021-10-08,Orange,059,3164182,301736,299089,14465,313554,5457
2021-10-08,Placer,061,380077,35435,34877,3438,38315,393
2021-10-08,Plumas,063,18699,1518,1418,26,1444,6
2021-10-08,Riverside,065,2383286,354413,350082,16105,366187,4965
2021-10-08,Sacramento,067,1510023,153060,151566,4210,155776,2160
2021-10-08,San Benito,069,59416,7190,7123,156,7279,71
2021-10-08,San Bernardino,071,2135413,346005,343452,10853,354305,5556
2021-10-08,San Diego,073,3302833,363276,359909,21054,380963,4111
2021-10-08,San Francisco,075,870044,51694,50960,2254,53214,643
2021-10-08,San Joaquin,077,732212,96778,95606,5258,100864,1669
2021-10-08,San Luis Obispo,079,281455,28603,28197,1167,29364,324
2021-10-08,San Mateo,081,765935,53054,52121,832,52953,569
2021-10-08,Santa Barbara,083,443738,43769,42735,1598,44333,514
2021-10-08,Santa Clara,085,1922200,143642,142298,1208,143506,1873
2021-10-08,Santa Cruz,087,273765,19896,19635,996,20631,217
2021-10-08,Shasta,089,179085,19986,19437,3361,22798,290
2021-10-08,Sierra,091,2930,158,141,15,156,0
2021-10-08,Siskiyou,093,43540,3228,3124,1203,4327,42
2021-10-08,Solano,095,438530,45022,44265,1170,45435,329
2021-10-08,Sonoma,097,501317,40172,39848,502,40350,387
2021-10-08,Stanislaus,099,539301,76004,74899,8514,83413,1114
2021-10-08,Sutter,101,95872,13473,13314,293,13607,165
2021-10-08,Tehama,103,63373,7875,7670,1334,9004,99
2021-10-08,Trinity,105,12862,807,660,204,864,11
2021-10-08,Tulare,107,460477,65030,63398,13861,77259,932
2021-10-08,Tuolumne,109,53932,6659,6521,75,6596,89
2021-10-08,Ventura,111,848112,96313,95542,4227,99769,1158
2021-10-08,Yolo,113,214977,19094,18850,1034,19884,247
2021-10-08,Yuba,115,75493,9714,9551,241,9792,69
2021-10-07,Alameda,001,1643700,117073,116253,2762,119015,1356
2021-10-07,Alpine,003,1148,101,102,0,102,0
2021-10-07,Amador,005,37829,5306,5237,56,5293,62
2021-10-07,Butte,007,227075,19718,19277,3556,22833,250
2021-10-07,Calaveras,009,45235,3740,3716,44,3760,75
2021-10-07,Colusa,011,21464,2449,2419,581,3000,18
2021-10-07,Contra Costa,013,1133247,96957,96378,2060,98438,958
2021-10-07,Del Norte,015,27424,3583,3495,49,3544,39
2021-10-07,El Dorado,017,186661,15369,15153,1594,16747,144
2021-10-07,Fresno,019,978130,132561,130508,11662,142170,2018
2021-10-07,Glenn,021,27897,3332,3277,937,4214,26
2021-10-07,Humboldt,023,135768,8606,8448,466,8914,97
2021-10-07,Imperial,025,180216,32291,31989,3143,35132,760
2021-10-07,Inyo,027,18085,1890,1808,39,1847,39
2021-10-07,Kern,029,883053,121591,119795,19934,139729,1559
2021-10-07,Kings,031,150075,30455,29894,1783,31677,308
2021-10-07,Lake,033,64148,6406,6283,128,6411,97
2021-10-07,Lassen,035,31185,6565,6442,313,6755,25
2021-10-07,Los Angeles,037,10098052,1411794,1402810,53113,1455923,26280
2021-10-07,Madera,039,155013,21718,21313,1834,23147,271
2021-10-07,Marin,041,260295,17155,17049,430,17479,242
2021-10-07,Mariposa,043,17540,1093,1042,34,1076,5
2021-10-07,Mendocino,045,87422,7085,7011,403,7414,82
2021-10-07,Merced,047,269075,40149,39784,1555,41339,565
2021-10-07,Modoc,049,8938,493,477,175,652,5
2021-10-07,Mono,051,14174,1614,1577,18,1595,3
2021-10-07,Monterey,053,433212,48002,47168,2734,49902,577
2021-10-07,Napa,055,140530,12687,12586,101,12687,96
2021-10-07,Nevada,057,99092,8734,8613,309,8922,90
2021-10-07,Orange,059,3164182,301512,299089,14451,313540,5457
2021-10-07,Placer,061,380077,35373,34877,3431,38308,393
2021-10-07,Plumas,063,18699,1501,1418,26,1444,6
2021-10-07,Riverside,065,2383286,354079,350082,16093,366175,4965
2021-10-07,Sacramento,067,1510023,152780,151566,4183,155749,2160
2021-10-07,San Benito,069,59416,7174,7123,154,7277,71
2021-10-07,San Bernardino,071,2135413,345733,343452,10846,354298,5556
2021-10-07,San Diego,073,3302833,362864,359909,21033,380942,4111
2021-10-07,San Francisco,075,870044,51624,50960,2251,53211,643
2021-10-07,San Joaquin,077,732212,96625,95606,5250,100856,1669
2021-10-07,San Luis Obispo,079,281455,28552,28197,1165,29362,324
2021-10-07,San Mateo,081,765935,53014,52121,830,52951,569
2021-10-07,Santa Barbara,083,443738,43701,42735,1592,44327,514
2021-10-07,Santa Clara,085,1922200,143491,142298,1202,143500,1873
2021-10-07,Santa Cruz,087,273765,19876,19635,995,20630,217
2021-10-07,Shasta,089,179085,19897,19437,3345,22782,290
2021-10-07,Sierra,091,2930,158,141,15,156,0
2021-10-07,Siskiyou,093,43540,3225,3124,1198,4322,42
2021-10-07,Solano,095,438530,44977,44265,1166,45431,329
2021-10-07,Sonoma,097,501317,40135,39848,500,40348,387
2021-10-07,Stanislaus,099,539301,75842,74899,8489,83388,1114
2021-10-07,Sutter,101,95872,13451,13314,290,13604,165
2021-10-07,Tehama,103,63373,7843,7670,1328,8998,99
2021-10-07,Trinity,105,12862,805,660,204,864,11
2021-10-07,Tulare,107,460477,64868,63398,13822,77220,932
2021-10-07,Tuolumne,109,53932,6637,6521,75,6596,89
2021-10-07,Ventura,111,848112,96230,95542,4224,99766,1158
2021-10-07,Yolo,113,214977,19061,18850,1029,19879,247
2021-10-07,Yuba,115,75493,9688,9551,234,9785,69
2021-10-06,Alameda,001,1643700,116939,116058,2756,118814,1353
2021-10-06,Alpine,003,1148,101,102,0,102,0
2021-10-06,Amador,005,37829,5303,5205,56,5261,62
2021-10-06,Butte,007,227075,19655,19208,3549,22757,247
2021-10-06,Calaveras,009,45235,3731,3669,44,3713,75
2021-10-06,Colusa,011,21464,2447,2414,574,2988,18
2021-10-06,Contra Costa,013,1133247,96830,96184,2056,98240,953
2021-10-06,Del Norte,015,27424,3580,3490,46,3536,39
2021-10-06,El Dorado,017,186661,15344,15078,1592,16670,140
2021-10-06,Fresno,019,978130,132273,130074,11635,141709,2008
2021-10-06,Glenn,021,27897,3322,3270,934,4204,26
2021-10-06,Humboldt,023,135768,8591,8416,459,8875,94
2021-10-06,Imperial,025,180216,32238,31930,3132,35062,760
2021-10-06,Inyo,027,18085,1875,1806,39,1845,39
2021-10-06,Kern,029,883053,121334,119491,19841,139332,1552
2021-10-06,Kings,031,150075,30389,29785,1775,31560,308
2021-10-06,Lake,033,64148,6392,6271,128,6399,97
2021-10-06,Lassen,035,31185,6549,6429,312,6741,25
2021-10-06,Los Angeles,037,10098052,1410836,1401675,53067,1454742,26252
2021-10-06,Madera,039,155013,21663,21230,1824,23054,269
2021-10-06,Marin,041,260295,17146,17042,427,17469,242
2021-10-06,Mariposa,043,17540,1086,1036,34,1070,5
2021-10-06,Mendocino,045,87422,7076,6986,402,7388,81
2021-10-06,Merced,047,269075,40071,39666,1546,41212,563
2021-10-06,Modoc,049,8938,493,477,173,650,5
2021-10-06,Mono,051,14174,1603,1568,18,1586,3
2021-10-06,Monterey,053,433212,47970,47136,2729,49865,577
2021-10-06,Napa,055,140530,12663,12552,100,12652,96
2021-10-06,Nevada,057,99092,8718,8582,308,8890,90
2021-10-06,Orange,059,3164182,301277,298785,14438,313223,5448
2021-10-06,Placer,061,380077,35322,34764,3424,38188,390
2021-10-06,Plumas,063,18699,1478,1383,26,1409,6
2021-10-06,Riverside,065,2383286,353723,349645,16072,365717,4953
2021-10-06,Sacramento,067,1510023,152527,151164,4152,155316,2141
2021-10-06,San Benito,069,59416,7159,7108,154,7262,69
2021-10-06,San Bernardino,071,2135413,345440,343022,10839,353861,5551
2021-10-06,San Diego,073,3302833,362365,359564,21005,380569,4104
2021-10-06,San Francisco,075,870044,51560,50894,2248,53142,641
2021-10-06,San Joaquin,077,732212,96490,95418,5238,100656,1658
2021-10-06,San Luis Obispo,079,281455,28503,28170,1159,29329,323
2021-10-06,San Mateo,081,765935,52964,52056,825,52881,569
2021-10-06,Santa Barbara,083,443738,43618,42687,1590,44277,513
2021-10-06,Santa Clara,085,1922200,143340,142124,1197,143321,1872
2021-10-06,Santa Cruz,087,273765,19847,19604,993,20597,217
2021-10-06,Shasta,089,179085,19822,19325,3331,22656,287
2021-10-06,Sierra,091,2930,156,138,15,153,0
2021-10-06,Siskiyou,093,43540,3215,3116,1191,4307,42
2021-10-06,Solano,095,438530,44943,44185,1165,45350,328
2021-10-06,Sonoma,097,501317,40085,39787,500,40287,383
2021-10-06,Stanislaus,099,539301,75700,74699,8476,83175,1114
2021-10-06,Sutter,101,95872,13430,13284,288,13572,164
2021-10-06,Tehama,103,63373,7807,7629,1321,8950,99
2021-10-06,Trinity,105,12862,802,656,204,860,11
2021-10-06,Tulare,107,460477,64692,63198,13764,76962,926
2021-10-06,Tuolumne,109,53932,6612,6486,75,6561,89
2021-10-06,Ventura,111,848112,96141,95449,4217,99666,1158
2021-10-06,Yolo,113,214977,19029,18815,1024,19839,247
2021-10-06,Yuba,115,75493,9664,9520,233,9753,69
2021-10-05,Alameda,001,1643700,116797,115968,2750,118718,1350
2021-10-05,Alpine,003,1148,101,102,0,102,0
2021-10-05,Amador,005,37829,5282,5194,55,5249,61
2021-10-05,Butte,007,227075,19607,19137,3539,22676,246
2021-10-05,Calaveras,009,45235,3715,3657,44,3701,73
2021-10-05,Colusa,011,21464,2440,2414,573,2987,18
2021-10-05,Contra Costa,013,1133247,96714,96108,2049,98157,941
2021-10-05,Del Norte,015,27424,3578,3485,45,3530,39
2021-10-05,El Dorado,017,186661,15305,15052,1589,16641,140
2021-10-05,Fresno,019,978130,131934,129957,11605,141562,1987
2021-10-05,Glenn,021,27897,3313,3270,930,4200,26
2021-10-05,Humboldt,023,135768,8559,8398,455,8853,94
2021-10-05,Imperial,025,180216,32190,31909,3127,35036,759
2021-10-05,Inyo,027,18085,1858,1800,39,1839,39
2021-10-05,Kern,029,883053,121068,119260,19740,139000,1540
2021-10-05,Kings,031,150075,30314,29749,1769,31518,301
2021-10-05,Lake,033,64148,6371,6264,127,6391,97
2021-10-05,Lassen,035,31185,6530,6417,310,6727,25
2021-10-05,Los Angeles,037,10098052,1409693,1400300,53015,1453315,26223
2021-10-05,Madera,039,155013,21605,21183,1811,22994,269
2021-10-05,Marin,041,260295,17134,17024,427,17451,242
2021-10-05,Mariposa,043,17540,1067,1033,31,1064,5
2021-10-05,Mendocino,045,87422,7060,6972,395,7367,79
2021-10-05,Merced,047,269075,40005,39608,1537,41145,562
2021-10-05,Modoc,049,8938,489,475,172,647,5
2021-10-05,Mono,051,14174,1597,1565,18,1583,3
2021-10-05,Monterey,053,433212,47953,47087,2719,49806,573
2021-10-05,Napa,055,140530,12639,12533,100,12633,96
2021-10-05,Nevada,057,99092,8688,8576,308,8884,90
2021-10-05,Orange,059,3164182,301002,298589,14407,312996,5441
2021-10-05,Placer,061,380077,35242,34728,3417,38145,382
2021-10-05,Plumas,063,18699,1453,1357,26,1383,6
2021-10-05,Riverside,065,2383286,353364,349365,16057,365422,4942
2021-10-05,Sacramento,067,1510023,152254,151111,4124,155235,2126
2021-10-05,San Benito,069,59416,7140,7103,152,7255,69
2021-10-05,San Bernardino,071,2135413,345112,342711,10832,353543,5557
2021-10-05,San Diego,073,3302833,361781,359194,20976,380170,4092
2021-10-05,San Francisco,075,870044,51465,50826,2245,53071,641
2021-10-05,San Joaquin,077,732212,96337,95276,5211,100487,1651
2021-10-05,San Luis Obispo,079,281455,28459,28113,1157,29270,324
2021-10-05,San Mateo,081,765935,52919,52008,825,52833,569
2021-10-05,Santa Barbara,083,443738,43540,42595,1586,44181,511
2021-10-05,Santa Clara,085,1922200,143182,141971,1190,143161,1873
2021-10-05,Santa Cruz,087,273765,19805,19582,993,20575,216
2021-10-05,Shasta,089,179085,19749,19285,3318,22603,286
2021-10-05,Sierra,091,2930,152,136,15,151,0
2021-10-05,Siskiyou,093,43540,3201,3107,1191,4298,42
2021-10-05,Solano,095,438530,44872,44149,1163,45312,325
2021-10-05,Sonoma,097,501317,40031,39756,495,40251,383
2021-10-05,Stanislaus,099,539301,75538,74599,8459,83058,1114
2021-10-05,Sutter,101,95872,13402,13270,287,13557,164
2021-10-05,Tehama,103,63373,7779,7607,1312,8919,98
2021-10-05,Trinity,105,12862,799,655,204,859,11
2021-10-05,Tulare,107,460477,64489,63093,13710,76803,920
2021-10-05,Tuolumne,109,53932,6597,6473,74,6547,89
2021-10-05,Ventura,111,848112,96036,95351,4216,99567,1155
2021-10-05,Yolo,113,214977,18994,18782,1018,19800,245
2021-10-05,Yuba,115,75493,9632,9504,230,9734,69
2021-10-04,Alameda,001,1643700,116639,115845,2746,118591,1347
2021-10-04,Alpine,003,1148,101,102,0,102,0
2021-10-04,Amador,005,37829,5272,5163,54,5217,61
2021-10-04,Butte,007,227075,19530,19081,3527,22608,245
2021-10-04,Calaveras,009,45235,3706,3641,44,3685,73
2021-10-04,Colusa,011,21464,2439,2414,572,2986,18
2021-10-04,Contra Costa,013,1133247,96573,95958,2044,98002,937
2021-10-04,Del Norte,015,27424,3576,3485,41,3526,39
2021-10-04,El Dorado,017,186661,15257,15031,1582,16613,138
2021-10-04,Fresno,019,978130,131626,129665,11584,141249,1978
2021-10-04,Glenn,021,27897,3307,3270,924,4194,26
2021-10-04,Humboldt,023,135768,8525,8355,447,8802,94
2021-10-04,Imperial,025,180216,32141,31866,3120,34986,757
2021-10-04,Inyo,027,18085,1846,1792,36,1828,39
2021-10-04,Kern,029,883053,120780,118984,19618,138602,1531
2021-10-04,Kings,031,150075,30221,29702,1766,31468,303
2021-10-04,Lake,033,64148,6358,6248,127,6375,97
2021-10-04,Lassen,035,31185,6514,6405,310,6715,25
2021-10-04,Los Angeles,037,10098052,1408581,1399604,52956,1452560,26186
2021-10-04,Madera,039,155013,21541,21126,1800,22926,266
2021-10-04,Marin,041,260295,17118,17008,426,17434,242
2021-10-04,Mariposa,043,17540,1055,1024,31,1055,5
2021-10-04,Mendocino,045,87422,7042,6947,392,7339,79
2021-10-04,Merced,047,269075,39890,39565,1520,41085,558
2021-10-04,Modoc,049,8938,486,473,172,645,5
2021-10-04,Mono,051,14174,1588,1561,18,1579,3
2021-10-04,Monterey,053,433212,47932,47058,2712,49770,571
2021-10-04,Napa,055,140530,12615,12506,100,12606,96
2021-10-04,Nevada,057,99092,8668,8563,308,8871,90
2021-10-04,Orange,059,3164182,300709,298165,14374,312539,5438
2021-10-04,Placer,061,380077,35158,34630,3389,38019,379
2021-10-04,Plumas,063,18699,1431,1329,26,1355,6
2021-10-04,Riverside,065,2383286,352983,348828,16047,364875,4923
2021-10-04,Sacramento,067,1510023,151932,150887,4097,154984,2115
2021-10-04,San Benito,069,59416,7127,7099,152,7251,69
2021-10-04,San Bernardino,071,2135413,344755,342418,10820,353238,5551
2021-10-04,San Diego,073,3302833,361203,358525,20945,379470,4090
2021-10-04,San Francisco,075,870044,51370,50798,2241,53039,638
2021-10-04,San Joaquin,077,732212,96139,95198,5191,100389,1649
2021-10-04,San Luis Obispo,079,281455,28414,28090,1151,29241,323
2021-10-04,San Mateo,081,765935,52860,51958,824,52782,569
2021-10-04,Santa Barbara,083,443738,43457,42585,1585,44170,511
2021-10-04,Santa Clara,085,1922200,143038,141840,1184,143024,1869
2021-10-04,Santa Cruz,087,273765,19776,19559,992,20551,216
2021-10-04,Shasta,089,179085,19642,19170,3304,22474,279
2021-10-04,Sierra,091,2930,145,136,14,150,0
2021-10-04,Siskiyou,093,43540,3192,3103,1176,4279,42
2021-10-04,Solano,095,438530,44813,44092,1161,45253,322
2021-10-04,Sonoma,097,501317,39966,39720,495,40215,381
2021-10-04,Stanislaus,099,539301,75385,74444,8440,82884,1106
2021-10-04,Sutter,101,95872,13373,13261,286,13547,164
2021-10-04,Tehama,103,63373,7738,7585,1306,8891,95
2021-10-04,Trinity,105,12862,798,649,203,852,11
2021-10-04,Tulare,107,460477,64303,62957,13642,76599,920
2021-10-04,Tuolumne,109,53932,6571,6442,74,6516,89
2021-10-04,Ventura,111,848112,95949,95170,4209,99379,1153
2021-10-04,Yolo,113,214977,18950,18761,1013,19774,242
2021-10-04,Yuba,115,75493,9593,9481,228,9709,68
2021-10-03,Alameda,001,1643700,116500,115751,2737,118488,1349
2021-10-03,Alpine,003,1148,101,102,0,102,0
2021-10-03,Amador,005,37829,5254,5160,52,5212,61
2021-10-03,Butte,007,227075,19457,19066,3511,22577,245
2021-10-03,Calaveras,009,45235,3689,3632,44,3676,73
2021-10-03,Colusa,011,21464,2438,2413,569,2982,18
2021-10-03,Contra Costa,013,1133247,96443,95890,2037,97927,937
2021-10-03,Del Norte,015,27424,3570,3483,40,3523,39
2021-10-03,El Dorado,017,186661,15199,15014,1575,16589,139
2021-10-03,Fresno,019,978130,131246,129365,11550,140915,1978
2021-10-03,Glenn,021,27897,3295,3266,916,4182,26
2021-10-03,Humboldt,023,135768,8480,8352,443,8795,94
2021-10-03,Imperial,025,180216,32074,31844,3112,34956,757
2021-10-03,Inyo,027,18085,1825,1788,36,1824,39
2021-10-03,Kern,029,883053,120476,118851,19496,138347,1535
2021-10-03,Kings,031,150075,30121,29623,1759,31382,300
2021-10-03,Lake,033,64148,6332,6239,127,6366,97
2021-10-03,Lassen,035,31185,6492,6400,308,6708,25
2021-10-03,Los Angeles,037,10098052,1407309,1398790,52901,1451691,26179
2021-10-03,Madera,039,155013,21469,21066,1790,22856,266
2021-10-03,Marin,041,260295,17095,16995,421,17416,242
2021-10-03,Mariposa,043,17540,1048,1011,31,1042,5
2021-10-03,Mendocino,045,87422,7022,6939,383,7322,79
2021-10-03,Merced,047,269075,39782,39516,1503,41019,558
2021-10-03,Modoc,049,8938,485,472,171,643,5
2021-10-03,Mono,051,14174,1577,1554,18,1572,3
2021-10-03,Monterey,053,433212,47907,47049,2701,49750,571
2021-10-03,Napa,055,140530,12587,12489,98,12587,96
2021-10-03,Nevada,057,99092,8633,8545,308,8853,90
2021-10-03,Orange,059,3164182,300428,298027,14356,312383,5447
2021-10-03,Placer,061,380077,35020,34596,3372,37968,379
2021-10-03,Plumas,063,18699,1403,1328,26,1354,6
2021-10-03,Riverside,065,2383286,352552,348593,16027,364620,4924
2021-10-03,Sacramento,067,1510023,151642,150664,4069,154733,2120
2021-10-03,San Benito,069,59416,7118,7095,152,7247,69
2021-10-03,San Bernardino,071,2135413,344348,342302,10813,353115,5555
2021-10-03,San Diego,073,3302833,360607,358153,20910,379063,4081
2021-10-03,San Francisco,075,870044,51282,50733,2238,52971,638
2021-10-03,San Joaquin,077,732212,95949,95133,5183,100316,1649
2021-10-03,San Luis Obispo,079,281455,28347,28065,1146,29211,325
2021-10-03,San Mateo,081,765935,52794,51923,822,52745,569
2021-10-03,Santa Barbara,083,443738,43362,42550,1577,44127,511
2021-10-03,Santa Clara,085,1922200,142867,141737,1176,142913,1869
2021-10-03,Santa Cruz,087,273765,19736,19548,990,20538,216
2021-10-03,Shasta,089,179085,19537,19132,3274,22406,279
2021-10-03,Sierra,091,2930,142,136,14,150,0
2021-10-03,Siskiyou,093,43540,3179,3096,1165,4261,42
2021-10-03,Solano,095,438530,44749,44051,1158,45209,322
2021-10-03,Sonoma,097,501317,39900,39679,495,40174,381
2021-10-03,Stanislaus,099,539301,75197,74366,8422,82788,1106
2021-10-03,Sutter,101,95872,13358,13248,282,13530,164
2021-10-03,Tehama,103,63373,7695,7564,1301,8865,94
2021-10-03,Trinity,105,12862,794,647,201,848,11
2021-10-03,Tulare,107,460477,64108,62860,13570,76430,924
2021-10-03,Tuolumne,109,53932,6542,6430,72,6502,89
2021-10-03,Ventura,111,848112,95838,95108,4206,99314,1153
2021-10-03,Yolo,113,214977,18920,18720,1006,19726,242
2021-10-03,Yuba,115,75493,9575,9462,227,9689,68
2021-10-02,Alameda,001,1643700,116397,115185,2733,117918,1343
2021-10-02,Alpine,003,1148,101,102,0,102,0
2021-10-02,Amador,005,37829,5245,5105,52,5157,61
2021-10-02,Butte,007,227075,19426,18911,3504,22415,243
2021-10-02,Calaveras,009,45235,3682,3585,44,3629,72
2021-10-02,Colusa,011,21464,2437,2403,567,2970,18
2021-10-02,Contra Costa,013,1133247,96372,95369,2033,97402,933
2021-10-02,Del Norte,015,27424,3565,3468,40,3508,39
2021-10-02,El Dorado,017,186661,15173,14887,1574,16461,136
2021-10-02,Fresno,019,978130,131075,128450,11539,139989,1964
2021-10-02,Glenn,021,27897,3295,3234,916,4150,26
2021-10-02,Humboldt,023,135768,8461,8244,443,8687,94
2021-10-02,Imperial,025,180216,32040,31674,3108,34782,757
2021-10-02,Inyo,027,18085,1816,1746,36,1782,39
2021-10-02,Kern,029,883053,120343,117962,19413,137375,1524
2021-10-02,Kings,031,150075,30072,29339,1756,31095,301
2021-10-02,Lake,033,64148,6323,6191,127,6318,97
2021-10-02,Lassen,035,31185,6487,6360,308,6668,25
2021-10-02,Los Angeles,037,10098052,1406705,1395070,52864,1447934,26126
2021-10-02,Madera,039,155013,21444,20931,1781,22712,266
2021-10-02,Marin,041,260295,17090,16936,418,17354,242
2021-10-02,Mariposa,043,17540,1046,967,31,998,5
2021-10-02,Mendocino,045,87422,7012,6869,383,7252,78
2021-10-02,Merced,047,269075,39755,39196,1500,40696,552
2021-10-02,Modoc,049,8938,483,468,171,639,5
2021-10-02,Mono,051,14174,1575,1540,18,1558,3
2021-10-02,Monterey,053,433212,47854,46964,2700,49664,571
2021-10-02,Napa,055,140530,12577,12433,98,12531,96
2021-10-02,Nevada,057,99092,8622,8474,307,8781,87
2021-10-02,Orange,059,3164182,300262,297307,14336,311643,5435
2021-10-02,Placer,061,380077,34954,34377,3363,37740,381
2021-10-02,Plumas,063,18699,1392,1298,26,1324,6
2021-10-02,Riverside,065,2383286,352311,347227,16016,363243,4895
2021-10-02,Sacramento,067,1510023,151468,149897,4061,153958,2099
2021-10-02,San Benito,069,59416,7111,7055,152,7207,69
2021-10-02,San Bernardino,071,2135413,344163,341212,10763,351975,5540
2021-10-02,San Diego,073,3302833,360285,356454,20886,377340,4078
2021-10-02,San Francisco,075,870044,51233,50393,2233,52626,634
2021-10-02,San Joaquin,077,732212,95884,94599,5177,99776,1646
2021-10-02,San Luis Obispo,079,281455,28324,27915,1146,29061,323
2021-10-02,San Mateo,081,765935,52753,51767,818,52585,573
2021-10-02,Santa Barbara,083,443738,43322,42423,1577,44000,508
2021-10-02,Santa Clara,085,1922200,142753,141231,1172,142403,1862
2021-10-02,Santa Cruz,087,273765,19719,19461,989,20450,214
2021-10-02,Shasta,089,179085,19491,18912,3268,22180,270
2021-10-02,Sierra,091,2930,141,131,14,145,0
2021-10-02,Siskiyou,093,43540,3178,3053,1162,4215,42
2021-10-02,Solano,095,438530,44704,43800,1157,44957,321
2021-10-02,Sonoma,097,501317,39866,39497,494,39991,382
2021-10-02,Stanislaus,099,539301,75111,73859,8408,82267,1099
2021-10-02,Sutter,101,95872,13349,13160,281,13441,160
2021-10-02,Tehama,103,63373,7680,7453,1301,8754,93
2021-10-02,Trinity,105,12862,791,625,201,826,10
2021-10-02,Tulare,107,460477,64034,62247,13543,75790,908
2021-10-02,Tuolumne,109,53932,6528,6369,72,6441,89
2021-10-02,Ventura,111,848112,95775,94854,4201,99055,1148
2021-10-02,Yolo,113,214977,18895,18640,1002,19642,242
2021-10-02,Yuba,115,75493,9556,9370,226,9596,66
2021-10-01,Alameda,001,1643700,116324,115185,2727,117912,1343
2021-10-01,Alpine,003,1148,101,102,0,102,0
2021-10-01,Amador,005,37829,5225,5105,52,5157,61
2021-10-01,Butte,007,227075,19385,18911,3498,22409,243
2021-10-01,Calaveras,009,45235,3672,3585,44,3629,72
2021-10-01,Colusa,011,21464,2435,2403,567,2970,18
2021-10-01,Contra Costa,013,1133247,96275,95369,2029,97398,933
2021-10-01,Del Norte,015,27424,3562,3468,39,3507,39
2021-10-01,El Dorado,017,186661,15155,14887,1570,16457,136
2021-10-01,Fresno,019,978130,130887,128450,11530,139980,1964
2021-10-01,Glenn,021,27897,3295,3234,914,4148,26
2021-10-01,Humboldt,023,135768,8444,8244,443,8687,94
2021-10-01,Imperial,025,180216,32022,31674,3099,34773,757
2021-10-01,Inyo,027,18085,1807,1746,36,1782,39
2021-10-01,Kern,029,883053,120191,117962,19355,137317,1524
2021-10-01,Kings,031,150075,30038,29339,1750,31089,301
2021-10-01,Lake,033,64148,6313,6191,127,6318,97
2021-10-01,Lassen,035,31185,6476,6360,306,6666,25
2021-10-01,Los Angeles,037,10098052,1405946,1395070,52819,1447889,26126
2021-10-01,Madera,039,155013,21394,20931,1772,22703,266
2021-10-01,Marin,041,260295,17075,16936,417,17353,242
2021-10-01,Mariposa,043,17540,1039,967,31,998,5
2021-10-01,Mendocino,045,87422,7000,6869,383,7252,78
2021-10-01,Merced,047,269075,39710,39196,1491,40687,552
2021-10-01,Modoc,049,8938,482,468,171,639,5
2021-10-01,Mono,051,14174,1573,1540,18,1558,3
2021-10-01,Monterey,053,433212,47833,46964,2697,49661,571
2021-10-01,Napa,055,140530,12567,12433,97,12530,96
2021-10-01,Nevada,057,99092,8608,8474,306,8780,87
2021-10-01,Orange,059,3164182,300077,297307,14319,311626,5435
2021-10-01,Placer,061,380077,34920,34377,3359,37736,381
2021-10-01,Plumas,063,18699,1383,1298,26,1324,6
2021-10-01,Riverside,065,2383286,352019,347227,16008,363235,4895
2021-10-01,Sacramento,067,1510023,151317,149897,4050,153947,2099
2021-10-01,San Benito,069,59416,7109,7055,150,7205,69
2021-10-01,San Bernardino,071,2135413,343964,341212,10760,351972,5540
2021-10-01,San Diego,073,3302833,359918,356454,20865,377319,4078
2021-10-01,San Francisco,075,870044,51192,50393,2231,52624,634
2021-10-01,San Joaquin,077,732212,95814,94599,5173,99772,1646
2021-10-01,San Luis Obispo,079,281455,28301,27915,1143,29058,323
2021-10-01,San Mateo,081,765935,52713,51767,815,52582,573
2021-10-01,Santa Barbara,083,443738,43287,42423,1577,44000,508
2021-10-01,Santa Clara,085,1922200,142660,141231,1167,142398,1862
2021-10-01,Santa Cruz,087,273765,19699,19461,988,20449,214
2021-10-01,Shasta,089,179085,19437,18912,3260,22172,270
2021-10-01,Sierra,091,2930,141,131,14,145,0
2021-10-01,Siskiyou,093,43540,3177,3053,1159,4212,42
2021-10-01,Solano,095,438530,44652,43800,1151,44951,321
2021-10-01,Sonoma,097,501317,39834,39497,493,39990,382
2021-10-01,Stanislaus,099,539301,75027,73859,8397,82256,1099
2021-10-01,Sutter,101,95872,13333,13160,279,13439,160
2021-10-01,Tehama,103,63373,7668,7453,1299,8752,93
2021-10-01,Trinity,105,12862,789,625,201,826,10
2021-10-01,Tulare,107,460477,63931,62247,13508,75755,908
2021-10-01,Tuolumne,109,53932,6511,6369,72,6441,89
2021-10-01,Ventura,111,848112,95715,94854,4196,99050,1148
2021-10-01,Yolo,113,214977,18871,18640,999,19639,242
2021-10-01,Yuba,115,75493,9534,9370,226,9596,66
2021-09-30,Alameda,001,1643700,116182,115185,2724,117909,1343
2021-09-30,Alpine,003,1148,101,102,0,102,0
2021-09-30,Amador,005,37829,5213,5105,52,5157,61
2021-09-30,Butte,007,227075,19336,18911,3489,22400,243
2021-09-30,Calaveras,009,45235,3658,3585,44,3629,72
2021-09-30,Colusa,011,21464,2432,2403,566,2969,18
2021-09-30,Contra Costa,013,1133247,96172,95369,2023,97392,933
2021-09-30,Del Norte,015,27424,3558,3468,36,3504,39
2021-09-30,El Dorado,017,186661,15130,14887,1562,16449,136
2021-09-30,Fresno,019,978130,130610,128450,11501,139951,1964
2021-09-30,Glenn,021,27897,3284,3234,914,4148,26
2021-09-30,Humboldt,023,135768,8412,8244,437,8681,94
2021-09-30,Imperial,025,180216,31971,31674,3097,34771,757
2021-09-30,Inyo,027,18085,1797,1746,36,1782,39
2021-09-30,Kern,029,883053,119948,117962,19273,137235,1524
2021-09-30,Kings,031,150075,29949,29339,1746,31085,301
2021-09-30,Lake,033,64148,6295,6191,127,6318,97
2021-09-30,Lassen,035,31185,6462,6360,306,6666,25
2021-09-30,Los Angeles,037,10098052,1404740,1395070,52760,1447830,26126
2021-09-30,Madera,039,155013,21311,20931,1757,22688,266
2021-09-30,Marin,041,260295,17055,16936,416,17352,242
2021-09-30,Mariposa,043,17540,1017,967,31,998,5
2021-09-30,Mendocino,045,87422,6991,6869,374,7243,78
2021-09-30,Merced,047,269075,39613,39196,1488,40684,552
2021-09-30,Modoc,049,8938,482,468,170,638,5
2021-09-30,Mono,051,14174,1564,1540,18,1558,3
2021-09-30,Monterey,053,433212,47804,46964,2685,49649,571
2021-09-30,Napa,055,140530,12547,12433,97,12530,96
2021-09-30,Nevada,057,99092,8591,8474,305,8779,87
2021-09-30,Orange,059,3164182,299806,297307,14282,311589,5435
2021-09-30,Placer,061,380077,34868,34377,3338,37715,381
2021-09-30,Plumas,063,18699,1365,1298,26,1324,6
2021-09-30,Riverside,065,2383286,351587,347227,15987,363214,4895
2021-09-30,Sacramento,067,1510023,151060,149897,4024,153921,2099
2021-09-30,San Benito,069,59416,7103,7055,150,7205,69
2021-09-30,San Bernardino,071,2135413,343654,341212,10745,351957,5540
2021-09-30,San Diego,073,3302833,359424,356454,20837,377291,4078
2021-09-30,San Francisco,075,870044,51117,50393,2227,52620,634
2021-09-30,San Joaquin,077,732212,95685,94599,5165,99764,1646
2021-09-30,San Luis Obispo,079,281455,28253,27915,1139,29054,323
2021-09-30,San Mateo,081,765935,52667,51767,812,52579,573
2021-09-30,Santa Barbara,083,443738,43232,42423,1576,43999,508
2021-09-30,Santa Clara,085,1922200,142510,141231,1164,142395,1862
2021-09-30,Santa Cruz,087,273765,19659,19461,987,20448,214
2021-09-30,Shasta,089,179085,19375,18912,3245,22157,270
2021-09-30,Sierra,091,2930,140,131,14,145,0
2021-09-30,Siskiyou,093,43540,3169,3053,1154,4207,42
2021-09-30,Solano,095,438530,44600,43800,1148,44948,321
2021-09-30,Sonoma,097,501317,39785,39497,493,39990,382
2021-09-30,Stanislaus,099,539301,74867,73859,8377,82236,1099
2021-09-30,Sutter,101,95872,13312,13160,279,13439,160
2021-09-30,Tehama,103,63373,7631,7453,1288,8741,93
2021-09-30,Trinity,105,12862,785,625,201,826,10
2021-09-30,Tulare,107,460477,63759,62247,13449,75696,908
2021-09-30,Tuolumne,109,53932,6488,6369,72,6441,89
2021-09-30,Ventura,111,848112,95620,94854,4189,99043,1148
2021-09-30,Yolo,113,214977,18832,18640,995,19635,242
2021-09-30,Yuba,115,75493,9511,9370,225,9595,66
2021-09-29,Alameda,001,1643700,116037,114998,2721,117719,1339
2021-09-29,Alpine,003,1148,101,101,0,101,0
2021-09-29,Amador,005,37829,5191,5058,52,5110,61
2021-09-29,Butte,007,227075,19282,18835,3482,22317,242
2021-09-29,Calaveras,009,45235,3641,3553,43,3596,72
2021-09-29,Colusa,011,21464,2430,2401,566,2967,18
2021-09-29,Contra Costa,013,1133247,96058,95213,2015,97228,929
2021-09-29,Del Norte,015,27424,3552,3467,36,3503,39
2021-09-29,El Dorado,017,186661,15097,14834,1555,16389,136
2021-09-29,Fresno,019,978130,130311,128068,11481,139549,1957
2021-09-29,Glenn,021,27897,3277,3213,912,4125,26
2021-09-29,Humboldt,023,135768,8389,8203,436,8639,94
2021-09-29,Imperial,025,180216,31904,31600,3092,34692,757
2021-09-29,Inyo,027,18085,1787,1740,35,1775,39
2021-09-29,Kern,029,883053,119713,117605,19197,136802,1513
2021-09-29,Kings,031,150075,29865,29195,1731,30926,299
2021-09-29,Lake,033,64148,6275,6164,127,6291,97
2021-09-29,Lassen,035,31185,6448,6347,306,6653,25
2021-09-29,Los Angeles,037,10098052,1403534,1393617,52688,1446305,26098
2021-09-29,Madera,039,155013,21266,20818,1742,22560,266
2021-09-29,Marin,041,260295,17037,16921,414,17335,242
2021-09-29,Mariposa,043,17540,1003,963,31,994,5
2021-09-29,Mendocino,045,87422,6979,6821,366,7187,78
2021-09-29,Merced,047,269075,39519,39026,1477,40503,552
2021-09-29,Modoc,049,8938,480,468,170,638,5
2021-09-29,Mono,051,14174,1562,1527,18,1545,3
2021-09-29,Monterey,053,433212,47767,46917,2672,49589,571
2021-09-29,Napa,055,140530,12527,12416,93,12509,96
2021-09-29,Nevada,057,99092,8578,8434,305,8739,87
2021-09-29,Orange,059,3164182,299537,296936,14247,311183,5429
2021-09-29,Placer,061,380077,34804,34271,3315,37586,379
2021-09-29,Plumas,063,18699,1346,1289,26,1315,6
2021-09-29,Riverside,065,2383286,351153,346558,15974,362532,4886
2021-09-29,Sacramento,067,1510023,150809,149686,4014,153700,2099
2021-09-29,San Benito,069,59416,7092,7039,150,7189,69
2021-09-29,San Bernardino,071,2135413,343334,340672,10732,351404,5539
2021-09-29,San Diego,073,3302833,358922,355899,20807,376706,4066
2021-09-29,San Francisco,075,870044,51032,50286,2224,52510,629
2021-09-29,San Joaquin,077,732212,95528,94356,5143,99499,1645
2021-09-29,San Luis Obispo,079,281455,28207,27800,1133,28933,323
2021-09-29,San Mateo,081,765935,52608,51673,809,52482,573
2021-09-29,Santa Barbara,083,443738,43160,42328,1573,43901,507
2021-09-29,Santa Clara,085,1922200,142376,141036,1158,142194,1861
2021-09-29,Santa Cruz,087,273765,19641,19425,986,20411,214
2021-09-29,Shasta,089,179085,19309,18805,3233,22038,271
2021-09-29,Sierra,091,2930,136,130,14,144,0
2021-09-29,Siskiyou,093,43540,3156,3043,1147,4190,42
2021-09-29,Solano,095,438530,44544,43724,1141,44865,321
2021-09-29,Sonoma,097,501317,39724,39426,491,39917,370
2021-09-29,Stanislaus,099,539301,74736,73634,8366,82000,1096
2021-09-29,Sutter,101,95872,13285,13135,276,13411,155
2021-09-29,Tehama,103,63373,7601,7409,1273,8682,88
2021-09-29,Trinity,105,12862,781,616,201,817,10
2021-09-29,Tulare,107,460477,63589,62046,13390,75436,908
2021-09-29,Tuolumne,109,53932,6471,6336,72,6408,89
2021-09-29,Ventura,111,848112,95532,94753,4185,98938,1144
2021-09-29,Yolo,113,214977,18799,18587,990,19577,239
2021-09-29,Yuba,115,75493,9480,9351,221,9572,66
2021-09-28,Alameda,001,1643700,115879,114869,2714,117583,1333
2021-09-28,Alpine,003,1148,101,101,0,101,0
2021-09-28,Amador,005,37829,5169,5049,52,5101,61
2021-09-28,Butte,007,227075,19231,18764,3469,22233,241
2021-09-28,Calaveras,009,45235,3621,3530,43,3573,72
2021-09-28,Colusa,011,21464,2427,2399,564,2963,18
2021-09-28,Contra Costa,013,1133247,95916,95115,2010,97125,929
2021-09-28,Del Norte,015,27424,3549,3462,36,3498,39
2021-09-28,El Dorado,017,186661,15050,14793,1551,16344,133
2021-09-28,Fresno,019,978130,129965,127877,11454,139331,1948
2021-09-28,Glenn,021,27897,3271,3205,911,4116,26
2021-09-28,Humboldt,023,135768,8347,8159,433,8592,91
2021-09-28,Imperial,025,180216,31860,31543,3088,34631,757
2021-09-28,Inyo,027,18085,1773,1708,34,1742,39
2021-09-28,Kern,029,883053,119445,117420,19101,136521,1506
2021-09-28,Kings,031,150075,29765,29141,1723,30864,295
2021-09-28,Lake,033,64148,6260,6155,127,6282,95
2021-09-28,Lassen,035,31185,6442,6340,302,6642,25
2021-09-28,Los Angeles,037,10098052,1402242,1392445,52621,1445066,26068
2021-09-28,Madera,039,155013,21212,20764,1728,22492,266
2021-09-28,Marin,041,260295,17018,16887,412,17299,242
2021-09-28,Mariposa,043,17540,998,952,31,983,5
2021-09-28,Mendocino,045,87422,6957,6804,364,7168,78
2021-09-28,Merced,047,269075,39432,38953,1464,40417,551
2021-09-28,Modoc,049,8938,479,467,170,637,5
2021-09-28,Mono,051,14174,1552,1527,18,1545,3
2021-09-28,Monterey,053,433212,47730,46859,2663,49522,571
2021-09-28,Napa,055,140530,12510,12388,92,12480,96
2021-09-28,Nevada,057,99092,8555,8409,304,8713,84
2021-09-28,Orange,059,3164182,299284,296596,14220,310816,5421
2021-09-28,Placer,061,380077,34739,34187,3297,37484,370
2021-09-28,Plumas,063,18699,1337,1276,26,1302,6
2021-09-28,Riverside,065,2383286,350694,346096,15953,362049,4874
2021-09-28,Sacramento,067,1510023,150519,149310,3992,153302,2086
2021-09-28,San Benito,069,59416,7075,7028,149,7177,69
2021-09-28,San Bernardino,071,2135413,342983,340342,10715,351057,5540
2021-09-28,San Diego,073,3302833,358360,355373,20776,376149,4054
2021-09-28,San Francisco,075,870044,50929,50234,2223,52457,627
2021-09-28,San Joaquin,077,732212,95375,94194,5130,99324,1639
2021-09-28,San Luis Obispo,079,281455,28172,27755,1128,28883,321
2021-09-28,San Mateo,081,765935,52563,51620,808,52428,571
2021-09-28,Santa Barbara,083,443738,43088,42226,1569,43795,506
2021-09-28,Santa Clara,085,1922200,142213,140886,1149,142035,1858
2021-09-28,Santa Cruz,087,273765,19600,19324,985,20309,214
2021-09-28,Shasta,089,179085,19247,18701,3219,21920,267
2021-09-28,Sierra,091,2930,135,130,13,143,0
2021-09-28,Siskiyou,093,43540,3144,3032,1144,4176,42
2021-09-28,Solano,095,438530,44471,43652,1138,44790,316
2021-09-28,Sonoma,097,501317,39677,39395,490,39885,370
2021-09-28,Stanislaus,099,539301,74565,73528,8354,81882,1094
2021-09-28,Sutter,101,95872,13266,13102,272,13374,155
2021-09-28,Tehama,103,63373,7583,7382,1258,8640,88
2021-09-28,Trinity,105,12862,778,613,201,814,10
2021-09-28,Tulare,107,460477,63429,61916,13331,75247,905
2021-09-28,Tuolumne,109,53932,6445,6308,72,6380,89
2021-09-28,Ventura,111,848112,95413,94632,4182,98814,1143
2021-09-28,Yolo,113,214977,18773,18564,987,19551,239
2021-09-28,Yuba,115,75493,9461,9323,220,9543,66
2021-09-27,Alameda,001,1643700,115691,114731,2705,117436,1327
2021-09-27,Alpine,003,1148,101,101,0,101,0
2021-09-27,Amador,005,37829,5155,5017,52,5069,59
2021-09-27,Butte,007,227075,19174,18687,3453,22140,239
2021-09-27,Calaveras,009,45235,3601,3514,42,3556,70
2021-09-27,Colusa,011,21464,2426,2393,563,2956,18
2021-09-27,Contra Costa,013,1133247,95785,94979,2001,96980,924
2021-09-27,Del Norte,015,27424,3547,3468,34,3502,37
2021-09-27,El Dorado,017,186661,15011,14764,1544,16308,132
2021-09-27,Fresno,019,978130,129645,127475,11422,138897,1942
2021-09-27,Glenn,021,27897,3258,3189,907,4096,26
2021-09-27,Humboldt,023,135768,8307,8118,433,8551,91
2021-09-27,Imperial,025,180216,31797,31491,3081,34572,756
2021-09-27,Inyo,027,18085,1761,1698,34,1732,39
2021-09-27,Kern,029,883053,119169,117064,19003,136067,1503
2021-09-27,Kings,031,150075,29667,28998,1711,30709,297
2021-09-27,Lake,033,64148,6240,6126,127,6253,95
2021-09-27,Lassen,035,31185,6427,6327,298,6625,25
2021-09-27,Los Angeles,037,10098052,1400909,1391538,52552,1444090,26040
2021-09-27,Madera,039,155013,21147,20691,1720,22411,262
2021-09-27,Marin,041,260295,16996,16861,411,17272,242
2021-09-27,Mariposa,043,17540,988,931,31,962,5
2021-09-27,Mendocino,045,87422,6931,6761,357,7118,74
2021-09-27,Merced,047,269075,39334,38840,1458,40298,548
2021-09-27,Modoc,049,8938,478,465,168,633,5
2021-09-27,Mono,051,14174,1537,1525,18,1543,3
2021-09-27,Monterey,053,433212,47687,46811,2651,49462,571
2021-09-27,Napa,055,140530,12486,12354,91,12445,95
2021-09-27,Nevada,057,99092,8532,8379,301,8680,84
2021-09-27,Orange,059,3164182,298978,296334,14190,310524,5409
2021-09-27,Placer,061,380077,34652,34087,3292,37379,370
2021-09-27,Plumas,063,18699,1328,1269,26,1295,6
2021-09-27,Riverside,065,2383286,350252,345529,15943,361472,4864
2021-09-27,Sacramento,067,1510023,150202,149096,3970,153066,2076
2021-09-27,San Benito,069,59416,7058,7017,149,7166,67
2021-09-27,San Bernardino,071,2135413,342570,339952,10690,350642,5544
2021-09-27,San Diego,073,3302833,357702,354755,20751,375506,4054
2021-09-27,San Francisco,075,870044,50845,50157,2219,52376,622
2021-09-27,San Joaquin,077,732212,95192,94085,5127,99212,1633
2021-09-27,San Luis Obispo,079,281455,28117,27674,1125,28799,320
2021-09-27,San Mateo,081,765935,52487,51552,808,52360,571
2021-09-27,Santa Barbara,083,443738,43022,42012,1565,43577,505
2021-09-27,Santa Clara,085,1922200,142031,140802,1139,141941,1853
2021-09-27,Santa Cruz,087,273765,19576,19292,984,20276,214
2021-09-27,Shasta,089,179085,19165,18599,3191,21790,267
2021-09-27,Sierra,091,2930,135,128,13,141,0
2021-09-27,Siskiyou,093,43540,3132,3015,1139,4154,42
2021-09-27,Solano,095,438530,44396,43582,1133,44715,314
2021-09-27,Sonoma,097,501317,39622,39347,490,39837,370
2021-09-27,Stanislaus,099,539301,74410,73370,8335,81705,1091
2021-09-27,Sutter,101,95872,13235,13082,269,13351,155
2021-09-27,Tehama,103,63373,7542,7345,1248,8593,88
2021-09-27,Trinity,105,12862,767,605,200,805,9
2021-09-27,Tulare,107,460477,63230,61708,13260,74968,904
2021-09-27,Tuolumne,109,53932,6426,6264,72,6336,89
2021-09-27,Ventura,111,848112,95290,94477,4178,98655,1138
2021-09-27,Yolo,113,214977,18741,18524,986,19510,239
2021-09-27,Yuba,115,75493,9424,9292,216,9508,64
2021-09-26,Alameda,001,1643700,115494,114601,2698,117299,1326
2021-09-26,Alpine,003,1148,100,101,0,101,0
2021-09-26,Amador,005,37829,5123,5001,51,5052,59
2021-09-26,Butte,007,227075,19098,18634,3436,22070,238
2021-09-26,Calaveras,009,45235,3579,3505,42,3547,70
2021-09-26,Colusa,011,21464,2420,2392,560,2952,18
2021-09-26,Contra Costa,013,1133247,95612,94877,1988,96865,924
2021-09-26,Del Norte,015,27424,3541,3466,33,3499,37
2021-09-26,El Dorado,017,186661,14970,14738,1536,16274,132
2021-09-26,Fresno,019,978130,129290,127235,11382,138617,1939
2021-09-26,Glenn,021,27897,3246,3182,907,4089,26
2021-09-26,Humboldt,023,135768,8272,8098,432,8530,91
2021-09-26,Imperial,025,180216,31736,31462,3080,34542,756
2021-09-26,Inyo,027,18085,1746,1685,34,1719,39
2021-09-26,Kern,029,883053,118833,116927,18892,135819,1502
2021-09-26,Kings,031,150075,29565,28930,1700,30630,293
2021-09-26,Lake,033,64148,6223,6113,127,6240,95
2021-09-26,Lassen,035,31185,6417,6319,293,6612,25
2021-09-26,Los Angeles,037,10098052,1399423,1390577,52480,1443057,26035
2021-09-26,Madera,039,155013,21073,20629,1701,22330,262
2021-09-26,Marin,041,260295,16973,16860,411,17271,242
2021-09-26,Mariposa,043,17540,982,929,31,960,5
2021-09-26,Mendocino,045,87422,6898,6744,342,7086,74
2021-09-26,Merced,047,269075,39173,38717,1453,40170,548
2021-09-26,Modoc,049,8938,478,465,167,632,5
2021-09-26,Mono,051,14174,1535,1516,18,1534,3
2021-09-26,Monterey,053,433212,47640,46792,2637,49429,571
2021-09-26,Napa,055,140530,12462,12340,90,12430,95
2021-09-26,Nevada,057,99092,8501,8356,296,8652,84
2021-09-26,Orange,059,3164182,298643,296085,14158,310243,5409
2021-09-26,Placer,061,380077,34558,34043,3282,37325,370
2021-09-26,Plumas,063,18699,1310,1268,26,1294,6
2021-09-26,Riverside,065,2383286,349719,345257,15929,361186,4864
2021-09-26,Sacramento,067,1510023,149798,148745,3951,152696,2071
2021-09-26,San Benito,069,59416,7041,7012,148,7160,67
2021-09-26,San Bernardino,071,2135413,342117,339771,10675,350446,5545
2021-09-26,San Diego,073,3302833,357060,354414,20708,375122,4051
2021-09-26,San Francisco,075,870044,50719,50092,2211,52303,622
2021-09-26,San Joaquin,077,732212,94987,93935,5113,99048,1633
2021-09-26,San Luis Obispo,079,281455,28044,27624,1120,28744,319
2021-09-26,San Mateo,081,765935,52420,51496,806,52302,571
2021-09-26,Santa Barbara,083,443738,42936,41946,1562,43508,505
2021-09-26,Santa Clara,085,1922200,141830,140667,1136,141803,1852
2021-09-26,Santa Cruz,087,273765,19551,19279,984,20263,214
2021-09-26,Shasta,089,179085,19056,18566,3168,21734,266
2021-09-26,Sierra,091,2930,135,128,13,141,0
2021-09-26,Siskiyou,093,43540,3118,2998,1129,4127,42
2021-09-26,Solano,095,438530,44329,43537,1132,44669,314
2021-09-26,Sonoma,097,501317,39563,39302,490,39792,370
2021-09-26,Stanislaus,099,539301,74208,73243,8308,81551,1091
2021-09-26,Sutter,101,95872,13198,13045,268,13313,155
2021-09-26,Tehama,103,63373,7484,7323,1238,8561,88
2021-09-26,Trinity,105,12862,764,591,200,791,9
2021-09-26,Tulare,107,460477,63009,61560,13180,74740,904
2021-09-26,Tuolumne,109,53932,6398,6236,70,6306,89
2021-09-26,Ventura,111,848112,95178,94391,4171,98562,1138
2021-09-26,Yolo,113,214977,18706,18496,978,19474,239
2021-09-26,Yuba,115,75493,9397,9275,216,9491,64
2021-09-25,Alameda,001,1643700,115418,114014,2695,116709,1324
2021-09-25,Alpine,003,1148,100,101,0,101,0
2021-09-25,Amador,005,37829,5109,4934,51,4985,59
2021-09-25,Butte,007,227075,19069,18396,3427,21823,236
2021-09-25,Calaveras,009,45235,3576,3461,42,3503,70
2021-09-25,Colusa,011,21464,2418,2387,558,2945,16
2021-09-25,Contra Costa,013,1133247,95541,94337,1984,96321,924
2021-09-25,Del Norte,015,27424,3540,3404,33,3437,35
2021-09-25,El Dorado,017,186661,14947,14641,1532,16173,130
2021-09-25,Fresno,019,978130,129146,126299,11369,137668,1927
2021-09-25,Glenn,021,27897,3244,3144,906,4050,25
2021-09-25,Humboldt,023,135768,8253,8014,430,8444,88
2021-09-25,Imperial,025,180216,31709,31280,3080,34360,755
2021-09-25,Inyo,027,18085,1738,1657,34,1691,39
2021-09-25,Kern,029,883053,118678,116021,18824,134845,1485
2021-09-25,Kings,031,150075,29514,28636,1697,30333,293
2021-09-25,Lake,033,64148,6218,6046,125,6171,92
2021-09-25,Lassen,035,31185,6405,6248,292,6540,25
2021-09-25,Los Angeles,037,10098052,1398708,1386417,52441,1438858,25964
2021-09-25,Madera,039,155013,21048,20432,1695,22127,262
2021-09-25,Marin,041,260295,16964,16802,409,17211,242
2021-09-25,Mariposa,043,17540,977,906,31,937,5
2021-09-25,Mendocino,045,87422,6879,6657,341,6998,74
2021-09-25,Merced,047,269075,39127,38393,1451,39844,546
2021-09-25,Modoc,049,8938,478,460,167,627,5
2021-09-25,Mono,051,14174,1534,1501,18,1519,3
2021-09-25,Monterey,053,433212,47610,46653,2635,49288,567
2021-09-25,Napa,055,140530,12442,12266,90,12356,95
2021-09-25,Nevada,057,99092,8484,8285,296,8581,84
2021-09-25,Orange,059,3164182,298470,294514,14140,308654,5374
2021-09-25,Placer,061,380077,34494,33764,3279,37043,367
2021-09-25,Plumas,063,18699,1306,1238,26,1264,6
2021-09-25,Riverside,065,2383286,349396,343463,15921,359384,4843
2021-09-25,Sacramento,067,1510023,149622,147728,3942,151670,2049
2021-09-25,San Benito,069,59416,7036,6965,148,7113,67
2021-09-25,San Bernardino,071,2135413,341882,338413,10661,349074,5540
2021-09-25,San Diego,073,3302833,356710,352017,20682,372699,4039
2021-09-25,San Francisco,075,870044,50675,49840,2210,52050,615
2021-09-25,San Joaquin,077,732212,94901,93273,5111,98384,1628
2021-09-25,San Luis Obispo,079,281455,28006,27447,1116,28563,318
2021-09-25,San Mateo,081,765935,52355,51266,804,52070,568
2021-09-25,Santa Barbara,083,443738,42878,41728,1562,43290,505
2021-09-25,Santa Clara,085,1922200,141724,140023,1133,141156,1844
2021-09-25,Santa Cruz,087,273765,19535,19200,982,20182,214
2021-09-25,Shasta,089,179085,19005,18256,3159,21415,262
2021-09-25,Sierra,091,2930,134,127,13,140,0
2021-09-25,Siskiyou,093,43540,3111,2956,1119,4075,41
2021-09-25,Solano,095,438530,44288,43331,1129,44460,312
2021-09-25,Sonoma,097,501317,39522,39112,490,39602,369
2021-09-25,Stanislaus,099,539301,74098,72628,8294,80922,1091
2021-09-25,Sutter,101,95872,13180,12976,265,13241,154
2021-09-25,Tehama,103,63373,7469,7200,1236,8436,86
2021-09-25,Trinity,105,12862,764,576,200,776,9
2021-09-25,Tulare,107,460477,62926,60909,13136,74045,898
2021-09-25,Tuolumne,109,53932,6387,6168,70,6238,89
2021-09-25,Ventura,111,848112,95112,94059,4167,98226,1129
2021-09-25,Yolo,113,214977,18684,18393,977,19370,239
2021-09-25,Yuba,115,75493,9377,9191,216,9407,61
2021-09-24,Alameda,001,1643700,115314,114014,2691,116705,1324
2021-09-24,Alpine,003,1148,100,101,0,101,0
2021-09-24,Amador,005,37829,5079,4934,51,4985,59
2021-09-24,Butte,007,227075,19017,18396,3418,21814,236
2021-09-24,Calaveras,009,45235,3569,3461,41,3502,70
2021-09-24,Colusa,011,21464,2415,2387,557,2944,16
2021-09-24,Contra Costa,013,1133247,95433,94337,1980,96317,924
2021-09-24,Del Norte,015,27424,3537,3404,33,3437,35
2021-09-24,El Dorado,017,186661,14929,14641,1528,16169,130
2021-09-24,Fresno,019,978130,128947,126299,11357,137656,1927
2021-09-24,Glenn,021,27897,3239,3144,906,4050,25
2021-09-24,Humboldt,023,135768,8234,8014,427,8441,88
2021-09-24,Imperial,025,180216,31671,31280,3078,34358,755
2021-09-24,Inyo,027,18085,1729,1657,34,1691,39
2021-09-24,Kern,029,883053,118541,116021,18758,134779,1485
2021-09-24,Kings,031,150075,29473,28636,1692,30328,293
2021-09-24,Lake,033,64148,6210,6046,125,6171,92
2021-09-24,Lassen,035,31185,6397,6248,291,6539,25
2021-09-24,Los Angeles,037,10098052,1397829,1386417,52398,1438815,25964
2021-09-24,Madera,039,155013,21017,20432,1686,22118,262
2021-09-24,Marin,041,260295,16950,16802,408,17210,242
2021-09-24,Mariposa,043,17540,965,906,31,937,5
2021-09-24,Mendocino,045,87422,6866,6657,341,6998,74
2021-09-24,Merced,047,269075,39083,38393,1451,39844,546
2021-09-24,Modoc,049,8938,478,460,166,626,5
2021-09-24,Mono,051,14174,1531,1501,18,1519,3
2021-09-24,Monterey,053,433212,47589,46653,2627,49280,567
2021-09-24,Napa,055,140530,12423,12266,90,12356,95
2021-09-24,Nevada,057,99092,8470,8285,293,8578,84
2021-09-24,Orange,059,3164182,298264,294514,14122,308636,5374
2021-09-24,Placer,061,380077,34439,33764,3266,37030,367
2021-09-24,Plumas,063,18699,1302,1238,26,1264,6
2021-09-24,Riverside,065,2383286,349062,343463,15912,359375,4843
2021-09-24,Sacramento,067,1510023,149438,147728,3938,151666,2049
2021-09-24,San Benito,069,59416,7030,6965,148,7113,67
2021-09-24,San Bernardino,071,2135413,341617,338413,10651,349064,5540
2021-09-24,San Diego,073,3302833,356356,352017,20667,372684,4039
2021-09-24,San Francisco,075,870044,50611,49840,2202,52042,615
2021-09-24,San Joaquin,077,732212,94787,93273,5109,98382,1628
2021-09-24,San Luis Obispo,079,281455,27975,27447,1111,28558,318
2021-09-24,San Mateo,081,765935,52296,51266,803,52069,568
2021-09-24,Santa Barbara,083,443738,42839,41728,1561,43289,505
2021-09-24,Santa Clara,085,1922200,141612,140023,1132,141155,1844
2021-09-24,Santa Cruz,087,273765,19512,19200,981,20181,214
2021-09-24,Shasta,089,179085,18950,18256,3145,21401,262
2021-09-24,Sierra,091,2930,133,127,13,140,0
2021-09-24,Siskiyou,093,43540,3102,2956,1113,4069,41
2021-09-24,Solano,095,438530,44251,43331,1127,44458,312
2021-09-24,Sonoma,097,501317,39490,39112,490,39602,369
2021-09-24,Stanislaus,099,539301,73983,72628,8279,80907,1091
2021-09-24,Sutter,101,95872,13161,12976,264,13240,154
2021-09-24,Tehama,103,63373,7457,7200,1231,8431,86
2021-09-24,Trinity,105,12862,761,576,200,776,9
2021-09-24,Tulare,107,460477,62833,60909,13092,74001,898
2021-09-24,Tuolumne,109,53932,6358,6168,70,6238,89
2021-09-24,Ventura,111,848112,95034,94059,4160,98219,1129
2021-09-24,Yolo,113,214977,18652,18393,974,19367,239
2021-09-24,Yuba,115,75493,9358,9191,216,9407,61
2021-09-23,Alameda,001,1643700,115160,114014,2686,116700,1324
2021-09-23,Alpine,003,1148,100,101,0,101,0
2021-09-23,Amador,005,37829,5066,4934,51,4985,59
2021-09-23,Butte,007,227075,18955,18396,3394,21790,236
2021-09-23,Calaveras,009,45235,3548,3461,41,3502,70
2021-09-23,Colusa,011,21464,2413,2387,555,2942,16
2021-09-23,Contra Costa,013,1133247,95291,94337,1973,96310,924
2021-09-23,Del Norte,015,27424,3528,3404,32,3436,35
2021-09-23,El Dorado,017,186661,14903,14641,1522,16163,130
2021-09-23,Fresno,019,978130,128651,126299,11340,137639,1927
2021-09-23,Glenn,021,27897,3225,3144,903,4047,25
2021-09-23,Humboldt,023,135768,8208,8014,425,8439,88
2021-09-23,Imperial,025,180216,31635,31280,3078,34358,755
2021-09-23,Inyo,027,18085,1715,1657,34,1691,39
2021-09-23,Kern,029,883053,118282,116021,18677,134698,1485
2021-09-23,Kings,031,150075,29370,28636,1683,30319,293
2021-09-23,Lake,033,64148,6200,6046,125,6171,92
2021-09-23,Lassen,035,31185,6388,6248,286,6534,25
2021-09-23,Los Angeles,037,10098052,1396638,1386417,52334,1438751,25964
2021-09-23,Madera,039,155013,20935,20432,1682,22114,262
2021-09-23,Marin,041,260295,16935,16802,407,17209,242
2021-09-23,Mariposa,043,17540,952,906,31,937,5
2021-09-23,Mendocino,045,87422,6845,6657,339,6996,74
2021-09-23,Merced,047,269075,38980,38393,1444,39837,546
2021-09-23,Modoc,049,8938,477,460,166,626,5
2021-09-23,Mono,051,14174,1529,1501,18,1519,3
2021-09-23,Monterey,053,433212,47540,46653,2616,49269,567
2021-09-23,Napa,055,140530,12406,12266,90,12356,95
2021-09-23,Nevada,057,99092,8443,8285,293,8578,84
2021-09-23,Orange,059,3164182,297965,294514,14099,308613,5374
2021-09-23,Placer,061,380077,34363,33764,3259,37023,367
2021-09-23,Plumas,063,18699,1285,1238,25,1263,6
2021-09-23,Riverside,065,2383286,348610,343463,15905,359368,4843
2021-09-23,Sacramento,067,1510023,149108,147728,3918,151646,2049
2021-09-23,San Benito,069,59416,7019,6965,148,7113,67
2021-09-23,San Bernardino,071,2135413,341258,338413,10636,349049,5540
2021-09-23,San Diego,073,3302833,355893,352017,20628,372645,4039
2021-09-23,San Francisco,075,870044,50538,49840,2200,52040,615
2021-09-23,San Joaquin,077,732212,94614,93273,5094,98367,1628
2021-09-23,San Luis Obispo,079,281455,27932,27447,1109,28556,318
2021-09-23,San Mateo,081,765935,52222,51266,802,52068,568
2021-09-23,Santa Barbara,083,443738,42761,41728,1558,43286,505
2021-09-23,Santa Clara,085,1922200,141462,140023,1125,141148,1844
2021-09-23,Santa Cruz,087,273765,19481,19200,981,20181,214
2021-09-23,Shasta,089,179085,18870,18256,3128,21384,262
2021-09-23,Sierra,091,2930,133,127,13,140,0
2021-09-23,Siskiyou,093,43540,3098,2956,1102,4058,41
2021-09-23,Solano,095,438530,44183,43331,1124,44455,312
2021-09-23,Sonoma,097,501317,39431,39112,487,39599,369
2021-09-23,Stanislaus,099,539301,73826,72628,8247,80875,1091
2021-09-23,Sutter,101,95872,13132,12976,264,13240,154
2021-09-23,Tehama,103,63373,7416,7200,1226,8426,86
2021-09-23,Trinity,105,12862,747,576,199,775,9
2021-09-23,Tulare,107,460477,62656,60909,13037,73946,898
2021-09-23,Tuolumne,109,53932,6333,6168,69,6237,89
2021-09-23,Ventura,111,848112,94931,94059,4153,98212,1129
2021-09-23,Yolo,113,214977,18623,18393,969,19362,239
2021-09-23,Yuba,115,75493,9330,9191,215,9406,61
2021-09-22,Alameda,001,1643700,115005,113862,2682,116544,1322
2021-09-22,Alpine,003,1148,100,100,0,100,0
2021-09-22,Amador,005,37829,5050,4915,51,4966,59
2021-09-22,Butte,007,227075,18896,18337,3379,21716,235
2021-09-22,Calaveras,009,45235,3532,3448,41,3489,70
2021-09-22,Colusa,011,21464,2408,2384,554,2938,16
2021-09-22,Contra Costa,013,1133247,95107,94209,1965,96174,924
2021-09-22,Del Norte,015,27424,3517,3386,31,3417,35
2021-09-22,El Dorado,017,186661,14867,14605,1515,16120,127
2021-09-22,Fresno,019,978130,128394,126006,11328,137334,1908
2021-09-22,Glenn,021,27897,3223,3138,902,4040,25
2021-09-22,Humboldt,023,135768,8185,7998,417,8415,80
2021-09-22,Imperial,025,180216,31583,31243,3071,34314,755
2021-09-22,Inyo,027,18085,1705,1651,34,1685,39
2021-09-22,Kern,029,883053,118039,115757,18555,134312,1477
2021-09-22,Kings,031,150075,29286,28589,1677,30266,292
2021-09-22,Lake,033,64148,6188,6035,125,6160,93
2021-09-22,Lassen,035,31185,6368,6209,282,6491,25
2021-09-22,Los Angeles,037,10098052,1395316,1384719,52278,1436997,25930
2021-09-22,Madera,039,155013,20878,20382,1674,22056,262
2021-09-22,Marin,041,260295,16925,16782,404,17186,242
2021-09-22,Mariposa,043,17540,946,901,31,932,5
2021-09-22,Mendocino,045,87422,6818,6624,333,6957,70
2021-09-22,Merced,047,269075,38848,38305,1442,39747,541
2021-09-22,Modoc,049,8938,474,458,166,624,5
2021-09-22,Mono,051,14174,1520,1496,17,1513,3
2021-09-22,Monterey,053,433212,47490,46615,2609,49224,566
2021-09-22,Napa,055,140530,12383,12248,89,12337,95
2021-09-22,Nevada,057,99092,8420,8273,290,8563,84
2021-09-22,Orange,059,3164182,297690,294214,14082,308296,5366
2021-09-22,Placer,061,380077,34276,33661,3246,36907,367
2021-09-22,Plumas,063,18699,1273,1230,25,1255,6
2021-09-22,Riverside,065,2383286,348075,342946,15880,358826,4830
2021-09-22,Sacramento,067,1510023,148793,147533,3887,151420,2043
2021-09-22,San Benito,069,59416,7008,6961,146,7107,67
2021-09-22,San Bernardino,071,2135413,340864,337938,10627,348565,5528
2021-09-22,San Diego,073,3302833,355432,351132,20606,371738,4027
2021-09-22,San Francisco,075,870044,50454,49734,2195,51929,610
2021-09-22,San Joaquin,077,732212,94381,93010,5068,98078,1626
2021-09-22,San Luis Obispo,079,281455,27884,27398,1106,28504,315
2021-09-22,San Mateo,081,765935,52148,51197,798,51995,568
2021-09-22,Santa Barbara,083,443738,42698,41678,1557,43235,504
2021-09-22,Santa Clara,085,1922200,141299,139803,1118,140921,1844
2021-09-22,Santa Cruz,087,273765,19442,19177,981,20158,214
2021-09-22,Shasta,089,179085,18780,18153,3116,21269,260
2021-09-22,Sierra,091,2930,133,127,13,140,0
2021-09-22,Siskiyou,093,43540,3081,2947,1092,4039,41
2021-09-22,Solano,095,438530,44118,43269,1123,44392,312
2021-09-22,Sonoma,097,501317,39378,39063,486,39549,369
2021-09-22,Stanislaus,099,539301,73660,72355,8228,80583,1091
2021-09-22,Sutter,101,95872,13112,12960,261,13221,153
2021-09-22,Tehama,103,63373,7389,7173,1223,8396,86
2021-09-22,Trinity,105,12862,746,572,199,771,9
2021-09-22,Tulare,107,460477,62446,60776,12966,73742,896
2021-09-22,Tuolumne,109,53932,6312,6155,68,6223,89
2021-09-22,Ventura,111,848112,94827,93978,4147,98125,1122
2021-09-22,Yolo,113,214977,18584,18342,962,19304,239
2021-09-22,Yuba,115,75493,9301,9169,210,9379,61
2021-09-21,Alameda,001,1643700,114855,113765,2682,116447,1321
2021-09-21,Alpine,003,1148,100,100,0,100,0
2021-09-21,Amador,005,37829,5028,4897,51,4948,59
2021-09-21,Butte,007,227075,18799,18229,3341,21570,232
2021-09-21,Calaveras,009,45235,3514,3437,41,3478,70
2021-09-21,Colusa,011,21464,2405,2378,553,2931,16
2021-09-21,Contra Costa,013,1133247,94914,94101,1951,96052,924
2021-09-21,Del Norte,015,27424,3504,3378,31,3409,34
2021-09-21,El Dorado,017,186661,14837,14578,1508,16086,127
2021-09-21,Fresno,019,978130,128044,125789,11309,137098,1892
2021-09-21,Glenn,021,27897,3215,3134,896,4030,25
2021-09-21,Humboldt,023,135768,8153,7955,412,8367,80
2021-09-21,Imperial,025,180216,31525,31185,3069,34254,755
2021-09-21,Inyo,027,18085,1695,1646,34,1680,39
2021-09-21,Kern,029,883053,117746,115534,18441,133975,1467
2021-09-21,Kings,031,150075,29198,28545,1669,30214,291
2021-09-21,Lake,033,64148,6165,6013,125,6138,90
2021-09-21,Lassen,035,31185,6350,6159,278,6437,25
2021-09-21,Los Angeles,037,10098052,1393873,1383277,52222,1435499,25893
2021-09-21,Madera,039,155013,20818,20317,1663,21980,262
2021-09-21,Marin,041,260295,16910,16748,403,17151,242
2021-09-21,Mariposa,043,17540,941,894,30,924,5
2021-09-21,Mendocino,045,87422,6777,6580,324,6904,68
2021-09-21,Merced,047,269075,38727,38225,1438,39663,539
2021-09-21,Modoc,049,8938,471,458,166,624,5
2021-09-21,Mono,051,14174,1517,1495,16,1511,3
2021-09-21,Monterey,053,433212,47423,46583,2597,49180,565
2021-09-21,Napa,055,140530,12362,12238,89,12327,95
2021-09-21,Nevada,057,99092,8393,8259,281,8540,84
2021-09-21,Orange,059,3164182,297362,293898,14052,307950,5357
2021-09-21,Placer,061,380077,34175,33609,3235,36844,365
2021-09-21,Plumas,063,18699,1266,1225,25,1250,5
2021-09-21,Riverside,065,2383286,347515,342460,15856,358316,4817
2021-09-21,Sacramento,067,1510023,148410,147378,3859,151237,2027
2021-09-21,San Benito,069,59416,6997,6950,145,7095,67
2021-09-21,San Bernardino,071,2135413,340424,337387,10610,347997,5520
2021-09-21,San Diego,073,3302833,354813,350265,20582,370847,4021
2021-09-21,San Francisco,075,870044,50359,49653,2192,51845,609
2021-09-21,San Joaquin,077,732212,94147,92762,5057,97819,1621
2021-09-21,San Luis Obispo,079,281455,27826,27318,1102,28420,314
2021-09-21,San Mateo,081,765935,52080,51136,798,51934,568
2021-09-21,Santa Barbara,083,443738,42631,41644,1553,43197,503
2021-09-21,Santa Clara,085,1922200,141082,139657,1114,140771,1843
2021-09-21,Santa Cruz,087,273765,19412,19140,980,20120,212
2021-09-21,Shasta,089,179085,18652,18027,3092,21119,258
2021-09-21,Sierra,091,2930,133,127,13,140,0
2021-09-21,Siskiyou,093,43540,3067,2927,1078,4005,36
2021-09-21,Solano,095,438530,44042,43220,1123,44343,311
2021-09-21,Sonoma,097,501317,39325,39042,486,39528,369
2021-09-21,Stanislaus,099,539301,73473,72211,8206,80417,1091
2021-09-21,Sutter,101,95872,13089,12930,258,13188,153
2021-09-21,Tehama,103,63373,7343,7151,1218,8369,85
2021-09-21,Trinity,105,12862,735,572,197,769,9
2021-09-21,Tulare,107,460477,62231,60607,12906,73513,896
2021-09-21,Tuolumne,109,53932,6281,6139,68,6207,89
2021-09-21,Ventura,111,848112,94723,93818,4140,97958,1120
2021-09-21,Yolo,113,214977,18549,18313,958,19271,239
2021-09-21,Yuba,115,75493,9273,9135,210,9345,61
2021-09-20,Alameda,001,1643700,114676,113637,2678,116315,1320
2021-09-20,Alpine,003,1148,100,100,0,100,0
2021-09-20,Amador,005,37829,5010,4883,50,4933,59
2021-09-20,Butte,007,227075,18717,18135,3325,21460,231
2021-09-20,Calaveras,009,45235,3492,3395,40,3435,66
2021-09-20,Colusa,011,21464,2403,2376,550,2926,16
2021-09-20,Contra Costa,013,1133247,94764,93919,1945,95864,924
2021-09-20,Del Norte,015,27424,3496,3374,30,3404,34
2021-09-20,El Dorado,017,186661,14804,14545,1496,16041,127
2021-09-20,Fresno,019,978130,127629,125287,11288,136575,1889
2021-09-20,Glenn,021,27897,3205,3112,893,4005,25
2021-09-20,Humboldt,023,135768,8117,7938,407,8345,80
2021-09-20,Imperial,025,180216,31444,31146,3068,34214,755
2021-09-20,Inyo,027,18085,1687,1641,33,1674,39
2021-09-20,Kern,029,883053,117405,115271,18309,133580,1459
2021-09-20,Kings,031,150075,29111,28471,1663,30134,285
2021-09-20,Lake,033,64148,6150,5984,124,6108,87
2021-09-20,Lassen,035,31185,6320,6132,278,6410,25
2021-09-20,Los Angeles,037,10098052,1392355,1382206,52142,1434348,25858
2021-09-20,Madera,039,155013,20766,20203,1654,21857,257
2021-09-20,Marin,041,260295,16885,16732,401,17133,242
2021-09-20,Mariposa,043,17540,930,887,30,917,5
2021-09-20,Mendocino,045,87422,6743,6568,319,6887,67
2021-09-20,Merced,047,269075,38619,38144,1428,39572,536
2021-09-20,Modoc,049,8938,470,457,164,621,5
2021-09-20,Mono,051,14174,1512,1480,16,1496,3
2021-09-20,Monterey,053,433212,47380,46506,2580,49086,565
2021-09-20,Napa,055,140530,12337,12209,88,12297,95
2021-09-20,Nevada,057,99092,8373,8228,279,8507,84
2021-09-20,Orange,059,3164182,297021,293642,14026,307668,5354
2021-09-20,Placer,061,380077,34085,33531,3220,36751,364
2021-09-20,Plumas,063,18699,1261,1211,25,1236,5
2021-09-20,Riverside,065,2383286,347015,341961,15843,357804,4802
2021-09-20,Sacramento,067,1510023,148036,147016,3825,150841,2016
2021-09-20,San Benito,069,59416,6988,6947,144,7091,67
2021-09-20,San Bernardino,071,2135413,340031,337059,10594,347653,5507
2021-09-20,San Diego,073,3302833,354138,349579,20545,370124,4009
2021-09-20,San Francisco,075,870044,50252,49559,2191,51750,605
2021-09-20,San Joaquin,077,732212,93904,92614,5044,97658,1615
2021-09-20,San Luis Obispo,079,281455,27750,27259,1094,28353,313
2021-09-20,San Mateo,081,765935,51997,51100,795,51895,567
2021-09-20,Santa Barbara,083,443738,42535,41589,1549,43138,500
2021-09-20,Santa Clara,085,1922200,140878,139578,1112,140690,1841
2021-09-20,Santa Cruz,087,273765,19380,19121,980,20101,211
2021-09-20,Shasta,089,179085,18553,17893,3061,20954,258
2021-09-20,Sierra,091,2930,131,126,13,139,0
2021-09-20,Siskiyou,093,43540,3045,2902,1065,3967,35
2021-09-20,Solano,095,438530,43974,43152,1116,44268,312
2021-09-20,Sonoma,097,501317,39280,38991,486,39477,369
2021-09-20,Stanislaus,099,539301,73271,72031,8187,80218,1091
2021-09-20,Sutter,101,95872,13053,12896,253,13149,153
2021-09-20,Tehama,103,63373,7311,7121,1206,8327,84
2021-09-20,Trinity,105,12862,729,568,196,764,7
2021-09-20,Tulare,107,460477,62029,60302,12850,73152,896
2021-09-20,Tuolumne,109,53932,6255,6113,68,6181,89
2021-09-20,Ventura,111,848112,94610,93700,4133,97833,1120
2021-09-20,Yolo,113,214977,18504,18287,956,19243,239
2021-09-20,Yuba,115,75493,9237,9107,208,9315,61
2021-09-19,Alameda,001,1643700,114469,113446,2674,116120,1320
2021-09-19,Alpine,003,1148,99,100,0,100,0
2021-09-19,Amador,005,37829,4970,4875,49,4924,59
2021-09-19,Butte,007,227075,18624,18063,3298,21361,230
2021-09-19,Calaveras,009,45235,3467,3390,37,3427,66
2021-09-19,Colusa,011,21464,2401,2375,548,2923,16
2021-09-19,Contra Costa,013,1133247,94580,93788,1935,95723,924
2021-09-19,Del Norte,015,27424,3469,3344,29,3373,34
2021-09-19,El Dorado,017,186661,14752,14512,1490,16002,127
2021-09-19,Fresno,019,978130,127226,124985,11257,136242,1888
2021-09-19,Glenn,021,27897,3196,3102,888,3990,25
2021-09-19,Humboldt,023,135768,8072,7914,405,8319,80
2021-09-19,Imperial,025,180216,31375,31122,3065,34187,755
2021-09-19,Inyo,027,18085,1678,1639,33,1672,39
2021-09-19,Kern,029,883053,117092,115074,18202,133276,1459
2021-09-19,Kings,031,150075,28983,28416,1654,30070,284
2021-09-19,Lake,033,64148,6119,5962,124,6086,87
2021-09-19,Lassen,035,31185,6300,6129,272,6401,25
2021-09-19,Los Angeles,037,10098052,1390388,1381200,52042,1433242,25852
2021-09-19,Madera,039,155013,20687,20161,1644,21805,257
2021-09-19,Marin,041,260295,16856,16711,399,17110,242
2021-09-19,Mariposa,043,17540,922,881,30,911,5
2021-09-19,Mendocino,045,87422,6698,6538,313,6851,67
2021-09-19,Merced,047,269075,38462,38068,1420,39488,535
2021-09-19,Modoc,049,8938,467,457,162,619,5
2021-09-19,Mono,051,14174,1507,1480,16,1496,3
2021-09-19,Monterey,053,433212,47327,46486,2577,49063,565
2021-09-19,Napa,055,140530,12316,12190,86,12276,95
2021-09-19,Nevada,057,99092,8345,8203,277,8480,84
2021-09-19,Orange,059,3164182,296651,293258,14005,307263,5354
2021-09-19,Placer,061,380077,33972,33406,3202,36608,364
2021-09-19,Plumas,063,18699,1253,1211,25,1236,5
2021-09-19,Riverside,065,2383286,346421,341566,15834,357400,4804
2021-09-19,Sacramento,067,1510023,147675,146603,3780,150383,2012
2021-09-19,San Benito,069,59416,6969,6942,144,7086,67
2021-09-19,San Bernardino,071,2135413,339542,336688,10583,347271,5506
2021-09-19,San Diego,073,3302833,353423,349225,20509,369734,4006
2021-09-19,San Francisco,075,870044,50144,49458,2183,51641,605
2021-09-19,San Joaquin,077,732212,93608,92467,5033,97500,1615
2021-09-19,San Luis Obispo,079,281455,27649,27208,1085,28293,313
2021-09-19,San Mateo,081,765935,51898,51028,794,51822,567
2021-09-19,Santa Barbara,083,443738,42431,41512,1549,43061,500
2021-09-19,Santa Clara,085,1922200,140691,139410,1107,140517,1841
2021-09-19,Santa Cruz,087,273765,19342,19096,980,20076,211
2021-09-19,Shasta,089,179085,18439,17813,3026,20839,258
2021-09-19,Sierra,091,2930,130,126,13,139,0
2021-09-19,Siskiyou,093,43540,3019,2882,1056,3938,35
2021-09-19,Solano,095,438530,43885,43056,1111,44167,312
2021-09-19,Sonoma,097,501317,39208,38956,482,39438,369
2021-09-19,Stanislaus,099,539301,73027,71830,8164,79994,1091
2021-09-19,Sutter,101,95872,13026,12868,246,13114,153
2021-09-19,Tehama,103,63373,7257,7081,1196,8277,84
2021-09-19,Trinity,105,12862,718,562,194,756,7
2021-09-19,Tulare,107,460477,61768,60160,12756,72916,896
2021-09-19,Tuolumne,109,53932,6213,6097,68,6165,89
2021-09-19,Ventura,111,848112,94448,93491,4124,97615,1120
2021-09-19,Yolo,113,214977,18454,18238,950,19188,239
2021-09-19,Yuba,115,75493,9211,9087,207,9294,61
2021-09-18,Alameda,001,1643700,114365,113300,2673,115973,1320
2021-09-18,Alpine,003,1148,99,100,0,100,0
2021-09-18,Amador,005,37829,4960,4850,49,4899,59
2021-09-18,Butte,007,227075,18587,17961,3284,21245,230
2021-09-18,Calaveras,009,45235,3461,3361,36,3397,66
2021-09-18,Colusa,011,21464,2401,2373,547,2920,16
2021-09-18,Contra Costa,013,1133247,94490,93656,1931,95587,924
2021-09-18,Del Norte,015,27424,3461,3326,27,3353,34
2021-09-18,El Dorado,017,186661,14729,14472,1486,15958,127
2021-09-18,Fresno,019,978130,127084,124771,11244,136015,1889
2021-09-18,Glenn,021,27897,3188,3086,887,3973,25
2021-09-18,Humboldt,023,135768,8058,7881,404,8285,80
2021-09-18,Imperial,025,180216,31351,31096,3064,34160,755
2021-09-18,Inyo,027,18085,1672,1636,33,1669,39
2021-09-18,Kern,029,883053,116938,114781,18138,132919,1459
2021-09-18,Kings,031,150075,28935,28330,1649,29979,285
2021-09-18,Lake,033,64148,6102,5936,124,6060,87
2021-09-18,Lassen,035,31185,6290,6121,269,6390,25
2021-09-18,Los Angeles,037,10098052,1389631,1379880,51990,1431870,25849
2021-09-18,Madera,039,155013,20643,20126,1635,21761,257
2021-09-18,Marin,041,260295,16839,16685,398,17083,242
2021-09-18,Mariposa,043,17540,919,871,30,901,5
2021-09-18,Mendocino,045,87422,6677,6523,313,6836,67
2021-09-18,Merced,047,269075,38425,37977,1414,39391,535
2021-09-18,Modoc,049,8938,467,457,161,618,5
2021-09-18,Mono,051,14174,1505,1480,16,1496,3
2021-09-18,Monterey,053,433212,47289,46466,2574,49040,565
2021-09-18,Napa,055,140530,12304,12168,86,12254,95
2021-09-18,Nevada,057,99092,8328,8183,277,8460,84
2021-09-18,Orange,059,3164182,296454,293005,13991,306996,5354
2021-09-18,Placer,061,380077,33900,33309,3199,36508,364
2021-09-18,Plumas,063,18699,1252,1204,25,1229,5
2021-09-18,Riverside,065,2383286,346036,341136,15821,356957,4802
2021-09-18,Sacramento,067,1510023,147492,146162,3771,149933,2016
2021-09-18,San Benito,069,59416,6964,6937,144,7081,67
2021-09-18,San Bernardino,071,2135413,339270,336380,10570,346950,5501
2021-09-18,San Diego,073,3302833,353022,348848,20499,369347,4006
2021-09-18,San Francisco,075,870044,50082,49359,2177,51536,605
2021-09-18,San Joaquin,077,732212,93499,92242,5021,97263,1615
2021-09-18,San Luis Obispo,079,281455,27612,27181,1082,28263,313
2021-09-18,San Mateo,081,765935,51847,50961,792,51753,567
2021-09-18,Santa Barbara,083,443738,42367,41465,1549,43014,500
2021-09-18,Santa Clara,085,1922200,140570,139233,1104,140337,1841
2021-09-18,Santa Cruz,087,273765,19322,19079,980,20059,211
2021-09-18,Shasta,089,179085,18376,17777,3008,20785,258
2021-09-18,Sierra,091,2930,129,125,13,138,0
2021-09-18,Siskiyou,093,43540,3016,2875,1050,3925,35
2021-09-18,Solano,095,438530,43845,42966,1108,44074,312
2021-09-18,Sonoma,097,501317,39173,38891,480,39371,369
2021-09-18,Stanislaus,099,539301,72881,71587,8139,79726,1091
2021-09-18,Sutter,101,95872,13012,12829,246,13075,153
2021-09-18,Tehama,103,63373,7242,7055,1188,8243,84
2021-09-18,Trinity,105,12862,716,561,194,755,7
2021-09-18,Tulare,107,460477,61693,60003,12704,72707,896
2021-09-18,Tuolumne,109,53932,6198,6069,68,6137,89
2021-09-18,Ventura,111,848112,94380,93424,4119,97543,1120
2021-09-18,Yolo,113,214977,18428,18213,944,19157,239
2021-09-18,Yuba,115,75493,9197,9061,206,9267,61
2021-09-17,Alameda,001,1643700,114243,113070,2671,115741,1320
2021-09-17,Alpine,003,1148,99,99,0,99,0
2021-09-17,Amador,005,37829,4944,4835,48,4883,58
2021-09-17,Butte,007,227075,18536,17870,3275,21145,230
2021-09-17,Calaveras,009,45235,3449,3338,35,3373,66
2021-09-17,Colusa,011,21464,2400,2369,542,2911,16
2021-09-17,Contra Costa,013,1133247,94390,93485,1928,95413,924
2021-09-17,Del Norte,015,27424,3456,3311,25,3336,34
2021-09-17,El Dorado,017,186661,14710,14421,1484,15905,127
2021-09-17,Fresno,019,978130,126865,124296,11235,135531,1882
2021-09-17,Glenn,021,27897,3173,3072,885,3957,25
2021-09-17,Humboldt,023,135768,8037,7850,404,8254,80
2021-09-17,Imperial,025,180216,31325,31031,3063,34094,755
2021-09-17,Inyo,027,18085,1664,1634,33,1667,39
2021-09-17,Kern,029,883053,116747,114303,18041,132344,1456
2021-09-17,Kings,031,150075,28870,28240,1647,29887,281
2021-09-17,Lake,033,64148,6089,5915,124,6039,87
2021-09-17,Lassen,035,31185,6275,6080,267,6347,25
2021-09-17,Los Angeles,037,10098052,1388660,1377905,51923,1429828,25820
2021-09-17,Madera,039,155013,20591,20040,1623,21663,257
2021-09-17,Marin,041,260295,16826,16658,396,17054,242
2021-09-17,Mariposa,043,17540,917,869,30,899,5
2021-09-17,Mendocino,045,87422,6658,6498,313,6811,67
2021-09-17,Merced,047,269075,38378,37803,1412,39215,533
2021-09-17,Modoc,049,8938,467,456,161,617,5
2021-09-17,Mono,051,14174,1501,1457,16,1473,3
2021-09-17,Monterey,053,433212,47266,46421,2573,48994,564
2021-09-17,Napa,055,140530,12283,12153,86,12239,95
2021-09-17,Nevada,057,99092,8313,8157,277,8434,84
2021-09-17,Orange,059,3164182,296237,292685,13973,306658,5346
2021-09-17,Placer,061,380077,33839,33188,3188,36376,362
2021-09-17,Plumas,063,18699,1243,1192,24,1216,5
2021-09-17,Riverside,065,2383286,345635,340445,15810,356255,4792
2021-09-17,Sacramento,067,1510023,147293,145985,3760,149745,1999
2021-09-17,San Benito,069,59416,6961,6929,144,7073,67
2021-09-17,San Bernardino,071,2135413,338916,335810,10563,346373,5488
2021-09-17,San Diego,073,3302833,352589,348098,20481,368579,4002
2021-09-17,San Francisco,075,870044,50030,49249,2172,51421,605
2021-09-17,San Joaquin,077,732212,93361,91977,5009,96986,1610
2021-09-17,San Luis Obispo,079,281455,27578,27102,1071,28173,311
2021-09-17,San Mateo,081,765935,51793,50854,791,51645,564
2021-09-17,Santa Barbara,083,443738,42305,41354,1549,42903,498
2021-09-17,Santa Clara,085,1922200,140420,138939,1103,140042,1838
2021-09-17,Santa Cruz,087,273765,19297,19039,980,20019,211
2021-09-17,Shasta,089,179085,18305,17617,2995,20612,254
2021-09-17,Sierra,091,2930,129,124,13,137,0
2021-09-17,Siskiyou,093,43540,3001,2852,1050,3902,35
2021-09-17,Solano,095,438530,43782,42898,1104,44002,312
2021-09-17,Sonoma,097,501317,39136,38808,479,39287,369
2021-09-17,Stanislaus,099,539301,72774,71408,8121,79529,1091
2021-09-17,Sutter,101,95872,12996,12799,244,13043,153
2021-09-17,Tehama,103,63373,7218,7020,1176,8196,84
2021-09-17,Trinity,105,12862,711,556,193,749,7
2021-09-17,Tulare,107,460477,61577,59689,12670,72359,895
2021-09-17,Tuolumne,109,53932,6179,6047,68,6115,89
2021-09-17,Ventura,111,848112,94268,93273,4117,97390,1116
2021-09-17,Yolo,113,214977,18397,18177,940,19117,239
2021-09-17,Yuba,115,75493,9170,9019,205,9224,61
2021-09-16,Alameda,001,1643700,114064,112770,2668,115438,1318
2021-09-16,Alpine,003,1148,99,99,0,99,0
2021-09-16,Amador,005,37829,4924,4819,48,4867,58
2021-09-16,Butte,007,227075,18462,17750,3259,21009,230
2021-09-16,Calaveras,009,45235,3415,3313,35,3348,66
2021-09-16,Colusa,011,21464,2398,2363,540,2903,16
2021-09-16,Contra Costa,013,1133247,94220,93213,1920,95133,917
2021-09-16,Del Norte,015,27424,3438,3285,25,3310,34
2021-09-16,El Dorado,017,186661,14670,14372,1476,15848,127
2021-09-16,Fresno,019,978130,126507,123853,11195,135048,1868
2021-09-16,Glenn,021,27897,3161,3068,883,3951,24
2021-09-16,Humboldt,023,135768,8003,7809,394,8203,80
2021-09-16,Imperial,025,180216,31282,30966,3055,34021,753
2021-09-16,Inyo,027,18085,1662,1623,33,1656,39
2021-09-16,Kern,029,883053,116476,113828,17973,131801,1448
2021-09-16,Kings,031,150075,28784,28114,1638,29752,280
2021-09-16,Lake,033,64148,6065,5890,121,6011,87
2021-09-16,Lassen,035,31185,6240,6028,262,6290,25
2021-09-16,Los Angeles,037,10098052,1387273,1376277,51858,1428135,25796
2021-09-16,Madera,039,155013,20515,19974,1617,21591,257
2021-09-16,Marin,041,260295,16799,16625,395,17020,242
2021-09-16,Mariposa,043,17540,911,849,30,879,6
2021-09-16,Mendocino,045,87422,6626,6445,304,6749,67
2021-09-16,Merced,047,269075,38271,37675,1409,39084,532
2021-09-16,Modoc,049,8938,465,455,161,616,5
2021-09-16,Mono,051,14174,1492,1449,16,1465,3
2021-09-16,Monterey,053,433212,47212,46342,2567,48909,562
2021-09-16,Napa,055,140530,12258,12115,82,12197,95
2021-09-16,Nevada,057,99092,8285,8121,276,8397,84
2021-09-16,Orange,059,3164182,295894,292183,13953,306136,5340
2021-09-16,Placer,061,380077,33743,33037,3169,36206,354
2021-09-16,Plumas,063,18699,1235,1178,24,1202,5
2021-09-16,Riverside,065,2383286,345103,339770,15796,355566,4786
2021-09-16,Sacramento,067,1510023,146936,145754,3728,149482,1996
2021-09-16,San Benito,069,59416,6948,6913,143,7056,67
2021-09-16,San Bernardino,071,2135413,338489,335129,10556,345685,5474
2021-09-16,San Diego,073,3302833,351963,347472,20446,367918,3994
2021-09-16,San Francisco,075,870044,49945,49133,2163,51296,605
2021-09-16,San Joaquin,077,732212,93121,91650,4964,96614,1608
2021-09-16,San Luis Obispo,079,281455,27506,27044,1067,28111,310
2021-09-16,San Mateo,081,765935,51717,50773,788,51561,564
2021-09-16,Santa Barbara,083,443738,42239,41272,1546,42818,497
2021-09-16,Santa Clara,085,1922200,140263,138685,1099,139784,1835
2021-09-16,Santa Cruz,087,273765,19269,19011,980,19991,211
2021-09-16,Shasta,089,179085,18180,17438,2961,20399,251
2021-09-16,Sierra,091,2930,129,123,13,136,0
2021-09-16,Siskiyou,093,43540,2981,2819,1043,3862,35
2021-09-16,Solano,095,438530,43710,42792,1098,43890,312
2021-09-16,Sonoma,097,501317,39073,38707,478,39185,369
2021-09-16,Stanislaus,099,539301,72538,71105,8105,79210,1091
2021-09-16,Sutter,101,95872,12952,12729,238,12967,152
2021-09-16,Tehama,103,63373,7179,6953,1165,8118,83
2021-09-16,Trinity,105,12862,708,547,192,739,7
2021-09-16,Tulare,107,460477,61356,59459,12596,72055,894
2021-09-16,Tuolumne,109,53932,6159,5999,67,6066,89
2021-09-16,Ventura,111,848112,94129,93087,4113,97200,1110
2021-09-16,Yolo,113,214977,18366,18135,938,19073,239
2021-09-16,Yuba,115,75493,9136,8981,202,9183,61
2021-09-15,Alameda,001,1643700,113891,112498,2660,115158,1317
2021-09-15,Alpine,003,1148,99,99,0,99,0
2021-09-15,Amador,005,37829,4916,4792,48,4840,58
2021-09-15,Butte,007,227075,18364,17664,3239,20903,228
2021-09-15,Calaveras,009,45235,3383,3293,33,3326,66
2021-09-15,Colusa,011,21464,2396,2352,537,2889,16
2021-09-15,Contra Costa,013,1133247,94040,92989,1908,94897,913
2021-09-15,Del Norte,015,27424,3425,3271,23,3294,34
2021-09-15,El Dorado,017,186661,14644,14309,1468,15777,127
2021-09-15,Fresno,019,978130,126129,123370,11153,134523,1867
2021-09-15,Glenn,021,27897,3148,3051,878,3929,20
2021-09-15,Humboldt,023,135768,7968,7754,389,8143,52
2021-09-15,Imperial,025,180216,31227,30891,3050,33941,753
2021-09-15,Inyo,027,18085,1658,1614,33,1647,39
2021-09-15,Kern,029,883053,116127,113546,17874,131420,1434
2021-09-15,Kings,031,150075,28704,27991,1629,29620,279
2021-09-15,Lake,033,64148,6033,5852,120,5972,85
2021-09-15,Lassen,035,31185,6180,6018,257,6275,25
2021-09-15,Los Angeles,037,10098052,1385780,1374307,51789,1426096,25767
2021-09-15,Madera,039,155013,20441,19880,1610,21490,257
2021-09-15,Marin,041,260295,16764,16592,390,16982,242
2021-09-15,Mariposa,043,17540,900,843,30,873,5
2021-09-15,Mendocino,045,87422,6596,6399,299,6698,66
2021-09-15,Merced,047,269075,38163,37508,1407,38915,529
2021-09-15,Modoc,049,8938,465,454,161,615,5
2021-09-15,Mono,051,14174,1488,1445,16,1461,3
2021-09-15,Monterey,053,433212,47142,46317,2555,48872,562
2021-09-15,Napa,055,140530,12237,12082,82,12164,95
2021-09-15,Nevada,057,99092,8263,8081,273,8354,84
2021-09-15,Orange,059,3164182,295571,291834,13934,305768,5328
2021-09-15,Placer,061,380077,33631,32860,3147,36007,352
2021-09-15,Plumas,063,18699,1230,1164,23,1187,5
2021-09-15,Riverside,065,2383286,344520,339077,15772,354849,4769
2021-09-15,Sacramento,067,1510023,146509,145202,3697,148899,1981
2021-09-15,San Benito,069,59416,6945,6902,143,7045,67
2021-09-15,San Bernardino,071,2135413,338031,334556,10542,345098,5470
2021-09-15,San Diego,073,3302833,351334,346933,20420,367353,3983
2021-09-15,San Francisco,075,870044,49835,48999,2158,51157,605
2021-09-15,San Joaquin,077,732212,92845,91322,4921,96243,1607
2021-09-15,San Luis Obispo,079,281455,27423,26943,1061,28004,306
2021-09-15,San Mateo,081,765935,51635,50691,785,51476,564
2021-09-15,Santa Barbara,083,443738,42140,41077,1541,42618,497
2021-09-15,Santa Clara,085,1922200,140091,138410,1094,139504,1833
2021-09-15,Santa Cruz,087,273765,19231,18984,978,19962,210
2021-09-15,Shasta,089,179085,18069,17317,2940,20257,250
2021-09-15,Sierra,091,2930,129,123,13,136,0
2021-09-15,Siskiyou,093,43540,2961,2804,1012,3816,35
2021-09-15,Solano,095,438530,43638,42682,1093,43775,312
2021-09-15,Sonoma,097,501317,39014,38629,478,39107,369
2021-09-15,Stanislaus,099,539301,72314,70852,8084,78936,1091
2021-09-15,Sutter,101,95872,12919,12699,233,12932,151
2021-09-15,Tehama,103,63373,7138,6894,1156,8050,79
2021-09-15,Trinity,105,12862,706,541,190,731,7
2021-09-15,Tulare,107,460477,61098,59149,12535,71684,890
2021-09-15,Tuolumne,109,53932,6133,5969,67,6036,89
2021-09-15,Ventura,111,848112,93988,92960,4106,97066,1109
2021-09-15,Yolo,113,214977,18332,18064,930,18994,239
2021-09-15,Yuba,115,75493,9101,8953,202,9155,61
2021-09-14,Alameda,001,1643700,113680,112329,2654,114983,1316
2021-09-14,Alpine,003,1148,99,98,0,98,0
2021-09-14,Amador,005,37829,4896,4790,48,4838,57
2021-09-14,Butte,007,227075,18232,17516,3216,20732,226
2021-09-14,Calaveras,009,45235,3360,3280,30,3310,66
2021-09-14,Colusa,011,21464,2392,2344,533,2877,16
2021-09-14,Contra Costa,013,1133247,93842,92822,1899,94721,908
2021-09-14,Del Norte,015,27424,3409,3252,22,3274,32
2021-09-14,El Dorado,017,186661,14592,14247,1460,15707,123
2021-09-14,Fresno,019,978130,125653,123151,11111,134262,1856
2021-09-14,Glenn,021,27897,3127,3045,873,3918,20
2021-09-14,Humboldt,023,135768,7934,7717,384,8101,52
2021-09-14,Imperial,025,180216,31176,30845,3047,33892,752
2021-09-14,Inyo,027,18085,1649,1605,32,1637,39
2021-09-14,Kern,029,883053,115748,113250,17748,130998,1428
2021-09-14,Kings,031,150075,28628,27955,1621,29576,278
2021-09-14,Lake,033,64148,6001,5845,120,5965,83
2021-09-14,Lassen,035,31185,6166,5977,252,6229,25
2021-09-14,Los Angeles,037,10098052,1383944,1372831,51706,1424537,25729
2021-09-14,Madera,039,155013,20359,19800,1601,21401,254
2021-09-14,Marin,041,260295,16737,16584,388,16972,242
2021-09-14,Mariposa,043,17540,889,834,29,863,5
2021-09-14,Mendocino,045,87422,6561,6372,287,6659,65
2021-09-14,Merced,047,269075,38013,37430,1403,38833,526
2021-09-14,Modoc,049,8938,464,453,161,614,5
2021-09-14,Mono,051,14174,1476,1440,16,1456,4
2021-09-14,Monterey,053,433212,47100,46224,2543,48767,558
2021-09-14,Napa,055,140530,12204,12070,81,12151,91
2021-09-14,Nevada,057,99092,8229,8056,273,8329,83
2021-09-14,Orange,059,3164182,295182,291423,13910,305333,5319
2021-09-14,Placer,061,380077,33500,32735,3127,35862,350
2021-09-14,Plumas,063,18699,1215,1148,23,1171,5
2021-09-14,Riverside,065,2383286,343880,338534,15741,354275,4748
2021-09-14,Sacramento,067,1510023,146123,145051,3649,148700,1977
2021-09-14,San Benito,069,59416,6935,6887,143,7030,64
2021-09-14,San Bernardino,071,2135413,337537,333968,10517,344485,5465
2021-09-14,San Diego,073,3302833,350662,346204,20375,366579,3966
2021-09-14,San Francisco,075,870044,49700,48998,2156,51154,603
2021-09-14,San Joaquin,077,732212,92606,91128,4911,96039,1596
2021-09-14,San Luis Obispo,079,281455,27350,26845,1056,27901,304
2021-09-14,San Mateo,081,765935,51537,50602,782,51384,564
2021-09-14,Santa Barbara,083,443738,42045,40783,1532,42315,495
2021-09-14,Santa Clara,085,1922200,139856,138321,1091,139412,1828
2021-09-14,Santa Cruz,087,273765,19191,18965,976,19941,210
2021-09-14,Shasta,089,179085,17938,17152,2919,20071,246
2021-09-14,Sierra,091,2930,129,123,13,136,0
2021-09-14,Siskiyou,093,43540,2937,2756,995,3751,35
2021-09-14,Solano,095,438530,43555,42599,1090,43689,307
2021-09-14,Sonoma,097,501317,38944,38595,474,39069,369
2021-09-14,Stanislaus,099,539301,72056,70697,8056,78753,1091
2021-09-14,Sutter,101,95872,12877,12670,226,12896,149
2021-09-14,Tehama,103,63373,7084,6859,1148,8007,80
2021-09-14,Trinity,105,12862,700,538,189,727,7
2021-09-14,Tulare,107,460477,60846,58961,12463,71424,888
2021-09-14,Tuolumne,109,53932,6112,5951,65,6016,89
2021-09-14,Ventura,111,848112,93808,92841,4090,96931,1107
2021-09-14,Yolo,113,214977,18288,18039,925,18964,239
2021-09-14,Yuba,115,75493,9065,8928,202,9130,61
2021-09-13,Alameda,001,1643700,113463,112159,2649,114808,1309
2021-09-13,Alpine,003,1148,98,98,0,98,0
2021-09-13,Amador,005,37829,4878,4761,48,4809,56
2021-09-13,Butte,007,227075,18108,17393,3189,20582,225
2021-09-13,Calaveras,009,45235,3330,3253,28,3281,65
2021-09-13,Colusa,011,21464,2382,2346,528,2874,16
2021-09-13,Contra Costa,013,1133247,93596,92658,1894,94552,908
2021-09-13,Del Norte,015,27424,3373,3232,22,3254,28
2021-09-13,El Dorado,017,186661,14531,14194,1452,15646,119
2021-09-13,Fresno,019,978130,125186,122650,11054,133704,1853
2021-09-13,Glenn,021,27897,3115,3026,865,3891,20
2021-09-13,Humboldt,023,135768,7902,7659,381,8040,52
2021-09-13,Imperial,025,180216,31124,30802,3044,33846,751
2021-09-13,Inyo,027,18085,1642,1602,32,1634,39
2021-09-13,Kern,029,883053,115367,112930,17623,130553,1424
2021-09-13,Kings,031,150075,28518,27858,1609,29467,275
2021-09-13,Lake,033,64148,5979,5809,120,5929,82
2021-09-13,Lassen,035,31185,6131,5953,251,6204,25
2021-09-13,Los Angeles,037,10098052,1382087,1371423,51638,1423061,25703
2021-09-13,Madera,039,155013,20288,19735,1591,21326,252
2021-09-13,Marin,041,260295,16701,16557,387,16944,242
2021-09-13,Mariposa,043,17540,875,825,29,854,5
2021-09-13,Mendocino,045,87422,6527,6323,278,6601,61
2021-09-13,Merced,047,269075,37861,37291,1398,38689,521
2021-09-13,Modoc,049,8938,463,451,161,612,5
2021-09-13,Mono,051,14174,1470,1435,16,1451,3
2021-09-13,Monterey,053,433212,47009,46188,2530,48718,558
2021-09-13,Napa,055,140530,12186,12039,81,12120,91
2021-09-13,Nevada,057,99092,8203,8021,271,8292,83
2021-09-13,Orange,059,3164182,294746,291128,13889,305017,5312
2021-09-13,Placer,061,380077,33335,32617,3110,35727,343
2021-09-13,Plumas,063,18699,1206,1142,23,1165,5
2021-09-13,Riverside,065,2383286,343235,337876,15723,353599,4731
2021-09-13,Sacramento,067,1510023,145636,144537,3615,148152,1956
2021-09-13,San Benito,069,59416,6920,6867,142,7009,64
2021-09-13,San Bernardino,071,2135413,337049,333613,10493,344106,5441
2021-09-13,San Diego,073,3302833,349872,345647,20325,365972,3961
2021-09-13,San Francisco,075,870044,49571,48914,2150,51064,603
2021-09-13,San Joaquin,077,732212,92322,90966,4893,95859,1581
2021-09-13,San Luis Obispo,079,281455,27253,26805,1053,27858,300
2021-09-13,San Mateo,081,765935,51447,50525,777,51302,564
2021-09-13,Santa Barbara,083,443738,41928,40661,1525,42186,494
2021-09-13,Santa Clara,085,1922200,139607,138152,1086,139238,1820
2021-09-13,Santa Cruz,087,273765,19151,18917,975,19892,210
2021-09-13,Shasta,089,179085,17808,17033,2878,19911,243
2021-09-13,Sierra,091,2930,129,123,13,136,0
2021-09-13,Siskiyou,093,43540,2922,2745,983,3728,35
2021-09-13,Solano,095,438530,43451,42501,1088,43589,306
2021-09-13,Sonoma,097,501317,38877,38513,471,38984,368
2021-09-13,Stanislaus,099,539301,71802,70477,8021,78498,1091
2021-09-13,Sutter,101,95872,12819,12624,222,12846,145
2021-09-13,Tehama,103,63373,7021,6803,1136,7939,79
2021-09-13,Trinity,105,12862,698,533,187,720,7
2021-09-13,Tulare,107,460477,60559,58768,12401,71169,887
2021-09-13,Tuolumne,109,53932,6081,5909,65,5974,89
2021-09-13,Ventura,111,848112,93655,92679,4082,96761,1107
2021-09-13,Yolo,113,214977,18246,17974,920,18894,239
2021-09-13,Yuba,115,75493,9020,8884,201,9085,61
2021-09-12,Alameda,001,1643700,113191,111961,2646,114607,1309
2021-09-12,Alpine,003,1148,98,98,0,98,0
2021-09-12,Amador,005,37829,4857,4752,48,4800,56
2021-09-12,Butte,007,227075,17963,17257,3145,20402,221
2021-09-12,Calaveras,009,45235,3298,3236,24,3260,65
2021-09-12,Colusa,011,21464,2379,2344,527,2871,16
2021-09-12,Contra Costa,013,1133247,93329,92498,1882,94380,908
2021-09-12,Del Norte,015,27424,3338,3200,22,3222,28
2021-09-12,El Dorado,017,186661,14458,14167,1436,15603,119
2021-09-12,Fresno,019,978130,124671,122407,11006,133413,1853
2021-09-12,Glenn,021,27897,3096,3016,858,3874,20
2021-09-12,Humboldt,023,135768,7832,7636,370,8006,52
2021-09-12,Imperial,025,180216,31061,30790,3038,33828,751
2021-09-12,Inyo,027,18085,1632,1596,30,1626,39
2021-09-12,Kern,029,883053,114956,112602,17464,130066,1424
2021-09-12,Kings,031,150075,28408,27764,1592,29356,274
2021-09-12,Lake,033,64148,5940,5781,118,5899,82
2021-09-12,Lassen,035,31185,6094,5943,241,6184,25
2021-09-12,Los Angeles,037,10098052,1380034,1365968,51561,1417529,25630
2021-09-12,Madera,039,155013,20201,19691,1579,21270,252
2021-09-12,Marin,041,260295,16678,16526,387,16913,242
2021-09-12,Mariposa,043,17540,864,811,27,838,5
2021-09-12,Mendocino,045,87422,6486,6283,270,6553,61
2021-09-12,Merced,047,269075,37688,37172,1387,38559,521
2021-09-12,Modoc,049,8938,463,451,160,611,5
2021-09-12,Mono,051,14174,1460,1431,16,1447,3
2021-09-12,Monterey,053,433212,46911,46167,2521,48688,558
2021-09-12,Napa,055,140530,12156,12011,81,12092,91
2021-09-12,Nevada,057,99092,8164,7987,268,8255,83
2021-09-12,Orange,059,3164182,294280,290718,13865,304583,5312
2021-09-12,Placer,061,380077,33187,32520,3086,35606,343
2021-09-12,Plumas,063,18699,1189,1138,23,1161,5
2021-09-12,Riverside,065,2383286,342552,337332,15690,353022,4731
2021-09-12,Sacramento,067,1510023,145127,144030,3575,147605,1959
2021-09-12,San Benito,069,59416,6901,6852,141,6993,64
2021-09-12,San Bernardino,071,2135413,336439,333049,10480,343529,5439
2021-09-12,San Diego,073,3302833,349049,345058,20252,365310,3942
2021-09-12,San Francisco,075,870044,49459,48819,2143,50962,603
2021-09-12,San Joaquin,077,732212,91993,90730,4885,95615,1581
2021-09-12,San Luis Obispo,079,281455,27135,26729,1040,27769,299
2021-09-12,San Mateo,081,765935,51340,50432,773,51205,564
2021-09-12,Santa Barbara,083,443738,41821,40600,1517,42117,494
2021-09-12,Santa Clara,085,1922200,139353,137899,1083,138982,1820
2021-09-12,Santa Cruz,087,273765,19119,18892,974,19866,210
2021-09-12,Shasta,089,179085,17643,16957,2820,19777,243
2021-09-12,Sierra,091,2930,129,123,13,136,0
2021-09-12,Siskiyou,093,43540,2894,2730,968,3698,35
2021-09-12,Solano,095,438530,43345,42409,1083,43492,306
2021-09-12,Sonoma,097,501317,38799,38456,469,38925,368
2021-09-12,Stanislaus,099,539301,71503,70184,7982,78166,1091
2021-09-12,Sutter,101,95872,12777,12589,216,12805,145
2021-09-12,Tehama,103,63373,6957,6732,1124,7856,79
2021-09-12,Trinity,105,12862,694,529,185,714,7
2021-09-12,Tulare,107,460477,60201,58582,12341,70923,887
2021-09-12,Tuolumne,109,53932,6048,5888,65,5953,89
2021-09-12,Ventura,111,848112,93538,92496,4076,96572,1107
2021-09-12,Yolo,113,214977,18180,17943,912,18855,239
2021-09-12,Yuba,115,75493,8983,8842,201,9043,61
2021-09-11,Alameda,001,1643700,113065,111715,2644,114359,1309
2021-09-11,Alpine,003,1148,98,98,0,98,0
2021-09-11,Amador,005,37829,4844,4728,47,4775,56
2021-09-11,Butte,007,227075,17881,17218,3118,20336,221
2021-09-11,Calaveras,009,45235,3295,3208,23,3231,65
2021-09-11,Colusa,011,21464,2378,2338,524,2862,16
2021-09-11,Contra Costa,013,1133247,93211,92269,1877,94146,908
2021-09-11,Del Norte,015,27424,3322,3184,22,3206,28
2021-09-11,El Dorado,017,186661,14439,14117,1429,15546,119
2021-09-11,Fresno,019,978130,124490,122224,10986,133210,1853
2021-09-11,Glenn,021,27897,3092,3007,856,3863,20
2021-09-11,Humboldt,023,135768,7810,7615,367,7982,52
2021-09-11,Imperial,025,180216,31036,30760,3034,33794,751
2021-09-11,Inyo,027,18085,1629,1590,30,1620,39
2021-09-11,Kern,029,883053,114706,112205,17348,129553,1424
2021-09-11,Kings,031,150075,28359,27631,1586,29217,275
2021-09-11,Lake,033,64148,5920,5761,118,5879,82
2021-09-11,Lassen,035,31185,6079,5930,237,6167,25
2021-09-11,Los Angeles,037,10098052,1379070,1365831,51496,1417327,25630
2021-09-11,Madera,039,155013,20148,19648,1573,21221,252
2021-09-11,Marin,041,260295,16650,16496,386,16882,242
2021-09-11,Mariposa,043,17540,859,799,27,826,5
2021-09-11,Mendocino,045,87422,6462,6257,270,6527,61
2021-09-11,Merced,047,269075,37634,37042,1384,38426,521
2021-09-11,Modoc,049,8938,463,449,160,609,5
2021-09-11,Mono,051,14174,1456,1431,16,1447,3
2021-09-11,Monterey,053,433212,46874,46140,2519,48659,558
2021-09-11,Napa,055,140530,12133,11991,81,12072,91
2021-09-11,Nevada,057,99092,8149,7967,268,8235,83
2021-09-11,Orange,059,3164182,293980,290429,13848,304277,5306
2021-09-11,Placer,061,380077,33103,32414,3075,35489,344
2021-09-11,Plumas,063,18699,1184,1112,23,1135,5
2021-09-11,Riverside,065,2383286,342114,336585,15676,352261,4731
2021-09-11,Sacramento,067,1510023,144827,143557,3563,147120,1955
2021-09-11,San Benito,069,59416,6888,6844,141,6985,64
2021-09-11,San Bernardino,071,2135413,336099,332512,10466,342978,5430
2021-09-11,San Diego,073,3302833,348559,344355,20228,364583,3942
2021-09-11,San Francisco,075,870044,49404,48660,2138,50798,603
2021-09-11,San Joaquin,077,732212,91848,90482,4878,95360,1581
2021-09-11,San Luis Obispo,079,281455,27089,26651,1039,27690,299
2021-09-11,San Mateo,081,765935,51271,50341,773,51114,564
2021-09-11,Santa Barbara,083,443738,41748,40451,1517,41968,494
2021-09-11,Santa Clara,085,1922200,139203,137659,1080,138739,1820
2021-09-11,Santa Cruz,087,273765,19090,18865,974,19839,210
2021-09-11,Shasta,089,179085,17550,16877,2800,19677,243
2021-09-11,Sierra,091,2930,129,123,13,136,0
2021-09-11,Siskiyou,093,43540,2877,2717,965,3682,35
2021-09-11,Solano,095,438530,43294,42344,1080,43424,306
2021-09-11,Sonoma,097,501317,38752,38399,467,38866,368
2021-09-11,Stanislaus,099,539301,71377,69974,7968,77942,1091
2021-09-11,Sutter,101,95872,12752,12538,213,12751,145
2021-09-11,Tehama,103,63373,6936,6703,1116,7819,79
2021-09-11,Trinity,105,12862,687,526,185,711,7
2021-09-11,Tulare,107,460477,60090,58321,12294,70615,889
2021-09-11,Tuolumne,109,53932,6029,5879,62,5941,89
2021-09-11,Ventura,111,848112,93459,92328,4071,96399,1107
2021-09-11,Yolo,113,214977,18157,17906,907,18813,239
2021-09-11,Yuba,115,75493,8958,8813,201,9014,61
2021-09-10,Alameda,001,1643700,112873,111386,2643,114029,1306
2021-09-10,Alpine,003,1148,97,97,0,97,0
2021-09-10,Amador,005,37829,4832,4706,47,4753,56
2021-09-10,Butte,007,227075,17806,17051,3103,20154,222
2021-09-10,Calaveras,009,45235,3289,3183,23,3206,65
2021-09-10,Colusa,011,21464,2374,2327,521,2848,16
2021-09-10,Contra Costa,013,1133247,93090,92024,1875,93899,908
2021-09-10,Del Norte,015,27424,3307,3128,21,3149,28
2021-09-10,El Dorado,017,186661,14408,14051,1424,15475,119
2021-09-10,Fresno,019,978130,124168,121659,10966,132625,1846
2021-09-10,Glenn,021,27897,3087,2977,856,3833,20
2021-09-10,Humboldt,023,135768,7777,7543,363,7906,52
2021-09-10,Imperial,025,180216,31012,30716,3032,33748,751
2021-09-10,Inyo,027,18085,1625,1590,30,1620,39
2021-09-10,Kern,029,883053,114452,111832,17229,129061,1419
2021-09-10,Kings,031,150075,28285,27473,1578,29051,274
2021-09-10,Lake,033,64148,5904,5713,116,5829,79
2021-09-10,Lassen,035,31185,6071,5914,234,6148,25
2021-09-10,Los Angeles,037,10098052,1377863,1365709,51429,1417138,25630
2021-09-10,Madera,039,155013,20102,19520,1568,21088,252
2021-09-10,Marin,041,260295,16630,16458,383,16841,242
2021-09-10,Mariposa,043,17540,854,795,27,822,5
2021-09-10,Mendocino,045,87422,6431,6184,269,6453,61
2021-09-10,Merced,047,269075,37582,36884,1383,38267,521
2021-09-10,Modoc,049,8938,463,448,160,608,5
2021-09-10,Mono,051,14174,1453,1422,16,1438,3
2021-09-10,Monterey,053,433212,46830,46084,2517,48601,557
2021-09-10,Napa,055,140530,12109,11948,81,12029,90
2021-09-10,Nevada,057,99092,8131,7932,267,8199,83
2021-09-10,Orange,059,3164182,293676,290022,13839,303861,5302
2021-09-10,Placer,061,380077,33003,32264,3062,35326,343
2021-09-10,Plumas,063,18699,1176,1111,23,1134,5
2021-09-10,Riverside,065,2383286,341641,335988,15669,351657,4720
2021-09-10,Sacramento,067,1510023,144484,143244,3555,146799,1950
2021-09-10,San Benito,069,59416,6884,6824,141,6965,64
2021-09-10,San Bernardino,071,2135413,335678,331894,10456,342350,5422
2021-09-10,San Diego,073,3302833,347996,343173,20187,363360,3941
2021-09-10,San Francisco,075,870044,49325,48518,2131,50649,602
2021-09-10,San Joaquin,077,732212,91668,90208,4871,95079,1573
2021-09-10,San Luis Obispo,079,281455,27056,26526,1037,27563,299
2021-09-10,San Mateo,081,765935,51207,50251,772,51023,564
2021-09-10,Santa Barbara,083,443738,41694,40321,1514,41835,492
2021-09-10,Santa Clara,085,1922200,139019,137337,1079,138416,1817
2021-09-10,Santa Cruz,087,273765,19071,18785,973,19758,210
2021-09-10,Shasta,089,179085,17456,16667,2772,19439,242
2021-09-10,Sierra,091,2930,129,117,13,130,0
2021-09-10,Siskiyou,093,43540,2865,2702,961,3663,35
2021-09-10,Solano,095,438530,43220,42230,1073,43303,305
2021-09-10,Sonoma,097,501317,38694,38271,466,38737,368
2021-09-10,Stanislaus,099,539301,71219,69617,7944,77561,1091
2021-09-10,Sutter,101,95872,12718,12468,213,12681,145
2021-09-10,Tehama,103,63373,6903,6652,1110,7762,77
2021-09-10,Trinity,105,12862,683,524,185,709,7
2021-09-10,Tulare,107,460477,59942,57930,12249,70179,883
2021-09-10,Tuolumne,109,53932,6011,5842,61,5903,89
2021-09-10,Ventura,111,848112,93370,92145,4066,96211,1104
2021-09-10,Yolo,113,214977,18132,17825,902,18727,239
2021-09-10,Yuba,115,75493,8939,8760,200,8960,62
2021-09-09,Alameda,001,1643700,112654,111014,2638,113652,1306
2021-09-09,Alpine,003,1148,97,94,0,94,0
2021-09-09,Amador,005,37829,4811,4698,46,4744,56
2021-09-09,Butte,007,227075,17661,16874,3077,19951,221
2021-09-09,Calaveras,009,45235,3255,3165,23,3188,65
2021-09-09,Colusa,011,21464,2367,2321,519,2840,16
2021-09-09,Contra Costa,013,1133247,92881,91687,1870,93557,904
2021-09-09,Del Norte,015,27424,3284,3102,21,3123,28
2021-09-09,El Dorado,017,186661,14351,13970,1414,15384,119
2021-09-09,Fresno,019,978130,123695,121040,10933,131973,1838
2021-09-09,Glenn,021,27897,3074,2947,850,3797,20
2021-09-09,Humboldt,023,135768,7727,7471,357,7828,52
2021-09-09,Imperial,025,180216,30974,30661,3029,33690,751
2021-09-09,Inyo,027,18085,1618,1586,30,1616,39
2021-09-09,Kern,029,883053,114103,111390,17072,128462,1414
2021-09-09,Kings,031,150075,28184,27282,1567,28849,273
2021-09-09,Lake,033,64148,5880,5638,114,5752,79
2021-09-09,Lassen,035,31185,6021,5860,228,6088,25
2021-09-09,Los Angeles,037,10098052,1376001,1363735,51357,1415092,25583
2021-09-09,Madera,039,155013,20029,19401,1555,20956,252
2021-09-09,Marin,041,260295,16606,16416,380,16796,242
2021-09-09,Mariposa,043,17540,841,779,26,805,5
2021-09-09,Mendocino,045,87422,6399,6089,260,6349,61
2021-09-09,Merced,047,269075,37427,36634,1370,38004,516
2021-09-09,Modoc,049,8938,463,448,160,608,5
2021-09-09,Mono,051,14174,1447,1420,16,1436,3
2021-09-09,Monterey,053,433212,46776,45991,2506,48497,556
2021-09-09,Napa,055,140530,12077,11878,81,11959,90
2021-09-09,Nevada,057,99092,8093,7855,267,8122,82
2021-09-09,Orange,059,3164182,293268,289109,13808,302917,5299
2021-09-09,Placer,061,380077,32886,32048,3047,35095,342
2021-09-09,Plumas,063,18699,1166,1098,22,1120,5
2021-09-09,Riverside,065,2383286,341002,334774,15651,350425,4701
2021-09-09,Sacramento,067,1510023,144002,142728,3509,146237,1929
2021-09-09,San Benito,069,59416,6874,6820,140,6960,64
2021-09-09,San Bernardino,071,2135413,335115,331040,10444,341484,5417
2021-09-09,San Diego,073,3302833,347270,342149,20130,362279,3929
2021-09-09,San Francisco,075,870044,49211,48404,2122,50526,597
2021-09-09,San Joaquin,077,732212,91394,89874,4853,94727,1570
2021-09-09,San Luis Obispo,079,281455,26974,26472,1034,27506,296
2021-09-09,San Mateo,081,765935,51086,50143,768,50911,561
2021-09-09,Santa Barbara,083,443738,41589,40180,1509,41689,490
2021-09-09,Santa Clara,085,1922200,138795,137017,1074,138091,1816
2021-09-09,Santa Cruz,087,273765,19025,18728,973,19701,210
2021-09-09,Shasta,089,179085,17310,16401,2730,19131,238
2021-09-09,Sierra,091,2930,129,115,13,128,0
2021-09-09,Siskiyou,093,43540,2842,2683,947,3630,35
2021-09-09,Solano,095,438530,43104,42081,1069,43150,303
2021-09-09,Sonoma,097,501317,38626,38171,465,38636,360
2021-09-09,Stanislaus,099,539301,70933,69178,7911,77089,1074
2021-09-09,Sutter,101,95872,12663,12396,211,12607,144
2021-09-09,Tehama,103,63373,6849,6554,1105,7659,75
2021-09-09,Trinity,105,12862,677,523,183,706,6
2021-09-09,Tulare,107,460477,59700,57564,12189,69753,879
2021-09-09,Tuolumne,109,53932,5983,5802,60,5862,89
2021-09-09,Ventura,111,848112,93227,91610,4057,95667,1098
2021-09-09,Yolo,113,214977,18076,17724,899,18623,239
2021-09-09,Yuba,115,75493,8894,8707,197,8904,55
2021-09-08,Alameda,001,1643700,112398,110781,2635,113416,1305
2021-09-08,Alpine,003,1148,97,94,0,94,0
2021-09-08,Amador,005,37829,4799,4693,46,4739,56
2021-09-08,Butte,007,227075,17528,16775,3060,19835,220
2021-09-08,Calaveras,009,45235,3236,3157,23,3180,63
2021-09-08,Colusa,011,21464,2365,2308,517,2825,16
2021-09-08,Contra Costa,013,1133247,92609,91471,1865,93336,900
2021-09-08,Del Norte,015,27424,3260,3085,21,3106,25
2021-09-08,El Dorado,017,186661,14271,13928,1392,15320,119
2021-09-08,Fresno,019,978130,123204,120644,10881,131525,1831
2021-09-08,Glenn,021,27897,3056,2942,838,3780,20
2021-09-08,Humboldt,023,135768,7683,7438,349,7787,52
2021-09-08,Imperial,025,180216,30941,30609,3016,33625,751
2021-09-08,Inyo,027,18085,1607,1580,30,1610,39
2021-09-08,Kern,029,883053,113706,110933,16932,127865,1409
2021-09-08,Kings,031,150075,28055,27235,1552,28787,267
2021-09-08,Lake,033,64148,5850,5618,112,5730,79
2021-09-08,Lassen,035,31185,6003,5848,221,6069,25
2021-09-08,Los Angeles,037,10098052,1373937,1362029,51269,1413298,25533
2021-09-08,Madera,039,155013,19969,19352,1541,20893,252
2021-09-08,Marin,041,260295,16578,16386,379,16765,242
2021-09-08,Mariposa,043,17540,829,777,25,802,5
2021-09-08,Mendocino,045,87422,6353,6069,251,6320,61
2021-09-08,Merced,047,269075,37265,36500,1359,37859,516
2021-09-08,Modoc,049,8938,463,448,160,608,5
2021-09-08,Mono,051,14174,1444,1418,16,1434,3
2021-09-08,Monterey,053,433212,46727,45959,2500,48459,554
2021-09-08,Napa,055,140530,12042,11842,79,11921,90
2021-09-08,Nevada,057,99092,8057,7843,266,8109,82
2021-09-08,Orange,059,3164182,292861,288511,13784,302295,5290
2021-09-08,Placer,061,380077,32749,31852,3030,34882,337
2021-09-08,Plumas,063,18699,1159,1072,22,1094,5
2021-09-08,Riverside,065,2383286,340242,334037,15625,349662,4683
2021-09-08,Sacramento,067,1510023,143524,142448,3459,145907,1921
2021-09-08,San Benito,069,59416,6856,6800,140,6940,64
2021-09-08,San Bernardino,071,2135413,334513,330279,10428,340707,5411
2021-09-08,San Diego,073,3302833,346334,341437,20084,361521,3926
2021-09-08,San Francisco,075,870044,49071,48263,2119,50382,589
2021-09-08,San Joaquin,077,732212,91115,89631,4829,94460,1561
2021-09-08,San Luis Obispo,079,281455,26881,26303,1029,27332,294
2021-09-08,San Mateo,081,765935,50985,50051,768,50819,561
2021-09-08,Santa Barbara,083,443738,41478,40000,1505,41505,490
2021-09-08,Santa Clara,085,1922200,138562,136836,1070,137906,1810
2021-09-08,Santa Cruz,087,273765,18988,18699,973,19672,210
2021-09-08,Shasta,089,179085,17155,16227,2683,18910,234
2021-09-08,Sierra,091,2930,129,113,13,126,0
2021-09-08,Siskiyou,093,43540,2809,2643,936,3579,35
2021-09-08,Solano,095,438530,43012,41971,1066,43037,302
2021-09-08,Sonoma,097,501317,38543,38075,464,38539,360
2021-09-08,Stanislaus,099,539301,70687,68945,7872,76817,1074
2021-09-08,Sutter,101,95872,12598,12349,208,12557,144
2021-09-08,Tehama,103,63373,6782,6520,1088,7608,75
2021-09-08,Trinity,105,12862,674,520,179,699,6
2021-09-08,Tulare,107,460477,59375,57425,12133,69558,876
2021-09-08,Tuolumne,109,53932,5950,5783,58,5841,89
2021-09-08,Ventura,111,848112,93077,91345,4039,95384,1096
2021-09-08,Yolo,113,214977,17994,17680,894,18574,239
2021-09-08,Yuba,115,75493,8852,8675,195,8870,55
2021-09-07,Alameda,001,1643700,112092,110550,2630,113180,1301
2021-09-07,Alpine,003,1148,96,94,0,94,0
2021-09-07,Amador,005,37829,4772,4679,46,4725,53
2021-09-07,Butte,007,227075,17372,16723,3024,19747,220
2021-09-07,Calaveras,009,45235,3196,3140,21,3161,63
2021-09-07,Colusa,011,21464,2354,2306,516,2822,16
2021-09-07,Contra Costa,013,1133247,92349,91167,1859,93026,891
2021-09-07,Del Norte,015,27424,3246,3081,21,3102,24
2021-09-07,El Dorado,017,186661,14199,13892,1376,15268,119
2021-09-07,Fresno,019,978130,122655,120268,10816,131084,1828
2021-09-07,Glenn,021,27897,3039,2937,830,3767,20
2021-09-07,Humboldt,023,135768,7623,7397,332,7729,52
2021-09-07,Imperial,025,180216,30901,30584,3008,33592,751
2021-09-07,Inyo,027,18085,1601,1579,29,1608,39
2021-09-07,Kern,029,883053,113273,110674,16769,127443,1408
2021-09-07,Kings,031,150075,27931,27169,1534,28703,267
2021-09-07,Lake,033,64148,5807,5597,104,5701,78
2021-09-07,Lassen,035,31185,5985,5842,215,6057,21
2021-09-07,Los Angeles,037,10098052,1371711,1360407,51176,1411583,25486
2021-09-07,Madera,039,155013,19882,19316,1533,20849,249
2021-09-07,Marin,041,260295,16540,16363,379,16742,242
2021-09-07,Mariposa,043,17540,814,771,25,796,5
2021-09-07,Mendocino,045,87422,6296,6036,241,6277,61
2021-09-07,Merced,047,269075,37091,36400,1353,37753,513
2021-09-07,Modoc,049,8938,461,449,160,609,5
2021-09-07,Mono,051,14174,1435,1416,16,1432,3
2021-09-07,Monterey,053,433212,46644,45911,2486,48397,543
2021-09-07,Napa,055,140530,12001,11814,79,11893,90
2021-09-07,Nevada,057,99092,8029,7829,266,8095,82
2021-09-07,Orange,059,3164182,292429,288225,13753,301978,5274
2021-09-07,Placer,061,380077,32596,31710,3001,34711,337
2021-09-07,Plumas,063,18699,1144,1071,22,1093,5
2021-09-07,Riverside,065,2383286,339456,333390,15606,348996,4666
2021-09-07,Sacramento,067,1510023,142983,142364,3413,145777,1905
2021-09-07,San Benito,069,59416,6838,6786,140,6926,64
2021-09-07,San Bernardino,071,2135413,333767,329962,10403,340365,5407
2021-09-07,San Diego,073,3302833,345323,340709,20020,360729,3922
2021-09-07,San Francisco,075,870044,48931,48175,2113,50288,589
2021-09-07,San Joaquin,077,732212,90780,89468,4815,94283,1548
2021-09-07,San Luis Obispo,079,281455,26763,26253,1020,27273,287
2021-09-07,San Mateo,081,765935,50892,49913,767,50680,561
2021-09-07,Santa Barbara,083,443738,41353,39957,1500,41457,489
2021-09-07,Santa Clara,085,1922200,138275,136631,1064,137695,1807
2021-09-07,Santa Cruz,087,273765,18939,18669,971,19640,210
2021-09-07,Shasta,089,179085,16997,16096,2629,18725,226
2021-09-07,Sierra,091,2930,129,111,13,124,0
2021-09-07,Siskiyou,093,43540,2783,2607,919,3526,34
2021-09-07,Solano,095,438530,42882,41862,1062,42924,300
2021-09-07,Sonoma,097,501317,38459,38013,462,38475,358
2021-09-07,Stanislaus,099,539301,70401,68831,7844,76675,1074
2021-09-07,Sutter,101,95872,12524,12310,202,12512,138
2021-09-07,Tehama,103,63373,6730,6482,1068,7550,74
2021-09-07,Trinity,105,12862,668,517,179,696,6
2021-09-07,Tulare,107,460477,59022,57228,12053,69281,874
2021-09-07,Tuolumne,109,53932,5913,5759,58,5817,88
2021-09-07,Ventura,111,848112,92866,91246,4029,95275,1093
2021-09-07,Yolo,113,214977,17925,17653,889,18542,235
2021-09-07,Yuba,115,75493,8809,8642,190,8832,55
2021-09-06,Alameda,001,1643700,111782,110357,2621,112978,1301
2021-09-06,Alpine,003,1148,94,94,0,94,0
2021-09-06,Amador,005,37829,4756,4648,45,4693,53
2021-09-06,Butte,007,227075,17180,16588,2980,19568,218
2021-09-06,Calaveras,009,45235,3178,3122,21,3143,63
2021-09-06,Colusa,011,21464,2347,2306,511,2817,16
2021-09-06,Contra Costa,013,1133247,92055,90971,1849,92820,891
2021-09-06,Del Norte,015,27424,3205,3037,20,3057,24
2021-09-06,El Dorado,017,186661,14130,13848,1360,15208,119
2021-09-06,Fresno,019,978130,122087,119738,10752,130490,1828
2021-09-06,Glenn,021,27897,3006,2912,817,3729,20
2021-09-06,Humboldt,023,135768,7546,7320,314,7634,52
2021-09-06,Imperial,025,180216,30838,30576,3002,33578,751
2021-09-06,Inyo,027,18085,1592,1578,17,1595,39
2021-09-06,Kern,029,883053,112762,110347,16580,126927,1408
2021-09-06,Kings,031,150075,27788,27094,1519,28613,264
2021-09-06,Lake,033,64148,5743,5548,97,5645,78
2021-09-06,Lassen,035,31185,5959,5822,204,6026,21
2021-09-06,Los Angeles,037,10098052,1369336,1359348,51058,1410406,25477
2021-09-06,Madera,039,155013,19780,19191,1510,20701,249
2021-09-06,Marin,041,260295,16500,16356,379,16735,242
2021-09-06,Mariposa,043,17540,802,764,25,789,5
2021-09-06,Mendocino,045,87422,6228,5984,228,6212,61
2021-09-06,Merced,047,269075,36874,36300,1344,37644,513
2021-09-06,Modoc,049,8938,458,449,160,609,5
2021-09-06,Mono,051,14174,1432,1416,16,1432,3
2021-09-06,Monterey,053,433212,46550,45833,2470,48303,541
2021-09-06,Napa,055,140530,11958,11792,78,11870,90
2021-09-06,Nevada,057,99092,7981,7748,264,8012,82
2021-09-06,Orange,059,3164182,291932,287948,13698,301646,5274
2021-09-06,Placer,061,380077,32419,31595,2963,34558,337
2021-09-06,Plumas,063,18699,1123,1068,19,1087,5
2021-09-06,Riverside,065,2383286,338638,333052,15585,348637,4666
2021-09-06,Sacramento,067,1510023,142343,141730,3344,145074,1905
2021-09-06,San Benito,069,59416,6815,6777,137,6914,64
2021-09-06,San Bernardino,071,2135413,332885,329693,10372,340065,5398
2021-09-06,San Diego,073,3302833,344307,340222,19925,360147,3922
2021-09-06,San Francisco,075,870044,48797,48120,2107,50227,589
2021-09-06,San Joaquin,077,732212,90435,89293,4789,94082,1548
2021-09-06,San Luis Obispo,079,281455,26634,26183,1017,27200,286
2021-09-06,San Mateo,081,765935,50766,49859,764,50623,561
2021-09-06,Santa Barbara,083,443738,41225,39876,1490,41366,489
2021-09-06,Santa Clara,085,1922200,137985,136458,1062,137520,1807
2021-09-06,Santa Cruz,087,273765,18887,18615,968,19583,210
2021-09-06,Shasta,089,179085,16817,15985,2574,18559,226
2021-09-06,Sierra,091,2930,129,109,13,122,0
2021-09-06,Siskiyou,093,43540,2739,2595,885,3480,34
2021-09-06,Solano,095,438530,42735,41774,1056,42830,300
2021-09-06,Sonoma,097,501317,38339,37929,461,38390,358
2021-09-06,Stanislaus,099,539301,70024,68596,7799,76395,1074
2021-09-06,Sutter,101,95872,12462,12238,193,12431,138
2021-09-06,Tehama,103,63373,6668,6413,1041,7454,74
2021-09-06,Trinity,105,12862,665,515,177,692,6
2021-09-06,Tulare,107,460477,58668,57068,11972,69040,874
2021-09-06,Tuolumne,109,53932,5878,5697,58,5755,88
2021-09-06,Ventura,111,848112,92690,91132,4017,95149,1093
2021-09-06,Yolo,113,214977,17842,17576,883,18459,235
2021-09-06,Yuba,115,75493,8759,8584,186,8770,55
2021-09-05,Alameda,001,1643700,111592,110173,2618,112791,1301
2021-09-05,Alpine,003,1148,94,94,0,94,0
2021-09-05,Amador,005,37829,4744,4642,45,4687,53
2021-09-05,Butte,007,227075,17090,16504,2952,19456,218
2021-09-05,Calaveras,009,45235,3171,3106,21,3127,63
2021-09-05,Colusa,011,21464,2339,2305,509,2814,16
2021-09-05,Contra Costa,013,1133247,91871,90862,1844,92706,891
2021-09-05,Del Norte,015,27424,3184,3023,20,3043,24
2021-09-05,El Dorado,017,186661,14101,13827,1346,15173,119
2021-09-05,Fresno,019,978130,121790,119384,10717,130101,1828
2021-09-05,Glenn,021,27897,2997,2899,814,3713,20
2021-09-05,Humboldt,023,135768,7513,7312,311,7623,52
2021-09-05,Imperial,025,180216,30809,30548,3000,33548,751
2021-09-05,Inyo,027,18085,1589,1572,17,1589,39
2021-09-05,Kern,029,883053,112462,110073,16419,126492,1408
2021-09-05,Kings,031,150075,27711,26989,1515,28504,264
2021-09-05,Lake,033,64148,5723,5525,97,5622,78
2021-09-05,Lassen,035,31185,5937,5820,200,6020,21
2021-09-05,Los Angeles,037,10098052,1368050,1357748,50986,1408734,25465
2021-09-05,Madera,039,155013,19737,19155,1499,20654,249
2021-09-05,Marin,041,260295,16481,16342,378,16720,242
2021-09-05,Mariposa,043,17540,798,761,25,786,5
2021-09-05,Mendocino,045,87422,6194,5965,228,6193,61
2021-09-05,Merced,047,269075,36798,36243,1343,37586,513
2021-09-05,Modoc,049,8938,458,447,160,607,5
2021-09-05,Mono,051,14174,1432,1416,16,1432,3
2021-09-05,Monterey,053,433212,46522,45795,2461,48256,540
2021-09-05,Napa,055,140530,11933,11770,78,11848,90
2021-09-05,Nevada,057,99092,7959,7722,263,7985,82
2021-09-05,Orange,059,3164182,291646,287614,13681,301295,5274
2021-09-05,Placer,061,380077,32292,31487,2949,34436,337
2021-09-05,Plumas,063,18699,1116,1067,19,1086,5
2021-09-05,Riverside,065,2383286,338187,332604,15573,348177,4654
2021-09-05,Sacramento,067,1510023,141904,141276,3326,144602,1905
2021-09-05,San Benito,069,59416,6814,6764,137,6901,64
2021-09-05,San Bernardino,071,2135413,332504,329062,10357,339419,5392
2021-09-05,San Diego,073,3302833,343748,339427,19889,359316,3914
2021-09-05,San Francisco,075,870044,48719,48035,2102,50137,589
2021-09-05,San Joaquin,077,732212,90270,89121,4772,93893,1548
2021-09-05,San Luis Obispo,079,281455,26586,26098,1016,27114,285
2021-09-05,San Mateo,081,765935,50700,49809,760,50569,561
2021-09-05,Santa Barbara,083,443738,41158,39762,1488,41250,489
2021-09-05,Santa Clara,085,1922200,137775,136146,1060,137206,1807
2021-09-05,Santa Cruz,087,273765,18867,18588,966,19554,210
2021-09-05,Shasta,089,179085,16734,15960,2548,18508,226
2021-09-05,Sierra,091,2930,128,109,13,122,0
2021-09-05,Siskiyou,093,43540,2722,2585,871,3456,34
2021-09-05,Solano,095,438530,42640,41687,1051,42738,300
2021-09-05,Sonoma,097,501317,38254,37881,460,38341,358
2021-09-05,Stanislaus,099,539301,69875,68434,7774,76208,1074
2021-09-05,Sutter,101,95872,12432,12179,187,12366,138
2021-09-05,Tehama,103,63373,6643,6400,1035,7435,74
2021-09-05,Trinity,105,12862,658,505,176,681,6
2021-09-05,Tulare,107,460477,58500,56915,11928,68843,874
2021-09-05,Tuolumne,109,53932,5866,5688,58,5746,88
2021-09-05,Ventura,111,848112,92555,91004,4013,95017,1093
2021-09-05,Yolo,113,214977,17807,17557,877,18434,235
2021-09-05,Yuba,115,75493,8733,8521,184,8705,55
2021-09-04,Alameda,001,1643700,111465,109944,2611,112555,1301
2021-09-04,Alpine,003,1148,94,94,0,94,0
2021-09-04,Amador,005,37829,4726,4637,44,4681,53
2021-09-04,Butte,007,227075,17032,16403,2937,19340,218
2021-09-04,Calaveras,009,45235,3160,3087,20,3107,63
2021-09-04,Colusa,011,21464,2337,2301,509,2810,16
2021-09-04,Contra Costa,013,1133247,91758,90623,1841,92464,891
2021-09-04,Del Norte,015,27424,3173,2984,20,3004,24
2021-09-04,El Dorado,017,186661,14075,13782,1338,15120,119
2021-09-04,Fresno,019,978130,121597,119033,10701,129734,1828
2021-09-04,Glenn,021,27897,2988,2878,811,3689,20
2021-09-04,Humboldt,023,135768,7482,7298,305,7603,52
2021-09-04,Imperial,025,180216,30786,30526,2998,33524,751
2021-09-04,Inyo,027,18085,1587,1571,17,1588,39
2021-09-04,Kern,029,883053,112217,109751,16288,126039,1408
2021-09-04,Kings,031,150075,27623,26896,1509,28405,263
2021-09-04,Lake,033,64148,5705,5507,97,5604,78
2021-09-04,Lassen,035,31185,5922,5814,192,6006,21
2021-09-04,Los Angeles,037,10098052,1367108,1355634,50925,1406559,25454
2021-09-04,Madera,039,155013,19704,19112,1492,20604,249
2021-09-04,Marin,041,260295,16465,16319,377,16696,242
2021-09-04,Mariposa,043,17540,793,759,25,784,5
2021-09-04,Mendocino,045,87422,6158,5933,228,6161,61
2021-09-04,Merced,047,269075,36753,36083,1340,37423,513
2021-09-04,Modoc,049,8938,458,447,160,607,5
2021-09-04,Mono,051,14174,1432,1417,16,1433,3
2021-09-04,Monterey,053,433212,46491,45756,2457,48213,540
2021-09-04,Napa,055,140530,11908,11760,76,11836,90
2021-09-04,Nevada,057,99092,7944,7691,262,7953,82
2021-09-04,Orange,059,3164182,291380,287244,13660,300904,5274
2021-09-04,Placer,061,380077,32188,31374,2932,34306,337
2021-09-04,Plumas,063,18699,1108,1067,19,1086,5
2021-09-04,Riverside,065,2383286,337717,331958,15561,347519,4654
2021-09-04,Sacramento,067,1510023,141611,140735,3318,144053,1896
2021-09-04,San Benito,069,59416,6805,6758,137,6895,64
2021-09-04,San Bernardino,071,2135413,332172,328425,10344,338769,5393
2021-09-04,San Diego,073,3302833,343314,338748,19867,358615,3914
2021-09-04,San Francisco,075,870044,48645,47937,2092,50029,589
2021-09-04,San Joaquin,077,732212,90154,88846,4764,93610,1548
2021-09-04,San Luis Obispo,079,281455,26555,26020,1016,27036,285
2021-09-04,San Mateo,081,765935,50645,49721,759,50480,560
2021-09-04,Santa Barbara,083,443738,41092,39667,1486,41153,489
2021-09-04,Santa Clara,085,1922200,137589,135845,1057,136902,1806
2021-09-04,Santa Cruz,087,273765,18849,18579,962,19541,210
2021-09-04,Shasta,089,179085,16657,15924,2522,18446,226
2021-09-04,Sierra,091,2930,126,108,13,121,0
2021-09-04,Siskiyou,093,43540,2696,2563,860,3423,34
2021-09-04,Solano,095,438530,42567,41614,1049,42663,300
2021-09-04,Sonoma,097,501317,38221,37809,460,38269,358
2021-09-04,Stanislaus,099,539301,69717,68210,7750,75960,1074
2021-09-04,Sutter,101,95872,12391,12137,186,12323,138
2021-09-04,Tehama,103,63373,6618,6367,1017,7384,74
2021-09-04,Trinity,105,12862,656,497,176,673,6
2021-09-04,Tulare,107,460477,58392,56719,11885,68604,874
2021-09-04,Tuolumne,109,53932,5848,5667,56,5723,88
2021-09-04,Ventura,111,848112,92420,90904,4010,94914,1090
2021-09-04,Yolo,113,214977,17773,17522,873,18395,235
2021-09-04,Yuba,115,75493,8705,8475,183,8658,55
2021-09-03,Alameda,001,1643700,111315,109636,2609,112245,1301
2021-09-03,Alpine,003,1148,94,94,0,94,0
2021-09-03,Amador,005,37829,4704,4614,44,4658,53
2021-09-03,Butte,007,227075,16942,16259,2911,19170,215
2021-09-03,Calaveras,009,45235,3150,3069,20,3089,63
2021-09-03,Colusa,011,21464,2332,2295,508,2803,16
2021-09-03,Contra Costa,013,1133247,91607,90299,1838,92137,886
2021-09-03,Del Norte,015,27424,3145,2943,19,2962,24
2021-09-03,El Dorado,017,186661,14042,13710,1334,15044,119
2021-09-03,Fresno,019,978130,121265,118508,10682,129190,1822
2021-09-03,Glenn,021,27897,2980,2867,805,3672,20
2021-09-03,Humboldt,023,135768,7458,7194,300,7494,52
2021-09-03,Imperial,025,180216,30763,30475,2992,33467,751
2021-09-03,Inyo,027,18085,1582,1567,17,1584,39
2021-09-03,Kern,029,883053,112000,109296,16177,125473,1407
2021-09-03,Kings,031,150075,27539,26753,1506,28259,263
2021-09-03,Lake,033,64148,5685,5479,95,5574,78
2021-09-03,Lassen,035,31185,5905,5789,187,5976,21
2021-09-03,Los Angeles,037,10098052,1365779,1351185,50861,1402046,25384
2021-09-03,Madera,039,155013,19619,19021,1487,20508,247
2021-09-03,Marin,041,260295,16443,16293,376,16669,242
2021-09-03,Mariposa,043,17540,785,753,25,778,5
2021-09-03,Mendocino,045,87422,6123,5891,227,6118,61
2021-09-03,Merced,047,269075,36699,35941,1331,37272,512
2021-09-03,Modoc,049,8938,458,445,160,605,5
2021-09-03,Mono,051,14174,1431,1410,16,1426,3
2021-09-03,Monterey,053,433212,46453,45707,2453,48160,540
2021-09-03,Napa,055,140530,11887,11733,76,11809,89
2021-09-03,Nevada,057,99092,7911,7632,262,7894,82
2021-09-03,Orange,059,3164182,291058,286818,13630,300448,5253
2021-09-03,Placer,061,380077,32080,31238,2908,34146,335
2021-09-03,Plumas,063,18699,1097,1057,19,1076,5
2021-09-03,Riverside,065,2383286,337185,331011,15545,346556,4653
2021-09-03,Sacramento,067,1510023,141242,139982,3299,143281,1886
2021-09-03,San Benito,069,59416,6799,6746,137,6883,64
2021-09-03,San Bernardino,071,2135413,331760,327599,10333,337932,5381
2021-09-03,San Diego,073,3302833,342692,337627,19836,357463,3911
2021-09-03,San Francisco,075,870044,48569,47822,2086,49908,589
2021-09-03,San Joaquin,077,732212,90001,88366,4756,93122,1540
2021-09-03,San Luis Obispo,079,281455,26480,25917,1014,26931,283
2021-09-03,San Mateo,081,765935,50550,49617,757,50374,560
2021-09-03,Santa Barbara,083,443738,41026,39507,1483,40990,489
2021-09-03,Santa Clara,085,1922200,137387,135522,1053,136575,1801
2021-09-03,Santa Cruz,087,273765,18824,18532,962,19494,210
2021-09-03,Shasta,089,179085,16582,15778,2498,18276,226
2021-09-03,Sierra,091,2930,124,105,13,118,0
2021-09-03,Siskiyou,093,43540,2684,2529,847,3376,34
2021-09-03,Solano,095,438530,42466,41457,1046,42503,300
2021-09-03,Sonoma,097,501317,38159,37699,460,38159,358
2021-09-03,Stanislaus,099,539301,69537,67887,7724,75611,1074
2021-09-03,Sutter,101,95872,12352,12073,185,12258,139
2021-09-03,Tehama,103,63373,6579,6334,1010,7344,72
2021-09-03,Trinity,105,12862,655,490,171,661,6
2021-09-03,Tulare,107,460477,58265,56401,11832,68233,872
2021-09-03,Tuolumne,109,53932,5806,5630,56,5686,88
2021-09-03,Ventura,111,848112,92286,90742,4006,94748,1088
2021-09-03,Yolo,113,214977,17750,17446,867,18313,235
2021-09-03,Yuba,115,75493,8673,8412,183,8595,55
2021-09-02,Alameda,001,1643700,111057,109377,2605,111982,1301
2021-09-02,Alpine,003,1148,93,92,0,92,0
2021-09-02,Amador,005,37829,4688,4606,44,4650,53
2021-09-02,Butte,007,227075,16816,16154,2892,19046,215
2021-09-02,Calaveras,009,45235,3139,3042,20,3062,62
2021-09-02,Colusa,011,21464,2329,2290,506,2796,16
2021-09-02,Contra Costa,013,1133247,91427,90038,1828,91866,886
2021-09-02,Del Norte,015,27424,3114,2891,19,2910,24
2021-09-02,El Dorado,017,186661,13982,13641,1308,14949,119
2021-09-02,Fresno,019,978130,120779,117974,10643,128617,1804
2021-09-02,Glenn,021,27897,2963,2855,801,3656,20
2021-09-02,Humboldt,023,135768,7410,7141,289,7430,52
2021-09-02,Imperial,025,180216,30719,30449,2988,33437,751
2021-09-02,Inyo,027,18085,1577,1564,16,1580,39
2021-09-02,Kern,029,883053,111587,108930,16032,124962,1404
2021-09-02,Kings,031,150075,27447,26638,1496,28134,263
2021-09-02,Lake,033,64148,5655,5432,91,5523,78
2021-09-02,Lassen,035,31185,5891,5747,180,5927,21
2021-09-02,Los Angeles,037,10098052,1363923,1351105,50767,1401872,25382
2021-09-02,Madera,039,155013,19528,18937,1469,20406,247
2021-09-02,Marin,041,260295,16430,16244,374,16618,242
2021-09-02,Mariposa,043,17540,779,745,22,767,5
2021-09-02,Mendocino,045,87422,6082,5848,224,6072,61
2021-09-02,Merced,047,269075,36536,35820,1324,37144,508
2021-09-02,Modoc,049,8938,458,437,160,597,5
2021-09-02,Mono,051,14174,1431,1409,16,1425,3
2021-09-02,Monterey,053,433212,46388,45648,2438,48086,539
2021-09-02,Napa,055,140530,11858,11684,76,11760,88
2021-09-02,Nevada,057,99092,7859,7575,261,7836,82
2021-09-02,Orange,059,3164182,290599,286326,13595,299921,5240
2021-09-02,Placer,061,380077,31942,31067,2879,33946,330
2021-09-02,Plumas,063,18699,1086,1045,18,1063,5
2021-09-02,Riverside,065,2383286,336469,330190,15520,345710,4644
2021-09-02,Sacramento,067,1510023,140659,139274,3260,142534,1882
2021-09-02,San Benito,069,59416,6794,6734,136,6870,64
2021-09-02,San Bernardino,071,2135413,331156,326940,10258,337198,5369
2021-09-02,San Diego,073,3302833,341724,336382,19784,356166,3909
2021-09-02,San Francisco,075,870044,48459,47674,2082,49756,587
2021-09-02,San Joaquin,077,732212,89716,88056,4731,92787,1540
2021-09-02,San Luis Obispo,079,281455,26396,25851,1009,26860,283
2021-09-02,San Mateo,081,765935,50451,49490,753,50243,558
2021-09-02,Santa Barbara,083,443738,40935,39386,1470,40856,486
2021-09-02,Santa Clara,085,1922200,137085,135216,1047,136263,1799
2021-09-02,Santa Cruz,087,273765,18790,18473,959,19432,210
2021-09-02,Shasta,089,179085,16444,15670,2469,18139,224
2021-09-02,Sierra,091,2930,124,105,13,118,0
2021-09-02,Siskiyou,093,43540,2663,2513,819,3332,34
2021-09-02,Solano,095,438530,42360,41293,1043,42336,294
2021-09-02,Sonoma,097,501317,38078,37558,460,38018,352
2021-09-02,Stanislaus,099,539301,69280,67576,7702,75278,1074
2021-09-02,Sutter,101,95872,12282,11995,181,12176,138
2021-09-02,Tehama,103,63373,6520,6265,991,7256,72
2021-09-02,Trinity,105,12862,651,484,169,653,6
2021-09-02,Tulare,107,460477,58036,56105,11779,67884,872
2021-09-02,Tuolumne,109,53932,5751,5578,56,5634,88
2021-09-02,Ventura,111,848112,92104,90610,4001,94611,1084
2021-09-02,Yolo,113,214977,17681,17357,856,18213,235
2021-09-02,Yuba,115,75493,8613,8363,183,8546,55
2021-09-01,Alameda,001,1643700,110785,109075,2599,111674,1299
2021-09-01,Alpine,003,1148,93,92,0,92,0
2021-09-01,Amador,005,37829,4672,4599,43,4642,53
2021-09-01,Butte,007,227075,16700,16046,2867,18913,215
2021-09-01,Calaveras,009,45235,3125,3023,20,3043,59
2021-09-01,Colusa,011,21464,2324,2281,506,2787,16
2021-09-01,Contra Costa,013,1133247,91200,89834,1817,91651,877
2021-09-01,Del Norte,015,27424,3081,2860,19,2879,24
2021-09-01,El Dorado,017,186661,13926,13577,1281,14858,119
2021-09-01,Fresno,019,978130,120293,117492,10591,128083,1800
2021-09-01,Glenn,021,27897,2935,2846,791,3637,20
2021-09-01,Humboldt,023,135768,7362,7090,282,7372,52
2021-09-01,Imperial,025,180216,30682,30393,2983,33376,750
2021-09-01,Inyo,027,18085,1573,1561,15,1576,39
2021-09-01,Kern,029,883053,111163,108449,15890,124339,1400
2021-09-01,Kings,031,150075,27334,26443,1485,27928,263
2021-09-01,Lake,033,64148,5613,5396,86,5482,77
2021-09-01,Lassen,035,31185,5869,5731,176,5907,21
2021-09-01,Los Angeles,037,10098052,1361695,1348589,50659,1399248,25341
2021-09-01,Madera,039,155013,19450,18852,1454,20306,247
2021-09-01,Marin,041,260295,16408,16224,369,16593,240
2021-09-01,Mariposa,043,17540,771,735,22,757,5
2021-09-01,Mendocino,045,87422,6042,5821,219,6040,59
2021-09-01,Merced,047,269075,36359,35686,1315,37001,500
2021-09-01,Modoc,049,8938,452,436,158,594,5
2021-09-01,Mono,051,14174,1431,1400,16,1416,3
2021-09-01,Monterey,053,433212,46308,45590,2423,48013,539
2021-09-01,Napa,055,140530,11825,11653,76,11729,88
2021-09-01,Nevada,057,99092,7806,7508,260,7768,82
2021-09-01,Orange,059,3164182,290126,285840,13555,299395,5233
2021-09-01,Placer,061,380077,31788,30902,2865,33767,330
2021-09-01,Plumas,063,18699,1078,1033,18,1051,5
2021-09-01,Riverside,065,2383286,335653,329388,15490,344878,4634
2021-09-01,Sacramento,067,1510023,140048,138499,3214,141713,1875
2021-09-01,San Benito,069,59416,6777,6716,136,6852,64
2021-09-01,San Bernardino,071,2135413,330509,326250,10229,336479,5364
2021-09-01,San Diego,073,3302833,340683,335302,19735,355037,3908
2021-09-01,San Francisco,075,870044,48350,47538,2075,49613,584
2021-09-01,San Joaquin,077,732212,89395,87640,4707,92347,1540
2021-09-01,San Luis Obispo,079,281455,26300,25691,1004,26695,283
2021-09-01,San Mateo,081,765935,50333,49394,747,50141,558
2021-09-01,Santa Barbara,083,443738,40818,39263,1454,40717,483
2021-09-01,Santa Clara,085,1922200,136817,134855,1040,135895,1796
2021-09-01,Santa Cruz,087,273765,18743,18453,957,19410,210
2021-09-01,Shasta,089,179085,16310,15552,2427,17979,221
2021-09-01,Sierra,091,2930,123,98,13,111,0
2021-09-01,Siskiyou,093,43540,2633,2482,799,3281,34
2021-09-01,Solano,095,438530,42209,41194,1038,42232,293
2021-09-01,Sonoma,097,501317,37983,37454,459,37913,352
2021-09-01,Stanislaus,099,539301,68989,67287,7671,74958,1075
2021-09-01,Sutter,101,95872,12218,11945,174,12119,136
2021-09-01,Tehama,103,63373,6486,6228,974,7202,72
2021-09-01,Trinity,105,12862,650,482,166,648,5
2021-09-01,Tulare,107,460477,57754,55768,11742,67510,870
2021-09-01,Tuolumne,109,53932,5711,5553,56,5609,88
2021-09-01,Ventura,111,848112,91889,90471,3985,94456,1089
2021-09-01,Yolo,113,214977,17627,17264,850,18114,235
2021-09-01,Yuba,115,75493,8552,8308,183,8491,55
2021-08-31,Alameda,001,1643700,110478,108837,2592,111429,1297
2021-08-31,Alpine,003,1148,91,92,0,92,0
2021-08-31,Amador,005,37829,4651,4555,43,4598,53
2021-08-31,Butte,007,227075,16559,15896,2826,18722,216
2021-08-31,Calaveras,009,45235,3086,3008,20,3028,59
2021-08-31,Colusa,011,21464,2322,2275,504,2779,16
2021-08-31,Contra Costa,013,1133247,90907,89546,1805,91351,871
2021-08-31,Del Norte,015,27424,3045,2830,19,2849,19
2021-08-31,El Dorado,017,186661,13856,13539,1264,14803,119
2021-08-31,Fresno,019,978130,119721,117155,10522,127677,1801
2021-08-31,Glenn,021,27897,2918,2829,777,3606,20
2021-08-31,Humboldt,023,135768,7286,7030,268,7298,52
2021-08-31,Imperial,025,180216,30645,30348,2975,33323,750
2021-08-31,Inyo,027,18085,1569,1550,15,1565,39
2021-08-31,Kern,029,883053,110659,108151,15709,123860,1393
2021-08-31,Kings,031,150075,27193,26405,1471,27876,260
2021-08-31,Lake,033,64148,5569,5359,83,5442,74
2021-08-31,Lassen,035,31185,5843,5702,173,5875,21
2021-08-31,Los Angeles,037,10098052,1359187,1346686,50578,1397264,25303
2021-08-31,Madera,039,155013,19360,18811,1436,20247,247
2021-08-31,Marin,041,260295,16379,16215,366,16581,240
2021-08-31,Mariposa,043,17540,763,732,22,754,5
2021-08-31,Mendocino,045,87422,6002,5777,217,5994,59
2021-08-31,Merced,047,269075,36189,35512,1310,36822,498
2021-08-31,Modoc,049,8938,451,436,158,594,5
2021-08-31,Mono,051,14174,1415,1398,16,1414,3
2021-08-31,Monterey,053,433212,46224,45550,2410,47960,539
2021-08-31,Napa,055,140530,11778,11618,76,11694,88
2021-08-31,Nevada,057,99092,7739,7460,260,7720,82
2021-08-31,Orange,059,3164182,289525,285310,13519,298829,5229
2021-08-31,Placer,061,380077,31601,30745,2827,33572,325
2021-08-31,Plumas,063,18699,1074,1018,17,1035,5
2021-08-31,Riverside,065,2383286,334680,328556,15457,344013,4627
2021-08-31,Sacramento,067,1510023,139361,137879,3180,141059,1863
2021-08-31,San Benito,069,59416,6765,6694,134,6828,64
2021-08-31,San Bernardino,071,2135413,329767,325446,10209,335655,5350
2021-08-31,San Diego,073,3302833,339413,334377,19687,354064,3888
2021-08-31,San Francisco,075,870044,48199,47440,2064,49504,581
2021-08-31,San Joaquin,077,732212,88950,87365,4692,92057,1540
2021-08-31,San Luis Obispo,079,281455,26176,25518,1000,26518,282
2021-08-31,San Mateo,081,765935,50222,49299,746,50045,556
2021-08-31,Santa Barbara,083,443738,40670,39091,1447,40538,481
2021-08-31,Santa Clara,085,1922200,136466,134637,1033,135670,1793
2021-08-31,Santa Cruz,087,273765,18702,18419,954,19373,210
2021-08-31,Shasta,089,179085,16156,15368,2399,17767,220
2021-08-31,Sierra,091,2930,120,95,13,108,0
2021-08-31,Siskiyou,093,43540,2613,2435,783,3218,33
2021-08-31,Solano,095,438530,42070,41067,1031,42098,289
2021-08-31,Sonoma,097,501317,37887,37379,458,37837,352
2021-08-31,Stanislaus,099,539301,68625,67004,7637,74641,1075
2021-08-31,Sutter,101,95872,12152,11901,170,12071,136
2021-08-31,Tehama,103,63373,6426,6169,943,7112,72
2021-08-31,Trinity,105,12862,644,480,166,646,3
2021-08-31,Tulare,107,460477,57420,55567,11670,67237,870
2021-08-31,Tuolumne,109,53932,5675,5516,56,5572,88
2021-08-31,Ventura,111,848112,91672,90292,3972,94264,1081
2021-08-31,Yolo,113,214977,17548,17205,841,18046,234
2021-08-31,Yuba,115,75493,8498,8253,183,8436,54
2021-08-30,Alameda,001,1643700,110153,107734,2581,110315,1296
2021-08-30,Alpine,003,1148,91,92,0,92,0
2021-08-30,Amador,005,37829,4640,4507,43,4550,53
2021-08-30,Butte,007,227075,16407,15719,2793,18512,214
2021-08-30,Calaveras,009,45235,3068,2975,20,2995,59
2021-08-30,Colusa,011,21464,2313,2271,500,2771,16
2021-08-30,Contra Costa,013,1133247,90649,87679,1795,89474,872
2021-08-30,Del Norte,015,27424,3003,2796,18,2814,11
2021-08-30,El Dorado,017,186661,13787,13217,1247,14464,119
2021-08-30,Fresno,019,978130,119157,115867,10460,126327,1790
2021-08-30,Glenn,021,27897,2907,2804,775,3579,20
2021-08-30,Humboldt,023,135768,7233,6930,261,7191,52
2021-08-30,Imperial,025,180216,30607,30311,2970,33281,750
2021-08-30,Inyo,027,18085,1564,1544,15,1559,39
2021-08-30,Kern,029,883053,110180,107615,15543,123158,1389
2021-08-30,Kings,031,150075,27077,26236,1456,27692,259
2021-08-30,Lake,033,64148,5534,5323,80,5403,74
2021-08-30,Lassen,035,31185,5821,5667,167,5834,21
2021-08-30,Los Angeles,037,10098052,1356738,1344949,50491,1395440,25269
2021-08-30,Madera,039,155013,19278,18622,1417,20039,247
2021-08-30,Marin,041,260295,16348,16160,366,16526,240
2021-08-30,Mariposa,043,17540,757,715,21,736,5
2021-08-30,Mendocino,045,87422,5969,5721,213,5934,55
2021-08-30,Merced,047,269075,36059,35335,1308,36643,497
2021-08-30,Modoc,049,8938,449,436,157,593,5
2021-08-30,Mono,051,14174,1415,1390,16,1406,3
2021-08-30,Monterey,053,433212,46162,45463,2393,47856,539
2021-08-30,Napa,055,140530,11729,11579,74,11653,87
2021-08-30,Nevada,057,99092,7680,7356,257,7613,82
2021-08-30,Orange,059,3164182,288947,284750,13469,298219,5223
2021-08-30,Placer,061,380077,31437,29825,2804,32629,319
2021-08-30,Plumas,063,18699,1057,998,17,1015,5
2021-08-30,Riverside,065,2383286,333781,327593,15426,343019,4623
2021-08-30,Sacramento,067,1510023,138705,134571,3134,137705,1847
2021-08-30,San Benito,069,59416,6756,6663,134,6797,64
2021-08-30,San Bernardino,071,2135413,329090,324870,10179,335049,5348
2021-08-30,San Diego,073,3302833,338133,333011,19616,352627,3885
2021-08-30,San Francisco,075,870044,48059,46966,2050,49016,581
2021-08-30,San Joaquin,077,732212,88619,86203,4672,90875,1528
2021-08-30,San Luis Obispo,079,281455,26050,25422,993,26415,280
2021-08-30,San Mateo,081,765935,50096,48839,740,49579,554
2021-08-30,Santa Barbara,083,443738,40522,38998,1442,40440,481
2021-08-30,Santa Clara,085,1922200,136144,133281,1026,134307,1789
2021-08-30,Santa Cruz,087,273765,18647,18326,950,19276,210
2021-08-30,Shasta,089,179085,16025,15238,2355,17593,217
2021-08-30,Sierra,091,2930,118,91,13,104,0
2021-08-30,Siskiyou,093,43540,2600,2411,772,3183,33
2021-08-30,Solano,095,438530,41906,39986,1027,41013,290
2021-08-30,Sonoma,097,501317,37784,36764,458,37222,352
2021-08-30,Stanislaus,099,539301,68281,66173,7607,73780,1074
2021-08-30,Sutter,101,95872,12081,11791,163,11954,136
2021-08-30,Tehama,103,63373,6347,6085,918,7003,71
2021-08-30,Trinity,105,12862,633,468,163,631,3
2021-08-30,Tulare,107,460477,57106,55140,11594,66734,870
2021-08-30,Tuolumne,109,53932,5629,5492,56,5548,74
2021-08-30,Ventura,111,848112,91456,90149,3960,94109,1082
2021-08-30,Yolo,113,214977,17485,17071,837,17908,231
2021-08-30,Yuba,115,75493,8424,8129,182,8311,54
2021-08-29,Alameda,001,1643700,109811,107494,2567,110061,1296
2021-08-29,Alpine,003,1148,91,92,0,92,0
2021-08-29,Amador,005,37829,4626,4501,43,4544,53
2021-08-29,Butte,007,227075,16237,15602,2757,18359,214
2021-08-29,Calaveras,009,45235,3034,2970,20,2990,59
2021-08-29,Colusa,011,21464,2303,2260,494,2754,16
2021-08-29,Contra Costa,013,1133247,90352,87439,1790,89229,872
2021-08-29,Del Norte,015,27424,2960,2752,18,2770,11
2021-08-29,El Dorado,017,186661,13732,13166,1236,14402,119
2021-08-29,Fresno,019,978130,118563,115502,10405,125907,1790
2021-08-29,Glenn,021,27897,2893,2778,768,3546,20
2021-08-29,Humboldt,023,135768,7189,6922,246,7168,52
2021-08-29,Imperial,025,180216,30546,30293,2960,33253,750
2021-08-29,Inyo,027,18085,1554,1543,14,1557,39
2021-08-29,Kern,029,883053,109729,107324,15372,122696,1389
2021-08-29,Kings,031,150075,26924,26143,1441,27584,259
2021-08-29,Lake,033,64148,5494,5293,70,5363,74
2021-08-29,Lassen,035,31185,5798,5666,163,5829,21
2021-08-29,Los Angeles,037,10098052,1353984,1342541,50379,1392920,25263
2021-08-29,Madera,039,155013,19191,18594,1401,19995,247
2021-08-29,Marin,041,260295,16317,16134,363,16497,240
2021-08-29,Mariposa,043,17540,751,709,19,728,5
2021-08-29,Mendocino,045,87422,5913,5689,200,5889,55
2021-08-29,Merced,047,269075,35820,35250,1296,36546,497
2021-08-29,Modoc,049,8938,446,436,157,593,5
2021-08-29,Mono,051,14174,1409,1387,16,1403,3
2021-08-29,Monterey,053,433212,46056,45424,2369,47793,539
2021-08-29,Napa,055,140530,11698,11552,74,11626,87
2021-08-29,Nevada,057,99092,7624,7294,256,7550,82
2021-08-29,Orange,059,3164182,288327,284432,13429,297861,5223
2021-08-29,Placer,061,380077,31264,29674,2763,32437,319
2021-08-29,Plumas,063,18699,1046,996,17,1013,5
2021-08-29,Riverside,065,2383286,332922,326987,15405,342392,4623
2021-08-29,Sacramento,067,1510023,137952,133981,3085,137066,1843
2021-08-29,San Benito,069,59416,6730,6646,134,6780,64
2021-08-29,San Bernardino,071,2135413,328301,324266,10145,334411,5347
2021-08-29,San Diego,073,3302833,337022,332014,19524,351538,3880
2021-08-29,San Francisco,075,870044,47924,46885,2038,48923,581
2021-08-29,San Joaquin,077,732212,88171,85922,4652,90574,1528
2021-08-29,San Luis Obispo,079,281455,25851,25288,988,26276,280
2021-08-29,San Mateo,081,765935,49982,48737,735,49472,554
2021-08-29,Santa Barbara,083,443738,40356,38900,1438,40338,481
2021-08-29,Santa Clara,085,1922200,135791,132979,1020,133999,1789
2021-08-29,Santa Cruz,087,273765,18600,18285,948,19233,210
2021-08-29,Shasta,089,179085,15871,15198,2328,17526,217
2021-08-29,Sierra,091,2930,116,91,13,104,0
2021-08-29,Siskiyou,093,43540,2553,2407,752,3159,33
2021-08-29,Solano,095,438530,41751,39887,1022,40909,290
2021-08-29,Sonoma,097,501317,37648,36650,454,37104,352
2021-08-29,Stanislaus,099,539301,67936,65956,7573,73529,1074
2021-08-29,Sutter,101,95872,12023,11719,156,11875,136
2021-08-29,Tehama,103,63373,6276,6040,895,6935,71
2021-08-29,Trinity,105,12862,630,468,159,627,3
2021-08-29,Tulare,107,460477,56772,54974,11510,66484,870
2021-08-29,Tuolumne,109,53932,5604,5478,55,5533,74
2021-08-29,Ventura,111,848112,91199,90114,3951,94065,1082
2021-08-29,Yolo,113,214977,17386,17015,825,17840,231
2021-08-29,Yuba,115,75493,8360,8042,182,8224,54
2021-08-28,Alameda,001,1643700,109648,107007,2558,109565,1296
2021-08-28,Alpine,003,1148,91,92,0,92,0
2021-08-28,Amador,005,37829,4607,4484,43,4527,53
2021-08-28,Butte,007,227075,16178,15487,2729,18216,214
2021-08-28,Calaveras,009,45235,3026,2926,20,2946,59
2021-08-28,Colusa,011,21464,2299,2252,492,2744,16
2021-08-28,Contra Costa,013,1133247,90140,86938,1788,88726,872
2021-08-28,Del Norte,015,27424,2933,2734,17,2751,11
2021-08-28,El Dorado,017,186661,13692,13089,1230,14319,119
2021-08-28,Fresno,019,978130,118322,115079,10381,125460,1792
2021-08-28,Glenn,021,27897,2885,2773,761,3534,20
2021-08-28,Humboldt,023,135768,7154,6887,241,7128,52
2021-08-28,Imperial,025,180216,30519,30260,2957,33217,750
2021-08-28,Inyo,027,18085,1552,1539,14,1553,39
2021-08-28,Kern,029,883053,109491,107012,15229,122241,1389
2021-08-28,Kings,031,150075,26857,26059,1438,27497,257
2021-08-28,Lake,033,64148,5471,5267,66,5333,74
2021-08-28,Lassen,035,31185,5783,5665,162,5827,21
2021-08-28,Los Angeles,037,10098052,1352778,1337097,50306,1387403,25234
2021-08-28,Madera,039,155013,19140,18553,1386,19939,247
2021-08-28,Marin,041,260295,16302,16106,363,16469,240
2021-08-28,Mariposa,043,17540,749,704,19,723,5
2021-08-28,Mendocino,045,87422,5888,5658,200,5858,55
2021-08-28,Merced,047,269075,35768,35108,1293,36401,497
2021-08-28,Modoc,049,8938,446,436,156,592,5
2021-08-28,Mono,051,14174,1406,1385,16,1401,3
2021-08-28,Monterey,053,433212,46014,45394,2364,47758,539
2021-08-28,Napa,055,140530,11675,11512,73,11585,88
2021-08-28,Nevada,057,99092,7600,7238,254,7492,82
2021-08-28,Orange,059,3164182,287968,283953,13380,297333,5222
2021-08-28,Placer,061,380077,31154,29428,2750,32178,319
2021-08-28,Plumas,063,18699,1039,991,17,1008,5
2021-08-28,Riverside,065,2383286,332334,326222,15394,341616,4623
2021-08-28,Sacramento,067,1510023,137560,132985,3069,136054,1844
2021-08-28,San Benito,069,59416,6723,6636,134,6770,64
2021-08-28,San Bernardino,071,2135413,327855,323672,10137,333809,5348
2021-08-28,San Diego,073,3302833,336437,331330,19490,350820,3880
2021-08-28,San Francisco,075,870044,47851,46654,2031,48685,581
2021-08-28,San Joaquin,077,732212,88002,85481,4643,90124,1527
2021-08-28,San Luis Obispo,079,281455,25785,25138,983,26121,280
2021-08-28,San Mateo,081,765935,49907,48575,732,49307,554
2021-08-28,Santa Barbara,083,443738,40284,38780,1437,40217,481
2021-08-28,Santa Clara,085,1922200,135584,132488,1018,133506,1789
2021-08-28,Santa Cruz,087,273765,18583,18240,945,19185,210
2021-08-28,Shasta,089,179085,15768,15147,2309,17456,217
2021-08-28,Sierra,091,2930,112,91,13,104,0
2021-08-28,Siskiyou,093,43540,2545,2402,741,3143,33
2021-08-28,Solano,095,438530,41702,39610,1021,40631,290
2021-08-28,Sonoma,097,501317,37575,36466,452,36918,352
2021-08-28,Stanislaus,099,539301,67774,65670,7555,73225,1074
2021-08-28,Sutter,101,95872,12002,11669,155,11824,136
2021-08-28,Tehama,103,63373,6251,6004,883,6887,71
2021-08-28,Trinity,105,12862,626,463,158,621,3
2021-08-28,Tulare,107,460477,56641,54746,11468,66214,870
2021-08-28,Tuolumne,109,53932,5588,5469,55,5524,74
2021-08-28,Ventura,111,848112,91081,89934,3949,93883,1081
2021-08-28,Yolo,113,214977,17350,16907,818,17725,231
2021-08-28,Yuba,115,75493,8328,7985,181,8166,55
2021-08-27,Alameda,001,1643700,109436,106622,2555,109177,1296
2021-08-27,Alpine,003,1148,91,92,0,92,0
2021-08-27,Amador,005,37829,4591,4458,42,4500,53
2021-08-27,Butte,007,227075,16098,15277,2710,17987,214
2021-08-27,Calaveras,009,45235,3012,2903,20,2923,59
2021-08-27,Colusa,011,21464,2293,2240,490,2730,16
2021-08-27,Contra Costa,013,1133247,89943,86386,1785,88171,872
2021-08-27,Del Norte,015,27424,2901,2695,17,2712,11
2021-08-27,El Dorado,017,186661,13653,12968,1226,14194,119
2021-08-27,Fresno,019,978130,117888,114481,10363,124844,1774
2021-08-27,Glenn,021,27897,2867,2754,753,3507,20
2021-08-27,Humboldt,023,135768,7121,6782,238,7020,52
2021-08-27,Imperial,025,180216,30499,30201,2954,33155,750
2021-08-27,Inyo,027,18085,1551,1529,14,1543,39
2021-08-27,Kern,029,883053,109197,106570,15119,121689,1385
2021-08-27,Kings,031,150075,26778,25957,1436,27393,257
2021-08-27,Lake,033,64148,5446,5228,65,5293,74
2021-08-27,Lassen,035,31185,5767,5646,157,5803,21
2021-08-27,Los Angeles,037,10098052,1351264,1337006,50238,1387244,25230
2021-08-27,Madera,039,155013,19084,18476,1373,19849,247
2021-08-27,Marin,041,260295,16286,16055,361,16416,240
2021-08-27,Mariposa,043,17540,743,690,19,709,5
2021-08-27,Mendocino,045,87422,5857,5602,199,5801,55
2021-08-27,Merced,047,269075,35714,34906,1284,36190,495
2021-08-27,Modoc,049,8938,446,434,156,590,5
2021-08-27,Mono,051,14174,1397,1385,16,1401,3
2021-08-27,Monterey,053,433212,45965,45337,2356,47693,539
2021-08-27,Napa,055,140530,11641,11460,73,11533,87
2021-08-27,Nevada,057,99092,7560,7169,252,7421,82
2021-08-27,Orange,059,3164182,287611,283407,13342,296749,5206
2021-08-27,Placer,061,380077,31024,29157,2730,31887,320
2021-08-27,Plumas,063,18699,1033,984,17,1001,5
2021-08-27,Riverside,065,2383286,331817,325379,15379,340758,4622
2021-08-27,Sacramento,067,1510023,137124,131921,3056,134977,1838
2021-08-27,San Benito,069,59416,6717,6622,134,6756,64
2021-08-27,San Bernardino,071,2135413,327331,322893,10119,333012,5342
2021-08-27,San Diego,073,3302833,335652,330162,19436,349598,3877
2021-08-27,San Francisco,075,870044,47775,46456,2013,48469,581
2021-08-27,San Joaquin,077,732212,87819,84949,4624,89573,1524
2021-08-27,San Luis Obispo,079,281455,25737,24952,980,25932,280
2021-08-27,San Mateo,081,765935,49832,48424,728,49152,553
2021-08-27,Santa Barbara,083,443738,40192,38675,1434,40109,480
2021-08-27,Santa Clara,085,1922200,135354,132011,1015,133026,1783
2021-08-27,Santa Cruz,087,273765,18544,18163,941,19104,210
2021-08-27,Shasta,089,179085,15687,14996,2293,17289,217
2021-08-27,Sierra,091,2930,111,91,13,104,0
2021-08-27,Siskiyou,093,43540,2530,2358,727,3085,33
2021-08-27,Solano,095,438530,41588,39347,1017,40364,287
2021-08-27,Sonoma,097,501317,37503,36326,451,36777,342
2021-08-27,Stanislaus,099,539301,67563,65167,7517,72684,1061
2021-08-27,Sutter,101,95872,11956,11590,153,11743,135
2021-08-27,Tehama,103,63373,6218,5964,868,6832,71
2021-08-27,Trinity,105,12862,626,458,157,615,3
2021-08-27,Tulare,107,460477,56505,54443,11422,65865,870
2021-08-27,Tuolumne,109,53932,5556,5438,55,5493,74
2021-08-27,Ventura,111,848112,90952,89774,3945,93719,1076
2021-08-27,Yolo,113,214977,17308,16805,813,17618,231
2021-08-27,Yuba,115,75493,8271,7926,181,8107,54
2021-08-26,Alameda,001,1643700,109157,106146,2545,108691,1296
2021-08-26,Alpine,003,1148,91,92,0,92,0
2021-08-26,Amador,005,37829,4576,4442,41,4483,53
2021-08-26,Butte,007,227075,15965,15159,2674,17833,214
2021-08-26,Calaveras,009,45235,3003,2873,20,2893,59
2021-08-26,Colusa,011,21464,2287,2234,486,2720,16
2021-08-26,Contra Costa,013,1133247,89584,85808,1779,87587,866
2021-08-26,Del Norte,015,27424,2865,2625,17,2642,8
2021-08-26,El Dorado,017,186661,13584,12863,1212,14075,118
2021-08-26,Fresno,019,978130,117386,113854,10313,124167,1770
2021-08-26,Glenn,021,27897,2847,2740,744,3484,20
2021-08-26,Humboldt,023,135768,7063,6695,228,6923,53
2021-08-26,Imperial,025,180216,30450,30121,2946,33067,748
2021-08-26,Inyo,027,18085,1541,1521,13,1534,39
2021-08-26,Kern,029,883053,108769,106051,14974,121025,1380
2021-08-26,Kings,031,150075,26655,25838,1428,27266,260
2021-08-26,Lake,033,64148,5400,5196,62,5258,74
2021-08-26,Lassen,035,31185,5755,5626,155,5781,21
2021-08-26,Los Angeles,037,10098052,1349010,1334372,50143,1384515,25199
2021-08-26,Madera,039,155013,19014,18393,1361,19754,247
2021-08-26,Marin,041,260295,16257,15983,358,16341,240
2021-08-26,Mariposa,043,17540,733,677,19,696,5
2021-08-26,Mendocino,045,87422,5821,5533,194,5727,55
2021-08-26,Merced,047,269075,35547,34755,1263,36018,495
2021-08-26,Modoc,049,8938,446,433,156,589,5
2021-08-26,Mono,051,14174,1395,1385,16,1401,3
2021-08-26,Monterey,053,433212,45893,45265,2345,47610,539
2021-08-26,Napa,055,140530,11619,11394,72,11466,87
2021-08-26,Nevada,057,99092,7501,7086,249,7335,80
2021-08-26,Orange,059,3164182,287116,282814,13319,296133,5200
2021-08-26,Placer,061,380077,30856,28898,2704,31602,319
2021-08-26,Plumas,063,18699,1026,971,16,987,5
2021-08-26,Riverside,065,2383286,331025,324486,15358,339844,4615
2021-08-26,Sacramento,067,1510023,136591,130977,3014,133991,1827
2021-08-26,San Benito,069,59416,6707,6604,134,6738,64
2021-08-26,San Bernardino,071,2135413,326672,322100,10095,332195,5339
2021-08-26,San Diego,073,3302833,334623,328276,19370,347646,3869
2021-08-26,San Francisco,075,870044,47648,46288,2008,48296,581
2021-08-26,San Joaquin,077,732212,87441,84429,4601,89030,1513
2021-08-26,San Luis Obispo,079,281455,25587,24831,974,25805,278
2021-08-26,San Mateo,081,765935,49702,48263,726,48989,553
2021-08-26,Santa Barbara,083,443738,40109,38566,1433,39999,479
2021-08-26,Santa Clara,085,1922200,135028,131443,1011,132454,1782
2021-08-26,Santa Cruz,087,273765,18484,18072,939,19011,210
2021-08-26,Shasta,089,179085,15563,14891,2266,17157,217
2021-08-26,Sierra,091,2930,109,90,13,103,0
2021-08-26,Siskiyou,093,43540,2508,2342,713,3055,33
2021-08-26,Solano,095,438530,41439,39027,1009,40036,286
2021-08-26,Sonoma,097,501317,37414,36102,451,36553,337
2021-08-26,Stanislaus,099,539301,67246,64785,7477,72262,1061
2021-08-26,Sutter,101,95872,11896,11499,150,11649,135
2021-08-26,Tehama,103,63373,6160,5913,855,6768,68
2021-08-26,Trinity,105,12862,621,450,155,605,3
2021-08-26,Tulare,107,460477,56245,54157,11373,65530,870
2021-08-26,Tuolumne,109,53932,5536,5387,55,5442,74
2021-08-26,Ventura,111,848112,90766,89595,3936,93531,1080
2021-08-26,Yolo,113,214977,17241,16727,802,17529,231
2021-08-26,Yuba,115,75493,8198,7834,179,8013,54
2021-08-25,Alameda,001,1643700,108828,105636,2537,108173,1296
2021-08-25,Alpine,003,1148,91,92,0,92,0
2021-08-25,Amador,005,37829,4561,4415,41,4456,53
2021-08-25,Butte,007,227075,15859,15039,2633,17672,214
2021-08-25,Calaveras,009,45235,2983,2851,20,2871,59
2021-08-25,Colusa,011,21464,2280,2227,477,2704,16
2021-08-25,Contra Costa,013,1133247,89202,85322,1773,87095,863
2021-08-25,Del Norte,015,27424,2820,2573,17,2590,8
2021-08-25,El Dorado,017,186661,13525,12787,1196,13983,118
2021-08-25,Fresno,019,978130,116848,113384,10273,123657,1761
2021-08-25,Glenn,021,27897,2825,2728,732,3460,20
2021-08-25,Humboldt,023,135768,6994,6653,218,6871,52
2021-08-25,Imperial,025,180216,30413,30085,2940,33025,748
2021-08-25,Inyo,027,18085,1537,1518,13,1531,39
2021-08-25,Kern,029,883053,108338,105687,14818,120505,1379
2021-08-25,Kings,031,150075,26548,25676,1421,27097,258
2021-08-25,Lake,033,64148,5370,5163,59,5222,74
2021-08-25,Lassen,035,31185,5738,5583,154,5737,21
2021-08-25,Los Angeles,037,10098052,1346416,1331400,50056,1381456,25170
2021-08-25,Madera,039,155013,18950,18311,1339,19650,247
2021-08-25,Marin,041,260295,16235,15938,352,16290,240
2021-08-25,Mariposa,043,17540,727,676,19,695,5
2021-08-25,Mendocino,045,87422,5785,5486,189,5675,53
2021-08-25,Merced,047,269075,35409,34600,1258,35858,492
2021-08-25,Modoc,049,8938,446,433,156,589,5
2021-08-25,Mono,051,14174,1391,1382,16,1398,3
2021-08-25,Monterey,053,433212,45819,45196,2330,47526,539
2021-08-25,Napa,055,140530,11585,11348,71,11419,87
2021-08-25,Nevada,057,99092,7435,7000,248,7248,77
2021-08-25,Orange,059,3164182,286594,282061,13286,295347,5193
2021-08-25,Placer,061,380077,30680,28740,2671,31411,319
2021-08-25,Plumas,063,18699,1011,962,16,978,5
2021-08-25,Riverside,065,2383286,330181,323548,15336,338884,4610
2021-08-25,Sacramento,067,1510023,135909,130046,2975,133021,1827
2021-08-25,San Benito,069,59416,6686,6587,133,6720,64
2021-08-25,San Bernardino,071,2135413,325978,321228,10074,331302,5337
2021-08-25,San Diego,073,3302833,333344,327166,19295,346461,3859
2021-08-25,San Francisco,075,870044,47499,46107,2003,48110,578
2021-08-25,San Joaquin,077,732212,87056,84002,4585,88587,1510
2021-08-25,San Luis Obispo,079,281455,25395,24607,971,25578,276
2021-08-25,San Mateo,081,765935,49578,48153,722,48875,553
2021-08-25,Santa Barbara,083,443738,39980,38450,1433,39883,479
2021-08-25,Santa Clara,085,1922200,134659,130995,1008,132003,1783
2021-08-25,Santa Cruz,087,273765,18423,17987,936,18923,210
2021-08-25,Shasta,089,179085,15434,14752,2234,16986,217
2021-08-25,Sierra,091,2930,106,90,13,103,0
2021-08-25,Siskiyou,093,43540,2463,2322,694,3016,33
2021-08-25,Solano,095,438530,41268,38848,997,39845,286
2021-08-25,Sonoma,097,501317,37290,35986,448,36434,336
2021-08-25,Stanislaus,099,539301,66955,64441,7444,71885,1061
2021-08-25,Sutter,101,95872,11828,11451,146,11597,134
2021-08-25,Tehama,103,63373,6101,5861,838,6699,68
2021-08-25,Trinity,105,12862,615,450,154,604,3
2021-08-25,Tulare,107,460477,55960,53877,11302,65179,866
2021-08-25,Tuolumne,109,53932,5510,5354,55,5409,74
2021-08-25,Ventura,111,848112,90583,89379,3922,93301,1068
2021-08-25,Yolo,113,214977,17177,16667,792,17459,231
2021-08-25,Yuba,115,75493,8132,7771,178,7949,54
2021-08-24,Alameda,001,1643700,108497,105319,2527,107846,1296
2021-08-24,Alpine,003,1148,91,92,0,92,0
2021-08-24,Amador,005,37829,4542,4380,41,4421,50
2021-08-24,Butte,007,227075,15703,14964,2599,17563,214
2021-08-24,Calaveras,009,45235,2943,2811,20,2831,59
2021-08-24,Colusa,011,21464,2272,2221,473,2694,16
2021-08-24,Contra Costa,013,1133247,88842,84963,1767,86730,857
2021-08-24,Del Norte,015,27424,2793,2543,17,2560,8
2021-08-24,El Dorado,017,186661,13448,12732,1180,13912,118
2021-08-24,Fresno,019,978130,116245,113024,10219,123243,1761
2021-08-24,Glenn,021,27897,2810,2717,724,3441,20
2021-08-24,Humboldt,023,135768,6931,6585,205,6790,52
2021-08-24,Imperial,025,180216,30352,30045,2934,32979,748
2021-08-24,Inyo,027,18085,1532,1512,13,1525,39
2021-08-24,Kern,029,883053,107874,105399,14651,120050,1375
2021-08-24,Kings,031,150075,26427,25629,1406,27035,258
2021-08-24,Lake,033,64148,5335,5135,59,5194,72
2021-08-24,Lassen,035,31185,5722,5576,152,5728,21
2021-08-24,Los Angeles,037,10098052,1343562,1328777,49955,1378732,25135
2021-08-24,Madera,039,155013,18874,18251,1322,19573,247
2021-08-24,Marin,041,260295,16199,15900,348,16248,240
2021-08-24,Mariposa,043,17540,720,670,19,689,5
2021-08-24,Mendocino,045,87422,5741,5416,182,5598,52
2021-08-24,Merced,047,269075,35241,34490,1247,35737,491
2021-08-24,Modoc,049,8938,446,432,156,588,5
2021-08-24,Mono,051,14174,1389,1382,16,1398,3
2021-08-24,Monterey,053,433212,45753,45126,2313,47439,539
2021-08-24,Napa,055,140530,11552,11299,70,11369,85
2021-08-24,Nevada,057,99092,7365,6981,246,7227,77
2021-08-24,Orange,059,3164182,285990,281461,13260,294721,5187
2021-08-24,Placer,061,380077,30476,28618,2632,31250,318
2021-08-24,Plumas,063,18699,1001,953,16,969,5
2021-08-24,Riverside,065,2383286,329307,322620,15305,337925,4605
2021-08-24,Sacramento,067,1510023,135224,129542,2927,132469,1812
2021-08-24,San Benito,069,59416,6673,6576,133,6709,64
2021-08-24,San Bernardino,071,2135413,325223,320300,10044,330344,5328
2021-08-24,San Diego,073,3302833,331881,325823,19199,345022,3851
2021-08-24,San Francisco,075,870044,47324,46010,1990,48000,574
2021-08-24,San Joaquin,077,732212,86616,83684,4547,88231,1508
2021-08-24,San Luis Obispo,079,281455,25217,24443,961,25404,274
2021-08-24,San Mateo,081,765935,49429,48050,719,48769,553
2021-08-24,Santa Barbara,083,443738,39851,38307,1432,39739,478
2021-08-24,Santa Clara,085,1922200,134233,130763,1004,131767,1779
2021-08-24,Santa Cruz,087,273765,18349,17928,930,18858,209
2021-08-24,Shasta,089,179085,15326,14664,2202,16866,217
2021-08-24,Sierra,091,2930,103,90,13,103,0
2021-08-24,Siskiyou,093,43540,2441,2294,679,2973,33
2021-08-24,Solano,095,438530,41059,38724,986,39710,283
2021-08-24,Sonoma,097,501317,37162,35849,446,36295,336
2021-08-24,Stanislaus,099,539301,66595,64195,7395,71590,1058
2021-08-24,Sutter,101,95872,11761,11384,143,11527,134
2021-08-24,Tehama,103,63373,6055,5826,823,6649,67
2021-08-24,Trinity,105,12862,604,446,146,592,3
2021-08-24,Tulare,107,460477,55607,53702,11212,64914,856
2021-08-24,Tuolumne,109,53932,5479,5287,55,5342,74
2021-08-24,Ventura,111,848112,90398,89167,3911,93078,1068
2021-08-24,Yolo,113,214977,17101,16492,779,17271,231
2021-08-24,Yuba,115,75493,8049,7723,176,7899,54
2021-08-23,Alameda,001,1643700,108094,104922,2515,107437,1294
2021-08-23,Alpine,003,1148,91,91,0,91,0
2021-08-23,Amador,005,37829,4528,4369,41,4410,50
2021-08-23,Butte,007,227075,15557,14847,2564,17411,211
2021-08-23,Calaveras,009,45235,2908,2803,20,2823,59
2021-08-23,Colusa,011,21464,2268,2206,470,2676,16
2021-08-23,Contra Costa,013,1133247,88463,84651,1760,86411,857
2021-08-23,Del Norte,015,27424,2747,2499,17,2516,8
2021-08-23,El Dorado,017,186661,13345,12684,1158,13842,118
2021-08-23,Fresno,019,978130,115686,112445,10174,122619,1759
2021-08-23,Glenn,021,27897,2792,2696,717,3413,20
2021-08-23,Humboldt,023,135768,6856,6498,190,6688,52
2021-08-23,Imperial,025,180216,30301,30011,2931,32942,748
2021-08-23,Inyo,027,18085,1525,1509,13,1522,39
2021-08-23,Kern,029,883053,107419,104995,14495,119490,1375
2021-08-23,Kings,031,150075,26295,25465,1400,26865,257
2021-08-23,Lake,033,64148,5295,5099,57,5156,69
2021-08-23,Lassen,035,31185,5710,5562,152,5714,21
2021-08-23,Los Angeles,037,10098052,1340616,1326412,49829,1376241,25096
2021-08-23,Madera,039,155013,18788,18155,1307,19462,246
2021-08-23,Marin,041,260295,16151,15856,344,16200,240
2021-08-23,Mariposa,043,17540,709,645,19,664,5
2021-08-23,Mendocino,045,87422,5674,5374,175,5549,51
2021-08-23,Merced,047,269075,35058,34322,1242,35564,488
2021-08-23,Modoc,049,8938,443,431,155,586,6
2021-08-23,Mono,051,14174,1387,1384,16,1400,3
2021-08-23,Monterey,053,433212,45655,45047,2302,47349,538
2021-08-23,Napa,055,140530,11514,11257,70,11327,85
2021-08-23,Nevada,057,99092,7285,6930,244,7174,77
2021-08-23,Orange,059,3164182,285353,280891,13225,294116,5181
2021-08-23,Placer,061,380077,30276,28540,2594,31134,314
2021-08-23,Plumas,063,18699,993,934,16,950,5
2021-08-23,Riverside,065,2383286,328394,321650,15279,336929,4598
2021-08-23,Sacramento,067,1510023,134437,128969,2858,131827,1807
2021-08-23,San Benito,069,59416,6655,6562,131,6693,64
2021-08-23,San Bernardino,071,2135413,324420,319577,10005,329582,5324
2021-08-23,San Diego,073,3302833,330423,324536,19094,343630,3848
2021-08-23,San Francisco,075,870044,47171,45945,1981,47926,573
2021-08-23,San Joaquin,077,732212,86182,83466,4514,87980,1499
2021-08-23,San Luis Obispo,079,281455,25035,24317,959,25276,274
2021-08-23,San Mateo,081,765935,49291,47935,715,48650,553
2021-08-23,Santa Barbara,083,443738,39674,38181,1430,39611,478
2021-08-23,Santa Clara,085,1922200,133835,130489,1000,131489,1778
2021-08-23,Santa Cruz,087,273765,18292,17871,928,18799,209
2021-08-23,Shasta,089,179085,15200,14537,2163,16700,216
2021-08-23,Sierra,091,2930,103,90,13,103,0
2021-08-23,Siskiyou,093,43540,2420,2274,658,2932,33
2021-08-23,Solano,095,438530,40906,38612,978,39590,283
2021-08-23,Sonoma,097,501317,37042,35769,445,36214,336
2021-08-23,Stanislaus,099,539301,66243,63922,7356,71278,1058
2021-08-23,Sutter,101,95872,11672,11314,135,11449,133
2021-08-23,Tehama,103,63373,6001,5805,805,6610,67
2021-08-23,Trinity,105,12862,601,435,143,578,3
2021-08-23,Tulare,107,460477,55301,53370,11139,64509,856
2021-08-23,Tuolumne,109,53932,5437,5240,55,5295,73
2021-08-23,Ventura,111,848112,90179,88960,3899,92859,1063
2021-08-23,Yolo,113,214977,17014,16445,764,17209,226
2021-08-23,Yuba,115,75493,7978,7653,174,7827,54
2021-08-22,Alameda,001,1643700,107645,104539,2481,107020,1294
2021-08-22,Alpine,003,1148,91,91,0,91,0
2021-08-22,Amador,005,37829,4498,4349,41,4390,50
2021-08-22,Butte,007,227075,15418,14791,2528,17319,211
2021-08-22,Calaveras,009,45235,2869,2771,20,2791,59
2021-08-22,Colusa,011,21464,2260,2201,464,2665,16
2021-08-22,Contra Costa,013,1133247,87922,84371,1746,86117,857
2021-08-22,Del Norte,015,27424,2687,2455,17,2472,8
2021-08-22,El Dorado,017,186661,13241,12629,1138,13767,118
2021-08-22,Fresno,019,978130,115088,112057,10102,122159,1759
2021-08-22,Glenn,021,27897,2769,2678,704,3382,20
2021-08-22,Humboldt,023,135768,6779,6483,171,6654,52
2021-08-22,Imperial,025,180216,30243,29993,2926,32919,748
2021-08-22,Inyo,027,18085,1519,1505,13,1518,39
2021-08-22,Kern,029,883053,106894,104691,14339,119030,1375
2021-08-22,Kings,031,150075,26137,25391,1383,26774,257
2021-08-22,Lake,033,64148,5249,5069,54,5123,69
2021-08-22,Lassen,035,31185,5678,5556,147,5703,21
2021-08-22,Los Angeles,037,10098052,1337322,1324151,49698,1373849,25089
2021-08-22,Madera,039,155013,18669,18120,1293,19413,246
2021-08-22,Marin,041,260295,16099,15822,336,16158,240
2021-08-22,Mariposa,043,17540,699,638,17,655,5
2021-08-22,Mendocino,045,87422,5615,5336,175,5511,51
2021-08-22,Merced,047,269075,34854,34234,1230,35464,488
2021-08-22,Modoc,049,8938,442,431,155,586,6
2021-08-22,Mono,051,14174,1386,1378,16,1394,3
2021-08-22,Monterey,053,433212,45556,45017,2288,47305,538
2021-08-22,Napa,055,140530,11469,11231,70,11301,85
2021-08-22,Nevada,057,99092,7211,6864,242,7106,77
2021-08-22,Orange,059,3164182,284663,280390,13180,293570,5181
2021-08-22,Placer,061,380077,30067,28395,2558,30953,314
2021-08-22,Plumas,063,18699,975,923,15,938,5
2021-08-22,Riverside,065,2383286,327372,320836,15229,336065,4594
2021-08-22,Sacramento,067,1510023,133661,128231,2816,131047,1802
2021-08-22,San Benito,069,59416,6638,6550,131,6681,64
2021-08-22,San Bernardino,071,2135413,323450,318839,9970,328809,5324
2021-08-22,San Diego,073,3302833,329095,323591,18989,342580,3848
2021-08-22,San Francisco,075,870044,47005,45831,1971,47802,573
2021-08-22,San Joaquin,077,732212,85725,83121,4479,87600,1498
2021-08-22,San Luis Obispo,079,281455,24829,24250,952,25202,274
2021-08-22,San Mateo,081,765935,49115,47821,710,48531,553
2021-08-22,Santa Barbara,083,443738,39493,38099,1422,39521,478
2021-08-22,Santa Clara,085,1922200,133418,130189,993,131182,1778
2021-08-22,Santa Cruz,087,273765,18231,17823,923,18746,209
2021-08-22,Shasta,089,179085,15062,14478,2127,16605,216
2021-08-22,Sierra,091,2930,103,87,13,100,0
2021-08-22,Siskiyou,093,43540,2391,2261,640,2901,33
2021-08-22,Solano,095,438530,40707,38489,965,39454,283
2021-08-22,Sonoma,097,501317,36886,35676,442,36118,336
2021-08-22,Stanislaus,099,539301,65877,63683,7266,70949,1058
2021-08-22,Sutter,101,95872,11590,11251,131,11382,133
2021-08-22,Tehama,103,63373,5955,5791,786,6577,67
2021-08-22,Trinity,105,12862,594,433,141,574,3
2021-08-22,Tulare,107,460477,54979,53220,11055,64275,856
2021-08-22,Tuolumne,109,53932,5395,5214,55,5269,73
2021-08-22,Ventura,111,848112,89970,88791,3882,92673,1063
2021-08-22,Yolo,113,214977,16912,16374,755,17129,226
2021-08-22,Yuba,115,75493,7904,7626,173,7799,54
2021-08-21,Alameda,001,1643700,107442,104281,2473,106754,1294
2021-08-21,Alpine,003,1148,91,91,0,91,0
2021-08-21,Amador,005,37829,4488,4338,39,4377,50
2021-08-21,Butte,007,227075,15350,14714,2507,17221,211
2021-08-21,Calaveras,009,45235,2856,2744,20,2764,59
2021-08-21,Colusa,011,21464,2254,2192,460,2652,16
2021-08-21,Contra Costa,013,1133247,87666,84136,1740,85876,857
2021-08-21,Del Norte,015,27424,2664,2409,17,2426,8
2021-08-21,El Dorado,017,186661,13197,12590,1134,13724,118
2021-08-21,Fresno,019,978130,114892,111765,10089,121854,1759
2021-08-21,Glenn,021,27897,2759,2654,697,3351,20
2021-08-21,Humboldt,023,135768,6741,6446,165,6611,52
2021-08-21,Imperial,025,180216,30200,29976,2923,32899,748
2021-08-21,Inyo,027,18085,1516,1500,13,1513,39
2021-08-21,Kern,029,883053,106638,104443,14214,118657,1375
2021-08-21,Kings,031,150075,26066,25313,1378,26691,257
2021-08-21,Lake,033,64148,5229,5055,52,5107,69
2021-08-21,Lassen,035,31185,5664,5553,147,5700,21
2021-08-21,Los Angeles,037,10098052,1336039,1321308,49608,1370916,25080
2021-08-21,Madera,039,155013,18631,18067,1287,19354,246
2021-08-21,Marin,041,260295,16065,15775,334,16109,240
2021-08-21,Mariposa,043,17540,689,634,17,651,5
2021-08-21,Mendocino,045,87422,5570,5307,174,5481,51
2021-08-21,Merced,047,269075,34749,34148,1225,35373,488
2021-08-21,Modoc,049,8938,442,430,155,585,6
2021-08-21,Mono,051,14174,1386,1378,16,1394,3
2021-08-21,Monterey,053,433212,45510,44969,2281,47250,538
2021-08-21,Napa,055,140530,11434,11211,70,11281,85
2021-08-21,Nevada,057,99092,7167,6810,241,7051,77
2021-08-21,Orange,059,3164182,284217,279855,13146,293001,5181
2021-08-21,Placer,061,380077,29929,28289,2533,30822,314
2021-08-21,Plumas,063,18699,971,916,14,930,5
2021-08-21,Riverside,065,2383286,326791,320086,15216,335302,4594
2021-08-21,Sacramento,067,1510023,133165,127751,2804,130555,1809
2021-08-21,San Benito,069,59416,6628,6542,130,6672,64
2021-08-21,San Bernardino,071,2135413,323000,318293,9949,328242,5324
2021-08-21,San Diego,073,3302833,328430,322620,18949,341569,3848
2021-08-21,San Francisco,075,870044,46903,45637,1963,47600,573
2021-08-21,San Joaquin,077,732212,85508,82825,4464,87289,1498
2021-08-21,San Luis Obispo,079,281455,24774,24169,952,25121,273
2021-08-21,San Mateo,081,765935,49018,47685,710,48395,553
2021-08-21,Santa Barbara,083,443738,39413,37951,1418,39369,478
2021-08-21,Santa Clara,085,1922200,133153,129911,989,130900,1778
2021-08-21,Santa Cruz,087,273765,18194,17763,918,18681,209
2021-08-21,Shasta,089,179085,14988,14417,2113,16530,217
2021-08-21,Sierra,091,2930,98,85,13,98,0
2021-08-21,Siskiyou,093,43540,2377,2246,629,2875,33
2021-08-21,Solano,095,438530,40596,38423,955,39378,281
2021-08-21,Sonoma,097,501317,36799,35582,441,36023,336
2021-08-21,Stanislaus,099,539301,65684,63512,7248,70760,1058
2021-08-21,Sutter,101,95872,11545,11204,129,11333,133
2021-08-21,Tehama,103,63373,5930,5757,779,6536,67
2021-08-21,Trinity,105,12862,589,431,139,570,3
2021-08-21,Tulare,107,460477,54835,53045,11011,64056,857
2021-08-21,Tuolumne,109,53932,5364,5193,55,5248,73
2021-08-21,Ventura,111,848112,89826,88558,3867,92425,1063
2021-08-21,Yolo,113,214977,16865,16322,749,17071,226
2021-08-21,Yuba,115,75493,7858,7580,172,7752,54
2021-08-20,Alameda,001,1643700,107197,103812,2465,106277,1294
2021-08-20,Alpine,003,1148,91,91,0,91,0
2021-08-20,Amador,005,37829,4462,4323,39,4362,50
2021-08-20,Butte,007,227075,15278,14617,2485,17102,211
2021-08-20,Calaveras,009,45235,2841,2717,20,2737,59
2021-08-20,Colusa,011,21464,2249,2178,458,2636,16
2021-08-20,Contra Costa,013,1133247,87393,83721,1733,85454,857
2021-08-20,Del Norte,015,27424,2632,2316,17,2333,8
2021-08-20,El Dorado,017,186661,13159,12495,1126,13621,118
2021-08-20,Fresno,019,978130,114539,111315,10056,121371,1759
2021-08-20,Glenn,021,27897,2752,2642,692,3334,20
2021-08-20,Humboldt,023,135768,6690,6349,160,6509,52
2021-08-20,Imperial,025,180216,30177,29934,2923,32857,747
2021-08-20,Inyo,027,18085,1510,1495,13,1508,39
2021-08-20,Kern,029,883053,106353,104048,14086,118134,1373
2021-08-20,Kings,031,150075,26000,25241,1376,26617,256
2021-08-20,Lake,033,64148,5214,5024,49,5073,69
2021-08-20,Lassen,035,31185,5644,5539,147,5686,21
2021-08-20,Los Angeles,037,10098052,1334174,1317541,49509,1367050,25049
2021-08-20,Madera,039,155013,18582,18018,1272,19290,246
2021-08-20,Marin,041,260295,16047,15727,330,16057,240
2021-08-20,Mariposa,043,17540,684,630,17,647,5
2021-08-20,Mendocino,045,87422,5524,5241,173,5414,51
2021-08-20,Merced,047,269075,34684,34035,1217,35252,486
2021-08-20,Modoc,049,8938,442,429,155,584,6
2021-08-20,Mono,051,14174,1385,1368,16,1384,3
2021-08-20,Monterey,053,433212,45472,44890,2274,47164,538
2021-08-20,Napa,055,140530,11402,11152,70,11222,83
2021-08-20,Nevada,057,99092,7125,6753,235,6988,77
2021-08-20,Orange,059,3164182,283772,279193,13125,292318,5179
2021-08-20,Placer,061,380077,29834,28156,2504,30660,313
2021-08-20,Plumas,063,18699,963,908,14,922,5
2021-08-20,Riverside,065,2383286,326096,319072,15185,334257,4594
2021-08-20,Sacramento,067,1510023,132691,127226,2787,130013,1797
2021-08-20,San Benito,069,59416,6614,6508,130,6638,64
2021-08-20,San Bernardino,071,2135413,322387,317372,9920,327292,5322
2021-08-20,San Diego,073,3302833,327524,321102,18880,339982,3846
2021-08-20,San Francisco,075,870044,46806,45432,1948,47380,573
2021-08-20,San Joaquin,077,732212,85278,82419,4446,86865,1496
2021-08-20,San Luis Obispo,079,281455,24696,23986,948,24934,273
2021-08-20,San Mateo,081,765935,48904,47561,707,48268,551
2021-08-20,Santa Barbara,083,443738,39329,37794,1413,39207,477
2021-08-20,Santa Clara,085,1922200,132871,129510,984,130494,1774
2021-08-20,Santa Cruz,087,273765,18154,17701,915,18616,209
2021-08-20,Shasta,089,179085,14909,14277,2094,16371,215
2021-08-20,Sierra,091,2930,96,83,13,96,0
2021-08-20,Siskiyou,093,43540,2361,2226,624,2850,33
2021-08-20,Solano,095,438530,40456,38214,944,39158,277
2021-08-20,Sonoma,097,501317,36730,35416,440,35856,336
2021-08-20,Stanislaus,099,539301,65482,63219,7225,70444,1047
2021-08-20,Sutter,101,95872,11489,11136,128,11264,133
2021-08-20,Tehama,103,63373,5914,5730,767,6497,66
2021-08-20,Trinity,105,12862,589,422,138,560,3
2021-08-20,Tulare,107,460477,54703,52855,10968,63823,856
2021-08-20,Tuolumne,109,53932,5340,5153,54,5207,73
2021-08-20,Ventura,111,848112,89660,88285,3864,92149,1061
2021-08-20,Yolo,113,214977,16811,16236,743,16979,225
2021-08-20,Yuba,115,75493,7817,7523,172,7695,54
2021-08-19,Alameda,001,1643700,106746,103276,2440,105716,1294
2021-08-19,Alpine,003,1148,91,91,0,91,0
2021-08-19,Amador,005,37829,4455,4317,39,4356,50
2021-08-19,Butte,007,227075,15143,14518,2456,16974,211
2021-08-19,Calaveras,009,45235,2822,2673,20,2693,59
2021-08-19,Colusa,011,21464,2240,2167,454,2621,16
2021-08-19,Contra Costa,013,1133247,86956,83296,1719,85015,852
2021-08-19,Del Norte,015,27424,2582,2257,17,2274,8
2021-08-19,El Dorado,017,186661,13074,12410,1105,13515,118
2021-08-19,Fresno,019,978130,114101,110947,10005,120952,1759
2021-08-19,Glenn,021,27897,2734,2629,685,3314,20
2021-08-19,Humboldt,023,135768,6629,6246,154,6400,52
2021-08-19,Imperial,025,180216,30131,29865,2918,32783,747
2021-08-19,Inyo,027,18085,1503,1494,13,1507,39
2021-08-19,Kern,029,883053,105957,103731,13944,117675,1371
2021-08-19,Kings,031,150075,25869,25128,1364,26492,256
2021-08-19,Lake,033,64148,5184,4991,45,5036,69
2021-08-19,Lassen,035,31185,5626,5520,146,5666,21
2021-08-19,Los Angeles,037,10098052,1331205,1314453,49369,1363822,25020
2021-08-19,Madera,039,155013,18520,17947,1257,19204,246
2021-08-19,Marin,041,260295,16014,15672,327,15999,240
2021-08-19,Mariposa,043,17540,669,618,17,635,5
2021-08-19,Mendocino,045,87422,5491,5167,171,5338,51
2021-08-19,Merced,047,269075,34549,33851,1203,35054,486
2021-08-19,Modoc,049,8938,442,427,155,582,6
2021-08-19,Mono,051,14174,1381,1349,16,1365,3
2021-08-19,Monterey,053,433212,45399,44821,2264,47085,538
2021-08-19,Napa,055,140530,11350,11104,70,11174,83
2021-08-19,Nevada,057,99092,7061,6695,233,6928,77
2021-08-19,Orange,059,3164182,283139,278562,13074,291636,5172
2021-08-19,Placer,061,380077,29654,27953,2486,30439,313
2021-08-19,Plumas,063,18699,950,896,14,910,5
2021-08-19,Riverside,065,2383286,325068,318056,15156,333212,4589
2021-08-19,Sacramento,067,1510023,131988,126720,2750,129470,1801
2021-08-19,San Benito,069,59416,6596,6493,128,6621,64
2021-08-19,San Bernardino,071,2135413,321566,316398,9897,326295,5318
2021-08-19,San Diego,073,3302833,326260,319582,18790,338372,3839
2021-08-19,San Francisco,075,870044,46643,45220,1934,47154,571
2021-08-19,San Joaquin,077,732212,84833,82047,4397,86444,1491
2021-08-19,San Luis Obispo,079,281455,24556,23878,941,24819,271
2021-08-19,San Mateo,081,765935,48769,47431,705,48136,551
2021-08-19,Santa Barbara,083,443738,39184,37693,1410,39103,477
2021-08-19,Santa Clara,085,1922200,132481,129133,977,130110,1774
2021-08-19,Santa Cruz,087,273765,18092,17644,908,18552,209
2021-08-19,Shasta,089,179085,14785,14200,2071,16271,214
2021-08-19,Sierra,091,2930,92,83,13,96,0
2021-08-19,Siskiyou,093,43540,2346,2218,612,2830,33
2021-08-19,Solano,095,438530,40298,38025,933,38958,273
2021-08-19,Sonoma,097,501317,36643,35233,439,35672,336
2021-08-19,Stanislaus,099,539301,65122,62928,7181,70109,1047
2021-08-19,Sutter,101,95872,11405,11057,127,11184,133
2021-08-19,Tehama,103,63373,5878,5683,739,6422,66
2021-08-19,Trinity,105,12862,585,414,136,550,3
2021-08-19,Tulare,107,460477,54472,52685,10904,63589,856
2021-08-19,Tuolumne,109,53932,5304,5112,53,5165,64
2021-08-19,Ventura,111,848112,89457,88073,3849,91922,1060
2021-08-19,Yolo,113,214977,16726,16153,735,16888,225
2021-08-19,Yuba,115,75493,7764,7458,171,7629,51
2021-08-18,Alameda,001,1643700,106334,102696,2414,105110,1294
2021-08-18,Alpine,003,1148,90,91,0,91,0
2021-08-18,Amador,005,37829,4438,4279,38,4317,50
2021-08-18,Butte,007,227075,15033,14426,2430,16856,208
2021-08-18,Calaveras,009,45235,2781,2643,19,2662,59
2021-08-18,Colusa,011,21464,2233,2160,450,2610,16
2021-08-18,Contra Costa,013,1133247,86461,82767,1713,84480,851
2021-08-18,Del Norte,015,27424,2525,2219,17,2236,8
2021-08-18,El Dorado,017,186661,12984,12306,1091,13397,118
2021-08-18,Fresno,019,978130,113648,110523,9950,120473,1759
2021-08-18,Glenn,021,27897,2706,2623,678,3301,20
2021-08-18,Humboldt,023,135768,6557,6195,149,6344,52
2021-08-18,Imperial,025,180216,30098,29821,2916,32737,746
2021-08-18,Inyo,027,18085,1500,1494,13,1507,39
2021-08-18,Kern,029,883053,105609,103440,13849,117289,1370
2021-08-18,Kings,031,150075,25760,24984,1357,26341,256
2021-08-18,Lake,033,64148,5143,4957,44,5001,69
2021-08-18,Lassen,035,31185,5607,5506,145,5651,21
2021-08-18,Los Angeles,037,10098052,1328064,1311477,49237,1360714,24984
2021-08-18,Madera,039,155013,18460,17871,1244,19115,246
2021-08-18,Marin,041,260295,15976,15610,324,15934,240
2021-08-18,Mariposa,043,17540,656,615,16,631,5
2021-08-18,Mendocino,045,87422,5440,5129,168,5297,51
2021-08-18,Merced,047,269075,34384,33708,1192,34900,484
2021-08-18,Modoc,049,8938,442,427,154,581,6
2021-08-18,Mono,051,14174,1378,1344,16,1360,3
2021-08-18,Monterey,053,433212,45315,44735,2248,46983,532
2021-08-18,Napa,055,140530,11311,11060,69,11129,83
2021-08-18,Nevada,057,99092,6995,6633,233,6866,76
2021-08-18,Orange,059,3164182,282498,277795,13018,290813,5168
2021-08-18,Placer,061,380077,29428,27741,2458,30199,312
2021-08-18,Plumas,063,18699,941,874,14,888,5
2021-08-18,Riverside,065,2383286,324068,317107,15122,332229,4585
2021-08-18,Sacramento,067,1510023,131227,125599,2717,128316,1781
2021-08-18,San Benito,069,59416,6585,6481,127,6608,64
2021-08-18,San Bernardino,071,2135413,320765,315477,9878,325355,5304
2021-08-18,San Diego,073,3302833,324916,318152,18725,336877,3834
2021-08-18,San Francisco,075,870044,46438,44957,1924,46881,568
2021-08-18,San Joaquin,077,732212,84382,81601,4367,85968,1491
2021-08-18,San Luis Obispo,079,281455,24405,23726,930,24656,270
2021-08-18,San Mateo,081,765935,48601,47255,704,47959,551
2021-08-18,Santa Barbara,083,443738,39052,37599,1404,39003,475
2021-08-18,Santa Clara,085,1922200,132117,128563,974,129537,1773
2021-08-18,Santa Cruz,087,273765,18037,17566,904,18470,209
2021-08-18,Shasta,089,179085,14686,14087,2052,16139,213
2021-08-18,Sierra,091,2930,91,83,13,96,0
2021-08-18,Siskiyou,093,43540,2317,2204,600,2804,33
2021-08-18,Solano,095,438530,40092,37812,922,38734,271
2021-08-18,Sonoma,097,501317,36499,35063,438,35501,333
2021-08-18,Stanislaus,099,539301,64773,62613,7138,69751,1047
2021-08-18,Sutter,101,95872,11333,11004,122,11126,130
2021-08-18,Tehama,103,63373,5843,5653,729,6382,66
2021-08-18,Trinity,105,12862,578,409,133,542,3
2021-08-18,Tulare,107,460477,54231,52486,10835,63321,856
2021-08-18,Tuolumne,109,53932,5268,5081,51,5132,64
2021-08-18,Ventura,111,848112,89225,87835,3839,91674,1055
2021-08-18,Yolo,113,214977,16643,16047,716,16763,225
2021-08-18,Yuba,115,75493,7699,7391,171,7562,51
2021-08-17,Alameda,001,1643700,105919,102379,2398,104777,1290
2021-08-17,Alpine,003,1148,90,91,0,91,0
2021-08-17,Amador,005,37829,4409,4266,38,4304,50
2021-08-17,Butte,007,227075,14926,14357,2396,16753,206
2021-08-17,Calaveras,009,45235,2740,2624,19,2643,59
2021-08-17,Colusa,011,21464,2224,2156,446,2602,16
2021-08-17,Contra Costa,013,1133247,86013,82482,1702,84184,848
2021-08-17,Del Norte,015,27424,2471,2188,17,2205,8
2021-08-17,El Dorado,017,186661,12896,12242,1077,13319,118
2021-08-17,Fresno,019,978130,113166,110263,9890,120153,1755
2021-08-17,Glenn,021,27897,2692,2608,671,3279,20
2021-08-17,Humboldt,023,135768,6479,6155,147,6302,52
2021-08-17,Imperial,025,180216,30047,29768,2912,32680,746
2021-08-17,Inyo,027,18085,1497,1492,13,1505,39
2021-08-17,Kern,029,883053,105214,103048,13725,116773,1367
2021-08-17,Kings,031,150075,25653,24930,1346,26276,254
2021-08-17,Lake,033,64148,5100,4930,38,4968,68
2021-08-17,Lassen,035,31185,5590,5499,143,5642,21
2021-08-17,Los Angeles,037,10098052,1324528,1307999,49105,1357104,24952
2021-08-17,Madera,039,155013,18386,17838,1224,19062,246
2021-08-17,Marin,041,260295,15921,15570,324,15894,240
2021-08-17,Mariposa,043,17540,648,609,15,624,5
2021-08-17,Mendocino,045,87422,5385,5097,168,5265,51
2021-08-17,Merced,047,269075,34236,33508,1178,34686,482
2021-08-17,Modoc,049,8938,439,424,152,576,6
2021-08-17,Mono,051,14174,1372,1341,16,1357,3
2021-08-17,Monterey,053,433212,45232,44672,2238,46910,528
2021-08-17,Napa,055,140530,11270,11007,68,11075,83
2021-08-17,Nevada,057,99092,6920,6605,231,6836,75
2021-08-17,Orange,059,3164182,281856,277121,12982,290103,5164
2021-08-17,Placer,061,380077,29213,27634,2429,30063,312
2021-08-17,Plumas,063,18699,929,860,14,874,5
2021-08-17,Riverside,065,2383286,323056,316051,15078,331129,4582
2021-08-17,Sacramento,067,1510023,130435,125151,2674,127825,1774
2021-08-17,San Benito,069,59416,6566,6470,127,6597,64
2021-08-17,San Bernardino,071,2135413,319827,314402,9837,324239,5302
2021-08-17,San Diego,073,3302833,323300,317058,18629,335687,3824
2021-08-17,San Francisco,075,870044,46238,44820,1918,46738,567
2021-08-17,San Joaquin,077,732212,83913,81300,4335,85635,1489
2021-08-17,San Luis Obispo,079,281455,24248,23556,927,24483,268
2021-08-17,San Mateo,081,765935,48444,47127,699,47826,551
2021-08-17,Santa Barbara,083,443738,38897,37478,1396,38874,475
2021-08-17,Santa Clara,085,1922200,131715,128354,969,129323,1773
2021-08-17,Santa Cruz,087,273765,17951,17528,903,18431,209
2021-08-17,Shasta,089,179085,14555,14012,2033,16045,214
2021-08-17,Sierra,091,2930,90,82,13,95,0
2021-08-17,Siskiyou,093,43540,2301,2183,587,2770,33
2021-08-17,Solano,095,438530,39863,37662,912,38574,269
2021-08-17,Sonoma,097,501317,36351,34943,434,35377,333
2021-08-17,Stanislaus,099,539301,64420,62385,7078,69463,1047
2021-08-17,Sutter,101,95872,11261,10973,122,11095,130
2021-08-17,Tehama,103,63373,5809,5612,707,6319,66
2021-08-17,Trinity,105,12862,573,406,130,536,3
2021-08-17,Tulare,107,460477,53963,52362,10767,63129,856
2021-08-17,Tuolumne,109,53932,5225,5042,50,5092,64
2021-08-17,Ventura,111,848112,88987,87601,3818,91419,1053
2021-08-17,Yolo,113,214977,16554,15975,701,16676,225
2021-08-17,Yuba,115,75493,7628,7355,171,7526,51
2021-08-16,Alameda,001,1643700,105415,102052,2386,104438,1287
2021-08-16,Alpine,003,1148,90,91,0,91,0
2021-08-16,Amador,005,37829,4399,4235,38,4273,50
2021-08-16,Butte,007,227075,14808,14283,2363,16646,206
2021-08-16,Calaveras,009,45235,2682,2609,18,2627,57
2021-08-16,Colusa,011,21464,2213,2147,442,2589,16
2021-08-16,Contra Costa,013,1133247,85471,82070,1692,83762,848
2021-08-16,Del Norte,015,27424,2394,2125,17,2142,8
2021-08-16,El Dorado,017,186661,12794,12139,1064,13203,118
2021-08-16,Fresno,019,978130,112666,109623,9843,119466,1753
2021-08-16,Glenn,021,27897,2673,2593,665,3258,20
2021-08-16,Humboldt,023,135768,6408,6064,125,6189,52
2021-08-16,Imperial,025,180216,30007,29737,2897,32634,746
2021-08-16,Inyo,027,18085,1494,1490,13,1503,39
2021-08-16,Kern,029,883053,104839,102690,13609,116299,1367
2021-08-16,Kings,031,150075,25551,24817,1336,26153,254
2021-08-16,Lake,033,64148,5073,4898,37,4935,68
2021-08-16,Lassen,035,31185,5574,5481,135,5616,21
2021-08-16,Los Angeles,037,10098052,1321157,1305330,48959,1354289,24923
2021-08-16,Madera,039,155013,18311,17756,1203,18959,246
2021-08-16,Marin,041,260295,15862,15497,322,15819,239
2021-08-16,Mariposa,043,17540,631,597,15,612,5
2021-08-16,Mendocino,045,87422,5329,5037,166,5203,49
2021-08-16,Merced,047,269075,34035,33364,1166,34530,481
2021-08-16,Modoc,049,8938,437,421,151,572,5
2021-08-16,Mono,051,14174,1363,1339,16,1355,3
2021-08-16,Monterey,053,433212,45153,44595,2226,46821,527
2021-08-16,Napa,055,140530,11241,10946,68,11014,83
2021-08-16,Nevada,057,99092,6864,6535,230,6765,74
2021-08-16,Orange,059,3164182,281062,275985,12937,288922,5161
2021-08-16,Placer,061,380077,29030,27384,2396,29780,306
2021-08-16,Plumas,063,18699,918,851,14,865,5
2021-08-16,Riverside,065,2383286,321966,314774,15041,329815,4582
2021-08-16,Sacramento,067,1510023,129625,124554,2631,127185,1762
2021-08-16,San Benito,069,59416,6542,6452,127,6579,64
2021-08-16,San Bernardino,071,2135413,318863,313617,9809,323426,5301
2021-08-16,San Diego,073,3302833,321694,315348,18494,333842,3824
2021-08-16,San Francisco,075,870044,46034,44681,1909,46590,567
2021-08-16,San Joaquin,077,732212,83410,81087,4308,85395,1488
2021-08-16,San Luis Obispo,079,281455,24098,23452,919,24371,265
2021-08-16,San Mateo,081,765935,48262,47024,691,47715,548
2021-08-16,Santa Barbara,083,443738,38730,37358,1391,38749,475
2021-08-16,Santa Clara,085,1922200,131250,127978,965,128943,1773
2021-08-16,Santa Cruz,087,273765,17889,17491,897,18388,209
2021-08-16,Shasta,089,179085,14464,13862,2016,15878,211
2021-08-16,Sierra,091,2930,87,82,13,95,0
2021-08-16,Siskiyou,093,43540,2284,2169,567,2736,33
2021-08-16,Solano,095,438530,39582,37436,898,38334,263
2021-08-16,Sonoma,097,501317,36181,34844,432,35276,333
2021-08-16,Stanislaus,099,539301,64057,62033,7027,69060,1039
2021-08-16,Sutter,101,95872,11192,10902,121,11023,130
2021-08-16,Tehama,103,63373,5745,5565,702,6267,66
2021-08-16,Trinity,105,12862,567,400,129,529,3
2021-08-16,Tulare,107,460477,53718,52162,10697,62859,856
2021-08-16,Tuolumne,109,53932,5186,4984,50,5034,64
2021-08-16,Ventura,111,848112,88742,86954,3800,90754,1052
2021-08-16,Yolo,113,214977,16453,15922,693,16615,225
2021-08-16,Yuba,115,75493,7544,7314,170,7484,51
2021-08-15,Alameda,001,1643700,104922,101660,2369,104029,1287
2021-08-15,Alpine,003,1148,90,91,0,91,0
2021-08-15,Amador,005,37829,4371,4231,38,4269,49
2021-08-15,Butte,007,227075,14683,14263,2339,16602,206
2021-08-15,Calaveras,009,45235,2635,2599,18,2617,57
2021-08-15,Colusa,011,21464,2201,2140,432,2572,16
2021-08-15,Contra Costa,013,1133247,84989,81781,1677,83458,848
2021-08-15,Del Norte,015,27424,2327,2060,17,2077,8
2021-08-15,El Dorado,017,186661,12659,12057,1047,13104,118
2021-08-15,Fresno,019,978130,112194,109382,9780,119162,1753
2021-08-15,Glenn,021,27897,2649,2592,653,3245,20
2021-08-15,Humboldt,023,135768,6334,6024,119,6143,52
2021-08-15,Imperial,025,180216,29940,29711,2893,32604,746
2021-08-15,Inyo,027,18085,1493,1489,13,1502,39
2021-08-15,Kern,029,883053,104395,102524,13496,116020,1367
2021-08-15,Kings,031,150075,25401,24736,1326,26062,254
2021-08-15,Lake,033,64148,5014,4886,36,4922,68
2021-08-15,Lassen,035,31185,5557,5482,134,5616,21
2021-08-15,Los Angeles,037,10098052,1317635,1302882,48786,1351668,24918
2021-08-15,Madera,039,155013,18223,17714,1188,18902,246
2021-08-15,Marin,041,260295,15803,15461,320,15781,239
2021-08-15,Mariposa,043,17540,624,591,14,605,5
2021-08-15,Mendocino,045,87422,5273,5022,160,5182,49
2021-08-15,Merced,047,269075,33791,33305,1155,34460,481
2021-08-15,Modoc,049,8938,435,421,151,572,5
2021-08-15,Mono,051,14174,1355,1334,16,1350,3
2021-08-15,Monterey,053,433212,45030,44567,2204,46771,527
2021-08-15,Napa,055,140530,11186,10919,68,10987,83
2021-08-15,Nevada,057,99092,6780,6486,230,6716,74
2021-08-15,Orange,059,3164182,280285,275447,12896,288343,5161
2021-08-15,Placer,061,380077,28808,27220,2348,29568,306
2021-08-15,Plumas,063,18699,906,850,14,864,5
2021-08-15,Riverside,065,2383286,320827,314133,15013,329146,4582
2021-08-15,Sacramento,067,1510023,128810,123924,2598,126522,1761
2021-08-15,San Benito,069,59416,6524,6446,126,6572,64
2021-08-15,San Bernardino,071,2135413,317789,313120,9777,322897,5301
2021-08-15,San Diego,073,3302833,320209,314247,18379,332626,3824
2021-08-15,San Francisco,075,870044,45806,44531,1890,46421,567
2021-08-15,San Joaquin,077,732212,82921,80832,4268,85100,1488
2021-08-15,San Luis Obispo,079,281455,23901,23404,909,24313,265
2021-08-15,San Mateo,081,765935,48076,46897,685,47582,548
2021-08-15,Santa Barbara,083,443738,38561,37276,1384,38660,475
2021-08-15,Santa Clara,085,1922200,130817,127715,959,128674,1773
2021-08-15,Santa Cruz,087,273765,17819,17440,890,18330,209
2021-08-15,Shasta,089,179085,14361,13835,1990,15825,211
2021-08-15,Sierra,091,2930,86,82,12,94,0
2021-08-15,Siskiyou,093,43540,2263,2169,553,2722,33
2021-08-15,Solano,095,438530,39327,37320,888,38208,263
2021-08-15,Sonoma,097,501317,35985,34706,424,35130,333
2021-08-15,Stanislaus,099,539301,63666,61795,6949,68744,1039
2021-08-15,Sutter,101,95872,11101,10863,121,10984,130
2021-08-15,Tehama,103,63373,5696,5550,696,6246,66
2021-08-15,Trinity,105,12862,563,400,128,528,3
2021-08-15,Tulare,107,460477,53462,52046,10637,62683,856
2021-08-15,Tuolumne,109,53932,5148,4934,48,4982,64
2021-08-15,Ventura,111,848112,88437,86797,3786,90583,1052
2021-08-15,Yolo,113,214977,16357,15873,683,16556,225
2021-08-15,Yuba,115,75493,7467,7265,169,7434,51
2021-08-14,Alameda,001,1643700,104703,101305,2365,103670,1287
2021-08-14,Alpine,003,1148,90,91,0,91,0
2021-08-14,Amador,005,37829,4353,4206,38,4244,49
2021-08-14,Butte,007,227075,14646,14192,2323,16515,206
2021-08-14,Calaveras,009,45235,2630,2579,18,2597,57
2021-08-14,Colusa,011,21464,2191,2134,428,2562,16
2021-08-14,Contra Costa,013,1133247,84741,81458,1669,83127,848
2021-08-14,Del Norte,015,27424,2300,2015,17,2032,8
2021-08-14,El Dorado,017,186661,12623,12019,1038,13057,118
2021-08-14,Fresno,019,978130,112036,109056,9750,118806,1753
2021-08-14,Glenn,021,27897,2638,2583,651,3234,20
2021-08-14,Humboldt,023,135768,6280,5998,115,6113,52
2021-08-14,Imperial,025,180216,29913,29671,2893,32564,746
2021-08-14,Inyo,027,18085,1491,1487,13,1500,39
2021-08-14,Kern,029,883053,104200,102306,13400,115706,1367
2021-08-14,Kings,031,150075,25307,24647,1317,25964,254
2021-08-14,Lake,033,64148,4997,4850,35,4885,68
2021-08-14,Lassen,035,31185,5550,5475,133,5608,21
2021-08-14,Los Angeles,037,10098052,1315871,1299346,48647,1347993,24911
2021-08-14,Madera,039,155013,18176,17691,1183,18874,246
2021-08-14,Marin,041,260295,15769,15441,320,15761,239
2021-08-14,Mariposa,043,17540,620,584,14,598,5
2021-08-14,Mendocino,045,87422,5237,4977,157,5134,49
2021-08-14,Merced,047,269075,33727,33234,1149,34383,481
2021-08-14,Modoc,049,8938,435,421,151,572,5
2021-08-14,Mono,051,14174,1353,1332,16,1348,3
2021-08-14,Monterey,053,433212,44986,44514,2201,46715,527
2021-08-14,Napa,055,140530,11156,10878,67,10945,83
2021-08-14,Nevada,057,99092,6745,6419,229,6648,74
2021-08-14,Orange,059,3164182,279852,274732,12868,287600,5161
2021-08-14,Placer,061,380077,28662,27115,2324,29439,306
2021-08-14,Plumas,063,18699,896,849,14,863,5
2021-08-14,Riverside,065,2383286,320112,313264,14992,328256,4582
2021-08-14,Sacramento,067,1510023,128317,123438,2580,126018,1758
2021-08-14,San Benito,069,59416,6511,6428,126,6554,64
2021-08-14,San Bernardino,071,2135413,317241,312142,9756,321898,5301
2021-08-14,San Diego,073,3302833,319538,313589,18311,331900,3824
2021-08-14,San Francisco,075,870044,45678,44353,1871,46224,567
2021-08-14,San Joaquin,077,732212,82705,80585,4253,84838,1488
2021-08-14,San Luis Obispo,079,281455,23840,23328,906,24234,265
2021-08-14,San Mateo,081,765935,47957,46792,680,47472,548
2021-08-14,Santa Barbara,083,443738,38467,37118,1381,38499,475
2021-08-14,Santa Clara,085,1922200,130538,127432,956,128388,1772
2021-08-14,Santa Cruz,087,273765,17780,17384,889,18273,209
2021-08-14,Shasta,089,179085,14286,13813,1969,15782,211
2021-08-14,Sierra,091,2930,86,81,12,93,0
2021-08-14,Siskiyou,093,43540,2253,2160,543,2703,33
2021-08-14,Solano,095,438530,39240,37237,876,38113,263
2021-08-14,Sonoma,097,501317,35862,34606,422,35028,333
2021-08-14,Stanislaus,099,539301,63476,61564,6904,68468,1039
2021-08-14,Sutter,101,95872,11056,10808,120,10928,130
2021-08-14,Tehama,103,63373,5672,5530,692,6222,66
2021-08-14,Trinity,105,12862,557,399,128,527,3
2021-08-14,Tulare,107,460477,53327,51951,10591,62542,856
2021-08-14,Tuolumne,109,53932,5113,4924,48,4972,64
2021-08-14,Ventura,111,848112,88280,86569,3766,90335,1052
2021-08-14,Yolo,113,214977,16312,15815,673,16488,225
2021-08-14,Yuba,115,75493,7418,7223,169,7392,51
2021-08-13,Alameda,001,1643700,104403,100930,2356,103286,1284
2021-08-13,Alpine,003,1148,90,91,0,91,0
2021-08-13,Amador,005,37829,4325,4169,38,4207,49
2021-08-13,Butte,007,227075,14575,14100,2307,16407,206
2021-08-13,Calaveras,009,45235,2620,2564,18,2582,57
2021-08-13,Colusa,011,21464,2184,2123,423,2546,16
2021-08-13,Contra Costa,013,1133247,84428,81046,1661,82707,848
2021-08-13,Del Norte,015,27424,2259,1973,17,1990,8
2021-08-13,El Dorado,017,186661,12584,11951,1026,12977,118
2021-08-13,Fresno,019,978130,111747,108638,9729,118367,1753
2021-08-13,Glenn,021,27897,2627,2574,649,3223,20
2021-08-13,Humboldt,023,135768,6233,5882,112,5994,52
2021-08-13,Imperial,025,180216,29886,29654,2892,32546,745
2021-08-13,Inyo,027,18085,1490,1484,13,1497,39
2021-08-13,Kern,029,883053,103992,102029,13291,115320,1364
2021-08-13,Kings,031,150075,25223,24531,1310,25841,253
2021-08-13,Lake,033,64148,4974,4811,34,4845,68
2021-08-13,Lassen,035,31185,5542,5455,132,5587,21
2021-08-13,Los Angeles,037,10098052,1313559,1295406,48512,1343918,24891
2021-08-13,Madera,039,155013,18127,17614,1174,18788,246
2021-08-13,Marin,041,260295,15739,15380,320,15700,239
2021-08-13,Mariposa,043,17540,614,577,14,591,5
2021-08-13,Mendocino,045,87422,5190,4924,155,5079,49
2021-08-13,Merced,047,269075,33679,33111,1144,34255,480
2021-08-13,Modoc,049,8938,434,421,150,571,5
2021-08-13,Mono,051,14174,1351,1331,16,1347,3
2021-08-13,Monterey,053,433212,44926,44450,2199,46649,527
2021-08-13,Napa,055,140530,11120,10830,67,10897,83
2021-08-13,Nevada,057,99092,6704,6356,228,6584,74
2021-08-13,Orange,059,3164182,279358,274004,12819,286823,5159
2021-08-13,Placer,061,380077,28562,26987,2297,29284,306
2021-08-13,Plumas,063,18699,882,842,14,856,5
2021-08-13,Riverside,065,2383286,319374,312408,14967,327375,4581
2021-08-13,Sacramento,067,1510023,127850,122868,2552,125420,1758
2021-08-13,San Benito,069,59416,6505,6422,124,6546,64
2021-08-13,San Bernardino,071,2135413,316573,311378,9737,321115,5301
2021-08-13,San Diego,073,3302833,318492,312293,18231,330524,3821
2021-08-13,San Francisco,075,870044,45541,44196,1847,46043,567
2021-08-13,San Joaquin,077,732212,82488,80232,4237,84469,1481
2021-08-13,San Luis Obispo,079,281455,23778,23226,903,24129,265
2021-08-13,San Mateo,081,765935,47839,46660,678,47338,548
2021-08-13,Santa Barbara,083,443738,38383,37023,1377,38400,474
2021-08-13,Santa Clara,085,1922200,130251,126958,951,127909,1769
2021-08-13,Santa Cruz,087,273765,17741,17332,882,18214,209
2021-08-13,Shasta,089,179085,14223,13698,1955,15653,211
2021-08-13,Sierra,091,2930,85,81,12,93,0
2021-08-13,Siskiyou,093,43540,2244,2147,539,2686,33
2021-08-13,Solano,095,438530,39106,37104,868,37972,264
2021-08-13,Sonoma,097,501317,35757,34464,422,34886,333
2021-08-13,Stanislaus,099,539301,63293,61294,6862,68156,1039
2021-08-13,Sutter,101,95872,11012,10751,119,10870,130
2021-08-13,Tehama,103,63373,5648,5496,690,6186,66
2021-08-13,Trinity,105,12862,553,392,128,520,3
2021-08-13,Tulare,107,460477,53223,51770,10516,62286,856
2021-08-13,Tuolumne,109,53932,5080,4899,47,4946,64
2021-08-13,Ventura,111,848112,88122,86368,3753,90121,1052
2021-08-13,Yolo,113,214977,16259,15761,663,16424,225
2021-08-13,Yuba,115,75493,7380,7184,169,7353,51
2021-08-12,Alameda,001,1643700,103901,100472,2343,102815,1284
2021-08-12,Alpine,003,1148,90,91,0,91,0
2021-08-12,Amador,005,37829,4295,4161,37,4198,49
2021-08-12,Butte,007,227075,14497,14006,2289,16295,206
2021-08-12,Calaveras,009,45235,2600,2531,18,2549,57
2021-08-12,Colusa,011,21464,2179,2111,422,2533,17
2021-08-12,Contra Costa,013,1133247,83946,80738,1646,82384,846
2021-08-12,Del Norte,015,27424,2187,1923,17,1940,8
2021-08-12,El Dorado,017,186661,12470,11880,1018,12898,118
2021-08-12,Fresno,019,978130,111331,108193,9668,117861,1753
2021-08-12,Glenn,021,27897,2619,2559,643,3202,20
2021-08-12,Humboldt,023,135768,6163,5845,108,5953,52
2021-08-12,Imperial,025,180216,29830,29585,2886,32471,745
2021-08-12,Inyo,027,18085,1488,1483,13,1496,39
2021-08-12,Kern,029,883053,103705,101698,13211,114909,1364
2021-08-12,Kings,031,150075,25123,24423,1301,25724,252
2021-08-12,Lake,033,64148,4948,4774,33,4807,68
2021-08-12,Lassen,035,31185,5520,5428,131,5559,21
2021-08-12,Los Angeles,037,10098052,1310376,1291875,48377,1340252,24874
2021-08-12,Madera,039,155013,18063,17564,1162,18726,246
2021-08-12,Marin,041,260295,15690,15277,316,15593,239
2021-08-12,Mariposa,043,17540,605,568,13,581,5
2021-08-12,Mendocino,045,87422,5160,4873,149,5022,49
2021-08-12,Merced,047,269075,33555,32960,1137,34097,480
2021-08-12,Modoc,049,8938,433,423,150,573,5
2021-08-12,Mono,051,14174,1348,1325,16,1341,3
2021-08-12,Monterey,053,433212,44850,44383,2182,46565,527
2021-08-12,Napa,055,140530,11071,10780,66,10846,83
2021-08-12,Nevada,057,99092,6643,6283,228,6511,74
2021-08-12,Orange,059,3164182,278681,273167,12761,285928,5158
2021-08-12,Placer,061,380077,28362,26856,2273,29129,306
2021-08-12,Plumas,063,18699,874,829,14,843,5
2021-08-12,Riverside,065,2383286,318365,311304,14934,326238,4575
2021-08-12,Sacramento,067,1510023,127079,122222,2522,124744,1758
2021-08-12,San Benito,069,59416,6488,6398,122,6520,64
2021-08-12,San Bernardino,071,2135413,315699,310420,9708,320128,5297
2021-08-12,San Diego,073,3302833,317114,310596,18146,328742,3821
2021-08-12,San Francisco,075,870044,45333,43774,1834,45608,564
2021-08-12,San Joaquin,077,732212,82093,79945,4214,84159,1479
2021-08-12,San Luis Obispo,079,281455,23678,23101,890,23991,264
2021-08-12,San Mateo,081,765935,47695,46435,675,47110,548
2021-08-12,Santa Barbara,083,443738,38246,36881,1368,38249,473
2021-08-12,Santa Clara,085,1922200,129802,126614,945,127559,1769
2021-08-12,Santa Cruz,087,273765,17677,17261,881,18142,209
2021-08-12,Shasta,089,179085,14137,13621,1928,15549,211
2021-08-12,Sierra,091,2930,85,81,12,93,0
2021-08-12,Siskiyou,093,43540,2237,2134,529,2663,33
2021-08-12,Solano,095,438530,38877,36980,859,37839,262
2021-08-12,Sonoma,097,501317,35609,34299,419,34718,333
2021-08-12,Stanislaus,099,539301,63018,61026,6803,67829,1039
2021-08-12,Sutter,101,95872,10951,10695,117,10812,130
2021-08-12,Tehama,103,63373,5618,5462,681,6143,66
2021-08-12,Trinity,105,12862,549,386,127,513,3
2021-08-12,Tulare,107,460477,53078,51632,10466,62098,856
2021-08-12,Tuolumne,109,53932,5033,4845,45,4890,64
2021-08-12,Ventura,111,848112,87886,86106,3729,89835,1052
2021-08-12,Yolo,113,214977,16188,15686,650,16336,224
2021-08-12,Yuba,115,75493,7332,7128,168,7296,51
2021-08-11,Alameda,001,1643700,103371,100040,2338,102378,1281
2021-08-11,Alpine,003,1148,90,91,0,91,0
2021-08-11,Amador,005,37829,4271,4127,37,4164,49
2021-08-11,Butte,007,227075,14393,13905,2264,16169,206
2021-08-11,Calaveras,009,45235,2578,2505,18,2523,57
2021-08-11,Colusa,011,21464,2169,2101,420,2521,16
2021-08-11,Contra Costa,013,1133247,83448,80275,1629,81904,843
2021-08-11,Del Norte,015,27424,2128,1893,17,1910,8
2021-08-11,El Dorado,017,186661,12357,11799,1006,12805,119
2021-08-11,Fresno,019,978130,110873,107773,9626,117399,1751
2021-08-11,Glenn,021,27897,2611,2547,636,3183,20
2021-08-11,Humboldt,023,135768,6116,5765,107,5872,52
2021-08-11,Imperial,025,180216,29787,29565,2882,32447,745
2021-08-11,Inyo,027,18085,1488,1483,13,1496,39
2021-08-11,Kern,029,883053,103391,101448,13100,114548,1363
2021-08-11,Kings,031,150075,25008,24304,1292,25596,250
2021-08-11,Lake,033,64148,4911,4713,32,4745,68
2021-08-11,Lassen,035,31185,5511,5408,129,5537,21
2021-08-11,Los Angeles,037,10098052,1307066,1288238,48189,1336427,24851
2021-08-11,Madera,039,155013,18013,17511,1151,18662,245
2021-08-11,Marin,041,260295,15641,15235,316,15551,239
2021-08-11,Mariposa,043,17540,595,554,12,566,5
2021-08-11,Mendocino,045,87422,5091,4796,141,4937,49
2021-08-11,Merced,047,269075,33421,32802,1133,33935,479
2021-08-11,Modoc,049,8938,433,421,150,571,5
2021-08-11,Mono,051,14174,1343,1320,16,1336,3
2021-08-11,Monterey,053,433212,44751,44314,2164,46478,527
2021-08-11,Napa,055,140530,11030,10732,66,10798,83
2021-08-11,Nevada,057,99092,6588,6172,225,6397,74
2021-08-11,Orange,059,3164182,277828,272212,12719,284931,5155
2021-08-11,Placer,061,380077,28150,26687,2247,28934,305
2021-08-11,Plumas,063,18699,865,824,14,838,5
2021-08-11,Riverside,065,2383286,317372,310265,14899,325164,4570
2021-08-11,Sacramento,067,1510023,126286,121603,2479,124082,1757
2021-08-11,San Benito,069,59416,6475,6381,122,6503,64
2021-08-11,San Bernardino,071,2135413,314806,309498,9686,319184,5296
2021-08-11,San Diego,073,3302833,315628,309406,18047,327453,3818
2021-08-11,San Francisco,075,870044,45108,43555,1826,45381,564
2021-08-11,San Joaquin,077,732212,81686,79641,4187,83828,1478
2021-08-11,San Luis Obispo,079,281455,23574,22920,883,23803,264
2021-08-11,San Mateo,081,765935,47527,46300,672,46972,548
2021-08-11,Santa Barbara,083,443738,38084,36699,1358,38057,472
2021-08-11,Santa Clara,085,1922200,129322,126301,937,127238,1769
2021-08-11,Santa Cruz,087,273765,17611,17191,878,18069,209
2021-08-11,Shasta,089,179085,14063,13546,1912,15458,211
2021-08-11,Sierra,091,2930,84,81,12,93,0
2021-08-11,Siskiyou,093,43540,2223,2124,522,2646,33
2021-08-11,Solano,095,438530,38641,36862,846,37708,262
2021-08-11,Sonoma,097,501317,35432,34188,414,34602,333
2021-08-11,Stanislaus,099,539301,62674,60767,6773,67540,1037
2021-08-11,Sutter,101,95872,10879,10628,117,10745,130
2021-08-11,Tehama,103,63373,5588,5410,664,6074,66
2021-08-11,Trinity,105,12862,547,385,127,512,3
2021-08-11,Tulare,107,460477,52909,51464,10421,61885,854
2021-08-11,Tuolumne,109,53932,5001,4794,45,4839,64
2021-08-11,Ventura,111,848112,87634,85863,3708,89571,1051
2021-08-11,Yolo,113,214977,16113,15593,636,16229,218
2021-08-11,Yuba,115,75493,7273,7063,167,7230,53
2021-08-10,Alameda,001,1643700,102882,99771,2330,102101,1281
2021-08-10,Alpine,003,1148,90,91,0,91,0
2021-08-10,Amador,005,37829,4255,4093,37,4130,49
2021-08-10,Butte,007,227075,14309,13853,2242,16095,205
2021-08-10,Calaveras,009,45235,2555,2491,16,2507,57
2021-08-10,Colusa,011,21464,2156,2088,411,2499,16
2021-08-10,Contra Costa,013,1133247,82907,80018,1619,81637,840
2021-08-10,Del Norte,015,27424,2084,1870,17,1887,8
2021-08-10,El Dorado,017,186661,12258,11734,996,12730,117
2021-08-10,Fresno,019,978130,110420,107616,9576,117192,1747
2021-08-10,Glenn,021,27897,2598,2538,627,3165,20
2021-08-10,Humboldt,023,135768,6062,5718,104,5822,52
2021-08-10,Imperial,025,180216,29752,29522,2876,32398,745
2021-08-10,Inyo,027,18085,1488,1482,13,1495,39
2021-08-10,Kern,029,883053,103062,101254,13004,114258,1359
2021-08-10,Kings,031,150075,24879,24252,1276,25528,251
2021-08-10,Lake,033,64148,4870,4700,32,4732,67
2021-08-10,Lassen,035,31185,5493,5401,129,5530,21
2021-08-10,Los Angeles,037,10098052,1303326,1285140,48025,1333165,24821
2021-08-10,Madera,039,155013,17940,17481,1141,18622,245
2021-08-10,Marin,041,260295,15594,15194,316,15510,239
2021-08-10,Mariposa,043,17540,582,550,12,562,5
2021-08-10,Mendocino,045,87422,5046,4775,138,4913,49
2021-08-10,Merced,047,269075,33273,32721,1125,33846,477
2021-08-10,Modoc,049,8938,432,421,150,571,5
2021-08-10,Mono,051,14174,1338,1320,16,1336,3
2021-08-10,Monterey,053,433212,44689,44259,2149,46408,527
2021-08-10,Napa,055,140530,10974,10703,65,10768,83
2021-08-10,Nevada,057,99092,6522,6151,224,6375,73
2021-08-10,Orange,059,3164182,276943,271688,12672,284360,5155
2021-08-10,Placer,061,380077,27931,26561,2205,28766,305
2021-08-10,Plumas,063,18699,856,816,14,830,5
2021-08-10,Riverside,065,2383286,316256,309529,14873,324402,4564
2021-08-10,Sacramento,067,1510023,125434,121159,2449,123608,1755
2021-08-10,San Benito,069,59416,6461,6371,122,6493,64
2021-08-10,San Bernardino,071,2135413,313886,308672,9669,318341,5295
2021-08-10,San Diego,073,3302833,313965,308288,17971,326259,3815
2021-08-10,San Francisco,075,870044,44852,43389,1810,45199,564
2021-08-10,San Joaquin,077,732212,81286,79391,4170,83561,1478
2021-08-10,San Luis Obispo,079,281455,23448,22776,881,23657,264
2021-08-10,San Mateo,081,765935,47351,46184,670,46854,548
2021-08-10,Santa Barbara,083,443738,37920,36574,1351,37925,472
2021-08-10,Santa Clara,085,1922200,128860,126019,930,126949,1770
2021-08-10,Santa Cruz,087,273765,17528,17142,876,18018,209
2021-08-10,Shasta,089,179085,13985,13461,1888,15349,211
2021-08-10,Sierra,091,2930,84,76,12,88,0
2021-08-10,Siskiyou,093,43540,2214,2088,514,2602,33
2021-08-10,Solano,095,438530,38396,36767,836,37603,262
2021-08-10,Sonoma,097,501317,35288,34054,411,34465,333
2021-08-10,Stanislaus,099,539301,62325,60605,6736,67341,1037
2021-08-10,Sutter,101,95872,10814,10569,117,10686,130
2021-08-10,Tehama,103,63373,5559,5392,659,6051,66
2021-08-10,Trinity,105,12862,547,384,127,511,3
2021-08-10,Tulare,107,460477,52746,51390,10369,61759,854
2021-08-10,Tuolumne,109,53932,4973,4780,43,4823,64
2021-08-10,Ventura,111,848112,87344,85714,3687,89401,1051
2021-08-10,Yolo,113,214977,16025,15568,626,16194,218
2021-08-10,Yuba,115,75493,7223,7028,167,7195,50
2021-08-09,Alameda,001,1643700,102321,99496,2326,101822,1276
2021-08-09,Alpine,003,1148,90,91,0,91,0
2021-08-09,Amador,005,37829,4229,4078,37,4115,48
2021-08-09,Butte,007,227075,14214,13813,2211,16024,205
2021-08-09,Calaveras,009,45235,2527,2472,16,2488,57
2021-08-09,Colusa,011,21464,2146,2075,403,2478,16
2021-08-09,Contra Costa,013,1133247,82362,79740,1607,81347,840
2021-08-09,Del Norte,015,27424,2016,1848,17,1865,8
2021-08-09,El Dorado,017,186661,12150,11672,982,12654,117
2021-08-09,Fresno,019,978130,109928,107310,9540,116850,1747
2021-08-09,Glenn,021,27897,2587,2532,617,3149,20
2021-08-09,Humboldt,023,135768,5971,5632,102,5734,52
2021-08-09,Imperial,025,180216,29708,29512,2871,32383,745
2021-08-09,Inyo,027,18085,1488,1481,13,1494,39
2021-08-09,Kern,029,883053,102751,101069,12918,113987,1359
2021-08-09,Kings,031,150075,24772,24155,1261,25416,250
2021-08-09,Lake,033,64148,4835,4670,30,4700,66
2021-08-09,Lassen,035,31185,5471,5393,128,5521,21
2021-08-09,Los Angeles,037,10098052,1299332,1282891,47831,1330722,24798
2021-08-09,Madera,039,155013,17881,17429,1121,18550,245
2021-08-09,Marin,041,260295,15541,15154,315,15469,239
2021-08-09,Mariposa,043,17540,569,545,12,557,5
2021-08-09,Mendocino,045,87422,4995,4732,130,4862,49
2021-08-09,Merced,047,269075,33127,32666,1118,33784,477
2021-08-09,Modoc,049,8938,432,419,150,569,5
2021-08-09,Mono,051,14174,1335,1337,16,1353,3
2021-08-09,Monterey,053,433212,44616,44190,2133,46323,527
2021-08-09,Napa,055,140530,10927,10679,65,10744,83
2021-08-09,Nevada,057,99092,6451,6088,223,6311,73
2021-08-09,Orange,059,3164182,275908,271036,12620,283656,5153
2021-08-09,Placer,061,380077,27708,26457,2175,28632,305
2021-08-09,Plumas,063,18699,839,803,14,817,5
2021-08-09,Riverside,065,2383286,315178,308678,14853,323531,4562
2021-08-09,Sacramento,067,1510023,124599,120812,2424,123236,1748
2021-08-09,San Benito,069,59416,6441,6359,120,6479,63
2021-08-09,San Bernardino,071,2135413,312904,308038,9645,317683,5295
2021-08-09,San Diego,073,3302833,312292,306855,17876,324731,3811
2021-08-09,San Francisco,075,870044,44607,43261,1792,45053,564
2021-08-09,San Joaquin,077,732212,80902,79198,4152,83350,1469
2021-08-09,San Luis Obispo,079,281455,23309,22695,872,23567,264
2021-08-09,San Mateo,081,765935,47179,46040,666,46706,548
2021-08-09,Santa Barbara,083,443738,37734,36474,1343,37817,470
2021-08-09,Santa Clara,085,1922200,128356,125791,921,126712,2187
2021-08-09,Santa Cruz,087,273765,17467,17082,876,17958,209
2021-08-09,Shasta,089,179085,13868,13397,1877,15274,210
2021-08-09,Sierra,091,2930,83,75,12,87,0
2021-08-09,Siskiyou,093,43540,2202,2047,497,2544,32
2021-08-09,Solano,095,438530,38120,36653,834,37487,262
2021-08-09,Sonoma,097,501317,35107,33933,409,34342,333
2021-08-09,Stanislaus,099,539301,62042,60410,6685,67095,1037
2021-08-09,Sutter,101,95872,10765,10525,114,10639,129
2021-08-09,Tehama,103,63373,5516,5373,657,6030,66
2021-08-09,Trinity,105,12862,545,378,125,503,3
2021-08-09,Tulare,107,460477,52585,51274,10304,61578,854
2021-08-09,Tuolumne,109,53932,4931,4745,43,4788,64
2021-08-09,Ventura,111,848112,87073,85514,3677,89191,1047
2021-08-09,Yolo,113,214977,15947,15521,605,16126,218
2021-08-09,Yuba,115,75493,7164,6994,167,7161,50
2021-08-08,Alameda,001,1643700,101765,99135,2318,101453,1276
2021-08-08,Alpine,003,1148,90,91,0,91,0
2021-08-08,Amador,005,37829,4195,4057,36,4093,48
2021-08-08,Butte,007,227075,14129,13791,2192,15983,205
2021-08-08,Calaveras,009,45235,2495,2462,16,2478,57
2021-08-08,Colusa,011,21464,2129,2070,396,2466,16
2021-08-08,Contra Costa,013,1133247,81839,79454,1600,81054,840
2021-08-08,Del Norte,015,27424,1970,1810,17,1827,8
2021-08-08,El Dorado,017,186661,12031,11631,971,12602,117
2021-08-08,Fresno,019,978130,109490,107078,9508,116586,1747
2021-08-08,Glenn,021,27897,2577,2527,612,3139,20
2021-08-08,Humboldt,023,135768,5880,5571,102,5673,52
2021-08-08,Imperial,025,180216,29684,29485,2861,32346,745
2021-08-08,Inyo,027,18085,1488,1481,13,1494,39
2021-08-08,Kern,029,883053,102432,100909,12805,113714,1359
2021-08-08,Kings,031,150075,24660,24095,1252,25347,250
2021-08-08,Lake,033,64148,4785,4636,29,4665,66
2021-08-08,Lassen,035,31185,5456,5391,127,5518,21
2021-08-08,Los Angeles,037,10098052,1295095,1279982,47646,1327628,24793
2021-08-08,Madera,039,155013,17802,17398,1104,18502,245
2021-08-08,Marin,041,260295,15488,15124,313,15437,239
2021-08-08,Mariposa,043,17540,565,538,12,550,5
2021-08-08,Mendocino,045,87422,4933,4702,117,4819,49
2021-08-08,Merced,047,269075,32980,32634,1109,33743,477
2021-08-08,Modoc,049,8938,431,419,149,568,5
2021-08-08,Mono,051,14174,1331,1336,16,1352,3
2021-08-08,Monterey,053,433212,44546,44171,2122,46293,527
2021-08-08,Napa,055,140530,10891,10668,65,10733,83
2021-08-08,Nevada,057,99092,6366,6009,221,6230,73
2021-08-08,Orange,059,3164182,274996,270532,12581,283113,5153
2021-08-08,Placer,061,380077,27502,26332,2133,28465,305
2021-08-08,Plumas,063,18699,831,803,14,817,5
2021-08-08,Riverside,065,2383286,314056,308042,14829,322871,4562
2021-08-08,Sacramento,067,1510023,123772,120109,2411,122520,1744
2021-08-08,San Benito,069,59416,6424,6350,119,6469,63
2021-08-08,San Bernardino,071,2135413,311758,307378,9615,316993,5295
2021-08-08,San Diego,073,3302833,310945,305983,17782,323765,3811
2021-08-08,San Francisco,075,870044,44352,43098,1769,44867,564
2021-08-08,San Joaquin,077,732212,80454,79002,4136,83138,1469
2021-08-08,San Luis Obispo,079,281455,23135,22668,864,23532,263
2021-08-08,San Mateo,081,765935,46989,45927,663,46590,548
2021-08-08,Santa Barbara,083,443738,37558,36417,1336,37753,470
2021-08-08,Santa Clara,085,1922200,127905,125553,916,126469,2187
2021-08-08,Santa Cruz,087,273765,17392,17035,871,17906,209
2021-08-08,Shasta,089,179085,13782,13381,1866,15247,210
2021-08-08,Sierra,091,2930,83,74,12,86,0
2021-08-08,Siskiyou,093,43540,2186,2041,492,2533,32
2021-08-08,Solano,095,438530,37868,36551,831,37382,262
2021-08-08,Sonoma,097,501317,34863,33805,408,34213,333
2021-08-08,Stanislaus,099,539301,61698,60269,6640,66909,1037
2021-08-08,Sutter,101,95872,10705,10481,113,10594,129
2021-08-08,Tehama,103,63373,5478,5359,654,6013,66
2021-08-08,Trinity,105,12862,540,378,125,503,3
2021-08-08,Tulare,107,460477,52405,51220,10244,61464,854
2021-08-08,Tuolumne,109,53932,4892,4731,43,4774,64
2021-08-08,Ventura,111,848112,86782,85382,3667,89049,1047
2021-08-08,Yolo,113,214977,15855,15477,598,16075,218
2021-08-08,Yuba,115,75493,7125,6967,167,7134,50
2021-08-07,Alameda,001,1643700,101515,98812,2312,101124,1276
2021-08-07,Alpine,003,1148,90,91,0,91,0
2021-08-07,Amador,005,37829,4178,4041,35,4076,48
2021-08-07,Butte,007,227075,14077,13714,2181,15895,205
2021-08-07,Calaveras,009,45235,2485,2446,16,2462,57
2021-08-07,Colusa,011,21464,2124,2067,387,2454,16
2021-08-07,Contra Costa,013,1133247,81543,79168,1597,80765,840
2021-08-07,Del Norte,015,27424,1938,1791,17,1808,8
2021-08-07,El Dorado,017,186661,11981,11575,964,12539,117
2021-08-07,Fresno,019,978130,109288,106861,9486,116347,1747
2021-08-07,Glenn,021,27897,2570,2515,611,3126,20
2021-08-07,Humboldt,023,135768,5830,5510,99,5609,52
2021-08-07,Imperial,025,180216,29665,29470,2861,32331,745
2021-08-07,Inyo,027,18085,1486,1476,13,1489,39
2021-08-07,Kern,029,883053,102274,100693,12750,113443,1359
2021-08-07,Kings,031,150075,24601,24048,1246,25294,250
2021-08-07,Lake,033,64148,4764,4613,29,4642,66
2021-08-07,Lassen,035,31185,5452,5386,127,5513,21
2021-08-07,Los Angeles,037,10098052,1293093,1276853,47496,1324349,24786
2021-08-07,Madera,039,155013,17767,17366,1099,18465,245
2021-08-07,Marin,041,260295,15454,15085,312,15397,239
2021-08-07,Mariposa,043,17540,562,530,12,542,5
2021-08-07,Mendocino,045,87422,4897,4690,115,4805,49
2021-08-07,Merced,047,269075,32916,32569,1106,33675,477
2021-08-07,Modoc,049,8938,431,419,149,568,5
2021-08-07,Mono,051,14174,1329,1329,16,1345,3
2021-08-07,Monterey,053,433212,44494,44124,2117,46241,527
2021-08-07,Napa,055,140530,10870,10658,64,10722,83
2021-08-07,Nevada,057,99092,6316,5967,219,6186,73
2021-08-07,Orange,059,3164182,274408,269900,12550,282450,5153
2021-08-07,Placer,061,380077,27315,26244,2125,28369,305
2021-08-07,Plumas,063,18699,826,801,14,815,5
2021-08-07,Riverside,065,2383286,313384,307326,14822,322148,4562
2021-08-07,Sacramento,067,1510023,123271,119636,2407,122043,1744
2021-08-07,San Benito,069,59416,6414,6332,119,6451,63
2021-08-07,San Bernardino,071,2135413,311171,306663,9598,316261,5295
2021-08-07,San Diego,073,3302833,310190,304974,17747,322721,3811
2021-08-07,San Francisco,075,870044,44180,42926,1751,44677,564
2021-08-07,San Joaquin,077,732212,80290,78769,4122,82891,1469
2021-08-07,San Luis Obispo,079,281455,23066,22579,863,23442,263
2021-08-07,San Mateo,081,765935,46862,45804,661,46465,548
2021-08-07,Santa Barbara,083,443738,37462,36303,1330,37633,470
2021-08-07,Santa Clara,085,1922200,127634,125196,911,126107,2188
2021-08-07,Santa Cruz,087,273765,17350,16994,869,17863,209
2021-08-07,Shasta,089,179085,13727,13361,1858,15219,210
2021-08-07,Sierra,091,2930,83,74,12,86,0
2021-08-07,Siskiyou,093,43540,2174,2039,490,2529,32
2021-08-07,Solano,095,438530,37752,36458,823,37281,262
2021-08-07,Sonoma,097,501317,34741,33716,408,34124,333
2021-08-07,Stanislaus,099,539301,61509,60093,6610,66703,1037
2021-08-07,Sutter,101,95872,10668,10447,113,10560,129
2021-08-07,Tehama,103,63373,5468,5343,649,5992,66
2021-08-07,Trinity,105,12862,536,377,124,501,3
2021-08-07,Tulare,107,460477,52318,51133,10206,61339,854
2021-08-07,Tuolumne,109,53932,4862,4721,43,4764,64
2021-08-07,Ventura,111,848112,86602,85232,3652,88884,1047
2021-08-07,Yolo,113,214977,15811,15423,591,16014,218
2021-08-07,Yuba,115,75493,7100,6937,165,7102,50
2021-08-06,Alameda,001,1643700,101184,98487,2305,100792,1275
2021-08-06,Alpine,003,1148,90,91,0,91,0
2021-08-06,Amador,005,37829,4157,4002,35,4037,48
2021-08-06,Butte,007,227075,14029,13626,2169,15795,205
2021-08-06,Calaveras,009,45235,2475,2419,16,2435,57
2021-08-06,Colusa,011,21464,2118,2045,381,2426,16
2021-08-06,Contra Costa,013,1133247,81249,78796,1591,80387,840
2021-08-06,Del Norte,015,27424,1911,1755,16,1771,8
2021-08-06,El Dorado,017,186661,11932,11498,952,12450,117
2021-08-06,Fresno,019,978130,109027,106542,9459,116001,1747
2021-08-06,Glenn,021,27897,2555,2504,609,3113,20
2021-08-06,Humboldt,023,135768,5779,5421,96,5517,52
2021-08-06,Imperial,025,180216,29654,29404,2857,32261,745
2021-08-06,Inyo,027,18085,1483,1471,13,1484,39
2021-08-06,Kern,029,883053,102097,100427,12664,113091,1359
2021-08-06,Kings,031,150075,24546,23974,1242,25216,250
2021-08-06,Lake,033,64148,4741,4557,29,4586,66
2021-08-06,Lassen,035,31185,5430,5368,127,5495,21
2021-08-06,Los Angeles,037,10098052,1290613,1273081,47346,1320427,24772
2021-08-06,Madera,039,155013,17729,17324,1090,18414,245
2021-08-06,Marin,041,260295,15421,15051,312,15363,239
2021-08-06,Mariposa,043,17540,553,511,12,523,5
2021-08-06,Mendocino,045,87422,4855,4649,114,4763,49
2021-08-06,Merced,047,269075,32856,32456,1103,33559,477
2021-08-06,Modoc,049,8938,431,419,149,568,5
2021-08-06,Mono,051,14174,1327,1328,16,1344,3
2021-08-06,Monterey,053,433212,44426,44058,2104,46162,527
2021-08-06,Napa,055,140530,10843,10620,64,10684,83
2021-08-06,Nevada,057,99092,6260,5874,219,6093,73
2021-08-06,Orange,059,3164182,273847,269077,12533,281610,5151
2021-08-06,Placer,061,380077,27192,26086,2103,28189,305
2021-08-06,Plumas,063,18699,817,795,14,809,5
2021-08-06,Riverside,065,2383286,312674,306304,14811,321115,4562
2021-08-06,Sacramento,067,1510023,122783,119169,2387,121556,1740
2021-08-06,San Benito,069,59416,6397,6315,119,6434,63
2021-08-06,San Bernardino,071,2135413,310472,305806,9589,315395,5286
2021-08-06,San Diego,073,3302833,309152,303691,17698,321389,3810
2021-08-06,San Francisco,075,870044,44023,42659,1733,44392,565
2021-08-06,San Joaquin,077,732212,80142,78405,4110,82515,1469
2021-08-06,San Luis Obispo,079,281455,22998,22472,858,23330,263
2021-08-06,San Mateo,081,765935,46709,45665,656,46321,548
2021-08-06,Santa Barbara,083,443738,37372,36208,1326,37534,470
2021-08-06,Santa Clara,085,1922200,127343,124767,906,125673,2185
2021-08-06,Santa Cruz,087,273765,17308,16924,865,17789,207
2021-08-06,Shasta,089,179085,13661,13284,1852,15136,210
2021-08-06,Sierra,091,2930,83,73,12,85,0
2021-08-06,Siskiyou,093,43540,2164,2030,486,2516,32
2021-08-06,Solano,095,438530,37642,36351,814,37165,262
2021-08-06,Sonoma,097,501317,34654,33594,407,34001,333
2021-08-06,Stanislaus,099,539301,61355,59854,6589,66443,1037
2021-08-06,Sutter,101,95872,10625,10391,113,10504,128
2021-08-06,Tehama,103,63373,5444,5325,648,5973,66
2021-08-06,Trinity,105,12862,535,371,123,494,3
2021-08-06,Tulare,107,460477,52218,51018,10159,61177,854
2021-08-06,Tuolumne,109,53932,4835,4674,43,4717,64
2021-08-06,Ventura,111,848112,86431,85046,3640,88686,1047
2021-08-06,Yolo,113,214977,15758,15299,586,15885,218
2021-08-06,Yuba,115,75493,7077,6904,165,7069,50
2021-08-05,Alameda,001,1643700,100693,98052,2300,100352,1275
2021-08-05,Alpine,003,1148,90,91,0,91,0
2021-08-05,Amador,005,37829,4137,3992,35,4027,48
2021-08-05,Butte,007,227075,13973,13564,2147,15711,206
2021-08-05,Calaveras,009,45235,2457,2397,16,2413,57
2021-08-05,Colusa,011,21464,2106,2036,377,2413,16
2021-08-05,Contra Costa,013,1133247,80822,78514,1583,80097,840
2021-08-05,Del Norte,015,27424,1884,1731,16,1747,8
2021-08-05,El Dorado,017,186661,11848,11408,941,12349,117
2021-08-05,Fresno,019,978130,108658,106219,9423,115642,1747
2021-08-05,Glenn,021,27897,2550,2494,606,3100,20
2021-08-05,Humboldt,023,135768,5705,5328,95,5423,52
2021-08-05,Imperial,025,180216,29623,29383,2853,32236,745
2021-08-05,Inyo,027,18085,1479,1468,13,1481,38
2021-08-05,Kern,029,883053,101875,100091,12579,112670,1358
2021-08-05,Kings,031,150075,24462,23906,1236,25142,249
2021-08-05,Lake,033,64148,4702,4490,27,4517,66
2021-08-05,Lassen,035,31185,5422,5344,127,5471,21
2021-08-05,Los Angeles,037,10098052,1287404,1269445,47217,1316662,24756
2021-08-05,Madera,039,155013,17688,17301,1082,18383,245
2021-08-05,Marin,041,260295,15377,15005,308,15313,239
2021-08-05,Mariposa,043,17540,542,504,11,515,5
2021-08-05,Mendocino,045,87422,4812,4597,105,4702,49
2021-08-05,Merced,047,269075,32788,32381,1092,33473,477
2021-08-05,Modoc,049,8938,430,418,149,567,5
2021-08-05,Mono,051,14174,1317,1309,16,1325,3
2021-08-05,Monterey,053,433212,44369,43992,2086,46078,527
2021-08-05,Napa,055,140530,10807,10591,62,10653,83
2021-08-05,Nevada,057,99092,6178,5778,216,5994,73
2021-08-05,Orange,059,3164182,273070,268329,12508,280837,5149
2021-08-05,Placer,061,380077,26992,25965,2076,28041,305
2021-08-05,Plumas,063,18699,808,787,14,801,5
2021-08-05,Riverside,065,2383286,311757,305415,14784,320199,4562
2021-08-05,Sacramento,067,1510023,122074,118590,2374,120964,1739
2021-08-05,San Benito,069,59416,6379,6305,119,6424,63
2021-08-05,San Bernardino,071,2135413,309635,304956,9568,314524,5284
2021-08-05,San Diego,073,3302833,307872,302220,17621,319841,3806
2021-08-05,San Francisco,075,870044,43813,42301,1723,44024,564
2021-08-05,San Joaquin,077,732212,79781,78151,4092,82243,1468
2021-08-05,San Luis Obispo,079,281455,22884,22362,852,23214,263
2021-08-05,San Mateo,081,765935,46537,45554,654,46208,548
2021-08-05,Santa Barbara,083,443738,37267,36112,1323,37435,470
2021-08-05,Santa Clara,085,1922200,127010,124490,906,125396,2185
2021-08-05,Santa Cruz,087,273765,17265,16867,862,17729,207
2021-08-05,Shasta,089,179085,13603,13217,1844,15061,210
2021-08-05,Sierra,091,2930,78,73,12,85,0
2021-08-05,Siskiyou,093,43540,2143,2024,476,2500,32
2021-08-05,Solano,095,438530,37461,36250,807,37057,262
2021-08-05,Sonoma,097,501317,34519,33455,406,33861,330
2021-08-05,Stanislaus,099,539301,61108,59692,6551,66243,1037
2021-08-05,Sutter,101,95872,10570,10349,113,10462,127
2021-08-05,Tehama,103,63373,5426,5305,644,5949,66
2021-08-05,Trinity,105,12862,529,367,123,490,3
2021-08-05,Tulare,107,460477,52102,50889,10102,60991,854
2021-08-05,Tuolumne,109,53932,4805,4619,43,4662,64
2021-08-05,Ventura,111,848112,86181,84837,3626,88463,1047
2021-08-05,Yolo,113,214977,15692,15250,576,15826,218
2021-08-05,Yuba,115,75493,7034,6872,163,7035,50
2021-08-04,Alameda,001,1643700,100188,97477,2289,99766,1274
2021-08-04,Alpine,003,1148,90,91,0,91,0
2021-08-04,Amador,005,37829,4107,3962,34,3996,48
2021-08-04,Butte,007,227075,13906,13509,2131,15640,205
2021-08-04,Calaveras,009,45235,2434,2374,16,2390,57
2021-08-04,Colusa,011,21464,2094,2025,371,2396,16
2021-08-04,Contra Costa,013,1133247,80305,77966,1578,79544,840
2021-08-04,Del Norte,015,27424,1861,1701,16,1717,8
2021-08-04,El Dorado,017,186661,11770,11319,930,12249,117
2021-08-04,Fresno,019,978130,108294,105899,9386,115285,1747
2021-08-04,Glenn,021,27897,2542,2487,606,3093,20
2021-08-04,Humboldt,023,135768,5629,5271,94,5365,52
2021-08-04,Imperial,025,180216,29575,29375,2851,32226,745
2021-08-04,Inyo,027,18085,1478,1465,13,1478,38
2021-08-04,Kern,029,883053,101625,99868,12494,112362,1358
2021-08-04,Kings,031,150075,24390,23840,1228,25068,250
2021-08-04,Lake,033,64148,4671,4423,21,4444,65
2021-08-04,Lassen,035,31185,5414,5340,127,5467,21
2021-08-04,Los Angeles,037,10098052,1283935,1265788,47059,1312847,24737
2021-08-04,Madera,039,155013,17653,17251,1075,18326,245
2021-08-04,Marin,041,260295,15330,14950,307,15257,239
2021-08-04,Mariposa,043,17540,527,497,11,508,5
2021-08-04,Mendocino,045,87422,4788,4560,101,4661,49
2021-08-04,Merced,047,269075,32650,32274,1087,33361,476
2021-08-04,Modoc,049,8938,430,416,149,565,5
2021-08-04,Mono,051,14174,1314,1307,16,1323,3
2021-08-04,Monterey,053,433212,44304,43926,2075,46001,526
2021-08-04,Napa,055,140530,10770,10544,62,10606,82
2021-08-04,Nevada,057,99092,6113,5702,215,5917,73
2021-08-04,Orange,059,3164182,272198,267199,12471,279670,5146
2021-08-04,Placer,061,380077,26775,25688,2056,27744,305
2021-08-04,Plumas,063,18699,801,784,14,798,5
2021-08-04,Riverside,065,2383286,310832,304272,14758,319030,4562
2021-08-04,Sacramento,067,1510023,121315,117882,2348,120230,1736
2021-08-04,San Benito,069,59416,6364,6300,119,6419,63
2021-08-04,San Bernardino,071,2135413,308779,304164,9551,313715,5285
2021-08-04,San Diego,073,3302833,306349,301100,17560,318660,3805
2021-08-04,San Francisco,075,870044,43559,41913,1710,43623,562
2021-08-04,San Joaquin,077,732212,79424,77846,4080,81926,1466
2021-08-04,San Luis Obispo,079,281455,22776,22245,846,23091,262
2021-08-04,San Mateo,081,765935,46363,45392,653,46045,548
2021-08-04,Santa Barbara,083,443738,37139,36013,1315,37328,470
2021-08-04,Santa Clara,085,1922200,126619,124127,899,125026,2183
2021-08-04,Santa Cruz,087,273765,17204,16820,855,17675,208
2021-08-04,Shasta,089,179085,13551,13134,1833,14967,211
2021-08-04,Sierra,091,2930,78,73,12,85,0
2021-08-04,Siskiyou,093,43540,2123,2010,471,2481,32
2021-08-04,Solano,095,438530,37261,36025,798,36823,262
2021-08-04,Sonoma,097,501317,34348,33311,404,33715,330
2021-08-04,Stanislaus,099,539301,60869,59396,6512,65908,1037
2021-08-04,Sutter,101,95872,10533,10294,113,10407,127
2021-08-04,Tehama,103,63373,5400,5281,639,5920,66
2021-08-04,Trinity,105,12862,527,362,120,482,3
2021-08-04,Tulare,107,460477,51992,50797,10058,60855,855
2021-08-04,Tuolumne,109,53932,4780,4584,43,4627,64
2021-08-04,Ventura,111,848112,85923,84406,3604,88010,1047
2021-08-04,Yolo,113,214977,15614,15189,563,15752,215
2021-08-04,Yuba,115,75493,6994,6827,161,6988,50
2021-08-03,Alameda,001,1643700,99730,97275,2284,99559,1270
2021-08-03,Alpine,003,1148,90,91,0,91,0
2021-08-03,Amador,005,37829,4071,3953,34,3987,48
2021-08-03,Butte,007,227075,13840,13468,2116,15584,205
2021-08-03,Calaveras,009,45235,2411,2356,16,2372,57
2021-08-03,Colusa,011,21464,2081,2023,365,2388,16
2021-08-03,Contra Costa,013,1133247,79822,77739,1571,79310,836
2021-08-03,Del Norte,015,27424,1829,1691,15,1706,8
2021-08-03,El Dorado,017,186661,11680,11255,920,12175,117
2021-08-03,Fresno,019,978130,107935,105732,9354,115086,1746
2021-08-03,Glenn,021,27897,2535,2481,604,3085,20
2021-08-03,Humboldt,023,135768,5564,5199,89,5288,52
2021-08-03,Imperial,025,180216,29553,29333,2844,32177,745
2021-08-03,Inyo,027,18085,1475,1459,13,1472,38
2021-08-03,Kern,029,883053,101363,99708,12415,112123,1358
2021-08-03,Kings,031,150075,24303,23780,1221,25001,249
2021-08-03,Lake,033,64148,4615,4408,17,4425,66
2021-08-03,Lassen,035,31185,5404,5341,127,5468,21
2021-08-03,Los Angeles,037,10098052,1280206,1262678,46887,1309565,24721
2021-08-03,Madera,039,155013,17612,17220,1060,18280,245
2021-08-03,Marin,041,260295,15281,14906,304,15210,243
2021-08-03,Mariposa,043,17540,516,495,11,506,5
2021-08-03,Mendocino,045,87422,4739,4546,99,4645,49
2021-08-03,Merced,047,269075,32567,32197,1085,33282,476
2021-08-03,Modoc,049,8938,430,416,149,565,5
2021-08-03,Mono,051,14174,1310,1303,16,1319,3
2021-08-03,Monterey,053,433212,44241,43872,2062,45934,525
2021-08-03,Napa,055,140530,10727,10527,61,10588,82
2021-08-03,Nevada,057,99092,6032,5685,214,5899,73
2021-08-03,Orange,059,3164182,271458,266649,12441,279090,5146
2021-08-03,Placer,061,380077,26573,25624,2031,27655,305
2021-08-03,Plumas,063,18699,795,779,14,793,5
2021-08-03,Riverside,065,2383286,309908,303499,14731,318230,4562
2021-08-03,Sacramento,067,1510023,120572,117591,2327,119918,1732
2021-08-03,San Benito,069,59416,6348,6284,118,6402,63
2021-08-03,San Bernardino,071,2135413,307858,303386,9531,312917,5265
2021-08-03,San Diego,073,3302833,304900,300189,17460,317649,3803
2021-08-03,San Francisco,075,870044,43276,41758,1690,43448,562
2021-08-03,San Joaquin,077,732212,79075,77615,4059,81674,1461
2021-08-03,San Luis Obispo,079,281455,22636,22166,839,23005,264
2021-08-03,San Mateo,081,765935,46169,45255,647,45902,548
2021-08-03,Santa Barbara,083,443738,37020,35912,1309,37221,469
2021-08-03,Santa Clara,085,1922200,126198,123914,893,124807,2183
2021-08-03,Santa Cruz,087,273765,17137,16778,852,17630,207
2021-08-03,Shasta,089,179085,13477,13091,1822,14913,211
2021-08-03,Sierra,091,2930,78,72,12,84,0
2021-08-03,Siskiyou,093,43540,2112,1998,466,2464,32
2021-08-03,Solano,095,438530,37041,35953,786,36739,261
2021-08-03,Sonoma,097,501317,34166,33243,403,33646,330
2021-08-03,Stanislaus,099,539301,60636,59282,6494,65776,1037
2021-08-03,Sutter,101,95872,10493,10263,112,10375,127
2021-08-03,Tehama,103,63373,5375,5269,634,5903,66
2021-08-03,Trinity,105,12862,523,361,117,478,3
2021-08-03,Tulare,107,460477,51896,50729,10012,60741,854
2021-08-03,Tuolumne,109,53932,4745,4563,43,4606,64
2021-08-03,Ventura,111,848112,85679,84270,3583,87853,1046
2021-08-03,Yolo,113,214977,15523,15149,549,15698,215
2021-08-03,Yuba,115,75493,6957,6781,159,6940,50
2021-08-02,Alameda,001,1643700,99171,96954,2279,99233,1270
2021-08-02,Alpine,003,1148,90,91,0,91,0
2021-08-02,Amador,005,37829,4051,3927,34,3961,48
2021-08-02,Butte,007,227075,13764,13442,2097,15539,205
2021-08-02,Calaveras,009,45235,2382,2347,16,2363,57
2021-08-02,Colusa,011,21464,2069,2019,362,2381,16
2021-08-02,Contra Costa,013,1133247,79314,77516,1557,79073,836
2021-08-02,Del Norte,015,27424,1799,1653,15,1668,8
2021-08-02,El Dorado,017,186661,11577,11226,906,12132,116
2021-08-02,Fresno,019,978130,107592,105471,9318,114789,1744
2021-08-02,Glenn,021,27897,2527,2477,602,3079,20
2021-08-02,Humboldt,023,135768,5480,5161,87,5248,52
2021-08-02,Imperial,025,180216,29520,29302,2840,32142,743
2021-08-02,Inyo,027,18085,1469,1455,13,1468,38
2021-08-02,Kern,029,883053,101108,99556,12321,111877,1357
2021-08-02,Kings,031,150075,24234,23722,1215,24937,249
2021-08-02,Lake,033,64148,4573,4375,17,4392,66
2021-08-02,Lassen,035,31185,5381,5338,125,5463,21
2021-08-02,Los Angeles,037,10098052,1276494,1260807,46681,1307488,24705
2021-08-02,Madera,039,155013,17568,17158,1047,18205,245
2021-08-02,Marin,041,260295,15238,14859,302,15161,239
2021-08-02,Mariposa,043,17540,507,490,11,501,5
2021-08-02,Mendocino,045,87422,4699,4512,96,4608,49
2021-08-02,Merced,047,269075,32469,32163,1078,33241,474
2021-08-02,Modoc,049,8938,430,415,149,564,5
2021-08-02,Mono,051,14174,1304,1296,16,1312,3
2021-08-02,Monterey,053,433212,44181,43842,2054,45896,525
2021-08-02,Napa,055,140530,10684,10490,58,10548,82
2021-08-02,Nevada,057,99092,5961,5611,213,5824,73
2021-08-02,Orange,059,3164182,270541,266050,12395,278445,5146
2021-08-02,Placer,061,380077,26426,25516,1997,27513,306
2021-08-02,Plumas,063,18699,788,762,14,776,5
2021-08-02,Riverside,065,2383286,308971,302756,14716,317472,4562
2021-08-02,Sacramento,067,1510023,119877,117183,2306,119489,1728
2021-08-02,San Benito,069,59416,6329,6276,117,6393,63
2021-08-02,San Bernardino,071,2135413,306980,303000,9498,312498,5253
2021-08-02,San Diego,073,3302833,303405,299021,17390,316411,3798
2021-08-02,San Francisco,075,870044,42983,41553,1665,43218,562
2021-08-02,San Joaquin,077,732212,78732,77447,4032,81479,1461
2021-08-02,San Luis Obispo,079,281455,22542,22093,833,22926,261
2021-08-02,San Mateo,081,765935,45995,45154,634,45788,548
2021-08-02,Santa Barbara,083,443738,36882,35851,1303,37154,469
2021-08-02,Santa Clara,085,1922200,125728,123655,885,124540,2183
2021-08-02,Santa Cruz,087,273765,17080,16746,848,17594,207
2021-08-02,Shasta,089,179085,13413,13049,1808,14857,212
2021-08-02,Sierra,091,2930,78,71,12,83,0
2021-08-02,Siskiyou,093,43540,2101,1992,452,2444,31
2021-08-02,Solano,095,438530,36792,35852,775,36627,260
2021-08-02,Sonoma,097,501317,33939,33132,398,33530,330
2021-08-02,Stanislaus,099,539301,60403,59160,6466,65626,1037
2021-08-02,Sutter,101,95872,10447,10220,112,10332,127
2021-08-02,Tehama,103,63373,5351,5260,630,5890,66
2021-08-02,Trinity,105,12862,518,359,116,475,3
2021-08-02,Tulare,107,460477,51795,50640,9938,60578,854
2021-08-02,Tuolumne,109,53932,4679,4524,43,4567,64
2021-08-02,Ventura,111,848112,85494,84143,3560,87703,1044
2021-08-02,Yolo,113,214977,15423,15072,531,15603,215
2021-08-02,Yuba,115,75493,6915,6743,156,6899,50
2021-08-01,Alameda,001,1643700,98635,96775,2274,99049,1270
2021-08-01,Alpine,003,1148,90,91,0,91,0
2021-08-01,Amador,005,37829,4013,3923,34,3957,48
2021-08-01,Butte,007,227075,13683,13406,2080,15486,205
2021-08-01,Calaveras,009,45235,2357,2341,16,2357,57
2021-08-01,Colusa,011,21464,2058,2014,360,2374,16
2021-08-01,Contra Costa,013,1133247,78878,77360,1549,78909,836
2021-08-01,Del Norte,015,27424,1767,1642,15,1657,8
2021-08-01,El Dorado,017,186661,11476,11189,896,12085,116
2021-08-01,Fresno,019,978130,107267,105339,9272,114611,1744
2021-08-01,Glenn,021,27897,2521,2476,600,3076,20
2021-08-01,Humboldt,023,135768,5404,5118,83,5201,52
2021-08-01,Imperial,025,180216,29485,29297,2836,32133,743
2021-08-01,Inyo,027,18085,1467,1454,13,1467,38
2021-08-01,Kern,029,883053,100831,99396,12246,111642,1357
2021-08-01,Kings,031,150075,24147,23700,1210,24910,249
2021-08-01,Lake,033,64148,4494,4356,17,4373,66
2021-08-01,Lassen,035,31185,5368,5336,123,5459,21
2021-08-01,Los Angeles,037,10098052,1272815,1258461,46459,1304920,24700
2021-08-01,Madera,039,155013,17511,17146,1042,18188,245
2021-08-01,Marin,041,260295,15161,14844,301,15145,239
2021-08-01,Mariposa,043,17540,500,482,11,493,5
2021-08-01,Mendocino,045,87422,4653,4476,92,4568,49
2021-08-01,Merced,047,269075,32378,32144,1072,33216,474
2021-08-01,Modoc,049,8938,428,413,149,562,5
2021-08-01,Mono,051,14174,1302,1294,16,1310,3
2021-08-01,Monterey,053,433212,44133,43808,2041,45849,525
2021-08-01,Napa,055,140530,10636,10473,56,10529,82
2021-08-01,Nevada,057,99092,5874,5561,212,5773,73
2021-08-01,Orange,059,3164182,269736,265467,12352,277819,5146
2021-08-01,Placer,061,380077,26211,25464,1967,27431,306
2021-08-01,Plumas,063,18699,782,761,14,775,5
2021-08-01,Riverside,065,2383286,308040,302256,14698,316954,4562
2021-08-01,Sacramento,067,1510023,119142,116923,2289,119212,1727
2021-08-01,San Benito,069,59416,6312,6271,117,6388,63
2021-08-01,San Bernardino,071,2135413,306046,302542,9487,312029,5248
2021-08-01,San Diego,073,3302833,302211,298002,17331,315333,3798
2021-08-01,San Francisco,075,870044,42644,41432,1652,43084,562
2021-08-01,San Joaquin,077,732212,78366,77338,4005,81343,1461
2021-08-01,San Luis Obispo,079,281455,22440,22083,828,22911,261
2021-08-01,San Mateo,081,765935,45814,45036,626,45662,548
2021-08-01,Santa Barbara,083,443738,36761,35809,1299,37108,469
2021-08-01,Santa Clara,085,1922200,125317,123511,877,124388,2183
2021-08-01,Santa Cruz,087,273765,17001,16709,841,17550,207
2021-08-01,Shasta,089,179085,13342,13036,1799,14835,212
2021-08-01,Sierra,091,2930,76,71,12,83,0
2021-08-01,Siskiyou,093,43540,2095,1989,446,2435,31
2021-08-01,Solano,095,438530,36557,35800,767,36567,260
2021-08-01,Sonoma,097,501317,33747,33076,395,33471,330
2021-08-01,Stanislaus,099,539301,60160,59078,6434,65512,1037
2021-08-01,Sutter,101,95872,10392,10198,109,10307,127
2021-08-01,Tehama,103,63373,5334,5252,626,5878,66
2021-08-01,Trinity,105,12862,515,359,115,474,3
2021-08-01,Tulare,107,460477,51637,50600,9875,60475,854
2021-08-01,Tuolumne,109,53932,4641,4489,43,4532,64
2021-08-01,Ventura,111,848112,85264,84040,3545,87585,1044
2021-08-01,Yolo,113,214977,15351,15042,522,15564,215
2021-08-01,Yuba,115,75493,6877,6721,155,6876,50
2021-07-31,Alameda,001,1643700,98315,95279,2268,97547,1265
2021-07-31,Alpine,003,1148,90,89,0,89,0
2021-07-31,Amador,005,37829,3993,3877,34,3911,48
2021-07-31,Butte,007,227075,13650,13235,2060,15295,205
2021-07-31,Calaveras,009,45235,2350,2294,16,2310,57
2021-07-31,Colusa,011,21464,2052,2006,358,2364,16
2021-07-31,Contra Costa,013,1133247,78599,75866,1547,77413,832
2021-07-31,Del Norte,015,27424,1741,1576,15,1591,8
2021-07-31,El Dorado,017,186661,11423,11017,890,11907,116
2021-07-31,Fresno,019,978130,107107,104639,9258,113897,1744
2021-07-31,Glenn,021,27897,2516,2465,595,3060,20
2021-07-31,Humboldt,023,135768,5349,4978,82,5060,52
2021-07-31,Imperial,025,180216,29468,29164,2833,31997,743
2021-07-31,Inyo,027,18085,1464,1442,13,1455,38
2021-07-31,Kern,029,883053,100667,98903,12187,111090,1357
2021-07-31,Kings,031,150075,24094,23548,1205,24753,248
2021-07-31,Lake,033,64148,4469,4238,17,4255,66
2021-07-31,Lassen,035,31185,5362,5320,123,5443,21
2021-07-31,Los Angeles,037,10098052,1270628,1248545,46312,1294857,24691
2021-07-31,Madera,039,155013,17478,17058,1036,18094,245
2021-07-31,Marin,041,260295,15117,14701,300,15001,239
2021-07-31,Mariposa,043,17540,491,470,11,481,5
2021-07-31,Mendocino,045,87422,4628,4400,89,4489,49
2021-07-31,Merced,047,269075,32330,31959,1067,33026,474
2021-07-31,Modoc,049,8938,428,413,149,562,5
2021-07-31,Mono,051,14174,1300,1287,16,1303,3
2021-07-31,Monterey,053,433212,44093,43720,2032,45752,525
2021-07-31,Napa,055,140530,10616,10401,55,10456,82
2021-07-31,Nevada,057,99092,5835,5373,211,5584,72
2021-07-31,Orange,059,3164182,269162,263446,12333,275779,5144
2021-07-31,Placer,061,380077,26078,25104,1960,27064,306
2021-07-31,Plumas,063,18699,779,743,14,757,5
2021-07-31,Riverside,065,2383286,307425,300315,14688,315003,4554
2021-07-31,Sacramento,067,1510023,118729,115259,2283,117542,1720
2021-07-31,San Benito,069,59416,6301,6251,117,6368,63
2021-07-31,San Bernardino,071,2135413,305477,300726,9484,310210,5240
2021-07-31,San Diego,073,3302833,301533,295054,17295,312349,3798
2021-07-31,San Francisco,075,870044,42420,40412,1631,42043,562
2021-07-31,San Joaquin,077,732212,78201,76575,3992,80567,1443
2021-07-31,San Luis Obispo,079,281455,22386,21922,826,22748,260
2021-07-31,San Mateo,081,765935,45657,44622,621,45243,548
2021-07-31,Santa Barbara,083,443738,36680,35531,1298,36829,467
2021-07-31,Santa Clara,085,1922200,125062,122614,875,123489,2099
2021-07-31,Santa Cruz,087,273765,16962,16576,840,17416,207
2021-07-31,Shasta,089,179085,13306,12918,1791,14709,212
2021-07-31,Sierra,091,2930,76,68,12,80,0
2021-07-31,Siskiyou,093,43540,2086,1976,440,2416,31
2021-07-31,Solano,095,438530,36456,35340,760,36100,263
2021-07-31,Sonoma,097,501317,33622,32601,395,32996,329
2021-07-31,Stanislaus,099,539301,59998,58586,6411,64997,1035
2021-07-31,Sutter,101,95872,10357,10068,108,10176,127
2021-07-31,Tehama,103,63373,5319,5216,623,5839,66
2021-07-31,Trinity,105,12862,514,354,114,468,3
2021-07-31,Tulare,107,460477,51548,50409,9822,60231,854
2021-07-31,Tuolumne,109,53932,4602,4362,43,4405,64
2021-07-31,Ventura,111,848112,85103,83509,3528,87037,1044
2021-07-31,Yolo,113,214977,15303,14863,511,15374,215
2021-07-31,Yuba,115,75493,6854,6615,151,6766,50
2021-07-30,Alameda,001,1643700,97983,95279,2264,97543,1265
2021-07-30,Alpine,003,1148,90,89,0,89,0
2021-07-30,Amador,005,37829,3970,3877,34,3911,48
2021-07-30,Butte,007,227075,13595,13235,2047,15282,205
2021-07-30,Calaveras,009,45235,2345,2294,16,2310,57
2021-07-30,Colusa,011,21464,2048,2006,356,2362,16
2021-07-30,Contra Costa,013,1133247,78357,75866,1543,77409,832
2021-07-30,Del Norte,015,27424,1723,1576,15,1591,8
2021-07-30,El Dorado,017,186661,11390,11017,884,11901,116
2021-07-30,Fresno,019,978130,106912,104639,9246,113885,1744
2021-07-30,Glenn,021,27897,2511,2465,594,3059,20
2021-07-30,Humboldt,023,135768,5285,4978,79,5057,52
2021-07-30,Imperial,025,180216,29454,29164,2830,31994,743
2021-07-30,Inyo,027,18085,1463,1442,13,1455,38
2021-07-30,Kern,029,883053,100542,98903,12140,111043,1357
2021-07-30,Kings,031,150075,24053,23548,1201,24749,248
2021-07-30,Lake,033,64148,4441,4238,17,4255,66
2021-07-30,Lassen,035,31185,5358,5320,123,5443,21
2021-07-30,Los Angeles,037,10098052,1268309,1248545,46160,1294705,24691
2021-07-30,Madera,039,155013,17436,17058,1033,18091,245
2021-07-30,Marin,041,260295,15083,14701,300,15001,239
2021-07-30,Mariposa,043,17540,488,470,11,481,5
2021-07-30,Mendocino,045,87422,4598,4400,88,4488,49
2021-07-30,Merced,047,269075,32289,31959,1062,33021,474
2021-07-30,Modoc,049,8938,426,413,149,562,5
2021-07-30,Mono,051,14174,1295,1287,16,1303,3
2021-07-30,Monterey,053,433212,44059,43720,2023,45743,525
2021-07-30,Napa,055,140530,10594,10401,54,10455,82
2021-07-30,Nevada,057,99092,5778,5373,211,5584,72
2021-07-30,Orange,059,3164182,268530,263446,12307,275753,5144
2021-07-30,Placer,061,380077,25989,25104,1942,27046,306
2021-07-30,Plumas,063,18699,774,743,14,757,5
2021-07-30,Riverside,065,2383286,306788,300315,14678,314993,4554
2021-07-30,Sacramento,067,1510023,118278,115259,2279,117538,1720
2021-07-30,San Benito,069,59416,6294,6251,117,6368,63
2021-07-30,San Bernardino,071,2135413,304965,300726,9478,310204,5240
2021-07-30,San Diego,073,3302833,300760,295054,17237,312291,3798
2021-07-30,San Francisco,075,870044,42206,40412,1616,42028,562
2021-07-30,San Joaquin,077,732212,78047,76575,3987,80562,1443
2021-07-30,San Luis Obispo,079,281455,22348,21922,822,22744,260
2021-07-30,San Mateo,081,765935,45533,44622,607,45229,548
2021-07-30,Santa Barbara,083,443738,36611,35531,1292,36823,467
2021-07-30,Santa Clara,085,1922200,124838,122614,873,123487,2099
2021-07-30,Santa Cruz,087,273765,16936,16576,838,17414,207
2021-07-30,Shasta,089,179085,13259,12918,1791,14709,212
2021-07-30,Sierra,091,2930,75,68,12,80,0
2021-07-30,Siskiyou,093,43540,2077,1976,439,2415,31
2021-07-30,Solano,095,438530,36365,35340,744,36084,263
2021-07-30,Sonoma,097,501317,33528,32601,395,32996,329
2021-07-30,Stanislaus,099,539301,59853,58586,6390,64976,1035
2021-07-30,Sutter,101,95872,10321,10068,108,10176,127
2021-07-30,Tehama,103,63373,5308,5216,623,5839,66
2021-07-30,Trinity,105,12862,514,354,114,468,3
2021-07-30,Tulare,107,460477,51505,50409,9786,60195,854
2021-07-30,Tuolumne,109,53932,4584,4362,43,4405,64
2021-07-30,Ventura,111,848112,84939,83509,3513,87022,1044
2021-07-30,Yolo,113,214977,15241,14863,507,15370,215
2021-07-30,Yuba,115,75493,6818,6615,150,6765,50
2021-07-29,Alameda,001,1643700,97557,95279,2258,97537,1265
2021-07-29,Alpine,003,1148,90,89,0,89,0
2021-07-29,Amador,005,37829,3951,3877,34,3911,48
2021-07-29,Butte,007,227075,13547,13235,2039,15274,205
2021-07-29,Calaveras,009,45235,2325,2294,16,2310,57
2021-07-29,Colusa,011,21464,2041,2006,356,2362,16
2021-07-29,Contra Costa,013,1133247,77919,75866,1539,77405,832
2021-07-29,Del Norte,015,27424,1699,1576,15,1591,8
2021-07-29,El Dorado,017,186661,11326,11017,872,11889,116
2021-07-29,Fresno,019,978130,106650,104639,9219,113858,1744
2021-07-29,Glenn,021,27897,2501,2465,593,3058,20
2021-07-29,Humboldt,023,135768,5224,4978,77,5055,52
2021-07-29,Imperial,025,180216,29408,29164,2828,31992,743
2021-07-29,Inyo,027,18085,1459,1442,13,1455,38
2021-07-29,Kern,029,883053,100335,98903,12062,110965,1357
2021-07-29,Kings,031,150075,24008,23548,1197,24745,248
2021-07-29,Lake,033,64148,4406,4238,17,4255,66
2021-07-29,Lassen,035,31185,5350,5320,120,5440,21
2021-07-29,Los Angeles,037,10098052,1265227,1248545,45977,1294522,24691
2021-07-29,Madera,039,155013,17389,17058,1029,18087,245
2021-07-29,Marin,041,260295,15040,14701,300,15001,239
2021-07-29,Mariposa,043,17540,484,470,11,481,5
2021-07-29,Mendocino,045,87422,4575,4400,86,4486,49
2021-07-29,Merced,047,269075,32234,31959,1062,33021,474
2021-07-29,Modoc,049,8938,426,413,149,562,5
2021-07-29,Mono,051,14174,1294,1287,16,1303,3
2021-07-29,Monterey,053,433212,44010,43720,2013,45733,525
2021-07-29,Napa,055,140530,10562,10401,52,10453,82
2021-07-29,Nevada,057,99092,5726,5373,210,5583,72
2021-07-29,Orange,059,3164182,267820,263446,12275,275721,5144
2021-07-29,Placer,061,380077,25866,25104,1927,27031,306
2021-07-29,Plumas,063,18699,766,743,14,757,5
2021-07-29,Riverside,065,2383286,306083,300315,14654,314969,4554
2021-07-29,Sacramento,067,1510023,117724,115259,2266,117525,1720
2021-07-29,San Benito,069,59416,6283,6251,117,6368,63
2021-07-29,San Bernardino,071,2135413,304327,300726,9468,310194,5240
2021-07-29,San Diego,073,3302833,299698,295054,17177,312231,3798
2021-07-29,San Francisco,075,870044,41959,40412,1595,42007,562
2021-07-29,San Joaquin,077,732212,77792,76575,3979,80554,1443
2021-07-29,San Luis Obispo,079,281455,22295,21922,820,22742,260
2021-07-29,San Mateo,081,765935,45406,44622,597,45219,548
2021-07-29,Santa Barbara,083,443738,36527,35531,1291,36822,467
2021-07-29,Santa Clara,085,1922200,124541,122614,870,123484,2099
2021-07-29,Santa Cruz,087,273765,16883,16576,836,17412,207
2021-07-29,Shasta,089,179085,13205,12918,1782,14700,212
2021-07-29,Sierra,091,2930,75,68,12,80,0
2021-07-29,Siskiyou,093,43540,2072,1976,437,2413,31
2021-07-29,Solano,095,438530,36205,35340,734,36074,263
2021-07-29,Sonoma,097,501317,33353,32601,393,32994,329
2021-07-29,Stanislaus,099,539301,59680,58586,6373,64959,1035
2021-07-29,Sutter,101,95872,10275,10068,107,10175,127
2021-07-29,Tehama,103,63373,5296,5216,617,5833,66
2021-07-29,Trinity,105,12862,512,354,113,467,3
2021-07-29,Tulare,107,460477,51415,50409,9746,60155,854
2021-07-29,Tuolumne,109,53932,4546,4362,42,4404,64
2021-07-29,Ventura,111,848112,84772,83509,3506,87015,1044
2021-07-29,Yolo,113,214977,15173,14863,493,15356,215
2021-07-29,Yuba,115,75493,6770,6615,147,6762,50
2021-07-28,Alameda,001,1643700,97096,94965,2251,97216,1262
2021-07-28,Alpine,003,1148,90,89,0,89,0
2021-07-28,Amador,005,37829,3937,3870,34,3904,48
2021-07-28,Butte,007,227075,13491,13184,2026,15210,205
2021-07-28,Calaveras,009,45235,2311,2289,16,2305,57
2021-07-28,Colusa,011,21464,2037,2001,355,2356,16
2021-07-28,Contra Costa,013,1133247,77435,75487,1531,77018,832
2021-07-28,Del Norte,015,27424,1666,1545,15,1560,8
2021-07-28,El Dorado,017,186661,11277,10967,862,11829,116
2021-07-28,Fresno,019,978130,106404,104458,9199,113657,1744
2021-07-28,Glenn,021,27897,2497,2464,590,3054,20
2021-07-28,Humboldt,023,135768,5173,4946,76,5022,52
2021-07-28,Imperial,025,180216,29361,29096,2828,31924,743
2021-07-28,Inyo,027,18085,1453,1439,12,1451,38
2021-07-28,Kern,029,883053,100178,98781,12015,110796,1352
2021-07-28,Kings,031,150075,23944,23503,1187,24690,248
2021-07-28,Lake,033,64148,4360,4191,15,4206,65
2021-07-28,Lassen,035,31185,5342,5318,120,5438,21
2021-07-28,Los Angeles,037,10098052,1262070,1245485,45806,1291291,24673
2021-07-28,Madera,039,155013,17348,17024,1023,18047,245
2021-07-28,Marin,041,260295,14985,14652,300,14952,239
2021-07-28,Mariposa,043,17540,477,469,11,480,5
2021-07-28,Mendocino,045,87422,4547,4377,86,4463,49
2021-07-28,Merced,047,269075,32170,31886,1058,32944,474
2021-07-28,Modoc,049,8938,424,413,149,562,5
2021-07-28,Mono,051,14174,1293,1286,16,1302,3
2021-07-28,Monterey,053,433212,43963,43668,2003,45671,524
2021-07-28,Napa,055,140530,10522,10376,50,10426,82
2021-07-28,Nevada,057,99092,5671,5320,210,5530,72
2021-07-28,Orange,059,3164182,267029,262735,12245,274980,5143
2021-07-28,Placer,061,380077,25718,24978,1911,26889,306
2021-07-28,Plumas,063,18699,761,754,14,768,5
2021-07-28,Riverside,065,2383286,305314,299611,14635,314246,4554
2021-07-28,Sacramento,067,1510023,117073,114665,2245,116910,1714
2021-07-28,San Benito,069,59416,6272,6236,117,6353,63
2021-07-28,San Bernardino,071,2135413,303697,300121,9456,309577,5236
2021-07-28,San Diego,073,3302833,298414,294176,17112,311288,3798
2021-07-28,San Francisco,075,870044,41625,40144,1569,41713,561
2021-07-28,San Joaquin,077,732212,77542,76312,3949,80261,1443
2021-07-28,San Luis Obispo,079,281455,22236,21865,819,22684,260
2021-07-28,San Mateo,081,765935,45256,44477,588,45065,547
2021-07-28,Santa Barbara,083,443738,36451,35431,1286,36717,467
2021-07-28,Santa Clara,085,1922200,124280,122345,868,123213,2099
2021-07-28,Santa Cruz,087,273765,16845,16551,835,17386,207
2021-07-28,Shasta,089,179085,13161,12882,1771,14653,212
2021-07-28,Sierra,091,2930,71,67,12,79,0
2021-07-28,Siskiyou,093,43540,2063,1971,434,2405,31
2021-07-28,Solano,095,438530,36031,35204,727,35931,262
2021-07-28,Sonoma,097,501317,33210,32434,390,32824,328
2021-07-28,Stanislaus,099,539301,59481,58427,6357,64784,1035
2021-07-28,Sutter,101,95872,10243,10033,106,10139,126
2021-07-28,Tehama,103,63373,5284,5209,614,5823,66
2021-07-28,Trinity,105,12862,511,352,113,465,3
2021-07-28,Tulare,107,460477,51327,50363,9698,60061,854
2021-07-28,Tuolumne,109,53932,4507,4313,42,4355,64
2021-07-28,Ventura,111,848112,84576,83360,3490,86850,1043
2021-07-28,Yolo,113,214977,15101,14801,485,15286,215
2021-07-28,Yuba,115,75493,6737,6591,146,6737,51
2021-07-27,Alameda,001,1643700,96691,94682,2242,96924,1256
2021-07-27,Alpine,003,1148,90,89,0,89,0
2021-07-27,Amador,005,37829,3921,3861,34,3895,48
2021-07-27,Butte,007,227075,13442,13127,2015,15142,205
2021-07-27,Calaveras,009,45235,2299,2280,16,2296,57
2021-07-27,Colusa,011,21464,2029,1999,354,2353,16
2021-07-27,Contra Costa,013,1133247,76946,75227,1527,76754,830
2021-07-27,Del Norte,015,27424,1646,1538,15,1553,8
2021-07-27,El Dorado,017,186661,11217,10941,852,11793,116
2021-07-27,Fresno,019,978130,106111,104288,9175,113463,1746
2021-07-27,Glenn,021,27897,2489,2460,588,3048,20
2021-07-27,Humboldt,023,135768,5119,4925,75,5000,52
2021-07-27,Imperial,025,180216,29316,29048,2827,31875,743
2021-07-27,Inyo,027,18085,1451,1430,12,1442,38
2021-07-27,Kern,029,883053,100008,98724,11959,110683,1352
2021-07-27,Kings,031,150075,23887,23463,1177,24640,248
2021-07-27,Lake,033,64148,4321,4157,15,4172,65
2021-07-27,Lassen,035,31185,5336,5315,120,5435,21
2021-07-27,Los Angeles,037,10098052,1258637,1243336,45636,1288972,24658
2021-07-27,Madera,039,155013,17295,16998,1018,18016,245
2021-07-27,Marin,041,260295,14937,14631,297,14928,239
2021-07-27,Mariposa,043,17540,474,468,11,479,5
2021-07-27,Mendocino,045,87422,4523,4371,86,4457,49
2021-07-27,Merced,047,269075,32103,31825,1055,32880,473
2021-07-27,Modoc,049,8938,423,413,149,562,5
2021-07-27,Mono,051,14174,1289,1288,16,1304,3
2021-07-27,Monterey,053,433212,43923,43646,1992,45638,523
2021-07-27,Napa,055,140530,10492,10354,50,10404,82
2021-07-27,Nevada,057,99092,5594,5305,208,5513,72
2021-07-27,Orange,059,3164182,266288,262193,12220,274413,5143
2021-07-27,Placer,061,380077,25559,24916,1885,26801,306
2021-07-27,Plumas,063,18699,758,752,14,766,5
2021-07-27,Riverside,065,2383286,304583,299160,14616,313776,4554
2021-07-27,Sacramento,067,1510023,116470,114413,2236,116649,1710
2021-07-27,San Benito,069,59416,6263,6229,117,6346,63
2021-07-27,San Bernardino,071,2135413,302991,299593,9434,309027,5236
2021-07-27,San Diego,073,3302833,297323,293408,17039,310447,3798
2021-07-27,San Francisco,075,870044,41266,39939,1551,41490,561
2021-07-27,San Joaquin,077,732212,77280,76166,3929,80095,1442
2021-07-27,San Luis Obispo,079,281455,22181,21803,810,22613,260
2021-07-27,San Mateo,081,765935,45103,44378,585,44963,547
2021-07-27,Santa Barbara,083,443738,36353,35355,1284,36639,467
2021-07-27,Santa Clara,085,1922200,123986,122154,866,123020,2099
2021-07-27,Santa Cruz,087,273765,16799,16523,834,17357,207
2021-07-27,Shasta,089,179085,13110,12846,1758,14604,212
2021-07-27,Sierra,091,2930,71,65,12,77,0
2021-07-27,Siskiyou,093,43540,2058,1964,431,2395,31
2021-07-27,Solano,095,438530,35899,35093,717,35810,261
2021-07-27,Sonoma,097,501317,33064,32367,388,32755,328
2021-07-27,Stanislaus,099,539301,59309,58333,6331,64664,1033
2021-07-27,Sutter,101,95872,10202,9998,106,10104,115
2021-07-27,Tehama,103,63373,5263,5192,612,5804,66
2021-07-27,Trinity,105,12862,510,351,113,464,3
2021-07-27,Tulare,107,460477,51259,50324,9668,59992,854
2021-07-27,Tuolumne,109,53932,4455,4282,42,4324,64
2021-07-27,Ventura,111,848112,84368,83189,3478,86667,1043
2021-07-27,Yolo,113,214977,15027,14759,479,15238,215
2021-07-27,Yuba,115,75493,6715,6564,144,6708,51
2021-07-26,Alameda,001,1643700,96238,94436,2235,96671,1259
2021-07-26,Alpine,003,1148,90,89,0,89,0
2021-07-26,Amador,005,37829,3911,3854,34,3888,48
2021-07-26,Butte,007,227075,13387,13082,2004,15086,203
2021-07-26,Calaveras,009,45235,2294,2276,16,2292,57
2021-07-26,Colusa,011,21464,2022,1996,352,2348,16
2021-07-26,Contra Costa,013,1133247,76446,74854,1520,76374,830
2021-07-26,Del Norte,015,27424,1625,1530,15,1545,8
2021-07-26,El Dorado,017,186661,11153,10899,849,11748,116
2021-07-26,Fresno,019,978130,105908,104143,9152,113295,1742
2021-07-26,Glenn,021,27897,2487,2461,587,3048,20
2021-07-26,Humboldt,023,135768,5080,4906,73,4979,52
2021-07-26,Imperial,025,180216,29276,29034,2827,31861,743
2021-07-26,Inyo,027,18085,1446,1429,12,1441,38
2021-07-26,Kern,029,883053,99842,98633,11894,110527,1351
2021-07-26,Kings,031,150075,23838,23426,1173,24599,247
2021-07-26,Lake,033,64148,4300,4133,15,4148,65
2021-07-26,Lassen,035,31185,5332,5314,120,5434,21
2021-07-26,Los Angeles,037,10098052,1255318,1241527,45468,1286995,24647
2021-07-26,Madera,039,155013,17267,16971,1011,17982,245
2021-07-26,Marin,041,260295,14880,14579,296,14875,239
2021-07-26,Mariposa,043,17540,473,467,11,478,5
2021-07-26,Mendocino,045,87422,4503,4354,86,4440,49
2021-07-26,Merced,047,269075,32019,31774,1051,32825,473
2021-07-26,Modoc,049,8938,423,413,149,562,5
2021-07-26,Mono,051,14174,1287,1286,16,1302,3
2021-07-26,Monterey,053,433212,43880,43595,1979,45574,521
2021-07-26,Napa,055,140530,10469,10332,50,10382,82
2021-07-26,Nevada,057,99092,5508,5280,208,5488,72
2021-07-26,Orange,059,3164182,265654,261803,12199,274002,5142
2021-07-26,Placer,061,380077,25424,24842,1864,26706,304
2021-07-26,Plumas,063,18699,754,750,14,764,5
2021-07-26,Riverside,065,2383286,303889,298626,14602,313228,4553
2021-07-26,Sacramento,067,1510023,115869,113986,2220,116206,1705
2021-07-26,San Benito,069,59416,6257,6222,117,6339,63
2021-07-26,San Bernardino,071,2135413,302379,299238,9421,308659,5237
2021-07-26,San Diego,073,3302833,296210,292688,16965,309653,3793
2021-07-26,San Francisco,075,870044,40911,39800,1524,41324,561
2021-07-26,San Joaquin,077,732212,77045,76033,3925,79958,1440
2021-07-26,San Luis Obispo,079,281455,22132,21752,807,22559,260
2021-07-26,San Mateo,081,765935,44954,44297,576,44873,547
2021-07-26,Santa Barbara,083,443738,36282,35311,1272,36583,467
2021-07-26,Santa Clara,085,1922200,123677,121978,857,122835,2099
2021-07-26,Santa Cruz,087,273765,16760,16493,831,17324,207
2021-07-26,Shasta,089,179085,13061,12819,1745,14564,211
2021-07-26,Sierra,091,2930,70,65,12,77,0
2021-07-26,Siskiyou,093,43540,2055,1962,429,2391,31
2021-07-26,Solano,095,438530,35744,34990,709,35699,259
2021-07-26,Sonoma,097,501317,32929,32283,386,32669,328
2021-07-26,Stanislaus,099,539301,59163,58219,6312,64531,1033
2021-07-26,Sutter,101,95872,10162,9963,103,10066,115
2021-07-26,Tehama,103,63373,5253,5183,608,5791,66
2021-07-26,Trinity,105,12862,510,351,112,463,3
2021-07-26,Tulare,107,460477,51194,50265,9636,59901,854
2021-07-26,Tuolumne,109,53932,4425,4271,42,4313,64
2021-07-26,Ventura,111,848112,84195,83072,3463,86535,1041
2021-07-26,Yolo,113,214977,14967,14727,466,15193,215
2021-07-26,Yuba,115,75493,6681,6538,142,6680,51
2021-07-25,Alameda,001,1643700,95750,94146,2229,96375,1259
2021-07-25,Alpine,003,1148,88,89,0,89,0
2021-07-25,Amador,005,37829,3896,3848,34,3882,48
2021-07-25,Butte,007,227075,13348,13074,1994,15068,203
2021-07-25,Calaveras,009,45235,2283,2275,16,2291,57
2021-07-25,Colusa,011,21464,2013,1996,348,2344,16
2021-07-25,Contra Costa,013,1133247,75961,74634,1506,76140,830
2021-07-25,Del Norte,015,27424,1604,1526,15,1541,8
2021-07-25,El Dorado,017,186661,11095,10878,846,11724,116
2021-07-25,Fresno,019,978130,105667,104019,9136,113155,1742
2021-07-25,Glenn,021,27897,2478,2461,585,3046,20
2021-07-25,Humboldt,023,135768,5021,4892,71,4963,52
2021-07-25,Imperial,025,180216,29240,29037,2827,31864,743
2021-07-25,Inyo,027,18085,1441,1427,12,1439,38
2021-07-25,Kern,029,883053,99670,98503,11823,110326,1351
2021-07-25,Kings,031,150075,23784,23396,1169,24565,247
2021-07-25,Lake,033,64148,4247,4109,14,4123,65
2021-07-25,Lassen,035,31185,5328,5314,120,5434,21
2021-07-25,Los Angeles,037,10098052,1251924,1239596,45293,1284889,24643
2021-07-25,Madera,039,155013,17230,16947,1004,17951,245
2021-07-25,Marin,041,260295,14830,14558,293,14851,239
2021-07-25,Mariposa,043,17540,470,465,11,476,5
2021-07-25,Mendocino,045,87422,4473,4335,84,4419,49
2021-07-25,Merced,047,269075,31947,31760,1049,32809,473
2021-07-25,Modoc,049,8938,423,413,149,562,5
2021-07-25,Mono,051,14174,1285,1286,16,1302,3
2021-07-25,Monterey,053,433212,43841,43590,1971,45561,521
2021-07-25,Napa,055,140530,10432,10316,49,10365,82
2021-07-25,Nevada,057,99092,5443,5256,205,5461,72
2021-07-25,Orange,059,3164182,264946,261351,12176,273527,5142
2021-07-25,Placer,061,380077,25303,24755,1843,26598,304
2021-07-25,Plumas,063,18699,752,750,14,764,5
2021-07-25,Riverside,065,2383286,303124,298181,14585,312766,4553
2021-07-25,Sacramento,067,1510023,115321,113611,2204,115815,1704
2021-07-25,San Benito,069,59416,6250,6217,117,6334,63
2021-07-25,San Bernardino,071,2135413,301725,298982,9415,308397,5237
2021-07-25,San Diego,073,3302833,295136,290626,16897,307523,3793
2021-07-25,San Francisco,075,870044,40573,39663,1499,41162,561
2021-07-25,San Joaquin,077,732212,76790,75926,3906,79832,1440
2021-07-25,San Luis Obispo,079,281455,22059,21741,804,22545,260
2021-07-25,San Mateo,081,765935,44791,44189,570,44759,547
2021-07-25,Santa Barbara,083,443738,36205,35261,1269,36530,467
2021-07-25,Santa Clara,085,1922200,123346,121800,852,122652,2099
2021-07-25,Santa Cruz,087,273765,16713,16474,830,17304,207
2021-07-25,Shasta,089,179085,13014,12815,1740,14555,211
2021-07-25,Sierra,091,2930,70,65,12,77,0
2021-07-25,Siskiyou,093,43540,2047,1963,426,2389,31
2021-07-25,Solano,095,438530,35550,34863,706,35569,259
2021-07-25,Sonoma,097,501317,32804,32202,383,32585,328
2021-07-25,Stanislaus,099,539301,58996,58154,6307,64461,1033
2021-07-25,Sutter,101,95872,10108,9937,101,10038,115
2021-07-25,Tehama,103,63373,5237,5181,607,5788,66
2021-07-25,Trinity,105,12862,508,351,110,461,3
2021-07-25,Tulare,107,460477,51117,50221,9598,59819,854
2021-07-25,Tuolumne,109,53932,4373,4267,42,4309,64
2021-07-25,Ventura,111,848112,83981,82986,3441,86427,1041
2021-07-25,Yolo,113,214977,14906,14693,452,15145,215
2021-07-25,Yuba,115,75493,6648,6519,142,6661,51
2021-07-24,Alameda,001,1643700,95474,93170,2223,95393,1259
2021-07-24,Alpine,003,1148,88,89,0,89,0
2021-07-24,Amador,005,37829,3887,3816,34,3850,48
2021-07-24,Butte,007,227075,13319,12982,1992,14974,203
2021-07-24,Calaveras,009,45235,2279,2267,16,2283,57
2021-07-24,Colusa,011,21464,2012,1992,346,2338,16
2021-07-24,Contra Costa,013,1133247,75736,73682,1503,75185,830
2021-07-24,Del Norte,015,27424,1593,1497,15,1512,8
2021-07-24,El Dorado,017,186661,11061,10773,843,11616,116
2021-07-24,Fresno,019,978130,105549,103637,9127,112764,1736
2021-07-24,Glenn,021,27897,2477,2457,585,3042,20
2021-07-24,Humboldt,023,135768,4987,4780,70,4850,52
2021-07-24,Imperial,025,180216,29220,28996,2827,31823,742
2021-07-24,Inyo,027,18085,1438,1424,12,1436,38
2021-07-24,Kern,029,883053,99591,98261,11801,110062,1350
2021-07-24,Kings,031,150075,23753,23304,1166,24470,246
2021-07-24,Lake,033,64148,4224,3963,14,3977,64
2021-07-24,Lassen,035,31185,5327,5311,120,5431,21
2021-07-24,Los Angeles,037,10098052,1250161,1232164,45173,1277337,24623
2021-07-24,Madera,039,155013,17206,16885,1002,17887,245
2021-07-24,Marin,041,260295,14791,14454,293,14747,238
2021-07-24,Mariposa,043,17540,470,453,11,464,5
2021-07-24,Mendocino,045,87422,4448,4293,84,4377,49
2021-07-24,Merced,047,269075,31925,31661,1048,32709,473
2021-07-24,Modoc,049,8938,423,413,149,562,5
2021-07-24,Mono,051,14174,1283,1284,16,1300,3
2021-07-24,Monterey,053,433212,43816,43525,1964,45489,521
2021-07-24,Napa,055,140530,10416,10230,49,10279,81
2021-07-24,Nevada,057,99092,5410,5183,205,5388,72
2021-07-24,Orange,059,3164182,264480,259973,12163,272136,5141
2021-07-24,Placer,061,380077,25220,24530,1838,26368,303
2021-07-24,Plumas,063,18699,751,737,14,751,4
2021-07-24,Riverside,065,2383286,302656,296912,14575,311487,4552
2021-07-24,Sacramento,067,1510023,115003,112438,2200,114638,1698
2021-07-24,San Benito,069,59416,6246,6200,116,6316,63
2021-07-24,San Bernardino,071,2135413,301334,297899,9406,307305,5236
2021-07-24,San Diego,073,3302833,294669,289368,16870,306238,3788
2021-07-24,San Francisco,075,870044,40409,38954,1482,40436,561
2021-07-24,San Joaquin,077,732212,76663,75461,3895,79356,1436
2021-07-24,San Luis Obispo,079,281455,22028,21616,802,22418,260
2021-07-24,San Mateo,081,765935,44673,43880,564,44444,542
2021-07-24,Santa Barbara,083,443738,36146,35071,1265,36336,465
2021-07-24,Santa Clara,085,1922200,123134,121092,851,121943,2099
2021-07-24,Santa Cruz,087,273765,16691,16416,830,17246,207
2021-07-24,Shasta,089,179085,12986,12759,1737,14496,211
2021-07-24,Sierra,091,2930,69,64,12,76,0
2021-07-24,Siskiyou,093,43540,2047,1951,426,2377,31
2021-07-24,Solano,095,438530,35458,34499,697,35196,259
2021-07-24,Sonoma,097,501317,32680,31928,381,32309,327
2021-07-24,Stanislaus,099,539301,58903,57879,6297,64176,1030
2021-07-24,Sutter,101,95872,10081,9890,101,9991,115
2021-07-24,Tehama,103,63373,5230,5166,605,5771,65
2021-07-24,Trinity,105,12862,508,345,110,455,3
2021-07-24,Tulare,107,460477,51074,50104,9580,59684,854
2021-07-24,Tuolumne,109,53932,4347,4216,42,4258,64
2021-07-24,Ventura,111,848112,83854,82687,3424,86111,1041
2021-07-24,Yolo,113,214977,14869,14557,449,15006,214
2021-07-24,Yuba,115,75493,6629,6449,142,6591,51
2021-07-23,Alameda,001,1643700,95220,93170,2217,95387,1259
2021-07-23,Alpine,003,1148,88,89,0,89,0
2021-07-23,Amador,005,37829,3880,3816,34,3850,48
2021-07-23,Butte,007,227075,13290,12982,1984,14966,203
2021-07-23,Calaveras,009,45235,2277,2267,16,2283,57
2021-07-23,Colusa,011,21464,2011,1992,346,2338,16
2021-07-23,Contra Costa,013,1133247,75479,73682,1493,75175,830
2021-07-23,Del Norte,015,27424,1585,1497,15,1512,8
2021-07-23,El Dorado,017,186661,11032,10773,839,11612,116
2021-07-23,Fresno,019,978130,105418,103637,9118,112755,1736
2021-07-23,Glenn,021,27897,2475,2457,582,3039,20
2021-07-23,Humboldt,023,135768,4966,4780,68,4848,52
2021-07-23,Imperial,025,180216,29208,28996,2827,31823,742
2021-07-23,Inyo,027,18085,1435,1424,12,1436,38
2021-07-23,Kern,029,883053,99508,98261,11775,110036,1350
2021-07-23,Kings,031,150075,23722,23304,1163,24467,246
2021-07-23,Lake,033,64148,4194,3963,14,3977,64
2021-07-23,Lassen,035,31185,5325,5311,120,5431,21
2021-07-23,Los Angeles,037,10098052,1248239,1232164,45087,1277251,24623
2021-07-23,Madera,039,155013,17176,16885,997,17882,245
2021-07-23,Marin,041,260295,14754,14454,291,14745,238
2021-07-23,Mariposa,043,17540,467,453,11,464,5
2021-07-23,Mendocino,045,87422,4435,4293,84,4377,49
2021-07-23,Merced,047,269075,31899,31661,1048,32709,473
2021-07-23,Modoc,049,8938,423,413,149,562,5
2021-07-23,Mono,051,14174,1282,1284,16,1300,3
2021-07-23,Monterey,053,433212,43791,43525,1964,45489,521
2021-07-23,Napa,055,140530,10395,10230,49,10279,81
2021-07-23,Nevada,057,99092,5365,5183,205,5388,72
2021-07-23,Orange,059,3164182,264028,259973,12140,272113,5141
2021-07-23,Placer,061,380077,25140,24530,1822,26352,303
2021-07-23,Plumas,063,18699,749,737,14,751,4
2021-07-23,Riverside,065,2383286,302191,296912,14563,311475,4552
2021-07-23,Sacramento,067,1510023,114647,112438,2198,114636,1698
2021-07-23,San Benito,069,59416,6240,6200,116,6316,63
2021-07-23,San Bernardino,071,2135413,300957,297899,9397,307296,5236
2021-07-23,San Diego,073,3302833,294068,289368,16822,306190,3788
2021-07-23,San Francisco,075,870044,40226,38954,1469,40423,561
2021-07-23,San Joaquin,077,732212,76563,75461,3880,79341,1436
2021-07-23,San Luis Obispo,079,281455,21990,21616,802,22418,260
2021-07-23,San Mateo,081,765935,44568,43880,559,44439,542
2021-07-23,Santa Barbara,083,443738,36079,35071,1264,36335,465
2021-07-23,Santa Clara,085,1922200,122915,121092,848,121940,2099
2021-07-23,Santa Cruz,087,273765,16666,16416,830,17246,207
2021-07-23,Shasta,089,179085,12959,12759,1734,14493,211
2021-07-23,Sierra,091,2930,69,64,12,76,0
2021-07-23,Siskiyou,093,43540,2045,1951,426,2377,31
2021-07-23,Solano,095,438530,35365,34499,693,35192,259
2021-07-23,Sonoma,097,501317,32586,31928,380,32308,327
2021-07-23,Stanislaus,099,539301,58823,57879,6287,64166,1030
2021-07-23,Sutter,101,95872,10052,9890,101,9991,115
2021-07-23,Tehama,103,63373,5221,5166,605,5771,65
2021-07-23,Trinity,105,12862,507,345,109,454,3
2021-07-23,Tulare,107,460477,51028,50104,9555,59659,854
2021-07-23,Tuolumne,109,53932,4325,4216,42,4258,64
2021-07-23,Ventura,111,848112,83692,82687,3406,86093,1041
2021-07-23,Yolo,113,214977,14830,14557,442,14999,214
2021-07-23,Yuba,115,75493,6603,6449,141,6590,51
2021-07-22,Alameda,001,1643700,94857,93170,2211,95381,1259
2021-07-22,Alpine,003,1148,88,89,0,89,0
2021-07-22,Amador,005,37829,3871,3816,34,3850,48
2021-07-22,Butte,007,227075,13256,12982,1975,14957,203
2021-07-22,Calaveras,009,45235,2274,2267,16,2283,57
2021-07-22,Colusa,011,21464,2009,1992,343,2335,16
2021-07-22,Contra Costa,013,1133247,75139,73682,1489,75171,830
2021-07-22,Del Norte,015,27424,1568,1497,15,1512,8
2021-07-22,El Dorado,017,186661,10997,10773,831,11604,116
2021-07-22,Fresno,019,978130,105289,103637,9108,112745,1736
2021-07-22,Glenn,021,27897,2471,2457,582,3039,20
2021-07-22,Humboldt,023,135768,4935,4780,66,4846,52
2021-07-22,Imperial,025,180216,29178,28996,2827,31823,742
2021-07-22,Inyo,027,18085,1433,1424,12,1436,38
2021-07-22,Kern,029,883053,99392,98261,11733,109994,1350
2021-07-22,Kings,031,150075,23683,23304,1161,24465,246
2021-07-22,Lake,033,64148,4143,3963,14,3977,64
2021-07-22,Lassen,035,31185,5322,5311,120,5431,21
2021-07-22,Los Angeles,037,10098052,1245843,1232164,44930,1277094,24623
2021-07-22,Madera,039,155013,17141,16885,995,17880,245
2021-07-22,Marin,041,260295,14713,14454,290,14744,238
2021-07-22,Mariposa,043,17540,460,453,11,464,5
2021-07-22,Mendocino,045,87422,4422,4293,83,4376,49
2021-07-22,Merced,047,269075,31857,31661,1046,32707,473
2021-07-22,Modoc,049,8938,423,413,149,562,5
2021-07-22,Mono,051,14174,1281,1284,16,1300,3
2021-07-22,Monterey,053,433212,43762,43525,1958,45483,521
2021-07-22,Napa,055,140530,10377,10230,49,10279,81
2021-07-22,Nevada,057,99092,5339,5183,204,5387,72
2021-07-22,Orange,059,3164182,263475,259973,12131,272104,5141
2021-07-22,Placer,061,380077,25046,24530,1811,26341,303
2021-07-22,Plumas,063,18699,748,737,14,751,4
2021-07-22,Riverside,065,2383286,301682,296912,14543,311455,4552
2021-07-22,Sacramento,067,1510023,114210,112438,2189,114627,1698
2021-07-22,San Benito,069,59416,6232,6200,116,6316,63
2021-07-22,San Bernardino,071,2135413,300560,297899,9381,307280,5236
2021-07-22,San Diego,073,3302833,293345,289368,16762,306130,3788
2021-07-22,San Francisco,075,870044,40013,38954,1457,40411,561
2021-07-22,San Joaquin,077,732212,76420,75461,3867,79328,1436
2021-07-22,San Luis Obispo,079,281455,21953,21616,798,22414,260
2021-07-22,San Mateo,081,765935,44456,43880,554,44434,542
2021-07-22,Santa Barbara,083,443738,36015,35071,1262,36333,465
2021-07-22,Santa Clara,085,1922200,122673,121092,845,121937,2099
2021-07-22,Santa Cruz,087,273765,16629,16416,830,17246,207
2021-07-22,Shasta,089,179085,12935,12759,1730,14489,211
2021-07-22,Sierra,091,2930,67,64,12,76,0
2021-07-22,Siskiyou,093,43540,2042,1951,426,2377,31
2021-07-22,Solano,095,438530,35215,34499,686,35185,259
2021-07-22,Sonoma,097,501317,32477,31928,378,32306,327
2021-07-22,Stanislaus,099,539301,58693,57879,6275,64154,1030
2021-07-22,Sutter,101,95872,10031,9890,101,9991,115
2021-07-22,Tehama,103,63373,5215,5166,605,5771,65
2021-07-22,Trinity,105,12862,507,345,109,454,3
2021-07-22,Tulare,107,460477,50985,50104,9527,59631,854
2021-07-22,Tuolumne,109,53932,4313,4216,42,4258,64
2021-07-22,Ventura,111,848112,83558,82687,3393,86080,1041
2021-07-22,Yolo,113,214977,14792,14557,441,14998,214
2021-07-22,Yuba,115,75493,6573,6449,138,6587,51
2021-07-21,Alameda,001,1643700,94528,92840,2208,95048,1256
2021-07-21,Alpine,003,1148,88,89,0,89,0
2021-07-21,Amador,005,37829,3858,3813,34,3847,48
2021-07-21,Butte,007,227075,13215,12939,1970,14909,203
2021-07-21,Calaveras,009,45235,2273,2257,16,2273,57
2021-07-21,Colusa,011,21464,2005,1988,342,2330,16
2021-07-21,Contra Costa,013,1133247,74874,73320,1480,74800,827
2021-07-21,Del Norte,015,27424,1558,1492,15,1507,8
2021-07-21,El Dorado,017,186661,10962,10742,827,11569,116
2021-07-21,Fresno,019,978130,105141,103504,9099,112603,1736
2021-07-21,Glenn,021,27897,2469,2455,581,3036,20
2021-07-21,Humboldt,023,135768,4903,4763,64,4827,52
2021-07-21,Imperial,025,180216,29166,28964,2820,31784,742
2021-07-21,Inyo,027,18085,1433,1423,12,1435,38
2021-07-21,Kern,029,883053,99274,98152,11692,109844,1350
2021-07-21,Kings,031,150075,23655,23270,1157,24427,246
2021-07-21,Lake,033,64148,4078,3896,14,3910,64
2021-07-21,Lassen,035,31185,5319,5310,120,5430,21
2021-07-21,Los Angeles,037,10098052,1243368,1229598,44805,1274403,24609
2021-07-21,Madera,039,155013,17117,16858,992,17850,245
2021-07-21,Marin,041,260295,14663,14427,290,14717,238
2021-07-21,Mariposa,043,17540,456,449,11,460,5
2021-07-21,Mendocino,045,87422,4404,4274,83,4357,49
2021-07-21,Merced,047,269075,31818,31607,1041,32648,473
2021-07-21,Modoc,049,8938,423,413,149,562,5
2021-07-21,Mono,051,14174,1278,1282,16,1298,3
2021-07-21,Monterey,053,433212,43732,43502,1954,45456,515
2021-07-21,Napa,055,140530,10352,10209,49,10258,81
2021-07-21,Nevada,057,99092,5304,5152,204,5356,72
2021-07-21,Orange,059,3164182,262924,259615,12100,271715,5139
2021-07-21,Placer,061,380077,24937,24441,1800,26241,303
2021-07-21,Plumas,063,18699,748,736,14,750,4
2021-07-21,Riverside,065,2383286,301169,296419,14526,310945,4552
2021-07-21,Sacramento,067,1510023,113794,112043,2178,114221,1696
2021-07-21,San Benito,069,59416,6222,6196,116,6312,63
2021-07-21,San Bernardino,071,2135413,300116,297519,9373,306892,5230
2021-07-21,San Diego,073,3302833,292497,288682,16698,305380,3787
2021-07-21,San Francisco,075,870044,39789,38699,1452,40151,559
2021-07-21,San Joaquin,077,732212,76231,75288,3855,79143,1434
2021-07-21,San Luis Obispo,079,281455,21916,21579,795,22374,260
2021-07-21,San Mateo,081,765935,44363,43755,550,44305,542
2021-07-21,Santa Barbara,083,443738,35956,34998,1246,36244,465
2021-07-21,Santa Clara,085,1922200,122463,120838,843,121681,2099
2021-07-21,Santa Cruz,087,273765,16595,16407,830,17237,207
2021-07-21,Shasta,089,179085,12902,12751,1727,14478,211
2021-07-21,Sierra,091,2930,67,64,12,76,0
2021-07-21,Siskiyou,093,43540,2040,1943,424,2367,31
2021-07-21,Solano,095,438530,35058,34374,681,35055,258
2021-07-21,Sonoma,097,501317,32361,31789,378,32167,327
2021-07-21,Stanislaus,099,539301,58591,57774,6266,64040,1028
2021-07-21,Sutter,101,95872,10007,9862,101,9963,113
2021-07-21,Tehama,103,63373,5211,5161,605,5766,65
2021-07-21,Trinity,105,12862,506,345,108,453,3
2021-07-21,Tulare,107,460477,50926,50066,9501,59567,854
2021-07-21,Tuolumne,109,53932,4276,4156,42,4198,64
2021-07-21,Ventura,111,848112,83436,82573,3381,85954,1041
2021-07-21,Yolo,113,214977,14751,14525,440,14965,213
2021-07-21,Yuba,115,75493,6545,6425,138,6563,52
2021-07-20,Alameda,001,1643700,94149,92625,2195,94820,1256
2021-07-20,Alpine,003,1148,88,89,0,89,0
2021-07-20,Amador,005,37829,3847,3807,34,3841,48
2021-07-20,Butte,007,227075,13178,12916,1965,14881,203
2021-07-20,Calaveras,009,45235,2270,2249,16,2265,57
2021-07-20,Colusa,011,21464,2005,1985,342,2327,16
2021-07-20,Contra Costa,013,1133247,74589,73143,1462,74605,825
2021-07-20,Del Norte,015,27424,1548,1490,15,1505,8
2021-07-20,El Dorado,017,186661,10922,10727,822,11549,116
2021-07-20,Fresno,019,978130,105005,103438,9080,112518,1736
2021-07-20,Glenn,021,27897,2469,2453,581,3034,20
2021-07-20,Humboldt,023,135768,4858,4735,62,4797,52
2021-07-20,Imperial,025,180216,29146,28933,2820,31753,742
2021-07-20,Inyo,027,18085,1429,1420,12,1432,36
2021-07-20,Kern,029,883053,99164,98082,11665,109747,1350
2021-07-20,Kings,031,150075,23614,23254,1153,24407,246
2021-07-20,Lake,033,64148,4053,3871,14,3885,64
2021-07-20,Lassen,035,31185,5319,5306,120,5426,21
2021-07-20,Los Angeles,037,10098052,1240593,1227404,44647,1272051,24603
2021-07-20,Madera,039,155013,17096,16856,988,17844,245
2021-07-20,Marin,041,260295,14628,14396,287,14683,234
2021-07-20,Mariposa,043,17540,455,448,11,459,5
2021-07-20,Mendocino,045,87422,4387,4259,83,4342,49
2021-07-20,Merced,047,269075,31780,31578,1034,32612,473
2021-07-20,Modoc,049,8938,423,413,149,562,5
2021-07-20,Mono,051,14174,1274,1281,16,1297,3
2021-07-20,Monterey,053,433212,43701,43481,1951,45432,515
2021-07-20,Napa,055,140530,10329,10191,49,10240,81
2021-07-20,Nevada,057,99092,5285,5148,203,5351,72
2021-07-20,Orange,059,3164182,262371,259303,12068,271371,5139
2021-07-20,Placer,061,380077,24845,24408,1776,26184,303
2021-07-20,Plumas,063,18699,746,736,14,750,4
2021-07-20,Riverside,065,2383286,300635,296118,14512,310630,4543
2021-07-20,Sacramento,067,1510023,113356,111796,2148,113944,1695
2021-07-20,San Benito,069,59416,6215,6196,116,6312,63
2021-07-20,San Bernardino,071,2135413,299705,297222,9348,306570,5231
2021-07-20,San Diego,073,3302833,291576,288209,16602,304811,3786
2021-07-20,San Francisco,075,870044,39532,38536,1441,39977,558
2021-07-20,San Joaquin,077,732212,76059,75198,3842,79040,1433
2021-07-20,San Luis Obispo,079,281455,21871,21556,794,22350,259
2021-07-20,San Mateo,081,765935,44246,43670,549,44219,542
2021-07-20,Santa Barbara,083,443738,35885,34935,1240,36175,462
2021-07-20,Santa Clara,085,1922200,122206,120704,841,121545,2098
2021-07-20,Santa Cruz,087,273765,16566,16399,830,17229,207
2021-07-20,Shasta,089,179085,12876,12734,1723,14457,211
2021-07-20,Sierra,091,2930,67,64,12,76,0
2021-07-20,Siskiyou,093,43540,2036,1931,423,2354,31
2021-07-20,Solano,095,438530,34925,34337,674,35011,258
2021-07-20,Sonoma,097,501317,32242,31763,377,32140,326
2021-07-20,Stanislaus,099,539301,58475,57706,6260,63966,1028
2021-07-20,Sutter,101,95872,9980,9854,98,9952,114
2021-07-20,Tehama,103,63373,5209,5153,605,5758,65
2021-07-20,Trinity,105,12862,504,344,107,451,3
2021-07-20,Tulare,107,460477,50884,50047,9484,59531,854
2021-07-20,Tuolumne,109,53932,4257,4156,42,4198,64
2021-07-20,Ventura,111,848112,83283,82504,3364,85868,1041
2021-07-20,Yolo,113,214977,14688,14495,437,14932,213
2021-07-20,Yuba,115,75493,6520,6393,135,6528,52
2021-07-19,Alameda,001,1643700,93778,92357,2179,94536,1256
2021-07-19,Alpine,003,1148,88,89,0,89,0
2021-07-19,Amador,005,37829,3843,3802,34,3836,48
2021-07-19,Butte,007,227075,13135,12901,1959,14860,202
2021-07-19,Calaveras,009,45235,2269,2245,16,2261,57
2021-07-19,Colusa,011,21464,2003,1981,341,2322,16
2021-07-19,Contra Costa,013,1133247,74277,72935,1442,74377,825
2021-07-19,Del Norte,015,27424,1535,1484,15,1499,8
2021-07-19,El Dorado,017,186661,10892,10703,814,11517,114
2021-07-19,Fresno,019,978130,104875,103350,9067,112417,1731
2021-07-19,Glenn,021,27897,2469,2452,580,3032,20
2021-07-19,Humboldt,023,135768,4828,4719,60,4779,52
2021-07-19,Imperial,025,180216,29119,28888,2820,31708,742
2021-07-19,Inyo,027,18085,1428,1417,12,1429,36
2021-07-19,Kern,029,883053,99052,97999,11630,109629,1349
2021-07-19,Kings,031,150075,23584,23221,1147,24368,246
2021-07-19,Lake,033,64148,4017,3848,14,3862,64
2021-07-19,Lassen,035,31185,5318,5305,120,5425,21
2021-07-19,Los Angeles,037,10098052,1238010,1225946,44460,1270406,24600
2021-07-19,Madera,039,155013,17073,16846,985,17831,244
2021-07-19,Marin,041,260295,14593,14369,284,14653,234
2021-07-19,Mariposa,043,17540,449,447,11,458,5
2021-07-19,Mendocino,045,87422,4369,4251,83,4334,49
2021-07-19,Merced,047,269075,31716,31565,1027,32592,472
2021-07-19,Modoc,049,8938,422,413,149,562,5
2021-07-19,Mono,051,14174,1272,1280,16,1296,3
2021-07-19,Monterey,053,433212,43677,43436,1950,45386,515
2021-07-19,Napa,055,140530,10304,10180,47,10227,81
2021-07-19,Nevada,057,99092,5257,5133,202,5335,72
2021-07-19,Orange,059,3164182,261851,258927,12036,270963,5138
2021-07-19,Placer,061,380077,24746,24359,1754,26113,303
2021-07-19,Plumas,063,18699,746,730,14,744,4
2021-07-19,Riverside,065,2383286,300146,295736,14474,310210,4543
2021-07-19,Sacramento,067,1510023,112993,111470,2124,113594,1696
2021-07-19,San Benito,069,59416,6212,6193,116,6309,63
2021-07-19,San Bernardino,071,2135413,299333,296929,9330,306259,5235
2021-07-19,San Diego,073,3302833,290687,287695,16501,304196,3786
2021-07-19,San Francisco,075,870044,39263,38463,1428,39891,560
2021-07-19,San Joaquin,077,732212,75894,75086,3836,78922,1431
2021-07-19,San Luis Obispo,079,281455,21826,21531,790,22321,259
2021-07-19,San Mateo,081,765935,44101,43563,540,44103,542
2021-07-19,Santa Barbara,083,443738,35811,34904,1238,36142,461
2021-07-19,Santa Clara,085,1922200,121948,120554,840,121394,2098
2021-07-19,Santa Cruz,087,273765,16550,16387,830,17217,207
2021-07-19,Shasta,089,179085,12858,12723,1721,14444,209
2021-07-19,Sierra,091,2930,66,64,12,76,0
2021-07-19,Siskiyou,093,43540,2031,1927,421,2348,31
2021-07-19,Solano,095,438530,34752,34262,663,34925,261
2021-07-19,Sonoma,097,501317,32121,31713,376,32089,325
2021-07-19,Stanislaus,099,539301,58372,57644,6250,63894,1027
2021-07-19,Sutter,101,95872,9964,9834,98,9932,114
2021-07-19,Tehama,103,63373,5203,5152,603,5755,65
2021-07-19,Trinity,105,12862,504,344,106,450,3
2021-07-19,Tulare,107,460477,50839,49994,9466,59460,855
2021-07-19,Tuolumne,109,53932,4247,4151,42,4193,64
2021-07-19,Ventura,111,848112,83187,82409,3342,85751,1041
2021-07-19,Yolo,113,214977,14657,14439,435,14874,213
2021-07-19,Yuba,115,75493,6496,6370,135,6505,52
2021-07-18,Alameda,001,1643700,93427,92162,2165,94327,1256
2021-07-18,Alpine,003,1148,88,89,0,89,0
2021-07-18,Amador,005,37829,3832,3799,34,3833,48
2021-07-18,Butte,007,227075,13092,12888,1954,14842,202
2021-07-18,Calaveras,009,45235,2268,2243,16,2259,57
2021-07-18,Colusa,011,21464,2003,1981,340,2321,16
2021-07-18,Contra Costa,013,1133247,73962,72849,1424,74273,825
2021-07-18,Del Norte,015,27424,1526,1482,15,1497,8
2021-07-18,El Dorado,017,186661,10854,10687,806,11493,114
2021-07-18,Fresno,019,978130,104722,103298,9049,112347,1731
2021-07-18,Glenn,021,27897,2468,2452,579,3031,20
2021-07-18,Humboldt,023,135768,4792,4714,60,4774,52
2021-07-18,Imperial,025,180216,29082,28877,2819,31696,742
2021-07-18,Inyo,027,18085,1424,1417,12,1429,36
2021-07-18,Kern,029,883053,98926,97963,11588,109551,1349
2021-07-18,Kings,031,150075,23563,23203,1143,24346,246
2021-07-18,Lake,033,64148,3981,3825,14,3839,64
2021-07-18,Lassen,035,31185,5318,5305,120,5425,21
2021-07-18,Los Angeles,037,10098052,1235339,1224691,44284,1268975,24598
2021-07-18,Madera,039,155013,17048,16838,981,17819,244
2021-07-18,Marin,041,260295,14557,14358,282,14640,234
2021-07-18,Mariposa,043,17540,448,447,11,458,5
2021-07-18,Mendocino,045,87422,4349,4246,83,4329,49
2021-07-18,Merced,047,269075,31685,31537,1025,32562,471
2021-07-18,Modoc,049,8938,422,413,149,562,5
2021-07-18,Mono,051,14174,1271,1280,16,1296,3
2021-07-18,Monterey,053,433212,43659,43422,1941,45363,515
2021-07-18,Napa,055,140530,10287,10174,44,10218,81
2021-07-18,Nevada,057,99092,5231,5124,202,5326,72
2021-07-18,Orange,059,3164182,261367,258724,12006,270730,5138
2021-07-18,Placer,061,380077,24679,24313,1727,26040,303
2021-07-18,Plumas,063,18699,746,730,14,744,4
2021-07-18,Riverside,065,2383286,299654,295522,14432,309954,4543
2021-07-18,Sacramento,067,1510023,112562,111255,2092,113347,1696
2021-07-18,San Benito,069,59416,6204,6191,116,6307,63
2021-07-18,San Bernardino,071,2135413,298859,296739,9315,306054,5233
2021-07-18,San Diego,073,3302833,289871,286287,16418,302705,3786
2021-07-18,San Francisco,075,870044,39031,38367,1417,39784,560
2021-07-18,San Joaquin,077,732212,75718,74997,3823,78820,1431
2021-07-18,San Luis Obispo,079,281455,21791,21527,787,22314,259
2021-07-18,San Mateo,081,765935,43987,43506,534,44040,542
2021-07-18,Santa Barbara,083,443738,35746,34880,1236,36116,461
2021-07-18,Santa Clara,085,1922200,121734,120438,833,121271,2098
2021-07-18,Santa Cruz,087,273765,16518,16372,829,17201,207
2021-07-18,Shasta,089,179085,12833,12714,1717,14431,209
2021-07-18,Sierra,091,2930,66,64,12,76,0
2021-07-18,Siskiyou,093,43540,2025,1927,416,2343,31
2021-07-18,Solano,095,438530,34625,34215,659,34874,261
2021-07-18,Sonoma,097,501317,32016,31675,375,32050,325
2021-07-18,Stanislaus,099,539301,58261,57600,6225,63825,1028
2021-07-18,Sutter,101,95872,9932,9826,98,9924,114
2021-07-18,Tehama,103,63373,5200,5150,602,5752,65
2021-07-18,Trinity,105,12862,504,344,106,450,3
2021-07-18,Tulare,107,460477,50786,49985,9443,59428,855
2021-07-18,Tuolumne,109,53932,4229,4149,42,4191,64
2021-07-18,Ventura,111,848112,83073,82361,3318,85679,1041
2021-07-18,Yolo,113,214977,14599,14425,429,14854,213
2021-07-18,Yuba,115,75493,6455,6357,135,6492,52
2021-07-17,Alameda,001,1643700,93205,91346,2153,93499,1255
2021-07-17,Alpine,003,1148,88,89,0,89,0
2021-07-17,Amador,005,37829,3823,3785,34,3819,48
2021-07-17,Butte,007,227075,13078,12824,1949,14773,202
2021-07-17,Calaveras,009,45235,2262,2237,16,2253,57
2021-07-17,Colusa,011,21464,2000,1976,340,2316,16
2021-07-17,Contra Costa,013,1133247,73782,72254,1411,73665,824
2021-07-17,Del Norte,015,27424,1518,1475,15,1490,8
2021-07-17,El Dorado,017,186661,10827,10622,802,11424,114
2021-07-17,Fresno,019,978130,104650,103055,9036,112091,1730
2021-07-17,Glenn,021,27897,2467,2451,579,3030,20
2021-07-17,Humboldt,023,135768,4779,4654,59,4713,52
2021-07-17,Imperial,025,180216,29066,28840,2819,31659,742
2021-07-17,Inyo,027,18085,1424,1416,12,1428,36
2021-07-17,Kern,029,883053,98869,97796,11551,109347,1348
2021-07-17,Kings,031,150075,23543,23163,1142,24305,246
2021-07-17,Lake,033,64148,3956,3760,14,3774,64
2021-07-17,Lassen,035,31185,5318,5302,120,5422,21
2021-07-17,Los Angeles,037,10098052,1233832,1219733,44139,1263872,24582
2021-07-17,Madera,039,155013,17040,16804,981,17785,240
2021-07-17,Marin,041,260295,14539,14297,280,14577,234
2021-07-17,Mariposa,043,17540,448,445,11,456,5
2021-07-17,Mendocino,045,87422,4337,4209,83,4292,49
2021-07-17,Merced,047,269075,31664,31451,1021,32472,471
2021-07-17,Modoc,049,8938,422,412,149,561,5
2021-07-17,Mono,051,14174,1269,1277,16,1293,3
2021-07-17,Monterey,053,433212,43636,43367,1936,45303,515
2021-07-17,Napa,055,140530,10271,10129,44,10173,81
2021-07-17,Nevada,057,99092,5216,5066,202,5268,72
2021-07-17,Orange,059,3164182,261057,257805,11967,269772,5136
2021-07-17,Placer,061,380077,24612,24169,1713,25882,303
2021-07-17,Plumas,063,18699,741,721,14,735,4
2021-07-17,Riverside,065,2383286,299347,294751,14400,309151,4542
2021-07-17,Sacramento,067,1510023,112326,110432,2070,112502,1694
2021-07-17,San Benito,069,59416,6198,6181,116,6297,63
2021-07-17,San Bernardino,071,2135413,298625,296048,9296,305344,5218
2021-07-17,San Diego,073,3302833,289464,285698,16351,302049,3786
2021-07-17,San Francisco,075,870044,38910,37978,1413,39391,560
2021-07-17,San Joaquin,077,732212,75631,74695,3817,78512,1430
2021-07-17,San Luis Obispo,079,281455,21764,21462,787,22249,258
2021-07-17,San Mateo,081,765935,43916,43324,533,43857,542
2021-07-17,Santa Barbara,083,443738,35705,34769,1233,36002,461
2021-07-17,Santa Clara,085,1922200,121562,119980,830,120810,2097
2021-07-17,Santa Cruz,087,273765,16511,16337,829,17166,207
2021-07-17,Shasta,089,179085,12818,12683,1712,14395,210
2021-07-17,Sierra,091,2930,66,62,12,74,0
2021-07-17,Siskiyou,093,43540,2020,1922,413,2335,29
2021-07-17,Solano,095,438530,34560,34015,651,34666,263
2021-07-17,Sonoma,097,501317,31949,31536,374,31910,322
2021-07-17,Stanislaus,099,539301,58183,57400,6211,63611,1028
2021-07-17,Sutter,101,95872,9922,9778,98,9876,114
2021-07-17,Tehama,103,63373,5197,5145,602,5747,64
2021-07-17,Trinity,105,12862,503,341,106,447,3
2021-07-17,Tulare,107,460477,50765,49937,9431,59368,854
2021-07-17,Tuolumne,109,53932,4219,4131,42,4173,64
2021-07-17,Ventura,111,848112,83005,82125,3307,85432,1041
2021-07-17,Yolo,113,214977,14568,14356,422,14778,213
2021-07-17,Yuba,115,75493,6444,6309,135,6444,52
2021-07-16,Alameda,001,1643700,92971,91346,2141,93487,1255
2021-07-16,Alpine,003,1148,88,89,0,89,0
2021-07-16,Amador,005,37829,3820,3785,34,3819,48
2021-07-16,Butte,007,227075,13053,12824,1946,14770,202
2021-07-16,Calaveras,009,45235,2262,2237,16,2253,57
2021-07-16,Colusa,011,21464,1998,1976,339,2315,16
2021-07-16,Contra Costa,013,1133247,73594,72254,1407,73661,824
2021-07-16,Del Norte,015,27424,1516,1475,15,1490,8
2021-07-16,El Dorado,017,186661,10808,10622,801,11423,114
2021-07-16,Fresno,019,978130,104598,103055,9017,112072,1730
2021-07-16,Glenn,021,27897,2467,2451,579,3030,20
2021-07-16,Humboldt,023,135768,4757,4654,59,4713,52
2021-07-16,Imperial,025,180216,29054,28840,2819,31659,742
2021-07-16,Inyo,027,18085,1422,1416,12,1428,36
2021-07-16,Kern,029,883053,98807,97796,11512,109308,1348
2021-07-16,Kings,031,150075,23518,23163,1140,24303,246
2021-07-16,Lake,033,64148,3929,3760,14,3774,64
2021-07-16,Lassen,035,31185,5317,5302,120,5422,21
2021-07-16,Los Angeles,037,10098052,1232339,1219733,43996,1263729,24582
2021-07-16,Madera,039,155013,17022,16804,981,17785,240
2021-07-16,Marin,041,260295,14515,14297,277,14574,234
2021-07-16,Mariposa,043,17540,448,445,11,456,5
2021-07-16,Mendocino,045,87422,4328,4209,82,4291,49
2021-07-16,Merced,047,269075,31642,31451,1019,32470,471
2021-07-16,Modoc,049,8938,422,412,149,561,5
2021-07-16,Mono,051,14174,1268,1277,16,1293,3
2021-07-16,Monterey,053,433212,43614,43367,1935,45302,515
2021-07-16,Napa,055,140530,10247,10129,43,10172,81
2021-07-16,Nevada,057,99092,5206,5066,202,5268,72
2021-07-16,Orange,059,3164182,260784,257805,11927,269732,5136
2021-07-16,Placer,061,380077,24559,24169,1708,25877,303
2021-07-16,Plumas,063,18699,740,721,14,735,4
2021-07-16,Riverside,065,2383286,299071,294751,14375,309126,4542
2021-07-16,Sacramento,067,1510023,112109,110432,2057,112489,1694
2021-07-16,San Benito,069,59416,6196,6181,116,6297,63
2021-07-16,San Bernardino,071,2135413,298347,296048,9279,305327,5218
2021-07-16,San Diego,073,3302833,289018,285698,16304,302002,3786
2021-07-16,San Francisco,075,870044,38793,37978,1408,39386,560
2021-07-16,San Joaquin,077,732212,75536,74695,3814,78509,1430
2021-07-16,San Luis Obispo,079,281455,21747,21462,787,22249,258
2021-07-16,San Mateo,081,765935,43863,43324,532,43856,542
2021-07-16,Santa Barbara,083,443738,35667,34769,1233,36002,461
2021-07-16,Santa Clara,085,1922200,121415,119980,822,120802,2097
2021-07-16,Santa Cruz,087,273765,16498,16337,829,17166,207
2021-07-16,Shasta,089,179085,12808,12683,1711,14394,210
2021-07-16,Sierra,091,2930,66,62,12,74,0
2021-07-16,Siskiyou,093,43540,2018,1922,411,2333,29
2021-07-16,Solano,095,438530,34493,34015,643,34658,263
2021-07-16,Sonoma,097,501317,31897,31536,371,31907,322
2021-07-16,Stanislaus,099,539301,58134,57400,6200,63600,1028
2021-07-16,Sutter,101,95872,9910,9778,98,9876,114
2021-07-16,Tehama,103,63373,5195,5145,602,5747,64
2021-07-16,Trinity,105,12862,503,341,105,446,3
2021-07-16,Tulare,107,460477,50741,49937,9421,59358,854
2021-07-16,Tuolumne,109,53932,4213,4131,42,4173,64
2021-07-16,Ventura,111,848112,82940,82125,3300,85425,1041
2021-07-16,Yolo,113,214977,14542,14356,418,14774,213
2021-07-16,Yuba,115,75493,6422,6309,134,6443,52
2021-07-15,Alameda,001,1643700,92674,91346,2132,93478,1255
2021-07-15,Alpine,003,1148,88,89,0,89,0
2021-07-15,Amador,005,37829,3817,3785,34,3819,48
2021-07-15,Butte,007,227075,13027,12824,1944,14768,202
2021-07-15,Calaveras,009,45235,2260,2237,16,2253,57
2021-07-15,Colusa,011,21464,1997,1976,338,2314,16
2021-07-15,Contra Costa,013,1133247,73381,72254,1399,73653,824
2021-07-15,Del Norte,015,27424,1513,1475,15,1490,8
2021-07-15,El Dorado,017,186661,10781,10622,799,11421,114
2021-07-15,Fresno,019,978130,104501,103055,8997,112052,1730
2021-07-15,Glenn,021,27897,2467,2451,579,3030,20
2021-07-15,Humboldt,023,135768,4739,4654,58,4712,52
2021-07-15,Imperial,025,180216,29031,28840,2818,31658,742
2021-07-15,Inyo,027,18085,1422,1416,12,1428,36
2021-07-15,Kern,029,883053,98737,97796,11484,109280,1348
2021-07-15,Kings,031,150075,23480,23163,1137,24300,246
2021-07-15,Lake,033,64148,3890,3760,14,3774,64
2021-07-15,Lassen,035,31185,5316,5302,120,5422,21
2021-07-15,Los Angeles,037,10098052,1230371,1219733,43835,1263568,24582
2021-07-15,Madera,039,155013,17000,16804,977,17781,240
2021-07-15,Marin,041,260295,14490,14297,277,14574,234
2021-07-15,Mariposa,043,17540,448,445,11,456,5
2021-07-15,Mendocino,045,87422,4320,4209,81,4290,49
2021-07-15,Merced,047,269075,31612,31451,1019,32470,471
2021-07-15,Modoc,049,8938,422,412,149,561,5
2021-07-15,Mono,051,14174,1268,1277,16,1293,3
2021-07-15,Monterey,053,433212,43585,43367,1932,45299,515
2021-07-15,Napa,055,140530,10222,10129,42,10171,81
2021-07-15,Nevada,057,99092,5188,5066,201,5267,72
2021-07-15,Orange,059,3164182,260432,257805,11895,269700,5136
2021-07-15,Placer,061,380077,24500,24169,1691,25860,303
2021-07-15,Plumas,063,18699,739,721,14,735,4
2021-07-15,Riverside,065,2383286,298749,294751,14360,309111,4542
2021-07-15,Sacramento,067,1510023,111805,110432,2039,112471,1694
2021-07-15,San Benito,069,59416,6194,6181,116,6297,63
2021-07-15,San Bernardino,071,2135413,298042,296048,9264,305312,5218
2021-07-15,San Diego,073,3302833,288386,285698,16227,301925,3786
2021-07-15,San Francisco,075,870044,38641,37978,1400,39378,560
2021-07-15,San Joaquin,077,732212,75419,74695,3809,78504,1430
2021-07-15,San Luis Obispo,079,281455,21715,21462,787,22249,258
2021-07-15,San Mateo,081,765935,43759,43324,528,43852,542
2021-07-15,Santa Barbara,083,443738,35614,34769,1232,36001,461
2021-07-15,Santa Clara,085,1922200,121293,119980,819,120799,2097
2021-07-15,Santa Cruz,087,273765,16485,16337,829,17166,207
2021-07-15,Shasta,089,179085,12800,12683,1706,14389,210
2021-07-15,Sierra,091,2930,66,62,12,74,0
2021-07-15,Siskiyou,093,43540,2017,1922,411,2333,29
2021-07-15,Solano,095,438530,34418,34015,637,34652,263
2021-07-15,Sonoma,097,501317,31836,31536,371,31907,322
2021-07-15,Stanislaus,099,539301,58066,57400,6187,63587,1028
2021-07-15,Sutter,101,95872,9890,9778,97,9875,114
2021-07-15,Tehama,103,63373,5189,5145,601,5746,64
2021-07-15,Trinity,105,12862,503,341,105,446,3
2021-07-15,Tulare,107,460477,50720,49937,9404,59341,854
2021-07-15,Tuolumne,109,53932,4201,4131,42,4173,64
2021-07-15,Ventura,111,848112,82863,82125,3295,85420,1041
2021-07-15,Yolo,113,214977,14515,14356,417,14773,213
2021-07-15,Yuba,115,75493,6407,6309,133,6442,52
2021-07-14,Alameda,001,1643700,92413,91092,2114,93206,1255
2021-07-14,Alpine,003,1148,88,89,0,89,0
2021-07-14,Amador,005,37829,3809,3784,34,3818,48
2021-07-14,Butte,007,227075,13000,12813,1937,14750,202
2021-07-14,Calaveras,009,45235,2252,2234,16,2250,57
2021-07-14,Colusa,011,21464,1994,1974,338,2312,16
2021-07-14,Contra Costa,013,1133247,73156,72091,1386,73477,823
2021-07-14,Del Norte,015,27424,1512,1472,15,1487,8
2021-07-14,El Dorado,017,186661,10755,10598,796,11394,114
2021-07-14,Fresno,019,978130,104421,102966,8986,111952,1728
2021-07-14,Glenn,021,27897,2467,2449,579,3028,20
2021-07-14,Humboldt,023,135768,4716,4644,56,4700,52
2021-07-14,Imperial,025,180216,29002,28822,2818,31640,742
2021-07-14,Inyo,027,18085,1421,1415,12,1427,36
2021-07-14,Kern,029,883053,98673,97736,11459,109195,1346
2021-07-14,Kings,031,150075,23467,23142,1137,24279,246
2021-07-14,Lake,033,64148,3857,3739,14,3753,63
2021-07-14,Lassen,035,31185,5315,5298,120,5418,21
2021-07-14,Los Angeles,037,10098052,1228368,1218265,43689,1261954,24578
2021-07-14,Madera,039,155013,16988,16786,975,17761,240
2021-07-14,Marin,041,260295,14456,14269,275,14544,233
2021-07-14,Mariposa,043,17540,446,445,11,456,5
2021-07-14,Mendocino,045,87422,4307,4193,81,4274,49
2021-07-14,Merced,047,269075,31575,31412,1016,32428,471
2021-07-14,Modoc,049,8938,422,412,149,561,4
2021-07-14,Mono,051,14174,1268,1278,16,1294,3
2021-07-14,Monterey,053,433212,43561,43347,1930,45277,504
2021-07-14,Napa,055,140530,10200,10121,42,10163,81
2021-07-14,Nevada,057,99092,5169,5058,201,5259,72
2021-07-14,Orange,059,3164182,260117,257558,11866,269424,5137
2021-07-14,Placer,061,380077,24447,24125,1679,25804,303
2021-07-14,Plumas,063,18699,732,719,14,733,4
2021-07-14,Riverside,065,2383286,298424,294511,14344,308855,4542
2021-07-14,Sacramento,067,1510023,111478,110193,2015,112208,1688
2021-07-14,San Benito,069,59416,6191,6177,116,6293,63
2021-07-14,San Bernardino,071,2135413,297739,295820,9249,305069,5193
2021-07-14,San Diego,073,3302833,287815,285269,16148,301417,3786
2021-07-14,San Francisco,075,870044,38502,37836,1393,39229,559
2021-07-14,San Joaquin,077,732212,75327,74599,3800,78399,1416
2021-07-14,San Luis Obispo,079,281455,21693,21444,785,22229,258
2021-07-14,San Mateo,081,765935,43662,43249,524,43773,542
2021-07-14,Santa Barbara,083,443738,35574,34719,1230,35949,461
2021-07-14,Santa Clara,085,1922200,121143,119844,816,120660,2098
2021-07-14,Santa Cruz,087,273765,16471,16326,829,17155,207
2021-07-14,Shasta,089,179085,12780,12669,1703,14372,209
2021-07-14,Sierra,091,2930,66,62,12,74,0
2021-07-14,Siskiyou,093,43540,2010,1922,408,2330,29
2021-07-14,Solano,095,438530,34345,33948,637,34585,268
2021-07-14,Sonoma,097,501317,31784,31470,371,31841,322
2021-07-14,Stanislaus,099,539301,57991,57340,6175,63515,1028
2021-07-14,Sutter,101,95872,9867,9766,97,9863,114
2021-07-14,Tehama,103,63373,5187,5142,601,5743,64
2021-07-14,Trinity,105,12862,503,341,105,446,3
2021-07-14,Tulare,107,460477,50703,49908,9390,59298,853
2021-07-14,Tuolumne,109,53932,4198,4128,41,4169,64
2021-07-14,Ventura,111,848112,82769,82041,3284,85325,1040
2021-07-14,Yolo,113,214977,14482,14332,414,14746,213
2021-07-14,Yuba,115,75493,6389,6294,133,6427,52
2021-07-13,Alameda,001,1643700,92146,90874,2103,92977,1255
2021-07-13,Alpine,003,1148,88,89,0,89,0
2021-07-13,Amador,005,37829,3802,3783,34,3817,48
2021-07-13,Butte,007,227075,12986,12802,1936,14738,202
2021-07-13,Calaveras,009,45235,2248,2230,16,2246,57
2021-07-13,Colusa,011,21464,1992,1972,334,2306,16
2021-07-13,Contra Costa,013,1133247,72931,71963,1377,73340,823
2021-07-13,Del Norte,015,27424,1508,1471,15,1486,8
2021-07-13,El Dorado,017,186661,10737,10581,793,11374,114
2021-07-13,Fresno,019,978130,104345,102909,8976,111885,1727
2021-07-13,Glenn,021,27897,2465,2448,579,3027,20
2021-07-13,Humboldt,023,135768,4701,4634,56,4690,51
2021-07-13,Imperial,025,180216,28991,28792,2818,31610,741
2021-07-13,Inyo,027,18085,1420,1415,12,1427,36
2021-07-13,Kern,029,883053,98584,97698,11420,109118,1346
2021-07-13,Kings,031,150075,23449,23132,1137,24269,246
2021-07-13,Lake,033,64148,3830,3719,13,3732,63
2021-07-13,Lassen,035,31185,5313,5292,120,5412,21
2021-07-13,Los Angeles,037,10098052,1226528,1217184,43517,1260701,24569
2021-07-13,Madera,039,155013,16978,16773,971,17744,240
2021-07-13,Marin,041,260295,14427,14254,274,14528,233
2021-07-13,Mariposa,043,17540,445,443,11,454,5
2021-07-13,Mendocino,045,87422,4300,4185,81,4266,49
2021-07-13,Merced,047,269075,31554,31379,1013,32392,471
2021-07-13,Modoc,049,8938,422,411,149,560,4
2021-07-13,Mono,051,14174,1267,1277,16,1293,3
2021-07-13,Monterey,053,433212,43543,43333,1926,45259,504
2021-07-13,Napa,055,140530,10179,10118,42,10160,81
2021-07-13,Nevada,057,99092,5144,5053,201,5254,72
2021-07-13,Orange,059,3164182,259785,257339,11837,269176,5136
2021-07-13,Placer,061,380077,24401,24091,1666,25757,303
2021-07-13,Plumas,063,18699,731,716,14,730,4
2021-07-13,Riverside,065,2383286,298101,294302,14318,308620,4541
2021-07-13,Sacramento,067,1510023,111168,109990,1992,111982,1687
2021-07-13,San Benito,069,59416,6189,6173,116,6289,63
2021-07-13,San Bernardino,071,2135413,297463,295596,9227,304823,5183
2021-07-13,San Diego,073,3302833,287272,284997,16069,301066,3785
2021-07-13,San Francisco,075,870044,38358,37725,1387,39112,559
2021-07-13,San Joaquin,077,732212,75211,74500,3797,78297,1417
2021-07-13,San Luis Obispo,079,281455,21667,21423,782,22205,258
2021-07-13,San Mateo,081,765935,43594,43180,523,43703,542
2021-07-13,Santa Barbara,083,443738,35525,34679,1227,35906,461
2021-07-13,Santa Clara,085,1922200,120989,119727,812,120539,2098
2021-07-13,Santa Cruz,087,273765,16462,16315,827,17142,207
2021-07-13,Shasta,089,179085,12767,12659,1696,14355,209
2021-07-13,Sierra,091,2930,66,62,12,74,0
2021-07-13,Siskiyou,093,43540,2009,1916,406,2322,29
2021-07-13,Solano,095,438530,34281,33918,631,34549,268
2021-07-13,Sonoma,097,501317,31725,31431,371,31802,322
2021-07-13,Stanislaus,099,539301,57922,57282,6161,63443,1028
2021-07-13,Sutter,101,95872,9849,9752,96,9848,114
2021-07-13,Tehama,103,63373,5180,5144,601,5745,64
2021-07-13,Trinity,105,12862,503,341,104,445,3
2021-07-13,Tulare,107,460477,50679,49891,9374,59265,853
2021-07-13,Tuolumne,109,53932,4190,4122,40,4162,64
2021-07-13,Ventura,111,848112,82685,81982,3259,85241,1040
2021-07-13,Yolo,113,214977,14454,14320,407,14727,213
2021-07-13,Yuba,115,75493,6372,6279,133,6412,52
2021-07-12,Alameda,001,1643700,91890,90720,2095,92815,1254
2021-07-12,Alpine,003,1148,88,89,0,89,0
2021-07-12,Amador,005,37829,3795,3781,34,3815,47
2021-07-12,Butte,007,227075,12966,12796,1934,14730,202
2021-07-12,Calaveras,009,45235,2246,2228,16,2244,57
2021-07-12,Colusa,011,21464,1988,1971,333,2304,16
2021-07-12,Contra Costa,013,1133247,72729,71833,1372,73205,823
2021-07-12,Del Norte,015,27424,1505,1469,15,1484,8
2021-07-12,El Dorado,017,186661,10709,10569,791,11360,114
2021-07-12,Fresno,019,978130,104251,102853,8965,111818,1728
2021-07-12,Glenn,021,27897,2465,2446,579,3025,20
2021-07-12,Humboldt,023,135768,4685,4621,56,4677,51
2021-07-12,Imperial,025,180216,28961,28789,2818,31607,741
2021-07-12,Inyo,027,18085,1420,1415,12,1427,36
2021-07-12,Kern,029,883053,98515,97660,11395,109055,1346
2021-07-12,Kings,031,150075,23429,23124,1135,24259,246
2021-07-12,Lake,033,64148,3809,3706,13,3719,63
2021-07-12,Lassen,035,31185,5312,5292,120,5412,21
2021-07-12,Los Angeles,037,10098052,1224749,1216230,43378,1259608,24559
2021-07-12,Madera,039,155013,16967,16772,971,17743,240
2021-07-12,Marin,041,260295,14402,14238,273,14511,233
2021-07-12,Mariposa,043,17540,445,442,11,453,5
2021-07-12,Mendocino,045,87422,4289,4175,81,4256,49
2021-07-12,Merced,047,269075,31523,31374,1012,32386,471
2021-07-12,Modoc,049,8938,421,411,149,560,4
2021-07-12,Mono,051,14174,1265,1275,16,1291,3
2021-07-12,Monterey,053,433212,43522,43315,1922,45237,504
2021-07-12,Napa,055,140530,10161,10104,41,10145,81
2021-07-12,Nevada,057,99092,5121,5046,201,5247,72
2021-07-12,Orange,059,3164182,259434,257171,11812,268983,5136
2021-07-12,Placer,061,380077,24350,24052,1660,25712,302
2021-07-12,Plumas,063,18699,731,716,14,730,4
2021-07-12,Riverside,065,2383286,297793,294108,14288,308396,4541
2021-07-12,Sacramento,067,1510023,110952,109849,1965,111814,1685
2021-07-12,San Benito,069,59416,6186,6166,116,6282,63
2021-07-12,San Bernardino,071,2135413,297192,295447,9213,304660,5171
2021-07-12,San Diego,073,3302833,286807,284648,15993,300641,3785
2021-07-12,San Francisco,075,870044,38211,37656,1383,39039,559
2021-07-12,San Joaquin,077,732212,75116,74424,3787,78211,1415
2021-07-12,San Luis Obispo,079,281455,21648,21408,781,22189,258
2021-07-12,San Mateo,081,765935,43501,43138,516,43654,542
2021-07-12,Santa Barbara,083,443738,35483,34664,1225,35889,461
2021-07-12,Santa Clara,085,1922200,120824,119634,809,120443,2098
2021-07-12,Santa Cruz,087,273765,16437,16310,826,17136,207
2021-07-12,Shasta,089,179085,12759,12648,1693,14341,208
2021-07-12,Sierra,091,2930,66,62,12,74,0
2021-07-12,Siskiyou,093,43540,2004,1916,401,2317,29
2021-07-12,Solano,095,438530,34191,33859,622,34481,268
2021-07-12,Sonoma,097,501317,31677,31377,370,31747,322
2021-07-12,Stanislaus,099,539301,57849,57243,6154,63397,1028
2021-07-12,Sutter,101,95872,9832,9736,95,9831,114
2021-07-12,Tehama,103,63373,5175,5138,600,5738,63
2021-07-12,Trinity,105,12862,499,340,102,442,3
2021-07-12,Tulare,107,460477,50651,49882,9361,59243,853
2021-07-12,Tuolumne,109,53932,4186,4116,40,4156,64
2021-07-12,Ventura,111,848112,82584,81919,3238,85157,1040
2021-07-12,Yolo,113,214977,14425,14303,403,14706,213
2021-07-12,Yuba,115,75493,6357,6266,133,6399,52
2021-07-11,Alameda,001,1643700,91562,90597,2080,92677,1254
2021-07-11,Alpine,003,1148,88,89,0,89,0
2021-07-11,Amador,005,37829,3793,3779,34,3813,47
2021-07-11,Butte,007,227075,12943,12794,1928,14722,202
2021-07-11,Calaveras,009,45235,2238,2226,15,2241,57
2021-07-11,Colusa,011,21464,1987,1971,332,2303,16
2021-07-11,Contra Costa,013,1133247,72519,71744,1365,73109,823
2021-07-11,Del Norte,015,27424,1501,1467,14,1481,8
2021-07-11,El Dorado,017,186661,10680,10554,789,11343,114
2021-07-11,Fresno,019,978130,104156,102813,8946,111759,1728
2021-07-11,Glenn,021,27897,2464,2446,579,3025,20
2021-07-11,Humboldt,023,135768,4672,4611,55,4666,51
2021-07-11,Imperial,025,180216,28943,28787,2817,31604,741
2021-07-11,Inyo,027,18085,1418,1415,12,1427,36
2021-07-11,Kern,029,883053,98442,97637,11379,109016,1346
2021-07-11,Kings,031,150075,23398,23116,1132,24248,246
2021-07-11,Lake,033,64148,3778,3699,13,3712,63
2021-07-11,Lassen,035,31185,5309,5291,120,5411,21
2021-07-11,Los Angeles,037,10098052,1223004,1215182,43219,1258401,24558
2021-07-11,Madera,039,155013,16948,16766,970,17736,240
2021-07-11,Marin,041,260295,14376,14231,273,14504,233
2021-07-11,Mariposa,043,17540,444,442,11,453,5
2021-07-11,Mendocino,045,87422,4269,4167,81,4248,49
2021-07-11,Merced,047,269075,31499,31366,1007,32373,471
2021-07-11,Modoc,049,8938,420,411,149,560,4
2021-07-11,Mono,051,14174,1265,1275,16,1291,3
2021-07-11,Monterey,053,433212,43503,43307,1918,45225,504
2021-07-11,Napa,055,140530,10157,10100,41,10141,81
2021-07-11,Nevada,057,99092,5110,5035,200,5235,72
2021-07-11,Orange,059,3164182,259121,257009,11783,268792,5136
2021-07-11,Placer,061,380077,24293,24017,1648,25665,302
2021-07-11,Plumas,063,18699,731,716,14,730,4
2021-07-11,Riverside,065,2383286,297529,293969,14270,308239,4541
2021-07-11,Sacramento,067,1510023,110674,109696,1955,111651,1685
2021-07-11,San Benito,069,59416,6181,6163,116,6279,63
2021-07-11,San Bernardino,071,2135413,296887,295342,9188,304530,5167
2021-07-11,San Diego,073,3302833,286394,283819,15907,299726,3784
2021-07-11,San Francisco,075,870044,38083,37596,1377,38973,559
2021-07-11,San Joaquin,077,732212,75000,74376,3770,78146,1415
2021-07-11,San Luis Obispo,079,281455,21615,21403,780,22183,258
2021-07-11,San Mateo,081,765935,43422,43107,509,43616,542
2021-07-11,Santa Barbara,083,443738,35437,34646,1225,35871,461
2021-07-11,Santa Clara,085,1922200,120670,119549,808,120357,2098
2021-07-11,Santa Cruz,087,273765,16421,16303,826,17129,207
2021-07-11,Shasta,089,179085,12742,12647,1691,14338,208
2021-07-11,Sierra,091,2930,66,62,12,74,0
2021-07-11,Siskiyou,093,43540,2000,1915,399,2314,29
2021-07-11,Solano,095,438530,34109,33837,618,34455,268
2021-07-11,Sonoma,097,501317,31595,31352,370,31722,322
2021-07-11,Stanislaus,099,539301,57776,57230,6143,63373,1028
2021-07-11,Sutter,101,95872,9818,9728,95,9823,114
2021-07-11,Tehama,103,63373,5172,5138,600,5738,63
2021-07-11,Trinity,105,12862,498,340,102,442,3
2021-07-11,Tulare,107,460477,50626,49877,9342,59219,853
2021-07-11,Tuolumne,109,53932,4180,4116,40,4156,64
2021-07-11,Ventura,111,848112,82512,81875,3218,85093,1040
2021-07-11,Yolo,113,214977,14398,14285,397,14682,213
2021-07-11,Yuba,115,75493,6346,6260,133,6393,52
2021-07-10,Alameda,001,1643700,91412,90090,2077,92167,1252
2021-07-10,Alpine,003,1148,88,89,0,89,0
2021-07-10,Amador,005,37829,3787,3773,34,3807,47
2021-07-10,Butte,007,227075,12932,12764,1925,14689,202
2021-07-10,Calaveras,009,45235,2237,2214,15,2229,57
2021-07-10,Colusa,011,21464,1985,1969,332,2301,16
2021-07-10,Contra Costa,013,1133247,72419,71376,1364,72740,821
2021-07-10,Del Norte,015,27424,1499,1451,14,1465,8
2021-07-10,El Dorado,017,186661,10664,10508,785,11293,114
2021-07-10,Fresno,019,978130,104123,102675,8939,111614,1730
2021-07-10,Glenn,021,27897,2461,2440,578,3018,20
2021-07-10,Humboldt,023,135768,4663,4574,55,4629,51
2021-07-10,Imperial,025,180216,28930,28729,2817,31546,741
2021-07-10,Inyo,027,18085,1417,1415,12,1427,36
2021-07-10,Kern,029,883053,98402,97538,11362,108900,1346
2021-07-10,Kings,031,150075,23391,23090,1131,24221,246
2021-07-10,Lake,033,64148,3761,3667,13,3680,63
2021-07-10,Lassen,035,31185,5309,5290,120,5410,21
2021-07-10,Los Angeles,037,10098052,1221986,1212043,43116,1255159,24542
2021-07-10,Madera,039,155013,16942,16744,967,17711,241
2021-07-10,Marin,041,260295,14362,14194,273,14467,233
2021-07-10,Mariposa,043,17540,444,442,11,453,5
2021-07-10,Mendocino,045,87422,4262,4153,80,4233,49
2021-07-10,Merced,047,269075,31486,31328,1007,32335,470
2021-07-10,Modoc,049,8938,420,410,149,559,4
2021-07-10,Mono,051,14174,1265,1275,16,1291,3
2021-07-10,Monterey,053,433212,43489,43251,1916,45167,499
2021-07-10,Napa,055,140530,10145,10077,41,10118,81
2021-07-10,Nevada,057,99092,5101,5000,200,5200,72
2021-07-10,Orange,059,3164182,258948,256438,11767,268205,5135
2021-07-10,Placer,061,380077,24264,23916,1638,25554,302
2021-07-10,Plumas,063,18699,730,717,14,731,4
2021-07-10,Riverside,065,2383286,297342,293474,14256,307730,4541
2021-07-10,Sacramento,067,1510023,110525,109091,1950,111041,1682
2021-07-10,San Benito,069,59416,6176,6141,116,6257,63
2021-07-10,San Bernardino,071,2135413,296699,294932,9176,304108,5117
2021-07-10,San Diego,073,3302833,286104,283577,15854,299431,3783
2021-07-10,San Francisco,075,870044,37998,37338,1374,38712,559
2021-07-10,San Joaquin,077,732212,74943,74150,3764,77914,1412
2021-07-10,San Luis Obispo,079,281455,21604,21375,779,22154,258
2021-07-10,San Mateo,081,765935,43372,42948,507,43455,542
2021-07-10,Santa Barbara,083,443738,35411,34595,1225,35820,460
2021-07-10,Santa Clara,085,1922200,120567,119330,805,120135,2094
2021-07-10,Santa Cruz,087,273765,16414,16286,826,17112,207
2021-07-10,Shasta,089,179085,12729,12623,1686,14309,206
2021-07-10,Sierra,091,2930,66,61,12,73,0
2021-07-10,Siskiyou,093,43540,1998,1909,396,2305,29
2021-07-10,Solano,095,438530,34068,33678,612,34290,268
2021-07-10,Sonoma,097,501317,31544,31231,370,31601,317
2021-07-10,Stanislaus,099,539301,57735,57104,6133,63237,1026
2021-07-10,Sutter,101,95872,9805,9692,95,9787,114
2021-07-10,Tehama,103,63373,5169,5131,600,5731,63
2021-07-10,Trinity,105,12862,498,341,102,443,3
2021-07-10,Tulare,107,460477,50616,49850,9336,59186,853
2021-07-10,Tuolumne,109,53932,4178,4114,40,4154,64
2021-07-10,Ventura,111,848112,82467,81713,3200,84913,1039
2021-07-10,Yolo,113,214977,14377,14250,394,14644,213
2021-07-10,Yuba,115,75493,6336,6238,133,6371,52
2021-07-09,Alameda,001,1643700,91258,90090,2072,92162,1252
2021-07-09,Alpine,003,1148,88,89,0,89,0
2021-07-09,Amador,005,37829,3786,3773,34,3807,47
2021-07-09,Butte,007,227075,12921,12764,1923,14687,202
2021-07-09,Calaveras,009,45235,2235,2214,15,2229,57
2021-07-09,Colusa,011,21464,1984,1969,332,2301,16
2021-07-09,Contra Costa,013,1133247,72294,71376,1363,72739,821
2021-07-09,Del Norte,015,27424,1494,1451,14,1465,8
2021-07-09,El Dorado,017,186661,10649,10508,784,11292,114
2021-07-09,Fresno,019,978130,104067,102675,8932,111607,1730
2021-07-09,Glenn,021,27897,2460,2440,576,3016,20
2021-07-09,Humboldt,023,135768,4644,4574,55,4629,51
2021-07-09,Imperial,025,180216,28922,28729,2816,31545,741
2021-07-09,Inyo,027,18085,1416,1415,12,1427,36
2021-07-09,Kern,029,883053,98364,97538,11350,108888,1346
2021-07-09,Kings,031,150075,23381,23090,1130,24220,246
2021-07-09,Lake,033,64148,3747,3667,13,3680,63
2021-07-09,Lassen,035,31185,5307,5290,119,5409,21
2021-07-09,Los Angeles,037,10098052,1220983,1212043,43043,1255086,24542
2021-07-09,Madera,039,155013,16932,16744,966,17710,241
2021-07-09,Marin,041,260295,14341,14194,272,14466,233
2021-07-09,Mariposa,043,17540,444,442,11,453,5
2021-07-09,Mendocino,045,87422,4255,4153,80,4233,49
2021-07-09,Merced,047,269075,31471,31328,1007,32335,470
2021-07-09,Modoc,049,8938,420,410,149,559,4
2021-07-09,Mono,051,14174,1265,1275,16,1291,3
2021-07-09,Monterey,053,433212,43480,43251,1916,45167,499
2021-07-09,Napa,055,140530,10138,10077,41,10118,81
2021-07-09,Nevada,057,99092,5092,5000,200,5200,72
2021-07-09,Orange,059,3164182,258744,256438,11753,268191,5135
2021-07-09,Placer,061,380077,24242,23916,1632,25548,302
2021-07-09,Plumas,063,18699,728,717,14,731,4
2021-07-09,Riverside,065,2383286,297156,293474,14243,307717,4541
2021-07-09,Sacramento,067,1510023,110372,109091,1941,111032,1682
2021-07-09,San Benito,069,59416,6174,6141,116,6257,63
2021-07-09,San Bernardino,071,2135413,296547,294932,9169,304101,5117
2021-07-09,San Diego,073,3302833,285818,283577,15806,299383,3783
2021-07-09,San Francisco,075,870044,37918,37338,1367,38705,559
2021-07-09,San Joaquin,077,732212,74870,74150,3757,77907,1412
2021-07-09,San Luis Obispo,079,281455,21592,21375,779,22154,258
2021-07-09,San Mateo,081,765935,43326,42948,503,43451,542
2021-07-09,Santa Barbara,083,443738,35392,34595,1224,35819,460
2021-07-09,Santa Clara,085,1922200,120457,119330,805,120135,2094
2021-07-09,Santa Cruz,087,273765,16411,16286,826,17112,207
2021-07-09,Shasta,089,179085,12723,12623,1681,14304,206
2021-07-09,Sierra,091,2930,66,61,12,73,0
2021-07-09,Siskiyou,093,43540,1996,1909,395,2304,29
2021-07-09,Solano,095,438530,34033,33678,608,34286,268
2021-07-09,Sonoma,097,501317,31508,31231,370,31601,317
2021-07-09,Stanislaus,099,539301,57693,57104,6131,63235,1026
2021-07-09,Sutter,101,95872,9796,9692,95,9787,114
2021-07-09,Tehama,103,63373,5167,5131,600,5731,63
2021-07-09,Trinity,105,12862,497,341,99,440,3
2021-07-09,Tulare,107,460477,50603,49850,9330,59180,853
2021-07-09,Tuolumne,109,53932,4175,4114,40,4154,64
2021-07-09,Ventura,111,848112,82412,81713,3191,84904,1039
2021-07-09,Yolo,113,214977,14362,14250,390,14640,213
2021-07-09,Yuba,115,75493,6323,6238,133,6371,52
2021-07-08,Alameda,001,1643700,91048,90090,2067,92157,1252
2021-07-08,Alpine,003,1148,88,89,0,89,0
2021-07-08,Amador,005,37829,3784,3773,34,3807,47
2021-07-08,Butte,007,227075,12908,12764,1920,14684,202
2021-07-08,Calaveras,009,45235,2230,2214,14,2228,57
2021-07-08,Colusa,011,21464,1984,1969,332,2301,16
2021-07-08,Contra Costa,013,1133247,72166,71376,1358,72734,821
2021-07-08,Del Norte,015,27424,1492,1451,14,1465,8
2021-07-08,El Dorado,017,186661,10632,10508,779,11287,114
2021-07-08,Fresno,019,978130,104004,102675,8921,111596,1730
2021-07-08,Glenn,021,27897,2460,2440,576,3016,20
2021-07-08,Humboldt,023,135768,4629,4574,54,4628,51
2021-07-08,Imperial,025,180216,28909,28729,2815,31544,741
2021-07-08,Inyo,027,18085,1416,1415,12,1427,36
2021-07-08,Kern,029,883053,98316,97538,11335,108873,1346
2021-07-08,Kings,031,150075,23372,23090,1130,24220,246
2021-07-08,Lake,033,64148,3733,3667,13,3680,63
2021-07-08,Lassen,035,31185,5304,5290,119,5409,21
2021-07-08,Los Angeles,037,10098052,1219772,1212043,42947,1254990,24542
2021-07-08,Madera,039,155013,16916,16744,966,17710,241
2021-07-08,Marin,041,260295,14327,14194,272,14466,233
2021-07-08,Mariposa,043,17540,443,442,11,453,5
2021-07-08,Mendocino,045,87422,4252,4153,80,4233,49
2021-07-08,Merced,047,269075,31457,31328,1005,32333,470
2021-07-08,Modoc,049,8938,420,410,149,559,4
2021-07-08,Mono,051,14174,1265,1275,16,1291,3
2021-07-08,Monterey,053,433212,43460,43251,1910,45161,499
2021-07-08,Napa,055,140530,10134,10077,41,10118,81
2021-07-08,Nevada,057,99092,5086,5000,200,5200,72
2021-07-08,Orange,059,3164182,258551,256438,11732,268170,5135
2021-07-08,Placer,061,380077,24203,23916,1624,25540,302
2021-07-08,Plumas,063,18699,727,717,14,731,4
2021-07-08,Riverside,065,2383286,296955,293474,14227,307701,4541
2021-07-08,Sacramento,067,1510023,110150,109091,1934,111025,1682
2021-07-08,San Benito,069,59416,6171,6141,116,6257,63
2021-07-08,San Bernardino,071,2135413,296371,294932,9160,304092,5117
2021-07-08,San Diego,073,3302833,285490,283577,15758,299335,3783
2021-07-08,San Francisco,075,870044,37838,37338,1363,38701,559
2021-07-08,San Joaquin,077,732212,74782,74150,3744,77894,1412
2021-07-08,San Luis Obispo,079,281455,21580,21375,776,22151,258
2021-07-08,San Mateo,081,765935,43276,42948,502,43450,542
2021-07-08,Santa Barbara,083,443738,35365,34595,1222,35817,460
2021-07-08,Santa Clara,085,1922200,120364,119330,804,120134,2094
2021-07-08,Santa Cruz,087,273765,16405,16286,826,17112,207
2021-07-08,Shasta,089,179085,12717,12623,1677,14300,206
2021-07-08,Sierra,091,2930,66,61,12,73,0
2021-07-08,Siskiyou,093,43540,1991,1909,392,2301,29
2021-07-08,Solano,095,438530,33978,33678,602,34280,268
2021-07-08,Sonoma,097,501317,31477,31231,369,31600,317
2021-07-08,Stanislaus,099,539301,57658,57104,6127,63231,1026
2021-07-08,Sutter,101,95872,9781,9692,93,9785,114
2021-07-08,Tehama,103,63373,5164,5131,599,5730,63
2021-07-08,Trinity,105,12862,497,341,99,440,3
2021-07-08,Tulare,107,460477,50585,49850,9322,59172,853
2021-07-08,Tuolumne,109,53932,4173,4114,40,4154,64
2021-07-08,Ventura,111,848112,82347,81713,3175,84888,1039
2021-07-08,Yolo,113,214977,14344,14250,388,14638,213
2021-07-08,Yuba,115,75493,6315,6238,133,6371,52
2021-07-07,Alameda,001,1643700,90864,89995,2061,92056,1253
2021-07-07,Alpine,003,1148,88,89,0,89,0
2021-07-07,Amador,005,37829,3779,3770,34,3804,47
2021-07-07,Butte,007,227075,12895,12750,1915,14665,202
2021-07-07,Calaveras,009,45235,2225,2212,14,2226,57
2021-07-07,Colusa,011,21464,1980,1969,332,2301,16
2021-07-07,Contra Costa,013,1133247,72021,71308,1356,72664,821
2021-07-07,Del Norte,015,27424,1487,1446,14,1460,8
2021-07-07,El Dorado,017,186661,10612,10494,777,11271,114
2021-07-07,Fresno,019,978130,103954,102639,8914,111553,1729
2021-07-07,Glenn,021,27897,2460,2441,576,3017,20
2021-07-07,Humboldt,023,135768,4615,4566,54,4620,51
2021-07-07,Imperial,025,180216,28902,28701,2815,31516,740
2021-07-07,Inyo,027,18085,1415,1415,12,1427,36
2021-07-07,Kern,029,883053,98272,97507,11320,108827,1348
2021-07-07,Kings,031,150075,23359,23085,1127,24212,245
2021-07-07,Lake,033,64148,3714,3660,13,3673,63
2021-07-07,Lassen,035,31185,5304,5286,119,5405,21
2021-07-07,Los Angeles,037,10098052,1218594,1211316,42841,1254157,24531
2021-07-07,Madera,039,155013,16905,16733,964,17697,241
2021-07-07,Marin,041,260295,14308,14183,271,14454,233
2021-07-07,Mariposa,043,17540,441,442,11,453,5
2021-07-07,Mendocino,045,87422,4243,4145,80,4225,49
2021-07-07,Merced,047,269075,31442,31317,1005,32322,470
2021-07-07,Modoc,049,8938,420,410,149,559,4
2021-07-07,Mono,051,14174,1264,1274,16,1290,3
2021-07-07,Monterey,053,433212,43436,43233,1908,45141,494
2021-07-07,Napa,055,140530,10123,10078,41,10119,81
2021-07-07,Nevada,057,99092,5079,4996,200,5196,72
2021-07-07,Orange,059,3164182,258323,256301,11710,268011,5132
2021-07-07,Placer,061,380077,24167,23901,1614,25515,302
2021-07-07,Plumas,063,18699,727,710,14,724,4
2021-07-07,Riverside,065,2383286,296740,293331,14217,307548,4538
2021-07-07,Sacramento,067,1510023,109959,108954,1926,110880,1682
2021-07-07,San Benito,069,59416,6166,6137,116,6253,63
2021-07-07,San Bernardino,071,2135413,296203,294787,9153,303940,5087
2021-07-07,San Diego,073,3302833,285172,283377,15718,299095,3782
2021-07-07,San Francisco,075,870044,37746,37284,1360,38644,558
2021-07-07,San Joaquin,077,732212,74706,74095,3728,77823,1410
2021-07-07,San Luis Obispo,079,281455,21571,21360,774,22134,258
2021-07-07,San Mateo,081,765935,43221,42908,499,43407,542
2021-07-07,Santa Barbara,083,443738,35339,34582,1222,35804,460
2021-07-07,Santa Clara,085,1922200,120266,119250,803,120053,2094
2021-07-07,Santa Cruz,087,273765,16396,16279,825,17104,207
2021-07-07,Shasta,089,179085,12709,12613,1674,14287,206
2021-07-07,Sierra,091,2930,66,60,12,72,0
2021-07-07,Siskiyou,093,43540,1985,1908,388,2296,29
2021-07-07,Solano,095,438530,33929,33659,595,34254,268
2021-07-07,Sonoma,097,501317,31431,31172,369,31541,316
2021-07-07,Stanislaus,099,539301,57613,57102,6122,63224,1028
2021-07-07,Sutter,101,95872,9771,9683,93,9776,114
2021-07-07,Tehama,103,63373,5163,5129,599,5728,63
2021-07-07,Trinity,105,12862,497,341,99,440,3
2021-07-07,Tulare,107,460477,50581,49835,9313,59148,853
2021-07-07,Tuolumne,109,53932,4169,4115,39,4154,64
2021-07-07,Ventura,111,848112,82303,81608,3161,84769,1036
2021-07-07,Yolo,113,214977,14334,14236,385,14621,213
2021-07-07,Yuba,115,75493,6299,6233,133,6366,51
2021-07-06,Alameda,001,1643700,90668,89918,2052,91970,1253
2021-07-06,Alpine,003,1148,88,89,0,89,0
2021-07-06,Amador,005,37829,3778,3768,33,3801,47
2021-07-06,Butte,007,227075,12882,12744,1912,14656,201
2021-07-06,Calaveras,009,45235,2225,2211,14,2225,55
2021-07-06,Colusa,011,21464,1979,1967,329,2296,16
2021-07-06,Contra Costa,013,1133247,71892,71262,1354,72616,820
2021-07-06,Del Norte,015,27424,1483,1445,14,1459,8
2021-07-06,El Dorado,017,186661,10594,10484,776,11260,113
2021-07-06,Fresno,019,978130,103902,102616,8902,111518,1727
2021-07-06,Glenn,021,27897,2459,2438,576,3014,20
2021-07-06,Humboldt,023,135768,4601,4565,53,4618,49
2021-07-06,Imperial,025,180216,28887,28693,2813,31506,739
2021-07-06,Inyo,027,18085,1415,1412,12,1424,36
2021-07-06,Kern,029,883053,98230,97491,11309,108800,1346
2021-07-06,Kings,031,150075,23351,23077,1126,24203,245
2021-07-06,Lake,033,64148,3704,3659,13,3672,63
2021-07-06,Lassen,035,31185,5303,5288,118,5406,21
2021-07-06,Los Angeles,037,10098052,1217382,1210965,42742,1253707,24525
2021-07-06,Madera,039,155013,16893,16730,964,17694,241
2021-07-06,Marin,041,260295,14294,14181,271,14452,233
2021-07-06,Mariposa,043,17540,441,442,11,453,5
2021-07-06,Mendocino,045,87422,4236,4143,80,4223,49
2021-07-06,Merced,047,269075,31425,31317,1004,32321,470
2021-07-06,Modoc,049,8938,420,411,149,560,4
2021-07-06,Mono,051,14174,1263,1274,16,1290,3
2021-07-06,Monterey,053,433212,43414,43224,1907,45131,494
2021-07-06,Napa,055,140530,10112,10081,41,10122,81
2021-07-06,Nevada,057,99092,5070,4988,200,5188,72
2021-07-06,Orange,059,3164182,258081,256227,11693,267920,5129
2021-07-06,Placer,061,380077,24126,23876,1608,25484,302
2021-07-06,Plumas,063,18699,726,708,14,722,4
2021-07-06,Riverside,065,2383286,296537,293227,14199,307426,4539
2021-07-06,Sacramento,067,1510023,109748,108850,1918,110768,1679
2021-07-06,San Benito,069,59416,6162,6137,116,6253,63
2021-07-06,San Bernardino,071,2135413,296024,294712,9140,303852,5056
2021-07-06,San Diego,073,3302833,284817,283278,15659,298937,3782
2021-07-06,San Francisco,075,870044,37628,37251,1359,38610,558
2021-07-06,San Joaquin,077,732212,74636,74019,3716,77735,1410
2021-07-06,San Luis Obispo,079,281455,21554,21354,773,22127,257
2021-07-06,San Mateo,081,765935,43145,42895,499,43394,541
2021-07-06,Santa Barbara,083,443738,35321,34572,1220,35792,460
2021-07-06,Santa Clara,085,1922200,120148,119194,800,119994,2095
2021-07-06,Santa Cruz,087,273765,16391,16274,824,17098,207
2021-07-06,Shasta,089,179085,12699,12606,1672,14278,205
2021-07-06,Sierra,091,2930,65,60,12,72,0
2021-07-06,Siskiyou,093,43540,1982,1905,384,2289,29
2021-07-06,Solano,095,438530,33878,33619,592,34211,268
2021-07-06,Sonoma,097,501317,31368,31130,368,31498,316
2021-07-06,Stanislaus,099,539301,57551,57120,6110,63230,1029
2021-07-06,Sutter,101,95872,9762,9674,92,9766,114
2021-07-06,Tehama,103,63373,5160,5126,598,5724,63
2021-07-06,Trinity,105,12862,497,341,99,440,3
2021-07-06,Tulare,107,460477,50566,49826,9302,59128,853
2021-07-06,Tuolumne,109,53932,4167,4113,39,4152,64
2021-07-06,Ventura,111,848112,82263,81534,3135,84669,1033
2021-07-06,Yolo,113,214977,14312,14227,382,14609,213
2021-07-06,Yuba,115,75493,6288,6231,133,6364,51
2021-07-05,Alameda,001,1643700,90492,89892,2046,91938,1253
2021-07-05,Alpine,003,1148,88,89,0,89,0
2021-07-05,Amador,005,37829,3776,3768,33,3801,47
2021-07-05,Butte,007,227075,12874,12740,1902,14642,201
2021-07-05,Calaveras,009,45235,2223,2211,14,2225,55
2021-07-05,Colusa,011,21464,1977,1966,328,2294,16
2021-07-05,Contra Costa,013,1133247,71765,71235,1354,72589,820
2021-07-05,Del Norte,015,27424,1479,1446,14,1460,8
2021-07-05,El Dorado,017,186661,10569,10481,776,11257,113
2021-07-05,Fresno,019,978130,103844,102592,8886,111478,1727
2021-07-05,Glenn,021,27897,2456,2438,575,3013,20
2021-07-05,Humboldt,023,135768,4587,4563,53,4616,49
2021-07-05,Imperial,025,180216,28869,28689,2813,31502,739
2021-07-05,Inyo,027,18085,1415,1412,12,1424,36
2021-07-05,Kern,029,883053,98182,97479,11288,108767,1346
2021-07-05,Kings,031,150075,23343,23065,1123,24188,245
2021-07-05,Lake,033,64148,3686,3645,13,3658,63
2021-07-05,Lassen,035,31185,5300,5288,117,5405,21
2021-07-05,Los Angeles,037,10098052,1216197,1210653,42639,1253292,24522
2021-07-05,Madera,039,155013,16882,16722,963,17685,241
2021-07-05,Marin,041,260295,14273,14178,271,14449,233
2021-07-05,Mariposa,043,17540,441,441,11,452,5
2021-07-05,Mendocino,045,87422,4231,4139,80,4219,49
2021-07-05,Merced,047,269075,31405,31312,1004,32316,470
2021-07-05,Modoc,049,8938,420,410,149,559,4
2021-07-05,Mono,051,14174,1263,1273,16,1289,3
2021-07-05,Monterey,053,433212,43394,43218,1902,45120,494
2021-07-05,Napa,055,140530,10106,10074,41,10115,81
2021-07-05,Nevada,057,99092,5052,4980,199,5179,72
2021-07-05,Orange,059,3164182,257880,256173,11675,267848,5129
2021-07-05,Placer,061,380077,24079,23867,1600,25467,302
2021-07-05,Plumas,063,18699,725,708,14,722,4
2021-07-05,Riverside,065,2383286,296345,293193,14187,307380,4539
2021-07-05,Sacramento,067,1510023,109566,108758,1909,110667,1679
2021-07-05,San Benito,069,59416,6155,6137,116,6253,63
2021-07-05,San Bernardino,071,2135413,295862,294647,9133,303780,5037
2021-07-05,San Diego,073,3302833,284457,282834,15614,298448,3782
2021-07-05,San Francisco,075,870044,37541,37237,1354,38591,558
2021-07-05,San Joaquin,077,732212,74566,73999,3711,77710,1410
2021-07-05,San Luis Obispo,079,281455,21541,21351,772,22123,257
2021-07-05,San Mateo,081,765935,43093,42876,496,43372,541
2021-07-05,Santa Barbara,083,443738,35301,34569,1220,35789,460
2021-07-05,Santa Clara,085,1922200,120043,119184,798,119982,2095
2021-07-05,Santa Cruz,087,273765,16382,16273,823,17096,208
2021-07-05,Shasta,089,179085,12690,12603,1670,14273,205
2021-07-05,Sierra,091,2930,65,60,12,72,0
2021-07-05,Siskiyou,093,43540,1980,1904,383,2287,29
2021-07-05,Solano,095,438530,33809,33612,586,34198,268
2021-07-05,Sonoma,097,501317,31315,31116,368,31484,316
2021-07-05,Stanislaus,099,539301,57515,57109,6100,63209,1029
2021-07-05,Sutter,101,95872,9750,9667,92,9759,114
2021-07-05,Tehama,103,63373,5159,5125,598,5723,63
2021-07-05,Trinity,105,12862,496,341,98,439,3
2021-07-05,Tulare,107,460477,50548,49818,9299,59117,853
2021-07-05,Tuolumne,109,53932,4163,4112,39,4151,64
2021-07-05,Ventura,111,848112,82213,81519,3115,84634,1033
2021-07-05,Yolo,113,214977,14293,14225,374,14599,213
2021-07-05,Yuba,115,75493,6280,6223,133,6356,51
2021-07-04,Alameda,001,1643700,90325,89683,2043,91726,1253
2021-07-04,Alpine,003,1148,88,89,0,89,0
2021-07-04,Amador,005,37829,3775,3758,33,3791,46
2021-07-04,Butte,007,227075,12864,12684,1902,14586,201
2021-07-04,Calaveras,009,45235,2223,2200,14,2214,55
2021-07-04,Colusa,011,21464,1977,1969,328,2297,15
2021-07-04,Contra Costa,013,1133247,71659,70941,1349,72290,818
2021-07-04,Del Norte,015,27424,1476,1439,14,1453,8
2021-07-04,El Dorado,017,186661,10560,10433,775,11208,113
2021-07-04,Fresno,019,978130,103798,102512,8869,111381,1727
2021-07-04,Glenn,021,27897,2454,2442,574,3016,20
2021-07-04,Humboldt,023,135768,4579,4530,53,4583,49
2021-07-04,Imperial,025,180216,28863,28661,2813,31474,739
2021-07-04,Inyo,027,18085,1415,1412,12,1424,35
2021-07-04,Kern,029,883053,98163,97421,11279,108700,1347
2021-07-04,Kings,031,150075,23335,23051,1123,24174,245
2021-07-04,Lake,033,64148,3676,3623,13,3636,62
2021-07-04,Lassen,035,31185,5299,5277,117,5394,20
2021-07-04,Los Angeles,037,10098052,1215343,1208705,42553,1251258,24506
2021-07-04,Madera,039,155013,16870,16696,961,17657,240
2021-07-04,Marin,041,260295,14258,14143,271,14414,233
2021-07-04,Mariposa,043,17540,441,441,11,452,5
2021-07-04,Mendocino,045,87422,4221,4122,80,4202,49
2021-07-04,Merced,047,269075,31394,31297,1004,32301,469
2021-07-04,Modoc,049,8938,420,410,149,559,4
2021-07-04,Mono,051,14174,1263,1275,16,1291,3
2021-07-04,Monterey,053,433212,43378,43212,1901,45113,492
2021-07-04,Napa,055,140530,10098,10045,40,10085,81
2021-07-04,Nevada,057,99092,5043,4966,199,5165,72
2021-07-04,Orange,059,3164182,257705,255823,11654,267477,5126
2021-07-04,Placer,061,380077,24042,23764,1593,25357,299
2021-07-04,Plumas,063,18699,725,707,14,721,4
2021-07-04,Riverside,065,2383286,296185,293260,14181,307441,4536
2021-07-04,Sacramento,067,1510023,109396,108257,1903,110160,1676
2021-07-04,San Benito,069,59416,6148,6108,116,6224,63
2021-07-04,San Bernardino,071,2135413,295695,294294,9126,303420,5003
2021-07-04,San Diego,073,3302833,284233,282692,15576,298268,3780
2021-07-04,San Francisco,075,870044,37484,37107,1348,38455,558
2021-07-04,San Joaquin,077,732212,74500,73841,3703,77544,1409
2021-07-04,San Luis Obispo,079,281455,21535,21330,771,22101,256
2021-07-04,San Mateo,081,765935,43059,42691,496,43187,541
2021-07-04,Santa Barbara,083,443738,35279,34526,1219,35745,456
2021-07-04,Santa Clara,085,1922200,119953,118966,797,119763,2090
2021-07-04,Santa Cruz,087,273765,16371,16254,823,17077,208
2021-07-04,Shasta,089,179085,12686,12582,1669,14251,204
2021-07-04,Sierra,091,2930,64,60,12,72,0
2021-07-04,Siskiyou,093,43540,1976,1899,382,2281,29
2021-07-04,Solano,095,438530,33768,33486,584,34070,268
2021-07-04,Sonoma,097,501317,31285,31000,367,31367,316
2021-07-04,Stanislaus,099,539301,57492,57018,6094,63112,1018
2021-07-04,Sutter,101,95872,9739,9644,92,9736,114
2021-07-04,Tehama,103,63373,5155,5124,598,5722,63
2021-07-04,Trinity,105,12862,495,341,98,439,3
2021-07-04,Tulare,107,460477,50538,49789,9296,59085,853
2021-07-04,Tuolumne,109,53932,4155,4113,39,4152,64
2021-07-04,Ventura,111,848112,82156,81425,3104,84529,1033
2021-07-04,Yolo,113,214977,14273,14188,371,14559,213
2021-07-04,Yuba,115,75493,6272,6197,133,6330,51
2021-07-03,Alameda,001,1643700,90241,89683,2035,91718,1253
2021-07-03,Alpine,003,1148,88,89,0,89,0
2021-07-03,Amador,005,37829,3775,3758,33,3791,46
2021-07-03,Butte,007,227075,12860,12684,1901,14585,201
2021-07-03,Calaveras,009,45235,2222,2200,14,2214,55
2021-07-03,Colusa,011,21464,1976,1969,328,2297,15
2021-07-03,Contra Costa,013,1133247,71600,70941,1346,72287,818
2021-07-03,Del Norte,015,27424,1473,1439,14,1453,8
2021-07-03,El Dorado,017,186661,10553,10433,773,11206,113
2021-07-03,Fresno,019,978130,103773,102512,8860,111372,1727
2021-07-03,Glenn,021,27897,2454,2442,574,3016,20
2021-07-03,Humboldt,023,135768,4574,4530,53,4583,49
2021-07-03,Imperial,025,180216,28853,28661,2813,31474,739
2021-07-03,Inyo,027,18085,1415,1412,12,1424,35
2021-07-03,Kern,029,883053,98143,97421,11271,108692,1347
2021-07-03,Kings,031,150075,23335,23051,1122,24173,245
2021-07-03,Lake,033,64148,3666,3623,13,3636,62
2021-07-03,Lassen,035,31185,5298,5277,117,5394,20
2021-07-03,Los Angeles,037,10098052,1214917,1208705,42523,1251228,24506
2021-07-03,Madera,039,155013,16861,16696,958,17654,240
2021-07-03,Marin,041,260295,14254,14143,271,14414,233
2021-07-03,Mariposa,043,17540,441,441,11,452,5
2021-07-03,Mendocino,045,87422,4220,4122,80,4202,49
2021-07-03,Merced,047,269075,31381,31297,1003,32300,469
2021-07-03,Modoc,049,8938,419,410,149,559,4
2021-07-03,Mono,051,14174,1262,1275,16,1291,3
2021-07-03,Monterey,053,433212,43366,43212,1898,45110,492
2021-07-03,Napa,055,140530,10093,10045,40,10085,81
2021-07-03,Nevada,057,99092,5029,4966,199,5165,72
2021-07-03,Orange,059,3164182,257621,255823,11647,267470,5126
2021-07-03,Placer,061,380077,24023,23764,1590,25354,299
2021-07-03,Plumas,063,18699,725,707,14,721,4
2021-07-03,Riverside,065,2383286,296093,293260,14177,307437,4536
2021-07-03,Sacramento,067,1510023,109322,108257,1900,110157,1676
2021-07-03,San Benito,069,59416,6141,6108,116,6224,63
2021-07-03,San Bernardino,071,2135413,295605,294294,9123,303417,5003
2021-07-03,San Diego,073,3302833,284102,282692,15557,298249,3780
2021-07-03,San Francisco,075,870044,37443,37107,1345,38452,558
2021-07-03,San Joaquin,077,732212,74464,73841,3698,77539,1409
2021-07-03,San Luis Obispo,079,281455,21523,21330,771,22101,256
2021-07-03,San Mateo,081,765935,43034,42691,495,43186,541
2021-07-03,Santa Barbara,083,443738,35270,34526,1218,35744,456
2021-07-03,Santa Clara,085,1922200,119906,118966,797,119763,2090
2021-07-03,Santa Cruz,087,273765,16364,16254,823,17077,208
2021-07-03,Shasta,089,179085,12682,12582,1667,14249,204
2021-07-03,Sierra,091,2930,64,60,12,72,0
2021-07-03,Siskiyou,093,43540,1975,1899,381,2280,29
2021-07-03,Solano,095,438530,33724,33486,584,34070,268
2021-07-03,Sonoma,097,501317,31251,31000,367,31367,316
2021-07-03,Stanislaus,099,539301,57478,57018,6086,63104,1018
2021-07-03,Sutter,101,95872,9729,9644,92,9736,114
2021-07-03,Tehama,103,63373,5153,5124,598,5722,63
2021-07-03,Trinity,105,12862,495,341,98,439,3
2021-07-03,Tulare,107,460477,50532,49789,9290,59079,853
2021-07-03,Tuolumne,109,53932,4154,4113,39,4152,64
2021-07-03,Ventura,111,848112,82126,81425,3096,84521,1033
2021-07-03,Yolo,113,214977,14263,14188,368,14556,213
2021-07-03,Yuba,115,75493,6266,6197,133,6330,51
2021-07-02,Alameda,001,1643700,90159,89683,2034,91717,1253
2021-07-02,Alpine,003,1148,88,89,0,89,0
2021-07-02,Amador,005,37829,3773,3758,33,3791,46
2021-07-02,Butte,007,227075,12853,12684,1901,14585,201
2021-07-02,Calaveras,009,45235,2221,2200,14,2214,55
2021-07-02,Colusa,011,21464,1975,1969,327,2296,15
2021-07-02,Contra Costa,013,1133247,71531,70941,1342,72283,818
2021-07-02,Del Norte,015,27424,1473,1439,14,1453,8
2021-07-02,El Dorado,017,186661,10545,10433,773,11206,113
2021-07-02,Fresno,019,978130,103744,102512,8854,111366,1727
2021-07-02,Glenn,021,27897,2453,2442,573,3015,20
2021-07-02,Humboldt,023,135768,4571,4530,52,4582,49
2021-07-02,Imperial,025,180216,28847,28661,2812,31473,739
2021-07-02,Inyo,027,18085,1415,1412,12,1424,35
2021-07-02,Kern,029,883053,98125,97421,11262,108683,1347
2021-07-02,Kings,031,150075,23325,23051,1122,24173,245
2021-07-02,Lake,033,64148,3660,3623,13,3636,62
2021-07-02,Lassen,035,31185,5298,5277,117,5394,20
2021-07-02,Los Angeles,037,10098052,1214443,1208705,42484,1251189,24506
2021-07-02,Madera,039,155013,16852,16696,957,17653,240
2021-07-02,Marin,041,260295,14249,14143,271,14414,233
2021-07-02,Mariposa,043,17540,441,441,11,452,5
2021-07-02,Mendocino,045,87422,4216,4122,79,4201,49
2021-07-02,Merced,047,269075,31372,31297,1003,32300,469
2021-07-02,Modoc,049,8938,419,410,149,559,4
2021-07-02,Mono,051,14174,1261,1275,16,1291,3
2021-07-02,Monterey,053,433212,43358,43212,1897,45109,492
2021-07-02,Napa,055,140530,10088,10045,40,10085,81
2021-07-02,Nevada,057,99092,5020,4966,199,5165,72
2021-07-02,Orange,059,3164182,257508,255823,11640,267463,5126
2021-07-02,Placer,061,380077,24006,23764,1583,25347,299
2021-07-02,Plumas,063,18699,725,707,14,721,4
2021-07-02,Riverside,065,2383286,295996,293260,14172,307432,4536
2021-07-02,Sacramento,067,1510023,109244,108257,1899,110156,1676
2021-07-02,San Benito,069,59416,6138,6108,116,6224,63
2021-07-02,San Bernardino,071,2135413,295518,294294,9121,303415,5003
2021-07-02,San Diego,073,3302833,283957,282692,15531,298223,3780
2021-07-02,San Francisco,075,870044,37395,37107,1343,38450,558
2021-07-02,San Joaquin,077,732212,74432,73841,3692,77533,1409
2021-07-02,San Luis Obispo,079,281455,21517,21330,770,22100,256
2021-07-02,San Mateo,081,765935,42998,42691,495,43186,541
2021-07-02,Santa Barbara,083,443738,35261,34526,1218,35744,456
2021-07-02,Santa Clara,085,1922200,119828,118966,797,119763,2090
2021-07-02,Santa Cruz,087,273765,16360,16254,823,17077,208
2021-07-02,Shasta,089,179085,12678,12582,1667,14249,204
2021-07-02,Sierra,091,2930,63,60,12,72,0
2021-07-02,Siskiyou,093,43540,1972,1899,380,2279,29
2021-07-02,Solano,095,438530,33699,33486,584,34070,268
2021-07-02,Sonoma,097,501317,31228,31000,367,31367,316
2021-07-02,Stanislaus,099,539301,57456,57018,6085,63103,1018
2021-07-02,Sutter,101,95872,9724,9644,92,9736,114
2021-07-02,Tehama,103,63373,5151,5124,596,5720,63
2021-07-02,Trinity,105,12862,495,341,98,439,3
2021-07-02,Tulare,107,460477,50522,49789,9282,59071,853
2021-07-02,Tuolumne,109,53932,4151,4113,39,4152,64
2021-07-02,Ventura,111,848112,82083,81425,3088,84513,1033
2021-07-02,Yolo,113,214977,14247,14188,366,14554,213
2021-07-02,Yuba,115,75493,6258,6197,133,6330,51
2021-07-01,Alameda,001,1643700,90055,89683,2032,91715,1253
2021-07-01,Alpine,003,1148,88,89,0,89,0
2021-07-01,Amador,005,37829,3772,3758,33,3791,46
2021-07-01,Butte,007,227075,12841,12684,1899,14583,201
2021-07-01,Calaveras,009,45235,2219,2200,14,2214,55
2021-07-01,Colusa,011,21464,1975,1969,325,2294,15
2021-07-01,Contra Costa,013,1133247,71460,70941,1341,72282,818
2021-07-01,Del Norte,015,27424,1472,1439,14,1453,8
2021-07-01,El Dorado,017,186661,10533,10433,773,11206,113
2021-07-01,Fresno,019,978130,103705,102512,8849,111361,1727
2021-07-01,Glenn,021,27897,2453,2442,573,3015,20
2021-07-01,Humboldt,023,135768,4569,4530,52,4582,49
2021-07-01,Imperial,025,180216,28830,28661,2812,31473,739
2021-07-01,Inyo,027,18085,1415,1412,12,1424,35
2021-07-01,Kern,029,883053,98099,97421,11251,108672,1347
2021-07-01,Kings,031,150075,23311,23051,1122,24173,245
2021-07-01,Lake,033,64148,3657,3623,13,3636,62
2021-07-01,Lassen,035,31185,5296,5277,117,5394,20
2021-07-01,Los Angeles,037,10098052,1213846,1208705,42429,1251134,24506
2021-07-01,Madera,039,155013,16843,16696,956,17652,240
2021-07-01,Marin,041,260295,14245,14143,271,14414,233
2021-07-01,Mariposa,043,17540,441,441,11,452,5
2021-07-01,Mendocino,045,87422,4212,4122,78,4200,49
2021-07-01,Merced,047,269075,31366,31297,1003,32300,469
2021-07-01,Modoc,049,8938,419,410,149,559,4
2021-07-01,Mono,051,14174,1260,1275,16,1291,3
2021-07-01,Monterey,053,433212,43350,43212,1893,45105,492
2021-07-01,Napa,055,140530,10081,10045,40,10085,81
2021-07-01,Nevada,057,99092,5015,4966,199,5165,72
2021-07-01,Orange,059,3164182,257387,255823,11621,267444,5126
2021-07-01,Placer,061,380077,23988,23764,1580,25344,299
2021-07-01,Plumas,063,18699,722,707,12,719,4
2021-07-01,Riverside,065,2383286,295887,293260,14164,307424,4536
2021-07-01,Sacramento,067,1510023,109118,108257,1892,110149,1676
2021-07-01,San Benito,069,59416,6134,6108,116,6224,63
2021-07-01,San Bernardino,071,2135413,295398,294294,9116,303410,5003
2021-07-01,San Diego,073,3302833,283779,282692,15494,298186,3780
2021-07-01,San Francisco,075,870044,37359,37107,1341,38448,558
2021-07-01,San Joaquin,077,732212,74381,73841,3688,77529,1409
2021-07-01,San Luis Obispo,079,281455,21502,21330,769,22099,256
2021-07-01,San Mateo,081,765935,42970,42691,494,43185,541
2021-07-01,Santa Barbara,083,443738,35249,34526,1218,35744,456
2021-07-01,Santa Clara,085,1922200,119779,118966,797,119763,2090
2021-07-01,Santa Cruz,087,273765,16355,16254,823,17077,208
2021-07-01,Shasta,089,179085,12670,12582,1666,14248,204
2021-07-01,Sierra,091,2930,63,60,12,72,0
2021-07-01,Siskiyou,093,43540,1972,1899,380,2279,29
2021-07-01,Solano,095,438530,33657,33486,583,34069,268
2021-07-01,Sonoma,097,501317,31184,31000,367,31367,316
2021-07-01,Stanislaus,099,539301,57432,57018,6081,63099,1018
2021-07-01,Sutter,101,95872,9715,9644,92,9736,114
2021-07-01,Tehama,103,63373,5151,5124,595,5719,63
2021-07-01,Trinity,105,12862,495,341,98,439,3
2021-07-01,Tulare,107,460477,50513,49789,9275,59064,853
2021-07-01,Tuolumne,109,53932,4144,4113,39,4152,64
2021-07-01,Ventura,111,848112,82052,81425,3077,84502,1033
2021-07-01,Yolo,113,214977,14232,14188,364,14552,213
2021-07-01,Yuba,115,75493,6251,6197,133,6330,51
2021-06-30,Alameda,001,1643700,89970,89597,2028,91625,1256
2021-06-30,Alpine,003,1148,88,89,0,89,0
2021-06-30,Amador,005,37829,3770,3756,33,3789,46
2021-06-30,Butte,007,227075,12834,12676,1890,14566,201
2021-06-30,Calaveras,009,45235,2214,2198,14,2212,55
2021-06-30,Colusa,011,21464,1973,1967,322,2289,15
2021-06-30,Contra Costa,013,1133247,71396,70869,1338,72207,818
2021-06-30,Del Norte,015,27424,1467,1435,14,1449,8
2021-06-30,El Dorado,017,186661,10514,10420,773,11193,113
2021-06-30,Fresno,019,978130,103669,102490,8846,111336,1727
2021-06-30,Glenn,021,27897,2451,2440,573,3013,20
2021-06-30,Humboldt,023,135768,4553,4522,50,4572,49
2021-06-30,Imperial,025,180216,28822,28651,2812,31463,739
2021-06-30,Inyo,027,18085,1415,1409,12,1421,35
2021-06-30,Kern,029,883053,98058,97267,11239,108506,1348
2021-06-30,Kings,031,150075,23306,23038,1121,24159,245
2021-06-30,Lake,033,64148,3644,3601,13,3614,56
2021-06-30,Lassen,035,31185,5291,5269,117,5386,20
2021-06-30,Los Angeles,037,10098052,1213177,1208246,42385,1250631,24499
2021-06-30,Madera,039,155013,16835,16688,954,17642,240
2021-06-30,Marin,041,260295,14236,14133,270,14403,232
2021-06-30,Mariposa,043,17540,440,441,11,452,5
2021-06-30,Mendocino,045,87422,4202,4115,78,4193,49
2021-06-30,Merced,047,269075,31356,31286,1003,32289,469
2021-06-30,Modoc,049,8938,419,410,149,559,4
2021-06-30,Mono,051,14174,1260,1275,16,1291,3
2021-06-30,Monterey,053,433212,43345,43209,1891,45100,492
2021-06-30,Napa,055,140530,10073,10039,40,10079,81
2021-06-30,Nevada,057,99092,5004,4958,199,5157,72
2021-06-30,Orange,059,3164182,257258,255764,11611,267375,5125
2021-06-30,Placer,061,380077,23964,23721,1576,25297,299
2021-06-30,Plumas,063,18699,722,705,12,717,4
2021-06-30,Riverside,065,2383286,295773,293280,14154,307434,4535
2021-06-30,Sacramento,067,1510023,108979,108137,1888,110025,1676
2021-06-30,San Benito,069,59416,6130,6105,116,6221,63
2021-06-30,San Bernardino,071,2135413,295239,294211,9111,303322,4975
2021-06-30,San Diego,073,3302833,283643,282583,15466,298049,3780
2021-06-30,San Francisco,075,870044,37310,37065,1336,38401,558
2021-06-30,San Joaquin,077,732212,74319,73777,3687,77464,1409
2021-06-30,San Luis Obispo,079,281455,21489,21326,768,22094,256
2021-06-30,San Mateo,081,765935,42933,42599,493,43092,537
2021-06-30,Santa Barbara,083,443738,35233,34521,1218,35739,456
2021-06-30,Santa Clara,085,1922200,119732,118930,794,119724,2090
2021-06-30,Santa Cruz,087,273765,16349,16250,823,17073,208
2021-06-30,Shasta,089,179085,12664,12564,1666,14230,204
2021-06-30,Sierra,091,2930,63,60,12,72,0
2021-06-30,Siskiyou,093,43540,1970,1900,377,2277,29
2021-06-30,Solano,095,438530,33618,33453,581,34034,268
2021-06-30,Sonoma,097,501317,31154,30947,367,31314,316
2021-06-30,Stanislaus,099,539301,57410,56997,6080,63077,1018
2021-06-30,Sutter,101,95872,9705,9638,92,9730,114
2021-06-30,Tehama,103,63373,5149,5124,595,5719,63
2021-06-30,Trinity,105,12862,495,341,98,439,3
2021-06-30,Tulare,107,460477,50502,49764,9264,59028,853
2021-06-30,Tuolumne,109,53932,4141,4112,39,4151,64
2021-06-30,Ventura,111,848112,82009,81392,3072,84464,1032
2021-06-30,Yolo,113,214977,14226,14178,361,14539,213
2021-06-30,Yuba,115,75493,6244,6191,133,6324,51
2021-06-29,Alameda,001,1643700,89866,89519,2027,91546,1257
2021-06-29,Alpine,003,1148,88,89,0,89,0
2021-06-29,Amador,005,37829,3766,3754,33,3787,46
2021-06-29,Butte,007,227075,12826,12669,1890,14559,201
2021-06-29,Calaveras,009,45235,2208,2198,14,2212,55
2021-06-29,Colusa,011,21464,1971,1967,322,2289,15
2021-06-29,Contra Costa,013,1133247,71322,70775,1338,72113,817
2021-06-29,Del Norte,015,27424,1466,1435,14,1449,8
2021-06-29,El Dorado,017,186661,10501,10403,769,11172,113
2021-06-29,Fresno,019,978130,103636,102464,8843,111307,1725
2021-06-29,Glenn,021,27897,2450,2439,573,3012,20
2021-06-29,Humboldt,023,135768,4549,4514,49,4563,49
2021-06-29,Imperial,025,180216,28813,28645,2811,31456,737
2021-06-29,Inyo,027,18085,1415,1408,12,1420,35
2021-06-29,Kern,029,883053,98037,97173,11233,108406,1347
2021-06-29,Kings,031,150075,23297,23035,1120,24155,245
2021-06-29,Lake,033,64148,3638,3594,13,3607,56
2021-06-29,Lassen,035,31185,5284,5268,117,5385,20
2021-06-29,Los Angeles,037,10098052,1212570,1207895,42354,1250249,24498
2021-06-29,Madera,039,155013,16831,16680,953,17633,240
2021-06-29,Marin,041,260295,14224,14127,270,14397,232
2021-06-29,Mariposa,043,17540,440,441,11,452,5
2021-06-29,Mendocino,045,87422,4199,4107,77,4184,49
2021-06-29,Merced,047,269075,31344,31277,1003,32280,469
2021-06-29,Modoc,049,8938,418,408,149,557,3
2021-06-29,Mono,051,14174,1260,1275,16,1291,3
2021-06-29,Monterey,053,433212,43335,43196,1889,45085,471
2021-06-29,Napa,055,140530,10067,10033,40,10073,81
2021-06-29,Nevada,057,99092,4997,4952,199,5151,72
2021-06-29,Orange,059,3164182,257160,255686,11596,267282,5124
2021-06-29,Placer,061,380077,23944,23693,1574,25267,299
2021-06-29,Plumas,063,18699,722,704,12,716,4
2021-06-29,Riverside,065,2383286,295674,292962,14147,307109,4524
2021-06-29,Sacramento,067,1510023,108827,108067,1885,109952,1677
2021-06-29,San Benito,069,59416,6119,6099,116,6215,63
2021-06-29,San Bernardino,071,2135413,295127,294118,9109,303227,4940
2021-06-29,San Diego,073,3302833,283488,282499,15439,297938,3780
2021-06-29,San Francisco,075,870044,37272,37041,1333,38374,558
2021-06-29,San Joaquin,077,732212,74271,73724,3684,77408,1409
2021-06-29,San Luis Obispo,079,281455,21479,21324,767,22091,256
2021-06-29,San Mateo,081,765935,42899,42540,493,43033,540
2021-06-29,Santa Barbara,083,443738,35223,34507,1217,35724,455
2021-06-29,Santa Clara,085,1922200,119677,118893,793,119686,2090
2021-06-29,Santa Cruz,087,273765,16343,16249,823,17072,208
2021-06-29,Shasta,089,179085,12652,12564,1665,14229,204
2021-06-29,Sierra,091,2930,63,59,12,71,0
2021-06-29,Siskiyou,093,43540,1967,1897,373,2270,29
2021-06-29,Solano,095,438530,33585,33440,579,34019,268
2021-06-29,Sonoma,097,501317,31112,30950,365,31315,316
2021-06-29,Stanislaus,099,539301,57382,56980,6073,63053,1018
2021-06-29,Sutter,101,95872,9694,9634,92,9726,114
2021-06-29,Tehama,103,63373,5149,5124,595,5719,63
2021-06-29,Trinity,105,12862,495,341,98,439,3
2021-06-29,Tulare,107,460477,50489,49751,9259,59010,852
2021-06-29,Tuolumne,109,53932,4139,4111,39,4150,64
2021-06-29,Ventura,111,848112,81971,81363,3066,84429,1032
2021-06-29,Yolo,113,214977,14214,14171,360,14531,213
2021-06-29,Yuba,115,75493,6234,6188,133,6321,51
2021-06-28,Alameda,001,1643700,89774,89638,2025,91663,1259
2021-06-28,Alpine,003,1148,88,89,0,89,0
2021-06-28,Amador,005,37829,3765,3753,33,3786,46
2021-06-28,Butte,007,227075,12817,12697,1888,14585,198
2021-06-28,Calaveras,009,45235,2205,2203,14,2217,55
2021-06-28,Colusa,011,21464,1969,1974,322,2296,15
2021-06-28,Contra Costa,013,1133247,71248,70807,1336,72143,816
2021-06-28,Del Norte,015,27424,1466,1436,14,1450,8
2021-06-28,El Dorado,017,186661,10491,10422,765,11187,115
2021-06-28,Fresno,019,978130,103606,103121,8841,111962,1727
2021-06-28,Glenn,021,27897,2450,2439,573,3012,20
2021-06-28,Humboldt,023,135768,4542,4520,48,4568,49
2021-06-28,Imperial,025,180216,28805,28981,2810,31791,741
2021-06-28,Inyo,027,18085,1412,1407,12,1419,35
2021-06-28,Kern,029,883053,98018,97252,11228,108480,1348
2021-06-28,Kings,031,150075,23291,23134,1120,24254,246
2021-06-28,Lake,033,64148,3630,3591,13,3604,56
2021-06-28,Lassen,035,31185,5282,5268,117,5385,20
2021-06-28,Los Angeles,037,10098052,1212053,1207714,42318,1250032,24496
2021-06-28,Madera,039,155013,16820,16683,952,17635,240
2021-06-28,Marin,041,260295,14209,14186,270,14456,232
2021-06-28,Mariposa,043,17540,440,440,11,451,5
2021-06-28,Mendocino,045,87422,4190,4102,76,4178,49
2021-06-28,Merced,047,269075,31332,31277,1003,32280,469
2021-06-28,Modoc,049,8938,418,411,148,559,3
2021-06-28,Mono,051,14174,1260,1276,16,1292,3
2021-06-28,Monterey,053,433212,43331,43202,1888,45090,462
2021-06-28,Napa,055,140530,10058,10050,39,10089,81
2021-06-28,Nevada,057,99092,4993,4951,199,5150,72
2021-06-28,Orange,059,3164182,257070,255755,11582,267337,5123
2021-06-28,Placer,061,380077,23924,23756,1569,25325,299
2021-06-28,Plumas,063,18699,720,704,12,716,4
2021-06-28,Riverside,065,2383286,295548,292647,14134,306781,4507
2021-06-28,Sacramento,067,1510023,108695,108342,1880,110222,1675
2021-06-28,San Benito,069,59416,6117,6101,116,6217,63
2021-06-28,San Bernardino,071,2135413,295026,294151,9104,303255,4928
2021-06-28,San Diego,073,3302833,283325,282417,15410,297827,3780
2021-06-28,San Francisco,075,870044,37236,37372,1331,38703,559
2021-06-28,San Joaquin,077,732212,74223,73973,3680,77653,1411
2021-06-28,San Luis Obispo,079,281455,21475,21340,766,22106,256
2021-06-28,San Mateo,081,765935,42865,42927,492,43419,540
2021-06-28,Santa Barbara,083,443738,35216,34534,1215,35749,455
2021-06-28,Santa Clara,085,1922200,119613,120377,792,121169,2103
2021-06-28,Santa Cruz,087,273765,16338,16245,823,17068,208
2021-06-28,Shasta,089,179085,12648,12642,1663,14305,203
2021-06-28,Sierra,091,2930,63,58,12,70,0
2021-06-28,Siskiyou,093,43540,1966,1896,373,2269,29
2021-06-28,Solano,095,438530,33549,33524,577,34101,267
2021-06-28,Sonoma,097,501317,31075,31137,364,31501,315
2021-06-28,Stanislaus,099,539301,57363,57047,6069,63116,1018
2021-06-28,Sutter,101,95872,9690,9682,92,9774,114
2021-06-28,Tehama,103,63373,5147,5122,595,5717,63
2021-06-28,Trinity,105,12862,495,341,98,439,3
2021-06-28,Tulare,107,460477,50479,49751,9255,59006,850
2021-06-28,Tuolumne,109,53932,4132,4121,39,4160,64
2021-06-28,Ventura,111,848112,81914,81393,3061,84454,1032
2021-06-28,Yolo,113,214977,14205,14199,357,14556,213
2021-06-28,Yuba,115,75493,6229,6207,133,6340,51
2021-06-27,Alameda,001,1643700,89688,89611,2021,91632,1259
2021-06-27,Alpine,003,1148,88,89,0,89,0
2021-06-27,Amador,005,37829,3764,3752,33,3785,46
2021-06-27,Butte,007,227075,12808,12696,1887,14583,198
2021-06-27,Calaveras,009,45235,2204,2203,14,2217,55
2021-06-27,Colusa,011,21464,1969,1974,322,2296,15
2021-06-27,Contra Costa,013,1133247,71162,70762,1332,72094,816
2021-06-27,Del Norte,015,27424,1463,1436,14,1450,8
2021-06-27,El Dorado,017,186661,10479,10418,762,11180,115
2021-06-27,Fresno,019,978130,103577,103110,8839,111949,1727
2021-06-27,Glenn,021,27897,2449,2439,572,3011,20
2021-06-27,Humboldt,023,135768,4530,4513,45,4558,49
2021-06-27,Imperial,025,180216,28791,28987,2809,31796,741
2021-06-27,Inyo,027,18085,1412,1407,12,1419,35
2021-06-27,Kern,029,883053,97992,97249,11221,108470,1348
2021-06-27,Kings,031,150075,23281,23132,1120,24252,246
2021-06-27,Lake,033,64148,3623,3581,13,3594,56
2021-06-27,Lassen,035,31185,5281,5265,117,5382,20
2021-06-27,Los Angeles,037,10098052,1211509,1207461,42278,1249739,24493
2021-06-27,Madera,039,155013,16812,16680,952,17632,240
2021-06-27,Marin,041,260295,14200,14182,270,14452,232
2021-06-27,Mariposa,043,17540,440,440,11,451,5
2021-06-27,Mendocino,045,87422,4183,4100,76,4176,49
2021-06-27,Merced,047,269075,31320,31266,1003,32269,469
2021-06-27,Modoc,049,8938,418,411,148,559,3
2021-06-27,Mono,051,14174,1260,1279,16,1295,3
2021-06-27,Monterey,053,433212,43318,43199,1888,45087,462
2021-06-27,Napa,055,140530,10052,10046,39,10085,81
2021-06-27,Nevada,057,99092,4987,4946,199,5145,72
2021-06-27,Orange,059,3164182,256956,255710,11571,267281,5123
2021-06-27,Placer,061,380077,23891,23731,1566,25297,299
2021-06-27,Plumas,063,18699,720,704,12,716,4
2021-06-27,Riverside,065,2383286,295445,292641,14128,306769,4507
2021-06-27,Sacramento,067,1510023,108561,108279,1876,110155,1675
2021-06-27,San Benito,069,59416,6111,6101,116,6217,63
2021-06-27,San Bernardino,071,2135413,294913,294115,9102,303217,4927
2021-06-27,San Diego,073,3302833,283185,282359,15384,297743,3780
2021-06-27,San Francisco,075,870044,37199,37360,1330,38690,559
2021-06-27,San Joaquin,077,732212,74187,73960,3678,77638,1411
2021-06-27,San Luis Obispo,079,281455,21468,21340,765,22105,256
2021-06-27,San Mateo,081,765935,42836,42925,489,43414,539
2021-06-27,Santa Barbara,083,443738,35201,34533,1213,35746,455
2021-06-27,Santa Clara,085,1922200,119562,120352,791,121143,2103
2021-06-27,Santa Cruz,087,273765,16329,16241,823,17064,208
2021-06-27,Shasta,089,179085,12642,12640,1662,14302,203
2021-06-27,Sierra,091,2930,63,58,12,70,0
2021-06-27,Siskiyou,093,43540,1964,1896,372,2268,29
2021-06-27,Solano,095,438530,33521,33516,577,34093,267
2021-06-27,Sonoma,097,501317,31037,31129,364,31493,315
2021-06-27,Stanislaus,099,539301,57316,57021,6066,63087,1018
2021-06-27,Sutter,101,95872,9684,9678,92,9770,114
2021-06-27,Tehama,103,63373,5143,5122,595,5717,63
2021-06-27,Trinity,105,12862,495,341,97,438,3
2021-06-27,Tulare,107,460477,50466,49749,9248,58997,850
2021-06-27,Tuolumne,109,53932,4130,4121,39,4160,64
2021-06-27,Ventura,111,848112,81880,81361,3052,84413,1032
2021-06-27,Yolo,113,214977,14190,14194,353,14547,213
2021-06-27,Yuba,115,75493,6223,6205,133,6338,51
2021-06-26,Alameda,001,1643700,89630,89560,2019,91579,1259
2021-06-26,Alpine,003,1148,88,89,0,89,0
2021-06-26,Amador,005,37829,3764,3748,33,3781,46
2021-06-26,Butte,007,227075,12804,12693,1884,14577,198
2021-06-26,Calaveras,009,45235,2202,2202,14,2216,55
2021-06-26,Colusa,011,21464,1969,1973,322,2295,15
2021-06-26,Contra Costa,013,1133247,71119,70712,1331,72043,816
2021-06-26,Del Norte,015,27424,1462,1432,14,1446,8
2021-06-26,El Dorado,017,186661,10471,10414,761,11175,115
2021-06-26,Fresno,019,978130,103557,103091,8837,111928,1727
2021-06-26,Glenn,021,27897,2447,2441,572,3013,20
2021-06-26,Humboldt,023,135768,4527,4509,45,4554,49
2021-06-26,Imperial,025,180216,28787,28970,2809,31779,741
2021-06-26,Inyo,027,18085,1412,1407,12,1419,35
2021-06-26,Kern,029,883053,97966,97239,11212,108451,1348
2021-06-26,Kings,031,150075,23277,23128,1119,24247,246
2021-06-26,Lake,033,64148,3612,3576,13,3589,56
2021-06-26,Lassen,035,31185,5278,5263,117,5380,20
2021-06-26,Los Angeles,037,10098052,1211206,1207198,42243,1249441,24490
2021-06-26,Madera,039,155013,16805,16679,951,17630,240
2021-06-26,Marin,041,260295,14191,14180,270,14450,232
2021-06-26,Mariposa,043,17540,440,440,11,451,5
2021-06-26,Mendocino,045,87422,4181,4096,76,4172,49
2021-06-26,Merced,047,269075,31314,31259,1002,32261,469
2021-06-26,Modoc,049,8938,418,411,148,559,3
2021-06-26,Mono,051,14174,1260,1279,16,1295,3
2021-06-26,Monterey,053,433212,43315,43192,1888,45080,462
2021-06-26,Napa,055,140530,10046,10043,39,10082,81
2021-06-26,Nevada,057,99092,4982,4939,199,5138,72
2021-06-26,Orange,059,3164182,256878,255640,11564,267204,5123
2021-06-26,Placer,061,380077,23877,23702,1564,25266,299
2021-06-26,Plumas,063,18699,720,704,12,716,4
2021-06-26,Riverside,065,2383286,295387,292480,14122,306602,4505
2021-06-26,Sacramento,067,1510023,108490,108179,1874,110053,1675
2021-06-26,San Benito,069,59416,6107,6100,116,6216,63
2021-06-26,San Bernardino,071,2135413,294819,294034,9097,303131,4928
2021-06-26,San Diego,073,3302833,283100,282263,15366,297629,3780
2021-06-26,San Francisco,075,870044,37167,37348,1329,38677,559
2021-06-26,San Joaquin,077,732212,74158,73928,3677,77605,1411
2021-06-26,San Luis Obispo,079,281455,21467,21330,764,22094,256
2021-06-26,San Mateo,081,765935,42816,42898,489,43387,539
2021-06-26,Santa Barbara,083,443738,35192,34525,1213,35738,455
2021-06-26,Santa Clara,085,1922200,119529,120321,791,121112,2103
2021-06-26,Santa Cruz,087,273765,16326,16239,823,17062,208
2021-06-26,Shasta,089,179085,12638,12635,1658,14293,203
2021-06-26,Sierra,091,2930,63,58,12,70,0
2021-06-26,Siskiyou,093,43540,1963,1896,371,2267,29
2021-06-26,Solano,095,438530,33503,33489,575,34064,267
2021-06-26,Sonoma,097,501317,31011,31088,364,31452,315
2021-06-26,Stanislaus,099,539301,57296,57006,6064,63070,1018
2021-06-26,Sutter,101,95872,9683,9669,92,9761,114
2021-06-26,Tehama,103,63373,5143,5119,595,5714,63
2021-06-26,Trinity,105,12862,495,341,97,438,3
2021-06-26,Tulare,107,460477,50460,49745,9248,58993,850
2021-06-26,Tuolumne,109,53932,4130,4121,39,4160,64
2021-06-26,Ventura,111,848112,81856,81352,3051,84403,1032
2021-06-26,Yolo,113,214977,14182,14184,353,14537,213
2021-06-26,Yuba,115,75493,6220,6200,133,6333,51
2021-06-25,Alameda,001,1643700,89564,89453,2016,91469,1271
2021-06-25,Alpine,003,1148,88,89,0,89,0
2021-06-25,Amador,005,37829,3763,3746,33,3779,46
2021-06-25,Butte,007,227075,12799,12682,1881,14563,198
2021-06-25,Calaveras,009,45235,2201,2201,14,2215,55
2021-06-25,Colusa,011,21464,1969,1972,322,2294,15
2021-06-25,Contra Costa,013,1133247,71083,70659,1331,71990,815
2021-06-25,Del Norte,015,27424,1462,1426,14,1440,8
2021-06-25,El Dorado,017,186661,10463,10406,758,11164,115
2021-06-25,Fresno,019,978130,103540,103073,8833,111906,1727
2021-06-25,Glenn,021,27897,2447,2441,572,3013,20
2021-06-25,Humboldt,023,135768,4521,4503,43,4546,49
2021-06-25,Imperial,025,180216,28784,28968,2809,31777,740
2021-06-25,Inyo,027,18085,1411,1406,12,1418,35
2021-06-25,Kern,029,883053,97947,97182,11208,108390,1347
2021-06-25,Kings,031,150075,23271,23118,1119,24237,246
2021-06-25,Lake,033,64148,3606,3571,13,3584,56
2021-06-25,Lassen,035,31185,5277,5259,117,5376,20
2021-06-25,Los Angeles,037,10098052,1210930,1206909,42225,1249134,24483
2021-06-25,Madera,039,155013,16802,16670,951,17621,240
2021-06-25,Marin,041,260295,14188,14179,270,14449,232
2021-06-25,Mariposa,043,17540,440,440,11,451,5
2021-06-25,Mendocino,045,87422,4178,4089,76,4165,49
2021-06-25,Merced,047,269075,31306,31256,1002,32258,467
2021-06-25,Modoc,049,8938,418,411,148,559,3
2021-06-25,Mono,051,14174,1260,1279,16,1295,3
2021-06-25,Monterey,053,433212,43310,43184,1887,45071,462
2021-06-25,Napa,055,140530,10041,10037,39,10076,81
2021-06-25,Nevada,057,99092,4979,4932,199,5131,72
2021-06-25,Orange,059,3164182,256807,255574,11562,267136,5119
2021-06-25,Placer,061,380077,23858,23672,1563,25235,299
2021-06-25,Plumas,063,18699,720,702,11,713,4
2021-06-25,Riverside,065,2383286,295320,291663,14116,305779,4490
2021-06-25,Sacramento,067,1510023,108418,108034,1871,109905,1673
2021-06-25,San Benito,069,59416,6103,6098,116,6214,63
2021-06-25,San Bernardino,071,2135413,294764,293941,9095,303036,4911
2021-06-25,San Diego,073,3302833,283040,282157,15353,297510,3779
2021-06-25,San Francisco,075,870044,37144,37338,1328,38666,559
2021-06-25,San Joaquin,077,732212,74125,73860,3675,77535,1410
2021-06-25,San Luis Obispo,079,281455,21464,21325,763,22088,256
2021-06-25,San Mateo,081,765935,42798,42849,489,43338,537
2021-06-25,Santa Barbara,083,443738,35184,34518,1212,35730,454
2021-06-25,Santa Clara,085,1922200,119509,120272,791,121063,2103
2021-06-25,Santa Cruz,087,273765,16323,16230,821,17051,208
2021-06-25,Shasta,089,179085,12628,12633,1657,14290,202
2021-06-25,Sierra,091,2930,63,58,12,70,0
2021-06-25,Siskiyou,093,43540,1962,1894,371,2265,29
2021-06-25,Solano,095,438530,33483,33449,575,34024,267
2021-06-25,Sonoma,097,501317,30989,31043,364,31407,314
2021-06-25,Stanislaus,099,539301,57277,56973,6057,63030,1018
2021-06-25,Sutter,101,95872,9676,9664,92,9756,114
2021-06-25,Tehama,103,63373,5142,5119,595,5714,63
2021-06-25,Trinity,105,12862,495,338,97,435,3
2021-06-25,Tulare,107,460477,50453,49731,9245,58976,850
2021-06-25,Tuolumne,109,53932,4129,4121,39,4160,64
2021-06-25,Ventura,111,848112,81827,81342,3045,84387,1032
2021-06-25,Yolo,113,214977,14176,14172,353,14525,213
2021-06-25,Yuba,115,75493,6216,6195,133,6328,51
2021-06-24,Alameda,001,1643700,89492,89358,2013,91371,1268
2021-06-24,Alpine,003,1148,88,89,0,89,0
2021-06-24,Amador,005,37829,3759,3745,33,3778,46
2021-06-24,Butte,007,227075,12793,12673,1879,14552,198
2021-06-24,Calaveras,009,45235,2198,2202,14,2216,55
2021-06-24,Colusa,011,21464,1968,1972,322,2294,15
2021-06-24,Contra Costa,013,1133247,71024,70590,1331,71921,813
2021-06-24,Del Norte,015,27424,1461,1421,14,1435,8
2021-06-24,El Dorado,017,186661,10456,10402,758,11160,115
2021-06-24,Fresno,019,978130,103520,103061,8830,111891,1727
2021-06-24,Glenn,021,27897,2446,2439,572,3011,20
2021-06-24,Humboldt,023,135768,4516,4493,43,4536,49
2021-06-24,Imperial,025,180216,28781,28981,2809,31790,740
2021-06-24,Inyo,027,18085,1410,1406,12,1418,35
2021-06-24,Kern,029,883053,97928,97129,11195,108324,1346
2021-06-24,Kings,031,150075,23267,23114,1117,24231,246
2021-06-24,Lake,033,64148,3600,3571,13,3584,56
2021-06-24,Lassen,035,31185,5276,5258,117,5375,20
2021-06-24,Los Angeles,037,10098052,1210606,1206590,42202,1248792,24480
2021-06-24,Madera,039,155013,16791,16662,950,17612,240
2021-06-24,Marin,041,260295,14184,14180,270,14450,232
2021-06-24,Mariposa,043,17540,440,440,11,451,5
2021-06-24,Mendocino,045,87422,4170,4085,76,4161,49
2021-06-24,Merced,047,269075,31296,31248,1001,32249,466
2021-06-24,Modoc,049,8938,418,411,148,559,3
2021-06-24,Mono,051,14174,1260,1276,16,1292,3
2021-06-24,Monterey,053,433212,43303,43180,1887,45067,451
2021-06-24,Napa,055,140530,10039,10036,39,10075,80
2021-06-24,Nevada,057,99092,4977,4927,199,5126,72
2021-06-24,Orange,059,3164182,256743,255520,11554,267074,5117
2021-06-24,Placer,061,380077,23833,23659,1561,25220,299
2021-06-24,Plumas,063,18699,719,702,11,713,4
2021-06-24,Riverside,065,2383286,295240,291067,14105,305172,4473
2021-06-24,Sacramento,067,1510023,108330,107965,1869,109834,1672
2021-06-24,San Benito,069,59416,6100,6098,116,6214,63
2021-06-24,San Bernardino,071,2135413,294695,293895,9090,302985,4898
2021-06-24,San Diego,073,3302833,282935,282053,15341,297394,3778
2021-06-24,San Francisco,075,870044,37122,37320,1326,38646,559
2021-06-24,San Joaquin,077,732212,74077,73814,3675,77489,1408
2021-06-24,San Luis Obispo,079,281455,21458,21326,763,22089,256
2021-06-24,San Mateo,081,765935,42772,42814,488,43302,542
2021-06-24,Santa Barbara,083,443738,35178,34512,1211,35723,454
2021-06-24,Santa Clara,085,1922200,119479,120274,790,121064,2103
2021-06-24,Santa Cruz,087,273765,16322,16227,821,17048,208
2021-06-24,Shasta,089,179085,12623,12629,1653,14282,202
2021-06-24,Sierra,091,2930,63,58,12,70,0
2021-06-24,Siskiyou,093,43540,1962,1892,371,2263,28
2021-06-24,Solano,095,438530,33461,33432,573,34005,267
2021-06-24,Sonoma,097,501317,30960,31020,364,31384,314
2021-06-24,Stanislaus,099,539301,57245,56946,6057,63003,1018
2021-06-24,Sutter,101,95872,9669,9660,92,9752,113
2021-06-24,Tehama,103,63373,5139,5115,595,5710,63
2021-06-24,Trinity,105,12862,494,338,97,435,3
2021-06-24,Tulare,107,460477,50442,49730,9243,58973,850
2021-06-24,Tuolumne,109,53932,4127,4120,39,4159,64
2021-06-24,Ventura,111,848112,81799,81332,3044,84376,1032
2021-06-24,Yolo,113,214977,14167,14169,350,14519,213
2021-06-24,Yuba,115,75493,6211,6195,133,6328,51
2021-06-23,Alameda,001,1643700,89420,89338,2012,91350,1266
2021-06-23,Alpine,003,1148,88,88,0,88,0
2021-06-23,Amador,005,37829,3757,3743,33,3776,46
2021-06-23,Butte,007,227075,12786,12666,1879,14545,198
2021-06-23,Calaveras,009,45235,2197,2199,14,2213,55
2021-06-23,Colusa,011,21464,1967,1972,322,2294,15
2021-06-23,Contra Costa,013,1133247,70959,70526,1330,71856,813
2021-06-23,Del Norte,015,27424,1457,1418,14,1432,8
2021-06-23,El Dorado,017,186661,10447,10395,755,11150,115
2021-06-23,Fresno,019,978130,103491,103020,8828,111848,1724
2021-06-23,Glenn,021,27897,2446,2437,571,3008,20
2021-06-23,Humboldt,023,135768,4507,4490,43,4533,48
2021-06-23,Imperial,025,180216,28774,28908,2809,31717,740
2021-06-23,Inyo,027,18085,1410,1406,12,1418,35
2021-06-23,Kern,029,883053,97900,97078,11182,108260,1345
2021-06-23,Kings,031,150075,23260,23105,1115,24220,245
2021-06-23,Lake,033,64148,3591,3566,13,3579,53
2021-06-23,Lassen,035,31185,5273,5257,117,5374,20
2021-06-23,Los Angeles,037,10098052,1210269,1206358,42192,1248550,24472
2021-06-23,Madera,039,155013,16785,16660,950,17610,240
2021-06-23,Marin,041,260295,14178,14177,270,14447,230
2021-06-23,Mariposa,043,17540,440,439,11,450,5
2021-06-23,Mendocino,045,87422,4166,4078,76,4154,49
2021-06-23,Merced,047,269075,31287,31260,1001,32261,465
2021-06-23,Modoc,049,8938,416,407,148,555,3
2021-06-23,Mono,051,14174,1260,1279,16,1295,3
2021-06-23,Monterey,053,433212,43294,43166,1887,45053,439
2021-06-23,Napa,055,140530,10030,10032,39,10071,80
2021-06-23,Nevada,057,99092,4974,4924,199,5123,72
2021-06-23,Orange,059,3164182,256676,255479,11546,267025,5116
2021-06-23,Placer,061,380077,23804,23630,1556,25186,299
2021-06-23,Plumas,063,18699,718,701,11,712,4
2021-06-23,Riverside,065,2383286,295157,290343,14103,304446,4462
2021-06-23,Sacramento,067,1510023,108238,107868,1864,109732,1671
2021-06-23,San Benito,069,59416,6096,6097,116,6213,63
2021-06-23,San Bernardino,071,2135413,294616,293816,9085,302901,4886
2021-06-23,San Diego,073,3302833,282835,281937,15320,297257,3777
2021-06-23,San Francisco,075,870044,37098,37304,1325,38629,559
2021-06-23,San Joaquin,077,732212,74038,73764,3673,77437,1405
2021-06-23,San Luis Obispo,079,281455,21454,21323,762,22085,257
2021-06-23,San Mateo,081,765935,42756,42756,488,43244,542
2021-06-23,Santa Barbara,083,443738,35168,34505,1211,35716,454
2021-06-23,Santa Clara,085,1922200,119450,120233,790,121023,2098
2021-06-23,Santa Cruz,087,273765,16318,16215,821,17036,209
2021-06-23,Shasta,089,179085,12616,12604,1651,14255,202
2021-06-23,Sierra,091,2930,63,57,12,69,0
2021-06-23,Siskiyou,093,43540,1960,1892,371,2263,28
2021-06-23,Solano,095,438530,33417,33408,573,33981,267
2021-06-23,Sonoma,097,501317,30920,30959,362,31321,314
2021-06-23,Stanislaus,099,539301,57212,56926,6056,62982,1017
2021-06-23,Sutter,101,95872,9663,9653,92,9745,113
2021-06-23,Tehama,103,63373,5139,5119,594,5713,63
2021-06-23,Trinity,105,12862,494,338,97,435,3
2021-06-23,Tulare,107,460477,50435,49711,9239,58950,850
2021-06-23,Tuolumne,109,53932,4124,4120,39,4159,64
2021-06-23,Ventura,111,848112,81776,81312,3041,84353,1032
2021-06-23,Yolo,113,214977,14157,14161,350,14511,212
2021-06-23,Yuba,115,75493,6208,6190,133,6323,51
2021-06-22,Alameda,001,1643700,89352,89308,2012,91320,1263
2021-06-22,Alpine,003,1148,88,88,0,88,0
2021-06-22,Amador,005,37829,3754,3743,33,3776,46
2021-06-22,Butte,007,227075,12782,12662,1876,14538,198
2021-06-22,Calaveras,009,45235,2196,2198,14,2212,55
2021-06-22,Colusa,011,21464,1966,1971,322,2293,15
2021-06-22,Contra Costa,013,1133247,70903,70480,1329,71809,813
2021-06-22,Del Norte,015,27424,1454,1417,14,1431,8
2021-06-22,El Dorado,017,186661,10442,10380,754,11134,113
2021-06-22,Fresno,019,978130,103472,102996,8824,111820,1724
2021-06-22,Glenn,021,27897,2445,2435,569,3004,19
2021-06-22,Humboldt,023,135768,4497,4483,43,4526,42
2021-06-22,Imperial,025,180216,28769,28880,2809,31689,740
2021-06-22,Inyo,027,18085,1410,1405,12,1417,35
2021-06-22,Kern,029,883053,97887,97013,11178,108191,1342
2021-06-22,Kings,031,150075,23252,23098,1114,24212,245
2021-06-22,Lake,033,64148,3589,3564,13,3577,45
2021-06-22,Lassen,035,31185,5268,5254,117,5371,20
2021-06-22,Los Angeles,037,10098052,1209956,1206146,42180,1248326,24461
2021-06-22,Madera,039,155013,16780,16652,950,17602,240
2021-06-22,Marin,041,260295,14176,14174,270,14444,230
2021-06-22,Mariposa,043,17540,440,439,11,450,5
2021-06-22,Mendocino,045,87422,4160,4072,76,4148,49
2021-06-22,Merced,047,269075,31276,31267,1001,32268,464
2021-06-22,Modoc,049,8938,414,405,147,552,3
2021-06-22,Mono,051,14174,1260,1277,16,1293,3
2021-06-22,Monterey,053,433212,43291,43162,1886,45048,427
2021-06-22,Napa,055,140530,10025,10029,39,10068,80
2021-06-22,Nevada,057,99092,4968,4923,199,5122,72
2021-06-22,Orange,059,3164182,256607,255452,11535,266987,5114
2021-06-22,Placer,061,380077,23782,23603,1556,25159,299
2021-06-22,Plumas,063,18699,718,697,11,708,4
2021-06-22,Riverside,065,2383286,295096,289839,14099,303938,4456
2021-06-22,Sacramento,067,1510023,108137,107801,1859,109660,1670
2021-06-22,San Benito,069,59416,6095,6098,116,6214,63
2021-06-22,San Bernardino,071,2135413,294540,293770,9079,302849,4873
2021-06-22,San Diego,073,3302833,282731,281867,15297,297164,3771
2021-06-22,San Francisco,075,870044,37084,37287,1325,38612,556
2021-06-22,San Joaquin,077,732212,74008,73723,3671,77394,1405
2021-06-22,San Luis Obispo,079,281455,21451,21321,761,22082,257
2021-06-22,San Mateo,081,765935,42742,42725,483,43208,542
2021-06-22,Santa Barbara,083,443738,35157,34500,1210,35710,454
2021-06-22,Santa Clara,085,1922200,119418,120194,790,120984,2095
2021-06-22,Santa Cruz,087,273765,16313,16218,821,17039,209
2021-06-22,Shasta,089,179085,12605,12616,1648,14264,202
2021-06-22,Sierra,091,2930,62,57,12,69,0
2021-06-22,Siskiyou,093,43540,1960,1892,371,2263,28
2021-06-22,Solano,095,438530,33399,33397,572,33969,267
2021-06-22,Sonoma,097,501317,30880,30933,362,31295,314
2021-06-22,Stanislaus,099,539301,57192,56915,6054,62969,1017
2021-06-22,Sutter,101,95872,9656,9649,92,9741,113
2021-06-22,Tehama,103,63373,5137,5118,593,5711,63
2021-06-22,Trinity,105,12862,492,337,97,434,3
2021-06-22,Tulare,107,460477,50427,49706,9234,58940,850
2021-06-22,Tuolumne,109,53932,4122,4119,39,4158,64
2021-06-22,Ventura,111,848112,81762,81300,3040,84340,1032
2021-06-22,Yolo,113,214977,14152,14157,348,14505,212
2021-06-22,Yuba,115,75493,6204,6181,133,6314,51
2021-06-21,Alameda,001,1643700,89292,89281,2011,91292,1262
2021-06-21,Alpine,003,1148,88,88,0,88,0
2021-06-21,Amador,005,37829,3748,3742,33,3775,46
2021-06-21,Butte,007,227075,12776,12668,1874,14542,195
2021-06-21,Calaveras,009,45235,2195,2194,14,2208,55
2021-06-21,Colusa,011,21464,1965,1970,321,2291,15
2021-06-21,Contra Costa,013,1133247,70832,70439,1327,71766,813
2021-06-21,Del Norte,015,27424,1450,1416,14,1430,8
2021-06-21,El Dorado,017,186661,10436,10375,753,11128,113
2021-06-21,Fresno,019,978130,103452,102971,8821,111792,1724
2021-06-21,Glenn,021,27897,2444,2433,569,3002,19
2021-06-21,Humboldt,023,135768,4488,4478,42,4520,42
2021-06-21,Imperial,025,180216,28765,28855,2809,31664,740
2021-06-21,Inyo,027,18085,1409,1405,12,1417,35
2021-06-21,Kern,029,883053,97858,96995,11169,108164,1342
2021-06-21,Kings,031,150075,23245,23091,1111,24202,245
2021-06-21,Lake,033,64148,3583,3563,13,3576,45
2021-06-21,Lassen,035,31185,5266,5233,117,5350,19
2021-06-21,Los Angeles,037,10098052,1209665,1205994,42159,1248153,24459
2021-06-21,Madera,039,155013,16771,16647,950,17597,240
2021-06-21,Marin,041,260295,14172,14173,270,14443,230
2021-06-21,Mariposa,043,17540,440,439,11,450,5
2021-06-21,Mendocino,045,87422,4157,4085,76,4161,49
2021-06-21,Merced,047,269075,31266,31264,1000,32264,465
2021-06-21,Modoc,049,8938,414,405,147,552,3
2021-06-21,Mono,051,14174,1260,1277,16,1293,3
2021-06-21,Monterey,053,433212,43288,43157,1886,45043,427
2021-06-21,Napa,055,140530,10021,10028,39,10067,80
2021-06-21,Nevada,057,99092,4964,4921,199,5120,72
2021-06-21,Orange,059,3164182,256535,255400,11528,266928,5113
2021-06-21,Placer,061,380077,23757,23577,1556,25133,298
2021-06-21,Plumas,063,18699,716,697,11,708,4
2021-06-21,Riverside,065,2383286,295020,289797,14094,303891,4456
2021-06-21,Sacramento,067,1510023,108025,107757,1858,109615,1669
2021-06-21,San Benito,069,59416,6091,6098,116,6214,63
2021-06-21,San Bernardino,071,2135413,294453,293736,9075,302811,4850
2021-06-21,San Diego,073,3302833,282625,281811,15277,297088,3771
2021-06-21,San Francisco,075,870044,37068,37275,1324,38599,556
2021-06-21,San Joaquin,077,732212,73967,73687,3670,77357,1405
2021-06-21,San Luis Obispo,079,281455,21442,21316,761,22077,257
2021-06-21,San Mateo,081,765935,42725,42685,482,43167,542
2021-06-21,Santa Barbara,083,443738,35152,34492,1210,35702,455
2021-06-21,Santa Clara,085,1922200,119385,120192,789,120981,2093
2021-06-21,Santa Cruz,087,273765,16311,16212,821,17033,208
2021-06-21,Shasta,089,179085,12592,12617,1645,14262,201
2021-06-21,Sierra,091,2930,62,57,12,69,0
2021-06-21,Siskiyou,093,43540,1960,1892,371,2263,27
2021-06-21,Solano,095,438530,33376,33383,571,33954,266
2021-06-21,Sonoma,097,501317,30858,30912,362,31274,314
2021-06-21,Stanislaus,099,539301,57162,56891,6049,62940,1017
2021-06-21,Sutter,101,95872,9655,9649,92,9741,113
2021-06-21,Tehama,103,63373,5137,5115,592,5707,63
2021-06-21,Trinity,105,12862,492,337,97,434,3
2021-06-21,Tulare,107,460477,50416,49689,9230,58919,849
2021-06-21,Tuolumne,109,53932,4118,4119,39,4158,63
2021-06-21,Ventura,111,848112,81734,81291,3036,84327,1031
2021-06-21,Yolo,113,214977,14146,14165,348,14513,212
2021-06-21,Yuba,115,75493,6203,6172,133,6305,51
2021-06-20,Alameda,001,1643700,89229,89255,2010,91265,1263
2021-06-20,Alpine,003,1148,88,88,0,88,0
2021-06-20,Amador,005,37829,3745,3740,33,3773,46
2021-06-20,Butte,007,227075,12769,12668,1873,14541,194
2021-06-20,Calaveras,009,45235,2193,2193,14,2207,55
2021-06-20,Colusa,011,21464,1965,1970,321,2291,15
2021-06-20,Contra Costa,013,1133247,70776,70401,1325,71726,813
2021-06-20,Del Norte,015,27424,1446,1416,14,1430,8
2021-06-20,El Dorado,017,186661,10422,10372,751,11123,113
2021-06-20,Fresno,019,978130,103411,102947,8818,111765,1724
2021-06-20,Glenn,021,27897,2444,2434,569,3003,19
2021-06-20,Humboldt,023,135768,4482,4472,42,4514,42
2021-06-20,Imperial,025,180216,28756,28855,2809,31664,740
2021-06-20,Inyo,027,18085,1408,1405,12,1417,35
2021-06-20,Kern,029,883053,97837,96985,11158,108143,1342
2021-06-20,Kings,031,150075,23240,23088,1109,24197,245
2021-06-20,Lake,033,64148,3581,3563,13,3576,45
2021-06-20,Lassen,035,31185,5263,5230,117,5347,19
2021-06-20,Los Angeles,037,10098052,1209367,1205874,42150,1248024,24456
2021-06-20,Madera,039,155013,16763,16638,948,17586,240
2021-06-20,Marin,041,260295,14169,14166,270,14436,230
2021-06-20,Mariposa,043,17540,438,439,11,450,5
2021-06-20,Mendocino,045,87422,4150,4080,76,4156,49
2021-06-20,Merced,047,269075,31253,31265,1000,32265,465
2021-06-20,Modoc,049,8938,414,405,147,552,3
2021-06-20,Mono,051,14174,1260,1275,16,1291,3
2021-06-20,Monterey,053,433212,43279,43156,1885,45041,427
2021-06-20,Napa,055,140530,10014,10026,38,10064,80
2021-06-20,Nevada,057,99092,4957,4919,199,5118,72
2021-06-20,Orange,059,3164182,256471,255377,11517,266894,5113
2021-06-20,Placer,061,380077,23724,23562,1552,25114,298
2021-06-20,Plumas,063,18699,715,697,11,708,4
2021-06-20,Riverside,065,2383286,294941,289770,14083,303853,4456
2021-06-20,Sacramento,067,1510023,107914,107700,1855,109555,1669
2021-06-20,San Benito,069,59416,6091,6098,116,6214,63
2021-06-20,San Bernardino,071,2135413,294353,293713,9071,302784,4845
2021-06-20,San Diego,073,3302833,282519,281750,15255,297005,3771
2021-06-20,San Francisco,075,870044,37046,37269,1324,38593,556
2021-06-20,San Joaquin,077,732212,73922,73676,3661,77337,1405
2021-06-20,San Luis Obispo,079,281455,21440,21313,761,22074,257
2021-06-20,San Mateo,081,765935,42696,42681,482,43163,542
2021-06-20,Santa Barbara,083,443738,35143,34487,1210,35697,455
2021-06-20,Santa Clara,085,1922200,119350,120163,789,120952,2093
2021-06-20,Santa Cruz,087,273765,16306,16210,821,17031,208
2021-06-20,Shasta,089,179085,12587,12617,1643,14260,201
2021-06-20,Sierra,091,2930,62,57,12,69,0
2021-06-20,Siskiyou,093,43540,1959,1891,371,2262,27
2021-06-20,Solano,095,438530,33354,33361,569,33930,266
2021-06-20,Sonoma,097,501317,30811,30884,359,31243,314
2021-06-20,Stanislaus,099,539301,57128,56868,6048,62916,1017
2021-06-20,Sutter,101,95872,9652,9645,92,9737,113
2021-06-20,Tehama,103,63373,5133,5115,592,5707,63
2021-06-20,Trinity,105,12862,492,337,97,434,3
2021-06-20,Tulare,107,460477,50407,49685,9228,58913,849
2021-06-20,Tuolumne,109,53932,4115,4117,39,4156,63
2021-06-20,Ventura,111,848112,81718,81282,3034,84316,1031
2021-06-20,Yolo,113,214977,14139,14160,348,14508,212
2021-06-20,Yuba,115,75493,6196,6167,133,6300,51
2021-06-19,Alameda,001,1643700,89196,89202,2010,91212,1263
2021-06-19,Alpine,003,1148,88,88,0,88,0
2021-06-19,Amador,005,37829,3743,3739,33,3772,46
2021-06-19,Butte,007,227075,12765,12659,1873,14532,194
2021-06-19,Calaveras,009,45235,2193,2192,14,2206,55
2021-06-19,Colusa,011,21464,1965,1969,321,2290,15
2021-06-19,Contra Costa,013,1133247,70745,70334,1324,71658,813
2021-06-19,Del Norte,015,27424,1445,1416,14,1430,8
2021-06-19,El Dorado,017,186661,10421,10363,750,11113,113
2021-06-19,Fresno,019,978130,103398,102922,8815,111737,1724
2021-06-19,Glenn,021,27897,2443,2434,568,3002,19
2021-06-19,Humboldt,023,135768,4471,4463,42,4505,42
2021-06-19,Imperial,025,180216,28755,28813,2809,31622,740
2021-06-19,Inyo,027,18085,1408,1405,12,1417,35
2021-06-19,Kern,029,883053,97821,96966,11154,108120,1342
2021-06-19,Kings,031,150075,23237,23086,1109,24195,245
2021-06-19,Lake,033,64148,3577,3563,13,3576,45
2021-06-19,Lassen,035,31185,5262,5225,117,5342,19
2021-06-19,Los Angeles,037,10098052,1209169,1205602,42136,1247738,24454
2021-06-19,Madera,039,155013,16761,16632,948,17580,240
2021-06-19,Marin,041,260295,14161,14152,270,14422,230
2021-06-19,Mariposa,043,17540,438,439,11,450,5
2021-06-19,Mendocino,045,87422,4144,4077,76,4153,49
2021-06-19,Merced,047,269075,31251,31256,1000,32256,465
2021-06-19,Modoc,049,8938,413,402,147,549,3
2021-06-19,Mono,051,14174,1260,1275,16,1291,3
2021-06-19,Monterey,053,433212,43273,43153,1885,45038,427
2021-06-19,Napa,055,140530,10010,10025,38,10063,80
2021-06-19,Nevada,057,99092,4952,4910,199,5109,72
2021-06-19,Orange,059,3164182,256424,255329,11514,266843,5112
2021-06-19,Placer,061,380077,23708,23537,1549,25086,298
2021-06-19,Plumas,063,18699,714,697,11,708,4
2021-06-19,Riverside,065,2383286,294895,289720,14083,303803,4456
2021-06-19,Sacramento,067,1510023,107868,107631,1852,109483,1669
2021-06-19,San Benito,069,59416,6090,6098,116,6214,63
2021-06-19,San Bernardino,071,2135413,294309,293673,9068,302741,4844
2021-06-19,San Diego,073,3302833,282459,281682,15241,296923,3771
2021-06-19,San Francisco,075,870044,37033,37256,1324,38580,556
2021-06-19,San Joaquin,077,732212,73906,73652,3657,77309,1405
2021-06-19,San Luis Obispo,079,281455,21438,21308,761,22069,257
2021-06-19,San Mateo,081,765935,42678,42646,480,43126,542
2021-06-19,Santa Barbara,083,443738,35141,34472,1210,35682,455
2021-06-19,Santa Clara,085,1922200,119327,120110,788,120898,2093
2021-06-19,Santa Cruz,087,273765,16301,16206,821,17027,208
2021-06-19,Shasta,089,179085,12585,12615,1642,14257,201
2021-06-19,Sierra,091,2930,62,57,12,69,0
2021-06-19,Siskiyou,093,43540,1959,1891,370,2261,27
2021-06-19,Solano,095,438530,33344,33341,568,33909,266
2021-06-19,Sonoma,097,501317,30770,30841,358,31199,314
2021-06-19,Stanislaus,099,539301,57109,56847,6045,62892,1017
2021-06-19,Sutter,101,95872,9649,9645,92,9737,113
2021-06-19,Tehama,103,63373,5132,5115,592,5707,63
2021-06-19,Trinity,105,12862,492,337,97,434,3
2021-06-19,Tulare,107,460477,50400,49681,9223,58904,849
2021-06-19,Tuolumne,109,53932,4115,4117,39,4156,63
2021-06-19,Ventura,111,848112,81705,81270,3033,84303,1031
2021-06-19,Yolo,113,214977,14135,14156,347,14503,212
2021-06-19,Yuba,115,75493,6195,6157,133,6290,51
2021-06-18,Alameda,001,1643700,89159,89123,2010,91133,1263
2021-06-18,Alpine,003,1148,88,88,0,88,0
2021-06-18,Amador,005,37829,3743,3739,33,3772,46
2021-06-18,Butte,007,227075,12762,12653,1870,14523,194
2021-06-18,Calaveras,009,45235,2193,2191,14,2205,55
2021-06-18,Colusa,011,21464,1964,1969,321,2290,15
2021-06-18,Contra Costa,013,1133247,70703,70271,1322,71593,813
2021-06-18,Del Norte,015,27424,1445,1415,14,1429,8
2021-06-18,El Dorado,017,186661,10418,10348,748,11096,113
2021-06-18,Fresno,019,978130,103382,102894,8813,111707,1722
2021-06-18,Glenn,021,27897,2442,2430,568,2998,19
2021-06-18,Humboldt,023,135768,4463,4450,42,4492,42
2021-06-18,Imperial,025,180216,28753,28809,2809,31618,740
2021-06-18,Inyo,027,18085,1408,1405,12,1417,35
2021-06-18,Kern,029,883053,97810,96948,11148,108096,1341
2021-06-18,Kings,031,150075,23232,23082,1109,24191,245
2021-06-18,Lake,033,64148,3573,3563,13,3576,45
2021-06-18,Lassen,035,31185,5261,5224,117,5341,19
2021-06-18,Los Angeles,037,10098052,1209013,1205472,42119,1247591,24451
2021-06-18,Madera,039,155013,16755,16625,948,17573,241
2021-06-18,Marin,041,260295,14158,14147,270,14417,230
2021-06-18,Mariposa,043,17540,438,439,11,450,5
2021-06-18,Mendocino,045,87422,4139,4068,76,4144,49
2021-06-18,Merced,047,269075,31249,31262,1000,32262,464
2021-06-18,Modoc,049,8938,413,402,147,549,3
2021-06-18,Mono,051,14174,1259,1275,15,1290,3
2021-06-18,Monterey,053,433212,43270,43148,1885,45033,427
2021-06-18,Napa,055,140530,10006,10021,38,10059,80
2021-06-18,Nevada,057,99092,4944,4903,199,5102,72
2021-06-18,Orange,059,3164182,256386,255274,11511,266785,5108
2021-06-18,Placer,061,380077,23700,23500,1546,25046,298
2021-06-18,Plumas,063,18699,714,697,11,708,4
2021-06-18,Riverside,065,2383286,294847,289676,14082,303758,4457
2021-06-18,Sacramento,067,1510023,107820,107570,1852,109422,1669
2021-06-18,San Benito,069,59416,6089,6097,116,6213,63
2021-06-18,San Bernardino,071,2135413,294264,293629,9064,302693,4826
2021-06-18,San Diego,073,3302833,282383,281608,15230,296838,3771
2021-06-18,San Francisco,075,870044,37024,37246,1324,38570,556
2021-06-18,San Joaquin,077,732212,73888,73623,3655,77278,1403
2021-06-18,San Luis Obispo,079,281455,21434,21301,760,22061,257
2021-06-18,San Mateo,081,765935,42667,42630,479,43109,542
2021-06-18,Santa Barbara,083,443738,35130,34469,1210,35679,455
2021-06-18,Santa Clara,085,1922200,119306,120081,787,120868,2093
2021-06-18,Santa Cruz,087,273765,16297,16202,821,17023,208
2021-06-18,Shasta,089,179085,12581,12607,1640,14247,201
2021-06-18,Sierra,091,2930,61,57,12,69,0
2021-06-18,Siskiyou,093,43540,1959,1890,370,2260,27
2021-06-18,Solano,095,438530,33330,33323,568,33891,266
2021-06-18,Sonoma,097,501317,30752,30816,357,31173,313
2021-06-18,Stanislaus,099,539301,57094,56803,6043,62846,1012
2021-06-18,Sutter,101,95872,9646,9643,92,9735,113
2021-06-18,Tehama,103,63373,5130,5114,592,5706,63
2021-06-18,Trinity,105,12862,492,337,96,433,3
2021-06-18,Tulare,107,460477,50398,49664,9216,58880,849
2021-06-18,Tuolumne,109,53932,4113,4116,39,4155,63
2021-06-18,Ventura,111,848112,81695,81256,3028,84284,1031
2021-06-18,Yolo,113,214977,14132,14148,345,14493,212
2021-06-18,Yuba,115,75493,6189,6150,133,6283,51
2021-06-17,Alameda,001,1643700,89113,89087,2010,91097,1262
2021-06-17,Alpine,003,1148,88,88,0,88,0
2021-06-17,Amador,005,37829,3741,3731,33,3764,46
2021-06-17,Butte,007,227075,12752,12644,1869,14513,194
2021-06-17,Calaveras,009,45235,2192,2189,14,2203,55
2021-06-17,Colusa,011,21464,1963,1969,321,2290,15
2021-06-17,Contra Costa,013,1133247,70664,70190,1319,71509,810
2021-06-17,Del Norte,015,27424,1443,1413,14,1427,8
2021-06-17,El Dorado,017,186661,10408,10341,748,11089,113
2021-06-17,Fresno,019,978130,103356,102867,8809,111676,1722
2021-06-17,Glenn,021,27897,2442,2430,568,2998,19
2021-06-17,Humboldt,023,135768,4454,4438,42,4480,42
2021-06-17,Imperial,025,180216,28745,28801,2809,31610,741
2021-06-17,Inyo,027,18085,1408,1405,12,1417,35
2021-06-17,Kern,029,883053,97795,96840,11142,107982,1340
2021-06-17,Kings,031,150075,23228,23078,1108,24186,245
2021-06-17,Lake,033,64148,3570,3563,9,3572,45
2021-06-17,Lassen,035,31185,5257,5223,117,5340,19
2021-06-17,Los Angeles,037,10098052,1208802,1205301,42090,1247391,24444
2021-06-17,Madera,039,155013,16750,16618,948,17566,241
2021-06-17,Marin,041,260295,14158,14141,270,14411,229
2021-06-17,Mariposa,043,17540,438,439,11,450,5
2021-06-17,Mendocino,045,87422,4132,4054,76,4130,49
2021-06-17,Merced,047,269075,31244,31262,1000,32262,464
2021-06-17,Modoc,049,8938,412,401,147,548,3
2021-06-17,Mono,051,14174,1258,1275,15,1290,3
2021-06-17,Monterey,053,433212,43262,43140,1885,45025,416
2021-06-17,Napa,055,140530,10006,10014,38,10052,80
2021-06-17,Nevada,057,99092,4940,4898,199,5097,72
2021-06-17,Orange,059,3164182,256340,255240,11500,266740,5109
2021-06-17,Placer,061,380077,23684,23461,1544,25005,298
2021-06-17,Plumas,063,18699,713,697,11,708,4
2021-06-17,Riverside,065,2383286,294793,289627,14080,303707,4458
2021-06-17,Sacramento,067,1510023,107756,107492,1850,109342,1666
2021-06-17,San Benito,069,59416,6089,6097,116,6213,63
2021-06-17,San Bernardino,071,2135413,294224,293560,9064,302624,4811
2021-06-17,San Diego,073,3302833,282307,281531,15216,296747,3771
2021-06-17,San Francisco,075,870044,37013,37243,1323,38566,556
2021-06-17,San Joaquin,077,732212,73864,73560,3650,77210,1403
2021-06-17,San Luis Obispo,079,281455,21432,21297,760,22057,257
2021-06-17,San Mateo,081,765935,42661,42615,479,43094,542
2021-06-17,Santa Barbara,083,443738,35124,34466,1210,35676,453
2021-06-17,Santa Clara,085,1922200,119281,120032,786,120818,2093
2021-06-17,Santa Cruz,087,273765,16293,16197,821,17018,208
2021-06-17,Shasta,089,179085,12573,12597,1640,14237,201
2021-06-17,Sierra,091,2930,61,56,12,68,0
2021-06-17,Siskiyou,093,43540,1958,1889,370,2259,27
2021-06-17,Solano,095,438530,33309,33296,567,33863,266
2021-06-17,Sonoma,097,501317,30721,30793,357,31150,323
2021-06-17,Stanislaus,099,539301,57063,56752,6037,62789,1012
2021-06-17,Sutter,101,95872,9643,9629,92,9721,113
2021-06-17,Tehama,103,63373,5129,5112,590,5702,63
2021-06-17,Trinity,105,12862,491,337,96,433,3
2021-06-17,Tulare,107,460477,50393,49649,9208,58857,849
2021-06-17,Tuolumne,109,53932,4112,4116,39,4155,63
2021-06-17,Ventura,111,848112,81686,81248,3025,84273,1030
2021-06-17,Yolo,113,214977,14124,14141,345,14486,212
2021-06-17,Yuba,115,75493,6180,6140,133,6273,51
2021-06-16,Alameda,001,1643700,89062,89045,2006,91051,1265
2021-06-16,Alpine,003,1148,88,88,0,88,0
2021-06-16,Amador,005,37829,3740,3730,33,3763,46
2021-06-16,Butte,007,227075,12750,12635,1867,14502,194
2021-06-16,Calaveras,009,45235,2190,2188,14,2202,55
2021-06-16,Colusa,011,21464,1963,1967,321,2288,15
2021-06-16,Contra Costa,013,1133247,70612,70136,1318,71454,810
2021-06-16,Del Norte,015,27424,1440,1413,14,1427,8
2021-06-16,El Dorado,017,186661,10402,10334,747,11081,113
2021-06-16,Fresno,019,978130,103326,102842,8805,111647,1722
2021-06-16,Glenn,021,27897,2442,2430,568,2998,19
2021-06-16,Humboldt,023,135768,4445,4427,41,4468,42
2021-06-16,Imperial,025,180216,28742,28796,2809,31605,741
2021-06-16,Inyo,027,18085,1407,1405,12,1417,35
2021-06-16,Kern,029,883053,97773,96789,11134,107923,1339
2021-06-16,Kings,031,150075,23227,23072,1107,24179,245
2021-06-16,Lake,033,64148,3570,3562,9,3571,45
2021-06-16,Lassen,035,31185,5254,5216,117,5333,19
2021-06-16,Los Angeles,037,10098052,1208579,1205102,42079,1247181,24439
2021-06-16,Madera,039,155013,16746,16603,948,17551,240
2021-06-16,Marin,041,260295,14156,14137,270,14407,229
2021-06-16,Mariposa,043,17540,438,437,11,448,5
2021-06-16,Mendocino,045,87422,4124,4041,76,4117,49
2021-06-16,Merced,047,269075,31236,31250,1000,32250,463
2021-06-16,Modoc,049,8938,411,383,146,529,3
2021-06-16,Mono,051,14174,1258,1275,15,1290,3
2021-06-16,Monterey,053,433212,43259,43122,1885,45007,416
2021-06-16,Napa,055,140530,10002,10011,38,10049,80
2021-06-16,Nevada,057,99092,4935,4894,199,5093,72
2021-06-16,Orange,059,3164182,256287,255188,11493,266681,5109
2021-06-16,Placer,061,380077,23674,23425,1540,24965,298
2021-06-16,Plumas,063,18699,713,697,11,708,4
2021-06-16,Riverside,065,2383286,294732,289539,14078,303617,4457
2021-06-16,Sacramento,067,1510023,107686,107422,1846,109268,1665
2021-06-16,San Benito,069,59416,6089,6090,116,6206,63
2021-06-16,San Bernardino,071,2135413,294175,293499,9062,302561,4797
2021-06-16,San Diego,073,3302833,282229,281423,15203,296626,3770
2021-06-16,San Francisco,075,870044,37000,37222,1321,38543,555
2021-06-16,San Joaquin,077,732212,73827,73530,3646,77176,1399
2021-06-16,San Luis Obispo,079,281455,21427,21294,760,22054,257
2021-06-16,San Mateo,081,765935,42645,42601,479,43080,542
2021-06-16,Santa Barbara,083,443738,35118,34459,1210,35669,460
2021-06-16,Santa Clara,085,1922200,119249,119982,786,120768,2087
2021-06-16,Santa Cruz,087,273765,16290,16187,821,17008,208
2021-06-16,Shasta,089,179085,12568,12592,1639,14231,200
2021-06-16,Sierra,091,2930,61,56,12,68,0
2021-06-16,Siskiyou,093,43540,1957,1886,370,2256,26
2021-06-16,Solano,095,438530,33281,33276,567,33843,266
2021-06-16,Sonoma,097,501317,30685,30741,357,31098,323
2021-06-16,Stanislaus,099,539301,57032,56738,6035,62773,984
2021-06-16,Sutter,101,95872,9639,9620,92,9712,113
2021-06-16,Tehama,103,63373,5127,5106,590,5696,63
2021-06-16,Trinity,105,12862,490,332,96,428,3
2021-06-16,Tulare,107,460477,50388,49578,9204,58782,849
2021-06-16,Tuolumne,109,53932,4112,4110,39,4149,63
2021-06-16,Ventura,111,848112,81672,81229,3023,84252,1029
2021-06-16,Yolo,113,214977,14115,14135,344,14479,212
2021-06-16,Yuba,115,75493,6170,6134,133,6267,51
2021-06-15,Alameda,001,1643700,89019,89008,2006,91014,1262
2021-06-15,Alpine,003,1148,88,88,0,88,0
2021-06-15,Amador,005,37829,3737,3723,33,3756,46
2021-06-15,Butte,007,227075,12742,12620,1866,14486,194
2021-06-15,Calaveras,009,45235,2188,2188,14,2202,55
2021-06-15,Colusa,011,21464,1963,1967,319,2286,15
2021-06-15,Contra Costa,013,1133247,70550,70101,1318,71419,810
2021-06-15,Del Norte,015,27424,1439,1411,14,1425,8
2021-06-15,El Dorado,017,186661,10393,10330,747,11077,113
2021-06-15,Fresno,019,978130,103295,102828,8804,111632,1722
2021-06-15,Glenn,021,27897,2441,2426,568,2994,19
2021-06-15,Humboldt,023,135768,4436,4414,40,4454,42
2021-06-15,Imperial,025,180216,28736,28789,2809,31598,741
2021-06-15,Inyo,027,18085,1407,1405,12,1417,35
2021-06-15,Kern,029,883053,97745,96782,11126,107908,1338
2021-06-15,Kings,031,150075,23221,23070,1105,24175,245
2021-06-15,Lake,033,64148,3569,3559,9,3568,45
2021-06-15,Lassen,035,31185,5253,5211,117,5328,19
2021-06-15,Los Angeles,037,10098052,1208350,1204926,42071,1246997,24435
2021-06-15,Madera,039,155013,16739,16600,947,17547,240
2021-06-15,Marin,041,260295,14148,14135,270,14405,229
2021-06-15,Mariposa,043,17540,438,437,11,448,5
2021-06-15,Mendocino,045,87422,4117,4034,76,4110,49
2021-06-15,Merced,047,269075,31230,31244,1000,32244,461
2021-06-15,Modoc,049,8938,410,383,146,529,3
2021-06-15,Mono,051,14174,1258,1275,15,1290,3
2021-06-15,Monterey,053,433212,43253,43118,1885,45003,416
2021-06-15,Napa,055,140530,10000,10010,38,10048,80
2021-06-15,Nevada,057,99092,4932,4888,199,5087,72
2021-06-15,Orange,059,3164182,256248,255127,11484,266611,5105
2021-06-15,Placer,061,380077,23652,23396,1539,24935,298
2021-06-15,Plumas,063,18699,712,697,11,708,4
2021-06-15,Riverside,065,2383286,294672,289508,14074,303582,4455
2021-06-15,Sacramento,067,1510023,107611,107370,1840,109210,1662
2021-06-15,San Benito,069,59416,6088,6089,116,6205,63
2021-06-15,San Bernardino,071,2135413,294125,293463,9056,302519,4790
2021-06-15,San Diego,073,3302833,282145,281375,15188,296563,3770
2021-06-15,San Francisco,075,870044,36991,37210,1320,38530,555
2021-06-15,San Joaquin,077,732212,73787,73494,3641,77135,1399
2021-06-15,San Luis Obispo,079,281455,21422,21293,759,22052,257
2021-06-15,San Mateo,081,765935,42632,42593,479,43072,543
2021-06-15,Santa Barbara,083,443738,35113,34451,1210,35661,460
2021-06-15,Santa Clara,085,1922200,119211,119963,786,120749,2086
2021-06-15,Santa Cruz,087,273765,16283,16180,820,17000,208
2021-06-15,Shasta,089,179085,12562,12583,1639,14222,201
2021-06-15,Sierra,091,2930,60,55,12,67,0
2021-06-15,Siskiyou,093,43540,1956,1887,370,2257,26
2021-06-15,Solano,095,438530,33262,33264,567,33831,266
2021-06-15,Sonoma,097,501317,30646,30707,356,31063,323
2021-06-15,Stanislaus,099,539301,57003,56724,6031,62755,979
2021-06-15,Sutter,101,95872,9630,9616,92,9708,113
2021-06-15,Tehama,103,63373,5125,5102,590,5692,63
2021-06-15,Trinity,105,12862,489,332,96,428,3
2021-06-15,Tulare,107,460477,50381,49561,9201,58762,848
2021-06-15,Tuolumne,109,53932,4112,4111,39,4150,63
2021-06-15,Ventura,111,848112,81661,81215,3020,84235,1029
2021-06-15,Yolo,113,214977,14111,14127,342,14469,212
2021-06-15,Yuba,115,75493,6159,6130,133,6263,51
2021-06-14,Alameda,001,1643700,88969,88966,2005,90971,1264
2021-06-14,Alpine,003,1148,88,88,0,88,0
2021-06-14,Amador,005,37829,3736,3722,33,3755,46
2021-06-14,Butte,007,227075,12731,12613,1862,14475,194
2021-06-14,Calaveras,009,45235,2186,2190,14,2204,55
2021-06-14,Colusa,011,21464,1962,1966,319,2285,15
2021-06-14,Contra Costa,013,1133247,70497,70069,1316,71385,810
2021-06-14,Del Norte,015,27424,1439,1411,14,1425,8
2021-06-14,El Dorado,017,186661,10384,10327,746,11073,113
2021-06-14,Fresno,019,978130,103273,102812,8802,111614,1719
2021-06-14,Glenn,021,27897,2441,2426,568,2994,19
2021-06-14,Humboldt,023,135768,4428,4407,39,4446,42
2021-06-14,Imperial,025,180216,28724,28836,2809,31645,741
2021-06-14,Inyo,027,18085,1406,1405,12,1417,35
2021-06-14,Kern,029,883053,97725,96760,11116,107876,1337
2021-06-14,Kings,031,150075,23218,23071,1104,24175,245
2021-06-14,Lake,033,64148,3568,3557,9,3566,45
2021-06-14,Lassen,035,31185,5250,5209,116,5325,19
2021-06-14,Los Angeles,037,10098052,1208116,1204748,42061,1246809,24434
2021-06-14,Madera,039,155013,16733,16597,946,17543,240
2021-06-14,Marin,041,260295,14146,14133,270,14403,229
2021-06-14,Mariposa,043,17540,437,437,11,448,5
2021-06-14,Mendocino,045,87422,4111,4028,76,4104,49
2021-06-14,Merced,047,269075,31221,31241,999,32240,461
2021-06-14,Modoc,049,8938,401,382,144,526,3
2021-06-14,Mono,051,14174,1258,1275,15,1290,3
2021-06-14,Monterey,053,433212,43250,43110,1885,44995,415
2021-06-14,Napa,055,140530,9996,10000,38,10038,80
2021-06-14,Nevada,057,99092,4925,4885,199,5084,72
2021-06-14,Orange,059,3164182,256210,255069,11480,266549,5103
2021-06-14,Placer,061,380077,23627,23379,1538,24917,298
2021-06-14,Plumas,063,18699,712,696,11,707,4
2021-06-14,Riverside,065,2383286,294618,289476,14074,303550,4453
2021-06-14,Sacramento,067,1510023,107557,107334,1835,109169,1661
2021-06-14,San Benito,069,59416,6088,6087,116,6203,63
2021-06-14,San Bernardino,071,2135413,294069,293446,9052,302498,4790
2021-06-14,San Diego,073,3302833,282039,281314,15168,296482,3770
2021-06-14,San Francisco,075,870044,36978,37206,1320,38526,555
2021-06-14,San Joaquin,077,732212,73758,73453,3641,77094,1398
2021-06-14,San Luis Obispo,079,281455,21420,21302,759,22061,256
2021-06-14,San Mateo,081,765935,42618,42619,478,43097,543
2021-06-14,Santa Barbara,083,443738,35110,34449,1210,35659,460
2021-06-14,Santa Clara,085,1922200,119180,119957,785,120742,2085
2021-06-14,Santa Cruz,087,273765,16281,16175,820,16995,208
2021-06-14,Shasta,089,179085,12551,12561,1636,14197,201
2021-06-14,Sierra,091,2930,59,55,12,67,0
2021-06-14,Siskiyou,093,43540,1956,1886,370,2256,26
2021-06-14,Solano,095,438530,33245,33243,566,33809,266
2021-06-14,Sonoma,097,501317,30614,30679,355,31034,323
2021-06-14,Stanislaus,099,539301,56966,56689,6028,62717,975
2021-06-14,Sutter,101,95872,9627,9607,92,9699,112
2021-06-14,Tehama,103,63373,5123,5102,590,5692,63
2021-06-14,Trinity,105,12862,489,332,96,428,3
2021-06-14,Tulare,107,460477,50376,49538,9198,58736,848
2021-06-14,Tuolumne,109,53932,4109,4108,39,4147,63
2021-06-14,Ventura,111,848112,81651,81209,3020,84229,1028
2021-06-14,Yolo,113,214977,14103,14123,342,14465,212
2021-06-14,Yuba,115,75493,6152,6127,133,6260,50
2021-06-13,Alameda,001,1643700,88913,88947,2003,90950,1264
2021-06-13,Alpine,003,1148,87,88,0,88,0
2021-06-13,Amador,005,37829,3732,3721,33,3754,46
2021-06-13,Butte,007,227075,12720,12586,1859,14445,194
2021-06-13,Calaveras,009,45235,2186,2189,14,2203,55
2021-06-13,Colusa,011,21464,1962,1965,318,2283,15
2021-06-13,Contra Costa,013,1133247,70443,70040,1314,71354,810
2021-06-13,Del Norte,015,27424,1437,1412,14,1426,8
2021-06-13,El Dorado,017,186661,10375,10324,746,11070,113
2021-06-13,Fresno,019,978130,103242,102795,8797,111592,1719
2021-06-13,Glenn,021,27897,2440,2425,566,2991,19
2021-06-13,Humboldt,023,135768,4415,4401,39,4440,42
2021-06-13,Imperial,025,180216,28715,28800,2809,31609,741
2021-06-13,Inyo,027,18085,1406,1405,12,1417,35
2021-06-13,Kern,029,883053,97701,96743,11104,107847,1337
2021-06-13,Kings,031,150075,23213,23069,1103,24172,245
2021-06-13,Lake,033,64148,3568,3556,9,3565,45
2021-06-13,Lassen,035,31185,5245,5209,116,5325,19
2021-06-13,Los Angeles,037,10098052,1207855,1204614,42048,1246662,24433
2021-06-13,Madera,039,155013,16719,16590,946,17536,240
2021-06-13,Marin,041,260295,14140,14126,270,14396,229
2021-06-13,Mariposa,043,17540,437,434,11,445,5
2021-06-13,Mendocino,045,87422,4104,4026,76,4102,49
2021-06-13,Merced,047,269075,31215,31240,998,32238,461
2021-06-13,Modoc,049,8938,399,382,142,524,3
2021-06-13,Mono,051,14174,1258,1275,15,1290,3
2021-06-13,Monterey,053,433212,43242,43108,1885,44993,415
2021-06-13,Napa,055,140530,9990,9995,38,10033,80
2021-06-13,Nevada,057,99092,4920,4883,199,5082,72
2021-06-13,Orange,059,3164182,256154,255043,11478,266521,5103
2021-06-13,Placer,061,380077,23601,23365,1536,24901,295
2021-06-13,Plumas,063,18699,711,696,11,707,4
2021-06-13,Riverside,065,2383286,294551,289447,14071,303518,4453
2021-06-13,Sacramento,067,1510023,107481,107289,1832,109121,1658
2021-06-13,San Benito,069,59416,6088,6086,116,6202,63
2021-06-13,San Bernardino,071,2135413,294018,293416,9047,302463,4788
2021-06-13,San Diego,073,3302833,281960,281268,15152,296420,3770
2021-06-13,San Francisco,075,870044,36967,37197,1320,38517,555
2021-06-13,San Joaquin,077,732212,73724,73438,3639,77077,1398
2021-06-13,San Luis Obispo,079,281455,21414,21298,758,22056,256
2021-06-13,San Mateo,081,765935,42605,42611,478,43089,542
2021-06-13,Santa Barbara,083,443738,35099,34449,1209,35658,460
2021-06-13,Santa Clara,085,1922200,119156,119946,785,120731,2085
2021-06-13,Santa Cruz,087,273765,16274,16172,820,16992,208
2021-06-13,Shasta,089,179085,12542,12560,1635,14195,201
2021-06-13,Sierra,091,2930,59,55,12,67,0
2021-06-13,Siskiyou,093,43540,1955,1885,370,2255,26
2021-06-13,Solano,095,438530,33223,33234,566,33800,266
2021-06-13,Sonoma,097,501317,30579,30663,353,31016,323
2021-06-13,Stanislaus,099,539301,56939,56671,6027,62698,975
2021-06-13,Sutter,101,95872,9620,9603,92,9695,112
2021-06-13,Tehama,103,63373,5121,5100,590,5690,63
2021-06-13,Trinity,105,12862,488,332,96,428,3
2021-06-13,Tulare,107,460477,50367,49537,9193,58730,848
2021-06-13,Tuolumne,109,53932,4107,4107,38,4145,63
2021-06-13,Ventura,111,848112,81637,81201,3020,84221,1028
2021-06-13,Yolo,113,214977,14096,14120,340,14460,212
2021-06-13,Yuba,115,75493,6145,6125,133,6258,50
2021-06-12,Alameda,001,1643700,88884,88901,2003,90904,1271
2021-06-12,Alpine,003,1148,87,88,0,88,0
2021-06-12,Amador,005,37829,3731,3721,33,3754,46
2021-06-12,Butte,007,227075,12716,12576,1859,14435,194
2021-06-12,Calaveras,009,45235,2186,2189,14,2203,55
2021-06-12,Colusa,011,21464,1962,1965,318,2283,15
2021-06-12,Contra Costa,013,1133247,70412,69989,1311,71300,810
2021-06-12,Del Norte,015,27424,1437,1412,14,1426,8
2021-06-12,El Dorado,017,186661,10370,10320,745,11065,113
2021-06-12,Fresno,019,978130,103232,102783,8796,111579,1720
2021-06-12,Glenn,021,27897,2438,2425,566,2991,19
2021-06-12,Humboldt,023,135768,4407,4396,39,4435,42
2021-06-12,Imperial,025,180216,28712,28799,2809,31608,741
2021-06-12,Inyo,027,18085,1406,1405,12,1417,35
2021-06-12,Kern,029,883053,97686,96731,11100,107831,1337
2021-06-12,Kings,031,150075,23211,23067,1103,24170,245
2021-06-12,Lake,033,64148,3567,3552,9,3561,45
2021-06-12,Lassen,035,31185,5245,5208,116,5324,19
2021-06-12,Los Angeles,037,10098052,1207718,1204439,42041,1246480,24434
2021-06-12,Madera,039,155013,16715,16586,946,17532,240
2021-06-12,Marin,041,260295,14137,14121,270,14391,229
2021-06-12,Mariposa,043,17540,437,434,11,445,5
2021-06-12,Mendocino,045,87422,4101,4024,76,4100,49
2021-06-12,Merced,047,269075,31212,31236,998,32234,461
2021-06-12,Modoc,049,8938,398,382,142,524,3
2021-06-12,Mono,051,14174,1258,1275,15,1290,3
2021-06-12,Monterey,053,433212,43236,43103,1885,44988,415
2021-06-12,Napa,055,140530,9986,9986,38,10024,80
2021-06-12,Nevada,057,99092,4914,4878,199,5077,72
2021-06-12,Orange,059,3164182,256121,255004,11476,266480,5103
2021-06-12,Placer,061,380077,23582,23345,1536,24881,295
2021-06-12,Plumas,063,18699,711,696,11,707,4
2021-06-12,Riverside,065,2383286,294509,289413,14068,303481,4453
2021-06-12,Sacramento,067,1510023,107421,107199,1829,109028,1658
2021-06-12,San Benito,069,59416,6086,6083,116,6199,63
2021-06-12,San Bernardino,071,2135413,293984,293375,9045,302420,4788
2021-06-12,San Diego,073,3302833,281903,281203,15143,296346,3770
2021-06-12,San Francisco,075,870044,36957,37189,1320,38509,555
2021-06-12,San Joaquin,077,732212,73705,73413,3638,77051,1398
2021-06-12,San Luis Obispo,079,281455,21411,21293,758,22051,256
2021-06-12,San Mateo,081,765935,42600,42604,478,43082,542
2021-06-12,Santa Barbara,083,443738,35095,34450,1209,35659,460
2021-06-12,Santa Clara,085,1922200,119116,119894,785,120679,2085
2021-06-12,Santa Cruz,087,273765,16266,16170,820,16990,208
2021-06-12,Shasta,089,179085,12539,12556,1634,14190,201
2021-06-12,Sierra,091,2930,59,55,12,67,0
2021-06-12,Siskiyou,093,43540,1954,1884,370,2254,25
2021-06-12,Solano,095,438530,33214,33219,566,33785,266
2021-06-12,Sonoma,097,501317,30550,30647,353,31000,323
2021-06-12,Stanislaus,099,539301,56922,56649,6026,62675,974
2021-06-12,Sutter,101,95872,9616,9603,92,9695,112
2021-06-12,Tehama,103,63373,5121,5099,589,5688,63
2021-06-12,Trinity,105,12862,488,332,96,428,3
2021-06-12,Tulare,107,460477,50362,49533,9186,58719,848
2021-06-12,Tuolumne,109,53932,4106,4105,38,4143,63
2021-06-12,Ventura,111,848112,81625,81197,3020,84217,1028
2021-06-12,Yolo,113,214977,14093,14118,338,14456,212
2021-06-12,Yuba,115,75493,6140,6120,133,6253,50
2021-06-11,Alameda,001,1643700,88856,88844,2003,90847,1278
2021-06-11,Alpine,003,1148,87,88,0,88,0
2021-06-11,Amador,005,37829,3731,3710,33,3743,46
2021-06-11,Butte,007,227075,12712,12576,1857,14433,194
2021-06-11,Calaveras,009,45235,2186,2188,14,2202,55
2021-06-11,Colusa,011,21464,1961,1964,318,2282,15
2021-06-11,Contra Costa,013,1133247,70379,69940,1309,71249,808
2021-06-11,Del Norte,015,27424,1437,1409,14,1423,8
2021-06-11,El Dorado,017,186661,10367,10316,745,11061,113
2021-06-11,Fresno,019,978130,103214,102770,8795,111565,1720
2021-06-11,Glenn,021,27897,2438,2425,566,2991,19
2021-06-11,Humboldt,023,135768,4403,4389,39,4428,42
2021-06-11,Imperial,025,180216,28707,28793,2809,31602,741
2021-06-11,Inyo,027,18085,1406,1405,12,1417,35
2021-06-11,Kern,029,883053,97674,96718,11096,107814,1340
2021-06-11,Kings,031,150075,23207,23069,1102,24171,245
2021-06-11,Lake,033,64148,3566,3550,9,3559,45
2021-06-11,Lassen,035,31185,5244,5204,116,5320,18
2021-06-11,Los Angeles,037,10098052,1207572,1204259,42027,1246286,24434
2021-06-11,Madera,039,155013,16712,16582,946,17528,240
2021-06-11,Marin,041,260295,14134,14116,270,14386,229
2021-06-11,Mariposa,043,17540,437,434,11,445,5
2021-06-11,Mendocino,045,87422,4098,4022,76,4098,49
2021-06-11,Merced,047,269075,31207,31231,998,32229,461
2021-06-11,Modoc,049,8938,398,382,141,523,3
2021-06-11,Mono,051,14174,1258,1274,15,1289,3
2021-06-11,Monterey,053,433212,43232,43097,1885,44982,415
2021-06-11,Napa,055,140530,9983,9977,38,10015,80
2021-06-11,Nevada,057,99092,4912,4873,199,5072,72
2021-06-11,Orange,059,3164182,256087,254975,11473,266448,5101
2021-06-11,Placer,061,380077,23577,23330,1536,24866,294
2021-06-11,Plumas,063,18699,711,696,11,707,4
2021-06-11,Riverside,065,2383286,294471,289376,14063,303439,4451
2021-06-11,Sacramento,067,1510023,107361,107119,1828,108947,1659
2021-06-11,San Benito,069,59416,6085,6082,116,6198,63
2021-06-11,San Bernardino,071,2135413,293948,293335,9041,302376,4788
2021-06-11,San Diego,073,3302833,281863,281144,15136,296280,3768
2021-06-11,San Francisco,075,870044,36952,37177,1320,38497,555
2021-06-11,San Joaquin,077,732212,73688,73347,3635,76982,1397
2021-06-11,San Luis Obispo,079,281455,21410,21288,758,22046,256
2021-06-11,San Mateo,081,765935,42586,42585,478,43063,542
2021-06-11,Santa Barbara,083,443738,35092,34438,1209,35647,460
2021-06-11,Santa Clara,085,1922200,119096,119860,785,120645,2083
2021-06-11,Santa Cruz,087,273765,16258,16164,820,16984,208
2021-06-11,Shasta,089,179085,12531,12550,1632,14182,201
2021-06-11,Sierra,091,2930,59,55,12,67,0
2021-06-11,Siskiyou,093,43540,1953,1882,370,2252,25
2021-06-11,Solano,095,438530,33194,33179,565,33744,266
2021-06-11,Sonoma,097,501317,30532,30624,353,30977,323
2021-06-11,Stanislaus,099,539301,56896,56617,6022,62639,974
2021-06-11,Sutter,101,95872,9613,9600,91,9691,112
2021-06-11,Tehama,103,63373,5120,5099,589,5688,63
2021-06-11,Trinity,105,12862,488,331,96,427,3
2021-06-11,Tulare,107,460477,50356,49516,9185,58701,848
2021-06-11,Tuolumne,109,53932,4103,4104,38,4142,63
2021-06-11,Ventura,111,848112,81615,81189,3020,84209,1026
2021-06-11,Yolo,113,214977,14086,14111,334,14445,212
2021-06-11,Yuba,115,75493,6136,6113,133,6246,50
2021-06-10,Alameda,001,1643700,88810,88806,2002,90808,1275
2021-06-10,Alpine,003,1148,87,88,0,88,0
2021-06-10,Amador,005,37829,3727,3709,33,3742,46
2021-06-10,Butte,007,227075,12695,12565,1857,14422,194
2021-06-10,Calaveras,009,45235,2185,2188,14,2202,55
2021-06-10,Colusa,011,21464,1959,1964,318,2282,15
2021-06-10,Contra Costa,013,1133247,70325,69876,1309,71185,807
2021-06-10,Del Norte,015,27424,1437,1405,14,1419,8
2021-06-10,El Dorado,017,186661,10360,10314,741,11055,113
2021-06-10,Fresno,019,978130,103189,102724,8794,111518,1717
2021-06-10,Glenn,021,27897,2438,2425,566,2991,19
2021-06-10,Humboldt,023,135768,4395,4384,39,4423,42
2021-06-10,Imperial,025,180216,28701,28779,2809,31588,739
2021-06-10,Inyo,027,18085,1406,1405,12,1417,35
2021-06-10,Kern,029,883053,97660,96706,11091,107797,1336
2021-06-10,Kings,031,150075,23206,23067,1102,24169,245
2021-06-10,Lake,033,64148,3561,3550,9,3559,45
2021-06-10,Lassen,035,31185,5242,5201,116,5317,18
2021-06-10,Los Angeles,037,10098052,1207409,1204110,42010,1246120,24440
2021-06-10,Madera,039,155013,16705,16581,945,17526,240
2021-06-10,Marin,041,260295,14131,14118,270,14388,229
2021-06-10,Mariposa,043,17540,435,434,11,445,5
2021-06-10,Mendocino,045,87422,4093,4016,76,4092,48
2021-06-10,Merced,047,269075,31199,31231,995,32226,461
2021-06-10,Modoc,049,8938,397,381,141,522,3
2021-06-10,Mono,051,14174,1257,1274,15,1289,3
2021-06-10,Monterey,053,433212,43226,43090,1885,44975,415
2021-06-10,Napa,055,140530,9982,9974,38,10012,80
2021-06-10,Nevada,057,99092,4907,4866,199,5065,72
2021-06-10,Orange,059,3164182,256057,254950,11466,266416,5097
2021-06-10,Placer,061,380077,23564,23296,1536,24832,293
2021-06-10,Plumas,063,18699,711,696,11,707,4
2021-06-10,Riverside,065,2383286,294429,289335,14058,303393,4450
2021-06-10,Sacramento,067,1510023,107299,107049,1828,108877,1658
2021-06-10,San Benito,069,59416,6085,6079,116,6195,63
2021-06-10,San Bernardino,071,2135413,293907,293281,9038,302319,4782
2021-06-10,San Diego,073,3302833,281805,281052,15119,296171,3766
2021-06-10,San Francisco,075,870044,36942,37159,1318,38477,552
2021-06-10,San Joaquin,077,732212,73654,73276,3634,76910,1393
2021-06-10,San Luis Obispo,079,281455,21407,21280,758,22038,256
2021-06-10,San Mateo,081,765935,42579,42562,478,43040,666
2021-06-10,Santa Barbara,083,443738,35088,34434,1209,35643,460
2021-06-10,Santa Clara,085,1922200,119061,119832,784,120616,2075
2021-06-10,Santa Cruz,087,273765,16257,16159,820,16979,208
2021-06-10,Shasta,089,179085,12521,12536,1631,14167,201
2021-06-10,Sierra,091,2930,58,55,12,67,0
2021-06-10,Siskiyou,093,43540,1953,1881,370,2251,25
2021-06-10,Solano,095,438530,33177,33150,564,33714,265
2021-06-10,Sonoma,097,501317,30497,30571,351,30922,323
2021-06-10,Stanislaus,099,539301,56875,56588,6018,62606,974
2021-06-10,Sutter,101,95872,9606,9594,91,9685,112
2021-06-10,Tehama,103,63373,5120,5096,589,5685,63
2021-06-10,Trinity,105,12862,488,331,96,427,3
2021-06-10,Tulare,107,460477,50348,49503,9185,58688,848
2021-06-10,Tuolumne,109,53932,4103,4100,38,4138,63
2021-06-10,Ventura,111,848112,81604,81172,3019,84191,1026
2021-06-10,Yolo,113,214977,14083,14107,334,14441,212
2021-06-10,Yuba,115,75493,6132,6112,133,6245,50
2021-06-09,Alameda,001,1643700,88764,88762,2000,90762,1271
2021-06-09,Alpine,003,1148,87,88,0,88,0
2021-06-09,Amador,005,37829,3723,3706,33,3739,46
2021-06-09,Butte,007,227075,12689,12555,1855,14410,194
2021-06-09,Calaveras,009,45235,2183,2184,14,2198,55
2021-06-09,Colusa,011,21464,1959,1962,317,2279,15
2021-06-09,Contra Costa,013,1133247,70288,69829,1308,71137,803
2021-06-09,Del Norte,015,27424,1433,1403,14,1417,8
2021-06-09,El Dorado,017,186661,10357,10312,740,11052,113
2021-06-09,Fresno,019,978130,103169,102690,8790,111480,1717
2021-06-09,Glenn,021,27897,2437,2424,566,2990,19
2021-06-09,Humboldt,023,135768,4390,4379,38,4417,42
2021-06-09,Imperial,025,180216,28698,28754,2809,31563,739
2021-06-09,Inyo,027,18085,1406,1405,12,1417,35
2021-06-09,Kern,029,883053,97646,96697,11082,107779,1328
2021-06-09,Kings,031,150075,23204,23061,1102,24163,245
2021-06-09,Lake,033,64148,3558,3541,9,3550,45
2021-06-09,Lassen,035,31185,5241,5200,116,5316,18
2021-06-09,Los Angeles,037,10098052,1207225,1203955,41999,1245954,24432
2021-06-09,Madera,039,155013,16700,16580,945,17525,240
2021-06-09,Marin,041,260295,14126,14114,270,14384,229
2021-06-09,Mariposa,043,17540,435,434,11,445,5
2021-06-09,Mendocino,045,87422,4087,4008,76,4084,47
2021-06-09,Merced,047,269075,31195,31225,995,32220,461
2021-06-09,Modoc,049,8938,395,377,140,517,3
2021-06-09,Mono,051,14174,1257,1274,15,1289,3
2021-06-09,Monterey,053,433212,43219,43082,1885,44967,415
2021-06-09,Napa,055,140530,9976,9971,38,10009,80
2021-06-09,Nevada,057,99092,4897,4863,198,5061,72
2021-06-09,Orange,059,3164182,256012,254893,11462,266355,5080
2021-06-09,Placer,061,380077,23545,23237,1536,24773,293
2021-06-09,Plumas,063,18699,710,697,11,708,4
2021-06-09,Riverside,065,2383286,294383,289299,14056,303355,4450
2021-06-09,Sacramento,067,1510023,107237,106971,1825,108796,1657
2021-06-09,San Benito,069,59416,6082,6078,116,6194,63
2021-06-09,San Bernardino,071,2135413,293865,293222,9038,302260,4782
2021-06-09,San Diego,073,3302833,281740,280941,15107,296048,3765
2021-06-09,San Francisco,075,870044,36929,37143,1317,38460,552
2021-06-09,San Joaquin,077,732212,73628,73232,3633,76865,1392
2021-06-09,San Luis Obispo,079,281455,21406,21259,758,22017,256
2021-06-09,San Mateo,081,765935,42563,42502,477,42979,666
2021-06-09,Santa Barbara,083,443738,35077,34422,1209,35631,460
2021-06-09,Santa Clara,085,1922200,119023,119793,783,120576,2068
2021-06-09,Santa Cruz,087,273765,16254,16155,820,16975,208
2021-06-09,Shasta,089,179085,12511,12521,1629,14150,201
2021-06-09,Sierra,091,2930,57,55,12,67,0
2021-06-09,Siskiyou,093,43540,1952,1871,370,2241,25
2021-06-09,Solano,095,438530,33161,33137,563,33700,264
2021-06-09,Sonoma,097,501317,30475,30540,351,30891,323
2021-06-09,Stanislaus,099,539301,56855,56560,6015,62575,974
2021-06-09,Sutter,101,95872,9597,9586,90,9676,111
2021-06-09,Tehama,103,63373,5119,5093,589,5682,63
2021-06-09,Trinity,105,12862,487,331,96,427,3
2021-06-09,Tulare,107,460477,50344,49496,9183,58679,847
2021-06-09,Tuolumne,109,53932,4100,4100,38,4138,63
2021-06-09,Ventura,111,848112,81594,81154,3018,84172,1026
2021-06-09,Yolo,113,214977,14081,14102,333,14435,212
2021-06-09,Yuba,115,75493,6128,6109,133,6242,50
2021-06-08,Alameda,001,1643700,88716,88731,2000,90731,1267
2021-06-08,Alpine,003,1148,87,88,0,88,0
2021-06-08,Amador,005,37829,3722,3704,33,3737,46
2021-06-08,Butte,007,227075,12683,12540,1852,14392,194
2021-06-08,Calaveras,009,45235,2182,2181,14,2195,55
2021-06-08,Colusa,011,21464,1959,1961,317,2278,15
2021-06-08,Contra Costa,013,1133247,70240,69762,1307,71069,803
2021-06-08,Del Norte,015,27424,1431,1402,14,1416,8
2021-06-08,El Dorado,017,186661,10352,10306,738,11044,113
2021-06-08,Fresno,019,978130,103143,102680,8788,111468,1717
2021-06-08,Glenn,021,27897,2436,2423,566,2989,19
2021-06-08,Humboldt,023,135768,4385,4363,38,4401,42
2021-06-08,Imperial,025,180216,28689,28752,2809,31561,738
2021-06-08,Inyo,027,18085,1406,1405,12,1417,35
2021-06-08,Kern,029,883053,97627,96671,11075,107746,1325
2021-06-08,Kings,031,150075,23203,23036,1102,24138,245
2021-06-08,Lake,033,64148,3557,3540,9,3549,45
2021-06-08,Lassen,035,31185,5241,5200,116,5316,18
2021-06-08,Los Angeles,037,10098052,1207031,1203794,41988,1245782,24426
2021-06-08,Madera,039,155013,16694,16579,944,17523,240
2021-06-08,Marin,041,260295,14124,14111,269,14380,229
2021-06-08,Mariposa,043,17540,435,434,11,445,5
2021-06-08,Mendocino,045,87422,4080,4002,76,4078,47
2021-06-08,Merced,047,269075,31187,31225,995,32220,461
2021-06-08,Modoc,049,8938,389,377,139,516,3
2021-06-08,Mono,051,14174,1257,1274,15,1289,3
2021-06-08,Monterey,053,433212,43213,43078,1884,44962,415
2021-06-08,Napa,055,140530,9972,9962,38,10000,80
2021-06-08,Nevada,057,99092,4892,4861,198,5059,72
2021-06-08,Orange,059,3164182,255970,254852,11455,266307,5078
2021-06-08,Placer,061,380077,23527,23209,1532,24741,293
2021-06-08,Plumas,063,18699,710,692,11,703,4
2021-06-08,Riverside,065,2383286,294347,289268,14048,303316,4452
2021-06-08,Sacramento,067,1510023,107175,106901,1822,108723,1654
2021-06-08,San Benito,069,59416,6080,6076,116,6192,63
2021-06-08,San Bernardino,071,2135413,293816,293186,9034,302220,4778
2021-06-08,San Diego,073,3302833,281678,280879,15098,295977,3764
2021-06-08,San Francisco,075,870044,36914,37134,1316,38450,552
2021-06-08,San Joaquin,077,732212,73584,73186,3628,76814,1390
2021-06-08,San Luis Obispo,079,281455,21400,21251,757,22008,255
2021-06-08,San Mateo,081,765935,42550,42488,477,42965,663
2021-06-08,Santa Barbara,083,443738,35072,34418,1209,35627,459
2021-06-08,Santa Clara,085,1922200,119002,119770,782,120552,2068
2021-06-08,Santa Cruz,087,273765,16251,16160,820,16980,208
2021-06-08,Shasta,089,179085,12496,12498,1629,14127,201
2021-06-08,Sierra,091,2930,57,55,12,67,0
2021-06-08,Siskiyou,093,43540,1950,1870,368,2238,21
2021-06-08,Solano,095,438530,33140,33130,563,33693,259
2021-06-08,Sonoma,097,501317,30448,30523,349,30872,323
2021-06-08,Stanislaus,099,539301,56828,56548,6013,62561,973
2021-06-08,Sutter,101,95872,9594,9581,90,9671,111
2021-06-08,Tehama,103,63373,5116,5093,589,5682,63
2021-06-08,Trinity,105,12862,487,330,95,425,3
2021-06-08,Tulare,107,460477,50332,49485,9178,58663,847
2021-06-08,Tuolumne,109,53932,4097,4099,38,4137,63
2021-06-08,Ventura,111,848112,81578,81142,3017,84159,1026
2021-06-08,Yolo,113,214977,14076,14099,332,14431,212
2021-06-08,Yuba,115,75493,6126,6103,133,6236,50
2021-06-07,Alameda,001,1643700,88658,88688,2000,90688,1267
2021-06-07,Alpine,003,1148,87,88,0,88,0
2021-06-07,Amador,005,37829,3712,3697,33,3730,46
2021-06-07,Butte,007,227075,12676,12533,1851,14384,194
2021-06-07,Calaveras,009,45235,2181,2181,14,2195,55
2021-06-07,Colusa,011,21464,1958,1960,317,2277,15
2021-06-07,Contra Costa,013,1133247,70183,69718,1306,71024,817
2021-06-07,Del Norte,015,27424,1431,1401,14,1415,8
2021-06-07,El Dorado,017,186661,10347,10305,738,11043,113
2021-06-07,Fresno,019,978130,103113,102659,8780,111439,1717
2021-06-07,Glenn,021,27897,2436,2423,566,2989,19
2021-06-07,Humboldt,023,135768,4377,4354,38,4392,42
2021-06-07,Imperial,025,180216,28687,28754,2809,31563,738
2021-06-07,Inyo,027,18085,1406,1404,12,1416,35
2021-06-07,Kern,029,883053,97611,96645,11068,107713,1324
2021-06-07,Kings,031,150075,23199,23023,1102,24125,244
2021-06-07,Lake,033,64148,3555,3540,9,3549,45
2021-06-07,Lassen,035,31185,5236,5198,116,5314,18
2021-06-07,Los Angeles,037,10098052,1206809,1203664,41974,1245638,24413
2021-06-07,Madera,039,155013,16687,16572,944,17516,240
2021-06-07,Marin,041,260295,14120,14108,268,14376,229
2021-06-07,Mariposa,043,17540,435,434,11,445,5
2021-06-07,Mendocino,045,87422,4074,3998,76,4074,47
2021-06-07,Merced,047,269075,31175,31212,994,32206,459
2021-06-07,Modoc,049,8938,388,375,136,511,3
2021-06-07,Mono,051,14174,1257,1275,15,1290,3
2021-06-07,Monterey,053,433212,43206,43077,1884,44961,415
2021-06-07,Napa,055,140530,9964,9962,38,10000,80
2021-06-07,Nevada,057,99092,4890,4860,198,5058,72
2021-06-07,Orange,059,3164182,255930,254808,11448,266256,5073
2021-06-07,Placer,061,380077,23508,23176,1530,24706,293
2021-06-07,Plumas,063,18699,710,692,11,703,4
2021-06-07,Riverside,065,2383286,294304,289232,14044,303276,4451
2021-06-07,Sacramento,067,1510023,107099,106841,1819,108660,1655
2021-06-07,San Benito,069,59416,6079,6074,116,6190,63
2021-06-07,San Bernardino,071,2135413,293778,293129,9033,302162,4775
2021-06-07,San Diego,073,3302833,281596,280808,15085,295893,3764
2021-06-07,San Francisco,075,870044,36898,37122,1316,38438,552
2021-06-07,San Joaquin,077,732212,73539,73130,3621,76751,1388
2021-06-07,San Luis Obispo,079,281455,21387,21252,757,22009,255
2021-06-07,San Mateo,081,765935,42534,42479,477,42956,664
2021-06-07,Santa Barbara,083,443738,35066,34407,1209,35616,459
2021-06-07,Santa Clara,085,1922200,118970,119743,782,120525,2066
2021-06-07,Santa Cruz,087,273765,16249,16159,820,16979,208
2021-06-07,Shasta,089,179085,12482,12483,1624,14107,200
2021-06-07,Sierra,091,2930,57,55,12,67,0
2021-06-07,Siskiyou,093,43540,1950,1869,368,2237,21
2021-06-07,Solano,095,438530,33118,33124,562,33686,258
2021-06-07,Sonoma,097,501317,30412,30504,348,30852,323
2021-06-07,Stanislaus,099,539301,56794,56521,6011,62532,972
2021-06-07,Sutter,101,95872,9590,9571,90,9661,111
2021-06-07,Tehama,103,63373,5112,5092,589,5681,63
2021-06-07,Trinity,105,12862,487,329,95,424,3
2021-06-07,Tulare,107,460477,50326,49471,9178,58649,847
2021-06-07,Tuolumne,109,53932,4096,4098,38,4136,63
2021-06-07,Ventura,111,848112,81561,81137,3016,84153,1025
2021-06-07,Yolo,113,214977,14071,14097,331,14428,211
2021-06-07,Yuba,115,75493,6124,6099,130,6229,49
2021-06-06,Alameda,001,1643700,88619,88636,1999,90635,1267
2021-06-06,Alpine,003,1148,87,88,0,88,0
2021-06-06,Amador,005,37829,3709,3696,33,3729,46
2021-06-06,Butte,007,227075,12665,12527,1850,14377,194
2021-06-06,Calaveras,009,45235,2180,2181,14,2195,55
2021-06-06,Colusa,011,21464,1956,1959,317,2276,15
2021-06-06,Contra Costa,013,1133247,70118,69659,1304,70963,817
2021-06-06,Del Norte,015,27424,1425,1401,13,1414,8
2021-06-06,El Dorado,017,186661,10340,10294,738,11032,113
2021-06-06,Fresno,019,978130,103080,102642,8777,111419,1717
2021-06-06,Glenn,021,27897,2435,2423,566,2989,19
2021-06-06,Humboldt,023,135768,4366,4353,38,4391,42
2021-06-06,Imperial,025,180216,28681,28762,2809,31571,738
2021-06-06,Inyo,027,18085,1405,1404,12,1416,35
2021-06-06,Kern,029,883053,97593,96623,11061,107684,1324
2021-06-06,Kings,031,150075,23193,23021,1102,24123,244
2021-06-06,Lake,033,64148,3555,3535,9,3544,45
2021-06-06,Lassen,035,31185,5234,5191,116,5307,18
2021-06-06,Los Angeles,037,10098052,1206610,1203539,41962,1245501,24410
2021-06-06,Madera,039,155013,16680,16567,944,17511,240
2021-06-06,Marin,041,260295,14114,14106,267,14373,229
2021-06-06,Mariposa,043,17540,434,435,11,446,5
2021-06-06,Mendocino,045,87422,4070,3993,76,4069,47
2021-06-06,Merced,047,269075,31169,31215,993,32208,459
2021-06-06,Modoc,049,8938,388,375,135,510,3
2021-06-06,Mono,051,14174,1257,1275,15,1290,3
2021-06-06,Monterey,053,433212,43201,43078,1884,44962,415
2021-06-06,Napa,055,140530,9958,9963,38,10001,80
2021-06-06,Nevada,057,99092,4883,4854,197,5051,72
2021-06-06,Orange,059,3164182,255894,254782,11443,266225,5073
2021-06-06,Placer,061,380077,23483,23156,1527,24683,293
2021-06-06,Plumas,063,18699,710,692,11,703,4
2021-06-06,Riverside,065,2383286,294263,289201,14038,303239,4451
2021-06-06,Sacramento,067,1510023,107013,106749,1818,108567,1655
2021-06-06,San Benito,069,59416,6073,6074,116,6190,63
2021-06-06,San Bernardino,071,2135413,293722,293117,9024,302141,4773
2021-06-06,San Diego,073,3302833,281516,280743,15068,295811,3764
2021-06-06,San Francisco,075,870044,36886,37118,1315,38433,552
2021-06-06,San Joaquin,077,732212,73507,73105,3617,76722,1388
2021-06-06,San Luis Obispo,079,281455,21384,21246,757,22003,255
2021-06-06,San Mateo,081,765935,42517,42457,477,42934,664
2021-06-06,Santa Barbara,083,443738,35062,34403,1208,35611,459
2021-06-06,Santa Clara,085,1922200,118948,119711,782,120493,2066
2021-06-06,Santa Cruz,087,273765,16248,16158,820,16978,208
2021-06-06,Shasta,089,179085,12467,12478,1620,14098,200
2021-06-06,Sierra,091,2930,57,55,12,67,0
2021-06-06,Siskiyou,093,43540,1947,1869,368,2237,21
2021-06-06,Solano,095,438530,33091,33093,562,33655,258
2021-06-06,Sonoma,097,501317,30381,30478,347,30825,323
2021-06-06,Stanislaus,099,539301,56752,56486,6008,62494,972
2021-06-06,Sutter,101,95872,9583,9567,90,9657,111
2021-06-06,Tehama,103,63373,5108,5092,588,5680,63
2021-06-06,Trinity,105,12862,487,328,95,423,3
2021-06-06,Tulare,107,460477,50318,49466,9173,58639,847
2021-06-06,Tuolumne,109,53932,4094,4097,38,4135,63
2021-06-06,Ventura,111,848112,81550,81130,3013,84143,1025
2021-06-06,Yolo,113,214977,14063,14089,330,14419,210
2021-06-06,Yuba,115,75493,6116,6096,130,6226,49
2021-06-05,Alameda,001,1643700,88588,88612,1998,90610,1268
2021-06-05,Alpine,003,1148,87,88,0,88,0
2021-06-05,Amador,005,37829,3709,3694,33,3727,46
2021-06-05,Butte,007,227075,12659,12514,1849,14363,194
2021-06-05,Calaveras,009,45235,2180,2181,14,2195,55
2021-06-05,Colusa,011,21464,1956,1959,317,2276,15
2021-06-05,Contra Costa,013,1133247,70089,69601,1304,70905,817
2021-06-05,Del Norte,015,27424,1425,1400,13,1413,8
2021-06-05,El Dorado,017,186661,10338,10288,737,11025,113
2021-06-05,Fresno,019,978130,103071,102626,8777,111403,1717
2021-06-05,Glenn,021,27897,2434,2423,566,2989,19
2021-06-05,Humboldt,023,135768,4361,4346,38,4384,42
2021-06-05,Imperial,025,180216,28678,28764,2808,31572,738
2021-06-05,Inyo,027,18085,1405,1405,12,1417,35
2021-06-05,Kern,029,883053,97580,96597,11057,107654,1324
2021-06-05,Kings,031,150075,23190,23017,1102,24119,244
2021-06-05,Lake,033,64148,3552,3534,9,3543,45
2021-06-05,Lassen,035,31185,5233,5191,116,5307,18
2021-06-05,Los Angeles,037,10098052,1206483,1203338,41953,1245291,24411
2021-06-05,Madera,039,155013,16676,16563,944,17507,240
2021-06-05,Marin,041,260295,14112,14101,267,14368,229
2021-06-05,Mariposa,043,17540,434,435,11,446,5
2021-06-05,Mendocino,045,87422,4067,3989,76,4065,47
2021-06-05,Merced,047,269075,31167,31212,992,32204,459
2021-06-05,Modoc,049,8938,388,375,134,509,3
2021-06-05,Mono,051,14174,1257,1274,15,1289,3
2021-06-05,Monterey,053,433212,43197,43071,1883,44954,415
2021-06-05,Napa,055,140530,9953,9960,38,9998,80
2021-06-05,Nevada,057,99092,4881,4849,197,5046,72
2021-06-05,Orange,059,3164182,255870,254752,11440,266192,5069
2021-06-05,Placer,061,380077,23467,23133,1527,24660,293
2021-06-05,Plumas,063,18699,710,692,11,703,4
2021-06-05,Riverside,065,2383286,294228,289157,14034,303191,4451
2021-06-05,Sacramento,067,1510023,106961,106688,1815,108503,1655
2021-06-05,San Benito,069,59416,6071,6074,116,6190,63
2021-06-05,San Bernardino,071,2135413,293689,293081,9022,302103,4772
2021-06-05,San Diego,073,3302833,281475,280676,15055,295731,3764
2021-06-05,San Francisco,075,870044,36877,37111,1315,38426,552
2021-06-05,San Joaquin,077,732212,73491,73078,3611,76689,1388
2021-06-05,San Luis Obispo,079,281455,21381,21236,757,21993,255
2021-06-05,San Mateo,081,765935,42507,42433,477,42910,664
2021-06-05,Santa Barbara,083,443738,35059,34399,1207,35606,459
2021-06-05,Santa Clara,085,1922200,118926,119676,780,120456,2066
2021-06-05,Santa Cruz,087,273765,16248,16154,820,16974,208
2021-06-05,Shasta,089,179085,12458,12472,1619,14091,200
2021-06-05,Sierra,091,2930,57,55,12,67,0
2021-06-05,Siskiyou,093,43540,1947,1867,368,2235,21
2021-06-05,Solano,095,438530,33076,33074,562,33636,257
2021-06-05,Sonoma,097,501317,30354,30450,345,30795,323
2021-06-05,Stanislaus,099,539301,56731,56463,6006,62469,973
2021-06-05,Sutter,101,95872,9580,9559,90,9649,111
2021-06-05,Tehama,103,63373,5107,5092,587,5679,63
2021-06-05,Trinity,105,12862,487,328,95,423,3
2021-06-05,Tulare,107,460477,50312,49463,9173,58636,847
2021-06-05,Tuolumne,109,53932,4092,4098,38,4136,63
2021-06-05,Ventura,111,848112,81541,81119,3011,84130,1025
2021-06-05,Yolo,113,214977,14061,14088,330,14418,210
2021-06-05,Yuba,115,75493,6115,6087,130,6217,49
2021-06-04,Alameda,001,1643700,88561,88585,1996,90581,1263
2021-06-04,Alpine,003,1148,87,88,0,88,0
2021-06-04,Amador,005,37829,3709,3690,33,3723,46
2021-06-04,Butte,007,227075,12648,12494,1846,14340,193
2021-06-04,Calaveras,009,45235,2180,2179,14,2193,55
2021-06-04,Colusa,011,21464,1956,1959,317,2276,15
2021-06-04,Contra Costa,013,1133247,70054,69540,1301,70841,816
2021-06-04,Del Norte,015,27424,1425,1398,13,1411,8
2021-06-04,El Dorado,017,186661,10334,10284,735,11019,112
2021-06-04,Fresno,019,978130,103055,102601,8777,111378,1712
2021-06-04,Glenn,021,27897,2434,2423,565,2988,19
2021-06-04,Humboldt,023,135768,4356,4327,38,4365,42
2021-06-04,Imperial,025,180216,28674,28753,2808,31561,738
2021-06-04,Inyo,027,18085,1405,1404,12,1416,35
2021-06-04,Kern,029,883053,97562,96573,11055,107628,1327
2021-06-04,Kings,031,150075,23189,23002,1102,24104,244
2021-06-04,Lake,033,64148,3550,3528,9,3537,45
2021-06-04,Lassen,035,31185,5233,5180,116,5296,18
2021-06-04,Los Angeles,037,10098052,1206361,1203106,41944,1245050,24400
2021-06-04,Madera,039,155013,16674,16557,944,17501,240
2021-06-04,Marin,041,260295,14111,14099,266,14365,229
2021-06-04,Mariposa,043,17540,434,435,11,446,5
2021-06-04,Mendocino,045,87422,4058,3983,76,4059,47
2021-06-04,Merced,047,269075,31162,31204,991,32195,459
2021-06-04,Modoc,049,8938,386,375,134,509,3
2021-06-04,Mono,051,14174,1257,1275,15,1290,3
2021-06-04,Monterey,053,433212,43193,43068,1883,44951,415
2021-06-04,Napa,055,140530,9949,9958,38,9996,80
2021-06-04,Nevada,057,99092,4877,4844,197,5041,72
2021-06-04,Orange,059,3164182,255833,254730,11437,266167,5059
2021-06-04,Placer,061,380077,23451,23110,1526,24636,293
2021-06-04,Plumas,063,18699,710,691,11,702,4
2021-06-04,Riverside,065,2383286,294202,289098,14030,303128,4452
2021-06-04,Sacramento,067,1510023,106907,106616,1814,108430,1654
2021-06-04,San Benito,069,59416,6069,6073,116,6189,63
2021-06-04,San Bernardino,071,2135413,293666,293056,9020,302076,4768
2021-06-04,San Diego,073,3302833,281432,280556,15048,295604,3763
2021-06-04,San Francisco,075,870044,36872,37079,1314,38393,551
2021-06-04,San Joaquin,077,732212,73472,73039,3609,76648,1388
2021-06-04,San Luis Obispo,079,281455,21378,21234,756,21990,255
2021-06-04,San Mateo,081,765935,42495,42413,477,42890,478
2021-06-04,Santa Barbara,083,443738,35053,34402,1206,35608,459
2021-06-04,Santa Clara,085,1922200,118896,119619,780,120399,2065
2021-06-04,Santa Cruz,087,273765,16246,16150,820,16970,207
2021-06-04,Shasta,089,179085,12452,12458,1614,14072,200
2021-06-04,Sierra,091,2930,57,55,12,67,0
2021-06-04,Siskiyou,093,43540,1946,1865,368,2233,21
2021-06-04,Solano,095,438530,33065,33058,562,33620,256
2021-06-04,Sonoma,097,501317,30333,30411,345,30756,323
2021-06-04,Stanislaus,099,539301,56708,56442,6003,62445,973
2021-06-04,Sutter,101,95872,9575,9554,90,9644,111
2021-06-04,Tehama,103,63373,5102,5090,587,5677,63
2021-06-04,Trinity,105,12862,487,328,95,423,3
2021-06-04,Tulare,107,460477,50303,49452,9171,58623,847
2021-06-04,Tuolumne,109,53932,4091,4095,38,4133,63
2021-06-04,Ventura,111,848112,81534,81104,3009,84113,1023
2021-06-04,Yolo,113,214977,14059,14083,330,14413,210
2021-06-04,Yuba,115,75493,6112,6084,130,6214,49
2021-06-03,Alameda,001,1643700,88523,88555,1993,90548,1257
2021-06-03,Alpine,003,1148,87,88,0,88,0
2021-06-03,Amador,005,37829,3701,3688,33,3721,46
2021-06-03,Butte,007,227075,12644,12478,1845,14323,193
2021-06-03,Calaveras,009,45235,2180,2179,14,2193,55
2021-06-03,Colusa,011,21464,1956,1957,317,2274,15
2021-06-03,Contra Costa,013,1133247,70000,69500,1296,70796,816
2021-06-03,Del Norte,015,27424,1423,1397,13,1410,8
2021-06-03,El Dorado,017,186661,10328,10284,732,11016,112
2021-06-03,Fresno,019,978130,103038,102566,8777,111343,1709
2021-06-03,Glenn,021,27897,2434,2421,565,2986,19
2021-06-03,Humboldt,023,135768,4348,4314,38,4352,42
2021-06-03,Imperial,025,180216,28662,28737,2808,31545,738
2021-06-03,Inyo,027,18085,1405,1404,12,1416,35
2021-06-03,Kern,029,883053,97535,96507,11041,107548,1326
2021-06-03,Kings,031,150075,23185,22982,1102,24084,244
2021-06-03,Lake,033,64148,3548,3526,9,3535,45
2021-06-03,Lassen,035,31185,5224,5177,116,5293,12
2021-06-03,Los Angeles,037,10098052,1206187,1202923,41936,1244859,24386
2021-06-03,Madera,039,155013,16667,16554,944,17498,240
2021-06-03,Marin,041,260295,14106,14095,266,14361,230
2021-06-03,Mariposa,043,17540,434,435,11,446,5
2021-06-03,Mendocino,045,87422,4051,3978,76,4054,47
2021-06-03,Merced,047,269075,31159,31199,991,32190,459
2021-06-03,Modoc,049,8938,385,376,133,509,3
2021-06-03,Mono,051,14174,1257,1275,15,1290,3
2021-06-03,Monterey,053,433212,43190,43063,1883,44946,415
2021-06-03,Napa,055,140530,9942,9957,38,9995,81
2021-06-03,Nevada,057,99092,4873,4837,197,5034,72
2021-06-03,Orange,059,3164182,255805,254676,11427,266103,5056
2021-06-03,Placer,061,380077,23442,23100,1525,24625,293
2021-06-03,Plumas,063,18699,710,691,11,702,4
2021-06-03,Riverside,065,2383286,294147,289035,14026,303061,4447
2021-06-03,Sacramento,067,1510023,106829,106526,1812,108338,1654
2021-06-03,San Benito,069,59416,6069,6073,116,6189,63
2021-06-03,San Bernardino,071,2135413,293634,293021,9020,302041,4762
2021-06-03,San Diego,073,3302833,281369,280430,15038,295468,3761
2021-06-03,San Francisco,075,870044,36866,37072,1314,38386,551
2021-06-03,San Joaquin,077,732212,73444,72989,3605,76594,1388
2021-06-03,San Luis Obispo,079,281455,21373,21224,756,21980,255
2021-06-03,San Mateo,081,765935,42482,42396,477,42873,467
2021-06-03,Santa Barbara,083,443738,35050,34391,1206,35597,459
2021-06-03,Santa Clara,085,1922200,118874,119592,778,120370,2058
2021-06-03,Santa Cruz,087,273765,16244,16144,820,16964,207
2021-06-03,Shasta,089,179085,12437,12441,1611,14052,199
2021-06-03,Sierra,091,2930,57,55,12,67,0
2021-06-03,Siskiyou,093,43540,1946,1862,367,2229,21
2021-06-03,Solano,095,438530,33051,33019,562,33581,256
2021-06-03,Sonoma,097,501317,30311,30383,344,30727,322
2021-06-03,Stanislaus,099,539301,56676,56401,5997,62398,973
2021-06-03,Sutter,101,95872,9566,9539,90,9629,111
2021-06-03,Tehama,103,63373,5102,5087,587,5674,63
2021-06-03,Trinity,105,12862,487,328,95,423,3
2021-06-03,Tulare,107,460477,50300,49442,9167,58609,848
2021-06-03,Tuolumne,109,53932,4089,4095,38,4133,63
2021-06-03,Ventura,111,848112,81522,81078,3007,84085,1023
2021-06-03,Yolo,113,214977,14055,14078,327,14405,210
2021-06-03,Yuba,115,75493,6105,6077,130,6207,49
2021-06-02,Alameda,001,1643700,88478,88525,1991,90516,1254
2021-06-02,Alpine,003,1148,87,88,0,88,0
2021-06-02,Amador,005,37829,3699,3687,33,3720,46
2021-06-02,Butte,007,227075,12624,12432,1842,14274,193
2021-06-02,Calaveras,009,45235,2177,2174,14,2188,55
2021-06-02,Colusa,011,21464,1955,1957,317,2274,15
2021-06-02,Contra Costa,013,1133247,69949,69455,1294,70749,814
2021-06-02,Del Norte,015,27424,1421,1395,13,1408,8
2021-06-02,El Dorado,017,186661,10324,10275,732,11007,110
2021-06-02,Fresno,019,978130,103014,102547,8774,111321,1707
2021-06-02,Glenn,021,27897,2434,2421,565,2986,19
2021-06-02,Humboldt,023,135768,4333,4302,38,4340,42
2021-06-02,Imperial,025,180216,28656,28737,2807,31544,738
2021-06-02,Inyo,027,18085,1404,1403,12,1415,35
2021-06-02,Kern,029,883053,97508,96481,11033,107514,1326
2021-06-02,Kings,031,150075,23183,22981,1102,24083,244
2021-06-02,Lake,033,64148,3543,3522,9,3531,45
2021-06-02,Lassen,035,31185,5223,5177,116,5293,6
2021-06-02,Los Angeles,037,10098052,1205985,1202760,41927,1244687,24375
2021-06-02,Madera,039,155013,16659,16550,944,17494,240
2021-06-02,Marin,041,260295,14104,14091,266,14357,229
2021-06-02,Mariposa,043,17540,434,434,11,445,5
2021-06-02,Mendocino,045,87422,4045,3970,76,4046,47
2021-06-02,Merced,047,269075,31146,31195,990,32185,458
2021-06-02,Modoc,049,8938,384,375,132,507,3
2021-06-02,Mono,051,14174,1257,1275,15,1290,3
2021-06-02,Monterey,053,433212,43188,43056,1883,44939,380
2021-06-02,Napa,055,140530,9941,9953,38,9991,82
2021-06-02,Nevada,057,99092,4870,4833,197,5030,72
2021-06-02,Orange,059,3164182,255757,254637,11422,266059,5055
2021-06-02,Placer,061,380077,23421,23058,1523,24581,293
2021-06-02,Plumas,063,18699,710,690,11,701,4
2021-06-02,Riverside,065,2383286,294089,289012,14016,303028,4445
2021-06-02,Sacramento,067,1510023,106764,106435,1806,108241,1649
2021-06-02,San Benito,069,59416,6068,6073,116,6189,63
2021-06-02,San Bernardino,071,2135413,293586,293004,9015,302019,4760
2021-06-02,San Diego,073,3302833,281289,280347,15017,295364,3760
2021-06-02,San Francisco,075,870044,36846,37050,1313,38363,550
2021-06-02,San Joaquin,077,732212,73413,72893,3602,76495,1387
2021-06-02,San Luis Obispo,079,281455,21366,21214,755,21969,255
2021-06-02,San Mateo,081,765935,42472,42383,476,42859,464
2021-06-02,Santa Barbara,083,443738,35044,34381,1206,35587,456
2021-06-02,Santa Clara,085,1922200,118846,119553,777,120330,2058
2021-06-02,Santa Cruz,087,273765,16241,16144,820,16964,207
2021-06-02,Shasta,089,179085,12419,12426,1606,14032,199
2021-06-02,Sierra,091,2930,57,55,12,67,0
2021-06-02,Siskiyou,093,43540,1946,1861,365,2226,21
2021-06-02,Solano,095,438530,33039,33007,561,33568,256
2021-06-02,Sonoma,097,501317,30292,30359,339,30698,322
2021-06-02,Stanislaus,099,539301,56647,56377,5992,62369,973
2021-06-02,Sutter,101,95872,9563,9533,90,9623,111
2021-06-02,Tehama,103,63373,5099,5081,587,5668,63
2021-06-02,Trinity,105,12862,485,328,95,423,3
2021-06-02,Tulare,107,460477,50292,49434,9163,58597,846
2021-06-02,Tuolumne,109,53932,4089,4095,38,4133,63
2021-06-02,Ventura,111,848112,81497,81033,3007,84040,1020
2021-06-02,Yolo,113,214977,14052,14074,326,14400,210
2021-06-02,Yuba,115,75493,6099,6072,130,6202,48
2021-06-01,Alameda,001,1643700,88445,88472,1989,90461,1253
2021-06-01,Alpine,003,1148,87,88,0,88,0
2021-06-01,Amador,005,37829,3697,3687,33,3720,46
2021-06-01,Butte,007,227075,12610,12427,1841,14268,193
2021-06-01,Calaveras,009,45235,2175,2173,14,2187,55
2021-06-01,Colusa,011,21464,1954,1955,316,2271,15
2021-06-01,Contra Costa,013,1133247,69892,69404,1294,70698,813
2021-06-01,Del Norte,015,27424,1420,1394,13,1407,8
2021-06-01,El Dorado,017,186661,10318,10271,732,11003,110
2021-06-01,Fresno,019,978130,102990,102534,8771,111305,1706
2021-06-01,Glenn,021,27897,2434,2422,565,2987,18
2021-06-01,Humboldt,023,135768,4323,4299,38,4337,42
2021-06-01,Imperial,025,180216,28652,28722,2806,31528,736
2021-06-01,Inyo,027,18085,1404,1403,12,1415,35
2021-06-01,Kern,029,883053,97481,96477,11025,107502,1319
2021-06-01,Kings,031,150075,23179,22977,1102,24079,244
2021-06-01,Lake,033,64148,3542,3523,9,3532,45
2021-06-01,Lassen,035,31185,5216,5172,116,5288,6
2021-06-01,Los Angeles,037,10098052,1205752,1202673,41914,1244587,24367
2021-06-01,Madera,039,155013,16650,16549,943,17492,240
2021-06-01,Marin,041,260295,14102,14081,266,14347,229
2021-06-01,Mariposa,043,17540,434,431,11,442,5
2021-06-01,Mendocino,045,87422,4038,3966,76,4042,47
2021-06-01,Merced,047,269075,31136,31195,990,32185,456
2021-06-01,Modoc,049,8938,382,375,132,507,3
2021-06-01,Mono,051,14174,1257,1275,15,1290,3
2021-06-01,Monterey,053,433212,43182,43051,1883,44934,379
2021-06-01,Napa,055,140530,9939,9949,38,9987,82
2021-06-01,Nevada,057,99092,4865,4825,197,5022,72
2021-06-01,Orange,059,3164182,255721,254603,11414,266017,5051
2021-06-01,Placer,061,380077,23391,23021,1521,24542,293
2021-06-01,Plumas,063,18699,709,690,11,701,4
2021-06-01,Riverside,065,2383286,294037,288996,14010,303006,4442
2021-06-01,Sacramento,067,1510023,106692,106330,1804,108134,1644
2021-06-01,San Benito,069,59416,6067,6073,115,6188,63
2021-06-01,San Bernardino,071,2135413,293562,292990,9014,302004,4758
2021-06-01,San Diego,073,3302833,281185,280305,15000,295305,3756
2021-06-01,San Francisco,075,870044,36830,37031,1313,38344,550
2021-06-01,San Joaquin,077,732212,73381,72858,3600,76458,1383
2021-06-01,San Luis Obispo,079,281455,21361,21217,755,21972,256
2021-06-01,San Mateo,081,765935,42455,42383,475,42858,462
2021-06-01,Santa Barbara,083,443738,35040,34374,1206,35580,456
2021-06-01,Santa Clara,085,1922200,118818,119528,777,120305,2057
2021-06-01,Santa Cruz,087,273765,16237,16143,819,16962,207
2021-06-01,Shasta,089,179085,12410,12409,1601,14010,199
2021-06-01,Sierra,091,2930,57,55,12,67,0
2021-06-01,Siskiyou,093,43540,1939,1860,364,2224,21
2021-06-01,Solano,095,438530,33014,32974,560,33534,256
2021-06-01,Sonoma,097,501317,30253,30324,338,30662,322
2021-06-01,Stanislaus,099,539301,56622,56348,5990,62338,973
2021-06-01,Sutter,101,95872,9556,9528,90,9618,111
2021-06-01,Tehama,103,63373,5097,5079,587,5666,63
2021-06-01,Trinity,105,12862,484,328,94,422,3
2021-06-01,Tulare,107,460477,50284,49419,9159,58578,845
2021-06-01,Tuolumne,109,53932,4089,4094,38,4132,63
2021-06-01,Ventura,111,848112,81481,81018,3006,84024,1021
2021-06-01,Yolo,113,214977,14046,14067,326,14393,210
2021-06-01,Yuba,115,75493,6095,6067,130,6197,48
2021-05-31,Alameda,001,1643700,88408,88458,1985,90443,1253
2021-05-31,Alpine,003,1148,87,88,0,88,0
2021-05-31,Amador,005,37829,3691,3687,33,3720,46
2021-05-31,Butte,007,227075,12597,12429,1841,14270,193
2021-05-31,Calaveras,009,45235,2174,2171,14,2185,55
2021-05-31,Colusa,011,21464,1954,1956,315,2271,15
2021-05-31,Contra Costa,013,1133247,69855,69390,1292,70682,813
2021-05-31,Del Norte,015,27424,1417,1394,13,1407,8
2021-05-31,El Dorado,017,186661,10312,10271,730,11001,110
2021-05-31,Fresno,019,978130,102953,102507,8771,111278,1706
2021-05-31,Glenn,021,27897,2433,2422,564,2986,18
2021-05-31,Humboldt,023,135768,4311,4295,38,4333,42
2021-05-31,Imperial,025,180216,28646,28732,2803,31535,736
2021-05-31,Inyo,027,18085,1403,1403,12,1415,35
2021-05-31,Kern,029,883053,97445,96457,11016,107473,1319
2021-05-31,Kings,031,150075,23175,22977,1102,24079,244
2021-05-31,Lake,033,64148,3537,3523,9,3532,45
2021-05-31,Lassen,035,31185,5214,5172,115,5287,6
2021-05-31,Los Angeles,037,10098052,1205511,1202567,41906,1244473,24364
2021-05-31,Madera,039,155013,16649,16543,942,17485,240
2021-05-31,Marin,041,260295,14100,14080,266,14346,229
2021-05-31,Mariposa,043,17540,434,430,11,441,5
2021-05-31,Mendocino,045,87422,4028,3961,76,4037,47
2021-05-31,Merced,047,269075,31131,31194,990,32184,456
2021-05-31,Modoc,049,8938,381,374,132,506,3
2021-05-31,Mono,051,14174,1257,1275,15,1290,3
2021-05-31,Monterey,053,433212,43178,43051,1883,44934,379
2021-05-31,Napa,055,140530,9932,9948,38,9986,82
2021-05-31,Nevada,057,99092,4855,4823,196,5019,72
2021-05-31,Orange,059,3164182,255694,254572,11407,265979,5051
2021-05-31,Placer,061,380077,23364,23019,1516,24535,293
2021-05-31,Plumas,063,18699,708,690,11,701,4
2021-05-31,Riverside,065,2383286,293980,288970,13998,302968,4442
2021-05-31,Sacramento,067,1510023,106595,106278,1798,108076,1644
2021-05-31,San Benito,069,59416,6067,6072,115,6187,63
2021-05-31,San Bernardino,071,2135413,293514,292973,9013,301986,4758
2021-05-31,San Diego,073,3302833,281081,280254,14988,295242,3756
2021-05-31,San Francisco,075,870044,36815,37022,1312,38334,550
2021-05-31,San Joaquin,077,732212,73333,72856,3594,76450,1383
2021-05-31,San Luis Obispo,079,281455,21353,21215,755,21970,256
2021-05-31,San Mateo,081,765935,42439,42389,475,42864,442
2021-05-31,Santa Barbara,083,443738,35027,34369,1204,35573,456
2021-05-31,Santa Clara,085,1922200,118774,119515,777,120292,2057
2021-05-31,Santa Cruz,087,273765,16234,16139,819,16958,207
2021-05-31,Shasta,089,179085,12394,12408,1598,14006,199
2021-05-31,Sierra,091,2930,57,55,12,67,0
2021-05-31,Siskiyou,093,43540,1938,1856,363,2219,21
2021-05-31,Solano,095,438530,32963,32973,560,33533,256
2021-05-31,Sonoma,097,501317,30210,30314,338,30652,322
2021-05-31,Stanislaus,099,539301,56572,56335,5987,62322,973
2021-05-31,Sutter,101,95872,9537,9523,90,9613,111
2021-05-31,Tehama,103,63373,5095,5076,586,5662,63
2021-05-31,Trinity,105,12862,484,328,94,422,3
2021-05-31,Tulare,107,460477,50273,49404,9154,58558,845
2021-05-31,Tuolumne,109,53932,4087,4095,38,4133,63
2021-05-31,Ventura,111,848112,81466,81017,3003,84020,1021
2021-05-31,Yolo,113,214977,14042,14064,326,14390,210
2021-05-31,Yuba,115,75493,6089,6063,127,6190,48
2021-05-30,Alameda,001,1643700,88383,88429,1985,90414,1253
2021-05-30,Alpine,003,1148,87,88,0,88,0
2021-05-30,Amador,005,37829,3687,3685,33,3718,46
2021-05-30,Butte,007,227075,12587,12427,1839,14266,190
2021-05-30,Calaveras,009,45235,2170,2166,14,2180,55
2021-05-30,Colusa,011,21464,1954,1954,315,2269,15
2021-05-30,Contra Costa,013,1133247,69821,69381,1290,70671,813
2021-05-30,Del Norte,015,27424,1416,1393,13,1406,8
2021-05-30,El Dorado,017,186661,10309,10271,730,11001,110
2021-05-30,Fresno,019,978130,102936,102499,8767,111266,1706
2021-05-30,Glenn,021,27897,2433,2422,563,2985,18
2021-05-30,Humboldt,023,135768,4302,4291,38,4329,42
2021-05-30,Imperial,025,180216,28641,28732,2802,31534,736
2021-05-30,Inyo,027,18085,1403,1403,12,1415,35
2021-05-30,Kern,029,883053,97429,96443,11013,107456,1319
2021-05-30,Kings,031,150075,23174,22974,1101,24075,244
2021-05-30,Lake,033,64148,3537,3517,9,3526,45
2021-05-30,Lassen,035,31185,5212,5171,115,5286,6
2021-05-30,Los Angeles,037,10098052,1205406,1202425,41899,1244324,24360
2021-05-30,Madera,039,155013,16645,16538,942,17480,240
2021-05-30,Marin,041,260295,14096,14083,265,14348,229
2021-05-30,Mariposa,043,17540,434,430,11,441,5
2021-05-30,Mendocino,045,87422,4021,3955,76,4031,47
2021-05-30,Merced,047,269075,31127,31189,989,32178,456
2021-05-30,Modoc,049,8938,381,374,132,506,3
2021-05-30,Mono,051,14174,1257,1275,15,1290,3
2021-05-30,Monterey,053,433212,43175,43049,1883,44932,379
2021-05-30,Napa,055,140530,9931,9948,38,9986,82
2021-05-30,Nevada,057,99092,4849,4818,196,5014,72
2021-05-30,Orange,059,3164182,255671,254559,11406,265965,5051
2021-05-30,Placer,061,380077,23358,23016,1516,24532,293
2021-05-30,Plumas,063,18699,706,690,11,701,4
2021-05-30,Riverside,065,2383286,293959,288961,13996,302957,4442
2021-05-30,Sacramento,067,1510023,106550,106252,1796,108048,1644
2021-05-30,San Benito,069,59416,6067,6072,115,6187,63
2021-05-30,San Bernardino,071,2135413,293488,292981,9012,301993,4758
2021-05-30,San Diego,073,3302833,281025,280209,14983,295192,3756
2021-05-30,San Francisco,075,870044,36796,37016,1312,38328,550
2021-05-30,San Joaquin,077,732212,73316,72853,3593,76446,1383
2021-05-30,San Luis Obispo,079,281455,21344,21211,754,21965,256
2021-05-30,San Mateo,081,765935,42431,42386,475,42861,439
2021-05-30,Santa Barbara,083,443738,35023,34369,1204,35573,456
2021-05-30,Santa Clara,085,1922200,118752,119510,773,120283,2057
2021-05-30,Santa Cruz,087,273765,16232,16140,819,16959,207
2021-05-30,Shasta,089,179085,12392,12408,1595,14003,199
2021-05-30,Sierra,091,2930,57,55,12,67,0
2021-05-30,Siskiyou,093,43540,1938,1856,363,2219,21
2021-05-30,Solano,095,438530,32952,32952,559,33511,256
2021-05-30,Sonoma,097,501317,30193,30310,337,30647,322
2021-05-30,Stanislaus,099,539301,56553,56323,5986,62309,973
2021-05-30,Sutter,101,95872,9536,9519,89,9608,111
2021-05-30,Tehama,103,63373,5095,5073,586,5659,63
2021-05-30,Trinity,105,12862,484,328,94,422,3
2021-05-30,Tulare,107,460477,50266,49397,9145,58542,845
2021-05-30,Tuolumne,109,53932,4087,4094,38,4132,63
2021-05-30,Ventura,111,848112,81462,81012,3002,84014,1021
2021-05-30,Yolo,113,214977,14037,14059,325,14384,210
2021-05-30,Yuba,115,75493,6082,6063,126,6189,48
2021-05-29,Alameda,001,1643700,88360,88433,1983,90416,1253
2021-05-29,Alpine,003,1148,87,88,0,88,0
2021-05-29,Amador,005,37829,3686,3683,33,3716,46
2021-05-29,Butte,007,227075,12581,12425,1839,14264,190
2021-05-29,Calaveras,009,45235,2169,2166,14,2180,55
2021-05-29,Colusa,011,21464,1951,1954,315,2269,15
2021-05-29,Contra Costa,013,1133247,69788,69351,1290,70641,813
2021-05-29,Del Norte,015,27424,1416,1391,13,1404,8
2021-05-29,El Dorado,017,186661,10308,10269,728,10997,110
2021-05-29,Fresno,019,978130,102924,102470,8764,111234,1706
2021-05-29,Glenn,021,27897,2433,2422,562,2984,18
2021-05-29,Humboldt,023,135768,4296,4283,38,4321,42
2021-05-29,Imperial,025,180216,28638,28729,2801,31530,736
2021-05-29,Inyo,027,18085,1403,1404,12,1416,35
2021-05-29,Kern,029,883053,97418,96424,11000,107424,1319
2021-05-29,Kings,031,150075,23173,22970,1100,24070,244
2021-05-29,Lake,033,64148,3537,3515,9,3524,45
2021-05-29,Lassen,035,31185,5212,5171,115,5286,6
2021-05-29,Los Angeles,037,10098052,1205283,1202264,41895,1244159,24359
2021-05-29,Madera,039,155013,16643,16535,942,17477,240
2021-05-29,Marin,041,260295,14092,14071,264,14335,229
2021-05-29,Mariposa,043,17540,433,428,11,439,5
2021-05-29,Mendocino,045,87422,4015,3952,76,4028,47
2021-05-29,Merced,047,269075,31115,31187,989,32176,456
2021-05-29,Modoc,049,8938,381,374,132,506,3
2021-05-29,Mono,051,14174,1257,1275,15,1290,3
2021-05-29,Monterey,053,433212,43173,43042,1883,44925,379
2021-05-29,Napa,055,140530,9928,9948,38,9986,82
2021-05-29,Nevada,057,99092,4848,4816,196,5012,72
2021-05-29,Orange,059,3164182,255649,254537,11396,265933,5049
2021-05-29,Placer,061,380077,23343,23009,1515,24524,293
2021-05-29,Plumas,063,18699,706,689,11,700,4
2021-05-29,Riverside,065,2383286,293939,288908,13995,302903,4442
2021-05-29,Sacramento,067,1510023,106520,106218,1795,108013,1643
2021-05-29,San Benito,069,59416,6066,6072,115,6187,63
2021-05-29,San Bernardino,071,2135413,293456,292961,9011,301972,4757
2021-05-29,San Diego,073,3302833,280966,280151,14978,295129,3756
2021-05-29,San Francisco,075,870044,36787,37008,1312,38320,550
2021-05-29,San Joaquin,077,732212,73300,72827,3591,76418,1383
2021-05-29,San Luis Obispo,079,281455,21342,21201,754,21955,256
2021-05-29,San Mateo,081,765935,42424,42375,474,42849,439
2021-05-29,Santa Barbara,083,443738,35019,34367,1204,35571,456
2021-05-29,Santa Clara,085,1922200,118728,119498,772,120270,2056
2021-05-29,Santa Cruz,087,273765,16231,16137,819,16956,207
2021-05-29,Shasta,089,179085,12384,12401,1594,13995,199
2021-05-29,Sierra,091,2930,57,55,12,67,0
2021-05-29,Siskiyou,093,43540,1933,1856,363,2219,21
2021-05-29,Solano,095,438530,32943,32917,559,33476,256
2021-05-29,Sonoma,097,501317,30170,30298,336,30634,322
2021-05-29,Stanislaus,099,539301,56533,56305,5984,62289,974
2021-05-29,Sutter,101,95872,9532,9516,89,9605,111
2021-05-29,Tehama,103,63373,5094,5070,586,5656,63
2021-05-29,Trinity,105,12862,484,328,94,422,3
2021-05-29,Tulare,107,460477,50256,49392,9141,58533,845
2021-05-29,Tuolumne,109,53932,4087,4093,38,4131,63
2021-05-29,Ventura,111,848112,81454,81008,3002,84010,1021
2021-05-29,Yolo,113,214977,14036,14055,325,14380,210
2021-05-29,Yuba,115,75493,6082,6059,126,6185,48
2021-05-28,Alameda,001,1643700,88336,88391,1979,90370,1261
2021-05-28,Alpine,003,1148,87,88,0,88,0
2021-05-28,Amador,005,37829,3686,3680,33,3713,46
2021-05-28,Butte,007,227075,12578,12407,1838,14245,190
2021-05-28,Calaveras,009,45235,2168,2165,14,2179,55
2021-05-28,Colusa,011,21464,1951,1954,313,2267,15
2021-05-28,Contra Costa,013,1133247,69752,69290,1289,70579,813
2021-05-28,Del Norte,015,27424,1415,1390,13,1403,8
2021-05-28,El Dorado,017,186661,10305,10265,728,10993,110
2021-05-28,Fresno,019,978130,102909,102437,8764,111201,1705
2021-05-28,Glenn,021,27897,2433,2419,562,2981,18
2021-05-28,Humboldt,023,135768,4290,4265,38,4303,42
2021-05-28,Imperial,025,180216,28635,28722,2801,31523,736
2021-05-28,Inyo,027,18085,1403,1404,12,1416,35
2021-05-28,Kern,029,883053,97401,96396,10992,107388,1320
2021-05-28,Kings,031,150075,23171,22962,1100,24062,244
2021-05-28,Lake,033,64148,3535,3515,9,3524,45
2021-05-28,Lassen,035,31185,5212,5169,115,5284,6
2021-05-28,Los Angeles,037,10098052,1205174,1202103,41884,1243987,24357
2021-05-28,Madera,039,155013,16641,16530,942,17472,240
2021-05-28,Marin,041,260295,14091,14063,263,14326,229
2021-05-28,Mariposa,043,17540,433,428,11,439,5
2021-05-28,Mendocino,045,87422,4010,3947,76,4023,47
2021-05-28,Merced,047,269075,31112,31176,989,32165,455
2021-05-28,Modoc,049,8938,381,374,132,506,3
2021-05-28,Mono,051,14174,1257,1274,15,1289,3
2021-05-28,Monterey,053,433212,43172,43036,1883,44919,379
2021-05-28,Napa,055,140530,9928,9941,38,9979,82
2021-05-28,Nevada,057,99092,4846,4813,196,5009,71
2021-05-28,Orange,059,3164182,255629,254494,11394,265888,5047
2021-05-28,Placer,061,380077,23333,22987,1513,24500,293
2021-05-28,Plumas,063,18699,704,688,11,699,4
2021-05-28,Riverside,065,2383286,293917,288872,13993,302865,4442
2021-05-28,Sacramento,067,1510023,106464,106131,1793,107924,1642
2021-05-28,San Benito,069,59416,6066,6074,115,6189,63
2021-05-28,San Bernardino,071,2135413,293433,292905,9011,301916,4757
2021-05-28,San Diego,073,3302833,280903,280043,14967,295010,3756
2021-05-28,San Francisco,075,870044,36781,36987,1312,38299,546
2021-05-28,San Joaquin,077,732212,73270,72793,3589,76382,1383
2021-05-28,San Luis Obispo,079,281455,21338,21190,752,21942,256
2021-05-28,San Mateo,081,765935,42418,42364,474,42838,439
2021-05-28,Santa Barbara,083,443738,35017,34371,1204,35575,455
2021-05-28,Santa Clara,085,1922200,118704,119462,772,120234,2056
2021-05-28,Santa Cruz,087,273765,16230,16129,819,16948,207
2021-05-28,Shasta,089,179085,12375,12383,1592,13975,198
2021-05-28,Sierra,091,2930,57,54,12,66,0
2021-05-28,Siskiyou,093,43540,1931,1850,363,2213,19
2021-05-28,Solano,095,438530,32928,32892,559,33451,256
2021-05-28,Sonoma,097,501317,30151,30270,336,30606,321
2021-05-28,Stanislaus,099,539301,56510,56278,5981,62259,974
2021-05-28,Sutter,101,95872,9528,9511,89,9600,111
2021-05-28,Tehama,103,63373,5088,5064,586,5650,63
2021-05-28,Trinity,105,12862,484,328,94,422,3
2021-05-28,Tulare,107,460477,50251,49375,9131,58506,846
2021-05-28,Tuolumne,109,53932,4087,4090,38,4128,63
2021-05-28,Ventura,111,848112,81443,80985,3001,83986,1021
2021-05-28,Yolo,113,214977,14032,14050,324,14374,210
2021-05-28,Yuba,115,75493,6080,6050,125,6175,48
2021-05-27,Alameda,001,1643700,88299,88342,1978,90320,1274
2021-05-27,Alpine,003,1148,87,88,0,88,0
2021-05-27,Amador,005,37829,3683,3680,33,3713,46
2021-05-27,Butte,007,227075,12572,12401,1837,14238,190
2021-05-27,Calaveras,009,45235,2167,2163,14,2177,55
2021-05-27,Colusa,011,21464,1948,1952,313,2265,15
2021-05-27,Contra Costa,013,1133247,69710,69245,1287,70532,813
2021-05-27,Del Norte,015,27424,1415,1388,13,1401,8
2021-05-27,El Dorado,017,186661,10304,10248,728,10976,112
2021-05-27,Fresno,019,978130,102892,102413,8761,111174,1704
2021-05-27,Glenn,021,27897,2433,2415,562,2977,18
2021-05-27,Humboldt,023,135768,4282,4260,38,4298,42
2021-05-27,Imperial,025,180216,28624,28728,2801,31529,736
2021-05-27,Inyo,027,18085,1403,1404,12,1416,35
2021-05-27,Kern,029,883053,97385,96364,10984,107348,1322
2021-05-27,Kings,031,150075,23168,22953,1100,24053,245
2021-05-27,Lake,033,64148,3530,3509,9,3518,45
2021-05-27,Lassen,035,31185,5211,5170,114,5284,6
2021-05-27,Los Angeles,037,10098052,1205013,1201927,41868,1243795,24348
2021-05-27,Madera,039,155013,16632,16527,942,17469,240
2021-05-27,Marin,041,260295,14087,14061,263,14324,229
2021-05-27,Mariposa,043,17540,431,427,11,438,5
2021-05-27,Mendocino,045,87422,4004,3945,76,4021,47
2021-05-27,Merced,047,269075,31100,31161,989,32150,455
2021-05-27,Modoc,049,8938,380,374,132,506,3
2021-05-27,Mono,051,14174,1257,1276,15,1291,3
2021-05-27,Monterey,053,433212,43166,43032,1883,44915,379
2021-05-27,Napa,055,140530,9927,9934,38,9972,82
2021-05-27,Nevada,057,99092,4842,4807,194,5001,71
2021-05-27,Orange,059,3164182,255592,254438,11390,265828,5059
2021-05-27,Placer,061,380077,23324,22966,1513,24479,293
2021-05-27,Plumas,063,18699,704,687,11,698,4
2021-05-27,Riverside,065,2383286,293881,288835,13988,302823,4443
2021-05-27,Sacramento,067,1510023,106388,106015,1790,107805,1642
2021-05-27,San Benito,069,59416,6065,6074,115,6189,63
2021-05-27,San Bernardino,071,2135413,293397,292755,9009,301764,4756
2021-05-27,San Diego,073,3302833,280829,279960,14953,294913,3756
2021-05-27,San Francisco,075,870044,36775,36980,1309,38289,546
2021-05-27,San Joaquin,077,732212,73238,72714,3585,76299,1388
2021-05-27,San Luis Obispo,079,281455,21335,21171,752,21923,256
2021-05-27,San Mateo,081,765935,42409,42345,474,42819,436
2021-05-27,Santa Barbara,083,443738,35013,34355,1204,35559,456
2021-05-27,Santa Clara,085,1922200,118683,119452,772,120224,2053
2021-05-27,Santa Cruz,087,273765,16227,16134,819,16953,207
2021-05-27,Shasta,089,179085,12364,12380,1592,13972,202
2021-05-27,Sierra,091,2930,57,54,12,66,0
2021-05-27,Siskiyou,093,43540,1928,1846,363,2209,18
2021-05-27,Solano,095,438530,32887,32855,558,33413,257
2021-05-27,Sonoma,097,501317,30124,30253,332,30585,321
2021-05-27,Stanislaus,099,539301,56482,56207,5980,62187,974
2021-05-27,Sutter,101,95872,9524,9501,89,9590,111
2021-05-27,Tehama,103,63373,5085,5064,585,5649,63
2021-05-27,Trinity,105,12862,484,328,94,422,3
2021-05-27,Tulare,107,460477,50237,49366,9122,58488,840
2021-05-27,Tuolumne,109,53932,4086,4090,38,4128,66
2021-05-27,Ventura,111,848112,81430,80965,2998,83963,1023
2021-05-27,Yolo,113,214977,14029,14036,324,14360,213
2021-05-27,Yuba,115,75493,6075,6040,124,6164,48
2021-05-26,Alameda,001,1643700,88270,88297,1978,90275,1266
2021-05-26,Alpine,003,1148,87,88,0,88,0
2021-05-26,Amador,005,37829,3683,3679,33,3712,46
2021-05-26,Butte,007,227075,12563,12332,1836,14168,190
2021-05-26,Calaveras,009,45235,2165,2154,14,2168,55
2021-05-26,Colusa,011,21464,1947,1952,313,2265,15
2021-05-26,Contra Costa,013,1133247,69673,69210,1287,70497,812
2021-05-26,Del Norte,015,27424,1415,1386,12,1398,8
2021-05-26,El Dorado,017,186661,10300,10242,727,10969,112
2021-05-26,Fresno,019,978130,102860,102374,8756,111130,1702
2021-05-26,Glenn,021,27897,2432,2415,562,2977,18
2021-05-26,Humboldt,023,135768,4277,4246,38,4284,42
2021-05-26,Imperial,025,180216,28619,28712,2799,31511,734
2021-05-26,Inyo,027,18085,1403,1403,12,1415,36
2021-05-26,Kern,029,883053,97360,96343,10977,107320,1320
2021-05-26,Kings,031,150075,23164,22950,1099,24049,245
2021-05-26,Lake,033,64148,3529,3508,9,3517,45
2021-05-26,Lassen,035,31185,5210,5164,114,5278,6
2021-05-26,Los Angeles,037,10098052,1204847,1198100,41851,1239951,24221
2021-05-26,Madera,039,155013,16629,16520,942,17462,240
2021-05-26,Marin,041,260295,14084,14061,262,14323,227
2021-05-26,Mariposa,043,17540,431,427,11,438,5
2021-05-26,Mendocino,045,87422,3998,3938,76,4014,47
2021-05-26,Merced,047,269075,31091,31139,989,32128,455
2021-05-26,Modoc,049,8938,380,371,131,502,3
2021-05-26,Mono,051,14174,1257,1274,15,1289,3
2021-05-26,Monterey,053,433212,43160,43018,1882,44900,379
2021-05-26,Napa,055,140530,9920,9932,36,9968,82
2021-05-26,Nevada,057,99092,4837,4803,194,4997,70
2021-05-26,Orange,059,3164182,255554,254368,11387,265755,5058
2021-05-26,Placer,061,380077,23299,22940,1513,24453,293
2021-05-26,Plumas,063,18699,703,685,11,696,4
2021-05-26,Riverside,065,2383286,293835,288782,13981,302763,4443
2021-05-26,Sacramento,067,1510023,106302,105919,1786,107705,1637
2021-05-26,San Benito,069,59416,6065,6074,115,6189,63
2021-05-26,San Bernardino,071,2135413,293362,292662,9008,301670,4755
2021-05-26,San Diego,073,3302833,280754,279859,14943,294802,3755
2021-05-26,San Francisco,075,870044,36763,36954,1309,38263,546
2021-05-26,San Joaquin,077,732212,73197,72681,3582,76263,1388
2021-05-26,San Luis Obispo,079,281455,21330,21163,752,21915,256
2021-05-26,San Mateo,081,765935,42400,42331,474,42805,436
2021-05-26,Santa Barbara,083,443738,35004,34348,1204,35552,459
2021-05-26,Santa Clara,085,1922200,118656,119421,771,120192,2031
2021-05-26,Santa Cruz,087,273765,16226,16139,819,16958,207
2021-05-26,Shasta,089,179085,12350,12357,1589,13946,202
2021-05-26,Sierra,091,2930,57,54,12,66,0
2021-05-26,Siskiyou,093,43540,1926,1847,361,2208,18
2021-05-26,Solano,095,438530,32851,32831,558,33389,257
2021-05-26,Sonoma,097,501317,30098,30230,332,30562,321
2021-05-26,Stanislaus,099,539301,56459,56193,5977,62170,974
2021-05-26,Sutter,101,95872,9519,9495,89,9584,112
2021-05-26,Tehama,103,63373,5084,5054,582,5636,63
2021-05-26,Trinity,105,12862,484,328,94,422,3
2021-05-26,Tulare,107,460477,50230,49352,9118,58470,839
2021-05-26,Tuolumne,109,53932,4082,4088,37,4125,66
2021-05-26,Ventura,111,848112,81407,80944,2996,83940,1023
2021-05-26,Yolo,113,214977,14026,14025,324,14349,213
2021-05-26,Yuba,115,75493,6070,6036,124,6160,49
2021-05-25,Alameda,001,1643700,88241,88237,1978,90215,1263
2021-05-25,Alpine,003,1148,87,88,0,88,0
2021-05-25,Amador,005,37829,3678,3676,33,3709,46
2021-05-25,Butte,007,227075,12552,12295,1835,14130,189
2021-05-25,Calaveras,009,45235,2163,2148,14,2162,55
2021-05-25,Colusa,011,21464,1946,1949,313,2262,15
2021-05-25,Contra Costa,013,1133247,69620,69167,1282,70449,809
2021-05-25,Del Norte,015,27424,1415,1385,12,1397,8
2021-05-25,El Dorado,017,186661,10293,10240,726,10966,112
2021-05-25,Fresno,019,978130,102838,102329,8755,111084,1701
2021-05-25,Glenn,021,27897,2431,2414,561,2975,17
2021-05-25,Humboldt,023,135768,4270,4231,36,4267,42
2021-05-25,Imperial,025,180216,28612,28586,2799,31385,735
2021-05-25,Inyo,027,18085,1403,1402,12,1414,36
2021-05-25,Kern,029,883053,97329,96319,10963,107282,1319
2021-05-25,Kings,031,150075,23157,22944,1099,24043,245
2021-05-25,Lake,033,64148,3528,3508,9,3517,44
2021-05-25,Lassen,035,31185,5206,5164,114,5278,6
2021-05-25,Los Angeles,037,10098052,1204671,1197940,41832,1239772,24212
2021-05-25,Madera,039,155013,16624,16519,941,17460,240
2021-05-25,Marin,041,260295,14078,14053,262,14315,227
2021-05-25,Mariposa,043,17540,430,427,11,438,5
2021-05-25,Mendocino,045,87422,3993,3928,76,4004,47
2021-05-25,Merced,047,269075,31070,31132,989,32121,455
2021-05-25,Modoc,049,8938,379,367,131,498,3
2021-05-25,Mono,051,14174,1257,1274,15,1289,3
2021-05-25,Monterey,053,433212,43156,43012,1881,44893,379
2021-05-25,Napa,055,140530,9918,9926,36,9962,82
2021-05-25,Nevada,057,99092,4831,4795,194,4989,70
2021-05-25,Orange,059,3164182,255525,254321,11386,265707,5057
2021-05-25,Placer,061,380077,23288,22920,1511,24431,292
2021-05-25,Plumas,063,18699,703,684,11,695,4
2021-05-25,Riverside,065,2383286,293796,288725,13978,302703,4443
2021-05-25,Sacramento,067,1510023,106221,105828,1782,107610,1633
2021-05-25,San Benito,069,59416,6065,6073,115,6188,63
2021-05-25,San Bernardino,071,2135413,293302,292485,9006,301491,4755
2021-05-25,San Diego,073,3302833,280674,279786,14938,294724,3753
2021-05-25,San Francisco,075,870044,36740,36939,1309,38248,546
2021-05-25,San Joaquin,077,732212,73156,72628,3579,76207,1387
2021-05-25,San Luis Obispo,079,281455,21327,21153,752,21905,256
2021-05-25,San Mateo,081,765935,42390,42268,474,42742,435
2021-05-25,Santa Barbara,083,443738,35001,34337,1204,35541,459
2021-05-25,Santa Clara,085,1922200,118632,119393,770,120163,2032
2021-05-25,Santa Cruz,087,273765,16221,16141,819,16960,207
2021-05-25,Shasta,089,179085,12340,12328,1586,13914,202
2021-05-25,Sierra,091,2930,56,54,12,66,0
2021-05-25,Siskiyou,093,43540,1925,1845,360,2205,18
2021-05-25,Solano,095,438530,32832,32817,557,33374,256
2021-05-25,Sonoma,097,501317,30069,30207,331,30538,321
2021-05-25,Stanislaus,099,539301,56422,56168,5975,62143,974
2021-05-25,Sutter,101,95872,9515,9495,89,9584,112
2021-05-25,Tehama,103,63373,5082,5048,581,5629,63
2021-05-25,Trinity,105,12862,484,328,93,421,3
2021-05-25,Tulare,107,460477,50220,49326,9110,58436,838
2021-05-25,Tuolumne,109,53932,4082,4084,37,4121,66
2021-05-25,Ventura,111,848112,81389,80905,2996,83901,1022
2021-05-25,Yolo,113,214977,14019,14018,322,14340,213
2021-05-25,Yuba,115,75493,6063,6028,124,6152,49
2021-05-24,Alameda,001,1643700,88179,88182,1977,90159,1263
2021-05-24,Alpine,003,1148,87,88,0,88,0
2021-05-24,Amador,005,37829,3676,3675,33,3708,46
2021-05-24,Butte,007,227075,12539,12279,1832,14111,189
2021-05-24,Calaveras,009,45235,2162,2146,14,2160,54
2021-05-24,Colusa,011,21464,1946,1949,313,2262,15
2021-05-24,Contra Costa,013,1133247,69581,69107,1278,70385,809
2021-05-24,Del Norte,015,27424,1414,1384,12,1396,8
2021-05-24,El Dorado,017,186661,10283,10227,725,10952,112
2021-05-24,Fresno,019,978130,102795,102289,8754,111043,1698
2021-05-24,Glenn,021,27897,2431,2413,561,2974,17
2021-05-24,Humboldt,023,135768,4263,4225,36,4261,42
2021-05-24,Imperial,025,180216,28610,28575,2799,31374,735
2021-05-24,Inyo,027,18085,1403,1402,12,1414,36
2021-05-24,Kern,029,883053,97302,96296,10958,107254,1319
2021-05-24,Kings,031,150075,23153,22940,1099,24039,246
2021-05-24,Lake,033,64148,3526,3506,9,3515,43
2021-05-24,Lassen,035,31185,5202,5163,114,5277,6
2021-05-24,Los Angeles,037,10098052,1204497,1197782,41817,1239599,24201
2021-05-24,Madera,039,155013,16621,16513,940,17453,239
2021-05-24,Marin,041,260295,14076,14051,262,14313,227
2021-05-24,Mariposa,043,17540,429,427,11,438,5
2021-05-24,Mendocino,045,87422,3991,3919,76,3995,47
2021-05-24,Merced,047,269075,31060,31128,988,32116,455
2021-05-24,Modoc,049,8938,379,366,130,496,3
2021-05-24,Mono,051,14174,1257,1270,15,1285,3
2021-05-24,Monterey,053,433212,43151,43005,1880,44885,379
2021-05-24,Napa,055,140530,9918,9924,36,9960,82
2021-05-24,Nevada,057,99092,4828,4790,194,4984,70
2021-05-24,Orange,059,3164182,255489,254287,11376,265663,5056
2021-05-24,Placer,061,380077,23269,22895,1510,24405,292
2021-05-24,Plumas,063,18699,702,683,11,694,4
2021-05-24,Riverside,065,2383286,293739,288669,13968,302637,4442
2021-05-24,Sacramento,067,1510023,106106,105716,1781,107497,1632
2021-05-24,San Benito,069,59416,6065,6072,115,6187,63
2021-05-24,San Bernardino,071,2135413,293262,292343,9005,301348,4747
2021-05-24,San Diego,073,3302833,280565,279715,14928,294643,3749
2021-05-24,San Francisco,075,870044,36721,36934,1307,38241,547
2021-05-24,San Joaquin,077,732212,73124,72586,3578,76164,1371
2021-05-24,San Luis Obispo,079,281455,21309,21146,751,21897,256
2021-05-24,San Mateo,081,765935,42380,42249,474,42723,433
2021-05-24,Santa Barbara,083,443738,34996,34322,1204,35526,459
2021-05-24,Santa Clara,085,1922200,118600,119358,770,120128,2030
2021-05-24,Santa Cruz,087,273765,16216,16135,819,16954,207
2021-05-24,Shasta,089,179085,12323,12315,1583,13898,201
2021-05-24,Sierra,091,2930,56,54,12,66,0
2021-05-24,Siskiyou,093,43540,1922,1840,360,2200,17
2021-05-24,Solano,095,438530,32807,32792,556,33348,254
2021-05-24,Sonoma,097,501317,30054,30187,331,30518,321
2021-05-24,Stanislaus,099,539301,56388,56128,5971,62099,974
2021-05-24,Sutter,101,95872,9509,9486,89,9575,113
2021-05-24,Tehama,103,63373,5079,5043,579,5622,63
2021-05-24,Trinity,105,12862,484,328,93,421,3
2021-05-24,Tulare,107,460477,50213,49318,9106,58424,838
2021-05-24,Tuolumne,109,53932,4082,4083,37,4120,65
2021-05-24,Ventura,111,848112,81376,80876,2994,83870,1022
2021-05-24,Yolo,113,214977,14002,14012,320,14332,213
2021-05-24,Yuba,115,75493,6054,6022,124,6146,49
2021-05-23,Alameda,001,1643700,88108,88157,1974,90131,1263
2021-05-23,Alpine,003,1148,87,88,0,88,0
2021-05-23,Amador,005,37829,3675,3673,33,3706,46
2021-05-23,Butte,007,227075,12525,12271,1831,14102,189
2021-05-23,Calaveras,009,45235,2153,2144,14,2158,54
2021-05-23,Colusa,011,21464,1946,1949,311,2260,15
2021-05-23,Contra Costa,013,1133247,69536,69075,1276,70351,809
2021-05-23,Del Norte,015,27424,1410,1383,12,1395,8
2021-05-23,El Dorado,017,186661,10277,10222,725,10947,112
2021-05-23,Fresno,019,978130,102749,102270,8749,111019,1698
2021-05-23,Glenn,021,27897,2429,2413,561,2974,17
2021-05-23,Humboldt,023,135768,4246,4216,36,4252,42
2021-05-23,Imperial,025,180216,28604,28569,2798,31367,735
2021-05-23,Inyo,027,18085,1403,1402,12,1414,36
2021-05-23,Kern,029,883053,97278,96282,10950,107232,1319
2021-05-23,Kings,031,150075,23140,22939,1097,24036,246
2021-05-23,Lake,033,64148,3523,3504,9,3513,43
2021-05-23,Lassen,035,31185,5198,5163,113,5276,6
2021-05-23,Los Angeles,037,10098052,1204312,1197633,41805,1239438,24197
2021-05-23,Madera,039,155013,16615,16504,940,17444,239
2021-05-23,Marin,041,260295,14067,14048,261,14309,227
2021-05-23,Mariposa,043,17540,429,427,11,438,5
2021-05-23,Mendocino,045,87422,3985,3913,75,3988,47
2021-05-23,Merced,047,269075,31050,31118,988,32106,455
2021-05-23,Modoc,049,8938,375,366,130,496,3
2021-05-23,Mono,051,14174,1256,1270,15,1285,3
2021-05-23,Monterey,053,433212,43141,43003,1880,44883,379
2021-05-23,Napa,055,140530,9914,9923,36,9959,82
2021-05-23,Nevada,057,99092,4818,4790,194,4984,70
2021-05-23,Orange,059,3164182,255451,254277,11370,265647,5050
2021-05-23,Placer,061,380077,23249,22888,1510,24398,292
2021-05-23,Plumas,063,18699,701,683,11,694,4
2021-05-23,Riverside,065,2383286,293671,288641,13964,302605,4442
2021-05-23,Sacramento,067,1510023,105990,105663,1778,107441,1632
2021-05-23,San Benito,069,59416,6064,6072,115,6187,63
2021-05-23,San Bernardino,071,2135413,293211,292327,9004,301331,4747
2021-05-23,San Diego,073,3302833,280475,279690,14917,294607,3751
2021-05-23,San Francisco,075,870044,36710,36927,1306,38233,547
2021-05-23,San Joaquin,077,732212,73075,72571,3575,76146,1371
2021-05-23,San Luis Obispo,079,281455,21299,21141,750,21891,256
2021-05-23,San Mateo,081,765935,42363,42248,474,42722,433
2021-05-23,Santa Barbara,083,443738,34989,34319,1204,35523,459
2021-05-23,Santa Clara,085,1922200,118576,119333,770,120103,2030
2021-05-23,Santa Cruz,087,273765,16213,16130,819,16949,207
2021-05-23,Shasta,089,179085,12306,12313,1579,13892,201
2021-05-23,Sierra,091,2930,56,54,12,66,0
2021-05-23,Siskiyou,093,43540,1917,1826,353,2179,17
2021-05-23,Solano,095,438530,32789,32780,555,33335,254
2021-05-23,Sonoma,097,501317,30025,30168,330,30498,321
2021-05-23,Stanislaus,099,539301,56338,56104,5968,62072,974
2021-05-23,Sutter,101,95872,9500,9479,89,9568,113
2021-05-23,Tehama,103,63373,5072,5041,577,5618,63
2021-05-23,Trinity,105,12862,484,328,93,421,3
2021-05-23,Tulare,107,460477,50199,49310,9102,58412,838
2021-05-23,Tuolumne,109,53932,4079,4081,37,4118,65
2021-05-23,Ventura,111,848112,81346,80872,2993,83865,1022
2021-05-23,Yolo,113,214977,13990,14004,317,14321,213
2021-05-23,Yuba,115,75493,6049,6017,124,6141,49
2021-05-22,Alameda,001,1643700,88082,88101,1974,90075,1263
2021-05-22,Alpine,003,1148,87,88,0,88,0
2021-05-22,Amador,005,37829,3674,3672,33,3705,46
2021-05-22,Butte,007,227075,12513,12265,1830,14095,189
2021-05-22,Calaveras,009,45235,2150,2141,14,2155,54
2021-05-22,Colusa,011,21464,1942,1949,310,2259,15
2021-05-22,Contra Costa,013,1133247,69503,69004,1275,70279,809
2021-05-22,Del Norte,015,27424,1409,1381,12,1393,8
2021-05-22,El Dorado,017,186661,10272,10215,725,10940,112
2021-05-22,Fresno,019,978130,102735,102238,8747,110985,1698
2021-05-22,Glenn,021,27897,2429,2412,561,2973,17
2021-05-22,Humboldt,023,135768,4237,4194,35,4229,42
2021-05-22,Imperial,025,180216,28595,28574,2797,31371,735
2021-05-22,Inyo,027,18085,1403,1402,12,1414,36
2021-05-22,Kern,029,883053,97266,96260,10943,107203,1319
2021-05-22,Kings,031,150075,23140,22936,1097,24033,246
2021-05-22,Lake,033,64148,3520,3502,9,3511,43
2021-05-22,Lassen,035,31185,5198,5163,113,5276,6
2021-05-22,Los Angeles,037,10098052,1204206,1197454,41796,1239250,24192
2021-05-22,Madera,039,155013,16612,16503,940,17443,239
2021-05-22,Marin,041,260295,14064,14043,261,14304,227
2021-05-22,Mariposa,043,17540,429,427,11,438,5
2021-05-22,Mendocino,045,87422,3979,3908,75,3983,47
2021-05-22,Merced,047,269075,31040,31099,988,32087,455
2021-05-22,Modoc,049,8938,375,366,130,496,3
2021-05-22,Mono,051,14174,1254,1270,15,1285,3
2021-05-22,Monterey,053,433212,43135,42998,1880,44878,379
2021-05-22,Napa,055,140530,9912,9918,36,9954,82
2021-05-22,Nevada,057,99092,4811,4787,193,4980,70
2021-05-22,Orange,059,3164182,255430,254238,11364,265602,5048
2021-05-22,Placer,061,380077,23235,22865,1509,24374,292
2021-05-22,Plumas,063,18699,700,683,11,694,4
2021-05-22,Riverside,065,2383286,293639,288580,13963,302543,4442
2021-05-22,Sacramento,067,1510023,105915,105551,1775,107326,1632
2021-05-22,San Benito,069,59416,6064,6071,115,6186,63
2021-05-22,San Bernardino,071,2135413,293186,292292,9004,301296,4747
2021-05-22,San Diego,073,3302833,280416,279614,14909,294523,3751
2021-05-22,San Francisco,075,870044,36700,36906,1304,38210,547
2021-05-22,San Joaquin,077,732212,73053,72528,3572,76100,1371
2021-05-22,San Luis Obispo,079,281455,21291,21134,749,21883,256
2021-05-22,San Mateo,081,765935,42353,42218,474,42692,433
2021-05-22,Santa Barbara,083,443738,34985,34313,1203,35516,459
2021-05-22,Santa Clara,085,1922200,118553,119292,770,120062,2030
2021-05-22,Santa Cruz,087,273765,16213,16125,819,16944,207
2021-05-22,Shasta,089,179085,12300,12307,1576,13883,201
2021-05-22,Sierra,091,2930,56,54,12,66,0
2021-05-22,Siskiyou,093,43540,1916,1824,352,2176,17
2021-05-22,Solano,095,438530,32776,32753,555,33308,254
2021-05-22,Sonoma,097,501317,30013,30154,330,30484,321
2021-05-22,Stanislaus,099,539301,56313,56069,5966,62035,974
2021-05-22,Sutter,101,95872,9495,9476,89,9565,113
2021-05-22,Tehama,103,63373,5071,5036,577,5613,63
2021-05-22,Trinity,105,12862,484,328,93,421,3
2021-05-22,Tulare,107,460477,50193,49299,9097,58396,838
2021-05-22,Tuolumne,109,53932,4079,4078,37,4115,65
2021-05-22,Ventura,111,848112,81342,80859,2993,83852,1022
2021-05-22,Yolo,113,214977,13988,13997,317,14314,213
2021-05-22,Yuba,115,75493,6046,6010,124,6134,49
2021-05-21,Alameda,001,1643700,88055,88041,1973,90014,1263
2021-05-21,Alpine,003,1148,87,88,0,88,0
2021-05-21,Amador,005,37829,3671,3672,33,3705,46
2021-05-21,Butte,007,227075,12506,12236,1828,14064,188
2021-05-21,Calaveras,009,45235,2148,2138,14,2152,54
2021-05-21,Colusa,011,21464,1942,1947,310,2257,15
2021-05-21,Contra Costa,013,1133247,69460,68965,1274,70239,810
2021-05-21,Del Norte,015,27424,1408,1376,12,1388,8
2021-05-21,El Dorado,017,186661,10268,10204,725,10929,112
2021-05-21,Fresno,019,978130,102707,102189,8745,110934,1698
2021-05-21,Glenn,021,27897,2429,2408,561,2969,17
2021-05-21,Humboldt,023,135768,4230,4175,35,4210,42
2021-05-21,Imperial,025,180216,28588,28572,2796,31368,732
2021-05-21,Inyo,027,18085,1403,1402,12,1414,36
2021-05-21,Kern,029,883053,97252,96233,10936,107169,1318
2021-05-21,Kings,031,150075,23140,22927,1097,24024,246
2021-05-21,Lake,033,64148,3518,3500,9,3509,43
2021-05-21,Lassen,035,31185,5197,5161,113,5274,6
2021-05-21,Los Angeles,037,10098052,1204096,1197263,41787,1239050,24180
2021-05-21,Madera,039,155013,16611,16500,939,17439,238
2021-05-21,Marin,041,260295,14059,14042,261,14303,227
2021-05-21,Mariposa,043,17540,428,427,11,438,5
2021-05-21,Mendocino,045,87422,3973,3897,75,3972,47
2021-05-21,Merced,047,269075,31032,31076,988,32064,455
2021-05-21,Modoc,049,8938,375,365,130,495,3
2021-05-21,Mono,051,14174,1254,1269,15,1284,3
2021-05-21,Monterey,053,433212,43133,42995,1880,44875,379
2021-05-21,Napa,055,140530,9908,9913,36,9949,82
2021-05-21,Nevada,057,99092,4810,4779,193,4972,70
2021-05-21,Orange,059,3164182,255410,254171,11362,265533,5042
2021-05-21,Placer,061,380077,23227,22853,1509,24362,292
2021-05-21,Plumas,063,18699,700,683,10,693,4
2021-05-21,Riverside,065,2383286,293612,288499,13956,302455,4442
2021-05-21,Sacramento,067,1510023,105848,105476,1772,107248,1632
2021-05-21,San Benito,069,59416,6064,6068,115,6183,63
2021-05-21,San Bernardino,071,2135413,293154,292205,9001,301206,4744
2021-05-21,San Diego,073,3302833,280345,279554,14899,294453,3748
2021-05-21,San Francisco,075,870044,36694,36879,1304,38183,546
2021-05-21,San Joaquin,077,732212,73034,72467,3570,76037,1371
2021-05-21,San Luis Obispo,079,281455,21285,21128,746,21874,256
2021-05-21,San Mateo,081,765935,42340,42163,473,42636,432
2021-05-21,Santa Barbara,083,443738,34980,34302,1203,35505,459
2021-05-21,Santa Clara,085,1922200,118526,119247,770,120017,2029
2021-05-21,Santa Cruz,087,273765,16209,16120,819,16939,207
2021-05-21,Shasta,089,179085,12283,12289,1574,13863,201
2021-05-21,Sierra,091,2930,56,54,12,66,0
2021-05-21,Siskiyou,093,43540,1915,1815,352,2167,16
2021-05-21,Solano,095,438530,32761,32742,555,33297,254
2021-05-21,Sonoma,097,501317,30000,30126,330,30456,321
2021-05-21,Stanislaus,099,539301,56281,56036,5964,62000,975
2021-05-21,Sutter,101,95872,9493,9470,89,9559,113
2021-05-21,Tehama,103,63373,5065,5030,577,5607,63
2021-05-21,Trinity,105,12862,484,329,92,421,3
2021-05-21,Tulare,107,460477,50188,49271,9095,58366,838
2021-05-21,Tuolumne,109,53932,4077,4079,37,4116,65
2021-05-21,Ventura,111,848112,81334,80821,2990,83811,1021
2021-05-21,Yolo,113,214977,13981,13983,317,14300,213
2021-05-21,Yuba,115,75493,6040,6006,124,6130,49
2021-05-20,Alameda,001,1643700,88008,87975,1972,89947,1264
2021-05-20,Alpine,003,1148,87,88,0,88,0
2021-05-20,Amador,005,37829,3670,3671,33,3704,46
2021-05-20,Butte,007,227075,12499,12220,1825,14045,188
2021-05-20,Calaveras,009,45235,2144,2138,14,2152,54
2021-05-20,Colusa,011,21464,1941,1946,308,2254,15
2021-05-20,Contra Costa,013,1133247,69415,68913,1272,70185,809
2021-05-20,Del Norte,015,27424,1408,1373,12,1385,8
2021-05-20,El Dorado,017,186661,10258,10188,725,10913,112
2021-05-20,Fresno,019,978130,102685,102135,8743,110878,1696
2021-05-20,Glenn,021,27897,2425,2406,561,2967,17
2021-05-20,Humboldt,023,135768,4213,4162,34,4196,42
2021-05-20,Imperial,025,180216,28583,28551,2796,31347,732
2021-05-20,Inyo,027,18085,1403,1402,12,1414,36
2021-05-20,Kern,029,883053,97231,96204,10929,107133,1317
2021-05-20,Kings,031,150075,23138,22922,1097,24019,246
2021-05-20,Lake,033,64148,3515,3500,9,3509,43
2021-05-20,Lassen,035,31185,5195,5160,112,5272,6
2021-05-20,Los Angeles,037,10098052,1203940,1197073,41778,1238851,24168
2021-05-20,Madera,039,155013,16605,16499,937,17436,238
2021-05-20,Marin,041,260295,14055,14036,260,14296,227
2021-05-20,Mariposa,043,17540,428,426,11,437,5
2021-05-20,Mendocino,045,87422,3966,3897,75,3972,47
2021-05-20,Merced,047,269075,31019,31046,987,32033,454
2021-05-20,Modoc,049,8938,375,365,130,495,3
2021-05-20,Mono,051,14174,1253,1269,15,1284,3
2021-05-20,Monterey,053,433212,43127,42984,1879,44863,379
2021-05-20,Napa,055,140530,9905,9913,36,9949,82
2021-05-20,Nevada,057,99092,4809,4775,193,4968,70
2021-05-20,Orange,059,3164182,255366,254127,11359,265486,5038
2021-05-20,Placer,061,380077,23214,22823,1508,24331,292
2021-05-20,Plumas,063,18699,698,682,10,692,4
2021-05-20,Riverside,065,2383286,293564,288453,13951,302404,4442
2021-05-20,Sacramento,067,1510023,105752,105414,1769,107183,1629
2021-05-20,San Benito,069,59416,6063,6067,115,6182,63
2021-05-20,San Bernardino,071,2135413,293108,292153,9000,301153,4728
2021-05-20,San Diego,073,3302833,280257,279490,14887,294377,3749
2021-05-20,San Francisco,075,870044,36685,36860,1304,38164,546
2021-05-20,San Joaquin,077,732212,72996,72388,3568,75956,1371
2021-05-20,San Luis Obispo,079,281455,21273,21095,744,21839,256
2021-05-20,San Mateo,081,765935,42326,42152,471,42623,432
2021-05-20,Santa Barbara,083,443738,34976,34293,1203,35496,459
2021-05-20,Santa Clara,085,1922200,118505,119222,770,119992,2029
2021-05-20,Santa Cruz,087,273765,16204,16119,819,16938,207
2021-05-20,Shasta,089,179085,12270,12266,1571,13837,200
2021-05-20,Sierra,091,2930,56,54,12,66,0
2021-05-20,Siskiyou,093,43540,1908,1811,351,2162,16
2021-05-20,Solano,095,438530,32746,32725,555,33280,253
2021-05-20,Sonoma,097,501317,29983,30107,329,30436,321
2021-05-20,Stanislaus,099,539301,56250,55979,5962,61941,970
2021-05-20,Sutter,101,95872,9489,9467,89,9556,113
2021-05-20,Tehama,103,63373,5063,5029,577,5606,63
2021-05-20,Trinity,105,12862,484,329,91,420,3
2021-05-20,Tulare,107,460477,50177,49217,9092,58309,837
2021-05-20,Tuolumne,109,53932,4076,4077,37,4114,65
2021-05-20,Ventura,111,848112,81323,80800,2990,83790,1019
2021-05-20,Yolo,113,214977,13976,13973,317,14290,211
2021-05-20,Yuba,115,75493,6031,6002,124,6126,49
2021-05-19,Alameda,001,1643700,87967,87889,1970,89859,1260
2021-05-19,Alpine,003,1148,87,88,0,88,0
2021-05-19,Amador,005,37829,3670,3669,33,3702,46
2021-05-19,Butte,007,227075,12489,12198,1825,14023,188
2021-05-19,Calaveras,009,45235,2140,2132,14,2146,54
2021-05-19,Colusa,011,21464,1941,1945,306,2251,15
2021-05-19,Contra Costa,013,1133247,69368,68836,1272,70108,808
2021-05-19,Del Norte,015,27424,1406,1371,12,1383,8
2021-05-19,El Dorado,017,186661,10253,10179,724,10903,112
2021-05-19,Fresno,019,978130,102655,102085,8740,110825,1693
2021-05-19,Glenn,021,27897,2425,2404,561,2965,17
2021-05-19,Humboldt,023,135768,4203,4143,34,4177,42
2021-05-19,Imperial,025,180216,28574,28550,2796,31346,732
2021-05-19,Inyo,027,18085,1403,1402,12,1414,36
2021-05-19,Kern,029,883053,97202,96173,10921,107094,1316
2021-05-19,Kings,031,150075,23132,22919,1097,24016,246
2021-05-19,Lake,033,64148,3515,3497,9,3506,43
2021-05-19,Lassen,035,31185,5194,5157,112,5269,6
2021-05-19,Los Angeles,037,10098052,1203747,1196856,41763,1238619,24143
2021-05-19,Madera,039,155013,16602,16496,937,17433,238
2021-05-19,Marin,041,260295,14051,14033,258,14291,227
2021-05-19,Mariposa,043,17540,428,425,11,436,5
2021-05-19,Mendocino,045,87422,3962,3886,75,3961,47
2021-05-19,Merced,047,269075,31003,31044,987,32031,452
2021-05-19,Modoc,049,8938,375,364,127,491,3
2021-05-19,Mono,051,14174,1253,1266,15,1281,3
2021-05-19,Monterey,053,433212,43122,42973,1878,44851,379
2021-05-19,Napa,055,140530,9902,9906,36,9942,82
2021-05-19,Nevada,057,99092,4807,4769,193,4962,70
2021-05-19,Orange,059,3164182,255329,254087,11349,265436,5035
2021-05-19,Placer,061,380077,23195,22784,1503,24287,291
2021-05-19,Plumas,063,18699,698,682,10,692,4
2021-05-19,Riverside,065,2383286,293517,288398,13949,302347,4442
2021-05-19,Sacramento,067,1510023,105674,105225,1768,106993,1629
2021-05-19,San Benito,069,59416,6062,6064,115,6179,63
2021-05-19,San Bernardino,071,2135413,293064,292078,8997,301075,4725
2021-05-19,San Diego,073,3302833,280173,279345,14866,294211,3746
2021-05-19,San Francisco,075,870044,36672,36835,1303,38138,546
2021-05-19,San Joaquin,077,732212,72953,72338,3563,75901,1369
2021-05-19,San Luis Obispo,079,281455,21265,21085,743,21828,256
2021-05-19,San Mateo,081,765935,42319,42126,471,42597,429
2021-05-19,Santa Barbara,083,443738,34968,34292,1203,35495,459
2021-05-19,Santa Clara,085,1922200,118465,119176,769,119945,2015
2021-05-19,Santa Cruz,087,273765,16200,16121,818,16939,207
2021-05-19,Shasta,089,179085,12252,12233,1567,13800,200
2021-05-19,Sierra,091,2930,56,54,12,66,0
2021-05-19,Siskiyou,093,43540,1905,1803,350,2153,16
2021-05-19,Solano,095,438530,32719,32678,553,33231,253
2021-05-19,Sonoma,097,501317,29968,30080,329,30409,321
2021-05-19,Stanislaus,099,539301,56228,55912,5957,61869,967
2021-05-19,Sutter,101,95872,9482,9459,88,9547,113
2021-05-19,Tehama,103,63373,5055,5026,574,5600,63
2021-05-19,Trinity,105,12862,484,329,91,420,3
2021-05-19,Tulare,107,460477,50164,49163,9087,58250,837
2021-05-19,Tuolumne,109,53932,4076,4074,37,4111,64
2021-05-19,Ventura,111,848112,81307,80747,2989,83736,1019
2021-05-19,Yolo,113,214977,13970,13961,316,14277,211
2021-05-19,Yuba,115,75493,6027,5993,124,6117,49
2021-05-18,Alameda,001,1643700,87894,87816,1970,89786,1254
2021-05-18,Alpine,003,1148,87,88,0,88,0
2021-05-18,Amador,005,37829,3670,3669,33,3702,46
2021-05-18,Butte,007,227075,12476,12164,1823,13987,191
2021-05-18,Calaveras,009,45235,2136,2131,14,2145,54
2021-05-18,Colusa,011,21464,1941,1943,306,2249,14
2021-05-18,Contra Costa,013,1133247,69311,68750,1271,70021,808
2021-05-18,Del Norte,015,27424,1403,1371,12,1383,8
2021-05-18,El Dorado,017,186661,10242,10169,723,10892,112
2021-05-18,Fresno,019,978130,102617,102056,8737,110793,1690
2021-05-18,Glenn,021,27897,2419,2403,560,2963,17
2021-05-18,Humboldt,023,135768,4185,4132,34,4166,42
2021-05-18,Imperial,025,180216,28568,28538,2794,31332,730
2021-05-18,Inyo,027,18085,1403,1401,12,1413,36
2021-05-18,Kern,029,883053,97168,96128,10907,107035,1315
2021-05-18,Kings,031,150075,23126,22916,1097,24013,247
2021-05-18,Lake,033,64148,3513,3495,9,3504,43
2021-05-18,Lassen,035,31185,5193,5157,111,5268,6
2021-05-18,Los Angeles,037,10098052,1203569,1196668,41751,1238419,24133
2021-05-18,Madera,039,155013,16592,16491,936,17427,238
2021-05-18,Marin,041,260295,14048,14026,258,14284,227
2021-05-18,Mariposa,043,17540,428,424,11,435,5
2021-05-18,Mendocino,045,87422,3951,3877,74,3951,47
2021-05-18,Merced,047,269075,30984,31036,987,32023,452
2021-05-18,Modoc,049,8938,374,364,126,490,3
2021-05-18,Mono,051,14174,1252,1265,15,1280,3
2021-05-18,Monterey,053,433212,43116,43001,1878,44879,379
2021-05-18,Napa,055,140530,9902,9905,36,9941,82
2021-05-18,Nevada,057,99092,4800,4762,193,4955,70
2021-05-18,Orange,059,3164182,255288,254041,11339,265380,5031
2021-05-18,Placer,061,380077,23162,22726,1499,24225,291
2021-05-18,Plumas,063,18699,698,682,10,692,4
2021-05-18,Riverside,065,2383286,293462,288354,13942,302296,4438
2021-05-18,Sacramento,067,1510023,105573,105083,1766,106849,1629
2021-05-18,San Benito,069,59416,6061,6065,115,6180,63
2021-05-18,San Bernardino,071,2135413,293006,292014,8992,301006,4722
2021-05-18,San Diego,073,3302833,280065,279254,14857,294111,3742
2021-05-18,San Francisco,075,870044,36652,36818,1303,38121,546
2021-05-18,San Joaquin,077,732212,72906,72282,3559,75841,1368
2021-05-18,San Luis Obispo,079,281455,21255,21080,741,21821,256
2021-05-18,San Mateo,081,765935,42307,42099,470,42569,428
2021-05-18,Santa Barbara,083,443738,34959,34278,1203,35481,459
2021-05-18,Santa Clara,085,1922200,118438,119171,769,119940,2014
2021-05-18,Santa Cruz,087,273765,16192,16137,818,16955,207
2021-05-18,Shasta,089,179085,12234,12197,1561,13758,200
2021-05-18,Sierra,091,2930,56,54,12,66,0
2021-05-18,Siskiyou,093,43540,1904,1799,350,2149,16
2021-05-18,Solano,095,438530,32694,32644,553,33197,253
2021-05-18,Sonoma,097,501317,29948,30054,328,30382,321
2021-05-18,Stanislaus,099,539301,56189,55860,5957,61817,959
2021-05-18,Sutter,101,95872,9474,9453,88,9541,113
2021-05-18,Tehama,103,63373,5051,5020,571,5591,63
2021-05-18,Trinity,105,12862,484,329,90,419,3
2021-05-18,Tulare,107,460477,50156,49142,9082,58224,836
2021-05-18,Tuolumne,109,53932,4074,4073,37,4110,64
2021-05-18,Ventura,111,848112,81291,80726,2986,83712,1017
2021-05-18,Yolo,113,214977,13963,13951,315,14266,211
2021-05-18,Yuba,115,75493,6023,5989,123,6112,49
2021-05-17,Alameda,001,1643700,87842,87766,1967,89733,1253
2021-05-17,Alpine,003,1148,87,88,0,88,0
2021-05-17,Amador,005,37829,3667,3668,33,3701,46
2021-05-17,Butte,007,227075,12468,12144,1823,13967,192
2021-05-17,Calaveras,009,45235,2136,2131,14,2145,53
2021-05-17,Colusa,011,21464,1941,1943,306,2249,14
2021-05-17,Contra Costa,013,1133247,69256,68720,1270,69990,805
2021-05-17,Del Norte,015,27424,1398,1369,12,1381,8
2021-05-17,El Dorado,017,186661,10225,10163,723,10886,112
2021-05-17,Fresno,019,978130,102574,102013,8729,110742,1690
2021-05-17,Glenn,021,27897,2419,2401,560,2961,17
2021-05-17,Humboldt,023,135768,4174,4112,34,4146,42
2021-05-17,Imperial,025,180216,28562,28533,2792,31325,729
2021-05-17,Inyo,027,18085,1403,1401,12,1413,36
2021-05-17,Kern,029,883053,97139,96095,10890,106985,1315
2021-05-17,Kings,031,150075,23123,22918,1097,24015,246
2021-05-17,Lake,033,64148,3508,3489,9,3498,43
2021-05-17,Lassen,035,31185,5190,5156,110,5266,6
2021-05-17,Los Angeles,037,10098052,1203395,1196556,41745,1238301,24123
2021-05-17,Madera,039,155013,16585,16486,936,17422,238
2021-05-17,Marin,041,260295,14042,14021,258,14279,227
2021-05-17,Mariposa,043,17540,427,423,11,434,5
2021-05-17,Mendocino,045,87422,3942,3868,74,3942,46
2021-05-17,Merced,047,269075,30969,31031,987,32018,450
2021-05-17,Modoc,049,8938,373,362,126,488,3
2021-05-17,Mono,051,14174,1248,1265,15,1280,3
2021-05-17,Monterey,053,433212,43109,42995,1878,44873,379
2021-05-17,Napa,055,140530,9901,9894,36,9930,82
2021-05-17,Nevada,057,99092,4795,4761,192,4953,70
2021-05-17,Orange,059,3164182,255242,253993,11332,265325,5031
2021-05-17,Placer,061,380077,23136,22706,1492,24198,289
2021-05-17,Plumas,063,18699,698,682,10,692,4
2021-05-17,Riverside,065,2383286,293393,288304,13938,302242,4433
2021-05-17,Sacramento,067,1510023,105465,105035,1763,106798,1629
2021-05-17,San Benito,069,59416,6058,6067,115,6182,63
2021-05-17,San Bernardino,071,2135413,292957,291989,8984,300973,4724
2021-05-17,San Diego,073,3302833,279933,279146,14835,293981,3742
2021-05-17,San Francisco,075,870044,36640,36816,1301,38117,546
2021-05-17,San Joaquin,077,732212,72868,72234,3556,75790,1359
2021-05-17,San Luis Obispo,079,281455,21246,21079,739,21818,256
2021-05-17,San Mateo,081,765935,42279,42083,470,42553,428
2021-05-17,Santa Barbara,083,443738,34952,34275,1203,35478,459
2021-05-17,Santa Clara,085,1922200,118401,119116,767,119883,2015
2021-05-17,Santa Cruz,087,273765,16189,16151,818,16969,206
2021-05-17,Shasta,089,179085,12212,12163,1560,13723,200
2021-05-17,Sierra,091,2930,56,54,12,66,0
2021-05-17,Siskiyou,093,43540,1895,1795,347,2142,15
2021-05-17,Solano,095,438530,32676,32627,552,33179,253
2021-05-17,Sonoma,097,501317,29925,30043,327,30370,321
2021-05-17,Stanislaus,099,539301,56138,55839,5950,61789,951
2021-05-17,Sutter,101,95872,9467,9447,88,9535,113
2021-05-17,Tehama,103,63373,5048,5016,570,5586,63
2021-05-17,Trinity,105,12862,484,328,90,418,3
2021-05-17,Tulare,107,460477,50134,49107,9075,58182,836
2021-05-17,Tuolumne,109,53932,4074,4071,37,4108,64
2021-05-17,Ventura,111,848112,81271,80699,2986,83685,1017
2021-05-17,Yolo,113,214977,13956,13941,315,14256,211
2021-05-17,Yuba,115,75493,6015,5987,123,6110,49
2021-05-16,Alameda,001,1643700,87778,87743,1967,89710,1253
2021-05-16,Alpine,003,1148,87,88,0,88,0
2021-05-16,Amador,005,37829,3666,3667,33,3700,46
2021-05-16,Butte,007,227075,12454,12140,1823,13963,192
2021-05-16,Calaveras,009,45235,2134,2129,14,2143,53
2021-05-16,Colusa,011,21464,1939,1943,306,2249,14
2021-05-16,Contra Costa,013,1133247,69188,68694,1267,69961,805
2021-05-16,Del Norte,015,27424,1395,1365,12,1377,8
2021-05-16,El Dorado,017,186661,10209,10159,722,10881,112
2021-05-16,Fresno,019,978130,102530,101987,8723,110710,1690
2021-05-16,Glenn,021,27897,2419,2401,559,2960,17
2021-05-16,Humboldt,023,135768,4159,4104,34,4138,42
2021-05-16,Imperial,025,180216,28551,28516,2791,31307,729
2021-05-16,Inyo,027,18085,1403,1401,12,1413,36
2021-05-16,Kern,029,883053,97106,96083,10869,106952,1315
2021-05-16,Kings,031,150075,23119,22918,1094,24012,246
2021-05-16,Lake,033,64148,3505,3489,9,3498,43
2021-05-16,Lassen,035,31185,5189,5156,110,5266,6
2021-05-16,Los Angeles,037,10098052,1203175,1196397,41729,1238126,24120
2021-05-16,Madera,039,155013,16580,16483,933,17416,238
2021-05-16,Marin,041,260295,14039,14015,258,14273,227
2021-05-16,Mariposa,043,17540,427,423,11,434,5
2021-05-16,Mendocino,045,87422,3932,3863,74,3937,46
2021-05-16,Merced,047,269075,30948,31023,985,32008,450
2021-05-16,Modoc,049,8938,373,362,126,488,3
2021-05-16,Mono,051,14174,1248,1265,15,1280,3
2021-05-16,Monterey,053,433212,43104,42991,1878,44869,379
2021-05-16,Napa,055,140530,9898,9891,36,9927,82
2021-05-16,Nevada,057,99092,4790,4755,192,4947,70
2021-05-16,Orange,059,3164182,255209,253962,11329,265291,5031
2021-05-16,Placer,061,380077,23104,22696,1486,24182,289
2021-05-16,Plumas,063,18699,697,682,10,692,4
2021-05-16,Riverside,065,2383286,293317,288259,13930,302189,4433
2021-05-16,Sacramento,067,1510023,105351,105013,1761,106774,1628
2021-05-16,San Benito,069,59416,6057,6067,114,6181,63
2021-05-16,San Bernardino,071,2135413,292884,291940,8982,300922,4724
2021-05-16,San Diego,073,3302833,279815,279099,14822,293921,3742
2021-05-16,San Francisco,075,870044,36618,36808,1300,38108,546
2021-05-16,San Joaquin,077,732212,72820,72218,3551,75769,1359
2021-05-16,San Luis Obispo,079,281455,21239,21072,738,21810,256
2021-05-16,San Mateo,081,765935,42268,42063,469,42532,428
2021-05-16,Santa Barbara,083,443738,34945,34270,1203,35473,459
2021-05-16,Santa Clara,085,1922200,118372,119098,766,119864,2015
2021-05-16,Santa Cruz,087,273765,16187,16143,818,16961,206
2021-05-16,Shasta,089,179085,12196,12156,1556,13712,200
2021-05-16,Sierra,091,2930,56,54,12,66,0
2021-05-16,Siskiyou,093,43540,1891,1790,346,2136,15
2021-05-16,Solano,095,438530,32643,32619,550,33169,253
2021-05-16,Sonoma,097,501317,29906,30033,327,30360,321
2021-05-16,Stanislaus,099,539301,56083,55814,5938,61752,951
2021-05-16,Sutter,101,95872,9460,9445,88,9533,113
2021-05-16,Tehama,103,63373,5044,5013,569,5582,63
2021-05-16,Trinity,105,12862,484,328,90,418,3
2021-05-16,Tulare,107,460477,50117,49091,9072,58163,837
2021-05-16,Tuolumne,109,53932,4070,4070,37,4107,64
2021-05-16,Ventura,111,848112,81240,80689,2986,83675,1017
2021-05-16,Yolo,113,214977,13941,13938,315,14253,211
2021-05-16,Yuba,115,75493,6012,5987,123,6110,49
2021-05-15,Alameda,001,1643700,87752,87677,1966,89643,1252
2021-05-15,Alpine,003,1148,87,88,0,88,0
2021-05-15,Amador,005,37829,3666,3666,33,3699,46
2021-05-15,Butte,007,227075,12447,12095,1822,13917,192
2021-05-15,Calaveras,009,45235,2133,2126,14,2140,53
2021-05-15,Colusa,011,21464,1939,1941,304,2245,14
2021-05-15,Contra Costa,013,1133247,69142,68658,1267,69925,805
2021-05-15,Del Norte,015,27424,1390,1359,12,1371,8
2021-05-15,El Dorado,017,186661,10197,10156,721,10877,112
2021-05-15,Fresno,019,978130,102493,101957,8720,110677,1690
2021-05-15,Glenn,021,27897,2419,2400,559,2959,17
2021-05-15,Humboldt,023,135768,4149,4080,34,4114,42
2021-05-15,Imperial,025,180216,28548,28504,2790,31294,729
2021-05-15,Inyo,027,18085,1403,1402,12,1414,36
2021-05-15,Kern,029,883053,97092,96061,10853,106914,1315
2021-05-15,Kings,031,150075,23118,22913,1094,24007,246
2021-05-15,Lake,033,64148,3504,3485,9,3494,43
2021-05-15,Lassen,035,31185,5186,5156,109,5265,6
2021-05-15,Los Angeles,037,10098052,1203053,1196255,41716,1237971,24115
2021-05-15,Madera,039,155013,16577,16482,933,17415,238
2021-05-15,Marin,041,260295,14035,14012,258,14270,227
2021-05-15,Mariposa,043,17540,427,423,11,434,5
2021-05-15,Mendocino,045,87422,3929,3861,74,3935,46
2021-05-15,Merced,047,269075,30927,31012,985,31997,450
2021-05-15,Modoc,049,8938,373,362,126,488,3
2021-05-15,Mono,051,14174,1248,1265,15,1280,3
2021-05-15,Monterey,053,433212,43100,42982,1878,44860,379
2021-05-15,Napa,055,140530,9895,9887,36,9923,82
2021-05-15,Nevada,057,99092,4789,4755,192,4947,70
2021-05-15,Orange,059,3164182,255182,253919,11322,265241,5030
2021-05-15,Placer,061,380077,23083,22688,1486,24174,289
2021-05-15,Plumas,063,18699,697,681,10,691,4
2021-05-15,Riverside,065,2383286,293275,288203,13925,302128,4433
2021-05-15,Sacramento,067,1510023,105279,104929,1758,106687,1628
2021-05-15,San Benito,069,59416,6057,6066,114,6180,63
2021-05-15,San Bernardino,071,2135413,292842,291892,8980,300872,4724
2021-05-15,San Diego,073,3302833,279744,278991,14807,293798,3737
2021-05-15,San Francisco,075,870044,36602,36795,1298,38093,546
2021-05-15,San Joaquin,077,732212,72794,72197,3549,75746,1359
2021-05-15,San Luis Obispo,079,281455,21236,21061,737,21798,256
2021-05-15,San Mateo,081,765935,42252,42059,469,42528,428
2021-05-15,Santa Barbara,083,443738,34938,34259,1203,35462,459
2021-05-15,Santa Clara,085,1922200,118352,119060,766,119826,2016
2021-05-15,Santa Cruz,087,273765,16183,16137,818,16955,206
2021-05-15,Shasta,089,179085,12184,12152,1553,13705,200
2021-05-15,Sierra,091,2930,56,54,12,66,0
2021-05-15,Siskiyou,093,43540,1885,1788,344,2132,15
2021-05-15,Solano,095,438530,32634,32604,549,33153,253
2021-05-15,Sonoma,097,501317,29887,30020,327,30347,321
2021-05-15,Stanislaus,099,539301,56051,55795,5931,61726,952
2021-05-15,Sutter,101,95872,9458,9436,88,9524,113
2021-05-15,Tehama,103,63373,5040,5012,567,5579,63
2021-05-15,Trinity,105,12862,484,328,90,418,3
2021-05-15,Tulare,107,460477,50107,49080,9068,58148,837
2021-05-15,Tuolumne,109,53932,4068,4064,37,4101,63
2021-05-15,Ventura,111,848112,81229,80662,2986,83648,1017
2021-05-15,Yolo,113,214977,13934,13932,314,14246,211
2021-05-15,Yuba,115,75493,6009,5979,122,6101,49
2021-05-14,Alameda,001,1643700,87718,87621,1963,89584,1249
2021-05-14,Alpine,003,1148,87,88,0,88,0
2021-05-14,Amador,005,37829,3666,3665,33,3698,46
2021-05-14,Butte,007,227075,12438,12076,1819,13895,192
2021-05-14,Calaveras,009,45235,2129,2121,14,2135,53
2021-05-14,Colusa,011,21464,1938,1940,303,2243,14
2021-05-14,Contra Costa,013,1133247,69100,68589,1265,69854,806
2021-05-14,Del Norte,015,27424,1390,1355,12,1367,8
2021-05-14,El Dorado,017,186661,10190,10143,720,10863,113
2021-05-14,Fresno,019,978130,102464,101917,8714,110631,1688
2021-05-14,Glenn,021,27897,2418,2398,559,2957,17
2021-05-14,Humboldt,023,135768,4141,4050,34,4084,37
2021-05-14,Imperial,025,180216,28541,28485,2789,31274,728
2021-05-14,Inyo,027,18085,1403,1400,12,1412,36
2021-05-14,Kern,029,883053,97062,96033,10844,106877,1311
2021-05-14,Kings,031,150075,23117,22910,1094,24004,246
2021-05-14,Lake,033,64148,3500,3483,9,3492,43
2021-05-14,Lassen,035,31185,5186,5154,109,5263,6
2021-05-14,Los Angeles,037,10098052,1202919,1196038,41711,1237749,24101
2021-05-14,Madera,039,155013,16574,16474,933,17407,238
2021-05-14,Marin,041,260295,14031,14010,258,14268,227
2021-05-14,Mariposa,043,17540,427,422,11,433,5
2021-05-14,Mendocino,045,87422,3927,3855,74,3929,46
2021-05-14,Merced,047,269075,30917,31010,985,31995,450
2021-05-14,Modoc,049,8938,373,362,126,488,3
2021-05-14,Mono,051,14174,1247,1265,15,1280,3
2021-05-14,Monterey,053,433212,43095,42973,1878,44851,380
2021-05-14,Napa,055,140530,9892,9883,36,9919,82
2021-05-14,Nevada,057,99092,4784,4745,192,4937,70
2021-05-14,Orange,059,3164182,255149,253855,11315,265170,5028
2021-05-14,Placer,061,380077,23064,22660,1480,24140,287
2021-05-14,Plumas,063,18699,696,680,10,690,4
2021-05-14,Riverside,065,2383286,293225,288140,13922,302062,4433
2021-05-14,Sacramento,067,1510023,105190,104828,1757,106585,1627
2021-05-14,San Benito,069,59416,6057,6064,114,6178,63
2021-05-14,San Bernardino,071,2135413,292794,291834,8980,300814,4721
2021-05-14,San Diego,073,3302833,279671,278853,14796,293649,3732
2021-05-14,San Francisco,075,870044,36593,36771,1294,38065,545
2021-05-14,San Joaquin,077,732212,72762,72160,3542,75702,1359
2021-05-14,San Luis Obispo,079,281455,21232,21051,737,21788,256
2021-05-14,San Mateo,081,765935,42241,42041,469,42510,428
2021-05-14,Santa Barbara,083,443738,34928,34243,1203,35446,456
2021-05-14,Santa Clara,085,1922200,118323,119006,766,119772,2014
2021-05-14,Santa Cruz,087,273765,16178,16130,818,16948,207
2021-05-14,Shasta,089,179085,12178,12130,1548,13678,200
2021-05-14,Sierra,091,2930,56,54,12,66,0
2021-05-14,Siskiyou,093,43540,1878,1779,343,2122,14
2021-05-14,Solano,095,438530,32614,32585,548,33133,252
2021-05-14,Sonoma,097,501317,29869,30007,327,30334,321
2021-05-14,Stanislaus,099,539301,56015,55752,5925,61677,950
2021-05-14,Sutter,101,95872,9449,9433,86,9519,113
2021-05-14,Tehama,103,63373,5033,5005,567,5572,63
2021-05-14,Trinity,105,12862,484,328,90,418,3
2021-05-14,Tulare,107,460477,50090,49060,9063,58123,836
2021-05-14,Tuolumne,109,53932,4068,4060,37,4097,63
2021-05-14,Ventura,111,848112,81215,80628,2986,83614,1014
2021-05-14,Yolo,113,214977,13929,13922,310,14232,210
2021-05-14,Yuba,115,75493,6005,5970,122,6092,47
2021-05-13,Alameda,001,1643700,87673,87557,1962,89519,1250
2021-05-13,Alpine,003,1148,87,88,0,88,0
2021-05-13,Amador,005,37829,3666,3662,33,3695,46
2021-05-13,Butte,007,227075,12425,12051,1818,13869,196
2021-05-13,Calaveras,009,45235,2129,2120,14,2134,53
2021-05-13,Colusa,011,21464,1937,1939,299,2238,14
2021-05-13,Contra Costa,013,1133247,69052,68522,1264,69786,806
2021-05-13,Del Norte,015,27424,1388,1354,12,1366,8
2021-05-13,El Dorado,017,186661,10188,10133,720,10853,112
2021-05-13,Fresno,019,978130,102435,101862,8713,110575,1687
2021-05-13,Glenn,021,27897,2417,2395,559,2954,17
2021-05-13,Humboldt,023,135768,4123,4027,34,4061,37
2021-05-13,Imperial,025,180216,28526,28468,2786,31254,729
2021-05-13,Inyo,027,18085,1403,1400,12,1412,36
2021-05-13,Kern,029,883053,97038,95996,10826,106822,1311
2021-05-13,Kings,031,150075,23116,22904,1094,23998,246
2021-05-13,Lake,033,64148,3498,3479,9,3488,43
2021-05-13,Lassen,035,31185,5186,5152,108,5260,6
2021-05-13,Los Angeles,037,10098052,1202730,1195504,41698,1237202,24083
2021-05-13,Madera,039,155013,16566,16467,933,17400,238
2021-05-13,Marin,041,260295,14026,14004,256,14260,227
2021-05-13,Mariposa,043,17540,427,422,11,433,5
2021-05-13,Mendocino,045,87422,3923,3846,74,3920,46
2021-05-13,Merced,047,269075,30909,30989,985,31974,450
2021-05-13,Modoc,049,8938,373,362,126,488,3
2021-05-13,Mono,051,14174,1247,1265,15,1280,3
2021-05-13,Monterey,053,433212,43080,42966,1878,44844,380
2021-05-13,Napa,055,140530,9885,9877,36,9913,82
2021-05-13,Nevada,057,99092,4780,4743,191,4934,70
2021-05-13,Orange,059,3164182,255106,253778,11313,265091,5026
2021-05-13,Placer,061,380077,23040,22668,1473,24141,288
2021-05-13,Plumas,063,18699,696,680,10,690,4
2021-05-13,Riverside,065,2383286,293158,288067,13917,301984,4433
2021-05-13,Sacramento,067,1510023,105103,104711,1755,106466,1626
2021-05-13,San Benito,069,59416,6055,6062,114,6176,63
2021-05-13,San Bernardino,071,2135413,292728,291765,8980,300745,4722
2021-05-13,San Diego,073,3302833,279557,278592,14779,293371,3729
2021-05-13,San Francisco,075,870044,36569,36741,1292,38033,544
2021-05-13,San Joaquin,077,732212,72719,72096,3538,75634,1357
2021-05-13,San Luis Obispo,079,281455,21217,21043,736,21779,255
2021-05-13,San Mateo,081,765935,42224,42059,469,42528,426
2021-05-13,Santa Barbara,083,443738,34916,34242,1203,35445,456
2021-05-13,Santa Clara,085,1922200,118296,118952,766,119718,2013
2021-05-13,Santa Cruz,087,273765,16172,16129,818,16947,208
2021-05-13,Shasta,089,179085,12158,12111,1544,13655,200
2021-05-13,Sierra,091,2930,56,54,12,66,0
2021-05-13,Siskiyou,093,43540,1871,1769,340,2109,14
2021-05-13,Solano,095,438530,32601,32548,546,33094,252
2021-05-13,Sonoma,097,501317,29844,29991,327,30318,321
2021-05-13,Stanislaus,099,539301,55977,55678,5919,61597,949
2021-05-13,Sutter,101,95872,9444,9431,85,9516,112
2021-05-13,Tehama,103,63373,5028,4997,567,5564,63
2021-05-13,Trinity,105,12862,483,327,89,416,3
2021-05-13,Tulare,107,460477,50064,49032,9055,58087,837
2021-05-13,Tuolumne,109,53932,4067,4059,37,4096,63
2021-05-13,Ventura,111,848112,81185,80615,2985,83600,1012
2021-05-13,Yolo,113,214977,13920,13914,308,14222,210
2021-05-13,Yuba,115,75493,5996,5962,122,6084,47
2021-05-12,Alameda,001,1643700,87639,87482,1960,89442,1261
2021-05-12,Alpine,003,1148,87,88,0,88,0
2021-05-12,Amador,005,37829,3666,3658,33,3691,46
2021-05-12,Butte,007,227075,12415,12026,1818,13844,199
2021-05-12,Calaveras,009,45235,2126,2119,14,2133,53
2021-05-12,Colusa,011,21464,1935,1939,298,2237,14
2021-05-12,Contra Costa,013,1133247,68994,68462,1258,69720,805
2021-05-12,Del Norte,015,27424,1386,1352,12,1364,8
2021-05-12,El Dorado,017,186661,10179,10123,720,10843,112
2021-05-12,Fresno,019,978130,102386,101838,8702,110540,1688
2021-05-12,Glenn,021,27897,2414,2391,559,2950,17
2021-05-12,Humboldt,023,135768,4095,3982,34,4016,37
2021-05-12,Imperial,025,180216,28508,28443,2783,31226,726
2021-05-12,Inyo,027,18085,1403,1400,12,1412,36
2021-05-12,Kern,029,883053,97002,95955,10819,106774,1310
2021-05-12,Kings,031,150075,23114,22896,1094,23990,246
2021-05-12,Lake,033,64148,3496,3476,9,3485,43
2021-05-12,Lassen,035,31185,5184,5151,108,5259,6
2021-05-12,Los Angeles,037,10098052,1202550,1195318,41682,1237000,24067
2021-05-12,Madera,039,155013,16559,16462,932,17394,238
2021-05-12,Marin,041,260295,14021,13997,256,14253,227
2021-05-12,Mariposa,043,17540,427,422,11,433,5
2021-05-12,Mendocino,045,87422,3913,3836,74,3910,46
2021-05-12,Merced,047,269075,30893,30941,985,31926,450
2021-05-12,Modoc,049,8938,372,362,126,488,3
2021-05-12,Mono,051,14174,1247,1265,15,1280,3
2021-05-12,Monterey,053,433212,43068,42950,1877,44827,380
2021-05-12,Napa,055,140530,9879,9870,36,9906,82
2021-05-12,Nevada,057,99092,4776,4738,191,4929,70
2021-05-12,Orange,059,3164182,255054,253587,11310,264897,5024
2021-05-12,Placer,061,380077,23022,22652,1466,24118,288
2021-05-12,Plumas,063,18699,696,681,10,691,4
2021-05-12,Riverside,065,2383286,293088,287830,13913,301743,4431
2021-05-12,Sacramento,067,1510023,105007,104592,1754,106346,1621
2021-05-12,San Benito,069,59416,6055,6062,114,6176,63
2021-05-12,San Bernardino,071,2135413,292680,291505,8975,300480,4715
2021-05-12,San Diego,073,3302833,279453,278402,14758,293160,3729
2021-05-12,San Francisco,075,870044,36550,36720,1291,38011,544
2021-05-12,San Joaquin,077,732212,72665,72043,3534,75577,1356
2021-05-12,San Luis Obispo,079,281455,21207,21021,736,21757,255
2021-05-12,San Mateo,081,765935,42215,42038,467,42505,426
2021-05-12,Santa Barbara,083,443738,34909,34218,1203,35421,456
2021-05-12,Santa Clara,085,1922200,118253,118897,766,119663,2005
2021-05-12,Santa Cruz,087,273765,16166,16123,818,16941,207
2021-05-12,Shasta,089,179085,12138,12092,1542,13634,200
2021-05-12,Sierra,091,2930,56,54,12,66,0
2021-05-12,Siskiyou,093,43540,1867,1760,339,2099,13
2021-05-12,Solano,095,438530,32577,32519,546,33065,252
2021-05-12,Sonoma,097,501317,29832,29976,327,30303,320
2021-05-12,Stanislaus,099,539301,55935,55632,5912,61544,919
2021-05-12,Sutter,101,95872,9441,9427,85,9512,112
2021-05-12,Tehama,103,63373,5024,4989,567,5556,62
2021-05-12,Trinity,105,12862,483,327,89,416,3
2021-05-12,Tulare,107,460477,50048,49001,9047,58048,838
2021-05-12,Tuolumne,109,53932,4066,4056,37,4093,63
2021-05-12,Ventura,111,848112,81166,80577,2985,83562,1010
2021-05-12,Yolo,113,214977,13913,13910,307,14217,210
2021-05-12,Yuba,115,75493,5993,5956,122,6078,47
2021-05-11,Alameda,001,1643700,87575,87413,1956,89369,1290
2021-05-11,Alpine,003,1148,87,88,0,88,0
2021-05-11,Amador,005,37829,3664,3657,33,3690,46
2021-05-11,Butte,007,227075,12400,12008,1815,13823,199
2021-05-11,Calaveras,009,45235,2126,2118,14,2132,52
2021-05-11,Colusa,011,21464,1934,1939,298,2237,14
2021-05-11,Contra Costa,013,1133247,68934,68406,1257,69663,806
2021-05-11,Del Norte,015,27424,1384,1347,12,1359,8
2021-05-11,El Dorado,017,186661,10173,10108,719,10827,112
2021-05-11,Fresno,019,978130,102340,101792,8696,110488,1686
2021-05-11,Glenn,021,27897,2413,2387,558,2945,17
2021-05-11,Humboldt,023,135768,4074,3964,33,3997,37
2021-05-11,Imperial,025,180216,28500,28413,2779,31192,722
2021-05-11,Inyo,027,18085,1402,1402,12,1414,36
2021-05-11,Kern,029,883053,96974,95938,10806,106744,1310
2021-05-11,Kings,031,150075,23106,22887,1094,23981,246
2021-05-11,Lake,033,64148,3496,3473,9,3482,43
2021-05-11,Lassen,035,31185,5182,5148,108,5256,6
2021-05-11,Los Angeles,037,10098052,1202314,1195100,41670,1236770,24048
2021-05-11,Madera,039,155013,16555,16459,932,17391,238
2021-05-11,Marin,041,260295,14014,13987,256,14243,227
2021-05-11,Mariposa,043,17540,427,421,11,432,5
2021-05-11,Mendocino,045,87422,3905,3821,74,3895,46
2021-05-11,Merced,047,269075,30884,30893,985,31878,449
2021-05-11,Modoc,049,8938,372,362,125,487,3
2021-05-11,Mono,051,14174,1247,1265,15,1280,3
2021-05-11,Monterey,053,433212,43060,42934,1876,44810,380
2021-05-11,Napa,055,140530,9872,9870,36,9906,81
2021-05-11,Nevada,057,99092,4772,4737,191,4928,70
2021-05-11,Orange,059,3164182,254991,253545,11302,264847,5017
2021-05-11,Placer,061,380077,23000,22615,1462,24077,287
2021-05-11,Plumas,063,18699,694,679,10,689,4
2021-05-11,Riverside,065,2383286,293026,287757,13908,301665,4429
2021-05-11,Sacramento,067,1510023,104908,104496,1751,106247,1616
2021-05-11,San Benito,069,59416,6052,6058,114,6172,63
2021-05-11,San Bernardino,071,2135413,292620,291421,8973,300394,4707
2021-05-11,San Diego,073,3302833,279318,278308,14739,293047,3725
2021-05-11,San Francisco,075,870044,36530,36707,1291,37998,543
2021-05-11,San Joaquin,077,732212,72617,71999,3531,75530,1356
2021-05-11,San Luis Obispo,079,281455,21200,21008,734,21742,255
2021-05-11,San Mateo,081,765935,42196,41985,466,42451,425
2021-05-11,Santa Barbara,083,443738,34900,34207,1203,35410,456
2021-05-11,Santa Clara,085,1922200,118207,118857,765,119622,2005
2021-05-11,Santa Cruz,087,273765,16162,16113,818,16931,206
2021-05-11,Shasta,089,179085,12115,12050,1536,13586,200
2021-05-11,Sierra,091,2930,56,54,12,66,0
2021-05-11,Siskiyou,093,43540,1858,1756,337,2093,13
2021-05-11,Solano,095,438530,32559,32499,544,33043,250
2021-05-11,Sonoma,097,501317,29817,29966,327,30293,318
2021-05-11,Stanislaus,099,539301,55885,55589,5908,61497,909
2021-05-11,Sutter,101,95872,9434,9417,85,9502,112
2021-05-11,Tehama,103,63373,5020,4985,566,5551,62
2021-05-11,Trinity,105,12862,483,327,88,415,3
2021-05-11,Tulare,107,460477,50021,48974,9032,58006,837
2021-05-11,Tuolumne,109,53932,4065,4056,37,4093,63
2021-05-11,Ventura,111,848112,81142,80544,2982,83526,1008
2021-05-11,Yolo,113,214977,13900,13902,304,14206,210
2021-05-11,Yuba,115,75493,5984,5950,122,6072,46
2021-05-10,Alameda,001,1643700,87504,87366,1955,89321,1284
2021-05-10,Alpine,003,1148,87,88,0,88,0
2021-05-10,Amador,005,37829,3663,3657,33,3690,46
2021-05-10,Butte,007,227075,12384,11993,1811,13804,199
2021-05-10,Calaveras,009,45235,2119,2118,14,2132,52
2021-05-10,Colusa,011,21464,1934,1939,298,2237,14
2021-05-10,Contra Costa,013,1133247,68871,68357,1257,69614,806
2021-05-10,Del Norte,015,27424,1381,1339,12,1351,8
2021-05-10,El Dorado,017,186661,10159,10093,719,10812,113
2021-05-10,Fresno,019,978130,102309,101755,8690,110445,1682
2021-05-10,Glenn,021,27897,2412,2384,556,2940,17
2021-05-10,Humboldt,023,135768,4044,3961,33,3994,36
2021-05-10,Imperial,025,180216,28486,28397,2775,31172,722
2021-05-10,Inyo,027,18085,1402,1401,12,1413,36
2021-05-10,Kern,029,883053,96931,95920,10792,106712,1310
2021-05-10,Kings,031,150075,23095,22884,1093,23977,246
2021-05-10,Lake,033,64148,3488,3471,9,3480,43
2021-05-10,Lassen,035,31185,5178,5148,108,5256,5
2021-05-10,Los Angeles,037,10098052,1202058,1194976,41654,1236630,24030
2021-05-10,Madera,039,155013,16545,16450,932,17382,238
2021-05-10,Marin,041,260295,14011,13981,256,14237,228
2021-05-10,Mariposa,043,17540,426,420,11,431,5
2021-05-10,Mendocino,045,87422,3899,3818,74,3892,46
2021-05-10,Merced,047,269075,30873,30880,985,31865,448
2021-05-10,Modoc,049,8938,372,361,125,486,3
2021-05-10,Mono,051,14174,1247,1265,15,1280,3
2021-05-10,Monterey,053,433212,43054,42927,1871,44798,380
2021-05-10,Napa,055,140530,9870,9860,36,9896,81
2021-05-10,Nevada,057,99092,4765,4735,191,4926,70
2021-05-10,Orange,059,3164182,254938,253484,11296,264780,5008
2021-05-10,Placer,061,380077,22978,22590,1459,24049,286
2021-05-10,Plumas,063,18699,693,679,10,689,4
2021-05-10,Riverside,065,2383286,292957,287689,13902,301591,4427
2021-05-10,Sacramento,067,1510023,104795,104378,1746,106124,1613
2021-05-10,San Benito,069,59416,6051,6058,114,6172,63
2021-05-10,San Bernardino,071,2135413,292568,291360,8972,300332,4707
2021-05-10,San Diego,073,3302833,279153,278183,14712,292895,3725
2021-05-10,San Francisco,075,870044,36511,36683,1291,37974,543
2021-05-10,San Joaquin,077,732212,72580,71954,3516,75470,1356
2021-05-10,San Luis Obispo,079,281455,21182,20993,733,21726,256
2021-05-10,San Mateo,081,765935,42178,41926,466,42392,424
2021-05-10,Santa Barbara,083,443738,34893,34201,1203,35404,456
2021-05-10,Santa Clara,085,1922200,118148,118822,765,119587,2003
2021-05-10,Santa Cruz,087,273765,16156,16114,818,16932,206
2021-05-10,Shasta,089,179085,12101,12036,1532,13568,200
2021-05-10,Sierra,091,2930,56,54,12,66,0
2021-05-10,Siskiyou,093,43540,1848,1752,335,2087,13
2021-05-10,Solano,095,438530,32539,32466,542,33008,250
2021-05-10,Sonoma,097,501317,29802,29955,326,30281,318
2021-05-10,Stanislaus,099,539301,55811,55541,5902,61443,898
2021-05-10,Sutter,101,95872,9428,9412,85,9497,111
2021-05-10,Tehama,103,63373,5016,4980,566,5546,62
2021-05-10,Trinity,105,12862,483,327,86,413,3
2021-05-10,Tulare,107,460477,49997,48956,9026,57982,837
2021-05-10,Tuolumne,109,53932,4061,4054,36,4090,63
2021-05-10,Ventura,111,848112,81126,80501,2980,83481,1008
2021-05-10,Yolo,113,214977,13888,13898,302,14200,209
2021-05-10,Yuba,115,75493,5982,5942,122,6064,46
2021-05-09,Alameda,001,1643700,87433,87292,1952,89244,1284
2021-05-09,Alpine,003,1148,87,88,0,88,0
2021-05-09,Amador,005,37829,3661,3655,33,3688,46
2021-05-09,Butte,007,227075,12365,11985,1807,13792,199
2021-05-09,Calaveras,009,45235,2118,2116,14,2130,52
2021-05-09,Colusa,011,21464,1933,1940,298,2238,14
2021-05-09,Contra Costa,013,1133247,68807,68302,1255,69557,806
2021-05-09,Del Norte,015,27424,1374,1338,12,1350,8
2021-05-09,El Dorado,017,186661,10145,10089,716,10805,113
2021-05-09,Fresno,019,978130,102271,101729,8681,110410,1682
2021-05-09,Glenn,021,27897,2405,2382,553,2935,17
2021-05-09,Humboldt,023,135768,4024,3950,33,3983,36
2021-05-09,Imperial,025,180216,28463,28388,2767,31155,722
2021-05-09,Inyo,027,18085,1402,1401,11,1412,36
2021-05-09,Kern,029,883053,96903,95903,10782,106685,1310
2021-05-09,Kings,031,150075,23086,22878,1093,23971,246
2021-05-09,Lake,033,64148,3484,3471,9,3480,43
2021-05-09,Lassen,035,31185,5176,5147,108,5255,5
2021-05-09,Los Angeles,037,10098052,1201798,1194820,41640,1236460,24026
2021-05-09,Madera,039,155013,16536,16444,926,17370,238
2021-05-09,Marin,041,260295,14000,13979,255,14234,228
2021-05-09,Mariposa,043,17540,423,420,11,431,5
2021-05-09,Mendocino,045,87422,3889,3814,74,3888,46
2021-05-09,Merced,047,269075,30850,30883,985,31868,448
2021-05-09,Modoc,049,8938,372,360,125,485,3
2021-05-09,Mono,051,14174,1247,1264,15,1279,3
2021-05-09,Monterey,053,433212,43036,42918,1871,44789,380
2021-05-09,Napa,055,140530,9859,9857,36,9893,81
2021-05-09,Nevada,057,99092,4758,4727,191,4918,70
2021-05-09,Orange,059,3164182,254884,253451,11288,264739,5008
2021-05-09,Placer,061,380077,22952,22566,1456,24022,286
2021-05-09,Plumas,063,18699,692,679,10,689,4
2021-05-09,Riverside,065,2383286,292877,287644,13896,301540,4427
2021-05-09,Sacramento,067,1510023,104646,104309,1740,106049,1612
2021-05-09,San Benito,069,59416,6049,6056,114,6170,63
2021-05-09,San Bernardino,071,2135413,292485,291337,8966,300303,4707
2021-05-09,San Diego,073,3302833,278986,277950,14690,292640,3725
2021-05-09,San Francisco,075,870044,36485,36669,1289,37958,543
2021-05-09,San Joaquin,077,732212,72534,71927,3515,75442,1356
2021-05-09,San Luis Obispo,079,281455,21172,20999,733,21732,256
2021-05-09,San Mateo,081,765935,42149,41903,466,42369,424
2021-05-09,Santa Barbara,083,443738,34880,34196,1202,35398,456
2021-05-09,Santa Clara,085,1922200,118094,118798,764,119562,2003
2021-05-09,Santa Cruz,087,273765,16150,16094,818,16912,206
2021-05-09,Shasta,089,179085,12071,12034,1527,13561,200
2021-05-09,Sierra,091,2930,56,54,12,66,0
2021-05-09,Siskiyou,093,43540,1842,1741,332,2073,13
2021-05-09,Solano,095,438530,32500,32434,539,32973,250
2021-05-09,Sonoma,097,501317,29788,29953,325,30278,318
2021-05-09,Stanislaus,099,539301,55745,55511,5898,61409,898
2021-05-09,Sutter,101,95872,9422,9413,85,9498,111
2021-05-09,Tehama,103,63373,5011,4979,566,5545,62
2021-05-09,Trinity,105,12862,483,327,86,413,3
2021-05-09,Tulare,107,460477,49970,48948,9021,57969,837
2021-05-09,Tuolumne,109,53932,4060,4053,36,4089,63
2021-05-09,Ventura,111,848112,81111,80487,2979,83466,1008
2021-05-09,Yolo,113,214977,13877,13897,301,14198,209
2021-05-09,Yuba,115,75493,5976,5934,122,6056,46
2021-05-08,Alameda,001,1643700,87391,87213,1948,89161,1284
2021-05-08,Alpine,003,1148,87,88,0,88,0
2021-05-08,Amador,005,37829,3659,3652,33,3685,46
2021-05-08,Butte,007,227075,12353,11962,1806,13768,199
2021-05-08,Calaveras,009,45235,2117,2114,14,2128,52
2021-05-08,Colusa,011,21464,1933,1939,298,2237,14
2021-05-08,Contra Costa,013,1133247,68774,68223,1253,69476,803
2021-05-08,Del Norte,015,27424,1371,1335,12,1347,8
2021-05-08,El Dorado,017,186661,10131,10079,716,10795,113
2021-05-08,Fresno,019,978130,102236,101676,8676,110352,1682
2021-05-08,Glenn,021,27897,2403,2382,551,2933,17
2021-05-08,Humboldt,023,135768,4008,3939,33,3972,36
2021-05-08,Imperial,025,180216,28455,28373,2767,31140,721
2021-05-08,Inyo,027,18085,1402,1402,11,1413,36
2021-05-08,Kern,029,883053,96878,95880,10768,106648,1310
2021-05-08,Kings,031,150075,23083,22872,1092,23964,246
2021-05-08,Lake,033,64148,3483,3470,9,3479,43
2021-05-08,Lassen,035,31185,5175,5145,108,5253,5
2021-05-08,Los Angeles,037,10098052,1201651,1194584,41624,1236208,24022
2021-05-08,Madera,039,155013,16532,16442,926,17368,238
2021-05-08,Marin,041,260295,13997,13974,254,14228,228
2021-05-08,Mariposa,043,17540,423,420,11,431,5
2021-05-08,Mendocino,045,87422,3884,3810,73,3883,46
2021-05-08,Merced,047,269075,30841,30876,985,31861,448
2021-05-08,Modoc,049,8938,372,360,124,484,3
2021-05-08,Mono,051,14174,1247,1262,15,1277,3
2021-05-08,Monterey,053,433212,43031,42914,1870,44784,380
2021-05-08,Napa,055,140530,9852,9853,36,9889,81
2021-05-08,Nevada,057,99092,4755,4716,191,4907,70
2021-05-08,Orange,059,3164182,254848,253412,11285,264697,5006
2021-05-08,Placer,061,380077,22934,22547,1454,24001,286
2021-05-08,Plumas,063,18699,691,679,10,689,4
2021-05-08,Riverside,065,2383286,292835,287574,13894,301468,4427
2021-05-08,Sacramento,067,1510023,104561,104208,1737,105945,1610
2021-05-08,San Benito,069,59416,6048,6048,114,6162,63
2021-05-08,San Bernardino,071,2135413,292442,291296,8966,300262,4707
2021-05-08,San Diego,073,3302833,278902,277760,14672,292432,3725
2021-05-08,San Francisco,075,870044,36462,36642,1289,37931,543
2021-05-08,San Joaquin,077,732212,72505,71869,3506,75375,1356
2021-05-08,San Luis Obispo,079,281455,21161,20992,733,21725,256
2021-05-08,San Mateo,081,765935,42138,41871,466,42337,424
2021-05-08,Santa Barbara,083,443738,34867,34185,1202,35387,456
2021-05-08,Santa Clara,085,1922200,118063,118751,764,119515,2003
2021-05-08,Santa Cruz,087,273765,16147,16089,818,16907,206
2021-05-08,Shasta,089,179085,12061,12030,1523,13553,200
2021-05-08,Sierra,091,2930,56,54,12,66,0
2021-05-08,Siskiyou,093,43540,1841,1741,328,2069,13
2021-05-08,Solano,095,438530,32475,32395,537,32932,249
2021-05-08,Sonoma,097,501317,29775,29942,325,30267,318
2021-05-08,Stanislaus,099,539301,55712,55467,5894,61361,898
2021-05-08,Sutter,101,95872,9419,9413,85,9498,111
2021-05-08,Tehama,103,63373,5009,4977,566,5543,62
2021-05-08,Trinity,105,12862,483,327,86,413,3
2021-05-08,Tulare,107,460477,49956,48929,9011,57940,837
2021-05-08,Tuolumne,109,53932,4059,4050,36,4086,63
2021-05-08,Ventura,111,848112,81100,80481,2976,83457,1008
2021-05-08,Yolo,113,214977,13874,13894,300,14194,209
2021-05-08,Yuba,115,75493,5968,5928,122,6050,46
2021-05-07,Alameda,001,1643700,87339,87128,1947,89075,1280
2021-05-07,Alpine,003,1148,87,88,0,88,0
2021-05-07,Amador,005,37829,3656,3651,33,3684,46
2021-05-07,Butte,007,227075,12333,11943,1803,13746,199
2021-05-07,Calaveras,009,45235,2115,2114,14,2128,52
2021-05-07,Colusa,011,21464,1933,1937,298,2235,14
2021-05-07,Contra Costa,013,1133247,68728,68156,1251,69407,804
2021-05-07,Del Norte,015,27424,1366,1329,12,1341,8
2021-05-07,El Dorado,017,186661,10118,10065,714,10779,112
2021-05-07,Fresno,019,978130,102202,101625,8675,110300,1684
2021-05-07,Glenn,021,27897,2400,2381,550,2931,17
2021-05-07,Humboldt,023,135768,3993,3919,33,3952,36
2021-05-07,Imperial,025,180216,28447,28352,2765,31117,721
2021-05-07,Inyo,027,18085,1402,1402,11,1413,36
2021-05-07,Kern,029,883053,96865,95839,10756,106595,1308
2021-05-07,Kings,031,150075,23082,22857,1091,23948,246
2021-05-07,Lake,033,64148,3481,3467,9,3476,43
2021-05-07,Lassen,035,31185,5174,5144,107,5251,5
2021-05-07,Los Angeles,037,10098052,1201477,1194294,41616,1235910,24008
2021-05-07,Madera,039,155013,16527,16439,925,17364,238
2021-05-07,Marin,041,260295,13993,13968,254,14222,228
2021-05-07,Mariposa,043,17540,422,419,11,430,5
2021-05-07,Mendocino,045,87422,3879,3805,73,3878,46
2021-05-07,Merced,047,269075,30838,30862,985,31847,446
2021-05-07,Modoc,049,8938,372,360,124,484,3
2021-05-07,Mono,051,14174,1246,1261,15,1276,3
2021-05-07,Monterey,053,433212,43025,42909,1868,44777,380
2021-05-07,Napa,055,140530,9851,9849,36,9885,81
2021-05-07,Nevada,057,99092,4751,4704,191,4895,70
2021-05-07,Orange,059,3164182,254810,253338,11276,264614,5000
2021-05-07,Placer,061,380077,22914,22524,1452,23976,286
2021-05-07,Plumas,063,18699,691,678,10,688,4
2021-05-07,Riverside,065,2383286,292777,287479,13893,301372,4426
2021-05-07,Sacramento,067,1510023,104488,104068,1732,105800,1609
2021-05-07,San Benito,069,59416,6047,6048,114,6162,63
2021-05-07,San Bernardino,071,2135413,292400,291185,8961,300146,4697
2021-05-07,San Diego,073,3302833,278817,277534,14657,292191,3718
2021-05-07,San Francisco,075,870044,36449,36616,1288,37904,543
2021-05-07,San Joaquin,077,732212,72465,71804,3504,75308,1351
2021-05-07,San Luis Obispo,079,281455,21154,20979,733,21712,256
2021-05-07,San Mateo,081,765935,42122,41844,466,42310,424
2021-05-07,Santa Barbara,083,443738,34857,34166,1202,35368,453
2021-05-07,Santa Clara,085,1922200,118030,118691,763,119454,2002
2021-05-07,Santa Cruz,087,273765,16144,16074,818,16892,206
2021-05-07,Shasta,089,179085,12039,12005,1521,13526,200
2021-05-07,Sierra,091,2930,56,54,12,66,0
2021-05-07,Siskiyou,093,43540,1838,1723,328,2051,13
2021-05-07,Solano,095,438530,32448,32352,535,32887,249
2021-05-07,Sonoma,097,501317,29757,29925,323,30248,318
2021-05-07,Stanislaus,099,539301,55671,55407,5888,61295,896
2021-05-07,Sutter,101,95872,9419,9407,84,9491,111
2021-05-07,Tehama,103,63373,5002,4974,566,5540,57
2021-05-07,Trinity,105,12862,483,327,86,413,3
2021-05-07,Tulare,107,460477,49939,48913,9006,57919,837
2021-05-07,Tuolumne,109,53932,4057,4048,36,4084,63
2021-05-07,Ventura,111,848112,81076,80444,2976,83420,1008
2021-05-07,Yolo,113,214977,13869,13875,299,14174,209
2021-05-07,Yuba,115,75493,5958,5910,122,6032,46
2021-05-06,Alameda,001,1643700,87261,87028,1944,88972,1278
2021-05-06,Alpine,003,1148,87,88,0,88,0
2021-05-06,Amador,005,37829,3654,3650,33,3683,46
2021-05-06,Butte,007,227075,12313,11929,1798,13727,198
2021-05-06,Calaveras,009,45235,2114,2111,14,2125,52
2021-05-06,Colusa,011,21464,1933,1935,298,2233,14
2021-05-06,Contra Costa,013,1133247,68673,68076,1248,69324,802
2021-05-06,Del Norte,015,27424,1358,1324,12,1336,6
2021-05-06,El Dorado,017,186661,10111,10048,714,10762,112
2021-05-06,Fresno,019,978130,102158,101536,8671,110207,1680
2021-05-06,Glenn,021,27897,2399,2380,549,2929,17
2021-05-06,Humboldt,023,135768,3968,3898,33,3931,36
2021-05-06,Imperial,025,180216,28436,28311,2764,31075,720
2021-05-06,Inyo,027,18085,1402,1401,11,1412,36
2021-05-06,Kern,029,883053,96840,95801,10739,106540,1307
2021-05-06,Kings,031,150075,23075,22848,1090,23938,246
2021-05-06,Lake,033,64148,3480,3465,9,3474,43
2021-05-06,Lassen,035,31185,5173,5143,107,5250,1
2021-05-06,Los Angeles,037,10098052,1201238,1193954,41599,1235553,23991
2021-05-06,Madera,039,155013,16519,16430,925,17355,238
2021-05-06,Marin,041,260295,13989,13956,254,14210,228
2021-05-06,Mariposa,043,17540,421,419,11,430,5
2021-05-06,Mendocino,045,87422,3868,3802,73,3875,46
2021-05-06,Merced,047,269075,30822,30863,984,31847,444
2021-05-06,Modoc,049,8938,372,360,124,484,3
2021-05-06,Mono,051,14174,1244,1261,15,1276,3
2021-05-06,Monterey,053,433212,43010,42899,1868,44767,379
2021-05-06,Napa,055,140530,9845,9843,36,9879,81
2021-05-06,Nevada,057,99092,4750,4687,191,4878,70
2021-05-06,Orange,059,3164182,254741,253286,11270,264556,4991
2021-05-06,Placer,061,380077,22892,22493,1452,23945,286
2021-05-06,Plumas,063,18699,691,678,10,688,4
2021-05-06,Riverside,065,2383286,292704,287399,13888,301287,4422
2021-05-06,Sacramento,067,1510023,104372,103956,1729,105685,1609
2021-05-06,San Benito,069,59416,6046,6045,114,6159,63
2021-05-06,San Bernardino,071,2135413,292330,291085,8960,300045,4683
2021-05-06,San Diego,073,3302833,278693,277324,14634,291958,3716
2021-05-06,San Francisco,075,870044,36434,36599,1288,37887,543
2021-05-06,San Joaquin,077,732212,72410,71729,3501,75230,1350
2021-05-06,San Luis Obispo,079,281455,21142,20965,731,21696,256
2021-05-06,San Mateo,081,765935,42104,41802,465,42267,424
2021-05-06,Santa Barbara,083,443738,34844,34152,1202,35354,453
2021-05-06,Santa Clara,085,1922200,117989,118591,763,119354,2001
2021-05-06,Santa Cruz,087,273765,16137,16050,818,16868,206
2021-05-06,Shasta,089,179085,12017,11983,1515,13498,199
2021-05-06,Sierra,091,2930,56,54,12,66,0
2021-05-06,Siskiyou,093,43540,1828,1711,327,2038,12
2021-05-06,Solano,095,438530,32422,32320,527,32847,249
2021-05-06,Sonoma,097,501317,29749,29911,323,30234,318
2021-05-06,Stanislaus,099,539301,55614,55323,5884,61207,834
2021-05-06,Sutter,101,95872,9413,9396,84,9480,111
2021-05-06,Tehama,103,63373,4997,4970,566,5536,53
2021-05-06,Trinity,105,12862,483,327,86,413,3
2021-05-06,Tulare,107,460477,49914,48890,8991,57881,836
2021-05-06,Tuolumne,109,53932,4053,4047,36,4083,63
2021-05-06,Ventura,111,848112,81045,80411,2973,83384,1005
2021-05-06,Yolo,113,214977,13861,13871,295,14166,209
2021-05-06,Yuba,115,75493,5946,5901,122,6023,46
2021-05-05,Alameda,001,1643700,87200,86950,1942,88892,1278
2021-05-05,Alpine,003,1148,87,88,0,88,0
2021-05-05,Amador,005,37829,3651,3650,33,3683,46
2021-05-05,Butte,007,227075,12295,11907,1795,13702,198
2021-05-05,Calaveras,009,45235,2110,2103,14,2117,52
2021-05-05,Colusa,011,21464,1932,1933,298,2231,14
2021-05-05,Contra Costa,013,1133247,68608,67997,1243,69240,803
2021-05-05,Del Norte,015,27424,1355,1317,12,1329,6
2021-05-05,El Dorado,017,186661,10100,10020,713,10733,111
2021-05-05,Fresno,019,978130,102109,101491,8662,110153,1680
2021-05-05,Glenn,021,27897,2396,2380,548,2928,17
2021-05-05,Humboldt,023,135768,3949,3886,32,3918,36
2021-05-05,Imperial,025,180216,28395,28295,2757,31052,720
2021-05-05,Inyo,027,18085,1401,1401,11,1412,36
2021-05-05,Kern,029,883053,96796,95753,10735,106488,1304
2021-05-05,Kings,031,150075,23069,22840,1089,23929,246
2021-05-05,Lake,033,64148,3477,3458,9,3467,43
2021-05-05,Lassen,035,31185,5173,5143,106,5249,1
2021-05-05,Los Angeles,037,10098052,1200970,1193608,41586,1235194,23977
2021-05-05,Madera,039,155013,16517,16423,925,17348,235
2021-05-05,Marin,041,260295,13981,13950,253,14203,228
2021-05-05,Mariposa,043,17540,421,418,11,429,5
2021-05-05,Mendocino,045,87422,3864,3799,73,3872,46
2021-05-05,Merced,047,269075,30801,30844,984,31828,444
2021-05-05,Modoc,049,8938,371,361,123,484,3
2021-05-05,Mono,051,14174,1244,1260,15,1275,3
2021-05-05,Monterey,053,433212,42996,42870,1865,44735,379
2021-05-05,Napa,055,140530,9839,9833,36,9869,81
2021-05-05,Nevada,057,99092,4747,4666,191,4857,70
2021-05-05,Orange,059,3164182,254685,253237,11266,264503,4978
2021-05-05,Placer,061,380077,22860,22362,1448,23810,287
2021-05-05,Plumas,063,18699,691,677,10,687,4
2021-05-05,Riverside,065,2383286,292609,287353,13878,301231,4414
2021-05-05,Sacramento,067,1510023,104284,103476,1724,105200,1607
2021-05-05,San Benito,069,59416,6037,6046,114,6160,63
2021-05-05,San Bernardino,071,2135413,292256,291008,8956,299964,4677
2021-05-05,San Diego,073,3302833,278556,277098,14614,291712,3716
2021-05-05,San Francisco,075,870044,36419,36577,1287,37864,543
2021-05-05,San Joaquin,077,732212,72357,71638,3498,75136,1345
2021-05-05,San Luis Obispo,079,281455,21134,20958,731,21689,256
2021-05-05,San Mateo,081,765935,42073,41755,464,42219,415
2021-05-05,Santa Barbara,083,443738,34830,34139,1201,35340,453
2021-05-05,Santa Clara,085,1922200,117959,118482,759,119241,1992
2021-05-05,Santa Cruz,087,273765,16131,16013,818,16831,207
2021-05-05,Shasta,089,179085,12001,11939,1511,13450,200
2021-05-05,Sierra,091,2930,56,54,12,66,0
2021-05-05,Siskiyou,093,43540,1811,1706,319,2025,11
2021-05-05,Solano,095,438530,32387,32250,525,32775,249
2021-05-05,Sonoma,097,501317,29736,29879,323,30202,318
2021-05-05,Stanislaus,099,539301,55556,55231,5882,61113,807
2021-05-05,Sutter,101,95872,9407,9387,84,9471,111
2021-05-05,Tehama,103,63373,4994,4968,566,5534,53
2021-05-05,Trinity,105,12862,483,326,86,412,3
2021-05-05,Tulare,107,460477,49890,48875,8984,57859,835
2021-05-05,Tuolumne,109,53932,4050,4040,36,4076,63
2021-05-05,Ventura,111,848112,81017,80372,2969,83341,1005
2021-05-05,Yolo,113,214977,13857,13846,293,14139,209
2021-05-05,Yuba,115,75493,5936,5895,121,6016,44
2021-05-04,Alameda,001,1643700,87108,86894,1942,88836,1277
2021-05-04,Alpine,003,1148,87,88,0,88,0
2021-05-04,Amador,005,37829,3651,3650,33,3683,46
2021-05-04,Butte,007,227075,12271,11883,1793,13676,198
2021-05-04,Calaveras,009,45235,2105,2100,14,2114,52
2021-05-04,Colusa,011,21464,1931,1933,298,2231,14
2021-05-04,Contra Costa,013,1133247,68529,67931,1240,69171,799
2021-05-04,Del Norte,015,27424,1355,1314,12,1326,6
2021-05-04,El Dorado,017,186661,10089,10009,709,10718,110
2021-05-04,Fresno,019,978130,102054,101451,8655,110106,1677
2021-05-04,Glenn,021,27897,2393,2379,545,2924,17
2021-05-04,Humboldt,023,135768,3923,3877,32,3909,36
2021-05-04,Imperial,025,180216,28375,28276,2753,31029,720
2021-05-04,Inyo,027,18085,1401,1399,11,1410,36
2021-05-04,Kern,029,883053,96760,95720,10717,106437,1301
2021-05-04,Kings,031,150075,23055,22822,1086,23908,246
2021-05-04,Lake,033,64148,3476,3454,9,3463,43
2021-05-04,Lassen,035,31185,5172,5142,106,5248,1
2021-05-04,Los Angeles,037,10098052,1200682,1193453,41574,1235027,23957
2021-05-04,Madera,039,155013,16516,16418,925,17343,235
2021-05-04,Marin,041,260295,13973,13935,253,14188,228
2021-05-04,Mariposa,043,17540,421,418,11,429,5
2021-05-04,Mendocino,045,87422,3859,3794,73,3867,46
2021-05-04,Merced,047,269075,30784,30829,984,31813,444
2021-05-04,Modoc,049,8938,370,360,122,482,3
2021-05-04,Mono,051,14174,1244,1260,15,1275,3
2021-05-04,Monterey,053,433212,42984,42845,1864,44709,380
2021-05-04,Napa,055,140530,9830,9824,36,9860,81
2021-05-04,Nevada,057,99092,4740,4656,191,4847,70
2021-05-04,Orange,059,3164182,254618,253177,11256,264433,4977
2021-05-04,Placer,061,380077,22831,22326,1445,23771,287
2021-05-04,Plumas,063,18699,690,675,10,685,4
2021-05-04,Riverside,065,2383286,292525,287285,13871,301156,4411
2021-05-04,Sacramento,067,1510023,104155,103383,1719,105102,1604
2021-05-04,San Benito,069,59416,6036,6039,114,6153,63
2021-05-04,San Bernardino,071,2135413,292179,290934,8949,299883,4668
2021-05-04,San Diego,073,3302833,278390,276879,14597,291476,3713
2021-05-04,San Francisco,075,870044,36401,36550,1287,37837,541
2021-05-04,San Joaquin,077,732212,72296,71582,3493,75075,1342
2021-05-04,San Luis Obispo,079,281455,21128,20923,729,21652,255
2021-05-04,San Mateo,081,765935,42047,41708,464,42172,415
2021-05-04,Santa Barbara,083,443738,34814,34131,1200,35331,453
2021-05-04,Santa Clara,085,1922200,117896,118431,758,119189,1988
2021-05-04,Santa Cruz,087,273765,16125,16005,818,16823,207
2021-05-04,Shasta,089,179085,11981,11923,1505,13428,198
2021-05-04,Sierra,091,2930,56,54,12,66,0
2021-05-04,Siskiyou,093,43540,1804,1694,317,2011,11
2021-05-04,Solano,095,438530,32346,32220,523,32743,249
2021-05-04,Sonoma,097,501317,29716,29867,322,30189,318
2021-05-04,Stanislaus,099,539301,55500,55165,5879,61044,807
2021-05-04,Sutter,101,95872,9402,9375,84,9459,111
2021-05-04,Tehama,103,63373,4992,4959,565,5524,53
2021-05-04,Trinity,105,12862,483,326,86,412,3
2021-05-04,Tulare,107,460477,49863,48857,8975,57832,835
2021-05-04,Tuolumne,109,53932,4048,4041,36,4077,61
2021-05-04,Ventura,111,848112,80988,80351,2967,83318,1005
2021-05-04,Yolo,113,214977,13844,13820,291,14111,208
2021-05-04,Yuba,115,75493,5930,5891,121,6012,44
2021-05-03,Alameda,001,1643700,87030,86845,1936,88781,1272
2021-05-03,Alpine,003,1148,87,88,0,88,0
2021-05-03,Amador,005,37829,3651,3651,33,3684,46
2021-05-03,Butte,007,227075,12261,11864,1790,13654,198
2021-05-03,Calaveras,009,45235,2104,2099,14,2113,50
2021-05-03,Colusa,011,21464,1930,1931,296,2227,14
2021-05-03,Contra Costa,013,1133247,68470,67895,1236,69131,799
2021-05-03,Del Norte,015,27424,1350,1306,11,1317,6
2021-05-03,El Dorado,017,186661,10071,9984,704,10688,110
2021-05-03,Fresno,019,978130,101999,101405,8644,110049,1678
2021-05-03,Glenn,021,27897,2393,2375,544,2919,17
2021-05-03,Humboldt,023,135768,3908,3865,32,3897,36
2021-05-03,Imperial,025,180216,28353,28280,2750,31030,720
2021-05-03,Inyo,027,18085,1400,1398,11,1409,36
2021-05-03,Kern,029,883053,96723,95693,10705,106398,1299
2021-05-03,Kings,031,150075,23046,22821,1086,23907,246
2021-05-03,Lake,033,64148,3474,3446,9,3455,43
2021-05-03,Lassen,035,31185,5171,5142,106,5248,1
2021-05-03,Los Angeles,037,10098052,1200414,1193261,41548,1234809,23942
2021-05-03,Madera,039,155013,16511,16414,924,17338,235
2021-05-03,Marin,041,260295,13967,13927,253,14180,228
2021-05-03,Mariposa,043,17540,421,418,11,429,5
2021-05-03,Mendocino,045,87422,3852,3792,73,3865,46
2021-05-03,Merced,047,269075,30773,30814,982,31796,444
2021-05-03,Modoc,049,8938,370,360,122,482,3
2021-05-03,Mono,051,14174,1244,1259,15,1274,3
2021-05-03,Monterey,053,433212,42973,42837,1862,44699,380
2021-05-03,Napa,055,140530,9825,9815,36,9851,81
2021-05-03,Nevada,057,99092,4732,4650,191,4841,70
2021-05-03,Orange,059,3164182,254559,253107,11247,264354,4968
2021-05-03,Placer,061,380077,22800,22289,1439,23728,287
2021-05-03,Plumas,063,18699,689,675,10,685,4
2021-05-03,Riverside,065,2383286,292451,287233,13870,301103,4412
2021-05-03,Sacramento,067,1510023,104002,103303,1709,105012,1602
2021-05-03,San Benito,069,59416,6035,6038,114,6152,63
2021-05-03,San Bernardino,071,2135413,292111,290886,8946,299832,4659
2021-05-03,San Diego,073,3302833,278227,276693,14572,291265,3712
2021-05-03,San Francisco,075,870044,36375,36538,1287,37825,541
2021-05-03,San Joaquin,077,732212,72245,71504,3490,74994,1325
2021-05-03,San Luis Obispo,079,281455,21112,20915,726,21641,254
2021-05-03,San Mateo,081,765935,42024,41689,463,42152,413
2021-05-03,Santa Barbara,083,443738,34802,34119,1200,35319,453
2021-05-03,Santa Clara,085,1922200,117842,118373,757,119130,1988
2021-05-03,Santa Cruz,087,273765,16122,16000,818,16818,207
2021-05-03,Shasta,089,179085,11958,11890,1500,13390,197
2021-05-03,Sierra,091,2930,56,54,12,66,0
2021-05-03,Siskiyou,093,43540,1798,1683,311,1994,11
2021-05-03,Solano,095,438530,32305,32201,522,32723,249
2021-05-03,Sonoma,097,501317,29704,29855,319,30174,318
2021-05-03,Stanislaus,099,539301,55434,55116,5870,60986,774
2021-05-03,Sutter,101,95872,9390,9370,84,9454,111
2021-05-03,Tehama,103,63373,4983,4952,565,5517,53
2021-05-03,Trinity,105,12862,483,326,86,412,3
2021-05-03,Tulare,107,460477,49846,48844,8965,57809,835
2021-05-03,Tuolumne,109,53932,4047,4038,36,4074,61
2021-05-03,Ventura,111,848112,80966,80291,2967,83258,1005
2021-05-03,Yolo,113,214977,13831,13809,289,14098,208
2021-05-03,Yuba,115,75493,5925,5880,121,6001,44
2021-05-02,Alameda,001,1643700,86945,86784,1935,88719,1272
2021-05-02,Alpine,003,1148,87,88,0,88,0
2021-05-02,Amador,005,37829,3651,3650,33,3683,46
2021-05-02,Butte,007,227075,12237,11859,1787,13646,198
2021-05-02,Calaveras,009,45235,2100,2098,14,2112,50
2021-05-02,Colusa,011,21464,1929,1931,295,2226,14
2021-05-02,Contra Costa,013,1133247,68384,67843,1233,69076,800
2021-05-02,Del Norte,015,27424,1343,1305,11,1316,6
2021-05-02,El Dorado,017,186661,10056,9962,703,10665,110
2021-05-02,Fresno,019,978130,101928,101372,8633,110005,1678
2021-05-02,Glenn,021,27897,2392,2374,542,2916,17
2021-05-02,Humboldt,023,135768,3896,3858,31,3889,36
2021-05-02,Imperial,025,180216,28319,28275,2741,31016,721
2021-05-02,Inyo,027,18085,1398,1398,11,1409,36
2021-05-02,Kern,029,883053,96665,95668,10698,106366,1299
2021-05-02,Kings,031,150075,23028,22816,1085,23901,246
2021-05-02,Lake,033,64148,3472,3443,9,3452,43
2021-05-02,Lassen,035,31185,5170,5142,105,5247,1
2021-05-02,Los Angeles,037,10098052,1200068,1193056,41525,1234581,23943
2021-05-02,Madera,039,155013,16505,16410,924,17334,235
2021-05-02,Marin,041,260295,13957,13917,253,14170,228
2021-05-02,Mariposa,043,17540,421,419,11,430,5
2021-05-02,Mendocino,045,87422,3847,3787,73,3860,46
2021-05-02,Merced,047,269075,30751,30793,980,31773,444
2021-05-02,Modoc,049,8938,369,360,122,482,3
2021-05-02,Mono,051,14174,1243,1259,15,1274,3
2021-05-02,Monterey,053,433212,42959,42837,1861,44698,380
2021-05-02,Napa,055,140530,9821,9805,36,9841,81
2021-05-02,Nevada,057,99092,4716,4635,191,4826,70
2021-05-02,Orange,059,3164182,254484,253025,11234,264259,4968
2021-05-02,Placer,061,380077,22771,22264,1436,23700,287
2021-05-02,Plumas,063,18699,689,675,10,685,4
2021-05-02,Riverside,065,2383286,292351,287197,13860,301057,4412
2021-05-02,Sacramento,067,1510023,103863,103153,1702,104855,1602
2021-05-02,San Benito,069,59416,6030,6037,114,6151,63
2021-05-02,San Bernardino,071,2135413,292012,290859,8944,299803,4655
2021-05-02,San Diego,073,3302833,278030,276521,14545,291066,3712
2021-05-02,San Francisco,075,870044,36349,36522,1287,37809,541
2021-05-02,San Joaquin,077,732212,72181,71447,3483,74930,1325
2021-05-02,San Luis Obispo,079,281455,21092,20910,725,21635,254
2021-05-02,San Mateo,081,765935,42008,41656,462,42118,412
2021-05-02,Santa Barbara,083,443738,34787,34106,1200,35306,453
2021-05-02,Santa Clara,085,1922200,117768,118321,757,119078,1988
2021-05-02,Santa Cruz,087,273765,16117,15995,817,16812,207
2021-05-02,Shasta,089,179085,11942,11885,1492,13377,197
2021-05-02,Sierra,091,2930,56,54,12,66,0
2021-05-02,Siskiyou,093,43540,1787,1661,310,1971,11
2021-05-02,Solano,095,438530,32266,32151,518,32669,249
2021-05-02,Sonoma,097,501317,29682,29842,319,30161,318
2021-05-02,Stanislaus,099,539301,55361,55057,5863,60920,774
2021-05-02,Sutter,101,95872,9383,9363,84,9447,111
2021-05-02,Tehama,103,63373,4978,4950,563,5513,53
2021-05-02,Trinity,105,12862,483,326,86,412,3
2021-05-02,Tulare,107,460477,49828,48834,8957,57791,835
2021-05-02,Tuolumne,109,53932,4044,4038,36,4074,61
2021-05-02,Ventura,111,848112,80929,80284,2966,83250,1005
2021-05-02,Yolo,113,214977,13819,13799,288,14087,208
2021-05-02,Yuba,115,75493,5915,5879,121,6000,44
2021-05-01,Alameda,001,1643700,86901,86704,1932,88636,1270
2021-05-01,Alpine,003,1148,87,88,0,88,0
2021-05-01,Amador,005,37829,3651,3650,33,3683,46
2021-05-01,Butte,007,227075,12223,11845,1782,13627,198
2021-05-01,Calaveras,009,45235,2098,2096,14,2110,50
2021-05-01,Colusa,011,21464,1928,1931,295,2226,14
2021-05-01,Contra Costa,013,1133247,68332,67779,1230,69009,800
2021-05-01,Del Norte,015,27424,1342,1292,11,1303,6
2021-05-01,El Dorado,017,186661,10042,9944,701,10645,110
2021-05-01,Fresno,019,978130,101883,101326,8627,109953,1678
2021-05-01,Glenn,021,27897,2389,2369,541,2910,17
2021-05-01,Humboldt,023,135768,3882,3845,31,3876,36
2021-05-01,Imperial,025,180216,28312,28262,2741,31003,721
2021-05-01,Inyo,027,18085,1398,1397,11,1408,36
2021-05-01,Kern,029,883053,96638,95645,10686,106331,1299
2021-05-01,Kings,031,150075,23025,22797,1084,23881,246
2021-05-01,Lake,033,64148,3470,3441,9,3450,43
2021-05-01,Lassen,035,31185,5168,5142,105,5247,1
2021-05-01,Los Angeles,037,10098052,1199901,1192781,41510,1234291,23946
2021-05-01,Madera,039,155013,16501,16408,924,17332,235
2021-05-01,Marin,041,260295,13950,13902,253,14155,228
2021-05-01,Mariposa,043,17540,421,418,11,429,5
2021-05-01,Mendocino,045,87422,3845,3782,73,3855,46
2021-05-01,Merced,047,269075,30733,30771,980,31751,444
2021-05-01,Modoc,049,8938,369,361,122,483,3
2021-05-01,Mono,051,14174,1243,1258,15,1273,3
2021-05-01,Monterey,053,433212,42953,42828,1861,44689,379
2021-05-01,Napa,055,140530,9818,9800,36,9836,81
2021-05-01,Nevada,057,99092,4711,4625,191,4816,70
2021-05-01,Orange,059,3164182,254441,252969,11223,264192,4964
2021-05-01,Placer,061,380077,22745,22240,1434,23674,287
2021-05-01,Plumas,063,18699,688,675,10,685,4
2021-05-01,Riverside,065,2383286,292312,287129,13858,300987,4412
2021-05-01,Sacramento,067,1510023,103782,103043,1701,104744,1602
2021-05-01,San Benito,069,59416,6027,6030,114,6144,63
2021-05-01,San Bernardino,071,2135413,291969,290802,8942,299744,4652
2021-05-01,San Diego,073,3302833,277906,276367,14524,290891,3706
2021-05-01,San Francisco,075,870044,36334,36496,1287,37783,541
2021-05-01,San Joaquin,077,732212,72133,71389,3481,74870,1325
2021-05-01,San Luis Obispo,079,281455,21087,20896,725,21621,254
2021-05-01,San Mateo,081,765935,41979,41617,461,42078,411
2021-05-01,Santa Barbara,083,443738,34782,34085,1199,35284,453
2021-05-01,Santa Clara,085,1922200,117716,118265,755,119020,1988
2021-05-01,Santa Cruz,087,273765,16114,15984,817,16801,207
2021-05-01,Shasta,089,179085,11922,11878,1484,13362,197
2021-05-01,Sierra,091,2930,56,53,12,65,0
2021-05-01,Siskiyou,093,43540,1779,1653,309,1962,11
2021-05-01,Solano,095,438530,32236,32124,510,32634,249
2021-05-01,Sonoma,097,501317,29679,29835,319,30154,318
2021-05-01,Stanislaus,099,539301,55326,55005,5857,60862,774
2021-05-01,Sutter,101,95872,9380,9358,84,9442,110
2021-05-01,Tehama,103,63373,4977,4950,562,5512,53
2021-05-01,Trinity,105,12862,483,326,85,411,3
2021-05-01,Tulare,107,460477,49821,48818,8951,57769,835
2021-05-01,Tuolumne,109,53932,4038,4035,36,4071,61
2021-05-01,Ventura,111,848112,80911,80268,2966,83234,1005
2021-05-01,Yolo,113,214977,13812,13784,286,14070,208
2021-05-01,Yuba,115,75493,5913,5875,121,5996,44
2021-04-30,Alameda,001,1643700,86839,86602,1929,88531,1268
2021-04-30,Alpine,003,1148,87,88,0,88,0
2021-04-30,Amador,005,37829,3649,3650,33,3683,46
2021-04-30,Butte,007,227075,12204,11812,1778,13590,197
2021-04-30,Calaveras,009,45235,2097,2087,14,2101,50
2021-04-30,Colusa,011,21464,1928,1931,294,2225,14
2021-04-30,Contra Costa,013,1133247,68284,67684,1227,68911,800
2021-04-30,Del Norte,015,27424,1330,1276,11,1287,6
2021-04-30,El Dorado,017,186661,10028,9906,701,10607,110
2021-04-30,Fresno,019,978130,101837,101263,8623,109886,1670
2021-04-30,Glenn,021,27897,2388,2369,541,2910,17
2021-04-30,Humboldt,023,135768,3869,3834,31,3865,36
2021-04-30,Imperial,025,180216,28303,28244,2738,30982,721
2021-04-30,Inyo,027,18085,1398,1397,11,1408,36
2021-04-30,Kern,029,883053,96621,95605,10682,106287,1298
2021-04-30,Kings,031,150075,23022,22793,1083,23876,246
2021-04-30,Lake,033,64148,3466,3440,9,3449,43
2021-04-30,Lassen,035,31185,5167,5140,105,5245,1
2021-04-30,Los Angeles,037,10098052,1199695,1192393,41496,1233889,23919
2021-04-30,Madera,039,155013,16495,16395,924,17319,235
2021-04-30,Marin,041,260295,13942,13895,251,14146,228
2021-04-30,Mariposa,043,17540,421,417,11,428,5
2021-04-30,Mendocino,045,87422,3841,3777,73,3850,46
2021-04-30,Merced,047,269075,30720,30740,979,31719,444
2021-04-30,Modoc,049,8938,368,360,122,482,3
2021-04-30,Mono,051,14174,1243,1258,15,1273,3
2021-04-30,Monterey,053,433212,42939,42810,1860,44670,379
2021-04-30,Napa,055,140530,9814,9792,36,9828,81
2021-04-30,Nevada,057,99092,4703,4608,191,4799,70
2021-04-30,Orange,059,3164182,254385,252883,11217,264100,4956
2021-04-30,Placer,061,380077,22726,22190,1430,23620,287
2021-04-30,Plumas,063,18699,688,677,10,687,4
2021-04-30,Riverside,065,2383286,292254,287030,13851,300881,4412
2021-04-30,Sacramento,067,1510023,103681,102864,1697,104561,1596
2021-04-30,San Benito,069,59416,6023,6024,113,6137,63
2021-04-30,San Bernardino,071,2135413,291908,290704,8941,299645,4640
2021-04-30,San Diego,073,3302833,277812,276157,14513,290670,3702
2021-04-30,San Francisco,075,870044,36323,36453,1286,37739,538
2021-04-30,San Joaquin,077,732212,72082,71311,3478,74789,1306
2021-04-30,San Luis Obispo,079,281455,21081,20884,725,21609,255
2021-04-30,San Mateo,081,765935,41964,41583,460,42043,380
2021-04-30,Santa Barbara,083,443738,34769,34061,1199,35260,451
2021-04-30,Santa Clara,085,1922200,117658,118170,751,118921,1988
2021-04-30,Santa Cruz,087,273765,16109,15975,817,16792,207
2021-04-30,Shasta,089,179085,11901,11848,1481,13329,197
2021-04-30,Sierra,091,2930,56,53,12,65,0
2021-04-30,Siskiyou,093,43540,1768,1628,306,1934,11
2021-04-30,Solano,095,438530,32204,32050,507,32557,249
2021-04-30,Sonoma,097,501317,29669,29816,317,30133,318
2021-04-30,Stanislaus,099,539301,55275,54938,5854,60792,774
2021-04-30,Sutter,101,95872,9378,9353,84,9437,110
2021-04-30,Tehama,103,63373,4975,4944,562,5506,53
2021-04-30,Trinity,105,12862,483,326,85,411,3
2021-04-30,Tulare,107,460477,49811,48797,8935,57732,836
2021-04-30,Tuolumne,109,53932,4037,4033,36,4069,61
2021-04-30,Ventura,111,848112,80871,80232,2961,83193,1004
2021-04-30,Yolo,113,214977,13800,13756,286,14042,208
2021-04-30,Yuba,115,75493,5905,5870,121,5991,44
2021-04-29,Alameda,001,1643700,86773,86490,1927,88417,1263
2021-04-29,Alpine,003,1148,87,88,0,88,0
2021-04-29,Amador,005,37829,3649,3649,33,3682,46
2021-04-29,Butte,007,227075,12189,11787,1776,13563,196
2021-04-29,Calaveras,009,45235,2094,2082,14,2096,50
2021-04-29,Colusa,011,21464,1928,1929,294,2223,14
2021-04-29,Contra Costa,013,1133247,68229,67606,1224,68830,795
2021-04-29,Del Norte,015,27424,1326,1271,11,1282,6
2021-04-29,El Dorado,017,186661,10008,9884,698,10582,107
2021-04-29,Fresno,019,978130,101783,101189,8612,109801,1667
2021-04-29,Glenn,021,27897,2385,2369,541,2910,17
2021-04-29,Humboldt,023,135768,3855,3815,31,3846,36
2021-04-29,Imperial,025,180216,28291,28235,2737,30972,720
2021-04-29,Inyo,027,18085,1398,1396,11,1407,36
2021-04-29,Kern,029,883053,96588,95547,10678,106225,1295
2021-04-29,Kings,031,150075,23012,22777,1078,23855,245
2021-04-29,Lake,033,64148,3458,3438,9,3447,43
2021-04-29,Lassen,035,31185,5167,5140,105,5245,1
2021-04-29,Los Angeles,037,10098052,1199420,1192068,41475,1233543,23899
2021-04-29,Madera,039,155013,16490,16383,923,17306,235
2021-04-29,Marin,041,260295,13938,13884,243,14127,228
2021-04-29,Mariposa,043,17540,420,416,11,427,5
2021-04-29,Mendocino,045,87422,3835,3774,73,3847,46
2021-04-29,Merced,047,269075,30700,30706,979,31685,444
2021-04-29,Modoc,049,8938,368,360,122,482,3
2021-04-29,Mono,051,14174,1241,1259,15,1274,3
2021-04-29,Monterey,053,433212,42922,42797,1859,44656,379
2021-04-29,Napa,055,140530,9800,9789,36,9825,81
2021-04-29,Nevada,057,99092,4692,4590,191,4781,70
2021-04-29,Orange,059,3164182,254315,252823,11202,264025,4934
2021-04-29,Placer,061,380077,22701,22161,1428,23589,286
2021-04-29,Plumas,063,18699,687,676,10,686,4
2021-04-29,Riverside,065,2383286,292186,286947,13848,300795,4409
2021-04-29,Sacramento,067,1510023,103548,102686,1687,104373,1593
2021-04-29,San Benito,069,59416,6022,6023,113,6136,63
2021-04-29,San Bernardino,071,2135413,291836,290606,8936,299542,4609
2021-04-29,San Diego,073,3302833,277662,275961,14496,290457,3700
2021-04-29,San Francisco,075,870044,36297,36412,1286,37698,537
2021-04-29,San Joaquin,077,732212,72016,71225,3473,74698,1301
2021-04-29,San Luis Obispo,079,281455,21070,20876,725,21601,255
2021-04-29,San Mateo,081,765935,41936,41538,459,41997,358
2021-04-29,Santa Barbara,083,443738,34753,34039,1197,35236,448
2021-04-29,Santa Clara,085,1922200,117603,118082,748,118830,1984
2021-04-29,Santa Cruz,087,273765,16103,15961,817,16778,205
2021-04-29,Shasta,089,179085,11870,11836,1473,13309,193
2021-04-29,Sierra,091,2930,56,53,12,65,0
2021-04-29,Siskiyou,093,43540,1759,1615,303,1918,11
2021-04-29,Solano,095,438530,32163,32002,503,32505,248
2021-04-29,Sonoma,097,501317,29654,29785,314,30099,318
2021-04-29,Stanislaus,099,539301,55208,54836,5849,60685,774
2021-04-29,Sutter,101,95872,9371,9346,84,9430,110
2021-04-29,Tehama,103,63373,4967,4939,562,5501,53
2021-04-29,Trinity,105,12862,483,326,85,411,3
2021-04-29,Tulare,107,460477,49793,48785,8923,57708,832
2021-04-29,Tuolumne,109,53932,4036,4030,36,4066,58
2021-04-29,Ventura,111,848112,80837,80188,2959,83147,1002
2021-04-29,Yolo,113,214977,13780,13745,285,14030,205
2021-04-29,Yuba,115,75493,5895,5865,121,5986,44
2021-04-28,Alameda,001,1643700,86701,86390,1923,88313,1260
2021-04-28,Alpine,003,1148,87,88,0,88,0
2021-04-28,Amador,005,37829,3649,3646,33,3679,46
2021-04-28,Butte,007,227075,12169,11762,1771,13533,196
2021-04-28,Calaveras,009,45235,2090,2078,13,2091,50
2021-04-28,Colusa,011,21464,1925,1927,293,2220,14
2021-04-28,Contra Costa,013,1133247,68169,67539,1223,68762,795
2021-04-28,Del Norte,015,27424,1318,1267,11,1278,6
2021-04-28,El Dorado,017,186661,9984,9873,698,10571,107
2021-04-28,Fresno,019,978130,101736,101161,8602,109763,1666
2021-04-28,Glenn,021,27897,2382,2368,541,2909,17
2021-04-28,Humboldt,023,135768,3839,3796,31,3827,36
2021-04-28,Imperial,025,180216,28277,28177,2736,30913,720
2021-04-28,Inyo,027,18085,1398,1396,10,1406,36
2021-04-28,Kern,029,883053,96558,95494,10669,106163,1295
2021-04-28,Kings,031,150075,23000,22767,1076,23843,245
2021-04-28,Lake,033,64148,3455,3433,9,3442,43
2021-04-28,Lassen,035,31185,5167,5138,105,5243,1
2021-04-28,Los Angeles,037,10098052,1199124,1191729,41449,1233178,23858
2021-04-28,Madera,039,155013,16486,16372,923,17295,235
2021-04-28,Marin,041,260295,13927,13866,243,14109,227
2021-04-28,Mariposa,043,17540,417,415,11,426,5
2021-04-28,Mendocino,045,87422,3829,3770,71,3841,46
2021-04-28,Merced,047,269075,30681,30649,979,31628,443
2021-04-28,Modoc,049,8938,368,360,122,482,3
2021-04-28,Mono,051,14174,1241,1258,15,1273,3
2021-04-28,Monterey,053,433212,42917,42776,1859,44635,379
2021-04-28,Napa,055,140530,9789,9777,36,9813,81
2021-04-28,Nevada,057,99092,4672,4570,191,4761,70
2021-04-28,Orange,059,3164182,254235,252747,11189,263936,4931
2021-04-28,Placer,061,380077,22674,22115,1427,23542,285
2021-04-28,Plumas,063,18699,687,676,10,686,4
2021-04-28,Riverside,065,2383286,292130,286868,13842,300710,4407
2021-04-28,Sacramento,067,1510023,103426,102613,1683,104296,1591
2021-04-28,San Benito,069,59416,6020,6021,113,6134,63
2021-04-28,San Bernardino,071,2135413,291757,290548,8926,299474,4582
2021-04-28,San Diego,073,3302833,277507,275821,14482,290303,3698
2021-04-28,San Francisco,075,870044,36268,36382,1285,37667,534
2021-04-28,San Joaquin,077,732212,71936,71171,3465,74636,1301
2021-04-28,San Luis Obispo,079,281455,21062,20851,725,21576,255
2021-04-28,San Mateo,081,765935,41911,41498,457,41955,358
2021-04-28,Santa Barbara,083,443738,34739,34003,1197,35200,448
2021-04-28,Santa Clara,085,1922200,117534,117997,745,118742,1969
2021-04-28,Santa Cruz,087,273765,16099,15943,816,16759,205
2021-04-28,Shasta,089,179085,11854,11815,1466,13281,192
2021-04-28,Sierra,091,2930,56,51,12,63,0
2021-04-28,Siskiyou,093,43540,1746,1603,301,1904,11
2021-04-28,Solano,095,438530,32131,31982,498,32480,248
2021-04-28,Sonoma,097,501317,29640,29773,310,30083,318
2021-04-28,Stanislaus,099,539301,55152,54745,5845,60590,774
2021-04-28,Sutter,101,95872,9366,9343,84,9427,110
2021-04-28,Tehama,103,63373,4961,4930,561,5491,53
2021-04-28,Trinity,105,12862,483,326,85,411,3
2021-04-28,Tulare,107,460477,49775,48754,8908,57662,832
2021-04-28,Tuolumne,109,53932,4033,4029,36,4065,58
2021-04-28,Ventura,111,848112,80802,80172,2957,83129,1000
2021-04-28,Yolo,113,214977,13765,13721,284,14005,205
2021-04-28,Yuba,115,75493,5889,5857,121,5978,44
2021-04-27,Alameda,001,1643700,86603,86301,1917,88218,1260
2021-04-27,Alpine,003,1148,87,88,0,88,0
2021-04-27,Amador,005,37829,3649,3645,33,3678,46
2021-04-27,Butte,007,227075,12144,11738,1765,13503,196
2021-04-27,Calaveras,009,45235,2087,2076,13,2089,50
2021-04-27,Colusa,011,21464,1924,1926,293,2219,14
2021-04-27,Contra Costa,013,1133247,68100,67470,1219,68689,791
2021-04-27,Del Norte,015,27424,1306,1266,11,1277,6
2021-04-27,El Dorado,017,186661,9955,9866,695,10561,106
2021-04-27,Fresno,019,978130,101671,101138,8592,109730,1663
2021-04-27,Glenn,021,27897,2382,2368,541,2909,17
2021-04-27,Humboldt,023,135768,3827,3780,31,3811,35
2021-04-27,Imperial,025,180216,28261,28149,2730,30879,720
2021-04-27,Inyo,027,18085,1398,1396,10,1406,36
2021-04-27,Kern,029,883053,96501,95466,10658,106124,1295
2021-04-27,Kings,031,150075,22985,22759,1074,23833,244
2021-04-27,Lake,033,64148,3454,3431,9,3440,43
2021-04-27,Lassen,035,31185,5167,5137,105,5242,1
2021-04-27,Los Angeles,037,10098052,1198804,1191504,41419,1232923,23825
2021-04-27,Madera,039,155013,16479,16365,923,17288,235
2021-04-27,Marin,041,260295,13905,13855,243,14098,227
2021-04-27,Mariposa,043,17540,416,413,11,424,5
2021-04-27,Mendocino,045,87422,3825,3765,71,3836,46
2021-04-27,Merced,047,269075,30641,30620,979,31599,443
2021-04-27,Modoc,049,8938,367,360,122,482,3
2021-04-27,Mono,051,14174,1241,1257,15,1272,3
2021-04-27,Monterey,053,433212,42899,42752,1856,44608,379
2021-04-27,Napa,055,140530,9782,9774,34,9808,81
2021-04-27,Nevada,057,99092,4657,4557,191,4748,70
2021-04-27,Orange,059,3164182,254165,252667,11184,263851,4925
2021-04-27,Placer,061,380077,22643,22050,1424,23474,285
2021-04-27,Plumas,063,18699,686,675,10,685,4
2021-04-27,Riverside,065,2383286,292054,286820,13838,300658,4405
2021-04-27,Sacramento,067,1510023,103297,102595,1673,104268,1589
2021-04-27,San Benito,069,59416,6015,6016,113,6129,63
2021-04-27,San Bernardino,071,2135413,291689,290461,8921,299382,4575
2021-04-27,San Diego,073,3302833,277350,275685,14462,290147,3692
2021-04-27,San Francisco,075,870044,36240,36358,1284,37642,533
2021-04-27,San Joaquin,077,732212,71883,71104,3459,74563,1301
2021-04-27,San Luis Obispo,079,281455,21055,20841,725,21566,255
2021-04-27,San Mateo,081,765935,41876,41474,456,41930,358
2021-04-27,Santa Barbara,083,443738,34716,33973,1196,35169,448
2021-04-27,Santa Clara,085,1922200,117484,117945,744,118689,1969
2021-04-27,Santa Cruz,087,273765,16092,15905,815,16720,205
2021-04-27,Shasta,089,179085,11827,11802,1459,13261,192
2021-04-27,Sierra,091,2930,56,51,12,63,0
2021-04-27,Siskiyou,093,43540,1731,1597,300,1897,11
2021-04-27,Solano,095,438530,32083,31964,497,32461,248
2021-04-27,Sonoma,097,501317,29622,29761,309,30070,318
2021-04-27,Stanislaus,099,539301,55082,54695,5837,60532,752
2021-04-27,Sutter,101,95872,9361,9342,84,9426,110
2021-04-27,Tehama,103,63373,4958,4922,557,5479,53
2021-04-27,Trinity,105,12862,483,326,85,411,3
2021-04-27,Tulare,107,460477,49759,48744,8899,57643,832
2021-04-27,Tuolumne,109,53932,4030,4028,36,4064,58
2021-04-27,Ventura,111,848112,80773,80152,2955,83107,1000
2021-04-27,Yolo,113,214977,13752,13697,282,13979,205
2021-04-27,Yuba,115,75493,5889,5853,121,5974,44
2021-04-26,Alameda,001,1643700,86512,86230,1914,88144,1256
2021-04-26,Alpine,003,1148,87,88,0,88,0
2021-04-26,Amador,005,37829,3648,3645,33,3678,46
2021-04-26,Butte,007,227075,12120,11720,1761,13481,196
2021-04-26,Calaveras,009,45235,2078,2074,13,2087,50
2021-04-26,Colusa,011,21464,1924,1925,292,2217,14
2021-04-26,Contra Costa,013,1133247,68032,67392,1215,68607,789
2021-04-26,Del Norte,015,27424,1297,1263,11,1274,6
2021-04-26,El Dorado,017,186661,9934,9849,694,10543,106
2021-04-26,Fresno,019,978130,101616,101099,8579,109678,1662
2021-04-26,Glenn,021,27897,2380,2367,541,2908,17
2021-04-26,Humboldt,023,135768,3817,3764,30,3794,35
2021-04-26,Imperial,025,180216,28248,28148,2727,30875,720
2021-04-26,Inyo,027,18085,1397,1396,10,1406,36
2021-04-26,Kern,029,883053,96474,95429,10652,106081,1295
2021-04-26,Kings,031,150075,22982,22756,1071,23827,244
2021-04-26,Lake,033,64148,3449,3428,9,3437,43
2021-04-26,Lassen,035,31185,5167,5138,105,5243,1
2021-04-26,Los Angeles,037,10098052,1198479,1191253,41400,1232653,23802
2021-04-26,Madera,039,155013,16467,16353,922,17275,231
2021-04-26,Marin,041,260295,13890,13849,243,14092,227
2021-04-26,Mariposa,043,17540,415,410,11,421,5
2021-04-26,Mendocino,045,87422,3823,3757,71,3828,46
2021-04-26,Merced,047,269075,30624,30611,976,31587,443
2021-04-26,Modoc,049,8938,367,360,122,482,3
2021-04-26,Mono,051,14174,1241,1258,15,1273,3
2021-04-26,Monterey,053,433212,42883,42740,1855,44595,379
2021-04-26,Napa,055,140530,9770,9769,34,9803,79
2021-04-26,Nevada,057,99092,4636,4548,191,4739,70
2021-04-26,Orange,059,3164182,254081,252592,11173,263765,4919
2021-04-26,Placer,061,380077,22614,22032,1419,23451,285
2021-04-26,Plumas,063,18699,686,670,10,680,4
2021-04-26,Riverside,065,2383286,291992,286724,13830,300554,4401
2021-04-26,Sacramento,067,1510023,103125,102459,1660,104119,1587
2021-04-26,San Benito,069,59416,6013,6013,113,6126,63
2021-04-26,San Bernardino,071,2135413,291638,290394,8920,299314,4572
2021-04-26,San Diego,073,3302833,277176,275541,14434,289975,3692
2021-04-26,San Francisco,075,870044,36212,36330,1283,37613,532
2021-04-26,San Joaquin,077,732212,71817,71050,3451,74501,1301
2021-04-26,San Luis Obispo,079,281455,21047,20830,724,21554,255
2021-04-26,San Mateo,081,765935,41846,41457,456,41913,357
2021-04-26,Santa Barbara,083,443738,34685,33948,1196,35144,448
2021-04-26,Santa Clara,085,1922200,117384,117874,741,118615,1968
2021-04-26,Santa Cruz,087,273765,16083,15877,815,16692,205
2021-04-26,Shasta,089,179085,11810,11787,1453,13240,192
2021-04-26,Sierra,091,2930,55,51,12,63,0
2021-04-26,Siskiyou,093,43540,1721,1592,296,1888,11
2021-04-26,Solano,095,438530,32038,31913,495,32408,247
2021-04-26,Sonoma,097,501317,29599,29755,307,30062,318
2021-04-26,Stanislaus,099,539301,54992,54638,5831,60469,744
2021-04-26,Sutter,101,95872,9356,9328,84,9412,110
2021-04-26,Tehama,103,63373,4953,4920,554,5474,53
2021-04-26,Trinity,105,12862,483,326,85,411,3
2021-04-26,Tulare,107,460477,49739,48735,8890,57625,831
2021-04-26,Tuolumne,109,53932,4029,4024,36,4060,58
2021-04-26,Ventura,111,848112,80748,80137,2952,83089,999
2021-04-26,Yolo,113,214977,13732,13684,279,13963,205
2021-04-26,Yuba,115,75493,5887,5851,121,5972,44
2021-04-25,Alameda,001,1643700,86406,86162,1907,88069,1256
2021-04-25,Alpine,003,1148,87,87,0,87,0
2021-04-25,Amador,005,37829,3647,3643,33,3676,46
2021-04-25,Butte,007,227075,12091,11709,1754,13463,196
2021-04-25,Calaveras,009,45235,2072,2072,12,2084,50
2021-04-25,Colusa,011,21464,1923,1924,292,2216,14
2021-04-25,Contra Costa,013,1133247,67940,67316,1214,68530,789
2021-04-25,Del Norte,015,27424,1291,1259,11,1270,6
2021-04-25,El Dorado,017,186661,9918,9837,692,10529,106
2021-04-25,Fresno,019,978130,101557,101061,8567,109628,1662
2021-04-25,Glenn,021,27897,2380,2366,541,2907,17
2021-04-25,Humboldt,023,135768,3804,3751,30,3781,35
2021-04-25,Imperial,025,180216,28222,28136,2724,30860,720
2021-04-25,Inyo,027,18085,1397,1396,10,1406,36
2021-04-25,Kern,029,883053,96408,95398,10639,106037,1295
2021-04-25,Kings,031,150075,22968,22755,1069,23824,244
2021-04-25,Lake,033,64148,3447,3427,9,3436,43
2021-04-25,Lassen,035,31185,5165,5138,105,5243,1
2021-04-25,Los Angeles,037,10098052,1198146,1190970,41380,1232350,23799
2021-04-25,Madera,039,155013,16455,16346,922,17268,231
2021-04-25,Marin,041,260295,13881,13852,243,14095,227
2021-04-25,Mariposa,043,17540,415,410,11,421,5
2021-04-25,Mendocino,045,87422,3816,3757,71,3828,46
2021-04-25,Merced,047,269075,30589,30586,976,31562,443
2021-04-25,Modoc,049,8938,367,360,122,482,3
2021-04-25,Mono,051,14174,1241,1257,15,1272,3
2021-04-25,Monterey,053,433212,42870,42737,1853,44590,379
2021-04-25,Napa,055,140530,9765,9762,34,9796,79
2021-04-25,Nevada,057,99092,4624,4536,191,4727,70
2021-04-25,Orange,059,3164182,254004,252531,11166,263697,4919
2021-04-25,Placer,061,380077,22567,22011,1411,23422,285
2021-04-25,Plumas,063,18699,685,670,10,680,4
2021-04-25,Riverside,065,2383286,291898,286651,13824,300475,4401
2021-04-25,Sacramento,067,1510023,102957,102319,1650,103969,1587
2021-04-25,San Benito,069,59416,6011,6014,112,6126,63
2021-04-25,San Bernardino,071,2135413,291563,290357,8912,299269,4571
2021-04-25,San Diego,073,3302833,276963,275412,14401,289813,3692
2021-04-25,San Francisco,075,870044,36181,36310,1283,37593,532
2021-04-25,San Joaquin,077,732212,71722,70987,3441,74428,1301
2021-04-25,San Luis Obispo,079,281455,21028,20820,722,21542,255
2021-04-25,San Mateo,081,765935,41811,41465,455,41920,356
2021-04-25,Santa Barbara,083,443738,34659,33931,1196,35127,448
2021-04-25,Santa Clara,085,1922200,117305,117778,739,118517,1968
2021-04-25,Santa Cruz,087,273765,16077,15868,813,16681,205
2021-04-25,Shasta,089,179085,11787,11784,1448,13232,192
2021-04-25,Sierra,091,2930,55,51,12,63,0
2021-04-25,Siskiyou,093,43540,1710,1580,294,1874,11
2021-04-25,Solano,095,438530,31991,31864,487,32351,247
2021-04-25,Sonoma,097,501317,29581,29756,307,30063,318
2021-04-25,Stanislaus,099,539301,54896,54543,5823,60366,744
2021-04-25,Sutter,101,95872,9350,9326,84,9410,110
2021-04-25,Tehama,103,63373,4949,4916,552,5468,53
2021-04-25,Trinity,105,12862,483,326,85,411,3
2021-04-25,Tulare,107,460477,49723,48728,8876,57604,831
2021-04-25,Tuolumne,109,53932,4027,4022,36,4058,58
2021-04-25,Ventura,111,848112,80724,80110,2952,83062,999
2021-04-25,Yolo,113,214977,13709,13667,277,13944,205
2021-04-25,Yuba,115,75493,5884,5849,120,5969,44
2021-04-24,Alameda,001,1643700,86352,86016,1905,87921,1257
2021-04-24,Alpine,003,1148,87,86,0,86,0
2021-04-24,Amador,005,37829,3646,3640,33,3673,46
2021-04-24,Butte,007,227075,12075,11678,1752,13430,196
2021-04-24,Calaveras,009,45235,2069,2067,12,2079,50
2021-04-24,Colusa,011,21464,1922,1921,292,2213,14
2021-04-24,Contra Costa,013,1133247,67871,67222,1212,68434,789
2021-04-24,Del Norte,015,27424,1286,1255,11,1266,6
2021-04-24,El Dorado,017,186661,9907,9814,691,10505,106
2021-04-24,Fresno,019,978130,101526,100991,8561,109552,1662
2021-04-24,Glenn,021,27897,2380,2363,541,2904,17
2021-04-24,Humboldt,023,135768,3790,3722,30,3752,35
2021-04-24,Imperial,025,180216,28215,28124,2723,30847,720
2021-04-24,Inyo,027,18085,1396,1396,10,1406,36
2021-04-24,Kern,029,883053,96389,95365,10629,105994,1295
2021-04-24,Kings,031,150075,22965,22749,1069,23818,244
2021-04-24,Lake,033,64148,3446,3426,9,3435,43
2021-04-24,Lassen,035,31185,5164,5137,105,5242,1
2021-04-24,Los Angeles,037,10098052,1197922,1190603,41363,1231966,23802
2021-04-24,Madera,039,155013,16452,16338,922,17260,231
2021-04-24,Marin,041,260295,13873,13847,243,14090,227
2021-04-24,Mariposa,043,17540,415,409,11,420,5
2021-04-24,Mendocino,045,87422,3814,3754,70,3824,46
2021-04-24,Merced,047,269075,30569,30559,976,31535,443
2021-04-24,Modoc,049,8938,367,360,122,482,3
2021-04-24,Mono,051,14174,1241,1256,15,1271,3
2021-04-24,Monterey,053,433212,42858,42727,1852,44579,379
2021-04-24,Napa,055,140530,9759,9756,34,9790,79
2021-04-24,Nevada,057,99092,4617,4522,191,4713,70
2021-04-24,Orange,059,3164182,253960,252441,11160,263601,4910
2021-04-24,Placer,061,380077,22555,21983,1410,23393,285
2021-04-24,Plumas,063,18699,684,670,10,680,4
2021-04-24,Riverside,065,2383286,291830,286552,13820,300372,4400
2021-04-24,Sacramento,067,1510023,102874,102179,1643,103822,1587
2021-04-24,San Benito,069,59416,6009,6007,112,6119,63
2021-04-24,San Bernardino,071,2135413,291514,290264,8911,299175,4568
2021-04-24,San Diego,073,3302833,276859,275252,14381,289633,3688
2021-04-24,San Francisco,075,870044,36152,36285,1279,37564,532
2021-04-24,San Joaquin,077,732212,71678,70911,3438,74349,1301
2021-04-24,San Luis Obispo,079,281455,21018,20797,721,21518,255
2021-04-24,San Mateo,081,765935,41798,41424,453,41877,355
2021-04-24,Santa Barbara,083,443738,34644,33911,1195,35106,448
2021-04-24,Santa Clara,085,1922200,117250,117674,737,118411,1968
2021-04-24,Santa Cruz,087,273765,16069,15840,813,16653,205
2021-04-24,Shasta,089,179085,11769,11770,1445,13215,192
2021-04-24,Sierra,091,2930,55,51,12,63,0
2021-04-24,Siskiyou,093,43540,1700,1574,293,1867,11
2021-04-24,Solano,095,438530,31968,31821,484,32305,247
2021-04-24,Sonoma,097,501317,29579,29739,307,30046,318
2021-04-24,Stanislaus,099,539301,54847,54455,5820,60275,744
2021-04-24,Sutter,101,95872,9347,9316,84,9400,110
2021-04-24,Tehama,103,63373,4944,4907,552,5459,53
2021-04-24,Trinity,105,12862,483,326,85,411,3
2021-04-24,Tulare,107,460477,49712,48705,8866,57571,830
2021-04-24,Tuolumne,109,53932,4023,4020,36,4056,58
2021-04-24,Ventura,111,848112,80711,80097,2950,83047,999
2021-04-24,Yolo,113,214977,13698,13653,277,13930,205
2021-04-24,Yuba,115,75493,5882,5837,120,5957,44
2021-04-23,Alameda,001,1643700,86281,85935,1902,87837,1256
2021-04-23,Alpine,003,1148,86,86,0,86,0
2021-04-23,Amador,005,37829,3645,3637,33,3670,46
2021-04-23,Butte,007,227075,12054,11672,1747,13419,196
2021-04-23,Calaveras,009,45235,2068,2064,12,2076,50
2021-04-23,Colusa,011,21464,1921,1921,292,2213,14
2021-04-23,Contra Costa,013,1133247,67816,67164,1209,68373,785
2021-04-23,Del Norte,015,27424,1285,1254,11,1265,6
2021-04-23,El Dorado,017,186661,9890,9788,688,10476,106
2021-04-23,Fresno,019,978130,101485,100928,8555,109483,1662
2021-04-23,Glenn,021,27897,2380,2361,540,2901,17
2021-04-23,Humboldt,023,135768,3779,3698,30,3728,35
2021-04-23,Imperial,025,180216,28200,28108,2722,30830,720
2021-04-23,Inyo,027,18085,1396,1395,10,1405,36
2021-04-23,Kern,029,883053,96364,95330,10623,105953,1295
2021-04-23,Kings,031,150075,22962,22735,1069,23804,244
2021-04-23,Lake,033,64148,3444,3425,9,3434,43
2021-04-23,Lassen,035,31185,5164,5141,105,5246,1
2021-04-23,Los Angeles,037,10098052,1197659,1190264,41337,1231601,23785
2021-04-23,Madera,039,155013,16443,16328,922,17250,231
2021-04-23,Marin,041,260295,13868,13838,243,14081,227
2021-04-23,Mariposa,043,17540,414,405,11,416,5
2021-04-23,Mendocino,045,87422,3812,3745,69,3814,46
2021-04-23,Merced,047,269075,30551,30530,976,31506,443
2021-04-23,Modoc,049,8938,367,360,122,482,3
2021-04-23,Mono,051,14174,1239,1256,15,1271,3
2021-04-23,Monterey,053,433212,42852,42722,1852,44574,377
2021-04-23,Napa,055,140530,9753,9752,34,9786,79
2021-04-23,Nevada,057,99092,4608,4510,191,4701,70
2021-04-23,Orange,059,3164182,253916,252399,11153,263552,4904
2021-04-23,Placer,061,380077,22532,21959,1409,23368,282
2021-04-23,Plumas,063,18699,683,670,10,680,4
2021-04-23,Riverside,065,2383286,291771,286456,13815,300271,4399
2021-04-23,Sacramento,067,1510023,102787,102041,1640,103681,1586
2021-04-23,San Benito,069,59416,6007,6005,112,6117,63
2021-04-23,San Bernardino,071,2135413,291463,290189,8910,299099,4568
2021-04-23,San Diego,073,3302833,276721,275097,14358,289455,3684
2021-04-23,San Francisco,075,870044,36135,36252,1278,37530,532
2021-04-23,San Joaquin,077,732212,71622,70840,3435,74275,1295
2021-04-23,San Luis Obispo,079,281455,21009,20781,720,21501,255
2021-04-23,San Mateo,081,765935,41771,41386,453,41839,355
2021-04-23,Santa Barbara,083,443738,34634,33895,1193,35088,447
2021-04-23,Santa Clara,085,1922200,117188,117593,736,118329,1965
2021-04-23,Santa Cruz,087,273765,16062,15802,813,16615,205
2021-04-23,Shasta,089,179085,11762,11759,1444,13203,192
2021-04-23,Sierra,091,2930,55,51,12,63,0
2021-04-23,Siskiyou,093,43540,1688,1567,292,1859,11
2021-04-23,Solano,095,438530,31936,31784,480,32264,247
2021-04-23,Sonoma,097,501317,29566,29727,307,30034,318
2021-04-23,Stanislaus,099,539301,54784,54391,5812,60203,744
2021-04-23,Sutter,101,95872,9345,9312,84,9396,110
2021-04-23,Tehama,103,63373,4941,4906,552,5458,53
2021-04-23,Trinity,105,12862,483,326,85,411,3
2021-04-23,Tulare,107,460477,49695,48694,8858,57552,829
2021-04-23,Tuolumne,109,53932,4022,4020,36,4056,58
2021-04-23,Ventura,111,848112,80692,80095,2950,83045,996
2021-04-23,Yolo,113,214977,13687,13647,276,13923,205
2021-04-23,Yuba,115,75493,5879,5828,120,5948,44
2021-04-22,Alameda,001,1643700,86190,85829,1901,87730,1253
2021-04-22,Alpine,003,1148,86,86,0,86,0
2021-04-22,Amador,005,37829,3644,3633,33,3666,46
2021-04-22,Butte,007,227075,12040,11656,1744,13400,196
2021-04-22,Calaveras,009,45235,2067,2059,12,2071,50
2021-04-22,Colusa,011,21464,1919,1920,290,2210,14
2021-04-22,Contra Costa,013,1133247,67744,67029,1204,68233,782
2021-04-22,Del Norte,015,27424,1280,1252,11,1263,6
2021-04-22,El Dorado,017,186661,9879,9773,685,10458,106
2021-04-22,Fresno,019,978130,101440,100864,8544,109408,1657
2021-04-22,Glenn,021,27897,2379,2361,540,2901,17
2021-04-22,Humboldt,023,135768,3770,3680,30,3710,35
2021-04-22,Imperial,025,180216,28179,28096,2719,30815,720
2021-04-22,Inyo,027,18085,1395,1394,10,1404,36
2021-04-22,Kern,029,883053,96321,95292,10608,105900,1299
2021-04-22,Kings,031,150075,22952,22725,1069,23794,243
2021-04-22,Lake,033,64148,3442,3423,9,3432,43
2021-04-22,Lassen,035,31185,5164,5155,105,5260,1
2021-04-22,Los Angeles,037,10098052,1197341,1189878,41315,1231193,23762
2021-04-22,Madera,039,155013,16424,16316,922,17238,231
2021-04-22,Marin,041,260295,13860,13832,243,14075,227
2021-04-22,Mariposa,043,17540,413,403,11,414,5
2021-04-22,Mendocino,045,87422,3806,3729,69,3798,46
2021-04-22,Merced,047,269075,30516,30490,975,31465,443
2021-04-22,Modoc,049,8938,367,360,122,482,3
2021-04-22,Mono,051,14174,1239,1254,15,1269,3
2021-04-22,Monterey,053,433212,42845,42708,1850,44558,377
2021-04-22,Napa,055,140530,9743,9734,34,9768,79
2021-04-22,Nevada,057,99092,4599,4504,189,4693,70
2021-04-22,Orange,059,3164182,253844,252307,11141,263448,4898
2021-04-22,Placer,061,380077,22502,21916,1405,23321,282
2021-04-22,Plumas,063,18699,682,670,10,680,4
2021-04-22,Riverside,065,2383286,291672,286362,13806,300168,4398
2021-04-22,Sacramento,067,1510023,102638,101870,1631,103501,1585
2021-04-22,San Benito,069,59416,6003,5998,112,6110,63
2021-04-22,San Bernardino,071,2135413,291392,290125,8901,299026,4571
2021-04-22,San Diego,073,3302833,276555,275913,14336,290249,3684
2021-04-22,San Francisco,075,870044,36113,36218,1275,37493,532
2021-04-22,San Joaquin,077,732212,71563,70751,3428,74179,1295
2021-04-22,San Luis Obispo,079,281455,20995,20761,720,21481,255
2021-04-22,San Mateo,081,765935,41744,41345,451,41796,355
2021-04-22,Santa Barbara,083,443738,34611,33870,1192,35062,446
2021-04-22,Santa Clara,085,1922200,117100,117457,732,118189,1954
2021-04-22,Santa Cruz,087,273765,16059,15737,812,16549,205
2021-04-22,Shasta,089,179085,11747,11738,1441,13179,192
2021-04-22,Sierra,091,2930,55,51,12,63,0
2021-04-22,Siskiyou,093,43540,1684,1564,291,1855,11
2021-04-22,Solano,095,438530,31890,31731,477,32208,247
2021-04-22,Sonoma,097,501317,29551,29705,303,30008,318
2021-04-22,Stanislaus,099,539301,54711,54313,5806,60119,744
2021-04-22,Sutter,101,95872,9341,9302,84,9386,110
2021-04-22,Tehama,103,63373,4935,4896,548,5444,53
2021-04-22,Trinity,105,12862,483,326,85,411,3
2021-04-22,Tulare,107,460477,49675,48669,8849,57518,828
2021-04-22,Tuolumne,109,53932,4018,4020,36,4056,58
2021-04-22,Ventura,111,848112,80666,80073,2948,83021,996
2021-04-22,Yolo,113,214977,13666,13616,276,13892,205
2021-04-22,Yuba,115,75493,5869,5825,120,5945,44
2021-04-21,Alameda,001,1643700,86109,85762,1899,87661,1249
2021-04-21,Alpine,003,1148,86,86,0,86,0
2021-04-21,Amador,005,37829,3641,3632,33,3665,46
2021-04-21,Butte,007,227075,12020,11643,1742,13385,196
2021-04-21,Calaveras,009,45235,2061,2057,12,2069,50
2021-04-21,Colusa,011,21464,1917,1920,289,2209,14
2021-04-21,Contra Costa,013,1133247,67678,66981,1203,68184,782
2021-04-21,Del Norte,015,27424,1276,1252,11,1263,6
2021-04-21,El Dorado,017,186661,9862,9760,683,10443,106
2021-04-21,Fresno,019,978130,101384,100838,8538,109376,1654
2021-04-21,Glenn,021,27897,2378,2361,540,2901,17
2021-04-21,Humboldt,023,135768,3750,3642,30,3672,35
2021-04-21,Imperial,025,180216,28167,28052,2718,30770,719
2021-04-21,Inyo,027,18085,1395,1392,10,1402,36
2021-04-21,Kern,029,883053,96275,95257,10598,105855,1297
2021-04-21,Kings,031,150075,22945,22713,1068,23781,243
2021-04-21,Lake,033,64148,3439,3421,9,3430,43
2021-04-21,Lassen,035,31185,5163,5156,105,5261,1
2021-04-21,Los Angeles,037,10098052,1197002,1189530,41294,1230824,23729
2021-04-21,Madera,039,155013,16419,16309,922,17231,231
2021-04-21,Marin,041,260295,13845,13822,243,14065,227
2021-04-21,Mariposa,043,17540,412,402,11,413,5
2021-04-21,Mendocino,045,87422,3804,3729,69,3798,46
2021-04-21,Merced,047,269075,30495,30471,974,31445,442
2021-04-21,Modoc,049,8938,367,360,122,482,3
2021-04-21,Mono,051,14174,1239,1254,15,1269,3
2021-04-21,Monterey,053,433212,42830,42699,1848,44547,377
2021-04-21,Napa,055,140530,9737,9727,34,9761,79
2021-04-21,Nevada,057,99092,4585,4499,189,4688,70
2021-04-21,Orange,059,3164182,253769,252243,11128,263371,4889
2021-04-21,Placer,061,380077,22471,21896,1400,23296,282
2021-04-21,Plumas,063,18699,682,670,10,680,4
2021-04-21,Riverside,065,2383286,291578,286299,13799,300098,4388
2021-04-21,Sacramento,067,1510023,102509,101803,1625,103428,1579
2021-04-21,San Benito,069,59416,6000,5998,112,6110,63
2021-04-21,San Bernardino,071,2135413,291317,290049,8899,298948,4572
2021-04-21,San Diego,073,3302833,276346,275632,14298,289930,3681
2021-04-21,San Francisco,075,870044,36093,36194,1274,37468,529
2021-04-21,San Joaquin,077,732212,71508,70687,3418,74105,1295
2021-04-21,San Luis Obispo,079,281455,20980,20724,719,21443,255
2021-04-21,San Mateo,081,765935,41712,41318,450,41768,355
2021-04-21,Santa Barbara,083,443738,34592,33830,1191,35021,445
2021-04-21,Santa Clara,085,1922200,117022,117318,726,118044,1946
2021-04-21,Santa Cruz,087,273765,16050,15698,812,16510,204
2021-04-21,Shasta,089,179085,11728,11722,1439,13161,192
2021-04-21,Sierra,091,2930,55,51,12,63,0
2021-04-21,Siskiyou,093,43540,1677,1557,291,1848,11
2021-04-21,Solano,095,438530,31851,31712,476,32188,244
2021-04-21,Sonoma,097,501317,29539,29697,301,29998,318
2021-04-21,Stanislaus,099,539301,54650,54290,5800,60090,742
2021-04-21,Sutter,101,95872,9333,9297,84,9381,110
2021-04-21,Tehama,103,63373,4928,4893,547,5440,53
2021-04-21,Trinity,105,12862,483,326,85,411,3
2021-04-21,Tulare,107,460477,49660,48653,8836,57489,828
2021-04-21,Tuolumne,109,53932,4015,4019,36,4055,58
2021-04-21,Ventura,111,848112,80634,80039,2945,82984,996
2021-04-21,Yolo,113,214977,13646,13606,275,13881,200
2021-04-21,Yuba,115,75493,5862,5822,119,5941,44
2021-04-20,Alameda,001,1643700,86017,85652,1897,87549,1248
2021-04-20,Alpine,003,1148,85,85,0,85,0
2021-04-20,Amador,005,37829,3640,3631,33,3664,46
2021-04-20,Butte,007,227075,12001,11619,1740,13359,196
2021-04-20,Calaveras,009,45235,2060,2053,12,2065,50
2021-04-20,Colusa,011,21464,1917,1915,288,2203,14
2021-04-20,Contra Costa,013,1133247,67594,66889,1200,68089,782
2021-04-20,Del Norte,015,27424,1275,1250,11,1261,6
2021-04-20,El Dorado,017,186661,9834,9743,681,10424,106
2021-04-20,Fresno,019,978130,101326,100768,8528,109296,1650
2021-04-20,Glenn,021,27897,2376,2359,539,2898,17
2021-04-20,Humboldt,023,135768,3730,3612,30,3642,35
2021-04-20,Imperial,025,180216,28148,28024,2714,30738,719
2021-04-20,Inyo,027,18085,1395,1393,10,1403,36
2021-04-20,Kern,029,883053,96239,95223,10581,105804,1295
2021-04-20,Kings,031,150075,22939,22693,1065,23758,243
2021-04-20,Lake,033,64148,3437,3418,9,3427,43
2021-04-20,Lassen,035,31185,5163,5155,105,5260,1
2021-04-20,Los Angeles,037,10098052,1196658,1189256,41265,1230521,23694
2021-04-20,Madera,039,155013,16413,16301,922,17223,231
2021-04-20,Marin,041,260295,13831,13807,243,14050,227
2021-04-20,Mariposa,043,17540,411,402,11,413,5
2021-04-20,Mendocino,045,87422,3803,3726,69,3795,46
2021-04-20,Merced,047,269075,30467,30439,974,31413,441
2021-04-20,Modoc,049,8938,367,359,122,481,3
2021-04-20,Mono,051,14174,1238,1254,15,1269,3
2021-04-20,Monterey,053,433212,42819,42663,1845,44508,363
2021-04-20,Napa,055,140530,9733,9711,34,9745,79
2021-04-20,Nevada,057,99092,4567,4485,189,4674,70
2021-04-20,Orange,059,3164182,253679,252134,11116,263250,4887
2021-04-20,Placer,061,380077,22437,21846,1396,23242,282
2021-04-20,Plumas,063,18699,681,670,10,680,4
2021-04-20,Riverside,065,2383286,291481,286194,13794,299988,4388
2021-04-20,Sacramento,067,1510023,102371,101629,1616,103245,1574
2021-04-20,San Benito,069,59416,5997,5988,112,6100,63
2021-04-20,San Bernardino,071,2135413,291237,289905,8897,298802,4569
2021-04-20,San Diego,073,3302833,276116,275369,14265,289634,3674
2021-04-20,San Francisco,075,870044,36074,36117,1273,37390,529
2021-04-20,San Joaquin,077,732212,71435,70590,3409,73999,1289
2021-04-20,San Luis Obispo,079,281455,20957,20691,711,21402,254
2021-04-20,San Mateo,081,765935,41681,41251,450,41701,355
2021-04-20,Santa Barbara,083,443738,34574,33803,1191,34994,445
2021-04-20,Santa Clara,085,1922200,116923,117228,722,117950,1944
2021-04-20,Santa Cruz,087,273765,16038,15647,812,16459,204
2021-04-20,Shasta,089,179085,11712,11677,1436,13113,189
2021-04-20,Sierra,091,2930,55,51,12,63,0
2021-04-20,Siskiyou,093,43540,1669,1551,290,1841,10
2021-04-20,Solano,095,438530,31796,31673,472,32145,243
2021-04-20,Sonoma,097,501317,29530,29676,299,29975,311
2021-04-20,Stanislaus,099,539301,54585,54236,5787,60023,735
2021-04-20,Sutter,101,95872,9329,9279,84,9363,109
2021-04-20,Tehama,103,63373,4923,4887,546,5433,52
2021-04-20,Trinity,105,12862,483,326,85,411,3
2021-04-20,Tulare,107,460477,49637,48650,8828,57478,831
2021-04-20,Tuolumne,109,53932,4015,4014,36,4050,58
2021-04-20,Ventura,111,848112,80606,80018,2943,82961,995
2021-04-20,Yolo,113,214977,13626,13581,274,13855,200
2021-04-20,Yuba,115,75493,5852,5814,119,5933,44
2021-04-19,Alameda,001,1643700,85895,85583,1894,87477,1247
2021-04-19,Alpine,003,1148,85,85,0,85,0
2021-04-19,Amador,005,37829,3639,3629,33,3662,46
2021-04-19,Butte,007,227075,11982,11601,1735,13336,196
2021-04-19,Calaveras,009,45235,2057,2050,12,2062,50
2021-04-19,Colusa,011,21464,1917,1913,287,2200,14
2021-04-19,Contra Costa,013,1133247,67516,66833,1198,68031,782
2021-04-19,Del Norte,015,27424,1273,1247,11,1258,6
2021-04-19,El Dorado,017,186661,9818,9726,676,10402,106
2021-04-19,Fresno,019,978130,101258,100702,8515,109217,1646
2021-04-19,Glenn,021,27897,2376,2358,538,2896,17
2021-04-19,Humboldt,023,135768,3710,3602,28,3630,35
2021-04-19,Imperial,025,180216,28127,27995,2714,30709,719
2021-04-19,Inyo,027,18085,1395,1392,10,1402,36
2021-04-19,Kern,029,883053,96209,95162,10566,105728,1290
2021-04-19,Kings,031,150075,22923,22688,1065,23753,243
2021-04-19,Lake,033,64148,3436,3416,9,3425,43
2021-04-19,Lassen,035,31185,5162,5156,105,5261,1
2021-04-19,Los Angeles,037,10098052,1196281,1188945,41240,1230185,23666
2021-04-19,Madera,039,155013,16402,16289,921,17210,231
2021-04-19,Marin,041,260295,13820,13804,242,14046,226
2021-04-19,Mariposa,043,17540,410,401,11,412,5
2021-04-19,Mendocino,045,87422,3801,3722,69,3791,46
2021-04-19,Merced,047,269075,30438,30422,973,31395,441
2021-04-19,Modoc,049,8938,367,359,122,481,3
2021-04-19,Mono,051,14174,1237,1254,15,1269,3
2021-04-19,Monterey,053,433212,42806,42642,1840,44482,356
2021-04-19,Napa,055,140530,9725,9680,34,9714,79
2021-04-19,Nevada,057,99092,4551,4477,189,4666,70
2021-04-19,Orange,059,3164182,253561,252013,11102,263115,4883
2021-04-19,Placer,061,380077,22414,21814,1392,23206,282
2021-04-19,Plumas,063,18699,681,665,10,675,4
2021-04-19,Riverside,065,2383286,291385,286087,13784,299871,4371
2021-04-19,Sacramento,067,1510023,102236,101482,1606,103088,1572
2021-04-19,San Benito,069,59416,5989,5989,112,6101,63
2021-04-19,San Bernardino,071,2135413,291152,289738,8891,298629,4561
2021-04-19,San Diego,073,3302833,275868,275113,14232,289345,3674
2021-04-19,San Francisco,075,870044,36039,36094,1270,37364,529
2021-04-19,San Joaquin,077,732212,71356,70514,3402,73916,1289
2021-04-19,San Luis Obispo,079,281455,20931,20669,705,21374,254
2021-04-19,San Mateo,081,765935,41648,41226,449,41675,355
2021-04-19,Santa Barbara,083,443738,34559,33786,1191,34977,446
2021-04-19,Santa Clara,085,1922200,116812,117099,718,117817,1944
2021-04-19,Santa Cruz,087,273765,16026,15600,812,16412,204
2021-04-19,Shasta,089,179085,11697,11662,1428,13090,189
2021-04-19,Sierra,091,2930,55,51,12,63,0
2021-04-19,Siskiyou,093,43540,1659,1544,290,1834,10
2021-04-19,Solano,095,438530,31757,31643,467,32110,239
2021-04-19,Sonoma,097,501317,29511,29667,299,29966,311
2021-04-19,Stanislaus,099,539301,54509,54179,5783,59962,728
2021-04-19,Sutter,101,95872,9318,9269,84,9353,109
2021-04-19,Tehama,103,63373,4918,4878,546,5424,52
2021-04-19,Trinity,105,12862,483,326,84,410,3
2021-04-19,Tulare,107,460477,49621,48630,8815,57445,831
2021-04-19,Tuolumne,109,53932,4014,4010,36,4046,58
2021-04-19,Ventura,111,848112,80580,80000,2941,82941,996
2021-04-19,Yolo,113,214977,13614,13572,271,13843,200
2021-04-19,Yuba,115,75493,5845,5804,118,5922,44
2021-04-18,Alameda,001,1643700,85782,85481,1886,87367,1247
2021-04-18,Alpine,003,1148,85,85,0,85,0
2021-04-18,Amador,005,37829,3636,3627,33,3660,46
2021-04-18,Butte,007,227075,11964,11591,1730,13321,196
2021-04-18,Calaveras,009,45235,2052,2047,12,2059,50
2021-04-18,Colusa,011,21464,1913,1912,286,2198,14
2021-04-18,Contra Costa,013,1133247,67412,66750,1194,67944,782
2021-04-18,Del Norte,015,27424,1273,1240,11,1251,6
2021-04-18,El Dorado,017,186661,9795,9710,674,10384,106
2021-04-18,Fresno,019,978130,101200,100621,8510,109131,1646
2021-04-18,Glenn,021,27897,2371,2358,538,2896,17
2021-04-18,Humboldt,023,135768,3682,3590,28,3618,35
2021-04-18,Imperial,025,180216,28112,27991,2709,30700,719
2021-04-18,Inyo,027,18085,1394,1392,10,1402,36
2021-04-18,Kern,029,883053,96173,95129,10550,105679,1290
2021-04-18,Kings,031,150075,22914,22685,1065,23750,243
2021-04-18,Lake,033,64148,3435,3413,9,3422,43
2021-04-18,Lassen,035,31185,5159,5156,105,5261,1
2021-04-18,Los Angeles,037,10098052,1195825,1188620,41217,1229837,23648
2021-04-18,Madera,039,155013,16391,16277,920,17197,231
2021-04-18,Marin,041,260295,13813,13801,241,14042,226
2021-04-18,Mariposa,043,17540,409,400,10,410,5
2021-04-18,Mendocino,045,87422,3798,3722,69,3791,46
2021-04-18,Merced,047,269075,30401,30405,971,31376,441
2021-04-18,Modoc,049,8938,367,359,122,481,3
2021-04-18,Mono,051,14174,1237,1254,15,1269,3
2021-04-18,Monterey,053,433212,42794,42638,1839,44477,356
2021-04-18,Napa,055,140530,9709,9674,34,9708,79
2021-04-18,Nevada,057,99092,4536,4464,189,4653,70
2021-04-18,Orange,059,3164182,253446,251940,11094,263034,4883
2021-04-18,Placer,061,380077,22370,21783,1386,23169,282
2021-04-18,Plumas,063,18699,680,665,10,675,4
2021-04-18,Riverside,065,2383286,291295,286043,13780,299823,4371
2021-04-18,Sacramento,067,1510023,102060,101354,1600,102954,1572
2021-04-18,San Benito,069,59416,5987,5989,112,6101,63
2021-04-18,San Bernardino,071,2135413,291058,289691,8882,298573,4556
2021-04-18,San Diego,073,3302833,275589,274961,14197,289158,3674
2021-04-18,San Francisco,075,870044,36002,36073,1266,37339,525
2021-04-18,San Joaquin,077,732212,71275,70466,3393,73859,1289
2021-04-18,San Luis Obispo,079,281455,20909,20656,699,21355,254
2021-04-18,San Mateo,081,765935,41619,41201,448,41649,352
2021-04-18,Santa Barbara,083,443738,34524,33769,1190,34959,446
2021-04-18,Santa Clara,085,1922200,116646,116996,701,117697,1944
2021-04-18,Santa Cruz,087,273765,16016,15580,811,16391,204
2021-04-18,Shasta,089,179085,11676,11658,1425,13083,189
2021-04-18,Sierra,091,2930,55,51,12,63,0
2021-04-18,Siskiyou,093,43540,1648,1538,288,1826,10
2021-04-18,Solano,095,438530,31707,31606,466,32072,239
2021-04-18,Sonoma,097,501317,29495,29660,297,29957,311
2021-04-18,Stanislaus,099,539301,54427,54132,5776,59908,728
2021-04-18,Sutter,101,95872,9304,9261,84,9345,109
2021-04-18,Tehama,103,63373,4909,4877,545,5422,52
2021-04-18,Trinity,105,12862,483,326,84,410,3
2021-04-18,Tulare,107,460477,49609,48618,8809,57427,829
2021-04-18,Tuolumne,109,53932,4013,4008,35,4043,58
2021-04-18,Ventura,111,848112,80550,79984,2937,82921,996
2021-04-18,Yolo,113,214977,13602,13562,269,13831,200
2021-04-18,Yuba,115,75493,5838,5804,118,5922,44
2021-04-17,Alameda,001,1643700,85709,85367,1882,87249,1247
2021-04-17,Alpine,003,1148,85,85,0,85,0
2021-04-17,Amador,005,37829,3634,3625,33,3658,46
2021-04-17,Butte,007,227075,11944,11573,1726,13299,196
2021-04-17,Calaveras,009,45235,2050,2045,12,2057,50
2021-04-17,Colusa,011,21464,1913,1912,286,2198,14
2021-04-17,Contra Costa,013,1133247,67364,66657,1186,67843,782
2021-04-17,Del Norte,015,27424,1273,1238,11,1249,6
2021-04-17,El Dorado,017,186661,9780,9692,671,10363,106
2021-04-17,Fresno,019,978130,101167,100562,8504,109066,1646
2021-04-17,Glenn,021,27897,2371,2357,538,2895,17
2021-04-17,Humboldt,023,135768,3659,3579,28,3607,35
2021-04-17,Imperial,025,180216,28101,27987,2708,30695,719
2021-04-17,Inyo,027,18085,1391,1392,10,1402,36
2021-04-17,Kern,029,883053,96155,95102,10546,105648,1290
2021-04-17,Kings,031,150075,22909,22678,1064,23742,243
2021-04-17,Lake,033,64148,3434,3409,9,3418,43
2021-04-17,Lassen,035,31185,5159,5154,105,5259,1
2021-04-17,Los Angeles,037,10098052,1195570,1188262,41184,1229446,23653
2021-04-17,Madera,039,155013,16387,16260,919,17179,231
2021-04-17,Marin,041,260295,13809,13797,241,14038,226
2021-04-17,Mariposa,043,17540,408,398,10,408,5
2021-04-17,Mendocino,045,87422,3795,3721,69,3790,46
2021-04-17,Merced,047,269075,30385,30392,970,31362,441
2021-04-17,Modoc,049,8938,367,357,122,479,3
2021-04-17,Mono,051,14174,1237,1253,15,1268,3
2021-04-17,Monterey,053,433212,42785,42630,1837,44467,356
2021-04-17,Napa,055,140530,9705,9666,34,9700,79
2021-04-17,Nevada,057,99092,4528,4457,189,4646,70
2021-04-17,Orange,059,3164182,253377,251873,11082,262955,4878
2021-04-17,Placer,061,380077,22347,21736,1381,23117,282
2021-04-17,Plumas,063,18699,679,666,10,676,4
2021-04-17,Riverside,065,2383286,291226,285963,13772,299735,4371
2021-04-17,Sacramento,067,1510023,101950,101172,1589,102761,1572
2021-04-17,San Benito,069,59416,5981,5986,112,6098,63
2021-04-17,San Bernardino,071,2135413,291003,289624,8879,298503,4555
2021-04-17,San Diego,073,3302833,275442,274812,14163,288975,3674
2021-04-17,San Francisco,075,870044,35981,36032,1263,37295,523
2021-04-17,San Joaquin,077,732212,71235,70372,3383,73755,1288
2021-04-17,San Luis Obispo,079,281455,20896,20642,696,21338,254
2021-04-17,San Mateo,081,765935,41596,41157,448,41605,352
2021-04-17,Santa Barbara,083,443738,34493,33738,1188,34926,446
2021-04-17,Santa Clara,085,1922200,116554,116887,699,117586,1944
2021-04-17,Santa Cruz,087,273765,16010,15571,811,16382,204
2021-04-17,Shasta,089,179085,11661,11647,1424,13071,189
2021-04-17,Sierra,091,2930,55,51,12,63,0
2021-04-17,Siskiyou,093,43540,1643,1539,287,1826,10
2021-04-17,Solano,095,438530,31676,31541,463,32004,239
2021-04-17,Sonoma,097,501317,29488,29637,297,29934,311
2021-04-17,Stanislaus,099,539301,54390,54058,5771,59829,728
2021-04-17,Sutter,101,95872,9298,9252,84,9336,109
2021-04-17,Tehama,103,63373,4903,4875,544,5419,52
2021-04-17,Trinity,105,12862,483,326,84,410,3
2021-04-17,Tulare,107,460477,49597,48603,8805,57408,829
2021-04-17,Tuolumne,109,53932,4011,4005,35,4040,58
2021-04-17,Ventura,111,848112,80529,79964,2937,82901,996
2021-04-17,Yolo,113,214977,13592,13580,269,13849,200
2021-04-17,Yuba,115,75493,5833,5802,117,5919,44
2021-04-16,Alameda,001,1643700,85631,85243,1880,87123,1245
2021-04-16,Alpine,003,1148,85,85,0,85,0
2021-04-16,Amador,005,37829,3629,3621,33,3654,46
2021-04-16,Butte,007,227075,11932,11549,1724,13273,196
2021-04-16,Calaveras,009,45235,2048,2042,12,2054,50
2021-04-16,Colusa,011,21464,1911,1911,286,2197,14
2021-04-16,Contra Costa,013,1133247,67310,66569,1183,67752,782
2021-04-16,Del Norte,015,27424,1272,1237,11,1248,6
2021-04-16,El Dorado,017,186661,9760,9665,667,10332,106
2021-04-16,Fresno,019,978130,101117,100500,8498,108998,1643
2021-04-16,Glenn,021,27897,2371,2355,538,2893,17
2021-04-16,Humboldt,023,135768,3638,3570,27,3597,35
2021-04-16,Imperial,025,180216,28091,27962,2707,30669,719
2021-04-16,Inyo,027,18085,1391,1392,10,1402,36
2021-04-16,Kern,029,883053,96126,95066,10543,105609,1288
2021-04-16,Kings,031,150075,22905,22667,1063,23730,243
2021-04-16,Lake,033,64148,3428,3406,9,3415,43
2021-04-16,Lassen,035,31185,5158,5155,105,5260,1
2021-04-16,Los Angeles,037,10098052,1195269,1187818,41148,1228966,23627
2021-04-16,Madera,039,155013,16381,16250,918,17168,231
2021-04-16,Marin,041,260295,13806,13788,241,14029,226
2021-04-16,Mariposa,043,17540,407,396,9,405,5
2021-04-16,Mendocino,045,87422,3793,3719,69,3788,46
2021-04-16,Merced,047,269075,30370,30355,970,31325,438
2021-04-16,Modoc,049,8938,367,355,122,477,3
2021-04-16,Mono,051,14174,1237,1253,15,1268,3
2021-04-16,Monterey,053,433212,42774,42620,1835,44455,351
2021-04-16,Napa,055,140530,9697,9653,34,9687,79
2021-04-16,Nevada,057,99092,4519,4443,189,4632,70
2021-04-16,Orange,059,3164182,253313,251770,11073,262843,4873
2021-04-16,Placer,061,380077,22320,21680,1376,23056,282
2021-04-16,Plumas,063,18699,678,665,10,675,4
2021-04-16,Riverside,065,2383286,291149,285818,13770,299588,4369
2021-04-16,Sacramento,067,1510023,101853,100993,1584,102577,1572
2021-04-16,San Benito,069,59416,5979,5982,112,6094,63
2021-04-16,San Bernardino,071,2135413,290956,289424,8877,298301,4550
2021-04-16,San Diego,073,3302833,275288,274567,14145,288712,3662
2021-04-16,San Francisco,075,870044,35955,35993,1259,37252,517
2021-04-16,San Joaquin,077,732212,71168,70280,3375,73655,1288
2021-04-16,San Luis Obispo,079,281455,20884,20623,695,21318,253
2021-04-16,San Mateo,081,765935,41567,41107,447,41554,352
2021-04-16,Santa Barbara,083,443738,34475,33703,1188,34891,446
2021-04-16,Santa Clara,085,1922200,116454,116693,696,117389,1941
2021-04-16,Santa Cruz,087,273765,16008,15539,811,16350,204
2021-04-16,Shasta,089,179085,11649,11623,1422,13045,189
2021-04-16,Sierra,091,2930,55,51,12,63,0
2021-04-16,Siskiyou,093,43540,1639,1530,285,1815,10
2021-04-16,Solano,095,438530,31637,31470,460,31930,239
2021-04-16,Sonoma,097,501317,29477,29617,297,29914,311
2021-04-16,Stanislaus,099,539301,54342,53983,5769,59752,728
2021-04-16,Sutter,101,95872,9292,9247,84,9331,109
2021-04-16,Tehama,103,63373,4902,4866,544,5410,52
2021-04-16,Trinity,105,12862,483,326,84,410,3
2021-04-16,Tulare,107,460477,49585,48583,8801,57384,830
2021-04-16,Tuolumne,109,53932,4008,4005,35,4040,58
2021-04-16,Ventura,111,848112,80504,79942,2932,82874,994
2021-04-16,Yolo,113,214977,13579,13559,267,13826,198
2021-04-16,Yuba,115,75493,5830,5795,116,5911,44
2021-04-15,Alameda,001,1643700,85524,85089,1878,86967,1246
2021-04-15,Alpine,003,1148,85,85,0,85,0
2021-04-15,Amador,005,37829,3628,3616,33,3649,46
2021-04-15,Butte,007,227075,11917,11529,1720,13249,196
2021-04-15,Calaveras,009,45235,2047,2039,12,2051,50
2021-04-15,Colusa,011,21464,1909,1909,285,2194,14
2021-04-15,Contra Costa,013,1133247,67236,66480,1179,67659,781
2021-04-15,Del Norte,015,27424,1265,1235,11,1246,6
2021-04-15,El Dorado,017,186661,9747,9639,665,10304,106
2021-04-15,Fresno,019,978130,101056,100431,8492,108923,1642
2021-04-15,Glenn,021,27897,2371,2354,538,2892,17
2021-04-15,Humboldt,023,135768,3616,3561,27,3588,35
2021-04-15,Imperial,025,180216,28063,27920,2704,30624,718
2021-04-15,Inyo,027,18085,1391,1393,10,1403,36
2021-04-15,Kern,029,883053,96093,94989,10529,105518,1289
2021-04-15,Kings,031,150075,22891,22648,1063,23711,242
2021-04-15,Lake,033,64148,3427,3399,9,3408,43
2021-04-15,Lassen,035,31185,5157,5152,105,5257,1
2021-04-15,Los Angeles,037,10098052,1194871,1187274,41112,1228386,23598
2021-04-15,Madera,039,155013,16366,16234,918,17152,231
2021-04-15,Marin,041,260295,13802,13783,240,14023,226
2021-04-15,Mariposa,043,17540,405,395,9,404,5
2021-04-15,Mendocino,045,87422,3792,3714,69,3783,46
2021-04-15,Merced,047,269075,30344,30325,969,31294,437
2021-04-15,Modoc,049,8938,367,355,122,477,3
2021-04-15,Mono,051,14174,1236,1253,15,1268,3
2021-04-15,Monterey,053,433212,42764,42604,1833,44437,347
2021-04-15,Napa,055,140530,9689,9645,34,9679,79
2021-04-15,Nevada,057,99092,4507,4434,188,4622,70
2021-04-15,Orange,059,3164182,253218,251679,11060,262739,4857
2021-04-15,Placer,061,380077,22290,21614,1369,22983,281
2021-04-15,Plumas,063,18699,676,665,10,675,4
2021-04-15,Riverside,065,2383286,291045,285698,13763,299461,4363
2021-04-15,Sacramento,067,1510023,101723,100782,1570,102352,1570
2021-04-15,San Benito,069,59416,5976,5969,111,6080,63
2021-04-15,San Bernardino,071,2135413,290867,289288,8870,298158,4544
2021-04-15,San Diego,073,3302833,275042,274250,14086,288336,3653
2021-04-15,San Francisco,075,870044,35936,35947,1257,37204,510
2021-04-15,San Joaquin,077,732212,71087,70189,3367,73556,1288
2021-04-15,San Luis Obispo,079,281455,20868,20591,692,21283,253
2021-04-15,San Mateo,081,765935,41528,41050,446,41496,352
2021-04-15,Santa Barbara,083,443738,34457,33672,1184,34856,446
2021-04-15,Santa Clara,085,1922200,116348,116602,692,117294,1927
2021-04-15,Santa Cruz,087,273765,15998,15509,811,16320,203
2021-04-15,Shasta,089,179085,11635,11597,1418,13015,191
2021-04-15,Sierra,091,2930,55,51,12,63,0
2021-04-15,Siskiyou,093,43540,1633,1524,285,1809,10
2021-04-15,Solano,095,438530,31599,31394,459,31853,239
2021-04-15,Sonoma,097,501317,29463,29587,297,29884,311
2021-04-15,Stanislaus,099,539301,54288,53918,5760,59678,728
2021-04-15,Sutter,101,95872,9285,9237,84,9321,109
2021-04-15,Tehama,103,63373,4900,4854,543,5397,52
2021-04-15,Trinity,105,12862,483,326,84,410,3
2021-04-15,Tulare,107,460477,49564,48556,8801,57357,829
2021-04-15,Tuolumne,109,53932,4008,4003,35,4038,57
2021-04-15,Ventura,111,848112,80485,79917,2930,82847,989
2021-04-15,Yolo,113,214977,13560,13547,265,13812,198
2021-04-15,Yuba,115,75493,5827,5788,116,5904,44
2021-04-14,Alameda,001,1643700,85426,85009,1877,86886,1247
2021-04-14,Alpine,003,1148,85,85,0,85,0
2021-04-14,Amador,005,37829,3627,3613,33,3646,46
2021-04-14,Butte,007,227075,11904,11513,1719,13232,196
2021-04-14,Calaveras,009,45235,2046,2037,12,2049,50
2021-04-14,Colusa,011,21464,1909,1905,285,2190,14
2021-04-14,Contra Costa,013,1133247,67150,66400,1173,67573,781
2021-04-14,Del Norte,015,27424,1265,1228,11,1239,6
2021-04-14,El Dorado,017,186661,9732,9625,660,10285,106
2021-04-14,Fresno,019,978130,100999,100376,8479,108855,1640
2021-04-14,Glenn,021,27897,2371,2353,538,2891,17
2021-04-14,Humboldt,023,135768,3595,3551,26,3577,35
2021-04-14,Imperial,025,180216,28041,27907,2702,30609,718
2021-04-14,Inyo,027,18085,1391,1392,10,1402,36
2021-04-14,Kern,029,883053,96068,94947,10522,105469,1287
2021-04-14,Kings,031,150075,22882,22641,1061,23702,243
2021-04-14,Lake,033,64148,3422,3396,9,3405,43
2021-04-14,Lassen,035,31185,5156,5151,105,5256,1
2021-04-14,Los Angeles,037,10098052,1194474,1186821,41066,1227887,23579
2021-04-14,Madera,039,155013,16357,16218,918,17136,231
2021-04-14,Marin,041,260295,13800,13768,239,14007,226
2021-04-14,Mariposa,043,17540,404,394,9,403,5
2021-04-14,Mendocino,045,87422,3787,3711,69,3780,46
2021-04-14,Merced,047,269075,30326,30296,969,31265,436
2021-04-14,Modoc,049,8938,367,355,122,477,3
2021-04-14,Mono,051,14174,1236,1252,15,1267,3
2021-04-14,Monterey,053,433212,42748,42595,1829,44424,347
2021-04-14,Napa,055,140530,9678,9643,34,9677,79
2021-04-14,Nevada,057,99092,4500,4421,188,4609,70
2021-04-14,Orange,059,3164182,253112,251568,11040,262608,4849
2021-04-14,Placer,061,380077,22257,21575,1368,22943,280
2021-04-14,Plumas,063,18699,676,665,10,675,4
2021-04-14,Riverside,065,2383286,290935,285583,13757,299340,4358
2021-04-14,Sacramento,067,1510023,101548,100645,1556,102201,1570
2021-04-14,San Benito,069,59416,5974,5960,111,6071,62
2021-04-14,San Bernardino,071,2135413,290800,289078,8867,297945,4523
2021-04-14,San Diego,073,3302833,274831,273969,14057,288026,3648
2021-04-14,San Francisco,075,870044,35898,35898,1256,37154,510
2021-04-14,San Joaquin,077,732212,71017,70095,3361,73456,1288
2021-04-14,San Luis Obispo,079,281455,20845,20561,682,21243,253
2021-04-14,San Mateo,081,765935,41488,40982,443,41425,352
2021-04-14,Santa Barbara,083,443738,34428,33650,1184,34834,445
2021-04-14,Santa Clara,085,1922200,116230,116488,689,117177,1922
2021-04-14,Santa Cruz,087,273765,15988,15481,811,16292,203
2021-04-14,Shasta,089,179085,11609,11581,1416,12997,190
2021-04-14,Sierra,091,2930,55,51,12,63,0
2021-04-14,Siskiyou,093,43540,1625,1518,284,1802,10
2021-04-14,Solano,095,438530,31546,31357,452,31809,239
2021-04-14,Sonoma,097,501317,29455,29572,295,29867,311
2021-04-14,Stanislaus,099,539301,54217,53836,5751,59587,727
2021-04-14,Sutter,101,95872,9277,9230,84,9314,106
2021-04-14,Tehama,103,63373,4894,4853,542,5395,52
2021-04-14,Trinity,105,12862,483,326,84,410,3
2021-04-14,Tulare,107,460477,49538,48527,8798,57325,827
2021-04-14,Tuolumne,109,53932,4007,3997,35,4032,57
2021-04-14,Ventura,111,848112,80449,79891,2928,82819,986
2021-04-14,Yolo,113,214977,13544,13530,263,13793,198
2021-04-14,Yuba,115,75493,5825,5778,116,5894,44
2021-04-13,Alameda,001,1643700,85321,84921,1873,86794,1239
2021-04-13,Alpine,003,1148,85,85,0,85,0
2021-04-13,Amador,005,37829,3624,3609,33,3642,46
2021-04-13,Butte,007,227075,11886,11497,1716,13213,196
2021-04-13,Calaveras,009,45235,2044,2035,12,2047,50
2021-04-13,Colusa,011,21464,1907,1905,283,2188,14
2021-04-13,Contra Costa,013,1133247,67060,66304,1173,67477,778
2021-04-13,Del Norte,015,27424,1260,1221,11,1232,6
2021-04-13,El Dorado,017,186661,9706,9609,658,10267,106
2021-04-13,Fresno,019,978130,100917,100357,8473,108830,1636
2021-04-13,Glenn,021,27897,2370,2351,538,2889,17
2021-04-13,Humboldt,023,135768,3578,3540,26,3566,35
2021-04-13,Imperial,025,180216,28022,27887,2694,30581,718
2021-04-13,Inyo,027,18085,1391,1391,10,1401,36
2021-04-13,Kern,029,883053,96024,94908,10510,105418,1285
2021-04-13,Kings,031,150075,22866,22636,1060,23696,243
2021-04-13,Lake,033,64148,3419,3390,9,3399,43
2021-04-13,Lassen,035,31185,5155,5147,105,5252,1
2021-04-13,Los Angeles,037,10098052,1194022,1186482,41023,1227505,23526
2021-04-13,Madera,039,155013,16347,16207,916,17123,231
2021-04-13,Marin,041,260295,13792,13760,238,13998,224
2021-04-13,Mariposa,043,17540,403,394,6,400,5
2021-04-13,Mendocino,045,87422,3781,3702,69,3771,46
2021-04-13,Merced,047,269075,30295,30276,967,31243,435
2021-04-13,Modoc,049,8938,367,355,122,477,3
2021-04-13,Mono,051,14174,1236,1251,15,1266,3
2021-04-13,Monterey,053,433212,42737,42577,1829,44406,347
2021-04-13,Napa,055,140530,9668,9627,34,9661,79
2021-04-13,Nevada,057,99092,4488,4415,188,4603,69
2021-04-13,Orange,059,3164182,253016,251491,11021,262512,4836
2021-04-13,Placer,061,380077,22220,21534,1365,22899,280
2021-04-13,Plumas,063,18699,675,665,10,675,4
2021-04-13,Riverside,065,2383286,290816,285505,13751,299256,4348
2021-04-13,Sacramento,067,1510023,101373,100551,1551,102102,1569
2021-04-13,San Benito,069,59416,5971,5946,111,6057,62
2021-04-13,San Bernardino,071,2135413,290684,288929,8861,297790,4521
2021-04-13,San Diego,073,3302833,274577,273709,14022,287731,3623
2021-04-13,San Francisco,075,870044,35862,35869,1252,37121,506
2021-04-13,San Joaquin,077,732212,70909,70034,3353,73387,1288
2021-04-13,San Luis Obispo,079,281455,20818,20536,672,21208,253
2021-04-13,San Mateo,081,765935,41443,40955,443,41398,353
2021-04-13,Santa Barbara,083,443738,34406,33613,1181,34794,444
2021-04-13,Santa Clara,085,1922200,116101,116363,687,117050,1923
2021-04-13,Santa Cruz,087,273765,15981,15449,811,16260,203
2021-04-13,Shasta,089,179085,11589,11536,1413,12949,189
2021-04-13,Sierra,091,2930,55,51,12,63,0
2021-04-13,Siskiyou,093,43540,1617,1511,280,1791,10
2021-04-13,Solano,095,438530,31497,31335,448,31783,239
2021-04-13,Sonoma,097,501317,29447,29544,294,29838,311
2021-04-13,Stanislaus,099,539301,54144,53797,5742,59539,722
2021-04-13,Sutter,101,95872,9273,9226,84,9310,106
2021-04-13,Tehama,103,63373,4887,4850,539,5389,52
2021-04-13,Trinity,105,12862,483,326,84,410,3
2021-04-13,Tulare,107,460477,49525,48511,8795,57306,825
2021-04-13,Tuolumne,109,53932,4005,3995,35,4030,57
2021-04-13,Ventura,111,848112,80417,79854,2926,82780,986
2021-04-13,Yolo,113,214977,13532,13516,262,13778,198
2021-04-13,Yuba,115,75493,5816,5776,116,5892,44
2021-04-12,Alameda,001,1643700,85217,84817,1872,86689,1238
2021-04-12,Alpine,003,1148,85,85,0,85,0
2021-04-12,Amador,005,37829,3623,3607,33,3640,46
2021-04-12,Butte,007,227075,11871,11488,1712,13200,193
2021-04-12,Calaveras,009,45235,2043,2033,12,2045,50
2021-04-12,Colusa,011,21464,1905,1904,281,2185,14
2021-04-12,Contra Costa,013,1133247,66979,66176,1173,67349,777
2021-04-12,Del Norte,015,27424,1257,1216,11,1227,6
2021-04-12,El Dorado,017,186661,9689,9588,656,10244,106
2021-04-12,Fresno,019,978130,100856,100277,8449,108726,1633
2021-04-12,Glenn,021,27897,2369,2349,538,2887,17
2021-04-12,Humboldt,023,135768,3564,3533,25,3558,35
2021-04-12,Imperial,025,180216,27992,27851,2689,30540,717
2021-04-12,Inyo,027,18085,1391,1390,10,1400,36
2021-04-12,Kern,029,883053,95987,94861,10499,105360,1283
2021-04-12,Kings,031,150075,22858,22621,1059,23680,241
2021-04-12,Lake,033,64148,3415,3380,9,3389,43
2021-04-12,Lassen,035,31185,5154,5147,105,5252,1
2021-04-12,Los Angeles,037,10098052,1193524,1186145,40983,1227128,23505
2021-04-12,Madera,039,155013,16335,16174,914,17088,231
2021-04-12,Marin,041,260295,13779,13751,236,13987,224
2021-04-12,Mariposa,043,17540,402,394,6,400,5
2021-04-12,Mendocino,045,87422,3780,3699,69,3768,46
2021-04-12,Merced,047,269075,30263,30261,965,31226,435
2021-04-12,Modoc,049,8938,365,352,122,474,3
2021-04-12,Mono,051,14174,1236,1251,15,1266,3
2021-04-12,Monterey,053,433212,42723,42555,1827,44382,346
2021-04-12,Napa,055,140530,9654,9603,34,9637,80
2021-04-12,Nevada,057,99092,4477,4408,188,4596,69
2021-04-12,Orange,059,3164182,252930,251350,11000,262350,4826
2021-04-12,Placer,061,380077,22170,21475,1362,22837,278
2021-04-12,Plumas,063,18699,673,666,10,676,4
2021-04-12,Riverside,065,2383286,290705,285361,13745,299106,4336
2021-04-12,Sacramento,067,1510023,101198,100394,1546,101940,1566
2021-04-12,San Benito,069,59416,5963,5942,110,6052,62
2021-04-12,San Bernardino,071,2135413,290577,288736,8849,297585,4493
2021-04-12,San Diego,073,3302833,274318,273431,13993,287424,3621
2021-04-12,San Francisco,075,870044,35828,35841,1251,37092,506
2021-04-12,San Joaquin,077,732212,70837,69968,3346,73314,1288
2021-04-12,San Luis Obispo,079,281455,20773,20515,659,21174,253
2021-04-12,San Mateo,081,765935,41401,40920,439,41359,353
2021-04-12,Santa Barbara,083,443738,34375,33606,1181,34787,444
2021-04-12,Santa Clara,085,1922200,115973,116252,685,116937,1923
2021-04-12,Santa Cruz,087,273765,15961,15406,811,16217,203
2021-04-12,Shasta,089,179085,11572,11509,1409,12918,189
2021-04-12,Sierra,091,2930,55,51,12,63,0
2021-04-12,Siskiyou,093,43540,1606,1511,278,1789,7
2021-04-12,Solano,095,438530,31455,31305,445,31750,238
2021-04-12,Sonoma,097,501317,29419,29500,294,29794,310
2021-04-12,Stanislaus,099,539301,54078,53722,5735,59457,707
2021-04-12,Sutter,101,95872,9262,9221,84,9305,106
2021-04-12,Tehama,103,63373,4878,4834,535,5369,52
2021-04-12,Trinity,105,12862,483,324,84,408,3
2021-04-12,Tulare,107,460477,49505,48495,8785,57280,824
2021-04-12,Tuolumne,109,53932,4001,3993,35,4028,57
2021-04-12,Ventura,111,848112,80384,79818,2924,82742,985
2021-04-12,Yolo,113,214977,13518,13510,261,13771,198
2021-04-12,Yuba,115,75493,5810,5773,116,5889,43
2021-04-11,Alameda,001,1643700,85082,84756,1867,86623,1238
2021-04-11,Alpine,003,1148,85,85,0,85,0
2021-04-11,Amador,005,37829,3621,3605,33,3638,46
2021-04-11,Butte,007,227075,11836,11487,1708,13195,193
2021-04-11,Calaveras,009,45235,2040,2036,12,2048,50
2021-04-11,Colusa,011,21464,1904,1904,280,2184,14
2021-04-11,Contra Costa,013,1133247,66870,66107,1170,67277,777
2021-04-11,Del Norte,015,27424,1251,1214,11,1225,6
2021-04-11,El Dorado,017,186661,9675,9575,653,10228,106
2021-04-11,Fresno,019,978130,100788,100230,8439,108669,1633
2021-04-11,Glenn,021,27897,2365,2348,537,2885,17
2021-04-11,Humboldt,023,135768,3554,3523,25,3548,35
2021-04-11,Imperial,025,180216,27968,27841,2687,30528,717
2021-04-11,Inyo,027,18085,1391,1390,10,1400,36
2021-04-11,Kern,029,883053,95926,94830,10491,105321,1283
2021-04-11,Kings,031,150075,22849,22618,1056,23674,241
2021-04-11,Lake,033,64148,3411,3377,9,3386,43
2021-04-11,Lassen,035,31185,5150,5147,105,5252,1
2021-04-11,Los Angeles,037,10098052,1193012,1185757,40941,1226698,23503
2021-04-11,Madera,039,155013,16316,16166,913,17079,231
2021-04-11,Marin,041,260295,13772,13741,235,13976,226
2021-04-11,Mariposa,043,17540,402,394,6,400,5
2021-04-11,Mendocino,045,87422,3778,3696,69,3765,46
2021-04-11,Merced,047,269075,30225,30249,964,31213,435
2021-04-11,Modoc,049,8938,364,352,120,472,3
2021-04-11,Mono,051,14174,1235,1250,15,1265,3
2021-04-11,Monterey,053,433212,42716,42547,1820,44367,346
2021-04-11,Napa,055,140530,9643,9592,34,9626,80
2021-04-11,Nevada,057,99092,4463,4394,188,4582,69
2021-04-11,Orange,059,3164182,252802,251233,10989,262222,4826
2021-04-11,Placer,061,380077,22112,21458,1357,22815,278
2021-04-11,Plumas,063,18699,673,666,10,676,4
2021-04-11,Riverside,065,2383286,290572,285269,13735,299004,4336
2021-04-11,Sacramento,067,1510023,101028,100296,1534,101830,1566
2021-04-11,San Benito,069,59416,5955,5941,109,6050,62
2021-04-11,San Bernardino,071,2135413,290468,288686,8843,297529,4492
2021-04-11,San Diego,073,3302833,274021,273287,13934,287221,3621
2021-04-11,San Francisco,075,870044,35792,35815,1248,37063,498
2021-04-11,San Joaquin,077,732212,70750,69939,3335,73274,1288
2021-04-11,San Luis Obispo,079,281455,20747,20501,656,21157,253
2021-04-11,San Mateo,081,765935,41343,40901,438,41339,353
2021-04-11,Santa Barbara,083,443738,34339,33591,1180,34771,444
2021-04-11,Santa Clara,085,1922200,115837,116161,682,116843,1923
2021-04-11,Santa Cruz,087,273765,15949,15382,811,16193,203
2021-04-11,Shasta,089,179085,11528,11504,1408,12912,189
2021-04-11,Sierra,091,2930,55,51,12,63,0
2021-04-11,Siskiyou,093,43540,1599,1509,275,1784,7
2021-04-11,Solano,095,438530,31403,31268,441,31709,238
2021-04-11,Sonoma,097,501317,29393,29496,290,29786,310
2021-04-11,Stanislaus,099,539301,53995,53683,5726,59409,707
2021-04-11,Sutter,101,95872,9253,9222,84,9306,106
2021-04-11,Tehama,103,63373,4875,4832,533,5365,52
2021-04-11,Trinity,105,12862,483,324,84,408,3
2021-04-11,Tulare,107,460477,49491,48479,8778,57257,824
2021-04-11,Tuolumne,109,53932,3999,3993,35,4028,57
2021-04-11,Ventura,111,848112,80336,79800,2918,82718,985
2021-04-11,Yolo,113,214977,13497,13496,259,13755,198
2021-04-11,Yuba,115,75493,5800,5768,116,5884,43
2021-04-10,Alameda,001,1643700,85017,84626,1867,86493,1238
2021-04-10,Alpine,003,1148,85,85,0,85,0
2021-04-10,Amador,005,37829,3619,3603,33,3636,46
2021-04-10,Butte,007,227075,11825,11482,1707,13189,193
2021-04-10,Calaveras,009,45235,2038,2032,12,2044,50
2021-04-10,Colusa,011,21464,1904,1902,280,2182,14
2021-04-10,Contra Costa,013,1133247,66809,66001,1167,67168,778
2021-04-10,Del Norte,015,27424,1248,1212,11,1223,6
2021-04-10,El Dorado,017,186661,9663,9549,650,10199,106
2021-04-10,Fresno,019,978130,100755,100135,8432,108567,1633
2021-04-10,Glenn,021,27897,2365,2343,537,2880,17
2021-04-10,Humboldt,023,135768,3544,3508,25,3533,35
2021-04-10,Imperial,025,180216,27954,27816,2687,30503,717
2021-04-10,Inyo,027,18085,1391,1387,10,1397,36
2021-04-10,Kern,029,883053,95912,94802,10485,105287,1284
2021-04-10,Kings,031,150075,22845,22614,1054,23668,241
2021-04-10,Lake,033,64148,3406,3368,9,3377,43
2021-04-10,Lassen,035,31185,5150,5146,104,5250,1
2021-04-10,Los Angeles,037,10098052,1192740,1185246,40923,1226169,23493
2021-04-10,Madera,039,155013,16308,16143,912,17055,231
2021-04-10,Marin,041,260295,13767,13731,235,13966,226
2021-04-10,Mariposa,043,17540,399,393,6,399,5
2021-04-10,Mendocino,045,87422,3776,3696,69,3765,46
2021-04-10,Merced,047,269075,30205,30225,963,31188,435
2021-04-10,Modoc,049,8938,364,352,120,472,3
2021-04-10,Mono,051,14174,1235,1249,15,1264,3
2021-04-10,Monterey,053,433212,42705,42527,1819,44346,346
2021-04-10,Napa,055,140530,9636,9569,34,9603,79
2021-04-10,Nevada,057,99092,4456,4379,188,4567,69
2021-04-10,Orange,059,3164182,252709,251139,10982,262121,4818
2021-04-10,Placer,061,380077,22081,21402,1351,22753,278
2021-04-10,Plumas,063,18699,673,666,10,676,4
2021-04-10,Riverside,065,2383286,290492,285082,13727,298809,4336
2021-04-10,Sacramento,067,1510023,100925,100048,1532,101580,1566
2021-04-10,San Benito,069,59416,5944,5932,108,6040,62
2021-04-10,San Bernardino,071,2135413,290404,288590,8836,297426,4489
2021-04-10,San Diego,073,3302833,273805,273058,13915,286973,3613
2021-04-10,San Francisco,075,870044,35762,35774,1244,37018,498
2021-04-10,San Joaquin,077,732212,70715,69852,3325,73177,1288
2021-04-10,San Luis Obispo,079,281455,20731,20461,655,21116,253
2021-04-10,San Mateo,081,765935,41310,40878,438,41316,350
2021-04-10,Santa Barbara,083,443738,34311,33541,1178,34719,444
2021-04-10,Santa Clara,085,1922200,115741,116015,681,116696,1923
2021-04-10,Santa Cruz,087,273765,15943,15360,811,16171,203
2021-04-10,Shasta,089,179085,11519,11492,1405,12897,189
2021-04-10,Sierra,091,2930,55,51,12,63,0
2021-04-10,Siskiyou,093,43540,1596,1512,275,1787,7
2021-04-10,Solano,095,438530,31369,31218,437,31655,238
2021-04-10,Sonoma,097,501317,29378,29469,290,29759,310
2021-04-10,Stanislaus,099,539301,53960,53596,5720,59316,707
2021-04-10,Sutter,101,95872,9251,9214,84,9298,106
2021-04-10,Tehama,103,63373,4873,4820,531,5351,52
2021-04-10,Trinity,105,12862,483,324,84,408,3
2021-04-10,Tulare,107,460477,49482,48470,8772,57242,824
2021-04-10,Tuolumne,109,53932,3996,3991,35,4026,57
2021-04-10,Ventura,111,848112,80308,79758,2916,82674,985
2021-04-10,Yolo,113,214977,13489,13494,258,13752,198
2021-04-10,Yuba,115,75493,5797,5757,115,5872,43
2021-04-09,Alameda,001,1643700,84946,84404,1859,86263,1237
2021-04-09,Alpine,003,1148,85,85,0,85,0
2021-04-09,Amador,005,37829,3618,3600,33,3633,46
2021-04-09,Butte,007,227075,11815,11454,1706,13160,193
2021-04-09,Calaveras,009,45235,2037,2028,12,2040,50
2021-04-09,Colusa,011,21464,1904,1898,280,2178,14
2021-04-09,Contra Costa,013,1133247,66716,65857,1161,67018,777
2021-04-09,Del Norte,015,27424,1247,1207,11,1218,6
2021-04-09,El Dorado,017,186661,9640,9528,646,10174,106
2021-04-09,Fresno,019,978130,100721,100027,8427,108454,1630
2021-04-09,Glenn,021,27897,2365,2337,537,2874,17
2021-04-09,Humboldt,023,135768,3534,3496,25,3521,35
2021-04-09,Imperial,025,180216,27939,27764,2685,30449,717
2021-04-09,Inyo,027,18085,1390,1386,10,1396,36
2021-04-09,Kern,029,883053,95874,94675,10483,105158,1282
2021-04-09,Kings,031,150075,22836,22595,1051,23646,242
2021-04-09,Lake,033,64148,3402,3362,9,3371,43
2021-04-09,Lassen,035,31185,5150,5140,104,5244,1
2021-04-09,Los Angeles,037,10098052,1192371,1184501,40893,1225394,23458
2021-04-09,Madera,039,155013,16305,16118,912,17030,231
2021-04-09,Marin,041,260295,13760,13721,235,13956,226
2021-04-09,Mariposa,043,17540,399,393,6,399,5
2021-04-09,Mendocino,045,87422,3774,3693,69,3762,46
2021-04-09,Merced,047,269075,30176,30179,962,31141,435
2021-04-09,Modoc,049,8938,363,352,120,472,3
2021-04-09,Mono,051,14174,1235,1247,15,1262,3
2021-04-09,Monterey,053,433212,42696,42481,1815,44296,344
2021-04-09,Napa,055,140530,9617,9574,34,9608,80
2021-04-09,Nevada,057,99092,4448,4373,188,4561,69
2021-04-09,Orange,059,3164182,252635,250852,10977,261829,4813
2021-04-09,Placer,061,380077,22050,21327,1343,22670,278
2021-04-09,Plumas,063,18699,672,666,10,676,4
2021-04-09,Riverside,065,2383286,290409,284562,13721,298283,4325
2021-04-09,Sacramento,067,1510023,100770,99722,1526,101248,1564
2021-04-09,San Benito,069,59416,5939,5925,107,6032,62
2021-04-09,San Bernardino,071,2135413,290335,288000,8833,296833,4467
2021-04-09,San Diego,073,3302833,273607,272697,13873,286570,3600
2021-04-09,San Francisco,075,870044,35721,35716,1239,36955,497
2021-04-09,San Joaquin,077,732212,70652,69675,3313,72988,1281
2021-04-09,San Luis Obispo,079,281455,20717,20427,655,21082,252
2021-04-09,San Mateo,081,765935,41274,40800,437,41237,350
2021-04-09,Santa Barbara,083,443738,34288,33424,1175,34599,444
2021-04-09,Santa Clara,085,1922200,115657,115749,679,116428,1923
2021-04-09,Santa Cruz,087,273765,15938,15331,811,16142,203
2021-04-09,Shasta,089,179085,11509,11478,1402,12880,188
2021-04-09,Sierra,091,2930,55,51,12,63,0
2021-04-09,Siskiyou,093,43540,1593,1510,274,1784,7
2021-04-09,Solano,095,438530,31336,31166,432,31598,238
2021-04-09,Sonoma,097,501317,29365,29433,290,29723,310
2021-04-09,Stanislaus,099,539301,53905,53504,5711,59215,705
2021-04-09,Sutter,101,95872,9244,9201,84,9285,106
2021-04-09,Tehama,103,63373,4867,4806,531,5337,52
2021-04-09,Trinity,105,12862,482,324,84,408,3
2021-04-09,Tulare,107,460477,49478,48430,8766,57196,824
2021-04-09,Tuolumne,109,53932,3995,3986,35,4021,57
2021-04-09,Ventura,111,848112,80280,79698,2916,82614,987
2021-04-09,Yolo,113,214977,13478,13478,256,13734,198
2021-04-09,Yuba,115,75493,5790,5754,115,5869,43
2021-04-08,Alameda,001,1643700,84842,84213,1856,86069,1232
2021-04-08,Alpine,003,1148,85,85,0,85,0
2021-04-08,Amador,005,37829,3614,3595,33,3628,46
2021-04-08,Butte,007,227075,11804,11414,1705,13119,193
2021-04-08,Calaveras,009,45235,2035,2027,12,2039,50
2021-04-08,Colusa,011,21464,1903,1897,280,2177,14
2021-04-08,Contra Costa,013,1133247,66606,65706,1158,66864,775
2021-04-08,Del Norte,015,27424,1241,1201,11,1212,6
2021-04-08,El Dorado,017,186661,9624,9513,641,10154,106
2021-04-08,Fresno,019,978130,100657,99935,8420,108355,1627
2021-04-08,Glenn,021,27897,2363,2337,537,2874,17
2021-04-08,Humboldt,023,135768,3524,3486,25,3511,35
2021-04-08,Imperial,025,180216,27912,27744,2682,30426,713
2021-04-08,Inyo,027,18085,1389,1386,10,1396,36
2021-04-08,Kern,029,883053,95828,94493,10470,104963,1281
2021-04-08,Kings,031,150075,22829,22589,1049,23638,243
2021-04-08,Lake,033,64148,3395,3360,9,3369,43
2021-04-08,Lassen,035,31185,5149,5136,104,5240,1
2021-04-08,Los Angeles,037,10098052,1191872,1184443,40855,1225298,23416
2021-04-08,Madera,039,155013,16293,16103,912,17015,231
2021-04-08,Marin,041,260295,13753,13704,235,13939,226
2021-04-08,Mariposa,043,17540,398,393,6,399,5
2021-04-08,Mendocino,045,87422,3772,3690,69,3759,45
2021-04-08,Merced,047,269075,30154,30163,962,31125,430
2021-04-08,Modoc,049,8938,363,352,120,472,3
2021-04-08,Mono,051,14174,1233,1247,15,1262,3
2021-04-08,Monterey,053,433212,42674,42437,1810,44247,342
2021-04-08,Napa,055,140530,9600,9569,34,9603,80
2021-04-08,Nevada,057,99092,4437,4367,188,4555,69
2021-04-08,Orange,059,3164182,252525,250529,10962,261491,4797
2021-04-08,Placer,061,380077,22009,21258,1334,22592,277
2021-04-08,Plumas,063,18699,672,665,10,675,4
2021-04-08,Riverside,065,2383286,290295,283853,13716,297569,4296
2021-04-08,Sacramento,067,1510023,100630,99319,1515,100834,1561
2021-04-08,San Benito,069,59416,5936,5914,105,6019,62
2021-04-08,San Bernardino,071,2135413,290237,287190,8830,296020,4445
2021-04-08,San Diego,073,3302833,273377,272495,13837,286332,3592
2021-04-08,San Francisco,075,870044,35698,35657,1238,36895,494
2021-04-08,San Joaquin,077,732212,70580,69479,3307,72786,1279
2021-04-08,San Luis Obispo,079,281455,20697,20402,653,21055,252
2021-04-08,San Mateo,081,765935,41234,40749,437,41186,350
2021-04-08,Santa Barbara,083,443738,34264,33309,1174,34483,444
2021-04-08,Santa Clara,085,1922200,115551,115487,678,116165,1905
2021-04-08,Santa Cruz,087,273765,15932,15296,811,16107,203
2021-04-08,Shasta,089,179085,11499,11466,1398,12864,186
2021-04-08,Sierra,091,2930,55,51,12,63,0
2021-04-08,Siskiyou,093,43540,1590,1511,274,1785,7
2021-04-08,Solano,095,438530,31287,31120,432,31552,238
2021-04-08,Sonoma,097,501317,29345,29410,289,29699,310
2021-04-08,Stanislaus,099,539301,53827,53401,5701,59102,706
2021-04-08,Sutter,101,95872,9240,9195,84,9279,106
2021-04-08,Tehama,103,63373,4863,4802,531,5333,52
2021-04-08,Trinity,105,12862,482,324,84,408,3
2021-04-08,Tulare,107,460477,49465,48409,8756,57165,821
2021-04-08,Tuolumne,109,53932,3995,3986,35,4021,57
2021-04-08,Ventura,111,848112,80243,79626,2912,82538,986
2021-04-08,Yolo,113,214977,13469,13468,255,13723,198
2021-04-08,Yuba,115,75493,5786,5743,115,5858,43
2021-04-07,Alameda,001,1643700,84760,84130,1854,85984,1224
2021-04-07,Alpine,003,1148,85,85,0,85,0
2021-04-07,Amador,005,37829,3611,3590,33,3623,46
2021-04-07,Butte,007,227075,11800,11405,1702,13107,193
2021-04-07,Calaveras,009,45235,2032,2022,12,2034,50
2021-04-07,Colusa,011,21464,1899,1894,279,2173,14
2021-04-07,Contra Costa,013,1133247,66520,65619,1157,66776,775
2021-04-07,Del Norte,015,27424,1239,1198,11,1209,6
2021-04-07,El Dorado,017,186661,9603,9500,636,10136,106
2021-04-07,Fresno,019,978130,100592,99865,8410,108275,1627
2021-04-07,Glenn,021,27897,2360,2337,536,2873,17
2021-04-07,Humboldt,023,135768,3512,3484,25,3509,35
2021-04-07,Imperial,025,180216,27888,27704,2676,30380,713
2021-04-07,Inyo,027,18085,1388,1386,10,1396,36
2021-04-07,Kern,029,883053,95792,94456,10455,104911,1275
2021-04-07,Kings,031,150075,22827,22589,1049,23638,243
2021-04-07,Lake,033,64148,3393,3358,9,3367,43
2021-04-07,Lassen,035,31185,5149,5137,104,5241,1
2021-04-07,Los Angeles,037,10098052,1191437,1183862,40833,1224695,23372
2021-04-07,Madera,039,155013,16274,16090,911,17001,231
2021-04-07,Marin,041,260295,13742,13688,233,13921,225
2021-04-07,Mariposa,043,17540,397,391,6,397,5
2021-04-07,Mendocino,045,87422,3771,3691,69,3760,45
2021-04-07,Merced,047,269075,30130,30132,958,31090,430
2021-04-07,Modoc,049,8938,363,351,120,471,3
2021-04-07,Mono,051,14174,1233,1246,15,1261,3
2021-04-07,Monterey,053,433212,42656,42427,1809,44236,341
2021-04-07,Napa,055,140530,9586,9556,34,9590,80
2021-04-07,Nevada,057,99092,4431,4364,188,4552,69
2021-04-07,Orange,059,3164182,252402,250378,10939,261317,4778
2021-04-07,Placer,061,380077,21964,21227,1326,22553,276
2021-04-07,Plumas,063,18699,672,665,10,675,4
2021-04-07,Riverside,065,2383286,290175,283749,13706,297455,4285
2021-04-07,Sacramento,067,1510023,100462,99202,1509,100711,1544
2021-04-07,San Benito,069,59416,5931,5912,104,6016,62
2021-04-07,San Bernardino,071,2135413,290120,286978,8825,295803,4433
2021-04-07,San Diego,073,3302833,273152,272195,13808,286003,3588
2021-04-07,San Francisco,075,870044,35658,35618,1234,36852,493
2021-04-07,San Joaquin,077,732212,70511,69375,3302,72677,1278
2021-04-07,San Luis Obispo,079,281455,20671,20373,650,21023,252
2021-04-07,San Mateo,081,765935,41190,40693,437,41130,350
2021-04-07,Santa Barbara,083,443738,34239,33289,1171,34460,444
2021-04-07,Santa Clara,085,1922200,115419,115311,676,115987,1900
2021-04-07,Santa Cruz,087,273765,15921,15275,811,16086,203
2021-04-07,Shasta,089,179085,11487,11456,1393,12849,184
2021-04-07,Sierra,091,2930,55,51,12,63,0
2021-04-07,Siskiyou,093,43540,1584,1512,273,1785,7
2021-04-07,Solano,095,438530,31236,31097,431,31528,238
2021-04-07,Sonoma,097,501317,29327,29394,288,29682,310
2021-04-07,Stanislaus,099,539301,53759,53344,5691,59035,686
2021-04-07,Sutter,101,95872,9237,9188,84,9272,106
2021-04-07,Tehama,103,63373,4855,4802,529,5331,52
2021-04-07,Trinity,105,12862,482,322,84,406,3
2021-04-07,Tulare,107,460477,49450,48386,8745,57131,820
2021-04-07,Tuolumne,109,53932,3993,3982,35,4017,57
2021-04-07,Ventura,111,848112,80209,79595,2910,82505,986
2021-04-07,Yolo,113,214977,13454,13450,253,13703,198
2021-04-07,Yuba,115,75493,5782,5737,115,5852,43
2021-04-06,Alameda,001,1643700,84646,84091,1850,85941,1223
2021-04-06,Alpine,003,1148,85,85,0,85,0
2021-04-06,Amador,005,37829,3610,3587,33,3620,45
2021-04-06,Butte,007,227075,11785,11396,1700,13096,193
2021-04-06,Calaveras,009,45235,2029,2021,12,2033,50
2021-04-06,Colusa,011,21464,1897,1894,277,2171,14
2021-04-06,Contra Costa,013,1133247,66443,65575,1156,66731,774
2021-04-06,Del Norte,015,27424,1234,1197,11,1208,6
2021-04-06,El Dorado,017,186661,9573,9489,634,10123,106
2021-04-06,Fresno,019,978130,100528,99814,8404,108218,1626
2021-04-06,Glenn,021,27897,2359,2335,536,2871,17
2021-04-06,Humboldt,023,135768,3503,3477,25,3502,35
2021-04-06,Imperial,025,180216,27854,27661,2666,30327,713
2021-04-06,Inyo,027,18085,1388,1379,10,1389,36
2021-04-06,Kern,029,883053,95748,94422,10449,104871,1259
2021-04-06,Kings,031,150075,22821,22587,1049,23636,240
2021-04-06,Lake,033,64148,3390,3358,9,3367,43
2021-04-06,Lassen,035,31185,5147,5137,104,5241,1
2021-04-06,Los Angeles,037,10098052,1190928,1183499,40792,1224291,23323
2021-04-06,Madera,039,155013,16254,16085,906,16991,230
2021-04-06,Marin,041,260295,13733,13675,230,13905,224
2021-04-06,Mariposa,043,17540,397,390,6,396,5
2021-04-06,Mendocino,045,87422,3769,3686,69,3755,45
2021-04-06,Merced,047,269075,30101,30100,953,31053,430
2021-04-06,Modoc,049,8938,362,351,120,471,3
2021-04-06,Mono,051,14174,1233,1246,15,1261,3
2021-04-06,Monterey,053,433212,42647,42412,1808,44220,341
2021-04-06,Napa,055,140530,9567,9509,34,9543,78
2021-04-06,Nevada,057,99092,4421,4356,186,4542,69
2021-04-06,Orange,059,3164182,252294,250304,10925,261229,4771
2021-04-06,Placer,061,380077,21916,21184,1324,22508,276
2021-04-06,Plumas,063,18699,672,665,10,675,4
2021-04-06,Riverside,065,2383286,289994,283622,13695,297317,4264
2021-04-06,Sacramento,067,1510023,100253,99110,1501,100611,1537
2021-04-06,San Benito,069,59416,5922,5907,104,6011,62
2021-04-06,San Bernardino,071,2135413,290008,286792,8815,295607,4428
2021-04-06,San Diego,073,3302833,272890,271867,13780,285647,3585
2021-04-06,San Francisco,075,870044,35615,35572,1234,36806,488
2021-04-06,San Joaquin,077,732212,70428,69316,3290,72606,1278
2021-04-06,San Luis Obispo,079,281455,20649,20350,647,20997,252
2021-04-06,San Mateo,081,765935,41142,40649,436,41085,350
2021-04-06,Santa Barbara,083,443738,34221,33257,1170,34427,443
2021-04-06,Santa Clara,085,1922200,115248,115184,675,115859,1900
2021-04-06,Santa Cruz,087,273765,15911,15252,811,16063,203
2021-04-06,Shasta,089,179085,11466,11443,1391,12834,184
2021-04-06,Sierra,091,2930,55,51,12,63,0
2021-04-06,Siskiyou,093,43540,1580,1510,272,1782,7
2021-04-06,Solano,095,438530,31189,31078,430,31508,237
2021-04-06,Sonoma,097,501317,29302,29386,286,29672,311
2021-04-06,Stanislaus,099,539301,53702,53304,5685,58989,686
2021-04-06,Sutter,101,95872,9227,9179,84,9263,106
2021-04-06,Tehama,103,63373,4846,4798,529,5327,52
2021-04-06,Trinity,105,12862,482,321,84,405,3
2021-04-06,Tulare,107,460477,49407,48372,8741,57113,819
2021-04-06,Tuolumne,109,53932,3993,3981,35,4016,57
2021-04-06,Ventura,111,848112,80172,79556,2908,82464,983
2021-04-06,Yolo,113,214977,13441,13443,252,13695,198
2021-04-06,Yuba,115,75493,5778,5733,114,5847,43
2021-04-05,Alameda,001,1643700,84529,84007,1846,85853,1219
2021-04-05,Alpine,003,1148,85,85,0,85,0
2021-04-05,Amador,005,37829,3607,3584,33,3617,45
2021-04-05,Butte,007,227075,11770,11384,1698,13082,193
2021-04-05,Calaveras,009,45235,2027,2019,12,2031,50
2021-04-05,Colusa,011,21464,1897,1894,276,2170,14
2021-04-05,Contra Costa,013,1133247,66377,65457,1154,66611,774
2021-04-05,Del Norte,015,27424,1232,1189,11,1200,6
2021-04-05,El Dorado,017,186661,9558,9463,634,10097,106
2021-04-05,Fresno,019,978130,100439,99755,8396,108151,1622
2021-04-05,Glenn,021,27897,2358,2335,536,2871,17
2021-04-05,Humboldt,023,135768,3494,3475,25,3500,35
2021-04-05,Imperial,025,180216,27822,27604,2661,30265,710
2021-04-05,Inyo,027,18085,1385,1377,10,1387,36
2021-04-05,Kern,029,883053,95693,94401,10424,104825,1249
2021-04-05,Kings,031,150075,22817,22580,1049,23629,239
2021-04-05,Lake,033,64148,3382,3359,9,3368,43
2021-04-05,Lassen,035,31185,5147,5138,103,5241,1
2021-04-05,Los Angeles,037,10098052,1190394,1183200,40741,1223941,23302
2021-04-05,Madera,039,155013,16240,16065,905,16970,230
2021-04-05,Marin,041,260295,13719,13666,226,13892,221
2021-04-05,Mariposa,043,17540,397,390,6,396,5
2021-04-05,Mendocino,045,87422,3767,3687,69,3756,45
2021-04-05,Merced,047,269075,30074,30068,952,31020,427
2021-04-05,Modoc,049,8938,360,346,120,466,3
2021-04-05,Mono,051,14174,1233,1246,15,1261,3
2021-04-05,Monterey,053,433212,42634,42396,1804,44200,341
2021-04-05,Napa,055,140530,9544,9492,34,9526,78
2021-04-05,Nevada,057,99092,4410,4346,186,4532,69
2021-04-05,Orange,059,3164182,252180,250177,10901,261078,4759
2021-04-05,Placer,061,380077,21870,21133,1316,22449,276
2021-04-05,Plumas,063,18699,672,666,10,676,4
2021-04-05,Riverside,065,2383286,289858,283549,13683,297232,4237
2021-04-05,Sacramento,067,1510023,100091,98908,1492,100400,1533
2021-04-05,San Benito,069,59416,5916,5904,104,6008,61
2021-04-05,San Bernardino,071,2135413,289897,286597,8812,295409,4425
2021-04-05,San Diego,073,3302833,272641,271655,13739,285394,3583
2021-04-05,San Francisco,075,870044,35584,35538,1234,36772,488
2021-04-05,San Joaquin,077,732212,70339,69214,3281,72495,1268
2021-04-05,San Luis Obispo,079,281455,20612,20333,647,20980,252
2021-04-05,San Mateo,081,765935,41099,40609,435,41044,350
2021-04-05,Santa Barbara,083,443738,34188,33235,1170,34405,443
2021-04-05,Santa Clara,085,1922200,115081,115091,672,115763,1893
2021-04-05,Santa Cruz,087,273765,15904,15228,811,16039,201
2021-04-05,Shasta,089,179085,11445,11435,1388,12823,184
2021-04-05,Sierra,091,2930,55,50,12,62,0
2021-04-05,Siskiyou,093,43540,1577,1509,270,1779,7
2021-04-05,Solano,095,438530,31148,31026,428,31454,237
2021-04-05,Sonoma,097,501317,29270,29361,284,29645,311
2021-04-05,Stanislaus,099,539301,53621,53238,5682,58920,686
2021-04-05,Sutter,101,95872,9220,9169,84,9253,106
2021-04-05,Tehama,103,63373,4840,4794,529,5323,52
2021-04-05,Trinity,105,12862,481,321,84,405,3
2021-04-05,Tulare,107,460477,49395,48356,8734,57090,818
2021-04-05,Tuolumne,109,53932,3992,3980,35,4015,57
2021-04-05,Ventura,111,848112,80141,79549,2905,82454,983
2021-04-05,Yolo,113,214977,13427,13427,251,13678,198
2021-04-05,Yuba,115,75493,5773,5728,113,5841,43
2021-04-04,Alameda,001,1643700,84411,83951,1842,85793,1219
2021-04-04,Alpine,003,1148,85,85,0,85,0
2021-04-04,Amador,005,37829,3601,3582,33,3615,45
2021-04-04,Butte,007,227075,11755,11375,1697,13072,193
2021-04-04,Calaveras,009,45235,2023,2020,12,2032,50
2021-04-04,Colusa,011,21464,1896,1893,276,2169,14
2021-04-04,Contra Costa,013,1133247,66271,65408,1149,66557,774
2021-04-04,Del Norte,015,27424,1224,1186,11,1197,6
2021-04-04,El Dorado,017,186661,9539,9455,630,10085,106
2021-04-04,Fresno,019,978130,100365,99702,8383,108085,1622
2021-04-04,Glenn,021,27897,2355,2335,535,2870,17
2021-04-04,Humboldt,023,135768,3483,3472,25,3497,35
2021-04-04,Imperial,025,180216,27766,27588,2659,30247,710
2021-04-04,Inyo,027,18085,1381,1377,10,1387,36
2021-04-04,Kern,029,883053,95649,94388,10403,104791,1247
2021-04-04,Kings,031,150075,22815,22580,1048,23628,239
2021-04-04,Lake,033,64148,3376,3355,8,3363,43
2021-04-04,Lassen,035,31185,5146,5138,103,5241,1
2021-04-04,Los Angeles,037,10098052,1189852,1182872,40696,1223568,23301
2021-04-04,Madera,039,155013,16214,16052,901,16953,230
2021-04-04,Marin,041,260295,13706,13663,225,13888,221
2021-04-04,Mariposa,043,17540,397,390,6,396,5
2021-04-04,Mendocino,045,87422,3764,3684,69,3753,45
2021-04-04,Merced,047,269075,30031,30048,949,30997,427
2021-04-04,Modoc,049,8938,360,346,120,466,3
2021-04-04,Mono,051,14174,1232,1245,15,1260,3
2021-04-04,Monterey,053,433212,42617,42391,1803,44194,341
2021-04-04,Napa,055,140530,9532,9486,34,9520,78
2021-04-04,Nevada,057,99092,4398,4337,185,4522,69
2021-04-04,Orange,059,3164182,252044,250117,10885,261002,4759
2021-04-04,Placer,061,380077,21825,21104,1298,22402,276
2021-04-04,Plumas,063,18699,672,666,10,676,4
2021-04-04,Riverside,065,2383286,289732,283537,13679,297216,4237
2021-04-04,Sacramento,067,1510023,99892,98821,1482,100303,1531
2021-04-04,San Benito,069,59416,5906,5901,100,6001,61
2021-04-04,San Bernardino,071,2135413,289756,286561,8804,295365,4423
2021-04-04,San Diego,073,3302833,272330,271528,13697,285225,3583
2021-04-04,San Francisco,075,870044,35530,35525,1231,36756,488
2021-04-04,San Joaquin,077,732212,70238,69147,3269,72416,1268
2021-04-04,San Luis Obispo,079,281455,20580,20328,639,20967,252
2021-04-04,San Mateo,081,765935,41056,40587,432,41019,350
2021-04-04,Santa Barbara,083,443738,34152,33213,1170,34383,443
2021-04-04,Santa Clara,085,1922200,114915,114976,665,115641,1893
2021-04-04,Santa Cruz,087,273765,15895,15219,811,16030,201
2021-04-04,Shasta,089,179085,11419,11433,1387,12820,184
2021-04-04,Sierra,091,2930,55,50,12,62,0
2021-04-04,Siskiyou,093,43540,1574,1509,266,1775,7
2021-04-04,Solano,095,438530,31101,31002,426,31428,237
2021-04-04,Sonoma,097,501317,29238,29340,282,29622,311
2021-04-04,Stanislaus,099,539301,53528,53181,5674,58855,686
2021-04-04,Sutter,101,95872,9213,9164,84,9248,106
2021-04-04,Tehama,103,63373,4828,4792,528,5320,52
2021-04-04,Trinity,105,12862,479,321,84,405,3
2021-04-04,Tulare,107,460477,49380,48343,8726,57069,818
2021-04-04,Tuolumne,109,53932,3984,3980,35,4015,57
2021-04-04,Ventura,111,848112,80098,79526,2903,82429,983
2021-04-04,Yolo,113,214977,13406,13425,250,13675,198
2021-04-04,Yuba,115,75493,5766,5722,113,5835,43
2021-04-03,Alameda,001,1643700,84343,83861,1840,85701,1218
2021-04-03,Alpine,003,1148,85,85,0,85,0
2021-04-03,Amador,005,37829,3598,3577,33,3610,45
2021-04-03,Butte,007,227075,11751,11359,1693,13052,193
2021-04-03,Calaveras,009,45235,2020,2019,12,2031,50
2021-04-03,Colusa,011,21464,1896,1891,276,2167,14
2021-04-03,Contra Costa,013,1133247,66199,65338,1149,66487,774
2021-04-03,Del Norte,015,27424,1219,1183,11,1194,6
2021-04-03,El Dorado,017,186661,9530,9448,629,10077,106
2021-04-03,Fresno,019,978130,100308,99602,8377,107979,1622
2021-04-03,Glenn,021,27897,2355,2334,534,2868,17
2021-04-03,Humboldt,023,135768,3481,3467,25,3492,35
2021-04-03,Imperial,025,180216,27750,27572,2656,30228,710
2021-04-03,Inyo,027,18085,1380,1376,10,1386,36
2021-04-03,Kern,029,883053,95623,94369,10387,104756,1243
2021-04-03,Kings,031,150075,22813,22580,1048,23628,239
2021-04-03,Lake,033,64148,3375,3350,8,3358,43
2021-04-03,Lassen,035,31185,5145,5136,103,5239,1
2021-04-03,Los Angeles,037,10098052,1189553,1182402,40678,1223080,23301
2021-04-03,Madera,039,155013,16205,16051,899,16950,230
2021-04-03,Marin,041,260295,13698,13658,224,13882,221
2021-04-03,Mariposa,043,17540,397,390,5,395,5
2021-04-03,Mendocino,045,87422,3763,3684,69,3753,45
2021-04-03,Merced,047,269075,30016,30031,949,30980,427
2021-04-03,Modoc,049,8938,360,346,120,466,3
2021-04-03,Mono,051,14174,1232,1245,15,1260,3
2021-04-03,Monterey,053,433212,42604,42376,1801,44177,341
2021-04-03,Napa,055,140530,9523,9473,34,9507,78
2021-04-03,Nevada,057,99092,4394,4323,185,4508,69
2021-04-03,Orange,059,3164182,251964,249982,10867,260849,4755
2021-04-03,Placer,061,380077,21794,21060,1294,22354,276
2021-04-03,Plumas,063,18699,672,666,10,676,4
2021-04-03,Riverside,065,2383286,289654,283423,13676,297099,4237
2021-04-03,Sacramento,067,1510023,99784,98660,1476,100136,1531
2021-04-03,San Benito,069,59416,5903,5893,99,5992,61
2021-04-03,San Bernardino,071,2135413,289691,286473,8798,295271,4422
2021-04-03,San Diego,073,3302833,272161,271335,13680,285015,3571
2021-04-03,San Francisco,075,870044,35512,35488,1229,36717,489
2021-04-03,San Joaquin,077,732212,70197,69100,3253,72353,1268
2021-04-03,San Luis Obispo,079,281455,20561,20301,639,20940,252
2021-04-03,San Mateo,081,765935,41031,40560,432,40992,350
2021-04-03,Santa Barbara,083,443738,34126,33172,1169,34341,443
2021-04-03,Santa Clara,085,1922200,114806,114865,663,115528,1893
2021-04-03,Santa Cruz,087,273765,15888,15205,811,16016,201
2021-04-03,Shasta,089,179085,11411,11418,1387,12805,184
2021-04-03,Sierra,091,2930,55,50,12,62,0
2021-04-03,Siskiyou,093,43540,1573,1509,266,1775,7
2021-04-03,Solano,095,438530,31080,30970,423,31393,237
2021-04-03,Sonoma,097,501317,29222,29315,281,29596,311
2021-04-03,Stanislaus,099,539301,53493,53137,5668,58805,686
2021-04-03,Sutter,101,95872,9207,9158,84,9242,106
2021-04-03,Tehama,103,63373,4821,4788,528,5316,52
2021-04-03,Trinity,105,12862,479,321,84,405,3
2021-04-03,Tulare,107,460477,49370,48327,8722,57049,818
2021-04-03,Tuolumne,109,53932,3984,3980,35,4015,57
2021-04-03,Ventura,111,848112,80077,79489,2901,82390,983
2021-04-03,Yolo,113,214977,13400,13414,250,13664,198
2021-04-03,Yuba,115,75493,5760,5716,113,5829,43
2021-04-02,Alameda,001,1643700,84269,83776,1837,85613,1217
2021-04-02,Alpine,003,1148,85,85,0,85,0
2021-04-02,Amador,005,37829,3594,3573,32,3605,45
2021-04-02,Butte,007,227075,11743,11350,1693,13043,193
2021-04-02,Calaveras,009,45235,2016,2010,12,2022,50
2021-04-02,Colusa,011,21464,1896,1891,276,2167,14
2021-04-02,Contra Costa,013,1133247,66135,65299,1148,66447,774
2021-04-02,Del Norte,015,27424,1216,1174,11,1185,6
2021-04-02,El Dorado,017,186661,9517,9437,626,10063,106
2021-04-02,Fresno,019,978130,100254,99551,8366,107917,1620
2021-04-02,Glenn,021,27897,2355,2331,534,2865,17
2021-04-02,Humboldt,023,135768,3477,3465,25,3490,35
2021-04-02,Imperial,025,180216,27737,27553,2650,30203,710
2021-04-02,Inyo,027,18085,1380,1377,10,1387,36
2021-04-02,Kern,029,883053,95605,94348,10384,104732,1233
2021-04-02,Kings,031,150075,22813,22571,1045,23616,239
2021-04-02,Lake,033,64148,3373,3348,8,3356,43
2021-04-02,Lassen,035,31185,5145,5134,103,5237,1
2021-04-02,Los Angeles,037,10098052,1189244,1181682,40655,1222337,23264
2021-04-02,Madera,039,155013,16196,16036,898,16934,230
2021-04-02,Marin,041,260295,13690,13649,224,13873,221
2021-04-02,Mariposa,043,17540,395,390,5,395,5
2021-04-02,Mendocino,045,87422,3760,3682,69,3751,45
2021-04-02,Merced,047,269075,29992,29998,949,30947,426
2021-04-02,Modoc,049,8938,357,346,120,466,3
2021-04-02,Mono,051,14174,1232,1246,15,1261,3
2021-04-02,Monterey,053,433212,42594,42359,1798,44157,341
2021-04-02,Napa,055,140530,9508,9453,34,9487,78
2021-04-02,Nevada,057,99092,4390,4323,185,4508,69
2021-04-02,Orange,059,3164182,251867,249891,10854,260745,4748
2021-04-02,Placer,061,380077,21758,21035,1288,22323,275
2021-04-02,Plumas,063,18699,672,666,10,676,4
2021-04-02,Riverside,065,2383286,289568,283328,13668,296996,4213
2021-04-02,Sacramento,067,1510023,99677,98648,1469,100117,1527
2021-04-02,San Benito,069,59416,5901,5888,97,5985,61
2021-04-02,San Bernardino,071,2135413,289618,286308,8794,295102,4417
2021-04-02,San Diego,073,3302833,271975,271036,13654,284690,3568
2021-04-02,San Francisco,075,870044,35477,35451,1227,36678,488
2021-04-02,San Joaquin,077,732212,70132,68996,3238,72234,1268
2021-04-02,San Luis Obispo,079,281455,20544,20271,638,20909,252
2021-04-02,San Mateo,081,765935,40989,40514,432,40946,350
2021-04-02,Santa Barbara,083,443738,34098,33145,1169,34314,443
2021-04-02,Santa Clara,085,1922200,114695,114777,661,115438,1882
2021-04-02,Santa Cruz,087,273765,15880,15216,811,16027,202
2021-04-02,Shasta,089,179085,11406,11377,1379,12756,181
2021-04-02,Sierra,091,2930,55,50,12,62,0
2021-04-02,Siskiyou,093,43540,1573,1508,265,1773,7
2021-04-02,Solano,095,438530,31051,30951,420,31371,237
2021-04-02,Sonoma,097,501317,29201,29288,280,29568,311
2021-04-02,Stanislaus,099,539301,53448,53073,5662,58735,687
2021-04-02,Sutter,101,95872,9199,9131,84,9215,106
2021-04-02,Tehama,103,63373,4814,4775,527,5302,52
2021-04-02,Trinity,105,12862,479,320,84,404,3
2021-04-02,Tulare,107,460477,49364,48306,8716,57022,818
2021-04-02,Tuolumne,109,53932,3981,3980,35,4015,57
2021-04-02,Ventura,111,848112,80049,79434,2899,82333,982
2021-04-02,Yolo,113,214977,13390,13381,250,13631,197
2021-04-02,Yuba,115,75493,5756,5709,113,5822,44
2021-04-01,Alameda,001,1643700,84190,83574,1832,85406,1216
2021-04-01,Alpine,003,1148,85,85,0,85,0
2021-04-01,Amador,005,37829,3590,3558,32,3590,45
2021-04-01,Butte,007,227075,11725,11328,1691,13019,193
2021-04-01,Calaveras,009,45235,2012,2006,12,2018,50
2021-04-01,Colusa,011,21464,1893,1890,276,2166,14
2021-04-01,Contra Costa,013,1133247,66075,65176,1146,66322,771
2021-04-01,Del Norte,015,27424,1211,1138,11,1149,6
2021-04-01,El Dorado,017,186661,9508,9393,622,10015,106
2021-04-01,Fresno,019,978130,100201,99317,8358,107675,1616
2021-04-01,Glenn,021,27897,2355,2322,533,2855,17
2021-04-01,Humboldt,023,135768,3473,3464,25,3489,35
2021-04-01,Imperial,025,180216,27707,27520,2644,30164,710
2021-04-01,Inyo,027,18085,1379,1374,10,1384,36
2021-04-01,Kern,029,883053,95569,94244,10372,104616,1233
2021-04-01,Kings,031,150075,22806,22560,1044,23604,239
2021-04-01,Lake,033,64148,3368,3337,8,3345,43
2021-04-01,Lassen,035,31185,5144,5132,103,5235,1
2021-04-01,Los Angeles,037,10098052,1188757,1181101,40629,1221730,23220
2021-04-01,Madera,039,155013,16180,16023,898,16921,230
2021-04-01,Marin,041,260295,13680,13635,224,13859,221
2021-04-01,Mariposa,043,17540,393,389,5,394,5
2021-04-01,Mendocino,045,87422,3760,3680,69,3749,45
2021-04-01,Merced,047,269075,29958,29820,949,30769,425
2021-04-01,Modoc,049,8938,356,346,120,466,3
2021-04-01,Mono,051,14174,1232,1245,15,1260,3
2021-04-01,Monterey,053,433212,42586,42324,1796,44120,339
2021-04-01,Napa,055,140530,9496,9410,34,9444,78
2021-04-01,Nevada,057,99092,4380,4288,184,4472,68
2021-04-01,Orange,059,3164182,251747,249617,10837,260454,4742
2021-04-01,Placer,061,380077,21719,20909,1276,22185,274
2021-04-01,Plumas,063,18699,672,664,10,674,4
2021-04-01,Riverside,065,2383286,289463,283128,13665,296793,4193
2021-04-01,Sacramento,067,1510023,99532,97952,1455,99407,1521
2021-04-01,San Benito,069,59416,5893,5878,96,5974,61
2021-04-01,San Bernardino,071,2135413,289501,286086,8785,294871,4404
2021-04-01,San Diego,073,3302833,271750,270540,13624,284164,3555
2021-04-01,San Francisco,075,870044,35456,35386,1224,36610,488
2021-04-01,San Joaquin,077,732212,70050,68802,3230,72032,1262
2021-04-01,San Luis Obispo,079,281455,20515,20235,637,20872,252
2021-04-01,San Mateo,081,765935,40948,40454,432,40886,350
2021-04-01,Santa Barbara,083,443738,34053,33096,1164,34260,443
2021-04-01,Santa Clara,085,1922200,114582,114606,660,115266,1874
2021-04-01,Santa Cruz,087,273765,15865,15271,811,16082,202
2021-04-01,Shasta,089,179085,11391,11355,1373,12728,181
2021-04-01,Sierra,091,2930,55,50,12,62,0
2021-04-01,Siskiyou,093,43540,1571,1507,264,1771,7
2021-04-01,Solano,095,438530,31018,30850,417,31267,237
2021-04-01,Sonoma,097,501317,29170,29241,273,29514,311
2021-04-01,Stanislaus,099,539301,53385,52825,5656,58481,687
2021-04-01,Sutter,101,95872,9187,9105,84,9189,106
2021-04-01,Tehama,103,63373,4808,4764,524,5288,52
2021-04-01,Trinity,105,12862,479,319,84,403,3
2021-04-01,Tulare,107,460477,49341,48279,8706,56985,817
2021-04-01,Tuolumne,109,53932,3980,3978,35,4013,57
2021-04-01,Ventura,111,848112,80025,79369,2898,82267,977
2021-04-01,Yolo,113,214977,13377,13342,250,13592,197
2021-04-01,Yuba,115,75493,5751,5694,113,5807,44
2021-03-31,Alameda,001,1643700,84108,83475,1827,85302,1215
2021-03-31,Alpine,003,1148,85,85,0,85,0
2021-03-31,Amador,005,37829,3587,3556,32,3588,45
2021-03-31,Butte,007,227075,11715,11321,1688,13009,193
2021-03-31,Calaveras,009,45235,2010,2005,12,2017,50
2021-03-31,Colusa,011,21464,1893,1890,276,2166,14
2021-03-31,Contra Costa,013,1133247,65990,65109,1145,66254,769
2021-03-31,Del Norte,015,27424,1202,1129,11,1140,6
2021-03-31,El Dorado,017,186661,9491,9390,622,10012,106
2021-03-31,Fresno,019,978130,100108,99240,8341,107581,1616
2021-03-31,Glenn,021,27897,2350,2318,531,2849,17
2021-03-31,Humboldt,023,135768,3467,3460,25,3485,35
2021-03-31,Imperial,025,180216,27687,27506,2641,30147,710
2021-03-31,Inyo,027,18085,1376,1373,9,1382,35
2021-03-31,Kern,029,883053,95526,94205,10363,104568,1229
2021-03-31,Kings,031,150075,22803,22540,1044,23584,239
2021-03-31,Lake,033,64148,3364,3332,8,3340,43
2021-03-31,Lassen,035,31185,5140,5132,103,5235,1
2021-03-31,Los Angeles,037,10098052,1188293,1180538,40589,1221127,23171
2021-03-31,Madera,039,155013,16166,16015,897,16912,229
2021-03-31,Marin,041,260295,13669,13624,224,13848,221
2021-03-31,Mariposa,043,17540,393,389,5,394,5
2021-03-31,Mendocino,045,87422,3754,3675,69,3744,45
2021-03-31,Merced,047,269075,29929,29780,949,30729,423
2021-03-31,Modoc,049,8938,356,346,120,466,3
2021-03-31,Mono,051,14174,1232,1245,15,1260,3
2021-03-31,Monterey,053,433212,42569,42309,1794,44103,338
2021-03-31,Napa,055,140530,9478,9401,34,9435,78
2021-03-31,Nevada,057,99092,4374,4283,184,4467,68
2021-03-31,Orange,059,3164182,251636,249518,10822,260340,4731
2021-03-31,Placer,061,380077,21669,20885,1269,22154,271
2021-03-31,Plumas,063,18699,671,663,10,673,4
2021-03-31,Riverside,065,2383286,289361,283006,13655,296661,4171
2021-03-31,Sacramento,067,1510023,99356,97760,1448,99208,1519
2021-03-31,San Benito,069,59416,5883,5875,96,5971,61
2021-03-31,San Bernardino,071,2135413,289407,285916,8782,294698,4356
2021-03-31,San Diego,073,3302833,271519,270288,13589,283877,3555
2021-03-31,San Francisco,075,870044,35412,35347,1223,36570,474
2021-03-31,San Joaquin,077,732212,69961,68685,3214,71899,1259
2021-03-31,San Luis Obispo,079,281455,20494,20215,636,20851,251
2021-03-31,San Mateo,081,765935,40918,40423,432,40855,350
2021-03-31,Santa Barbara,083,443738,34022,33052,1162,34214,443
2021-03-31,Santa Clara,085,1922200,114455,114499,660,115159,1874
2021-03-31,Santa Cruz,087,273765,15852,15295,810,16105,201
2021-03-31,Shasta,089,179085,11379,11327,1365,12692,179
2021-03-31,Sierra,091,2930,55,50,12,62,0
2021-03-31,Siskiyou,093,43540,1570,1505,264,1769,7
2021-03-31,Solano,095,438530,30972,30824,416,31240,235
2021-03-31,Sonoma,097,501317,29143,29216,273,29489,311
2021-03-31,Stanislaus,099,539301,53317,52782,5644,58426,687
2021-03-31,Sutter,101,95872,9176,9111,84,9195,106
2021-03-31,Tehama,103,63373,4803,4762,521,5283,52
2021-03-31,Trinity,105,12862,479,319,84,403,3
2021-03-31,Tulare,107,460477,49321,48261,8690,56951,816
2021-03-31,Tuolumne,109,53932,3980,3976,35,4011,57
2021-03-31,Ventura,111,848112,79993,79326,2894,82220,969
2021-03-31,Yolo,113,214977,13360,13359,249,13608,197
2021-03-31,Yuba,115,75493,5744,5686,113,5799,44
2021-03-30,Alameda,001,1643700,84008,83395,1824,85219,1211
2021-03-30,Alpine,003,1148,85,85,0,85,0
2021-03-30,Amador,005,37829,3584,3551,32,3583,45
2021-03-30,Butte,007,227075,11703,11296,1685,12981,193
2021-03-30,Calaveras,009,45235,2004,1997,12,2009,50
2021-03-30,Colusa,011,21464,1892,1890,275,2165,14
2021-03-30,Contra Costa,013,1133247,65902,65041,1143,66184,767
2021-03-30,Del Norte,015,27424,1194,1118,10,1128,6
2021-03-30,El Dorado,017,186661,9472,9381,619,10000,105
2021-03-30,Fresno,019,978130,100045,99156,8329,107485,1609
2021-03-30,Glenn,021,27897,2350,2310,530,2840,17
2021-03-30,Humboldt,023,135768,3465,3461,25,3486,35
2021-03-30,Imperial,025,180216,27658,27471,2639,30110,706
2021-03-30,Inyo,027,18085,1376,1374,9,1383,35
2021-03-30,Kern,029,883053,95484,94151,10354,104505,1221
2021-03-30,Kings,031,150075,22799,22530,1042,23572,238
2021-03-30,Lake,033,64148,3358,3330,8,3338,43
2021-03-30,Lassen,035,31185,5140,5132,103,5235,1
2021-03-30,Los Angeles,037,10098052,1187800,1180044,40567,1220611,23136
2021-03-30,Madera,039,155013,16156,16003,893,16896,229
2021-03-30,Marin,041,260295,13660,13611,216,13827,221
2021-03-30,Mariposa,043,17540,393,388,5,393,5
2021-03-30,Mendocino,045,87422,3752,3670,69,3739,45
2021-03-30,Merced,047,269075,29893,29731,949,30680,423
2021-03-30,Modoc,049,8938,355,346,120,466,3
2021-03-30,Mono,051,14174,1231,1245,15,1260,3
2021-03-30,Monterey,053,433212,42543,42308,1791,44099,338
2021-03-30,Napa,055,140530,9463,9391,34,9425,78
2021-03-30,Nevada,057,99092,4362,4266,183,4449,68
2021-03-30,Orange,059,3164182,251507,249412,10795,260207,4727
2021-03-30,Placer,061,380077,21629,20866,1263,22129,271
2021-03-30,Plumas,063,18699,671,661,10,671,4
2021-03-30,Riverside,065,2383286,289236,282930,13646,296576,4154
2021-03-30,Sacramento,067,1510023,99219,97718,1444,99162,1516
2021-03-30,San Benito,069,59416,5877,5870,96,5966,61
2021-03-30,San Bernardino,071,2135413,289299,285758,8773,294531,4343
2021-03-30,San Diego,073,3302833,271282,269998,13551,283549,3555
2021-03-30,San Francisco,075,870044,35362,35325,1222,36547,474
2021-03-30,San Joaquin,077,732212,69873,68613,3204,71817,1232
2021-03-30,San Luis Obispo,079,281455,20474,20194,636,20830,251
2021-03-30,San Mateo,081,765935,40873,40377,432,40809,349
2021-03-30,Santa Barbara,083,443738,33996,33016,1162,34178,441
2021-03-30,Santa Clara,085,1922200,114332,114413,659,115072,1873
2021-03-30,Santa Cruz,087,273765,15846,15278,810,16088,201
2021-03-30,Shasta,089,179085,11371,11316,1364,12680,184
2021-03-30,Sierra,091,2930,55,50,12,62,0
2021-03-30,Siskiyou,093,43540,1569,1501,264,1765,7
2021-03-30,Solano,095,438530,30942,30802,415,31217,232
2021-03-30,Sonoma,097,501317,29111,29198,273,29471,311
2021-03-30,Stanislaus,099,539301,53239,52690,5636,58326,677
2021-03-30,Sutter,101,95872,9172,9107,83,9190,106
2021-03-30,Tehama,103,63373,4794,4748,520,5268,52
2021-03-30,Trinity,105,12862,479,316,84,400,3
2021-03-30,Tulare,107,460477,49307,48249,8681,56930,815
2021-03-30,Tuolumne,109,53932,3975,3972,35,4007,57
2021-03-30,Ventura,111,848112,79949,79282,2891,82173,958
2021-03-30,Yolo,113,214977,13348,13353,249,13602,195
2021-03-30,Yuba,115,75493,5733,5679,107,5786,42
2021-03-29,Alameda,001,1643700,83908,83338,1822,85160,1211
2021-03-29,Alpine,003,1148,85,85,0,85,0
2021-03-29,Amador,005,37829,3578,3549,32,3581,45
2021-03-29,Butte,007,227075,11694,11291,1682,12973,191
2021-03-29,Calaveras,009,45235,2003,1998,12,2010,50
2021-03-29,Colusa,011,21464,1892,1889,274,2163,14
2021-03-29,Contra Costa,013,1133247,65833,64971,1142,66113,767
2021-03-29,Del Norte,015,27424,1189,1116,9,1125,6
2021-03-29,El Dorado,017,186661,9452,9374,613,9987,105
2021-03-29,Fresno,019,978130,99962,99085,8314,107399,1606
2021-03-29,Glenn,021,27897,2344,2310,530,2840,17
2021-03-29,Humboldt,023,135768,3460,3459,25,3484,34
2021-03-29,Imperial,025,180216,27638,27442,2636,30078,704
2021-03-29,Inyo,027,18085,1376,1372,9,1381,35
2021-03-29,Kern,029,883053,95436,94098,10334,104432,1220
2021-03-29,Kings,031,150075,22787,22522,1041,23563,238
2021-03-29,Lake,033,64148,3355,3325,8,3333,43
2021-03-29,Lassen,035,31185,5140,5131,103,5234,1
2021-03-29,Los Angeles,037,10098052,1187307,1179736,40527,1220263,23108
2021-03-29,Madera,039,155013,16136,15987,891,16878,210
2021-03-29,Marin,041,260295,13648,13600,212,13812,220
2021-03-29,Mariposa,043,17540,392,388,5,393,5
2021-03-29,Mendocino,045,87422,3749,3667,69,3736,45
2021-03-29,Merced,047,269075,29869,29699,949,30648,422
2021-03-29,Modoc,049,8938,354,344,120,464,3
2021-03-29,Mono,051,14174,1230,1243,15,1258,3
2021-03-29,Monterey,053,433212,42527,42305,1786,44091,337
2021-03-29,Napa,055,140530,9447,9379,34,9413,78
2021-03-29,Nevada,057,99092,4355,4258,183,4441,68
2021-03-29,Orange,059,3164182,251395,249295,10783,260078,4713
2021-03-29,Placer,061,380077,21594,20827,1256,22083,267
2021-03-29,Plumas,063,18699,670,660,10,670,4
2021-03-29,Riverside,065,2383286,289133,282867,13645,296512,4133
2021-03-29,Sacramento,067,1510023,99025,97577,1436,99013,1514
2021-03-29,San Benito,069,59416,5870,5865,96,5961,61
2021-03-29,San Bernardino,071,2135413,289203,285615,8769,294384,4335
2021-03-29,San Diego,073,3302833,271016,269771,13525,283296,3547
2021-03-29,San Francisco,075,870044,35327,35291,1219,36510,474
2021-03-29,San Joaquin,077,732212,69787,68537,3191,71728,1211
2021-03-29,San Luis Obispo,079,281455,20439,20176,635,20811,250
2021-03-29,San Mateo,081,765935,40831,40357,431,40788,348
2021-03-29,Santa Barbara,083,443738,33962,32983,1161,34144,439
2021-03-29,Santa Clara,085,1922200,114224,114335,654,114989,1871
2021-03-29,Santa Cruz,087,273765,15835,15249,809,16058,201
2021-03-29,Shasta,089,179085,11353,11313,1362,12675,183
2021-03-29,Sierra,091,2930,55,50,12,62,0
2021-03-29,Siskiyou,093,43540,1568,1497,263,1760,6
2021-03-29,Solano,095,438530,30903,30762,413,31175,232
2021-03-29,Sonoma,097,501317,29088,29184,270,29454,310
2021-03-29,Stanislaus,099,539301,53155,52614,5628,58242,677
2021-03-29,Sutter,101,95872,9165,9105,83,9188,106
2021-03-29,Tehama,103,63373,4786,4742,519,5261,52
2021-03-29,Trinity,105,12862,479,314,84,398,3
2021-03-29,Tulare,107,460477,49279,48226,8670,56896,815
2021-03-29,Tuolumne,109,53932,3973,3969,35,4004,57
2021-03-29,Ventura,111,848112,79907,79252,2891,82143,956
2021-03-29,Yolo,113,214977,13330,13346,249,13595,195
2021-03-29,Yuba,115,75493,5726,5671,106,5777,42
2021-03-28,Alameda,001,1643700,83787,83239,1820,85059,1212
2021-03-28,Alpine,003,1148,85,85,0,85,0
2021-03-28,Amador,005,37829,3574,3541,32,3573,45
2021-03-28,Butte,007,227075,11681,11285,1680,12965,191
2021-03-28,Calaveras,009,45235,2001,1995,12,2007,50
2021-03-28,Colusa,011,21464,1891,1889,274,2163,14
2021-03-28,Contra Costa,013,1133247,65759,64878,1138,66016,767
2021-03-28,Del Norte,015,27424,1182,1107,7,1114,6
2021-03-28,El Dorado,017,186661,9437,9371,611,9982,105
2021-03-28,Fresno,019,978130,99880,99004,8302,107306,1606
2021-03-28,Glenn,021,27897,2341,2309,528,2837,17
2021-03-28,Humboldt,023,135768,3457,3452,24,3476,34
2021-03-28,Imperial,025,180216,27611,27426,2633,30059,704
2021-03-28,Inyo,027,18085,1375,1372,9,1381,35
2021-03-28,Kern,029,883053,95391,94084,10323,104407,1219
2021-03-28,Kings,031,150075,22782,22514,1037,23551,238
2021-03-28,Lake,033,64148,3350,3320,8,3328,43
2021-03-28,Lassen,035,31185,5140,5131,102,5233,1
2021-03-28,Los Angeles,037,10098052,1186758,1179316,40468,1219784,23101
2021-03-28,Madera,039,155013,16121,15973,890,16863,210
2021-03-28,Marin,041,260295,13635,13594,210,13804,221
2021-03-28,Mariposa,043,17540,392,388,5,393,5
2021-03-28,Mendocino,045,87422,3747,3666,69,3735,45
2021-03-28,Merced,047,269075,29812,29679,949,30628,422
2021-03-28,Modoc,049,8938,354,344,120,464,3
2021-03-28,Mono,051,14174,1229,1242,15,1257,3
2021-03-28,Monterey,053,433212,42504,42294,1782,44076,337
2021-03-28,Napa,055,140530,9433,9368,34,9402,78
2021-03-28,Nevada,057,99092,4341,4239,183,4422,68
2021-03-28,Orange,059,3164182,251240,249238,10773,260011,4713
2021-03-28,Placer,061,380077,21550,20796,1250,22046,267
2021-03-28,Plumas,063,18699,668,657,10,667,4
2021-03-28,Riverside,065,2383286,289019,282811,13637,296448,4132
2021-03-28,Sacramento,067,1510023,98850,97425,1430,98855,1514
2021-03-28,San Benito,069,59416,5865,5862,96,5958,61
2021-03-28,San Bernardino,071,2135413,289083,285570,8760,294330,4332
2021-03-28,San Diego,073,3302833,270742,269476,13497,282973,3547
2021-03-28,San Francisco,075,870044,35281,35286,1215,36501,474
2021-03-28,San Joaquin,077,732212,69662,68459,3172,71631,1211
2021-03-28,San Luis Obispo,079,281455,20404,20172,632,20804,250
2021-03-28,San Mateo,081,765935,40786,40305,431,40736,348
2021-03-28,Santa Barbara,083,443738,33920,32953,1160,34113,439
2021-03-28,Santa Clara,085,1922200,114124,114232,650,114882,1871
2021-03-28,Santa Cruz,087,273765,15821,15238,808,16046,201
2021-03-28,Shasta,089,179085,11327,11308,1351,12659,183
2021-03-28,Sierra,091,2930,55,50,12,62,0
2021-03-28,Siskiyou,093,43540,1568,1497,262,1759,6
2021-03-28,Solano,095,438530,30866,30719,411,31130,232
2021-03-28,Sonoma,097,501317,29052,29161,268,29429,310
2021-03-28,Stanislaus,099,539301,53067,52567,5613,58180,678
2021-03-28,Sutter,101,95872,9156,9094,83,9177,106
2021-03-28,Tehama,103,63373,4776,4740,516,5256,52
2021-03-28,Trinity,105,12862,477,314,83,397,3
2021-03-28,Tulare,107,460477,49250,48218,8664,56882,815
2021-03-28,Tuolumne,109,53932,3971,3969,34,4003,57
2021-03-28,Ventura,111,848112,79856,79222,2886,82108,956
2021-03-28,Yolo,113,214977,13312,13325,248,13573,194
2021-03-28,Yuba,115,75493,5722,5662,106,5768,42
2021-03-27,Alameda,001,1643700,83716,83169,1816,84985,1211
2021-03-27,Alpine,003,1148,85,85,0,85,0
2021-03-27,Amador,005,37829,3569,3538,32,3570,45
2021-03-27,Butte,007,227075,11674,11278,1679,12957,191
2021-03-27,Calaveras,009,45235,1998,1992,12,2004,50
2021-03-27,Colusa,011,21464,1891,1889,274,2163,14
2021-03-27,Contra Costa,013,1133247,65689,64804,1135,65939,767
2021-03-27,Del Norte,015,27424,1172,1104,7,1111,6
2021-03-27,El Dorado,017,186661,9423,9367,611,9978,105
2021-03-27,Fresno,019,978130,99828,98901,8296,107197,1606
2021-03-27,Glenn,021,27897,2340,2308,528,2836,17
2021-03-27,Humboldt,023,135768,3452,3442,24,3466,34
2021-03-27,Imperial,025,180216,27599,27406,2630,30036,704
2021-03-27,Inyo,027,18085,1373,1372,9,1381,35
2021-03-27,Kern,029,883053,95371,94041,10311,104352,1217
2021-03-27,Kings,031,150075,22779,22502,1037,23539,238
2021-03-27,Lake,033,64148,3348,3317,8,3325,43
2021-03-27,Lassen,035,31185,5140,5129,102,5231,1
2021-03-27,Los Angeles,037,10098052,1186445,1178831,40440,1219271,23103
2021-03-27,Madera,039,155013,16114,15968,888,16856,210
2021-03-27,Marin,041,260295,13630,13579,210,13789,222
2021-03-27,Mariposa,043,17540,392,386,5,391,5
2021-03-27,Mendocino,045,87422,3746,3666,69,3735,45
2021-03-27,Merced,047,269075,29779,29647,947,30594,422
2021-03-27,Modoc,049,8938,354,344,120,464,3
2021-03-27,Mono,051,14174,1227,1241,15,1256,3
2021-03-27,Monterey,053,433212,42494,42271,1782,44053,337
2021-03-27,Napa,055,140530,9421,9360,34,9394,78
2021-03-27,Nevada,057,99092,4331,4231,183,4414,68
2021-03-27,Orange,059,3164182,251146,249160,10757,259917,4698
2021-03-27,Placer,061,380077,21530,20717,1243,21960,267
2021-03-27,Plumas,063,18699,667,655,10,665,4
2021-03-27,Riverside,065,2383286,288957,282707,13629,296336,4132
2021-03-27,Sacramento,067,1510023,98760,97247,1428,98675,1513
2021-03-27,San Benito,069,59416,5863,5862,94,5956,61
2021-03-27,San Bernardino,071,2135413,289021,285480,8758,294238,4325
2021-03-27,San Diego,073,3302833,270572,269271,13475,282746,3540
2021-03-27,San Francisco,075,870044,35257,35244,1213,36457,474
2021-03-27,San Joaquin,077,732212,69602,68365,3164,71529,1211
2021-03-27,San Luis Obispo,079,281455,20393,20153,629,20782,250
2021-03-27,San Mateo,081,765935,40763,40264,431,40695,348
2021-03-27,Santa Barbara,083,443738,33897,32921,1160,34081,439
2021-03-27,Santa Clara,085,1922200,114028,114124,648,114772,1871
2021-03-27,Santa Cruz,087,273765,15815,15215,808,16023,201
2021-03-27,Shasta,089,179085,11316,11288,1349,12637,183
2021-03-27,Sierra,091,2930,55,50,12,62,0
2021-03-27,Siskiyou,093,43540,1568,1497,262,1759,6
2021-03-27,Solano,095,438530,30838,30669,410,31079,232
2021-03-27,Sonoma,097,501317,29037,29133,266,29399,310
2021-03-27,Stanislaus,099,539301,53003,52497,5605,58102,678
2021-03-27,Sutter,101,95872,9148,9093,83,9176,106
2021-03-27,Tehama,103,63373,4770,4738,514,5252,52
2021-03-27,Trinity,105,12862,477,313,83,396,3
2021-03-27,Tulare,107,460477,49234,48203,8656,56859,813
2021-03-27,Tuolumne,109,53932,3968,3968,34,4002,57
2021-03-27,Ventura,111,848112,79829,79184,2884,82068,956
2021-03-27,Yolo,113,214977,13307,13317,247,13564,194
2021-03-27,Yuba,115,75493,5720,5657,106,5763,42
2021-03-26,Alameda,001,1643700,83654,83043,1814,84857,1208
2021-03-26,Alpine,003,1148,85,85,0,85,0
2021-03-26,Amador,005,37829,3564,3532,32,3564,45
2021-03-26,Butte,007,227075,11664,11278,1679,12957,191
2021-03-26,Calaveras,009,45235,1997,1989,12,2001,50
2021-03-26,Colusa,011,21464,1891,1889,274,2163,14
2021-03-26,Contra Costa,013,1133247,65629,64699,1133,65832,761
2021-03-26,Del Norte,015,27424,1169,1101,7,1108,6
2021-03-26,El Dorado,017,186661,9418,9353,611,9964,105
2021-03-26,Fresno,019,978130,99766,98731,8286,107017,1601
2021-03-26,Glenn,021,27897,2340,2307,527,2834,17
2021-03-26,Humboldt,023,135768,3450,3431,24,3455,34
2021-03-26,Imperial,025,180216,27575,27374,2630,30004,701
2021-03-26,Inyo,027,18085,1372,1369,9,1378,35
2021-03-26,Kern,029,883053,95345,93949,10305,104254,1211
2021-03-26,Kings,031,150075,22771,22493,1035,23528,239
2021-03-26,Lake,033,64148,3347,3314,8,3322,43
2021-03-26,Lassen,035,31185,5139,5131,102,5233,1
2021-03-26,Los Angeles,037,10098052,1186109,1178213,40426,1218639,23080
2021-03-26,Madera,039,155013,16104,15952,888,16840,210
2021-03-26,Marin,041,260295,13624,13553,205,13758,221
2021-03-26,Mariposa,043,17540,392,386,5,391,5
2021-03-26,Mendocino,045,87422,3745,3664,69,3733,45
2021-03-26,Merced,047,269075,29756,29613,945,30558,419
2021-03-26,Modoc,049,8938,354,344,120,464,3
2021-03-26,Mono,051,14174,1226,1236,15,1251,3
2021-03-26,Monterey,053,433212,42481,42241,1778,44019,338
2021-03-26,Napa,055,140530,9411,9349,34,9383,78
2021-03-26,Nevada,057,99092,4311,4222,183,4405,83
2021-03-26,Orange,059,3164182,251083,248995,10743,259738,4671
2021-03-26,Placer,061,380077,21503,20679,1241,21920,259
2021-03-26,Plumas,063,18699,666,654,10,664,4
2021-03-26,Riverside,065,2383286,288879,282602,13623,296225,4109
2021-03-26,Sacramento,067,1510023,98660,97040,1423,98463,1509
2021-03-26,San Benito,069,59416,5860,5855,94,5949,61
2021-03-26,San Bernardino,071,2135413,288965,285313,8756,294069,4288
2021-03-26,San Diego,073,3302833,270394,269045,13449,282494,3525
2021-03-26,San Francisco,075,870044,35231,35186,1213,36399,472
2021-03-26,San Joaquin,077,732212,69539,68249,3160,71409,1202
2021-03-26,San Luis Obispo,079,281455,20380,20118,629,20747,250
2021-03-26,San Mateo,081,765935,40728,40199,431,40630,348
2021-03-26,Santa Barbara,083,443738,33867,32895,1159,34054,439
2021-03-26,Santa Clara,085,1922200,113930,113959,647,114606,1868
2021-03-26,Santa Cruz,087,273765,15800,15199,807,16006,201
2021-03-26,Shasta,089,179085,11307,11276,1343,12619,182
2021-03-26,Sierra,091,2930,55,50,12,62,0
2021-03-26,Siskiyou,093,43540,1568,1493,261,1754,6
2021-03-26,Solano,095,438530,30813,30640,410,31050,205
2021-03-26,Sonoma,097,501317,29021,29101,263,29364,310
2021-03-26,Stanislaus,099,539301,52935,52420,5601,58021,678
2021-03-26,Sutter,101,95872,9145,9082,83,9165,104
2021-03-26,Tehama,103,63373,4769,4722,513,5235,51
2021-03-26,Trinity,105,12862,477,311,83,394,3
2021-03-26,Tulare,107,460477,49219,48179,8648,56827,813
2021-03-26,Tuolumne,109,53932,3967,3965,34,3999,57
2021-03-26,Ventura,111,848112,79795,79122,2882,82004,953
2021-03-26,Yolo,113,214977,13300,13299,245,13544,194
2021-03-26,Yuba,115,75493,5710,5653,106,5759,42
2021-03-25,Alameda,001,1643700,83560,82945,1812,84757,1206
2021-03-25,Alpine,003,1148,85,84,0,84,0
2021-03-25,Amador,005,37829,3562,3530,32,3562,45
2021-03-25,Butte,007,227075,11654,11270,1679,12949,188
2021-03-25,Calaveras,009,45235,1996,1982,12,1994,50
2021-03-25,Colusa,011,21464,1891,1888,274,2162,14
2021-03-25,Contra Costa,013,1133247,65562,64606,1129,65735,757
2021-03-25,Del Norte,015,27424,1163,1095,7,1102,6
2021-03-25,El Dorado,017,186661,9408,9331,611,9942,105
2021-03-25,Fresno,019,978130,99647,98602,8273,106875,1593
2021-03-25,Glenn,021,27897,2339,2302,526,2828,17
2021-03-25,Humboldt,023,135768,3445,3423,24,3447,34
2021-03-25,Imperial,025,180216,27558,27352,2629,29981,699
2021-03-25,Inyo,027,18085,1372,1369,9,1378,35
2021-03-25,Kern,029,883053,95313,93857,10299,104156,1206
2021-03-25,Kings,031,150075,22761,22472,1035,23507,237
2021-03-25,Lake,033,64148,3342,3312,8,3320,43
2021-03-25,Lassen,035,31185,5139,5129,102,5231,1
2021-03-25,Los Angeles,037,10098052,1185680,1177490,40391,1217881,23051
2021-03-25,Madera,039,155013,16085,15937,886,16823,210
2021-03-25,Marin,041,260295,13615,13538,202,13740,219
2021-03-25,Mariposa,043,17540,392,386,5,391,5
2021-03-25,Mendocino,045,87422,3744,3664,69,3733,45
2021-03-25,Merced,047,269075,29721,29576,937,30513,416
2021-03-25,Modoc,049,8938,354,343,120,463,3
2021-03-25,Mono,051,14174,1226,1235,15,1250,3
2021-03-25,Monterey,053,433212,42460,42220,1773,43993,336
2021-03-25,Napa,055,140530,9392,9321,34,9355,78
2021-03-25,Nevada,057,99092,4293,4202,181,4383,84
2021-03-25,Orange,059,3164182,250969,248871,10723,259594,4655
2021-03-25,Placer,061,380077,21462,20639,1234,21873,252
2021-03-25,Plumas,063,18699,666,654,10,664,4
2021-03-25,Riverside,065,2383286,288782,282492,13612,296104,4078
2021-03-25,Sacramento,067,1510023,98515,96823,1420,98243,1505
2021-03-25,San Benito,069,59416,5857,5850,94,5944,61
2021-03-25,San Bernardino,071,2135413,288883,285134,8751,293885,4222
2021-03-25,San Diego,073,3302833,270167,268623,13418,282041,3520
2021-03-25,San Francisco,075,870044,35192,35154,1211,36365,468
2021-03-25,San Joaquin,077,732212,69442,68089,3121,71210,1196
2021-03-25,San Luis Obispo,079,281455,20362,20076,629,20705,250
2021-03-25,San Mateo,081,765935,40688,40147,431,40578,348
2021-03-25,Santa Barbara,083,443738,33837,32857,1159,34016,439
2021-03-25,Santa Clara,085,1922200,113826,113877,645,114522,1868
2021-03-25,Santa Cruz,087,273765,15779,15170,807,15977,201
2021-03-25,Shasta,089,179085,11290,11262,1340,12602,181
2021-03-25,Sierra,091,2930,55,50,12,62,0
2021-03-25,Siskiyou,093,43540,1566,1491,260,1751,6
2021-03-25,Solano,095,438530,30752,30583,408,30991,193
2021-03-25,Sonoma,097,501317,28986,29060,259,29319,310
2021-03-25,Stanislaus,099,539301,52868,52321,5594,57915,678
2021-03-25,Sutter,101,95872,9136,9069,83,9152,104
2021-03-25,Tehama,103,63373,4767,4719,512,5231,52
2021-03-25,Trinity,105,12862,477,310,83,393,3
2021-03-25,Tulare,107,460477,49192,48148,8635,56783,811
2021-03-25,Tuolumne,109,53932,3966,3962,34,3996,57
2021-03-25,Ventura,111,848112,79754,79045,2878,81923,952
2021-03-25,Yolo,113,214977,13294,13287,245,13532,194
2021-03-25,Yuba,115,75493,5704,5647,100,5747,42
2021-03-24,Alameda,001,1643700,83463,82871,1809,84680,1199
2021-03-24,Alpine,003,1148,85,84,0,84,0
2021-03-24,Amador,005,37829,3556,3529,32,3561,45
2021-03-24,Butte,007,227075,11644,11252,1675,12927,187
2021-03-24,Calaveras,009,45235,1993,1975,12,1987,50
2021-03-24,Colusa,011,21464,1891,1886,274,2160,14
2021-03-24,Contra Costa,013,1133247,65482,64539,1128,65667,755
2021-03-24,Del Norte,015,27424,1158,1087,7,1094,6
2021-03-24,El Dorado,017,186661,9402,9319,610,9929,105
2021-03-24,Fresno,019,978130,99556,98437,8258,106695,1585
2021-03-24,Glenn,021,27897,2338,2297,525,2822,17
2021-03-24,Humboldt,023,135768,3442,3414,24,3438,34
2021-03-24,Imperial,025,180216,27549,27325,2628,29953,699
2021-03-24,Inyo,027,18085,1372,1368,9,1377,35
2021-03-24,Kern,029,883053,95265,93800,10290,104090,1198
2021-03-24,Kings,031,150075,22746,22456,1033,23489,237
2021-03-24,Lake,033,64148,3338,3307,8,3315,43
2021-03-24,Lassen,035,31185,5137,5130,101,5231,1
2021-03-24,Los Angeles,037,10098052,1185205,1177015,40355,1217370,22993
2021-03-24,Madera,039,155013,16076,15918,885,16803,210
2021-03-24,Marin,041,260295,13601,13526,200,13726,219
2021-03-24,Mariposa,043,17540,392,384,5,389,5
2021-03-24,Mendocino,045,87422,3741,3660,69,3729,45
2021-03-24,Merced,047,269075,29679,29525,937,30462,415
2021-03-24,Modoc,049,8938,353,341,120,461,3
2021-03-24,Mono,051,14174,1225,1243,15,1258,3
2021-03-24,Monterey,053,433212,42438,42201,1770,43971,335
2021-03-24,Napa,055,140530,9372,9310,34,9344,78
2021-03-24,Nevada,057,99092,4279,4191,180,4371,85
2021-03-24,Orange,059,3164182,250852,248775,10705,259480,4638
2021-03-24,Placer,061,380077,21431,20606,1226,21832,250
2021-03-24,Plumas,063,18699,664,652,10,662,4
2021-03-24,Riverside,065,2383286,288698,282410,13609,296019,4058
2021-03-24,Sacramento,067,1510023,98340,96628,1408,98036,1500
2021-03-24,San Benito,069,59416,5856,5847,94,5941,61
2021-03-24,San Bernardino,071,2135413,288798,284983,8749,293732,4170
2021-03-24,San Diego,073,3302833,269952,268413,13390,281803,3509
2021-03-24,San Francisco,075,870044,35165,35103,1208,36311,462
2021-03-24,San Joaquin,077,732212,69371,67978,3109,71087,1196
2021-03-24,San Luis Obispo,079,281455,20332,20021,628,20649,250
2021-03-24,San Mateo,081,765935,40638,40083,431,40514,348
2021-03-24,Santa Barbara,083,443738,33809,32810,1159,33969,438
2021-03-24,Santa Clara,085,1922200,113710,113757,642,114399,1851
2021-03-24,Santa Cruz,087,273765,15765,15138,806,15944,202
2021-03-24,Shasta,089,179085,11271,11243,1338,12581,181
2021-03-24,Sierra,091,2930,55,50,12,62,0
2021-03-24,Siskiyou,093,43540,1564,1490,260,1750,6
2021-03-24,Solano,095,438530,30715,30552,407,30959,178
2021-03-24,Sonoma,097,501317,28966,29034,255,29289,310
2021-03-24,Stanislaus,099,539301,52792,52259,5585,57844,677
2021-03-24,Sutter,101,95872,9120,9049,83,9132,104
2021-03-24,Tehama,103,63373,4761,4719,511,5230,49
2021-03-24,Trinity,105,12862,476,310,83,393,3
2021-03-24,Tulare,107,460477,49181,48109,8622,56731,808
2021-03-24,Tuolumne,109,53932,3965,3961,34,3995,57
2021-03-24,Ventura,111,848112,79702,78993,2871,81864,944
2021-03-24,Yolo,113,214977,13283,13269,245,13514,194
2021-03-24,Yuba,115,75493,5698,5634,97,5731,42
2021-03-23,Alameda,001,1643700,83360,82799,1805,84604,1190
2021-03-23,Alpine,003,1148,85,84,0,84,0
2021-03-23,Amador,005,37829,3550,3524,32,3556,45
2021-03-23,Butte,007,227075,11632,11227,1674,12901,187
2021-03-23,Calaveras,009,45235,1991,1971,12,1983,50
2021-03-23,Colusa,011,21464,1889,1885,273,2158,14
2021-03-23,Contra Costa,013,1133247,65383,64491,1127,65618,750
2021-03-23,Del Norte,015,27424,1153,1082,7,1089,6
2021-03-23,El Dorado,017,186661,9392,9318,608,9926,105
2021-03-23,Fresno,019,978130,99442,98362,8233,106595,1575
2021-03-23,Glenn,021,27897,2333,2293,523,2816,17
2021-03-23,Humboldt,023,135768,3433,3405,24,3429,34
2021-03-23,Imperial,025,180216,27541,27320,2628,29948,699
2021-03-23,Inyo,027,18085,1370,1364,9,1373,35
2021-03-23,Kern,029,883053,95158,93728,10283,104011,1191
2021-03-23,Kings,031,150075,22735,22439,1031,23470,237
2021-03-23,Lake,033,64148,3336,3294,8,3302,43
2021-03-23,Lassen,035,31185,5137,5130,101,5231,1
2021-03-23,Los Angeles,037,10098052,1184689,1176572,40316,1216888,22904
2021-03-23,Madera,039,155013,16060,15908,884,16792,210
2021-03-23,Marin,041,260295,13578,13514,198,13712,221
2021-03-23,Mariposa,043,17540,391,384,5,389,5
2021-03-23,Mendocino,045,87422,3739,3652,69,3721,45
2021-03-23,Merced,047,269075,29647,29485,937,30422,415
2021-03-23,Modoc,049,8938,352,342,120,462,3
2021-03-23,Mono,051,14174,1224,1263,15,1278,3
2021-03-23,Monterey,053,433212,42427,42180,1768,43948,335
2021-03-23,Napa,055,140530,9347,9299,34,9333,78
2021-03-23,Nevada,057,99092,4260,4179,179,4358,89
2021-03-23,Orange,059,3164182,250727,248661,10687,259348,4626
2021-03-23,Placer,061,380077,21396,20567,1222,21789,248
2021-03-23,Plumas,063,18699,664,652,10,662,4
2021-03-23,Riverside,065,2383286,288598,282317,13602,295919,4035
2021-03-23,Sacramento,067,1510023,98148,96521,1402,97923,1496
2021-03-23,San Benito,069,59416,5851,5845,93,5938,61
2021-03-23,San Bernardino,071,2135413,288714,284875,8741,293616,4134
2021-03-23,San Diego,073,3302833,269707,268156,13358,281514,3498
2021-03-23,San Francisco,075,870044,35107,35071,1202,36273,462
2021-03-23,San Joaquin,077,732212,69275,67903,3091,70994,1182
2021-03-23,San Luis Obispo,079,281455,20292,20009,627,20636,250
2021-03-23,San Mateo,081,765935,40582,40032,430,40462,348
2021-03-23,Santa Barbara,083,443738,33771,32771,1158,33929,438
2021-03-23,Santa Clara,085,1922200,113593,113645,639,114284,1848
2021-03-23,Santa Cruz,087,273765,15750,15106,806,15912,201
2021-03-23,Shasta,089,179085,11258,11234,1337,12571,175
2021-03-23,Sierra,091,2930,55,50,12,62,0
2021-03-23,Siskiyou,093,43540,1559,1485,258,1743,6
2021-03-23,Solano,095,438530,30674,30524,406,30930,178
2021-03-23,Sonoma,097,501317,28929,29020,254,29274,310
2021-03-23,Stanislaus,099,539301,52692,52148,5577,57725,677
2021-03-23,Sutter,101,95872,9112,9039,83,9122,104
2021-03-23,Tehama,103,63373,4750,4707,510,5217,46
2021-03-23,Trinity,105,12862,476,310,83,393,3
2021-03-23,Tulare,107,460477,49154,48095,8605,56700,808
2021-03-23,Tuolumne,109,53932,3962,3957,34,3991,57
2021-03-23,Ventura,111,848112,79641,78930,2868,81798,932
2021-03-23,Yolo,113,214977,13272,13255,245,13500,194
2021-03-23,Yuba,115,75493,5693,5628,97,5725,42
2021-03-22,Alameda,001,1643700,83267,82748,1799,84547,1189
2021-03-22,Alpine,003,1148,84,83,0,83,0
2021-03-22,Amador,005,37829,3542,3522,32,3554,44
2021-03-22,Butte,007,227075,11623,11211,1672,12883,185
2021-03-22,Calaveras,009,45235,1987,1963,12,1975,49
2021-03-22,Colusa,011,21464,1887,1885,273,2158,13
2021-03-22,Contra Costa,013,1133247,65288,64432,1125,65557,740
2021-03-22,Del Norte,015,27424,1147,1082,7,1089,6
2021-03-22,El Dorado,017,186661,9376,9310,605,9915,105
2021-03-22,Fresno,019,978130,99344,98276,8220,106496,1556
2021-03-22,Glenn,021,27897,2325,2291,523,2814,17
2021-03-22,Humboldt,023,135768,3428,3403,24,3427,34
2021-03-22,Imperial,025,180216,27526,27302,2624,29926,699
2021-03-22,Inyo,027,18085,1367,1363,9,1372,35
2021-03-22,Kern,029,883053,95087,93675,10266,103941,1178
2021-03-22,Kings,031,150075,22722,22433,1026,23459,236
2021-03-22,Lake,033,64148,3335,3290,8,3298,43
2021-03-22,Lassen,035,31185,5135,5129,101,5230,1
2021-03-22,Los Angeles,037,10098052,1184178,1176205,40283,1216488,22843
2021-03-22,Madera,039,155013,16045,15904,884,16788,210
2021-03-22,Marin,041,260295,13569,13501,197,13698,221
2021-03-22,Mariposa,043,17540,390,381,5,386,5
2021-03-22,Mendocino,045,87422,3737,3653,69,3722,45
2021-03-22,Merced,047,269075,29604,29468,934,30402,413
2021-03-22,Modoc,049,8938,350,342,120,462,3
2021-03-22,Mono,051,14174,1219,1263,15,1278,3
2021-03-22,Monterey,053,433212,42410,42161,1766,43927,335
2021-03-22,Napa,055,140530,9336,9288,34,9322,77
2021-03-22,Nevada,057,99092,4249,4174,175,4349,89
2021-03-22,Orange,059,3164182,250576,248517,10653,259170,4599
2021-03-22,Placer,061,380077,21361,20543,1217,21760,242
2021-03-22,Plumas,063,18699,664,652,10,662,4
2021-03-22,Riverside,065,2383286,288498,282242,13591,295833,4009
2021-03-22,Sacramento,067,1510023,97970,96385,1391,97776,1493
2021-03-22,San Benito,069,59416,5848,5844,92,5936,61
2021-03-22,San Bernardino,071,2135413,288627,284771,8729,293500,4107
2021-03-22,San Diego,073,3302833,269495,267913,13338,281251,3494
2021-03-22,San Francisco,075,870044,35065,35040,1198,36238,462
2021-03-22,San Joaquin,077,732212,69183,67815,3073,70888,1182
2021-03-22,San Luis Obispo,079,281455,20268,20000,626,20626,250
2021-03-22,San Mateo,081,765935,40531,40024,429,40453,348
2021-03-22,Santa Barbara,083,443738,33724,32756,1156,33912,437
2021-03-22,Santa Clara,085,1922200,113474,113575,639,114214,1845
2021-03-22,Santa Cruz,087,273765,15738,15077,805,15882,201
2021-03-22,Shasta,089,179085,11244,11218,1336,12554,150
2021-03-22,Sierra,091,2930,55,50,12,62,0
2021-03-22,Siskiyou,093,43540,1558,1487,257,1744,5
2021-03-22,Solano,095,438530,30634,30490,402,30892,171
2021-03-22,Sonoma,097,501317,28900,29010,250,29260,310
2021-03-22,Stanislaus,099,539301,52608,52083,5572,57655,677
2021-03-22,Sutter,101,95872,9099,9024,83,9107,104
2021-03-22,Tehama,103,63373,4742,4704,510,5214,45
2021-03-22,Trinity,105,12862,476,310,83,393,3
2021-03-22,Tulare,107,460477,49139,48074,8584,56658,807
2021-03-22,Tuolumne,109,53932,3959,3954,34,3988,57
2021-03-22,Ventura,111,848112,79593,78890,2865,81755,927
2021-03-22,Yolo,113,214977,13260,13243,244,13487,190
2021-03-22,Yuba,115,75493,5682,5627,95,5722,42
2021-03-21,Alameda,001,1643700,83175,82684,1796,84480,1187
2021-03-21,Alpine,003,1148,84,83,0,83,0
2021-03-21,Amador,005,37829,3538,3519,32,3551,44
2021-03-21,Butte,007,227075,11607,11208,1667,12875,185
2021-03-21,Calaveras,009,45235,1982,1962,12,1974,49
2021-03-21,Colusa,011,21464,1887,1885,273,2158,13
2021-03-21,Contra Costa,013,1133247,65205,64382,1122,65504,740
2021-03-21,Del Norte,015,27424,1132,1076,7,1083,6
2021-03-21,El Dorado,017,186661,9366,9302,600,9902,105
2021-03-21,Fresno,019,978130,99229,98211,8197,106408,1556
2021-03-21,Glenn,021,27897,2322,2288,522,2810,17
2021-03-21,Humboldt,023,135768,3423,3402,24,3426,34
2021-03-21,Imperial,025,180216,27508,27267,2616,29883,699
2021-03-21,Inyo,027,18085,1367,1363,9,1372,35
2021-03-21,Kern,029,883053,95021,93649,10257,103906,1170
2021-03-21,Kings,031,150075,22705,22422,1025,23447,236
2021-03-21,Lake,033,64148,3331,3286,8,3294,43
2021-03-21,Lassen,035,31185,5135,5129,101,5230,1
2021-03-21,Los Angeles,037,10098052,1183647,1175684,40235,1215919,22834
2021-03-21,Madera,039,155013,16026,15895,882,16777,210
2021-03-21,Marin,041,260295,13553,13495,196,13691,220
2021-03-21,Mariposa,043,17540,390,381,5,386,5
2021-03-21,Mendocino,045,87422,3734,3651,69,3720,45
2021-03-21,Merced,047,269075,29544,29446,928,30374,413
2021-03-21,Modoc,049,8938,350,341,120,461,3
2021-03-21,Mono,051,14174,1214,1263,15,1278,3
2021-03-21,Monterey,053,433212,42385,42153,1763,43916,335
2021-03-21,Napa,055,140530,9316,9282,34,9316,77
2021-03-21,Nevada,057,99092,4236,4169,175,4344,89
2021-03-21,Orange,059,3164182,250442,248442,10627,259069,4598
2021-03-21,Placer,061,380077,21325,20520,1209,21729,242
2021-03-21,Plumas,063,18699,664,653,10,663,4
2021-03-21,Riverside,065,2383286,288391,282187,13580,295767,4009
2021-03-21,Sacramento,067,1510023,97775,96269,1383,97652,1489
2021-03-21,San Benito,069,59416,5842,5842,92,5934,61
2021-03-21,San Bernardino,071,2135413,288539,284732,8723,293455,4094
2021-03-21,San Diego,073,3302833,269235,267724,13312,281036,3494
2021-03-21,San Francisco,075,870044,35018,35012,1191,36203,460
2021-03-21,San Joaquin,077,732212,69061,67729,3055,70784,1182
2021-03-21,San Luis Obispo,079,281455,20236,19979,624,20603,250
2021-03-21,San Mateo,081,765935,40486,39988,428,40416,344
2021-03-21,Santa Barbara,083,443738,33684,32743,1155,33898,437
2021-03-21,Santa Clara,085,1922200,113345,113487,636,114123,1840
2021-03-21,Santa Cruz,087,273765,15731,15064,805,15869,199
2021-03-21,Shasta,089,179085,11224,11215,1335,12550,150
2021-03-21,Sierra,091,2930,55,50,12,62,0
2021-03-21,Siskiyou,093,43540,1558,1486,256,1742,5
2021-03-21,Solano,095,438530,30594,30474,399,30873,171
2021-03-21,Sonoma,097,501317,28871,28986,249,29235,310
2021-03-21,Stanislaus,099,539301,52518,52014,5570,57584,677
2021-03-21,Sutter,101,95872,9086,9021,83,9104,104
2021-03-21,Tehama,103,63373,4738,4701,510,5211,45
2021-03-21,Trinity,105,12862,474,310,83,393,3
2021-03-21,Tulare,107,460477,49123,48060,8572,56632,807
2021-03-21,Tuolumne,109,53932,3957,3953,34,3987,57
2021-03-21,Ventura,111,848112,79529,78863,2860,81723,927
2021-03-21,Yolo,113,214977,13239,13235,244,13479,190
2021-03-21,Yuba,115,75493,5672,5624,95,5719,42
2021-03-20,Alameda,001,1643700,83107,82614,1794,84408,1178
2021-03-20,Alpine,003,1148,84,83,0,83,0
2021-03-20,Amador,005,37829,3536,3518,32,3550,44
2021-03-20,Butte,007,227075,11601,11199,1665,12864,185
2021-03-20,Calaveras,009,45235,1978,1961,12,1973,49
2021-03-20,Colusa,011,21464,1887,1883,273,2156,12
2021-03-20,Contra Costa,013,1133247,65145,64313,1122,65435,713
2021-03-20,Del Norte,015,27424,1131,1075,7,1082,6
2021-03-20,El Dorado,017,186661,9360,9290,600,9890,105
2021-03-20,Fresno,019,978130,99168,98112,8190,106302,1532
2021-03-20,Glenn,021,27897,2321,2288,520,2808,17
2021-03-20,Humboldt,023,135768,3416,3399,24,3423,33
2021-03-20,Imperial,025,180216,27502,27239,2614,29853,695
2021-03-20,Inyo,027,18085,1367,1362,9,1371,35
2021-03-20,Kern,029,883053,94992,93606,10253,103859,1155
2021-03-20,Kings,031,150075,22700,22415,1024,23439,236
2021-03-20,Lake,033,64148,3327,3280,8,3288,43
2021-03-20,Lassen,035,31185,5135,5128,101,5229,1
2021-03-20,Los Angeles,037,10098052,1183348,1175290,40210,1215500,22810
2021-03-20,Madera,039,155013,16018,15891,881,16772,210
2021-03-20,Marin,041,260295,13541,13470,192,13662,220
2021-03-20,Mariposa,043,17540,389,381,5,386,5
2021-03-20,Mendocino,045,87422,3733,3639,69,3708,43
2021-03-20,Merced,047,269075,29513,29411,925,30336,412
2021-03-20,Modoc,049,8938,349,341,120,461,3
2021-03-20,Mono,051,14174,1214,1256,15,1271,3
2021-03-20,Monterey,053,433212,42376,42146,1762,43908,334
2021-03-20,Napa,055,140530,9308,9274,34,9308,77
2021-03-20,Nevada,057,99092,4225,4164,174,4338,89
2021-03-20,Orange,059,3164182,250360,248348,10615,258963,4522
2021-03-20,Placer,061,380077,21303,20505,1207,21712,242
2021-03-20,Plumas,063,18699,661,652,10,662,4
2021-03-20,Riverside,065,2383286,288316,282081,13576,295657,4000
2021-03-20,Sacramento,067,1510023,97664,96126,1380,97506,1488
2021-03-20,San Benito,069,59416,5838,5840,92,5932,61
2021-03-20,San Bernardino,071,2135413,288474,284690,8719,293409,3965
2021-03-20,San Diego,073,3302833,269064,267532,13305,280837,3493
2021-03-20,San Francisco,075,870044,34995,34968,1184,36152,453
2021-03-20,San Joaquin,077,732212,69020,67662,3048,70710,1161
2021-03-20,San Luis Obispo,079,281455,20220,19951,618,20569,250
2021-03-20,San Mateo,081,765935,40452,39958,427,40385,344
2021-03-20,Santa Barbara,083,443738,33660,32723,1154,33877,434
2021-03-20,Santa Clara,085,1922200,113253,113384,635,114019,1799
2021-03-20,Santa Cruz,087,273765,15715,15053,805,15858,199
2021-03-20,Shasta,089,179085,11218,11211,1335,12546,147
2021-03-20,Sierra,091,2930,55,50,12,62,0
2021-03-20,Siskiyou,093,43540,1558,1483,256,1739,5
2021-03-20,Solano,095,438530,30564,30439,399,30838,170
2021-03-20,Sonoma,097,501317,28856,28962,249,29211,309
2021-03-20,Stanislaus,099,539301,52462,51925,5563,57488,673
2021-03-20,Sutter,101,95872,9078,9014,83,9097,103
2021-03-20,Tehama,103,63373,4733,4696,508,5204,33
2021-03-20,Trinity,105,12862,473,310,83,393,3
2021-03-20,Tulare,107,460477,49108,48030,8555,56585,804
2021-03-20,Tuolumne,109,53932,3954,3950,34,3984,57
2021-03-20,Ventura,111,848112,79492,78818,2858,81676,922
2021-03-20,Yolo,113,214977,13235,13226,244,13470,190
2021-03-20,Yuba,115,75493,5669,5621,94,5715,42
2021-03-19,Alameda,001,1643700,83035,82499,1793,84292,1187
2021-03-19,Alpine,003,1148,83,82,0,82,0
2021-03-19,Amador,005,37829,3533,3515,32,3547,44
2021-03-19,Butte,007,227075,11593,11191,1662,12853,185
2021-03-19,Calaveras,009,45235,1977,1957,12,1969,49
2021-03-19,Colusa,011,21464,1886,1883,273,2156,12
2021-03-19,Contra Costa,013,1133247,65086,64195,1119,65314,737
2021-03-19,Del Norte,015,27424,1125,1071,5,1076,6
2021-03-19,El Dorado,017,186661,9351,9274,600,9874,105
2021-03-19,Fresno,019,978130,99084,97969,8176,106145,1527
2021-03-19,Glenn,021,27897,2321,2282,520,2802,17
2021-03-19,Humboldt,023,135768,3407,3388,24,3412,33
2021-03-19,Imperial,025,180216,27490,27218,2610,29828,695
2021-03-19,Inyo,027,18085,1365,1356,9,1365,35
2021-03-19,Kern,029,883053,94959,93534,10240,103774,1152
2021-03-19,Kings,031,150075,22691,22369,1021,23390,235
2021-03-19,Lake,033,64148,3321,3262,8,3270,43
2021-03-19,Lassen,035,31185,5135,5126,101,5227,1
2021-03-19,Los Angeles,037,10098052,1183013,1174818,40194,1215012,22752
2021-03-19,Madera,039,155013,16011,15877,880,16757,210
2021-03-19,Marin,041,260295,13529,13441,192,13633,220
2021-03-19,Mariposa,043,17540,388,380,5,385,5
2021-03-19,Mendocino,045,87422,3732,3639,69,3708,45
2021-03-19,Merced,047,269075,29484,29376,924,30300,412
2021-03-19,Modoc,049,8938,349,341,120,461,3
2021-03-19,Mono,051,14174,1212,1244,15,1259,3
2021-03-19,Monterey,053,433212,42367,42125,1760,43885,335
2021-03-19,Napa,055,140530,9296,9256,34,9290,77
2021-03-19,Nevada,057,99092,4214,4156,174,4330,88
2021-03-19,Orange,059,3164182,250259,248146,10604,258750,4501
2021-03-19,Placer,061,380077,21285,20451,1205,21656,242
2021-03-19,Plumas,063,18699,661,650,10,660,4
2021-03-19,Riverside,065,2383286,288233,281937,13571,295508,3989
2021-03-19,Sacramento,067,1510023,97562,95934,1377,97311,1486
2021-03-19,San Benito,069,59416,5838,5845,92,5937,61
2021-03-19,San Bernardino,071,2135413,288402,284501,8717,293218,4017
2021-03-19,San Diego,073,3302833,268929,267173,13295,280468,3491
2021-03-19,San Francisco,075,870044,34949,34936,1181,36117,461
2021-03-19,San Joaquin,077,732212,68950,67515,3034,70549,1180
2021-03-19,San Luis Obispo,079,281455,20200,19913,616,20529,249
2021-03-19,San Mateo,081,765935,40428,39893,427,40320,344
2021-03-19,Santa Barbara,083,443738,33631,32685,1153,33838,435
2021-03-19,Santa Clara,085,1922200,113178,113232,634,113866,1797
2021-03-19,Santa Cruz,087,273765,15708,15026,805,15831,199
2021-03-19,Shasta,089,179085,11211,11104,1333,12437,103
2021-03-19,Sierra,091,2930,54,49,12,61,0
2021-03-19,Siskiyou,093,43540,1558,1480,255,1735,5
2021-03-19,Solano,095,438530,30534,30395,397,30792,172
2021-03-19,Sonoma,097,501317,28835,28932,247,29179,292
2021-03-19,Stanislaus,099,539301,52404,51755,5560,57315,679
2021-03-19,Sutter,101,95872,9076,9005,83,9088,103
2021-03-19,Tehama,103,63373,4725,4685,508,5193,33
2021-03-19,Trinity,105,12862,473,310,83,393,3
2021-03-19,Tulare,107,460477,49085,47989,8532,56521,805
2021-03-19,Tuolumne,109,53932,3951,3946,34,3980,57
2021-03-19,Ventura,111,848112,79454,78753,2854,81607,920
2021-03-19,Yolo,113,214977,13227,13197,244,13441,189
2021-03-19,Yuba,115,75493,5666,5615,93,5708,42
2021-03-18,Alameda,001,1643700,82954,82419,1790,84209,1189
2021-03-18,Alpine,003,1148,83,82,0,82,0
2021-03-18,Amador,005,37829,3529,3513,32,3545,44
2021-03-18,Butte,007,227075,11582,11179,1660,12839,185
2021-03-18,Calaveras,009,45235,1975,1954,12,1966,49
2021-03-18,Colusa,011,21464,1886,1882,273,2155,12
2021-03-18,Contra Costa,013,1133247,65013,64103,1116,65219,739
2021-03-18,Del Norte,015,27424,1116,1059,5,1064,6
2021-03-18,El Dorado,017,186661,9338,9261,599,9860,105
2021-03-18,Fresno,019,978130,98987,97856,8161,106017,1527
2021-03-18,Glenn,021,27897,2317,2275,519,2794,17
2021-03-18,Humboldt,023,135768,3399,3381,24,3405,34
2021-03-18,Imperial,025,180216,27474,27190,2604,29794,695
2021-03-18,Inyo,027,18085,1362,1354,9,1363,35
2021-03-18,Kern,029,883053,94902,93458,10226,103684,1158
2021-03-18,Kings,031,150075,22684,22354,1020,23374,235
2021-03-18,Lake,033,64148,3318,3260,8,3268,43
2021-03-18,Lassen,035,31185,5134,5126,101,5227,1
2021-03-18,Los Angeles,037,10098052,1182582,1174205,40165,1214370,22689
2021-03-18,Madera,039,155013,15999,15860,877,16737,211
2021-03-18,Marin,041,260295,13511,13435,191,13626,219
2021-03-18,Mariposa,043,17540,386,380,5,385,5
2021-03-18,Mendocino,045,87422,3722,3630,69,3699,45
2021-03-18,Merced,047,269075,29449,29317,924,30241,410
2021-03-18,Modoc,049,8938,349,341,120,461,3
2021-03-18,Mono,051,14174,1208,1215,15,1230,3
2021-03-18,Monterey,053,433212,42354,42105,1760,43865,335
2021-03-18,Napa,055,140530,9287,9243,34,9277,77
2021-03-18,Nevada,057,99092,4207,4154,174,4328,74
2021-03-18,Orange,059,3164182,250155,248050,10592,258642,4514
2021-03-18,Placer,061,380077,21252,20421,1202,21623,243
2021-03-18,Plumas,063,18699,659,648,10,658,4
2021-03-18,Riverside,065,2383286,288152,281789,13564,295353,3957
2021-03-18,Sacramento,067,1510023,97414,95819,1373,97192,1481
2021-03-18,San Benito,069,59416,5836,5842,92,5934,61
2021-03-18,San Bernardino,071,2135413,288321,284294,8688,292982,4076
2021-03-18,San Diego,073,3302833,268777,266752,13285,280037,3478
2021-03-18,San Francisco,075,870044,34910,34904,1180,36084,461
2021-03-18,San Joaquin,077,732212,68850,67301,3022,70323,1169
2021-03-18,San Luis Obispo,079,281455,20171,19894,615,20509,249
2021-03-18,San Mateo,081,765935,40387,39874,427,40301,344
2021-03-18,Santa Barbara,083,443738,33589,32640,1153,33793,434
2021-03-18,Santa Clara,085,1922200,113061,113119,630,113749,1808
2021-03-18,Santa Cruz,087,273765,15698,14998,805,15803,198
2021-03-18,Shasta,089,179085,11197,11059,1331,12390,100
2021-03-18,Sierra,091,2930,54,49,12,61,0
2021-03-18,Siskiyou,093,43540,1555,1480,254,1734,5
2021-03-18,Solano,095,438530,30492,30352,394,30746,172
2021-03-18,Sonoma,097,501317,28813,28915,245,29160,292
2021-03-18,Stanislaus,099,539301,52332,51615,5556,57171,682
2021-03-18,Sutter,101,95872,9064,8999,83,9082,103
2021-03-18,Tehama,103,63373,4719,4683,507,5190,35
2021-03-18,Trinity,105,12862,473,310,83,393,3
2021-03-18,Tulare,107,460477,49066,47964,8517,56481,805
2021-03-18,Tuolumne,109,53932,3951,3942,34,3976,57
2021-03-18,Ventura,111,848112,79397,78697,2854,81551,918
2021-03-18,Yolo,113,214977,13214,13183,244,13427,191
2021-03-18,Yuba,115,75493,5662,5612,93,5705,42
2021-03-17,Alameda,001,1643700,82878,82353,1785,84138,1185
2021-03-17,Alpine,003,1148,83,82,0,82,0
2021-03-17,Amador,005,37829,3527,3511,32,3543,44
2021-03-17,Butte,007,227075,11573,11170,1658,12828,185
2021-03-17,Calaveras,009,45235,1972,1946,12,1958,49
2021-03-17,Colusa,011,21464,1885,1882,273,2155,12
2021-03-17,Contra Costa,013,1133247,64944,64026,1115,65141,737
2021-03-17,Del Norte,015,27424,1112,1053,5,1058,6
2021-03-17,El Dorado,017,186661,9328,9252,599,9851,105
2021-03-17,Fresno,019,978130,98876,97727,8143,105870,1507
2021-03-17,Glenn,021,27897,2310,2269,518,2787,17
2021-03-17,Humboldt,023,135768,3391,3365,24,3389,33
2021-03-17,Imperial,025,180216,27458,27168,2602,29770,691
2021-03-17,Inyo,027,18085,1360,1351,9,1360,35
2021-03-17,Kern,029,883053,94846,93392,10213,103605,1149
2021-03-17,Kings,031,150075,22668,22336,1019,23355,233
2021-03-17,Lake,033,64148,3311,3251,8,3259,43
2021-03-17,Lassen,035,31185,5133,5125,101,5226,1
2021-03-17,Los Angeles,037,10098052,1182129,1173416,40132,1213548,22602
2021-03-17,Madera,039,155013,15992,15835,877,16712,214
2021-03-17,Marin,041,260295,13493,13428,190,13618,218
2021-03-17,Mariposa,043,17540,386,379,5,384,5
2021-03-17,Mendocino,045,87422,3718,3625,69,3694,44
2021-03-17,Merced,047,269075,29421,29250,920,30170,408
2021-03-17,Modoc,049,8938,349,341,120,461,3
2021-03-17,Mono,051,14174,1206,1212,15,1227,3
2021-03-17,Monterey,053,433212,42335,42061,1757,43818,334
2021-03-17,Napa,055,140530,9272,9219,34,9253,76
2021-03-17,Nevada,057,99092,4197,4145,174,4319,74
2021-03-17,Orange,059,3164182,250037,247943,10564,258507,4502
2021-03-17,Placer,061,380077,21225,20369,1200,21569,243
2021-03-17,Plumas,063,18699,658,645,10,655,4
2021-03-17,Riverside,065,2383286,288037,281649,13556,295205,3925
2021-03-17,Sacramento,067,1510023,97286,95650,1368,97018,1477
2021-03-17,San Benito,069,59416,5833,5841,92,5933,61
2021-03-17,San Bernardino,071,2135413,288204,284170,8683,292853,4049
2021-03-17,San Diego,073,3302833,268566,266313,13267,279580,3470
2021-03-17,San Francisco,075,870044,34875,34873,1179,36052,457
2021-03-17,San Joaquin,077,732212,68765,67093,3006,70099,1164
2021-03-17,San Luis Obispo,079,281455,20148,19858,611,20469,249
2021-03-17,San Mateo,081,765935,40357,39838,426,40264,344
2021-03-17,Santa Barbara,083,443738,33569,32585,1152,33737,433
2021-03-17,Santa Clara,085,1922200,112968,112983,629,113612,1805
2021-03-17,Santa Cruz,087,273765,15690,14967,805,15772,199
2021-03-17,Shasta,089,179085,11192,11045,1328,12373,100
2021-03-17,Sierra,091,2930,54,49,12,61,0
2021-03-17,Siskiyou,093,43540,1554,1479,252,1731,5
2021-03-17,Solano,095,438530,30466,30320,392,30712,171
2021-03-17,Sonoma,097,501317,28789,28877,244,29121,292
2021-03-17,Stanislaus,099,539301,52258,51524,5549,57073,682
2021-03-17,Sutter,101,95872,9054,8982,83,9065,103
2021-03-17,Tehama,103,63373,4713,4670,507,5177,34
2021-03-17,Trinity,105,12862,473,308,83,391,3
2021-03-17,Tulare,107,460477,49046,47929,8507,56436,805
2021-03-17,Tuolumne,109,53932,3948,3938,34,3972,57
2021-03-17,Ventura,111,848112,79342,78648,2851,81499,916
2021-03-17,Yolo,113,214977,13197,13169,244,13413,190
2021-03-17,Yuba,115,75493,5659,5603,93,5696,42
2021-03-16,Alameda,001,1643700,82765,82259,1783,84042,1177
2021-03-16,Alpine,003,1148,83,82,0,82,0
2021-03-16,Amador,005,37829,3525,3510,32,3542,44
2021-03-16,Butte,007,227075,11561,11154,1657,12811,184
2021-03-16,Calaveras,009,45235,1967,1945,12,1957,49
2021-03-16,Colusa,011,21464,1884,1882,273,2155,12
2021-03-16,Contra Costa,013,1133247,64862,63951,1112,65063,736
2021-03-16,Del Norte,015,27424,1104,1048,5,1053,6
2021-03-16,El Dorado,017,186661,9312,9249,599,9848,105
2021-03-16,Fresno,019,978130,98738,97638,8121,105759,1498
2021-03-16,Glenn,021,27897,2302,2267,514,2781,17
2021-03-16,Humboldt,023,135768,3387,3351,24,3375,33
2021-03-16,Imperial,025,180216,27447,27143,2600,29743,689
2021-03-16,Inyo,027,18085,1359,1346,9,1355,35
2021-03-16,Kern,029,883053,94780,93340,10198,103538,1144
2021-03-16,Kings,031,150075,22632,22320,1018,23338,233
2021-03-16,Lake,033,64148,3303,3246,8,3254,43
2021-03-16,Lassen,035,31185,5132,5126,101,5227,1
2021-03-16,Los Angeles,037,10098052,1181597,1172676,40094,1212770,22527
2021-03-16,Madera,039,155013,15976,15822,875,16697,214
2021-03-16,Marin,041,260295,13475,13419,190,13609,218
2021-03-16,Mariposa,043,17540,383,379,5,384,5
2021-03-16,Mendocino,045,87422,3713,3623,69,3692,44
2021-03-16,Merced,047,269075,29368,29198,919,30117,407
2021-03-16,Modoc,049,8938,349,341,120,461,3
2021-03-16,Mono,051,14174,1205,1207,15,1222,3
2021-03-16,Monterey,053,433212,42316,42023,1757,43780,334
2021-03-16,Napa,055,140530,9262,9209,34,9243,75
2021-03-16,Nevada,057,99092,4188,4132,173,4305,67
2021-03-16,Orange,059,3164182,249898,247843,10545,258388,4479
2021-03-16,Placer,061,380077,21191,20339,1196,21535,240
2021-03-16,Plumas,063,18699,657,643,10,653,4
2021-03-16,Riverside,065,2383286,287923,281540,13543,295083,3893
2021-03-16,Sacramento,067,1510023,97143,95522,1364,96886,1466
2021-03-16,San Benito,069,59416,5828,5831,92,5923,61
2021-03-16,San Bernardino,071,2135413,288074,283980,8676,292656,4032
2021-03-16,San Diego,073,3302833,268334,265903,13254,279157,3462
2021-03-16,San Francisco,075,870044,34846,34833,1174,36007,456
2021-03-16,San Joaquin,077,732212,68663,66856,2993,69849,1163
2021-03-16,San Luis Obispo,079,281455,20119,19832,609,20441,248
2021-03-16,San Mateo,081,765935,40323,39806,424,40230,344
2021-03-16,Santa Barbara,083,443738,33537,32556,1151,33707,433
2021-03-16,Santa Clara,085,1922200,112850,112845,626,113471,1797
2021-03-16,Santa Cruz,087,273765,15684,14926,805,15731,199
2021-03-16,Shasta,089,179085,11176,11035,1325,12360,100
2021-03-16,Sierra,091,2930,53,49,12,61,0
2021-03-16,Siskiyou,093,43540,1550,1477,252,1729,5
2021-03-16,Solano,095,438530,30432,30298,390,30688,171
2021-03-16,Sonoma,097,501317,28757,28850,242,29092,291
2021-03-16,Stanislaus,099,539301,52178,51410,5542,56952,683
2021-03-16,Sutter,101,95872,9046,8970,83,9053,102
2021-03-16,Tehama,103,63373,4709,4660,506,5166,34
2021-03-16,Trinity,105,12862,473,308,82,390,3
2021-03-16,Tulare,107,460477,48999,47895,8499,56394,803
2021-03-16,Tuolumne,109,53932,3945,3938,34,3972,57
2021-03-16,Ventura,111,848112,79275,78671,2844,81515,916
2021-03-16,Yolo,113,214977,13182,13162,244,13406,190
2021-03-16,Yuba,115,75493,5656,5596,92,5688,42
2021-03-15,Alameda,001,1643700,82678,82159,1783,83942,1167
2021-03-15,Alpine,003,1148,83,82,0,82,0
2021-03-15,Amador,005,37829,3524,3506,32,3538,44
2021-03-15,Butte,007,227075,11548,11141,1653,12794,185
2021-03-15,Calaveras,009,45235,1966,1941,12,1953,49
2021-03-15,Colusa,011,21464,1884,1883,273,2156,12
2021-03-15,Contra Costa,013,1133247,64800,63847,1111,64958,732
2021-03-15,Del Norte,015,27424,1101,1048,5,1053,6
2021-03-15,El Dorado,017,186661,9306,9235,598,9833,103
2021-03-15,Fresno,019,978130,98611,97520,8106,105626,1496
2021-03-15,Glenn,021,27897,2297,2261,511,2772,15
2021-03-15,Humboldt,023,135768,3381,3337,24,3361,32
2021-03-15,Imperial,025,180216,27426,27122,2598,29720,684
2021-03-15,Inyo,027,18085,1359,1346,9,1355,35
2021-03-15,Kern,029,883053,94720,93266,10191,103457,1141
2021-03-15,Kings,031,150075,22615,22294,1013,23307,233
2021-03-15,Lake,033,64148,3291,3237,8,3245,43
2021-03-15,Lassen,035,31185,5132,5125,101,5226,1
2021-03-15,Los Angeles,037,10098052,1181030,1172445,40059,1212504,22477
2021-03-15,Madera,039,155013,15965,15806,873,16679,214
2021-03-15,Marin,041,260295,13469,13408,189,13597,218
2021-03-15,Mariposa,043,17540,383,376,5,381,5
2021-03-15,Mendocino,045,87422,3709,3615,69,3684,44
2021-03-15,Merced,047,269075,29328,29169,918,30087,407
2021-03-15,Modoc,049,8938,349,340,120,460,3
2021-03-15,Mono,051,14174,1204,1206,15,1221,3
2021-03-15,Monterey,053,433212,42288,42011,1754,43765,333
2021-03-15,Napa,055,140530,9251,9196,34,9230,75
2021-03-15,Nevada,057,99092,4183,4123,172,4295,66
2021-03-15,Orange,059,3164182,249785,247697,10524,258221,4481
2021-03-15,Placer,061,380077,21168,20308,1196,21504,238
2021-03-15,Plumas,063,18699,657,642,10,652,4
2021-03-15,Riverside,065,2383286,287771,281367,13533,294900,3856
2021-03-15,Sacramento,067,1510023,96990,95414,1358,96772,1463
2021-03-15,San Benito,069,59416,5825,5831,92,5923,61
2021-03-15,San Bernardino,071,2135413,287981,283815,8668,292483,4004
2021-03-15,San Diego,073,3302833,268084,265646,13238,278884,3452
2021-03-15,San Francisco,075,870044,34810,34820,1170,35990,456
2021-03-15,San Joaquin,077,732212,68559,66622,2980,69602,1140
2021-03-15,San Luis Obispo,079,281455,20088,19813,605,20418,247
2021-03-15,San Mateo,081,765935,40269,39765,424,40189,344
2021-03-15,Santa Barbara,083,443738,33515,32529,1148,33677,431
2021-03-15,Santa Clara,085,1922200,112747,112729,624,113353,1798
2021-03-15,Santa Cruz,087,273765,15678,14899,803,15702,200
2021-03-15,Shasta,089,179085,11160,11019,1320,12339,92
2021-03-15,Sierra,091,2930,53,49,12,61,0
2021-03-15,Siskiyou,093,43540,1550,1475,252,1727,5
2021-03-15,Solano,095,438530,30403,30258,389,30647,171
2021-03-15,Sonoma,097,501317,28739,28814,239,29053,285
2021-03-15,Stanislaus,099,539301,52100,51357,5535,56892,683
2021-03-15,Sutter,101,95872,9040,8962,83,9045,102
2021-03-15,Tehama,103,63373,4699,4650,505,5155,34
2021-03-15,Trinity,105,12862,473,308,82,390,3
2021-03-15,Tulare,107,460477,48969,47857,8484,56341,800
2021-03-15,Tuolumne,109,53932,3943,3937,33,3970,57
2021-03-15,Ventura,111,848112,79221,78626,2843,81469,910
2021-03-15,Yolo,113,214977,13163,13131,242,13373,190
2021-03-15,Yuba,115,75493,5651,5585,91,5676,42
2021-03-14,Alameda,001,1643700,82592,82116,1780,83896,1168
2021-03-14,Alpine,003,1148,83,82,0,82,0
2021-03-14,Amador,005,37829,3519,3504,32,3536,44
2021-03-14,Butte,007,227075,11535,11140,1649,12789,185
2021-03-14,Calaveras,009,45235,1962,1939,12,1951,49
2021-03-14,Colusa,011,21464,1884,1883,273,2156,12
2021-03-14,Contra Costa,013,1133247,64695,63808,1110,64918,731
2021-03-14,Del Norte,015,27424,1087,1048,5,1053,6
2021-03-14,El Dorado,017,186661,9296,9231,598,9829,103
2021-03-14,Fresno,019,978130,98503,97461,8088,105549,1496
2021-03-14,Glenn,021,27897,2292,2260,508,2768,15
2021-03-14,Humboldt,023,135768,3367,3335,24,3359,32
2021-03-14,Imperial,025,180216,27408,27122,2594,29716,685
2021-03-14,Inyo,027,18085,1355,1346,9,1355,35
2021-03-14,Kern,029,883053,94637,93252,10173,103425,1141
2021-03-14,Kings,031,150075,22596,22292,1011,23303,232
2021-03-14,Lake,033,64148,3286,3237,8,3245,43
2021-03-14,Lassen,035,31185,5130,5125,101,5226,1
2021-03-14,Los Angeles,037,10098052,1180460,1172100,40023,1212123,22476
2021-03-14,Madera,039,155013,15940,15804,873,16677,214
2021-03-14,Marin,041,260295,13453,13405,187,13592,218
2021-03-14,Mariposa,043,17540,381,376,5,381,5
2021-03-14,Mendocino,045,87422,3704,3613,69,3682,44
2021-03-14,Merced,047,269075,29260,29149,914,30063,407
2021-03-14,Modoc,049,8938,349,340,120,460,3
2021-03-14,Mono,051,14174,1198,1206,15,1221,3
2021-03-14,Monterey,053,433212,42266,42007,1750,43757,333
2021-03-14,Napa,055,140530,9233,9194,34,9228,75
2021-03-14,Nevada,057,99092,4177,4122,170,4292,66
2021-03-14,Orange,059,3164182,249651,247656,10504,258160,4460
2021-03-14,Placer,061,380077,21134,20288,1188,21476,238
2021-03-14,Plumas,063,18699,655,642,10,652,4
2021-03-14,Riverside,065,2383286,287613,281332,13525,294857,3845
2021-03-14,Sacramento,067,1510023,96812,95343,1353,96696,1462
2021-03-14,San Benito,069,59416,5816,5829,92,5921,61
2021-03-14,San Bernardino,071,2135413,287857,283791,8657,292448,3996
2021-03-14,San Diego,073,3302833,267849,265468,13225,278693,3452
2021-03-14,San Francisco,075,870044,34771,34810,1167,35977,455
2021-03-14,San Joaquin,077,732212,68431,66563,2963,69526,1140
2021-03-14,San Luis Obispo,079,281455,20059,19806,603,20409,247
2021-03-14,San Mateo,081,765935,40230,39744,424,40168,342
2021-03-14,Santa Barbara,083,443738,33471,32514,1146,33660,431
2021-03-14,Santa Clara,085,1922200,112619,112648,623,113271,1796
2021-03-14,Santa Cruz,087,273765,15661,14887,801,15688,200
2021-03-14,Shasta,089,179085,11144,11019,1313,12332,92
2021-03-14,Sierra,091,2930,53,49,12,61,0
2021-03-14,Siskiyou,093,43540,1546,1473,251,1724,5
2021-03-14,Solano,095,438530,30371,30230,384,30614,171
2021-03-14,Sonoma,097,501317,28705,28798,235,29033,284
2021-03-14,Stanislaus,099,539301,51979,51306,5527,56833,690
2021-03-14,Sutter,101,95872,9024,8958,83,9041,102
2021-03-14,Tehama,103,63373,4687,4650,504,5154,34
2021-03-14,Trinity,105,12862,472,308,81,389,3
2021-03-14,Tulare,107,460477,48936,47845,8463,56308,800
2021-03-14,Tuolumne,109,53932,3941,3937,33,3970,57
2021-03-14,Ventura,111,848112,79168,78611,2837,81448,910
2021-03-14,Yolo,113,214977,13141,13128,238,13366,189
2021-03-14,Yuba,115,75493,5641,5583,91,5674,42
2021-03-13,Alameda,001,1643700,82533,82010,1780,83790,1168
2021-03-13,Alpine,003,1148,83,82,0,82,0
2021-03-13,Amador,005,37829,3516,3504,32,3536,44
2021-03-13,Butte,007,227075,11526,11131,1648,12779,185
2021-03-13,Calaveras,009,45235,1962,1939,12,1951,49
2021-03-13,Colusa,011,21464,1884,1882,273,2155,12
2021-03-13,Contra Costa,013,1133247,64634,63689,1110,64799,731
2021-03-13,Del Norte,015,27424,1083,1041,5,1046,6
2021-03-13,El Dorado,017,186661,9288,9221,598,9819,103
2021-03-13,Fresno,019,978130,98444,97324,8068,105392,1495
2021-03-13,Glenn,021,27897,2291,2260,507,2767,15
2021-03-13,Humboldt,023,135768,3360,3325,24,3349,32
2021-03-13,Imperial,025,180216,27403,27099,2589,29688,677
2021-03-13,Inyo,027,18085,1354,1344,9,1353,35
2021-03-13,Kern,029,883053,94598,93197,10167,103364,1140
2021-03-13,Kings,031,150075,22580,22265,1010,23275,232
2021-03-13,Lake,033,64148,3279,3234,7,3241,43
2021-03-13,Lassen,035,31185,5130,5125,101,5226,1
2021-03-13,Los Angeles,037,10098052,1180144,1171505,39980,1211485,22451
2021-03-13,Madera,039,155013,15928,15780,873,16653,214
2021-03-13,Marin,041,260295,13447,13391,185,13576,218
2021-03-13,Mariposa,043,17540,380,376,5,381,5
2021-03-13,Mendocino,045,87422,3700,3611,69,3680,44
2021-03-13,Merced,047,269075,29229,29106,914,30020,406
2021-03-13,Modoc,049,8938,349,340,119,459,3
2021-03-13,Mono,051,14174,1198,1207,15,1222,3
2021-03-13,Monterey,053,433212,42256,41989,1748,43737,332
2021-03-13,Napa,055,140530,9227,9190,34,9224,75
2021-03-13,Nevada,057,99092,4170,4111,169,4280,66
2021-03-13,Orange,059,3164182,249571,247514,10488,258002,4423
2021-03-13,Placer,061,380077,21113,20238,1185,21423,239
2021-03-13,Plumas,063,18699,653,642,10,652,4
2021-03-13,Riverside,065,2383286,287521,281191,13517,294708,3848
2021-03-13,Sacramento,067,1510023,96726,95192,1351,96543,1461
2021-03-13,San Benito,069,59416,5813,5823,92,5915,61
2021-03-13,San Bernardino,071,2135413,287804,283727,8651,292378,3972
2021-03-13,San Diego,073,3302833,267694,265270,13211,278481,3444
2021-03-13,San Francisco,075,870044,34754,34784,1158,35942,455
2021-03-13,San Joaquin,077,732212,68375,66480,2941,69421,1141
2021-03-13,San Luis Obispo,079,281455,20041,19789,602,20391,247
2021-03-13,San Mateo,081,765935,40203,39689,423,40112,341
2021-03-13,Santa Barbara,083,443738,33446,32486,1145,33631,431
2021-03-13,Santa Clara,085,1922200,112534,112531,622,113153,1790
2021-03-13,Santa Cruz,087,273765,15654,14875,801,15676,199
2021-03-13,Shasta,089,179085,11136,11021,1310,12331,108
2021-03-13,Sierra,091,2930,52,49,12,61,0
2021-03-13,Siskiyou,093,43540,1545,1470,251,1721,5
2021-03-13,Solano,095,438530,30354,30198,384,30582,171
2021-03-13,Sonoma,097,501317,28685,28762,231,28993,285
2021-03-13,Stanislaus,099,539301,51928,51257,5522,56779,695
2021-03-13,Sutter,101,95872,9017,8948,83,9031,102
2021-03-13,Tehama,103,63373,4685,4647,504,5151,33
2021-03-13,Trinity,105,12862,472,306,81,387,3
2021-03-13,Tulare,107,460477,48910,47818,8455,56273,798
2021-03-13,Tuolumne,109,53932,3938,3937,33,3970,57
2021-03-13,Ventura,111,848112,79119,78693,2837,81530,906
2021-03-13,Yolo,113,214977,13133,13087,237,13324,189
2021-03-13,Yuba,115,75493,5640,5577,91,5668,42
2021-03-12,Alameda,001,1643700,82457,81898,1779,83677,1164
2021-03-12,Alpine,003,1148,83,82,0,82,0
2021-03-12,Amador,005,37829,3513,3503,32,3535,44
2021-03-12,Butte,007,227075,11516,11126,1646,12772,184
2021-03-12,Calaveras,009,45235,1960,1916,12,1928,49
2021-03-12,Colusa,011,21464,1884,1883,273,2156,12
2021-03-12,Contra Costa,013,1133247,64558,63583,1110,64693,728
2021-03-12,Del Norte,015,27424,1077,1033,5,1038,6
2021-03-12,El Dorado,017,186661,9279,9219,598,9817,103
2021-03-12,Fresno,019,978130,98347,97185,8057,105242,1489
2021-03-12,Glenn,021,27897,2290,2258,506,2764,15
2021-03-12,Humboldt,023,135768,3355,3315,24,3339,32
2021-03-12,Imperial,025,180216,27392,27071,2587,29658,677
2021-03-12,Inyo,027,18085,1352,1339,9,1348,35
2021-03-12,Kern,029,883053,94564,93142,10151,103293,1132
2021-03-12,Kings,031,150075,22561,22233,1010,23243,232
2021-03-12,Lake,033,64148,3273,3226,6,3232,43
2021-03-12,Lassen,035,31185,5130,5125,100,5225,1
2021-03-12,Los Angeles,037,10098052,1179745,1170860,39963,1210823,22409
2021-03-12,Madera,039,155013,15916,15761,870,16631,214
2021-03-12,Marin,041,260295,13440,13375,185,13560,218
2021-03-12,Mariposa,043,17540,378,376,5,381,5
2021-03-12,Mendocino,045,87422,3697,3605,69,3674,43
2021-03-12,Merced,047,269075,29198,29064,914,29978,403
2021-03-12,Modoc,049,8938,349,340,119,459,3
2021-03-12,Mono,051,14174,1197,1206,15,1221,3
2021-03-12,Monterey,053,433212,42242,41964,1743,43707,329
2021-03-12,Napa,055,140530,9218,9180,34,9214,75
2021-03-12,Nevada,057,99092,4160,4101,169,4270,66
2021-03-12,Orange,059,3164182,249479,247388,10477,257865,4401
2021-03-12,Placer,061,380077,21080,20210,1180,21390,239
2021-03-12,Plumas,063,18699,652,641,10,651,4
2021-03-12,Riverside,065,2383286,287422,281037,13509,294546,3854
2021-03-12,Sacramento,067,1510023,96602,95061,1344,96405,1460
2021-03-12,San Benito,069,59416,5810,5817,92,5909,61
2021-03-12,San Bernardino,071,2135413,287746,283558,8646,292204,3917
2021-03-12,San Diego,073,3302833,267531,264886,13203,278089,3434
2021-03-12,San Francisco,075,870044,34733,34758,1155,35913,452
2021-03-12,San Joaquin,077,732212,68304,66482,2932,69414,1144
2021-03-12,San Luis Obispo,079,281455,20027,19769,600,20369,247
2021-03-12,San Mateo,081,765935,40167,39638,421,40059,341
2021-03-12,Santa Barbara,083,443738,33423,32457,1142,33599,429
2021-03-12,Santa Clara,085,1922200,112439,112396,621,113017,1766
2021-03-12,Santa Cruz,087,273765,15642,14846,799,15645,195
2021-03-12,Shasta,089,179085,11128,11143,1308,12451,153
2021-03-12,Sierra,091,2930,52,49,12,61,0
2021-03-12,Siskiyou,093,43540,1545,1468,250,1718,5
2021-03-12,Solano,095,438530,30335,30180,383,30563,171
2021-03-12,Sonoma,097,501317,28658,28714,231,28945,285
2021-03-12,Stanislaus,099,539301,51870,51146,5515,56661,701
2021-03-12,Sutter,101,95872,9011,8940,83,9023,101
2021-03-12,Tehama,103,63373,4681,4638,503,5141,33
2021-03-12,Trinity,105,12862,471,306,80,386,3
2021-03-12,Tulare,107,460477,48885,47772,8449,56221,798
2021-03-12,Tuolumne,109,53932,3937,3936,33,3969,57
2021-03-12,Ventura,111,848112,79076,78698,2833,81531,899
2021-03-12,Yolo,113,214977,13123,13061,230,13291,189
2021-03-12,Yuba,115,75493,5633,5563,90,5653,42
2021-03-11,Alameda,001,1643700,82364,81809,1774,83583,1164
2021-03-11,Alpine,003,1148,83,78,0,78,0
2021-03-11,Amador,005,37829,3512,3498,32,3530,42
2021-03-11,Butte,007,227075,11505,11110,1644,12754,185
2021-03-11,Calaveras,009,45235,1957,1915,12,1927,49
2021-03-11,Colusa,011,21464,1884,1883,273,2156,12
2021-03-11,Contra Costa,013,1133247,64485,63469,1108,64577,728
2021-03-11,Del Norte,015,27424,1072,1027,5,1032,6
2021-03-11,El Dorado,017,186661,9265,9211,598,9809,101
2021-03-11,Fresno,019,978130,98231,97026,8026,105052,1481
2021-03-11,Glenn,021,27897,2287,2255,506,2761,15
2021-03-11,Humboldt,023,135768,3338,3302,24,3326,32
2021-03-11,Imperial,025,180216,27385,27045,2584,29629,675
2021-03-11,Inyo,027,18085,1347,1335,9,1344,35
2021-03-11,Kern,029,883053,94508,93052,10112,103164,1121
2021-03-11,Kings,031,150075,22546,22183,1007,23190,230
2021-03-11,Lake,033,64148,3269,3214,6,3220,42
2021-03-11,Lassen,035,31185,5129,5124,100,5224,1
2021-03-11,Los Angeles,037,10098052,1179214,1170111,39931,1210042,22316
2021-03-11,Madera,039,155013,15905,15725,868,16593,214
2021-03-11,Marin,041,260295,13428,13356,184,13540,217
2021-03-11,Mariposa,043,17540,378,376,5,381,5
2021-03-11,Mendocino,045,87422,3690,3604,69,3673,42
2021-03-11,Merced,047,269075,29149,29001,913,29914,401
2021-03-11,Modoc,049,8938,349,340,119,459,3
2021-03-11,Mono,051,14174,1196,1206,15,1221,3
2021-03-11,Monterey,053,433212,42219,41936,1737,43673,329
2021-03-11,Napa,055,140530,9205,9173,34,9207,75
2021-03-11,Nevada,057,99092,4148,4085,167,4252,66
2021-03-11,Orange,059,3164182,249341,247217,10459,257676,4373
2021-03-11,Placer,061,380077,21037,20178,1176,21354,239
2021-03-11,Plumas,063,18699,651,640,10,650,4
2021-03-11,Riverside,065,2383286,287252,280881,13496,294377,3842
2021-03-11,Sacramento,067,1510023,96461,94912,1341,96253,1455
2021-03-11,San Benito,069,59416,5807,5816,92,5908,61
2021-03-11,San Bernardino,071,2135413,287649,283312,8640,291952,3869
2021-03-11,San Diego,073,3302833,267367,264524,13187,277711,3422
2021-03-11,San Francisco,075,870044,34697,34722,1149,35871,452
2021-03-11,San Joaquin,077,732212,68191,66522,2924,69446,1157
2021-03-11,San Luis Obispo,079,281455,20003,19748,599,20347,247
2021-03-11,San Mateo,081,765935,40130,39590,420,40010,341
2021-03-11,Santa Barbara,083,443738,33396,32408,1138,33546,430
2021-03-11,Santa Clara,085,1922200,112308,112246,618,112864,1765
2021-03-11,Santa Cruz,087,273765,15630,14812,798,15610,193
2021-03-11,Shasta,089,179085,11118,11139,1303,12442,158
2021-03-11,Sierra,091,2930,52,48,12,60,0
2021-03-11,Siskiyou,093,43540,1542,1466,250,1716,5
2021-03-11,Solano,095,438530,30307,30138,382,30520,171
2021-03-11,Sonoma,097,501317,28629,28677,231,28908,285
2021-03-11,Stanislaus,099,539301,51785,51038,5507,56545,707
2021-03-11,Sutter,101,95872,9005,8933,83,9016,101
2021-03-11,Tehama,103,63373,4672,4632,502,5134,33
2021-03-11,Trinity,105,12862,470,304,79,383,3
2021-03-11,Tulare,107,460477,48848,47709,8438,56147,797
2021-03-11,Tuolumne,109,53932,3935,3934,33,3967,57
2021-03-11,Ventura,111,848112,79026,78697,2829,81526,889
2021-03-11,Yolo,113,214977,13106,13041,228,13269,190
2021-03-11,Yuba,115,75493,5629,5553,90,5643,42
2021-03-10,Alameda,001,1643700,82256,81701,1769,83470,1160
2021-03-10,Alpine,003,1148,82,78,0,78,0
2021-03-10,Amador,005,37829,3510,3496,32,3528,42
2021-03-10,Butte,007,227075,11495,11096,1644,12740,185
2021-03-10,Calaveras,009,45235,1951,1913,12,1925,48
2021-03-10,Colusa,011,21464,1884,1882,273,2155,12
2021-03-10,Contra Costa,013,1133247,64386,63372,1104,64476,725
2021-03-10,Del Norte,015,27424,1070,1020,5,1025,5
2021-03-10,El Dorado,017,186661,9252,9203,598,9801,100
2021-03-10,Fresno,019,978130,98123,96866,8010,104876,1471
2021-03-10,Glenn,021,27897,2284,2253,504,2757,15
2021-03-10,Humboldt,023,135768,3328,3296,23,3319,32
2021-03-10,Imperial,025,180216,27370,27051,2584,29635,675
2021-03-10,Inyo,027,18085,1347,1328,9,1337,35
2021-03-10,Kern,029,883053,94442,92965,10089,103054,1102
2021-03-10,Kings,031,150075,22527,22166,1005,23171,226
2021-03-10,Lake,033,64148,3259,3207,6,3213,42
2021-03-10,Lassen,035,31185,5129,5120,100,5220,1
2021-03-10,Los Angeles,037,10098052,1178669,1169079,39904,1208983,22199
2021-03-10,Madera,039,155013,15884,15705,865,16570,212
2021-03-10,Marin,041,260295,13418,13348,183,13531,216
2021-03-10,Mariposa,043,17540,378,376,5,381,5
2021-03-10,Mendocino,045,87422,3685,3602,69,3671,42
2021-03-10,Merced,047,269075,29112,28927,910,29837,401
2021-03-10,Modoc,049,8938,348,338,119,457,3
2021-03-10,Mono,051,14174,1193,1204,15,1219,3
2021-03-10,Monterey,053,433212,42197,41920,1733,43653,329
2021-03-10,Napa,055,140530,9196,9165,34,9199,75
2021-03-10,Nevada,057,99092,4144,4074,167,4241,66
2021-03-10,Orange,059,3164182,249192,247075,10443,257518,4342
2021-03-10,Placer,061,380077,21002,20144,1170,21314,239
2021-03-10,Plumas,063,18699,650,639,10,649,4
2021-03-10,Riverside,065,2383286,287111,280708,13482,294190,3822
2021-03-10,Sacramento,067,1510023,96331,94796,1335,96131,1452
2021-03-10,San Benito,069,59416,5798,5811,92,5903,61
2021-03-10,San Bernardino,071,2135413,287557,283140,8634,291774,3841
2021-03-10,San Diego,073,3302833,267146,264094,13175,277269,3413
2021-03-10,San Francisco,075,870044,34662,34688,1141,35829,450
2021-03-10,San Joaquin,077,732212,68089,66483,2907,69390,1156
2021-03-10,San Luis Obispo,079,281455,19979,19710,595,20305,247
2021-03-10,San Mateo,081,765935,40106,39571,420,39991,338
2021-03-10,Santa Barbara,083,443738,33369,32356,1135,33491,429
2021-03-10,Santa Clara,085,1922200,112201,112103,614,112717,1759
2021-03-10,Santa Cruz,087,273765,15615,14790,797,15587,192
2021-03-10,Shasta,089,179085,11108,11125,1300,12425,155
2021-03-10,Sierra,091,2930,52,48,12,60,0
2021-03-10,Siskiyou,093,43540,1540,1458,250,1708,5
2021-03-10,Solano,095,438530,30277,30111,381,30492,170
2021-03-10,Sonoma,097,501317,28594,28638,230,28868,286
2021-03-10,Stanislaus,099,539301,51696,50968,5488,56456,706
2021-03-10,Sutter,101,95872,8994,8918,83,9001,101
2021-03-10,Tehama,103,63373,4662,4623,502,5125,33
2021-03-10,Trinity,105,12862,470,304,79,383,3
2021-03-10,Tulare,107,460477,48800,47659,8420,56079,793
2021-03-10,Tuolumne,109,53932,3934,3931,33,3964,57
2021-03-10,Ventura,111,848112,78949,78609,2827,81436,878
2021-03-10,Yolo,113,214977,13083,13021,227,13248,189
2021-03-10,Yuba,115,75493,5615,5545,89,5634,42
2021-03-09,Alameda,001,1643700,82168,81618,1769,83387,1151
2021-03-09,Alpine,003,1148,82,78,0,78,0
2021-03-09,Amador,005,37829,3508,3494,32,3526,42
2021-03-09,Butte,007,227075,11482,11092,1642,12734,185
2021-03-09,Calaveras,009,45235,1949,1913,12,1925,48
2021-03-09,Colusa,011,21464,1884,1880,273,2153,11
2021-03-09,Contra Costa,013,1133247,64293,63314,1102,64416,723
2021-03-09,Del Norte,015,27424,1062,1017,5,1022,5
2021-03-09,El Dorado,017,186661,9245,9198,598,9796,98
2021-03-09,Fresno,019,978130,98004,96744,7984,104728,1463
2021-03-09,Glenn,021,27897,2280,2251,502,2753,15
2021-03-09,Humboldt,023,135768,3316,3288,22,3310,32
2021-03-09,Imperial,025,180216,27361,27045,2580,29625,675
2021-03-09,Inyo,027,18085,1345,1324,9,1333,35
2021-03-09,Kern,029,883053,94363,92924,10071,102995,1088
2021-03-09,Kings,031,150075,22502,22143,1003,23146,226
2021-03-09,Lake,033,64148,3253,3202,6,3208,42
2021-03-09,Lassen,035,31185,5129,5120,100,5220,1
2021-03-09,Los Angeles,037,10098052,1178073,1167967,39870,1207837,22080
2021-03-09,Madera,039,155013,15873,15701,863,16564,211
2021-03-09,Marin,041,260295,13400,13335,181,13516,214
2021-03-09,Mariposa,043,17540,378,376,5,381,5
2021-03-09,Mendocino,045,87422,3681,3595,69,3664,42
2021-03-09,Merced,047,269075,29050,28876,909,29785,399
2021-03-09,Modoc,049,8938,348,338,118,456,3
2021-03-09,Mono,051,14174,1192,1203,15,1218,3
2021-03-09,Monterey,053,433212,42178,41894,1725,43619,329
2021-03-09,Napa,055,140530,9182,9155,34,9189,75
2021-03-09,Nevada,057,99092,4136,4062,167,4229,66
2021-03-09,Orange,059,3164182,249049,246989,10423,257412,4310
2021-03-09,Placer,061,380077,20960,20122,1165,21287,239
2021-03-09,Plumas,063,18699,647,639,10,649,4
2021-03-09,Riverside,065,2383286,286975,280562,13477,294039,3821
2021-03-09,Sacramento,067,1510023,96163,94720,1329,96049,1442
2021-03-09,San Benito,069,59416,5794,5800,92,5892,61
2021-03-09,San Bernardino,071,2135413,287444,282971,8627,291598,3823
2021-03-09,San Diego,073,3302833,266914,263745,13154,276899,3405
2021-03-09,San Francisco,075,870044,34631,34654,1137,35791,450
2021-03-09,San Joaquin,077,732212,67961,66383,2897,69280,1150
2021-03-09,San Luis Obispo,079,281455,19961,19672,588,20260,245
2021-03-09,San Mateo,081,765935,40059,39535,418,39953,336
2021-03-09,Santa Barbara,083,443738,33328,32314,1133,33447,428
2021-03-09,Santa Clara,085,1922200,112090,111963,609,112572,1756
2021-03-09,Santa Cruz,087,273765,15593,14764,796,15560,188
2021-03-09,Shasta,089,179085,11101,11113,1295,12408,155
2021-03-09,Sierra,091,2930,52,48,12,60,0
2021-03-09,Siskiyou,093,43540,1536,1447,248,1695,5
2021-03-09,Solano,095,438530,30241,30090,379,30469,169
2021-03-09,Sonoma,097,501317,28544,28601,227,28828,284
2021-03-09,Stanislaus,099,539301,51600,50884,5478,56362,703
2021-03-09,Sutter,101,95872,8981,8914,83,8997,101
2021-03-09,Tehama,103,63373,4654,4620,501,5121,33
2021-03-09,Trinity,105,12862,470,304,79,383,3
2021-03-09,Tulare,107,460477,48773,47637,8398,56035,792
2021-03-09,Tuolumne,109,53932,3932,3929,33,3962,56
2021-03-09,Ventura,111,848112,78879,78526,2825,81351,863
2021-03-09,Yolo,113,214977,13072,13015,226,13241,189
2021-03-09,Yuba,115,75493,5608,5539,89,5628,42
2021-03-08,Alameda,001,1643700,82056,81543,1768,83311,1142
2021-03-08,Alpine,003,1148,82,78,0,78,0
2021-03-08,Amador,005,37829,3505,3490,32,3522,42
2021-03-08,Butte,007,227075,11467,11082,1641,12723,185
2021-03-08,Calaveras,009,45235,1945,1909,12,1921,48
2021-03-08,Colusa,011,21464,1884,1877,273,2150,11
2021-03-08,Contra Costa,013,1133247,64200,63240,1102,64342,719
2021-03-08,Del Norte,015,27424,1057,1012,5,1017,5
2021-03-08,El Dorado,017,186661,9242,9188,597,9785,97
2021-03-08,Fresno,019,978130,97905,96665,7963,104628,1442
2021-03-08,Glenn,021,27897,2279,2249,502,2751,15
2021-03-08,Humboldt,023,135768,3302,3278,22,3300,31
2021-03-08,Imperial,025,180216,27354,27033,2577,29610,663
2021-03-08,Inyo,027,18085,1343,1320,9,1329,35
2021-03-08,Kern,029,883053,94296,92857,10050,102907,1087
2021-03-08,Kings,031,150075,22481,22130,1001,23131,226
2021-03-08,Lake,033,64148,3241,3195,6,3201,42
2021-03-08,Lassen,035,31185,5129,5119,100,5219,1
2021-03-08,Los Angeles,037,10098052,1177456,1163409,39838,1203247,21868
2021-03-08,Madera,039,155013,15863,15691,861,16552,211
2021-03-08,Marin,041,260295,13380,13328,179,13507,214
2021-03-08,Mariposa,043,17540,378,376,5,381,5
2021-03-08,Mendocino,045,87422,3679,3590,68,3658,42
2021-03-08,Merced,047,269075,28990,28841,908,29749,398
2021-03-08,Modoc,049,8938,348,338,118,456,3
2021-03-08,Mono,051,14174,1191,1200,15,1215,3
2021-03-08,Monterey,053,433212,42157,41863,1724,43587,328
2021-03-08,Napa,055,140530,9179,9146,34,9180,75
2021-03-08,Nevada,057,99092,4128,4059,167,4226,66
2021-03-08,Orange,059,3164182,248877,246900,10391,257291,4243
2021-03-08,Placer,061,380077,20925,20102,1154,21256,239
2021-03-08,Plumas,063,18699,646,635,10,645,4
2021-03-08,Riverside,065,2383286,286823,280463,13468,293931,3783
2021-03-08,Sacramento,067,1510023,95993,94654,1324,95978,1438
2021-03-08,San Benito,069,59416,5791,5797,92,5889,61
2021-03-08,San Bernardino,071,2135413,287335,282894,8620,291514,3811
2021-03-08,San Diego,073,3302833,266673,263272,13139,276411,3390
2021-03-08,San Francisco,075,870044,34604,34634,1133,35767,446
2021-03-08,San Joaquin,077,732212,67845,66307,2888,69195,1139
2021-03-08,San Luis Obispo,079,281455,19918,19656,585,20241,245
2021-03-08,San Mateo,081,765935,40010,39492,416,39908,335
2021-03-08,Santa Barbara,083,443738,33295,32293,1133,33426,427
2021-03-08,Santa Clara,085,1922200,111962,111882,607,112489,1756
2021-03-08,Santa Cruz,087,273765,15573,14729,796,15525,188
2021-03-08,Shasta,089,179085,11093,11088,1290,12378,155
2021-03-08,Sierra,091,2930,52,48,12,60,0
2021-03-08,Siskiyou,093,43540,1535,1440,248,1688,5
2021-03-08,Solano,095,438530,30201,30068,377,30445,169
2021-03-08,Sonoma,097,501317,28500,28571,226,28797,284
2021-03-08,Stanislaus,099,539301,51520,50825,5473,56298,690
2021-03-08,Sutter,101,95872,8978,8905,83,8988,100
2021-03-08,Tehama,103,63373,4651,4615,500,5115,33
2021-03-08,Trinity,105,12862,469,302,79,381,3
2021-03-08,Tulare,107,460477,48732,47587,8373,55960,791
2021-03-08,Tuolumne,109,53932,3931,3921,33,3954,56
2021-03-08,Ventura,111,848112,78808,78526,2817,81343,852
2021-03-08,Yolo,113,214977,13049,13000,225,13225,189
2021-03-08,Yuba,115,75493,5598,5530,89,5619,42
2021-03-07,Alameda,001,1643700,81938,81413,1767,83180,1145
2021-03-07,Alpine,003,1148,82,78,0,78,0
2021-03-07,Amador,005,37829,3502,3489,32,3521,42
2021-03-07,Butte,007,227075,11452,11075,1640,12715,185
2021-03-07,Calaveras,009,45235,1941,1906,12,1918,48
2021-03-07,Colusa,011,21464,1883,1876,273,2149,11
2021-03-07,Contra Costa,013,1133247,64101,63148,1100,64248,719
2021-03-07,Del Norte,015,27424,1052,1010,5,1015,5
2021-03-07,El Dorado,017,186661,9239,9184,596,9780,97
2021-03-07,Fresno,019,978130,97727,96549,7941,104490,1442
2021-03-07,Glenn,021,27897,2277,2244,502,2746,15
2021-03-07,Humboldt,023,135768,3292,3274,22,3296,31
2021-03-07,Imperial,025,180216,27345,27019,2575,29594,658
2021-03-07,Inyo,027,18085,1340,1320,9,1329,35
2021-03-07,Kern,029,883053,94209,92746,10020,102766,1086
2021-03-07,Kings,031,150075,22460,22103,1000,23103,224
2021-03-07,Lake,033,64148,3235,3192,6,3198,42
2021-03-07,Lassen,035,31185,5128,5119,100,5219,1
2021-03-07,Los Angeles,037,10098052,1176732,1162749,39801,1202550,21857
2021-03-07,Madera,039,155013,15844,15675,861,16536,211
2021-03-07,Marin,041,260295,13372,13313,177,13490,214
2021-03-07,Mariposa,043,17540,377,376,5,381,5
2021-03-07,Mendocino,045,87422,3676,3581,68,3649,42
2021-03-07,Merced,047,269075,28917,28829,904,29733,399
2021-03-07,Modoc,049,8938,348,338,118,456,3
2021-03-07,Mono,051,14174,1189,1199,15,1214,3
2021-03-07,Monterey,053,433212,42136,41858,1721,43579,328
2021-03-07,Napa,055,140530,9169,9137,34,9171,75
2021-03-07,Nevada,057,99092,4114,4052,166,4218,66
2021-03-07,Orange,059,3164182,248686,246771,10363,257134,4218
2021-03-07,Placer,061,380077,20885,20070,1150,21220,239
2021-03-07,Plumas,063,18699,645,635,10,645,4
2021-03-07,Riverside,065,2383286,286674,280379,13459,293838,3779
2021-03-07,Sacramento,067,1510023,95816,94513,1316,95829,1437
2021-03-07,San Benito,069,59416,5784,5795,92,5887,61
2021-03-07,San Bernardino,071,2135413,287184,282860,8615,291475,3810
2021-03-07,San Diego,073,3302833,266391,262965,13115,276080,3390
2021-03-07,San Francisco,075,870044,34570,34594,1128,35722,445
2021-03-07,San Joaquin,077,732212,67710,66252,2874,69126,1139
2021-03-07,San Luis Obispo,079,281455,19881,19614,583,20197,245
2021-03-07,San Mateo,081,765935,39970,39436,413,39849,329
2021-03-07,Santa Barbara,083,443738,33248,32218,1132,33350,425
2021-03-07,Santa Clara,085,1922200,111816,111745,603,112348,1752
2021-03-07,Santa Cruz,087,273765,15551,14715,795,15510,189
2021-03-07,Shasta,089,179085,11080,11083,1282,12365,156
2021-03-07,Sierra,091,2930,51,48,12,60,0
2021-03-07,Siskiyou,093,43540,1532,1435,244,1679,5
2021-03-07,Solano,095,438530,30164,30027,377,30404,169
2021-03-07,Sonoma,097,501317,28451,28533,224,28757,284
2021-03-07,Stanislaus,099,539301,51388,50783,5456,56239,699
2021-03-07,Sutter,101,95872,8968,8900,83,8983,100
2021-03-07,Tehama,103,63373,4641,4614,497,5111,33
2021-03-07,Trinity,105,12862,469,302,79,381,3
2021-03-07,Tulare,107,460477,48673,47569,8342,55911,790
2021-03-07,Tuolumne,109,53932,3930,3922,32,3954,56
2021-03-07,Ventura,111,848112,78710,78487,2813,81300,851
2021-03-07,Yolo,113,214977,13030,12988,225,13213,189
2021-03-07,Yuba,115,75493,5593,5516,89,5605,42
2021-03-06,Alameda,001,1643700,81883,81310,1766,83076,1143
2021-03-06,Alpine,003,1148,82,78,0,78,0
2021-03-06,Amador,005,37829,3498,3487,32,3519,42
2021-03-06,Butte,007,227075,11449,11065,1639,12704,185
2021-03-06,Calaveras,009,45235,1938,1904,12,1916,48
2021-03-06,Colusa,011,21464,1881,1874,273,2147,11
2021-03-06,Contra Costa,013,1133247,64040,63040,1096,64136,719
2021-03-06,Del Norte,015,27424,1047,1000,5,1005,5
2021-03-06,El Dorado,017,186661,9235,9166,596,9762,97
2021-03-06,Fresno,019,978130,97632,96366,7930,104296,1440
2021-03-06,Glenn,021,27897,2277,2241,502,2743,15
2021-03-06,Humboldt,023,135768,3282,3260,22,3282,31
2021-03-06,Imperial,025,180216,27341,27009,2570,29579,658
2021-03-06,Inyo,027,18085,1337,1312,9,1321,35
2021-03-06,Kern,029,883053,94163,92684,10000,102684,1082
2021-03-06,Kings,031,150075,22443,22094,1000,23094,224
2021-03-06,Lake,033,64148,3233,3189,6,3195,42
2021-03-06,Lassen,035,31185,5128,5119,100,5219,1
2021-03-06,Los Angeles,037,10098052,1176297,1161745,39771,1201516,21843
2021-03-06,Madera,039,155013,15835,15646,859,16505,211
2021-03-06,Marin,041,260295,13363,13289,177,13466,213
2021-03-06,Mariposa,043,17540,377,376,5,381,5
2021-03-06,Mendocino,045,87422,3674,3579,68,3647,42
2021-03-06,Merced,047,269075,28875,28771,904,29675,399
2021-03-06,Modoc,049,8938,347,338,118,456,3
2021-03-06,Mono,051,14174,1188,1198,15,1213,3
2021-03-06,Monterey,053,433212,42131,41838,1718,43556,327
2021-03-06,Napa,055,140530,9161,9129,34,9163,75
2021-03-06,Nevada,057,99092,4108,4044,166,4210,66
2021-03-06,Orange,059,3164182,248595,246634,10349,256983,4165
2021-03-06,Placer,061,380077,20862,20030,1148,21178,239
2021-03-06,Plumas,063,18699,645,634,10,644,4
2021-03-06,Riverside,065,2383286,286581,280225,13451,293676,3781
2021-03-06,Sacramento,067,1510023,95728,94332,1307,95639,1436
2021-03-06,San Benito,069,59416,5779,5793,92,5885,61
2021-03-06,San Bernardino,071,2135413,287100,282737,8613,291350,3791
2021-03-06,San Diego,073,3302833,266204,262778,13098,275876,3385
2021-03-06,San Francisco,075,870044,34539,34560,1124,35684,435
2021-03-06,San Joaquin,077,732212,67635,66162,2864,69026,1138
2021-03-06,San Luis Obispo,079,281455,19861,19592,581,20173,245
2021-03-06,San Mateo,081,765935,39945,39384,413,39797,329
2021-03-06,Santa Barbara,083,443738,33216,32176,1131,33307,424
2021-03-06,Santa Clara,085,1922200,111720,111570,601,112171,1749
2021-03-06,Santa Cruz,087,273765,15540,14701,795,15496,188
2021-03-06,Shasta,089,179085,11071,11076,1280,12356,158
2021-03-06,Sierra,091,2930,51,48,12,60,0
2021-03-06,Siskiyou,093,43540,1530,1432,244,1676,5
2021-03-06,Solano,095,438530,30135,30000,376,30376,169
2021-03-06,Sonoma,097,501317,28428,28484,222,28706,284
2021-03-06,Stanislaus,099,539301,51318,50691,5450,56141,711
2021-03-06,Sutter,101,95872,8962,8887,83,8970,100
2021-03-06,Tehama,103,63373,4641,4610,495,5105,33
2021-03-06,Trinity,105,12862,469,302,79,381,3
2021-03-06,Tulare,107,460477,48641,47515,8313,55828,789
2021-03-06,Tuolumne,109,53932,3928,3920,32,3952,56
2021-03-06,Ventura,111,848112,78655,78439,2812,81251,848
2021-03-06,Yolo,113,214977,13024,12951,225,13176,189
2021-03-06,Yuba,115,75493,5584,5504,89,5593,42
2021-03-05,Alameda,001,1643700,81793,81215,1764,82979,1141
2021-03-05,Alpine,003,1148,82,78,0,78,0
2021-03-05,Amador,005,37829,3497,3484,32,3516,42
2021-03-05,Butte,007,227075,11438,11050,1638,12688,185
2021-03-05,Calaveras,009,45235,1934,1902,12,1914,48
2021-03-05,Colusa,011,21464,1881,1874,273,2147,11
2021-03-05,Contra Costa,013,1133247,63960,62886,1093,63979,711
2021-03-05,Del Norte,015,27424,1043,995,5,1000,5
2021-03-05,El Dorado,017,186661,9230,9150,595,9745,97
2021-03-05,Fresno,019,978130,97524,96184,7911,104095,1432
2021-03-05,Glenn,021,27897,2272,2241,502,2743,15
2021-03-05,Humboldt,023,135768,3275,3234,22,3256,31
2021-03-05,Imperial,025,180216,27331,26970,2561,29531,651
2021-03-05,Inyo,027,18085,1333,1309,9,1318,35
2021-03-05,Kern,029,883053,94123,92601,9987,102588,1076
2021-03-05,Kings,031,150075,22425,22063,999,23062,224
2021-03-05,Lake,033,64148,3231,3185,6,3191,42
2021-03-05,Lassen,035,31185,5128,5117,98,5215,1
2021-03-05,Los Angeles,037,10098052,1175809,1160688,39740,1200428,21745
2021-03-05,Madera,039,155013,15825,15624,857,16481,211
2021-03-05,Marin,041,260295,13350,13275,176,13451,215
2021-03-05,Mariposa,043,17540,377,375,5,380,4
2021-03-05,Mendocino,045,87422,3671,3577,68,3645,42
2021-03-05,Merced,047,269075,28841,28734,903,29637,399
2021-03-05,Modoc,049,8938,347,337,118,455,3
2021-03-05,Mono,051,14174,1187,1197,15,1212,3
2021-03-05,Monterey,053,433212,42118,41802,1718,43520,325
2021-03-05,Napa,055,140530,9153,9109,34,9143,75
2021-03-05,Nevada,057,99092,4104,4033,166,4199,66
2021-03-05,Orange,059,3164182,248481,246489,10336,256825,4108
2021-03-05,Placer,061,380077,20836,19973,1144,21117,239
2021-03-05,Plumas,063,18699,645,635,10,645,4
2021-03-05,Riverside,065,2383286,286469,280075,13446,293521,3781
2021-03-05,Sacramento,067,1510023,95632,94182,1300,95482,1430
2021-03-05,San Benito,069,59416,5776,5790,92,5882,61
2021-03-05,San Bernardino,071,2135413,287006,282640,8609,291249,3774
2021-03-05,San Diego,073,3302833,265971,262357,13081,275438,3371
2021-03-05,San Francisco,075,870044,34499,34526,1120,35646,430
2021-03-05,San Joaquin,077,732212,67555,66041,2855,68896,1133
2021-03-05,San Luis Obispo,079,281455,19840,19557,579,20136,244
2021-03-05,San Mateo,081,765935,39913,39305,413,39718,326
2021-03-05,Santa Barbara,083,443738,33181,32139,1126,33265,424
2021-03-05,Santa Clara,085,1922200,111624,111384,601,111985,1745
2021-03-05,Santa Cruz,087,273765,15529,14694,795,15489,188
2021-03-05,Shasta,089,179085,11059,11062,1274,12336,148
2021-03-05,Sierra,091,2930,51,48,12,60,0
2021-03-05,Siskiyou,093,43540,1526,1429,243,1672,5
2021-03-05,Solano,095,438530,30118,29951,374,30325,168
2021-03-05,Sonoma,097,501317,28402,28417,222,28639,279
2021-03-05,Stanislaus,099,539301,51267,50606,5440,56046,721
2021-03-05,Sutter,101,95872,8955,8876,83,8959,100
2021-03-05,Tehama,103,63373,4632,4606,495,5101,33
2021-03-05,Trinity,105,12862,469,302,79,381,3
2021-03-05,Tulare,107,460477,48612,47469,8294,55763,789
2021-03-05,Tuolumne,109,53932,3926,3917,32,3949,56
2021-03-05,Ventura,111,848112,78588,78368,2811,81179,839
2021-03-05,Yolo,113,214977,13012,12920,224,13144,188
2021-03-05,Yuba,115,75493,5572,5496,89,5585,42
2021-03-04,Alameda,001,1643700,81684,81115,1764,82879,1136
2021-03-04,Alpine,003,1148,82,78,0,78,0
2021-03-04,Amador,005,37829,3496,3480,32,3512,42
2021-03-04,Butte,007,227075,11431,11033,1637,12670,185
2021-03-04,Calaveras,009,45235,1933,1896,12,1908,48
2021-03-04,Colusa,011,21464,1879,1873,268,2141,11
2021-03-04,Contra Costa,013,1133247,63861,62789,1091,63880,708
2021-03-04,Del Norte,015,27424,1035,989,5,994,5
2021-03-04,El Dorado,017,186661,9215,9133,595,9728,97
2021-03-04,Fresno,019,978130,97360,96023,7889,103912,1422
2021-03-04,Glenn,021,27897,2266,2236,501,2737,15
2021-03-04,Humboldt,023,135768,3261,3212,22,3234,31
2021-03-04,Imperial,025,180216,27319,26946,2558,29504,646
2021-03-04,Inyo,027,18085,1330,1300,9,1309,35
2021-03-04,Kern,029,883053,94035,92525,9968,102493,1070
2021-03-04,Kings,031,150075,22400,22025,996,23021,224
2021-03-04,Lake,033,64148,3223,3181,6,3187,42
2021-03-04,Lassen,035,31185,5128,5116,98,5214,1
2021-03-04,Los Angeles,037,10098052,1175200,1159405,39691,1199096,21610
2021-03-04,Madera,039,155013,15790,15596,854,16450,208
2021-03-04,Marin,041,260295,13333,13240,173,13413,215
2021-03-04,Mariposa,043,17540,377,376,5,381,4
2021-03-04,Mendocino,045,87422,3668,3569,68,3637,42
2021-03-04,Merced,047,269075,28791,28671,901,29572,396
2021-03-04,Modoc,049,8938,346,336,118,454,3
2021-03-04,Mono,051,14174,1187,1197,15,1212,3
2021-03-04,Monterey,053,433212,42098,41771,1715,43486,325
2021-03-04,Napa,055,140530,9145,9094,34,9128,74
2021-03-04,Nevada,057,99092,4094,4020,166,4186,66
2021-03-04,Orange,059,3164182,248325,246354,10319,256673,4096
2021-03-04,Placer,061,380077,20804,19900,1138,21038,239
2021-03-04,Plumas,063,18699,645,634,10,644,4
2021-03-04,Riverside,065,2383286,286339,279871,13433,293304,3766
2021-03-04,Sacramento,067,1510023,95497,93982,1297,95279,1426
2021-03-04,San Benito,069,59416,5776,5781,92,5873,61
2021-03-04,San Bernardino,071,2135413,286876,282407,8605,291012,3757
2021-03-04,San Diego,073,3302833,265712,261858,13037,274895,3359
2021-03-04,San Francisco,075,870044,34465,34480,1117,35597,426
2021-03-04,San Joaquin,077,732212,67462,65931,2845,68776,1129
2021-03-04,San Luis Obispo,079,281455,19802,19520,577,20097,243
2021-03-04,San Mateo,081,765935,39869,39225,412,39637,322
2021-03-04,Santa Barbara,083,443738,33142,32090,1125,33215,423
2021-03-04,Santa Clara,085,1922200,111490,111194,599,111793,1723
2021-03-04,Santa Cruz,087,273765,15510,14669,795,15464,186
2021-03-04,Shasta,089,179085,11056,11050,1265,12315,150
2021-03-04,Sierra,091,2930,51,48,12,60,0
2021-03-04,Siskiyou,093,43540,1520,1427,243,1670,5
2021-03-04,Solano,095,438530,30091,29905,373,30278,168
2021-03-04,Sonoma,097,501317,28347,28379,221,28600,279
2021-03-04,Stanislaus,099,539301,51178,50521,5432,55953,731
2021-03-04,Sutter,101,95872,8943,8849,83,8932,100
2021-03-04,Tehama,103,63373,4626,4604,495,5099,33
2021-03-04,Trinity,105,12862,469,302,79,381,3
2021-03-04,Tulare,107,460477,48567,47398,8269,55667,784
2021-03-04,Tuolumne,109,53932,3920,3916,32,3948,56
2021-03-04,Ventura,111,848112,78501,78184,2809,80993,831
2021-03-04,Yolo,113,214977,12992,12895,224,13119,189
2021-03-04,Yuba,115,75493,5560,5483,89,5572,41
2021-03-03,Alameda,001,1643700,81562,80972,1762,82734,1127
2021-03-03,Alpine,003,1148,82,77,0,77,0
2021-03-03,Amador,005,37829,3494,3478,31,3509,42
2021-03-03,Butte,007,227075,11424,11014,1636,12650,184
2021-03-03,Calaveras,009,45235,1932,1893,12,1905,48
2021-03-03,Colusa,011,21464,1878,1873,268,2141,11
2021-03-03,Contra Costa,013,1133247,63763,62668,1088,63756,708
2021-03-03,Del Norte,015,27424,1032,988,5,993,5
2021-03-03,El Dorado,017,186661,9205,9121,595,9716,97
2021-03-03,Fresno,019,978130,97216,95893,7871,103764,1415
2021-03-03,Glenn,021,27897,2266,2233,501,2734,15
2021-03-03,Humboldt,023,135768,3250,3196,22,3218,30
2021-03-03,Imperial,025,180216,27302,26939,2553,29492,640
2021-03-03,Inyo,027,18085,1322,1294,9,1303,35
2021-03-03,Kern,029,883053,93959,92434,9951,102385,1063
2021-03-03,Kings,031,150075,22384,22009,995,23004,223
2021-03-03,Lake,033,64148,3216,3175,6,3181,40
2021-03-03,Lassen,035,31185,5128,5115,98,5213,1
2021-03-03,Los Angeles,037,10098052,1174561,1157911,39650,1197561,21500
2021-03-03,Madera,039,155013,15771,15553,848,16401,203
2021-03-03,Marin,041,260295,13320,13216,173,13389,214
2021-03-03,Mariposa,043,17540,376,376,5,381,4
2021-03-03,Mendocino,045,87422,3660,3564,68,3632,42
2021-03-03,Merced,047,269075,28739,28625,901,29526,393
2021-03-03,Modoc,049,8938,346,333,117,450,3
2021-03-03,Mono,051,14174,1187,1191,15,1206,3
2021-03-03,Monterey,053,433212,42065,41731,1712,43443,325
2021-03-03,Napa,055,140530,9137,9090,34,9124,72
2021-03-03,Nevada,057,99092,4084,4009,166,4175,66
2021-03-03,Orange,059,3164182,248180,246120,10304,256424,4072
2021-03-03,Placer,061,380077,20778,19851,1135,20986,239
2021-03-03,Plumas,063,18699,644,631,10,641,4
2021-03-03,Riverside,065,2383286,286206,279626,13427,293053,3735
2021-03-03,Sacramento,067,1510023,95336,93819,1289,95108,1419
2021-03-03,San Benito,069,59416,5775,5774,92,5866,61
2021-03-03,San Bernardino,071,2135413,286735,282138,8598,290736,3664
2021-03-03,San Diego,073,3302833,265449,261350,13006,274356,3342
2021-03-03,San Francisco,075,870044,34433,34443,1114,35557,426
2021-03-03,San Joaquin,077,732212,67350,65855,2838,68693,1115
2021-03-03,San Luis Obispo,079,281455,19776,19479,574,20053,241
2021-03-03,San Mateo,081,765935,39823,39189,411,39600,319
2021-03-03,Santa Barbara,083,443738,33105,32027,1125,33152,421
2021-03-03,Santa Clara,085,1922200,111335,110991,597,111588,1720
2021-03-03,Santa Cruz,087,273765,15499,14645,795,15440,185
2021-03-03,Shasta,089,179085,11046,11023,1258,12281,150
2021-03-03,Sierra,091,2930,51,48,12,60,0
2021-03-03,Siskiyou,093,43540,1518,1424,243,1667,5
2021-03-03,Solano,095,438530,30055,29866,372,30238,167
2021-03-03,Sonoma,097,501317,28308,28307,220,28527,279
2021-03-03,Stanislaus,099,539301,51100,50438,5425,55863,730
2021-03-03,Sutter,101,95872,8934,8840,83,8923,99
2021-03-03,Tehama,103,63373,4623,4601,495,5096,32
2021-03-03,Trinity,105,12862,469,302,79,381,3
2021-03-03,Tulare,107,460477,48516,47348,8238,55586,778
2021-03-03,Tuolumne,109,53932,3918,3914,31,3945,56
2021-03-03,Ventura,111,848112,78418,78057,2803,80860,822
2021-03-03,Yolo,113,214977,12979,12890,224,13114,189
2021-03-03,Yuba,115,75493,5547,5479,89,5568,41
2021-03-02,Alameda,001,1643700,81442,80904,1760,82664,1116
2021-03-02,Alpine,003,1148,82,77,0,77,0
2021-03-02,Amador,005,37829,3492,3474,31,3505,42
2021-03-02,Butte,007,227075,11414,11007,1634,12641,182
2021-03-02,Calaveras,009,45235,1924,1890,12,1902,48
2021-03-02,Colusa,011,21464,1878,1872,267,2139,11
2021-03-02,Contra Costa,013,1133247,63651,62557,1084,63641,694
2021-03-02,Del Norte,015,27424,1025,983,5,988,5
2021-03-02,El Dorado,017,186661,9197,9116,595,9711,98
2021-03-02,Fresno,019,978130,97069,95785,7845,103630,1410
2021-03-02,Glenn,021,27897,2260,2232,500,2732,15
2021-03-02,Humboldt,023,135768,3231,3184,22,3206,30
2021-03-02,Imperial,025,180216,27292,26926,2551,29477,637
2021-03-02,Inyo,027,18085,1318,1292,9,1301,35
2021-03-02,Kern,029,883053,93853,92313,9924,102237,1046
2021-03-02,Kings,031,150075,22332,21999,993,22992,217
2021-03-02,Lake,033,64148,3210,3169,6,3175,40
2021-03-02,Lassen,035,31185,5123,5115,97,5212,1
2021-03-02,Los Angeles,037,10098052,1173924,1156826,39604,1196430,21395
2021-03-02,Madera,039,155013,15751,15523,845,16368,194
2021-03-02,Marin,041,260295,13297,13186,172,13358,214
2021-03-02,Mariposa,043,17540,376,376,5,381,4
2021-03-02,Mendocino,045,87422,3657,3562,67,3629,41
2021-03-02,Merced,047,269075,28682,28598,901,29499,389
2021-03-02,Modoc,049,8938,346,332,117,449,3
2021-03-02,Mono,051,14174,1186,1191,15,1206,3
2021-03-02,Monterey,053,433212,42038,41716,1710,43426,325
2021-03-02,Napa,055,140530,9125,9080,34,9114,71
2021-03-02,Nevada,057,99092,4075,3983,165,4148,66
2021-03-02,Orange,059,3164182,248034,246004,10287,256291,4037
2021-03-02,Placer,061,380077,20724,19828,1132,20960,239
2021-03-02,Plumas,063,18699,642,628,10,638,4
2021-03-02,Riverside,065,2383286,286034,279486,13419,292905,3721
2021-03-02,Sacramento,067,1510023,95169,93690,1287,94977,1411
2021-03-02,San Benito,069,59416,5768,5770,92,5862,60
2021-03-02,San Bernardino,071,2135413,286602,281919,8592,290511,3604
2021-03-02,San Diego,073,3302833,265205,260998,12984,273982,3317
2021-03-02,San Francisco,075,870044,34393,34387,1110,35497,424
2021-03-02,San Joaquin,077,732212,67242,65769,2820,68589,1111
2021-03-02,San Luis Obispo,079,281455,19743,19452,574,20026,241
2021-03-02,San Mateo,081,765935,39771,39148,410,39558,317
2021-03-02,Santa Barbara,083,443738,33057,31964,1121,33085,416
2021-03-02,Santa Clara,085,1922200,111156,110832,596,111428,1706
2021-03-02,Santa Cruz,087,273765,15485,14611,793,15404,185
2021-03-02,Shasta,089,179085,11032,11012,1247,12259,149
2021-03-02,Sierra,091,2930,51,48,12,60,0
2021-03-02,Siskiyou,093,43540,1514,1412,241,1653,5
2021-03-02,Solano,095,438530,30022,29827,370,30197,167
2021-03-02,Sonoma,097,501317,28253,28261,220,28481,279
2021-03-02,Stanislaus,099,539301,51013,50359,5412,55771,724
2021-03-02,Sutter,101,95872,8925,8832,83,8915,99
2021-03-02,Tehama,103,63373,4621,4597,495,5092,32
2021-03-02,Trinity,105,12862,469,301,79,380,3
2021-03-02,Tulare,107,460477,48453,47326,8218,55544,783
2021-03-02,Tuolumne,109,53932,3914,3908,31,3939,53
2021-03-02,Ventura,111,848112,78327,77952,2799,80751,780
2021-03-02,Yolo,113,214977,12962,12867,224,13091,189
2021-03-02,Yuba,115,75493,5539,5475,89,5564,41
2021-03-01,Alameda,001,1643700,81318,80805,1758,82563,1105
2021-03-01,Alpine,003,1148,80,77,0,77,0
2021-03-01,Amador,005,37829,3489,3469,31,3500,42
2021-03-01,Butte,007,227075,11398,10981,1629,12610,180
2021-03-01,Calaveras,009,45235,1920,1885,12,1897,46
2021-03-01,Colusa,011,21464,1877,1871,267,2138,11
2021-03-01,Contra Costa,013,1133247,63542,62458,1083,63541,694
2021-03-01,Del Norte,015,27424,1020,982,5,987,5
2021-03-01,El Dorado,017,186661,9173,9085,595,9680,98
2021-03-01,Fresno,019,978130,96931,95677,7823,103500,1405
2021-03-01,Glenn,021,27897,2255,2232,499,2731,15
2021-03-01,Humboldt,023,135768,3212,3179,22,3201,30
2021-03-01,Imperial,025,180216,27282,26913,2543,29456,636
2021-03-01,Inyo,027,18085,1315,1285,9,1294,35
2021-03-01,Kern,029,883053,93764,92219,9898,102117,1041
2021-03-01,Kings,031,150075,22315,21988,987,22975,217
2021-03-01,Lake,033,64148,3205,3164,6,3170,40
2021-03-01,Lassen,035,31185,5121,5111,97,5208,1
2021-03-01,Los Angeles,037,10098052,1173267,1155984,39562,1195546,21293
2021-03-01,Madera,039,155013,15722,15505,834,16339,194
2021-03-01,Marin,041,260295,13270,13161,171,13332,214
2021-03-01,Mariposa,043,17540,376,375,5,380,4
2021-03-01,Mendocino,045,87422,3650,3561,67,3628,41
2021-03-01,Merced,047,269075,28637,28575,897,29472,385
2021-03-01,Modoc,049,8938,343,331,116,447,3
2021-03-01,Mono,051,14174,1185,1192,15,1207,3
2021-03-01,Monterey,053,433212,42013,41697,1708,43405,324
2021-03-01,Napa,055,140530,9116,9056,34,9090,70
2021-03-01,Nevada,057,99092,4056,3979,165,4144,66
2021-03-01,Orange,059,3164182,247841,245852,10272,256124,3976
2021-03-01,Placer,061,380077,20686,19803,1129,20932,239
2021-03-01,Plumas,063,18699,642,628,10,638,4
2021-03-01,Riverside,065,2383286,285816,279323,13412,292735,3680
2021-03-01,Sacramento,067,1510023,95024,93546,1285,94831,1401
2021-03-01,San Benito,069,59416,5763,5772,92,5864,57
2021-03-01,San Bernardino,071,2135413,286458,281685,8588,290273,3603
2021-03-01,San Diego,073,3302833,264887,260622,12951,273573,3303
2021-03-01,San Francisco,075,870044,34349,34318,1102,35420,424
2021-03-01,San Joaquin,077,732212,67133,65699,2809,68508,1097
2021-03-01,San Luis Obispo,079,281455,19721,19429,572,20001,239
2021-03-01,San Mateo,081,765935,39719,39096,409,39505,314
2021-03-01,Santa Barbara,083,443738,33014,31909,1120,33029,413
2021-03-01,Santa Clara,085,1922200,110998,110684,593,111277,1704
2021-03-01,Santa Cruz,087,273765,15466,14575,792,15367,185
2021-03-01,Shasta,089,179085,11020,10990,1244,12234,149
2021-03-01,Sierra,091,2930,51,48,12,60,0
2021-03-01,Siskiyou,093,43540,1510,1408,239,1647,5
2021-03-01,Solano,095,438530,29979,29779,369,30148,166
2021-03-01,Sonoma,097,501317,28205,28222,218,28440,278
2021-03-01,Stanislaus,099,539301,50937,50293,5406,55699,722
2021-03-01,Sutter,101,95872,8913,8825,83,8908,99
2021-03-01,Tehama,103,63373,4617,4595,495,5090,32
2021-03-01,Trinity,105,12862,469,298,78,376,3
2021-03-01,Tulare,107,460477,48415,47275,8184,55459,781
2021-03-01,Tuolumne,109,53932,3911,3907,31,3938,53
2021-03-01,Ventura,111,848112,78245,77849,2798,80647,775
2021-03-01,Yolo,113,214977,12945,12854,222,13076,188
2021-03-01,Yuba,115,75493,5527,5466,89,5555,41
2021-02-28,Alameda,001,1643700,81197,80727,1756,82483,1105
2021-02-28,Alpine,003,1148,80,77,0,77,0
2021-02-28,Amador,005,37829,3484,3466,30,3496,42
2021-02-28,Butte,007,227075,11383,10970,1629,12599,180
2021-02-28,Calaveras,009,45235,1914,1881,12,1893,46
2021-02-28,Colusa,011,21464,1877,1871,266,2137,11
2021-02-28,Contra Costa,013,1133247,63415,62386,1078,63464,694
2021-02-28,Del Norte,015,27424,1018,981,5,986,5
2021-02-28,El Dorado,017,186661,9162,9082,595,9677,98
2021-02-28,Fresno,019,978130,96749,95548,7789,103337,1405
2021-02-28,Glenn,021,27897,2253,2230,497,2727,15
2021-02-28,Humboldt,023,135768,3189,3179,22,3201,30
2021-02-28,Imperial,025,180216,27255,26909,2537,29446,636
2021-02-28,Inyo,027,18085,1310,1282,9,1291,35
2021-02-28,Kern,029,883053,93649,92169,9877,102046,1012
2021-02-28,Kings,031,150075,22294,21967,986,22953,217
2021-02-28,Lake,033,64148,3200,3164,6,3170,40
2021-02-28,Lassen,035,31185,5120,5106,97,5203,1
2021-02-28,Los Angeles,037,10098052,1172482,1155141,39500,1194641,21261
2021-02-28,Madera,039,155013,15680,15496,831,16327,199
2021-02-28,Marin,041,260295,13247,13152,169,13321,214
2021-02-28,Mariposa,043,17540,376,374,5,379,4
2021-02-28,Mendocino,045,87422,3644,3558,67,3625,41
2021-02-28,Merced,047,269075,28573,28546,896,29442,384
2021-02-28,Modoc,049,8938,343,331,116,447,3
2021-02-28,Mono,051,14174,1182,1192,15,1207,3
2021-02-28,Monterey,053,433212,41981,41683,1707,43390,323
2021-02-28,Napa,055,140530,9097,9053,34,9087,70
2021-02-28,Nevada,057,99092,4043,3972,165,4137,66
2021-02-28,Orange,059,3164182,247641,245706,10265,255971,3970
2021-02-28,Placer,061,380077,20639,19775,1127,20902,239
2021-02-28,Plumas,063,18699,642,628,10,638,4
2021-02-28,Riverside,065,2383286,285582,279214,13401,292615,3661
2021-02-28,Sacramento,067,1510023,94840,93463,1280,94743,1398
2021-02-28,San Benito,069,59416,5752,5772,92,5864,57
2021-02-28,San Bernardino,071,2135413,286318,281620,8576,290196,3595
2021-02-28,San Diego,073,3302833,264591,260353,12917,273270,3303
2021-02-28,San Francisco,075,870044,34307,34291,1096,35387,417
2021-02-28,San Joaquin,077,732212,67025,65662,2800,68462,1097
2021-02-28,San Luis Obispo,079,281455,19685,19422,570,19992,237
2021-02-28,San Mateo,081,765935,39666,39059,408,39467,314
2021-02-28,Santa Barbara,083,443738,32961,31877,1120,32997,413
2021-02-28,Santa Clara,085,1922200,110799,110556,590,111146,1704
2021-02-28,Santa Cruz,087,273765,15437,14571,789,15360,185
2021-02-28,Shasta,089,179085,10999,10990,1240,12230,149
2021-02-28,Sierra,091,2930,51,48,12,60,0
2021-02-28,Siskiyou,093,43540,1502,1408,238,1646,5
2021-02-28,Solano,095,438530,29923,29758,363,30121,166
2021-02-28,Sonoma,097,501317,28142,28193,217,28410,279
2021-02-28,Stanislaus,099,539301,50846,50228,5393,55621,728
2021-02-28,Sutter,101,95872,8898,8825,83,8908,99
2021-02-28,Tehama,103,63373,4610,4590,495,5085,32
2021-02-28,Trinity,105,12862,469,298,78,376,3
2021-02-28,Tulare,107,460477,48353,47258,8153,55411,780
2021-02-28,Tuolumne,109,53932,3906,3905,31,3936,53
2021-02-28,Ventura,111,848112,78134,77749,2795,80544,775
2021-02-28,Yolo,113,214977,12923,12851,222,13073,188
2021-02-28,Yuba,115,75493,5517,5461,89,5550,41
2021-02-27,Alameda,001,1643700,81124,80565,1754,82319,1108
2021-02-27,Alpine,003,1148,80,77,0,77,0
2021-02-27,Amador,005,37829,3482,3463,30,3493,42
2021-02-27,Butte,007,227075,11371,10962,1629,12591,180
2021-02-27,Calaveras,009,45235,1909,1875,12,1887,46
2021-02-27,Colusa,011,21464,1876,1869,266,2135,11
2021-02-27,Contra Costa,013,1133247,63344,62248,1075,63323,693
2021-02-27,Del Norte,015,27424,1016,978,5,983,5
2021-02-27,El Dorado,017,186661,9158,9072,595,9667,98
2021-02-27,Fresno,019,978130,96672,95393,7778,103171,1400
2021-02-27,Glenn,021,27897,2253,2225,496,2721,15
2021-02-27,Humboldt,023,135768,3183,3167,22,3189,30
2021-02-27,Imperial,025,180216,27247,26903,2536,29439,633
2021-02-27,Inyo,027,18085,1307,1275,9,1284,35
2021-02-27,Kern,029,883053,93588,92053,9862,101915,996
2021-02-27,Kings,031,150075,22284,21955,983,22938,216
2021-02-27,Lake,033,64148,3197,3156,6,3162,40
2021-02-27,Lassen,035,31185,5120,5106,97,5203,1
2021-02-27,Los Angeles,037,10098052,1171989,1154275,39473,1193748,21158
2021-02-27,Madera,039,155013,15663,15467,830,16297,199
2021-02-27,Marin,041,260295,13223,13134,169,13303,214
2021-02-27,Mariposa,043,17540,376,374,5,379,4
2021-02-27,Mendocino,045,87422,3641,3555,67,3622,41
2021-02-27,Merced,047,269075,28531,28501,888,29389,384
2021-02-27,Modoc,049,8938,343,331,115,446,3
2021-02-27,Mono,051,14174,1180,1191,15,1206,3
2021-02-27,Monterey,053,433212,41972,41665,1707,43372,322
2021-02-27,Napa,055,140530,9086,9038,34,9072,71
2021-02-27,Nevada,057,99092,4037,3960,165,4125,66
2021-02-27,Orange,059,3164182,247514,245542,10254,255796,3960
2021-02-27,Placer,061,380077,20603,19726,1124,20850,239
2021-02-27,Plumas,063,18699,642,628,10,638,4
2021-02-27,Riverside,065,2383286,285471,279048,13391,292439,3663
2021-02-27,Sacramento,067,1510023,94757,93281,1270,94551,1396
2021-02-27,San Benito,069,59416,5751,5767,91,5858,57
2021-02-27,San Bernardino,071,2135413,286239,281471,8569,290040,3527
2021-02-27,San Diego,073,3302833,264401,260091,12879,272970,3284
2021-02-27,San Francisco,075,870044,34273,34260,1093,35353,413
2021-02-27,San Joaquin,077,732212,66979,65578,2798,68376,1100
2021-02-27,San Luis Obispo,079,281455,19664,19411,569,19980,237
2021-02-27,San Mateo,081,765935,39625,38998,407,39405,313
2021-02-27,Santa Barbara,083,443738,32925,31805,1119,32924,411
2021-02-27,Santa Clara,085,1922200,110651,110361,588,110949,1703
2021-02-27,Santa Cruz,087,273765,15428,14552,788,15340,185
2021-02-27,Shasta,089,179085,10993,10985,1236,12221,149
2021-02-27,Sierra,091,2930,51,48,12,60,0
2021-02-27,Siskiyou,093,43540,1500,1407,237,1644,5
2021-02-27,Solano,095,438530,29895,29718,362,30080,165
2021-02-27,Sonoma,097,501317,28098,28141,211,28352,281
2021-02-27,Stanislaus,099,539301,50791,50147,5383,55530,733
2021-02-27,Sutter,101,95872,8893,8820,83,8903,99
2021-02-27,Tehama,103,63373,4607,4584,495,5079,32
2021-02-27,Trinity,105,12862,469,298,78,376,3
2021-02-27,Tulare,107,460477,48316,47209,8127,55336,770
2021-02-27,Tuolumne,109,53932,3903,3899,31,3930,53
2021-02-27,Ventura,111,848112,78062,77623,2792,80415,771
2021-02-27,Yolo,113,214977,12911,12834,222,13056,188
2021-02-27,Yuba,115,75493,5514,5450,89,5539,39
2021-02-26,Alameda,001,1643700,81029,80387,1749,82136,1106
2021-02-26,Alpine,003,1148,80,77,0,77,0
2021-02-26,Amador,005,37829,3476,3457,30,3487,42
2021-02-26,Butte,007,227075,11360,10941,1629,12570,180
2021-02-26,Calaveras,009,45235,1906,1873,12,1885,46
2021-02-26,Colusa,011,21464,1876,1865,266,2131,11
2021-02-26,Contra Costa,013,1133247,63262,62114,1075,63189,685
2021-02-26,Del Norte,015,27424,1012,968,5,973,5
2021-02-26,El Dorado,017,186661,9153,9038,593,9631,98
2021-02-26,Fresno,019,978130,96567,95202,7770,102972,1391
2021-02-26,Glenn,021,27897,2250,2220,496,2716,15
2021-02-26,Humboldt,023,135768,3177,3152,22,3174,30
2021-02-26,Imperial,025,180216,27239,26888,2534,29422,631
2021-02-26,Inyo,027,18085,1305,1271,9,1280,34
2021-02-26,Kern,029,883053,93509,91884,9846,101730,997
2021-02-26,Kings,031,150075,22268,21917,980,22897,216
2021-02-26,Lake,033,64148,3192,3153,6,3159,40
2021-02-26,Lassen,035,31185,5120,5102,97,5199,1
2021-02-26,Los Angeles,037,10098052,1171415,1153131,39412,1192543,21070
2021-02-26,Madera,039,155013,15647,15436,828,16264,199
2021-02-26,Marin,041,260295,13209,13091,169,13260,214
2021-02-26,Mariposa,043,17540,376,375,5,380,4
2021-02-26,Mendocino,045,87422,3636,3549,67,3616,41
2021-02-26,Merced,047,269075,28497,28455,888,29343,382
2021-02-26,Modoc,049,8938,342,330,115,445,3
2021-02-26,Mono,051,14174,1178,1191,15,1206,3
2021-02-26,Monterey,053,433212,41946,41607,1707,43314,322
2021-02-26,Napa,055,140530,9080,9014,34,9048,70
2021-02-26,Nevada,057,99092,4026,3952,165,4117,66
2021-02-26,Orange,059,3164182,247374,245278,10244,255522,3918
2021-02-26,Placer,061,380077,20577,19712,1118,20830,239
2021-02-26,Plumas,063,18699,642,628,10,638,4
2021-02-26,Riverside,065,2383286,285327,278772,13385,292157,3653
2021-02-26,Sacramento,067,1510023,94634,93180,1267,94447,1390
2021-02-26,San Benito,069,59416,5750,5759,91,5850,57
2021-02-26,San Bernardino,071,2135413,286140,281132,8567,289699,3461
2021-02-26,San Diego,073,3302833,264174,259641,12858,272499,3271
2021-02-26,San Francisco,075,870044,34243,34213,1088,35301,413
2021-02-26,San Joaquin,077,732212,66898,65492,2792,68284,1070
2021-02-26,San Luis Obispo,079,281455,19648,19359,567,19926,234
2021-02-26,San Mateo,081,765935,39579,38922,407,39329,313
2021-02-26,Santa Barbara,083,443738,32881,31724,1118,32842,410
2021-02-26,Santa Clara,085,1922200,110519,110168,586,110754,1700
2021-02-26,Santa Cruz,087,273765,15416,14528,787,15315,185
2021-02-26,Shasta,089,179085,10986,10972,1227,12199,149
2021-02-26,Sierra,091,2930,51,47,12,59,0
2021-02-26,Siskiyou,093,43540,1500,1401,237,1638,5
2021-02-26,Solano,095,438530,29861,29651,361,30012,165
2021-02-26,Sonoma,097,501317,28069,28063,210,28273,280
2021-02-26,Stanislaus,099,539301,50735,50054,5375,55429,737
2021-02-26,Sutter,101,95872,8884,8806,83,8889,99
2021-02-26,Tehama,103,63373,4605,4581,495,5076,32
2021-02-26,Trinity,105,12862,468,298,78,376,3
2021-02-26,Tulare,107,460477,48281,47135,8097,55232,770
2021-02-26,Tuolumne,109,53932,3902,3896,31,3927,53
2021-02-26,Ventura,111,848112,77962,77534,2790,80324,765
2021-02-26,Yolo,113,214977,12904,12816,222,13038,188
2021-02-26,Yuba,115,75493,5509,5438,89,5527,39
2021-02-25,Alameda,001,1643700,80907,80181,1748,81929,1093
2021-02-25,Alpine,003,1148,80,77,0,77,0
2021-02-25,Amador,005,37829,3473,3448,30,3478,41
2021-02-25,Butte,007,227075,11339,10922,1624,12546,178
2021-02-25,Calaveras,009,45235,1898,1868,12,1880,46
2021-02-25,Colusa,011,21464,1873,1863,265,2128,11
2021-02-25,Contra Costa,013,1133247,63160,61910,1075,62985,686
2021-02-25,Del Norte,015,27424,1002,966,5,971,5
2021-02-25,El Dorado,017,186661,9137,9012,593,9605,98
2021-02-25,Fresno,019,978130,96423,95015,7747,102762,1377
2021-02-25,Glenn,021,27897,2247,2219,495,2714,15
2021-02-25,Humboldt,023,135768,3170,3129,22,3151,30
2021-02-25,Imperial,025,180216,27233,26855,2530,29385,628
2021-02-25,Inyo,027,18085,1299,1264,9,1273,33
2021-02-25,Kern,029,883053,93393,91735,9821,101556,992
2021-02-25,Kings,031,150075,22259,21900,977,22877,216
2021-02-25,Lake,033,64148,3183,3141,6,3147,40
2021-02-25,Lassen,035,31185,5119,5097,96,5193,1
2021-02-25,Los Angeles,037,10098052,1170676,1151846,39354,1191200,20931
2021-02-25,Madera,039,155013,15612,15414,824,16238,194
2021-02-25,Marin,041,260295,13185,13067,169,13236,214
2021-02-25,Mariposa,043,17540,376,375,5,380,4
2021-02-25,Mendocino,045,87422,3631,3542,67,3609,41
2021-02-25,Merced,047,269075,28447,28383,887,29270,382
2021-02-25,Modoc,049,8938,342,329,115,444,3
2021-02-25,Mono,051,14174,1177,1190,15,1205,3
2021-02-25,Monterey,053,433212,41921,41564,1702,43266,321
2021-02-25,Napa,055,140530,9054,8998,34,9032,70
2021-02-25,Nevada,057,99092,4009,3940,164,4104,66
2021-02-25,Orange,059,3164182,247201,245000,10234,255234,3882
2021-02-25,Placer,061,380077,20536,19661,1116,20777,239
2021-02-25,Plumas,063,18699,642,626,10,636,4
2021-02-25,Riverside,065,2383286,285138,278544,13364,291908,3646
2021-02-25,Sacramento,067,1510023,94476,92961,1255,94216,1386
2021-02-25,San Benito,069,59416,5745,5752,91,5843,58
2021-02-25,San Bernardino,071,2135413,286006,280946,8559,289505,3409
2021-02-25,San Diego,073,3302833,263880,258979,12828,271807,3260
2021-02-25,San Francisco,075,870044,34201,34138,1085,35223,408
2021-02-25,San Joaquin,077,732212,66814,65389,2780,68169,1047
2021-02-25,San Luis Obispo,079,281455,19627,19335,565,19900,234
2021-02-25,San Mateo,081,765935,39532,38872,407,39279,300
2021-02-25,Santa Barbara,083,443738,32804,31631,1117,32748,408
2021-02-25,Santa Clara,085,1922200,110355,109923,585,110508,1677
2021-02-25,Santa Cruz,087,273765,15397,14492,786,15278,185
2021-02-25,Shasta,089,179085,10974,10947,1222,12169,148
2021-02-25,Sierra,091,2930,51,47,12,59,0
2021-02-25,Siskiyou,093,43540,1496,1390,234,1624,4
2021-02-25,Solano,095,438530,29829,29616,361,29977,161
2021-02-25,Sonoma,097,501317,28015,28004,207,28211,278
2021-02-25,Stanislaus,099,539301,50645,49964,5365,55329,738
2021-02-25,Sutter,101,95872,8870,8789,82,8871,99
2021-02-25,Tehama,103,63373,4601,4578,493,5071,32
2021-02-25,Trinity,105,12862,468,297,78,375,3
2021-02-25,Tulare,107,460477,48231,47052,8071,55123,765
2021-02-25,Tuolumne,109,53932,3899,3894,31,3925,53
2021-02-25,Ventura,111,848112,77857,77395,2784,80179,751
2021-02-25,Yolo,113,214977,12887,12787,222,13009,188
2021-02-25,Yuba,115,75493,5502,5429,89,5518,39
2021-02-24,Alameda,001,1643700,80785,80070,1744,81814,1082
2021-02-24,Alpine,003,1148,79,77,0,77,0
2021-02-24,Amador,005,37829,3468,3444,30,3474,41
2021-02-24,Butte,007,227075,11327,10915,1620,12535,178
2021-02-24,Calaveras,009,45235,1896,1864,12,1876,31
2021-02-24,Colusa,011,21464,1871,1863,265,2128,11
2021-02-24,Contra Costa,013,1133247,63052,61776,1075,62851,663
2021-02-24,Del Norte,015,27424,1001,960,4,964,5
2021-02-24,El Dorado,017,186661,9125,8993,593,9586,98
2021-02-24,Fresno,019,978130,96276,94794,7731,102525,1369
2021-02-24,Glenn,021,27897,2245,2210,495,2705,14
2021-02-24,Humboldt,023,135768,3158,3123,22,3145,29
2021-02-24,Imperial,025,180216,27218,26843,2526,29369,596
2021-02-24,Inyo,027,18085,1294,1253,9,1262,32
2021-02-24,Kern,029,883053,93260,91525,9805,101330,992
2021-02-24,Kings,031,150075,22234,21871,975,22846,216
2021-02-24,Lake,033,64148,3176,3134,6,3140,40
2021-02-24,Lassen,035,31185,5115,5095,95,5190,1
2021-02-24,Los Angeles,037,10098052,1169915,1150322,39310,1189632,20817
2021-02-24,Madera,039,155013,15585,15390,824,16214,194
2021-02-24,Marin,041,260295,13162,13044,168,13212,214
2021-02-24,Mariposa,043,17540,376,374,5,379,4
2021-02-24,Mendocino,045,87422,3624,3540,67,3607,41
2021-02-24,Merced,047,269075,28408,28295,883,29178,383
2021-02-24,Modoc,049,8938,341,329,115,444,3
2021-02-24,Mono,051,14174,1175,1189,15,1204,3
2021-02-24,Monterey,053,433212,41896,41495,1700,43195,320
2021-02-24,Napa,055,140530,9037,8976,33,9009,70
2021-02-24,Nevada,057,99092,3999,3927,164,4091,66
2021-02-24,Orange,059,3164182,246983,244743,10221,254964,3835
2021-02-24,Placer,061,380077,20498,19648,1110,20758,239
2021-02-24,Plumas,063,18699,640,626,10,636,4
2021-02-24,Riverside,065,2383286,284909,278293,13355,291648,3603
2021-02-24,Sacramento,067,1510023,94321,92742,1250,93992,1375
2021-02-24,San Benito,069,59416,5744,5743,91,5834,57
2021-02-24,San Bernardino,071,2135413,285855,280583,8555,289138,3360
2021-02-24,San Diego,073,3302833,263586,258460,12812,271272,3230
2021-02-24,San Francisco,075,870044,34155,34061,1082,35143,406
2021-02-24,San Joaquin,077,732212,66703,65274,2778,68052,1019
2021-02-24,San Luis Obispo,079,281455,19604,19309,563,19872,233
2021-02-24,San Mateo,081,765935,39495,38763,407,39170,300
2021-02-24,Santa Barbara,083,443738,32752,31563,1114,32677,405
2021-02-24,Santa Clara,085,1922200,110204,109671,584,110255,1674
2021-02-24,Santa Cruz,087,273765,15376,14458,786,15244,185
2021-02-24,Shasta,089,179085,10960,10922,1219,12141,148
2021-02-24,Sierra,091,2930,51,47,12,59,0
2021-02-24,Siskiyou,093,43540,1489,1385,230,1615,4
2021-02-24,Solano,095,438530,29790,29577,358,29935,158
2021-02-24,Sonoma,097,501317,27951,27954,203,28157,278
2021-02-24,Stanislaus,099,539301,50574,49851,5357,55208,732
2021-02-24,Sutter,101,95872,8860,8778,82,8860,99
2021-02-24,Tehama,103,63373,4597,4566,493,5059,31
2021-02-24,Trinity,105,12862,468,294,77,371,3
2021-02-24,Tulare,107,460477,48175,46976,8042,55018,759
2021-02-24,Tuolumne,109,53932,3896,3887,31,3918,53
2021-02-24,Ventura,111,848112,77749,77238,2783,80021,718
2021-02-24,Yolo,113,214977,12874,12760,218,12978,188
2021-02-24,Yuba,115,75493,5491,5425,87,5512,39
2021-02-23,Alameda,001,1643700,80646,79948,1741,81689,1070
2021-02-23,Alpine,003,1148,78,77,0,77,0
2021-02-23,Amador,005,37829,3466,3440,30,3470,41
2021-02-23,Butte,007,227075,11312,10887,1616,12503,176
2021-02-23,Calaveras,009,45235,1895,1863,12,1875,21
2021-02-23,Colusa,011,21464,1868,1862,265,2127,11
2021-02-23,Contra Costa,013,1133247,62918,61613,1072,62685,661
2021-02-23,Del Norte,015,27424,999,953,4,957,3
2021-02-23,El Dorado,017,186661,9112,8969,593,9562,96
2021-02-23,Fresno,019,978130,96115,94741,7717,102458,1356
2021-02-23,Glenn,021,27897,2243,2209,495,2704,14
2021-02-23,Humboldt,023,135768,3141,3108,22,3130,29
2021-02-23,Imperial,025,180216,27198,26816,2521,29337,591
2021-02-23,Inyo,027,18085,1290,1250,9,1259,32
2021-02-23,Kern,029,883053,93121,91390,9777,101167,982
2021-02-23,Kings,031,150075,22219,21839,971,22810,216
2021-02-23,Lake,033,64148,3168,3121,6,3127,40
2021-02-23,Lassen,035,31185,5112,5092,95,5187,1
2021-02-23,Los Angeles,037,10098052,1169049,1148965,39255,1188220,19887
2021-02-23,Madera,039,155013,15571,15352,818,16170,193
2021-02-23,Marin,041,260295,13142,13015,167,13182,214
2021-02-23,Mariposa,043,17540,376,374,5,379,4
2021-02-23,Mendocino,045,87422,3622,3540,66,3606,41
2021-02-23,Merced,047,269075,28320,28209,882,29091,381
2021-02-23,Modoc,049,8938,340,328,114,442,3
2021-02-23,Mono,051,14174,1175,1189,15,1204,3
2021-02-23,Monterey,053,433212,41855,41439,1694,43133,317
2021-02-23,Napa,055,140530,9025,8967,33,9000,70
2021-02-23,Nevada,057,99092,3991,3912,164,4076,66
2021-02-23,Orange,059,3164182,246786,244566,10202,254768,3843
2021-02-23,Placer,061,380077,20472,19608,1106,20714,238
2021-02-23,Plumas,063,18699,639,626,10,636,4
2021-02-23,Riverside,065,2383286,284671,278075,13342,291417,3599
2021-02-23,Sacramento,067,1510023,94164,92632,1244,93876,1370
2021-02-23,San Benito,069,59416,5738,5731,90,5821,57
2021-02-23,San Bernardino,071,2135413,285666,280279,8550,288829,3283
2021-02-23,San Diego,073,3302833,263211,257802,12782,270584,3218
2021-02-23,San Francisco,075,870044,34106,33994,1081,35075,405
2021-02-23,San Joaquin,077,732212,66604,65141,2771,67912,1004
2021-02-23,San Luis Obispo,079,281455,19575,19233,562,19795,230
2021-02-23,San Mateo,081,765935,39434,38662,407,39069,299
2021-02-23,Santa Barbara,083,443738,32698,31483,1112,32595,402
2021-02-23,Santa Clara,085,1922200,110007,109449,581,110030,1661
2021-02-23,Santa Cruz,087,273765,15347,14435,784,15219,178
2021-02-23,Shasta,089,179085,10948,10903,1215,12118,146
2021-02-23,Sierra,091,2930,51,47,12,59,0
2021-02-23,Siskiyou,093,43540,1484,1380,228,1608,4
2021-02-23,Solano,095,438530,29750,29545,355,29900,154
2021-02-23,Sonoma,097,501317,27908,27882,200,28082,278
2021-02-23,Stanislaus,099,539301,50496,49749,5341,55090,722
2021-02-23,Sutter,101,95872,8847,8766,82,8848,98
2021-02-23,Tehama,103,63373,4593,4556,492,5048,30
2021-02-23,Trinity,105,12862,468,292,76,368,3
2021-02-23,Tulare,107,460477,48096,46937,8007,54944,757
2021-02-23,Tuolumne,109,53932,3892,3864,31,3895,53
2021-02-23,Ventura,111,848112,77633,77093,2774,79867,689
2021-02-23,Yolo,113,214977,12845,12729,218,12947,188
2021-02-23,Yuba,115,75493,5478,5417,86,5503,38
2021-02-22,Alameda,001,1643700,80495,79796,1737,81533,1062
2021-02-22,Alpine,003,1148,78,77,0,77,0
2021-02-22,Amador,005,37829,3461,3438,30,3468,39
2021-02-22,Butte,007,227075,11299,10855,1611,12466,176
2021-02-22,Calaveras,009,45235,1893,1862,12,1874,21
2021-02-22,Colusa,011,21464,1868,1860,265,2125,11
2021-02-22,Contra Costa,013,1133247,62783,61478,1070,62548,661
2021-02-22,Del Norte,015,27424,998,948,4,952,3
2021-02-22,El Dorado,017,186661,9095,8940,593,9533,96
2021-02-22,Fresno,019,978130,95953,94584,7700,102284,1351
2021-02-22,Glenn,021,27897,2237,2207,493,2700,14
2021-02-22,Humboldt,023,135768,3129,3095,22,3117,29
2021-02-22,Imperial,025,180216,27175,26778,2513,29291,590
2021-02-22,Inyo,027,18085,1285,1248,9,1257,32
2021-02-22,Kern,029,883053,93004,91201,9755,100956,982
2021-02-22,Kings,031,150075,22196,21801,968,22769,214
2021-02-22,Lake,033,64148,3162,3107,6,3113,40
2021-02-22,Lassen,035,31185,5112,5088,94,5182,1
2021-02-22,Los Angeles,037,10098052,1168177,1147541,39199,1186740,19730
2021-02-22,Madera,039,155013,15546,15325,814,16139,193
2021-02-22,Marin,041,260295,13118,12991,164,13155,213
2021-02-22,Mariposa,043,17540,375,374,5,379,4
2021-02-22,Mendocino,045,87422,3616,3535,66,3601,41
2021-02-22,Merced,047,269075,28252,28166,880,29046,379
2021-02-22,Modoc,049,8938,340,329,114,443,3
2021-02-22,Mono,051,14174,1171,1189,15,1204,3
2021-02-22,Monterey,053,433212,41804,41397,1687,43084,311
2021-02-22,Napa,055,140530,8998,8950,33,8983,69
2021-02-22,Nevada,057,99092,3982,3900,162,4062,66
2021-02-22,Orange,059,3164182,246550,244118,10184,254302,3843
2021-02-22,Placer,061,380077,20436,19587,1098,20685,238
2021-02-22,Plumas,063,18699,639,625,10,635,4
2021-02-22,Riverside,065,2383286,284406,277730,13334,291064,3567
2021-02-22,Sacramento,067,1510023,93997,92476,1233,93709,1359
2021-02-22,San Benito,069,59416,5736,5723,90,5813,57
2021-02-22,San Bernardino,071,2135413,285484,279984,8537,288521,3259
2021-02-22,San Diego,073,3302833,262801,257348,12749,270097,3189
2021-02-22,San Francisco,075,870044,34046,33947,1076,35023,405
2021-02-22,San Joaquin,077,732212,66504,65060,2758,67818,1001
2021-02-22,San Luis Obispo,079,281455,19538,19198,560,19758,229
2021-02-22,San Mateo,081,765935,39377,38542,404,38946,282
2021-02-22,Santa Barbara,083,443738,32633,31421,1109,32530,399
2021-02-22,Santa Clara,085,1922200,109795,109213,570,109783,1655
2021-02-22,Santa Cruz,087,273765,15321,14417,784,15201,176
2021-02-22,Shasta,089,179085,10933,10872,1210,12082,145
2021-02-22,Sierra,091,2930,51,47,12,59,0
2021-02-22,Siskiyou,093,43540,1478,1373,227,1600,4
2021-02-22,Solano,095,438530,29711,29508,354,29862,150
2021-02-22,Sonoma,097,501317,27863,27845,199,28044,278
2021-02-22,Stanislaus,099,539301,50391,49630,5322,54952,722
2021-02-22,Sutter,101,95872,8839,8698,82,8780,98
2021-02-22,Tehama,103,63373,4584,4550,492,5042,30
2021-02-22,Trinity,105,12862,468,287,75,362,3
2021-02-22,Tulare,107,460477,48033,46879,7975,54854,751
2021-02-22,Tuolumne,109,53932,3888,3856,31,3887,53
2021-02-22,Ventura,111,848112,77505,76947,2769,79716,677
2021-02-22,Yolo,113,214977,12818,12689,218,12907,183
2021-02-22,Yuba,115,75493,5475,5404,85,5489,38
2021-02-21,Alameda,001,1643700,80301,79649,1732,81381,1061
2021-02-21,Alpine,003,1148,78,77,0,77,0
2021-02-21,Amador,005,37829,3453,3435,30,3465,39
2021-02-21,Butte,007,227075,11276,10855,1609,12464,176
2021-02-21,Calaveras,009,45235,1892,1860,12,1872,21
2021-02-21,Colusa,011,21464,1867,1860,261,2121,11
2021-02-21,Contra Costa,013,1133247,62618,61364,1067,62431,661
2021-02-21,Del Norte,015,27424,992,942,4,946,3
2021-02-21,El Dorado,017,186661,9077,8927,592,9519,96
2021-02-21,Fresno,019,978130,95809,94374,7682,102056,1349
2021-02-21,Glenn,021,27897,2235,2201,491,2692,14
2021-02-21,Humboldt,023,135768,3117,3096,22,3118,29
2021-02-21,Imperial,025,180216,27156,26779,2509,29288,590
2021-02-21,Inyo,027,18085,1279,1232,9,1241,32
2021-02-21,Kern,029,883053,92879,91141,9716,100857,980
2021-02-21,Kings,031,150075,22160,21784,966,22750,213
2021-02-21,Lake,033,64148,3154,3100,6,3106,40
2021-02-21,Lassen,035,31185,5104,5077,94,5171,1
2021-02-21,Los Angeles,037,10098052,1167147,1146756,39151,1185907,19711
2021-02-21,Madera,039,155013,15513,15298,811,16109,192
2021-02-21,Marin,041,260295,13088,12968,164,13132,212
2021-02-21,Mariposa,043,17540,375,373,5,378,4
2021-02-21,Mendocino,045,87422,3611,3535,66,3601,41
2021-02-21,Merced,047,269075,28162,28106,868,28974,379
2021-02-21,Modoc,049,8938,337,329,114,443,3
2021-02-21,Mono,051,14174,1171,1189,15,1204,3
2021-02-21,Monterey,053,433212,41748,41373,1677,43050,309
2021-02-21,Napa,055,140530,8983,8929,33,8962,69
2021-02-21,Nevada,057,99092,3969,3895,162,4057,66
2021-02-21,Orange,059,3164182,246250,243985,10167,254152,3801
2021-02-21,Placer,061,380077,20400,19553,1094,20647,238
2021-02-21,Plumas,063,18699,639,625,10,635,4
2021-02-21,Riverside,065,2383286,284168,277555,13321,290876,3564
2021-02-21,Sacramento,067,1510023,93787,92288,1220,93508,1354
2021-02-21,San Benito,069,59416,5726,5716,87,5803,57
2021-02-21,San Bernardino,071,2135413,285237,279870,8523,288393,3247
2021-02-21,San Diego,073,3302833,262367,257027,12703,269730,3190
2021-02-21,San Francisco,075,870044,33981,33891,1072,34963,405
2021-02-21,San Joaquin,077,732212,66355,64997,2746,67743,1001
2021-02-21,San Luis Obispo,079,281455,19505,19178,558,19736,229
2021-02-21,San Mateo,081,765935,39317,38448,400,38848,282
2021-02-21,Santa Barbara,083,443738,32571,31374,1106,32480,399
2021-02-21,Santa Clara,085,1922200,109569,108992,561,109553,1654
2021-02-21,Santa Cruz,087,273765,15298,14401,783,15184,176
2021-02-21,Shasta,089,179085,10918,10867,1205,12072,145
2021-02-21,Sierra,091,2930,51,47,12,59,0
2021-02-21,Siskiyou,093,43540,1472,1371,227,1598,4
2021-02-21,Solano,095,438530,29654,29471,353,29824,150
2021-02-21,Sonoma,097,501317,27797,27793,192,27985,278
2021-02-21,Stanislaus,099,539301,50265,49527,5306,54833,726
2021-02-21,Sutter,101,95872,8821,8687,81,8768,97
2021-02-21,Tehama,103,63373,4572,4547,492,5039,30
2021-02-21,Trinity,105,12862,466,286,75,361,3
2021-02-21,Tulare,107,460477,47963,46830,7940,54770,749
2021-02-21,Tuolumne,109,53932,3874,3828,31,3859,53
2021-02-21,Ventura,111,848112,77357,76862,2755,79617,677
2021-02-21,Yolo,113,214977,12787,12670,218,12888,183
2021-02-21,Yuba,115,75493,5467,5396,84,5480,38
2021-02-20,Alameda,001,1643700,80211,79496,1728,81224,1055
2021-02-20,Alpine,003,1148,78,77,0,77,0
2021-02-20,Amador,005,37829,3451,3432,30,3462,39
2021-02-20,Butte,007,227075,11268,10838,1607,12445,176
2021-02-20,Calaveras,009,45235,1891,1858,12,1870,21
2021-02-20,Colusa,011,21464,1866,1858,261,2119,11
2021-02-20,Contra Costa,013,1133247,62529,61205,1065,62270,663
2021-02-20,Del Norte,015,27424,988,937,4,941,3
2021-02-20,El Dorado,017,186661,9067,8911,592,9503,96
2021-02-20,Fresno,019,978130,95725,94234,7662,101896,1341
2021-02-20,Glenn,021,27897,2232,2199,490,2689,14
2021-02-20,Humboldt,023,135768,3109,3073,22,3095,29
2021-02-20,Imperial,025,180216,27148,26771,2509,29280,590
2021-02-20,Inyo,027,18085,1275,1226,9,1235,32
2021-02-20,Kern,029,883053,92807,91025,9684,100709,968
2021-02-20,Kings,031,150075,22142,21773,965,22738,212
2021-02-20,Lake,033,64148,3147,3089,6,3095,40
2021-02-20,Lassen,035,31185,5102,5067,94,5161,1
2021-02-20,Los Angeles,037,10098052,1166582,1145594,39108,1184702,19630
2021-02-20,Madera,039,155013,15493,15274,810,16084,191
2021-02-20,Marin,041,260295,13067,12945,162,13107,211
2021-02-20,Mariposa,043,17540,375,372,5,377,4
2021-02-20,Mendocino,045,87422,3609,3533,66,3599,40
2021-02-20,Merced,047,269075,28117,28066,866,28932,379
2021-02-20,Modoc,049,8938,337,328,114,442,3
2021-02-20,Mono,051,14174,1170,1187,15,1202,3
2021-02-20,Monterey,053,433212,41728,41313,1675,42988,309
2021-02-20,Napa,055,140530,8974,8910,33,8943,69
2021-02-20,Nevada,057,99092,3959,3887,161,4048,66
2021-02-20,Orange,059,3164182,246082,243761,10154,253915,3755
2021-02-20,Placer,061,380077,20360,19509,1090,20599,236
2021-02-20,Plumas,063,18699,639,626,10,636,4
2021-02-20,Riverside,065,2383286,284013,277267,13311,290578,3559
2021-02-20,Sacramento,067,1510023,93663,92057,1218,93275,1352
2021-02-20,San Benito,069,59416,5714,5709,87,5796,57
2021-02-20,San Bernardino,071,2135413,285136,279608,8518,288126,3203
2021-02-20,San Diego,073,3302833,262125,256510,12674,269184,3188
2021-02-20,San Francisco,075,870044,33939,33820,1063,34883,399
2021-02-20,San Joaquin,077,732212,66282,64916,2741,67657,1001
2021-02-20,San Luis Obispo,079,281455,19481,19138,557,19695,229
2021-02-20,San Mateo,081,765935,39273,38371,399,38770,282
2021-02-20,Santa Barbara,083,443738,32536,31289,1105,32394,396
2021-02-20,Santa Clara,085,1922200,109393,108728,558,109286,1649
2021-02-20,Santa Cruz,087,273765,15287,14378,781,15159,176
2021-02-20,Shasta,089,179085,10904,10850,1200,12050,146
2021-02-20,Sierra,091,2930,51,47,12,59,0
2021-02-20,Siskiyou,093,43540,1469,1366,227,1593,4
2021-02-20,Solano,095,438530,29639,29440,351,29791,150
2021-02-20,Sonoma,097,501317,27768,27703,190,27893,278
2021-02-20,Stanislaus,099,539301,50210,49445,5293,54738,733
2021-02-20,Sutter,101,95872,8815,8681,81,8762,97
2021-02-20,Tehama,103,63373,4571,4545,492,5037,30
2021-02-20,Trinity,105,12862,465,285,74,359,3
2021-02-20,Tulare,107,460477,47927,46769,7918,54687,739
2021-02-20,Tuolumne,109,53932,3869,3823,31,3854,53
2021-02-20,Ventura,111,848112,77261,76757,2752,79509,671
2021-02-20,Yolo,113,214977,12773,12639,217,12856,183
2021-02-20,Yuba,115,75493,5464,5386,84,5470,38
2021-02-19,Alameda,001,1643700,80108,79318,1724,81042,1047
2021-02-19,Alpine,003,1148,78,77,0,77,0
2021-02-19,Amador,005,37829,3447,3427,30,3457,39
2021-02-19,Butte,007,227075,11258,10823,1602,12425,176
2021-02-19,Calaveras,009,45235,1890,1856,12,1868,21
2021-02-19,Colusa,011,21464,1866,1858,261,2119,11
2021-02-19,Contra Costa,013,1133247,62421,61017,1063,62080,651
2021-02-19,Del Norte,015,27424,983,932,4,936,2
2021-02-19,El Dorado,017,186661,9058,8882,591,9473,96
2021-02-19,Fresno,019,978130,95594,93973,7646,101619,1330
2021-02-19,Glenn,021,27897,2227,2199,489,2688,14
2021-02-19,Humboldt,023,135768,3097,3037,22,3059,29
2021-02-19,Imperial,025,180216,27143,26751,2506,29257,589
2021-02-19,Inyo,027,18085,1270,1212,9,1221,32
2021-02-19,Kern,029,883053,92737,90807,9643,100450,963
2021-02-19,Kings,031,150075,22128,21724,963,22687,211
2021-02-19,Lake,033,64148,3141,3078,6,3084,40
2021-02-19,Lassen,035,31185,5101,5057,94,5151,1
2021-02-19,Los Angeles,037,10098052,1165835,1143828,39067,1182895,19498
2021-02-19,Madera,039,155013,15476,15222,808,16030,188
2021-02-19,Marin,041,260295,13043,12919,160,13079,210
2021-02-19,Mariposa,043,17540,375,371,5,376,4
2021-02-19,Mendocino,045,87422,3607,3526,66,3592,39
2021-02-19,Merced,047,269075,28086,27985,863,28848,376
2021-02-19,Modoc,049,8938,337,328,114,442,3
2021-02-19,Mono,051,14174,1170,1186,15,1201,3
2021-02-19,Monterey,053,433212,41699,41209,1671,42880,309
2021-02-19,Napa,055,140530,8962,8899,33,8932,69
2021-02-19,Nevada,057,99092,3953,3863,161,4024,66
2021-02-19,Orange,059,3164182,245900,243397,10141,253538,3715
2021-02-19,Placer,061,380077,20338,19457,1090,20547,236
2021-02-19,Plumas,063,18699,637,624,10,634,4
2021-02-19,Riverside,065,2383286,283841,276941,13294,290235,3541
2021-02-19,Sacramento,067,1510023,93542,91815,1214,93029,1351
2021-02-19,San Benito,069,59416,5709,5699,87,5786,57
2021-02-19,San Bernardino,071,2135413,285009,279209,8513,287722,3117
2021-02-19,San Diego,073,3302833,261834,255799,12651,268450,3169
2021-02-19,San Francisco,075,870044,33891,33746,1057,34803,387
2021-02-19,San Joaquin,077,732212,66210,64774,2732,67506,988
2021-02-19,San Luis Obispo,079,281455,19451,19061,555,19616,230
2021-02-19,San Mateo,081,765935,39215,38256,397,38653,282
2021-02-19,Santa Barbara,083,443738,32472,31204,1104,32308,392
2021-02-19,Santa Clara,085,1922200,109180,108400,556,108956,1634
2021-02-19,Santa Cruz,087,273765,15272,14354,781,15135,176
2021-02-19,Shasta,089,179085,10892,10833,1197,12030,140
2021-02-19,Sierra,091,2930,51,47,12,59,0
2021-02-19,Siskiyou,093,43540,1465,1363,225,1588,4
2021-02-19,Solano,095,438530,29608,29383,350,29733,150
2021-02-19,Sonoma,097,501317,27721,27595,188,27783,280
2021-02-19,Stanislaus,099,539301,50149,49282,5277,54559,739
2021-02-19,Sutter,101,95872,8805,8665,81,8746,96
2021-02-19,Tehama,103,63373,4569,4535,492,5027,30
2021-02-19,Trinity,105,12862,463,282,72,354,3
2021-02-19,Tulare,107,460477,47880,46662,7893,54555,736
2021-02-19,Tuolumne,109,53932,3862,3817,31,3848,52
2021-02-19,Ventura,111,848112,77181,76582,2749,79331,667
2021-02-19,Yolo,113,214977,12757,12606,217,12823,183
2021-02-19,Yuba,115,75493,5454,5376,84,5460,38
2021-02-18,Alameda,001,1643700,79961,79111,1717,80828,1012
2021-02-18,Alpine,003,1148,78,77,0,77,0
2021-02-18,Amador,005,37829,3443,3417,29,3446,38
2021-02-18,Butte,007,227075,11240,10791,1599,12390,175
2021-02-18,Calaveras,009,45235,1885,1873,12,1885,21
2021-02-18,Colusa,011,21464,1864,1856,259,2115,11
2021-02-18,Contra Costa,013,1133247,62310,60868,1062,61930,640
2021-02-18,Del Norte,015,27424,978,929,4,933,2
2021-02-18,El Dorado,017,186661,9043,8850,590,9440,94
2021-02-18,Fresno,019,978130,95423,93734,7621,101355,1323
2021-02-18,Glenn,021,27897,2221,2195,489,2684,14
2021-02-18,Humboldt,023,135768,3085,3023,22,3045,29
2021-02-18,Imperial,025,180216,27117,26731,2501,29232,591
2021-02-18,Inyo,027,18085,1266,1213,8,1221,32
2021-02-18,Kern,029,883053,92579,90655,9615,100270,961
2021-02-18,Kings,031,150075,22104,21648,962,22610,211
2021-02-18,Lake,033,64148,3133,3066,6,3072,40
2021-02-18,Lassen,035,31185,5092,5052,94,5146,1
2021-02-18,Los Angeles,037,10098052,1164876,1141930,39001,1180931,19358
2021-02-18,Madera,039,155013,15454,15175,803,15978,188
2021-02-18,Marin,041,260295,13029,12895,160,13055,209
2021-02-18,Mariposa,043,17540,374,369,5,374,4
2021-02-18,Mendocino,045,87422,3604,3519,65,3584,39
2021-02-18,Merced,047,269075,28036,27870,857,28727,372
2021-02-18,Modoc,049,8938,335,327,113,440,3
2021-02-18,Mono,051,14174,1170,1182,15,1197,3
2021-02-18,Monterey,053,433212,41634,41091,1663,42754,307
2021-02-18,Napa,055,140530,8945,8877,33,8910,68
2021-02-18,Nevada,057,99092,3944,3836,160,3996,66
2021-02-18,Orange,059,3164182,245680,243098,10124,253222,3673
2021-02-18,Placer,061,380077,20311,19429,1089,20518,232
2021-02-18,Plumas,063,18699,637,624,10,634,4
2021-02-18,Riverside,065,2383286,283552,276595,13274,289869,3510
2021-02-18,Sacramento,067,1510023,93380,91476,1208,92684,1334
2021-02-18,San Benito,069,59416,5706,5697,86,5783,58
2021-02-18,San Bernardino,071,2135413,284799,278887,8499,287386,3066
2021-02-18,San Diego,073,3302833,261480,254987,12628,267615,3135
2021-02-18,San Francisco,075,870044,33833,33650,1054,34704,386
2021-02-18,San Joaquin,077,732212,66123,64634,2722,67356,982
2021-02-18,San Luis Obispo,079,281455,19409,18987,552,19539,230
2021-02-18,San Mateo,081,765935,39153,38185,393,38578,282
2021-02-18,Santa Barbara,083,443738,32392,31054,1096,32150,387
2021-02-18,Santa Clara,085,1922200,108954,108210,553,108763,1605
2021-02-18,Santa Cruz,087,273765,15246,14314,781,15095,176
2021-02-18,Shasta,089,179085,10872,10811,1194,12005,139
2021-02-18,Sierra,091,2930,50,47,12,59,0
2021-02-18,Siskiyou,093,43540,1460,1359,224,1583,4
2021-02-18,Solano,095,438530,29581,29349,349,29698,150
2021-02-18,Sonoma,097,501317,27653,27512,187,27699,281
2021-02-18,Stanislaus,099,539301,50051,49150,5262,54412,738
2021-02-18,Sutter,101,95872,8797,8654,81,8735,96
2021-02-18,Tehama,103,63373,4566,4528,491,5019,30
2021-02-18,Trinity,105,12862,462,282,72,354,3
2021-02-18,Tulare,107,460477,47819,46591,7853,54444,728
2021-02-18,Tuolumne,109,53932,3825,3811,31,3842,52
2021-02-18,Ventura,111,848112,77049,76442,2741,79183,659
2021-02-18,Yolo,113,214977,12730,12549,214,12763,183
2021-02-18,Yuba,115,75493,5437,5358,84,5442,38
2021-02-17,Alameda,001,1643700,79800,78895,1715,80610,1002
2021-02-17,Alpine,003,1148,78,77,0,77,0
2021-02-17,Amador,005,37829,3439,3415,29,3444,38
2021-02-17,Butte,007,227075,11222,10770,1596,12366,174
2021-02-17,Calaveras,009,45235,1885,1876,12,1888,21
2021-02-17,Colusa,011,21464,1861,1854,259,2113,10
2021-02-17,Contra Costa,013,1133247,62169,60723,1059,61782,635
2021-02-17,Del Norte,015,27424,971,920,4,924,2
2021-02-17,El Dorado,017,186661,9031,8847,590,9437,94
2021-02-17,Fresno,019,978130,95283,93555,7594,101149,1307
2021-02-17,Glenn,021,27897,2221,2189,488,2677,14
2021-02-17,Humboldt,023,135768,3070,3006,22,3028,29
2021-02-17,Imperial,025,180216,27102,26726,2499,29225,580
2021-02-17,Inyo,027,18085,1258,1197,8,1205,32
2021-02-17,Kern,029,883053,92460,90454,9569,100023,962
2021-02-17,Kings,031,150075,22066,21617,958,22575,211
2021-02-17,Lake,033,64148,3122,3057,2,3059,38
2021-02-17,Lassen,035,31185,5087,5052,93,5145,1
2021-02-17,Los Angeles,037,10098052,1163826,1139786,38938,1178724,19213
2021-02-17,Madera,039,155013,15428,15135,794,15929,177
2021-02-17,Marin,041,260295,13003,12881,160,13041,207
2021-02-17,Mariposa,043,17540,374,368,4,372,4
2021-02-17,Mendocino,045,87422,3602,3494,64,3558,39
2021-02-17,Merced,047,269075,27982,27824,848,28672,372
2021-02-17,Modoc,049,8938,335,327,113,440,3
2021-02-17,Mono,051,14174,1170,1180,15,1195,3
2021-02-17,Monterey,053,433212,41580,41014,1651,42665,304
2021-02-17,Napa,055,140530,8931,8865,33,8898,68
2021-02-17,Nevada,057,99092,3925,3822,157,3979,52
2021-02-17,Orange,059,3164182,245413,242716,10090,252806,3626
2021-02-17,Placer,061,380077,20278,19405,1085,20490,230
2021-02-17,Plumas,063,18699,636,623,10,633,4
2021-02-17,Riverside,065,2383286,283266,276289,13252,289541,3491
2021-02-17,Sacramento,067,1510023,93222,91309,1201,92510,1326
2021-02-17,San Benito,069,59416,5700,5661,86,5747,57
2021-02-17,San Bernardino,071,2135413,284591,278461,8480,286941,3020
2021-02-17,San Diego,073,3302833,261103,254177,12607,266784,3099
2021-02-17,San Francisco,075,870044,33757,33558,1049,34607,379
2021-02-17,San Joaquin,077,732212,66022,64556,2716,67272,979
2021-02-17,San Luis Obispo,079,281455,19364,18964,552,19516,230
2021-02-17,San Mateo,081,765935,39087,38124,392,38516,282
2021-02-17,Santa Barbara,083,443738,32324,30927,1095,32022,384
2021-02-17,Santa Clara,085,1922200,108722,107949,551,108500,1592
2021-02-17,Santa Cruz,087,273765,15213,14268,778,15046,174
2021-02-17,Shasta,089,179085,10852,10770,1193,11963,139
2021-02-17,Sierra,091,2930,50,47,12,59,0
2021-02-17,Siskiyou,093,43540,1454,1352,221,1573,4
2021-02-17,Solano,095,438530,29525,29288,349,29637,149
2021-02-17,Sonoma,097,501317,27579,27408,182,27590,281
2021-02-17,Stanislaus,099,539301,49942,49050,5246,54296,730
2021-02-17,Sutter,101,95872,8787,8681,81,8762,95
2021-02-17,Tehama,103,63373,4562,4511,490,5001,30
2021-02-17,Trinity,105,12862,462,277,70,347,3
2021-02-17,Tulare,107,460477,47753,46495,7826,54321,726
2021-02-17,Tuolumne,109,53932,3816,3806,31,3837,49
2021-02-17,Ventura,111,848112,76924,76234,2735,78969,646
2021-02-17,Yolo,113,214977,12713,12506,212,12718,182
2021-02-17,Yuba,115,75493,5428,5345,84,5429,38
2021-02-16,Alameda,001,1643700,79628,78756,1712,80468,997
2021-02-16,Alpine,003,1148,78,76,0,76,0
2021-02-16,Amador,005,37829,3432,3413,29,3442,39
2021-02-16,Butte,007,227075,11195,10748,1593,12341,164
2021-02-16,Calaveras,009,45235,1883,1872,12,1884,21
2021-02-16,Colusa,011,21464,1858,1852,257,2109,10
2021-02-16,Contra Costa,013,1133247,62021,60564,1054,61618,631
2021-02-16,Del Norte,015,27424,963,913,4,917,2
2021-02-16,El Dorado,017,186661,9021,8836,589,9425,94
2021-02-16,Fresno,019,978130,95119,93363,7564,100927,1293
2021-02-16,Glenn,021,27897,2212,2189,483,2672,14
2021-02-16,Humboldt,023,135768,3047,2994,21,3015,29
2021-02-16,Imperial,025,180216,27089,26711,2495,29206,580
2021-02-16,Inyo,027,18085,1250,1191,8,1199,32
2021-02-16,Kern,029,883053,92325,90267,9540,99807,959
2021-02-16,Kings,031,150075,22020,21583,954,22537,206
2021-02-16,Lake,033,64148,3113,3041,2,3043,38
2021-02-16,Lassen,035,31185,5075,5047,93,5140,1
2021-02-16,Los Angeles,037,10098052,1162578,1138262,38877,1177139,19044
2021-02-16,Madera,039,155013,15389,15120,789,15909,172
2021-02-16,Marin,041,260295,12979,12832,160,12992,205
2021-02-16,Mariposa,043,17540,374,367,4,371,4
2021-02-16,Mendocino,045,87422,3598,3489,64,3553,39
2021-02-16,Merced,047,269075,27909,27724,842,28566,368
2021-02-16,Modoc,049,8938,335,326,113,439,3
2021-02-16,Mono,051,14174,1170,1180,15,1195,3
2021-02-16,Monterey,053,433212,41506,40962,1642,42604,303
2021-02-16,Napa,055,140530,8918,8854,33,8887,66
2021-02-16,Nevada,057,99092,3912,3774,156,3930,47
2021-02-16,Orange,059,3164182,245090,242382,10074,252456,3612
2021-02-16,Placer,061,380077,20246,19367,1082,20449,230
2021-02-16,Plumas,063,18699,636,619,10,629,4
2021-02-16,Riverside,065,2383286,282958,275954,13228,289182,3471
2021-02-16,Sacramento,067,1510023,92967,91246,1195,92441,1305
2021-02-16,San Benito,069,59416,5692,5659,85,5744,56
2021-02-16,San Bernardino,071,2135413,284369,277947,8469,286416,2978
2021-02-16,San Diego,073,3302833,260640,253638,12568,266206,3042
2021-02-16,San Francisco,075,870044,33686,33491,1044,34535,373
2021-02-16,San Joaquin,077,732212,65900,64448,2713,67161,979
2021-02-16,San Luis Obispo,079,281455,19319,18925,549,19474,229
2021-02-16,San Mateo,081,765935,39028,38041,390,38431,277
2021-02-16,Santa Barbara,083,443738,32249,30865,1092,31957,378
2021-02-16,Santa Clara,085,1922200,108470,107754,548,108302,1591
2021-02-16,Santa Cruz,087,273765,15193,14256,777,15033,174
2021-02-16,Shasta,089,179085,10836,10736,1191,11927,139
2021-02-16,Sierra,091,2930,50,47,12,59,0
2021-02-16,Siskiyou,093,43540,1450,1351,221,1572,4
2021-02-16,Solano,095,438530,29485,29246,348,29594,148
2021-02-16,Sonoma,097,501317,27517,27380,176,27556,279
2021-02-16,Stanislaus,099,539301,49821,48927,5232,54159,716
2021-02-16,Sutter,101,95872,8764,8671,81,8752,95
2021-02-16,Tehama,103,63373,4553,4501,489,4990,30
2021-02-16,Trinity,105,12862,458,275,70,345,3
2021-02-16,Tulare,107,460477,47687,46444,7782,54226,716
2021-02-16,Tuolumne,109,53932,3814,3796,31,3827,49
2021-02-16,Ventura,111,848112,76779,76043,2731,78774,631
2021-02-16,Yolo,113,214977,12682,12457,212,12669,175
2021-02-16,Yuba,115,75493,5421,5332,83,5415,38
2021-02-15,Alameda,001,1643700,79430,78647,1701,80348,996
2021-02-15,Alpine,003,1148,78,76,0,76,0
2021-02-15,Amador,005,37829,3428,3409,29,3438,39
2021-02-15,Butte,007,227075,11177,10723,1589,12312,155
2021-02-15,Calaveras,009,45235,1879,1871,12,1883,21
2021-02-15,Colusa,011,21464,1858,1849,253,2102,10
2021-02-15,Contra Costa,013,1133247,61845,60444,1048,61492,631
2021-02-15,Del Norte,015,27424,959,913,4,917,2
2021-02-15,El Dorado,017,186661,9004,8816,589,9405,94
2021-02-15,Fresno,019,978130,94919,93231,7525,100756,1288
2021-02-15,Glenn,021,27897,2209,2185,480,2665,14
2021-02-15,Humboldt,023,135768,3040,2997,21,3018,29
2021-02-15,Imperial,025,180216,27070,26700,2491,29191,580
2021-02-15,Inyo,027,18085,1231,1184,8,1192,32
2021-02-15,Kern,029,883053,92181,90181,9507,99688,959
2021-02-15,Kings,031,150075,21975,21574,950,22524,205
2021-02-15,Lake,033,64148,3099,3030,1,3031,38
2021-02-15,Lassen,035,31185,5073,5047,92,5139,1
2021-02-15,Los Angeles,037,10098052,1161190,1137164,38813,1175977,18925
2021-02-15,Madera,039,155013,15358,15108,787,15895,106
2021-02-15,Marin,041,260295,12959,12810,157,12967,203
2021-02-15,Mariposa,043,17540,372,367,4,371,4
2021-02-15,Mendocino,045,87422,3586,3481,64,3545,39
2021-02-15,Merced,047,269075,27834,27656,835,28491,368
2021-02-15,Modoc,049,8938,335,326,113,439,3
2021-02-15,Mono,051,14174,1167,1178,15,1193,3
2021-02-15,Monterey,053,433212,41445,40911,1628,42539,302
2021-02-15,Napa,055,140530,8904,8837,33,8870,57
2021-02-15,Nevada,057,99092,3895,3767,155,3922,47
2021-02-15,Orange,059,3164182,244771,242176,10046,252222,3586
2021-02-15,Placer,061,380077,20220,19361,1081,20442,230
2021-02-15,Plumas,063,18699,636,620,10,630,4
2021-02-15,Riverside,065,2383286,282600,275771,13213,288984,3468
2021-02-15,Sacramento,067,1510023,92640,91091,1190,92281,1304
2021-02-15,San Benito,069,59416,5683,5649,85,5734,56
2021-02-15,San Bernardino,071,2135413,284113,277869,8461,286330,2945
2021-02-15,San Diego,073,3302833,260126,252940,12537,265477,3037
2021-02-15,San Francisco,075,870044,33612,33454,1037,34491,373
2021-02-15,San Joaquin,077,732212,65735,64382,2706,67088,979
2021-02-15,San Luis Obispo,079,281455,19266,18891,547,19438,227
2021-02-15,San Mateo,081,765935,38951,37969,387,38356,277
2021-02-15,Santa Barbara,083,443738,32147,30810,1089,31899,378
2021-02-15,Santa Clara,085,1922200,108235,107630,546,108176,1588
2021-02-15,Santa Cruz,087,273765,15161,14239,774,15013,175
2021-02-15,Shasta,089,179085,10816,10730,1186,11916,139
2021-02-15,Sierra,091,2930,50,47,12,59,0
2021-02-15,Siskiyou,093,43540,1442,1345,220,1565,4
2021-02-15,Solano,095,438530,29430,29225,348,29573,148
2021-02-15,Sonoma,097,501317,27432,27359,172,27531,276
2021-02-15,Stanislaus,099,539301,49696,48808,5219,54027,716
2021-02-15,Sutter,101,95872,8749,8652,81,8733,95
2021-02-15,Tehama,103,63373,4542,4492,487,4979,30
2021-02-15,Trinity,105,12862,457,274,70,344,3
2021-02-15,Tulare,107,460477,47614,46344,7742,54086,715
2021-02-15,Tuolumne,109,53932,3804,3794,31,3825,49
2021-02-15,Ventura,111,848112,76623,75889,2728,78617,629
2021-02-15,Yolo,113,214977,12645,12412,206,12618,175
2021-02-15,Yuba,115,75493,5404,5320,82,5402,38
2021-02-14,Alameda,001,1643700,79274,78442,1700,80142,995
2021-02-14,Alpine,003,1148,78,76,0,76,0
2021-02-14,Amador,005,37829,3423,3398,29,3427,39
2021-02-14,Butte,007,227075,11153,10717,1584,12301,155
2021-02-14,Calaveras,009,45235,1876,1866,12,1878,21
2021-02-14,Colusa,011,21464,1854,1845,250,2095,10
2021-02-14,Contra Costa,013,1133247,61697,60272,1045,61317,631
2021-02-14,Del Norte,015,27424,955,911,4,915,2
2021-02-14,El Dorado,017,186661,8973,8790,588,9378,94
2021-02-14,Fresno,019,978130,94749,93065,7502,100567,1287
2021-02-14,Glenn,021,27897,2207,2184,480,2664,14
2021-02-14,Humboldt,023,135768,3027,2992,21,3013,29
2021-02-14,Imperial,025,180216,27062,26696,2490,29186,580
2021-02-14,Inyo,027,18085,1225,1177,8,1185,32
2021-02-14,Kern,029,883053,92021,90038,9454,99492,959
2021-02-14,Kings,031,150075,21949,21538,948,22486,205
2021-02-14,Lake,033,64148,3090,3030,1,3031,38
2021-02-14,Lassen,035,31185,5069,5037,92,5129,1
2021-02-14,Los Angeles,037,10098052,1159852,1135450,38726,1174176,18898
2021-02-14,Madera,039,155013,15326,15089,783,15872,106
2021-02-14,Marin,041,260295,12935,12784,157,12941,201
2021-02-14,Mariposa,043,17540,372,365,4,369,4
2021-02-14,Mendocino,045,87422,3581,3475,64,3539,39
2021-02-14,Merced,047,269075,27756,27601,830,28431,368
2021-02-14,Modoc,049,8938,335,326,113,439,3
2021-02-14,Mono,051,14174,1166,1180,15,1195,3
2021-02-14,Monterey,053,433212,41395,40842,1624,42466,302
2021-02-14,Napa,055,140530,8884,8826,33,8859,57
2021-02-14,Nevada,057,99092,3879,3761,155,3916,47
2021-02-14,Orange,059,3164182,244460,241859,10027,251886,3564
2021-02-14,Placer,061,380077,20181,19313,1076,20389,230
2021-02-14,Plumas,063,18699,635,620,10,630,4
2021-02-14,Riverside,065,2383286,282264,275518,13194,288712,3471
2021-02-14,Sacramento,067,1510023,92433,90856,1186,92042,1304
2021-02-14,San Benito,069,59416,5675,5641,84,5725,56
2021-02-14,San Bernardino,071,2135413,283796,277664,8441,286105,2929
2021-02-14,San Diego,073,3302833,259634,252247,12489,264736,3037
2021-02-14,San Francisco,075,870044,33538,33374,1029,34403,372
2021-02-14,San Joaquin,077,732212,65636,64243,2692,66935,979
2021-02-14,San Luis Obispo,079,281455,19228,18868,544,19412,225
2021-02-14,San Mateo,081,765935,38867,37859,387,38246,277
2021-02-14,Santa Barbara,083,443738,32055,30744,1085,31829,377
2021-02-14,Santa Clara,085,1922200,108034,107412,542,107954,1582
2021-02-14,Santa Cruz,087,273765,15133,14225,769,14994,175
2021-02-14,Shasta,089,179085,10785,10720,1181,11901,139
2021-02-14,Sierra,091,2930,50,47,12,59,0
2021-02-14,Siskiyou,093,43540,1438,1340,220,1560,4
2021-02-14,Solano,095,438530,29392,29150,345,29495,148
2021-02-14,Sonoma,097,501317,27355,27266,170,27436,276
2021-02-14,Stanislaus,099,539301,49589,48672,5204,53876,716
2021-02-14,Sutter,101,95872,8726,8642,81,8723,95
2021-02-14,Tehama,103,63373,4534,4490,485,4975,30
2021-02-14,Trinity,105,12862,457,272,70,342,3
2021-02-14,Tulare,107,460477,47533,46263,7693,53956,715
2021-02-14,Tuolumne,109,53932,3803,3764,31,3795,49
2021-02-14,Ventura,111,848112,76448,75742,2717,78459,629
2021-02-14,Yolo,113,214977,12616,12399,205,12604,175
2021-02-14,Yuba,115,75493,5394,5314,82,5396,38
2021-02-13,Alameda,001,1643700,79159,78246,1697,79943,995
2021-02-13,Alpine,003,1148,78,76,0,76,0
2021-02-13,Amador,005,37829,3420,3387,29,3416,38
2021-02-13,Butte,007,227075,11137,10699,1583,12282,155
2021-02-13,Calaveras,009,45235,1872,1863,12,1875,21
2021-02-13,Colusa,011,21464,1854,1837,250,2087,10
2021-02-13,Contra Costa,013,1133247,61577,60100,1045,61145,629
2021-02-13,Del Norte,015,27424,953,908,4,912,2
2021-02-13,El Dorado,017,186661,8962,8758,587,9345,93
2021-02-13,Fresno,019,978130,94635,92807,7480,100287,1287
2021-02-13,Glenn,021,27897,2206,2182,480,2662,14
2021-02-13,Humboldt,023,135768,3014,2974,20,2994,29
2021-02-13,Imperial,025,180216,27055,26680,2488,29168,580
2021-02-13,Inyo,027,18085,1221,1168,8,1176,32
2021-02-13,Kern,029,883053,91932,89915,9429,99344,957
2021-02-13,Kings,031,150075,21934,21513,946,22459,205
2021-02-13,Lake,033,64148,3084,3025,1,3026,37
2021-02-13,Lassen,035,31185,5066,5028,92,5120,1
2021-02-13,Los Angeles,037,10098052,1158993,1133752,38679,1172431,18822
2021-02-13,Madera,039,155013,15317,15053,778,15831,106
2021-02-13,Marin,041,260295,12914,12757,157,12914,201
2021-02-13,Mariposa,043,17540,372,365,4,369,4
2021-02-13,Mendocino,045,87422,3571,3466,64,3530,38
2021-02-13,Merced,047,269075,27712,27541,827,28368,368
2021-02-13,Modoc,049,8938,335,325,113,438,3
2021-02-13,Mono,051,14174,1166,1176,15,1191,3
2021-02-13,Monterey,053,433212,41363,40731,1623,42354,301
2021-02-13,Napa,055,140530,8875,8809,33,8842,57
2021-02-13,Nevada,057,99092,3870,3742,154,3896,47
2021-02-13,Orange,059,3164182,244254,241545,10008,251553,3520
2021-02-13,Placer,061,380077,20161,19214,1076,20290,230
2021-02-13,Plumas,063,18699,635,616,10,626,4
2021-02-13,Riverside,065,2383286,282030,275276,13185,288461,3462
2021-02-13,Sacramento,067,1510023,92266,90401,1183,91584,1302
2021-02-13,San Benito,069,59416,5661,5633,84,5717,56
2021-02-13,San Bernardino,071,2135413,283644,277405,8429,285834,2899
2021-02-13,San Diego,073,3302833,259303,251679,12477,264156,3009
2021-02-13,San Francisco,075,870044,33488,33291,1019,34310,364
2021-02-13,San Joaquin,077,732212,65569,64105,2682,66787,977
2021-02-13,San Luis Obispo,079,281455,19200,18803,538,19341,225
2021-02-13,San Mateo,081,765935,38814,37745,387,38132,277
2021-02-13,Santa Barbara,083,443738,32003,30594,1083,31677,374
2021-02-13,Santa Clara,085,1922200,107849,107125,538,107663,1570
2021-02-13,Santa Cruz,087,273765,15106,14198,768,14966,173
2021-02-13,Shasta,089,179085,10773,10713,1176,11889,139
2021-02-13,Sierra,091,2930,50,47,12,59,0
2021-02-13,Siskiyou,093,43540,1435,1336,220,1556,4
2021-02-13,Solano,095,438530,29355,29084,345,29429,148
2021-02-13,Sonoma,097,501317,27309,27157,168,27325,276
2021-02-13,Stanislaus,099,539301,49520,48568,5198,53766,697
2021-02-13,Sutter,101,95872,8714,8626,81,8707,94
2021-02-13,Tehama,103,63373,4525,4484,484,4968,30
2021-02-13,Trinity,105,12862,456,272,69,341,3
2021-02-13,Tulare,107,460477,47484,46162,7661,53823,709
2021-02-13,Tuolumne,109,53932,3802,3752,31,3783,49
2021-02-13,Ventura,111,848112,76310,75481,2711,78192,618
2021-02-13,Yolo,113,214977,12604,12374,204,12578,175
2021-02-13,Yuba,115,75493,5386,5289,82,5371,38
2021-02-12,Alameda,001,1643700,79025,77958,1691,79649,974
2021-02-12,Alpine,003,1148,78,76,0,76,0
2021-02-12,Amador,005,37829,3416,3381,29,3410,38
2021-02-12,Butte,007,227075,11122,10655,1576,12231,155
2021-02-12,Calaveras,009,45235,1869,1860,12,1872,21
2021-02-12,Colusa,011,21464,1854,1836,250,2086,10
2021-02-12,Contra Costa,013,1133247,61427,59878,1041,60919,620
2021-02-12,Del Norte,015,27424,943,901,4,905,2
2021-02-12,El Dorado,017,186661,8946,8725,584,9309,92
2021-02-12,Fresno,019,978130,94481,92520,7460,99980,1273
2021-02-12,Glenn,021,27897,2203,2175,480,2655,14
2021-02-12,Humboldt,023,135768,3006,2961,20,2981,29
2021-02-12,Imperial,025,180216,27046,26646,2486,29132,585
2021-02-12,Inyo,027,18085,1215,1156,8,1164,32
2021-02-12,Kern,029,883053,91821,89532,9394,98926,949
2021-02-12,Kings,031,150075,21902,21462,941,22403,202
2021-02-12,Lake,033,64148,3080,3012,1,3013,36
2021-02-12,Lassen,035,31185,5064,5015,92,5107,1
2021-02-12,Los Angeles,037,10098052,1157790,1131185,38610,1169795,18637
2021-02-12,Madera,039,155013,15290,15022,775,15797,106
2021-02-12,Marin,041,260295,12888,12720,157,12877,200
2021-02-12,Mariposa,043,17540,371,365,4,369,4
2021-02-12,Mendocino,045,87422,3569,3447,64,3511,38
2021-02-12,Merced,047,269075,27661,27453,824,28277,367
2021-02-12,Modoc,049,8938,335,324,113,437,3
2021-02-12,Mono,051,14174,1165,1172,15,1187,3
2021-02-12,Monterey,053,433212,41316,40633,1614,42247,297
2021-02-12,Napa,055,140530,8863,8785,33,8818,55
2021-02-12,Nevada,057,99092,3865,3728,154,3882,47
2021-02-12,Orange,059,3164182,244015,241075,9994,251069,3505
2021-02-12,Placer,061,380077,20119,19174,1071,20245,230
2021-02-12,Plumas,063,18699,634,614,10,624,4
2021-02-12,Riverside,065,2383286,281752,274792,13167,287959,3438
2021-02-12,Sacramento,067,1510023,92063,90252,1182,91434,1295
2021-02-12,San Benito,069,59416,5645,5622,83,5705,56
2021-02-12,San Bernardino,071,2135413,283451,276890,8418,285308,2827
2021-02-12,San Diego,073,3302833,258921,250788,12451,263239,2979
2021-02-12,San Francisco,075,870044,33429,33179,1015,34194,359
2021-02-12,San Joaquin,077,732212,65475,63966,2674,66640,975
2021-02-12,San Luis Obispo,079,281455,19159,18687,537,19224,224
2021-02-12,San Mateo,081,765935,38742,37560,387,37947,254
2021-02-12,Santa Barbara,083,443738,31932,30454,1078,31532,372
2021-02-12,Santa Clara,085,1922200,107680,106759,535,107294,1543
2021-02-12,Santa Cruz,087,273765,15086,14147,768,14915,170
2021-02-12,Shasta,089,179085,10754,10693,1166,11859,142
2021-02-12,Sierra,091,2930,49,45,12,57,0
2021-02-12,Siskiyou,093,43540,1431,1324,217,1541,4
2021-02-12,Solano,095,438530,29323,28996,342,29338,147
2021-02-12,Sonoma,097,501317,27255,27064,164,27228,275
2021-02-12,Stanislaus,099,539301,49435,48418,5175,53593,697
2021-02-12,Sutter,101,95872,8700,8609,81,8690,93
2021-02-12,Tehama,103,63373,4517,4470,483,4953,27
2021-02-12,Trinity,105,12862,456,269,69,338,3
2021-02-12,Tulare,107,460477,47406,46016,7634,53650,710
2021-02-12,Tuolumne,109,53932,3799,3736,30,3766,49
2021-02-12,Ventura,111,848112,76142,75210,2704,77914,605
2021-02-12,Yolo,113,214977,12584,12340,204,12544,175
2021-02-12,Yuba,115,75493,5378,5274,82,5356,38
2021-02-11,Alameda,001,1643700,78796,77564,1686,79250,960
2021-02-11,Alpine,003,1148,77,76,0,76,0
2021-02-11,Amador,005,37829,3412,3368,29,3397,35
2021-02-11,Butte,007,227075,11098,10624,1574,12198,155
2021-02-11,Calaveras,009,45235,1866,1856,12,1868,21
2021-02-11,Colusa,011,21464,1849,1823,248,2071,10
2021-02-11,Contra Costa,013,1133247,61260,59633,1037,60670,605
2021-02-11,Del Norte,015,27424,938,894,4,898,2
2021-02-11,El Dorado,017,186661,8925,8698,584,9282,92
2021-02-11,Fresno,019,978130,94324,92168,7434,99602,1255
2021-02-11,Glenn,021,27897,2200,2166,479,2645,14
2021-02-11,Humboldt,023,135768,2993,2954,19,2973,29
2021-02-11,Imperial,025,180216,27023,26545,2484,29029,578
2021-02-11,Inyo,027,18085,1206,1144,8,1152,32
2021-02-11,Kern,029,883053,91630,89224,9350,98574,941
2021-02-11,Kings,031,150075,21872,21373,938,22311,202
2021-02-11,Lake,033,64148,3070,3002,1,3003,36
2021-02-11,Lassen,035,31185,5053,5004,89,5093,1
2021-02-11,Los Angeles,037,10098052,1156159,1128437,38540,1166977,18500
2021-02-11,Madera,039,155013,15269,14984,773,15757,106
2021-02-11,Marin,041,260295,12851,12682,157,12839,200
2021-02-11,Mariposa,043,17540,371,361,4,365,4
2021-02-11,Mendocino,045,87422,3562,3420,64,3484,38
2021-02-11,Merced,047,269075,27596,27325,820,28145,363
2021-02-11,Modoc,049,8938,334,317,113,430,3
2021-02-11,Mono,051,14174,1161,1173,15,1188,3
2021-02-11,Monterey,053,433212,41208,40469,1608,42077,295
2021-02-11,Napa,055,140530,8842,8777,33,8810,55
2021-02-11,Nevada,057,99092,3849,3720,153,3873,47
2021-02-11,Orange,059,3164182,243649,240590,9971,250561,3476
2021-02-11,Placer,061,380077,20079,19118,1070,20188,224
2021-02-11,Plumas,063,18699,633,592,10,602,4
2021-02-11,Riverside,065,2383286,281382,274313,13153,287466,3394
2021-02-11,Sacramento,067,1510023,91821,89988,1176,91164,1286
2021-02-11,San Benito,069,59416,5636,5609,83,5692,56
2021-02-11,San Bernardino,071,2135413,283135,276349,8404,284753,2774
2021-02-11,San Diego,073,3302833,258369,249971,12417,262388,2955
2021-02-11,San Francisco,075,870044,33344,33076,1005,34081,356
2021-02-11,San Joaquin,077,732212,65305,63719,2664,66383,971
2021-02-11,San Luis Obispo,079,281455,19094,18615,533,19148,219
2021-02-11,San Mateo,081,765935,38651,37439,385,37824,253
2021-02-11,Santa Barbara,083,443738,31838,30375,1073,31448,370
2021-02-11,Santa Clara,085,1922200,107423,106392,529,106921,1507
2021-02-11,Santa Cruz,087,273765,15063,14088,763,14851,165
2021-02-11,Shasta,089,179085,10730,10672,1162,11834,140
2021-02-11,Sierra,091,2930,49,45,12,57,0
2021-02-11,Siskiyou,093,43540,1416,1320,217,1537,4
2021-02-11,Solano,095,438530,29271,28885,342,29227,138
2021-02-11,Sonoma,097,501317,27172,26971,161,27132,272
2021-02-11,Stanislaus,099,539301,49291,48205,5164,53369,697
2021-02-11,Sutter,101,95872,8686,8590,80,8670,93
2021-02-11,Tehama,103,63373,4511,4463,483,4946,26
2021-02-11,Trinity,105,12862,456,269,69,338,3
2021-02-11,Tulare,107,460477,47312,45897,7592,53489,706
2021-02-11,Tuolumne,109,53932,3762,3716,30,3746,48
2021-02-11,Ventura,111,848112,75941,74959,2695,77654,590
2021-02-11,Yolo,113,214977,12561,12303,202,12505,173
2021-02-11,Yuba,115,75493,5364,5261,80,5341,38
2021-02-10,Alameda,001,1643700,78592,77344,1685,79029,944
2021-02-10,Alpine,003,1148,77,76,0,76,0
2021-02-10,Amador,005,37829,3400,3348,29,3377,35
2021-02-10,Butte,007,227075,11072,10594,1573,12167,155
2021-02-10,Calaveras,009,45235,1864,1850,12,1862,21
2021-02-10,Colusa,011,21464,1842,1815,246,2061,10
2021-02-10,Contra Costa,013,1133247,61088,59488,1035,60523,590
2021-02-10,Del Norte,015,27424,932,888,4,892,2
2021-02-10,El Dorado,017,186661,8894,8682,580,9262,87
2021-02-10,Fresno,019,978130,94149,91876,7408,99284,1247
2021-02-10,Glenn,021,27897,2198,2160,476,2636,14
2021-02-10,Humboldt,023,135768,2985,2924,19,2943,29
2021-02-10,Imperial,025,180216,26983,26522,2481,29003,578
2021-02-10,Inyo,027,18085,1194,1138,8,1146,30
2021-02-10,Kern,029,883053,91423,88933,9296,98229,926
2021-02-10,Kings,031,150075,21829,21294,936,22230,197
2021-02-10,Lake,033,64148,3057,2975,1,2976,36
2021-02-10,Lassen,035,31185,5049,4993,89,5082,1
2021-02-10,Los Angeles,037,10098052,1154416,1125437,38410,1163847,18338
2021-02-10,Madera,039,155013,15231,14925,771,15696,105
2021-02-10,Marin,041,260295,12814,12651,157,12808,199
2021-02-10,Mariposa,043,17540,369,360,4,364,4
2021-02-10,Mendocino,045,87422,3547,3395,64,3459,38
2021-02-10,Merced,047,269075,27514,27246,809,28055,359
2021-02-10,Modoc,049,8938,333,315,111,426,3
2021-02-10,Mono,051,14174,1156,1170,15,1185,3
2021-02-10,Monterey,053,433212,41127,40366,1594,41960,288
2021-02-10,Napa,055,140530,8823,8769,33,8802,55
2021-02-10,Nevada,057,99092,3834,3693,151,3844,47
2021-02-10,Orange,059,3164182,243229,239974,9940,249914,3439
2021-02-10,Placer,061,380077,20040,19062,1065,20127,220
2021-02-10,Plumas,063,18699,630,589,10,599,2
2021-02-10,Riverside,065,2383286,280954,273721,13143,286864,3374
2021-02-10,Sacramento,067,1510023,91570,89653,1172,90825,1275
2021-02-10,San Benito,069,59416,5622,5591,83,5674,55
2021-02-10,San Bernardino,071,2135413,282772,275616,8388,284004,2696
2021-02-10,San Diego,073,3302833,257788,248858,12379,261237,2904
2021-02-10,San Francisco,075,870044,33262,32955,1002,33957,351
2021-02-10,San Joaquin,077,732212,65164,63484,2650,66134,954
2021-02-10,San Luis Obispo,079,281455,19015,18549,531,19080,216
2021-02-10,San Mateo,081,765935,38561,37323,385,37708,245
2021-02-10,Santa Barbara,083,443738,31748,30216,1068,31284,359
2021-02-10,Santa Clara,085,1922200,107184,106048,526,106574,1489
2021-02-10,Santa Cruz,087,273765,15027,14007,761,14768,165
2021-02-10,Shasta,089,179085,10707,10645,1159,11804,142
2021-02-10,Sierra,091,2930,49,45,12,57,0
2021-02-10,Siskiyou,093,43540,1411,1314,216,1530,4
2021-02-10,Solano,095,438530,29196,28835,340,29175,137
2021-02-10,Sonoma,097,501317,27080,26881,159,27040,271
2021-02-10,Stanislaus,099,539301,49176,48016,5147,53163,696
2021-02-10,Sutter,101,95872,8669,8571,80,8651,93
2021-02-10,Tehama,103,63373,4503,4445,483,4928,23
2021-02-10,Trinity,105,12862,453,268,69,337,3
2021-02-10,Tulare,107,460477,47195,45782,7553,53335,696
2021-02-10,Tuolumne,109,53932,3754,3691,30,3721,48
2021-02-10,Ventura,111,848112,75714,74651,2678,77329,580
2021-02-10,Yolo,113,214977,12537,12276,201,12477,174
2021-02-10,Yuba,115,75493,5346,5241,80,5321,38
2021-02-09,Alameda,001,1643700,78330,77018,1682,78700,936
2021-02-09,Alpine,003,1148,77,76,0,76,0
2021-02-09,Amador,005,37829,3392,3347,29,3376,35
2021-02-09,Butte,007,227075,11045,10563,1571,12134,153
2021-02-09,Calaveras,009,45235,1860,1847,12,1859,21
2021-02-09,Colusa,011,21464,1833,1812,241,2053,10
2021-02-09,Contra Costa,013,1133247,60900,59307,1029,60336,583
2021-02-09,Del Norte,015,27424,926,886,4,890,2
2021-02-09,El Dorado,017,186661,8867,8663,579,9242,87
2021-02-09,Fresno,019,978130,93907,91730,7380,99110,1211
2021-02-09,Glenn,021,27897,2194,2156,475,2631,14
2021-02-09,Humboldt,023,135768,2977,2904,19,2923,29
2021-02-09,Imperial,025,180216,26955,26509,2478,28987,568
2021-02-09,Inyo,027,18085,1186,1137,8,1145,30
2021-02-09,Kern,029,883053,91174,88684,9250,97934,920
2021-02-09,Kings,031,150075,21788,21275,934,22209,196
2021-02-09,Lake,033,64148,3046,2955,1,2956,36
2021-02-09,Lassen,035,31185,5042,4983,89,5072,1
2021-02-09,Los Angeles,037,10098052,1152449,1122745,38323,1161068,18198
2021-02-09,Madera,039,155013,15211,14912,768,15680,105
2021-02-09,Marin,041,260295,12781,12623,156,12779,197
2021-02-09,Mariposa,043,17540,367,355,4,359,4
2021-02-09,Mendocino,045,87422,3529,3369,64,3433,38
2021-02-09,Merced,047,269075,27416,27166,804,27970,354
2021-02-09,Modoc,049,8938,332,316,111,427,3
2021-02-09,Mono,051,14174,1155,1167,15,1182,3
2021-02-09,Monterey,053,433212,41019,40279,1583,41862,285
2021-02-09,Napa,055,140530,8810,8749,33,8782,55
2021-02-09,Nevada,057,99092,3818,3687,151,3838,44
2021-02-09,Orange,059,3164182,242812,239169,9909,249078,3406
2021-02-09,Placer,061,380077,19976,19008,1058,20066,220
2021-02-09,Plumas,063,18699,630,584,10,594,2
2021-02-09,Riverside,065,2383286,280460,273465,13128,286593,3334
2021-02-09,Sacramento,067,1510023,91259,89378,1171,90549,1265
2021-02-09,San Benito,069,59416,5610,5566,82,5648,54
2021-02-09,San Bernardino,071,2135413,282397,274998,8375,283373,2613
2021-02-09,San Diego,073,3302833,257131,248048,12336,260384,2853
2021-02-09,San Francisco,075,870044,33183,32782,992,33774,349
2021-02-09,San Joaquin,077,732212,64990,63341,2645,65986,937
2021-02-09,San Luis Obispo,079,281455,18956,18489,530,19019,216
2021-02-09,San Mateo,081,765935,38430,37227,384,37611,235
2021-02-09,Santa Barbara,083,443738,31638,30118,1061,31179,351
2021-02-09,Santa Clara,085,1922200,106877,105762,523,106285,1463
2021-02-09,Santa Cruz,087,273765,14977,13958,756,14714,162
2021-02-09,Shasta,089,179085,10681,10595,1157,11752,139
2021-02-09,Sierra,091,2930,49,44,12,56,0
2021-02-09,Siskiyou,093,43540,1403,1306,214,1520,4
2021-02-09,Solano,095,438530,29119,28769,337,29106,131
2021-02-09,Sonoma,097,501317,26991,26826,157,26983,267
2021-02-09,Stanislaus,099,539301,49015,47906,5131,53037,679
2021-02-09,Sutter,101,95872,8652,8541,80,8621,92
2021-02-09,Tehama,103,63373,4496,4416,481,4897,22
2021-02-09,Trinity,105,12862,453,266,69,335,3
2021-02-09,Tulare,107,460477,47061,45704,7499,53203,686
2021-02-09,Tuolumne,109,53932,3734,3673,30,3703,48
2021-02-09,Ventura,111,848112,75464,74333,2670,77003,567
2021-02-09,Yolo,113,214977,12495,12220,201,12421,174
2021-02-09,Yuba,115,75493,5337,5235,80,5315,35
2021-02-08,Alameda,001,1643700,78068,76735,1677,78412,924
2021-02-08,Alpine,003,1148,77,73,0,73,0
2021-02-08,Amador,005,37829,3385,3344,28,3372,33
2021-02-08,Butte,007,227075,11023,10524,1568,12092,152
2021-02-08,Calaveras,009,45235,1859,1840,12,1852,21
2021-02-08,Colusa,011,21464,1825,1802,237,2039,10
2021-02-08,Contra Costa,013,1133247,60692,59039,1027,60066,567
2021-02-08,Del Norte,015,27424,923,885,4,889,2
2021-02-08,El Dorado,017,186661,8836,8627,577,9204,86
2021-02-08,Fresno,019,978130,93695,91430,7353,98783,1207
2021-02-08,Glenn,021,27897,2187,2148,473,2621,14
2021-02-08,Humboldt,023,135768,2969,2902,19,2921,29
2021-02-08,Imperial,025,180216,26936,26526,2476,29002,567
2021-02-08,Inyo,027,18085,1173,1126,8,1134,30
2021-02-08,Kern,029,883053,90959,88380,9192,97572,920
2021-02-08,Kings,031,150075,21726,21232,931,22163,195
2021-02-08,Lake,033,64148,3027,2949,1,2950,36
2021-02-08,Lassen,035,31185,5029,4976,89,5065,1
2021-02-08,Los Angeles,037,10098052,1150358,1120179,38204,1158383,17977
2021-02-08,Madera,039,155013,15175,14887,761,15648,93
2021-02-08,Marin,041,260295,12752,12591,156,12747,194
2021-02-08,Mariposa,043,17540,367,355,4,359,4
2021-02-08,Mendocino,045,87422,3515,3355,64,3419,38
2021-02-08,Merced,047,269075,27331,27082,799,27881,346
2021-02-08,Modoc,049,8938,330,318,111,429,3
2021-02-08,Mono,051,14174,1155,1165,15,1180,3
2021-02-08,Monterey,053,433212,40896,40186,1564,41750,283
2021-02-08,Napa,055,140530,8795,8719,33,8752,55
2021-02-08,Nevada,057,99092,3806,3671,151,3822,44
2021-02-08,Orange,059,3164182,242344,238715,9885,248600,3361
2021-02-08,Placer,061,380077,19932,18944,1052,19996,211
2021-02-08,Plumas,063,18699,629,584,10,594,2
2021-02-08,Riverside,065,2383286,279891,272904,13104,286008,3301
2021-02-08,Sacramento,067,1510023,90972,89267,1168,90435,1247
2021-02-08,San Benito,069,59416,5605,5553,81,5634,52
2021-02-08,San Bernardino,071,2135413,281994,274661,8369,283030,2587
2021-02-08,San Diego,073,3302833,256389,247259,12295,259554,2821
2021-02-08,San Francisco,075,870044,33089,32679,984,33663,348
2021-02-08,San Joaquin,077,732212,64829,63148,2635,65783,929
2021-02-08,San Luis Obispo,079,281455,18899,18421,525,18946,214
2021-02-08,San Mateo,081,765935,38321,37084,384,37468,232
2021-02-08,Santa Barbara,083,443738,31525,29978,1054,31032,340
2021-02-08,Santa Clara,085,1922200,106552,105413,515,105928,1456
2021-02-08,Santa Cruz,087,273765,14938,13921,750,14671,161
2021-02-08,Shasta,089,179085,10655,10574,1151,11725,137
2021-02-08,Sierra,091,2930,49,44,12,56,0
2021-02-08,Siskiyou,093,43540,1400,1303,214,1517,4
2021-02-08,Solano,095,438530,29055,28644,335,28979,130
2021-02-08,Sonoma,097,501317,26900,26760,156,26916,259
2021-02-08,Stanislaus,099,539301,48862,47704,5103,52807,679
2021-02-08,Sutter,101,95872,8633,8526,80,8606,92
2021-02-08,Tehama,103,63373,4481,4403,479,4882,22
2021-02-08,Trinity,105,12862,451,266,69,335,3
2021-02-08,Tulare,107,460477,46954,45617,7459,53076,673
2021-02-08,Tuolumne,109,53932,3726,3647,30,3677,48
2021-02-08,Ventura,111,848112,75207,74068,2664,76732,565
2021-02-08,Yolo,113,214977,12463,12169,200,12369,162
2021-02-08,Yuba,115,75493,5321,5215,80,5295,35
2021-02-07,Alameda,001,1643700,77764,76500,1669,78169,924
2021-02-07,Alpine,003,1148,74,72,0,72,0
2021-02-07,Amador,005,37829,3364,3343,28,3371,33
2021-02-07,Butte,007,227075,10990,10513,1558,12071,152
2021-02-07,Calaveras,009,45235,1855,1837,12,1849,21
2021-02-07,Colusa,011,21464,1814,1795,235,2030,10
2021-02-07,Contra Costa,013,1133247,60455,58836,1022,59858,566
2021-02-07,Del Norte,015,27424,919,881,4,885,2
2021-02-07,El Dorado,017,186661,8807,8596,575,9171,86
2021-02-07,Fresno,019,978130,93465,91184,7315,98499,1207
2021-02-07,Glenn,021,27897,2184,2141,469,2610,14
2021-02-07,Humboldt,023,135768,2948,2895,19,2914,28
2021-02-07,Imperial,025,180216,26909,26518,2470,28988,567
2021-02-07,Inyo,027,18085,1162,1124,8,1132,27
2021-02-07,Kern,029,883053,90714,88146,9135,97281,920
2021-02-07,Kings,031,150075,21665,21180,928,22108,192
2021-02-07,Lake,033,64148,3011,2940,1,2941,36
2021-02-07,Lassen,035,31185,5018,4973,89,5062,1
2021-02-07,Los Angeles,037,10098052,1147607,1117551,38076,1155627,17889
2021-02-07,Madera,039,155013,15141,14850,757,15607,93
2021-02-07,Marin,041,260295,12718,12571,154,12725,194
2021-02-07,Mariposa,043,17540,366,355,4,359,4
2021-02-07,Mendocino,045,87422,3498,3348,64,3412,38
2021-02-07,Merced,047,269075,27220,26977,787,27764,346
2021-02-07,Modoc,049,8938,330,317,107,424,3
2021-02-07,Mono,051,14174,1152,1165,15,1180,3
2021-02-07,Monterey,053,433212,40760,40113,1543,41656,283
2021-02-07,Napa,055,140530,8772,8701,33,8734,55
2021-02-07,Nevada,057,99092,3795,3643,150,3793,44
2021-02-07,Orange,059,3164182,241746,238155,9853,248008,3336
2021-02-07,Placer,061,380077,19884,18903,1039,19942,211
2021-02-07,Plumas,063,18699,629,584,10,594,2
2021-02-07,Riverside,065,2383286,279363,272301,13083,285384,3267
2021-02-07,Sacramento,067,1510023,90640,88919,1161,90080,1246
2021-02-07,San Benito,069,59416,5586,5548,80,5628,52
2021-02-07,San Bernardino,071,2135413,281411,274316,8344,282660,2587
2021-02-07,San Diego,073,3302833,255603,246561,12231,258792,2821
2021-02-07,San Francisco,075,870044,32968,32609,972,33581,348
2021-02-07,San Joaquin,077,732212,64556,63051,2620,65671,929
2021-02-07,San Luis Obispo,079,281455,18826,18349,518,18867,214
2021-02-07,San Mateo,081,765935,38187,36984,382,37366,232
2021-02-07,Santa Barbara,083,443738,31387,29815,1043,30858,340
2021-02-07,Santa Clara,085,1922200,106212,105118,505,105623,1450
2021-02-07,Santa Cruz,087,273765,14884,13887,746,14633,161
2021-02-07,Shasta,089,179085,10635,10570,1143,11713,137
2021-02-07,Sierra,091,2930,49,43,12,55,0
2021-02-07,Siskiyou,093,43540,1393,1295,212,1507,4
2021-02-07,Solano,095,438530,28945,28567,334,28901,130
2021-02-07,Sonoma,097,501317,26793,26684,152,26836,257
2021-02-07,Stanislaus,099,539301,48672,47551,5071,52622,679
2021-02-07,Sutter,101,95872,8605,8515,80,8595,92
2021-02-07,Tehama,103,63373,4467,4396,477,4873,22
2021-02-07,Trinity,105,12862,448,264,67,331,3
2021-02-07,Tulare,107,460477,46832,45520,7381,52901,671
2021-02-07,Tuolumne,109,53932,3702,3619,29,3648,48
2021-02-07,Ventura,111,848112,74898,73759,2652,76411,561
2021-02-07,Yolo,113,214977,12419,12135,200,12335,162
2021-02-07,Yuba,115,75493,5306,5198,78,5276,35
2021-02-06,Alameda,001,1643700,77607,76170,1658,77828,922
2021-02-06,Alpine,003,1148,74,72,0,72,0
2021-02-06,Amador,005,37829,3358,3306,28,3334,33
2021-02-06,Butte,007,227075,10973,10480,1554,12034,150
2021-02-06,Calaveras,009,45235,1853,1832,12,1844,21
2021-02-06,Colusa,011,21464,1812,1791,234,2025,10
2021-02-06,Contra Costa,013,1133247,60309,58567,1016,59583,566
2021-02-06,Del Norte,015,27424,915,879,4,883,2
2021-02-06,El Dorado,017,186661,8800,8575,571,9146,86
2021-02-06,Fresno,019,978130,93352,90944,7294,98238,1207
2021-02-06,Glenn,021,27897,2183,2136,467,2603,14
2021-02-06,Humboldt,023,135768,2937,2880,19,2899,28
2021-02-06,Imperial,025,180216,26899,26514,2469,28983,567
2021-02-06,Inyo,027,18085,1159,1113,8,1121,27
2021-02-06,Kern,029,883053,90562,87919,9089,97008,912
2021-02-06,Kings,031,150075,21635,21156,928,22084,190
2021-02-06,Lake,033,64148,3006,2920,1,2921,34
2021-02-06,Lassen,035,31185,5014,4964,88,5052,1
2021-02-06,Los Angeles,037,10098052,1146253,1114718,37978,1152696,17793
2021-02-06,Madera,039,155013,15120,14807,755,15562,93
2021-02-06,Marin,041,260295,12698,12531,154,12685,194
2021-02-06,Mariposa,043,17540,365,355,3,358,4
2021-02-06,Mendocino,045,87422,3480,3316,63,3379,38
2021-02-06,Merced,047,269075,27134,26881,780,27661,346
2021-02-06,Modoc,049,8938,330,313,107,420,3
2021-02-06,Mono,051,14174,1151,1159,15,1174,3
2021-02-06,Monterey,053,433212,40704,39995,1535,41530,282
2021-02-06,Napa,055,140530,8759,8639,33,8672,55
2021-02-06,Nevada,057,99092,3783,3624,150,3774,43
2021-02-06,Orange,059,3164182,241382,237391,9819,247210,3293
2021-02-06,Placer,061,380077,19847,18836,1036,19872,211
2021-02-06,Plumas,063,18699,629,584,10,594,2
2021-02-06,Riverside,065,2383286,278994,271741,13064,284805,3243
2021-02-06,Sacramento,067,1510023,90423,88532,1152,89684,1237
2021-02-06,San Benito,069,59416,5568,5516,80,5596,52
2021-02-06,San Bernardino,071,2135413,281105,273718,8321,282039,2564
2021-02-06,San Diego,073,3302833,255107,245331,12196,257527,2812
2021-02-06,San Francisco,075,870044,32894,32437,962,33399,346
2021-02-06,San Joaquin,077,732212,64477,62840,2609,65449,906
2021-02-06,San Luis Obispo,079,281455,18784,18284,514,18798,214
2021-02-06,San Mateo,081,765935,38119,36824,379,37203,232
2021-02-06,Santa Barbara,083,443738,31312,29645,1041,30686,337
2021-02-06,Santa Clara,085,1922200,105991,104639,500,105139,1439
2021-02-06,Santa Cruz,087,273765,14853,13845,742,14587,161
2021-02-06,Shasta,089,179085,10624,10561,1141,11702,137
2021-02-06,Sierra,091,2930,49,43,12,55,0
2021-02-06,Siskiyou,093,43540,1390,1289,211,1500,4
2021-02-06,Solano,095,438530,28909,28446,333,28779,129
2021-02-06,Sonoma,097,501317,26757,26564,150,26714,257
2021-02-06,Stanislaus,099,539301,48574,47325,5055,52380,679
2021-02-06,Sutter,101,95872,8597,8485,80,8565,92
2021-02-06,Tehama,103,63373,4460,4380,475,4855,22
2021-02-06,Trinity,105,12862,448,263,67,330,3
2021-02-06,Tulare,107,460477,46764,45349,7334,52683,664
2021-02-06,Tuolumne,109,53932,3695,3612,29,3641,48
2021-02-06,Ventura,111,848112,74718,73431,2646,76077,552
2021-02-06,Yolo,113,214977,12396,12061,200,12261,161
2021-02-06,Yuba,115,75493,5296,5177,77,5254,35
2021-02-05,Alameda,001,1643700,77382,75716,1656,77372,916
2021-02-05,Alpine,003,1148,74,72,0,72,0
2021-02-05,Amador,005,37829,3353,3299,27,3326,33
2021-02-05,Butte,007,227075,10955,10421,1548,11969,150
2021-02-05,Calaveras,009,45235,1849,1818,12,1830,21
2021-02-05,Colusa,011,21464,1808,1785,234,2019,10
2021-02-05,Contra Costa,013,1133247,60148,58195,1014,59209,560
2021-02-05,Del Norte,015,27424,914,874,4,878,2
2021-02-05,El Dorado,017,186661,8780,8527,569,9096,86
2021-02-05,Fresno,019,978130,93150,90513,7273,97786,1194
2021-02-05,Glenn,021,27897,2177,2122,462,2584,14
2021-02-05,Humboldt,023,135768,2927,2857,19,2876,28
2021-02-05,Imperial,025,180216,26880,26474,2469,28943,557
2021-02-05,Inyo,027,18085,1155,1104,8,1112,27
2021-02-05,Kern,029,883053,90393,87470,9022,96492,906
2021-02-05,Kings,031,150075,21597,21021,925,21946,190
2021-02-05,Lake,033,64148,2994,2906,1,2907,33
2021-02-05,Lassen,035,31185,5010,4936,88,5024,1
2021-02-05,Los Angeles,037,10098052,1144159,1110384,37842,1148226,17608
2021-02-05,Madera,039,155013,15086,14752,750,15502,95
2021-02-05,Marin,041,260295,12663,12479,154,12633,193
2021-02-05,Mariposa,043,17540,365,352,3,355,4
2021-02-05,Mendocino,045,87422,3466,3272,63,3335,38
2021-02-05,Merced,047,269075,27074,26760,779,27539,345
2021-02-05,Modoc,049,8938,330,312,107,419,3
2021-02-05,Mono,051,14174,1150,1157,15,1172,3
2021-02-05,Monterey,053,433212,40640,39840,1524,41364,281
2021-02-05,Napa,055,140530,8745,8598,33,8631,55
2021-02-05,Nevada,057,99092,3780,3607,150,3757,43
2021-02-05,Orange,059,3164182,240955,236335,9792,246127,3260
2021-02-05,Placer,061,380077,19812,18756,1034,19790,211
2021-02-05,Plumas,063,18699,627,578,10,588,2
2021-02-05,Riverside,065,2383286,278582,270666,13045,283711,3235
2021-02-05,Sacramento,067,1510023,90243,87992,1145,89137,1231
2021-02-05,San Benito,069,59416,5557,5502,80,5582,51
2021-02-05,San Bernardino,071,2135413,280766,272938,8303,281241,2495
2021-02-05,San Diego,073,3302833,254531,244066,12161,256227,2777
2021-02-05,San Francisco,075,870044,32804,32229,951,33180,337
2021-02-05,San Joaquin,077,732212,64327,62565,2601,65166,902
2021-02-05,San Luis Obispo,079,281455,18723,18152,510,18662,213
2021-02-05,San Mateo,081,765935,38035,36582,378,36960,227
2021-02-05,Santa Barbara,083,443738,31218,29455,1028,30483,334
2021-02-05,Santa Clara,085,1922200,105743,104112,498,104610,1421
2021-02-05,Santa Cruz,087,273765,14832,13776,740,14516,161
2021-02-05,Shasta,089,179085,10608,10507,1134,11641,136
2021-02-05,Sierra,091,2930,49,42,12,54,0
2021-02-05,Siskiyou,093,43540,1383,1276,209,1485,4
2021-02-05,Solano,095,438530,28859,28283,333,28616,127
2021-02-05,Sonoma,097,501317,26688,26423,147,26570,252
2021-02-05,Stanislaus,099,539301,48432,47024,5037,52061,678
2021-02-05,Sutter,101,95872,8577,8443,80,8523,92
2021-02-05,Tehama,103,63373,4452,4355,475,4830,22
2021-02-05,Trinity,105,12862,447,260,67,327,3
2021-02-05,Tulare,107,460477,46688,45138,7284,52422,663
2021-02-05,Tuolumne,109,53932,3669,3595,29,3624,45
2021-02-05,Ventura,111,848112,74473,72953,2634,75587,546
2021-02-05,Yolo,113,214977,12377,12025,195,12220,162
2021-02-05,Yuba,115,75493,5279,5145,77,5222,35
2021-02-04,Alameda,001,1643700,77098,75422,1650,77072,899
2021-02-04,Alpine,003,1148,73,72,0,72,0
2021-02-04,Amador,005,37829,3350,3288,27,3315,33
2021-02-04,Butte,007,227075,10922,10386,1540,11926,147
2021-02-04,Calaveras,009,45235,1847,1808,12,1820,21
2021-02-04,Colusa,011,21464,1804,1777,232,2009,10
2021-02-04,Contra Costa,013,1133247,59959,57991,1010,59001,550
2021-02-04,Del Norte,015,27424,908,870,4,874,2
2021-02-04,El Dorado,017,186661,8754,8490,566,9056,86
2021-02-04,Fresno,019,978130,92935,90126,7246,97372,1114
2021-02-04,Glenn,021,27897,2173,2102,462,2564,14
2021-02-04,Humboldt,023,135768,2917,2827,19,2846,28
2021-02-04,Imperial,025,180216,26833,26411,2466,28877,556
2021-02-04,Inyo,027,18085,1143,1084,8,1092,27
2021-02-04,Kern,029,883053,90119,87156,8944,96100,898
2021-02-04,Kings,031,150075,21546,20918,918,21836,187
2021-02-04,Lake,033,64148,2982,2882,1,2883,34
2021-02-04,Lassen,035,31185,5007,4927,88,5015,1
2021-02-04,Los Angeles,037,10098052,1141370,1106323,37714,1144037,17396
2021-02-04,Madera,039,155013,15056,14706,747,15453,95
2021-02-04,Marin,041,260295,12627,12431,154,12585,192
2021-02-04,Mariposa,043,17540,365,348,3,351,4
2021-02-04,Mendocino,045,87422,3448,3240,61,3301,38
2021-02-04,Merced,047,269075,26981,26629,776,27405,345
2021-02-04,Modoc,049,8938,330,309,107,416,3
2021-02-04,Mono,051,14174,1148,1153,15,1168,3
2021-02-04,Monterey,053,433212,40531,39619,1507,41126,279
2021-02-04,Napa,055,140530,8716,8573,33,8606,55
2021-02-04,Nevada,057,99092,3760,3590,149,3739,37
2021-02-04,Orange,059,3164182,240314,235677,9750,245427,3238
2021-02-04,Placer,061,380077,19752,18711,1025,19736,210
2021-02-04,Plumas,063,18699,624,562,10,572,2
2021-02-04,Riverside,065,2383286,277819,269851,13006,282857,3230
2021-02-04,Sacramento,067,1510023,89942,87658,1135,88793,1222
2021-02-04,San Benito,069,59416,5543,5488,79,5567,51
2021-02-04,San Bernardino,071,2135413,280217,272223,8283,280506,2409
2021-02-04,San Diego,073,3302833,253743,242613,12095,254708,2738
2021-02-04,San Francisco,075,870044,32690,32116,942,33058,326
2021-02-04,San Joaquin,077,732212,64102,62374,2593,64967,883
2021-02-04,San Luis Obispo,079,281455,18656,18058,508,18566,211
2021-02-04,San Mateo,081,765935,37915,36437,375,36812,226
2021-02-04,Santa Barbara,083,443738,31086,29344,1011,30355,322
2021-02-04,Santa Clara,085,1922200,105394,103781,495,104276,1404
2021-02-04,Santa Cruz,087,273765,14799,13713,732,14445,156
2021-02-04,Shasta,089,179085,10582,10466,1129,11595,131
2021-02-04,Sierra,091,2930,49,42,12,54,0
2021-02-04,Siskiyou,093,43540,1374,1273,209,1482,4
2021-02-04,Solano,095,438530,28756,28192,332,28524,120
2021-02-04,Sonoma,097,501317,26606,26276,143,26419,249
2021-02-04,Stanislaus,099,539301,48269,46822,5018,51840,678
2021-02-04,Sutter,101,95872,8557,8401,80,8481,92
2021-02-04,Tehama,103,63373,4436,4327,475,4802,21
2021-02-04,Trinity,105,12862,446,260,66,326,3
2021-02-04,Tulare,107,460477,46561,44983,7220,52203,656
2021-02-04,Tuolumne,109,53932,3629,3585,29,3614,45
2021-02-04,Ventura,111,848112,74141,72595,2621,75216,537
2021-02-04,Yolo,113,214977,12343,11982,194,12176,161
2021-02-04,Yuba,115,75493,5253,5135,77,5212,34
2021-02-03,Alameda,001,1643700,76767,74968,1646,76614,880
2021-02-03,Alpine,003,1148,73,72,0,72,0
2021-02-03,Amador,005,37829,3346,3281,27,3308,33
2021-02-03,Butte,007,227075,10886,10355,1533,11888,144
2021-02-03,Calaveras,009,45235,1833,1799,11,1810,21
2021-02-03,Colusa,011,21464,1799,1773,231,2004,10
2021-02-03,Contra Costa,013,1133247,59720,57762,998,58760,537
2021-02-03,Del Norte,015,27424,903,869,4,873,2
2021-02-03,El Dorado,017,186661,8734,8428,565,8993,86
2021-02-03,Fresno,019,978130,92714,89748,7206,96954,1015
2021-02-03,Glenn,021,27897,2164,2098,460,2558,14
2021-02-03,Humboldt,023,135768,2907,2800,19,2819,27
2021-02-03,Imperial,025,180216,26799,26363,2459,28822,547
2021-02-03,Inyo,027,18085,1133,1071,8,1079,27
2021-02-03,Kern,029,883053,89877,86771,8903,95674,877
2021-02-03,Kings,031,150075,21485,20831,916,21747,172
2021-02-03,Lake,033,64148,2965,2869,1,2870,33
2021-02-03,Lassen,035,31185,4996,4910,88,4998,1
2021-02-03,Los Angeles,037,10098052,1138297,1101890,37589,1139479,17163
2021-02-03,Madera,039,155013,15017,14605,745,15350,94
2021-02-03,Marin,041,260295,12593,12406,154,12560,190
2021-02-03,Mariposa,043,17540,364,347,3,350,4
2021-02-03,Mendocino,045,87422,3422,3236,60,3296,38
2021-02-03,Merced,047,269075,26865,26520,771,27291,343
2021-02-03,Modoc,049,8938,329,308,107,415,3
2021-02-03,Mono,051,14174,1141,1146,15,1161,3
2021-02-03,Monterey,053,433212,40403,39500,1489,40989,279
2021-02-03,Napa,055,140530,8681,8534,33,8567,54
2021-02-03,Nevada,057,99092,3746,3572,149,3721,35
2021-02-03,Orange,059,3164182,239571,234738,9718,244456,3189
2021-02-03,Placer,061,380077,19696,18646,1023,19669,210
2021-02-03,Plumas,063,18699,624,559,10,569,2
2021-02-03,Riverside,065,2383286,277078,269019,12976,281995,3195
2021-02-03,Sacramento,067,1510023,89619,87415,1131,88546,1212
2021-02-03,San Benito,069,59416,5525,5463,76,5539,51
2021-02-03,San Bernardino,071,2135413,279735,271477,8260,279737,2308
2021-02-03,San Diego,073,3302833,252842,241015,12048,253063,2683
2021-02-03,San Francisco,075,870044,32560,31983,937,32920,325
2021-02-03,San Joaquin,077,732212,63874,61976,2583,64559,880
2021-02-03,San Luis Obispo,079,281455,18578,17922,505,18427,206
2021-02-03,San Mateo,081,765935,37777,36227,371,36598,225
2021-02-03,Santa Barbara,083,443738,30939,29121,1001,30122,315
2021-02-03,Santa Clara,085,1922200,105076,103278,493,103771,1364
2021-02-03,Santa Cruz,087,273765,14744,13611,726,14337,154
2021-02-03,Shasta,089,179085,10539,10422,1124,11546,130
2021-02-03,Sierra,091,2930,49,42,12,54,0
2021-02-03,Siskiyou,093,43540,1363,1268,208,1476,4
2021-02-03,Solano,095,438530,28634,28057,332,28389,119
2021-02-03,Sonoma,097,501317,26522,26155,142,26297,248
2021-02-03,Stanislaus,099,539301,48093,46598,4999,51597,662
2021-02-03,Sutter,101,95872,8532,8379,80,8459,90
2021-02-03,Tehama,103,63373,4414,4309,472,4781,21
2021-02-03,Trinity,105,12862,446,260,65,325,3
2021-02-03,Tulare,107,460477,46390,44838,7163,52001,640
2021-02-03,Tuolumne,109,53932,3618,3568,29,3597,45
2021-02-03,Ventura,111,848112,73805,72124,2610,74734,526
2021-02-03,Yolo,113,214977,12319,11933,193,12126,161
2021-02-03,Yuba,115,75493,5235,5124,77,5201,34
2021-02-02,Alameda,001,1643700,76422,74642,1634,76276,869
2021-02-02,Alpine,003,1148,73,72,0,72,0
2021-02-02,Amador,005,37829,3315,3275,27,3302,33
2021-02-02,Butte,007,227075,10859,10307,1525,11832,141
2021-02-02,Calaveras,009,45235,1824,1786,11,1797,21
2021-02-02,Colusa,011,21464,1791,1769,226,1995,9
2021-02-02,Contra Costa,013,1133247,59440,57551,994,58545,536
2021-02-02,Del Norte,015,27424,897,868,4,872,2
2021-02-02,El Dorado,017,186661,8694,8405,565,8970,84
2021-02-02,Fresno,019,978130,92412,89542,7170,96712,1009
2021-02-02,Glenn,021,27897,2152,2090,457,2547,14
2021-02-02,Humboldt,023,135768,2895,2784,19,2803,25
2021-02-02,Imperial,025,180216,26748,26317,2452,28769,535
2021-02-02,Inyo,027,18085,1130,1074,8,1082,27
2021-02-02,Kern,029,883053,89575,86485,8827,95312,867
2021-02-02,Kings,031,150075,21407,20785,908,21693,172
2021-02-02,Lake,033,64148,2945,2857,1,2858,33
2021-02-02,Lassen,035,31185,4989,4908,88,4996,1
2021-02-02,Los Angeles,037,10098052,1134921,1097573,37423,1134996,16913
2021-02-02,Madera,039,155013,14966,14595,740,15335,94
2021-02-02,Marin,041,260295,12564,12367,154,12521,189
2021-02-02,Mariposa,043,17540,361,345,3,348,4
2021-02-02,Mendocino,045,87422,3389,3210,60,3270,38
2021-02-02,Merced,047,269075,26768,26427,764,27191,340
2021-02-02,Modoc,049,8938,324,306,107,413,3
2021-02-02,Mono,051,14174,1139,1147,15,1162,3
2021-02-02,Monterey,053,433212,40268,39371,1475,40846,278
2021-02-02,Napa,055,140530,8652,8505,33,8538,53
2021-02-02,Nevada,057,99092,3731,3548,149,3697,20
2021-02-02,Orange,059,3164182,238768,233783,9683,243466,3152
2021-02-02,Placer,061,380077,19636,18615,1019,19634,205
2021-02-02,Plumas,063,18699,624,560,10,570,2
2021-02-02,Riverside,065,2383286,276215,267901,12942,280843,3169
2021-02-02,Sacramento,067,1510023,89330,87107,1120,88227,1202
2021-02-02,San Benito,069,59416,5511,5444,75,5519,50
2021-02-02,San Bernardino,071,2135413,279059,270486,8230,278716,2244
2021-02-02,San Diego,073,3302833,251803,240047,11961,252008,2629
2021-02-02,San Francisco,075,870044,32405,31788,927,32715,324
2021-02-02,San Joaquin,077,732212,63654,61708,2569,64277,878
2021-02-02,San Luis Obispo,079,281455,18484,17811,503,18314,201
2021-02-02,San Mateo,081,765935,37613,36004,365,36369,225
2021-02-02,Santa Barbara,083,443738,30770,28951,994,29945,304
2021-02-02,Santa Clara,085,1922200,104612,102872,488,103360,1349
2021-02-02,Santa Cruz,087,273765,14685,13572,722,14294,150
2021-02-02,Shasta,089,179085,10513,10371,1114,11485,128
2021-02-02,Sierra,091,2930,49,42,12,54,0
2021-02-02,Siskiyou,093,43540,1356,1252,205,1457,4
2021-02-02,Solano,095,438530,28538,27963,328,28291,118
2021-02-02,Sonoma,097,501317,26404,26054,142,26196,247
2021-02-02,Stanislaus,099,539301,47873,46306,4967,51273,641
2021-02-02,Sutter,101,95872,8509,8340,80,8420,89
2021-02-02,Tehama,103,63373,4401,4289,471,4760,21
2021-02-02,Trinity,105,12862,446,260,65,325,3
2021-02-02,Tulare,107,460477,46234,44720,7097,51817,625
2021-02-02,Tuolumne,109,53932,3606,3548,29,3577,39
2021-02-02,Ventura,111,848112,73387,71557,2600,74157,514
2021-02-02,Yolo,113,214977,12274,11886,186,12072,158
2021-02-02,Yuba,115,75493,5217,5111,77,5188,34
2021-02-01,Alameda,001,1643700,76066,74374,1629,76003,858
2021-02-01,Alpine,003,1148,73,72,0,72,0
2021-02-01,Amador,005,37829,3304,3234,27,3261,32
2021-02-01,Butte,007,227075,10817,10263,1521,11784,141
2021-02-01,Calaveras,009,45235,1816,1785,11,1796,21
2021-02-01,Colusa,011,21464,1786,1763,217,1980,9
2021-02-01,Contra Costa,013,1133247,59195,57324,993,58317,531
2021-02-01,Del Norte,015,27424,894,865,4,869,2
2021-02-01,El Dorado,017,186661,8655,8337,565,8902,83
2021-02-01,Fresno,019,978130,92080,89272,7135,96407,994
2021-02-01,Glenn,021,27897,2137,2086,449,2535,14
2021-02-01,Humboldt,023,135768,2873,2773,18,2791,25
2021-02-01,Imperial,025,180216,26705,26224,2450,28674,530
2021-02-01,Inyo,027,18085,1120,1072,8,1080,27
2021-02-01,Kern,029,883053,89178,86170,8758,94928,862
2021-02-01,Kings,031,150075,21316,20746,900,21646,172
2021-02-01,Lake,033,64148,2929,2843,1,2844,33
2021-02-01,Lassen,035,31185,4969,4907,88,4995,1
2021-02-01,Los Angeles,037,10098052,1131106,1094341,37252,1131593,16695
2021-02-01,Madera,039,155013,14931,14572,737,15309,94
2021-02-01,Marin,041,260295,12524,12341,153,12494,188
2021-02-01,Mariposa,043,17540,359,344,3,347,4
2021-02-01,Mendocino,045,87422,3356,3192,60,3252,37
2021-02-01,Merced,047,269075,26642,26282,755,27037,337
2021-02-01,Modoc,049,8938,318,303,103,406,1
2021-02-01,Mono,051,14174,1136,1145,15,1160,3
2021-02-01,Monterey,053,433212,40087,39196,1453,40649,278
2021-02-01,Napa,055,140530,8620,8449,33,8482,52
2021-02-01,Nevada,057,99092,3714,3535,148,3683,20
2021-02-01,Orange,059,3164182,237859,233155,9637,242792,3100
2021-02-01,Placer,061,380077,19567,18574,1012,19586,204
2021-02-01,Plumas,063,18699,622,554,10,564,2
2021-02-01,Riverside,065,2383286,275272,267025,12908,279933,3092
2021-02-01,Sacramento,067,1510023,88929,86856,1109,87965,1193
2021-02-01,San Benito,069,59416,5493,5432,75,5507,48
2021-02-01,San Bernardino,071,2135413,278364,270012,8190,278202,2172
2021-02-01,San Diego,073,3302833,250579,239121,11885,251006,2619
2021-02-01,San Francisco,075,870044,32271,31703,915,32618,324
2021-02-01,San Joaquin,077,732212,63449,61542,2558,64100,877
2021-02-01,San Luis Obispo,079,281455,18364,17690,496,18186,199
2021-02-01,San Mateo,081,765935,37463,35843,365,36208,220
2021-02-01,Santa Barbara,083,443738,30600,28837,986,29823,297
2021-02-01,Santa Clara,085,1922200,104197,102462,487,102949,1343
2021-02-01,Santa Cruz,087,273765,14632,13524,720,14244,149
2021-02-01,Shasta,089,179085,10488,10329,1108,11437,112
2021-02-01,Sierra,091,2930,49,42,12,54,0
2021-02-01,Siskiyou,093,43540,1349,1238,202,1440,4
2021-02-01,Solano,095,438530,28433,27844,327,28171,117
2021-02-01,Sonoma,097,501317,26316,26011,141,26152,243
2021-02-01,Stanislaus,099,539301,47614,46112,4939,51051,642
2021-02-01,Sutter,101,95872,8469,8313,80,8393,89
2021-02-01,Tehama,103,63373,4377,4263,471,4734,21
2021-02-01,Trinity,105,12862,444,260,65,325,3
2021-02-01,Tulare,107,460477,46090,44569,7016,51585,618
2021-02-01,Tuolumne,109,53932,3598,3534,29,3563,39
2021-02-01,Ventura,111,848112,72981,71104,2584,73688,502
2021-02-01,Yolo,113,214977,12229,11824,178,12002,151
2021-02-01,Yuba,115,75493,5203,5084,76,5160,33
2021-01-31,Alameda,001,1643700,75643,73979,1621,75600,857
2021-01-31,Alpine,003,1148,73,72,0,72,0
2021-01-31,Amador,005,37829,3294,3212,25,3237,32
2021-01-31,Butte,007,227075,10775,10215,1510,11725,140
2021-01-31,Calaveras,009,45235,1793,1778,11,1789,21
2021-01-31,Colusa,011,21464,1779,1754,212,1966,9
2021-01-31,Contra Costa,013,1133247,58864,57079,993,58072,531
2021-01-31,Del Norte,015,27424,892,865,4,869,2
2021-01-31,El Dorado,017,186661,8619,8317,563,8880,83
2021-01-31,Fresno,019,978130,91768,88852,7082,95934,994
2021-01-31,Glenn,021,27897,2126,2083,448,2531,14
2021-01-31,Humboldt,023,135768,2857,2767,18,2785,25
2021-01-31,Imperial,025,180216,26633,26206,2441,28647,530
2021-01-31,Inyo,027,18085,1107,1072,8,1080,27
2021-01-31,Kern,029,883053,88682,85872,8672,94544,861
2021-01-31,Kings,031,150075,21231,20709,888,21597,172
2021-01-31,Lake,033,64148,2908,2826,1,2827,33
2021-01-31,Lassen,035,31185,4953,4900,88,4988,1
2021-01-31,Los Angeles,037,10098052,1126493,1090304,37048,1127352,16609
2021-01-31,Madera,039,155013,14877,14496,729,15225,94
2021-01-31,Marin,041,260295,12477,12297,149,12446,185
2021-01-31,Mariposa,043,17540,357,344,3,347,4
2021-01-31,Mendocino,045,87422,3333,3181,59,3240,37
2021-01-31,Merced,047,269075,26498,26222,750,26972,337
2021-01-31,Modoc,049,8938,315,304,101,405,1
2021-01-31,Mono,051,14174,1133,1146,15,1161,3
2021-01-31,Monterey,053,433212,39907,39035,1426,40461,278
2021-01-31,Napa,055,140530,8578,8404,33,8437,52
2021-01-31,Nevada,057,99092,3692,3518,146,3664,20
2021-01-31,Orange,059,3164182,236840,232347,9596,241943,3053
2021-01-31,Placer,061,380077,19494,18506,1000,19506,204
2021-01-31,Plumas,063,18699,621,554,10,564,2
2021-01-31,Riverside,065,2383286,274255,266145,12862,279007,3074
2021-01-31,Sacramento,067,1510023,88487,86560,1095,87655,1186
2021-01-31,San Benito,069,59416,5471,5425,73,5498,48
2021-01-31,San Bernardino,071,2135413,277333,269533,8159,277692,2156
2021-01-31,San Diego,073,3302833,249266,238039,11771,249810,2619
2021-01-31,San Francisco,075,870044,32080,31563,904,32467,323
2021-01-31,San Joaquin,077,732212,63045,61379,2548,63927,877
2021-01-31,San Luis Obispo,079,281455,18230,17615,491,18106,199
2021-01-31,San Mateo,081,765935,37273,35659,362,36021,219
2021-01-31,Santa Barbara,083,443738,30361,28570,977,29547,297
2021-01-31,Santa Clara,085,1922200,103650,101986,478,102464,1330
2021-01-31,Santa Cruz,087,273765,14537,13469,706,14175,149
2021-01-31,Shasta,089,179085,10443,10313,1099,11412,112
2021-01-31,Sierra,091,2930,48,43,12,55,0
2021-01-31,Siskiyou,093,43540,1339,1238,202,1440,4
2021-01-31,Solano,095,438530,28303,27678,327,28005,118
2021-01-31,Sonoma,097,501317,26214,25925,140,26065,243
2021-01-31,Stanislaus,099,539301,47328,45971,4901,50872,642
2021-01-31,Sutter,101,95872,8424,8289,80,8369,89
2021-01-31,Tehama,103,63373,4357,4256,470,4726,21
2021-01-31,Trinity,105,12862,442,260,65,325,3
2021-01-31,Tulare,107,460477,45923,44440,6935,51375,618
2021-01-31,Tuolumne,109,53932,3559,3519,29,3548,39
2021-01-31,Ventura,111,848112,72386,70635,2571,73206,502
2021-01-31,Yolo,113,214977,12168,11771,172,11943,151
2021-01-31,Yuba,115,75493,5183,5071,75,5146,33
2021-01-30,Alameda,001,1643700,75438,73622,1616,75238,850
2021-01-30,Alpine,003,1148,73,72,0,72,0
2021-01-30,Amador,005,37829,3290,3181,25,3206,32
2021-01-30,Butte,007,227075,10740,10177,1501,11678,139
2021-01-30,Calaveras,009,45235,1780,1763,11,1774,21
2021-01-30,Colusa,011,21464,1777,1748,212,1960,9
2021-01-30,Contra Costa,013,1133247,58680,56763,989,57752,531
2021-01-30,Del Norte,015,27424,891,865,4,869,2
2021-01-30,El Dorado,017,186661,8599,8299,562,8861,83
2021-01-30,Fresno,019,978130,91588,88476,7062,95538,964
2021-01-30,Glenn,021,27897,2123,2074,446,2520,14
2021-01-30,Humboldt,023,135768,2846,2742,18,2760,24
2021-01-30,Imperial,025,180216,26611,26160,2437,28597,530
2021-01-30,Inyo,027,18085,1103,1068,8,1076,27
2021-01-30,Kern,029,883053,88481,85572,8606,94178,848
2021-01-30,Kings,031,150075,21160,20605,883,21488,169
2021-01-30,Lake,033,64148,2902,2809,1,2810,33
2021-01-30,Lassen,035,31185,4949,4890,88,4978,1
2021-01-30,Los Angeles,037,10098052,1124118,1084763,36907,1121670,16484
2021-01-30,Madera,039,155013,14835,14443,724,15167,94
2021-01-30,Marin,041,260295,12449,12225,148,12373,185
2021-01-30,Mariposa,043,17540,355,344,3,347,4
2021-01-30,Mendocino,045,87422,3319,3153,58,3211,36
2021-01-30,Merced,047,269075,26423,26078,749,26827,335
2021-01-30,Modoc,049,8938,315,303,101,404,1
2021-01-30,Mono,051,14174,1133,1143,15,1158,3
2021-01-30,Monterey,053,433212,39846,38847,1423,40270,277
2021-01-30,Napa,055,140530,8562,8342,33,8375,52
2021-01-30,Nevada,057,99092,3673,3499,146,3645,20
2021-01-30,Orange,059,3164182,236293,231358,9559,240917,3013
2021-01-30,Placer,061,380077,19443,18430,994,19424,205
2021-01-30,Plumas,063,18699,619,554,10,564,2
2021-01-30,Riverside,065,2383286,273655,265137,12831,277968,3061
2021-01-30,Sacramento,067,1510023,88294,86388,1090,87478,1184
2021-01-30,San Benito,069,59416,5453,5401,72,5473,48
2021-01-30,San Bernardino,071,2135413,276917,268660,8140,276800,2122
2021-01-30,San Diego,073,3302833,248503,236765,11726,248491,2603
2021-01-30,San Francisco,075,870044,31979,31427,901,32328,316
2021-01-30,San Joaquin,077,732212,62913,61120,2539,63659,864
2021-01-30,San Luis Obispo,079,281455,18150,17522,489,18011,198
2021-01-30,San Mateo,081,765935,37134,35451,361,35812,219
2021-01-30,Santa Barbara,083,443738,30217,28342,975,29317,296
2021-01-30,Santa Clara,085,1922200,103304,101471,475,101946,1307
2021-01-30,Santa Cruz,087,273765,14497,13383,705,14088,149
2021-01-30,Shasta,089,179085,10424,10283,1096,11379,112
2021-01-30,Sierra,091,2930,48,43,12,55,0
2021-01-30,Siskiyou,093,43540,1336,1236,201,1437,4
2021-01-30,Solano,095,438530,28220,27511,325,27836,118
2021-01-30,Sonoma,097,501317,26165,25810,137,25947,243
2021-01-30,Stanislaus,099,539301,47199,45697,4878,50575,642
2021-01-30,Sutter,101,95872,8408,8226,80,8306,87
2021-01-30,Tehama,103,63373,4343,4229,469,4698,21
2021-01-30,Trinity,105,12862,442,259,65,324,3
2021-01-30,Tulare,107,460477,45788,44203,6898,51101,615
2021-01-30,Tuolumne,109,53932,3555,3508,29,3537,36
2021-01-30,Ventura,111,848112,72073,69931,2557,72488,493
2021-01-30,Yolo,113,214977,12154,11698,171,11869,151
2021-01-30,Yuba,115,75493,5173,5042,74,5116,33
2021-01-29,Alameda,001,1643700,75169,73210,1609,74819,841
2021-01-29,Alpine,003,1148,73,72,0,72,0
2021-01-29,Amador,005,37829,3278,3134,24,3158,32
2021-01-29,Butte,007,227075,10709,10122,1491,11613,138
2021-01-29,Calaveras,009,45235,1773,1757,11,1768,21
2021-01-29,Colusa,011,21464,1773,1734,211,1945,8
2021-01-29,Contra Costa,013,1133247,58508,56318,987,57305,529
2021-01-29,Del Norte,015,27424,890,865,4,869,2
2021-01-29,El Dorado,017,186661,8582,8231,561,8792,83
2021-01-29,Fresno,019,978130,91372,87936,7024,94960,962
2021-01-29,Glenn,021,27897,2118,2061,445,2506,14
2021-01-29,Humboldt,023,135768,2833,2707,18,2725,24
2021-01-29,Imperial,025,180216,26596,26045,2434,28479,521
2021-01-29,Inyo,027,18085,1091,1048,8,1056,27
2021-01-29,Kern,029,883053,88254,85044,8554,93598,836
2021-01-29,Kings,031,150075,21121,20466,878,21344,169
2021-01-29,Lake,033,64148,2893,2792,1,2793,32
2021-01-29,Lassen,035,31185,4946,4874,88,4962,1
2021-01-29,Los Angeles,037,10098052,1120647,1078329,36753,1115082,16190
2021-01-29,Madera,039,155013,14784,14377,724,15101,94
2021-01-29,Marin,041,260295,12406,12145,147,12292,185
2021-01-29,Mariposa,043,17540,354,342,3,345,4
2021-01-29,Mendocino,045,87422,3310,3131,57,3188,36
2021-01-29,Merced,047,269075,26348,25865,745,26610,334
2021-01-29,Modoc,049,8938,314,297,101,398,1
2021-01-29,Mono,051,14174,1131,1139,15,1154,3
2021-01-29,Monterey,053,433212,39726,38539,1415,39954,277
2021-01-29,Napa,055,140530,8530,8276,33,8309,52
2021-01-29,Nevada,057,99092,3664,3487,145,3632,20
2021-01-29,Orange,059,3164182,235615,229917,9521,239438,2967
2021-01-29,Placer,061,380077,19387,18367,990,19357,203
2021-01-29,Plumas,063,18699,618,548,10,558,2
2021-01-29,Riverside,065,2383286,272846,263504,12798,276302,3008
2021-01-29,Sacramento,067,1510023,88039,86320,1086,87406,1169
2021-01-29,San Benito,069,59416,5445,5386,72,5458,48
2021-01-29,San Bernardino,071,2135413,276401,267490,8099,275589,2095
2021-01-29,San Diego,073,3302833,247561,234637,11648,246285,2571
2021-01-29,San Francisco,075,870044,31838,31294,892,32186,307
2021-01-29,San Joaquin,077,732212,62768,60899,2524,63423,858
2021-01-29,San Luis Obispo,079,281455,18090,17440,484,17924,193
2021-01-29,San Mateo,081,765935,37000,35223,358,35581,218
2021-01-29,Santa Barbara,083,443738,30087,28105,969,29074,291
2021-01-29,Santa Clara,085,1922200,102941,101010,473,101483,1273
2021-01-29,Santa Cruz,087,273765,14444,13311,702,14013,148
2021-01-29,Shasta,089,179085,10407,10220,1092,11312,112
2021-01-29,Sierra,091,2930,48,43,12,55,0
2021-01-29,Siskiyou,093,43540,1335,1227,201,1428,4
2021-01-29,Solano,095,438530,28135,27352,322,27674,116
2021-01-29,Sonoma,097,501317,26104,25710,136,25846,243
2021-01-29,Stanislaus,099,539301,47051,45466,4859,50325,642
2021-01-29,Sutter,101,95872,8389,8181,80,8261,87
2021-01-29,Tehama,103,63373,4330,4191,467,4658,20
2021-01-29,Trinity,105,12862,442,260,65,325,3
2021-01-29,Tulare,107,460477,45681,43925,6859,50784,606
2021-01-29,Tuolumne,109,53932,3545,3483,29,3512,36
2021-01-29,Ventura,111,848112,71649,69511,2543,72054,484
2021-01-29,Yolo,113,214977,12116,11612,170,11782,151
2021-01-29,Yuba,115,75493,5157,5018,74,5092,32
2021-01-28,Alameda,001,1643700,74742,72758,1601,74359,833
2021-01-28,Alpine,003,1148,73,72,0,72,0
2021-01-28,Amador,005,37829,3241,3124,24,3148,31
2021-01-28,Butte,007,227075,10669,10037,1480,11517,138
2021-01-28,Calaveras,009,45235,1758,1747,10,1757,21
2021-01-28,Colusa,011,21464,1766,1731,207,1938,8
2021-01-28,Contra Costa,013,1133247,58265,55999,977,56976,525
2021-01-28,Del Norte,015,27424,889,862,4,866,2
2021-01-28,El Dorado,017,186661,8569,8198,556,8754,79
2021-01-28,Fresno,019,978130,91084,87401,6975,94376,949
2021-01-28,Glenn,021,27897,2113,2043,436,2479,14
2021-01-28,Humboldt,023,135768,2816,2686,18,2704,24
2021-01-28,Imperial,025,180216,26552,25984,2427,28411,517
2021-01-28,Inyo,027,18085,1086,1039,8,1047,27
2021-01-28,Kern,029,883053,87923,84708,8470,93178,817
2021-01-28,Kings,031,150075,21061,20328,874,21202,167
2021-01-28,Lake,033,64148,2878,2772,1,2773,32
2021-01-28,Lassen,035,31185,4940,4865,88,4953,1
2021-01-28,Los Angeles,037,10098052,1116754,1072412,36565,1108977,15967
2021-01-28,Madera,039,155013,14728,14301,720,15021,94
2021-01-28,Marin,041,260295,12353,12079,146,12225,183
2021-01-28,Mariposa,043,17540,354,334,3,337,4
2021-01-28,Mendocino,045,87422,3293,3110,57,3167,36
2021-01-28,Merced,047,269075,26223,25620,737,26357,328
2021-01-28,Modoc,049,8938,313,297,101,398,0
2021-01-28,Mono,051,14174,1129,1131,15,1146,3
2021-01-28,Monterey,053,433212,39525,38312,1397,39709,274
2021-01-28,Napa,055,140530,8483,8233,33,8266,50
2021-01-28,Nevada,057,99092,3649,3452,144,3596,19
2021-01-28,Orange,059,3164182,234634,228636,9491,238127,2860
2021-01-28,Placer,061,380077,19318,18246,987,19233,198
2021-01-28,Plumas,063,18699,617,547,10,557,2
2021-01-28,Riverside,065,2383286,272056,262342,12750,275092,2981
2021-01-28,Sacramento,067,1510023,87676,85698,1075,86773,1149
2021-01-28,San Benito,069,59416,5427,5344,71,5415,47
2021-01-28,San Bernardino,071,2135413,275707,266456,8078,274534,2057
2021-01-28,San Diego,073,3302833,246409,232967,11559,244526,2534
2021-01-28,San Francisco,075,870044,31701,31193,876,32069,290
2021-01-28,San Joaquin,077,732212,62502,60627,2509,63136,854
2021-01-28,San Luis Obispo,079,281455,17990,17279,482,17761,189
2021-01-28,San Mateo,081,765935,36831,34931,342,35273,218
2021-01-28,Santa Barbara,083,443738,29868,27674,956,28630,284
2021-01-28,Santa Clara,085,1922200,102473,100470,471,100941,1219
2021-01-28,Santa Cruz,087,273765,14355,13188,696,13884,145
2021-01-28,Shasta,089,179085,10373,10176,1084,11260,110
2021-01-28,Sierra,091,2930,48,43,12,55,0
2021-01-28,Siskiyou,093,43540,1328,1218,199,1417,4
2021-01-28,Solano,095,438530,27975,27163,321,27484,114
2021-01-28,Sonoma,097,501317,26012,25564,136,25700,236
2021-01-28,Stanislaus,099,539301,46834,45162,4837,49999,640
2021-01-28,Sutter,101,95872,8341,8136,80,8216,85
2021-01-28,Tehama,103,63373,4310,4163,464,4627,20
2021-01-28,Trinity,105,12862,440,260,65,325,3
2021-01-28,Tulare,107,460477,45524,43742,6779,50521,595
2021-01-28,Tuolumne,109,53932,3531,3472,29,3501,32
2021-01-28,Ventura,111,848112,71136,68896,2526,71422,475
2021-01-28,Yolo,113,214977,12074,11500,165,11665,151
2021-01-28,Yuba,115,75493,5141,4994,73,5067,32
2021-01-27,Alameda,001,1643700,74318,72188,1593,73781,815
2021-01-27,Alpine,003,1148,73,72,0,72,0
2021-01-27,Amador,005,37829,3225,3116,24,3140,31
2021-01-27,Butte,007,227075,10630,9988,1468,11456,138
2021-01-27,Calaveras,009,45235,1749,1737,10,1747,21
2021-01-27,Colusa,011,21464,1760,1724,205,1929,8
2021-01-27,Contra Costa,013,1133247,57967,55578,974,56552,507
2021-01-27,Del Norte,015,27424,888,859,4,863,2
2021-01-27,El Dorado,017,186661,8543,8141,555,8696,76
2021-01-27,Fresno,019,978130,90794,86886,6932,93818,938
2021-01-27,Glenn,021,27897,2109,2042,435,2477,14
2021-01-27,Humboldt,023,135768,2794,2630,18,2648,24
2021-01-27,Imperial,025,180216,26498,25861,2413,28274,504
2021-01-27,Inyo,027,18085,1082,1023,8,1031,27
2021-01-27,Kern,029,883053,87610,84244,8400,92644,809
2021-01-27,Kings,031,150075,20955,20211,866,21077,167
2021-01-27,Lake,033,64148,2858,2750,1,2751,32
2021-01-27,Lassen,035,31185,4934,4851,88,4939,1
2021-01-27,Los Angeles,037,10098052,1111980,1066569,36352,1102921,15757
2021-01-27,Madera,039,155013,14687,14194,715,14909,86
2021-01-27,Marin,041,260295,12316,12028,145,12173,180
2021-01-27,Mariposa,043,17540,354,333,3,336,4
2021-01-27,Mendocino,045,87422,3273,3095,57,3152,36
2021-01-27,Merced,047,269075,26064,25439,726,26165,315
2021-01-27,Modoc,049,8938,313,297,98,395,0
2021-01-27,Mono,051,14174,1127,1131,15,1146,3
2021-01-27,Monterey,053,433212,39321,38139,1378,39517,268
2021-01-27,Napa,055,140530,8411,8187,33,8220,46
2021-01-27,Nevada,057,99092,3627,3431,144,3575,18
2021-01-27,Orange,059,3164182,233513,227110,9437,236547,2832
2021-01-27,Placer,061,380077,19244,18106,976,19082,198
2021-01-27,Plumas,063,18699,617,544,10,554,2
2021-01-27,Riverside,065,2383286,270847,260796,12699,273495,2931
2021-01-27,Sacramento,067,1510023,87315,85428,1064,86492,1142
2021-01-27,San Benito,069,59416,5412,5284,71,5355,47
2021-01-27,San Bernardino,071,2135413,274856,265153,8047,273200,2019
2021-01-27,San Diego,073,3302833,245079,231478,11454,242932,2465
2021-01-27,San Francisco,075,870044,31558,31082,869,31951,287
2021-01-27,San Joaquin,077,732212,62233,60131,2486,62617,853
2021-01-27,San Luis Obispo,079,281455,17883,17119,478,17597,188
2021-01-27,San Mateo,081,765935,36676,34619,339,34958,216
2021-01-27,Santa Barbara,083,443738,29694,27435,950,28385,282
2021-01-27,Santa Clara,085,1922200,102069,99732,467,100199,1184
2021-01-27,Santa Cruz,087,273765,14285,13111,693,13804,143
2021-01-27,Shasta,089,179085,10339,10106,1078,11184,105
2021-01-27,Sierra,091,2930,48,44,12,56,0
2021-01-27,Siskiyou,093,43540,1322,1214,196,1410,4
2021-01-27,Solano,095,438530,27798,26982,314,27296,112
2021-01-27,Sonoma,097,501317,25914,25361,136,25497,237
2021-01-27,Stanislaus,099,539301,46648,44874,4809,49683,624
2021-01-27,Sutter,101,95872,8298,8093,79,8172,83
2021-01-27,Tehama,103,63373,4285,4133,460,4593,20
2021-01-27,Trinity,105,12862,440,260,65,325,3
2021-01-27,Tulare,107,460477,45336,43462,6707,50169,583
2021-01-27,Tuolumne,109,53932,3521,3464,29,3493,32
2021-01-27,Ventura,111,848112,70662,68291,2501,70792,468
2021-01-27,Yolo,113,214977,12027,11427,161,11588,151
2021-01-27,Yuba,115,75493,5125,4968,73,5041,32
2021-01-26,Alameda,001,1643700,73943,71851,1576,73427,789
2021-01-26,Alpine,003,1148,73,72,0,72,0
2021-01-26,Amador,005,37829,3214,3113,24,3137,31
2021-01-26,Butte,007,227075,10588,9943,1462,11405,136
2021-01-26,Calaveras,009,45235,1741,1723,10,1733,21
2021-01-26,Colusa,011,21464,1753,1719,202,1921,8
2021-01-26,Contra Costa,013,1133247,57686,55337,966,56303,491
2021-01-26,Del Norte,015,27424,887,856,4,860,2
2021-01-26,El Dorado,017,186661,8518,8115,552,8667,71
2021-01-26,Fresno,019,978130,90436,86673,6887,93560,923
2021-01-26,Glenn,021,27897,2099,2034,431,2465,13
2021-01-26,Humboldt,023,135768,2772,2612,17,2629,24
2021-01-26,Imperial,025,180216,26426,25812,2400,28212,498
2021-01-26,Inyo,027,18085,1075,1018,8,1026,27
2021-01-26,Kern,029,883053,87185,83868,8321,92189,790
2021-01-26,Kings,031,150075,20897,20156,861,21017,159
2021-01-26,Lake,033,64148,2849,2748,1,2749,32
2021-01-26,Lassen,035,31185,4928,4844,88,4932,1
2021-01-26,Los Angeles,037,10098052,1106719,1060492,36145,1096637,15458
2021-01-26,Madera,039,155013,14630,14130,709,14839,86
2021-01-26,Marin,041,260295,12271,11993,143,12136,179
2021-01-26,Mariposa,043,17540,352,332,3,335,3
2021-01-26,Mendocino,045,87422,3247,3076,56,3132,36
2021-01-26,Merced,047,269075,25924,25359,719,26078,309
2021-01-26,Modoc,049,8938,306,291,97,388,0
2021-01-26,Mono,051,14174,1126,1120,15,1135,3
2021-01-26,Monterey,053,433212,39127,37963,1357,39320,255
2021-01-26,Napa,055,140530,8354,8145,33,8178,43
2021-01-26,Nevada,057,99092,3620,3410,143,3553,18
2021-01-26,Orange,059,3164182,232388,225987,9392,235379,2760
2021-01-26,Placer,061,380077,19169,18016,974,18990,193
2021-01-26,Plumas,063,18699,615,536,10,546,2
2021-01-26,Riverside,065,2383286,269464,259399,12639,272038,2898
2021-01-26,Sacramento,067,1510023,86957,85062,1057,86119,1127
2021-01-26,San Benito,069,59416,5398,5251,70,5321,45
2021-01-26,San Bernardino,071,2135413,273859,263736,8003,271739,1970
2021-01-26,San Diego,073,3302833,243586,230063,11353,241416,2421
2021-01-26,San Francisco,075,870044,31425,30874,850,31724,286
2021-01-26,San Joaquin,077,732212,61980,59889,2470,62359,847
2021-01-26,San Luis Obispo,079,281455,17802,17016,475,17491,186
2021-01-26,San Mateo,081,765935,36482,34441,328,34769,213
2021-01-26,Santa Barbara,083,443738,29522,27321,938,28259,273
2021-01-26,Santa Clara,085,1922200,101590,99215,463,99678,1171
2021-01-26,Santa Cruz,087,273765,14220,13045,687,13732,134
2021-01-26,Shasta,089,179085,10304,10036,1070,11106,103
2021-01-26,Sierra,091,2930,48,43,12,55,0
2021-01-26,Siskiyou,093,43540,1308,1208,194,1402,4
2021-01-26,Solano,095,438530,27642,26858,308,27166,110
2021-01-26,Sonoma,097,501317,25791,25273,134,25407,236
2021-01-26,Stanislaus,099,539301,46463,44703,4768,49471,599
2021-01-26,Sutter,101,95872,8255,8067,79,8146,83
2021-01-26,Tehama,103,63373,4254,4115,460,4575,20
2021-01-26,Trinity,105,12862,440,260,65,325,3
2021-01-26,Tulare,107,460477,45133,43394,6638,50032,579
2021-01-26,Tuolumne,109,53932,3511,3451,29,3480,30
2021-01-26,Ventura,111,848112,70130,67526,2475,70001,448
2021-01-26,Yolo,113,214977,11982,11361,158,11519,148
2021-01-26,Yuba,115,75493,5100,4944,71,5015,31
2021-01-25,Alameda,001,1643700,73511,71255,1566,72821,780
2021-01-25,Alpine,003,1148,73,72,0,72,0
2021-01-25,Amador,005,37829,3174,3074,24,3098,30
2021-01-25,Butte,007,227075,10522,9865,1454,11319,133
2021-01-25,Calaveras,009,45235,1726,1713,10,1723,21
2021-01-25,Colusa,011,21464,1741,1709,198,1907,8
2021-01-25,Contra Costa,013,1133247,57329,54989,959,55948,488
2021-01-25,Del Norte,015,27424,886,855,4,859,2
2021-01-25,El Dorado,017,186661,8494,8060,552,8612,66
2021-01-25,Fresno,019,978130,90065,86336,6855,93191,913
2021-01-25,Glenn,021,27897,2088,2028,431,2459,13
2021-01-25,Humboldt,023,135768,2738,2587,17,2604,24
2021-01-25,Imperial,025,180216,26376,25745,2392,28137,491
2021-01-25,Inyo,027,18085,1069,1015,8,1023,27
2021-01-25,Kern,029,883053,86789,83401,8234,91635,787
2021-01-25,Kings,031,150075,20777,20067,857,20924,159
2021-01-25,Lake,033,64148,2830,2729,1,2730,32
2021-01-25,Lassen,035,31185,4902,4835,88,4923,1
2021-01-25,Los Angeles,037,10098052,1100786,1055181,35917,1091098,15163
2021-01-25,Madera,039,155013,14576,14068,704,14772,86
2021-01-25,Marin,041,260295,12219,11923,139,12062,177
2021-01-25,Mariposa,043,17540,349,331,3,334,3
2021-01-25,Mendocino,045,87422,3236,3054,56,3110,35
2021-01-25,Merced,047,269075,25785,25181,710,25891,305
2021-01-25,Modoc,049,8938,305,288,93,381,0
2021-01-25,Mono,051,14174,1123,1114,14,1128,3
2021-01-25,Monterey,053,433212,38872,37726,1337,39063,255
2021-01-25,Napa,055,140530,8320,8057,32,8089,43
2021-01-25,Nevada,057,99092,3606,3365,143,3508,18
2021-01-25,Orange,059,3164182,231184,225105,9351,234456,2696
2021-01-25,Placer,061,380077,19082,17936,959,18895,193
2021-01-25,Plumas,063,18699,612,533,10,543,2
2021-01-25,Riverside,065,2383286,267703,258082,12585,270667,2789
2021-01-25,Sacramento,067,1510023,86513,84653,1049,85702,1118
2021-01-25,San Benito,069,59416,5361,5238,69,5307,43
2021-01-25,San Bernardino,071,2135413,272909,263174,7967,271141,1947
2021-01-25,San Diego,073,3302833,241971,228630,11281,239911,2375
2021-01-25,San Francisco,075,870044,31276,30734,827,31561,288
2021-01-25,San Joaquin,077,732212,61685,59291,2445,61736,838
2021-01-25,San Luis Obispo,079,281455,17668,16868,470,17338,179
2021-01-25,San Mateo,081,765935,36247,34187,322,34509,213
2021-01-25,Santa Barbara,083,443738,29291,27065,928,27993,269
2021-01-25,Santa Clara,085,1922200,101018,98647,456,99103,1143
2021-01-25,Santa Cruz,087,273765,14133,12973,682,13655,133
2021-01-25,Shasta,089,179085,10263,9991,1059,11050,103
2021-01-25,Sierra,091,2930,48,42,12,54,0
2021-01-25,Siskiyou,093,43540,1300,1205,191,1396,4
2021-01-25,Solano,095,438530,27473,26648,307,26955,109
2021-01-25,Sonoma,097,501317,25680,25160,132,25292,233
2021-01-25,Stanislaus,099,539301,46217,44293,4724,49017,599
2021-01-25,Sutter,101,95872,8211,8023,79,8102,83
2021-01-25,Tehama,103,63373,4227,4082,456,4538,20
2021-01-25,Trinity,105,12862,440,262,65,327,3
2021-01-25,Tulare,107,460477,44918,43124,6533,49657,578
2021-01-25,Tuolumne,109,53932,3502,3422,29,3451,29
2021-01-25,Ventura,111,848112,69487,66910,2458,69368,439
2021-01-25,Yolo,113,214977,11895,11276,157,11433,140
2021-01-25,Yuba,115,75493,5076,4900,69,4969,31
2021-01-24,Alameda,001,1643700,73004,70823,1555,72378,780
2021-01-24,Alpine,003,1148,73,72,0,72,0
2021-01-24,Amador,005,37829,3141,3054,24,3078,30
2021-01-24,Butte,007,227075,10438,9820,1435,11255,133
2021-01-24,Calaveras,009,45235,1713,1704,10,1714,21
2021-01-24,Colusa,011,21464,1730,1689,192,1881,8
2021-01-24,Contra Costa,013,1133247,56939,54694,946,55640,488
2021-01-24,Del Norte,015,27424,882,855,4,859,2
2021-01-24,El Dorado,017,186661,8459,8003,548,8551,66
2021-01-24,Fresno,019,978130,89628,85808,6815,92623,911
2021-01-24,Glenn,021,27897,2082,2026,429,2455,13
2021-01-24,Humboldt,023,135768,2699,2562,17,2579,24
2021-01-24,Imperial,025,180216,26280,25707,2366,28073,488
2021-01-24,Inyo,027,18085,1053,1007,8,1015,27
2021-01-24,Kern,029,883053,86346,83125,8126,91251,785
2021-01-24,Kings,031,150075,20649,19988,841,20829,159
2021-01-24,Lake,033,64148,2812,2724,0,2724,32
2021-01-24,Lassen,035,31185,4891,4828,85,4913,1
2021-01-24,Los Angeles,037,10098052,1094415,1048757,35607,1084364,15119
2021-01-24,Madera,039,155013,14486,14000,698,14698,86
2021-01-24,Marin,041,260295,12152,11872,137,12009,177
2021-01-24,Mariposa,043,17540,345,322,3,325,3
2021-01-24,Mendocino,045,87422,3215,3037,55,3092,33
2021-01-24,Merced,047,269075,25572,25047,702,25749,305
2021-01-24,Modoc,049,8938,305,285,93,378,0
2021-01-24,Mono,051,14174,1116,1113,14,1127,3
2021-01-24,Monterey,053,433212,38594,37527,1305,38832,254
2021-01-24,Napa,055,140530,8278,8005,32,8037,43
2021-01-24,Nevada,057,99092,3564,3349,141,3490,18
2021-01-24,Orange,059,3164182,229753,223853,9281,233134,2632
2021-01-24,Placer,061,380077,18970,17839,939,18778,193
2021-01-24,Plumas,063,18699,609,532,10,542,2
2021-01-24,Riverside,065,2383286,266051,256767,12508,269275,2761
2021-01-24,Sacramento,067,1510023,85944,84110,1041,85151,1112
2021-01-24,San Benito,069,59416,5319,5223,66,5289,43
2021-01-24,San Bernardino,071,2135413,271584,262370,7913,270283,1935
2021-01-24,San Diego,073,3302833,240278,227193,11150,238343,2375
2021-01-24,San Francisco,075,870044,31089,30559,805,31364,275
2021-01-24,San Joaquin,077,732212,61257,59021,2429,61450,838
2021-01-24,San Luis Obispo,079,281455,17546,16758,468,17226,179
2021-01-24,San Mateo,081,765935,36003,33956,317,34273,213
2021-01-24,Santa Barbara,083,443738,28976,26735,918,27653,269
2021-01-24,Santa Clara,085,1922200,100371,98103,451,98554,1109
2021-01-24,Santa Cruz,087,273765,14047,12905,674,13579,133
2021-01-24,Shasta,089,179085,10192,9978,1050,11028,103
2021-01-24,Sierra,091,2930,47,42,12,54,0
2021-01-24,Siskiyou,093,43540,1293,1195,191,1386,4
2021-01-24,Solano,095,438530,27284,26515,303,26818,109
2021-01-24,Sonoma,097,501317,25496,25045,131,25176,233
2021-01-24,Stanislaus,099,539301,45906,44031,4664,48695,599
2021-01-24,Sutter,101,95872,8142,7980,79,8059,83
2021-01-24,Tehama,103,63373,4188,4062,449,4511,20
2021-01-24,Trinity,105,12862,440,262,65,327,3
2021-01-24,Tulare,107,460477,44699,43006,6440,49446,577
2021-01-24,Tuolumne,109,53932,3492,3416,29,3445,29
2021-01-24,Ventura,111,848112,68773,66347,2433,68780,439
2021-01-24,Yolo,113,214977,11810,11210,153,11363,140
2021-01-24,Yuba,115,75493,5036,4875,68,4943,31
2021-01-23,Alameda,001,1643700,72756,70080,1548,71628,780
2021-01-23,Alpine,003,1148,73,72,0,72,0
2021-01-23,Amador,005,37829,3138,3049,24,3073,30
2021-01-23,Butte,007,227075,10408,9757,1430,11187,133
2021-01-23,Calaveras,009,45235,1710,1695,10,1705,21
2021-01-23,Colusa,011,21464,1726,1672,191,1863,8
2021-01-23,Contra Costa,013,1133247,56726,54162,938,55100,487
2021-01-23,Del Norte,015,27424,881,855,4,859,2
2021-01-23,El Dorado,017,186661,8443,7984,546,8530,66
2021-01-23,Fresno,019,978130,89442,85274,6785,92059,910
2021-01-23,Glenn,021,27897,2079,2015,425,2440,13
2021-01-23,Humboldt,023,135768,2680,2493,16,2509,23
2021-01-23,Imperial,025,180216,26247,25581,2357,27938,487
2021-01-23,Inyo,027,18085,1044,987,8,995,27
2021-01-23,Kern,029,883053,86100,82602,8054,90656,783
2021-01-23,Kings,031,150075,20605,19904,839,20743,159
2021-01-23,Lake,033,64148,2804,2673,0,2673,32
2021-01-23,Lassen,035,31185,4890,4816,82,4898,1
2021-01-23,Los Angeles,037,10098052,1091204,1040961,35450,1076411,15034
2021-01-23,Madera,039,155013,14450,13858,696,14554,86
2021-01-23,Marin,041,260295,12096,11796,135,11931,177
2021-01-23,Mariposa,043,17540,345,323,3,326,3
2021-01-23,Mendocino,045,87422,3201,2991,55,3046,32
2021-01-23,Merced,047,269075,25479,24787,689,25476,303
2021-01-23,Modoc,049,8938,305,285,93,378,0
2021-01-23,Mono,051,14174,1114,1111,14,1125,3
2021-01-23,Monterey,053,433212,38511,37165,1300,38465,253
2021-01-23,Napa,055,140530,8253,7893,32,7925,43
2021-01-23,Nevada,057,99092,3553,3332,140,3472,18
2021-01-23,Orange,059,3164182,228980,221722,9240,230962,2618
2021-01-23,Placer,061,380077,18919,17617,934,18551,193
2021-01-23,Plumas,063,18699,608,528,10,538,2
2021-01-23,Riverside,065,2383286,265147,253636,12456,266092,2733
2021-01-23,Sacramento,067,1510023,85716,83408,1038,84446,1108
2021-01-23,San Benito,069,59416,5295,5166,65,5231,43
2021-01-23,San Bernardino,071,2135413,271039,260381,7881,268262,1922
2021-01-23,San Diego,073,3302833,239217,225556,11078,236634,2344
2021-01-23,San Francisco,075,870044,30983,30308,776,31084,268
2021-01-23,San Joaquin,077,732212,61131,58164,2419,60583,836
2021-01-23,San Luis Obispo,079,281455,17483,16652,465,17117,176
2021-01-23,San Mateo,081,765935,35827,33696,306,34002,213
2021-01-23,Santa Barbara,083,443738,28794,26234,909,27143,264
2021-01-23,Santa Clara,085,1922200,100016,97189,450,97639,1086
2021-01-23,Santa Cruz,087,273765,13989,12771,671,13442,127
2021-01-23,Shasta,089,179085,10162,9951,1049,11000,103
2021-01-23,Sierra,091,2930,47,41,12,53,0
2021-01-23,Siskiyou,093,43540,1283,1190,190,1380,4
2021-01-23,Solano,095,438530,27191,26261,301,26562,107
2021-01-23,Sonoma,097,501317,25422,24790,131,24921,232
2021-01-23,Stanislaus,099,539301,45742,43723,4635,48358,599
2021-01-23,Sutter,101,95872,8124,7943,78,8021,80
2021-01-23,Tehama,103,63373,4169,4006,448,4454,20
2021-01-23,Trinity,105,12862,440,262,65,327,3
2021-01-23,Tulare,107,460477,44546,42661,6380,49041,575
2021-01-23,Tuolumne,109,53932,3485,3407,29,3436,29
2021-01-23,Ventura,111,848112,68325,65581,2410,67991,438
2021-01-23,Yolo,113,214977,11768,11087,149,11236,141
2021-01-23,Yuba,115,75493,5024,4831,67,4898,30
2021-01-22,Alameda,001,1643700,72435,69693,1542,71235,751
2021-01-22,Alpine,003,1148,73,71,0,71,0
2021-01-22,Amador,005,37829,3133,3042,24,3066,30
2021-01-22,Butte,007,227075,10359,9711,1417,11128,133
2021-01-22,Calaveras,009,45235,1703,1672,10,1682,21
2021-01-22,Colusa,011,21464,1724,1668,191,1859,7
2021-01-22,Contra Costa,013,1133247,56488,53887,932,54819,485
2021-01-22,Del Norte,015,27424,880,852,4,856,2
2021-01-22,El Dorado,017,186661,8410,7877,543,8420,64
2021-01-22,Fresno,019,978130,89101,84744,6757,91501,892
2021-01-22,Glenn,021,27897,2075,1985,420,2405,13
2021-01-22,Humboldt,023,135768,2656,2452,16,2468,23
2021-01-22,Imperial,025,180216,26212,25562,2342,27904,474
2021-01-22,Inyo,027,18085,1033,961,8,969,26
2021-01-22,Kern,029,883053,85800,82101,7981,90082,771
2021-01-22,Kings,031,150075,20529,19760,835,20595,159
2021-01-22,Lake,033,64148,2792,2681,0,2681,32
2021-01-22,Lassen,035,31185,4882,4765,81,4846,1
2021-01-22,Los Angeles,037,10098052,1086765,1031177,35258,1066435,14777
2021-01-22,Madera,039,155013,14389,13781,695,14476,86
2021-01-22,Marin,041,260295,12059,11769,133,11902,177
2021-01-22,Mariposa,043,17540,345,323,3,326,3
2021-01-22,Mendocino,045,87422,3176,2994,54,3048,32
2021-01-22,Merced,047,269075,25356,24616,681,25297,290
2021-01-22,Modoc,049,8938,305,285,93,378,0
2021-01-22,Mono,051,14174,1114,1108,14,1122,3
2021-01-22,Monterey,053,433212,38357,36909,1295,38204,253
2021-01-22,Napa,055,140530,8207,7828,32,7860,40
2021-01-22,Nevada,057,99092,3528,3296,139,3435,18
2021-01-22,Orange,059,3164182,228028,220384,9193,229577,2542
2021-01-22,Placer,061,380077,18863,17636,919,18555,193
2021-01-22,Plumas,063,18699,606,522,10,532,2
2021-01-22,Riverside,065,2383286,263992,252440,12390,264830,2710
2021-01-22,Sacramento,067,1510023,85390,82861,1030,83891,1094
2021-01-22,San Benito,069,59416,5270,5143,65,5208,43
2021-01-22,San Bernardino,071,2135413,270217,259121,7848,266969,1849
2021-01-22,San Diego,073,3302833,237977,222576,11013,233589,2301
2021-01-22,San Francisco,075,870044,30870,30027,758,30785,266
2021-01-22,San Joaquin,077,732212,60949,58485,2406,60891,812
2021-01-22,San Luis Obispo,079,281455,17394,16336,462,16798,172
2021-01-22,San Mateo,081,765935,35606,33401,303,33704,211
2021-01-22,Santa Barbara,083,443738,28594,25989,898,26887,256
2021-01-22,Santa Clara,085,1922200,99576,96435,447,96882,1062
2021-01-22,Santa Cruz,087,273765,13931,12687,667,13354,123
2021-01-22,Shasta,089,179085,10143,9866,1047,10913,103
2021-01-22,Sierra,091,2930,47,40,12,52,0
2021-01-22,Siskiyou,093,43540,1279,1182,188,1370,4
2021-01-22,Solano,095,438530,27102,26048,299,26347,107
2021-01-22,Sonoma,097,501317,25347,24659,131,24790,232
2021-01-22,Stanislaus,099,539301,45585,43489,4602,48091,599
2021-01-22,Sutter,101,95872,8099,7878,78,7956,80
2021-01-22,Tehama,103,63373,4150,3993,447,4440,19
2021-01-22,Trinity,105,12862,439,263,65,328,3
2021-01-22,Tulare,107,460477,44366,42307,6310,48617,573
2021-01-22,Tuolumne,109,53932,3456,3379,29,3408,29
2021-01-22,Ventura,111,848112,67818,64404,2393,66797,426
2021-01-22,Yolo,113,214977,11734,11014,141,11155,141
2021-01-22,Yuba,115,75493,5000,4789,65,4854,29
2021-01-21,Alameda,001,1643700,72004,69314,1525,70839,739
2021-01-21,Alpine,003,1148,73,71,0,71,0
2021-01-21,Amador,005,37829,3111,3038,24,3062,29
2021-01-21,Butte,007,227075,10289,9643,1410,11053,130
2021-01-21,Calaveras,009,45235,1694,1647,10,1657,21
2021-01-21,Colusa,011,21464,1717,1662,188,1850,7
2021-01-21,Contra Costa,013,1133247,56072,53595,918,54513,478
2021-01-21,Del Norte,015,27424,878,850,3,853,2
2021-01-21,El Dorado,017,186661,8361,7823,540,8363,58
2021-01-21,Fresno,019,978130,88695,84137,6717,90854,889
2021-01-21,Glenn,021,27897,2066,1964,416,2380,13
2021-01-21,Humboldt,023,135768,2633,2423,16,2439,23
2021-01-21,Imperial,025,180216,26120,25509,2328,27837,463
2021-01-21,Inyo,027,18085,1024,946,8,954,26
2021-01-21,Kern,029,883053,85387,81328,7863,89191,769
2021-01-21,Kings,031,150075,20458,19633,817,20450,158
2021-01-21,Lake,033,64148,2775,2669,0,2669,32
2021-01-21,Lassen,035,31185,4876,4763,81,4844,1
2021-01-21,Los Angeles,037,10098052,1080117,1023055,34937,1057992,14537
2021-01-21,Madera,039,155013,14321,13664,687,14351,86
2021-01-21,Marin,041,260295,12003,11732,131,11863,173
2021-01-21,Mariposa,043,17540,341,322,3,325,3
2021-01-21,Mendocino,045,87422,3153,2967,52,3019,32
2021-01-21,Merced,047,269075,25201,24426,675,25101,245
2021-01-21,Modoc,049,8938,302,284,92,376,0
2021-01-21,Mono,051,14174,1109,1104,14,1118,3
2021-01-21,Monterey,053,433212,38080,36149,1285,37434,253
2021-01-21,Napa,055,140530,8143,7774,32,7806,40
2021-01-21,Nevada,057,99092,3499,3274,138,3412,18
2021-01-21,Orange,059,3164182,226651,218867,9138,228005,2540
2021-01-21,Placer,061,380077,18789,17553,915,18468,190
2021-01-21,Plumas,063,18699,602,518,10,528,2
2021-01-21,Riverside,065,2383286,262262,251007,12313,263320,2676
2021-01-21,Sacramento,067,1510023,84911,82303,1010,83313,1084
2021-01-21,San Benito,069,59416,5236,5100,60,5160,43
2021-01-21,San Bernardino,071,2135413,268867,257754,7783,265537,1832
2021-01-21,San Diego,073,3302833,236201,219729,10907,230636,2222
2021-01-21,San Francisco,075,870044,30694,29801,724,30525,266
2021-01-21,San Joaquin,077,732212,60640,58270,2386,60656,806
2021-01-21,San Luis Obispo,079,281455,17308,16153,454,16607,169
2021-01-21,San Mateo,081,765935,35360,33156,289,33445,210
2021-01-21,Santa Barbara,083,443738,28310,25654,885,26539,253
2021-01-21,Santa Clara,085,1922200,98949,96028,440,96468,1062
2021-01-21,Santa Cruz,087,273765,13847,12548,657,13205,119
2021-01-21,Shasta,089,179085,10100,9795,1031,10826,98
2021-01-21,Sierra,091,2930,47,40,12,52,0
2021-01-21,Siskiyou,093,43540,1276,1178,185,1363,4
2021-01-21,Solano,095,438530,26922,25885,295,26180,106
2021-01-21,Sonoma,097,501317,25212,24440,129,24569,230
2021-01-21,Stanislaus,099,539301,45282,43223,4558,47781,599
2021-01-21,Sutter,101,95872,8065,7822,78,7900,80
2021-01-21,Tehama,103,63373,4114,3938,447,4385,19
2021-01-21,Trinity,105,12862,439,261,65,326,3
2021-01-21,Tulare,107,460477,44155,42082,6234,48316,569
2021-01-21,Tuolumne,109,53932,3446,3365,28,3393,29
2021-01-21,Ventura,111,848112,67126,63995,2372,66367,420
2021-01-21,Yolo,113,214977,11645,10940,133,11073,141
2021-01-21,Yuba,115,75493,4969,4757,64,4821,29
2021-01-20,Alameda,001,1643700,71519,68785,1511,70296,702
2021-01-20,Alpine,003,1148,73,71,0,71,0
2021-01-20,Amador,005,37829,3080,3036,24,3060,29
2021-01-20,Butte,007,227075,10233,9582,1400,10982,130
2021-01-20,Calaveras,009,45235,1674,1637,9,1646,21
2021-01-20,Colusa,011,21464,1701,1630,183,1813,7
2021-01-20,Contra Costa,013,1133247,55619,53108,912,54020,461
2021-01-20,Del Norte,015,27424,877,848,3,851,2
2021-01-20,El Dorado,017,186661,8313,7785,537,8322,53
2021-01-20,Fresno,019,978130,88275,83591,6664,90255,872
2021-01-20,Glenn,021,27897,2048,1955,413,2368,13
2021-01-20,Humboldt,023,135768,2590,2390,16,2406,22
2021-01-20,Imperial,025,180216,26048,25380,2293,27673,461
2021-01-20,Inyo,027,18085,1014,901,8,909,26
2021-01-20,Kern,029,883053,84936,80701,7756,88457,754
2021-01-20,Kings,031,150075,20368,19522,809,20331,146
2021-01-20,Lake,033,64148,2753,2646,0,2646,31
2021-01-20,Lassen,035,31185,4868,4758,79,4837,1
2021-01-20,Los Angeles,037,10098052,1072644,1015608,34647,1050255,14299
2021-01-20,Madera,039,155013,14257,13585,682,14267,86
2021-01-20,Marin,041,260295,11949,11684,129,11813,171
2021-01-20,Mariposa,043,17540,339,322,3,325,3
2021-01-20,Mendocino,045,87422,3138,2957,52,3009,32
2021-01-20,Merced,047,269075,25027,24220,654,24874,243
2021-01-20,Modoc,049,8938,301,282,92,374,0
2021-01-20,Mono,051,14174,1102,1105,13,1118,3
2021-01-20,Monterey,053,433212,37762,35960,1263,37223,249
2021-01-20,Napa,055,140530,8074,7731,31,7762,40
2021-01-20,Nevada,057,99092,3467,3238,138,3376,18
2021-01-20,Orange,059,3164182,225111,216893,9077,225970,2500
2021-01-20,Placer,061,380077,18695,17455,897,18352,186
2021-01-20,Plumas,063,18699,600,512,10,522,2
2021-01-20,Riverside,065,2383286,260208,248686,12228,260914,2615
2021-01-20,Sacramento,067,1510023,84348,81687,999,82686,1072
2021-01-20,San Benito,069,59416,5206,5036,59,5095,35
2021-01-20,San Bernardino,071,2135413,267510,255921,7736,263657,1801
2021-01-20,San Diego,073,3302833,234346,218553,10805,229358,2174
2021-01-20,San Francisco,075,870044,30502,29665,704,30369,262
2021-01-20,San Joaquin,077,732212,60238,58025,2377,60402,783
2021-01-20,San Luis Obispo,079,281455,17127,15936,445,16381,164
2021-01-20,San Mateo,081,765935,35134,32929,288,33217,210
2021-01-20,Santa Barbara,083,443738,27995,25312,873,26185,248
2021-01-20,Santa Clara,085,1922200,98270,94995,438,95433,1040
2021-01-20,Santa Cruz,087,273765,13740,12460,644,13104,107
2021-01-20,Shasta,089,179085,10048,9697,1021,10718,98
2021-01-20,Sierra,091,2930,47,40,12,52,0
2021-01-20,Siskiyou,093,43540,1270,1163,184,1347,4
2021-01-20,Solano,095,438530,26729,25659,291,25950,106
2021-01-20,Sonoma,097,501317,25077,24262,127,24389,223
2021-01-20,Stanislaus,099,539301,44991,42955,4512,47467,585
2021-01-20,Sutter,101,95872,8013,7772,76,7848,80
2021-01-20,Tehama,103,63373,4089,3892,446,4338,19
2021-01-20,Trinity,105,12862,439,260,65,325,3
2021-01-20,Tulare,107,460477,43898,41799,6140,47939,559
2021-01-20,Tuolumne,109,53932,3432,3355,27,3382,29
2021-01-20,Ventura,111,848112,66170,63413,2343,65756,395
2021-01-20,Yolo,113,214977,11574,10852,130,10982,141
2021-01-20,Yuba,115,75493,4942,4729,64,4793,29
2021-01-19,Alameda,001,1643700,70861,68434,1501,69935,680
2021-01-19,Alpine,003,1148,73,71,0,71,0
2021-01-19,Amador,005,37829,3071,3024,24,3048,28
2021-01-19,Butte,007,227075,10167,9528,1386,10914,129
2021-01-19,Calaveras,009,45235,1658,1621,8,1629,21
2021-01-19,Colusa,011,21464,1679,1617,175,1792,7
2021-01-19,Contra Costa,013,1133247,55123,52730,899,53629,448
2021-01-19,Del Norte,015,27424,875,843,3,846,2
2021-01-19,El Dorado,017,186661,8253,7743,529,8272,47
2021-01-19,Fresno,019,978130,87754,83200,6611,89811,857
2021-01-19,Glenn,021,27897,2037,1948,408,2356,13
2021-01-19,Humboldt,023,135768,2566,2359,13,2372,22
2021-01-19,Imperial,025,180216,25966,25333,2276,27609,452
2021-01-19,Inyo,027,18085,1007,891,8,899,26
2021-01-19,Kern,029,883053,84349,80272,7649,87921,742
2021-01-19,Kings,031,150075,20229,19375,798,20173,143
2021-01-19,Lake,033,64148,2738,2625,0,2625,31
2021-01-19,Lassen,035,31185,4861,4753,79,4832,1
2021-01-19,Los Angeles,037,10098052,1063980,1010375,34375,1044750,14014
2021-01-19,Madera,039,155013,14141,13528,675,14203,86
2021-01-19,Marin,041,260295,11891,11654,125,11779,169
2021-01-19,Mariposa,043,17540,339,322,3,325,3
2021-01-19,Mendocino,045,87422,3121,2930,52,2982,32
2021-01-19,Merced,047,269075,24813,24108,648,24756,242
2021-01-19,Modoc,049,8938,300,281,92,373,0
2021-01-19,Mono,051,14174,1101,1106,13,1119,3
2021-01-19,Monterey,053,433212,37442,35840,1242,37082,248
2021-01-19,Napa,055,140530,8015,7672,31,7703,38
2021-01-19,Nevada,057,99092,3449,3216,136,3352,18
2021-01-19,Orange,059,3164182,223374,215244,9009,224253,2468
2021-01-19,Placer,061,380077,18597,17348,887,18235,182
2021-01-19,Plumas,063,18699,593,509,10,519,2
2021-01-19,Riverside,065,2383286,258119,246248,12149,258397,2585
2021-01-19,Sacramento,067,1510023,83810,81183,979,82162,1053
2021-01-19,San Benito,069,59416,5160,4988,58,5046,35
2021-01-19,San Bernardino,071,2135413,265766,253651,7678,261329,1777
2021-01-19,San Diego,073,3302833,231926,216833,10708,227541,2109
2021-01-19,San Francisco,075,870044,30283,29502,672,30174,261
2021-01-19,San Joaquin,077,732212,59854,57655,2364,60019,782
2021-01-19,San Luis Obispo,079,281455,16864,15855,442,16297,161
2021-01-19,San Mateo,081,765935,34848,32730,277,33007,208
2021-01-19,Santa Barbara,083,443738,27612,24991,857,25848,236
2021-01-19,Santa Clara,085,1922200,97492,94483,436,94919,1010
2021-01-19,Santa Cruz,087,273765,13623,12410,636,13046,106
2021-01-19,Shasta,089,179085,10012,9614,1011,10625,93
2021-01-19,Sierra,091,2930,47,40,10,50,0
2021-01-19,Siskiyou,093,43540,1262,1149,183,1332,4
2021-01-19,Solano,095,438530,26483,25520,290,25810,106
2021-01-19,Sonoma,097,501317,24898,24133,125,24258,223
2021-01-19,Stanislaus,099,539301,44640,42723,4455,47178,561
2021-01-19,Sutter,101,95872,7962,7709,70,7779,80
2021-01-19,Tehama,103,63373,4054,3876,444,4320,19
2021-01-19,Trinity,105,12862,438,260,65,325,3
2021-01-19,Tulare,107,460477,43620,41559,6043,47602,549
2021-01-19,Tuolumne,109,53932,3405,3328,27,3355,29
2021-01-19,Ventura,111,848112,65492,62656,2316,64972,383
2021-01-19,Yolo,113,214977,11489,10789,130,10919,134
2021-01-19,Yuba,115,75493,4909,4695,63,4758,29
2021-01-18,Alameda,001,1643700,70217,67938,1483,69421,680
2021-01-18,Alpine,003,1148,73,71,0,71,0
2021-01-18,Amador,005,37829,3057,3016,24,3040,28
2021-01-18,Butte,007,227075,10080,9474,1373,10847,129
2021-01-18,Calaveras,009,45235,1636,1617,7,1624,21
2021-01-18,Colusa,011,21464,1662,1608,170,1778,7
2021-01-18,Contra Costa,013,1133247,54607,52323,891,53214,448
2021-01-18,Del Norte,015,27424,874,840,3,843,2
2021-01-18,El Dorado,017,186661,8185,7707,527,8234,47
2021-01-18,Fresno,019,978130,87143,82485,6544,89029,857
2021-01-18,Glenn,021,27897,2020,1935,404,2339,13
2021-01-18,Humboldt,023,135768,2528,2343,13,2356,22
2021-01-18,Imperial,025,180216,25897,25317,2251,27568,452
2021-01-18,Inyo,027,18085,995,872,8,880,26
2021-01-18,Kern,029,883053,83709,79930,7557,87487,740
2021-01-18,Kings,031,150075,20059,19267,786,20053,141
2021-01-18,Lake,033,64148,2721,2591,0,2591,30
2021-01-18,Lassen,035,31185,4825,4749,78,4827,1
2021-01-18,Los Angeles,037,10098052,1054498,1002614,34083,1036697,13828
2021-01-18,Madera,039,155013,14027,13443,667,14110,85
2021-01-18,Marin,041,260295,11843,11607,123,11730,165
2021-01-18,Mariposa,043,17540,336,320,2,322,3
2021-01-18,Mendocino,045,87422,3098,2919,52,2971,31
2021-01-18,Merced,047,269075,24569,23927,631,24558,242
2021-01-18,Modoc,049,8938,297,281,89,370,0
2021-01-18,Mono,051,14174,1098,1101,13,1114,3
2021-01-18,Monterey,053,433212,36988,35549,1225,36774,247
2021-01-18,Napa,055,140530,7941,7601,31,7632,38
2021-01-18,Nevada,057,99092,3411,3199,135,3334,17
2021-01-18,Orange,059,3164182,221472,213866,8953,222819,2405
2021-01-18,Placer,061,380077,18481,17263,878,18141,182
2021-01-18,Plumas,063,18699,589,506,10,516,2
2021-01-18,Riverside,065,2383286,255800,244151,12058,256209,2568
2021-01-18,Sacramento,067,1510023,83131,80546,963,81509,1046
2021-01-18,San Benito,069,59416,5109,4963,56,5019,35
2021-01-18,San Bernardino,071,2135413,263989,252808,7620,260428,1775
2021-01-18,San Diego,073,3302833,229280,214335,10579,224914,2103
2021-01-18,San Francisco,075,870044,30077,29321,648,29969,259
2021-01-18,San Joaquin,077,732212,59336,57405,2342,59747,782
2021-01-18,San Luis Obispo,079,281455,16677,15742,432,16174,158
2021-01-18,San Mateo,081,765935,34533,32515,258,32773,208
2021-01-18,Santa Barbara,083,443738,27240,24638,843,25481,235
2021-01-18,Santa Clara,085,1922200,96599,93688,432,94120,992
2021-01-18,Santa Cruz,087,273765,13490,12298,623,12921,106
2021-01-18,Shasta,089,179085,9973,9600,1001,10601,92
2021-01-18,Sierra,091,2930,46,40,10,50,0
2021-01-18,Siskiyou,093,43540,1250,1144,181,1325,4
2021-01-18,Solano,095,438530,26204,25344,285,25629,105
2021-01-18,Sonoma,097,501317,24627,24068,124,24192,223
2021-01-18,Stanislaus,099,539301,44282,42413,4405,46818,562
2021-01-18,Sutter,101,95872,7904,7680,68,7748,78
2021-01-18,Tehama,103,63373,4010,3854,437,4291,19
2021-01-18,Trinity,105,12862,438,260,65,325,3
2021-01-18,Tulare,107,460477,43331,41196,5931,47127,549
2021-01-18,Tuolumne,109,53932,3382,3318,26,3344,28
2021-01-18,Ventura,111,848112,65062,61859,2293,64152,379
2021-01-18,Yolo,113,214977,11359,10620,127,10747,134
2021-01-18,Yuba,115,75493,4881,4671,61,4732,29
2021-01-17,Alameda,001,1643700,69641,67375,1464,68839,676
2021-01-17,Alpine,003,1148,73,71,0,71,0
2021-01-17,Amador,005,37829,3050,3001,24,3025,28
2021-01-17,Butte,007,227075,10008,9411,1351,10762,129
2021-01-17,Calaveras,009,45235,1623,1608,7,1615,21
2021-01-17,Colusa,011,21464,1648,1588,165,1753,7
2021-01-17,Contra Costa,013,1133247,54119,51932,884,52816,447
2021-01-17,Del Norte,015,27424,874,838,3,841,2
2021-01-17,El Dorado,017,186661,8129,7659,515,8174,47
2021-01-17,Fresno,019,978130,86590,82039,6467,88506,857
2021-01-17,Glenn,021,27897,2009,1924,399,2323,9
2021-01-17,Humboldt,023,135768,2490,2322,11,2333,22
2021-01-17,Imperial,025,180216,25827,25253,2208,27461,451
2021-01-17,Inyo,027,18085,989,864,8,872,26
2021-01-17,Kern,029,883053,83161,79489,7471,86960,738
2021-01-17,Kings,031,150075,19923,19201,772,19973,131
2021-01-17,Lake,033,64148,2705,2572,0,2572,30
2021-01-17,Lassen,035,31185,4817,4740,77,4817,1
2021-01-17,Los Angeles,037,10098052,1047867,993028,33679,1026707,13741
2021-01-17,Madera,039,155013,13935,13328,661,13989,85
2021-01-17,Marin,041,260295,11790,11552,121,11673,164
2021-01-17,Mariposa,043,17540,336,319,2,321,3
2021-01-17,Mendocino,045,87422,3070,2912,51,2963,31
2021-01-17,Merced,047,269075,24354,23800,614,24414,242
2021-01-17,Modoc,049,8938,296,279,89,368,0
2021-01-17,Mono,051,14174,1092,1091,12,1103,3
2021-01-17,Monterey,053,433212,36751,35340,1200,36540,244
2021-01-17,Napa,055,140530,7885,7521,31,7552,38
2021-01-17,Nevada,057,99092,3386,3176,133,3309,17
2021-01-17,Orange,059,3164182,219467,212389,8878,221267,2359
2021-01-17,Placer,061,380077,18377,17194,863,18057,181
2021-01-17,Plumas,063,18699,588,505,9,514,2
2021-01-17,Riverside,065,2383286,253692,242206,11939,254145,2534
2021-01-17,Sacramento,067,1510023,82526,80154,950,81104,1045
2021-01-17,San Benito,069,59416,5071,4941,56,4997,35
2021-01-17,San Bernardino,071,2135413,261862,251487,7531,259018,1775
2021-01-17,San Diego,073,3302833,227085,211785,10472,222257,2103
2021-01-17,San Francisco,075,870044,29892,29139,609,29748,255
2021-01-17,San Joaquin,077,732212,58976,57094,2327,59421,780
2021-01-17,San Luis Obispo,079,281455,16555,15658,423,16081,157
2021-01-17,San Mateo,081,765935,34280,32186,235,32421,208
2021-01-17,Santa Barbara,083,443738,26793,24401,827,25228,235
2021-01-17,Santa Clara,085,1922200,95849,92752,429,93181,976
2021-01-17,Santa Cruz,087,273765,13378,12196,620,12816,106
2021-01-17,Shasta,089,179085,9915,9588,993,10581,92
2021-01-17,Sierra,091,2930,46,38,9,47,0
2021-01-17,Siskiyou,093,43540,1243,1136,178,1314,4
2021-01-17,Solano,095,438530,25974,25216,283,25499,105
2021-01-17,Sonoma,097,501317,24457,23871,124,23995,223
2021-01-17,Stanislaus,099,539301,43962,42221,4347,46568,562
2021-01-17,Sutter,101,95872,7840,7604,66,7670,77
2021-01-17,Tehama,103,63373,3980,3837,432,4269,18
2021-01-17,Trinity,105,12862,438,261,65,326,3
2021-01-17,Tulare,107,460477,43039,41016,5815,46831,549
2021-01-17,Tuolumne,109,53932,3365,3287,26,3313,27
2021-01-17,Ventura,111,848112,64218,61257,2246,63503,376
2021-01-17,Yolo,113,214977,11258,10519,125,10644,134
2021-01-17,Yuba,115,75493,4831,4640,59,4699,28
2021-01-16,Alameda,001,1643700,69316,66583,1451,68034,673
2021-01-16,Alpine,003,1148,73,71,0,71,0
2021-01-16,Amador,005,37829,3047,2986,24,3010,28
2021-01-16,Butte,007,227075,9978,9359,1331,10690,129
2021-01-16,Calaveras,009,45235,1609,1596,7,1603,21
2021-01-16,Colusa,011,21464,1636,1578,165,1743,7
2021-01-16,Contra Costa,013,1133247,53856,51363,877,52240,443
2021-01-16,Del Norte,015,27424,869,833,3,836,2
2021-01-16,El Dorado,017,186661,8107,7575,514,8089,47
2021-01-16,Fresno,019,978130,86317,81294,6414,87708,846
2021-01-16,Glenn,021,27897,2005,1894,395,2289,9
2021-01-16,Humboldt,023,135768,2470,2294,9,2303,22
2021-01-16,Imperial,025,180216,25793,25140,2201,27341,451
2021-01-16,Inyo,027,18085,985,845,8,853,25
2021-01-16,Kern,029,883053,82794,78865,7418,86283,733
2021-01-16,Kings,031,150075,19867,19072,769,19841,131
2021-01-16,Lake,033,64148,2695,2504,0,2504,30
2021-01-16,Lassen,035,31185,4805,4719,77,4796,1
2021-01-16,Los Angeles,037,10098052,1043794,982684,33435,1016119,13654
2021-01-16,Madera,039,155013,13869,13193,657,13850,85
2021-01-16,Marin,041,260295,11748,11482,121,11603,164
2021-01-16,Mariposa,043,17540,335,317,2,319,3
2021-01-16,Mendocino,045,87422,3056,2890,48,2938,31
2021-01-16,Merced,047,269075,24267,23478,600,24078,242
2021-01-16,Modoc,049,8938,296,278,89,367,0
2021-01-16,Mono,051,14174,1090,1079,12,1091,3
2021-01-16,Monterey,053,433212,36643,34972,1182,36154,243
2021-01-16,Napa,055,140530,7846,7356,31,7387,39
2021-01-16,Nevada,057,99092,3353,3144,133,3277,17
2021-01-16,Orange,059,3164182,218428,210111,8821,218932,2312
2021-01-16,Placer,061,380077,18313,16995,861,17856,177
2021-01-16,Plumas,063,18699,586,502,9,511,2
2021-01-16,Riverside,065,2383286,252334,239412,11821,251233,2506
2021-01-16,Sacramento,067,1510023,82148,79122,933,80055,1033
2021-01-16,San Benito,069,59416,5038,4875,56,4931,35
2021-01-16,San Bernardino,071,2135413,261081,249401,7464,256865,1755
2021-01-16,San Diego,073,3302833,225788,209895,10377,220272,2065
2021-01-16,San Francisco,075,870044,29765,28853,578,29431,244
2021-01-16,San Joaquin,077,732212,58729,56642,2296,58938,776
2021-01-16,San Luis Obispo,079,281455,16454,15466,421,15887,152
2021-01-16,San Mateo,081,765935,34115,31805,229,32034,208
2021-01-16,Santa Barbara,083,443738,26598,24088,820,24908,229
2021-01-16,Santa Clara,085,1922200,95383,91584,422,92006,954
2021-01-16,Santa Cruz,087,273765,13319,12026,618,12644,106
2021-01-16,Shasta,089,179085,9882,9547,989,10536,92
2021-01-16,Sierra,091,2930,45,38,9,47,0
2021-01-16,Siskiyou,093,43540,1238,1124,178,1302,4
2021-01-16,Solano,095,438530,25866,24732,277,25009,103
2021-01-16,Sonoma,097,501317,24369,23607,123,23730,223
2021-01-16,Stanislaus,099,539301,43772,41809,4296,46105,562
2021-01-16,Sutter,101,95872,7808,7560,66,7626,76
2021-01-16,Tehama,103,63373,3966,3783,432,4215,18
2021-01-16,Trinity,105,12862,438,261,65,326,3
2021-01-16,Tulare,107,460477,42858,40655,5741,46396,542
2021-01-16,Tuolumne,109,53932,3357,3269,26,3295,27
2021-01-16,Ventura,111,848112,63665,60368,2216,62584,369
2021-01-16,Yolo,113,214977,11210,10406,124,10530,134
2021-01-16,Yuba,115,75493,4800,4602,59,4661,27
2021-01-15,Alameda,001,1643700,68876,65416,1441,66857,672
2021-01-15,Alpine,003,1148,73,71,0,71,0
2021-01-15,Amador,005,37829,3040,2953,24,2977,28
2021-01-15,Butte,007,227075,9940,9233,1314,10547,129
2021-01-15,Calaveras,009,45235,1602,1538,7,1545,21
2021-01-15,Colusa,011,21464,1625,1541,161,1702,7
2021-01-15,Contra Costa,013,1133247,53526,50408,870,51278,428
2021-01-15,Del Norte,015,27424,865,828,2,830,2
2021-01-15,El Dorado,017,186661,8058,7439,505,7944,47
2021-01-15,Fresno,019,978130,85779,79950,6381,86331,832
2021-01-15,Glenn,021,27897,2000,1824,393,2217,9
2021-01-15,Humboldt,023,135768,2443,2218,8,2226,22
2021-01-15,Imperial,025,180216,25759,24944,2195,27139,446
2021-01-15,Inyo,027,18085,967,814,8,822,25
2021-01-15,Kern,029,883053,82382,77873,7354,85227,719
2021-01-15,Kings,031,150075,19758,18661,762,19423,131
2021-01-15,Lake,033,64148,2669,2434,0,2434,28
2021-01-15,Lassen,035,31185,4794,4693,75,4768,1
2021-01-15,Los Angeles,037,10098052,1036756,968979,33143,1002122,13404
2021-01-15,Madera,039,155013,13784,12883,654,13537,85
2021-01-15,Marin,041,260295,11697,11310,121,11431,160
2021-01-15,Mariposa,043,17540,333,307,2,309,3
2021-01-15,Mendocino,045,87422,3045,2835,48,2883,31
2021-01-15,Merced,047,269075,24154,23060,596,23656,239
2021-01-15,Modoc,049,8938,296,278,87,365,0
2021-01-15,Mono,051,14174,1087,1057,12,1069,3
2021-01-15,Monterey,053,433212,36431,34460,1123,35583,243
2021-01-15,Napa,055,140530,7784,7231,31,7262,38
2021-01-15,Nevada,057,99092,3339,3099,130,3229,17
2021-01-15,Orange,059,3164182,217071,207129,8769,215898,2254
2021-01-15,Placer,061,380077,18211,16712,852,17564,173
2021-01-15,Plumas,063,18699,583,499,9,508,2
2021-01-15,Riverside,065,2383286,250479,235235,11743,246978,2458
2021-01-15,Sacramento,067,1510023,81730,80279,925,81204,1023
2021-01-15,San Benito,069,59416,4995,4766,54,4820,35
2021-01-15,San Bernardino,071,2135413,259921,246182,7406,253588,1726
2021-01-15,San Diego,073,3302833,224039,206868,10312,217180,2037
2021-01-15,San Francisco,075,870044,29591,28574,558,29132,242
2021-01-15,San Joaquin,077,732212,58494,55885,2282,58167,748
2021-01-15,San Luis Obispo,079,281455,16321,15129,416,15545,148
2021-01-15,San Mateo,081,765935,33870,31291,225,31516,208
2021-01-15,Santa Barbara,083,443738,26320,23487,810,24297,226
2021-01-15,Santa Clara,085,1922200,94732,90103,417,90520,942
2021-01-15,Santa Cruz,087,273765,13210,11776,604,12380,105
2021-01-15,Shasta,089,179085,9843,9459,981,10440,91
2021-01-15,Sierra,091,2930,44,36,8,44,0
2021-01-15,Siskiyou,093,43540,1234,1119,177,1296,4
2021-01-15,Solano,095,438530,25717,24222,274,24496,103
2021-01-15,Sonoma,097,501317,24238,23204,122,23326,222
2021-01-15,Stanislaus,099,539301,43529,41178,4259,45437,562
2021-01-15,Sutter,101,95872,7761,7484,65,7549,75
2021-01-15,Tehama,103,63373,3945,3714,431,4145,17
2021-01-15,Trinity,105,12862,438,262,65,327,3
2021-01-15,Tulare,107,460477,42614,39951,5656,45607,535
2021-01-15,Tuolumne,109,53932,3341,3231,26,3257,27
2021-01-15,Ventura,111,848112,62920,59061,2183,61244,353
2021-01-15,Yolo,113,214977,11155,10240,123,10363,134
2021-01-15,Yuba,115,75493,4779,4549,59,4608,27
2021-01-14,Alameda,001,1643700,68224,64364,1426,65790,686
2021-01-14,Alpine,003,1148,73,71,0,71,0
2021-01-14,Amador,005,37829,3034,2940,24,2964,28
2021-01-14,Butte,007,227075,9855,9127,1293,10420,129
2021-01-14,Calaveras,009,45235,1585,1513,7,1520,21
2021-01-14,Colusa,011,21464,1610,1535,158,1693,7
2021-01-14,Contra Costa,013,1133247,52971,49545,856,50401,415
2021-01-14,Del Norte,015,27424,859,821,2,823,2
2021-01-14,El Dorado,017,186661,7984,7321,497,7818,45
2021-01-14,Fresno,019,978130,85146,79033,6305,85338,814
2021-01-14,Glenn,021,27897,1987,1798,388,2186,9
2021-01-14,Humboldt,023,135768,2400,2169,8,2177,22
2021-01-14,Imperial,025,180216,25649,24882,2159,27041,447
2021-01-14,Inyo,027,18085,960,790,8,798,25
2021-01-14,Kern,029,883053,81714,77070,7253,84323,705
2021-01-14,Kings,031,150075,19628,18405,758,19163,108
2021-01-14,Lake,033,64148,2626,2378,0,2378,27
2021-01-14,Lassen,035,31185,4784,4673,73,4746,1
2021-01-14,Los Angeles,037,10098052,1026760,954652,32762,987414,13147
2021-01-14,Madera,039,155013,13671,12742,643,13385,85
2021-01-14,Marin,041,260295,11623,11155,120,11275,159
2021-01-14,Mariposa,043,17540,330,302,2,304,3
2021-01-14,Mendocino,045,87422,3031,2801,46,2847,31
2021-01-14,Merced,047,269075,23925,22780,587,23367,239
2021-01-14,Modoc,049,8938,296,273,87,360,0
2021-01-14,Mono,051,14174,1079,1020,12,1032,3
2021-01-14,Monterey,053,433212,36017,34105,1103,35208,242
2021-01-14,Napa,055,140530,7699,7117,31,7148,38
2021-01-14,Nevada,057,99092,3312,3075,128,3203,17
2021-01-14,Orange,059,3164182,215143,204442,8683,213125,2162
2021-01-14,Placer,061,380077,18051,16488,845,17333,169
2021-01-14,Plumas,063,18699,575,496,9,505,2
2021-01-14,Riverside,065,2383286,247859,231684,11645,243329,2357
2021-01-14,Sacramento,067,1510023,81092,79137,901,80038,1007
2021-01-14,San Benito,069,59416,4961,4678,53,4731,35
2021-01-14,San Bernardino,071,2135413,257952,243379,7336,250715,1750
2021-01-14,San Diego,073,3302833,221644,204173,10192,214365,2005
2021-01-14,San Francisco,075,870044,29347,28200,508,28708,238
2021-01-14,San Joaquin,077,732212,57980,55058,2268,57326,739
2021-01-14,San Luis Obispo,079,281455,16160,14851,407,15258,146
2021-01-14,San Mateo,081,765935,33502,30694,216,30910,208
2021-01-14,Santa Barbara,083,443738,25913,23126,784,23910,219
2021-01-14,Santa Clara,085,1922200,93793,88505,410,88915,910
2021-01-14,Santa Cruz,087,273765,13063,11583,588,12171,109
2021-01-14,Shasta,089,179085,9793,9334,965,10299,90
2021-01-14,Sierra,091,2930,44,35,7,42,0
2021-01-14,Siskiyou,093,43540,1222,1108,174,1282,3
2021-01-14,Solano,095,438530,25457,23782,270,24052,103
2021-01-14,Sonoma,097,501317,23995,22910,122,23032,202
2021-01-14,Stanislaus,099,539301,43204,40597,4221,44818,574
2021-01-14,Sutter,101,95872,7702,7416,62,7478,74
2021-01-14,Tehama,103,63373,3916,3664,427,4091,17
2021-01-14,Trinity,105,12862,438,261,64,325,3
2021-01-14,Tulare,107,460477,42230,39565,5547,45112,533
2021-01-14,Tuolumne,109,53932,3320,3215,26,3241,28
2021-01-14,Ventura,111,848112,62048,57941,2145,60086,347
2021-01-14,Yolo,113,214977,11044,10097,117,10214,135
2021-01-14,Yuba,115,75493,4747,4496,59,4555,27
2021-01-13,Alameda,001,1643700,67469,63568,1409,64977,690
2021-01-13,Alpine,003,1148,73,71,0,71,0
2021-01-13,Amador,005,37829,3020,2914,24,2938,26
2021-01-13,Butte,007,227075,9776,9013,1279,10292,126
2021-01-13,Calaveras,009,45235,1563,1493,7,1500,21
2021-01-13,Colusa,011,21464,1598,1524,153,1677,7
2021-01-13,Contra Costa,013,1133247,52391,48877,843,49720,403
2021-01-13,Del Norte,015,27424,855,820,2,822,2
2021-01-13,El Dorado,017,186661,7891,7247,489,7736,43
2021-01-13,Fresno,019,978130,84427,78278,6263,84541,804
2021-01-13,Glenn,021,27897,1972,1792,380,2172,9
2021-01-13,Humboldt,023,135768,2368,2114,8,2122,22
2021-01-13,Imperial,025,180216,25525,24717,2126,26843,463
2021-01-13,Inyo,027,18085,948,785,8,793,25
2021-01-13,Kern,029,883053,81051,76049,7163,83212,704
2021-01-13,Kings,031,150075,19461,18121,736,18857,108
2021-01-13,Lake,033,64148,2582,2305,0,2305,27
2021-01-13,Lassen,035,31185,4777,4663,72,4735,1
2021-01-13,Los Angeles,037,10098052,1015992,937985,32352,970337,12873
2021-01-13,Madera,039,155013,13545,12570,638,13208,85
2021-01-13,Marin,041,260295,11567,11039,120,11159,161
2021-01-13,Mariposa,043,17540,328,304,2,306,3
2021-01-13,Mendocino,045,87422,3011,2790,46,2836,31
2021-01-13,Merced,047,269075,23685,22497,572,23069,241
2021-01-13,Modoc,049,8938,295,274,84,358,0
2021-01-13,Mono,051,14174,1075,1017,12,1029,3
2021-01-13,Monterey,053,433212,35599,33748,1079,34827,241
2021-01-13,Napa,055,140530,7585,7028,31,7059,36
2021-01-13,Nevada,057,99092,3287,3037,125,3162,17
2021-01-13,Orange,059,3164182,213057,201158,8614,209772,2172
2021-01-13,Placer,061,380077,17924,16272,831,17103,172
2021-01-13,Plumas,063,18699,573,490,9,499,2
2021-01-13,Riverside,065,2383286,244746,228192,11530,239722,2278
2021-01-13,Sacramento,067,1510023,80432,78268,894,79162,996
2021-01-13,San Benito,069,59416,4906,4583,52,4635,35
2021-01-13,San Bernardino,071,2135413,255578,240191,7264,247455,1759
2021-01-13,San Diego,073,3302833,219030,201578,10089,211667,1952
2021-01-13,San Francisco,075,870044,29106,27863,486,28349,238
2021-01-13,San Joaquin,077,732212,57356,54373,2238,56611,738
2021-01-13,San Luis Obispo,079,281455,16006,14625,395,15020,140
2021-01-13,San Mateo,081,765935,33161,30195,214,30409,207
2021-01-13,Santa Barbara,083,443738,25481,22714,760,23474,216
2021-01-13,Santa Clara,085,1922200,92818,87187,407,87594,911
2021-01-13,Santa Cruz,087,273765,12890,11423,574,11997,110
2021-01-13,Shasta,089,179085,9729,9180,951,10131,93
2021-01-13,Sierra,091,2930,44,33,7,40,0
2021-01-13,Siskiyou,093,43540,1216,1102,170,1272,3
2021-01-13,Solano,095,438530,25172,23503,269,23772,105
2021-01-13,Sonoma,097,501317,23745,22610,121,22731,206
2021-01-13,Stanislaus,099,539301,42802,40167,4167,44334,574
2021-01-13,Sutter,101,95872,7656,7350,61,7411,73
2021-01-13,Tehama,103,63373,3866,3589,422,4011,17
2021-01-13,Trinity,105,12862,438,260,64,324,3
2021-01-13,Tulare,107,460477,41822,39129,5443,44572,522
2021-01-13,Tuolumne,109,53932,3306,3196,26,3222,28
2021-01-13,Ventura,111,848112,61035,56453,2106,58559,338
2021-01-13,Yolo,113,214977,10943,9933,113,10046,135
2021-01-13,Yuba,115,75493,4705,4448,56,4504,27
2021-01-12,Alameda,001,1643700,66648,62642,1389,64031,677
2021-01-12,Alpine,003,1148,73,71,0,71,0
2021-01-12,Amador,005,37829,3003,2897,24,2921,26
2021-01-12,Butte,007,227075,9690,8883,1261,10144,124
2021-01-12,Calaveras,009,45235,1526,1475,7,1482,21
2021-01-12,Colusa,011,21464,1586,1510,149,1659,7
2021-01-12,Contra Costa,013,1133247,51746,48242,829,49071,399
2021-01-12,Del Norte,015,27424,850,816,2,818,2
2021-01-12,El Dorado,017,186661,7808,7156,478,7634,41
2021-01-12,Fresno,019,978130,83555,77651,6194,83845,796
2021-01-12,Glenn,021,27897,1943,1781,375,2156,9
2021-01-12,Humboldt,023,135768,2314,2077,7,2084,22
2021-01-12,Imperial,025,180216,25435,24566,2085,26651,457
2021-01-12,Inyo,027,18085,931,773,8,781,25
2021-01-12,Kern,029,883053,80345,75320,7064,82384,689
2021-01-12,Kings,031,150075,19249,18072,726,18798,108
2021-01-12,Lake,033,64148,2535,2260,0,2260,27
2021-01-12,Lassen,035,31185,4755,4659,70,4729,1
2021-01-12,Los Angeles,037,10098052,1004361,926295,31936,958231,12610
2021-01-12,Madera,039,155013,13404,12485,629,13114,85
2021-01-12,Marin,041,260295,11458,10960,120,11080,157
2021-01-12,Mariposa,043,17540,326,302,2,304,3
2021-01-12,Mendocino,045,87422,2991,2762,42,2804,31
2021-01-12,Merced,047,269075,23434,22172,550,22722,239
2021-01-12,Modoc,049,8938,293,274,84,358,0
2021-01-12,Mono,051,14174,1065,1008,12,1020,3
2021-01-12,Monterey,053,433212,35099,33381,1059,34440,240
2021-01-12,Napa,055,140530,7502,6936,31,6967,36
2021-01-12,Nevada,057,99092,3259,3014,123,3137,17
2021-01-12,Orange,059,3164182,210762,198260,8527,206787,2142
2021-01-12,Placer,061,380077,17754,16087,825,16912,163
2021-01-12,Plumas,063,18699,567,483,9,492,2
2021-01-12,Riverside,065,2383286,241632,225580,11391,236971,2266
2021-01-12,Sacramento,067,1510023,79692,77201,886,78087,985
2021-01-12,San Benito,069,59416,4839,4515,52,4567,35
2021-01-12,San Bernardino,071,2135413,253005,237008,7194,244202,1739
2021-01-12,San Diego,073,3302833,216117,198317,9972,208289,1898
2021-01-12,San Francisco,075,870044,28828,27531,453,27984,238
2021-01-12,San Joaquin,077,732212,56714,53630,2211,55841,725
2021-01-12,San Luis Obispo,079,281455,15758,14367,386,14753,132
2021-01-12,San Mateo,081,765935,32770,29747,202,29949,206
2021-01-12,Santa Barbara,083,443738,25072,22182,732,22914,209
2021-01-12,Santa Clara,085,1922200,91746,86075,399,86474,904
2021-01-12,Santa Cruz,087,273765,12675,11267,558,11825,110
2021-01-12,Shasta,089,179085,9656,9086,938,10024,84
2021-01-12,Sierra,091,2930,42,33,6,39,0
2021-01-12,Siskiyou,093,43540,1206,1091,164,1255,3
2021-01-12,Solano,095,438530,24869,23160,264,23424,102
2021-01-12,Sonoma,097,501317,23439,22403,121,22524,205
2021-01-12,Stanislaus,099,539301,42352,39615,4133,43748,571
2021-01-12,Sutter,101,95872,7593,7276,60,7336,73
2021-01-12,Tehama,103,63373,3830,3567,418,3985,17
2021-01-12,Trinity,105,12862,438,258,64,322,3
2021-01-12,Tulare,107,460477,41363,38797,5327,44124,509
2021-01-12,Tuolumne,109,53932,3272,3178,26,3204,28
2021-01-12,Ventura,111,848112,60062,55342,2073,57415,324
2021-01-12,Yolo,113,214977,10809,9857,103,9960,133
2021-01-12,Yuba,115,75493,4663,4389,56,4445,27
2021-01-11,Alameda,001,1643700,65787,61949,1372,63321,652
2021-01-11,Alpine,003,1148,73,70,0,70,0
2021-01-11,Amador,005,37829,2989,2867,24,2891,24
2021-01-11,Butte,007,227075,9576,8757,1243,10000,119
2021-01-11,Calaveras,009,45235,1508,1460,7,1467,21
2021-01-11,Colusa,011,21464,1568,1494,145,1639,7
2021-01-11,Contra Costa,013,1133247,51067,47728,820,48548,398
2021-01-11,Del Norte,015,27424,846,810,2,812,2
2021-01-11,El Dorado,017,186661,7714,6987,471,7458,36
2021-01-11,Fresno,019,978130,82675,76581,6117,82698,775
2021-01-11,Glenn,021,27897,1914,1763,366,2129,9
2021-01-11,Humboldt,023,135768,2275,2069,7,2076,22
2021-01-11,Imperial,025,180216,25320,24418,2050,26468,453
2021-01-11,Inyo,027,18085,913,763,8,771,25
2021-01-11,Kern,029,883053,79489,74489,6962,81451,682
2021-01-11,Kings,031,150075,18986,17909,718,18627,108
2021-01-11,Lake,033,64148,2483,2205,0,2205,26
2021-01-11,Lassen,035,31185,4732,4647,69,4716,1
2021-01-11,Los Angeles,037,10098052,991172,914434,31462,945896,12304
2021-01-11,Madera,039,155013,13271,12366,618,12984,85
2021-01-11,Marin,041,260295,11362,10814,117,10931,156
2021-01-11,Mariposa,043,17540,319,296,2,298,3
2021-01-11,Mendocino,045,87422,2964,2728,42,2770,31
2021-01-11,Merced,047,269075,23111,21884,536,22420,238
2021-01-11,Modoc,049,8938,292,271,83,354,0
2021-01-11,Mono,051,14174,1059,1006,12,1018,3
2021-01-11,Monterey,053,433212,34559,32858,995,33853,239
2021-01-11,Napa,055,140530,7400,6822,31,6853,36
2021-01-11,Nevada,057,99092,3232,2980,123,3103,17
2021-01-11,Orange,059,3164182,208179,196340,8426,204766,2113
2021-01-11,Placer,061,380077,17571,15919,815,16734,163
2021-01-11,Plumas,063,18699,563,477,9,486,2
2021-01-11,Riverside,065,2383286,238137,222907,11244,234151,2222
2021-01-11,Sacramento,067,1510023,78763,76009,870,76879,974
2021-01-11,San Benito,069,59416,4762,4482,45,4527,34
2021-01-11,San Bernardino,071,2135413,250168,235543,7095,242638,1739
2021-01-11,San Diego,073,3302833,212848,194793,9813,204606,1857
2021-01-11,San Francisco,075,870044,28555,27264,430,27694,238
2021-01-11,San Joaquin,077,732212,56103,53002,2181,55183,725
2021-01-11,San Luis Obispo,079,281455,15388,14213,378,14591,126
2021-01-11,San Mateo,081,765935,32325,29355,190,29545,206
2021-01-11,Santa Barbara,083,443738,24635,21740,715,22455,200
2021-01-11,Santa Clara,085,1922200,90544,84851,390,85241,877
2021-01-11,Santa Cruz,087,273765,12495,11093,533,11626,106
2021-01-11,Shasta,089,179085,9558,8977,925,9902,81
2021-01-11,Sierra,091,2930,41,33,6,39,0
2021-01-11,Siskiyou,093,43540,1197,1087,162,1249,3
2021-01-11,Solano,095,438530,24547,22893,259,23152,101
2021-01-11,Sonoma,097,501317,23193,22191,121,22312,205
2021-01-11,Stanislaus,099,539301,41860,39149,4082,43231,571
2021-01-11,Sutter,101,95872,7534,7204,59,7263,71
2021-01-11,Tehama,103,63373,3766,3524,396,3920,17
2021-01-11,Trinity,105,12862,438,256,64,320,2
2021-01-11,Tulare,107,460477,40948,38380,5248,43628,497
2021-01-11,Tuolumne,109,53932,3261,3165,26,3191,27
2021-01-11,Ventura,111,848112,58925,54202,2050,56252,320
2021-01-11,Yolo,113,214977,10598,9699,101,9800,129
2021-01-11,Yuba,115,75493,4625,4349,49,4398,27
2021-01-10,Alameda,001,1643700,64797,61111,1343,62454,650
2021-01-10,Alpine,003,1148,73,70,0,70,0
2021-01-10,Amador,005,37829,2965,2861,24,2885,24
2021-01-10,Butte,007,227075,9457,8665,1216,9881,119
2021-01-10,Calaveras,009,45235,1483,1449,7,1456,21
2021-01-10,Colusa,011,21464,1544,1478,144,1622,7
2021-01-10,Contra Costa,013,1133247,50280,47109,802,47911,398
2021-01-10,Del Norte,015,27424,843,809,2,811,2
2021-01-10,El Dorado,017,186661,7627,6904,453,7357,36
2021-01-10,Fresno,019,978130,81864,75621,5993,81614,775
2021-01-10,Glenn,021,27897,1890,1746,358,2104,9
2021-01-10,Humboldt,023,135768,2214,2049,7,2056,22
2021-01-10,Imperial,025,180216,25157,24233,1999,26232,453
2021-01-10,Inyo,027,18085,885,748,8,756,25
2021-01-10,Kern,029,883053,78663,73712,6828,80540,679
2021-01-10,Kings,031,150075,18767,17812,711,18523,108
2021-01-10,Lake,033,64148,2430,2174,0,2174,26
2021-01-10,Lassen,035,31185,4710,4642,69,4711,1
2021-01-10,Los Angeles,037,10098052,976601,901783,30830,932613,12170
2021-01-10,Madera,039,155013,13082,12179,603,12782,85
2021-01-10,Marin,041,260295,11241,10737,115,10852,155
2021-01-10,Mariposa,043,17540,319,291,2,293,3
2021-01-10,Mendocino,045,87422,2933,2706,39,2745,31
2021-01-10,Merced,047,269075,22837,21691,526,22217,238
2021-01-10,Modoc,049,8938,292,271,81,352,0
2021-01-10,Mono,051,14174,1041,965,12,977,3
2021-01-10,Monterey,053,433212,34119,32571,963,33534,237
2021-01-10,Napa,055,140530,7296,6687,29,6716,36
2021-01-10,Nevada,057,99092,3213,2959,119,3078,17
2021-01-10,Orange,059,3164182,205412,193766,8302,202068,2104
2021-01-10,Placer,061,380077,17383,15779,795,16574,163
2021-01-10,Plumas,063,18699,553,477,9,486,2
2021-01-10,Riverside,065,2383286,234785,219486,11055,230541,2216
2021-01-10,Sacramento,067,1510023,77801,75394,842,76236,965
2021-01-10,San Benito,069,59416,4665,4434,44,4478,34
2021-01-10,San Bernardino,071,2135413,246584,232171,6992,239163,1736
2021-01-10,San Diego,073,3302833,209183,191886,9646,201532,1857
2021-01-10,San Francisco,075,870044,28171,27054,399,27453,238
2021-01-10,San Joaquin,077,732212,55244,52535,2147,54682,725
2021-01-10,San Luis Obispo,079,281455,15058,13968,366,14334,122
2021-01-10,San Mateo,081,765935,31833,28972,176,29148,206
2021-01-10,Santa Barbara,083,443738,24088,21290,694,21984,200
2021-01-10,Santa Clara,085,1922200,89368,83779,381,84160,858
2021-01-10,Santa Cruz,087,273765,12282,10951,512,11463,106
2021-01-10,Shasta,089,179085,9446,8936,910,9846,81
2021-01-10,Sierra,091,2930,40,32,6,38,0
2021-01-10,Siskiyou,093,43540,1191,1075,159,1234,3
2021-01-10,Solano,095,438530,24146,22621,256,22877,101
2021-01-10,Sonoma,097,501317,22920,21925,120,22045,204
2021-01-10,Stanislaus,099,539301,41296,38809,4002,42811,571
2021-01-10,Sutter,101,95872,7473,7133,56,7189,71
2021-01-10,Tehama,103,63373,3693,3504,383,3887,17
2021-01-10,Trinity,105,12862,438,253,62,315,2
2021-01-10,Tulare,107,460477,40531,38012,5126,43138,497
2021-01-10,Tuolumne,109,53932,3227,3143,25,3168,27
2021-01-10,Ventura,111,848112,57656,53095,2006,55101,319
2021-01-10,Yolo,113,214977,10446,9610,100,9710,129
2021-01-10,Yuba,115,75493,4573,4300,46,4346,27
2021-01-09,Alameda,001,1643700,64272,60125,1327,61452,649
2021-01-09,Alpine,003,1148,73,70,0,70,0
2021-01-09,Amador,005,37829,2958,2809,24,2833,24
2021-01-09,Butte,007,227075,9376,8552,1192,9744,118
2021-01-09,Calaveras,009,45235,1473,1425,7,1432,21
2021-01-09,Colusa,011,21464,1538,1468,143,1611,7
2021-01-09,Contra Costa,013,1133247,49931,46406,787,47193,393
2021-01-09,Del Norte,015,27424,841,802,2,804,2
2021-01-09,El Dorado,017,186661,7595,6800,450,7250,36
2021-01-09,Fresno,019,978130,81455,74816,5953,80769,773
2021-01-09,Glenn,021,27897,1875,1707,353,2060,9
2021-01-09,Humboldt,023,135768,2196,2026,7,2033,22
2021-01-09,Imperial,025,180216,25089,24028,1985,26013,448
2021-01-09,Inyo,027,18085,875,734,8,742,25
2021-01-09,Kern,029,883053,78199,73015,6752,79767,677
2021-01-09,Kings,031,150075,18672,17679,707,18386,108
2021-01-09,Lake,033,64148,2395,2144,0,2144,26
2021-01-09,Lassen,035,31185,4698,4613,68,4681,1
2021-01-09,Los Angeles,037,10098052,971043,887949,30387,918336,12011
2021-01-09,Madera,039,155013,12991,12063,598,12661,85
2021-01-09,Marin,041,260295,11178,10634,114,10748,154
2021-01-09,Mariposa,043,17540,316,287,2,289,3
2021-01-09,Mendocino,045,87422,2915,2664,39,2703,31
2021-01-09,Merced,047,269075,22696,21357,516,21873,237
2021-01-09,Modoc,049,8938,292,271,80,351,0
2021-01-09,Mono,051,14174,1036,964,12,976,3
2021-01-09,Monterey,053,433212,33972,31948,954,32902,235
2021-01-09,Napa,055,140530,7226,6594,26,6620,36
2021-01-09,Nevada,057,99092,3191,2932,116,3048,17
2021-01-09,Orange,059,3164182,203906,191004,8207,199211,2034
2021-01-09,Placer,061,380077,17275,15609,793,16402,162
2021-01-09,Plumas,063,18699,551,477,9,486,2
2021-01-09,Riverside,065,2383286,233053,216076,10918,226994,2201
2021-01-09,Sacramento,067,1510023,77276,74482,837,75319,953
2021-01-09,San Benito,069,59416,4616,4335,44,4379,34
2021-01-09,San Bernardino,071,2135413,245397,228857,6923,235780,1714
2021-01-09,San Diego,073,3302833,207490,188598,9526,198124,1824
2021-01-09,San Francisco,075,870044,27996,26708,356,27064,235
2021-01-09,San Joaquin,077,732212,54895,51927,2127,54054,724
2021-01-09,San Luis Obispo,079,281455,14934,13647,354,14001,121
2021-01-09,San Mateo,081,765935,31536,28512,169,28681,205
2021-01-09,Santa Barbara,083,443738,23880,20971,685,21656,197
2021-01-09,Santa Clara,085,1922200,88526,82269,369,82638,808
2021-01-09,Santa Cruz,087,273765,12186,10717,507,11224,107
2021-01-09,Shasta,089,179085,9413,8893,906,9799,81
2021-01-09,Sierra,091,2930,38,32,6,38,0
2021-01-09,Siskiyou,093,43540,1187,1062,155,1217,3
2021-01-09,Solano,095,438530,23989,22226,255,22481,101
2021-01-09,Sonoma,097,501317,22799,21393,120,21513,202
2021-01-09,Stanislaus,099,539301,41000,38403,3964,42367,567
2021-01-09,Sutter,101,95872,7437,7072,55,7127,69
2021-01-09,Tehama,103,63373,3663,3451,371,3822,15
2021-01-09,Trinity,105,12862,438,252,62,314,2
2021-01-09,Tulare,107,460477,40276,37684,5060,42744,496
2021-01-09,Tuolumne,109,53932,3219,3117,24,3141,26
2021-01-09,Ventura,111,848112,56827,51988,1980,53968,306
2021-01-09,Yolo,113,214977,10375,9524,97,9621,129
2021-01-09,Yuba,115,75493,4545,4265,46,4311,27
2021-01-08,Alameda,001,1643700,63720,59172,1317,60489,646
2021-01-08,Alpine,003,1148,73,70,0,70,0
2021-01-08,Amador,005,37829,2951,2792,24,2816,24
2021-01-08,Butte,007,227075,9316,8430,1177,9607,115
2021-01-08,Calaveras,009,45235,1460,1385,7,1392,21
2021-01-08,Colusa,011,21464,1525,1448,142,1590,7
2021-01-08,Contra Costa,013,1133247,49406,45667,783,46450,381
2021-01-08,Del Norte,015,27424,839,795,2,797,2
2021-01-08,El Dorado,017,186661,7525,6690,438,7128,36
2021-01-08,Fresno,019,978130,80640,73689,5892,79581,771
2021-01-08,Glenn,021,27897,1859,1680,349,2029,9
2021-01-08,Humboldt,023,135768,2172,1988,7,1995,22
2021-01-08,Imperial,025,180216,25023,23751,1970,25721,446
2021-01-08,Inyo,027,18085,861,682,8,690,24
2021-01-08,Kern,029,883053,77637,71978,6679,78657,674
2021-01-08,Kings,031,150075,18544,17441,702,18143,108
2021-01-08,Lake,033,64148,2370,2098,0,2098,26
2021-01-08,Lassen,035,31185,4690,4598,66,4664,1
2021-01-08,Los Angeles,037,10098052,960261,871188,29955,901143,11796
2021-01-08,Madera,039,155013,12840,11846,589,12435,85
2021-01-08,Marin,041,260295,11084,10531,113,10644,153
2021-01-08,Mariposa,043,17540,315,273,2,275,3
2021-01-08,Mendocino,045,87422,2896,2634,36,2670,31
2021-01-08,Merced,047,269075,22501,20862,510,21372,236
2021-01-08,Modoc,049,8938,292,266,80,346,0
2021-01-08,Mono,051,14174,1026,951,12,963,3
2021-01-08,Monterey,053,433212,33713,31543,944,32487,224
2021-01-08,Napa,055,140530,7156,6544,26,6570,32
2021-01-08,Nevada,057,99092,3169,2888,116,3004,17
2021-01-08,Orange,059,3164182,201912,186608,8120,194728,1991
2021-01-08,Placer,061,380077,17147,15401,786,16187,161
2021-01-08,Plumas,063,18699,545,465,9,474,2
2021-01-08,Riverside,065,2383286,230669,212122,10788,222910,2184
2021-01-08,Sacramento,067,1510023,76695,73245,831,74076,939
2021-01-08,San Benito,069,59416,4579,4225,43,4268,33
2021-01-08,San Bernardino,071,2135413,243511,224267,6852,231119,1703
2021-01-08,San Diego,073,3302833,204955,185060,9432,194492,1771
2021-01-08,San Francisco,075,870044,27747,26378,332,26710,207
2021-01-08,San Joaquin,077,732212,54559,50990,2097,53087,710
2021-01-08,San Luis Obispo,079,281455,14800,13286,342,13628,119
2021-01-08,San Mateo,081,765935,31187,28072,166,28238,204
2021-01-08,Santa Barbara,083,443738,23602,20461,676,21137,189
2021-01-08,Santa Clara,085,1922200,87504,80561,366,80927,789
2021-01-08,Santa Cruz,087,273765,12046,10486,498,10984,106
2021-01-08,Shasta,089,179085,9363,8772,891,9663,81
2021-01-08,Sierra,091,2930,38,31,6,37,0
2021-01-08,Siskiyou,093,43540,1184,1027,154,1181,3
2021-01-08,Solano,095,438530,23818,21832,252,22084,100
2021-01-08,Sonoma,097,501317,22659,21178,120,21298,201
2021-01-08,Stanislaus,099,539301,40704,37858,3927,41785,566
2021-01-08,Sutter,101,95872,7387,6982,55,7037,68
2021-01-08,Tehama,103,63373,3640,3406,366,3772,15
2021-01-08,Trinity,105,12862,438,247,62,309,2
2021-01-08,Tulare,107,460477,40004,36946,4958,41904,491
2021-01-08,Tuolumne,109,53932,3210,3099,24,3123,19
2021-01-08,Ventura,111,848112,55961,50553,1956,52509,294
2021-01-08,Yolo,113,214977,10286,9391,93,9484,129
2021-01-08,Yuba,115,75493,4503,4195,45,4240,26
2021-01-07,Alameda,001,1643700,62846,57921,1289,59210,632
2021-01-07,Alpine,003,1148,71,70,0,70,0
2021-01-07,Amador,005,37829,2938,2740,23,2763,24
2021-01-07,Butte,007,227075,9219,8278,1150,9428,112
2021-01-07,Calaveras,009,45235,1443,1342,6,1348,21
2021-01-07,Colusa,011,21464,1513,1420,135,1555,7
2021-01-07,Contra Costa,013,1133247,48625,44756,766,45522,376
2021-01-07,Del Norte,015,27424,837,791,2,793,2
2021-01-07,El Dorado,017,186661,7424,6545,426,6971,36
2021-01-07,Fresno,019,978130,79683,72557,5792,78349,765
2021-01-07,Glenn,021,27897,1843,1639,340,1979,9
2021-01-07,Humboldt,023,135768,2145,1954,7,1961,22
2021-01-07,Imperial,025,180216,24830,23608,1917,25525,431
2021-01-07,Inyo,027,18085,848,656,8,664,20
2021-01-07,Kern,029,883053,76782,70953,6527,77480,660
2021-01-07,Kings,031,150075,18416,17238,693,17931,108
2021-01-07,Lake,033,64148,2315,2054,0,2054,26
2021-01-07,Lassen,035,31185,4685,4581,64,4645,1
2021-01-07,Los Angeles,037,10098052,945389,853187,29408,882595,11480
2021-01-07,Madera,039,155013,12683,11644,578,12222,76
2021-01-07,Marin,041,260295,10993,10364,111,10475,153
2021-01-07,Mariposa,043,17540,313,264,2,266,3
2021-01-07,Mendocino,045,87422,2841,2585,32,2617,30
2021-01-07,Merced,047,269075,22180,20510,495,21005,234
2021-01-07,Modoc,049,8938,292,265,80,345,0
2021-01-07,Mono,051,14174,1015,905,12,917,3
2021-01-07,Monterey,053,433212,33188,30903,921,31824,222
2021-01-07,Napa,055,140530,7046,6408,26,6434,32
2021-01-07,Nevada,057,99092,3135,2847,111,2958,17
2021-01-07,Orange,059,3164182,199071,181922,8022,189944,1974
2021-01-07,Placer,061,380077,16970,15155,757,15912,144
2021-01-07,Plumas,063,18699,543,454,9,463,2
2021-01-07,Riverside,065,2383286,227281,208177,10632,218809,2156
2021-01-07,Sacramento,067,1510023,75791,72342,810,73152,919
2021-01-07,San Benito,069,59416,4517,4112,39,4151,33
2021-01-07,San Bernardino,071,2135413,239974,219691,6771,226462,1666
2021-01-07,San Diego,073,3302833,201649,180510,9253,189763,1738
2021-01-07,San Francisco,075,870044,27414,25885,317,26202,202
2021-01-07,San Joaquin,077,732212,53875,50156,2066,52222,689
2021-01-07,San Luis Obispo,079,281455,14561,12810,329,13139,118
2021-01-07,San Mateo,081,765935,30677,27494,162,27656,201
2021-01-07,Santa Barbara,083,443738,23183,19931,663,20594,187
2021-01-07,Santa Clara,085,1922200,86287,78808,362,79170,775
2021-01-07,Santa Cruz,087,273765,11837,10228,491,10719,104
2021-01-07,Shasta,089,179085,9276,8612,883,9495,81
2021-01-07,Sierra,091,2930,38,31,6,37,0
2021-01-07,Siskiyou,093,43540,1179,1010,152,1162,3
2021-01-07,Solano,095,438530,23426,21384,248,21632,100
2021-01-07,Sonoma,097,501317,22396,20857,119,20976,200
2021-01-07,Stanislaus,099,539301,40276,37296,3874,41170,553
2021-01-07,Sutter,101,95872,7327,6890,54,6944,65
2021-01-07,Tehama,103,63373,3616,3330,359,3689,15
2021-01-07,Trinity,105,12862,438,247,62,309,2
2021-01-07,Tulare,107,460477,39603,36397,4821,41218,482
2021-01-07,Tuolumne,109,53932,3190,3068,23,3091,14
2021-01-07,Ventura,111,848112,54800,49083,1928,51011,288
2021-01-07,Yolo,113,214977,10148,9207,91,9298,128
2021-01-07,Yuba,115,75493,4461,4128,45,4173,25
2021-01-06,Alameda,001,1643700,61994,57081,1259,58340,616
2021-01-06,Alpine,003,1148,71,70,0,70,0
2021-01-06,Amador,005,37829,2917,2717,22,2739,24
2021-01-06,Butte,007,227075,9106,8147,1132,9279,110
2021-01-06,Calaveras,009,45235,1419,1321,6,1327,21
2021-01-06,Colusa,011,21464,1492,1385,130,1515,7
2021-01-06,Contra Costa,013,1133247,47820,44054,749,44803,358
2021-01-06,Del Norte,015,27424,831,780,2,782,2
2021-01-06,El Dorado,017,186661,7312,6397,413,6810,35
2021-01-06,Fresno,019,978130,78841,71404,5688,77092,752
2021-01-06,Glenn,021,27897,1818,1622,335,1957,9
2021-01-06,Humboldt,023,135768,2119,1912,7,1919,22
2021-01-06,Imperial,025,180216,24580,23400,1875,25275,431
2021-01-06,Inyo,027,18085,832,630,8,638,20
2021-01-06,Kern,029,883053,75838,69893,6396,76289,646
2021-01-06,Kings,031,150075,18218,17019,673,17692,108
2021-01-06,Lake,033,64148,2278,2033,0,2033,26
2021-01-06,Lassen,035,31185,4673,4560,60,4620,1
2021-01-06,Los Angeles,037,10098052,929464,835052,28709,863761,11285
2021-01-06,Madera,039,155013,12547,11407,572,11979,67
2021-01-06,Marin,041,260295,10865,10282,110,10392,153
2021-01-06,Mariposa,043,17540,310,259,2,261,3
2021-01-06,Mendocino,045,87422,2811,2561,32,2593,30
2021-01-06,Merced,047,269075,21842,20258,480,20738,232
2021-01-06,Modoc,049,8938,292,263,80,343,0
2021-01-06,Mono,051,14174,984,905,12,917,3
2021-01-06,Monterey,053,433212,32593,30387,888,31275,222
2021-01-06,Napa,055,140530,6916,6342,26,6368,32
2021-01-06,Nevada,057,99092,3115,2805,110,2915,15
2021-01-06,Orange,059,3164182,195618,177686,7880,185566,1935
2021-01-06,Placer,061,380077,16783,14940,739,15679,134
2021-01-06,Plumas,063,18699,535,445,9,454,2
2021-01-06,Riverside,065,2383286,223297,203714,10447,214161,2121
2021-01-06,Sacramento,067,1510023,74769,71572,793,72365,909
2021-01-06,San Benito,069,59416,4440,4031,38,4069,32
2021-01-06,San Bernardino,071,2135413,236252,215286,6664,221950,1634
2021-01-06,San Diego,073,3302833,198151,176660,9083,185743,1691
2021-01-06,San Francisco,075,870044,27043,25424,309,25733,199
2021-01-06,San Joaquin,077,732212,53116,49286,2024,51310,673
2021-01-06,San Luis Obispo,079,281455,14168,12305,322,12627,115
2021-01-06,San Mateo,081,765935,30253,27050,159,27209,200
2021-01-06,Santa Barbara,083,443738,22701,19453,653,20106,177
2021-01-06,Santa Clara,085,1922200,84880,77485,355,77840,746
2021-01-06,Santa Cruz,087,273765,11617,9954,473,10427,97
2021-01-06,Shasta,089,179085,9205,8482,876,9358,78
2021-01-06,Sierra,091,2930,37,31,6,37,0
2021-01-06,Siskiyou,093,43540,1167,998,148,1146,3
2021-01-06,Solano,095,438530,23040,21102,245,21347,99
2021-01-06,Sonoma,097,501317,22091,20558,119,20677,196
2021-01-06,Stanislaus,099,539301,39679,36751,3812,40563,553
2021-01-06,Sutter,101,95872,7245,6839,53,6892,59
2021-01-06,Tehama,103,63373,3588,3306,353,3659,15
2021-01-06,Trinity,105,12862,438,246,62,308,2
2021-01-06,Tulare,107,460477,39047,35882,4722,40604,465
2021-01-06,Tuolumne,109,53932,3170,3008,23,3031,14
2021-01-06,Ventura,111,848112,53555,47428,1904,49332,280
2021-01-06,Yolo,113,214977,9986,9083,88,9171,127
2021-01-06,Yuba,115,75493,4412,4097,45,4142,25
2021-01-05,Alameda,001,1643700,60873,56432,1224,57656,602
2021-01-05,Alpine,003,1148,71,70,0,70,0
2021-01-05,Amador,005,37829,2877,2695,22,2717,24
2021-01-05,Butte,007,227075,8966,8008,1106,9114,107
2021-01-05,Calaveras,009,45235,1373,1292,6,1298,21
2021-01-05,Colusa,011,21464,1467,1376,124,1500,7
2021-01-05,Contra Costa,013,1133247,46939,43442,738,44180,353
2021-01-05,Del Norte,015,27424,824,770,2,772,2
2021-01-05,El Dorado,017,186661,7194,6270,392,6662,32
2021-01-05,Fresno,019,978130,77618,70971,5595,76566,741
2021-01-05,Glenn,021,27897,1793,1608,323,1931,9
2021-01-05,Humboldt,023,135768,2083,1884,7,1891,22
2021-01-05,Imperial,025,180216,24407,23165,1831,24996,421
2021-01-05,Inyo,027,18085,818,627,8,635,20
2021-01-05,Kern,029,883053,74761,68257,6256,74513,624
2021-01-05,Kings,031,150075,18019,16860,650,17510,108
2021-01-05,Lake,033,64148,2231,2015,0,2015,25
2021-01-05,Lassen,035,31185,4659,4554,56,4610,1
2021-01-05,Los Angeles,037,10098052,910762,823783,28034,851817,11028
2021-01-05,Madera,039,155013,12371,11359,559,11918,67
2021-01-05,Marin,041,260295,10712,10214,108,10322,151
2021-01-05,Mariposa,043,17540,304,257,2,259,3
2021-01-05,Mendocino,045,87422,2775,2501,32,2533,30
2021-01-05,Merced,047,269075,21490,20051,469,20520,230
2021-01-05,Modoc,049,8938,292,254,80,334,0
2021-01-05,Mono,051,14174,978,896,12,908,3
2021-01-05,Monterey,053,433212,32021,30045,854,30899,213
2021-01-05,Napa,055,140530,6829,6264,26,6290,29
2021-01-05,Nevada,057,99092,3087,2781,108,2889,15
2021-01-05,Orange,059,3164182,191977,174869,7684,182553,1918
2021-01-05,Placer,061,380077,16560,14723,716,15439,133
2021-01-05,Plumas,063,18699,528,428,9,437,2
2021-01-05,Riverside,065,2383286,219220,200439,10275,210714,2069
2021-01-05,Sacramento,067,1510023,73842,70677,767,71444,888
2021-01-05,San Benito,069,59416,4338,3961,36,3997,28
2021-01-05,San Bernardino,071,2135413,232315,212522,6550,219072,1615
2021-01-05,San Diego,073,3302833,194011,172845,8870,181715,1654
2021-01-05,San Francisco,075,870044,26679,24989,291,25280,196
2021-01-05,San Joaquin,077,732212,52239,48969,1976,50945,663
2021-01-05,San Luis Obispo,079,281455,13768,12027,312,12339,106
2021-01-05,San Mateo,081,765935,29768,26486,157,26643,198
2021-01-05,Santa Barbara,083,443738,22267,19063,642,19705,172
2021-01-05,Santa Clara,085,1922200,83344,76355,342,76697,729
2021-01-05,Santa Cruz,087,273765,11344,9753,449,10202,93
2021-01-05,Shasta,089,179085,9098,8345,857,9202,73
2021-01-05,Sierra,091,2930,37,31,6,37,0
2021-01-05,Siskiyou,093,43540,1155,985,146,1131,3
2021-01-05,Solano,095,438530,22633,20860,240,21100,97
2021-01-05,Sonoma,097,501317,21726,20247,118,20365,194
2021-01-05,Stanislaus,099,539301,39135,36363,3764,40127,553
2021-01-05,Sutter,101,95872,7147,6769,52,6821,59
2021-01-05,Tehama,103,63373,3531,3255,348,3603,9
2021-01-05,Trinity,105,12862,438,246,62,308,2
2021-01-05,Tulare,107,460477,38425,35585,4576,40161,455
2021-01-05,Tuolumne,109,53932,3146,2996,18,3014,13
2021-01-05,Ventura,111,848112,52308,46456,1882,48338,264
2021-01-05,Yolo,113,214977,9810,8980,87,9067,127
2021-01-05,Yuba,115,75493,4353,4053,44,4097,21
2021-01-04,Alameda,001,1643700,59634,55899,1192,57091,583
2021-01-04,Alpine,003,1148,71,68,0,68,0
2021-01-04,Amador,005,37829,2837,2596,22,2618,24
2021-01-04,Butte,007,227075,8807,7893,1082,8975,105
2021-01-04,Calaveras,009,45235,1332,1276,5,1281,21
2021-01-04,Colusa,011,21464,1442,1368,110,1478,7
2021-01-04,Contra Costa,013,1133247,46089,43019,713,43732,353
2021-01-04,Del Norte,015,27424,815,770,2,772,2
2021-01-04,El Dorado,017,186661,7061,6152,376,6528,27
2021-01-04,Fresno,019,978130,76349,69871,5498,75369,726
2021-01-04,Glenn,021,27897,1762,1590,315,1905,9
2021-01-04,Humboldt,023,135768,2047,1845,7,1852,22
2021-01-04,Imperial,025,180216,24253,23035,1777,24812,420
2021-01-04,Inyo,027,18085,791,623,8,631,20
2021-01-04,Kern,029,883053,73675,67418,6058,73476,623
2021-01-04,Kings,031,150075,17742,16801,625,17426,108
2021-01-04,Lake,033,64148,2190,1984,0,1984,25
2021-01-04,Lassen,035,31185,4637,4550,55,4605,1
2021-01-04,Los Angeles,037,10098052,890682,813022,27158,840180,10790
2021-01-04,Madera,039,155013,12151,11204,537,11741,67
2021-01-04,Marin,041,260295,10576,10115,105,10220,151
2021-01-04,Mariposa,043,17540,298,253,2,255,3
2021-01-04,Mendocino,045,87422,2735,2460,28,2488,28
2021-01-04,Merced,047,269075,21075,19804,450,20254,230
2021-01-04,Modoc,049,8938,276,250,78,328,0
2021-01-04,Mono,051,14174,967,895,12,907,3
2021-01-04,Monterey,053,433212,31379,29659,831,30490,212
2021-01-04,Napa,055,140530,6688,6187,26,6213,29
2021-01-04,Nevada,057,99092,3049,2765,104,2869,15
2021-01-04,Orange,059,3164182,188090,172458,7556,180014,1918
2021-01-04,Placer,061,380077,16302,14622,703,15325,133
2021-01-04,Plumas,063,18699,518,419,9,428,1
2021-01-04,Riverside,065,2383286,214720,196809,10084,206893,2066
2021-01-04,Sacramento,067,1510023,72780,70164,755,70919,870
2021-01-04,San Benito,069,59416,4226,3914,36,3950,28
2021-01-04,San Bernardino,071,2135413,228087,210868,6399,217267,1615
2021-01-04,San Diego,073,3302833,189437,171031,8674,179705,1598
2021-01-04,San Francisco,075,870044,26296,24753,285,25038,191
2021-01-04,San Joaquin,077,732212,51338,48644,1935,50579,661
2021-01-04,San Luis Obispo,079,281455,13281,11945,304,12249,96
2021-01-04,San Mateo,081,765935,29205,26150,152,26302,198
2021-01-04,Santa Barbara,083,443738,21750,18735,611,19346,165
2021-01-04,Santa Clara,085,1922200,81597,75297,334,75631,727
2021-01-04,Santa Cruz,087,273765,11057,9680,432,10112,85
2021-01-04,Shasta,089,179085,8993,8224,840,9064,72
2021-01-04,Sierra,091,2930,36,30,6,36,0
2021-01-04,Siskiyou,093,43540,1138,980,143,1123,3
2021-01-04,Solano,095,438530,22130,20588,233,20821,97
2021-01-04,Sonoma,097,501317,21382,20210,116,20326,194
2021-01-04,Stanislaus,099,539301,38571,36141,3709,39850,553
2021-01-04,Sutter,101,95872,7049,6712,51,6763,56
2021-01-04,Tehama,103,63373,3457,3190,343,3533,9
2021-01-04,Trinity,105,12862,435,245,62,307,2
2021-01-04,Tulare,107,460477,37865,35060,4474,39534,455
2021-01-04,Tuolumne,109,53932,3121,2987,18,3005,13
2021-01-04,Ventura,111,848112,50807,45014,1862,46876,255
2021-01-04,Yolo,113,214977,9613,8834,81,8915,121
2021-01-04,Yuba,115,75493,4295,4023,44,4067,21
2021-01-03,Alameda,001,1643700,58381,55082,1163,56245,580
2021-01-03,Alpine,003,1148,69,68,0,68,0
2021-01-03,Amador,005,37829,2773,2565,22,2587,24
2021-01-03,Butte,007,227075,8615,7837,1029,8866,105
2021-01-03,Calaveras,009,45235,1295,1249,3,1252,21
2021-01-03,Colusa,011,21464,1413,1337,104,1441,7
2021-01-03,Contra Costa,013,1133247,45200,42432,689,43121,352
2021-01-03,Del Norte,015,27424,802,768,2,770,2
2021-01-03,El Dorado,017,186661,6933,6034,359,6393,27
2021-01-03,Fresno,019,978130,75198,69326,5377,74703,719
2021-01-03,Glenn,021,27897,1736,1581,305,1886,9
2021-01-03,Humboldt,023,135768,2010,1833,7,1840,21
2021-01-03,Imperial,025,180216,23993,22951,1699,24650,419
2021-01-03,Inyo,027,18085,774,615,8,623,20
2021-01-03,Kern,029,883053,72417,66895,5879,72774,609
2021-01-03,Kings,031,150075,17466,16593,594,17187,108
2021-01-03,Lake,033,64148,2137,1976,0,1976,24
2021-01-03,Lassen,035,31185,4604,4531,54,4585,1
2021-01-03,Los Angeles,037,10098052,868714,792168,26087,818255,10633
2021-01-03,Madera,039,155013,11929,11152,514,11666,67
2021-01-03,Marin,041,260295,10427,10034,100,10134,150
2021-01-03,Mariposa,043,17540,291,248,2,250,3
2021-01-03,Mendocino,045,87422,2695,2445,27,2472,24
2021-01-03,Merced,047,269075,20607,19600,424,20024,230
2021-01-03,Modoc,049,8938,272,245,77,322,0
2021-01-03,Mono,051,14174,942,893,12,905,3
2021-01-03,Monterey,053,433212,30785,29357,798,30155,191
2021-01-03,Napa,055,140530,6587,6094,26,6120,29
2021-01-03,Nevada,057,99092,2988,2742,101,2843,15
2021-01-03,Orange,059,3164182,183907,169881,7363,177244,1919
2021-01-03,Placer,061,380077,16053,14319,679,14998,133
2021-01-03,Plumas,063,18699,505,416,9,425,1
2021-01-03,Riverside,065,2383286,209882,195048,9838,204886,2005
2021-01-03,Sacramento,067,1510023,71573,68558,734,69292,859
2021-01-03,San Benito,069,59416,4129,3882,35,3917,28
2021-01-03,San Bernardino,071,2135413,222828,208294,6226,214520,1592
2021-01-03,San Diego,073,3302833,184179,168018,8447,176465,1592
2021-01-03,San Francisco,075,870044,25799,24588,268,24856,193
2021-01-03,San Joaquin,077,732212,50213,47899,1877,49776,661
2021-01-03,San Luis Obispo,079,281455,12811,11636,295,11931,95
2021-01-03,San Mateo,081,765935,28611,25770,145,25915,196
2021-01-03,Santa Barbara,083,443738,21032,18267,594,18861,164
2021-01-03,Santa Clara,085,1922200,80046,74534,328,74862,720
2021-01-03,Santa Cruz,087,273765,10753,9528,415,9943,84
2021-01-03,Shasta,089,179085,8866,8192,800,8992,72
2021-01-03,Sierra,091,2930,36,30,6,36,0
2021-01-03,Siskiyou,093,43540,1105,976,134,1110,3
2021-01-03,Solano,095,438530,21598,20105,227,20332,97
2021-01-03,Sonoma,097,501317,20990,19982,112,20094,193
2021-01-03,Stanislaus,099,539301,37882,35762,3627,39389,553
2021-01-03,Sutter,101,95872,6952,6664,50,6714,53
2021-01-03,Tehama,103,63373,3399,3176,335,3511,9
2021-01-03,Trinity,105,12862,430,243,59,302,2
2021-01-03,Tulare,107,460477,37303,34747,4324,39071,455
2021-01-03,Tuolumne,109,53932,3060,2978,15,2993,13
2021-01-03,Ventura,111,848112,48984,43748,1844,45592,254
2021-01-03,Yolo,113,214977,9455,8674,77,8751,121
2021-01-03,Yuba,115,75493,4241,3966,43,4009,20
2021-01-02,Alameda,001,1643700,57753,54518,1134,55652,581
2021-01-02,Alpine,003,1148,69,68,0,68,0
2021-01-02,Amador,005,37829,2754,2540,22,2562,24
2021-01-02,Butte,007,227075,8508,7750,1009,8759,105
2021-01-02,Calaveras,009,45235,1275,1230,3,1233,21
2021-01-02,Colusa,011,21464,1403,1332,103,1435,7
2021-01-02,Contra Costa,013,1133247,44678,41993,678,42671,352
2021-01-02,Del Norte,015,27424,800,764,2,766,2
2021-01-02,El Dorado,017,186661,6878,5959,355,6314,27
2021-01-02,Fresno,019,978130,74655,68740,5267,74007,717
2021-01-02,Glenn,021,27897,1721,1546,303,1849,9
2021-01-02,Humboldt,023,135768,1983,1815,7,1822,21
2021-01-02,Imperial,025,180216,23912,22867,1662,24529,420
2021-01-02,Inyo,027,18085,761,609,8,617,20
2021-01-02,Kern,029,883053,71698,66457,5767,72224,610
2021-01-02,Kings,031,150075,17372,16515,590,17105,108
2021-01-02,Lake,033,64148,2099,1925,0,1925,24
2021-01-02,Lassen,035,31185,4593,4457,53,4510,1
2021-01-02,Los Angeles,037,10098052,860369,791892,25386,817278,10633
2021-01-02,Madera,039,155013,11818,11039,503,11542,67
2021-01-02,Marin,041,260295,10381,9924,96,10020,151
2021-01-02,Mariposa,043,17540,284,243,2,245,3
2021-01-02,Mendocino,045,87422,2652,2428,26,2454,24
2021-01-02,Merced,047,269075,20465,19395,408,19803,230
2021-01-02,Modoc,049,8938,271,245,77,322,0
2021-01-02,Mono,051,14174,932,884,12,896,3
2021-01-02,Monterey,053,433212,30579,28991,787,29778,191
2021-01-02,Napa,055,140530,6528,5994,26,6020,29
2021-01-02,Nevada,057,99092,2959,2706,97,2803,15
2021-01-02,Orange,059,3164182,181704,168457,7214,175671,1918
2021-01-02,Placer,061,380077,15880,14182,670,14852,133
2021-01-02,Plumas,063,18699,502,413,9,422,1
2021-01-02,Riverside,065,2383286,207264,192069,9614,201683,2008
2021-01-02,Sacramento,067,1510023,70933,67810,717,68527,858
2021-01-02,San Benito,069,59416,4047,3829,35,3864,28
2021-01-02,San Bernardino,071,2135413,221208,206939,6101,213040,1597
2021-01-02,San Diego,073,3302833,181582,164498,8252,172750,1592
2021-01-02,San Francisco,075,870044,25540,24414,261,24675,194
2021-01-02,San Joaquin,077,732212,49835,47310,1847,49157,662
2021-01-02,San Luis Obispo,079,281455,12675,11467,289,11756,95
2021-01-02,San Mateo,081,765935,28275,25483,137,25620,196
2021-01-02,Santa Barbara,083,443738,20747,18135,591,18726,164
2021-01-02,Santa Clara,085,1922200,78883,73662,321,73983,720
2021-01-02,Santa Cruz,087,273765,10598,9340,406,9746,85
2021-01-02,Shasta,089,179085,8799,8154,789,8943,72
2021-01-02,Sierra,091,2930,36,28,6,34,0
2021-01-02,Siskiyou,093,43540,1094,949,132,1081,3
2021-01-02,Solano,095,438530,21402,19805,217,20022,97
2021-01-02,Sonoma,097,501317,20824,19761,112,19873,194
2021-01-02,Stanislaus,099,539301,37565,35431,3562,38993,553
2021-01-02,Sutter,101,95872,6899,6621,50,6671,53
2021-01-02,Tehama,103,63373,3374,3146,331,3477,9
2021-01-02,Trinity,105,12862,427,243,59,302,2
2021-01-02,Tulare,107,460477,36986,34479,4250,38729,455
2021-01-02,Tuolumne,109,53932,3046,2942,13,2955,13
2021-01-02,Ventura,111,848112,47831,43397,1809,45206,254
2021-01-02,Yolo,113,214977,9360,8571,75,8646,122
2021-01-02,Yuba,115,75493,4202,3930,42,3972,21
2021-01-01,Alameda,001,1643700,57093,53518,1115,54633,579
2021-01-01,Alpine,003,1148,69,68,0,68,0
2021-01-01,Amador,005,37829,2728,2513,20,2533,24
2021-01-01,Butte,007,227075,8407,7589,984,8573,105
2021-01-01,Calaveras,009,45235,1260,1186,3,1189,21
2021-01-01,Colusa,011,21464,1394,1314,101,1415,7
2021-01-01,Contra Costa,013,1133247,44195,41412,659,42071,351
2021-01-01,Del Norte,015,27424,794,758,2,760,2
2021-01-01,El Dorado,017,186661,6786,5832,347,6179,27
2021-01-01,Fresno,019,978130,73582,67484,5182,72666,717
2021-01-01,Glenn,021,27897,1705,1520,300,1820,9
2021-01-01,Humboldt,023,135768,1944,1783,7,1790,21
2021-01-01,Imperial,025,180216,23826,22715,1610,24325,418
2021-01-01,Inyo,027,18085,737,606,8,614,20
2021-01-01,Kern,029,883053,70872,65571,5658,71229,609
2021-01-01,Kings,031,150075,17189,16358,583,16941,108
2021-01-01,Lake,033,64148,2067,1888,0,1888,24
2021-01-01,Lassen,035,31185,4587,4377,53,4430,1
2021-01-01,Los Angeles,037,10098052,846206,775578,24684,800262,10515
2021-01-01,Madera,039,155013,11658,10752,494,11246,66
2021-01-01,Marin,041,260295,10275,9821,95,9916,148
2021-01-01,Mariposa,043,17540,276,236,2,238,3
2021-01-01,Mendocino,045,87422,2598,2400,26,2426,24
2021-01-01,Merced,047,269075,20281,19118,392,19510,229
2021-01-01,Modoc,049,8938,271,241,77,318,0
2021-01-01,Mono,051,14174,914,884,12,896,3
2021-01-01,Monterey,053,433212,30347,28465,779,29244,191
2021-01-01,Napa,055,140530,6442,5899,26,5925,28
2021-01-01,Nevada,057,99092,2935,2663,97,2760,15
2021-01-01,Orange,059,3164182,178909,165440,7070,172510,1893
2021-01-01,Placer,061,380077,15690,13987,654,14641,133
2021-01-01,Plumas,063,18699,497,412,9,421,1
2021-01-01,Riverside,065,2383286,204107,188674,9358,198032,1990
2021-01-01,Sacramento,067,1510023,70335,66956,699,67655,848
2021-01-01,San Benito,069,59416,4009,3773,35,3808,28
2021-01-01,San Bernardino,071,2135413,218401,203651,5969,209620,1590
2021-01-01,San Diego,073,3302833,178509,160071,8074,168145,1592
2021-01-01,San Francisco,075,870044,25264,24145,250,24395,187
2021-01-01,San Joaquin,077,732212,49548,46640,1801,48441,657
2021-01-01,San Luis Obispo,079,281455,12447,11160,281,11441,94
2021-01-01,San Mateo,081,765935,27827,25041,133,25174,194
2021-01-01,Santa Barbara,083,443738,20428,17759,580,18339,164
2021-01-01,Santa Clara,085,1922200,77622,71904,316,72220,680
2021-01-01,Santa Cruz,087,273765,10418,9146,396,9542,84
2021-01-01,Shasta,089,179085,8718,8102,772,8874,72
2021-01-01,Sierra,091,2930,36,26,6,32,0
2021-01-01,Siskiyou,093,43540,1080,944,127,1071,3
2021-01-01,Solano,095,438530,21190,19393,215,19608,97
2021-01-01,Sonoma,097,501317,20634,19513,112,19625,189
2021-01-01,Stanislaus,099,539301,37286,34978,3495,38473,553
2021-01-01,Sutter,101,95872,6842,6553,49,6602,52
2021-01-01,Tehama,103,63373,3316,3079,324,3403,9
2021-01-01,Trinity,105,12862,427,243,59,302,2
2021-01-01,Tulare,107,460477,36582,33994,4156,38150,454
2021-01-01,Tuolumne,109,53932,3030,2909,13,2922,13
2021-01-01,Ventura,111,848112,46338,42026,1781,43807,253
2021-01-01,Yolo,113,214977,9250,8461,72,8533,120
2021-01-01,Yuba,115,75493,4148,3845,41,3886,19
2020-12-31,Alameda,001,1643700,56552,52475,1080,53555,579
2020-12-31,Alpine,003,1148,69,66,0,66,0
2020-12-31,Amador,005,37829,2714,2493,20,2513,24
2020-12-31,Butte,007,227075,8333,7405,965,8370,105
2020-12-31,Calaveras,009,45235,1249,1161,3,1164,21
2020-12-31,Colusa,011,21464,1386,1301,98,1399,7
2020-12-31,Contra Costa,013,1133247,43818,40512,644,41156,336
2020-12-31,Del Norte,015,27424,793,748,2,750,2
2020-12-31,El Dorado,017,186661,6734,5662,338,6000,26
2020-12-31,Fresno,019,978130,73149,66442,5120,71562,711
2020-12-31,Glenn,021,27897,1685,1484,295,1779,9
2020-12-31,Humboldt,023,135768,1927,1713,7,1720,21
2020-12-31,Imperial,025,180216,23762,22494,1594,24088,417
2020-12-31,Inyo,027,18085,729,591,8,599,20
2020-12-31,Kern,029,883053,70402,64904,5566,70470,609
2020-12-31,Kings,031,150075,17114,16077,575,16652,108
2020-12-31,Lake,033,64148,2055,1848,0,1848,23
2020-12-31,Lassen,035,31185,4581,4340,52,4392,1
2020-12-31,Los Angeles,037,10098052,840892,755844,24215,780059,10320
2020-12-31,Madera,039,155013,11585,10609,485,11094,64
2020-12-31,Marin,041,260295,10232,9731,93,9824,148
2020-12-31,Mariposa,043,17540,274,217,2,219,3
2020-12-31,Mendocino,045,87422,2583,2367,22,2389,24
2020-12-31,Merced,047,269075,20191,18808,382,19190,226
2020-12-31,Modoc,049,8938,271,238,77,315,0
2020-12-31,Mono,051,14174,906,868,12,880,3
2020-12-31,Monterey,053,433212,30144,27720,767,28487,188
2020-12-31,Napa,055,140530,6379,5801,26,5827,28
2020-12-31,Nevada,057,99092,2912,2619,95,2714,15
2020-12-31,Orange,059,3164182,177028,161586,6937,168523,1866
2020-12-31,Placer,061,380077,15533,13708,651,14359,126
2020-12-31,Plumas,063,18699,492,401,8,409,1
2020-12-31,Riverside,065,2383286,202461,184193,9226,193419,1958
2020-12-31,Sacramento,067,1510023,69815,65817,688,66505,830
2020-12-31,San Benito,069,59416,3986,3673,35,3708,28
2020-12-31,San Bernardino,071,2135413,216819,199115,5900,205015,1586
2020-12-31,San Diego,073,3302833,176745,155593,7976,163569,1534
2020-12-31,San Francisco,075,870044,25036,23740,242,23982,183
2020-12-31,San Joaquin,077,732212,49237,45764,1763,47527,646
2020-12-31,San Luis Obispo,079,281455,12333,10846,281,11127,89
2020-12-31,San Mateo,081,765935,27498,24570,127,24697,192
2020-12-31,Santa Barbara,083,443738,20185,17434,573,18007,161
2020-12-31,Santa Clara,085,1922200,76839,70032,310,70342,665
2020-12-31,Santa Cruz,087,273765,10300,8909,384,9293,84
2020-12-31,Shasta,089,179085,8652,7996,762,8758,69
2020-12-31,Sierra,091,2930,36,26,6,32,0
2020-12-31,Siskiyou,093,43540,1064,940,124,1064,3
2020-12-31,Solano,095,438530,20961,18942,214,19156,97
2020-12-31,Sonoma,097,501317,20518,19129,111,19240,188
2020-12-31,Stanislaus,099,539301,36987,34398,3442,37840,552
2020-12-31,Sutter,101,95872,6811,6432,49,6481,51
2020-12-31,Tehama,103,63373,3284,3036,323,3359,9
2020-12-31,Trinity,105,12862,426,241,59,300,2
2020-12-31,Tulare,107,460477,36414,33412,4094,37506,446
2020-12-31,Tuolumne,109,53932,3021,2902,13,2915,12
2020-12-31,Ventura,111,848112,45828,40854,1764,42618,251
2020-12-31,Yolo,113,214977,9165,8295,71,8366,117
2020-12-31,Yuba,115,75493,4107,3799,40,3839,18
2020-12-30,Alameda,001,1643700,55788,50158,1029,51187,573
2020-12-30,Alpine,003,1148,69,66,0,66,0
2020-12-30,Amador,005,37829,2694,2418,19,2437,24
2020-12-30,Butte,007,227075,8172,7140,948,8088,103
2020-12-30,Calaveras,009,45235,1224,1135,3,1138,21
2020-12-30,Colusa,011,21464,1370,1289,92,1381,7
2020-12-30,Contra Costa,013,1133247,43235,39601,632,40233,337
2020-12-30,Del Norte,015,27424,788,726,2,728,2
2020-12-30,El Dorado,017,186661,6633,5595,328,5923,27
2020-12-30,Fresno,019,978130,72302,65566,4962,70528,711
2020-12-30,Glenn,021,27897,1656,1471,282,1753,9
2020-12-30,Humboldt,023,135768,1893,1654,7,1661,22
2020-12-30,Imperial,025,180216,23595,22098,1518,23616,412
2020-12-30,Inyo,027,18085,722,572,8,580,20
2020-12-30,Kern,029,883053,69674,63292,5422,68714,604
2020-12-30,Kings,031,150075,16995,15862,567,16429,108
2020-12-30,Lake,033,64148,2032,1731,0,1731,23
2020-12-30,Lassen,035,31185,4572,4300,52,4352,1
2020-12-30,Los Angeles,037,10098052,830013,741907,23515,765422,10046
2020-12-30,Madera,039,155013,11475,10249,474,10723,65
2020-12-30,Marin,041,260295,10142,9569,86,9655,148
2020-12-30,Mariposa,043,17540,270,214,2,216,3
2020-12-30,Mendocino,045,87422,2565,2291,19,2310,24
2020-12-30,Merced,047,269075,19900,18519,372,18891,225
2020-12-30,Modoc,049,8938,268,234,77,311,0
2020-12-30,Mono,051,14174,903,868,12,880,3
2020-12-30,Monterey,053,433212,29527,26977,746,27723,186
2020-12-30,Napa,055,140530,6273,5754,26,5780,28
2020-12-30,Nevada,057,99092,2877,2595,93,2688,15
2020-12-30,Orange,059,3164182,174371,153951,6747,160698,1863
2020-12-30,Placer,061,380077,15305,13540,639,14179,127
2020-12-30,Plumas,063,18699,487,397,8,405,1
2020-12-30,Riverside,065,2383286,199513,176402,9042,185444,1919
2020-12-30,Sacramento,067,1510023,68951,64119,670,64789,847
2020-12-30,San Benito,069,59416,3905,3464,31,3495,29
2020-12-30,San Bernardino,071,2135413,214253,192648,5814,198462,1591
2020-12-30,San Diego,073,3302833,173112,152510,7801,160311,1472
2020-12-30,San Francisco,075,870044,24743,23099,237,23336,182
2020-12-30,San Joaquin,077,732212,48546,44465,1721,46186,634
2020-12-30,San Luis Obispo,079,281455,12065,10542,273,10815,89
2020-12-30,San Mateo,081,765935,27069,24150,123,24273,190
2020-12-30,Santa Barbara,083,443738,19793,16895,550,17445,161
2020-12-30,Santa Clara,085,1922200,75579,67218,306,67524,661
2020-12-30,Santa Cruz,087,273765,10104,8787,375,9162,86
2020-12-30,Shasta,089,179085,8539,7818,748,8566,69
2020-12-30,Sierra,091,2930,36,25,6,31,0
2020-12-30,Siskiyou,093,43540,1057,913,115,1028,3
2020-12-30,Solano,095,438530,20569,18300,211,18511,96
2020-12-30,Sonoma,097,501317,20260,18947,111,19058,191
2020-12-30,Stanislaus,099,539301,36509,33730,3368,37098,526
2020-12-30,Sutter,101,95872,6748,6328,47,6375,51
2020-12-30,Tehama,103,63373,3240,2969,319,3288,9
2020-12-30,Trinity,105,12862,425,231,58,289,2
2020-12-30,Tulare,107,460477,35863,32413,4029,36442,430
2020-12-30,Tuolumne,109,53932,3010,2772,11,2783,12
2020-12-30,Ventura,111,848112,44540,39039,1740,40779,251
2020-12-30,Yolo,113,214977,9057,8067,69,8136,117
2020-12-30,Yuba,115,75493,4036,3612,40,3652,18
2020-12-29,Alameda,001,1643700,54727,50946,994,51940,552
2020-12-29,Alpine,003,1148,69,65,0,65,0
2020-12-29,Amador,005,37829,2642,2388,18,2406,23
2020-12-29,Butte,007,227075,7999,7178,926,8104,98
2020-12-29,Calaveras,009,45235,1179,1111,2,1113,21
2020-12-29,Colusa,011,21464,1349,1272,87,1359,7
2020-12-29,Contra Costa,013,1133247,42431,39225,601,39826,325
2020-12-29,Del Norte,015,27424,781,724,2,726,2
2020-12-29,El Dorado,017,186661,6504,5551,315,5866,22
2020-12-29,Fresno,019,978130,70925,65149,4806,69955,688
2020-12-29,Glenn,021,27897,1622,1454,275,1729,9
2020-12-29,Humboldt,023,135768,1847,1616,7,1623,19
2020-12-29,Imperial,025,180216,23384,22105,1432,23537,407
2020-12-29,Inyo,027,18085,705,571,8,579,19
2020-12-29,Kern,029,883053,68508,63096,5250,68346,589
2020-12-29,Kings,031,150075,16826,15777,555,16332,108
2020-12-29,Lake,033,64148,2000,1805,0,1805,22
2020-12-29,Lassen,035,31185,4557,4288,52,4340,1
2020-12-29,Los Angeles,037,10098052,809845,731907,22648,754555,9786
2020-12-29,Madera,039,155013,11162,10251,459,10710,64
2020-12-29,Marin,041,260295,9991,9595,83,9678,146
2020-12-29,Mariposa,043,17540,262,212,2,214,3
2020-12-29,Mendocino,045,87422,2522,2249,18,2267,24
2020-12-29,Merced,047,269075,19550,18464,357,18821,221
2020-12-29,Modoc,049,8938,265,232,77,309,0
2020-12-29,Mono,051,14174,894,868,12,880,3
2020-12-29,Monterey,053,433212,28887,26894,719,27613,185
2020-12-29,Napa,055,140530,6153,5663,26,5689,28
2020-12-29,Nevada,057,99092,2829,2550,92,2642,15
2020-12-29,Orange,059,3164182,170576,154411,6579,160990,1839
2020-12-29,Placer,061,380077,15093,13392,617,14009,126
2020-12-29,Plumas,063,18699,478,395,8,403,1
2020-12-29,Riverside,065,2383286,194909,177624,8788,186412,1904
2020-12-29,Sacramento,067,1510023,67905,65078,656,65734,820
2020-12-29,San Benito,069,59416,3786,3474,30,3504,25
2020-12-29,San Bernardino,071,2135413,209434,190476,5676,196152,1557
2020-12-29,San Diego,073,3302833,168889,150062,7570,157632,1435
2020-12-29,San Francisco,075,870044,24403,22996,229,23225,178
2020-12-29,San Joaquin,077,732212,47624,44699,1666,46365,622
2020-12-29,San Luis Obispo,079,281455,11770,10387,265,10652,80
2020-12-29,San Mateo,081,765935,26526,23773,111,23884,189
2020-12-29,Santa Barbara,083,443738,19332,16797,524,17321,155
2020-12-29,Santa Clara,085,1922200,74029,67581,303,67884,621
2020-12-29,Santa Cruz,087,273765,9834,8492,366,8858,84
2020-12-29,Shasta,089,179085,8434,7782,733,8515,65
2020-12-29,Sierra,091,2930,34,24,5,29,0
2020-12-29,Siskiyou,093,43540,1042,926,113,1039,3
2020-12-29,Solano,095,438530,20187,18412,206,18618,96
2020-12-29,Sonoma,097,501317,19924,18790,109,18899,187
2020-12-29,Stanislaus,099,539301,36007,33775,3305,37080,508
2020-12-29,Sutter,101,95872,6680,6302,47,6349,50
2020-12-29,Tehama,103,63373,3171,2962,305,3267,9
2020-12-29,Trinity,105,12862,424,241,58,299,2
2020-12-29,Tulare,107,460477,35203,32545,3896,36441,419
2020-12-29,Tuolumne,109,53932,2969,2797,11,2808,12
2020-12-29,Ventura,111,848112,43286,38669,1714,40383,235
2020-12-29,Yolo,113,214977,8928,8124,67,8191,111
2020-12-29,Yuba,115,75493,3954,3723,40,3763,18
2020-12-28,Alameda,001,1643700,53691,50405,973,51378,551
2020-12-28,Alpine,003,1148,68,65,0,65,0
2020-12-28,Amador,005,37829,2572,2255,18,2273,23
2020-12-28,Butte,007,227075,7832,7053,896,7949,86
2020-12-28,Calaveras,009,45235,1156,1102,2,1104,21
2020-12-28,Colusa,011,21464,1324,1255,73,1328,7
2020-12-28,Contra Costa,013,1133247,41497,38872,574,39446,324
2020-12-28,Del Norte,015,27424,771,718,2,720,2
2020-12-28,El Dorado,017,186661,6348,5441,303,5744,18
2020-12-28,Fresno,019,978130,69652,64274,4654,68928,679
2020-12-28,Glenn,021,27897,1588,1435,263,1698,9
2020-12-28,Humboldt,023,135768,1812,1579,7,1586,19
2020-12-28,Imperial,025,180216,23125,22003,1358,23361,405
2020-12-28,Inyo,027,18085,698,569,8,577,19
2020-12-28,Kern,029,883053,67440,62392,5049,67441,579
2020-12-28,Kings,031,150075,16609,15733,538,16271,108
2020-12-28,Lake,033,64148,1959,1785,0,1785,22
2020-12-28,Lassen,035,31185,4450,4284,51,4335,1
2020-12-28,Los Angeles,037,10098052,787525,720699,21833,742532,9544
2020-12-28,Madera,039,155013,10988,10123,436,10559,64
2020-12-28,Marin,041,260295,9883,9546,77,9623,145
2020-12-28,Mariposa,043,17540,238,211,2,213,3
2020-12-28,Mendocino,045,87422,2487,2214,18,2232,23
2020-12-28,Merced,047,269075,19230,18245,339,18584,213
2020-12-28,Modoc,049,8938,260,220,76,296,0
2020-12-28,Mono,051,14174,890,848,12,860,3
2020-12-28,Monterey,053,433212,28048,26529,708,27237,182
2020-12-28,Napa,055,140530,6044,5576,26,5602,26
2020-12-28,Nevada,057,99092,2781,2532,88,2620,15
2020-12-28,Orange,059,3164182,166468,152089,6401,158490,1839
2020-12-28,Placer,061,380077,14754,13234,590,13824,126
2020-12-28,Plumas,063,18699,474,391,8,399,0
2020-12-28,Riverside,065,2383286,190012,174029,8496,182525,1855
2020-12-28,Sacramento,067,1510023,66673,64322,631,64953,813
2020-12-28,San Benito,069,59416,3717,3429,29,3458,24
2020-12-28,San Bernardino,071,2135413,204340,188919,5559,194478,1552
2020-12-28,San Diego,073,3302833,164145,147528,7388,154916,1404
2020-12-28,San Francisco,075,870044,24043,22726,223,22949,178
2020-12-28,San Joaquin,077,732212,46691,44172,1634,45806,618
2020-12-28,San Luis Obispo,079,281455,11419,10260,261,10521,76
2020-12-28,San Mateo,081,765935,26052,23467,107,23574,189
2020-12-28,Santa Barbara,083,443738,18872,16579,512,17091,155
2020-12-28,Santa Clara,085,1922200,72544,66418,296,66714,619
2020-12-28,Santa Cruz,087,273765,9566,8310,356,8666,81
2020-12-28,Shasta,089,179085,8315,7688,720,8408,65
2020-12-28,Sierra,091,2930,31,24,5,29,0
2020-12-28,Siskiyou,093,43540,1026,915,108,1023,3
2020-12-28,Solano,095,438530,19615,18171,200,18371,96
2020-12-28,Sonoma,097,501317,19578,18667,107,18774,185
2020-12-28,Stanislaus,099,539301,35459,33473,3241,36714,507
2020-12-28,Sutter,101,95872,6597,6253,47,6300,49
2020-12-28,Tehama,103,63373,3118,2934,296,3230,9
2020-12-28,Trinity,105,12862,422,240,58,298,2
2020-12-28,Tulare,107,460477,34517,32010,3788,35798,404
2020-12-28,Tuolumne,109,53932,2952,2777,11,2788,12
2020-12-28,Ventura,111,848112,41617,37151,1667,38818,230
2020-12-28,Yolo,113,214977,8773,8031,66,8097,111
2020-12-28,Yuba,115,75493,3893,3679,39,3718,18
2020-12-27,Alameda,001,1643700,52448,49764,947,50711,551
2020-12-27,Alpine,003,1148,66,65,0,65,0
2020-12-27,Amador,005,37829,2451,2218,18,2236,23
2020-12-27,Butte,007,227075,7677,7016,860,7876,86
2020-12-27,Calaveras,009,45235,1109,1097,2,1099,21
2020-12-27,Colusa,011,21464,1299,1253,70,1323,7
2020-12-27,Contra Costa,013,1133247,40568,38428,545,38973,324
2020-12-27,Del Norte,015,27424,748,712,2,714,2
2020-12-27,El Dorado,017,186661,6134,5388,280,5668,18
2020-12-27,Fresno,019,978130,68405,63811,4447,68258,679
2020-12-27,Glenn,021,27897,1561,1434,249,1683,9
2020-12-27,Humboldt,023,135768,1768,1575,7,1582,17
2020-12-27,Imperial,025,180216,22829,21934,1245,23179,405
2020-12-27,Inyo,027,18085,676,565,7,572,18
2020-12-27,Kern,029,883053,66163,61914,4882,66796,568
2020-12-27,Kings,031,150075,16373,15593,504,16097,108
2020-12-27,Lake,033,64148,1903,1769,0,1769,22
2020-12-27,Lassen,035,31185,4373,4230,44,4274,1
2020-12-27,Los Angeles,037,10098052,766064,707260,20936,728196,9476
2020-12-27,Madera,039,155013,10730,10005,426,10431,64
2020-12-27,Marin,041,260295,9760,9477,71,9548,144
2020-12-27,Mariposa,043,17540,231,208,2,210,3
2020-12-27,Mendocino,045,87422,2440,2209,18,2227,23
2020-12-27,Merced,047,269075,18862,18075,323,18398,213
2020-12-27,Modoc,049,8938,251,221,72,293,0
2020-12-27,Mono,051,14174,877,849,12,861,3
2020-12-27,Monterey,053,433212,27500,26322,691,27013,181
2020-12-27,Napa,055,140530,5910,5496,26,5522,26
2020-12-27,Nevada,057,99092,2745,2519,88,2607,15
2020-12-27,Orange,059,3164182,162068,149276,6213,155489,1839
2020-12-27,Placer,061,380077,14457,13017,558,13575,126
2020-12-27,Plumas,063,18699,468,390,8,398,0
2020-12-27,Riverside,065,2383286,185097,171995,8190,180185,1836
2020-12-27,Sacramento,067,1510023,65467,63416,608,64024,811
2020-12-27,San Benito,069,59416,3631,3394,29,3423,24
2020-12-27,San Bernardino,071,2135413,199264,186776,5422,192198,1551
2020-12-27,San Diego,073,3302833,159738,145777,7201,152978,1402
2020-12-27,San Francisco,075,870044,23696,22514,214,22728,178
2020-12-27,San Joaquin,077,732212,45655,43529,1584,45113,618
2020-12-27,San Luis Obispo,079,281455,11012,10154,256,10410,76
2020-12-27,San Mateo,081,765935,25486,23136,103,23239,187
2020-12-27,Santa Barbara,083,443738,18352,16364,484,16848,155
2020-12-27,Santa Clara,085,1922200,70922,65288,291,65579,619
2020-12-27,Santa Cruz,087,273765,9300,8234,347,8581,81
2020-12-27,Shasta,089,179085,8191,7671,697,8368,65
2020-12-27,Sierra,091,2930,31,24,4,28,0
2020-12-27,Siskiyou,093,43540,1016,914,103,1017,3
2020-12-27,Solano,095,438530,19120,17840,194,18034,96
2020-12-27,Sonoma,097,501317,19289,18487,106,18593,185
2020-12-27,Stanislaus,099,539301,34856,33076,3147,36223,506
2020-12-27,Sutter,101,95872,6515,6218,45,6263,48
2020-12-27,Tehama,103,63373,3050,2922,279,3201,9
2020-12-27,Trinity,105,12862,415,240,56,296,2
2020-12-27,Tulare,107,460477,33920,31864,3669,35533,400
2020-12-27,Tuolumne,109,53932,2845,2750,9,2759,12
2020-12-27,Ventura,111,848112,40554,36661,1614,38275,230
2020-12-27,Yolo,113,214977,8582,7919,61,7980,111
2020-12-27,Yuba,115,75493,3829,3665,37,3702,18
2020-12-26,Alameda,001,1643700,51837,49084,934,50018,551
2020-12-26,Alpine,003,1148,66,65,0,65,0
2020-12-26,Amador,005,37829,2437,2189,18,2207,23
2020-12-26,Butte,007,227075,7582,6968,838,7806,86
2020-12-26,Calaveras,009,45235,1103,1084,2,1086,21
2020-12-26,Colusa,011,21464,1289,1240,70,1310,7
2020-12-26,Contra Costa,013,1133247,40104,38008,531,38539,324
2020-12-26,Del Norte,015,27424,742,709,2,711,2
2020-12-26,El Dorado,017,186661,6079,5279,276,5555,18
2020-12-26,Fresno,019,978130,67934,63080,4384,67464,679
2020-12-26,Glenn,021,27897,1540,1413,243,1656,9
2020-12-26,Humboldt,023,135768,1730,1545,7,1552,17
2020-12-26,Imperial,025,180216,22738,21734,1193,22927,405
2020-12-26,Inyo,027,18085,663,554,7,561,18
2020-12-26,Kern,029,883053,65491,61174,4729,65903,564
2020-12-26,Kings,031,150075,16255,15517,499,16016,108
2020-12-26,Lake,033,64148,1861,1710,0,1710,22
2020-12-26,Lassen,035,31185,4352,3981,44,4025,1
2020-12-26,Los Angeles,037,10098052,757535,694149,20426,714575,9424
2020-12-26,Madera,039,155013,10653,9908,414,10322,64
2020-12-26,Marin,041,260295,9725,9413,70,9483,143
2020-12-26,Mariposa,043,17540,230,206,2,208,3
2020-12-26,Mendocino,045,87422,2394,2194,18,2212,23
2020-12-26,Merced,047,269075,18704,17890,318,18208,213
2020-12-26,Modoc,049,8938,248,222,72,294,0
2020-12-26,Mono,051,14174,871,850,12,862,3
2020-12-26,Monterey,053,433212,27367,26010,682,26692,182
2020-12-26,Napa,055,140530,5852,5427,26,5453,26
2020-12-26,Nevada,057,99092,2717,2480,88,2568,15
2020-12-26,Orange,059,3164182,159863,147304,6120,153424,1838
2020-12-26,Placer,061,380077,14287,12816,543,13359,122
2020-12-26,Plumas,063,18699,465,381,8,389,0
2020-12-26,Riverside,065,2383286,182609,169360,8030,177390,1834
2020-12-26,Sacramento,067,1510023,64844,62435,598,63033,807
2020-12-26,San Benito,069,59416,3558,3330,29,3359,24
2020-12-26,San Bernardino,071,2135413,197598,185111,5340,190451,1551
2020-12-26,San Diego,073,3302833,157213,142644,7054,149698,1402
2020-12-26,San Francisco,075,870044,23461,22319,214,22533,177
2020-12-26,San Joaquin,077,732212,45268,42887,1535,44422,618
2020-12-26,San Luis Obispo,079,281455,10925,9945,251,10196,76
2020-12-26,San Mateo,081,765935,25147,22908,98,23006,187
2020-12-26,Santa Barbara,083,443738,18115,16159,478,16637,155
2020-12-26,Santa Clara,085,1922200,69852,64185,289,64474,618
2020-12-26,Santa Cruz,087,273765,9174,8113,338,8451,81
2020-12-26,Shasta,089,179085,8132,7641,684,8325,65
2020-12-26,Sierra,091,2930,31,24,4,28,0
2020-12-26,Siskiyou,093,43540,1009,909,99,1008,2
2020-12-26,Solano,095,438530,18875,17528,194,17722,96
2020-12-26,Sonoma,097,501317,19089,18261,104,18365,184
2020-12-26,Stanislaus,099,539301,34566,32678,3096,35774,505
2020-12-26,Sutter,101,95872,6456,6121,45,6166,48
2020-12-26,Tehama,103,63373,3023,2884,274,3158,9
2020-12-26,Trinity,105,12862,413,237,55,292,2
2020-12-26,Tulare,107,460477,33619,31665,3614,35279,398
2020-12-26,Tuolumne,109,53932,2834,2703,9,2712,12
2020-12-26,Ventura,111,848112,39589,36064,1583,37647,230
2020-12-26,Yolo,113,214977,8480,7785,59,7844,111
2020-12-26,Yuba,115,75493,3801,3599,37,3636,18
2020-12-25,Alameda,001,1643700,51273,48365,919,49284,542
2020-12-25,Alpine,003,1148,66,64,0,64,0
2020-12-25,Amador,005,37829,2394,2172,18,2190,23
2020-12-25,Butte,007,227075,7482,6873,820,7693,85
2020-12-25,Calaveras,009,45235,1100,1062,2,1064,21
2020-12-25,Colusa,011,21464,1277,1219,69,1288,7
2020-12-25,Contra Costa,013,1133247,39637,37480,505,37985,324
2020-12-25,Del Norte,015,27424,739,692,2,694,2
2020-12-25,El Dorado,017,186661,6014,5170,263,5433,16
2020-12-25,Fresno,019,978130,67069,62251,4301,66552,679
2020-12-25,Glenn,021,27897,1524,1390,236,1626,9
2020-12-25,Humboldt,023,135768,1690,1532,7,1539,16
2020-12-25,Imperial,025,180216,22644,21646,1182,22828,405
2020-12-25,Inyo,027,18085,654,546,7,553,18
2020-12-25,Kern,029,883053,64763,60417,4581,64998,562
2020-12-25,Kings,031,150075,16144,15460,495,15955,108
2020-12-25,Lake,033,64148,1842,1669,0,1669,20
2020-12-25,Lassen,035,31185,4337,3926,44,3970,1
2020-12-25,Los Angeles,037,10098052,743903,665600,19743,685343,9292
2020-12-25,Madera,039,155013,10485,9770,407,10177,64
2020-12-25,Marin,041,260295,9675,9375,67,9442,143
2020-12-25,Mariposa,043,17540,224,203,2,205,3
2020-12-25,Mendocino,045,87422,2352,2176,18,2194,23
2020-12-25,Merced,047,269075,18543,17726,311,18037,213
2020-12-25,Modoc,049,8938,247,221,72,293,0
2020-12-25,Mono,051,14174,869,843,12,855,3
2020-12-25,Monterey,053,433212,27093,25788,673,26461,182
2020-12-25,Napa,055,140530,5772,5351,26,5377,26
2020-12-25,Nevada,057,99092,2691,2458,86,2544,15
2020-12-25,Orange,059,3164182,157182,144542,5928,150470,1814
2020-12-25,Placer,061,380077,14102,12660,521,13181,122
2020-12-25,Plumas,063,18699,458,381,8,389,0
2020-12-25,Riverside,065,2383286,179325,166690,7713,174403,1825
2020-12-25,Sacramento,067,1510023,64153,61630,571,62201,796
2020-12-25,San Benito,069,59416,3518,3281,27,3308,24
2020-12-25,San Bernardino,071,2135413,194964,181812,5224,187036,1546
2020-12-25,San Diego,073,3302833,154733,139958,6876,146834,1402
2020-12-25,San Francisco,075,870044,23185,22130,209,22339,175
2020-12-25,San Joaquin,077,732212,44962,42089,1480,43569,614
2020-12-25,San Luis Obispo,079,281455,10742,9749,244,9993,76
2020-12-25,San Mateo,081,765935,24824,22568,96,22664,187
2020-12-25,Santa Barbara,083,443738,17890,15936,471,16407,155
2020-12-25,Santa Clara,085,1922200,68742,63173,280,63453,612
2020-12-25,Santa Cruz,087,273765,9031,8018,316,8334,81
2020-12-25,Shasta,089,179085,8059,7612,661,8273,65
2020-12-25,Sierra,091,2930,31,24,3,27,0
2020-12-25,Siskiyou,093,43540,1003,905,96,1001,2
2020-12-25,Solano,095,438530,18703,17280,192,17472,96
2020-12-25,Sonoma,097,501317,18913,18035,102,18137,184
2020-12-25,Stanislaus,099,539301,34273,32290,3049,35339,498
2020-12-25,Sutter,101,95872,6397,6051,44,6095,47
2020-12-25,Tehama,103,63373,2974,2839,261,3100,9
2020-12-25,Trinity,105,12862,409,236,55,291,2
2020-12-25,Tulare,107,460477,33231,31323,3548,34871,398
2020-12-25,Tuolumne,109,53932,2815,2674,9,2683,12
2020-12-25,Ventura,111,848112,38434,35514,1535,37049,230
2020-12-25,Yolo,113,214977,8383,7700,57,7757,111
2020-12-25,Yuba,115,75493,3765,3549,36,3585,17
2020-12-24,Alameda,001,1643700,50933,47527,900,48427,541
2020-12-24,Alpine,003,1148,66,64,0,64,0
2020-12-24,Amador,005,37829,2382,2145,18,2163,23
2020-12-24,Butte,007,227075,7443,6716,806,7522,84
2020-12-24,Calaveras,009,45235,1097,1032,2,1034,21
2020-12-24,Colusa,011,21464,1272,1188,68,1256,7
2020-12-24,Contra Costa,013,1133247,39392,36623,494,37117,311
2020-12-24,Del Norte,015,27424,739,678,2,680,2
2020-12-24,El Dorado,017,186661,5988,5042,255,5297,16
2020-12-24,Fresno,019,978130,66846,61435,4287,65722,663
2020-12-24,Glenn,021,27897,1513,1363,228,1591,9
2020-12-24,Humboldt,023,135768,1667,1516,7,1523,16
2020-12-24,Imperial,025,180216,22595,21545,1173,22718,402
2020-12-24,Inyo,027,18085,652,532,7,539,17
2020-12-24,Kern,029,883053,64476,59601,4568,64169,556
2020-12-24,Kings,031,150075,16104,15211,494,15705,108
2020-12-24,Lake,033,64148,1827,1629,0,1629,20
2020-12-24,Lassen,035,31185,4324,3894,44,3938,1
2020-12-24,Los Angeles,037,10098052,739750,664840,19482,684322,9288
2020-12-24,Madera,039,155013,10445,9547,400,9947,63
2020-12-24,Marin,041,260295,9641,9287,67,9354,143
2020-12-24,Mariposa,043,17540,220,197,2,199,3
2020-12-24,Mendocino,045,87422,2341,2150,18,2168,23
2020-12-24,Merced,047,269075,18472,17485,307,17792,212
2020-12-24,Modoc,049,8938,247,220,71,291,0
2020-12-24,Mono,051,14174,867,817,12,829,3
2020-12-24,Monterey,053,433212,26985,25131,666,25797,180
2020-12-24,Napa,055,140530,5717,5265,26,5291,26
2020-12-24,Nevada,057,99092,2667,2429,86,2515,15
2020-12-24,Orange,059,3164182,155703,141205,5877,147082,1775
2020-12-24,Placer,061,380077,14013,12457,514,12971,121
2020-12-24,Plumas,063,18699,455,376,8,384,0
2020-12-24,Riverside,065,2383286,178393,162435,7674,170109,1816
2020-12-24,Sacramento,067,1510023,63879,60596,569,61165,788
2020-12-24,San Benito,069,59416,3487,3183,27,3210,24
2020-12-24,San Bernardino,071,2135413,193928,176866,5190,182056,1533
2020-12-24,San Diego,073,3302833,153649,136952,6844,143796,1382
2020-12-24,San Francisco,075,870044,23017,21830,206,22036,175
2020-12-24,San Joaquin,077,732212,44798,41324,1462,42786,611
2020-12-24,San Luis Obispo,079,281455,10674,9504,242,9746,77
2020-12-24,San Mateo,081,765935,24627,22093,96,22189,186
2020-12-24,Santa Barbara,083,443738,17785,15644,463,16107,153
2020-12-24,Santa Clara,085,1922200,68136,61742,273,62015,591
2020-12-24,Santa Cruz,087,273765,8960,7856,304,8160,82
2020-12-24,Shasta,089,179085,8018,7540,644,8184,65
2020-12-24,Sierra,091,2930,28,23,1,24,0
2020-12-24,Siskiyou,093,43540,998,900,90,990,2
2020-12-24,Solano,095,438530,18562,16872,187,17059,96
2020-12-24,Sonoma,097,501317,18815,17710,102,17812,183
2020-12-24,Stanislaus,099,539301,34078,31848,3024,34872,498
2020-12-24,Sutter,101,95872,6356,5960,43,6003,47
2020-12-24,Tehama,103,63373,2958,2779,260,3039,9
2020-12-24,Trinity,105,12862,408,235,55,290,2
2020-12-24,Tulare,107,460477,33112,30827,3522,34349,390
2020-12-24,Tuolumne,109,53932,2806,2653,9,2662,12
2020-12-24,Ventura,111,848112,38154,34400,1528,35928,224
2020-12-24,Yolo,113,214977,8341,7566,57,7623,113
2020-12-24,Yuba,115,75493,3740,3483,36,3519,16
2020-12-23,Alameda,001,1643700,50361,46753,873,47626,537
2020-12-23,Alpine,003,1148,66,64,0,64,0
2020-12-23,Amador,005,37829,2313,2108,17,2125,23
2020-12-23,Butte,007,227075,7355,6588,780,7368,84
2020-12-23,Calaveras,009,45235,1089,1002,1,1003,21
2020-12-23,Colusa,011,21464,1261,1167,68,1235,7
2020-12-23,Contra Costa,013,1133247,38994,36190,481,36671,311
2020-12-23,Del Norte,015,27424,732,670,2,672,2
2020-12-23,El Dorado,017,186661,5913,4967,247,5214,14
2020-12-23,Fresno,019,978130,66238,60488,4221,64709,654
2020-12-23,Glenn,021,27897,1499,1349,224,1573,9
2020-12-23,Humboldt,023,135768,1642,1458,7,1465,16
2020-12-23,Imperial,025,180216,22500,21323,1144,22467,399
2020-12-23,Inyo,027,18085,640,517,7,524,17
2020-12-23,Kern,029,883053,63959,58656,4474,63130,549
2020-12-23,Kings,031,150075,16026,14923,491,15414,105
2020-12-23,Lake,033,64148,1813,1595,0,1595,20
2020-12-23,Lassen,035,31185,4314,3865,41,3906,1
2020-12-23,Los Angeles,037,10098052,730720,651958,18948,670906,9146
2020-12-23,Madera,039,155013,10286,9371,386,9757,63
2020-12-23,Marin,041,260295,9583,9199,64,9263,142
2020-12-23,Mariposa,043,17540,218,194,2,196,3
2020-12-23,Mendocino,045,87422,2329,2121,18,2139,23
2020-12-23,Merced,047,269075,18316,17250,300,17550,203
2020-12-23,Modoc,049,8938,243,197,70,267,0
2020-12-23,Mono,051,14174,864,814,12,826,3
2020-12-23,Monterey,053,433212,26687,24856,660,25516,176
2020-12-23,Napa,055,140530,5649,5172,26,5198,25
2020-12-23,Nevada,057,99092,2622,2406,85,2491,15
2020-12-23,Orange,059,3164182,153251,138050,5710,143760,1771
2020-12-23,Placer,061,380077,13803,12213,506,12719,111
2020-12-23,Plumas,063,18699,448,369,8,377,0
2020-12-23,Riverside,065,2383286,176122,158110,7516,165626,1790
2020-12-23,Sacramento,067,1510023,63231,59661,555,60216,779
2020-12-23,San Benito,069,59416,3433,3073,25,3098,24
2020-12-23,San Bernardino,071,2135413,191892,172888,5121,178009,1509
2020-12-23,San Diego,073,3302833,151223,134695,6707,141402,1350
2020-12-23,San Francisco,075,870044,22794,21498,203,21701,174
2020-12-23,San Joaquin,077,732212,44273,35664,1419,37083,602
2020-12-23,San Luis Obispo,079,281455,10532,9267,237,9504,74
2020-12-23,San Mateo,081,765935,24325,21780,94,21874,186
2020-12-23,Santa Barbara,083,443738,17575,15399,436,15835,152
2020-12-23,Santa Clara,085,1922200,67226,60455,268,60723,579
2020-12-23,Santa Cruz,087,273765,8800,7637,286,7923,75
2020-12-23,Shasta,089,179085,7945,7487,638,8125,66
2020-12-23,Sierra,091,2930,27,23,0,23,0
2020-12-23,Siskiyou,093,43540,977,891,89,980,2
2020-12-23,Solano,095,438530,18354,16626,182,16808,95
2020-12-23,Sonoma,097,501317,18611,17397,102,17499,182
2020-12-23,Stanislaus,099,539301,33735,31492,2971,34463,499
2020-12-23,Sutter,101,95872,6290,5871,43,5914,46
2020-12-23,Tehama,103,63373,2941,2737,256,2993,9
2020-12-23,Trinity,105,12862,408,234,54,288,2
2020-12-23,Tulare,107,460477,32820,30315,3483,33798,385
2020-12-23,Tuolumne,109,53932,2766,2540,9,2549,12
2020-12-23,Ventura,111,848112,37757,33377,1498,34875,216
2020-12-23,Yolo,113,214977,8263,7508,56,7564,112
2020-12-23,Yuba,115,75493,3687,3438,36,3474,14
2020-12-22,Alameda,001,1643700,49476,45751,843,46594,534
2020-12-22,Alpine,003,1148,66,64,0,64,0
2020-12-22,Amador,005,37829,2302,1839,17,1856,23
2020-12-22,Butte,007,227075,7227,6467,765,7232,85
2020-12-22,Calaveras,009,45235,1062,988,0,988,21
2020-12-22,Colusa,011,21464,1238,1150,64,1214,7
2020-12-22,Contra Costa,013,1133247,38367,35681,469,36150,301
2020-12-22,Del Norte,015,27424,725,666,2,668,2
2020-12-22,El Dorado,017,186661,5790,4885,235,5120,12
2020-12-22,Fresno,019,978130,65204,59640,4115,63755,640
2020-12-22,Glenn,021,27897,1476,1337,213,1550,9
2020-12-22,Humboldt,023,135768,1608,1440,7,1447,16
2020-12-22,Imperial,025,180216,22311,21128,1101,22229,398
2020-12-22,Inyo,027,18085,620,506,7,513,17
2020-12-22,Kern,029,883053,63007,57816,4337,62153,547
2020-12-22,Kings,031,150075,15886,14855,485,15340,102
2020-12-22,Lake,033,64148,1789,1569,0,1569,20
2020-12-22,Lassen,035,31185,4172,3848,39,3887,1
2020-12-22,Los Angeles,037,10098052,713483,635931,18257,654188,9013
2020-12-22,Madera,039,155013,10168,9187,370,9557,63
2020-12-22,Marin,041,260295,9519,9115,63,9178,142
2020-12-22,Mariposa,043,17540,215,194,2,196,3
2020-12-22,Mendocino,045,87422,2296,2092,18,2110,23
2020-12-22,Merced,047,269075,18070,17012,295,17307,201
2020-12-22,Modoc,049,8938,235,182,69,251,0
2020-12-22,Mono,051,14174,858,786,12,798,3
2020-12-22,Monterey,053,433212,26021,24152,639,24791,176
2020-12-22,Napa,055,140530,5562,5059,26,5085,23
2020-12-22,Nevada,057,99092,2594,2367,84,2451,14
2020-12-22,Orange,059,3164182,149909,134850,5538,140388,1774
2020-12-22,Placer,061,380077,13559,11943,486,12429,105
2020-12-22,Plumas,063,18699,442,360,8,368,0
2020-12-22,Riverside,065,2383286,172312,155059,7248,162307,1777
2020-12-22,Sacramento,067,1510023,62302,57966,536,58502,772
2020-12-22,San Benito,069,59416,3355,2998,25,3023,24
2020-12-22,San Bernardino,071,2135413,187313,169266,4973,174239,1500
2020-12-22,San Diego,073,3302833,147864,132097,6545,138642,1311
2020-12-22,San Francisco,075,870044,22525,21232,199,21431,174
2020-12-22,San Joaquin,077,732212,43516,39423,1370,40793,592
2020-12-22,San Luis Obispo,079,281455,10187,9174,232,9406,69
2020-12-22,San Mateo,081,765935,23998,21382,78,21460,186
2020-12-22,Santa Barbara,083,443738,17314,15189,426,15615,150
2020-12-22,Santa Clara,085,1922200,66059,59192,261,59453,569
2020-12-22,Santa Cruz,087,273765,8621,7471,260,7731,72
2020-12-22,Shasta,089,179085,7867,7371,621,7992,64
2020-12-22,Sierra,091,2930,27,23,0,23,0
2020-12-22,Siskiyou,093,43540,971,880,88,968,2
2020-12-22,Solano,095,438530,17951,16229,179,16408,95
2020-12-22,Sonoma,097,501317,18293,17216,102,17318,180
2020-12-22,Stanislaus,099,539301,33354,30914,2898,33812,499
2020-12-22,Sutter,101,95872,6229,5791,42,5833,46
2020-12-22,Tehama,103,63373,2891,2688,249,2937,9
2020-12-22,Trinity,105,12862,407,231,54,285,2
2020-12-22,Tulare,107,460477,32355,30025,3415,33440,377
2020-12-22,Tuolumne,109,53932,2711,2526,9,2535,12
2020-12-22,Ventura,111,848112,36992,32488,1455,33943,213
2020-12-22,Yolo,113,214977,8150,7388,55,7443,113
2020-12-22,Yuba,115,75493,3636,3379,36,3415,14
2020-12-21,Alameda,001,1643700,48575,44756,816,45572,518
2020-12-21,Alpine,003,1148,65,64,0,64,0
2020-12-21,Amador,005,37829,2225,1815,17,1832,23
2020-12-21,Butte,007,227075,7072,6335,741,7076,81
2020-12-21,Calaveras,009,45235,1032,963,0,963,21
2020-12-21,Colusa,011,21464,1211,1135,59,1194,7
2020-12-21,Contra Costa,013,1133247,37616,35207,432,35639,300
2020-12-21,Del Norte,015,27424,710,660,2,662,2
2020-12-21,El Dorado,017,186661,5643,4805,222,5027,10
2020-12-21,Fresno,019,978130,64051,58568,3971,62539,634
2020-12-21,Glenn,021,27897,1444,1323,205,1528,9
2020-12-21,Humboldt,023,135768,1584,1419,7,1426,16
2020-12-21,Imperial,025,180216,22042,20994,1057,22051,395
2020-12-21,Inyo,027,18085,599,482,7,489,17
2020-12-21,Kern,029,883053,62116,56836,4200,61036,541
2020-12-21,Kings,031,150075,15636,14760,470,15230,100
2020-12-21,Lake,033,64148,1734,1538,0,1538,20
2020-12-21,Lassen,035,31185,4012,3798,37,3835,1
2020-12-21,Los Angeles,037,10098052,694426,624129,17572,641701,8918
2020-12-21,Madera,039,155013,9974,9069,350,9419,63
2020-12-21,Marin,041,260295,9450,9035,63,9098,142
2020-12-21,Mariposa,043,17540,210,186,2,188,3
2020-12-21,Mendocino,045,87422,2265,2066,18,2084,23
2020-12-21,Merced,047,269075,17821,16710,279,16989,198
2020-12-21,Modoc,049,8938,221,181,68,249,0
2020-12-21,Mono,051,14174,846,781,12,793,3
2020-12-21,Monterey,053,433212,25489,23673,625,24298,174
2020-12-21,Napa,055,140530,5474,4952,26,4978,23
2020-12-21,Nevada,057,99092,2561,2337,84,2421,13
2020-12-21,Orange,059,3164182,146494,130444,5384,135828,1772
2020-12-21,Placer,061,380077,13328,11715,466,12181,105
2020-12-21,Plumas,063,18699,438,353,8,361,0
2020-12-21,Riverside,065,2383286,168088,151713,6921,158634,1743
2020-12-21,Sacramento,067,1510023,61281,57064,518,57582,759
2020-12-21,San Benito,069,59416,3287,2921,25,2946,22
2020-12-21,San Bernardino,071,2135413,182524,165086,4807,169893,1476
2020-12-21,San Diego,073,3302833,144413,129716,6381,136097,1284
2020-12-21,San Francisco,075,870044,22239,21086,197,21283,174
2020-12-21,San Joaquin,077,732212,42720,38811,1318,40129,586
2020-12-21,San Luis Obispo,079,281455,9999,9006,227,9233,64
2020-12-21,San Mateo,081,765935,23593,21035,75,21110,185
2020-12-21,Santa Barbara,083,443738,17043,14988,421,15409,149
2020-12-21,Santa Clara,085,1922200,64865,57699,249,57948,570
2020-12-21,Santa Cruz,087,273765,8409,7315,247,7562,69
2020-12-21,Shasta,089,179085,7802,7299,611,7910,64
2020-12-21,Sierra,091,2930,24,23,0,23,0
2020-12-21,Siskiyou,093,43540,963,878,87,965,2
2020-12-21,Solano,095,438530,17481,15878,174,16052,95
2020-12-21,Sonoma,097,501317,18020,17075,98,17173,176
2020-12-21,Stanislaus,099,539301,32896,30437,2824,33261,499
2020-12-21,Sutter,101,95872,6133,5708,42,5750,46
2020-12-21,Tehama,103,63373,2823,2656,241,2897,9
2020-12-21,Trinity,105,12862,405,226,53,279,2
2020-12-21,Tulare,107,460477,31855,29482,3326,32808,373
2020-12-21,Tuolumne,109,53932,2686,2423,7,2430,12
2020-12-21,Ventura,111,848112,35911,31759,1418,33177,212
2020-12-21,Yolo,113,214977,8005,7266,51,7317,109
2020-12-21,Yuba,115,75493,3577,3329,36,3365,14
2020-12-20,Alameda,001,1643700,47696,44004,793,44797,516
2020-12-20,Alpine,003,1148,65,64,0,64,0
2020-12-20,Amador,005,37829,2167,1771,17,1788,23
2020-12-20,Butte,007,227075,6927,6228,705,6933,81
2020-12-20,Calaveras,009,45235,1008,926,0,926,21
2020-12-20,Colusa,011,21464,1183,1121,52,1173,7
2020-12-20,Contra Costa,013,1133247,37030,34798,415,35213,301
2020-12-20,Del Norte,015,27424,688,652,2,654,2
2020-12-20,El Dorado,017,186661,5518,4697,213,4910,10
2020-12-20,Fresno,019,978130,63060,57616,3833,61449,634
2020-12-20,Glenn,021,27897,1435,1295,198,1493,9
2020-12-20,Humboldt,023,135768,1547,1386,6,1392,15
2020-12-20,Imperial,025,180216,21800,20882,952,21834,395
2020-12-20,Inyo,027,18085,584,476,7,483,17
2020-12-20,Kern,029,883053,61017,55983,4046,60029,540
2020-12-20,Kings,031,150075,15416,14629,453,15082,100
2020-12-20,Lake,033,64148,1688,1463,0,1463,20
2020-12-20,Lassen,035,31185,3958,3669,35,3704,1
2020-12-20,Los Angeles,037,10098052,676375,612975,16829,629804,8862
2020-12-20,Madera,039,155013,9764,8871,341,9212,63
2020-12-20,Marin,041,260295,9352,8948,59,9007,142
2020-12-20,Mariposa,043,17540,209,179,2,181,3
2020-12-20,Mendocino,045,87422,2240,2033,18,2051,23
2020-12-20,Merced,047,269075,17505,16435,272,16707,198
2020-12-20,Modoc,049,8938,221,181,66,247,0
2020-12-20,Mono,051,14174,828,774,12,786,3
2020-12-20,Monterey,053,433212,25011,23250,584,23834,173
2020-12-20,Napa,055,140530,5352,4865,24,4889,23
2020-12-20,Nevada,057,99092,2515,2289,78,2367,13
2020-12-20,Orange,059,3164182,142990,128780,5235,134015,1763
2020-12-20,Placer,061,380077,13102,11496,447,11943,105
2020-12-20,Plumas,063,18699,430,347,8,355,0
2020-12-20,Riverside,065,2383286,163882,148714,6629,155343,1742
2020-12-20,Sacramento,067,1510023,60281,56017,498,56515,755
2020-12-20,San Benito,069,59416,3215,2885,24,2909,21
2020-12-20,San Bernardino,071,2135413,177542,162810,4648,167458,1458
2020-12-20,San Diego,073,3302833,140695,126465,6211,132676,1280
2020-12-20,San Francisco,075,870044,21925,20937,193,21130,174
2020-12-20,San Joaquin,077,732212,41880,38268,1257,39525,587
2020-12-20,San Luis Obispo,079,281455,9706,8881,220,9101,63
2020-12-20,San Mateo,081,765935,23159,20764,71,20835,185
2020-12-20,Santa Barbara,083,443738,16727,14817,401,15218,148
2020-12-20,Santa Clara,085,1922200,63458,56860,243,57103,566
2020-12-20,Santa Cruz,087,273765,8201,7178,234,7412,69
2020-12-20,Shasta,089,179085,7687,7256,597,7853,64
2020-12-20,Sierra,091,2930,24,22,0,22,0
2020-12-20,Siskiyou,093,43540,953,870,86,956,2
2020-12-20,Solano,095,438530,17103,15533,163,15696,95
2020-12-20,Sonoma,097,501317,17745,16802,97,16899,175
2020-12-20,Stanislaus,099,539301,32373,29995,2722,32717,498
2020-12-20,Sutter,101,95872,6046,5601,42,5643,43
2020-12-20,Tehama,103,63373,2773,2602,222,2824,9
2020-12-20,Trinity,105,12862,397,221,52,273,2
2020-12-20,Tulare,107,460477,31337,29078,3230,32308,373
2020-12-20,Tuolumne,109,53932,2574,2152,6,2158,12
2020-12-20,Ventura,111,848112,35208,31335,1385,32720,210
2020-12-20,Yolo,113,214977,7854,7121,48,7169,109
2020-12-20,Yuba,115,75493,3530,3254,34,3288,12
2020-12-19,Alameda,001,1643700,47253,43109,786,43895,516
2020-12-19,Alpine,003,1148,65,64,0,64,0
2020-12-19,Amador,005,37829,2143,1754,17,1771,23
2020-12-19,Butte,007,227075,6827,6118,681,6799,81
2020-12-19,Calaveras,009,45235,991,900,0,900,21
2020-12-19,Colusa,011,21464,1175,1096,50,1146,7
2020-12-19,Contra Costa,013,1133247,36715,34321,401,34722,301
2020-12-19,Del Norte,015,27424,686,641,1,642,2
2020-12-19,El Dorado,017,186661,5451,4588,205,4793,10
2020-12-19,Fresno,019,978130,62737,55428,3764,59192,634
2020-12-19,Glenn,021,27897,1400,1286,197,1483,9
2020-12-19,Humboldt,023,135768,1530,1357,6,1363,15
2020-12-19,Imperial,025,180216,21710,20711,905,21616,395
2020-12-19,Inyo,027,18085,577,475,7,482,17
2020-12-19,Kern,029,883053,60531,55118,3938,59056,540
2020-12-19,Kings,031,150075,15337,14474,451,14925,100
2020-12-19,Lake,033,64148,1653,1438,0,1438,20
2020-12-19,Lassen,035,31185,3930,3595,35,3630,1
2020-12-19,Los Angeles,037,10098052,669307,599888,16295,616183,8804
2020-12-19,Madera,039,155013,9672,8717,329,9046,63
2020-12-19,Marin,041,260295,9313,8864,59,8923,142
2020-12-19,Mariposa,043,17540,207,177,2,179,3
2020-12-19,Mendocino,045,87422,2215,2008,18,2026,23
2020-12-19,Merced,047,269075,17366,16230,264,16494,198
2020-12-19,Modoc,049,8938,218,181,66,247,0
2020-12-19,Mono,051,14174,821,766,12,778,3
2020-12-19,Monterey,053,433212,24900,22799,578,23377,172
2020-12-19,Napa,055,140530,5290,4772,24,4796,23
2020-12-19,Nevada,057,99092,2493,2260,78,2338,13
2020-12-19,Orange,059,3164182,141069,125574,5083,130657,1733
2020-12-19,Placer,061,380077,12947,11246,441,11687,105
2020-12-19,Plumas,063,18699,427,343,8,351,0
2020-12-19,Riverside,065,2383286,161897,146703,6393,153096,1737
2020-12-19,Sacramento,067,1510023,59749,55169,484,55653,746
2020-12-19,San Benito,069,59416,3169,2820,23,2843,21
2020-12-19,San Bernardino,071,2135413,175976,159883,4541,164424,1433
2020-12-19,San Diego,073,3302833,138928,122972,6072,129044,1280
2020-12-19,San Francisco,075,870044,21774,20643,193,20836,174
2020-12-19,San Joaquin,077,732212,41477,37340,1207,38547,586
2020-12-19,San Luis Obispo,079,281455,9635,8788,217,9005,63
2020-12-19,San Mateo,081,765935,22949,20393,64,20457,182
2020-12-19,Santa Barbara,083,443738,16570,14667,394,15061,148
2020-12-19,Santa Clara,085,1922200,62646,55540,239,55779,558
2020-12-19,Santa Cruz,087,273765,8097,7054,229,7283,68
2020-12-19,Shasta,089,179085,7634,7221,585,7806,63
2020-12-19,Sierra,091,2930,24,23,0,23,0
2020-12-19,Siskiyou,093,43540,949,853,85,938,2
2020-12-19,Solano,095,438530,16937,15204,159,15363,95
2020-12-19,Sonoma,097,501317,17637,16553,97,16650,175
2020-12-19,Stanislaus,099,539301,32054,29555,2650,32205,498
2020-12-19,Sutter,101,95872,5989,5506,42,5548,41
2020-12-19,Tehama,103,63373,2722,2574,220,2794,9
2020-12-19,Trinity,105,12862,396,219,52,271,2
2020-12-19,Tulare,107,460477,31115,28734,3164,31898,375
2020-12-19,Tuolumne,109,53932,2561,2107,6,2113,12
2020-12-19,Ventura,111,848112,34927,30843,1355,32198,209
2020-12-19,Yolo,113,214977,7785,7025,47,7072,109
2020-12-19,Yuba,115,75493,3498,3168,34,3202,11
2020-12-18,Alameda,001,1643700,46716,42196,770,42966,515
2020-12-18,Alpine,003,1148,65,64,0,64,0
2020-12-18,Amador,005,37829,2126,1727,15,1742,20
2020-12-18,Butte,007,227075,6742,5891,655,6546,81
2020-12-18,Calaveras,009,45235,981,870,0,870,21
2020-12-18,Colusa,011,21464,1166,1068,50,1118,7
2020-12-18,Contra Costa,013,1133247,36430,33610,389,33999,300
2020-12-18,Del Norte,015,27424,681,627,0,627,2
2020-12-18,El Dorado,017,186661,5389,4494,196,4690,10
2020-12-18,Fresno,019,978130,61910,52643,3700,56343,613
2020-12-18,Glenn,021,27897,1383,1264,192,1456,9
2020-12-18,Humboldt,023,135768,1515,1331,6,1337,15
2020-12-18,Imperial,025,180216,21632,20430,858,21288,393
2020-12-18,Inyo,027,18085,557,454,7,461,17
2020-12-18,Kern,029,883053,59871,54220,3853,58073,533
2020-12-18,Kings,031,150075,15211,14284,445,14729,98
2020-12-18,Lake,033,64148,1642,1397,0,1397,20
2020-12-18,Lassen,035,31185,3922,3486,35,3521,1
2020-12-18,Los Angeles,037,10098052,657181,586413,15796,602209,8744
2020-12-18,Madera,039,155013,9570,8609,324,8933,63
2020-12-18,Marin,041,260295,9229,8799,59,8858,142
2020-12-18,Mariposa,043,17540,204,176,2,178,3
2020-12-18,Mendocino,045,87422,2197,1977,18,1995,24
2020-12-18,Merced,047,269075,17285,15956,261,16217,195
2020-12-18,Modoc,049,8938,218,179,66,245,0
2020-12-18,Mono,051,14174,813,731,12,743,3
2020-12-18,Monterey,053,433212,24608,22336,572,22908,165
2020-12-18,Napa,055,140530,5242,4688,24,4712,23
2020-12-18,Nevada,057,99092,2476,2220,77,2297,13
2020-12-18,Orange,059,3164182,138630,121681,4933,126614,1725
2020-12-18,Placer,061,380077,12776,10995,432,11427,104
2020-12-18,Plumas,063,18699,421,336,8,344,0
2020-12-18,Riverside,065,2383286,159056,142375,6124,148499,1733
2020-12-18,Sacramento,067,1510023,59123,53980,468,54448,736
2020-12-18,San Benito,069,59416,3120,2744,23,2767,21
2020-12-18,San Bernardino,071,2135413,173678,154272,4407,158679,1430
2020-12-18,San Diego,073,3302833,136750,120463,5933,126396,1253
2020-12-18,San Francisco,075,870044,21607,20315,187,20502,173
2020-12-18,San Joaquin,077,732212,41119,36484,1176,37660,559
2020-12-18,San Luis Obispo,079,281455,9536,8598,212,8810,62
2020-12-18,San Mateo,081,765935,22635,19971,60,20031,182
2020-12-18,Santa Barbara,083,443738,16430,14361,381,14742,148
2020-12-18,Santa Clara,085,1922200,61773,53992,230,54222,539
2020-12-18,Santa Cruz,087,273765,7982,6838,221,7059,68
2020-12-18,Shasta,089,179085,7597,7114,574,7688,62
2020-12-18,Sierra,091,2930,24,23,0,23,0
2020-12-18,Siskiyou,093,43540,947,840,85,925,2
2020-12-18,Solano,095,438530,16784,14667,155,14822,95
2020-12-18,Sonoma,097,501317,17517,16261,97,16358,173
2020-12-18,Stanislaus,099,539301,31781,28967,2614,31581,490
2020-12-18,Sutter,101,95872,5905,5399,42,5441,39
2020-12-18,Tehama,103,63373,2706,2523,210,2733,9
2020-12-18,Trinity,105,12862,395,215,52,267,2
2020-12-18,Tulare,107,460477,30837,28322,3085,31407,370
2020-12-18,Tuolumne,109,53932,2550,2067,6,2073,12
2020-12-18,Ventura,111,848112,34423,29907,1312,31219,209
2020-12-18,Yolo,113,214977,7717,6901,46,6947,109
2020-12-18,Yuba,115,75493,3440,3097,34,3131,11
2020-12-17,Alameda,001,1643700,45908,41548,737,42285,508
2020-12-17,Alpine,003,1148,65,64,0,64,0
2020-12-17,Amador,005,37829,2078,1703,13,1716,19
2020-12-17,Butte,007,227075,6616,5746,637,6383,78
2020-12-17,Calaveras,009,45235,958,848,0,848,21
2020-12-17,Colusa,011,21464,1155,1053,48,1101,7
2020-12-17,Contra Costa,013,1133247,35906,33006,356,33362,293
2020-12-17,Del Norte,015,27424,676,583,0,583,1
2020-12-17,El Dorado,017,186661,5244,4327,184,4511,9
2020-12-17,Fresno,019,978130,61048,49918,3574,53492,597
2020-12-17,Glenn,021,27897,1359,1244,185,1429,9
2020-12-17,Humboldt,023,135768,1482,1322,6,1328,14
2020-12-17,Imperial,025,180216,21467,20208,787,20995,391
2020-12-17,Inyo,027,18085,539,450,6,456,16
2020-12-17,Kern,029,883053,58916,53683,3719,57402,526
2020-12-17,Kings,031,150075,15112,14057,430,14487,98
2020-12-17,Lake,033,64148,1617,1374,0,1374,20
2020-12-17,Lassen,035,31185,3886,3417,35,3452,1
2020-12-17,Los Angeles,037,10098052,641544,571093,15244,586337,8657
2020-12-17,Madera,039,155013,9452,8465,320,8785,62
2020-12-17,Marin,041,260295,9171,8721,57,8778,142
2020-12-17,Mariposa,043,17540,200,172,2,174,3
2020-12-17,Mendocino,045,87422,2163,1942,18,1960,23
2020-12-17,Merced,047,269075,17022,15648,253,15901,192
2020-12-17,Modoc,049,8938,215,179,66,245,0
2020-12-17,Mono,051,14174,800,718,12,730,3
2020-12-17,Monterey,053,433212,24089,21951,557,22508,163
2020-12-17,Napa,055,140530,5130,4612,24,4636,23
2020-12-17,Nevada,057,99092,2435,2173,74,2247,13
2020-12-17,Orange,059,3164182,135244,118367,4797,123164,1725
2020-12-17,Placer,061,380077,12501,10756,418,11174,99
2020-12-17,Plumas,063,18699,412,324,8,332,0
2020-12-17,Riverside,065,2383286,155183,139325,5908,145233,1696
2020-12-17,Sacramento,067,1510023,58218,53189,445,53634,721
2020-12-17,San Benito,069,59416,3051,2645,22,2667,20
2020-12-17,San Bernardino,071,2135413,169746,149838,4290,154128,1425
2020-12-17,San Diego,073,3302833,133950,116852,5777,122629,1239
2020-12-17,San Francisco,075,870044,21320,19939,182,20121,170
2020-12-17,San Joaquin,077,732212,40390,35894,1139,37033,554
2020-12-17,San Luis Obispo,079,281455,9416,8365,210,8575,59
2020-12-17,San Mateo,081,765935,22263,19647,60,19707,181
2020-12-17,Santa Barbara,083,443738,16196,14207,374,14581,147
2020-12-17,Santa Clara,085,1922200,60605,52559,224,52783,527
2020-12-17,Santa Cruz,087,273765,7826,6687,207,6894,64
2020-12-17,Shasta,089,179085,7520,7000,555,7555,62
2020-12-17,Sierra,091,2930,23,23,0,23,0
2020-12-17,Siskiyou,093,43540,940,827,84,911,2
2020-12-17,Solano,095,438530,16478,14361,153,14514,96
2020-12-17,Sonoma,097,501317,17245,15993,96,16089,171
2020-12-17,Stanislaus,099,539301,31356,28582,2555,31137,489
2020-12-17,Sutter,101,95872,5806,5309,41,5350,39
2020-12-17,Tehama,103,63373,2658,2480,204,2684,9
2020-12-17,Trinity,105,12862,390,213,52,265,2
2020-12-17,Tulare,107,460477,30443,27852,3006,30858,358
2020-12-17,Tuolumne,109,53932,2239,1992,6,1998,11
2020-12-17,Ventura,111,848112,33813,29404,1275,30679,208
2020-12-17,Yolo,113,214977,7593,6800,45,6845,105
2020-12-17,Yuba,115,75493,3381,3035,32,3067,12
2020-12-16,Alameda,001,1643700,45052,40751,710,41461,497
2020-12-16,Alpine,003,1148,65,64,0,64,0
2020-12-16,Amador,005,37829,2031,1693,12,1705,19
2020-12-16,Butte,007,227075,6427,5659,607,6266,76
2020-12-16,Calaveras,009,45235,923,821,0,821,21
2020-12-16,Colusa,011,21464,1142,1038,43,1081,7
2020-12-16,Contra Costa,013,1133247,35348,32429,336,32765,293
2020-12-16,Del Norte,015,27424,674,575,0,575,1
2020-12-16,El Dorado,017,186661,5123,4237,174,4411,9
2020-12-16,Fresno,019,978130,60090,49173,3476,52649,584
2020-12-16,Glenn,021,27897,1341,1236,174,1410,9
2020-12-16,Humboldt,023,135768,1450,1308,5,1313,12
2020-12-16,Imperial,025,180216,21284,19980,720,20700,388
2020-12-16,Inyo,027,18085,526,444,6,450,16
2020-12-16,Kern,029,883053,58039,52896,3586,56482,522
2020-12-16,Kings,031,150075,14932,13734,413,14147,99
2020-12-16,Lake,033,64148,1577,1363,0,1363,20
2020-12-16,Lassen,035,31185,3853,3396,34,3430,1
2020-12-16,Los Angeles,037,10098052,625036,557907,14564,572471,8561
2020-12-16,Madera,039,155013,9327,8278,312,8590,62
2020-12-16,Marin,041,260295,9101,8641,57,8698,142
2020-12-16,Mariposa,043,17540,197,175,2,177,3
2020-12-16,Mendocino,045,87422,2128,1929,18,1947,23
2020-12-16,Merced,047,269075,16736,15443,249,15692,190
2020-12-16,Modoc,049,8938,212,178,66,244,0
2020-12-16,Mono,051,14174,781,702,12,714,3
2020-12-16,Monterey,053,433212,23532,21107,546,21653,163
2020-12-16,Napa,055,140530,5033,4544,24,4568,23
2020-12-16,Nevada,057,99092,2399,2149,72,2221,13
2020-12-16,Orange,059,3164182,131760,115260,4629,119889,1712
2020-12-16,Placer,061,380077,12264,10554,397,10951,96
2020-12-16,Plumas,063,18699,403,319,8,327,0
2020-12-16,Riverside,065,2383286,151061,135751,5659,141410,1664
2020-12-16,Sacramento,067,1510023,57246,52166,420,52586,715
2020-12-16,San Benito,069,59416,2960,2582,22,2604,20
2020-12-16,San Bernardino,071,2135413,165141,143565,4155,147720,1403
2020-12-16,San Diego,073,3302833,130846,114248,5623,119871,1217
2020-12-16,San Francisco,075,870044,21061,19624,182,19806,170
2020-12-16,San Joaquin,077,732212,39565,35010,1099,36109,547
2020-12-16,San Luis Obispo,079,281455,9221,8252,201,8453,58
2020-12-16,San Mateo,081,765935,21937,19292,56,19348,179
2020-12-16,Santa Barbara,083,443738,15953,13966,362,14328,144
2020-12-16,Santa Clara,085,1922200,59364,51502,221,51723,523
2020-12-16,Santa Cruz,087,273765,7642,6536,195,6731,63
2020-12-16,Shasta,089,179085,7447,6914,533,7447,62
2020-12-16,Sierra,091,2930,23,23,0,23,0
2020-12-16,Siskiyou,093,43540,932,818,84,902,2
2020-12-16,Solano,095,438530,16012,14157,149,14306,96
2020-12-16,Sonoma,097,501317,16989,15768,96,15864,170
2020-12-16,Stanislaus,099,539301,30852,28279,2482,30761,489
2020-12-16,Sutter,101,95872,5726,5223,41,5264,39
2020-12-16,Tehama,103,63373,2627,2441,178,2619,9
2020-12-16,Trinity,105,12862,384,212,52,264,2
2020-12-16,Tulare,107,460477,30021,27500,2906,30406,352
2020-12-16,Tuolumne,109,53932,2193,1941,6,1947,11
2020-12-16,Ventura,111,848112,33039,28566,1232,29798,203
2020-12-16,Yolo,113,214977,7464,6649,44,6693,103
2020-12-16,Yuba,115,75493,3294,2980,31,3011,11
2020-12-15,Alameda,001,1643700,44196,40026,688,40714,492
2020-12-15,Alpine,003,1148,65,64,0,64,0
2020-12-15,Amador,005,37829,1918,1669,10,1679,19
2020-12-15,Butte,007,227075,6289,5565,578,6143,75
2020-12-15,Calaveras,009,45235,891,799,0,799,21
2020-12-15,Colusa,011,21464,1129,1026,42,1068,7
2020-12-15,Contra Costa,013,1133247,34693,31423,322,31745,281
2020-12-15,Del Norte,015,27424,663,564,0,564,1
2020-12-15,El Dorado,017,186661,5015,4113,160,4273,9
2020-12-15,Fresno,019,978130,58716,47316,3342,50658,574
2020-12-15,Glenn,021,27897,1328,1207,157,1364,9
2020-12-15,Humboldt,023,135768,1430,1276,5,1281,12
2020-12-15,Imperial,025,180216,21065,19756,640,20396,380
2020-12-15,Inyo,027,18085,513,394,6,400,16
2020-12-15,Kern,029,883053,57027,52002,3483,55485,511
2020-12-15,Kings,031,150075,14768,13652,394,14046,97
2020-12-15,Lake,033,64148,1552,1341,0,1341,21
2020-12-15,Lassen,035,31185,3681,3378,33,3411,1
2020-12-15,Los Angeles,037,10098052,608682,536258,13929,550187,8429
2020-12-15,Madera,039,155013,9173,8118,305,8423,60
2020-12-15,Marin,041,260295,8995,8528,55,8583,141
2020-12-15,Mariposa,043,17540,193,171,2,173,3
2020-12-15,Mendocino,045,87422,2101,1883,18,1901,24
2020-12-15,Merced,047,269075,16441,15120,246,15366,190
2020-12-15,Modoc,049,8938,210,179,66,245,0
2020-12-15,Mono,051,14174,765,702,12,714,3
2020-12-15,Monterey,053,433212,22933,19905,484,20389,161
2020-12-15,Napa,055,140530,4929,4440,24,4464,23
2020-12-15,Nevada,057,99092,2366,2117,70,2187,11
2020-12-15,Orange,059,3164182,128099,112893,4476,117369,1689
2020-12-15,Placer,061,380077,12029,10301,375,10676,95
2020-12-15,Plumas,063,18699,398,313,8,321,0
2020-12-15,Riverside,065,2383286,147002,131822,5380,137202,1624
2020-12-15,Sacramento,067,1510023,56230,51076,407,51483,703
2020-12-15,San Benito,069,59416,2880,2520,21,2541,19
2020-12-15,San Bernardino,071,2135413,160685,137548,4001,141549,1351
2020-12-15,San Diego,073,3302833,127280,111441,5460,116901,1194
2020-12-15,San Francisco,075,870044,20752,19283,179,19462,171
2020-12-15,San Joaquin,077,732212,38642,33849,1062,34911,537
2020-12-15,San Luis Obispo,079,281455,9112,8074,198,8272,55
2020-12-15,San Mateo,081,765935,21527,18907,54,18961,178
2020-12-15,Santa Barbara,083,443738,15732,13782,354,14136,144
2020-12-15,Santa Clara,085,1922200,57927,50311,218,50529,505
2020-12-15,Santa Cruz,087,273765,7458,6361,180,6541,59
2020-12-15,Shasta,089,179085,7389,6794,508,7302,54
2020-12-15,Sierra,091,2930,23,23,0,23,0
2020-12-15,Siskiyou,093,43540,923,812,83,895,2
2020-12-15,Solano,095,438530,15662,13796,149,13945,95
2020-12-15,Sonoma,097,501317,16768,15406,96,15502,167
2020-12-15,Stanislaus,099,539301,30340,27823,2401,30224,485
2020-12-15,Sutter,101,95872,5628,5080,40,5120,36
2020-12-15,Tehama,103,63373,2590,2392,173,2565,9
2020-12-15,Trinity,105,12862,376,213,50,263,1
2020-12-15,Tulare,107,460477,29532,27026,2816,29842,342
2020-12-15,Tuolumne,109,53932,2162,1874,6,1880,8
2020-12-15,Ventura,111,848112,32417,27936,1185,29121,201
2020-12-15,Yolo,113,214977,7341,6531,42,6573,104
2020-12-15,Yuba,115,75493,3200,2891,30,2921,11
2020-12-14,Alameda,001,1643700,43302,39252,669,39921,487
2020-12-14,Alpine,003,1148,65,63,0,63,0
2020-12-14,Amador,005,37829,1846,1609,10,1619,19
2020-12-14,Butte,007,227075,6121,5202,561,5763,75
2020-12-14,Calaveras,009,45235,853,718,0,718,21
2020-12-14,Colusa,011,21464,1105,949,41,990,7
2020-12-14,Contra Costa,013,1133247,33995,30594,308,30902,281
2020-12-14,Del Norte,015,27424,657,560,0,560,1
2020-12-14,El Dorado,017,186661,4859,4018,144,4162,9
2020-12-14,Fresno,019,978130,57691,44726,3162,47888,560
2020-12-14,Glenn,021,27897,1302,1186,149,1335,9
2020-12-14,Humboldt,023,135768,1417,1256,5,1261,9
2020-12-14,Imperial,025,180216,20827,19608,561,20169,379
2020-12-14,Inyo,027,18085,499,382,6,388,16
2020-12-14,Kern,029,883053,55991,50538,3362,53900,510
2020-12-14,Kings,031,150075,14583,13491,367,13858,97
2020-12-14,Lake,033,64148,1503,1301,0,1301,21
2020-12-14,Lassen,035,31185,3582,2905,30,2935,1
2020-12-14,Los Angeles,037,10098052,591080,524668,13287,537955,8340
2020-12-14,Madera,039,155013,8906,8011,296,8307,60
2020-12-14,Marin,041,260295,8913,8475,53,8528,141
2020-12-14,Mariposa,043,17540,192,171,2,173,3
2020-12-14,Mendocino,045,87422,2080,1845,18,1863,24
2020-12-14,Merced,047,269075,16035,14572,232,14804,189
2020-12-14,Modoc,049,8938,204,180,64,244,0
2020-12-14,Mono,051,14174,757,685,12,697,3
2020-12-14,Monterey,053,433212,22413,19154,478,19632,155
2020-12-14,Napa,055,140530,4836,4289,24,4313,22
2020-12-14,Nevada,057,99092,2327,2070,67,2137,11
2020-12-14,Orange,059,3164182,124208,108602,4340,112942,1688
2020-12-14,Placer,061,380077,11748,9551,364,9915,95
2020-12-14,Plumas,063,18699,386,309,8,317,0
2020-12-14,Riverside,065,2383286,142874,123715,5119,128834,1588
2020-12-14,Sacramento,067,1510023,55121,50304,382,50686,691
2020-12-14,San Benito,069,59416,2814,2467,20,2487,19
2020-12-14,San Bernardino,071,2135413,156243,129151,3873,133024,1347
2020-12-14,San Diego,073,3302833,123544,109578,5275,114853,1162
2020-12-14,San Francisco,075,870044,20376,18904,177,19081,171
2020-12-14,San Joaquin,077,732212,37798,32522,1016,33538,534
2020-12-14,San Luis Obispo,079,281455,8864,7791,194,7985,52
2020-12-14,San Mateo,081,765935,21028,18361,51,18412,178
2020-12-14,Santa Barbara,083,443738,15461,13587,346,13933,144
2020-12-14,Santa Clara,085,1922200,56367,49180,206,49386,502
2020-12-14,Santa Cruz,087,273765,7272,6049,165,6214,54
2020-12-14,Shasta,089,179085,7300,6665,489,7154,54
2020-12-14,Sierra,091,2930,23,21,0,21,0
2020-12-14,Siskiyou,093,43540,900,764,77,841,2
2020-12-14,Solano,095,438530,15300,13352,148,13500,93
2020-12-14,Sonoma,097,501317,16461,14807,95,14902,167
2020-12-14,Stanislaus,099,539301,29807,27311,2352,29663,485
2020-12-14,Sutter,101,95872,5523,5001,33,5034,35
2020-12-14,Tehama,103,63373,2546,2344,170,2514,9
2020-12-14,Trinity,105,12862,372,205,48,253,1
2020-12-14,Tulare,107,460477,29059,25735,2725,28460,341
2020-12-14,Tuolumne,109,53932,2105,1647,6,1653,8
2020-12-14,Ventura,111,848112,31494,27436,1126,28562,202
2020-12-14,Yolo,113,214977,7181,6389,41,6430,95
2020-12-14,Yuba,115,75493,3138,2851,30,2881,11
2020-12-13,Alameda,001,1643700,42111,38064,642,38706,486
2020-12-13,Alpine,003,1148,65,63,0,63,0
2020-12-13,Amador,005,37829,1790,1457,9,1466,19
2020-12-13,Butte,007,227075,5971,5103,518,5621,75
2020-12-13,Calaveras,009,45235,817,710,0,710,21
2020-12-13,Colusa,011,21464,1089,945,37,982,7
2020-12-13,Contra Costa,013,1133247,33267,29667,302,29969,281
2020-12-13,Del Norte,015,27424,604,542,0,542,1
2020-12-13,El Dorado,017,186661,4758,3770,133,3903,9
2020-12-13,Fresno,019,978130,56585,44114,3002,47116,559
2020-12-13,Glenn,021,27897,1289,1171,138,1309,9
2020-12-13,Humboldt,023,135768,1394,1238,4,1242,9
2020-12-13,Imperial,025,180216,20534,19472,433,19905,379
2020-12-13,Inyo,027,18085,478,380,6,386,16
2020-12-13,Kern,029,883053,54965,49051,3207,52258,510
2020-12-13,Kings,031,150075,14303,13357,349,13706,97
2020-12-13,Lake,033,64148,1460,1271,0,1271,21
2020-12-13,Lassen,035,31185,3475,2867,25,2892,1
2020-12-13,Los Angeles,037,10098052,573494,517472,12578,530050,8294
2020-12-13,Madera,039,155013,8724,7909,282,8191,60
2020-12-13,Marin,041,260295,8793,8409,53,8462,141
2020-12-13,Mariposa,043,17540,188,167,2,169,3
2020-12-13,Mendocino,045,87422,2046,1793,18,1811,24
2020-12-13,Merced,047,269075,15685,14384,229,14613,189
2020-12-13,Modoc,049,8938,192,179,58,237,0
2020-12-13,Mono,051,14174,741,675,12,687,3
2020-12-13,Monterey,053,433212,21990,18913,463,19376,153
2020-12-13,Napa,055,140530,4730,4194,24,4218,22
2020-12-13,Nevada,057,99092,2279,2030,65,2095,11
2020-12-13,Orange,059,3164182,120273,104768,4166,108934,1688
2020-12-13,Placer,061,380077,11435,9405,346,9751,95
2020-12-13,Plumas,063,18699,380,291,8,299,0
2020-12-13,Riverside,065,2383286,138748,119691,4856,124547,1581
2020-12-13,Sacramento,067,1510023,53849,49480,352,49832,682
2020-12-13,San Benito,069,59416,2744,2408,19,2427,19
2020-12-13,San Bernardino,071,2135413,151347,126718,3710,130428,1333
2020-12-13,San Diego,073,3302833,119944,107372,5106,112478,1162
2020-12-13,San Francisco,075,870044,20032,18686,168,18854,167
2020-12-13,San Joaquin,077,732212,36994,32170,975,33145,534
2020-12-13,San Luis Obispo,079,281455,8672,7625,186,7811,52
2020-12-13,San Mateo,081,765935,20537,18090,45,18135,177
2020-12-13,Santa Barbara,083,443738,15191,13249,331,13580,144
2020-12-13,Santa Clara,085,1922200,54941,47920,197,48117,499
2020-12-13,Santa Cruz,087,273765,7023,5986,154,6140,54
2020-12-13,Shasta,089,179085,7226,6647,463,7110,54
2020-12-13,Sierra,091,2930,23,21,0,21,0
2020-12-13,Siskiyou,093,43540,888,762,72,834,2
2020-12-13,Solano,095,438530,14861,13276,145,13421,93
2020-12-13,Sonoma,097,501317,16146,14495,94,14589,167
2020-12-13,Stanislaus,099,539301,29244,26569,2287,28856,485
2020-12-13,Sutter,101,95872,5396,4798,29,4827,34
2020-12-13,Tehama,103,63373,2500,2325,155,2480,9
2020-12-13,Trinity,105,12862,366,204,47,251,1
2020-12-13,Tulare,107,460477,28568,25496,2638,28134,340
2020-12-13,Tuolumne,109,53932,2043,1611,6,1617,8
2020-12-13,Ventura,111,848112,30491,26588,1063,27651,202
2020-12-13,Yolo,113,214977,6997,6265,35,6300,95
2020-12-13,Yuba,115,75493,3073,2754,27,2781,11
2020-12-12,Alameda,001,1643700,41674,37027,622,37649,486
2020-12-12,Alpine,003,1148,65,63,0,63,0
2020-12-12,Amador,005,37829,1762,1236,8,1244,19
2020-12-12,Butte,007,227075,5898,4972,506,5478,73
2020-12-12,Calaveras,009,45235,807,708,0,708,21
2020-12-12,Colusa,011,21464,1069,945,35,980,7
2020-12-12,Contra Costa,013,1133247,32924,29506,292,29798,281
2020-12-12,Del Norte,015,27424,596,529,0,529,1
2020-12-12,El Dorado,017,186661,4683,3706,116,3822,9
2020-12-12,Fresno,019,978130,56232,43756,2941,46697,559
2020-12-12,Glenn,021,27897,1281,1143,134,1277,8
2020-12-12,Humboldt,023,135768,1375,1208,4,1212,9
2020-12-12,Imperial,025,180216,20450,18947,374,19321,379
2020-12-12,Inyo,027,18085,474,380,6,386,16
2020-12-12,Kern,029,883053,54445,48194,3119,51313,507
2020-12-12,Kings,031,150075,14214,13205,345,13550,96
2020-12-12,Lake,033,64148,1444,1232,0,1232,21
2020-12-12,Lassen,035,31185,3452,2866,22,2888,1
2020-12-12,Los Angeles,037,10098052,566704,504317,12069,516386,8269
2020-12-12,Madera,039,155013,8597,7765,279,8044,59
2020-12-12,Marin,041,260295,8739,8363,52,8415,141
2020-12-12,Mariposa,043,17540,187,164,2,166,3
2020-12-12,Mendocino,045,87422,2010,1771,18,1789,24
2020-12-12,Merced,047,269075,15594,14181,225,14406,188
2020-12-12,Modoc,049,8938,191,169,55,224,0
2020-12-12,Mono,051,14174,734,640,12,652,3
2020-12-12,Monterey,053,433212,21880,18596,434,19030,151
2020-12-12,Napa,055,140530,4685,4113,24,4137,22
2020-12-12,Nevada,057,99092,2261,1981,63,2044,10
2020-12-12,Orange,059,3164182,118390,100468,4017,104485,1674
2020-12-12,Placer,061,380077,11270,9390,341,9731,95
2020-12-12,Plumas,063,18699,374,291,8,299,0
2020-12-12,Riverside,065,2383286,136692,118335,4650,122985,1579
2020-12-12,Sacramento,067,1510023,53264,48319,339,48658,673
2020-12-12,San Benito,069,59416,2688,2355,19,2374,19
2020-12-12,San Bernardino,071,2135413,149716,125741,3608,129349,1321
2020-12-12,San Diego,073,3302833,118323,104958,5009,109967,1151
2020-12-12,San Francisco,075,870044,19842,18413,164,18577,167
2020-12-12,San Joaquin,077,732212,36667,32200,944,33144,534
2020-12-12,San Luis Obispo,079,281455,8573,7462,177,7639,50
2020-12-12,San Mateo,081,765935,20316,17574,44,17618,177
2020-12-12,Santa Barbara,083,443738,15039,13174,323,13497,144
2020-12-12,Santa Clara,085,1922200,53990,45892,194,46086,498
2020-12-12,Santa Cruz,087,273765,6925,5905,145,6050,54
2020-12-12,Shasta,089,179085,7191,6551,445,6996,54
2020-12-12,Sierra,091,2930,23,21,0,21,0
2020-12-12,Siskiyou,093,43540,886,762,69,831,2
2020-12-12,Solano,095,438530,14663,12748,138,12886,93
2020-12-12,Sonoma,097,501317,16026,14466,94,14560,166
2020-12-12,Stanislaus,099,539301,28943,26246,2233,28479,483
2020-12-12,Sutter,101,95872,5334,4717,29,4746,32
2020-12-12,Tehama,103,63373,2482,2252,150,2402,9
2020-12-12,Trinity,105,12862,364,204,45,249,1
2020-12-12,Tulare,107,460477,28310,25333,2580,27913,341
2020-12-12,Tuolumne,109,53932,2000,1536,6,1542,8
2020-12-12,Ventura,111,848112,30047,25955,1030,26985,202
2020-12-12,Yolo,113,214977,6915,6116,33,6149,95
2020-12-12,Yuba,115,75493,3046,2692,26,2718,10
2020-12-11,Alameda,001,1643700,41107,36281,610,36891,482
2020-12-11,Alpine,003,1148,65,63,0,63,0
2020-12-11,Amador,005,37829,1746,1213,8,1221,19
2020-12-11,Butte,007,227075,5825,4941,487,5428,73
2020-12-11,Calaveras,009,45235,791,697,0,697,21
2020-12-11,Colusa,011,21464,1059,923,33,956,7
2020-12-11,Contra Costa,013,1133247,32500,29036,288,29324,282
2020-12-11,Del Norte,015,27424,590,505,0,505,1
2020-12-11,El Dorado,017,186661,4602,3669,101,3770,9
2020-12-11,Fresno,019,978130,55219,43071,2875,45946,550
2020-12-11,Glenn,021,27897,1265,1135,129,1264,8
2020-12-11,Humboldt,023,135768,1357,1190,4,1194,9
2020-12-11,Imperial,025,180216,20360,18599,330,18929,377
2020-12-11,Inyo,027,18085,462,372,6,378,16
2020-12-11,Kern,029,883053,53767,47664,3057,50721,502
2020-12-11,Kings,031,150075,14070,13118,340,13458,94
2020-12-11,Lake,033,64148,1431,1205,0,1205,21
2020-12-11,Lassen,035,31185,3440,2790,21,2811,1
2020-12-11,Los Angeles,037,10098052,554909,493592,11656,505248,8198
2020-12-11,Madera,039,155013,8506,7648,269,7917,59
2020-12-11,Marin,041,260295,8646,8317,51,8368,141
2020-12-11,Mariposa,043,17540,186,164,2,166,3
2020-12-11,Mendocino,045,87422,1987,1769,18,1787,24
2020-12-11,Merced,047,269075,15474,14038,217,14255,186
2020-12-11,Modoc,049,8938,191,168,54,222,0
2020-12-11,Mono,051,14174,724,631,12,643,3
2020-12-11,Monterey,053,433212,21579,18421,429,18850,150
2020-12-11,Napa,055,140530,4629,4054,24,4078,22
2020-12-11,Nevada,057,99092,2244,1959,60,2019,10
2020-12-11,Orange,059,3164182,116082,98357,3914,102271,1656
2020-12-11,Placer,061,380077,11108,8904,325,9229,93
2020-12-11,Plumas,063,18699,366,286,8,294,0
2020-12-11,Riverside,065,2383286,133624,115329,4429,119758,1573
2020-12-11,Sacramento,067,1510023,52603,47468,331,47799,669
2020-12-11,San Benito,069,59416,2637,2319,19,2338,19
2020-12-11,San Bernardino,071,2135413,147026,123092,3492,126584,1313
2020-12-11,San Diego,073,3302833,116363,102468,4926,107394,1137
2020-12-11,San Francisco,075,870044,19612,18246,163,18409,165
2020-12-11,San Joaquin,077,732212,36322,32044,916,32960,534
2020-12-11,San Luis Obispo,079,281455,8412,7415,175,7590,49
2020-12-11,San Mateo,081,765935,20045,17240,33,17273,177
2020-12-11,Santa Barbara,083,443738,14895,12997,315,13312,144
2020-12-11,Santa Clara,085,1922200,52985,45101,185,45286,494
2020-12-11,Santa Cruz,087,273765,6812,5764,135,5899,50
2020-12-11,Shasta,089,179085,7146,6459,438,6897,54
2020-12-11,Sierra,091,2930,23,19,0,19,0
2020-12-11,Siskiyou,093,43540,879,753,66,819,2
2020-12-11,Solano,095,438530,14477,12554,134,12688,92
2020-12-11,Sonoma,097,501317,15859,14298,92,14390,166
2020-12-11,Stanislaus,099,539301,28676,25928,2192,28120,464
2020-12-11,Sutter,101,95872,5271,4600,28,4628,30
2020-12-11,Tehama,103,63373,2452,2232,146,2378,9
2020-12-11,Trinity,105,12862,361,204,45,249,1
2020-12-11,Tulare,107,460477,27951,24953,2532,27485,338
2020-12-11,Tuolumne,109,53932,1986,1510,6,1516,8
2020-12-11,Ventura,111,848112,29441,24999,1008,26007,202
2020-12-11,Yolo,113,214977,6809,6006,32,6038,95
2020-12-11,Yuba,115,75493,2986,2649,25,2674,10
2020-12-10,Alameda,001,1643700,40335,35686,588,36274,477
2020-12-10,Alpine,003,1148,65,63,0,63,0
2020-12-10,Amador,005,37829,1689,1191,8,1199,18
2020-12-10,Butte,007,227075,5709,4863,460,5323,72
2020-12-10,Calaveras,009,45235,773,684,0,684,21
2020-12-10,Colusa,011,21464,1036,909,28,937,7
2020-12-10,Contra Costa,013,1133247,31819,28413,282,28695,276
2020-12-10,Del Norte,015,27424,581,501,0,501,1
2020-12-10,El Dorado,017,186661,4484,3557,96,3653,9
2020-12-10,Fresno,019,978130,54237,42461,2732,45193,540
2020-12-10,Glenn,021,27897,1245,1126,120,1246,8
2020-12-10,Humboldt,023,135768,1337,1140,4,1144,9
2020-12-10,Imperial,025,180216,20144,18333,252,18585,370
2020-12-10,Inyo,027,18085,441,365,6,371,15
2020-12-10,Kern,029,883053,52783,47176,2890,50066,499
2020-12-10,Kings,031,150075,13918,12993,334,13327,92
2020-12-10,Lake,033,64148,1390,1167,0,1167,21
2020-12-10,Lassen,035,31185,3418,2764,17,2781,0
2020-12-10,Los Angeles,037,10098052,540960,480354,11127,491481,8149
2020-12-10,Madera,039,155013,8400,7445,254,7699,59
2020-12-10,Marin,041,260295,8599,8245,50,8295,140
2020-12-10,Mariposa,043,17540,185,160,2,162,3
2020-12-10,Mendocino,045,87422,1961,1748,15,1763,24
2020-12-10,Merced,047,269075,15228,13756,214,13970,186
2020-12-10,Modoc,049,8938,186,165,52,217,0
2020-12-10,Mono,051,14174,719,601,12,613,3
2020-12-10,Monterey,053,433212,21099,18266,419,18685,145
2020-12-10,Napa,055,140530,4543,3974,23,3997,22
2020-12-10,Nevada,057,99092,2208,1919,60,1979,10
2020-12-10,Orange,059,3164182,112978,95297,3750,99047,1651
2020-12-10,Placer,061,380077,10855,8906,307,9213,90
2020-12-10,Plumas,063,18699,355,281,8,289,0
2020-12-10,Riverside,065,2383286,129943,112794,4159,116953,1552
2020-12-10,Sacramento,067,1510023,51705,46471,310,46781,664
2020-12-10,San Benito,069,59416,2577,2268,18,2286,19
2020-12-10,San Bernardino,071,2135413,142797,120186,3318,123504,1306
2020-12-10,San Diego,073,3302833,113838,99601,4777,104378,1114
2020-12-10,San Francisco,075,870044,19300,17945,155,18100,164
2020-12-10,San Joaquin,077,732212,35688,31228,886,32114,534
2020-12-10,San Luis Obispo,079,281455,8250,7245,164,7409,49
2020-12-10,San Mateo,081,765935,19600,16701,23,16724,177
2020-12-10,Santa Barbara,083,443738,14717,12788,306,13094,143
2020-12-10,Santa Clara,085,1922200,51847,43939,170,44109,491
2020-12-10,Santa Cruz,087,273765,6645,5645,122,5767,48
2020-12-10,Shasta,089,179085,7078,6312,413,6725,53
2020-12-10,Sierra,091,2930,23,18,0,18,0
2020-12-10,Siskiyou,093,43540,869,712,65,777,2
2020-12-10,Solano,095,438530,14110,12017,128,12145,90
2020-12-10,Sonoma,097,501317,15604,14282,91,14373,167
2020-12-10,Stanislaus,099,539301,28212,25582,2122,27704,464
2020-12-10,Sutter,101,95872,5141,4528,26,4554,27
2020-12-10,Tehama,103,63373,2409,2190,136,2326,9
2020-12-10,Trinity,105,12862,357,202,43,245,1
2020-12-10,Tulare,107,460477,27497,24506,2466,26972,337
2020-12-10,Tuolumne,109,53932,1726,1451,6,1457,8
2020-12-10,Ventura,111,848112,28590,24075,964,25039,202
2020-12-10,Yolo,113,214977,6689,5896,31,5927,95
2020-12-10,Yuba,115,75493,2922,2604,24,2628,10
2020-12-09,Alameda,001,1643700,39492,35047,566,35613,470
2020-12-09,Alpine,003,1148,65,58,0,58,0
2020-12-09,Amador,005,37829,1646,1121,8,1129,19
2020-12-09,Butte,007,227075,5566,4733,440,5173,70
2020-12-09,Calaveras,009,45235,746,670,0,670,21
2020-12-09,Colusa,011,21464,1021,896,27,923,7
2020-12-09,Contra Costa,013,1133247,31113,28308,271,28579,273
2020-12-09,Del Norte,015,27424,568,481,0,481,2
2020-12-09,El Dorado,017,186661,4349,3449,88,3537,8
2020-12-09,Fresno,019,978130,53236,41954,2577,44531,533
2020-12-09,Glenn,021,27897,1231,1107,114,1221,8
2020-12-09,Humboldt,023,135768,1305,1086,4,1090,10
2020-12-09,Imperial,025,180216,19890,17757,215,17972,368
2020-12-09,Inyo,027,18085,428,356,6,362,15
2020-12-09,Kern,029,883053,51624,46379,2748,49127,494
2020-12-09,Kings,031,150075,13773,12716,326,13042,92
2020-12-09,Lake,033,64148,1363,1158,0,1158,20
2020-12-09,Lassen,035,31185,3349,2331,15,2346,0
2020-12-09,Los Angeles,037,10098052,527496,467971,10575,478546,8075
2020-12-09,Madera,039,155013,8287,7216,251,7467,59
2020-12-09,Marin,041,260295,8537,8182,49,8231,138
2020-12-09,Mariposa,043,17540,183,154,2,156,3
2020-12-09,Mendocino,045,87422,1935,1703,14,1717,24
2020-12-09,Merced,047,269075,14989,13588,207,13795,183
2020-12-09,Modoc,049,8938,181,146,43,189,0
2020-12-09,Mono,051,14174,707,601,12,613,3
2020-12-09,Monterey,053,433212,20702,17891,411,18302,143
2020-12-09,Napa,055,140530,4458,3858,22,3880,21
2020-12-09,Nevada,057,99092,2155,1864,60,1924,10
2020-12-09,Orange,059,3164182,109885,93763,3578,97341,1629
2020-12-09,Placer,061,380077,10593,8588,293,8881,85
2020-12-09,Plumas,063,18699,347,271,8,279,0
2020-12-09,Riverside,065,2383286,126250,110376,3954,114330,1543
2020-12-09,Sacramento,067,1510023,50641,45284,282,45566,659
2020-12-09,San Benito,069,59416,2504,2217,16,2233,19
2020-12-09,San Bernardino,071,2135413,138518,114516,3123,117639,1305
2020-12-09,San Diego,073,3302833,110858,97551,4638,102189,1103
2020-12-09,San Francisco,075,870044,18999,17628,154,17782,163
2020-12-09,San Joaquin,077,732212,34869,30539,861,31400,531
2020-12-09,San Luis Obispo,079,281455,8031,7105,156,7261,47
2020-12-09,San Mateo,081,765935,19149,16422,22,16444,175
2020-12-09,Santa Barbara,083,443738,14514,12630,296,12926,142
2020-12-09,Santa Clara,085,1922200,50700,42912,154,43066,489
2020-12-09,Santa Cruz,087,273765,6487,5527,107,5634,47
2020-12-09,Shasta,089,179085,7013,6105,398,6503,52
2020-12-09,Sierra,091,2930,23,18,0,18,0
2020-12-09,Siskiyou,093,43540,858,713,64,777,2
2020-12-09,Solano,095,438530,13762,11862,120,11982,90
2020-12-09,Sonoma,097,501317,15348,13994,88,14082,164
2020-12-09,Stanislaus,099,539301,27714,25157,2061,27218,463
2020-12-09,Sutter,101,95872,5023,4418,22,4440,24
2020-12-09,Tehama,103,63373,2373,2102,132,2234,9
2020-12-09,Trinity,105,12862,349,199,41,240,0
2020-12-09,Tulare,107,460477,26901,24124,2388,26512,334
2020-12-09,Tuolumne,109,53932,1692,1319,6,1325,8
2020-12-09,Ventura,111,848112,27727,23830,922,24752,201
2020-12-09,Yolo,113,214977,6565,5760,29,5789,95
2020-12-09,Yuba,115,75493,2854,2513,23,2536,10
2020-12-08,Alameda,001,1643700,38594,34373,550,34923,469
2020-12-08,Alpine,003,1148,64,53,0,53,0
2020-12-08,Amador,005,37829,1360,1043,8,1051,17
2020-12-08,Butte,007,227075,5407,4651,398,5049,70
2020-12-08,Calaveras,009,45235,721,657,0,657,21
2020-12-08,Colusa,011,21464,1005,875,26,901,6
2020-12-08,Contra Costa,013,1133247,30410,27926,254,28180,270
2020-12-08,Del Norte,015,27424,552,465,0,465,2
2020-12-08,El Dorado,017,186661,4225,3296,75,3371,8
2020-12-08,Fresno,019,978130,51973,41574,2418,43992,529
2020-12-08,Glenn,021,27897,1211,1094,106,1200,8
2020-12-08,Humboldt,023,135768,1279,1059,4,1063,10
2020-12-08,Imperial,025,180216,19373,17568,207,17775,363
2020-12-08,Inyo,027,18085,405,333,6,339,15
2020-12-08,Kern,029,883053,50331,45116,2592,47708,487
2020-12-08,Kings,031,150075,13619,12623,317,12940,90
2020-12-08,Lake,033,64148,1322,1127,0,1127,20
2020-12-08,Lassen,035,31185,3193,2165,15,2180,0
2020-12-08,Los Angeles,037,10098052,514823,459738,10091,469829,8004
2020-12-08,Madera,039,155013,8156,7082,238,7320,59
2020-12-08,Marin,041,260295,8457,8099,48,8147,137
2020-12-08,Mariposa,043,17540,179,150,2,152,2
2020-12-08,Mendocino,045,87422,1893,1666,14,1680,23
2020-12-08,Merced,047,269075,14679,13380,206,13586,181
2020-12-08,Modoc,049,8938,173,138,40,178,0
2020-12-08,Mono,051,14174,693,597,12,609,3
2020-12-08,Monterey,053,433212,20133,17752,404,18156,134
2020-12-08,Napa,055,140530,4370,3778,21,3799,22
2020-12-08,Nevada,057,99092,2101,1809,57,1866,11
2020-12-08,Orange,059,3164182,106657,91406,3413,94819,1629
2020-12-08,Placer,061,380077,10325,8224,288,8512,82
2020-12-08,Plumas,063,18699,337,258,8,266,0
2020-12-08,Riverside,065,2383286,122889,107620,3775,111395,1514
2020-12-08,Sacramento,067,1510023,49577,44635,266,44901,649
2020-12-08,San Benito,069,59416,2451,2180,16,2196,18
2020-12-08,San Bernardino,071,2135413,134169,110676,2997,113673,1301
2020-12-08,San Diego,073,3302833,107487,95447,4481,99928,1088
2020-12-08,San Francisco,075,870044,18688,17384,152,17536,162
2020-12-08,San Joaquin,077,732212,33976,30225,828,31053,530
2020-12-08,San Luis Obispo,079,281455,7902,6903,145,7048,45
2020-12-08,San Mateo,081,765935,18749,16305,22,16327,175
2020-12-08,Santa Barbara,083,443738,14330,12516,287,12803,141
2020-12-08,Santa Clara,085,1922200,49393,41309,145,41454,484
2020-12-08,Santa Cruz,087,273765,6309,5374,105,5479,45
2020-12-08,Shasta,089,179085,6904,5946,390,6336,50
2020-12-08,Sierra,091,2930,22,18,0,18,0
2020-12-08,Siskiyou,093,43540,844,704,62,766,2
2020-12-08,Solano,095,438530,13360,11669,118,11787,89
2020-12-08,Sonoma,097,501317,15089,13601,87,13688,164
2020-12-08,Stanislaus,099,539301,27223,24793,1998,26791,461
2020-12-08,Sutter,101,95872,4927,4342,21,4363,24
2020-12-08,Tehama,103,63373,2293,2057,124,2181,9
2020-12-08,Trinity,105,12862,340,198,40,238,0
2020-12-08,Tulare,107,460477,26297,23607,2325,25932,330
2020-12-08,Tuolumne,109,53932,1668,1264,6,1270,7
2020-12-08,Ventura,111,848112,27064,23665,879,24544,195
2020-12-08,Yolo,113,214977,6434,5560,29,5589,90
2020-12-08,Yuba,115,75493,2777,2477,23,2500,10
2020-12-07,Alameda,001,1643700,37727,33887,515,34402,466
2020-12-07,Alpine,003,1148,63,53,0,53,0
2020-12-07,Amador,005,37829,1285,993,7,1000,17
2020-12-07,Butte,007,227075,5271,4604,375,4979,67
2020-12-07,Calaveras,009,45235,689,606,0,606,21
2020-12-07,Colusa,011,21464,980,825,24,849,6
2020-12-07,Contra Costa,013,1133247,29796,27307,241,27548,270
2020-12-07,Del Norte,015,27424,540,424,0,424,2
2020-12-07,El Dorado,017,186661,4045,3275,68,3343,8
2020-12-07,Fresno,019,978130,50499,41098,2295,43393,526
2020-12-07,Glenn,021,27897,1192,1085,100,1185,8
2020-12-07,Humboldt,023,135768,1244,1023,4,1027,9
2020-12-07,Imperial,025,180216,18951,17234,195,17429,364
2020-12-07,Inyo,027,18085,390,333,6,339,15
2020-12-07,Kern,029,883053,49307,44409,2455,46864,486
2020-12-07,Kings,031,150075,13476,12412,307,12719,90
2020-12-07,Lake,033,64148,1293,1090,0,1090,20
2020-12-07,Lassen,035,31185,3096,2167,15,2182,0
2020-12-07,Los Angeles,037,10098052,501172,451052,9647,460699,7937
2020-12-07,Madera,039,155013,7891,6935,233,7168,59
2020-12-07,Marin,041,260295,8399,8049,47,8096,136
2020-12-07,Mariposa,043,17540,176,146,2,148,2
2020-12-07,Mendocino,045,87422,1857,1638,12,1650,23
2020-12-07,Merced,047,269075,14320,13250,196,13446,179
2020-12-07,Modoc,049,8938,166,128,37,165,0
2020-12-07,Mono,051,14174,680,590,12,602,3
2020-12-07,Monterey,053,433212,19652,17746,392,18138,132
2020-12-07,Napa,055,140530,4279,3684,21,3705,21
2020-12-07,Nevada,057,99092,2052,1777,56,1833,11
2020-12-07,Orange,059,3164182,103394,89793,3294,93087,1628
2020-12-07,Placer,061,380077,9998,7911,274,8185,82
2020-12-07,Plumas,063,18699,325,256,5,261,0
2020-12-07,Riverside,065,2383286,119689,102363,3594,105957,1491
2020-12-07,Sacramento,067,1510023,48481,43419,248,43667,638
2020-12-07,San Benito,069,59416,2400,2165,15,2180,18
2020-12-07,San Bernardino,071,2135413,130220,108161,2877,111038,1295
2020-12-07,San Diego,073,3302833,104698,94171,4300,98471,1062
2020-12-07,San Francisco,075,870044,18397,17220,144,17364,161
2020-12-07,San Joaquin,077,732212,33101,28188,801,28989,530
2020-12-07,San Luis Obispo,079,281455,7720,6782,138,6920,45
2020-12-07,San Mateo,081,765935,18308,16029,21,16050,175
2020-12-07,Santa Barbara,083,443738,14087,12362,277,12639,141
2020-12-07,Santa Clara,085,1922200,48006,40621,136,40757,484
2020-12-07,Santa Cruz,087,273765,6143,5152,99,5251,41
2020-12-07,Shasta,089,179085,6780,5742,375,6117,50
2020-12-07,Sierra,091,2930,20,18,0,18,0
2020-12-07,Siskiyou,093,43540,817,652,62,714,2
2020-12-07,Solano,095,438530,13020,11354,114,11468,89
2020-12-07,Sonoma,097,501317,14804,13376,87,13463,164
2020-12-07,Stanislaus,099,539301,26664,24479,1946,26425,454
2020-12-07,Sutter,101,95872,4786,4106,21,4127,24
2020-12-07,Tehama,103,63373,2239,2030,119,2149,9
2020-12-07,Trinity,105,12862,336,194,40,234,0
2020-12-07,Tulare,107,460477,25762,22760,2268,25028,328
2020-12-07,Tuolumne,109,53932,1582,1256,5,1261,7
2020-12-07,Ventura,111,848112,26477,23354,843,24197,191
2020-12-07,Yolo,113,214977,6270,5537,28,5565,90
2020-12-07,Yuba,115,75493,2709,2428,21,2449,10
2020-12-06,Alameda,001,1643700,36751,33477,495,33972,465
2020-12-06,Alpine,003,1148,59,53,0,53,0
2020-12-06,Amador,005,37829,1222,952,6,958,17
2020-12-06,Butte,007,227075,5118,4527,341,4868,67
2020-12-06,Calaveras,009,45235,670,606,0,606,21
2020-12-06,Colusa,011,21464,963,824,21,845,6
2020-12-06,Contra Costa,013,1133247,29190,26566,234,26800,270
2020-12-06,Del Norte,015,27424,486,414,0,414,2
2020-12-06,El Dorado,017,186661,3908,3086,63,3149,8
2020-12-06,Fresno,019,978130,49544,40869,2178,43047,526
2020-12-06,Glenn,021,27897,1182,1067,96,1163,8
2020-12-06,Humboldt,023,135768,1219,1004,4,1008,9
2020-12-06,Imperial,025,180216,18641,16922,186,17108,364
2020-12-06,Inyo,027,18085,377,333,6,339,15
2020-12-06,Kern,029,883053,48319,43899,2284,46183,486
2020-12-06,Kings,031,150075,13206,12056,290,12346,90
2020-12-06,Lake,033,64148,1255,1075,0,1075,20
2020-12-06,Lassen,035,31185,2992,2168,13,2181,0
2020-12-06,Los Angeles,037,10098052,487592,443230,9202,452432,7910
2020-12-06,Madera,039,155013,7720,6826,225,7051,59
2020-12-06,Marin,041,260295,8319,8013,45,8058,136
2020-12-06,Mariposa,043,17540,175,144,2,146,2
2020-12-06,Mendocino,045,87422,1817,1614,12,1626,23
2020-12-06,Merced,047,269075,13985,12928,187,13115,179
2020-12-06,Modoc,049,8938,153,125,29,154,0
2020-12-06,Mono,051,14174,658,586,10,596,3
2020-12-06,Monterey,053,433212,19033,17426,382,17808,130
2020-12-06,Napa,055,140530,4167,3644,21,3665,21
2020-12-06,Nevada,057,99092,1993,1710,53,1763,10
2020-12-06,Orange,059,3164182,100326,87737,3164,90901,1627
2020-12-06,Placer,061,380077,9716,7837,253,8090,82
2020-12-06,Plumas,063,18699,312,254,4,258,0
2020-12-06,Riverside,065,2383286,116600,100088,3371,103459,1482
2020-12-06,Sacramento,067,1510023,47240,42808,232,43040,638
2020-12-06,San Benito,069,59416,2363,2135,15,2150,18
2020-12-06,San Bernardino,071,2135413,126079,106927,2720,109647,1286
2020-12-06,San Diego,073,3302833,101666,92173,4146,96319,1062
2020-12-06,San Francisco,075,870044,18075,17107,136,17243,161
2020-12-06,San Joaquin,077,732212,32266,28188,772,28960,530
2020-12-06,San Luis Obispo,079,281455,7554,6723,133,6856,45
2020-12-06,San Mateo,081,765935,17803,15855,18,15873,175
2020-12-06,Santa Barbara,083,443738,13855,12252,268,12520,141
2020-12-06,Santa Clara,085,1922200,46630,39112,130,39242,482
2020-12-06,Santa Cruz,087,273765,5969,5069,93,5162,40
2020-12-06,Shasta,089,179085,6639,5743,353,6096,49
2020-12-06,Sierra,091,2930,20,17,0,17,0
2020-12-06,Siskiyou,093,43540,799,652,60,712,2
2020-12-06,Solano,095,438530,12733,11354,104,11458,88
2020-12-06,Sonoma,097,501317,14515,13238,86,13324,164
2020-12-06,Stanislaus,099,539301,26112,24036,1882,25918,454
2020-12-06,Sutter,101,95872,4670,4009,20,4029,21
2020-12-06,Tehama,103,63373,2180,1982,111,2093,9
2020-12-06,Trinity,105,12862,329,181,38,219,0
2020-12-06,Tulare,107,460477,25236,22756,2200,24956,327
2020-12-06,Tuolumne,109,53932,1480,1210,5,1215,7
2020-12-06,Ventura,111,848112,25935,23035,816,23851,191
2020-12-06,Yolo,113,214977,6109,5465,23,5488,90
2020-12-06,Yuba,115,75493,2665,2340,20,2360,10
2020-12-05,Alameda,001,1643700,36393,32781,484,33265,465
2020-12-05,Alpine,003,1148,58,53,0,53,0
2020-12-05,Amador,005,37829,1198,847,6,853,17
2020-12-05,Butte,007,227075,5050,4455,322,4777,66
2020-12-05,Calaveras,009,45235,659,606,0,606,21
2020-12-05,Colusa,011,21464,945,825,18,843,6
2020-12-05,Contra Costa,013,1133247,28898,26217,227,26444,270
2020-12-05,Del Norte,015,27424,480,408,0,408,2
2020-12-05,El Dorado,017,186661,3843,3061,58,3119,8
2020-12-05,Fresno,019,978130,49224,40568,2123,42691,525
2020-12-05,Glenn,021,27897,1169,1056,90,1146,8
2020-12-05,Humboldt,023,135768,1186,979,4,983,9
2020-12-05,Imperial,025,180216,18475,16544,184,16728,362
2020-12-05,Inyo,027,18085,372,332,6,338,15
2020-12-05,Kern,029,883053,47856,43332,2196,45528,484
2020-12-05,Kings,031,150075,13127,11898,287,12185,90
2020-12-05,Lake,033,64148,1230,1069,0,1069,20
2020-12-05,Lassen,035,31185,2801,2168,11,2179,0
2020-12-05,Los Angeles,037,10098052,481799,433120,8879,441999,7888
2020-12-05,Madera,039,155013,7627,6619,218,6837,59
2020-12-05,Marin,041,260295,8292,7961,45,8006,136
2020-12-05,Mariposa,043,17540,170,143,2,145,2
2020-12-05,Mendocino,045,87422,1778,1585,12,1597,23
2020-12-05,Merced,047,269075,13878,12747,176,12923,180
2020-12-05,Modoc,049,8938,153,118,28,146,0
2020-12-05,Mono,051,14174,653,554,10,564,3
2020-12-05,Monterey,053,433212,18887,17077,378,17455,127
2020-12-05,Napa,055,140530,4097,3565,21,3586,21
2020-12-05,Nevada,057,99092,1978,1642,51,1693,10
2020-12-05,Orange,059,3164182,98869,85735,3068,88803,1612
2020-12-05,Placer,061,380077,9596,7811,244,8055,78
2020-12-05,Plumas,063,18699,305,246,1,247,0
2020-12-05,Riverside,065,2383286,114988,98612,3193,101805,1477
2020-12-05,Sacramento,067,1510023,46572,41878,217,42095,625
2020-12-05,San Benito,069,59416,2319,2073,15,2088,18
2020-12-05,San Bernardino,071,2135413,124556,105382,2590,107972,1283
2020-12-05,San Diego,073,3302833,100315,90470,4065,94535,1055
2020-12-05,San Francisco,075,870044,17891,16786,132,16918,161
2020-12-05,San Joaquin,077,732212,32002,28105,739,28844,523
2020-12-05,San Luis Obispo,079,281455,7487,6623,130,6753,44
2020-12-05,San Mateo,081,765935,17545,15512,18,15530,175
2020-12-05,Santa Barbara,083,443738,13755,12107,262,12369,141
2020-12-05,Santa Clara,085,1922200,45892,38339,125,38464,474
2020-12-05,Santa Cruz,087,273765,5895,4997,91,5088,40
2020-12-05,Shasta,089,179085,6578,5653,342,5995,49
2020-12-05,Sierra,091,2930,20,17,0,17,0
2020-12-05,Siskiyou,093,43540,791,649,59,708,2
2020-12-05,Solano,095,438530,12564,11351,102,11453,87
2020-12-05,Sonoma,097,501317,14419,13137,86,13223,164
2020-12-05,Stanislaus,099,539301,25800,23662,1847,25509,454
2020-12-05,Sutter,101,95872,4603,3937,20,3957,20
2020-12-05,Tehama,103,63373,2164,1926,109,2035,9
2020-12-05,Trinity,105,12862,328,177,38,215,0
2020-12-05,Tulare,107,460477,25020,22660,2141,24801,324
2020-12-05,Tuolumne,109,53932,1421,1180,5,1185,7
2020-12-05,Ventura,111,848112,25564,22710,802,23512,191
2020-12-05,Yolo,113,214977,6032,5351,22,5373,90
2020-12-05,Yuba,115,75493,2628,2275,20,2295,10
2020-12-04,Alameda,001,1643700,35844,31871,471,32342,465
2020-12-04,Alpine,003,1148,58,53,0,53,0
2020-12-04,Amador,005,37829,1184,766,3,769,16
2020-12-04,Butte,007,227075,4978,4336,302,4638,65
2020-12-04,Calaveras,009,45235,654,585,0,585,21
2020-12-04,Colusa,011,21464,931,790,17,807,6
2020-12-04,Contra Costa,013,1133247,28554,25705,215,25920,264
2020-12-04,Del Norte,015,27424,469,401,0,401,2
2020-12-04,El Dorado,017,186661,3755,2933,55,2988,7
2020-12-04,Fresno,019,978130,48515,40108,2055,42163,522
2020-12-04,Glenn,021,27897,1163,1017,82,1099,8
2020-12-04,Humboldt,023,135768,1168,960,4,964,9
2020-12-04,Imperial,025,180216,18233,16484,184,16668,362
2020-12-04,Inyo,027,18085,364,324,6,330,15
2020-12-04,Kern,029,883053,47305,42497,2092,44589,485
2020-12-04,Kings,031,150075,13034,11767,281,12048,88
2020-12-04,Lake,033,64148,1202,1018,0,1018,20
2020-12-04,Lassen,035,31185,2794,2167,10,2177,0
2020-12-04,Los Angeles,037,10098052,473189,424164,8580,432744,7845
2020-12-04,Madera,039,155013,7536,6479,215,6694,58
2020-12-04,Marin,041,260295,8241,7896,43,7939,136
2020-12-04,Mariposa,043,17540,170,136,2,138,2
2020-12-04,Mendocino,045,87422,1759,1563,11,1574,23
2020-12-04,Merced,047,269075,13763,12474,168,12642,177
2020-12-04,Modoc,049,8938,153,115,28,143,0
2020-12-04,Mono,051,14174,648,549,10,559,3
2020-12-04,Monterey,053,433212,18682,16737,369,17106,127
2020-12-04,Napa,055,140530,4044,3432,21,3453,19
2020-12-04,Nevada,057,99092,1953,1560,48,1608,10
2020-12-04,Orange,059,3164182,96947,83738,3003,86741,1597
2020-12-04,Placer,061,380077,9470,7461,230,7691,76
2020-12-04,Plumas,063,18699,298,232,0,232,0
2020-12-04,Riverside,065,2383286,112791,95255,3036,98291,1475
2020-12-04,Sacramento,067,1510023,45807,41061,200,41261,618
2020-12-04,San Benito,069,59416,2286,2006,15,2021,17
2020-12-04,San Bernardino,071,2135413,122285,102418,2482,104900,1290
2020-12-04,San Diego,073,3302833,98832,88183,3978,92161,1047
2020-12-04,San Francisco,075,870044,17700,16499,132,16631,161
2020-12-04,San Joaquin,077,732212,31565,27806,702,28508,522
2020-12-04,San Luis Obispo,079,281455,7402,6473,127,6600,42
2020-12-04,San Mateo,081,765935,17257,15112,17,15129,173
2020-12-04,Santa Barbara,083,443738,13648,11947,255,12202,141
2020-12-04,Santa Clara,085,1922200,44972,37465,119,37584,468
2020-12-04,Santa Cruz,087,273765,5808,4985,89,5074,32
2020-12-04,Shasta,089,179085,6490,5439,332,5771,49
2020-12-04,Sierra,091,2930,19,17,0,17,0
2020-12-04,Siskiyou,093,43540,784,639,56,695,2
2020-12-04,Solano,095,438530,12418,11037,99,11136,87
2020-12-04,Sonoma,097,501317,14271,12962,85,13047,164
2020-12-04,Stanislaus,099,539301,25530,23206,1801,25007,448
2020-12-04,Sutter,101,95872,4530,3791,15,3806,20
2020-12-04,Tehama,103,63373,2124,1876,104,1980,9
2020-12-04,Trinity,105,12862,326,172,38,210,0
2020-12-04,Tulare,107,460477,24737,22273,2068,24341,322
2020-12-04,Tuolumne,109,53932,1390,1134,5,1139,7
2020-12-04,Ventura,111,848112,25187,22024,785,22809,189
2020-12-04,Yolo,113,214977,5958,5294,21,5315,87
2020-12-04,Yuba,115,75493,2585,2225,19,2244,10
2020-12-03,Alameda,001,1643700,35083,31184,452,31636,465
2020-12-03,Alpine,003,1148,57,53,0,53,0
2020-12-03,Amador,005,37829,1133,653,3,656,16
2020-12-03,Butte,007,227075,4882,4305,283,4588,65
2020-12-03,Calaveras,009,45235,635,572,0,572,21
2020-12-03,Colusa,011,21464,918,774,17,791,6
2020-12-03,Contra Costa,013,1133247,28053,25464,208,25672,265
2020-12-03,Del Norte,015,27424,465,388,0,388,2
2020-12-03,El Dorado,017,186661,3629,2740,53,2793,6
2020-12-03,Fresno,019,978130,47762,39680,1983,41663,516
2020-12-03,Glenn,021,27897,1145,997,74,1071,8
2020-12-03,Humboldt,023,135768,1138,923,4,927,9
2020-12-03,Imperial,025,180216,18027,16436,173,16609,359
2020-12-03,Inyo,027,18085,361,321,6,327,15
2020-12-03,Kern,029,883053,46458,42062,1991,44053,483
2020-12-03,Kings,031,150075,12934,11658,269,11927,87
2020-12-03,Lake,033,64148,1187,991,0,991,20
2020-12-03,Lassen,035,31185,2754,2128,9,2137,0
2020-12-03,Los Angeles,037,10098052,463097,415805,8216,424021,7787
2020-12-03,Madera,039,155013,7413,6398,210,6608,58
2020-12-03,Marin,041,260295,8181,7861,39,7900,136
2020-12-03,Mariposa,043,17540,166,132,2,134,2
2020-12-03,Mendocino,045,87422,1742,1547,8,1555,23
2020-12-03,Merced,047,269075,13518,12310,160,12470,177
2020-12-03,Modoc,049,8938,151,114,28,142,0
2020-12-03,Mono,051,14174,626,527,10,537,3
2020-12-03,Monterey,053,433212,18220,16218,358,16576,125
2020-12-03,Napa,055,140530,3931,3360,21,3381,19
2020-12-03,Nevada,057,99092,1875,1472,47,1519,10
2020-12-03,Orange,059,3164182,94411,82187,2933,85120,1591
2020-12-03,Placer,061,380077,9270,7270,214,7484,73
2020-12-03,Plumas,063,18699,284,223,0,223,0
2020-12-03,Riverside,065,2383286,110031,92489,2874,95363,1461
2020-12-03,Sacramento,067,1510023,44746,40280,185,40465,614
2020-12-03,San Benito,069,59416,2240,1967,15,1982,16
2020-12-03,San Bernardino,071,2135413,118962,100787,2398,103185,1283
2020-12-03,San Diego,073,3302833,97017,86144,3860,90004,1040
2020-12-03,San Francisco,075,870044,17478,16236,131,16367,161
2020-12-03,San Joaquin,077,732212,30843,27239,655,27894,522
2020-12-03,San Luis Obispo,079,281455,7234,6388,126,6514,42
2020-12-03,San Mateo,081,765935,16905,14909,17,14926,173
2020-12-03,Santa Barbara,083,443738,13520,11829,249,12078,141
2020-12-03,Santa Clara,085,1922200,43776,36621,113,36734,465
2020-12-03,Santa Cruz,087,273765,5665,4850,85,4935,28
2020-12-03,Shasta,089,179085,6381,5330,325,5655,48
2020-12-03,Sierra,091,2930,19,17,0,17,0
2020-12-03,Siskiyou,093,43540,769,629,53,682,2
2020-12-03,Solano,095,438530,12204,10857,96,10953,87
2020-12-03,Sonoma,097,501317,14028,12772,84,12856,164
2020-12-03,Stanislaus,099,539301,25121,22821,1752,24573,447
2020-12-03,Sutter,101,95872,4447,3727,14,3741,20
2020-12-03,Tehama,103,63373,2071,1832,95,1927,9
2020-12-03,Trinity,105,12862,323,166,38,204,0
2020-12-03,Tulare,107,460477,24338,21993,1975,23968,321
2020-12-03,Tuolumne,109,53932,1348,1105,5,1110,7
2020-12-03,Ventura,111,848112,24484,21555,772,22327,187
2020-12-03,Yolo,113,214977,5820,5069,21,5090,87
2020-12-03,Yuba,115,75493,2515,2182,18,2200,10
2020-12-02,Alameda,001,1643700,34457,30697,442,31139,463
2020-12-02,Alpine,003,1148,56,52,0,52,0
2020-12-02,Amador,005,37829,1061,585,3,588,16
2020-12-02,Butte,007,227075,4759,4243,273,4516,65
2020-12-02,Calaveras,009,45235,619,553,0,553,21
2020-12-02,Colusa,011,21464,902,756,16,772,6
2020-12-02,Contra Costa,013,1133247,27593,25147,196,25343,264
2020-12-02,Del Norte,015,27424,451,384,0,384,2
2020-12-02,El Dorado,017,186661,3527,2638,49,2687,5
2020-12-02,Fresno,019,978130,47004,39324,1883,41207,507
2020-12-02,Glenn,021,27897,1128,995,66,1061,7
2020-12-02,Humboldt,023,135768,1112,899,4,903,9
2020-12-02,Imperial,025,180216,17603,16360,165,16525,356
2020-12-02,Inyo,027,18085,354,314,6,320,15
2020-12-02,Kern,029,883053,45561,41660,1894,43554,479
2020-12-02,Kings,031,150075,12581,11531,255,11786,86
2020-12-02,Lake,033,64148,1157,971,0,971,20
2020-12-02,Lassen,035,31185,2695,2115,9,2124,0
2020-12-02,Los Angeles,037,10098052,453052,408289,7877,416166,7739
2020-12-02,Madera,039,155013,7289,6370,203,6573,57
2020-12-02,Marin,041,260295,8134,7819,37,7856,136
2020-12-02,Mariposa,043,17540,163,131,2,133,2
2020-12-02,Mendocino,045,87422,1709,1524,8,1532,23
2020-12-02,Merced,047,269075,13275,12168,153,12321,173
2020-12-02,Modoc,049,8938,148,113,28,141,0
2020-12-02,Mono,051,14174,617,520,10,530,3
2020-12-02,Monterey,053,433212,17742,16064,319,16383,121
2020-12-02,Napa,055,140530,3828,3298,20,3318,19
2020-12-02,Nevada,057,99092,1813,1430,46,1476,9
2020-12-02,Orange,059,3164182,92214,81046,2853,83899,1569
2020-12-02,Placer,061,380077,9036,6941,200,7141,73
2020-12-02,Plumas,063,18699,271,218,0,218,0
2020-12-02,Riverside,065,2383286,107312,90089,2693,92782,1451
2020-12-02,Sacramento,067,1510023,43706,39334,174,39508,597
2020-12-02,San Benito,069,59416,2175,1921,15,1936,16
2020-12-02,San Bernardino,071,2135413,115395,98567,2290,100857,1240
2020-12-02,San Diego,073,3302833,95101,84640,3745,88385,1035
2020-12-02,San Francisco,075,870044,17241,16058,129,16187,157
2020-12-02,San Joaquin,077,732212,30222,26740,631,27371,519
2020-12-02,San Luis Obispo,079,281455,7136,6324,123,6447,42
2020-12-02,San Mateo,081,765935,16542,14757,16,14773,170
2020-12-02,Santa Barbara,083,443738,13367,11705,237,11942,140
2020-12-02,Santa Clara,085,1922200,42662,35878,113,35991,458
2020-12-02,Santa Cruz,087,273765,5533,4766,82,4848,27
2020-12-02,Shasta,089,179085,6257,5188,308,5496,47
2020-12-02,Sierra,091,2930,19,17,0,17,0
2020-12-02,Siskiyou,093,43540,753,624,51,675,1
2020-12-02,Solano,095,438530,11958,10701,92,10793,87
2020-12-02,Sonoma,097,501317,13788,12635,83,12718,163
2020-12-02,Stanislaus,099,539301,24621,22615,1696,24311,448
2020-12-02,Sutter,101,95872,4286,3604,14,3618,18
2020-12-02,Tehama,103,63373,2027,1800,80,1880,9
2020-12-02,Trinity,105,12862,313,165,37,202,0
2020-12-02,Tulare,107,460477,23958,21789,1893,23682,321
2020-12-02,Tuolumne,109,53932,1307,1076,5,1081,7
2020-12-02,Ventura,111,848112,24073,21208,754,21962,186
2020-12-02,Yolo,113,214977,5709,5053,20,5073,87
2020-12-02,Yuba,115,75493,2438,2119,17,2136,10
2020-12-01,Alameda,001,1643700,33768,30252,432,30684,460
2020-12-01,Alpine,003,1148,56,41,0,41,0
2020-12-01,Amador,005,37829,914,575,2,577,16
2020-12-01,Butte,007,227075,4653,4177,259,4436,65
2020-12-01,Calaveras,009,45235,601,544,0,544,21
2020-12-01,Colusa,011,21464,885,747,16,763,6
2020-12-01,Contra Costa,013,1133247,27020,24788,188,24976,264
2020-12-01,Del Norte,015,27424,423,357,0,357,2
2020-12-01,El Dorado,017,186661,3382,2542,44,2586,4
2020-12-01,Fresno,019,978130,46102,39004,1804,40808,505
2020-12-01,Glenn,021,27897,1107,989,62,1051,7
2020-12-01,Humboldt,023,135768,1081,886,4,890,9
2020-12-01,Imperial,025,180216,17290,16278,162,16440,356
2020-12-01,Inyo,027,18085,347,304,6,310,15
2020-12-01,Kern,029,883053,44758,41345,1763,43108,478
2020-12-01,Kings,031,150075,12266,11415,241,11656,86
2020-12-01,Lake,033,64148,1139,969,0,969,19
2020-12-01,Lassen,035,31185,2529,2047,8,2055,0
2020-12-01,Los Angeles,037,10098052,442696,403266,7547,410813,7704
2020-12-01,Madera,039,155013,7172,6270,193,6463,57
2020-12-01,Marin,041,260295,8064,7787,36,7823,136
2020-12-01,Mariposa,043,17540,158,128,2,130,2
2020-12-01,Mendocino,045,87422,1675,1497,8,1505,23
2020-12-01,Merced,047,269075,13032,12032,144,12176,172
2020-12-01,Modoc,049,8938,143,113,24,137,0
2020-12-01,Mono,051,14174,604,520,10,530,3
2020-12-01,Monterey,053,433212,17235,15835,308,16143,121
2020-12-01,Napa,055,140530,3744,3124,19,3143,19
2020-12-01,Nevada,057,99092,1751,1411,45,1456,9
2020-12-01,Orange,059,3164182,90117,79468,2765,82233,1567
2020-12-01,Placer,061,380077,8712,6794,193,6987,72
2020-12-01,Plumas,063,18699,259,201,0,201,0
2020-12-01,Riverside,065,2383286,104501,88530,2530,91060,1448
2020-12-01,Sacramento,067,1510023,42658,38966,169,39135,589
2020-12-01,San Benito,069,59416,2120,1888,15,1903,15
2020-12-01,San Bernardino,071,2135413,111924,95854,2166,98020,1220
2020-12-01,San Diego,073,3302833,92844,83423,3635,87058,1019
2020-12-01,San Francisco,075,870044,16961,15797,125,15922,157
2020-12-01,San Joaquin,077,732212,29422,26432,609,27041,514
2020-12-01,San Luis Obispo,079,281455,6996,6264,118,6382,40
2020-12-01,San Mateo,081,765935,16217,14495,16,14511,170
2020-12-01,Santa Barbara,083,443738,13226,11611,227,11838,140
2020-12-01,Santa Clara,085,1922200,41405,35397,108,35505,452
2020-12-01,Santa Cruz,087,273765,5375,4638,74,4712,27
2020-12-01,Shasta,089,179085,6129,5077,288,5365,47
2020-12-01,Sierra,091,2930,19,17,0,17,0
2020-12-01,Siskiyou,093,43540,739,608,47,655,1
2020-12-01,Solano,095,438530,11698,10604,87,10691,87
2020-12-01,Sonoma,097,501317,13583,12491,80,12571,163
2020-12-01,Stanislaus,099,539301,24165,22351,1639,23990,447
2020-12-01,Sutter,101,95872,4145,3538,14,3552,17
2020-12-01,Tehama,103,63373,1965,1773,70,1843,9
2020-12-01,Trinity,105,12862,299,165,31,196,0
2020-12-01,Tulare,107,460477,23503,21645,1821,23466,319
2020-12-01,Tuolumne,109,53932,1271,1052,3,1055,7
2020-12-01,Ventura,111,848112,23460,20604,732,21336,186
2020-12-01,Yolo,113,214977,5568,4928,20,4948,86
2020-12-01,Yuba,115,75493,2372,2088,16,2104,10
2020-11-30,Alameda,001,1643700,32952,29972,414,30386,457
2020-11-30,Alpine,003,1148,54,41,0,41,0
2020-11-30,Amador,005,37829,873,559,2,561,16
2020-11-30,Butte,007,227075,4536,4148,243,4391,65
2020-11-30,Calaveras,009,45235,578,478,0,478,21
2020-11-30,Colusa,011,21464,858,737,12,749,6
2020-11-30,Contra Costa,013,1133247,26440,24365,184,24549,264
2020-11-30,Del Norte,015,27424,400,339,0,339,2
2020-11-30,El Dorado,017,186661,3208,2488,39,2527,4
2020-11-30,Fresno,019,978130,44991,38712,1690,40402,500
2020-11-30,Glenn,021,27897,1084,954,57,1011,5
2020-11-30,Humboldt,023,135768,1034,870,4,874,9
2020-11-30,Imperial,025,180216,17037,16212,140,16352,356
2020-11-30,Inyo,027,18085,342,304,5,309,15
2020-11-30,Kern,029,883053,43995,40941,1627,42568,473
2020-11-30,Kings,031,150075,12118,11346,226,11572,85
2020-11-30,Lake,033,64148,1108,939,0,939,18
2020-11-30,Lassen,035,31185,2436,1793,8,1801,0
2020-11-30,Los Angeles,037,10098052,432038,396202,7214,403416,7658
2020-11-30,Madera,039,155013,7006,6210,179,6389,57
2020-11-30,Marin,041,260295,8021,7764,35,7799,136
2020-11-30,Mariposa,043,17540,151,123,2,125,2
2020-11-30,Mendocino,045,87422,1647,1482,8,1490,23
2020-11-30,Merced,047,269075,12757,11913,133,12046,172
2020-11-30,Modoc,049,8938,133,113,24,137,0
2020-11-30,Mono,051,14174,582,519,10,529,3
2020-11-30,Monterey,053,433212,16806,15837,300,16137,119
2020-11-30,Napa,055,140530,3644,3091,19,3110,18
2020-11-30,Nevada,057,99092,1665,1347,42,1389,9
2020-11-30,Orange,059,3164182,88004,78711,2669,81380,1568
2020-11-30,Placer,061,380077,8418,6575,180,6755,72
2020-11-30,Plumas,063,18699,248,192,0,192,0
2020-11-30,Riverside,065,2383286,101505,87722,2385,90107,1446
2020-11-30,Sacramento,067,1510023,41579,37834,160,37994,586
2020-11-30,San Benito,069,59416,2073,1875,14,1889,15
2020-11-30,San Bernardino,071,2135413,108196,92704,2054,94758,1220
2020-11-30,San Diego,073,3302833,90482,82045,3508,85553,997
2020-11-30,San Francisco,075,870044,16661,15638,122,15760,157
2020-11-30,San Joaquin,077,732212,28715,25742,583,26325,509
2020-11-30,San Luis Obispo,079,281455,6861,6224,116,6340,36
2020-11-30,San Mateo,081,765935,15857,14276,16,14292,170
2020-11-30,Santa Barbara,083,443738,13048,11572,219,11791,140
2020-11-30,Santa Clara,085,1922200,40197,35019,107,35126,451
2020-11-30,Santa Cruz,087,273765,5237,4558,70,4628,26
2020-11-30,Shasta,089,179085,5985,4933,258,5191,44
2020-11-30,Sierra,091,2930,19,16,0,16,0
2020-11-30,Siskiyou,093,43540,730,605,43,648,1
2020-11-30,Solano,095,438530,11436,10392,82,10474,87
2020-11-30,Sonoma,097,501317,13338,12232,76,12308,163
2020-11-30,Stanislaus,099,539301,23704,22110,1595,23705,446
2020-11-30,Sutter,101,95872,3988,3430,13,3443,16
2020-11-30,Tehama,103,63373,1917,1724,64,1788,9
2020-11-30,Trinity,105,12862,293,162,31,193,0
2020-11-30,Tulare,107,460477,23116,20833,1726,22559,319
2020-11-30,Tuolumne,109,53932,1226,1027,3,1030,7
2020-11-30,Ventura,111,848112,22704,20308,716,21024,180
2020-11-30,Yolo,113,214977,5456,4894,20,4914,81
2020-11-30,Yuba,115,75493,2311,2028,14,2042,10
2020-11-29,Alameda,001,1643700,32167,29918,392,30310,457
2020-11-29,Alpine,003,1148,51,41,0,41,0
2020-11-29,Amador,005,37829,722,548,2,550,16
2020-11-29,Butte,007,227075,4434,4008,225,4233,65
2020-11-29,Calaveras,009,45235,546,478,0,478,21
2020-11-29,Colusa,011,21464,829,723,8,731,6
2020-11-29,Contra Costa,013,1133247,25937,24165,178,24343,264
2020-11-29,Del Norte,015,27424,394,339,0,339,2
2020-11-29,El Dorado,017,186661,3078,2447,38,2485,4
2020-11-29,Fresno,019,978130,44038,38568,1617,40185,500
2020-11-29,Glenn,021,27897,1061,951,55,1006,4
2020-11-29,Humboldt,023,135768,1005,856,4,860,9
2020-11-29,Imperial,025,180216,16808,16138,112,16250,356
2020-11-29,Inyo,027,18085,327,289,5,294,15
2020-11-29,Kern,029,883053,43232,40596,1479,42075,473
2020-11-29,Kings,031,150075,11968,11247,208,11455,85
2020-11-29,Lake,033,64148,1084,927,0,927,18
2020-11-29,Lassen,035,31185,2333,1793,8,1801,0
2020-11-29,Los Angeles,037,10098052,421648,391162,6915,398077,7642
2020-11-29,Madera,039,155013,6863,6184,173,6357,57
2020-11-29,Marin,041,260295,7955,7739,33,7772,135
2020-11-29,Mariposa,043,17540,147,123,2,125,2
2020-11-29,Mendocino,045,87422,1613,1473,8,1481,23
2020-11-29,Merced,047,269075,12518,11773,124,11897,172
2020-11-29,Modoc,049,8938,129,105,22,127,0
2020-11-29,Mono,051,14174,559,515,9,524,3
2020-11-29,Monterey,053,433212,16495,15621,293,15914,119
2020-11-29,Napa,055,140530,3539,3090,18,3108,18
2020-11-29,Nevada,057,99092,1584,1311,40,1351,9
2020-11-29,Orange,059,3164182,85984,78057,2622,80679,1567
2020-11-29,Placer,061,380077,8120,6535,168,6703,72
2020-11-29,Plumas,063,18699,243,191,0,191,0
2020-11-29,Riverside,065,2383286,99116,87383,2230,89613,1442
2020-11-29,Sacramento,067,1510023,40500,37415,151,37566,585
2020-11-29,San Benito,069,59416,2029,1860,14,1874,15
2020-11-29,San Bernardino,071,2135413,104848,92052,1938,93990,1223
2020-11-29,San Diego,073,3302833,88071,81086,3355,84441,997
2020-11-29,San Francisco,075,870044,16380,15571,115,15686,153
2020-11-29,San Joaquin,077,732212,27973,25740,577,26317,509
2020-11-29,San Luis Obispo,079,281455,6739,6145,116,6261,36
2020-11-29,San Mateo,081,765935,15523,14177,16,14193,169
2020-11-29,Santa Barbara,083,443738,12892,11520,215,11735,140
2020-11-29,Santa Clara,085,1922200,38991,34234,101,34335,451
2020-11-29,Santa Cruz,087,273765,5078,4490,68,4558,26
2020-11-29,Shasta,089,179085,5810,4935,230,5165,43
2020-11-29,Sierra,091,2930,19,16,0,16,0
2020-11-29,Siskiyou,093,43540,707,590,41,631,1
2020-11-29,Solano,095,438530,11204,10393,78,10471,87
2020-11-29,Sonoma,097,501317,13086,12052,72,12124,163
2020-11-29,Stanislaus,099,539301,23208,21701,1559,23260,446
2020-11-29,Sutter,101,95872,3870,3297,13,3310,16
2020-11-29,Tehama,103,63373,1866,1710,48,1758,9
2020-11-29,Trinity,105,12862,290,159,30,189,0
2020-11-29,Tulare,107,460477,22747,20793,1648,22441,319
2020-11-29,Tuolumne,109,53932,1190,988,3,991,7
2020-11-29,Ventura,111,848112,22019,19952,703,20655,179
2020-11-29,Yolo,113,214977,5318,4830,19,4849,80
2020-11-29,Yuba,115,75493,2255,1959,14,1973,10
2020-11-28,Alameda,001,1643700,31858,29368,387,29755,456
2020-11-28,Alpine,003,1148,51,41,0,41,0
2020-11-28,Amador,005,37829,645,536,2,538,16
2020-11-28,Butte,007,227075,4376,3894,221,4115,65
2020-11-28,Calaveras,009,45235,542,478,0,478,21
2020-11-28,Colusa,011,21464,820,711,6,717,6
2020-11-28,Contra Costa,013,1133247,25604,23798,174,23972,264
2020-11-28,Del Norte,015,27424,384,328,0,328,2
2020-11-28,El Dorado,017,186661,3010,2415,32,2447,4
2020-11-28,Fresno,019,978130,43690,38288,1578,39866,500
2020-11-28,Glenn,021,27897,1050,925,51,976,4
2020-11-28,Humboldt,023,135768,970,844,4,848,9
2020-11-28,Imperial,025,180216,16743,16019,110,16129,356
2020-11-28,Inyo,027,18085,319,289,5,294,15
2020-11-28,Kern,029,883053,42869,40255,1391,41646,473
2020-11-28,Kings,031,150075,11903,11070,201,11271,85
2020-11-28,Lake,033,64148,1069,920,0,920,18
2020-11-28,Lassen,035,31185,2266,1714,8,1722,0
2020-11-28,Los Angeles,037,10098052,416734,386194,6759,392953,7625
2020-11-28,Madera,039,155013,6761,6119,166,6285,57
2020-11-28,Marin,041,260295,7925,7696,29,7725,135
2020-11-28,Mariposa,043,17540,144,120,2,122,2
2020-11-28,Mendocino,045,87422,1582,1458,8,1466,22
2020-11-28,Merced,047,269075,12420,11688,118,11806,172
2020-11-28,Modoc,049,8938,126,103,22,125,0
2020-11-28,Mono,051,14174,553,505,9,514,3
2020-11-28,Monterey,053,433212,16329,15328,289,15617,118
2020-11-28,Napa,055,140530,3487,3033,18,3051,18
2020-11-28,Nevada,057,99092,1556,1272,38,1310,9
2020-11-28,Orange,059,3164182,84885,76882,2575,79457,1568
2020-11-28,Placer,061,380077,7961,6497,165,6662,70
2020-11-28,Plumas,063,18699,236,188,0,188,0
2020-11-28,Riverside,065,2383286,97707,86854,2128,88982,1440
2020-11-28,Sacramento,067,1510023,39921,36905,147,37052,580
2020-11-28,San Benito,069,59416,1982,1835,14,1849,15
2020-11-28,San Bernardino,071,2135413,103449,91183,1840,93023,1224
2020-11-28,San Diego,073,3302833,86817,80020,3271,83291,997
2020-11-28,San Francisco,075,870044,16204,15450,107,15557,153
2020-11-28,San Joaquin,077,732212,27776,25742,562,26304,509
2020-11-28,San Luis Obispo,079,281455,6669,6106,112,6218,36
2020-11-28,San Mateo,081,765935,15332,14040,16,14056,169
2020-11-28,Santa Barbara,083,443738,12790,11481,210,11691,140
2020-11-28,Santa Clara,085,1922200,38245,33701,99,33800,449
2020-11-28,Santa Cruz,087,273765,5001,4426,68,4494,26
2020-11-28,Shasta,089,179085,5732,4882,223,5105,43
2020-11-28,Sierra,091,2930,19,16,0,16,0
2020-11-28,Siskiyou,093,43540,697,558,38,596,1
2020-11-28,Solano,095,438530,11085,10252,76,10328,87
2020-11-28,Sonoma,097,501317,12983,12008,63,12071,162
2020-11-28,Stanislaus,099,539301,22969,21574,1523,23097,446
2020-11-28,Sutter,101,95872,3786,3244,13,3257,15
2020-11-28,Tehama,103,63373,1850,1678,44,1722,9
2020-11-28,Trinity,105,12862,287,157,28,185,0
2020-11-28,Tulare,107,460477,22551,20701,1601,22302,319
2020-11-28,Tuolumne,109,53932,1168,976,3,979,7
2020-11-28,Ventura,111,848112,21721,19510,693,20203,179
2020-11-28,Yolo,113,214977,5244,4739,17,4756,80
2020-11-28,Yuba,115,75493,2202,1912,14,1926,10
2020-11-27,Alameda,001,1643700,31419,29064,376,29440,450
2020-11-27,Alpine,003,1148,51,41,0,41,0
2020-11-27,Amador,005,37829,598,498,1,499,16
2020-11-27,Butte,007,227075,4335,3894,215,4109,65
2020-11-27,Calaveras,009,45235,533,478,0,478,21
2020-11-27,Colusa,011,21464,803,694,4,698,6
2020-11-27,Contra Costa,013,1133247,25344,23463,168,23631,264
2020-11-27,Del Norte,015,27424,378,307,0,307,2
2020-11-27,El Dorado,017,186661,2939,2238,29,2267,4
2020-11-27,Fresno,019,978130,43284,37994,1520,39514,500
2020-11-27,Glenn,021,27897,1037,891,46,937,4
2020-11-27,Humboldt,023,135768,951,795,3,798,9
2020-11-27,Imperial,025,180216,16675,15960,101,16061,356
2020-11-27,Inyo,027,18085,313,289,5,294,15
2020-11-27,Kern,029,883053,42445,39707,1320,41027,473
2020-11-27,Kings,031,150075,11817,10667,183,10850,85
2020-11-27,Lake,033,64148,1033,909,0,909,18
2020-11-27,Lassen,035,31185,2254,1714,8,1722,0
2020-11-27,Los Angeles,037,10098052,410228,382740,6603,389343,7606
2020-11-27,Madera,039,155013,6689,6050,160,6210,57
2020-11-27,Marin,041,260295,7882,7660,29,7689,135
2020-11-27,Mariposa,043,17540,142,118,2,120,2
2020-11-27,Mendocino,045,87422,1568,1387,7,1394,22
2020-11-27,Merced,047,269075,12314,11550,111,11661,172
2020-11-27,Modoc,049,8938,125,100,22,122,0
2020-11-27,Mono,051,14174,549,498,9,507,3
2020-11-27,Monterey,053,433212,16162,14753,289,15042,113
2020-11-27,Napa,055,140530,3447,2988,18,3006,18
2020-11-27,Nevada,057,99092,1526,1184,36,1220,9
2020-11-27,Orange,059,3164182,83596,75151,2536,77687,1568
2020-11-27,Placer,061,380077,7798,6283,155,6438,68
2020-11-27,Plumas,063,18699,233,188,0,188,0
2020-11-27,Riverside,065,2383286,96097,85769,1976,87745,1440
2020-11-27,Sacramento,067,1510023,39298,36579,143,36722,579
2020-11-27,San Benito,069,59416,1948,1805,13,1818,15
2020-11-27,San Bernardino,071,2135413,101938,90254,1759,92013,1224
2020-11-27,San Diego,073,3302833,85623,78161,3182,81343,996
2020-11-27,San Francisco,075,870044,16049,15377,105,15482,153
2020-11-27,San Joaquin,077,732212,27555,25741,542,26283,509
2020-11-27,San Luis Obispo,079,281455,6586,6039,109,6148,36
2020-11-27,San Mateo,081,765935,15129,13872,15,13887,169
2020-11-27,Santa Barbara,083,443738,12697,11340,207,11547,140
2020-11-27,Santa Clara,085,1922200,37570,32935,92,33027,449
2020-11-27,Santa Cruz,087,273765,4930,4358,66,4424,26
2020-11-27,Shasta,089,179085,5655,4710,210,4920,43
2020-11-27,Sierra,091,2930,18,16,0,16,0
2020-11-27,Siskiyou,093,43540,682,554,35,589,1
2020-11-27,Solano,095,438530,10966,10044,73,10117,87
2020-11-27,Sonoma,097,501317,12851,11924,61,11985,162
2020-11-27,Stanislaus,099,539301,22741,21185,1493,22678,446
2020-11-27,Sutter,101,95872,3719,3101,13,3114,15
2020-11-27,Tehama,103,63373,1822,1649,40,1689,9
2020-11-27,Trinity,105,12862,283,151,28,179,0
2020-11-27,Tulare,107,460477,22363,20634,1544,22178,319
2020-11-27,Tuolumne,109,53932,1136,881,3,884,7
2020-11-27,Ventura,111,848112,21397,19379,671,20050,179
2020-11-27,Yolo,113,214977,5195,4737,17,4754,79
2020-11-27,Yuba,115,75493,2173,1864,13,1877,10
2020-11-26,Alameda,001,1643700,31008,28797,357,29154,447
2020-11-26,Alpine,003,1148,51,41,0,41,0
2020-11-26,Amador,005,37829,590,488,1,489,16
2020-11-26,Butte,007,227075,4272,3894,209,4103,65
2020-11-26,Calaveras,009,45235,505,478,0,478,21
2020-11-26,Colusa,011,21464,789,694,4,698,6
2020-11-26,Contra Costa,013,1133247,25009,23468,162,23630,264
2020-11-26,Del Norte,015,27424,367,307,0,307,2
2020-11-26,El Dorado,017,186661,2858,2217,27,2244,4
2020-11-26,Fresno,019,978130,42878,37724,1475,39199,500
2020-11-26,Glenn,021,27897,1021,892,44,936,4
2020-11-26,Humboldt,023,135768,929,795,2,797,9
2020-11-26,Imperial,025,180216,16566,15722,97,15819,355
2020-11-26,Inyo,027,18085,312,289,5,294,15
2020-11-26,Kern,029,883053,41995,39123,1256,40379,471
2020-11-26,Kings,031,150075,11762,10475,171,10646,85
2020-11-26,Lake,033,64148,1020,890,0,890,18
2020-11-26,Lassen,035,31185,2239,1714,8,1722,0
2020-11-26,Los Angeles,037,10098052,405082,378340,6365,384705,7581
2020-11-26,Madera,039,155013,6614,6003,154,6157,57
2020-11-26,Marin,041,260295,7845,7610,29,7639,135
2020-11-26,Mariposa,043,17540,137,116,2,118,2
2020-11-26,Mendocino,045,87422,1554,1387,5,1392,22
2020-11-26,Merced,047,269075,12166,11440,109,11549,172
2020-11-26,Modoc,049,8938,123,100,22,122,0
2020-11-26,Mono,051,14174,541,485,9,494,2
2020-11-26,Monterey,053,433212,15926,14750,281,15031,113
2020-11-26,Napa,055,140530,3383,2988,18,3006,18
2020-11-26,Nevada,057,99092,1480,1184,36,1220,9
2020-11-26,Orange,059,3164182,82207,74264,2473,76737,1563
2020-11-26,Placer,061,380077,7634,6278,146,6424,68
2020-11-26,Plumas,063,18699,225,188,0,188,0
2020-11-26,Riverside,065,2383286,94494,85774,1854,87628,1440
2020-11-26,Sacramento,067,1510023,38656,35854,135,35989,580
2020-11-26,San Benito,069,59416,1921,1769,13,1782,15
2020-11-26,San Bernardino,071,2135413,100288,89727,1667,91394,1223
2020-11-26,San Diego,073,3302833,84013,76359,3078,79437,996
2020-11-26,San Francisco,075,870044,15912,15156,102,15258,153
2020-11-26,San Joaquin,077,732212,27299,25738,530,26268,509
2020-11-26,San Luis Obispo,079,281455,6493,5964,106,6070,36
2020-11-26,San Mateo,081,765935,14940,13715,14,13729,169
2020-11-26,Santa Barbara,083,443738,12616,11277,206,11483,139
2020-11-26,Santa Clara,085,1922200,36928,32411,84,32495,446
2020-11-26,Santa Cruz,087,273765,4799,4269,60,4329,26
2020-11-26,Shasta,089,179085,5573,4712,198,4910,43
2020-11-26,Sierra,091,2930,18,15,0,15,0
2020-11-26,Siskiyou,093,43540,672,526,34,560,1
2020-11-26,Solano,095,438530,10823,9941,71,10012,87
2020-11-26,Sonoma,097,501317,12703,11922,59,11981,162
2020-11-26,Stanislaus,099,539301,22510,21186,1452,22638,445
2020-11-26,Sutter,101,95872,3625,3101,12,3113,15
2020-11-26,Tehama,103,63373,1780,1612,37,1649,9
2020-11-26,Trinity,105,12862,279,139,28,167,0
2020-11-26,Tulare,107,460477,22124,20649,1480,22129,319
2020-11-26,Tuolumne,109,53932,1108,871,3,874,7
2020-11-26,Ventura,111,848112,20901,19058,657,19715,179
2020-11-26,Yolo,113,214977,5108,4566,17,4583,76
2020-11-26,Yuba,115,75493,2113,1865,11,1876,10
2020-11-25,Alameda,001,1643700,30792,28378,349,28727,447
2020-11-25,Alpine,003,1148,51,41,0,41,0
2020-11-25,Amador,005,37829,580,484,1,485,16
2020-11-25,Butte,007,227075,4241,3848,206,4054,64
2020-11-25,Calaveras,009,45235,502,475,0,475,21
2020-11-25,Colusa,011,21464,772,693,4,697,6
2020-11-25,Contra Costa,013,1133247,24854,23307,161,23468,263
2020-11-25,Del Norte,015,27424,366,304,0,304,2
2020-11-25,El Dorado,017,186661,2822,2154,27,2181,4
2020-11-25,Fresno,019,978130,42646,37349,1453,38802,494
2020-11-25,Glenn,021,27897,1004,891,42,933,4
2020-11-25,Humboldt,023,135768,921,777,2,779,9
2020-11-25,Imperial,025,180216,16496,15640,95,15735,355
2020-11-25,Inyo,027,18085,310,289,5,294,15
2020-11-25,Kern,029,883053,41839,38878,1237,40115,467
2020-11-25,Kings,031,150075,11727,10417,167,10584,85
2020-11-25,Lake,033,64148,1003,878,0,878,18
2020-11-25,Lassen,035,31185,2196,1701,8,1709,0
2020-11-25,Los Angeles,037,10098052,402055,373919,6261,380180,7545
2020-11-25,Madera,039,155013,6592,5989,151,6140,57
2020-11-25,Marin,041,260295,7818,7601,28,7629,135
2020-11-25,Mariposa,043,17540,136,114,2,116,2
2020-11-25,Mendocino,045,87422,1535,1373,5,1378,22
2020-11-25,Merced,047,269075,12108,11346,109,11455,172
2020-11-25,Modoc,049,8938,123,96,22,118,0
2020-11-25,Mono,051,14174,536,487,9,496,2
2020-11-25,Monterey,053,433212,15809,14695,279,14974,113
2020-11-25,Napa,055,140530,3350,2945,18,2963,17
2020-11-25,Nevada,057,99092,1462,1170,34,1204,9
2020-11-25,Orange,059,3164182,81454,73014,2453,75467,1551
2020-11-25,Placer,061,380077,7558,6221,145,6366,68
2020-11-25,Plumas,063,18699,220,183,0,183,0
2020-11-25,Riverside,065,2383286,93950,85077,1836,86913,1438
2020-11-25,Sacramento,067,1510023,38320,35687,132,35819,574
2020-11-25,San Benito,069,59416,1898,1764,13,1777,15
2020-11-25,San Bernardino,071,2135413,99448,88469,1639,90108,1225
2020-11-25,San Diego,073,3302833,83356,75307,3042,78349,988
2020-11-25,San Francisco,075,870044,15807,15053,100,15153,153
2020-11-25,San Joaquin,077,732212,27172,25556,518,26074,515
2020-11-25,San Luis Obispo,079,281455,6450,5913,105,6018,34
2020-11-25,San Mateo,081,765935,14825,13614,14,13628,170
2020-11-25,Santa Barbara,083,443738,12566,11183,206,11389,138
2020-11-25,Santa Clara,085,1922200,36481,32032,83,32115,442
2020-11-25,Santa Cruz,087,273765,4747,4202,59,4261,25
2020-11-25,Shasta,089,179085,5527,4588,191,4779,43
2020-11-25,Sierra,091,2930,18,15,0,15,0
2020-11-25,Siskiyou,093,43540,665,499,34,533,1
2020-11-25,Solano,095,438530,10718,9832,70,9902,87
2020-11-25,Sonoma,097,501317,12640,11775,58,11833,162
2020-11-25,Stanislaus,099,539301,22379,21022,1425,22447,445
2020-11-25,Sutter,101,95872,3581,3064,12,3076,14
2020-11-25,Tehama,103,63373,1768,1587,32,1619,9
2020-11-25,Trinity,105,12862,277,135,28,163,0
2020-11-25,Tulare,107,460477,22034,20528,1448,21976,318
2020-11-25,Tuolumne,109,53932,1091,842,3,845,7
2020-11-25,Ventura,111,848112,20806,18914,651,19565,179
2020-11-25,Yolo,113,214977,5072,4527,17,4544,76
2020-11-25,Yuba,115,75493,2087,1840,11,1851,10
2020-11-24,Alameda,001,1643700,30314,28030,338,28368,444
2020-11-24,Alpine,003,1148,51,41,0,41,0
2020-11-24,Amador,005,37829,555,470,1,471,16
2020-11-24,Butte,007,227075,4156,3798,198,3996,63
2020-11-24,Calaveras,009,45235,495,466,0,466,21
2020-11-24,Colusa,011,21464,754,682,4,686,6
2020-11-24,Contra Costa,013,1133247,24501,23072,155,23227,259
2020-11-24,Del Norte,015,27424,357,298,0,298,2
2020-11-24,El Dorado,017,186661,2717,2005,26,2031,4
2020-11-24,Fresno,019,978130,42243,37021,1376,38397,493
2020-11-24,Glenn,021,27897,986,883,38,921,4
2020-11-24,Humboldt,023,135768,902,774,2,776,9
2020-11-24,Imperial,025,180216,16393,15600,90,15690,355
2020-11-24,Inyo,027,18085,309,282,5,287,15
2020-11-24,Kern,029,883053,41365,38551,1159,39710,465
2020-11-24,Kings,031,150075,11460,10338,154,10492,85
2020-11-24,Lake,033,64148,987,872,0,872,18
2020-11-24,Lassen,035,31185,2173,1657,8,1665,0
2020-11-24,Los Angeles,037,10098052,395746,370008,6025,376033,7501
2020-11-24,Madera,039,155013,6506,5881,145,6026,57
2020-11-24,Marin,041,260295,7771,7591,28,7619,135
2020-11-24,Mariposa,043,17540,126,114,1,115,2
2020-11-24,Mendocino,045,87422,1513,1346,4,1350,22
2020-11-24,Merced,047,269075,11919,11268,104,11372,171
2020-11-24,Modoc,049,8938,119,91,22,113,0
2020-11-24,Mono,051,14174,532,483,9,492,2
2020-11-24,Monterey,053,433212,15551,14354,267,14621,113
2020-11-24,Napa,055,140530,3284,2904,18,2922,17
2020-11-24,Nevada,057,99092,1398,1156,32,1188,9
2020-11-24,Orange,059,3164182,80007,71975,2372,74347,1547
2020-11-24,Placer,061,380077,7376,6147,138,6285,67
2020-11-24,Plumas,063,18699,217,180,0,180,0
2020-11-24,Riverside,065,2383286,92190,83685,1708,85393,1420
2020-11-24,Sacramento,067,1510023,37640,35097,125,35222,568
2020-11-24,San Benito,069,59416,1866,1740,12,1752,15
2020-11-24,San Bernardino,071,2135413,97112,86645,1538,88183,1226
2020-11-24,San Diego,073,3302833,81946,74363,2971,77334,984
2020-11-24,San Francisco,075,870044,15612,14874,96,14970,153
2020-11-24,San Joaquin,077,732212,26856,25318,490,25808,517
2020-11-24,San Luis Obispo,079,281455,6387,5805,104,5909,34
2020-11-24,San Mateo,081,765935,14616,13558,13,13571,170
2020-11-24,Santa Barbara,083,443738,12459,11154,204,11358,138
2020-11-24,Santa Clara,085,1922200,35692,31564,79,31643,438
2020-11-24,Santa Cruz,087,273765,4634,4132,58,4190,25
2020-11-24,Shasta,089,179085,5427,4410,172,4582,43
2020-11-24,Sierra,091,2930,18,15,0,15,0
2020-11-24,Siskiyou,093,43540,647,473,31,504,1
2020-11-24,Solano,095,438530,10547,9716,69,9785,86
2020-11-24,Sonoma,097,501317,12460,11644,55,11699,162
2020-11-24,Stanislaus,099,539301,22137,20830,1382,22212,438
2020-11-24,Sutter,101,95872,3475,2974,12,2986,14
2020-11-24,Tehama,103,63373,1718,1565,27,1592,9
2020-11-24,Trinity,105,12862,270,129,27,156,0
2020-11-24,Tulare,107,460477,21785,20319,1383,21702,315
2020-11-24,Tuolumne,109,53932,1062,832,3,835,7
2020-11-24,Ventura,111,848112,20424,18637,641,19278,179
2020-11-24,Yolo,113,214977,4988,4420,17,4437,76
2020-11-24,Yuba,115,75493,2036,1804,9,1813,10
2020-11-23,Alameda,001,1643700,29900,27718,326,28044,444
2020-11-23,Alpine,003,1148,49,41,0,41,0
2020-11-23,Amador,005,37829,514,457,1,458,16
2020-11-23,Butte,007,227075,4092,3765,192,3957,61
2020-11-23,Calaveras,009,45235,478,434,0,434,21
2020-11-23,Colusa,011,21464,740,662,4,666,6
2020-11-23,Contra Costa,013,1133247,24229,22674,150,22824,260
2020-11-23,Del Norte,015,27424,335,296,0,296,2
2020-11-23,El Dorado,017,186661,2597,2005,25,2030,4
2020-11-23,Fresno,019,978130,41795,36688,1314,38002,488
2020-11-23,Glenn,021,27897,960,853,38,891,4
2020-11-23,Humboldt,023,135768,889,746,2,748,9
2020-11-23,Imperial,025,180216,16222,15104,84,15188,355
2020-11-23,Inyo,027,18085,301,279,5,284,15
2020-11-23,Kern,029,883053,40851,38245,1096,39341,463
2020-11-23,Kings,031,150075,11040,10204,147,10351,85
2020-11-23,Lake,033,64148,964,840,0,840,18
2020-11-23,Lassen,035,31185,2093,1271,7,1278,0
2020-11-23,Los Angeles,037,10098052,389658,366374,5773,372147,7447
2020-11-23,Madera,039,155013,6380,5787,140,5927,56
2020-11-23,Marin,041,260295,7729,7543,28,7571,135
2020-11-23,Mariposa,043,17540,125,97,1,98,2
2020-11-23,Mendocino,045,87422,1483,1330,4,1334,22
2020-11-23,Merced,047,269075,11731,11148,101,11249,169
2020-11-23,Modoc,049,8938,105,91,21,112,0
2020-11-23,Mono,051,14174,519,480,9,489,2
2020-11-23,Monterey,053,433212,15273,14265,261,14526,112
2020-11-23,Napa,055,140530,3218,2811,17,2828,17
2020-11-23,Nevada,057,99092,1309,1087,32,1119,9
2020-11-23,Orange,059,3164182,78600,71074,2326,73400,1546
2020-11-23,Placer,061,380077,7174,5999,137,6136,66
2020-11-23,Plumas,063,18699,213,172,0,172,0
2020-11-23,Riverside,065,2383286,90410,82175,1647,83822,1415
2020-11-23,Sacramento,067,1510023,37071,34141,118,34259,556
2020-11-23,San Benito,069,59416,1838,1729,11,1740,15
2020-11-23,San Bernardino,071,2135413,95005,84387,1475,85862,1224
2020-11-23,San Diego,073,3302833,80484,72817,2883,75700,968
2020-11-23,San Francisco,075,870044,15453,14646,94,14740,153
2020-11-23,San Joaquin,077,732212,26507,24622,486,25108,517
2020-11-23,San Luis Obispo,079,281455,6305,5772,102,5874,34
2020-11-23,San Mateo,081,765935,14424,13364,13,13377,170
2020-11-23,Santa Barbara,083,443738,12350,10944,200,11144,137
2020-11-23,Santa Clara,085,1922200,35041,31064,76,31140,435
2020-11-23,Santa Cruz,087,273765,4524,4003,54,4057,25
2020-11-23,Shasta,089,179085,5309,4100,160,4260,43
2020-11-23,Sierra,091,2930,17,15,0,15,0
2020-11-23,Siskiyou,093,43540,620,460,30,490,0
2020-11-23,Solano,095,438530,10390,9394,66,9460,86
2020-11-23,Sonoma,097,501317,12287,11507,51,11558,160
2020-11-23,Stanislaus,099,539301,21844,20487,1348,21835,436
2020-11-23,Sutter,101,95872,3337,2840,11,2851,14
2020-11-23,Tehama,103,63373,1670,1526,24,1550,9
2020-11-23,Trinity,105,12862,261,120,25,145,0
2020-11-23,Tulare,107,460477,21490,19818,1317,21135,315
2020-11-23,Tuolumne,109,53932,1022,774,3,777,7
2020-11-23,Ventura,111,848112,20048,18480,628,19108,179
2020-11-23,Yolo,113,214977,4908,4265,16,4281,75
2020-11-23,Yuba,115,75493,1969,1702,9,1711,10
2020-11-22,Alameda,001,1643700,29465,27472,315,27787,444
2020-11-22,Alpine,003,1148,46,41,0,41,0
2020-11-22,Amador,005,37829,502,450,1,451,16
2020-11-22,Butte,007,227075,4041,3712,185,3897,61
2020-11-22,Calaveras,009,45235,466,434,0,434,21
2020-11-22,Colusa,011,21464,722,642,3,645,6
2020-11-22,Contra Costa,013,1133247,23924,22407,145,22552,260
2020-11-22,Del Norte,015,27424,311,271,0,271,2
2020-11-22,El Dorado,017,186661,2487,1917,22,1939,4
2020-11-22,Fresno,019,978130,41313,36315,1258,37573,488
2020-11-22,Glenn,021,27897,938,832,34,866,4
2020-11-22,Humboldt,023,135768,873,729,2,731,9
2020-11-22,Imperial,025,180216,16017,15109,39,15148,355
2020-11-22,Inyo,027,18085,295,279,5,284,15
2020-11-22,Kern,029,883053,40272,37904,1062,38966,463
2020-11-22,Kings,031,150075,10939,10035,138,10173,85
2020-11-22,Lake,033,64148,942,834,0,834,18
2020-11-22,Lassen,035,31185,1928,1211,6,1217,0
2020-11-22,Los Angeles,037,10098052,383379,360341,5523,365864,7438
2020-11-22,Madera,039,155013,6300,5745,129,5874,56
2020-11-22,Marin,041,260295,7694,7506,27,7533,135
2020-11-22,Mariposa,043,17540,124,95,1,96,2
2020-11-22,Mendocino,045,87422,1459,1285,3,1288,22
2020-11-22,Merced,047,269075,11582,10939,101,11040,169
2020-11-22,Modoc,049,8938,104,87,19,106,0
2020-11-22,Mono,051,14174,504,481,9,490,2
2020-11-22,Monterey,053,433212,15032,13887,255,14142,111
2020-11-22,Napa,055,140530,3137,2778,17,2795,17
2020-11-22,Nevada,057,99092,1251,1052,32,1084,9
2020-11-22,Orange,059,3164182,77184,69913,2287,72200,1546
2020-11-22,Placer,061,380077,6947,5880,127,6007,66
2020-11-22,Plumas,063,18699,200,172,0,172,0
2020-11-22,Riverside,065,2383286,88820,81565,1586,83151,1409
2020-11-22,Sacramento,067,1510023,36339,33421,105,33526,555
2020-11-22,San Benito,069,59416,1809,1704,11,1715,15
2020-11-22,San Bernardino,071,2135413,92660,83505,1405,84910,1224
2020-11-22,San Diego,073,3302833,78747,71649,2808,74457,968
2020-11-22,San Francisco,075,870044,15282,14515,93,14608,153
2020-11-22,San Joaquin,077,732212,26208,24619,474,25093,517
2020-11-22,San Luis Obispo,079,281455,6203,5664,101,5765,34
2020-11-22,San Mateo,081,765935,14219,13228,13,13241,170
2020-11-22,Santa Barbara,083,443738,12213,10946,195,11141,137
2020-11-22,Santa Clara,085,1922200,34363,30633,74,30707,434
2020-11-22,Santa Cruz,087,273765,4442,3896,47,3943,25
2020-11-22,Shasta,089,179085,5151,4100,142,4242,43
2020-11-22,Sierra,091,2930,17,13,0,13,0
2020-11-22,Siskiyou,093,43540,588,411,30,441,0
2020-11-22,Solano,095,438530,10219,9363,62,9425,86
2020-11-22,Sonoma,097,501317,12129,11415,49,11464,159
2020-11-22,Stanislaus,099,539301,21516,20223,1318,21541,436
2020-11-22,Sutter,101,95872,3219,2677,11,2688,13
2020-11-22,Tehama,103,63373,1636,1457,19,1476,9
2020-11-22,Trinity,105,12862,255,114,25,139,0
2020-11-22,Tulare,107,460477,21239,19818,1247,21065,314
2020-11-22,Tuolumne,109,53932,996,689,3,692,7
2020-11-22,Ventura,111,848112,19687,18105,614,18719,179
2020-11-22,Yolo,113,214977,4807,4206,16,4222,75
2020-11-22,Yuba,115,75493,1916,1672,9,1681,10
2020-11-21,Alameda,001,1643700,29279,27424,313,27737,444
2020-11-21,Alpine,003,1148,46,41,0,41,0
2020-11-21,Amador,005,37829,488,450,1,451,16
2020-11-21,Butte,007,227075,3993,3664,182,3846,61
2020-11-21,Calaveras,009,45235,460,434,0,434,21
2020-11-21,Colusa,011,21464,713,642,3,645,6
2020-11-21,Contra Costa,013,1133247,23771,22338,143,22481,260
2020-11-21,Del Norte,015,27424,306,271,0,271,2
2020-11-21,El Dorado,017,186661,2438,1900,21,1921,4
2020-11-21,Fresno,019,978130,41057,35973,1225,37198,482
2020-11-21,Glenn,021,27897,933,829,32,861,4
2020-11-21,Humboldt,023,135768,863,728,2,730,9
2020-11-21,Imperial,025,180216,15940,15053,39,15092,355
2020-11-21,Inyo,027,18085,293,283,5,288,15
2020-11-21,Kern,029,883053,40016,37403,1027,38430,463
2020-11-21,Kings,031,150075,10891,10019,134,10153,85
2020-11-21,Lake,033,64148,929,832,0,832,18
2020-11-21,Lassen,035,31185,1860,1211,6,1217,0
2020-11-21,Los Angeles,037,10098052,380206,357754,5377,363131,7428
2020-11-21,Madera,039,155013,6263,5706,129,5835,56
2020-11-21,Marin,041,260295,7671,7488,26,7514,134
2020-11-21,Mariposa,043,17540,124,92,1,93,2
2020-11-21,Mendocino,045,87422,1428,1282,3,1285,22
2020-11-21,Merced,047,269075,11521,10849,100,10949,169
2020-11-21,Modoc,049,8938,100,87,18,105,0
2020-11-21,Mono,051,14174,499,469,9,478,2
2020-11-21,Monterey,053,433212,14934,13886,250,14136,110
2020-11-21,Napa,055,140530,3103,2757,17,2774,17
2020-11-21,Nevada,057,99092,1239,1018,31,1049,9
2020-11-21,Orange,059,3164182,76381,69021,2257,71278,1543
2020-11-21,Placer,061,380077,6836,5778,124,5902,65
2020-11-21,Plumas,063,18699,195,172,0,172,0
2020-11-21,Riverside,065,2383286,88046,80676,1540,82216,1407
2020-11-21,Sacramento,067,1510023,35944,33133,97,33230,548
2020-11-21,San Benito,069,59416,1790,1691,11,1702,15
2020-11-21,San Bernardino,071,2135413,91783,83206,1328,84534,1222
2020-11-21,San Diego,073,3302833,77968,70711,2753,73464,966
2020-11-21,San Francisco,075,870044,15179,14445,92,14537,153
2020-11-21,San Joaquin,077,732212,26075,24620,459,25079,517
2020-11-21,San Luis Obispo,079,281455,6150,5618,98,5716,34
2020-11-21,San Mateo,081,765935,14117,13138,13,13151,170
2020-11-21,Santa Barbara,083,443738,12162,10922,192,11114,137
2020-11-21,Santa Clara,085,1922200,33979,30377,71,30448,433
2020-11-21,Santa Cruz,087,273765,4385,3898,47,3945,25
2020-11-21,Shasta,089,179085,5078,4095,139,4234,42
2020-11-21,Sierra,091,2930,17,13,0,13,0
2020-11-21,Siskiyou,093,43540,572,403,30,433,0
2020-11-21,Solano,095,438530,10129,9290,59,9349,86
2020-11-21,Sonoma,097,501317,12054,11394,47,11441,158
2020-11-21,Stanislaus,099,539301,21373,20111,1293,21404,435
2020-11-21,Sutter,101,95872,3159,2615,10,2625,13
2020-11-21,Tehama,103,63373,1616,1435,18,1453,9
2020-11-21,Trinity,105,12862,252,110,24,134,0
2020-11-21,Tulare,107,460477,21113,19752,1213,20965,313
2020-11-21,Tuolumne,109,53932,977,690,3,693,7
2020-11-21,Ventura,111,848112,19523,18040,604,18644,177
2020-11-21,Yolo,113,214977,4732,4147,15,4162,75
2020-11-21,Yuba,115,75493,1884,1643,9,1652,10
2020-11-20,Alameda,001,1643700,29064,27221,305,27526,444
2020-11-20,Alpine,003,1148,46,20,0,20,0
2020-11-20,Amador,005,37829,484,446,1,447,16
2020-11-20,Butte,007,227075,3961,3618,178,3796,60
2020-11-20,Calaveras,009,45235,448,424,0,424,21
2020-11-20,Colusa,011,21464,705,631,2,633,6
2020-11-20,Contra Costa,013,1133247,23585,22116,139,22255,260
2020-11-20,Del Norte,015,27424,302,264,0,264,2
2020-11-20,El Dorado,017,186661,2342,1868,19,1887,4
2020-11-20,Fresno,019,978130,40763,35635,1195,36830,480
2020-11-20,Glenn,021,27897,921,826,30,856,4
2020-11-20,Humboldt,023,135768,854,714,1,715,9
2020-11-20,Imperial,025,180216,15878,14864,35,14899,353
2020-11-20,Inyo,027,18085,291,262,5,267,15
2020-11-20,Kern,029,883053,39723,37143,1001,38144,462
2020-11-20,Kings,031,150075,10843,9903,133,10036,85
2020-11-20,Lake,033,64148,920,820,0,820,18
2020-11-20,Lassen,035,31185,1775,1212,5,1217,0
2020-11-20,Los Angeles,037,10098052,376325,353554,5213,358767,7398
2020-11-20,Madera,039,155013,6170,5635,128,5763,54
2020-11-20,Marin,041,260295,7647,7467,25,7492,134
2020-11-20,Mariposa,043,17540,116,89,1,90,2
2020-11-20,Mendocino,045,87422,1408,1269,3,1272,22
2020-11-20,Merced,047,269075,11435,10729,100,10829,167
2020-11-20,Modoc,049,8938,100,83,18,101,0
2020-11-20,Mono,051,14174,497,469,9,478,2
2020-11-20,Monterey,053,433212,14809,13738,241,13979,110
2020-11-20,Napa,055,140530,3073,2718,17,2735,17
2020-11-20,Nevada,057,99092,1221,990,30,1020,9
2020-11-20,Orange,059,3164182,75544,68212,2219,70431,1532
2020-11-20,Placer,061,380077,6701,5687,109,5796,66
2020-11-20,Plumas,063,18699,193,163,0,163,0
2020-11-20,Riverside,065,2383286,87036,79613,1478,81091,1405
2020-11-20,Sacramento,067,1510023,35568,32832,88,32920,549
2020-11-20,San Benito,069,59416,1778,1668,11,1679,15
2020-11-20,San Bernardino,071,2135413,90417,81203,1247,82450,1220
2020-11-20,San Diego,073,3302833,76970,69233,2671,71904,960
2020-11-20,San Francisco,075,870044,15075,14327,91,14418,153
2020-11-20,San Joaquin,077,732212,25922,24460,446,24906,515
2020-11-20,San Luis Obispo,079,281455,6095,5524,95,5619,34
2020-11-20,San Mateo,081,765935,13984,12980,12,12992,169
2020-11-20,Santa Barbara,083,443738,12105,10825,186,11011,136
2020-11-20,Santa Clara,085,1922200,33557,30002,66,30068,431
2020-11-20,Santa Cruz,087,273765,4318,3815,47,3862,25
2020-11-20,Shasta,089,179085,5004,3861,134,3995,42
2020-11-20,Sierra,091,2930,17,12,0,12,0
2020-11-20,Siskiyou,093,43540,559,387,29,416,0
2020-11-20,Solano,095,438530,10037,9216,57,9273,85
2020-11-20,Sonoma,097,501317,11970,11316,46,11362,158
2020-11-20,Stanislaus,099,539301,21218,19889,1267,21156,433
2020-11-20,Sutter,101,95872,3109,2580,10,2590,13
2020-11-20,Tehama,103,63373,1601,1410,15,1425,9
2020-11-20,Trinity,105,12862,251,102,24,126,0
2020-11-20,Tulare,107,460477,20980,19568,1174,20742,311
2020-11-20,Tuolumne,109,53932,938,662,3,665,7
2020-11-20,Ventura,111,848112,19355,17741,576,18317,175
2020-11-20,Yolo,113,214977,4654,4081,14,4095,74
2020-11-20,Yuba,115,75493,1856,1611,9,1620,10
2020-11-19,Alameda,001,1643700,28718,26971,297,27268,441
2020-11-19,Alpine,003,1148,43,20,0,20,0
2020-11-19,Amador,005,37829,480,436,1,437,16
2020-11-19,Butte,007,227075,3912,3576,171,3747,60
2020-11-19,Calaveras,009,45235,438,417,0,417,21
2020-11-19,Colusa,011,21464,687,621,2,623,6
2020-11-19,Contra Costa,013,1133247,23312,21886,136,22022,259
2020-11-19,Del Norte,015,27424,294,251,0,251,2
2020-11-19,El Dorado,017,186661,2268,1825,18,1843,4
2020-11-19,Fresno,019,978130,40314,35278,1138,36416,478
2020-11-19,Glenn,021,27897,899,806,29,835,4
2020-11-19,Humboldt,023,135768,834,693,1,694,9
2020-11-19,Imperial,025,180216,15669,14507,35,14542,349
2020-11-19,Inyo,027,18085,289,262,5,267,15
2020-11-19,Kern,029,883053,39302,36779,959,37738,459
2020-11-19,Kings,031,150075,10695,9763,125,9888,85
2020-11-19,Lake,033,64148,906,809,0,809,18
2020-11-19,Lassen,035,31185,1658,1201,3,1204,0
2020-11-19,Los Angeles,037,10098052,371305,349493,5043,354536,7365
2020-11-19,Madera,039,155013,6098,5540,120,5660,54
2020-11-19,Marin,041,260295,7616,7451,25,7476,134
2020-11-19,Mariposa,043,17540,109,88,0,88,2
2020-11-19,Mendocino,045,87422,1387,1237,3,1240,23
2020-11-19,Merced,047,269075,11294,10634,94,10728,167
2020-11-19,Modoc,049,8938,97,82,18,100,0
2020-11-19,Mono,051,14174,489,468,9,477,2
2020-11-19,Monterey,053,433212,14594,13369,229,13598,108
2020-11-19,Napa,055,140530,3019,2641,17,2658,17
2020-11-19,Nevada,057,99092,1180,945,29,974,9
2020-11-19,Orange,059,3164182,74277,66998,2174,69172,1530
2020-11-19,Placer,061,380077,6511,5612,108,5720,65
2020-11-19,Plumas,063,18699,188,158,0,158,0
2020-11-19,Riverside,065,2383286,85554,78535,1408,79943,1402
2020-11-19,Sacramento,067,1510023,35055,32367,86,32453,546
2020-11-19,San Benito,069,59416,1755,1643,11,1654,15
2020-11-19,San Bernardino,071,2135413,88522,79244,1167,80411,1215
2020-11-19,San Diego,073,3302833,75720,68142,2567,70709,952
2020-11-19,San Francisco,075,870044,14918,14178,85,14263,153
2020-11-19,San Joaquin,077,732212,25602,24270,435,24705,516
2020-11-19,San Luis Obispo,079,281455,6018,5410,91,5501,34
2020-11-19,San Mateo,081,765935,13846,12714,12,12726,169
2020-11-19,Santa Barbara,083,443738,12024,10741,183,10924,136
2020-11-19,Santa Clara,085,1922200,32999,29630,65,29695,424
2020-11-19,Santa Cruz,087,273765,4227,3679,45,3724,25
2020-11-19,Shasta,089,179085,4866,3685,124,3809,42
2020-11-19,Sierra,091,2930,17,11,0,11,0
2020-11-19,Siskiyou,093,43540,534,360,28,388,0
2020-11-19,Solano,095,438530,9900,9093,53,9146,84
2020-11-19,Sonoma,097,501317,11800,11205,44,11249,156
2020-11-19,Stanislaus,099,539301,20977,19736,1225,20961,433
2020-11-19,Sutter,101,95872,3010,2509,10,2519,13
2020-11-19,Tehama,103,63373,1568,1373,12,1385,9
2020-11-19,Trinity,105,12862,245,97,24,121,0
2020-11-19,Tulare,107,460477,20758,19384,1109,20493,304
2020-11-19,Tuolumne,109,53932,905,602,3,605,7
2020-11-19,Ventura,111,848112,19002,17300,563,17863,174
2020-11-19,Yolo,113,214977,4559,3973,14,3987,72
2020-11-19,Yuba,115,75493,1816,1568,9,1577,10
2020-11-18,Alameda,001,1643700,28456,26610,292,26902,440
2020-11-18,Alpine,003,1148,42,16,0,16,0
2020-11-18,Amador,005,37829,475,430,1,431,16
2020-11-18,Butte,007,227075,3859,3537,158,3695,59
2020-11-18,Calaveras,009,45235,433,409,0,409,21
2020-11-18,Colusa,011,21464,674,611,2,613,6
2020-11-18,Contra Costa,013,1133247,23045,21685,132,21817,258
2020-11-18,Del Norte,015,27424,281,240,0,240,2
2020-11-18,El Dorado,017,186661,2180,1799,17,1816,4
2020-11-18,Fresno,019,978130,39872,34997,1087,36084,474
2020-11-18,Glenn,021,27897,883,803,27,830,4
2020-11-18,Humboldt,023,135768,820,690,1,691,9
2020-11-18,Imperial,025,180216,15447,14428,35,14463,348
2020-11-18,Inyo,027,18085,287,262,5,267,15
2020-11-18,Kern,029,883053,38913,36537,909,37446,456
2020-11-18,Kings,031,150075,10547,9696,122,9818,85
2020-11-18,Lake,033,64148,893,802,0,802,18
2020-11-18,Lassen,035,31185,1558,1124,3,1127,0
2020-11-18,Los Angeles,037,10098052,366440,344675,4857,349532,7338
2020-11-18,Madera,039,155013,6011,5519,108,5627,54
2020-11-18,Marin,041,260295,7592,7435,25,7460,134
2020-11-18,Mariposa,043,17540,106,88,0,88,2
2020-11-18,Mendocino,045,87422,1367,1237,3,1240,23
2020-11-18,Merced,047,269075,11178,10536,93,10629,166
2020-11-18,Modoc,049,8938,94,77,18,95,0
2020-11-18,Mono,051,14174,484,468,9,477,2
2020-11-18,Monterey,053,433212,14400,13340,215,13555,108
2020-11-18,Napa,055,140530,2972,2607,17,2624,17
2020-11-18,Nevada,057,99092,1140,933,27,960,9
2020-11-18,Orange,059,3164182,73180,66381,2149,68530,1521
2020-11-18,Placer,061,380077,6333,5543,103,5646,64
2020-11-18,Plumas,063,18699,183,143,0,143,0
2020-11-18,Riverside,065,2383286,84087,77739,1307,79046,1387
2020-11-18,Sacramento,067,1510023,34430,31816,78,31894,541
2020-11-18,San Benito,069,59416,1730,1632,10,1642,15
2020-11-18,San Bernardino,071,2135413,86762,77400,1087,78487,1206
2020-11-18,San Diego,073,3302833,74426,67243,2507,69750,945
2020-11-18,San Francisco,075,870044,14774,14057,83,14140,153
2020-11-18,San Joaquin,077,732212,25336,24146,420,24566,517
2020-11-18,San Luis Obispo,079,281455,5943,5322,90,5412,34
2020-11-18,San Mateo,081,765935,13693,12631,11,12642,169
2020-11-18,Santa Barbara,083,443738,11945,10684,176,10860,136
2020-11-18,Santa Clara,085,1922200,32534,29285,60,29345,421
2020-11-18,Santa Cruz,087,273765,4135,3618,43,3661,25
2020-11-18,Shasta,089,179085,4730,3547,120,3667,42
2020-11-18,Sierra,091,2930,17,11,0,11,0
2020-11-18,Siskiyou,093,43540,502,351,27,378,0
2020-11-18,Solano,095,438530,9768,8994,51,9045,84
2020-11-18,Sonoma,097,501317,11693,11129,41,11170,155
2020-11-18,Stanislaus,099,539301,20734,19609,1200,20809,431
2020-11-18,Sutter,101,95872,2892,2442,10,2452,13
2020-11-18,Tehama,103,63373,1529,1338,12,1350,8
2020-11-18,Trinity,105,12862,231,95,23,118,0
2020-11-18,Tulare,107,460477,20548,19286,1058,20344,306
2020-11-18,Tuolumne,109,53932,870,590,3,593,7
2020-11-18,Ventura,111,848112,18677,17169,548,17717,173
2020-11-18,Yolo,113,214977,4485,3929,14,3943,71
2020-11-18,Yuba,115,75493,1762,1540,9,1549,10
2020-11-17,Alameda,001,1643700,28132,26425,282,26707,439
2020-11-17,Alpine,003,1148,40,12,0,12,0
2020-11-17,Amador,005,37829,464,423,1,424,16
2020-11-17,Butte,007,227075,3816,3500,148,3648,59
2020-11-17,Calaveras,009,45235,418,405,0,405,21
2020-11-17,Colusa,011,21464,663,606,1,607,6
2020-11-17,Contra Costa,013,1133247,22772,21557,127,21684,256
2020-11-17,Del Norte,015,27424,275,233,0,233,2
2020-11-17,El Dorado,017,186661,2121,1758,17,1775,4
2020-11-17,Fresno,019,978130,39273,34765,1028,35793,472
2020-11-17,Glenn,021,27897,872,795,26,821,4
2020-11-17,Humboldt,023,135768,798,685,1,686,9
2020-11-17,Imperial,025,180216,15211,14204,33,14237,346
2020-11-17,Inyo,027,18085,286,263,5,268,15
2020-11-17,Kern,029,883053,38463,36164,856,37020,455
2020-11-17,Kings,031,150075,10474,9653,115,9768,85
2020-11-17,Lake,033,64148,873,792,0,792,18
2020-11-17,Lassen,035,31185,1479,1124,3,1127,0
2020-11-17,Los Angeles,037,10098052,361490,340933,4695,345628,7302
2020-11-17,Madera,039,155013,5922,5485,101,5586,54
2020-11-17,Marin,041,260295,7560,7404,24,7428,134
2020-11-17,Mariposa,043,17540,103,87,0,87,2
2020-11-17,Mendocino,045,87422,1346,1216,3,1219,23
2020-11-17,Merced,047,269075,11034,10457,86,10543,162
2020-11-17,Modoc,049,8938,88,71,17,88,0
2020-11-17,Mono,051,14174,479,459,9,468,2
2020-11-17,Monterey,053,433212,14172,13220,205,13425,108
2020-11-17,Napa,055,140530,2918,2568,17,2585,17
2020-11-17,Nevada,057,99092,1099,918,26,944,9
2020-11-17,Orange,059,3164182,72029,65757,2121,67878,1519
2020-11-17,Placer,061,380077,6171,5435,97,5532,63
2020-11-17,Plumas,063,18699,175,142,0,142,0
2020-11-17,Riverside,065,2383286,82701,77079,1217,78296,1379
2020-11-17,Sacramento,067,1510023,33830,31341,74,31415,538
2020-11-17,San Benito,069,59416,1714,1611,4,1615,15
2020-11-17,San Bernardino,071,2135413,84947,76134,998,77132,1188
2020-11-17,San Diego,073,3302833,73173,66321,2452,68773,933
2020-11-17,San Francisco,075,870044,14608,13952,82,14034,153
2020-11-17,San Joaquin,077,732212,25064,23997,401,24398,516
2020-11-17,San Luis Obispo,079,281455,5847,5235,90,5325,34
2020-11-17,San Mateo,081,765935,13531,12491,10,12501,169
2020-11-17,Santa Barbara,083,443738,11856,10597,171,10768,136
2020-11-17,Santa Clara,085,1922200,31987,29013,59,29072,419
2020-11-17,Santa Cruz,087,273765,4051,3548,40,3588,25
2020-11-17,Shasta,089,179085,4568,3457,108,3565,40
2020-11-17,Sierra,091,2930,15,11,0,11,0
2020-11-17,Siskiyou,093,43540,454,333,26,359,0
2020-11-17,Solano,095,438530,9623,8905,50,8955,84
2020-11-17,Sonoma,097,501317,11559,11084,39,11123,155
2020-11-17,Stanislaus,099,539301,20511,19466,1172,20638,425
2020-11-17,Sutter,101,95872,2809,2370,9,2379,12
2020-11-17,Tehama,103,63373,1479,1290,12,1302,7
2020-11-17,Trinity,105,12862,214,83,23,106,0
2020-11-17,Tulare,107,460477,20318,19176,996,20172,305
2020-11-17,Tuolumne,109,53932,832,568,3,571,7
2020-11-17,Ventura,111,848112,18405,16797,530,17327,173
2020-11-17,Yolo,113,214977,4309,3887,13,3900,70
2020-11-17,Yuba,115,75493,1714,1519,9,1528,10
2020-11-16,Alameda,001,1643700,27785,26063,277,26340,436
2020-11-16,Alpine,003,1148,37,12,0,12,0
2020-11-16,Amador,005,37829,456,414,1,415,16
2020-11-16,Butte,007,227075,3777,3490,140,3630,58
2020-11-16,Calaveras,009,45235,410,402,0,402,21
2020-11-16,Colusa,011,21464,654,601,1,602,6
2020-11-16,Contra Costa,013,1133247,22506,21386,122,21508,256
2020-11-16,Del Norte,015,27424,268,225,0,225,2
2020-11-16,El Dorado,017,186661,2061,1694,15,1709,4
2020-11-16,Fresno,019,978130,38783,34593,974,35567,471
2020-11-16,Glenn,021,27897,860,786,25,811,4
2020-11-16,Humboldt,023,135768,781,660,1,661,9
2020-11-16,Imperial,025,180216,14963,14111,33,14144,346
2020-11-16,Inyo,027,18085,283,263,5,268,15
2020-11-16,Kern,029,883053,38069,36049,813,36862,455
2020-11-16,Kings,031,150075,10207,9569,111,9680,85
2020-11-16,Lake,033,64148,861,784,0,784,18
2020-11-16,Lassen,035,31185,1298,1124,3,1127,0
2020-11-16,Los Angeles,037,10098052,356747,338778,4520,343298,7277
2020-11-16,Madera,039,155013,5835,5433,95,5528,54
2020-11-16,Marin,041,260295,7531,7359,24,7383,134
2020-11-16,Mariposa,043,17540,100,86,0,86,2
2020-11-16,Mendocino,045,87422,1321,1209,3,1212,23
2020-11-16,Merced,047,269075,10896,10399,83,10482,162
2020-11-16,Modoc,049,8938,86,71,17,88,0
2020-11-16,Mono,051,14174,477,453,9,462,2
2020-11-16,Monterey,053,433212,13926,13089,195,13284,107
2020-11-16,Napa,055,140530,2842,2536,17,2553,17
2020-11-16,Nevada,057,99092,1056,889,24,913,9
2020-11-16,Orange,059,3164182,70932,65396,2107,67503,1519
2020-11-16,Placer,061,380077,6051,5387,88,5475,63
2020-11-16,Plumas,063,18699,168,127,0,127,0
2020-11-16,Riverside,065,2383286,81330,76449,1152,77601,1379
2020-11-16,Sacramento,067,1510023,33192,30954,68,31022,534
2020-11-16,San Benito,069,59416,1696,1603,3,1606,15
2020-11-16,San Bernardino,071,2135413,83120,74401,929,75330,1186
2020-11-16,San Diego,073,3302833,71863,65603,2380,67983,926
2020-11-16,San Francisco,075,870044,14449,13847,79,13926,153
2020-11-16,San Joaquin,077,732212,24776,23515,392,23907,513
2020-11-16,San Luis Obispo,079,281455,5743,5161,85,5246,34
2020-11-16,San Mateo,081,765935,13371,12398,10,12408,169
2020-11-16,Santa Barbara,083,443738,11791,10565,167,10732,135
2020-11-16,Santa Clara,085,1922200,31422,28673,58,28731,419
2020-11-16,Santa Cruz,087,273765,3978,3520,40,3560,25
2020-11-16,Shasta,089,179085,4418,3284,103,3387,37
2020-11-16,Sierra,091,2930,15,11,0,11,0
2020-11-16,Siskiyou,093,43540,427,294,26,320,0
2020-11-16,Solano,095,438530,9424,8827,50,8877,84
2020-11-16,Sonoma,097,501317,11468,10961,38,10999,155
2020-11-16,Stanislaus,099,539301,20274,19333,1145,20478,425
2020-11-16,Sutter,101,95872,2703,2322,9,2331,12
2020-11-16,Tehama,103,63373,1434,1261,8,1269,7
2020-11-16,Trinity,105,12862,202,67,23,90,0
2020-11-16,Tulare,107,460477,20139,18891,942,19833,305
2020-11-16,Tuolumne,109,53932,796,543,3,546,7
2020-11-16,Ventura,111,848112,18067,16691,522,17213,172
2020-11-16,Yolo,113,214977,4213,3858,13,3871,70
2020-11-16,Yuba,115,75493,1678,1500,8,1508,10
2020-11-15,Alameda,001,1643700,27466,25879,271,26150,436
2020-11-15,Alpine,003,1148,35,12,0,12,0
2020-11-15,Amador,005,37829,444,409,1,410,16
2020-11-15,Butte,007,227075,3723,3452,131,3583,58
2020-11-15,Calaveras,009,45235,397,386,0,386,21
2020-11-15,Colusa,011,21464,645,601,1,602,6
2020-11-15,Contra Costa,013,1133247,22207,21179,121,21300,256
2020-11-15,Del Norte,015,27424,253,224,0,224,2
2020-11-15,El Dorado,017,186661,1999,1683,14,1697,4
2020-11-15,Fresno,019,978130,38270,34297,936,35233,471
2020-11-15,Glenn,021,27897,848,783,24,807,4
2020-11-15,Humboldt,023,135768,753,653,1,654,9
2020-11-15,Imperial,025,180216,14726,13940,33,13973,346
2020-11-15,Inyo,027,18085,273,263,5,268,15
2020-11-15,Kern,029,883053,37664,35911,778,36689,455
2020-11-15,Kings,031,150075,10014,9533,107,9640,85
2020-11-15,Lake,033,64148,852,777,0,777,17
2020-11-15,Lassen,035,31185,1251,1124,3,1127,0
2020-11-15,Los Angeles,037,10098052,351708,336035,4347,340382,7271
2020-11-15,Madera,039,155013,5738,5391,89,5480,54
2020-11-15,Marin,041,260295,7505,7347,24,7371,133
2020-11-15,Mariposa,043,17540,97,86,0,86,2
2020-11-15,Mendocino,045,87422,1302,1197,3,1200,22
2020-11-15,Merced,047,269075,10763,10350,83,10433,162
2020-11-15,Modoc,049,8938,85,68,17,85,0
2020-11-15,Mono,051,14174,475,453,9,462,2
2020-11-15,Monterey,053,433212,13729,12999,182,13181,107
2020-11-15,Napa,055,140530,2783,2509,15,2524,17
2020-11-15,Nevada,057,99092,1001,859,24,883,9
2020-11-15,Orange,059,3164182,69890,65008,2091,67099,1519
2020-11-15,Placer,061,380077,5896,5330,80,5410,63
2020-11-15,Plumas,063,18699,162,127,0,127,0
2020-11-15,Riverside,065,2383286,80007,75531,1093,76624,1374
2020-11-15,Sacramento,067,1510023,32566,30601,64,30665,534
2020-11-15,San Benito,069,59416,1671,1589,2,1591,15
2020-11-15,San Bernardino,071,2135413,80968,73769,854,74623,1185
2020-11-15,San Diego,073,3302833,70362,64770,2323,67093,926
2020-11-15,San Francisco,075,870044,14272,13757,78,13835,153
2020-11-15,San Joaquin,077,732212,24568,23516,376,23892,513
2020-11-15,San Luis Obispo,079,281455,5618,5120,83,5203,34
2020-11-15,San Mateo,081,765935,13194,12348,10,12358,169
2020-11-15,Santa Barbara,083,443738,11696,10516,165,10681,135
2020-11-15,Santa Clara,085,1922200,30968,28289,57,28346,418
2020-11-15,Santa Cruz,087,273765,3840,3439,39,3478,25
2020-11-15,Shasta,089,179085,4243,3290,94,3384,37
2020-11-15,Sierra,091,2930,15,11,0,11,0
2020-11-15,Siskiyou,093,43540,408,294,26,320,0
2020-11-15,Solano,095,438530,9263,8713,47,8760,84
2020-11-15,Sonoma,097,501317,11348,10833,37,10870,154
2020-11-15,Stanislaus,099,539301,20002,19228,1119,20347,425
2020-11-15,Sutter,101,95872,2613,2230,9,2239,12
2020-11-15,Tehama,103,63373,1383,1222,7,1229,7
2020-11-15,Trinity,105,12862,192,67,21,88,0
2020-11-15,Tulare,107,460477,19922,18891,889,19780,305
2020-11-15,Tuolumne,109,53932,754,486,3,489,7
2020-11-15,Ventura,111,848112,17793,16564,514,17078,172
2020-11-15,Yolo,113,214977,4110,3819,12,3831,67
2020-11-15,Yuba,115,75493,1637,1470,7,1477,10
2020-11-14,Alameda,001,1643700,27199,25714,269,25983,435
2020-11-14,Alpine,003,1148,35,12,0,12,0
2020-11-14,Amador,005,37829,435,404,0,404,16
2020-11-14,Butte,007,227075,3687,3434,117,3551,58
2020-11-14,Calaveras,009,45235,396,386,0,386,21
2020-11-14,Colusa,011,21464,633,601,1,602,6
2020-11-14,Contra Costa,013,1133247,22068,20975,114,21089,256
2020-11-14,Del Norte,015,27424,247,219,0,219,2
2020-11-14,El Dorado,017,186661,1955,1648,14,1662,4
2020-11-14,Fresno,019,978130,38019,33969,899,34868,471
2020-11-14,Glenn,021,27897,839,772,21,793,3
2020-11-14,Humboldt,023,135768,738,643,1,644,9
2020-11-14,Imperial,025,180216,14633,13932,32,13964,346
2020-11-14,Inyo,027,18085,272,263,5,268,15
2020-11-14,Kern,029,883053,37454,35626,759,36385,454
2020-11-14,Kings,031,150075,9979,9490,104,9594,85
2020-11-14,Lake,033,64148,843,773,0,773,17
2020-11-14,Lassen,035,31185,1237,833,3,836,0
2020-11-14,Los Angeles,037,10098052,349001,333021,4239,337260,7269
2020-11-14,Madera,039,155013,5708,5371,87,5458,54
2020-11-14,Marin,041,260295,7489,7325,24,7349,133
2020-11-14,Mariposa,043,17540,96,86,0,86,2
2020-11-14,Mendocino,045,87422,1286,1181,3,1184,22
2020-11-14,Merced,047,269075,10707,10286,81,10367,161
2020-11-14,Modoc,049,8938,84,64,16,80,0
2020-11-14,Mono,051,14174,475,453,9,462,2
2020-11-14,Monterey,053,433212,13633,12854,172,13026,105
2020-11-14,Napa,055,140530,2749,2473,15,2488,17
2020-11-14,Nevada,057,99092,985,835,24,859,9
2020-11-14,Orange,059,3164182,69268,64340,2080,66420,1517
2020-11-14,Placer,061,380077,5820,5215,74,5289,63
2020-11-14,Plumas,063,18699,157,128,0,128,0
2020-11-14,Riverside,065,2383286,79266,74910,1053,75963,1373
2020-11-14,Sacramento,067,1510023,32240,30298,64,30362,532
2020-11-14,San Benito,069,59416,1656,1573,2,1575,15
2020-11-14,San Bernardino,071,2135413,80034,72868,822,73690,1184
2020-11-14,San Diego,073,3302833,69597,63715,2271,65986,926
2020-11-14,San Francisco,075,870044,14185,13661,77,13738,153
2020-11-14,San Joaquin,077,732212,24477,23516,368,23884,511
2020-11-14,San Luis Obispo,079,281455,5554,5073,78,5151,34
2020-11-14,San Mateo,081,765935,13086,12293,10,12303,169
2020-11-14,Santa Barbara,083,443738,11642,10482,163,10645,135
2020-11-14,Santa Clara,085,1922200,30684,27962,55,28017,416
2020-11-14,Santa Cruz,087,273765,3785,3402,39,3441,25
2020-11-14,Shasta,089,179085,4159,3195,92,3287,37
2020-11-14,Sierra,091,2930,15,11,0,11,0
2020-11-14,Siskiyou,093,43540,395,292,26,318,0
2020-11-14,Solano,095,438530,9183,8655,46,8701,84
2020-11-14,Sonoma,097,501317,11295,10769,37,10806,154
2020-11-14,Stanislaus,099,539301,19860,19068,1097,20165,424
2020-11-14,Sutter,101,95872,2568,2182,9,2191,12
2020-11-14,Tehama,103,63373,1362,1206,6,1212,7
2020-11-14,Trinity,105,12862,187,67,21,88,0
2020-11-14,Tulare,107,460477,19827,18853,861,19714,305
2020-11-14,Tuolumne,109,53932,726,448,3,451,7
2020-11-14,Ventura,111,848112,17647,16297,503,16800,172
2020-11-14,Yolo,113,214977,4067,3765,10,3775,65
2020-11-14,Yuba,115,75493,1608,1453,7,1460,10
2020-11-13,Alameda,001,1643700,26983,25515,264,25779,434
2020-11-13,Alpine,003,1148,35,12,0,12,0
2020-11-13,Amador,005,37829,432,397,0,397,16
2020-11-13,Butte,007,227075,3663,3402,108,3510,58
2020-11-13,Calaveras,009,45235,392,378,0,378,21
2020-11-13,Colusa,011,21464,625,598,1,599,6
2020-11-13,Contra Costa,013,1133247,21895,20799,114,20913,256
2020-11-13,Del Norte,015,27424,244,208,0,208,2
2020-11-13,El Dorado,017,186661,1910,1611,13,1624,4
2020-11-13,Fresno,019,978130,37772,33693,885,34578,470
2020-11-13,Glenn,021,27897,825,755,17,772,3
2020-11-13,Humboldt,023,135768,723,638,1,639,9
2020-11-13,Imperial,025,180216,14563,13790,31,13821,341
2020-11-13,Inyo,027,18085,271,262,5,267,15
2020-11-13,Kern,029,883053,37252,35431,742,36173,453
2020-11-13,Kings,031,150075,9920,9428,103,9531,85
2020-11-13,Lake,033,64148,837,770,0,770,17
2020-11-13,Lassen,035,31185,1228,832,3,835,0
2020-11-13,Los Angeles,037,10098052,345875,329364,4132,333496,7248
2020-11-13,Madera,039,155013,5668,5340,86,5426,54
2020-11-13,Marin,041,260295,7476,7307,23,7330,133
2020-11-13,Mariposa,043,17540,94,86,0,86,2
2020-11-13,Mendocino,045,87422,1274,1173,3,1176,22
2020-11-13,Merced,047,269075,10651,10185,78,10263,159
2020-11-13,Modoc,049,8938,84,63,14,77,0
2020-11-13,Mono,051,14174,475,448,8,456,2
2020-11-13,Monterey,053,433212,13438,12681,160,12841,104
2020-11-13,Napa,055,140530,2710,2440,15,2455,17
2020-11-13,Nevada,057,99092,966,798,24,822,9
2020-11-13,Orange,059,3164182,68668,63804,2060,65864,1514
2020-11-13,Placer,061,380077,5715,5122,68,5190,63
2020-11-13,Plumas,063,18699,151,125,0,125,0
2020-11-13,Riverside,065,2383286,78528,74138,1024,75162,1372
2020-11-13,Sacramento,067,1510023,31922,29787,59,29846,524
2020-11-13,San Benito,069,59416,1644,1553,1,1554,15
2020-11-13,San Bernardino,071,2135413,78987,71895,801,72696,1184
2020-11-13,San Diego,073,3302833,68750,62978,2233,65211,921
2020-11-13,San Francisco,075,870044,14092,13516,75,13591,146
2020-11-13,San Joaquin,077,732212,24382,23314,362,23676,510
2020-11-13,San Luis Obispo,079,281455,5488,4960,75,5035,34
2020-11-13,San Mateo,081,765935,12992,12182,10,12192,169
2020-11-13,Santa Barbara,083,443738,11590,10405,161,10566,134
2020-11-13,Santa Clara,085,1922200,30357,27609,53,27662,415
2020-11-13,Santa Cruz,087,273765,3712,3343,39,3382,25
2020-11-13,Shasta,089,179085,4074,2983,88,3071,37
2020-11-13,Sierra,091,2930,15,11,0,11,0
2020-11-13,Siskiyou,093,43540,390,280,25,305,0
2020-11-13,Solano,095,438530,9092,8525,46,8571,84
2020-11-13,Sonoma,097,501317,11234,10685,35,10720,151
2020-11-13,Stanislaus,099,539301,19735,18936,1069,20005,422
2020-11-13,Sutter,101,95872,2522,2121,8,2129,12
2020-11-13,Tehama,103,63373,1334,1167,6,1173,7
2020-11-13,Trinity,105,12862,185,64,21,85,0
2020-11-13,Tulare,107,460477,19703,18714,819,19533,305
2020-11-13,Tuolumne,109,53932,693,427,3,430,7
2020-11-13,Ventura,111,848112,17501,16172,489,16661,171
2020-11-13,Yolo,113,214977,4016,3716,10,3726,65
2020-11-13,Yuba,115,75493,1581,1435,7,1442,10
2020-11-12,Alameda,001,1643700,26716,25345,264,25609,432
2020-11-12,Alpine,003,1148,34,12,0,12,0
2020-11-12,Amador,005,37829,431,392,0,392,16
2020-11-12,Butte,007,227075,3614,3347,105,3452,58
2020-11-12,Calaveras,009,45235,387,373,0,373,21
2020-11-12,Colusa,011,21464,620,591,1,592,6
2020-11-12,Contra Costa,013,1133247,21688,20619,112,20731,255
2020-11-12,Del Norte,015,27424,237,203,0,203,2
2020-11-12,El Dorado,017,186661,1864,1573,9,1582,4
2020-11-12,Fresno,019,978130,37424,33459,843,34302,468
2020-11-12,Glenn,021,27897,806,727,17,744,3
2020-11-12,Humboldt,023,135768,710,625,1,626,9
2020-11-12,Imperial,025,180216,14398,13619,31,13650,341
2020-11-12,Inyo,027,18085,270,255,5,260,15
2020-11-12,Kern,029,883053,36987,35207,727,35934,451
2020-11-12,Kings,031,150075,9853,9335,102,9437,85
2020-11-12,Lake,033,64148,828,764,0,764,17
2020-11-12,Lassen,035,31185,1159,832,2,834,0
2020-11-12,Los Angeles,037,10098052,342135,327001,4030,331031,7223
2020-11-12,Madera,039,155013,5633,5273,81,5354,54
2020-11-12,Marin,041,260295,7447,7268,23,7291,133
2020-11-12,Mariposa,043,17540,92,84,0,84,2
2020-11-12,Mendocino,045,87422,1255,1142,3,1145,22
2020-11-12,Merced,047,269075,10537,10107,75,10182,158
2020-11-12,Modoc,049,8938,84,63,14,77,0
2020-11-12,Mono,051,14174,474,442,8,450,2
2020-11-12,Monterey,053,433212,13317,12489,146,12635,100
2020-11-12,Napa,055,140530,2648,2398,15,2413,16
2020-11-12,Nevada,057,99092,943,780,23,803,9
2020-11-12,Orange,059,3164182,67922,63232,2041,65273,1514
2020-11-12,Placer,061,380077,5605,5044,58,5102,62
2020-11-12,Plumas,063,18699,147,121,0,121,0
2020-11-12,Riverside,065,2383286,77597,73381,981,74362,1362
2020-11-12,Sacramento,067,1510023,31431,29459,52,29511,520
2020-11-12,San Benito,069,59416,1624,1525,1,1526,15
2020-11-12,San Bernardino,071,2135413,77622,70758,762,71520,1183
2020-11-12,San Diego,073,3302833,67770,62336,2182,64518,918
2020-11-12,San Francisco,075,870044,13993,13289,74,13363,146
2020-11-12,San Joaquin,077,732212,24188,23002,341,23343,509
2020-11-12,San Luis Obispo,079,281455,5424,4898,74,4972,33
2020-11-12,San Mateo,081,765935,12868,12086,9,12095,169
2020-11-12,Santa Barbara,083,443738,11527,10325,156,10481,134
2020-11-12,Santa Clara,085,1922200,29981,27261,52,27313,414
2020-11-12,Santa Cruz,087,273765,3629,3317,37,3354,25
2020-11-12,Shasta,089,179085,3936,2825,77,2902,37
2020-11-12,Sierra,091,2930,15,11,0,11,0
2020-11-12,Siskiyou,093,43540,373,275,20,295,0
2020-11-12,Solano,095,438530,8992,8417,45,8462,85
2020-11-12,Sonoma,097,501317,11132,10602,34,10636,151
2020-11-12,Stanislaus,099,539301,19567,18787,1040,19827,422
2020-11-12,Sutter,101,95872,2438,2075,7,2082,12
2020-11-12,Tehama,103,63373,1307,1117,6,1123,7
2020-11-12,Trinity,105,12862,177,62,20,82,0
2020-11-12,Tulare,107,460477,19591,18545,781,19326,305
2020-11-12,Tuolumne,109,53932,654,353,3,356,7
2020-11-12,Ventura,111,848112,17251,16013,483,16496,158
2020-11-12,Yolo,113,214977,3972,3646,10,3656,63
2020-11-12,Yuba,115,75493,1546,1410,7,1417,10
2020-11-11,Alameda,001,1643700,26474,25140,262,25402,429
2020-11-11,Alpine,003,1148,29,12,0,12,0
2020-11-11,Amador,005,37829,424,389,0,389,16
2020-11-11,Butte,007,227075,3588,3348,92,3440,58
2020-11-11,Calaveras,009,45235,377,373,0,373,21
2020-11-11,Colusa,011,21464,614,591,1,592,6
2020-11-11,Contra Costa,013,1133247,21469,20452,110,20562,255
2020-11-11,Del Norte,015,27424,230,203,0,203,2
2020-11-11,El Dorado,017,186661,1818,1564,8,1572,4
2020-11-11,Fresno,019,978130,37104,33287,808,34095,468
2020-11-11,Glenn,021,27897,790,722,16,738,3
2020-11-11,Humboldt,023,135768,696,623,1,624,9
2020-11-11,Imperial,025,180216,14227,13623,29,13652,340
2020-11-11,Inyo,027,18085,268,255,5,260,15
2020-11-11,Kern,029,883053,36713,35014,710,35724,449
2020-11-11,Kings,031,150075,9747,9263,99,9362,85
2020-11-11,Lake,033,64148,818,763,0,763,17
2020-11-11,Lassen,035,31185,1134,831,2,833,0
2020-11-11,Los Angeles,037,10098052,338772,324567,3943,328510,7220
2020-11-11,Madera,039,155013,5598,5248,79,5327,54
2020-11-11,Marin,041,260295,7424,7268,23,7291,133
2020-11-11,Mariposa,043,17540,92,84,0,84,2
2020-11-11,Mendocino,045,87422,1243,1142,3,1145,22
2020-11-11,Merced,047,269075,10466,10074,73,10147,157
2020-11-11,Modoc,049,8938,80,62,13,75,0
2020-11-11,Mono,051,14174,472,443,8,451,2
2020-11-11,Monterey,053,433212,13173,12417,142,12559,100
2020-11-11,Napa,055,140530,2599,2365,12,2377,15
2020-11-11,Nevada,057,99092,901,741,23,764,9
2020-11-11,Orange,059,3164182,67284,62929,2018,64947,1506
2020-11-11,Placer,061,380077,5521,4981,50,5031,60
2020-11-11,Plumas,063,18699,145,111,0,111,0
2020-11-11,Riverside,065,2383286,76692,72953,935,73888,1361
2020-11-11,Sacramento,067,1510023,30974,28968,50,29018,520
2020-11-11,San Benito,069,59416,1610,1512,1,1513,15
2020-11-11,San Bernardino,071,2135413,76335,70374,735,71109,1182
2020-11-11,San Diego,073,3302833,66835,61746,2121,63867,918
2020-11-11,San Francisco,075,870044,13884,13287,73,13360,146
2020-11-11,San Joaquin,077,732212,24029,23001,335,23336,509
2020-11-11,San Luis Obispo,079,281455,5349,4832,71,4903,33
2020-11-11,San Mateo,081,765935,12753,12008,9,12017,169
2020-11-11,Santa Barbara,083,443738,11462,10278,156,10434,134
2020-11-11,Santa Clara,085,1922200,29628,27075,51,27126,413
2020-11-11,Santa Cruz,087,273765,3561,3247,37,3284,25
2020-11-11,Shasta,089,179085,3813,2766,67,2833,36
2020-11-11,Sierra,091,2930,13,11,0,11,0
2020-11-11,Siskiyou,093,43540,342,261,17,278,0
2020-11-11,Solano,095,438530,8874,8353,43,8396,85
2020-11-11,Sonoma,097,501317,11058,10498,34,10532,150
2020-11-11,Stanislaus,099,539301,19429,18671,1009,19680,422
2020-11-11,Sutter,101,95872,2390,2049,6,2055,12
2020-11-11,Tehama,103,63373,1265,1105,5,1110,7
2020-11-11,Trinity,105,12862,166,62,20,82,0
2020-11-11,Tulare,107,460477,19460,18500,750,19250,305
2020-11-11,Tuolumne,109,53932,598,354,3,357,7
2020-11-11,Ventura,111,848112,17036,15801,469,16270,158
2020-11-11,Yolo,113,214977,3921,3606,10,3616,63
2020-11-11,Yuba,115,75493,1531,1400,7,1407,10
2020-11-10,Alameda,001,1643700,26244,25008,259,25267,424
2020-11-10,Alpine,003,1148,29,9,0,9,0
2020-11-10,Amador,005,37829,418,384,0,384,16
2020-11-10,Butte,007,227075,3552,3327,88,3415,58
2020-11-10,Calaveras,009,45235,372,367,0,367,21
2020-11-10,Colusa,011,21464,606,590,1,591,6
2020-11-10,Contra Costa,013,1133247,21262,20326,108,20434,255
2020-11-10,Del Norte,015,27424,224,196,0,196,2
2020-11-10,El Dorado,017,186661,1757,1551,8,1559,4
2020-11-10,Fresno,019,978130,36834,33024,770,33794,465
2020-11-10,Glenn,021,27897,782,719,12,731,3
2020-11-10,Humboldt,023,135768,679,610,1,611,9
2020-11-10,Imperial,025,180216,14097,13570,29,13599,338
2020-11-10,Inyo,027,18085,267,252,5,257,14
2020-11-10,Kern,029,883053,36436,34858,691,35549,448
2020-11-10,Kings,031,150075,9700,9236,92,9328,85
2020-11-10,Lake,033,64148,808,762,0,762,16
2020-11-10,Lassen,035,31185,1119,830,2,832,0
2020-11-10,Los Angeles,037,10098052,335522,322569,3828,326397,7205
2020-11-10,Madera,039,155013,5556,5229,73,5302,54
2020-11-10,Marin,041,260295,7405,7259,23,7282,133
2020-11-10,Mariposa,043,17540,90,84,0,84,2
2020-11-10,Mendocino,045,87422,1235,1137,3,1140,22
2020-11-10,Merced,047,269075,10404,9992,67,10059,157
2020-11-10,Modoc,049,8938,78,61,13,74,0
2020-11-10,Mono,051,14174,470,443,8,451,2
2020-11-10,Monterey,053,433212,13035,12335,134,12469,100
2020-11-10,Napa,055,140530,2561,2341,10,2351,15
2020-11-10,Nevada,057,99092,885,734,23,757,9
2020-11-10,Orange,059,3164182,66733,62597,2008,64605,1504
2020-11-10,Placer,061,380077,5441,4902,49,4951,60
2020-11-10,Plumas,063,18699,141,108,0,108,0
2020-11-10,Riverside,065,2383286,76049,72316,908,73224,1359
2020-11-10,Sacramento,067,1510023,30567,28677,47,28724,519
2020-11-10,San Benito,069,59416,1595,1508,1,1509,15
2020-11-10,San Bernardino,071,2135413,75164,69666,702,70368,1182
2020-11-10,San Diego,073,3302833,65944,61085,2084,63169,915
2020-11-10,San Francisco,075,870044,13767,13210,73,13283,146
2020-11-10,San Joaquin,077,732212,23864,22865,328,23193,508
2020-11-10,San Luis Obispo,079,281455,5285,4780,68,4848,33
2020-11-10,San Mateo,081,765935,12652,11939,9,11948,169
2020-11-10,Santa Barbara,083,443738,11395,10252,152,10404,134
2020-11-10,Santa Clara,085,1922200,29285,26917,50,26967,409
2020-11-10,Santa Cruz,087,273765,3497,3221,37,3258,25
2020-11-10,Shasta,089,179085,3671,2686,59,2745,36
2020-11-10,Sierra,091,2930,12,10,0,10,0
2020-11-10,Siskiyou,093,43540,326,263,16,279,0
2020-11-10,Solano,095,438530,8776,8299,43,8342,85
2020-11-10,Sonoma,097,501317,10971,10414,34,10448,150
2020-11-10,Stanislaus,099,539301,19295,18592,985,19577,420
2020-11-10,Sutter,101,95872,2295,2035,5,2040,12
2020-11-10,Tehama,103,63373,1239,1099,4,1103,7
2020-11-10,Trinity,105,12862,157,62,18,80,0
2020-11-10,Tulare,107,460477,19346,18430,726,19156,305
2020-11-10,Tuolumne,109,53932,550,353,3,356,7
2020-11-10,Ventura,111,848112,16853,15625,467,16092,158
2020-11-10,Yolo,113,214977,3860,3573,10,3583,63
2020-11-10,Yuba,115,75493,1508,1392,7,1399,10
2020-11-09,Alameda,001,1643700,25995,24899,255,25154,424
2020-11-09,Alpine,003,1148,27,6,0,6,0
2020-11-09,Amador,005,37829,409,380,0,380,16
2020-11-09,Butte,007,227075,3507,3301,79,3380,57
2020-11-09,Calaveras,009,45235,368,360,0,360,21
2020-11-09,Colusa,011,21464,600,583,1,584,6
2020-11-09,Contra Costa,013,1133247,21089,20193,106,20299,255
2020-11-09,Del Norte,015,27424,218,195,0,195,2
2020-11-09,El Dorado,017,186661,1716,1515,8,1523,4
2020-11-09,Fresno,019,978130,36523,32755,730,33485,465
2020-11-09,Glenn,021,27897,776,714,9,723,3
2020-11-09,Humboldt,023,135768,666,607,1,608,9
2020-11-09,Imperial,025,180216,13980,13508,28,13536,338
2020-11-09,Inyo,027,18085,267,252,5,257,14
2020-11-09,Kern,029,883053,36205,34764,655,35419,448
2020-11-09,Kings,031,150075,9630,9141,90,9231,84
2020-11-09,Lake,033,64148,799,755,0,755,16
2020-11-09,Lassen,035,31185,1023,799,2,801,0
2020-11-09,Los Angeles,037,10098052,332425,320370,3752,324122,7180
2020-11-09,Madera,039,155013,5510,5209,70,5279,54
2020-11-09,Marin,041,260295,7379,7237,22,7259,131
2020-11-09,Mariposa,043,17540,90,84,0,84,2
2020-11-09,Mendocino,045,87422,1223,1132,3,1135,22
2020-11-09,Merced,047,269075,10301,9922,64,9986,157
2020-11-09,Modoc,049,8938,74,54,12,66,0
2020-11-09,Mono,051,14174,467,352,8,360,2
2020-11-09,Monterey,053,433212,12888,12148,126,12274,98
2020-11-09,Napa,055,140530,2518,2309,10,2319,15
2020-11-09,Nevada,057,99092,848,729,22,751,9
2020-11-09,Orange,059,3164182,66092,62335,1996,64331,1501
2020-11-09,Placer,061,380077,5356,4843,37,4880,60
2020-11-09,Plumas,063,18699,134,102,0,102,0
2020-11-09,Riverside,065,2383286,75265,72059,875,72934,1346
2020-11-09,Sacramento,067,1510023,30095,28200,47,28247,516
2020-11-09,San Benito,069,59416,1586,1506,1,1507,15
2020-11-09,San Bernardino,071,2135413,74110,69015,660,69675,1182
2020-11-09,San Diego,073,3302833,65089,60572,2044,62616,908
2020-11-09,San Francisco,075,870044,13648,12984,70,13054,146
2020-11-09,San Joaquin,077,732212,23699,22512,323,22835,505
2020-11-09,San Luis Obispo,079,281455,5199,4746,66,4812,32
2020-11-09,San Mateo,081,765935,12545,11857,9,11866,169
2020-11-09,Santa Barbara,083,443738,11338,10214,146,10360,134
2020-11-09,Santa Clara,085,1922200,28890,26693,50,26743,409
2020-11-09,Santa Cruz,087,273765,3439,3194,37,3231,25
2020-11-09,Shasta,089,179085,3516,2581,50,2631,36
2020-11-09,Sierra,091,2930,10,10,0,10,0
2020-11-09,Siskiyou,093,43540,315,257,14,271,0
2020-11-09,Solano,095,438530,8660,8254,42,8296,85
2020-11-09,Sonoma,097,501317,10863,10310,34,10344,150
2020-11-09,Stanislaus,099,539301,19142,18482,968,19450,418
2020-11-09,Sutter,101,95872,2228,2010,4,2014,12
2020-11-09,Tehama,103,63373,1203,1071,3,1074,7
2020-11-09,Trinity,105,12862,150,46,18,64,0
2020-11-09,Tulare,107,460477,19226,18272,694,18966,304
2020-11-09,Tuolumne,109,53932,496,346,3,349,7
2020-11-09,Ventura,111,848112,16651,15568,464,16032,156
2020-11-09,Yolo,113,214977,3800,3522,9,3531,62
2020-11-09,Yuba,115,75493,1475,1380,7,1387,10
2020-11-08,Alameda,001,1643700,25767,24731,255,24986,424
2020-11-08,Alpine,003,1148,24,6,0,6,0
2020-11-08,Amador,005,37829,402,376,0,376,16
2020-11-08,Butte,007,227075,3469,3285,73,3358,57
2020-11-08,Calaveras,009,45235,366,360,0,360,21
2020-11-08,Colusa,011,21464,597,583,1,584,6
2020-11-08,Contra Costa,013,1133247,20919,20031,104,20135,254
2020-11-08,Del Norte,015,27424,210,195,0,195,2
2020-11-08,El Dorado,017,186661,1678,1502,8,1510,4
2020-11-08,Fresno,019,978130,36185,32619,692,33311,465
2020-11-08,Glenn,021,27897,770,707,8,715,3
2020-11-08,Humboldt,023,135768,650,605,1,606,9
2020-11-08,Imperial,025,180216,13864,13428,28,13456,338
2020-11-08,Inyo,027,18085,263,252,5,257,14
2020-11-08,Kern,029,883053,35986,34644,638,35282,448
2020-11-08,Kings,031,150075,9497,9026,87,9113,84
2020-11-08,Lake,033,64148,791,754,0,754,16
2020-11-08,Lassen,035,31185,875,799,2,801,0
2020-11-08,Los Angeles,037,10098052,329300,318960,3683,322643,7176
2020-11-08,Madera,039,155013,5441,5196,67,5263,54
2020-11-08,Marin,041,260295,7359,7227,22,7249,131
2020-11-08,Mariposa,043,17540,90,83,0,83,2
2020-11-08,Mendocino,045,87422,1214,1129,3,1132,22
2020-11-08,Merced,047,269075,10226,9885,62,9947,157
2020-11-08,Modoc,049,8938,70,54,12,66,0
2020-11-08,Mono,051,14174,461,352,8,360,2
2020-11-08,Monterey,053,433212,12743,12122,115,12237,98
2020-11-08,Napa,055,140530,2478,2274,10,2284,15
2020-11-08,Nevada,057,99092,832,715,22,737,9
2020-11-08,Orange,059,3164182,65503,62034,1983,64017,1501
2020-11-08,Placer,061,380077,5253,4800,32,4832,60
2020-11-08,Plumas,063,18699,129,102,0,102,0
2020-11-08,Riverside,065,2383286,74612,71442,833,72275,1345
2020-11-08,Sacramento,067,1510023,29535,28059,44,28103,515
2020-11-08,San Benito,069,59416,1571,1496,1,1497,15
2020-11-08,San Bernardino,071,2135413,72859,68412,621,69033,1182
2020-11-08,San Diego,073,3302833,64244,60199,2000,62199,908
2020-11-08,San Francisco,075,870044,13517,12985,65,13050,146
2020-11-08,San Joaquin,077,732212,23505,22514,319,22833,505
2020-11-08,San Luis Obispo,079,281455,5133,4698,61,4759,32
2020-11-08,San Mateo,081,765935,12426,11783,9,11792,169
2020-11-08,Santa Barbara,083,443738,11268,10180,144,10324,134
2020-11-08,Santa Clara,085,1922200,28516,26442,49,26491,410
2020-11-08,Santa Cruz,087,273765,3382,3134,37,3171,25
2020-11-08,Shasta,089,179085,3380,2582,44,2626,36
2020-11-08,Sierra,091,2930,10,7,0,7,0
2020-11-08,Siskiyou,093,43540,303,246,13,259,0
2020-11-08,Solano,095,438530,8539,8132,41,8173,85
2020-11-08,Sonoma,097,501317,10756,10229,34,10263,149
2020-11-08,Stanislaus,099,539301,18967,18413,947,19360,418
2020-11-08,Sutter,101,95872,2170,1980,4,1984,12
2020-11-08,Tehama,103,63373,1179,1054,3,1057,7
2020-11-08,Trinity,105,12862,147,46,17,63,0
2020-11-08,Tulare,107,460477,19083,18272,663,18935,304
2020-11-08,Tuolumne,109,53932,469,341,3,344,7
2020-11-08,Ventura,111,848112,16456,15504,456,15960,156
2020-11-08,Yolo,113,214977,3739,3492,9,3501,61
2020-11-08,Yuba,115,75493,1454,1369,7,1376,10
2020-11-07,Alameda,001,1643700,25657,24578,253,24831,424
2020-11-07,Alpine,003,1148,24,6,0,6,0
2020-11-07,Amador,005,37829,399,375,0,375,16
2020-11-07,Butte,007,227075,3457,3277,68,3345,57
2020-11-07,Calaveras,009,45235,364,360,0,360,21
2020-11-07,Colusa,011,21464,597,583,1,584,6
2020-11-07,Contra Costa,013,1133247,20818,19943,103,20046,254
2020-11-07,Del Norte,015,27424,206,194,0,194,2
2020-11-07,El Dorado,017,186661,1653,1495,7,1502,4
2020-11-07,Fresno,019,978130,36031,32497,669,33166,465
2020-11-07,Glenn,021,27897,762,707,8,715,3
2020-11-07,Humboldt,023,135768,639,590,1,591,9
2020-11-07,Imperial,025,180216,13806,13388,27,13415,338
2020-11-07,Inyo,027,18085,261,252,5,257,14
2020-11-07,Kern,029,883053,35831,34513,628,35141,448
2020-11-07,Kings,031,150075,9464,9005,81,9086,84
2020-11-07,Lake,033,64148,787,751,0,751,16
2020-11-07,Lassen,035,31185,859,799,2,801,0
2020-11-07,Los Angeles,037,10098052,327793,316756,3615,320371,7174
2020-11-07,Madera,039,155013,5419,5177,65,5242,54
2020-11-07,Marin,041,260295,7348,7215,22,7237,131
2020-11-07,Mariposa,043,17540,90,81,0,81,2
2020-11-07,Mendocino,045,87422,1204,1118,3,1121,22
2020-11-07,Merced,047,269075,10194,9855,58,9913,157
2020-11-07,Modoc,049,8938,70,51,12,63,0
2020-11-07,Mono,051,14174,458,352,8,360,2
2020-11-07,Monterey,053,433212,12674,12030,111,12141,98
2020-11-07,Napa,055,140530,2448,2260,9,2269,15
2020-11-07,Nevada,057,99092,815,710,22,732,9
2020-11-07,Orange,059,3164182,65216,62038,1977,64015,1505
2020-11-07,Placer,061,380077,5190,4745,32,4777,60
2020-11-07,Plumas,063,18699,127,94,0,94,0
2020-11-07,Riverside,065,2383286,74217,71153,805,71958,1345
2020-11-07,Sacramento,067,1510023,29284,27773,44,27817,515
2020-11-07,San Benito,069,59416,1559,1489,1,1490,15
2020-11-07,San Bernardino,071,2135413,72344,67935,610,68545,1182
2020-11-07,San Diego,073,3302833,63732,59682,1968,61650,909
2020-11-07,San Francisco,075,870044,13456,12980,64,13044,146
2020-11-07,San Joaquin,077,732212,23396,22517,313,22830,505
2020-11-07,San Luis Obispo,079,281455,5084,4668,58,4726,32
2020-11-07,San Mateo,081,765935,12363,11711,9,11720,169
2020-11-07,Santa Barbara,083,443738,11226,10157,142,10299,134
2020-11-07,Santa Clara,085,1922200,28311,26244,48,26292,410
2020-11-07,Santa Cruz,087,273765,3344,3130,37,3167,25
2020-11-07,Shasta,089,179085,3311,2547,42,2589,36
2020-11-07,Sierra,091,2930,10,7,0,7,0
2020-11-07,Siskiyou,093,43540,299,241,13,254,0
2020-11-07,Solano,095,438530,8487,8066,41,8107,85
2020-11-07,Sonoma,097,501317,10710,10200,34,10234,149
2020-11-07,Stanislaus,099,539301,18857,18386,931,19317,418
2020-11-07,Sutter,101,95872,2130,1973,4,1977,12
2020-11-07,Tehama,103,63373,1155,1043,3,1046,7
2020-11-07,Trinity,105,12862,147,42,16,58,0
2020-11-07,Tulare,107,460477,19027,18229,646,18875,304
2020-11-07,Tuolumne,109,53932,458,327,3,330,7
2020-11-07,Ventura,111,848112,16396,15364,451,15815,156
2020-11-07,Yolo,113,214977,3708,3486,9,3495,61
2020-11-07,Yuba,115,75493,1439,1349,7,1356,10
2020-11-06,Alameda,001,1643700,25525,24389,251,24640,420
2020-11-06,Alpine,003,1148,24,6,0,6,0
2020-11-06,Amador,005,37829,397,369,0,369,16
2020-11-06,Butte,007,227075,3432,3254,60,3314,57
2020-11-06,Calaveras,009,45235,363,359,0,359,21
2020-11-06,Colusa,011,21464,595,580,1,581,6
2020-11-06,Contra Costa,013,1133247,20669,19744,103,19847,252
2020-11-06,Del Norte,015,27424,203,194,0,194,2
2020-11-06,El Dorado,017,186661,1627,1475,7,1482,4
2020-11-06,Fresno,019,978130,35843,32278,652,32930,460
2020-11-06,Glenn,021,27897,756,707,7,714,3
2020-11-06,Humboldt,023,135768,636,587,1,588,9
2020-11-06,Imperial,025,180216,13753,13230,27,13257,338
2020-11-06,Inyo,027,18085,259,246,5,251,14
2020-11-06,Kern,029,883053,35666,34360,610,34970,443
2020-11-06,Kings,031,150075,9440,8883,79,8962,83
2020-11-06,Lake,033,64148,786,741,0,741,16
2020-11-06,Lassen,035,31185,851,794,2,796,0
2020-11-06,Los Angeles,037,10098052,325821,314356,3562,317918,7160
2020-11-06,Madera,039,155013,5403,5136,64,5200,54
2020-11-06,Marin,041,260295,7327,7184,22,7206,131
2020-11-06,Mariposa,043,17540,89,79,0,79,2
2020-11-06,Mendocino,045,87422,1199,1113,3,1116,22
2020-11-06,Merced,047,269075,10154,9778,55,9833,157
2020-11-06,Modoc,049,8938,70,48,12,60,0
2020-11-06,Mono,051,14174,452,308,8,316,1
2020-11-06,Monterey,053,433212,12557,11914,110,12024,96
2020-11-06,Napa,055,140530,2423,2189,9,2198,15
2020-11-06,Nevada,057,99092,802,692,21,713,9
2020-11-06,Orange,059,3164182,64913,61049,1967,63016,1494
2020-11-06,Placer,061,380077,5117,4680,32,4712,60
2020-11-06,Plumas,063,18699,122,90,0,90,0
2020-11-06,Riverside,065,2383286,73766,70409,764,71173,1341
2020-11-06,Sacramento,067,1510023,28992,27489,42,27531,514
2020-11-06,San Benito,069,59416,1550,1479,1,1480,15
2020-11-06,San Bernardino,071,2135413,71748,66740,589,67329,1179
2020-11-06,San Diego,073,3302833,63208,59143,1936,61079,907
2020-11-06,San Francisco,075,870044,13386,12825,63,12888,146
2020-11-06,San Joaquin,077,732212,23311,22424,303,22727,502
2020-11-06,San Luis Obispo,079,281455,5019,4531,52,4583,32
2020-11-06,San Mateo,081,765935,12288,11587,9,11596,168
2020-11-06,Santa Barbara,083,443738,11190,10118,137,10255,133
2020-11-06,Santa Clara,085,1922200,28069,25831,48,25879,402
2020-11-06,Santa Cruz,087,273765,3307,3063,37,3100,25
2020-11-06,Shasta,089,179085,3238,2475,41,2516,35
2020-11-06,Sierra,091,2930,9,7,0,7,0
2020-11-06,Siskiyou,093,43540,286,237,12,249,0
2020-11-06,Solano,095,438530,8422,7959,41,8000,85
2020-11-06,Sonoma,097,501317,10660,10142,34,10176,149
2020-11-06,Stanislaus,099,539301,18769,18250,922,19172,417
2020-11-06,Sutter,101,95872,2103,1937,2,1939,12
2020-11-06,Tehama,103,63373,1134,1024,3,1027,6
2020-11-06,Trinity,105,12862,144,41,16,57,0
2020-11-06,Tulare,107,460477,18963,18136,621,18757,300
2020-11-06,Tuolumne,109,53932,437,316,3,319,5
2020-11-06,Ventura,111,848112,16310,15222,448,15670,154
2020-11-06,Yolo,113,214977,3679,3420,9,3429,62
2020-11-06,Yuba,115,75493,1426,1335,7,1342,10
2020-11-05,Alameda,001,1643700,25347,24270,251,24521,420
2020-11-05,Alpine,003,1148,24,6,0,6,0
2020-11-05,Amador,005,37829,394,363,0,363,16
2020-11-05,Butte,007,227075,3409,3239,54,3293,57
2020-11-05,Calaveras,009,45235,356,333,0,333,19
2020-11-05,Colusa,011,21464,591,574,1,575,6
2020-11-05,Contra Costa,013,1133247,20487,19656,101,19757,252
2020-11-05,Del Norte,015,27424,201,192,0,192,2
2020-11-05,El Dorado,017,186661,1603,1466,7,1473,4
2020-11-05,Fresno,019,978130,35600,32056,627,32683,460
2020-11-05,Glenn,021,27897,736,702,7,709,3
2020-11-05,Humboldt,023,135768,625,581,1,582,9
2020-11-05,Imperial,025,180216,13661,13178,26,13204,337
2020-11-05,Inyo,027,18085,259,247,5,252,14
2020-11-05,Kern,029,883053,35464,34232,596,34828,443
2020-11-05,Kings,031,150075,9285,8846,76,8922,83
2020-11-05,Lake,033,64148,782,739,0,739,16
2020-11-05,Lassen,035,31185,820,782,2,784,0
2020-11-05,Los Angeles,037,10098052,323465,312381,3509,315890,7146
2020-11-05,Madera,039,155013,5364,5129,61,5190,54
2020-11-05,Marin,041,260295,7305,7171,22,7193,131
2020-11-05,Mariposa,043,17540,88,79,0,79,2
2020-11-05,Mendocino,045,87422,1187,1112,3,1115,22
2020-11-05,Merced,047,269075,10095,9753,50,9803,155
2020-11-05,Modoc,049,8938,69,47,11,58,0
2020-11-05,Mono,051,14174,450,307,8,315,1
2020-11-05,Monterey,053,433212,12449,11784,106,11890,96
2020-11-05,Napa,055,140530,2396,2158,9,2167,15
2020-11-05,Nevada,057,99092,780,687,20,707,9
2020-11-05,Orange,059,3164182,64466,60740,1957,62697,1484
2020-11-05,Placer,061,380077,5048,4627,27,4654,60
2020-11-05,Plumas,063,18699,114,90,0,90,0
2020-11-05,Riverside,065,2383286,73055,70094,706,70800,1338
2020-11-05,Sacramento,067,1510023,28611,27232,41,27273,512
2020-11-05,San Benito,069,59416,1535,1477,1,1478,15
2020-11-05,San Bernardino,071,2135413,70921,66407,576,66983,1174
2020-11-05,San Diego,073,3302833,62582,58659,1910,60569,904
2020-11-05,San Francisco,075,870044,13274,12726,62,12788,146
2020-11-05,San Joaquin,077,732212,23147,22318,299,22617,502
2020-11-05,San Luis Obispo,079,281455,4952,4459,50,4509,32
2020-11-05,San Mateo,081,765935,12194,11535,9,11544,168
2020-11-05,Santa Barbara,083,443738,11144,10080,134,10214,133
2020-11-05,Santa Clara,085,1922200,27801,25651,48,25699,402
2020-11-05,Santa Cruz,087,273765,3269,3023,37,3060,25
2020-11-05,Shasta,089,179085,3148,2401,40,2441,34
2020-11-05,Sierra,091,2930,9,6,0,6,0
2020-11-05,Siskiyou,093,43540,275,228,12,240,0
2020-11-05,Solano,095,438530,8339,7842,41,7883,85
2020-11-05,Sonoma,097,501317,10548,10064,33,10097,145
2020-11-05,Stanislaus,099,539301,18655,18194,909,19103,417
2020-11-05,Sutter,101,95872,2071,1925,2,1927,12
2020-11-05,Tehama,103,63373,1112,1015,2,1017,6
2020-11-05,Trinity,105,12862,128,41,15,56,0
2020-11-05,Tulare,107,460477,18875,18049,592,18641,301
2020-11-05,Tuolumne,109,53932,408,312,3,315,5
2020-11-05,Ventura,111,848112,16144,15113,437,15550,155
2020-11-05,Yolo,113,214977,3629,3391,9,3400,61
2020-11-05,Yuba,115,75493,1408,1322,7,1329,10
2020-11-04,Alameda,001,1643700,25169,24172,249,24421,418
2020-11-04,Alpine,003,1148,20,5,0,5,0
2020-11-04,Amador,005,37829,391,362,0,362,16
2020-11-04,Butte,007,227075,3383,3218,51,3269,57
2020-11-04,Calaveras,009,45235,353,290,0,290,19
2020-11-04,Colusa,011,21464,589,571,1,572,6
2020-11-04,Contra Costa,013,1133247,20320,19472,98,19570,251
2020-11-04,Del Norte,015,27424,197,188,0,188,2
2020-11-04,El Dorado,017,186661,1588,1448,4,1452,4
2020-11-04,Fresno,019,978130,35366,31952,599,32551,457
2020-11-04,Glenn,021,27897,732,701,6,707,3
2020-11-04,Humboldt,023,135768,616,571,1,572,9
2020-11-04,Imperial,025,180216,13563,13087,26,13113,335
2020-11-04,Inyo,027,18085,258,247,5,252,14
2020-11-04,Kern,029,883053,35309,34027,585,34612,439
2020-11-04,Kings,031,150075,9251,8817,74,8891,83
2020-11-04,Lake,033,64148,775,735,0,735,16
2020-11-04,Lassen,035,31185,815,781,2,783,0
2020-11-04,Los Angeles,037,10098052,321155,310456,3429,313885,7124
2020-11-04,Madera,039,155013,5344,5083,57,5140,54
2020-11-04,Marin,041,260295,7293,7157,22,7179,131
2020-11-04,Mariposa,043,17540,88,79,0,79,2
2020-11-04,Mendocino,045,87422,1169,1089,3,1092,22
2020-11-04,Merced,047,269075,10045,9717,48,9765,153
2020-11-04,Modoc,049,8938,59,47,11,58,0
2020-11-04,Mono,051,14174,447,237,7,244,1
2020-11-04,Monterey,053,433212,12244,11743,100,11843,96
2020-11-04,Napa,055,140530,2342,2133,9,2142,15
2020-11-04,Nevada,057,99092,761,675,20,695,9
2020-11-04,Orange,059,3164182,64031,60463,1934,62397,1483
2020-11-04,Placer,061,380077,4969,4526,24,4550,60
2020-11-04,Plumas,063,18699,112,88,0,88,0
2020-11-04,Riverside,065,2383286,72438,69562,646,70208,1335
2020-11-04,Sacramento,067,1510023,28260,27005,40,27045,510
2020-11-04,San Benito,069,59416,1520,1464,1,1465,15
2020-11-04,San Bernardino,071,2135413,70124,65891,553,66444,1169
2020-11-04,San Diego,073,3302833,61936,58126,1884,60010,904
2020-11-04,San Francisco,075,870044,13190,12649,59,12708,146
2020-11-04,San Joaquin,077,732212,23010,22197,286,22483,500
2020-11-04,San Luis Obispo,079,281455,4885,4389,48,4437,32
2020-11-04,San Mateo,081,765935,12099,11456,9,11465,168
2020-11-04,Santa Barbara,083,443738,11105,10026,133,10159,132
2020-11-04,Santa Clara,085,1922200,27539,25487,48,25535,393
2020-11-04,Santa Cruz,087,273765,3232,2997,37,3034,25
2020-11-04,Shasta,089,179085,3017,2321,35,2356,34
2020-11-04,Sierra,091,2930,9,6,0,6,0
2020-11-04,Siskiyou,093,43540,266,222,12,234,0
2020-11-04,Solano,095,438530,8240,7733,41,7774,85
2020-11-04,Sonoma,097,501317,10454,9965,33,9998,142
2020-11-04,Stanislaus,099,539301,18538,18114,894,19008,416
2020-11-04,Sutter,101,95872,2037,1916,2,1918,12
2020-11-04,Tehama,103,63373,1088,997,2,999,6
2020-11-04,Trinity,105,12862,124,37,15,52,0
2020-11-04,Tulare,107,460477,18766,17952,564,18516,298
2020-11-04,Tuolumne,109,53932,386,310,3,313,5
2020-11-04,Ventura,111,848112,16003,14936,434,15370,155
2020-11-04,Yolo,113,214977,3588,3361,9,3370,62
2020-11-04,Yuba,115,75493,1387,1312,7,1319,10
2020-11-03,Alameda,001,1643700,24985,24055,247,24302,418
2020-11-03,Alpine,003,1148,19,4,0,4,0
2020-11-03,Amador,005,37829,386,361,0,361,16
2020-11-03,Butte,007,227075,3359,3211,46,3257,57
2020-11-03,Calaveras,009,45235,349,287,0,287,19
2020-11-03,Colusa,011,21464,584,572,1,573,6
2020-11-03,Contra Costa,013,1133247,20165,19416,98,19514,250
2020-11-03,Del Norte,015,27424,196,187,0,187,2
2020-11-03,El Dorado,017,186661,1566,1445,3,1448,4
2020-11-03,Fresno,019,978130,35095,31856,576,32432,457
2020-11-03,Glenn,021,27897,726,698,6,704,3
2020-11-03,Humboldt,023,135768,610,570,1,571,8
2020-11-03,Imperial,025,180216,13474,13044,25,13069,335
2020-11-03,Inyo,027,18085,257,244,5,249,14
2020-11-03,Kern,029,883053,35118,33957,574,34531,439
2020-11-03,Kings,031,150075,9088,8783,69,8852,83
2020-11-03,Lake,033,64148,765,732,0,732,16
2020-11-03,Lassen,035,31185,806,782,2,784,0
2020-11-03,Los Angeles,037,10098052,318699,308812,3360,312172,7104
2020-11-03,Madera,039,155013,5307,5058,56,5114,54
2020-11-03,Marin,041,260295,7273,7147,21,7168,131
2020-11-03,Mariposa,043,17540,87,79,0,79,2
2020-11-03,Mendocino,045,87422,1154,1084,3,1087,22
2020-11-03,Merced,047,269075,9992,9713,47,9760,153
2020-11-03,Modoc,049,8938,57,47,9,56,0
2020-11-03,Mono,051,14174,443,210,7,217,1
2020-11-03,Monterey,053,433212,12175,11703,93,11796,94
2020-11-03,Napa,055,140530,2306,2130,9,2139,15
2020-11-03,Nevada,057,99092,741,670,19,689,9
2020-11-03,Orange,059,3164182,63603,60283,1923,62206,1477
2020-11-03,Placer,061,380077,4895,4514,24,4538,60
2020-11-03,Plumas,063,18699,109,86,0,86,0
2020-11-03,Riverside,065,2383286,71819,69300,621,69921,1325
2020-11-03,Sacramento,067,1510023,27880,26841,39,26880,510
2020-11-03,San Benito,069,59416,1510,1463,1,1464,15
2020-11-03,San Bernardino,071,2135413,69313,65320,545,65865,1159
2020-11-03,San Diego,073,3302833,61260,57722,1840,59562,901
2020-11-03,San Francisco,075,870044,13067,12585,59,12644,146
2020-11-03,San Joaquin,077,732212,22875,22109,280,22389,500
2020-11-03,San Luis Obispo,079,281455,4803,4371,46,4417,32
2020-11-03,San Mateo,081,765935,12004,11406,9,11415,162
2020-11-03,Santa Barbara,083,443738,11050,10008,128,10136,132
2020-11-03,Santa Clara,085,1922200,27267,25386,47,25433,393
2020-11-03,Santa Cruz,087,273765,3182,2980,36,3016,25
2020-11-03,Shasta,089,179085,2922,2288,28,2316,33
2020-11-03,Sierra,091,2930,7,6,0,6,0
2020-11-03,Siskiyou,093,43540,262,219,11,230,0
2020-11-03,Solano,095,438530,8157,7691,41,7732,85
2020-11-03,Sonoma,097,501317,10352,9906,33,9939,142
2020-11-03,Stanislaus,099,539301,18417,18080,883,18963,416
2020-11-03,Sutter,101,95872,2004,1914,2,1916,12
2020-11-03,Tehama,103,63373,1067,988,2,990,6
2020-11-03,Trinity,105,12862,117,36,14,50,0
2020-11-03,Tulare,107,460477,18660,17890,539,18429,297
2020-11-03,Tuolumne,109,53932,363,302,3,305,5
2020-11-03,Ventura,111,848112,15876,14816,427,15243,155
2020-11-03,Yolo,113,214977,3537,3343,9,3352,61
2020-11-03,Yuba,115,75493,1374,1295,7,1302,10
2020-11-02,Alameda,001,1643700,24789,23991,244,24235,419
2020-11-02,Alpine,003,1148,16,4,0,4,0
2020-11-02,Amador,005,37829,378,357,0,357,16
2020-11-02,Butte,007,227075,3339,3198,43,3241,57
2020-11-02,Calaveras,009,45235,349,282,0,282,18
2020-11-02,Colusa,011,21464,579,571,1,572,6
2020-11-02,Contra Costa,013,1133247,20011,19339,97,19436,250
2020-11-02,Del Norte,015,27424,193,175,0,175,2
2020-11-02,El Dorado,017,186661,1542,1405,3,1408,4
2020-11-02,Fresno,019,978130,34825,31738,559,32297,451
2020-11-02,Glenn,021,27897,720,692,5,697,3
2020-11-02,Humboldt,023,135768,601,569,1,570,8
2020-11-02,Imperial,025,180216,13394,13004,24,13028,334
2020-11-02,Inyo,027,18085,254,243,5,248,14
2020-11-02,Kern,029,883053,34960,33834,564,34398,437
2020-11-02,Kings,031,150075,9058,8654,66,8720,82
2020-11-02,Lake,033,64148,759,728,0,728,17
2020-11-02,Lassen,035,31185,798,782,2,784,0
2020-11-02,Los Angeles,037,10098052,316353,307620,3282,310902,7079
2020-11-02,Madera,039,155013,5277,5033,55,5088,54
2020-11-02,Marin,041,260295,7255,7132,20,7152,125
2020-11-02,Mariposa,043,17540,87,79,0,79,2
2020-11-02,Mendocino,045,87422,1140,1076,3,1079,21
2020-11-02,Merced,047,269075,9930,9664,41,9705,152
2020-11-02,Modoc,049,8938,54,45,5,50,0
2020-11-02,Mono,051,14174,441,211,7,218,1
2020-11-02,Monterey,053,433212,12068,11602,90,11692,93
2020-11-02,Napa,055,140530,2264,2081,9,2090,15
2020-11-02,Nevada,057,99092,725,656,19,675,9
2020-11-02,Orange,059,3164182,63197,59996,1907,61903,1474
2020-11-02,Placer,061,380077,4827,4461,22,4483,60
2020-11-02,Plumas,063,18699,101,86,0,86,0
2020-11-02,Riverside,065,2383286,71187,68833,581,69414,1321
2020-11-02,Sacramento,067,1510023,27538,26676,37,26713,508
2020-11-02,San Benito,069,59416,1498,1459,1,1460,15
2020-11-02,San Bernardino,071,2135413,68459,64629,534,65163,1157
2020-11-02,San Diego,073,3302833,60537,57429,1795,59224,891
2020-11-02,San Francisco,075,870044,12970,12436,58,12494,145
2020-11-02,San Joaquin,077,732212,22735,21919,272,22191,500
2020-11-02,San Luis Obispo,079,281455,4703,4303,43,4346,31
2020-11-02,San Mateo,081,765935,11895,11328,9,11337,161
2020-11-02,Santa Barbara,083,443738,11009,9985,123,10108,130
2020-11-02,Santa Clara,085,1922200,26977,25222,47,25269,387
2020-11-02,Santa Cruz,087,273765,3140,2943,36,2979,25
2020-11-02,Shasta,089,179085,2817,2174,24,2198,33
2020-11-02,Sierra,091,2930,7,6,0,6,0
2020-11-02,Siskiyou,093,43540,252,216,11,227,0
2020-11-02,Solano,095,438530,8039,7665,41,7706,84
2020-11-02,Sonoma,097,501317,10269,9796,32,9828,140
2020-11-02,Stanislaus,099,539301,18321,18005,874,18879,412
2020-11-02,Sutter,101,95872,1980,1895,2,1897,12
2020-11-02,Tehama,103,63373,1044,971,2,973,6
2020-11-02,Trinity,105,12862,111,30,14,44,0
2020-11-02,Tulare,107,460477,18566,17774,519,18293,299
2020-11-02,Tuolumne,109,53932,343,302,3,305,5
2020-11-02,Ventura,111,848112,15735,14767,413,15180,156
2020-11-02,Yolo,113,214977,3488,3318,9,3327,61
2020-11-02,Yuba,115,75493,1361,1280,7,1287,10
2020-11-01,Alameda,001,1643700,24626,23892,242,24134,419
2020-11-01,Alpine,003,1148,10,4,0,4,0
2020-11-01,Amador,005,37829,375,352,0,352,16
2020-11-01,Butte,007,227075,3315,3185,42,3227,57
2020-11-01,Calaveras,009,45235,348,282,0,282,18
2020-11-01,Colusa,011,21464,577,567,1,568,6
2020-11-01,Contra Costa,013,1133247,19837,19246,96,19342,250
2020-11-01,Del Norte,015,27424,189,175,0,175,2
2020-11-01,El Dorado,017,186661,1526,1394,3,1397,4
2020-11-01,Fresno,019,978130,34567,31613,539,32152,451
2020-11-01,Glenn,021,27897,711,688,3,691,3
2020-11-01,Humboldt,023,135768,593,568,1,569,8
2020-11-01,Imperial,025,180216,13303,12969,22,12991,334
2020-11-01,Inyo,027,18085,252,241,5,246,14
2020-11-01,Kern,029,883053,34779,33760,468,34228,437
2020-11-01,Kings,031,150075,9020,8641,65,8706,82
2020-11-01,Lake,033,64148,753,727,0,727,17
2020-11-01,Lassen,035,31185,798,782,2,784,0
2020-11-01,Los Angeles,037,10098052,313787,306217,3189,309406,7077
2020-11-01,Madera,039,155013,5229,5019,53,5072,54
2020-11-01,Marin,041,260295,7238,7124,20,7144,125
2020-11-01,Mariposa,043,17540,83,79,0,79,2
2020-11-01,Mendocino,045,87422,1127,1074,3,1077,21
2020-11-01,Merced,047,269075,9869,9626,41,9667,152
2020-11-01,Modoc,049,8938,53,45,5,50,0
2020-11-01,Mono,051,14174,412,211,6,217,1
2020-11-01,Monterey,053,433212,11960,11587,87,11674,93
2020-11-01,Napa,055,140530,2230,2067,9,2076,15
2020-11-01,Nevada,057,99092,709,646,18,664,9
2020-11-01,Orange,059,3164182,62795,59733,1880,61613,1475
2020-11-01,Placer,061,380077,4761,4422,21,4443,58
2020-11-01,Plumas,063,18699,96,86,0,86,0
2020-11-01,Riverside,065,2383286,70557,68493,546,69039,1319
2020-11-01,Sacramento,067,1510023,27217,26442,37,26479,508
2020-11-01,San Benito,069,59416,1483,1451,1,1452,15
2020-11-01,San Bernardino,071,2135413,67616,64339,513,64852,1157
2020-11-01,San Diego,073,3302833,59849,57122,1755,58877,891
2020-11-01,San Francisco,075,870044,12847,12436,53,12489,145
2020-11-01,San Joaquin,077,732212,22607,21919,266,22185,500
2020-11-01,San Luis Obispo,079,281455,4623,4303,42,4345,31
2020-11-01,San Mateo,081,765935,11815,11280,9,11289,160
2020-11-01,Santa Barbara,083,443738,10958,9969,107,10076,130
2020-11-01,Santa Clara,085,1922200,26697,25090,47,25137,386
2020-11-01,Santa Cruz,087,273765,3087,2921,36,2957,25
2020-11-01,Shasta,089,179085,2682,2172,23,2195,33
2020-11-01,Sierra,091,2930,7,6,0,6,0
2020-11-01,Siskiyou,093,43540,247,205,11,216,0
2020-11-01,Solano,095,438530,7949,7591,41,7632,84
2020-11-01,Sonoma,097,501317,10177,9688,32,9720,140
2020-11-01,Stanislaus,099,539301,18220,17961,854,18815,412
2020-11-01,Sutter,101,95872,1954,1888,1,1889,12
2020-11-01,Tehama,103,63373,1027,965,2,967,5
2020-11-01,Trinity,105,12862,109,30,13,43,0
2020-11-01,Tulare,107,460477,18454,17774,488,18262,299
2020-11-01,Tuolumne,109,53932,321,295,3,298,5
2020-11-01,Ventura,111,848112,15586,14686,382,15068,156
2020-11-01,Yolo,113,214977,3440,3303,9,3312,60
2020-11-01,Yuba,115,75493,1344,1273,7,1280,10
2020-10-31,Alameda,001,1643700,24511,23780,238,24018,416
2020-10-31,Alpine,003,1148,10,4,0,4,0
2020-10-31,Amador,005,37829,371,347,0,347,16
2020-10-31,Butte,007,227075,3302,3172,40,3212,57
2020-10-31,Calaveras,009,45235,348,280,0,280,18
2020-10-31,Colusa,011,21464,575,555,1,556,6
2020-10-31,Contra Costa,013,1133247,19731,19161,96,19257,249
2020-10-31,Del Norte,015,27424,188,175,0,175,2
2020-10-31,El Dorado,017,186661,1517,1390,3,1393,4
2020-10-31,Fresno,019,978130,34431,31558,536,32094,451
2020-10-31,Glenn,021,27897,709,678,3,681,3
2020-10-31,Humboldt,023,135768,590,561,1,562,8
2020-10-31,Imperial,025,180216,13261,12912,22,12934,334
2020-10-31,Inyo,027,18085,251,241,5,246,14
2020-10-31,Kern,029,883053,34676,33666,458,34124,437
2020-10-31,Kings,031,150075,8999,8612,64,8676,82
2020-10-31,Lake,033,64148,749,724,0,724,16
2020-10-31,Lassen,035,31185,793,782,2,784,0
2020-10-31,Los Angeles,037,10098052,312416,304704,3145,307849,7073
2020-10-31,Madera,039,155013,5211,5013,50,5063,54
2020-10-31,Marin,041,260295,7222,7112,20,7132,125
2020-10-31,Mariposa,043,17540,83,79,0,79,2
2020-10-31,Mendocino,045,87422,1119,1066,3,1069,21
2020-10-31,Merced,047,269075,9836,9597,40,9637,151
2020-10-31,Modoc,049,8938,52,34,4,38,0
2020-10-31,Mono,051,14174,263,194,5,199,1
2020-10-31,Monterey,053,433212,11892,11539,83,11622,93
2020-10-31,Napa,055,140530,2211,2040,9,2049,15
2020-10-31,Nevada,057,99092,691,644,18,662,9
2020-10-31,Orange,059,3164182,62536,59488,1862,61350,1473
2020-10-31,Placer,061,380077,4711,4374,20,4394,58
2020-10-31,Plumas,063,18699,95,85,0,85,0
2020-10-31,Riverside,065,2383286,70200,68178,523,68701,1319
2020-10-31,Sacramento,067,1510023,27018,26316,35,26351,507
2020-10-31,San Benito,069,59416,1476,1448,1,1449,15
2020-10-31,San Bernardino,071,2135413,67191,64016,503,64519,1157
2020-10-31,San Diego,073,3302833,59396,56769,1727,58496,891
2020-10-31,San Francisco,075,870044,12773,12438,52,12490,145
2020-10-31,San Joaquin,077,732212,22532,21918,257,22175,500
2020-10-31,San Luis Obispo,079,281455,4554,4285,39,4324,31
2020-10-31,San Mateo,081,765935,11763,11253,9,11262,160
2020-10-31,Santa Barbara,083,443738,10930,9957,99,10056,130
2020-10-31,Santa Clara,085,1922200,26529,24957,47,25004,379
2020-10-31,Santa Cruz,087,273765,3052,2895,35,2930,25
2020-10-31,Shasta,089,179085,2632,2122,22,2144,33
2020-10-31,Sierra,091,2930,7,6,0,6,0
2020-10-31,Siskiyou,093,43540,245,200,11,211,0
2020-10-31,Solano,095,438530,7885,7545,41,7586,84
2020-10-31,Sonoma,097,501317,10124,9648,32,9680,140
2020-10-31,Stanislaus,099,539301,18157,17920,838,18758,412
2020-10-31,Sutter,101,95872,1945,1876,1,1877,12
2020-10-31,Tehama,103,63373,1017,953,2,955,5
2020-10-31,Trinity,105,12862,106,30,13,43,0
2020-10-31,Tulare,107,460477,18405,17758,480,18238,299
2020-10-31,Tuolumne,109,53932,314,290,3,293,5
2020-10-31,Ventura,111,848112,15502,14635,364,14999,155
2020-10-31,Yolo,113,214977,3405,3290,9,3299,60
2020-10-31,Yuba,115,75493,1328,1260,6,1266,10
2020-10-30,Alameda,001,1643700,24431,23676,236,23912,401
2020-10-30,Alpine,003,1148,10,4,0,4,0
2020-10-30,Amador,005,37829,371,344,0,344,16
2020-10-30,Butte,007,227075,3297,3160,40,3200,57
2020-10-30,Calaveras,009,45235,347,279,0,279,18
2020-10-30,Colusa,011,21464,573,554,1,555,6
2020-10-30,Contra Costa,013,1133247,19659,19074,96,19170,249
2020-10-30,Del Norte,015,27424,187,175,0,175,2
2020-10-30,El Dorado,017,186661,1504,1386,3,1389,4
2020-10-30,Fresno,019,978130,34309,31409,527,31936,446
2020-10-30,Glenn,021,27897,703,674,2,676,3
2020-10-30,Humboldt,023,135768,589,561,1,562,7
2020-10-30,Imperial,025,180216,13220,12853,22,12875,334
2020-10-30,Inyo,027,18085,250,241,5,246,14
2020-10-30,Kern,029,883053,34583,33583,457,34040,437
2020-10-30,Kings,031,150075,8989,8564,62,8626,82
2020-10-30,Lake,033,64148,749,720,0,720,16
2020-10-30,Lassen,035,31185,787,777,2,779,0
2020-10-30,Los Angeles,037,10098052,310980,303425,3110,306535,7060
2020-10-30,Madera,039,155013,5199,4991,48,5039,54
2020-10-30,Marin,041,260295,7202,7097,20,7117,125
2020-10-30,Mariposa,043,17540,83,78,0,78,2
2020-10-30,Mendocino,045,87422,1117,1062,3,1065,21
2020-10-30,Merced,047,269075,9804,9539,40,9579,150
2020-10-30,Modoc,049,8938,51,34,3,37,0
2020-10-30,Mono,051,14174,262,193,5,198,1
2020-10-30,Monterey,053,433212,11829,11491,78,11569,92
2020-10-30,Napa,055,140530,2193,2028,9,2037,15
2020-10-30,Nevada,057,99092,685,634,18,652,9
2020-10-30,Orange,059,3164182,62294,59334,1850,61184,1469
2020-10-30,Placer,061,380077,4664,4335,20,4355,58
2020-10-30,Plumas,063,18699,92,80,0,80,0
2020-10-30,Riverside,065,2383286,69860,67752,503,68255,1317
2020-10-30,Sacramento,067,1510023,26870,26147,35,26182,505
2020-10-30,San Benito,069,59416,1470,1440,1,1441,15
2020-10-30,San Bernardino,071,2135413,66776,63512,500,64012,1156
2020-10-30,San Diego,073,3302833,58991,56387,1705,58092,888
2020-10-30,San Francisco,075,870044,12718,12384,52,12436,145
2020-10-30,San Joaquin,077,732212,22465,21849,251,22100,500
2020-10-30,San Luis Obispo,079,281455,4511,4256,39,4295,31
2020-10-30,San Mateo,081,765935,11704,11207,9,11216,159
2020-10-30,Santa Barbara,083,443738,10907,9937,99,10036,128
2020-10-30,Santa Clara,085,1922200,26380,24811,47,24858,378
2020-10-30,Santa Cruz,087,273765,3034,2874,35,2909,25
2020-10-30,Shasta,089,179085,2588,2048,21,2069,32
2020-10-30,Sierra,091,2930,7,6,0,6,0
2020-10-30,Siskiyou,093,43540,245,192,11,203,0
2020-10-30,Solano,095,438530,7824,7497,41,7538,84
2020-10-30,Sonoma,097,501317,10049,9602,32,9634,140
2020-10-30,Stanislaus,099,539301,18109,17861,822,18683,410
2020-10-30,Sutter,101,95872,1932,1860,1,1861,12
2020-10-30,Tehama,103,63373,1013,932,2,934,5
2020-10-30,Trinity,105,12862,106,29,13,42,0
2020-10-30,Tulare,107,460477,18360,17682,465,18147,299
2020-10-30,Tuolumne,109,53932,307,286,3,289,4
2020-10-30,Ventura,111,848112,15429,14578,352,14930,154
2020-10-30,Yolo,113,214977,3388,3263,9,3272,60
2020-10-30,Yuba,115,75493,1320,1256,6,1262,10
2020-10-29,Alameda,001,1643700,24267,23530,235,23765,401
2020-10-29,Alpine,003,1148,7,4,0,4,0
2020-10-29,Amador,005,37829,367,338,0,338,16
2020-10-29,Butte,007,227075,3279,3143,39,3182,57
2020-10-29,Calaveras,009,45235,345,278,0,278,13
2020-10-29,Colusa,011,21464,569,552,1,553,6
2020-10-29,Contra Costa,013,1133247,19560,18933,95,19028,249
2020-10-29,Del Norte,015,27424,185,174,0,174,2
2020-10-29,El Dorado,017,186661,1482,1370,3,1373,4
2020-10-29,Fresno,019,978130,34152,31321,520,31841,445
2020-10-29,Glenn,021,27897,701,673,2,675,3
2020-10-29,Humboldt,023,135768,584,559,1,560,7
2020-10-29,Imperial,025,180216,13176,12769,22,12791,334
2020-10-29,Inyo,027,18085,248,238,5,243,14
2020-10-29,Kern,029,883053,34481,33460,452,33912,437
2020-10-29,Kings,031,150075,8835,8502,61,8563,82
2020-10-29,Lake,033,64148,746,702,0,702,16
2020-10-29,Lassen,035,31185,786,772,2,774,0
2020-10-29,Los Angeles,037,10098052,309352,302246,3063,305309,7046
2020-10-29,Madera,039,155013,5169,4970,46,5016,53
2020-10-29,Marin,041,260295,7188,7083,20,7103,125
2020-10-29,Mariposa,043,17540,81,78,0,78,2
2020-10-29,Mendocino,045,87422,1111,1058,3,1061,21
2020-10-29,Merced,047,269075,9751,9496,40,9536,150
2020-10-29,Modoc,049,8938,49,31,3,34,0
2020-10-29,Mono,051,14174,255,176,5,181,1
2020-10-29,Monterey,053,433212,11748,11425,76,11501,92
2020-10-29,Napa,055,140530,2169,2009,9,2018,15
2020-10-29,Nevada,057,99092,678,632,18,650,9
2020-10-29,Orange,059,3164182,62026,59046,1830,60876,1464
2020-10-29,Placer,061,380077,4619,4270,18,4288,58
2020-10-29,Plumas,063,18699,90,69,0,69,0
2020-10-29,Riverside,065,2383286,69481,67268,475,67743,1304
2020-10-29,Sacramento,067,1510023,26658,25978,34,26012,507
2020-10-29,San Benito,069,59416,1465,1431,1,1432,15
2020-10-29,San Bernardino,071,2135413,66208,62968,490,63458,1150
2020-10-29,San Diego,073,3302833,58525,55916,1676,57592,885
2020-10-29,San Francisco,075,870044,12639,12312,52,12364,145
2020-10-29,San Joaquin,077,732212,22381,21736,239,21975,498
2020-10-29,San Luis Obispo,079,281455,4481,4223,37,4260,31
2020-10-29,San Mateo,081,765935,11658,11145,9,11154,157
2020-10-29,Santa Barbara,083,443738,10874,9902,97,9999,128
2020-10-29,Santa Clara,085,1922200,26228,24614,47,24661,377
2020-10-29,Santa Cruz,087,273765,3009,2850,35,2885,24
2020-10-29,Shasta,089,179085,2525,2008,21,2029,32
2020-10-29,Sierra,091,2930,6,6,0,6,0
2020-10-29,Siskiyou,093,43540,229,185,11,196,0
2020-10-29,Solano,095,438530,7762,7453,41,7494,78
2020-10-29,Sonoma,097,501317,9985,9533,32,9565,140
2020-10-29,Stanislaus,099,539301,18056,17790,800,18590,410
2020-10-29,Sutter,101,95872,1924,1852,1,1853,12
2020-10-29,Tehama,103,63373,995,925,2,927,5
2020-10-29,Trinity,105,12862,101,28,12,40,0
2020-10-29,Tulare,107,460477,18282,17627,446,18073,299
2020-10-29,Tuolumne,109,53932,302,279,3,282,4
2020-10-29,Ventura,111,848112,15338,14486,348,14834,154
2020-10-29,Yolo,113,214977,3359,3246,9,3255,60
2020-10-29,Yuba,115,75493,1309,1248,6,1254,10
2020-10-28,Alameda,001,1643700,24167,23468,234,23702,400
2020-10-28,Alpine,003,1148,6,4,0,4,0
2020-10-28,Amador,005,37829,364,337,0,337,16
2020-10-28,Butte,007,227075,3263,3134,36,3170,56
2020-10-28,Calaveras,009,45235,344,278,0,278,13
2020-10-28,Colusa,011,21464,566,551,1,552,6
2020-10-28,Contra Costa,013,1133247,19473,18828,94,18922,246
2020-10-28,Del Norte,015,27424,182,173,0,173,2
2020-10-28,El Dorado,017,186661,1470,1363,3,1366,4
2020-10-28,Fresno,019,978130,34031,31195,514,31709,444
2020-10-28,Glenn,021,27897,697,673,2,675,3
2020-10-28,Humboldt,023,135768,580,559,1,560,7
2020-10-28,Imperial,025,180216,13127,12730,22,12752,333
2020-10-28,Inyo,027,18085,248,238,5,243,14
2020-10-28,Kern,029,883053,34379,33424,433,33857,436
2020-10-28,Kings,031,150075,8813,8486,60,8546,82
2020-10-28,Lake,033,64148,743,700,0,700,15
2020-10-28,Lassen,035,31185,782,771,2,773,0
2020-10-28,Los Angeles,037,10098052,307893,300726,3021,303747,7031
2020-10-28,Madera,039,155013,5152,4954,45,4999,53
2020-10-28,Marin,041,260295,7177,7079,20,7099,126
2020-10-28,Mariposa,043,17540,81,78,0,78,2
2020-10-28,Mendocino,045,87422,1110,1037,3,1040,20
2020-10-28,Merced,047,269075,9725,9480,39,9519,150
2020-10-28,Modoc,049,8938,48,31,2,33,0
2020-10-28,Mono,051,14174,237,176,5,181,1
2020-10-28,Monterey,053,433212,11690,11330,74,11404,89
2020-10-28,Napa,055,140530,2143,1998,8,2006,15
2020-10-28,Nevada,057,99092,670,629,18,647,9
2020-10-28,Orange,059,3164182,61762,58801,1814,60615,1459
2020-10-28,Placer,061,380077,4563,4236,18,4254,57
2020-10-28,Plumas,063,18699,89,67,0,67,0
2020-10-28,Riverside,065,2383286,69081,67003,453,67456,1302
2020-10-28,Sacramento,067,1510023,26462,25838,33,25871,506
2020-10-28,San Benito,069,59416,1457,1429,1,1430,15
2020-10-28,San Bernardino,071,2135413,65748,62778,481,63259,1154
2020-10-28,San Diego,073,3302833,58142,55556,1647,57203,881
2020-10-28,San Francisco,075,870044,12581,12261,51,12312,145
2020-10-28,San Joaquin,077,732212,22297,21707,228,21935,498
2020-10-28,San Luis Obispo,079,281455,4440,4197,34,4231,31
2020-10-28,San Mateo,081,765935,11591,11101,9,11110,157
2020-10-28,Santa Barbara,083,443738,10850,9872,95,9967,127
2020-10-28,Santa Clara,085,1922200,26084,24503,47,24550,375
2020-10-28,Santa Cruz,087,273765,2978,2836,35,2871,24
2020-10-28,Shasta,089,179085,2445,1996,20,2016,31
2020-10-28,Sierra,091,2930,6,6,0,6,0
2020-10-28,Siskiyou,093,43540,226,182,10,192,0
2020-10-28,Solano,095,438530,7703,7362,41,7403,77
2020-10-28,Sonoma,097,501317,9895,9457,27,9484,140
2020-10-28,Stanislaus,099,539301,17991,17765,791,18556,409
2020-10-28,Sutter,101,95872,1915,1840,1,1841,12
2020-10-28,Tehama,103,63373,984,921,2,923,5
2020-10-28,Trinity,105,12862,94,28,11,39,0
2020-10-28,Tulare,107,460477,18225,17569,430,17999,297
2020-10-28,Tuolumne,109,53932,299,277,3,280,4
2020-10-28,Ventura,111,848112,15265,14409,339,14748,153
2020-10-28,Yolo,113,214977,3335,3230,9,3239,60
2020-10-28,Yuba,115,75493,1297,1245,6,1251,10
2020-10-27,Alameda,001,1643700,24054,23365,232,23597,400
2020-10-27,Alpine,003,1148,6,3,0,3,0
2020-10-27,Amador,005,37829,361,335,0,335,16
2020-10-27,Butte,007,227075,3247,3107,33,3140,56
2020-10-27,Calaveras,009,45235,342,277,0,277,13
2020-10-27,Colusa,011,21464,561,549,1,550,6
2020-10-27,Contra Costa,013,1133247,19368,18766,94,18860,246
2020-10-27,Del Norte,015,27424,179,173,0,173,2
2020-10-27,El Dorado,017,186661,1457,1351,3,1354,4
2020-10-27,Fresno,019,978130,33912,31096,509,31605,442
2020-10-27,Glenn,021,27897,695,667,1,668,3
2020-10-27,Humboldt,023,135768,577,559,1,560,7
2020-10-27,Imperial,025,180216,13078,12680,21,12701,333
2020-10-27,Inyo,027,18085,248,231,5,236,14
2020-10-27,Kern,029,883053,34262,33328,429,33757,436
2020-10-27,Kings,031,150075,8782,8411,60,8471,83
2020-10-27,Lake,033,64148,740,700,0,700,15
2020-10-27,Lassen,035,31185,780,764,2,766,0
2020-10-27,Los Angeles,037,10098052,306509,299438,2992,302430,7008
2020-10-27,Madera,039,155013,5122,4942,44,4986,53
2020-10-27,Marin,041,260295,7161,7070,20,7090,126
2020-10-27,Mariposa,043,17540,80,78,0,78,2
2020-10-27,Mendocino,045,87422,1104,1033,2,1035,20
2020-10-27,Merced,047,269075,9685,9449,39,9488,150
2020-10-27,Modoc,049,8938,46,31,2,33,0
2020-10-27,Mono,051,14174,223,169,5,174,1
2020-10-27,Monterey,053,433212,11634,11261,72,11333,88
2020-10-27,Napa,055,140530,2127,1979,8,1987,15
2020-10-27,Nevada,057,99092,664,622,18,640,8
2020-10-27,Orange,059,3164182,61491,58550,1798,60348,1448
2020-10-27,Placer,061,380077,4514,4197,16,4213,57
2020-10-27,Plumas,063,18699,86,63,0,63,0
2020-10-27,Riverside,065,2383286,68726,66699,410,67109,1299
2020-10-27,Sacramento,067,1510023,26275,25701,32,25733,501
2020-10-27,San Benito,069,59416,1452,1428,1,1429,15
2020-10-27,San Bernardino,071,2135413,65285,62357,468,62825,1154
2020-10-27,San Diego,073,3302833,57669,55226,1624,56850,877
2020-10-27,San Francisco,075,870044,12506,12218,50,12268,140
2020-10-27,San Joaquin,077,732212,22206,21637,219,21856,496
2020-10-27,San Luis Obispo,079,281455,4412,4148,30,4178,31
2020-10-27,San Mateo,081,765935,11542,11074,9,11083,156
2020-10-27,Santa Barbara,083,443738,10821,9874,94,9968,125
2020-10-27,Santa Clara,085,1922200,25942,24368,47,24415,367
2020-10-27,Santa Cruz,087,273765,2948,2815,34,2849,24
2020-10-27,Shasta,089,179085,2358,1962,20,1982,29
2020-10-27,Sierra,091,2930,6,6,0,6,0
2020-10-27,Siskiyou,093,43540,217,181,10,191,0
2020-10-27,Solano,095,438530,7634,7298,41,7339,77
2020-10-27,Sonoma,097,501317,9828,9389,27,9416,140
2020-10-27,Stanislaus,099,539301,17923,17720,784,18504,408
2020-10-27,Sutter,101,95872,1902,1832,1,1833,12
2020-10-27,Tehama,103,63373,970,913,2,915,5
2020-10-27,Trinity,105,12862,91,28,11,39,0
2020-10-27,Tulare,107,460477,18162,17520,407,17927,296
2020-10-27,Tuolumne,109,53932,295,275,3,278,4
2020-10-27,Ventura,111,848112,15182,14347,332,14679,153
2020-10-27,Yolo,113,214977,3321,3216,9,3225,58
2020-10-27,Yuba,115,75493,1284,1235,6,1241,10
2020-10-26,Alameda,001,1643700,23941,23284,231,23515,398
2020-10-26,Alpine,003,1148,4,3,0,3,0
2020-10-26,Amador,005,37829,357,331,0,331,16
2020-10-26,Butte,007,227075,3235,3095,31,3126,56
2020-10-26,Calaveras,009,45235,338,274,0,274,13
2020-10-26,Colusa,011,21464,559,548,1,549,6
2020-10-26,Contra Costa,013,1133247,19272,18718,93,18811,245
2020-10-26,Del Norte,015,27424,179,171,0,171,2
2020-10-26,El Dorado,017,186661,1443,1336,3,1339,4
2020-10-26,Fresno,019,978130,33798,30969,502,31471,441
2020-10-26,Glenn,021,27897,688,660,1,661,3
2020-10-26,Humboldt,023,135768,569,554,1,555,7
2020-10-26,Imperial,025,180216,13024,12654,18,12672,333
2020-10-26,Inyo,027,18085,248,226,5,231,14
2020-10-26,Kern,029,883053,34178,33233,424,33657,432
2020-10-26,Kings,031,150075,8760,8264,58,8322,82
2020-10-26,Lake,033,64148,738,697,0,697,15
2020-10-26,Lassen,035,31185,777,764,2,766,0
2020-10-26,Los Angeles,037,10098052,305081,297961,2950,300911,6979
2020-10-26,Madera,039,155013,5101,4922,43,4965,53
2020-10-26,Marin,041,260295,7155,7064,19,7083,104
2020-10-26,Mariposa,043,17540,80,77,0,77,2
2020-10-26,Mendocino,045,87422,1096,1026,2,1028,20
2020-10-26,Merced,047,269075,9638,9375,38,9413,150
2020-10-26,Modoc,049,8938,44,28,0,28,0
2020-10-26,Mono,051,14174,217,167,5,172,1
2020-10-26,Monterey,053,433212,11584,11207,68,11275,87
2020-10-26,Napa,055,140530,2095,1966,8,1974,14
2020-10-26,Nevada,057,99092,657,618,18,636,8
2020-10-26,Orange,059,3164182,61287,58377,1779,60156,1442
2020-10-26,Placer,061,380077,4472,4161,15,4176,57
2020-10-26,Plumas,063,18699,84,63,0,63,0
2020-10-26,Riverside,065,2383286,68272,66475,386,66861,1294
2020-10-26,Sacramento,067,1510023,26092,25555,30,25585,496
2020-10-26,San Benito,069,59416,1444,1424,1,1425,15
2020-10-26,San Bernardino,071,2135413,64814,61871,465,62336,1153
2020-10-26,San Diego,073,3302833,57276,54957,1586,56543,870
2020-10-26,San Francisco,075,870044,12446,12072,50,12122,138
2020-10-26,San Joaquin,077,732212,22123,21459,213,21672,495
2020-10-26,San Luis Obispo,079,281455,4387,4133,30,4163,31
2020-10-26,San Mateo,081,765935,11498,11037,9,11046,156
2020-10-26,Santa Barbara,083,443738,10797,9827,94,9921,122
2020-10-26,Santa Clara,085,1922200,25752,24258,46,24304,365
2020-10-26,Santa Cruz,087,273765,2922,2808,34,2842,24
2020-10-26,Shasta,089,179085,2305,1889,20,1909,29
2020-10-26,Sierra,091,2930,6,6,0,6,0
2020-10-26,Siskiyou,093,43540,209,179,10,189,0
2020-10-26,Solano,095,438530,7554,7271,41,7312,62
2020-10-26,Sonoma,097,501317,9748,9315,27,9342,140
2020-10-26,Stanislaus,099,539301,17873,17666,774,18440,400
2020-10-26,Sutter,101,95872,1894,1817,1,1818,12
2020-10-26,Tehama,103,63373,950,892,2,894,5
2020-10-26,Trinity,105,12862,90,26,11,37,0
2020-10-26,Tulare,107,460477,18085,17432,384,17816,296
2020-10-26,Tuolumne,109,53932,286,271,3,274,4
2020-10-26,Ventura,111,848112,15112,14330,329,14659,154
2020-10-26,Yolo,113,214977,3302,3206,9,3215,58
2020-10-26,Yuba,115,75493,1268,1226,6,1232,10
2020-10-25,Alameda,001,1643700,23835,23192,231,23423,398
2020-10-25,Alpine,003,1148,3,3,0,3,0
2020-10-25,Amador,005,37829,346,330,0,330,16
2020-10-25,Butte,007,227075,3216,3087,31,3118,56
2020-10-25,Calaveras,009,45235,337,274,0,274,13
2020-10-25,Colusa,011,21464,555,548,1,549,6
2020-10-25,Contra Costa,013,1133247,19171,18640,93,18733,245
2020-10-25,Del Norte,015,27424,175,171,0,171,2
2020-10-25,El Dorado,017,186661,1428,1328,3,1331,4
2020-10-25,Fresno,019,978130,33664,30858,489,31347,441
2020-10-25,Glenn,021,27897,685,652,1,653,3
2020-10-25,Humboldt,023,135768,566,554,1,555,7
2020-10-25,Imperial,025,180216,12974,12572,18,12590,333
2020-10-25,Inyo,027,18085,245,226,5,231,14
2020-10-25,Kern,029,883053,34071,33185,420,33605,432
2020-10-25,Kings,031,150075,8727,8246,56,8302,82
2020-10-25,Lake,033,64148,721,695,0,695,15
2020-10-25,Lassen,035,31185,774,764,2,766,0
2020-10-25,Los Angeles,037,10098052,303519,297110,2913,300023,6973
2020-10-25,Madera,039,155013,5071,4909,38,4947,53
2020-10-25,Marin,041,260295,7145,7052,19,7071,102
2020-10-25,Mariposa,043,17540,80,77,0,77,2
2020-10-25,Mendocino,045,87422,1089,1024,2,1026,20
2020-10-25,Merced,047,269075,9573,9352,36,9388,150
2020-10-25,Modoc,049,8938,39,28,0,28,0
2020-10-25,Mono,051,14174,209,167,5,172,1
2020-10-25,Monterey,053,433212,11501,11182,63,11245,87
2020-10-25,Napa,055,140530,2065,1962,8,1970,14
2020-10-25,Nevada,057,99092,649,616,18,634,8
2020-10-25,Orange,059,3164182,60998,58185,1770,59955,1443
2020-10-25,Placer,061,380077,4420,4140,15,4155,57
2020-10-25,Plumas,063,18699,84,63,0,63,0
2020-10-25,Riverside,065,2383286,67819,66192,371,66563,1289
2020-10-25,Sacramento,067,1510023,25876,25445,27,25472,496
2020-10-25,San Benito,069,59416,1437,1423,1,1424,15
2020-10-25,San Bernardino,071,2135413,64273,61551,453,62004,1153
2020-10-25,San Diego,073,3302833,56813,54599,1554,56153,870
2020-10-25,San Francisco,075,870044,12373,12072,50,12122,137
2020-10-25,San Joaquin,077,732212,22015,21459,205,21664,495
2020-10-25,San Luis Obispo,079,281455,4345,4126,28,4154,31
2020-10-25,San Mateo,081,765935,11453,10987,9,10996,156
2020-10-25,Santa Barbara,083,443738,10777,9814,94,9908,122
2020-10-25,Santa Clara,085,1922200,25564,24087,46,24133,365
2020-10-25,Santa Cruz,087,273765,2895,2789,34,2823,24
2020-10-25,Shasta,089,179085,2241,1889,20,1909,29
2020-10-25,Sierra,091,2930,6,6,0,6,0
2020-10-25,Siskiyou,093,43540,206,176,10,186,0
2020-10-25,Solano,095,438530,7476,7197,41,7238,60
2020-10-25,Sonoma,097,501317,9655,9235,26,9261,140
2020-10-25,Stanislaus,099,539301,17816,17641,764,18405,400
2020-10-25,Sutter,101,95872,1876,1811,1,1812,12
2020-10-25,Tehama,103,63373,933,880,2,882,5
2020-10-25,Trinity,105,12862,86,26,11,37,0
2020-10-25,Tulare,107,460477,18012,17431,374,17805,296
2020-10-25,Tuolumne,109,53932,281,271,3,274,4
2020-10-25,Ventura,111,848112,15019,14300,323,14623,154
2020-10-25,Yolo,113,214977,3281,3190,9,3199,58
2020-10-25,Yuba,115,75493,1260,1219,6,1225,10
2020-10-24,Alameda,001,1643700,23765,23099,228,23327,398
2020-10-24,Alpine,003,1148,3,3,0,3,0
2020-10-24,Amador,005,37829,345,328,0,328,16
2020-10-24,Butte,007,227075,3207,3078,31,3109,56
2020-10-24,Calaveras,009,45235,335,274,0,274,13
2020-10-24,Colusa,011,21464,550,548,1,549,6
2020-10-24,Contra Costa,013,1133247,19104,18567,93,18660,244
2020-10-24,Del Norte,015,27424,174,171,0,171,2
2020-10-24,El Dorado,017,186661,1412,1317,3,1320,4
2020-10-24,Fresno,019,978130,33603,30752,484,31236,441
2020-10-24,Glenn,021,27897,682,650,1,651,3
2020-10-24,Humboldt,023,135768,564,553,1,554,7
2020-10-24,Imperial,025,180216,12947,12469,18,12487,333
2020-10-24,Inyo,027,18085,245,226,5,231,14
2020-10-24,Kern,029,883053,34013,33105,414,33519,432
2020-10-24,Kings,031,150075,8717,8228,55,8283,82
2020-10-24,Lake,033,64148,716,696,0,696,15
2020-10-24,Lassen,035,31185,773,764,2,766,0
2020-10-24,Los Angeles,037,10098052,302699,296323,2891,299214,6969
2020-10-24,Madera,039,155013,5058,4898,37,4935,53
2020-10-24,Marin,041,260295,7136,7042,19,7061,102
2020-10-24,Mariposa,043,17540,80,77,0,77,2
2020-10-24,Mendocino,045,87422,1077,1022,2,1024,20
2020-10-24,Merced,047,269075,9549,9351,36,9387,150
2020-10-24,Modoc,049,8938,38,28,0,28,0
2020-10-24,Mono,051,14174,195,167,5,172,1
2020-10-24,Monterey,053,433212,11432,11153,62,11215,87
2020-10-24,Napa,055,140530,2048,1957,8,1965,14
2020-10-24,Nevada,057,99092,645,608,18,626,8
2020-10-24,Orange,059,3164182,60843,57928,1760,59688,1441
2020-10-24,Placer,061,380077,4389,4093,15,4108,57
2020-10-24,Plumas,063,18699,78,63,0,63,0
2020-10-24,Riverside,065,2383286,67609,65902,357,66259,1288
2020-10-24,Sacramento,067,1510023,25795,25372,27,25399,496
2020-10-24,San Benito,069,59416,1432,1417,1,1418,15
2020-10-24,San Bernardino,071,2135413,64033,61351,444,61795,1153
2020-10-24,San Diego,073,3302833,56536,54330,1542,55872,868
2020-10-24,San Francisco,075,870044,12315,12073,49,12122,137
2020-10-24,San Joaquin,077,732212,21963,21458,200,21658,495
2020-10-24,San Luis Obispo,079,281455,4320,4119,27,4146,31
2020-10-24,San Mateo,081,765935,11414,10942,9,10951,155
2020-10-24,Santa Barbara,083,443738,10760,9781,94,9875,122
2020-10-24,Santa Clara,085,1922200,25477,23978,46,24024,365
2020-10-24,Santa Cruz,087,273765,2876,2775,34,2809,24
2020-10-24,Shasta,089,179085,2196,1878,20,1898,29
2020-10-24,Sierra,091,2930,6,6,0,6,0
2020-10-24,Siskiyou,093,43540,205,174,10,184,0
2020-10-24,Solano,095,438530,7423,7189,41,7230,60
2020-10-24,Sonoma,097,501317,9621,9179,26,9205,140
2020-10-24,Stanislaus,099,539301,17772,17574,748,18322,400
2020-10-24,Sutter,101,95872,1867,1804,1,1805,12
2020-10-24,Tehama,103,63373,925,872,2,874,5
2020-10-24,Trinity,105,12862,86,25,11,36,0
2020-10-24,Tulare,107,460477,17989,17406,363,17769,295
2020-10-24,Tuolumne,109,53932,278,269,3,272,4
2020-10-24,Ventura,111,848112,14966,14240,322,14562,154
2020-10-24,Yolo,113,214977,3269,3164,9,3173,57
2020-10-24,Yuba,115,75493,1257,1210,6,1216,10
2020-10-23,Alameda,001,1643700,23693,23047,226,23273,393
2020-10-23,Alpine,003,1148,3,3,0,3,0
2020-10-23,Amador,005,37829,344,324,0,324,16
2020-10-23,Butte,007,227075,3198,3059,31,3090,55
2020-10-23,Calaveras,009,45235,334,273,0,273,13
2020-10-23,Colusa,011,21464,550,547,1,548,6
2020-10-23,Contra Costa,013,1133247,19034,18483,92,18575,244
2020-10-23,Del Norte,015,27424,174,171,0,171,2
2020-10-23,El Dorado,017,186661,1403,1310,3,1313,4
2020-10-23,Fresno,019,978130,33536,30590,480,31070,441
2020-10-23,Glenn,021,27897,679,644,1,645,3
2020-10-23,Humboldt,023,135768,562,553,1,554,7
2020-10-23,Imperial,025,180216,12916,12398,17,12415,333
2020-10-23,Inyo,027,18085,244,226,5,231,14
2020-10-23,Kern,029,883053,33945,33077,409,33486,431
2020-10-23,Kings,031,150075,8708,8218,55,8273,82
2020-10-23,Lake,033,64148,714,689,0,689,15
2020-10-23,Lassen,035,31185,772,764,2,766,0
2020-10-23,Los Angeles,037,10098052,301617,294287,2863,297150,6956
2020-10-23,Madera,039,155013,5053,4888,37,4925,53
2020-10-23,Marin,041,260295,7123,7029,19,7048,102
2020-10-23,Mariposa,043,17540,80,77,0,77,2
2020-10-23,Mendocino,045,87422,1074,1019,2,1021,20
2020-10-23,Merced,047,269075,9535,9327,36,9363,149
2020-10-23,Modoc,049,8938,38,28,0,28,0
2020-10-23,Mono,051,14174,194,159,5,164,1
2020-10-23,Monterey,053,433212,11385,11099,58,11157,86
2020-10-23,Napa,055,140530,2040,1942,8,1950,14
2020-10-23,Nevada,057,99092,642,604,18,622,8
2020-10-23,Orange,059,3164182,60672,57595,1745,59340,1430
2020-10-23,Placer,061,380077,4343,4073,15,4088,57
2020-10-23,Plumas,063,18699,75,63,0,63,0
2020-10-23,Riverside,065,2383286,67370,65512,349,65861,1279
2020-10-23,Sacramento,067,1510023,25689,25224,27,25251,496
2020-10-23,San Benito,069,59416,1430,1412,1,1413,15
2020-10-23,San Bernardino,071,2135413,63746,60854,430,61284,1150
2020-10-23,San Diego,073,3302833,56230,53944,1515,55459,867
2020-10-23,San Francisco,075,870044,12284,12015,49,12064,137
2020-10-23,San Joaquin,077,732212,21907,21361,194,21555,495
2020-10-23,San Luis Obispo,079,281455,4294,4102,27,4129,31
2020-10-23,San Mateo,081,765935,11365,10872,9,10881,155
2020-10-23,Santa Barbara,083,443738,10744,9751,94,9845,121
2020-10-23,Santa Clara,085,1922200,25375,23822,46,23868,364
2020-10-23,Santa Cruz,087,273765,2862,2757,34,2791,24
2020-10-23,Shasta,089,179085,2160,1846,19,1865,29
2020-10-23,Sierra,091,2930,6,6,0,6,0
2020-10-23,Siskiyou,093,43540,201,172,10,182,0
2020-10-23,Solano,095,438530,7392,7174,41,7215,59
2020-10-23,Sonoma,097,501317,9565,9112,26,9138,139
2020-10-23,Stanislaus,099,539301,17735,17496,741,18237,395
2020-10-23,Sutter,101,95872,1860,1797,1,1798,12
2020-10-23,Tehama,103,63373,916,862,2,864,5
2020-10-23,Trinity,105,12862,86,26,11,37,0
2020-10-23,Tulare,107,460477,17944,17334,351,17685,295
2020-10-23,Tuolumne,109,53932,276,254,3,257,4
2020-10-23,Ventura,111,848112,14937,14192,322,14514,155
2020-10-23,Yolo,113,214977,3257,3140,9,3149,57
2020-10-23,Yuba,115,75493,1253,1206,6,1212,10
2020-10-22,Alameda,001,1643700,23590,22915,226,23141,393
2020-10-22,Alpine,003,1148,3,3,0,3,0
2020-10-22,Amador,005,37829,340,317,0,317,16
2020-10-22,Butte,007,227075,3188,3046,29,3075,55
2020-10-22,Calaveras,009,45235,331,273,0,273,13
2020-10-22,Colusa,011,21464,550,547,1,548,6
2020-10-22,Contra Costa,013,1133247,18962,18393,92,18485,243
2020-10-22,Del Norte,015,27424,173,168,0,168,2
2020-10-22,El Dorado,017,186661,1393,1308,3,1311,4
2020-10-22,Fresno,019,978130,33424,30471,470,30941,438
2020-10-22,Glenn,021,27897,672,643,1,644,3
2020-10-22,Humboldt,023,135768,561,548,1,549,7
2020-10-22,Imperial,025,180216,12863,12311,17,12328,333
2020-10-22,Inyo,027,18085,241,220,5,225,14
2020-10-22,Kern,029,883053,33864,32991,406,33397,431
2020-10-22,Kings,031,150075,8457,8201,55,8256,82
2020-10-22,Lake,033,64148,710,678,0,678,15
2020-10-22,Lassen,035,31185,769,764,2,766,0
2020-10-22,Los Angeles,037,10098052,300242,291599,2804,294403,6935
2020-10-22,Madera,039,155013,5032,4847,37,4884,52
2020-10-22,Marin,041,260295,7116,7014,19,7033,102
2020-10-22,Mariposa,043,17540,80,77,0,77,2
2020-10-22,Mendocino,045,87422,1069,1016,2,1018,20
2020-10-22,Merced,047,269075,9507,9323,36,9359,149
2020-10-22,Modoc,049,8938,34,26,0,26,0
2020-10-22,Mono,051,14174,189,156,5,161,1
2020-10-22,Monterey,053,433212,11326,11059,55,11114,84
2020-10-22,Napa,055,140530,2025,1928,8,1936,14
2020-10-22,Nevada,057,99092,636,600,18,618,8
2020-10-22,Orange,059,3164182,60457,57418,1728,59146,1422
2020-10-22,Placer,061,380077,4294,4036,15,4051,57
2020-10-22,Plumas,063,18699,72,62,0,62,0
2020-10-22,Riverside,065,2383286,67036,65104,329,65433,1279
2020-10-22,Sacramento,067,1510023,25549,25054,27,25081,492
2020-10-22,San Benito,069,59416,1426,1403,1,1404,15
2020-10-22,San Bernardino,071,2135413,63344,60402,415,60817,1149
2020-10-22,San Diego,073,3302833,55843,53514,1496,55010,866
2020-10-22,San Francisco,075,870044,12226,11991,47,12038,137
2020-10-22,San Joaquin,077,732212,21834,21282,188,21470,495
2020-10-22,San Luis Obispo,079,281455,4278,4081,27,4108,31
2020-10-22,San Mateo,081,765935,11309,10796,9,10805,155
2020-10-22,Santa Barbara,083,443738,10710,9710,92,9802,120
2020-10-22,Santa Clara,085,1922200,25221,23621,46,23667,363
2020-10-22,Santa Cruz,087,273765,2844,2738,33,2771,24
2020-10-22,Shasta,089,179085,2114,1799,19,1818,29
2020-10-22,Sierra,091,2930,6,6,0,6,0
2020-10-22,Siskiyou,093,43540,201,169,10,179,0
2020-10-22,Solano,095,438530,7346,7116,41,7157,59
2020-10-22,Sonoma,097,501317,9499,9052,25,9077,139
2020-10-22,Stanislaus,099,539301,17681,17440,729,18169,395
2020-10-22,Sutter,101,95872,1846,1794,1,1795,12
2020-10-22,Tehama,103,63373,905,852,2,854,5
2020-10-22,Trinity,105,12862,85,26,11,37,0
2020-10-22,Tulare,107,460477,17878,17265,338,17603,293
2020-10-22,Tuolumne,109,53932,274,252,3,255,4
2020-10-22,Ventura,111,848112,14890,14124,320,14444,154
2020-10-22,Yolo,113,214977,3245,3116,9,3125,58
2020-10-22,Yuba,115,75493,1246,1199,5,1204,10
2020-10-21,Alameda,001,1643700,23502,22853,224,23077,392
2020-10-21,Alpine,003,1148,3,3,0,3,0
2020-10-21,Amador,005,37829,335,313,0,313,16
2020-10-21,Butte,007,227075,3176,3041,29,3070,55
2020-10-21,Calaveras,009,45235,330,272,0,272,13
2020-10-21,Colusa,011,21464,550,546,1,547,6
2020-10-21,Contra Costa,013,1133247,18888,18299,92,18391,243
2020-10-21,Del Norte,015,27424,173,169,0,169,2
2020-10-21,El Dorado,017,186661,1381,1305,2,1307,4
2020-10-21,Fresno,019,978130,33328,30328,466,30794,433
2020-10-21,Glenn,021,27897,667,640,1,641,3
2020-10-21,Humboldt,023,135768,560,548,1,549,7
2020-10-21,Imperial,025,180216,12806,12210,17,12227,331
2020-10-21,Inyo,027,18085,237,220,5,225,14
2020-10-21,Kern,029,883053,33789,32956,405,33361,430
2020-10-21,Kings,031,150075,8430,8186,55,8241,80
2020-10-21,Lake,033,64148,709,676,0,676,15
2020-10-21,Lassen,035,31185,768,764,2,766,0
2020-10-21,Los Angeles,037,10098052,298903,288096,2761,290857,6923
2020-10-21,Madera,039,155013,5007,4831,37,4868,52
2020-10-21,Marin,041,260295,7107,7002,19,7021,102
2020-10-21,Mariposa,043,17540,80,77,0,77,2
2020-10-21,Mendocino,045,87422,1067,1011,2,1013,21
2020-10-21,Merced,047,269075,9483,9319,34,9353,149
2020-10-21,Modoc,049,8938,33,26,0,26,0
2020-10-21,Mono,051,14174,187,156,5,161,1
2020-10-21,Monterey,053,433212,11288,11005,54,11059,83
2020-10-21,Napa,055,140530,2009,1918,8,1926,13
2020-10-21,Nevada,057,99092,630,597,18,615,8
2020-10-21,Orange,059,3164182,60244,57189,1719,58908,1409
2020-10-21,Placer,061,380077,4257,4007,15,4022,56
2020-10-21,Plumas,063,18699,69,58,0,58,0
2020-10-21,Riverside,065,2383286,66739,64778,306,65084,1278
2020-10-21,Sacramento,067,1510023,25355,24908,27,24935,490
2020-10-21,San Benito,069,59416,1425,1401,1,1402,14
2020-10-21,San Bernardino,071,2135413,62936,59948,408,60356,1141
2020-10-21,San Diego,073,3302833,55491,53279,1468,54747,863
2020-10-21,San Francisco,075,870044,12177,11976,46,12022,137
2020-10-21,San Joaquin,077,732212,21758,21201,182,21383,495
2020-10-21,San Luis Obispo,079,281455,4264,4055,25,4080,31
2020-10-21,San Mateo,081,765935,11260,10730,9,10739,155
2020-10-21,Santa Barbara,083,443738,10692,9681,91,9772,121
2020-10-21,Santa Clara,085,1922200,25095,23537,46,23583,361
2020-10-21,Santa Cruz,087,273765,2821,2729,33,2762,24
2020-10-21,Shasta,089,179085,2077,1777,19,1796,27
2020-10-21,Sierra,091,2930,6,6,0,6,0
2020-10-21,Siskiyou,093,43540,197,169,10,179,0
2020-10-21,Solano,095,438530,7300,7088,41,7129,59
2020-10-21,Sonoma,097,501317,9419,8987,25,9012,138
2020-10-21,Stanislaus,099,539301,17631,17419,721,18140,392
2020-10-21,Sutter,101,95872,1831,1786,1,1787,12
2020-10-21,Tehama,103,63373,889,824,2,826,5
2020-10-21,Trinity,105,12862,79,25,10,35,0
2020-10-21,Tulare,107,460477,17840,17204,324,17528,292
2020-10-21,Tuolumne,109,53932,273,251,3,254,4
2020-10-21,Ventura,111,848112,14827,14050,317,14367,153
2020-10-21,Yolo,113,214977,3226,3095,9,3104,58
2020-10-21,Yuba,115,75493,1237,1194,5,1199,10
2020-10-20,Alameda,001,1643700,23399,22750,220,22970,391
2020-10-20,Alpine,003,1148,3,3,0,3,0
2020-10-20,Amador,005,37829,334,313,0,313,16
2020-10-20,Butte,007,227075,3164,3027,29,3056,56
2020-10-20,Calaveras,009,45235,329,273,0,273,13
2020-10-20,Colusa,011,21464,547,546,1,547,6
2020-10-20,Contra Costa,013,1133247,18796,18246,92,18338,241
2020-10-20,Del Norte,015,27424,172,169,0,169,2
2020-10-20,El Dorado,017,186661,1375,1295,2,1297,4
2020-10-20,Fresno,019,978130,33225,30220,460,30680,431
2020-10-20,Glenn,021,27897,662,638,1,639,3
2020-10-20,Humboldt,023,135768,556,545,1,546,7
2020-10-20,Imperial,025,180216,12737,12114,17,12131,330
2020-10-20,Inyo,027,18085,237,218,5,223,14
2020-10-20,Kern,029,883053,33714,32889,392,33281,429
2020-10-20,Kings,031,150075,8412,8178,54,8232,80
2020-10-20,Lake,033,64148,707,675,0,675,15
2020-10-20,Lassen,035,31185,767,757,2,759,0
2020-10-20,Los Angeles,037,10098052,297412,287727,2710,290437,6891
2020-10-20,Madera,039,155013,4990,4823,37,4860,52
2020-10-20,Marin,041,260295,7092,6994,19,7013,101
2020-10-20,Mariposa,043,17540,79,77,0,77,2
2020-10-20,Mendocino,045,87422,1065,1004,2,1006,21
2020-10-20,Merced,047,269075,9461,9323,34,9357,149
2020-10-20,Modoc,049,8938,32,26,0,26,0
2020-10-20,Mono,051,14174,187,156,5,161,1
2020-10-20,Monterey,053,433212,11245,10942,51,10993,81
2020-10-20,Napa,055,140530,1990,1912,8,1920,13
2020-10-20,Nevada,057,99092,620,596,18,614,8
2020-10-20,Orange,059,3164182,59980,56914,1709,58623,1397
2020-10-20,Placer,061,380077,4219,3997,15,4012,56
2020-10-20,Plumas,063,18699,66,53,0,53,0
2020-10-20,Riverside,065,2383286,66357,64452,294,64746,1275
2020-10-20,Sacramento,067,1510023,25228,24767,26,24793,485
2020-10-20,San Benito,069,59416,1422,1398,1,1399,14
2020-10-20,San Bernardino,071,2135413,62554,59571,406,59977,1109
2020-10-20,San Diego,073,3302833,55155,53004,1448,54452,857
2020-10-20,San Francisco,075,870044,12130,12013,45,12058,126
2020-10-20,San Joaquin,077,732212,21679,21173,172,21345,490
2020-10-20,San Luis Obispo,079,281455,4246,4043,24,4067,31
2020-10-20,San Mateo,081,765935,11213,10659,9,10668,155
2020-10-20,Santa Barbara,083,443738,10663,9664,89,9753,121
2020-10-20,Santa Clara,085,1922200,24958,23406,46,23452,358
2020-10-20,Santa Cruz,087,273765,2798,2710,33,2743,23
2020-10-20,Shasta,089,179085,2054,1747,19,1766,20
2020-10-20,Sierra,091,2930,6,6,0,6,0
2020-10-20,Siskiyou,093,43540,189,168,10,178,0
2020-10-20,Solano,095,438530,7251,7044,41,7085,57
2020-10-20,Sonoma,097,501317,9356,8904,23,8927,135
2020-10-20,Stanislaus,099,539301,17577,17367,717,18084,393
2020-10-20,Sutter,101,95872,1822,1783,1,1784,12
2020-10-20,Tehama,103,63373,874,813,2,815,5
2020-10-20,Trinity,105,12862,78,25,10,35,0
2020-10-20,Tulare,107,460477,17773,17156,319,17475,289
2020-10-20,Tuolumne,109,53932,271,250,3,253,4
2020-10-20,Ventura,111,848112,14763,13980,315,14295,152
2020-10-20,Yolo,113,214977,3203,3083,9,3092,56
2020-10-20,Yuba,115,75493,1227,1191,5,1196,10
2020-10-19,Alameda,001,1643700,23288,22647,219,22866,392
2020-10-19,Alpine,003,1148,3,3,0,3,0
2020-10-19,Amador,005,37829,328,313,0,313,16
2020-10-19,Butte,007,227075,3153,3026,29,3055,55
2020-10-19,Calaveras,009,45235,328,268,0,268,13
2020-10-19,Colusa,011,21464,547,544,1,545,6
2020-10-19,Contra Costa,013,1133247,18698,18173,92,18265,239
2020-10-19,Del Norte,015,27424,169,167,0,167,2
2020-10-19,El Dorado,017,186661,1354,1287,2,1289,4
2020-10-19,Fresno,019,978130,33116,30152,454,30606,431
2020-10-19,Glenn,021,27897,657,635,0,635,3
2020-10-19,Humboldt,023,135768,556,543,1,544,7
2020-10-19,Imperial,025,180216,12683,12036,16,12052,330
2020-10-19,Inyo,027,18085,236,218,5,223,14
2020-10-19,Kern,029,883053,33638,32840,389,33229,428
2020-10-19,Kings,031,150075,8394,8173,54,8227,80
2020-10-19,Lake,033,64148,704,673,0,673,15
2020-10-19,Lassen,035,31185,766,757,2,759,0
2020-10-19,Los Angeles,037,10098052,295925,287119,2672,289791,6858
2020-10-19,Madera,039,155013,4975,4787,37,4824,52
2020-10-19,Marin,041,260295,7074,6981,19,7000,100
2020-10-19,Mariposa,043,17540,79,77,0,77,2
2020-10-19,Mendocino,045,87422,1060,1001,2,1003,21
2020-10-19,Merced,047,269075,9436,9305,30,9335,148
2020-10-19,Modoc,049,8938,31,26,0,26,0
2020-10-19,Mono,051,14174,182,156,5,161,1
2020-10-19,Monterey,053,433212,11184,10907,51,10958,80
2020-10-19,Napa,055,140530,1976,1892,8,1900,12
2020-10-19,Nevada,057,99092,617,590,18,608,8
2020-10-19,Orange,059,3164182,59694,56652,1694,58346,1396
2020-10-19,Placer,061,380077,4171,3962,15,3977,49
2020-10-19,Plumas,063,18699,64,52,0,52,0
2020-10-19,Riverside,065,2383286,65926,64016,278,64294,1272
2020-10-19,Sacramento,067,1510023,25089,24542,26,24568,483
2020-10-19,San Benito,069,59416,1415,1395,1,1396,14
2020-10-19,San Bernardino,071,2135413,62104,59265,395,59660,1100
2020-10-19,San Diego,073,3302833,54769,52739,1423,54162,853
2020-10-19,San Francisco,075,870044,12086,11879,45,11924,126
2020-10-19,San Joaquin,077,732212,21604,20930,164,21094,489
2020-10-19,San Luis Obispo,079,281455,4230,4016,24,4040,31
2020-10-19,San Mateo,081,765935,11167,10568,9,10577,154
2020-10-19,Santa Barbara,083,443738,10628,9632,89,9721,121
2020-10-19,Santa Clara,085,1922200,24807,23301,46,23347,352
2020-10-19,Santa Cruz,087,273765,2781,2705,33,2738,19
2020-10-19,Shasta,089,179085,2010,1709,18,1727,20
2020-10-19,Sierra,091,2930,6,6,0,6,0
2020-10-19,Siskiyou,093,43540,182,167,10,177,0
2020-10-19,Solano,095,438530,7210,7003,41,7044,57
2020-10-19,Sonoma,097,501317,9269,8830,23,8853,135
2020-10-19,Stanislaus,099,539301,17526,17342,707,18049,390
2020-10-19,Sutter,101,95872,1817,1773,1,1774,12
2020-10-19,Tehama,103,63373,871,793,2,795,5
2020-10-19,Trinity,105,12862,76,23,10,33,0
2020-10-19,Tulare,107,460477,17723,17047,312,17359,291
2020-10-19,Tuolumne,109,53932,269,247,3,250,4
2020-10-19,Ventura,111,848112,14697,13930,312,14242,152
2020-10-19,Yolo,113,214977,3190,3069,9,3078,56
2020-10-19,Yuba,115,75493,1220,1183,5,1188,10
2020-10-18,Alameda,001,1643700,23184,22546,218,22764,392
2020-10-18,Alpine,003,1148,3,3,0,3,0
2020-10-18,Amador,005,37829,316,313,0,313,16
2020-10-18,Butte,007,227075,3140,3019,29,3048,55
2020-10-18,Calaveras,009,45235,327,267,0,267,13
2020-10-18,Colusa,011,21464,545,544,1,545,6
2020-10-18,Contra Costa,013,1133247,18599,18120,92,18212,237
2020-10-18,Del Norte,015,27424,169,167,0,167,2
2020-10-18,El Dorado,017,186661,1345,1283,2,1285,4
2020-10-18,Fresno,019,978130,32987,30051,446,30497,430
2020-10-18,Glenn,021,27897,655,634,0,634,3
2020-10-18,Humboldt,023,135768,553,540,1,541,7
2020-10-18,Imperial,025,180216,12621,11987,15,12002,330
2020-10-18,Inyo,027,18085,233,215,5,220,14
2020-10-18,Kern,029,883053,33565,32799,382,33181,428
2020-10-18,Kings,031,150075,8379,8159,54,8213,80
2020-10-18,Lake,033,64148,697,670,0,670,15
2020-10-18,Lassen,035,31185,766,757,2,759,0
2020-10-18,Los Angeles,037,10098052,294218,286187,2628,288815,6857
2020-10-18,Madera,039,155013,4950,4770,36,4806,52
2020-10-18,Marin,041,260295,7053,6969,19,6988,99
2020-10-18,Mariposa,043,17540,79,77,0,77,2
2020-10-18,Mendocino,045,87422,1058,988,2,990,21
2020-10-18,Merced,047,269075,9401,9292,30,9322,148
2020-10-18,Modoc,049,8938,30,26,0,26,0
2020-10-18,Mono,051,14174,177,155,5,160,1
2020-10-18,Monterey,053,433212,11131,10872,51,10923,80
2020-10-18,Napa,055,140530,1963,1882,8,1890,12
2020-10-18,Nevada,057,99092,611,582,18,600,8
2020-10-18,Orange,059,3164182,59396,56394,1678,58072,1396
2020-10-18,Placer,061,380077,4123,3938,15,3953,49
2020-10-18,Plumas,063,18699,62,52,0,52,0
2020-10-18,Riverside,065,2383286,65614,63765,257,64022,1270
2020-10-18,Sacramento,067,1510023,24934,24425,26,24451,482
2020-10-18,San Benito,069,59416,1408,1395,1,1396,14
2020-10-18,San Bernardino,071,2135413,61604,58893,387,59280,1098
2020-10-18,San Diego,073,3302833,54380,52359,1402,53761,853
2020-10-18,San Francisco,075,870044,12047,11878,45,11923,126
2020-10-18,San Joaquin,077,732212,21521,20931,151,21082,489
2020-10-18,San Luis Obispo,079,281455,4199,4009,22,4031,31
2020-10-18,San Mateo,081,765935,11108,10503,9,10512,154
2020-10-18,Santa Barbara,083,443738,10589,9608,88,9696,121
2020-10-18,Santa Clara,085,1922200,24634,23169,46,23215,352
2020-10-18,Santa Cruz,087,273765,2767,2692,33,2725,19
2020-10-18,Shasta,089,179085,1985,1708,18,1726,20
2020-10-18,Sierra,091,2930,6,6,0,6,0
2020-10-18,Siskiyou,093,43540,182,167,10,177,0
2020-10-18,Solano,095,438530,7163,6962,41,7003,57
2020-10-18,Sonoma,097,501317,9192,8781,22,8803,134
2020-10-18,Stanislaus,099,539301,17470,17290,698,17988,390
2020-10-18,Sutter,101,95872,1808,1764,1,1765,12
2020-10-18,Tehama,103,63373,839,774,2,776,5
2020-10-18,Trinity,105,12862,76,20,10,30,0
2020-10-18,Tulare,107,460477,17629,17048,303,17351,290
2020-10-18,Tuolumne,109,53932,264,245,3,248,4
2020-10-18,Ventura,111,848112,14618,13901,311,14212,151
2020-10-18,Yolo,113,214977,3151,3059,9,3068,55
2020-10-18,Yuba,115,75493,1209,1176,5,1181,10
2020-10-17,Alameda,001,1643700,23138,22394,216,22610,398
2020-10-17,Alpine,003,1148,3,3,0,3,0
2020-10-17,Amador,005,37829,314,309,0,309,16
2020-10-17,Butte,007,227075,3132,3012,27,3039,55
2020-10-17,Calaveras,009,45235,327,267,0,267,13
2020-10-17,Colusa,011,21464,544,544,1,545,6
2020-10-17,Contra Costa,013,1133247,18546,18005,92,18097,237
2020-10-17,Del Norte,015,27424,169,167,0,167,2
2020-10-17,El Dorado,017,186661,1341,1277,2,1279,4
2020-10-17,Fresno,019,978130,32933,29911,444,30355,430
2020-10-17,Glenn,021,27897,652,633,0,633,3
2020-10-17,Humboldt,023,135768,550,535,1,536,7
2020-10-17,Imperial,025,180216,12593,11962,15,11977,330
2020-10-17,Inyo,027,18085,228,212,5,217,14
2020-10-17,Kern,029,883053,33514,32710,379,33089,428
2020-10-17,Kings,031,150075,8373,8151,53,8204,80
2020-10-17,Lake,033,64148,694,663,0,663,15
2020-10-17,Lassen,035,31185,766,757,2,759,0
2020-10-17,Los Angeles,037,10098052,293465,285858,2601,288459,6844
2020-10-17,Madera,039,155013,4944,4759,36,4795,53
2020-10-17,Marin,041,260295,7050,6958,19,6977,99
2020-10-17,Mariposa,043,17540,78,77,0,77,2
2020-10-17,Mendocino,045,87422,1051,977,2,979,21
2020-10-17,Merced,047,269075,9387,9275,30,9305,148
2020-10-17,Modoc,049,8938,30,26,0,26,0
2020-10-17,Mono,051,14174,176,155,5,160,1
2020-10-17,Monterey,053,433212,11091,10807,50,10857,80
2020-10-17,Napa,055,140530,1956,1866,8,1874,12
2020-10-17,Nevada,057,99092,610,580,18,598,8
2020-10-17,Orange,059,3164182,59254,56197,1671,57868,1396
2020-10-17,Placer,061,380077,4096,3898,15,3913,49
2020-10-17,Plumas,063,18699,62,52,0,52,0
2020-10-17,Riverside,065,2383286,65416,63171,247,63418,1270
2020-10-17,Sacramento,067,1510023,24850,24304,26,24330,482
2020-10-17,San Benito,069,59416,1404,1389,1,1390,14
2020-10-17,San Bernardino,071,2135413,61334,58415,380,58795,1097
2020-10-17,San Diego,073,3302833,54155,51986,1391,53377,853
2020-10-17,San Francisco,075,870044,12019,11877,44,11921,126
2020-10-17,San Joaquin,077,732212,21467,20932,145,21077,489
2020-10-17,San Luis Obispo,079,281455,4184,3979,22,4001,31
2020-10-17,San Mateo,081,765935,11080,10423,9,10432,153
2020-10-17,Santa Barbara,083,443738,10570,9588,86,9674,121
2020-10-17,Santa Clara,085,1922200,24545,22997,46,23043,349
2020-10-17,Santa Cruz,087,273765,2753,2680,33,2713,19
2020-10-17,Shasta,089,179085,1959,1679,18,1697,20
2020-10-17,Sierra,091,2930,6,6,0,6,0
2020-10-17,Siskiyou,093,43540,181,167,10,177,0
2020-10-17,Solano,095,438530,7137,6929,41,6970,57
2020-10-17,Sonoma,097,501317,9149,8725,22,8747,134
2020-10-17,Stanislaus,099,539301,17430,17232,689,17921,390
2020-10-17,Sutter,101,95872,1806,1762,1,1763,12
2020-10-17,Tehama,103,63373,823,764,2,766,5
2020-10-17,Trinity,105,12862,76,20,10,30,0
2020-10-17,Tulare,107,460477,17599,16995,294,17289,290
2020-10-17,Tuolumne,109,53932,264,241,3,244,4
2020-10-17,Ventura,111,848112,14573,13845,308,14153,151
2020-10-17,Yolo,113,214977,3136,3045,7,3052,55
2020-10-17,Yuba,115,75493,1204,1164,5,1169,10
2020-10-16,Alameda,001,1643700,23084,22315,216,22531,397
2020-10-16,Alpine,003,1148,3,3,0,3,0
2020-10-16,Amador,005,37829,314,309,0,309,16
2020-10-16,Butte,007,227075,3121,3004,27,3031,54
2020-10-16,Calaveras,009,45235,327,267,0,267,13
2020-10-16,Colusa,011,21464,543,544,1,545,6
2020-10-16,Contra Costa,013,1133247,18493,17956,92,18048,237
2020-10-16,Del Norte,015,27424,169,166,0,166,2
2020-10-16,El Dorado,017,186661,1335,1273,2,1275,4
2020-10-16,Fresno,019,978130,32857,29796,443,30239,427
2020-10-16,Glenn,021,27897,647,632,0,632,3
2020-10-16,Humboldt,023,135768,550,533,1,534,7
2020-10-16,Imperial,025,180216,12553,11885,15,11900,330
2020-10-16,Inyo,027,18085,224,212,5,217,14
2020-10-16,Kern,029,883053,33471,32660,377,33037,428
2020-10-16,Kings,031,150075,8364,8146,52,8198,80
2020-10-16,Lake,033,64148,692,644,0,644,14
2020-10-16,Lassen,035,31185,766,757,2,759,0
2020-10-16,Los Angeles,037,10098052,292403,284988,2580,287568,6835
2020-10-16,Madera,039,155013,4932,4736,35,4771,53
2020-10-16,Marin,041,260295,7040,6933,19,6952,99
2020-10-16,Mariposa,043,17540,78,76,0,76,2
2020-10-16,Mendocino,045,87422,1044,974,2,976,21
2020-10-16,Merced,047,269075,9370,9246,30,9276,148
2020-10-16,Modoc,049,8938,30,26,0,26,0
2020-10-16,Mono,051,14174,174,155,5,160,1
2020-10-16,Monterey,053,433212,11056,10727,50,10777,79
2020-10-16,Napa,055,140530,1947,1855,8,1863,12
2020-10-16,Nevada,057,99092,608,579,18,597,8
2020-10-16,Orange,059,3164182,59076,56091,1665,57756,1388
2020-10-16,Placer,061,380077,4076,3864,15,3879,49
2020-10-16,Plumas,063,18699,61,52,0,52,0
2020-10-16,Riverside,065,2383286,65191,62986,246,63232,1267
2020-10-16,Sacramento,067,1510023,24756,24144,26,24170,479
2020-10-16,San Benito,069,59416,1401,1388,1,1389,14
2020-10-16,San Bernardino,071,2135413,61064,58233,380,58613,1069
2020-10-16,San Diego,073,3302833,53913,51785,1377,53162,850
2020-10-16,San Francisco,075,870044,11997,11840,43,11883,126
2020-10-16,San Joaquin,077,732212,21422,20910,144,21054,489
2020-10-16,San Luis Obispo,079,281455,4170,3952,22,3974,32
2020-10-16,San Mateo,081,765935,11055,10405,9,10414,153
2020-10-16,Santa Barbara,083,443738,10552,9549,86,9635,119
2020-10-16,Santa Clara,085,1922200,24458,22920,46,22966,345
2020-10-16,Santa Cruz,087,273765,2740,2666,33,2699,20
2020-10-16,Shasta,089,179085,1937,1660,18,1678,20
2020-10-16,Sierra,091,2930,6,6,0,6,0
2020-10-16,Siskiyou,093,43540,179,167,10,177,0
2020-10-16,Solano,095,438530,7114,6879,41,6920,55
2020-10-16,Sonoma,097,501317,9093,8652,22,8674,133
2020-10-16,Stanislaus,099,539301,17396,17201,680,17881,366
2020-10-16,Sutter,101,95872,1798,1756,1,1757,12
2020-10-16,Tehama,103,63373,822,737,2,739,3
2020-10-16,Trinity,105,12862,76,20,10,30,0
2020-10-16,Tulare,107,460477,17567,16965,286,17251,290
2020-10-16,Tuolumne,109,53932,261,237,3,240,4
2020-10-16,Ventura,111,848112,14530,13805,303,14108,152
2020-10-16,Yolo,113,214977,3127,3030,7,3037,55
2020-10-16,Yuba,115,75493,1204,1155,5,1160,10
2020-10-15,Alameda,001,1643700,23016,22267,215,22482,390
2020-10-15,Alpine,003,1148,3,3,0,3,0
2020-10-15,Amador,005,37829,314,309,0,309,16
2020-10-15,Butte,007,227075,3109,3000,26,3026,54
2020-10-15,Calaveras,009,45235,326,267,0,267,13
2020-10-15,Colusa,011,21464,542,543,1,544,6
2020-10-15,Contra Costa,013,1133247,18426,17893,91,17984,237
2020-10-15,Del Norte,015,27424,169,164,0,164,2
2020-10-15,El Dorado,017,186661,1330,1265,2,1267,4
2020-10-15,Fresno,019,978130,32760,29727,440,30167,425
2020-10-15,Glenn,021,27897,642,632,0,632,3
2020-10-15,Humboldt,023,135768,546,531,1,532,7
2020-10-15,Imperial,025,180216,12512,11820,14,11834,330
2020-10-15,Inyo,027,18085,224,210,5,215,14
2020-10-15,Kern,029,883053,33390,32593,374,32967,427
2020-10-15,Kings,031,150075,8349,8134,52,8186,80
2020-10-15,Lake,033,64148,690,642,0,642,14
2020-10-15,Lassen,035,31185,765,752,2,754,0
2020-10-15,Los Angeles,037,10098052,291120,284019,2545,286564,6807
2020-10-15,Madera,039,155013,4920,4723,34,4757,50
2020-10-15,Marin,041,260295,7032,6912,19,6931,99
2020-10-15,Mariposa,043,17540,78,76,0,76,2
2020-10-15,Mendocino,045,87422,1038,963,2,965,21
2020-10-15,Merced,047,269075,9343,9213,30,9243,147
2020-10-15,Modoc,049,8938,30,26,0,26,0
2020-10-15,Mono,051,14174,174,155,5,160,1
2020-10-15,Monterey,053,433212,10989,10677,49,10726,79
2020-10-15,Napa,055,140530,1934,1842,8,1850,12
2020-10-15,Nevada,057,99092,604,575,18,593,8
2020-10-15,Orange,059,3164182,58859,55952,1653,57605,1379
2020-10-15,Placer,061,380077,4047,3848,15,3863,48
2020-10-15,Plumas,063,18699,58,52,0,52,0
2020-10-15,Riverside,065,2383286,64860,62819,243,63062,1266
2020-10-15,Sacramento,067,1510023,24640,24068,26,24094,474
2020-10-15,San Benito,069,59416,1398,1384,1,1385,14
2020-10-15,San Bernardino,071,2135413,60725,58068,377,58445,1067
2020-10-15,San Diego,073,3302833,53629,51472,1361,52833,847
2020-10-15,San Francisco,075,870044,11969,11808,40,11848,126
2020-10-15,San Joaquin,077,732212,21349,20880,138,21018,487
2020-10-15,San Luis Obispo,079,281455,4155,3934,22,3956,32
2020-10-15,San Mateo,081,765935,11015,10340,9,10349,152
2020-10-15,Santa Barbara,083,443738,10528,9526,85,9611,117
2020-10-15,Santa Clara,085,1922200,24342,22808,46,22854,343
2020-10-15,Santa Cruz,087,273765,2726,2656,33,2689,13
2020-10-15,Shasta,089,179085,1926,1635,18,1653,20
2020-10-15,Sierra,091,2930,6,6,0,6,0
2020-10-15,Siskiyou,093,43540,175,166,10,176,0
2020-10-15,Solano,095,438530,7075,6830,41,6871,55
2020-10-15,Sonoma,097,501317,9001,8571,22,8593,133
2020-10-15,Stanislaus,099,539301,17358,17151,666,17817,366
2020-10-15,Sutter,101,95872,1795,1752,1,1753,12
2020-10-15,Tehama,103,63373,795,726,2,728,3
2020-10-15,Trinity,105,12862,76,20,10,30,0
2020-10-15,Tulare,107,460477,17507,16918,270,17188,289
2020-10-15,Tuolumne,109,53932,259,236,3,239,4
2020-10-15,Ventura,111,848112,14474,13750,298,14048,152
2020-10-15,Yolo,113,214977,3107,3014,7,3021,55
2020-10-15,Yuba,115,75493,1197,1151,5,1156,10
2020-10-14,Alameda,001,1643700,22917,22227,214,22441,398
2020-10-14,Alpine,003,1148,3,3,0,3,0
2020-10-14,Amador,005,37829,312,308,0,308,16
2020-10-14,Butte,007,227075,3101,2995,26,3021,54
2020-10-14,Calaveras,009,45235,326,266,0,266,12
2020-10-14,Colusa,011,21464,542,543,1,544,6
2020-10-14,Contra Costa,013,1133247,18369,17820,89,17909,236
2020-10-14,Del Norte,015,27424,168,163,0,163,2
2020-10-14,El Dorado,017,186661,1324,1264,2,1266,4
2020-10-14,Fresno,019,978130,32645,29650,433,30083,424
2020-10-14,Glenn,021,27897,641,629,0,629,3
2020-10-14,Humboldt,023,135768,543,531,1,532,7
2020-10-14,Imperial,025,180216,12475,11765,13,11778,330
2020-10-14,Inyo,027,18085,223,209,4,213,14
2020-10-14,Kern,029,883053,33315,32528,372,32900,425
2020-10-14,Kings,031,150075,8331,8118,52,8170,80
2020-10-14,Lake,033,64148,689,642,0,642,14
2020-10-14,Lassen,035,31185,763,752,2,754,0
2020-10-14,Los Angeles,037,10098052,289807,282918,2501,285419,6786
2020-10-14,Madera,039,155013,4905,4713,33,4746,50
2020-10-14,Marin,041,260295,7026,6907,19,6926,99
2020-10-14,Mariposa,043,17540,77,76,0,76,2
2020-10-14,Mendocino,045,87422,1032,955,2,957,21
2020-10-14,Merced,047,269075,9318,9201,28,9229,147
2020-10-14,Modoc,049,8938,30,27,0,27,0
2020-10-14,Mono,051,14174,174,155,5,160,1
2020-10-14,Monterey,053,433212,10938,10616,49,10665,78
2020-10-14,Napa,055,140530,1917,1837,8,1845,12
2020-10-14,Nevada,057,99092,602,573,18,591,7
2020-10-14,Orange,059,3164182,58645,55756,1644,57400,1348
2020-10-14,Placer,061,380077,4024,3829,15,3844,48
2020-10-14,Plumas,063,18699,54,52,0,52,0
2020-10-14,Riverside,065,2383286,64577,62607,242,62849,1261
2020-10-14,Sacramento,067,1510023,24496,24013,26,24039,472
2020-10-14,San Benito,069,59416,1396,1381,0,1381,14
2020-10-14,San Bernardino,071,2135413,60398,57774,374,58148,1063
2020-10-14,San Diego,073,3302833,53310,51329,1337,52666,844
2020-10-14,San Francisco,075,870044,11937,11783,39,11822,123
2020-10-14,San Joaquin,077,732212,21270,20845,124,20969,487
2020-10-14,San Luis Obispo,079,281455,4132,3901,21,3922,32
2020-10-14,San Mateo,081,765935,10964,10309,9,10318,132
2020-10-14,Santa Barbara,083,443738,10493,9509,85,9594,117
2020-10-14,Santa Clara,085,1922200,24193,22735,46,22781,343
2020-10-14,Santa Cruz,087,273765,2716,2618,33,2651,13
2020-10-14,Shasta,089,179085,1888,1553,18,1571,20
2020-10-14,Sierra,091,2930,6,6,0,6,0
2020-10-14,Siskiyou,093,43540,175,166,10,176,0
2020-10-14,Solano,095,438530,7019,6786,41,6827,55
2020-10-14,Sonoma,097,501317,8948,8514,22,8536,133
2020-10-14,Stanislaus,099,539301,17313,17105,663,17768,365
2020-10-14,Sutter,101,95872,1786,1747,1,1748,12
2020-10-14,Tehama,103,63373,784,721,2,723,3
2020-10-14,Trinity,105,12862,75,20,10,30,0
2020-10-14,Tulare,107,460477,17445,16863,257,17120,287
2020-10-14,Tuolumne,109,53932,258,236,3,239,4
2020-10-14,Ventura,111,848112,14421,13697,294,13991,152
2020-10-14,Yolo,113,214977,3089,3007,7,3014,55
2020-10-14,Yuba,115,75493,1189,1147,5,1152,10
2020-10-13,Alameda,001,1643700,22813,22185,212,22397,389
2020-10-13,Alpine,003,1148,3,3,0,3,0
2020-10-13,Amador,005,37829,310,306,0,306,16
2020-10-13,Butte,007,227075,3092,2992,26,3018,54
2020-10-13,Calaveras,009,45235,322,262,0,262,12
2020-10-13,Colusa,011,21464,542,541,1,542,6
2020-10-13,Contra Costa,013,1133247,18311,17783,89,17872,234
2020-10-13,Del Norte,015,27424,168,163,0,163,2
2020-10-13,El Dorado,017,186661,1315,1262,2,1264,4
2020-10-13,Fresno,019,978130,32523,29579,429,30008,424
2020-10-13,Glenn,021,27897,640,629,0,629,3
2020-10-13,Humboldt,023,135768,541,523,1,524,7
2020-10-13,Imperial,025,180216,12440,11727,13,11740,327
2020-10-13,Inyo,027,18085,220,207,4,211,14
2020-10-13,Kern,029,883053,33240,32497,370,32867,419
2020-10-13,Kings,031,150075,8322,8111,52,8163,80
2020-10-13,Lake,033,64148,686,639,0,639,12
2020-10-13,Lassen,035,31185,761,752,2,754,0
2020-10-13,Los Angeles,037,10098052,288531,281716,2458,284174,6767
2020-10-13,Madera,039,155013,4887,4700,33,4733,50
2020-10-13,Marin,041,260295,7004,6900,18,6918,97
2020-10-13,Mariposa,043,17540,77,76,0,76,2
2020-10-13,Mendocino,045,87422,1023,950,2,952,21
2020-10-13,Merced,047,269075,9301,9181,28,9209,146
2020-10-13,Modoc,049,8938,29,28,0,28,0
2020-10-13,Mono,051,14174,174,155,4,159,1
2020-10-13,Monterey,053,433212,10877,10574,48,10622,78
2020-10-13,Napa,055,140530,1908,1825,8,1833,12
2020-10-13,Nevada,057,99092,596,572,18,590,7
2020-10-13,Orange,059,3164182,58431,55515,1631,57146,1326
2020-10-13,Placer,061,380077,3986,3825,15,3840,48
2020-10-13,Plumas,063,18699,52,51,0,51,0
2020-10-13,Riverside,065,2383286,64257,62279,240,62519,1254
2020-10-13,Sacramento,067,1510023,24419,23930,26,23956,466
2020-10-13,San Benito,069,59416,1388,1380,0,1380,14
2020-10-13,San Bernardino,071,2135413,60058,57411,372,57783,1061
2020-10-13,San Diego,073,3302833,53017,51026,1320,52346,840
2020-10-13,San Francisco,075,870044,11902,11659,39,11698,122
2020-10-13,San Joaquin,077,732212,21209,20822,120,20942,481
2020-10-13,San Luis Obispo,079,281455,4121,3892,20,3912,32
2020-10-13,San Mateo,081,765935,10921,10286,9,10295,130
2020-10-13,Santa Barbara,083,443738,10462,9489,85,9574,117
2020-10-13,Santa Clara,085,1922200,24066,22678,46,22724,343
2020-10-13,Santa Cruz,087,273765,2698,2603,33,2636,13
2020-10-13,Shasta,089,179085,1864,1606,18,1624,20
2020-10-13,Sierra,091,2930,6,6,0,6,0
2020-10-13,Siskiyou,093,43540,174,163,10,173,0
2020-10-13,Solano,095,438530,6984,6761,41,6802,55
2020-10-13,Sonoma,097,501317,8865,8456,22,8478,133
2020-10-13,Stanislaus,099,539301,17268,17082,658,17740,362
2020-10-13,Sutter,101,95872,1777,1748,1,1749,12
2020-10-13,Tehama,103,63373,776,717,2,719,3
2020-10-13,Trinity,105,12862,71,19,9,28,0
2020-10-13,Tulare,107,460477,17386,16822,249,17071,286
2020-10-13,Tuolumne,109,53932,256,235,3,238,4
2020-10-13,Ventura,111,848112,14367,13645,290,13935,151
2020-10-13,Yolo,113,214977,3081,2983,6,2989,55
2020-10-13,Yuba,115,75493,1184,1143,5,1148,10
2020-10-12,Alameda,001,1643700,22733,22126,211,22337,389
2020-10-12,Alpine,003,1148,3,3,0,3,0
2020-10-12,Amador,005,37829,309,305,0,305,16
2020-10-12,Butte,007,227075,3086,2975,26,3001,54
2020-10-12,Calaveras,009,45235,322,262,0,262,12
2020-10-12,Colusa,011,21464,542,541,1,542,6
2020-10-12,Contra Costa,013,1133247,18236,17728,89,17817,233
2020-10-12,Del Norte,015,27424,168,161,0,161,2
2020-10-12,El Dorado,017,186661,1312,1254,2,1256,4
2020-10-12,Fresno,019,978130,32390,29523,425,29948,421
2020-10-12,Glenn,021,27897,639,626,0,626,3
2020-10-12,Humboldt,023,135768,538,522,1,523,7
2020-10-12,Imperial,025,180216,12401,11689,13,11702,328
2020-10-12,Inyo,027,18085,217,201,4,205,14
2020-10-12,Kern,029,883053,33147,32425,367,32792,419
2020-10-12,Kings,031,150075,8316,8106,51,8157,80
2020-10-12,Lake,033,64148,680,633,0,633,12
2020-10-12,Lassen,035,31185,761,752,2,754,0
2020-10-12,Los Angeles,037,10098052,287314,280961,2431,283392,6747
2020-10-12,Madera,039,155013,4868,4689,33,4722,50
2020-10-12,Marin,041,260295,6987,6886,18,6904,97
2020-10-12,Mariposa,043,17540,77,76,0,76,2
2020-10-12,Mendocino,045,87422,1017,947,2,949,21
2020-10-12,Merced,047,269075,9280,9141,28,9169,146
2020-10-12,Modoc,049,8938,29,27,0,27,0
2020-10-12,Mono,051,14174,174,154,4,158,1
2020-10-12,Monterey,053,433212,10811,10473,48,10521,77
2020-10-12,Napa,055,140530,1900,1819,8,1827,11
2020-10-12,Nevada,057,99092,592,570,18,588,7
2020-10-12,Orange,059,3164182,58201,55373,1621,56994,1326
2020-10-12,Placer,061,380077,3954,3808,14,3822,48
2020-10-12,Plumas,063,18699,52,51,0,51,0
2020-10-12,Riverside,065,2383286,63945,62279,237,62516,1254
2020-10-12,Sacramento,067,1510023,24313,23807,26,23833,466
2020-10-12,San Benito,069,59416,1385,1376,0,1376,13
2020-10-12,San Bernardino,071,2135413,59684,57235,371,57606,1061
2020-10-12,San Diego,073,3302833,52727,50748,1293,52041,826
2020-10-12,San Francisco,075,870044,11870,11659,39,11698,122
2020-10-12,San Joaquin,077,732212,21146,20701,114,20815,480
2020-10-12,San Luis Obispo,079,281455,4097,3874,20,3894,32
2020-10-12,San Mateo,081,765935,10873,10262,9,10271,130
2020-10-12,Santa Barbara,083,443738,10425,9462,85,9547,117
2020-10-12,Santa Clara,085,1922200,23951,22578,46,22624,343
2020-10-12,Santa Cruz,087,273765,2681,2590,33,2623,13
2020-10-12,Shasta,089,179085,1839,1515,18,1533,20
2020-10-12,Sierra,091,2930,6,6,0,6,0
2020-10-12,Siskiyou,093,43540,173,162,10,172,0
2020-10-12,Solano,095,438530,6945,6742,41,6783,55
2020-10-12,Sonoma,097,501317,8794,8377,22,8399,133
2020-10-12,Stanislaus,099,539301,17219,17051,649,17700,361
2020-10-12,Sutter,101,95872,1769,1741,1,1742,12
2020-10-12,Tehama,103,63373,760,708,2,710,3
2020-10-12,Trinity,105,12862,70,19,9,28,0
2020-10-12,Tulare,107,460477,17334,16742,242,16984,286
2020-10-12,Tuolumne,109,53932,251,234,3,237,4
2020-10-12,Ventura,111,848112,14305,13617,286,13903,151
2020-10-12,Yolo,113,214977,3066,2964,6,2970,55
2020-10-12,Yuba,115,75493,1173,1141,5,1146,10
2020-10-11,Alameda,001,1643700,22643,22057,207,22264,392
2020-10-11,Alpine,003,1148,3,3,0,3,0
2020-10-11,Amador,005,37829,307,305,0,305,16
2020-10-11,Butte,007,227075,3078,2967,25,2992,54
2020-10-11,Calaveras,009,45235,320,262,0,262,12
2020-10-11,Colusa,011,21464,540,541,1,542,6
2020-10-11,Contra Costa,013,1133247,18152,17678,89,17767,233
2020-10-11,Del Norte,015,27424,166,161,0,161,2
2020-10-11,El Dorado,017,186661,1303,1242,2,1244,4
2020-10-11,Fresno,019,978130,32252,29419,417,29836,421
2020-10-11,Glenn,021,27897,637,625,0,625,3
2020-10-11,Humboldt,023,135768,537,521,1,522,7
2020-10-11,Imperial,025,180216,12341,11614,13,11627,328
2020-10-11,Inyo,027,18085,213,201,4,205,14
2020-10-11,Kern,029,883053,33060,32399,360,32759,418
2020-10-11,Kings,031,150075,8299,8094,50,8144,80
2020-10-11,Lake,033,64148,667,631,0,631,12
2020-10-11,Lassen,035,31185,760,752,2,754,0
2020-10-11,Los Angeles,037,10098052,285877,280190,2389,282579,6745
2020-10-11,Madera,039,155013,4840,4680,32,4712,50
2020-10-11,Marin,041,260295,6978,6870,18,6888,97
2020-10-11,Mariposa,043,17540,77,76,0,76,2
2020-10-11,Mendocino,045,87422,1010,944,2,946,21
2020-10-11,Merced,047,269075,9262,9124,28,9152,146
2020-10-11,Modoc,049,8938,29,27,0,27,0
2020-10-11,Mono,051,14174,174,154,4,158,1
2020-10-11,Monterey,053,433212,10760,10445,46,10491,77
2020-10-11,Napa,055,140530,1884,1811,8,1819,11
2020-10-11,Nevada,057,99092,590,569,18,587,7
2020-10-11,Orange,059,3164182,57971,55202,1615,56817,1326
2020-10-11,Placer,061,380077,3933,3787,14,3801,48
2020-10-11,Plumas,063,18699,52,51,0,51,0
2020-10-11,Riverside,065,2383286,63656,62112,233,62345,1254
2020-10-11,Sacramento,067,1510023,24171,23778,26,23804,466
2020-10-11,San Benito,069,59416,1384,1374,0,1374,13
2020-10-11,San Bernardino,071,2135413,59229,56997,369,57366,1061
2020-10-11,San Diego,073,3302833,52377,50553,1271,51824,826
2020-10-11,San Francisco,075,870044,11827,11659,39,11698,122
2020-10-11,San Joaquin,077,732212,21071,20700,104,20804,480
2020-10-11,San Luis Obispo,079,281455,4080,3874,19,3893,32
2020-10-11,San Mateo,081,765935,10842,10240,9,10249,130
2020-10-11,Santa Barbara,083,443738,10395,9440,84,9524,117
2020-10-11,Santa Clara,085,1922200,23808,22487,45,22532,336
2020-10-11,Santa Cruz,087,273765,2667,2578,33,2611,13
2020-10-11,Shasta,089,179085,1809,1515,17,1532,20
2020-10-11,Sierra,091,2930,6,6,0,6,0
2020-10-11,Siskiyou,093,43540,172,162,10,172,0
2020-10-11,Solano,095,438530,6891,6685,41,6726,53
2020-10-11,Sonoma,097,501317,8737,8319,22,8341,133
2020-10-11,Stanislaus,099,539301,17155,17007,633,17640,360
2020-10-11,Sutter,101,95872,1766,1742,1,1743,12
2020-10-11,Tehama,103,63373,736,702,2,704,3
2020-10-11,Trinity,105,12862,70,19,9,28,0
2020-10-11,Tulare,107,460477,17270,16741,234,16975,286
2020-10-11,Tuolumne,109,53932,247,234,3,237,4
2020-10-11,Ventura,111,848112,14244,13604,281,13885,151
2020-10-11,Yolo,113,214977,3036,2952,6,2958,55
2020-10-11,Yuba,115,75493,1161,1137,5,1142,10
2020-10-10,Alameda,001,1643700,22593,21979,206,22185,398
2020-10-10,Alpine,003,1148,3,3,0,3,0
2020-10-10,Amador,005,37829,306,304,0,304,16
2020-10-10,Butte,007,227075,3073,2962,24,2986,54
2020-10-10,Calaveras,009,45235,319,262,0,262,12
2020-10-10,Colusa,011,21464,540,541,1,542,6
2020-10-10,Contra Costa,013,1133247,18116,17566,88,17654,233
2020-10-10,Del Norte,015,27424,166,161,0,161,2
2020-10-10,El Dorado,017,186661,1301,1240,2,1242,4
2020-10-10,Fresno,019,978130,32188,29286,415,29701,421
2020-10-10,Glenn,021,27897,637,623,0,623,3
2020-10-10,Humboldt,023,135768,534,518,1,519,7
2020-10-10,Imperial,025,180216,12326,11591,13,11604,327
2020-10-10,Inyo,027,18085,210,201,4,205,14
2020-10-10,Kern,029,883053,33023,32338,360,32698,418
2020-10-10,Kings,031,150075,8295,8078,50,8128,80
2020-10-10,Lake,033,64148,666,630,0,630,11
2020-10-10,Lassen,035,31185,760,752,2,754,0
2020-10-10,Los Angeles,037,10098052,285157,279213,2355,281568,6743
2020-10-10,Madera,039,155013,4827,4662,32,4694,50
2020-10-10,Marin,041,260295,6969,6852,18,6870,97
2020-10-10,Mariposa,043,17540,77,76,0,76,2
2020-10-10,Mendocino,045,87422,1003,935,2,937,21
2020-10-10,Merced,047,269075,9256,9105,27,9132,146
2020-10-10,Modoc,049,8938,29,27,0,27,0
2020-10-10,Mono,051,14174,174,154,4,158,1
2020-10-10,Monterey,053,433212,10727,10410,46,10456,75
2020-10-10,Napa,055,140530,1877,1804,8,1812,11
2020-10-10,Nevada,057,99092,587,564,18,582,6
2020-10-10,Orange,059,3164182,57850,54965,1610,56575,1324
2020-10-10,Placer,061,380077,3916,3757,14,3771,48
2020-10-10,Plumas,063,18699,52,51,0,51,0
2020-10-10,Riverside,065,2383286,63452,61845,231,62076,1254
2020-10-10,Sacramento,067,1510023,24104,23689,26,23715,466
2020-10-10,San Benito,069,59416,1382,1370,0,1370,13
2020-10-10,San Bernardino,071,2135413,59067,56683,367,57050,1061
2020-10-10,San Diego,073,3302833,52147,50145,1253,51398,825
2020-10-10,San Francisco,075,870044,11806,11663,39,11702,122
2020-10-10,San Joaquin,077,732212,21043,20700,100,20800,481
2020-10-10,San Luis Obispo,079,281455,4060,3832,19,3851,32
2020-10-10,San Mateo,081,765935,10805,10218,9,10227,130
2020-10-10,Santa Barbara,083,443738,10384,9417,84,9501,116
2020-10-10,Santa Clara,085,1922200,23716,22354,45,22399,330
2020-10-10,Santa Cruz,087,273765,2653,2572,33,2605,13
2020-10-10,Shasta,089,179085,1792,1473,17,1490,20
2020-10-10,Sierra,091,2930,6,6,0,6,0
2020-10-10,Siskiyou,093,43540,172,161,10,171,0
2020-10-10,Solano,095,438530,6865,6655,41,6696,53
2020-10-10,Sonoma,097,501317,8717,8235,22,8257,133
2020-10-10,Stanislaus,099,539301,17120,16960,625,17585,360
2020-10-10,Sutter,101,95872,1763,1735,1,1736,12
2020-10-10,Tehama,103,63373,729,693,2,695,3
2020-10-10,Trinity,105,12862,70,19,9,28,0
2020-10-10,Tulare,107,460477,17235,16709,229,16938,286
2020-10-10,Tuolumne,109,53932,247,233,3,236,4
2020-10-10,Ventura,111,848112,14219,13520,281,13801,151
2020-10-10,Yolo,113,214977,3027,2939,6,2945,55
2020-10-10,Yuba,115,75493,1159,1134,5,1139,10
2020-10-09,Alameda,001,1643700,22545,21924,206,22130,399
2020-10-09,Alpine,003,1148,3,3,0,3,0
2020-10-09,Amador,005,37829,306,303,0,303,16
2020-10-09,Butte,007,227075,3070,2956,24,2980,51
2020-10-09,Calaveras,009,45235,317,262,0,262,11
2020-10-09,Colusa,011,21464,540,541,1,542,6
2020-10-09,Contra Costa,013,1133247,18066,17487,88,17575,229
2020-10-09,Del Norte,015,27424,165,161,0,161,2
2020-10-09,El Dorado,017,186661,1297,1234,2,1236,4
2020-10-09,Fresno,019,978130,32115,29208,413,29621,417
2020-10-09,Glenn,021,27897,632,617,0,617,3
2020-10-09,Humboldt,023,135768,532,516,1,517,7
2020-10-09,Imperial,025,180216,12299,11516,13,11529,330
2020-10-09,Inyo,027,18085,207,200,4,204,14
2020-10-09,Kern,029,883053,32980,32237,358,32595,417
2020-10-09,Kings,031,150075,8288,7993,48,8041,80
2020-10-09,Lake,033,64148,656,610,0,610,11
2020-10-09,Lassen,035,31185,760,751,2,753,0
2020-10-09,Los Angeles,037,10098052,284023,278039,2330,280369,6715
2020-10-09,Madera,039,155013,4817,4646,32,4678,50
2020-10-09,Marin,041,260295,6955,6838,18,6856,96
2020-10-09,Mariposa,043,17540,77,76,0,76,2
2020-10-09,Mendocino,045,87422,993,933,2,935,20
2020-10-09,Merced,047,269075,9242,9095,27,9122,145
2020-10-09,Modoc,049,8938,29,27,0,27,0
2020-10-09,Mono,051,14174,174,154,4,158,1
2020-10-09,Monterey,053,433212,10693,10369,46,10415,75
2020-10-09,Napa,055,140530,1867,1795,8,1803,11
2020-10-09,Nevada,057,99092,582,561,18,579,6
2020-10-09,Orange,059,3164182,57678,54746,1605,56351,1305
2020-10-09,Placer,061,380077,3902,3737,14,3751,48
2020-10-09,Plumas,063,18699,52,50,0,50,0
2020-10-09,Riverside,065,2383286,63216,61529,230,61759,1252
2020-10-09,Sacramento,067,1510023,24034,23606,26,23632,457
2020-10-09,San Benito,069,59416,1377,1367,0,1367,13
2020-10-09,San Bernardino,071,2135413,58827,56434,365,56799,1057
2020-10-09,San Diego,073,3302833,51871,49825,1242,51067,821
2020-10-09,San Francisco,075,870044,11776,11620,39,11659,120
2020-10-09,San Joaquin,077,732212,21013,20648,91,20739,481
2020-10-09,San Luis Obispo,079,281455,4041,3810,19,3829,32
2020-10-09,San Mateo,081,765935,10777,10140,9,10149,130
2020-10-09,Santa Barbara,083,443738,10356,9396,84,9480,116
2020-10-09,Santa Clara,085,1922200,23614,22251,44,22295,328
2020-10-09,Santa Cruz,087,273765,2644,2555,33,2588,13
2020-10-09,Shasta,089,179085,1765,1353,16,1369,20
2020-10-09,Sierra,091,2930,6,6,0,6,0
2020-10-09,Siskiyou,093,43540,170,156,10,166,0
2020-10-09,Solano,095,438530,6826,6614,41,6655,53
2020-10-09,Sonoma,097,501317,8663,8133,22,8155,133
2020-10-09,Stanislaus,099,539301,17097,16904,616,17520,362
2020-10-09,Sutter,101,95872,1759,1732,1,1733,12
2020-10-09,Tehama,103,63373,723,682,2,684,3
2020-10-09,Trinity,105,12862,70,25,9,34,0
2020-10-09,Tulare,107,460477,17195,16644,220,16864,286
2020-10-09,Tuolumne,109,53932,244,230,3,233,4
2020-10-09,Ventura,111,848112,14183,13469,278,13747,151
2020-10-09,Yolo,113,214977,3020,2928,6,2934,55
2020-10-09,Yuba,115,75493,1158,1129,5,1134,10
2020-10-08,Alameda,001,1643700,22464,21826,205,22031,395
2020-10-08,Alpine,003,1148,3,3,0,3,0
2020-10-08,Amador,005,37829,305,302,0,302,16
2020-10-08,Butte,007,227075,3060,2935,24,2959,51
2020-10-08,Calaveras,009,45235,316,262,0,262,11
2020-10-08,Colusa,011,21464,540,539,1,540,6
2020-10-08,Contra Costa,013,1133247,18006,17418,87,17505,228
2020-10-08,Del Norte,015,27424,165,151,0,151,2
2020-10-08,El Dorado,017,186661,1296,1230,2,1232,4
2020-10-08,Fresno,019,978130,32010,29111,413,29524,416
2020-10-08,Glenn,021,27897,629,616,0,616,3
2020-10-08,Humboldt,023,135768,528,515,1,516,7
2020-10-08,Imperial,025,180216,12260,11405,13,11418,330
2020-10-08,Inyo,027,18085,204,199,4,203,14
2020-10-08,Kern,029,883053,32922,32169,353,32522,411
2020-10-08,Kings,031,150075,8282,7968,48,8016,80
2020-10-08,Lake,033,64148,651,604,0,604,11
2020-10-08,Lassen,035,31185,755,751,2,753,0
2020-10-08,Los Angeles,037,10098052,282823,276763,2290,279053,6699
2020-10-08,Madera,039,155013,4798,4637,32,4669,50
2020-10-08,Marin,041,260295,6941,6810,18,6828,96
2020-10-08,Mariposa,043,17540,77,76,0,76,2
2020-10-08,Mendocino,045,87422,988,930,2,932,20
2020-10-08,Merced,047,269075,9222,9069,27,9096,144
2020-10-08,Modoc,049,8938,29,27,0,27,0
2020-10-08,Mono,051,14174,174,153,4,157,1
2020-10-08,Monterey,053,433212,10626,10343,46,10389,75
2020-10-08,Napa,055,140530,1852,1779,8,1787,11
2020-10-08,Nevada,057,99092,579,556,18,574,6
2020-10-08,Orange,059,3164182,57484,54523,1594,56117,1293
2020-10-08,Placer,061,380077,3884,3715,14,3729,48
2020-10-08,Plumas,063,18699,52,50,0,50,0
2020-10-08,Riverside,065,2383286,62947,61105,228,61333,1244
2020-10-08,Sacramento,067,1510023,23926,23482,26,23508,454
2020-10-08,San Benito,069,59416,1372,1367,0,1367,13
2020-10-08,San Bernardino,071,2135413,58462,56152,364,56516,1048
2020-10-08,San Diego,073,3302833,51591,49468,1210,50678,819
2020-10-08,San Francisco,075,870044,11738,11608,39,11647,115
2020-10-08,San Joaquin,077,732212,20962,20576,86,20662,478
2020-10-08,San Luis Obispo,079,281455,4025,3785,19,3804,32
2020-10-08,San Mateo,081,765935,10745,10044,9,10053,130
2020-10-08,Santa Barbara,083,443738,10327,9374,84,9458,116
2020-10-08,Santa Clara,085,1922200,23512,22095,44,22139,323
2020-10-08,Santa Cruz,087,273765,2632,2535,33,2568,13
2020-10-08,Shasta,089,179085,1731,1305,16,1321,20
2020-10-08,Sierra,091,2930,6,6,0,6,0
2020-10-08,Siskiyou,093,43540,170,156,10,166,0
2020-10-08,Solano,095,438530,6802,6556,41,6597,53
2020-10-08,Sonoma,097,501317,8597,8063,22,8085,132
2020-10-08,Stanislaus,099,539301,17051,16821,608,17429,360
2020-10-08,Sutter,101,95872,1759,1725,1,1726,12
2020-10-08,Tehama,103,63373,714,676,2,678,3
2020-10-08,Trinity,105,12862,69,25,9,34,0
2020-10-08,Tulare,107,460477,17134,16573,211,16784,283
2020-10-08,Tuolumne,109,53932,243,230,3,233,4
2020-10-08,Ventura,111,848112,14135,13399,276,13675,151
2020-10-08,Yolo,113,214977,3003,2914,6,2920,55
2020-10-08,Yuba,115,75493,1153,1126,5,1131,10
2020-10-07,Alameda,001,1643700,22387,21736,205,21941,395
2020-10-07,Alpine,003,1148,3,3,0,3,0
2020-10-07,Amador,005,37829,305,302,0,302,16
2020-10-07,Butte,007,227075,3048,2927,24,2951,47
2020-10-07,Calaveras,009,45235,314,262,0,262,11
2020-10-07,Colusa,011,21464,539,539,0,539,6
2020-10-07,Contra Costa,013,1133247,17936,17346,86,17432,225
2020-10-07,Del Norte,015,27424,164,149,0,149,2
2020-10-07,El Dorado,017,186661,1288,1219,2,1221,4
2020-10-07,Fresno,019,978130,31889,29069,408,29477,413
2020-10-07,Glenn,021,27897,629,615,0,615,3
2020-10-07,Humboldt,023,135768,525,512,1,513,7
2020-10-07,Imperial,025,180216,12223,11289,13,11302,330
2020-10-07,Inyo,027,18085,204,199,4,203,14
2020-10-07,Kern,029,883053,32849,32068,352,32420,410
2020-10-07,Kings,031,150075,8267,7948,48,7996,80
2020-10-07,Lake,033,64148,650,599,0,599,11
2020-10-07,Lassen,035,31185,755,751,2,753,0
2020-10-07,Los Angeles,037,10098052,281644,275559,2256,277815,6681
2020-10-07,Madera,039,155013,4778,4618,32,4650,50
2020-10-07,Marin,041,260295,6914,6790,18,6808,95
2020-10-07,Mariposa,043,17540,77,75,0,75,2
2020-10-07,Mendocino,045,87422,982,927,2,929,19
2020-10-07,Merced,047,269075,9185,9045,26,9071,144
2020-10-07,Modoc,049,8938,29,27,0,27,0
2020-10-07,Mono,051,14174,173,153,3,156,1
2020-10-07,Monterey,053,433212,10567,10272,46,10318,75
2020-10-07,Napa,055,140530,1839,1774,8,1782,11
2020-10-07,Nevada,057,99092,575,552,18,570,6
2020-10-07,Orange,059,3164182,57266,54332,1584,55916,1277
2020-10-07,Placer,061,380077,3868,3693,14,3707,48
2020-10-07,Plumas,063,18699,52,50,0,50,0
2020-10-07,Riverside,065,2383286,62600,60857,224,61081,1241
2020-10-07,Sacramento,067,1510023,23829,23380,26,23406,452
2020-10-07,San Benito,069,59416,1369,1363,0,1363,13
2020-10-07,San Bernardino,071,2135413,58114,55738,363,56101,1043
2020-10-07,San Diego,073,3302833,51275,49177,1186,50363,813
2020-10-07,San Francisco,075,870044,11703,11551,39,11590,115
2020-10-07,San Joaquin,077,732212,20909,20527,79,20606,478
2020-10-07,San Luis Obispo,079,281455,3995,3749,19,3768,32
2020-10-07,San Mateo,081,765935,10702,9980,9,9989,130
2020-10-07,Santa Barbara,083,443738,10299,9350,83,9433,116
2020-10-07,Santa Clara,085,1922200,23384,21993,44,22037,320
2020-10-07,Santa Cruz,087,273765,2620,2518,33,2551,14
2020-10-07,Shasta,089,179085,1688,1268,16,1284,20
2020-10-07,Sierra,091,2930,6,6,0,6,0
2020-10-07,Siskiyou,093,43540,168,154,10,164,0
2020-10-07,Solano,095,438530,6767,6526,41,6567,53
2020-10-07,Sonoma,097,501317,8521,7993,21,8014,130
2020-10-07,Stanislaus,099,539301,17016,16786,602,17388,357
2020-10-07,Sutter,101,95872,1755,1723,1,1724,12
2020-10-07,Tehama,103,63373,705,666,2,668,3
2020-10-07,Trinity,105,12862,65,25,8,33,0
2020-10-07,Tulare,107,460477,17091,16483,202,16685,282
2020-10-07,Tuolumne,109,53932,243,227,3,230,3
2020-10-07,Ventura,111,848112,14085,13333,270,13603,150
2020-10-07,Yolo,113,214977,2977,2904,6,2910,55
2020-10-07,Yuba,115,75493,1147,1120,5,1125,10
2020-10-06,Alameda,001,1643700,22296,21698,203,21901,385
2020-10-06,Alpine,003,1148,3,3,0,3,0
2020-10-06,Amador,005,37829,303,301,0,301,16
2020-10-06,Butte,007,227075,3041,2925,24,2949,47
2020-10-06,Calaveras,009,45235,314,261,0,261,11
2020-10-06,Colusa,011,21464,538,538,0,538,6
2020-10-06,Contra Costa,013,1133247,17857,17295,86,17381,219
2020-10-06,Del Norte,015,27424,164,144,0,144,2
2020-10-06,El Dorado,017,186661,1284,1211,2,1213,4
2020-10-06,Fresno,019,978130,31745,29022,405,29427,412
2020-10-06,Glenn,021,27897,626,604,0,604,3
2020-10-06,Humboldt,023,135768,522,508,1,509,7
2020-10-06,Imperial,025,180216,12185,11196,13,11209,327
2020-10-06,Inyo,027,18085,202,198,4,202,14
2020-10-06,Kern,029,883053,32772,32006,350,32356,407
2020-10-06,Kings,031,150075,8251,7943,48,7991,81
2020-10-06,Lake,033,64148,644,596,0,596,11
2020-10-06,Lassen,035,31185,755,743,2,745,0
2020-10-06,Los Angeles,037,10098052,280408,274115,2206,276321,6657
2020-10-06,Madera,039,155013,4766,4608,32,4640,50
2020-10-06,Marin,041,260295,6900,6766,18,6784,91
2020-10-06,Mariposa,043,17540,77,75,0,75,2
2020-10-06,Mendocino,045,87422,975,920,2,922,19
2020-10-06,Merced,047,269075,9149,9034,25,9059,143
2020-10-06,Modoc,049,8938,29,26,0,26,0
2020-10-06,Mono,051,14174,173,153,3,156,1
2020-10-06,Monterey,053,433212,10511,10235,44,10279,72
2020-10-06,Napa,055,140530,1833,1770,8,1778,11
2020-10-06,Nevada,057,99092,573,551,18,569,6
2020-10-06,Orange,059,3164182,57051,54203,1575,55778,1273
2020-10-06,Placer,061,380077,3846,3680,14,3694,48
2020-10-06,Plumas,063,18699,52,49,0,49,0
2020-10-06,Riverside,065,2383286,62335,60593,221,60814,1238
2020-10-06,Sacramento,067,1510023,23742,23322,26,23348,442
2020-10-06,San Benito,069,59416,1368,1358,0,1358,12
2020-10-06,San Bernardino,071,2135413,57799,55416,359,55775,1040
2020-10-06,San Diego,073,3302833,50938,48823,1169,49992,806
2020-10-06,San Francisco,075,870044,11677,11513,38,11551,115
2020-10-06,San Joaquin,077,732212,20869,20481,76,20557,477
2020-10-06,San Luis Obispo,079,281455,3960,3723,19,3742,32
2020-10-06,San Mateo,081,765935,10669,9934,9,9943,129
2020-10-06,Santa Barbara,083,443738,10270,9331,82,9413,116
2020-10-06,Santa Clara,085,1922200,23289,21914,44,21958,320
2020-10-06,Santa Cruz,087,273765,2598,2510,33,2543,12
2020-10-06,Shasta,089,179085,1648,1242,16,1258,18
2020-10-06,Sierra,091,2930,6,6,0,6,0
2020-10-06,Siskiyou,093,43540,168,154,10,164,0
2020-10-06,Solano,095,438530,6721,6506,41,6547,52
2020-10-06,Sonoma,097,501317,8429,7895,21,7916,130
2020-10-06,Stanislaus,099,539301,16971,16759,596,17355,354
2020-10-06,Sutter,101,95872,1753,1722,1,1723,12
2020-10-06,Tehama,103,63373,696,660,2,662,3
2020-10-06,Trinity,105,12862,65,25,8,33,0
2020-10-06,Tulare,107,460477,17049,16456,194,16650,280
2020-10-06,Tuolumne,109,53932,242,227,3,230,2
2020-10-06,Ventura,111,848112,14018,13242,265,13507,150
2020-10-06,Yolo,113,214977,2963,2899,6,2905,56
2020-10-06,Yuba,115,75493,1146,1114,5,1119,10
2020-10-05,Alameda,001,1643700,22208,21637,200,21837,383
2020-10-05,Alpine,003,1148,3,2,0,2,0
2020-10-05,Amador,005,37829,303,299,0,299,16
2020-10-05,Butte,007,227075,3031,2910,24,2934,46
2020-10-05,Calaveras,009,45235,314,259,0,259,11
2020-10-05,Colusa,011,21464,538,537,0,537,6
2020-10-05,Contra Costa,013,1133247,17780,17250,86,17336,216
2020-10-05,Del Norte,015,27424,161,142,0,142,2
2020-10-05,El Dorado,017,186661,1280,1202,2,1204,4
2020-10-05,Fresno,019,978130,31628,29136,405,29541,408
2020-10-05,Glenn,021,27897,624,603,0,603,3
2020-10-05,Humboldt,023,135768,521,506,1,507,6
2020-10-05,Imperial,025,180216,12146,11169,13,11182,327
2020-10-05,Inyo,027,18085,202,197,4,201,14
2020-10-05,Kern,029,883053,32692,31933,346,32279,404
2020-10-05,Kings,031,150075,8154,7932,48,7980,80
2020-10-05,Lake,033,64148,640,592,0,592,10
2020-10-05,Lassen,035,31185,754,743,2,745,0
2020-10-05,Los Angeles,037,10098052,279323,273200,2164,275364,6632
2020-10-05,Madera,039,155013,4758,4598,30,4628,50
2020-10-05,Marin,041,260295,6883,6751,18,6769,91
2020-10-05,Mariposa,043,17540,77,75,0,75,2
2020-10-05,Mendocino,045,87422,967,913,2,915,19
2020-10-05,Merced,047,269075,9130,9021,24,9045,143
2020-10-05,Modoc,049,8938,29,26,0,26,0
2020-10-05,Mono,051,14174,173,152,3,155,1
2020-10-05,Monterey,053,433212,10464,10187,44,10231,72
2020-10-05,Napa,055,140530,1823,1760,8,1768,11
2020-10-05,Nevada,057,99092,570,550,17,567,6
2020-10-05,Orange,059,3164182,56836,54103,1562,55665,1271
2020-10-05,Placer,061,380077,3820,3670,14,3684,46
2020-10-05,Plumas,063,18699,51,49,0,49,0
2020-10-05,Riverside,065,2383286,62016,60454,217,60671,1232
2020-10-05,Sacramento,067,1510023,23638,23207,26,23233,438
2020-10-05,San Benito,069,59416,1365,1356,0,1356,12
2020-10-05,San Bernardino,071,2135413,57491,55100,358,55458,1031
2020-10-05,San Diego,073,3302833,50602,48662,1145,49807,803
2020-10-05,San Francisco,075,870044,11638,11476,35,11511,110
2020-10-05,San Joaquin,077,732212,20798,20319,73,20392,476
2020-10-05,San Luis Obispo,079,281455,3933,3710,19,3729,32
2020-10-05,San Mateo,081,765935,10642,9896,9,9905,128
2020-10-05,Santa Barbara,083,443738,10248,9309,82,9391,116
2020-10-05,Santa Clara,085,1922200,23172,21861,44,21905,319
2020-10-05,Santa Cruz,087,273765,2586,2492,33,2525,9
2020-10-05,Shasta,089,179085,1615,1158,16,1174,18
2020-10-05,Sierra,091,2930,6,6,0,6,0
2020-10-05,Siskiyou,093,43540,168,153,10,163,0
2020-10-05,Solano,095,438530,6682,6475,41,6516,52
2020-10-05,Sonoma,097,501317,8337,7817,21,7838,130
2020-10-05,Stanislaus,099,539301,16936,16730,589,17319,351
2020-10-05,Sutter,101,95872,1745,1719,1,1720,12
2020-10-05,Tehama,103,63373,688,642,2,644,3
2020-10-05,Trinity,105,12862,63,22,8,30,0
2020-10-05,Tulare,107,460477,16990,16343,190,16533,278
2020-10-05,Tuolumne,109,53932,239,226,3,229,2
2020-10-05,Ventura,111,848112,13949,13224,245,13469,149
2020-10-05,Yolo,113,214977,2944,2889,6,2895,56
2020-10-05,Yuba,115,75493,1133,1108,5,1113,9
2020-10-04,Alameda,001,1643700,22112,21597,200,21797,383
2020-10-04,Alpine,003,1148,3,2,0,2,0
2020-10-04,Amador,005,37829,301,297,0,297,16
2020-10-04,Butte,007,227075,3017,2903,24,2927,46
2020-10-04,Calaveras,009,45235,314,259,0,259,11
2020-10-04,Colusa,011,21464,537,537,0,537,6
2020-10-04,Contra Costa,013,1133247,17715,17192,86,17278,214
2020-10-04,Del Norte,015,27424,157,142,0,142,2
2020-10-04,El Dorado,017,186661,1276,1196,2,1198,4
2020-10-04,Fresno,019,978130,31505,29065,405,29470,408
2020-10-04,Glenn,021,27897,622,601,0,601,3
2020-10-04,Humboldt,023,135768,520,506,1,507,6
2020-10-04,Imperial,025,180216,12106,11127,13,11140,327
2020-10-04,Inyo,027,18085,199,195,4,199,14
2020-10-04,Kern,029,883053,32618,31906,344,32250,404
2020-10-04,Kings,031,150075,8139,7919,48,7967,80
2020-10-04,Lake,033,64148,626,589,0,589,10
2020-10-04,Lassen,035,31185,754,743,2,745,0
2020-10-04,Los Angeles,037,10098052,277934,272822,2118,274940,6625
2020-10-04,Madera,039,155013,4742,4587,30,4617,50
2020-10-04,Marin,041,260295,6863,6741,18,6759,91
2020-10-04,Mariposa,043,17540,77,75,0,75,2
2020-10-04,Mendocino,045,87422,954,905,2,907,18
2020-10-04,Merced,047,269075,9105,9006,24,9030,140
2020-10-04,Modoc,049,8938,29,26,0,26,0
2020-10-04,Mono,051,14174,172,152,2,154,1
2020-10-04,Monterey,053,433212,10423,10141,43,10184,72
2020-10-04,Napa,055,140530,1811,1759,8,1767,11
2020-10-04,Nevada,057,99092,566,547,16,563,6
2020-10-04,Orange,059,3164182,56600,53966,1553,55519,1270
2020-10-04,Placer,061,380077,3799,3664,14,3678,46
2020-10-04,Plumas,063,18699,51,49,0,49,0
2020-10-04,Riverside,065,2383286,61730,60251,213,60464,1226
2020-10-04,Sacramento,067,1510023,23525,23162,26,23188,438
2020-10-04,San Benito,069,59416,1365,1355,0,1355,12
2020-10-04,San Bernardino,071,2135413,57045,55100,356,55456,1031
2020-10-04,San Diego,073,3302833,50235,48438,1120,49558,803
2020-10-04,San Francisco,075,870044,11606,11474,33,11507,110
2020-10-04,San Joaquin,077,732212,20721,20320,67,20387,476
2020-10-04,San Luis Obispo,079,281455,3908,3688,19,3707,31
2020-10-04,San Mateo,081,765935,10581,9858,9,9867,128
2020-10-04,Santa Barbara,083,443738,10222,9276,80,9356,116
2020-10-04,Santa Clara,085,1922200,23034,21780,44,21824,316
2020-10-04,Santa Cruz,087,273765,2570,2483,33,2516,9
2020-10-04,Shasta,089,179085,1517,1158,15,1173,18
2020-10-04,Sierra,091,2930,6,6,0,6,0
2020-10-04,Siskiyou,093,43540,168,153,10,163,0
2020-10-04,Solano,095,438530,6631,6445,41,6486,52
2020-10-04,Sonoma,097,501317,8249,7794,21,7815,129
2020-10-04,Stanislaus,099,539301,16886,16711,580,17291,351
2020-10-04,Sutter,101,95872,1741,1711,1,1712,11
2020-10-04,Tehama,103,63373,673,637,2,639,3
2020-10-04,Trinity,105,12862,62,21,8,29,0
2020-10-04,Tulare,107,460477,16913,16343,178,16521,278
2020-10-04,Tuolumne,109,53932,237,226,3,229,2
2020-10-04,Ventura,111,848112,13867,13197,228,13425,149
2020-10-04,Yolo,113,214977,2933,2875,6,2881,56
2020-10-04,Yuba,115,75493,1129,1103,5,1108,9
2020-10-03,Alameda,001,1643700,22066,21510,199,21709,386
2020-10-03,Alpine,003,1148,3,2,0,2,0
2020-10-03,Amador,005,37829,300,296,0,296,16
2020-10-03,Butte,007,227075,3011,2894,24,2918,46
2020-10-03,Calaveras,009,45235,314,259,0,259,11
2020-10-03,Colusa,011,21464,536,537,0,537,6
2020-10-03,Contra Costa,013,1133247,17665,17087,84,17171,213
2020-10-03,Del Norte,015,27424,153,142,0,142,2
2020-10-03,El Dorado,017,186661,1269,1188,2,1190,4
2020-10-03,Fresno,019,978130,31445,28975,404,29379,408
2020-10-03,Glenn,021,27897,620,601,0,601,3
2020-10-03,Humboldt,023,135768,519,504,1,505,6
2020-10-03,Imperial,025,180216,12083,11090,13,11103,327
2020-10-03,Inyo,027,18085,199,194,4,198,14
2020-10-03,Kern,029,883053,32567,31864,341,32205,403
2020-10-03,Kings,031,150075,8135,7887,48,7935,80
2020-10-03,Lake,033,64148,616,588,0,588,10
2020-10-03,Lassen,035,31185,754,743,2,745,0
2020-10-03,Los Angeles,037,10098052,277228,271869,2089,273958,6620
2020-10-03,Madera,039,155013,4725,4565,30,4595,50
2020-10-03,Marin,041,260295,6857,6728,18,6746,91
2020-10-03,Mariposa,043,17540,77,75,0,75,2
2020-10-03,Mendocino,045,87422,952,898,2,900,18
2020-10-03,Merced,047,269075,9092,8986,24,9010,139
2020-10-03,Modoc,049,8938,29,26,0,26,0
2020-10-03,Mono,051,14174,171,152,2,154,1
2020-10-03,Monterey,053,433212,10389,10092,40,10132,72
2020-10-03,Napa,055,140530,1807,1752,8,1760,11
2020-10-03,Nevada,057,99092,564,544,16,560,6
2020-10-03,Orange,059,3164182,56483,53573,1548,55121,1268
2020-10-03,Placer,061,380077,3788,3648,14,3662,47
2020-10-03,Plumas,063,18699,51,48,0,48,0
2020-10-03,Riverside,065,2383286,61577,59991,212,60203,1226
2020-10-03,Sacramento,067,1510023,23474,23076,26,23102,437
2020-10-03,San Benito,069,59416,1365,1351,0,1351,12
2020-10-03,San Bernardino,071,2135413,56872,55004,353,55357,1031
2020-10-03,San Diego,073,3302833,50004,48202,1103,49305,798
2020-10-03,San Francisco,075,870044,11581,11475,31,11506,110
2020-10-03,San Joaquin,077,732212,20695,20322,67,20389,476
2020-10-03,San Luis Obispo,079,281455,3884,3670,19,3689,31
2020-10-03,San Mateo,081,765935,10555,9822,8,9830,128
2020-10-03,Santa Barbara,083,443738,10209,9256,80,9336,116
2020-10-03,Santa Clara,085,1922200,22954,21672,44,21716,309
2020-10-03,Santa Cruz,087,273765,2562,2476,33,2509,9
2020-10-03,Shasta,089,179085,1489,1117,14,1131,18
2020-10-03,Sierra,091,2930,6,6,0,6,0
2020-10-03,Siskiyou,093,43540,168,152,10,162,0
2020-10-03,Solano,095,438530,6605,6419,41,6460,52
2020-10-03,Sonoma,097,501317,8206,7747,21,7768,129
2020-10-03,Stanislaus,099,539301,16853,16645,576,17221,351
2020-10-03,Sutter,101,95872,1737,1705,1,1706,11
2020-10-03,Tehama,103,63373,667,630,2,632,3
2020-10-03,Trinity,105,12862,62,15,8,23,0
2020-10-03,Tulare,107,460477,16869,16322,174,16496,278
2020-10-03,Tuolumne,109,53932,236,224,3,227,2
2020-10-03,Ventura,111,848112,13828,13150,224,13374,148
2020-10-03,Yolo,113,214977,2926,2863,6,2869,56
2020-10-03,Yuba,115,75493,1121,1097,5,1102,8
2020-10-02,Alameda,001,1643700,22011,21404,198,21602,382
2020-10-02,Alpine,003,1148,3,2,0,2,0
2020-10-02,Amador,005,37829,299,296,0,296,16
2020-10-02,Butte,007,227075,3001,2879,24,2903,46
2020-10-02,Calaveras,009,45235,313,259,0,259,11
2020-10-02,Colusa,011,21464,535,537,0,537,6
2020-10-02,Contra Costa,013,1133247,17622,17002,83,17085,213
2020-10-02,Del Norte,015,27424,152,141,0,141,2
2020-10-02,El Dorado,017,186661,1262,1168,2,1170,4
2020-10-02,Fresno,019,978130,31362,28855,404,29259,403
2020-10-02,Glenn,021,27897,615,594,0,594,3
2020-10-02,Humboldt,023,135768,518,503,1,504,6
2020-10-02,Imperial,025,180216,12061,11024,13,11037,327
2020-10-02,Inyo,027,18085,197,191,4,195,14
2020-10-02,Kern,029,883053,32515,31790,339,32129,399
2020-10-02,Kings,031,150075,8126,7716,48,7764,79
2020-10-02,Lake,033,64148,610,579,0,579,10
2020-10-02,Lassen,035,31185,754,742,2,744,0
2020-10-02,Los Angeles,037,10098052,276327,270935,2061,272996,6602
2020-10-02,Madera,039,155013,4716,4537,30,4567,49
2020-10-02,Marin,041,260295,6840,6717,18,6735,91
2020-10-02,Mariposa,043,17540,77,75,0,75,2
2020-10-02,Mendocino,045,87422,948,883,2,885,18
2020-10-02,Merced,047,269075,9082,8961,24,8985,139
2020-10-02,Modoc,049,8938,29,26,0,26,0
2020-10-02,Mono,051,14174,171,150,2,152,1
2020-10-02,Monterey,053,433212,10355,9997,40,10037,71
2020-10-02,Napa,055,140530,1801,1737,8,1745,11
2020-10-02,Nevada,057,99092,561,543,16,559,6
2020-10-02,Orange,059,3164182,56352,53299,1541,54840,1262
2020-10-02,Placer,061,380077,3768,3612,14,3626,46
2020-10-02,Plumas,063,18699,51,48,0,48,0
2020-10-02,Riverside,065,2383286,61356,59673,209,59882,1223
2020-10-02,Sacramento,067,1510023,23409,22818,26,22844,436
2020-10-02,San Benito,069,59416,1361,1347,0,1347,12
2020-10-02,San Bernardino,071,2135413,56685,54613,353,54966,1028
2020-10-02,San Diego,073,3302833,49751,47793,1088,48881,794
2020-10-02,San Francisco,075,870044,11558,11398,31,11429,110
2020-10-02,San Joaquin,077,732212,20661,20235,66,20301,474
2020-10-02,San Luis Obispo,079,281455,3861,3654,19,3673,31
2020-10-02,San Mateo,081,765935,10514,9745,8,9753,128
2020-10-02,Santa Barbara,083,443738,10187,9234,80,9314,116
2020-10-02,Santa Clara,085,1922200,22868,21545,43,21588,305
2020-10-02,Santa Cruz,087,273765,2545,2463,33,2496,9
2020-10-02,Shasta,089,179085,1454,1046,14,1060,18
2020-10-02,Sierra,091,2930,6,6,0,6,0
2020-10-02,Siskiyou,093,43540,168,151,10,161,0
2020-10-02,Solano,095,438530,6575,6385,41,6426,52
2020-10-02,Sonoma,097,501317,8149,7662,21,7683,125
2020-10-02,Stanislaus,099,539301,16812,16609,567,17176,349
2020-10-02,Sutter,101,95872,1736,1693,1,1694,11
2020-10-02,Tehama,103,63373,662,619,2,621,3
2020-10-02,Trinity,105,12862,62,15,8,23,0
2020-10-02,Tulare,107,460477,16828,16245,167,16412,278
2020-10-02,Tuolumne,109,53932,234,225,3,228,2
2020-10-02,Ventura,111,848112,13789,13120,220,13340,146
2020-10-02,Yolo,113,214977,2921,2845,6,2851,55
2020-10-02,Yuba,115,75493,1119,1090,5,1095,8
2020-10-01,Alameda,001,1643700,21950,21349,194,21543,383
2020-10-01,Alpine,003,1148,3,2,0,2,0
2020-10-01,Amador,005,37829,299,294,0,294,16
2020-10-01,Butte,007,227075,2993,2865,24,2889,45
2020-10-01,Calaveras,009,45235,313,257,0,257,11
2020-10-01,Colusa,011,21464,535,536,0,536,6
2020-10-01,Contra Costa,013,1133247,17560,16898,83,16981,211
2020-10-01,Del Norte,015,27424,147,140,0,140,2
2020-10-01,El Dorado,017,186661,1258,1162,1,1163,4
2020-10-01,Fresno,019,978130,31282,28796,402,29198,397
2020-10-01,Glenn,021,27897,611,593,0,593,3
2020-10-01,Humboldt,023,135768,518,499,1,500,6
2020-10-01,Imperial,025,180216,12018,10928,11,10939,325
2020-10-01,Inyo,027,18085,197,191,4,195,14
2020-10-01,Kern,029,883053,32452,31678,334,32012,399
2020-10-01,Kings,031,150075,8115,7688,45,7733,79
2020-10-01,Lake,033,64148,604,572,0,572,11
2020-10-01,Lassen,035,31185,751,742,2,744,0
2020-10-01,Los Angeles,037,10098052,275283,271513,2027,273540,6621
2020-10-01,Madera,039,155013,4693,4508,30,4538,48
2020-10-01,Marin,041,260295,6826,6710,18,6728,92
2020-10-01,Mariposa,043,17540,77,76,0,76,2
2020-10-01,Mendocino,045,87422,943,874,2,876,19
2020-10-01,Merced,047,269075,9054,8942,24,8966,138
2020-10-01,Modoc,049,8938,29,26,0,26,0
2020-10-01,Mono,051,14174,169,150,2,152,1
2020-10-01,Monterey,053,433212,10279,9958,40,9998,71
2020-10-01,Napa,055,140530,1793,1729,8,1737,11
2020-10-01,Nevada,057,99092,560,543,16,559,6
2020-10-01,Orange,059,3164182,56186,53088,1528,54616,1257
2020-10-01,Placer,061,380077,3741,3599,14,3613,45
2020-10-01,Plumas,063,18699,51,48,0,48,0
2020-10-01,Riverside,065,2383286,61104,59293,203,59496,1223
2020-10-01,Sacramento,067,1510023,23297,22714,25,22739,433
2020-10-01,San Benito,069,59416,1359,1346,0,1346,12
2020-10-01,San Bernardino,071,2135413,56391,54350,350,54700,1021
2020-10-01,San Diego,073,3302833,49469,47487,1068,48555,792
2020-10-01,San Francisco,075,870044,11527,11284,29,11313,110
2020-10-01,San Joaquin,077,732212,20614,20204,63,20267,471
2020-10-01,San Luis Obispo,079,281455,3834,3625,19,3644,31
2020-10-01,San Mateo,081,765935,10469,9681,8,9689,128
2020-10-01,Santa Barbara,083,443738,10145,9215,80,9295,118
2020-10-01,Santa Clara,085,1922200,22767,21398,43,21441,305
2020-10-01,Santa Cruz,087,273765,2530,2418,33,2451,10
2020-10-01,Shasta,089,179085,1403,991,14,1005,18
2020-10-01,Sierra,091,2930,6,6,0,6,0
2020-10-01,Siskiyou,093,43540,165,150,10,160,0
2020-10-01,Solano,095,438530,6537,6352,41,6393,52
2020-10-01,Sonoma,097,501317,8082,7569,21,7590,125
2020-10-01,Stanislaus,099,539301,16779,16555,561,17116,346
2020-10-01,Sutter,101,95872,1731,1684,1,1685,11
2020-10-01,Tehama,103,63373,652,606,2,608,3
2020-10-01,Trinity,105,12862,62,15,8,23,0
2020-10-01,Tulare,107,460477,16754,16182,164,16346,275
2020-10-01,Tuolumne,109,53932,234,223,3,226,2
2020-10-01,Ventura,111,848112,13737,13057,206,13263,146
2020-10-01,Yolo,113,214977,2903,2833,6,2839,55
2020-10-01,Yuba,115,75493,1115,1082,5,1087,8
2020-09-30,Alameda,001,1643700,21871,21271,191,21462,380
2020-09-30,Alpine,003,1148,3,2,0,2,0
2020-09-30,Amador,005,37829,299,294,0,294,16
2020-09-30,Butte,007,227075,2985,2858,24,2882,44
2020-09-30,Calaveras,009,45235,312,258,0,258,11
2020-09-30,Colusa,011,21464,534,534,0,534,6
2020-09-30,Contra Costa,013,1133247,17491,16819,83,16902,211
2020-09-30,Del Norte,015,27424,146,140,0,140,2
2020-09-30,El Dorado,017,186661,1246,1157,1,1158,4
2020-09-30,Fresno,019,978130,31191,28706,399,29105,395
2020-09-30,Glenn,021,27897,606,592,0,592,3
2020-09-30,Humboldt,023,135768,516,497,1,498,6
2020-09-30,Imperial,025,180216,11993,10868,11,10879,287
2020-09-30,Inyo,027,18085,196,189,4,193,14
2020-09-30,Kern,029,883053,32377,31601,333,31934,398
2020-09-30,Kings,031,150075,8086,7685,45,7730,79
2020-09-30,Lake,033,64148,598,567,0,567,10
2020-09-30,Lassen,035,31185,748,742,2,744,0
2020-09-30,Los Angeles,037,10098052,274044,270260,1994,272254,6568
2020-09-30,Madera,039,155013,4684,4477,30,4507,47
2020-09-30,Marin,041,260295,6802,6700,17,6717,91
2020-09-30,Mariposa,043,17540,77,76,0,76,2
2020-09-30,Mendocino,045,87422,937,867,2,869,17
2020-09-30,Merced,047,269075,9034,8926,24,8950,136
2020-09-30,Modoc,049,8938,29,26,0,26,0
2020-09-30,Mono,051,14174,169,150,2,152,1
2020-09-30,Monterey,053,433212,10229,9898,39,9937,70
2020-09-30,Napa,055,140530,1779,1728,8,1736,11
2020-09-30,Nevada,057,99092,558,540,16,556,6
2020-09-30,Orange,059,3164182,55995,52916,1512,54428,1251
2020-09-30,Placer,061,380077,3720,3585,14,3599,43
2020-09-30,Plumas,063,18699,51,48,0,48,0
2020-09-30,Riverside,065,2383286,60749,59074,199,59273,1220
2020-09-30,Sacramento,067,1510023,23193,22613,25,22638,429
2020-09-30,San Benito,069,59416,1356,1342,0,1342,12
2020-09-30,San Bernardino,071,2135413,56113,53988,348,54336,1018
2020-09-30,San Diego,073,3302833,49165,47182,1047,48229,783
2020-09-30,San Francisco,075,870044,11497,11247,29,11276,106
2020-09-30,San Joaquin,077,732212,20531,20150,61,20211,461
2020-09-30,San Luis Obispo,079,281455,3809,3597,19,3616,31
2020-09-30,San Mateo,081,765935,10427,9634,8,9642,128
2020-09-30,Santa Barbara,083,443738,10120,9186,80,9266,115
2020-09-30,Santa Clara,085,1922200,22662,21318,43,21361,302
2020-09-30,Santa Cruz,087,273765,2517,2405,33,2438,10
2020-09-30,Shasta,089,179085,1347,976,13,989,17
2020-09-30,Sierra,091,2930,6,6,0,6,0
2020-09-30,Siskiyou,093,43540,163,150,10,160,0
2020-09-30,Solano,095,438530,6495,6315,41,6356,51
2020-09-30,Sonoma,097,501317,7993,7494,21,7515,125
2020-09-30,Stanislaus,099,539301,16732,16531,555,17086,343
2020-09-30,Sutter,101,95872,1715,1680,1,1681,10
2020-09-30,Tehama,103,63373,646,594,2,596,3
2020-09-30,Trinity,105,12862,59,15,8,23,0
2020-09-30,Tulare,107,460477,16688,16117,157,16274,274
2020-09-30,Tuolumne,109,53932,232,224,3,227,2
2020-09-30,Ventura,111,848112,13702,12968,190,13158,145
2020-09-30,Yolo,113,214977,2890,2822,6,2828,55
2020-09-30,Yuba,115,75493,1112,1075,5,1080,8
2020-09-29,Alameda,001,1643700,21794,21241,187,21428,374
2020-09-29,Alpine,003,1148,3,2,0,2,0
2020-09-29,Amador,005,37829,297,294,0,294,16
2020-09-29,Butte,007,227075,2971,2848,24,2872,44
2020-09-29,Calaveras,009,45235,310,261,0,261,11
2020-09-29,Colusa,011,21464,534,534,0,534,6
2020-09-29,Contra Costa,013,1133247,17436,16716,81,16797,209
2020-09-29,Del Norte,015,27424,142,142,0,142,2
2020-09-29,El Dorado,017,186661,1237,1151,1,1152,4
2020-09-29,Fresno,019,978130,31096,28621,398,29019,394
2020-09-29,Glenn,021,27897,602,589,0,589,3
2020-09-29,Humboldt,023,135768,514,497,1,498,6
2020-09-29,Imperial,025,180216,11959,10811,11,10822,283
2020-09-29,Inyo,027,18085,195,188,4,192,14
2020-09-29,Kern,029,883053,32322,31534,332,31866,397
2020-09-29,Kings,031,150075,8030,7681,45,7726,78
2020-09-29,Lake,033,64148,596,566,0,566,11
2020-09-29,Lassen,035,31185,748,741,2,743,0
2020-09-29,Los Angeles,037,10098052,272824,269246,1965,271211,6545
2020-09-29,Madera,039,155013,4660,4453,30,4483,47
2020-09-29,Marin,041,260295,6781,6692,17,6709,91
2020-09-29,Mariposa,043,17540,77,74,0,74,2
2020-09-29,Mendocino,045,87422,927,854,2,856,17
2020-09-29,Merced,047,269075,9021,8892,22,8914,136
2020-09-29,Modoc,049,8938,29,26,0,26,0
2020-09-29,Mono,051,14174,169,149,2,151,1
2020-09-29,Monterey,053,433212,10174,9826,37,9863,70
2020-09-29,Napa,055,140530,1776,1727,8,1735,11
2020-09-29,Nevada,057,99092,553,539,16,555,6
2020-09-29,Orange,059,3164182,55808,52755,1501,54256,1231
2020-09-29,Placer,061,380077,3698,3570,14,3584,42
2020-09-29,Plumas,063,18699,51,48,0,48,0
2020-09-29,Riverside,065,2383286,60419,58863,192,59055,1208
2020-09-29,Sacramento,067,1510023,23072,22547,25,22572,425
2020-09-29,San Benito,069,59416,1351,1341,0,1341,12
2020-09-29,San Bernardino,071,2135413,55804,53753,347,54100,1012
2020-09-29,San Diego,073,3302833,48888,46987,1024,48011,781
2020-09-29,San Francisco,075,870044,11461,11142,29,11171,104
2020-09-29,San Joaquin,077,732212,20465,20094,59,20153,454
2020-09-29,San Luis Obispo,079,281455,3789,3581,19,3600,31
2020-09-29,San Mateo,081,765935,10380,9619,8,9627,127
2020-09-29,Santa Barbara,083,443738,10100,9149,79,9228,114
2020-09-29,Santa Clara,085,1922200,22526,21233,42,21275,302
2020-09-29,Santa Cruz,087,273765,2502,2383,32,2415,10
2020-09-29,Shasta,089,179085,1286,943,13,956,17
2020-09-29,Sierra,091,2930,6,6,0,6,0
2020-09-29,Siskiyou,093,43540,157,150,10,160,0
2020-09-29,Solano,095,438530,6461,6303,41,6344,51
2020-09-29,Sonoma,097,501317,7921,7426,21,7447,125
2020-09-29,Stanislaus,099,539301,16702,16505,549,17054,341
2020-09-29,Sutter,101,95872,1709,1677,1,1678,10
2020-09-29,Tehama,103,63373,628,585,2,587,2
2020-09-29,Trinity,105,12862,57,16,8,24,0
2020-09-29,Tulare,107,460477,16624,16055,150,16205,270
2020-09-29,Tuolumne,109,53932,232,224,3,227,2
2020-09-29,Ventura,111,848112,13645,12875,187,13062,145
2020-09-29,Yolo,113,214977,2877,2818,6,2824,55
2020-09-29,Yuba,115,75493,1110,1071,5,1076,8
2020-09-28,Alameda,001,1643700,21707,21133,187,21320,370
2020-09-28,Alpine,003,1148,3,2,0,2,0
2020-09-28,Amador,005,37829,295,294,0,294,16
2020-09-28,Butte,007,227075,2956,2837,24,2861,44
2020-09-28,Calaveras,009,45235,310,257,0,257,11
2020-09-28,Colusa,011,21464,533,531,0,531,6
2020-09-28,Contra Costa,013,1133247,17371,16653,81,16734,195
2020-09-28,Del Norte,015,27424,142,138,0,138,2
2020-09-28,El Dorado,017,186661,1230,1144,1,1145,4
2020-09-28,Fresno,019,978130,31014,28517,390,28907,389
2020-09-28,Glenn,021,27897,600,585,0,585,3
2020-09-28,Humboldt,023,135768,508,495,1,496,6
2020-09-28,Imperial,025,180216,11924,10777,11,10788,283
2020-09-28,Inyo,027,18085,194,188,4,192,14
2020-09-28,Kern,029,883053,32257,31481,328,31809,395
2020-09-28,Kings,031,150075,7889,7661,43,7704,78
2020-09-28,Lake,033,64148,592,559,0,559,10
2020-09-28,Lassen,035,31185,747,737,2,739,0
2020-09-28,Los Angeles,037,10098052,271711,268404,1935,270339,6508
2020-09-28,Madera,039,155013,4639,4438,30,4468,47
2020-09-28,Marin,041,260295,6765,6676,17,6693,91
2020-09-28,Mariposa,043,17540,77,74,0,74,2
2020-09-28,Mendocino,045,87422,912,850,2,852,17
2020-09-28,Merced,047,269075,8993,8869,22,8891,136
2020-09-28,Modoc,049,8938,29,26,0,26,0
2020-09-28,Mono,051,14174,169,148,2,150,1
2020-09-28,Monterey,053,433212,10109,9780,35,9815,69
2020-09-28,Napa,055,140530,1764,1705,8,1713,11
2020-09-28,Nevada,057,99092,545,538,16,554,6
2020-09-28,Orange,059,3164182,55602,52633,1492,54125,1196
2020-09-28,Placer,061,380077,3677,3572,14,3586,42
2020-09-28,Plumas,063,18699,50,48,0,48,0
2020-09-28,Riverside,065,2383286,60121,58570,183,58753,1198
2020-09-28,Sacramento,067,1510023,22925,22392,25,22417,423
2020-09-28,San Benito,069,59416,1348,1336,0,1336,11
2020-09-28,San Bernardino,071,2135413,55457,53501,347,53848,988
2020-09-28,San Diego,073,3302833,48570,46736,1004,47740,776
2020-09-28,San Francisco,075,870044,11427,11114,29,11143,100
2020-09-28,San Joaquin,077,732212,20416,19982,58,20040,448
2020-09-28,San Luis Obispo,079,281455,3768,3567,19,3586,31
2020-09-28,San Mateo,081,765935,10329,9582,8,9590,127
2020-09-28,Santa Barbara,083,443738,10082,9121,79,9200,114
2020-09-28,Santa Clara,085,1922200,22409,21180,42,21222,271
2020-09-28,Santa Cruz,087,273765,2492,2359,32,2391,9
2020-09-28,Shasta,089,179085,1232,883,10,893,17
2020-09-28,Sierra,091,2930,6,6,0,6,0
2020-09-28,Siskiyou,093,43540,157,149,10,159,0
2020-09-28,Solano,095,438530,6425,6254,41,6295,51
2020-09-28,Sonoma,097,501317,7845,7369,21,7390,125
2020-09-28,Stanislaus,099,539301,16662,16467,542,17009,336
2020-09-28,Sutter,101,95872,1702,1676,1,1677,10
2020-09-28,Tehama,103,63373,620,579,2,581,2
2020-09-28,Trinity,105,12862,57,16,8,24,0
2020-09-28,Tulare,107,460477,16571,15918,145,16063,270
2020-09-28,Tuolumne,109,53932,232,225,3,228,2
2020-09-28,Ventura,111,848112,13567,12812,180,12992,139
2020-09-28,Yolo,113,214977,2860,2809,6,2815,55
2020-09-28,Yuba,115,75493,1107,1062,5,1067,7
2020-09-27,Alameda,001,1643700,21626,21077,183,21260,370
2020-09-27,Alpine,003,1148,3,2,0,2,0
2020-09-27,Amador,005,37829,295,291,0,291,16
2020-09-27,Butte,007,227075,2944,2833,24,2857,44
2020-09-27,Calaveras,009,45235,309,257,0,257,11
2020-09-27,Colusa,011,21464,532,531,0,531,6
2020-09-27,Contra Costa,013,1133247,17269,16596,80,16676,195
2020-09-27,Del Norte,015,27424,142,138,0,138,2
2020-09-27,El Dorado,017,186661,1215,1130,1,1131,4
2020-09-27,Fresno,019,978130,30908,28441,390,28831,389
2020-09-27,Glenn,021,27897,596,576,0,576,3
2020-09-27,Humboldt,023,135768,506,492,1,493,6
2020-09-27,Imperial,025,180216,11890,10743,11,10754,283
2020-09-27,Inyo,027,18085,192,188,4,192,14
2020-09-27,Kern,029,883053,32138,31462,325,31787,395
2020-09-27,Kings,031,150075,7869,7641,43,7684,78
2020-09-27,Lake,033,64148,588,555,0,555,10
2020-09-27,Lassen,035,31185,747,737,2,739,0
2020-09-27,Los Angeles,037,10098052,270535,267754,1913,269667,6507
2020-09-27,Madera,039,155013,4610,4416,30,4446,47
2020-09-27,Marin,041,260295,6755,6663,17,6680,91
2020-09-27,Mariposa,043,17540,77,74,0,74,2
2020-09-27,Mendocino,045,87422,906,846,2,848,17
2020-09-27,Merced,047,269075,8959,8853,22,8875,136
2020-09-27,Modoc,049,8938,29,26,0,26,0
2020-09-27,Mono,051,14174,169,148,2,150,1
2020-09-27,Monterey,053,433212,10049,9724,34,9758,69
2020-09-27,Napa,055,140530,1759,1690,8,1698,11
2020-09-27,Nevada,057,99092,544,537,16,553,6
2020-09-27,Orange,059,3164182,55327,52458,1483,53941,1195
2020-09-27,Placer,061,380077,3664,3562,14,3576,42
2020-09-27,Plumas,063,18699,50,48,0,48,0
2020-09-27,Riverside,065,2383286,59825,58509,175,58684,1191
2020-09-27,Sacramento,067,1510023,22827,22356,25,22381,422
2020-09-27,San Benito,069,59416,1348,1331,0,1331,11
2020-09-27,San Bernardino,071,2135413,55021,53127,347,53474,988
2020-09-27,San Diego,073,3302833,48226,46612,987,47599,776
2020-09-27,San Francisco,075,870044,11375,11114,29,11143,100
2020-09-27,San Joaquin,077,732212,20356,19981,58,20039,448
2020-09-27,San Luis Obispo,079,281455,3747,3562,19,3581,31
2020-09-27,San Mateo,081,765935,10261,9566,8,9574,127
2020-09-27,Santa Barbara,083,443738,10061,9090,78,9168,114
2020-09-27,Santa Clara,085,1922200,22300,21091,42,21133,271
2020-09-27,Santa Cruz,087,273765,2470,2359,32,2391,9
2020-09-27,Shasta,089,179085,1189,883,9,892,17
2020-09-27,Sierra,091,2930,6,6,0,6,0
2020-09-27,Siskiyou,093,43540,156,149,10,159,0
2020-09-27,Solano,095,438530,6390,6211,41,6252,51
2020-09-27,Sonoma,097,501317,7764,7336,21,7357,124
2020-09-27,Stanislaus,099,539301,16611,16448,536,16984,336
2020-09-27,Sutter,101,95872,1695,1672,1,1673,10
2020-09-27,Tehama,103,63373,603,573,2,575,2
2020-09-27,Trinity,105,12862,57,16,8,24,0
2020-09-27,Tulare,107,460477,16493,15918,136,16054,270
2020-09-27,Tuolumne,109,53932,231,224,3,227,2
2020-09-27,Ventura,111,848112,13478,12775,171,12946,139
2020-09-27,Yolo,113,214977,2846,2796,6,2802,55
2020-09-27,Yuba,115,75493,1097,1059,5,1064,7
2020-09-26,Alameda,001,1643700,21568,21019,182,21201,370
2020-09-26,Alpine,003,1148,3,2,0,2,0
2020-09-26,Amador,005,37829,294,291,0,291,16
2020-09-26,Butte,007,227075,2936,2827,24,2851,44
2020-09-26,Calaveras,009,45235,309,257,0,257,11
2020-09-26,Colusa,011,21464,532,529,0,529,6
2020-09-26,Contra Costa,013,1133247,17227,16508,80,16588,194
2020-09-26,Del Norte,015,27424,142,138,0,138,2
2020-09-26,El Dorado,017,186661,1210,1127,1,1128,4
2020-09-26,Fresno,019,978130,30841,28336,390,28726,389
2020-09-26,Glenn,021,27897,596,576,0,576,3
2020-09-26,Humboldt,023,135768,506,491,1,492,6
2020-09-26,Imperial,025,180216,11873,10721,11,10732,283
2020-09-26,Inyo,027,18085,191,187,4,191,14
2020-09-26,Kern,029,883053,32087,31410,325,31735,394
2020-09-26,Kings,031,150075,7857,7537,43,7580,78
2020-09-26,Lake,033,64148,585,549,0,549,10
2020-09-26,Lassen,035,31185,747,737,2,739,0
2020-09-26,Los Angeles,037,10098052,269899,266931,1898,268829,6497
2020-09-26,Madera,039,155013,4594,4410,30,4440,47
2020-09-26,Marin,041,260295,6742,6641,17,6658,91
2020-09-26,Mariposa,043,17540,76,74,0,74,2
2020-09-26,Mendocino,045,87422,901,836,2,838,17
2020-09-26,Merced,047,269075,8947,8841,21,8862,136
2020-09-26,Modoc,049,8938,29,26,0,26,0
2020-09-26,Mono,051,14174,169,148,2,150,1
2020-09-26,Monterey,053,433212,10022,9651,34,9685,68
2020-09-26,Napa,055,140530,1757,1681,8,1689,11
2020-09-26,Nevada,057,99092,544,534,16,550,6
2020-09-26,Orange,059,3164182,55187,52203,1477,53680,1194
2020-09-26,Placer,061,380077,3651,3551,14,3565,42
2020-09-26,Plumas,063,18699,49,48,0,48,0
2020-09-26,Riverside,065,2383286,59690,58076,173,58249,1190
2020-09-26,Sacramento,067,1510023,22771,22269,25,22294,421
2020-09-26,San Benito,069,59416,1346,1325,0,1325,11
2020-09-26,San Bernardino,071,2135413,54887,53122,347,53469,988
2020-09-26,San Diego,073,3302833,48021,46333,973,47306,775
2020-09-26,San Francisco,075,870044,11347,11113,29,11142,100
2020-09-26,San Joaquin,077,732212,20321,19982,56,20038,449
2020-09-26,San Luis Obispo,079,281455,3730,3546,19,3565,31
2020-09-26,San Mateo,081,765935,10227,9509,8,9517,127
2020-09-26,Santa Barbara,083,443738,10050,9061,78,9139,114
2020-09-26,Santa Clara,085,1922200,22229,20967,41,21008,270
2020-09-26,Santa Cruz,087,273765,2462,2336,32,2368,9
2020-09-26,Shasta,089,179085,1139,856,8,864,17
2020-09-26,Sierra,091,2930,6,6,0,6,0
2020-09-26,Siskiyou,093,43540,155,149,10,159,0
2020-09-26,Solano,095,438530,6371,6209,41,6250,51
2020-09-26,Sonoma,097,501317,7739,7285,20,7305,124
2020-09-26,Stanislaus,099,539301,16586,16421,527,16948,336
2020-09-26,Sutter,101,95872,1690,1662,1,1663,10
2020-09-26,Tehama,103,63373,591,560,2,562,2
2020-09-26,Trinity,105,12862,55,16,8,24,0
2020-09-26,Tulare,107,460477,16467,15881,134,16015,270
2020-09-26,Tuolumne,109,53932,231,223,3,226,2
2020-09-26,Ventura,111,848112,13443,12729,170,12899,137
2020-09-26,Yolo,113,214977,2844,2789,6,2795,55
2020-09-26,Yuba,115,75493,1093,1056,5,1061,7
2020-09-25,Alameda,001,1643700,21514,20911,182,21093,367
2020-09-25,Alpine,003,1148,3,2,0,2,0
2020-09-25,Amador,005,37829,294,289,0,289,16
2020-09-25,Butte,007,227075,2931,2819,24,2843,43
2020-09-25,Calaveras,009,45235,309,257,0,257,11
2020-09-25,Colusa,011,21464,532,528,0,528,6
2020-09-25,Contra Costa,013,1133247,17168,16401,80,16481,194
2020-09-25,Del Norte,015,27424,142,138,0,138,2
2020-09-25,El Dorado,017,186661,1206,1104,1,1105,4
2020-09-25,Fresno,019,978130,30782,28199,389,28588,385
2020-09-25,Glenn,021,27897,594,570,0,570,3
2020-09-25,Humboldt,023,135768,505,489,1,490,5
2020-09-25,Imperial,025,180216,11855,10681,11,10692,283
2020-09-25,Inyo,027,18085,189,187,4,191,14
2020-09-25,Kern,029,883053,32034,31333,323,31656,393
2020-09-25,Kings,031,150075,7852,7450,43,7493,77
2020-09-25,Lake,033,64148,584,539,0,539,9
2020-09-25,Lassen,035,31185,747,737,2,739,0
2020-09-25,Los Angeles,037,10098052,269111,265713,1884,267597,6483
2020-09-25,Madera,039,155013,4575,4369,30,4399,48
2020-09-25,Marin,041,260295,6739,6622,17,6639,90
2020-09-25,Mariposa,043,17540,76,74,0,74,2
2020-09-25,Mendocino,045,87422,886,819,2,821,17
2020-09-25,Merced,047,269075,8931,8830,21,8851,135
2020-09-25,Modoc,049,8938,29,26,0,26,0
2020-09-25,Mono,051,14174,169,149,2,151,1
2020-09-25,Monterey,053,433212,9970,9581,34,9615,68
2020-09-25,Napa,055,140530,1755,1669,8,1677,11
2020-09-25,Nevada,057,99092,542,529,16,545,6
2020-09-25,Orange,059,3164182,55060,52031,1469,53500,1184
2020-09-25,Placer,061,380077,3640,3527,14,3541,41
2020-09-25,Plumas,063,18699,49,48,0,48,0
2020-09-25,Riverside,065,2383286,59514,57783,168,57951,1183
2020-09-25,Sacramento,067,1510023,22694,22132,25,22157,418
2020-09-25,San Benito,069,59416,1345,1318,0,1318,11
2020-09-25,San Bernardino,071,2135413,54733,52814,347,53161,987
2020-09-25,San Diego,073,3302833,47819,46003,957,46960,775
2020-09-25,San Francisco,075,870044,11313,11066,28,11094,100
2020-09-25,San Joaquin,077,732212,20269,19909,56,19965,449
2020-09-25,San Luis Obispo,079,281455,3718,3512,19,3531,31
2020-09-25,San Mateo,081,765935,10191,9447,8,9455,127
2020-09-25,Santa Barbara,083,443738,10026,9026,78,9104,114
2020-09-25,Santa Clara,085,1922200,22165,20812,40,20852,265
2020-09-25,Santa Cruz,087,273765,2450,2309,31,2340,9
2020-09-25,Shasta,089,179085,1105,806,8,814,16
2020-09-25,Sierra,091,2930,6,6,0,6,0
2020-09-25,Siskiyou,093,43540,155,149,10,159,0
2020-09-25,Solano,095,438530,6355,6179,41,6220,50
2020-09-25,Sonoma,097,501317,7699,7202,20,7222,124
2020-09-25,Stanislaus,099,539301,16568,16381,525,16906,326
2020-09-25,Sutter,101,95872,1687,1655,1,1656,10
2020-09-25,Tehama,103,63373,583,546,2,548,2
2020-09-25,Trinity,105,12862,55,15,8,23,0
2020-09-25,Tulare,107,460477,16427,15815,132,15947,267
2020-09-25,Tuolumne,109,53932,231,223,3,226,2
2020-09-25,Ventura,111,848112,13400,12664,167,12831,137
2020-09-25,Yolo,113,214977,2836,2784,6,2790,55
2020-09-25,Yuba,115,75493,1088,1049,5,1054,5
2020-09-24,Alameda,001,1643700,21439,20838,179,21017,364
2020-09-24,Alpine,003,1148,3,2,0,2,0
2020-09-24,Amador,005,37829,294,288,0,288,16
2020-09-24,Butte,007,227075,2920,2803,24,2827,43
2020-09-24,Calaveras,009,45235,309,258,0,258,11
2020-09-24,Colusa,011,21464,532,523,0,523,6
2020-09-24,Contra Costa,013,1133247,17086,16252,80,16332,192
2020-09-24,Del Norte,015,27424,138,137,0,137,2
2020-09-24,El Dorado,017,186661,1197,1093,1,1094,4
2020-09-24,Fresno,019,978130,30677,28106,385,28491,375
2020-09-24,Glenn,021,27897,590,567,0,567,3
2020-09-24,Humboldt,023,135768,502,482,1,483,5
2020-09-24,Imperial,025,180216,11831,10622,11,10633,283
2020-09-24,Inyo,027,18085,189,187,4,191,13
2020-09-24,Kern,029,883053,31971,31273,321,31594,388
2020-09-24,Kings,031,150075,7836,7428,43,7471,76
2020-09-24,Lake,033,64148,575,531,0,531,9
2020-09-24,Lassen,035,31185,746,737,2,739,0
2020-09-24,Los Angeles,037,10098052,268065,264374,1866,266240,6452
2020-09-24,Madera,039,155013,4556,4344,30,4374,48
2020-09-24,Marin,041,260295,6711,6588,17,6605,85
2020-09-24,Mariposa,043,17540,76,74,0,74,2
2020-09-24,Mendocino,045,87422,882,810,2,812,17
2020-09-24,Merced,047,269075,8902,8813,20,8833,135
2020-09-24,Modoc,049,8938,29,24,0,24,0
2020-09-24,Mono,051,14174,169,149,2,151,1
2020-09-24,Monterey,053,433212,9904,9544,31,9575,67
2020-09-24,Napa,055,140530,1743,1661,8,1669,11
2020-09-24,Nevada,057,99092,541,527,16,543,6
2020-09-24,Orange,059,3164182,54852,51749,1451,53200,1164
2020-09-24,Placer,061,380077,3625,3514,14,3528,41
2020-09-24,Plumas,063,18699,49,48,0,48,0
2020-09-24,Riverside,065,2383286,59245,57491,162,57653,1172
2020-09-24,Sacramento,067,1510023,22567,21985,24,22009,417
2020-09-24,San Benito,069,59416,1343,1308,0,1308,11
2020-09-24,San Bernardino,071,2135413,54397,52455,346,52801,988
2020-09-24,San Diego,073,3302833,47550,45598,942,46540,773
2020-09-24,San Francisco,075,870044,11266,10992,28,11020,99
2020-09-24,San Joaquin,077,732212,20231,19851,55,19906,444
2020-09-24,San Luis Obispo,079,281455,3702,3480,19,3499,31
2020-09-24,San Mateo,081,765935,10143,9376,8,9384,127
2020-09-24,Santa Barbara,083,443738,9975,8988,77,9065,114
2020-09-24,Santa Clara,085,1922200,22077,20689,40,20729,262
2020-09-24,Santa Cruz,087,273765,2430,2300,29,2329,9
2020-09-24,Shasta,089,179085,1068,773,5,778,14
2020-09-24,Sierra,091,2930,6,6,0,6,0
2020-09-24,Siskiyou,093,43540,155,149,10,159,0
2020-09-24,Solano,095,438530,6322,6137,41,6178,49
2020-09-24,Sonoma,097,501317,7618,7163,20,7183,122
2020-09-24,Stanislaus,099,539301,16531,16326,520,16846,326
2020-09-24,Sutter,101,95872,1684,1646,1,1647,10
2020-09-24,Tehama,103,63373,580,540,2,542,2
2020-09-24,Trinity,105,12862,55,15,8,23,0
2020-09-24,Tulare,107,460477,16362,15754,131,15885,267
2020-09-24,Tuolumne,109,53932,231,224,3,227,2
2020-09-24,Ventura,111,848112,13318,12617,166,12783,138
2020-09-24,Yolo,113,214977,2829,2776,6,2782,55
2020-09-24,Yuba,115,75493,1083,1042,5,1047,5
2020-09-23,Alameda,001,1643700,21371,20718,177,20895,361
2020-09-23,Alpine,003,1148,3,2,0,2,0
2020-09-23,Amador,005,37829,293,288,0,288,16
2020-09-23,Butte,007,227075,2912,2790,24,2814,43
2020-09-23,Calaveras,009,45235,308,258,0,258,11
2020-09-23,Colusa,011,21464,531,521,0,521,6
2020-09-23,Contra Costa,013,1133247,17022,16167,79,16246,192
2020-09-23,Del Norte,015,27424,136,137,0,137,2
2020-09-23,El Dorado,017,186661,1183,1088,1,1089,4
2020-09-23,Fresno,019,978130,30581,28019,383,28402,371
2020-09-23,Glenn,021,27897,583,561,0,561,3
2020-09-23,Humboldt,023,135768,498,477,1,478,5
2020-09-23,Imperial,025,180216,11805,10587,11,10598,284
2020-09-23,Inyo,027,18085,188,177,4,181,13
2020-09-23,Kern,029,883053,31927,31172,319,31491,387
2020-09-23,Kings,031,150075,7814,7406,43,7449,76
2020-09-23,Lake,033,64148,570,519,0,519,9
2020-09-23,Lassen,035,31185,746,736,2,738,0
2020-09-23,Los Angeles,037,10098052,267025,263318,1837,265155,6421
2020-09-23,Madera,039,155013,4541,4311,30,4341,48
2020-09-23,Marin,041,260295,6692,6567,17,6584,85
2020-09-23,Mariposa,043,17540,76,74,0,74,2
2020-09-23,Mendocino,045,87422,881,801,1,802,17
2020-09-23,Merced,047,269075,8881,8785,19,8804,134
2020-09-23,Modoc,049,8938,29,24,0,24,0
2020-09-23,Mono,051,14174,169,149,2,151,1
2020-09-23,Monterey,053,433212,9835,9452,30,9482,67
2020-09-23,Napa,055,140530,1734,1653,8,1661,11
2020-09-23,Nevada,057,99092,540,523,16,539,6
2020-09-23,Orange,059,3164182,54625,51658,1443,53101,1155
2020-09-23,Placer,061,380077,3613,3506,14,3520,41
2020-09-23,Plumas,063,18699,49,48,0,48,0
2020-09-23,Riverside,065,2383286,58941,57257,159,57416,1165
2020-09-23,Sacramento,067,1510023,22490,21821,24,21845,415
2020-09-23,San Benito,069,59416,1337,1305,0,1305,10
2020-09-23,San Bernardino,071,2135413,54102,52132,345,52477,973
2020-09-23,San Diego,073,3302833,47274,45427,923,46350,767
2020-09-23,San Francisco,075,870044,11217,10926,28,10954,95
2020-09-23,San Joaquin,077,732212,20178,19785,55,19840,439
2020-09-23,San Luis Obispo,079,281455,3684,3447,19,3466,31
2020-09-23,San Mateo,081,765935,10103,9351,8,9359,127
2020-09-23,Santa Barbara,083,443738,9947,8952,77,9029,112
2020-09-23,Santa Clara,085,1922200,21966,20575,37,20612,260
2020-09-23,Santa Cruz,087,273765,2411,2283,29,2312,9
2020-09-23,Shasta,089,179085,1029,756,4,760,14
2020-09-23,Sierra,091,2930,6,6,0,6,0
2020-09-23,Siskiyou,093,43540,155,149,10,159,0
2020-09-23,Solano,095,438530,6297,6123,41,6164,50
2020-09-23,Sonoma,097,501317,7542,7091,20,7111,122
2020-09-23,Stanislaus,099,539301,16501,16271,517,16788,317
2020-09-23,Sutter,101,95872,1680,1646,1,1647,10
2020-09-23,Tehama,103,63373,574,533,2,535,2
2020-09-23,Trinity,105,12862,54,15,8,23,0
2020-09-23,Tulare,107,460477,16297,15664,130,15794,266
2020-09-23,Tuolumne,109,53932,231,223,3,226,2
2020-09-23,Ventura,111,848112,13262,12591,164,12755,137
2020-09-23,Yolo,113,214977,2811,2766,6,2772,55
2020-09-23,Yuba,115,75493,1081,1038,5,1043,5
2020-09-22,Alameda,001,1643700,21291,20607,175,20782,355
2020-09-22,Alpine,003,1148,2,2,0,2,0
2020-09-22,Amador,005,37829,292,287,0,287,16
2020-09-22,Butte,007,227075,2907,2776,24,2800,43
2020-09-22,Calaveras,009,45235,308,258,0,258,11
2020-09-22,Colusa,011,21464,529,518,0,518,6
2020-09-22,Contra Costa,013,1133247,16932,16090,79,16169,190
2020-09-22,Del Norte,015,27424,136,137,0,137,2
2020-09-22,El Dorado,017,186661,1164,1076,1,1077,4
2020-09-22,Fresno,019,978130,30486,27944,380,28324,369
2020-09-22,Glenn,021,27897,580,560,0,560,3
2020-09-22,Humboldt,023,135768,497,476,1,477,5
2020-09-22,Imperial,025,180216,11776,10529,11,10540,284
2020-09-22,Inyo,027,18085,188,177,4,181,13
2020-09-22,Kern,029,883053,31859,31110,312,31422,383
2020-09-22,Kings,031,150075,7757,7395,42,7437,76
2020-09-22,Lake,033,64148,562,516,0,516,9
2020-09-22,Lassen,035,31185,745,736,2,738,0
2020-09-22,Los Angeles,037,10098052,265949,262117,1810,263927,6394
2020-09-22,Madera,039,155013,4525,4303,30,4333,47
2020-09-22,Marin,041,260295,6678,6561,17,6578,84
2020-09-22,Mariposa,043,17540,76,74,0,74,2
2020-09-22,Mendocino,045,87422,861,794,1,795,18
2020-09-22,Merced,047,269075,8851,8769,19,8788,132
2020-09-22,Modoc,049,8938,29,24,0,24,0
2020-09-22,Mono,051,14174,168,149,2,151,1
2020-09-22,Monterey,053,433212,9777,9393,30,9423,67
2020-09-22,Napa,055,140530,1717,1652,8,1660,11
2020-09-22,Nevada,057,99092,540,523,16,539,6
2020-09-22,Orange,059,3164182,54375,51528,1435,52963,1132
2020-09-22,Placer,061,380077,3601,3492,14,3506,40
2020-09-22,Plumas,063,18699,49,48,0,48,0
2020-09-22,Riverside,065,2383286,58454,57066,155,57221,1162
2020-09-22,Sacramento,067,1510023,22370,21745,24,21769,410
2020-09-22,San Benito,069,59416,1332,1305,0,1305,10
2020-09-22,San Bernardino,071,2135413,53828,51899,345,52244,971
2020-09-22,San Diego,073,3302833,46967,45149,904,46053,765
2020-09-22,San Francisco,075,870044,11173,10893,27,10920,95
2020-09-22,San Joaquin,077,732212,20131,19755,54,19809,426
2020-09-22,San Luis Obispo,079,281455,3667,3420,19,3439,31
2020-09-22,San Mateo,081,765935,10065,9291,8,9299,127
2020-09-22,Santa Barbara,083,443738,9917,8927,76,9003,111
2020-09-22,Santa Clara,085,1922200,21847,20514,37,20551,253
2020-09-22,Santa Cruz,087,273765,2388,2264,29,2293,8
2020-09-22,Shasta,089,179085,994,723,4,727,14
2020-09-22,Sierra,091,2930,6,6,0,6,0
2020-09-22,Siskiyou,093,43540,155,149,10,159,0
2020-09-22,Solano,095,438530,6266,6107,41,6148,48
2020-09-22,Sonoma,097,501317,7463,7068,19,7087,117
2020-09-22,Stanislaus,099,539301,16478,16231,510,16741,316
2020-09-22,Sutter,101,95872,1674,1638,1,1639,10
2020-09-22,Tehama,103,63373,566,529,2,531,2
2020-09-22,Trinity,105,12862,54,15,8,23,0
2020-09-22,Tulare,107,460477,16231,15616,126,15742,263
2020-09-22,Tuolumne,109,53932,230,224,3,227,1
2020-09-22,Ventura,111,848112,13210,12507,160,12667,136
2020-09-22,Yolo,113,214977,2804,2763,6,2769,54
2020-09-22,Yuba,115,75493,1072,1035,5,1040,5
2020-09-21,Alameda,001,1643700,21212,20501,174,20675,343
2020-09-21,Alpine,003,1148,2,2,0,2,0
2020-09-21,Amador,005,37829,290,286,0,286,16
2020-09-21,Butte,007,227075,2893,2769,24,2793,41
2020-09-21,Calaveras,009,45235,306,256,0,256,10
2020-09-21,Colusa,011,21464,528,517,0,517,6
2020-09-21,Contra Costa,013,1133247,16845,16008,79,16087,189
2020-09-21,Del Norte,015,27424,136,132,0,132,2
2020-09-21,El Dorado,017,186661,1155,1074,1,1075,4
2020-09-21,Fresno,019,978130,30384,27843,373,28216,362
2020-09-21,Glenn,021,27897,576,556,0,556,3
2020-09-21,Humboldt,023,135768,493,473,1,474,5
2020-09-21,Imperial,025,180216,11745,10521,10,10531,284
2020-09-21,Inyo,027,18085,187,177,4,181,12
2020-09-21,Kern,029,883053,31787,31031,310,31341,379
2020-09-21,Kings,031,150075,7644,7297,41,7338,76
2020-09-21,Lake,033,64148,557,508,0,508,8
2020-09-21,Lassen,035,31185,743,735,2,737,0
2020-09-21,Los Angeles,037,10098052,264863,261418,1765,263183,6360
2020-09-21,Madera,039,155013,4514,4275,29,4304,47
2020-09-21,Marin,041,260295,6667,6538,16,6554,84
2020-09-21,Mariposa,043,17540,75,74,0,74,2
2020-09-21,Mendocino,045,87422,846,778,0,778,18
2020-09-21,Merced,047,269075,8832,8749,17,8766,128
2020-09-21,Modoc,049,8938,29,22,0,22,0
2020-09-21,Mono,051,14174,168,147,2,149,1
2020-09-21,Monterey,053,433212,9713,9331,27,9358,66
2020-09-21,Napa,055,140530,1706,1641,8,1649,11
2020-09-21,Nevada,057,99092,538,515,16,531,6
2020-09-21,Orange,059,3164182,54153,51363,1428,52791,1110
2020-09-21,Placer,061,380077,3591,3473,14,3487,40
2020-09-21,Plumas,063,18699,49,47,0,47,0
2020-09-21,Riverside,065,2383286,58180,57001,148,57149,1153
2020-09-21,Sacramento,067,1510023,22189,21568,24,21592,404
2020-09-21,San Benito,069,59416,1330,1298,0,1298,10
2020-09-21,San Bernardino,071,2135413,53542,51654,345,51999,970
2020-09-21,San Diego,073,3302833,46683,44927,883,45810,760
2020-09-21,San Francisco,075,870044,11125,10743,27,10770,95
2020-09-21,San Joaquin,077,732212,20073,19579,54,19633,423
2020-09-21,San Luis Obispo,079,281455,3641,3406,19,3425,27
2020-09-21,San Mateo,081,765935,10013,9239,8,9247,127
2020-09-21,Santa Barbara,083,443738,9889,8911,76,8987,110
2020-09-21,Santa Clara,085,1922200,21746,20432,37,20469,252
2020-09-21,Santa Cruz,087,273765,2371,2257,27,2284,8
2020-09-21,Shasta,089,179085,944,696,4,700,14
2020-09-21,Sierra,091,2930,6,6,0,6,0
2020-09-21,Siskiyou,093,43540,155,146,10,156,0
2020-09-21,Solano,095,438530,6242,6019,41,6060,46
2020-09-21,Sonoma,097,501317,7387,7017,19,7036,117
2020-09-21,Stanislaus,099,539301,16448,16186,510,16696,310
2020-09-21,Sutter,101,95872,1667,1634,1,1635,10
2020-09-21,Tehama,103,63373,547,513,2,515,2
2020-09-21,Trinity,105,12862,54,15,8,23,0
2020-09-21,Tulare,107,460477,16157,15528,117,15645,260
2020-09-21,Tuolumne,109,53932,230,221,3,224,1
2020-09-21,Ventura,111,848112,13126,12477,154,12631,133
2020-09-21,Yolo,113,214977,2798,2752,6,2758,54
2020-09-21,Yuba,115,75493,1068,1033,5,1038,1
2020-09-20,Alameda,001,1643700,21112,20425,171,20596,343
2020-09-20,Alpine,003,1148,2,2,0,2,0
2020-09-20,Amador,005,37829,289,286,0,286,16
2020-09-20,Butte,007,227075,2881,2764,24,2788,39
2020-09-20,Calaveras,009,45235,302,256,0,256,10
2020-09-20,Colusa,011,21464,526,510,0,510,6
2020-09-20,Contra Costa,013,1133247,16711,15917,78,15995,189
2020-09-20,Del Norte,015,27424,134,132,0,132,2
2020-09-20,El Dorado,017,186661,1140,1073,1,1074,4
2020-09-20,Fresno,019,978130,30269,27769,367,28136,362
2020-09-20,Glenn,021,27897,572,550,0,550,3
2020-09-20,Humboldt,023,135768,493,472,1,473,5
2020-09-20,Imperial,025,180216,11718,10496,9,10505,284
2020-09-20,Inyo,027,18085,187,177,4,181,12
2020-09-20,Kern,029,883053,31704,30992,307,31299,379
2020-09-20,Kings,031,150075,7597,7159,40,7199,76
2020-09-20,Lake,033,64148,545,492,0,492,8
2020-09-20,Lassen,035,31185,743,735,2,737,0
2020-09-20,Los Angeles,037,10098052,263628,260770,1739,262509,6347
2020-09-20,Madera,039,155013,4494,4257,29,4286,47
2020-09-20,Marin,041,260295,6641,6533,16,6549,83
2020-09-20,Mariposa,043,17540,75,74,0,74,2
2020-09-20,Mendocino,045,87422,834,765,0,765,18
2020-09-20,Merced,047,269075,8805,8745,17,8762,128
2020-09-20,Modoc,049,8938,27,22,0,22,0
2020-09-20,Mono,051,14174,167,147,2,149,1
2020-09-20,Monterey,053,433212,9635,9312,27,9339,65
2020-09-20,Napa,055,140530,1697,1626,8,1634,11
2020-09-20,Nevada,057,99092,535,511,16,527,6
2020-09-20,Orange,059,3164182,53911,51233,1418,52651,1110
2020-09-20,Placer,061,380077,3576,3452,14,3466,40
2020-09-20,Plumas,063,18699,49,47,0,47,0
2020-09-20,Riverside,065,2383286,57979,56783,142,56925,1147
2020-09-20,Sacramento,067,1510023,22002,21394,23,21417,401
2020-09-20,San Benito,069,59416,1319,1291,0,1291,9
2020-09-20,San Bernardino,071,2135413,53221,51559,343,51902,970
2020-09-20,San Diego,073,3302833,46310,44579,854,45433,760
2020-09-20,San Francisco,075,870044,11071,10743,27,10770,95
2020-09-20,San Joaquin,077,732212,20008,19578,47,19625,423
2020-09-20,San Luis Obispo,079,281455,3613,3393,19,3412,27
2020-09-20,San Mateo,081,765935,9946,9198,8,9206,127
2020-09-20,Santa Barbara,083,443738,9854,8880,75,8955,110
2020-09-20,Santa Clara,085,1922200,21625,20330,36,20366,252
2020-09-20,Santa Cruz,087,273765,2351,2199,27,2226,8
2020-09-20,Shasta,089,179085,903,696,3,699,14
2020-09-20,Sierra,091,2930,6,6,0,6,0
2020-09-20,Siskiyou,093,43540,155,146,10,156,0
2020-09-20,Solano,095,438530,6198,6020,41,6061,46
2020-09-20,Sonoma,097,501317,7283,6954,19,6973,117
2020-09-20,Stanislaus,099,539301,16417,16159,503,16662,310
2020-09-20,Sutter,101,95872,1661,1624,1,1625,10
2020-09-20,Tehama,103,63373,534,509,2,511,2
2020-09-20,Trinity,105,12862,54,15,8,23,0
2020-09-20,Tulare,107,460477,16070,15528,111,15639,260
2020-09-20,Tuolumne,109,53932,230,221,3,224,1
2020-09-20,Ventura,111,848112,13060,12406,150,12556,133
2020-09-20,Yolo,113,214977,2790,2745,6,2751,54
2020-09-20,Yuba,115,75493,1061,1029,5,1034,1
2020-09-19,Alameda,001,1643700,21061,20349,168,20517,343
2020-09-19,Alpine,003,1148,2,2,0,2,0
2020-09-19,Amador,005,37829,289,285,0,285,16
2020-09-19,Butte,007,227075,2875,2748,24,2772,38
2020-09-19,Calaveras,009,45235,302,256,0,256,10
2020-09-19,Colusa,011,21464,526,507,0,507,6
2020-09-19,Contra Costa,013,1133247,16648,15783,78,15861,186
2020-09-19,Del Norte,015,27424,133,132,0,132,2
2020-09-19,El Dorado,017,186661,1134,1068,0,1068,4
2020-09-19,Fresno,019,978130,30196,27668,367,28035,362
2020-09-19,Glenn,021,27897,569,547,0,547,3
2020-09-19,Humboldt,023,135768,492,471,1,472,5
2020-09-19,Imperial,025,180216,11703,10496,9,10505,284
2020-09-19,Inyo,027,18085,187,177,4,181,12
2020-09-19,Kern,029,883053,31650,30886,304,31190,379
2020-09-19,Kings,031,150075,7591,7130,40,7170,76
2020-09-19,Lake,033,64148,545,465,0,465,8
2020-09-19,Lassen,035,31185,743,731,2,733,0
2020-09-19,Los Angeles,037,10098052,263003,259801,1725,261526,6325
2020-09-19,Madera,039,155013,4471,4237,29,4266,47
2020-09-19,Marin,041,260295,6634,6513,15,6528,81
2020-09-19,Mariposa,043,17540,75,74,0,74,2
2020-09-19,Mendocino,045,87422,831,750,0,750,18
2020-09-19,Merced,047,269075,8794,8717,16,8733,128
2020-09-19,Modoc,049,8938,27,22,0,22,0
2020-09-19,Mono,051,14174,167,147,2,149,1
2020-09-19,Monterey,053,433212,9593,9237,27,9264,65
2020-09-19,Napa,055,140530,1689,1614,8,1622,11
2020-09-19,Nevada,057,99092,533,505,16,521,6
2020-09-19,Orange,059,3164182,53782,50999,1411,52410,1105
2020-09-19,Placer,061,380077,3567,3412,14,3426,40
2020-09-19,Plumas,063,18699,49,47,0,47,0
2020-09-19,Riverside,065,2383286,57855,56562,141,56703,1147
2020-09-19,Sacramento,067,1510023,21948,21297,23,21320,396
2020-09-19,San Benito,069,59416,1315,1276,0,1276,9
2020-09-19,San Bernardino,071,2135413,53065,51353,340,51693,971
2020-09-19,San Diego,073,3302833,46082,44295,831,45126,773
2020-09-19,San Francisco,075,870044,11038,10741,27,10768,95
2020-09-19,San Joaquin,077,732212,19971,19580,47,19627,424
2020-09-19,San Luis Obispo,079,281455,3592,3369,19,3388,27
2020-09-19,San Mateo,081,765935,9915,9158,8,9166,127
2020-09-19,Santa Barbara,083,443738,9833,8862,75,8937,106
2020-09-19,Santa Clara,085,1922200,21536,20170,36,20206,251
2020-09-19,Santa Cruz,087,273765,2337,2198,26,2224,8
2020-09-19,Shasta,089,179085,876,687,3,690,14
2020-09-19,Sierra,091,2930,6,6,0,6,0
2020-09-19,Siskiyou,093,43540,155,146,10,156,0
2020-09-19,Solano,095,438530,6182,5998,41,6039,46
2020-09-19,Sonoma,097,501317,7250,6905,19,6924,117
2020-09-19,Stanislaus,099,539301,16377,16109,496,16605,313
2020-09-19,Sutter,101,95872,1660,1602,1,1603,10
2020-09-19,Tehama,103,63373,529,498,2,500,2
2020-09-19,Trinity,105,12862,54,15,8,23,0
2020-09-19,Tulare,107,460477,16021,15485,108,15593,260
2020-09-19,Tuolumne,109,53932,230,217,3,220,1
2020-09-19,Ventura,111,848112,13028,12328,150,12478,133
2020-09-19,Yolo,113,214977,2782,2739,6,2745,54
2020-09-19,Yuba,115,75493,1054,1023,5,1028,1
2020-09-18,Alameda,001,1643700,20996,20222,162,20384,341
2020-09-18,Alpine,003,1148,2,2,0,2,0
2020-09-18,Amador,005,37829,289,285,0,285,16
2020-09-18,Butte,007,227075,2873,2738,24,2762,37
2020-09-18,Calaveras,009,45235,302,255,0,255,9
2020-09-18,Colusa,011,21464,526,504,0,504,6
2020-09-18,Contra Costa,013,1133247,16563,15667,78,15745,185
2020-09-18,Del Norte,015,27424,133,131,0,131,2
2020-09-18,El Dorado,017,186661,1121,1063,0,1063,4
2020-09-18,Fresno,019,978130,30131,27560,367,27927,359
2020-09-18,Glenn,021,27897,566,541,0,541,3
2020-09-18,Humboldt,023,135768,489,470,1,471,5
2020-09-18,Imperial,025,180216,11688,10460,9,10469,283
2020-09-18,Inyo,027,18085,187,177,4,181,12
2020-09-18,Kern,029,883053,31592,30742,301,31043,373
2020-09-18,Kings,031,150075,7581,7062,40,7102,74
2020-09-18,Lake,033,64148,539,458,0,458,8
2020-09-18,Lassen,035,31185,742,731,2,733,0
2020-09-18,Los Angeles,037,10098052,262228,258488,1707,260195,6324
2020-09-18,Madera,039,155013,4459,4211,29,4240,45
2020-09-18,Marin,041,260295,6619,6475,15,6490,81
2020-09-18,Mariposa,043,17540,75,74,0,74,2
2020-09-18,Mendocino,045,87422,823,739,0,739,18
2020-09-18,Merced,047,269075,8782,8691,15,8706,127
2020-09-18,Modoc,049,8938,27,22,0,22,0
2020-09-18,Mono,051,14174,165,147,2,149,1
2020-09-18,Monterey,053,433212,9551,9183,27,9210,64
2020-09-18,Napa,055,140530,1683,1604,8,1612,11
2020-09-18,Nevada,057,99092,530,504,16,520,6
2020-09-18,Orange,059,3164182,53635,50733,1399,52132,1107
2020-09-18,Placer,061,380077,3556,3389,14,3403,40
2020-09-18,Plumas,063,18699,49,45,0,45,0
2020-09-18,Riverside,065,2383286,57735,56248,137,56385,1143
2020-09-18,Sacramento,067,1510023,21865,21105,23,21128,391
2020-09-18,San Benito,069,59416,1307,1257,0,1257,8
2020-09-18,San Bernardino,071,2135413,52921,51106,337,51443,970
2020-09-18,San Diego,073,3302833,45832,44009,826,44835,757
2020-09-18,San Francisco,075,870044,11000,10644,26,10670,95
2020-09-18,San Joaquin,077,732212,19927,19531,46,19577,423
2020-09-18,San Luis Obispo,079,281455,3568,3328,19,3347,27
2020-09-18,San Mateo,081,765935,9875,9062,8,9070,127
2020-09-18,Santa Barbara,083,443738,9811,8824,75,8899,107
2020-09-18,Santa Clara,085,1922200,21438,20058,36,20094,252
2020-09-18,Santa Cruz,087,273765,2316,2180,25,2205,8
2020-09-18,Shasta,089,179085,841,668,3,671,14
2020-09-18,Sierra,091,2930,6,6,0,6,0
2020-09-18,Siskiyou,093,43540,154,146,10,156,0
2020-09-18,Solano,095,438530,6166,5961,41,6002,46
2020-09-18,Sonoma,097,501317,7202,6856,19,6875,114
2020-09-18,Stanislaus,099,539301,16349,16042,490,16532,277
2020-09-18,Sutter,101,95872,1652,1586,1,1587,10
2020-09-18,Tehama,103,63373,529,490,2,492,2
2020-09-18,Trinity,105,12862,54,15,7,22,0
2020-09-18,Tulare,107,460477,15988,15435,104,15539,259
2020-09-18,Tuolumne,109,53932,229,216,3,219,1
2020-09-18,Ventura,111,848112,12967,12236,146,12382,133
2020-09-18,Yolo,113,214977,2776,2732,6,2738,54
2020-09-18,Yuba,115,75493,1050,1020,5,1025,1
2020-09-17,Alameda,001,1643700,20897,20146,161,20307,339
2020-09-17,Alpine,003,1148,2,2,0,2,0
2020-09-17,Amador,005,37829,287,284,0,284,16
2020-09-17,Butte,007,227075,2855,2720,24,2744,38
2020-09-17,Calaveras,009,45235,302,254,0,254,9
2020-09-17,Colusa,011,21464,524,499,0,499,6
2020-09-17,Contra Costa,013,1133247,16473,15576,78,15654,184
2020-09-17,Del Norte,015,27424,133,131,0,131,2
2020-09-17,El Dorado,017,186661,1112,1057,0,1057,4
2020-09-17,Fresno,019,978130,30021,27487,362,27849,355
2020-09-17,Glenn,021,27897,565,541,0,541,3
2020-09-17,Humboldt,023,135768,483,466,1,467,5
2020-09-17,Imperial,025,180216,11671,10436,9,10445,281
2020-09-17,Inyo,027,18085,187,176,4,180,12
2020-09-17,Kern,029,883053,31531,30627,294,30921,372
2020-09-17,Kings,031,150075,7510,7015,40,7055,72
2020-09-17,Lake,033,64148,529,433,0,433,8
2020-09-17,Lassen,035,31185,740,731,2,733,0
2020-09-17,Los Angeles,037,10098052,261283,257246,1693,258939,6318
2020-09-17,Madera,039,155013,4425,4152,29,4181,45
2020-09-17,Marin,041,260295,6598,6457,15,6472,81
2020-09-17,Mariposa,043,17540,75,74,0,74,2
2020-09-17,Mendocino,045,87422,812,737,0,737,18
2020-09-17,Merced,047,269075,8763,8671,15,8686,119
2020-09-17,Modoc,049,8938,27,22,0,22,0
2020-09-17,Mono,051,14174,165,147,2,149,1
2020-09-17,Monterey,053,433212,9489,9113,25,9138,62
2020-09-17,Napa,055,140530,1672,1592,8,1600,11
2020-09-17,Nevada,057,99092,528,494,15,509,6
2020-09-17,Orange,059,3164182,53455,50537,1386,51923,1098
2020-09-17,Placer,061,380077,3535,3368,14,3382,40
2020-09-17,Plumas,063,18699,49,45,0,45,0
2020-09-17,Riverside,065,2383286,57509,56007,136,56143,1134
2020-09-17,Sacramento,067,1510023,21630,20895,23,20918,385
2020-09-17,San Benito,069,59416,1304,1252,0,1252,8
2020-09-17,San Bernardino,071,2135413,52720,50770,337,51107,904
2020-09-17,San Diego,073,3302833,45552,43621,814,44435,754
2020-09-17,San Francisco,075,870044,10905,10564,26,10590,95
2020-09-17,San Joaquin,077,732212,19868,19439,46,19485,416
2020-09-17,San Luis Obispo,079,281455,3540,3299,19,3318,27
2020-09-17,San Mateo,081,765935,9833,8984,8,8992,127
2020-09-17,Santa Barbara,083,443738,9787,8779,75,8854,107
2020-09-17,Santa Clara,085,1922200,21321,19825,36,19861,254
2020-09-17,Santa Cruz,087,273765,2300,2155,25,2180,7
2020-09-17,Shasta,089,179085,802,660,3,663,12
2020-09-17,Sierra,091,2930,6,6,0,6,0
2020-09-17,Siskiyou,093,43540,154,146,10,156,0
2020-09-17,Solano,095,438530,6143,5915,41,5956,44
2020-09-17,Sonoma,097,501317,7138,6754,19,6773,114
2020-09-17,Stanislaus,099,539301,16316,15984,486,16470,277
2020-09-17,Sutter,101,95872,1647,1572,1,1573,10
2020-09-17,Tehama,103,63373,515,487,2,489,2
2020-09-17,Trinity,105,12862,54,15,7,22,0
2020-09-17,Tulare,107,460477,15935,15344,102,15446,258
2020-09-17,Tuolumne,109,53932,228,214,3,217,1
2020-09-17,Ventura,111,848112,12880,12167,142,12309,130
2020-09-17,Yolo,113,214977,2767,2724,6,2730,53
2020-09-17,Yuba,115,75493,1046,1015,5,1020,1
2020-09-16,Alameda,001,1643700,20799,20009,159,20168,333
2020-09-16,Alpine,003,1148,2,2,0,2,0
2020-09-16,Amador,005,37829,287,284,0,284,16
2020-09-16,Butte,007,227075,2845,2704,24,2728,38
2020-09-16,Calaveras,009,45235,302,254,0,254,9
2020-09-16,Colusa,011,21464,522,497,0,497,6
2020-09-16,Contra Costa,013,1133247,16387,15473,78,15551,183
2020-09-16,Del Norte,015,27424,133,131,0,131,2
2020-09-16,El Dorado,017,186661,1104,1049,0,1049,4
2020-09-16,Fresno,019,978130,29915,27381,360,27741,343
2020-09-16,Glenn,021,27897,563,539,0,539,3
2020-09-16,Humboldt,023,135768,482,455,1,456,4
2020-09-16,Imperial,025,180216,11648,10401,9,10410,277
2020-09-16,Inyo,027,18085,186,176,4,180,12
2020-09-16,Kern,029,883053,31471,30570,293,30863,371
2020-09-16,Kings,031,150075,7485,7002,38,7040,71
2020-09-16,Lake,033,64148,518,417,0,417,6
2020-09-16,Lassen,035,31185,739,730,2,732,0
2020-09-16,Los Angeles,037,10098052,260289,256101,1675,257776,6299
2020-09-16,Madera,039,155013,4402,4138,29,4167,45
2020-09-16,Marin,041,260295,6570,6430,15,6445,77
2020-09-16,Mariposa,043,17540,75,74,0,74,2
2020-09-16,Mendocino,045,87422,803,727,0,727,18
2020-09-16,Merced,047,269075,8742,8646,15,8661,118
2020-09-16,Modoc,049,8938,27,22,0,22,0
2020-09-16,Mono,051,14174,165,147,2,149,1
2020-09-16,Monterey,053,433212,9435,8997,25,9022,62
2020-09-16,Napa,055,140530,1658,1587,8,1595,11
2020-09-16,Nevada,057,99092,523,495,14,509,6
2020-09-16,Orange,059,3164182,53255,50414,1377,51791,1096
2020-09-16,Placer,061,380077,3517,3351,14,3365,39
2020-09-16,Plumas,063,18699,49,45,0,45,0
2020-09-16,Riverside,065,2383286,57313,55811,128,55939,1127
2020-09-16,Sacramento,067,1510023,21535,20610,23,20633,377
2020-09-16,San Benito,069,59416,1296,1244,0,1244,8
2020-09-16,San Bernardino,071,2135413,52494,50509,336,50845,907
2020-09-16,San Diego,073,3302833,45260,43447,793,44240,748
2020-09-16,San Francisco,075,870044,10858,10502,26,10528,90
2020-09-16,San Joaquin,077,732212,19814,19377,45,19422,409
2020-09-16,San Luis Obispo,079,281455,3510,3285,19,3304,28
2020-09-16,San Mateo,081,765935,9768,8944,8,8952,127
2020-09-16,Santa Barbara,083,443738,9755,8764,75,8839,107
2020-09-16,Santa Clara,085,1922200,21202,19684,36,19720,253
2020-09-16,Santa Cruz,087,273765,2259,2089,24,2113,7
2020-09-16,Shasta,089,179085,776,635,3,638,11
2020-09-16,Sierra,091,2930,6,6,0,6,0
2020-09-16,Siskiyou,093,43540,153,145,10,155,0
2020-09-16,Solano,095,438530,6113,5899,41,5940,44
2020-09-16,Sonoma,097,501317,7077,6731,19,6750,104
2020-09-16,Stanislaus,099,539301,16268,15897,478,16375,263
2020-09-16,Sutter,101,95872,1634,1567,1,1568,10
2020-09-16,Tehama,103,63373,507,485,2,487,2
2020-09-16,Trinity,105,12862,54,15,7,22,0
2020-09-16,Tulare,107,460477,15892,15314,95,15409,258
2020-09-16,Tuolumne,109,53932,227,210,3,213,1
2020-09-16,Ventura,111,848112,12809,12073,140,12213,130
2020-09-16,Yolo,113,214977,2760,2709,6,2715,53
2020-09-16,Yuba,115,75493,1044,1000,5,1005,1
2020-09-15,Alameda,001,1643700,20692,19931,156,20087,327
2020-09-15,Alpine,003,1148,2,2,0,2,0
2020-09-15,Amador,005,37829,286,282,0,282,16
2020-09-15,Butte,007,227075,2832,2695,22,2717,38
2020-09-15,Calaveras,009,45235,302,248,0,248,5
2020-09-15,Colusa,011,21464,516,497,0,497,6
2020-09-15,Contra Costa,013,1133247,16284,15423,77,15500,180
2020-09-15,Del Norte,015,27424,133,129,0,129,2
2020-09-15,El Dorado,017,186661,1099,1046,0,1046,4
2020-09-15,Fresno,019,978130,29808,27312,355,27667,343
2020-09-15,Glenn,021,27897,562,531,0,531,3
2020-09-15,Humboldt,023,135768,480,456,1,457,4
2020-09-15,Imperial,025,180216,11623,10376,9,10385,277
2020-09-15,Inyo,027,18085,186,176,4,180,12
2020-09-15,Kern,029,883053,31358,30429,290,30719,368
2020-09-15,Kings,031,150075,7327,6977,38,7015,70
2020-09-15,Lake,033,64148,504,416,0,416,4
2020-09-15,Lassen,035,31185,735,719,2,721,0
2020-09-15,Los Angeles,037,10098052,259176,255048,1653,256701,6269
2020-09-15,Madera,039,155013,4383,4122,29,4151,45
2020-09-15,Marin,041,260295,6539,6423,15,6438,77
2020-09-15,Mariposa,043,17540,75,74,0,74,2
2020-09-15,Mendocino,045,87422,785,724,0,724,18
2020-09-15,Merced,047,269075,8712,8633,15,8648,114
2020-09-15,Modoc,049,8938,26,21,0,21,0
2020-09-15,Mono,051,14174,165,147,2,149,1
2020-09-15,Monterey,053,433212,9386,8943,25,8968,62
2020-09-15,Napa,055,140530,1644,1580,8,1588,11
2020-09-15,Nevada,057,99092,518,494,14,508,6
2020-09-15,Orange,059,3164182,53072,50294,1362,51656,1088
2020-09-15,Placer,061,380077,3493,3331,14,3345,38
2020-09-15,Plumas,063,18699,49,44,0,44,0
2020-09-15,Riverside,065,2383286,57019,55569,118,55687,1118
2020-09-15,Sacramento,067,1510023,21392,20487,23,20510,372
2020-09-15,San Benito,069,59416,1289,1237,0,1237,7
2020-09-15,San Bernardino,071,2135413,52278,50333,335,50668,904
2020-09-15,San Diego,073,3302833,44941,43183,773,43956,742
2020-09-15,San Francisco,075,870044,10800,10414,26,10440,90
2020-09-15,San Joaquin,077,732212,19762,19313,45,19358,401
2020-09-15,San Luis Obispo,079,281455,3490,3262,19,3281,28
2020-09-15,San Mateo,081,765935,9698,8895,8,8903,127
2020-09-15,Santa Barbara,083,443738,9730,8724,74,8798,104
2020-09-15,Santa Clara,085,1922200,21066,19610,36,19646,252
2020-09-15,Santa Cruz,087,273765,2233,2079,23,2102,7
2020-09-15,Shasta,089,179085,764,627,3,630,11
2020-09-15,Sierra,091,2930,6,6,0,6,0
2020-09-15,Siskiyou,093,43540,153,143,10,153,0
2020-09-15,Solano,095,438530,6079,5878,41,5919,45
2020-09-15,Sonoma,097,501317,7038,6701,19,6720,104
2020-09-15,Stanislaus,099,539301,16220,15880,476,16356,260
2020-09-15,Sutter,101,95872,1622,1556,1,1557,10
2020-09-15,Tehama,103,63373,495,484,2,486,2
2020-09-15,Trinity,105,12862,54,15,7,22,0
2020-09-15,Tulare,107,460477,15815,15203,93,15296,254
2020-09-15,Tuolumne,109,53932,227,209,3,212,1
2020-09-15,Ventura,111,848112,12756,11932,139,12071,128
2020-09-15,Yolo,113,214977,2756,2708,6,2714,53
2020-09-15,Yuba,115,75493,1038,991,4,995,1
2020-09-14,Alameda,001,1643700,20565,19851,155,20006,306
2020-09-14,Alpine,003,1148,2,2,0,2,0
2020-09-14,Amador,005,37829,284,281,0,281,16
2020-09-14,Butte,007,227075,2815,2642,22,2664,37
2020-09-14,Calaveras,009,45235,302,244,0,244,3
2020-09-14,Colusa,011,21464,515,486,0,486,6
2020-09-14,Contra Costa,013,1133247,16160,15354,76,15430,174
2020-09-14,Del Norte,015,27424,130,116,0,116,2
2020-09-14,El Dorado,017,186661,1095,1039,0,1039,3
2020-09-14,Fresno,019,978130,29722,27232,352,27584,344
2020-09-14,Glenn,021,27897,554,521,0,521,3
2020-09-14,Humboldt,023,135768,477,437,1,438,4
2020-09-14,Imperial,025,180216,11603,10340,9,10349,273
2020-09-14,Inyo,027,18085,186,176,4,180,12
2020-09-14,Kern,029,883053,31270,30344,289,30633,368
2020-09-14,Kings,031,150075,7245,6950,38,6988,70
2020-09-14,Lake,033,64148,484,407,0,407,4
2020-09-14,Lassen,035,31185,735,719,2,721,0
2020-09-14,Los Angeles,037,10098052,258143,254622,1628,256250,6226
2020-09-14,Madera,039,155013,4369,4104,29,4133,45
2020-09-14,Marin,041,260295,6518,6409,15,6424,70
2020-09-14,Mariposa,043,17540,75,74,0,74,2
2020-09-14,Mendocino,045,87422,768,710,0,710,17
2020-09-14,Merced,047,269075,8693,8593,15,8608,112
2020-09-14,Modoc,049,8938,26,21,0,21,0
2020-09-14,Mono,051,14174,165,147,2,149,1
2020-09-14,Monterey,053,433212,9315,8845,24,8869,61
2020-09-14,Napa,055,140530,1627,1576,8,1584,11
2020-09-14,Nevada,057,99092,513,489,14,503,6
2020-09-14,Orange,059,3164182,52910,50149,1346,51495,1079
2020-09-14,Placer,061,380077,3472,3302,14,3316,38
2020-09-14,Plumas,063,18699,48,42,0,42,0
2020-09-14,Riverside,065,2383286,56800,55488,113,55601,1113
2020-09-14,Sacramento,067,1510023,21197,20377,22,20399,367
2020-09-14,San Benito,069,59416,1274,1233,0,1233,7
2020-09-14,San Bernardino,071,2135413,52054,50163,334,50497,895
2020-09-14,San Diego,073,3302833,44630,42889,753,43642,734
2020-09-14,San Francisco,075,870044,10733,10255,24,10279,90
2020-09-14,San Joaquin,077,732212,19688,19111,44,19155,397
2020-09-14,San Luis Obispo,079,281455,3465,3248,19,3267,25
2020-09-14,San Mateo,081,765935,9636,8847,8,8855,127
2020-09-14,Santa Barbara,083,443738,9704,8692,74,8766,104
2020-09-14,Santa Clara,085,1922200,20877,19545,36,19581,247
2020-09-14,Santa Cruz,087,273765,2212,2016,22,2038,7
2020-09-14,Shasta,089,179085,741,584,3,587,10
2020-09-14,Sierra,091,2930,6,6,0,6,0
2020-09-14,Siskiyou,093,43540,152,143,10,153,0
2020-09-14,Solano,095,438530,6044,5834,41,5875,44
2020-09-14,Sonoma,097,501317,6975,6630,19,6649,102
2020-09-14,Stanislaus,099,539301,16175,15812,473,16285,253
2020-09-14,Sutter,101,95872,1611,1549,1,1550,10
2020-09-14,Tehama,103,63373,493,475,2,477,1
2020-09-14,Trinity,105,12862,53,14,7,21,0
2020-09-14,Tulare,107,460477,15745,15096,87,15183,254
2020-09-14,Tuolumne,109,53932,226,208,3,211,1
2020-09-14,Ventura,111,848112,12654,11903,136,12039,125
2020-09-14,Yolo,113,214977,2745,2687,6,2693,53
2020-09-14,Yuba,115,75493,1030,977,4,981,1
2020-09-13,Alameda,001,1643700,20459,19815,152,19967,306
2020-09-13,Alpine,003,1148,2,2,0,2,0
2020-09-13,Amador,005,37829,281,279,0,279,16
2020-09-13,Butte,007,227075,2793,2640,22,2662,37
2020-09-13,Calaveras,009,45235,301,246,0,246,3
2020-09-13,Colusa,011,21464,511,486,0,486,6
2020-09-13,Contra Costa,013,1133247,16052,15284,76,15360,172
2020-09-13,Del Norte,015,27424,127,116,0,116,1
2020-09-13,El Dorado,017,186661,1090,1035,0,1035,2
2020-09-13,Fresno,019,978130,29615,27196,343,27539,345
2020-09-13,Glenn,021,27897,550,517,0,517,3
2020-09-13,Humboldt,023,135768,477,434,1,435,4
2020-09-13,Imperial,025,180216,11566,10304,8,10312,273
2020-09-13,Inyo,027,18085,186,176,4,180,12
2020-09-13,Kern,029,883053,31177,30277,282,30559,368
2020-09-13,Kings,031,150075,7226,6937,38,6975,70
2020-09-13,Lake,033,64148,465,397,0,397,4
2020-09-13,Lassen,035,31185,732,719,2,721,0
2020-09-13,Los Angeles,037,10098052,256995,253950,1612,255562,6203
2020-09-13,Madera,039,155013,4312,4090,29,4119,45
2020-09-13,Marin,041,260295,6497,6395,15,6410,70
2020-09-13,Mariposa,043,17540,75,74,0,74,2
2020-09-13,Mendocino,045,87422,761,707,0,707,17
2020-09-13,Merced,047,269075,8659,8575,15,8590,112
2020-09-13,Modoc,049,8938,26,21,0,21,0
2020-09-13,Mono,051,14174,165,147,2,149,1
2020-09-13,Monterey,053,433212,9233,8826,23,8849,61
2020-09-13,Napa,055,140530,1620,1563,8,1571,11
2020-09-13,Nevada,057,99092,505,486,14,500,6
2020-09-13,Orange,059,3164182,52694,50061,1339,51400,1075
2020-09-13,Placer,061,380077,3442,3291,14,3305,38
2020-09-13,Plumas,063,18699,48,42,0,42,0
2020-09-13,Riverside,065,2383286,56591,55235,102,55337,1108
2020-09-13,Sacramento,067,1510023,20851,20279,22,20301,367
2020-09-13,San Benito,069,59416,1266,1217,0,1217,7
2020-09-13,San Bernardino,071,2135413,51769,49968,332,50300,895
2020-09-13,San Diego,073,3302833,44304,42681,719,43400,734
2020-09-13,San Francisco,075,870044,10655,10254,24,10278,90
2020-09-13,San Joaquin,077,732212,19616,19110,43,19153,396
2020-09-13,San Luis Obispo,079,281455,3429,3240,19,3259,24
2020-09-13,San Mateo,081,765935,9575,8811,8,8819,127
2020-09-13,Santa Barbara,083,443738,9667,8690,74,8764,104
2020-09-13,Santa Clara,085,1922200,20742,19456,35,19491,245
2020-09-13,Santa Cruz,087,273765,2179,2016,20,2036,7
2020-09-13,Shasta,089,179085,729,583,3,586,10
2020-09-13,Sierra,091,2930,6,6,0,6,0
2020-09-13,Siskiyou,093,43540,152,143,9,152,0
2020-09-13,Solano,095,438530,5998,5810,41,5851,43
2020-09-13,Sonoma,097,501317,6910,6592,19,6611,95
2020-09-13,Stanislaus,099,539301,16112,15759,461,16220,253
2020-09-13,Sutter,101,95872,1598,1539,1,1540,10
2020-09-13,Tehama,103,63373,489,476,2,478,1
2020-09-13,Trinity,105,12862,53,14,7,21,0
2020-09-13,Tulare,107,460477,15674,15098,86,15184,254
2020-09-13,Tuolumne,109,53932,223,208,3,211,1
2020-09-13,Ventura,111,848112,12546,11855,135,11990,123
2020-09-13,Yolo,113,214977,2733,2675,6,2681,53
2020-09-13,Yuba,115,75493,1025,967,4,971,1
2020-09-12,Alameda,001,1643700,20400,19758,152,19910,307
2020-09-12,Alpine,003,1148,2,2,0,2,0
2020-09-12,Amador,005,37829,280,278,0,278,16
2020-09-12,Butte,007,227075,2786,2629,21,2650,37
2020-09-12,Calaveras,009,45235,299,246,0,246,3
2020-09-12,Colusa,011,21464,507,486,0,486,6
2020-09-12,Contra Costa,013,1133247,15977,15135,75,15210,174
2020-09-12,Del Norte,015,27424,126,116,0,116,1
2020-09-12,El Dorado,017,186661,1083,1034,0,1034,2
2020-09-12,Fresno,019,978130,29544,27076,343,27419,345
2020-09-12,Glenn,021,27897,549,517,0,517,3
2020-09-12,Humboldt,023,135768,476,430,1,431,4
2020-09-12,Imperial,025,180216,11554,10305,8,10313,273
2020-09-12,Inyo,027,18085,186,177,4,181,12
2020-09-12,Kern,029,883053,31111,30202,282,30484,368
2020-09-12,Kings,031,150075,7216,6895,38,6933,70
2020-09-12,Lake,033,64148,459,393,0,393,4
2020-09-12,Lassen,035,31185,732,719,2,721,0
2020-09-12,Los Angeles,037,10098052,256436,253156,1591,254747,6193
2020-09-12,Madera,039,155013,4301,4058,29,4087,43
2020-09-12,Marin,041,260295,6488,6393,15,6408,69
2020-09-12,Mariposa,043,17540,75,72,0,72,2
2020-09-12,Mendocino,045,87422,758,700,0,700,17
2020-09-12,Merced,047,269075,8650,8533,15,8548,112
2020-09-12,Modoc,049,8938,25,21,0,21,0
2020-09-12,Mono,051,14174,165,147,2,149,1
2020-09-12,Monterey,053,433212,9197,8743,23,8766,61
2020-09-12,Napa,055,140530,1617,1556,8,1564,11
2020-09-12,Nevada,057,99092,504,482,14,496,6
2020-09-12,Orange,059,3164182,52580,49895,1336,51231,1078
2020-09-12,Placer,061,380077,3425,3280,14,3294,38
2020-09-12,Plumas,063,18699,48,42,0,42,0
2020-09-12,Riverside,065,2383286,56463,55058,98,55156,1108
2020-09-12,Sacramento,067,1510023,20782,20184,22,20206,367
2020-09-12,San Benito,069,59416,1263,1208,0,1208,7
2020-09-12,San Bernardino,071,2135413,51678,49945,330,50275,896
2020-09-12,San Diego,073,3302833,44110,42416,710,43126,747
2020-09-12,San Francisco,075,870044,10610,10257,24,10281,90
2020-09-12,San Joaquin,077,732212,19588,19108,43,19151,396
2020-09-12,San Luis Obispo,079,281455,3403,3220,19,3239,24
2020-09-12,San Mateo,081,765935,9530,8759,8,8767,127
2020-09-12,Santa Barbara,083,443738,9652,8642,74,8716,104
2020-09-12,Santa Clara,085,1922200,20658,19330,35,19365,237
2020-09-12,Santa Cruz,087,273765,2167,2016,20,2036,7
2020-09-12,Shasta,089,179085,717,569,3,572,10
2020-09-12,Sierra,091,2930,6,6,0,6,0
2020-09-12,Siskiyou,093,43540,152,141,9,150,0
2020-09-12,Solano,095,438530,5974,5772,41,5813,43
2020-09-12,Sonoma,097,501317,6886,6531,19,6550,95
2020-09-12,Stanislaus,099,539301,16080,15675,458,16133,253
2020-09-12,Sutter,101,95872,1592,1529,1,1530,10
2020-09-12,Tehama,103,63373,486,471,2,473,1
2020-09-12,Trinity,105,12862,53,15,7,22,0
2020-09-12,Tulare,107,460477,15628,15018,85,15103,254
2020-09-12,Tuolumne,109,53932,223,208,3,211,1
2020-09-12,Ventura,111,848112,12495,11759,133,11892,123
2020-09-12,Yolo,113,214977,2726,2646,6,2652,53
2020-09-12,Yuba,115,75493,1021,963,4,967,1
2020-09-11,Alameda,001,1643700,20345,19625,151,19776,298
2020-09-11,Alpine,003,1148,2,2,0,2,0
2020-09-11,Amador,005,37829,280,277,0,277,16
2020-09-11,Butte,007,227075,2775,2605,21,2626,37
2020-09-11,Calaveras,009,45235,298,242,0,242,1
2020-09-11,Colusa,011,21464,506,484,0,484,6
2020-09-11,Contra Costa,013,1133247,15925,15001,72,15073,173
2020-09-11,Del Norte,015,27424,126,115,0,115,1
2020-09-11,El Dorado,017,186661,1080,1024,0,1024,2
2020-09-11,Fresno,019,978130,29464,26917,342,27259,344
2020-09-11,Glenn,021,27897,544,515,0,515,3
2020-09-11,Humboldt,023,135768,474,426,1,427,4
2020-09-11,Imperial,025,180216,11536,10286,8,10294,273
2020-09-11,Inyo,027,18085,186,176,4,180,12
2020-09-11,Kern,029,883053,31043,30059,281,30340,365
2020-09-11,Kings,031,150075,7199,6770,38,6808,70
2020-09-11,Lake,033,64148,452,382,0,382,4
2020-09-11,Lassen,035,31185,732,719,2,721,0
2020-09-11,Los Angeles,037,10098052,255755,252057,1580,253637,6172
2020-09-11,Madera,039,155013,4282,4018,29,4047,43
2020-09-11,Marin,041,260295,6485,6364,15,6379,69
2020-09-11,Mariposa,043,17540,75,72,0,72,2
2020-09-11,Mendocino,045,87422,747,700,0,700,17
2020-09-11,Merced,047,269075,8629,8489,15,8504,109
2020-09-11,Modoc,049,8938,25,21,0,21,0
2020-09-11,Mono,051,14174,165,145,2,147,1
2020-09-11,Monterey,053,433212,9149,8595,23,8618,61
2020-09-11,Napa,055,140530,1606,1543,8,1551,11
2020-09-11,Nevada,057,99092,497,483,14,497,6
2020-09-11,Orange,059,3164182,52451,49755,1324,51079,1068
2020-09-11,Placer,061,380077,3410,3254,14,3268,37
2020-09-11,Plumas,063,18699,48,42,0,42,0
2020-09-11,Riverside,065,2383286,56330,54717,95,54812,1099
2020-09-11,Sacramento,067,1510023,20697,20012,22,20034,358
2020-09-11,San Benito,069,59416,1253,1202,0,1202,7
2020-09-11,San Bernardino,071,2135413,51578,49682,330,50012,871
2020-09-11,San Diego,073,3302833,43890,41971,704,42675,730
2020-09-11,San Francisco,075,870044,10562,10133,23,10156,89
2020-09-11,San Joaquin,077,732212,19540,19019,43,19062,391
2020-09-11,San Luis Obispo,079,281455,3385,3190,19,3209,24
2020-09-11,San Mateo,081,765935,9488,8611,8,8619,127
2020-09-11,Santa Barbara,083,443738,9618,8592,73,8665,103
2020-09-11,Santa Clara,085,1922200,20569,19065,35,19100,234
2020-09-11,Santa Cruz,087,273765,2150,1997,20,2017,7
2020-09-11,Shasta,089,179085,707,568,3,571,10
2020-09-11,Sierra,091,2930,6,6,0,6,0
2020-09-11,Siskiyou,093,43540,151,139,9,148,0
2020-09-11,Solano,095,438530,5957,5742,41,5783,42
2020-09-11,Sonoma,097,501317,6841,6469,19,6488,91
2020-09-11,Stanislaus,099,539301,16042,15613,455,16068,253
2020-09-11,Sutter,101,95872,1582,1505,1,1506,11
2020-09-11,Tehama,103,63373,483,466,2,468,1
2020-09-11,Trinity,105,12862,53,16,7,23,0
2020-09-11,Tulare,107,460477,15597,14932,83,15015,251
2020-09-11,Tuolumne,109,53932,223,208,3,211,1
2020-09-11,Ventura,111,848112,12441,11700,131,11831,123
2020-09-11,Yolo,113,214977,2715,2632,6,2638,53
2020-09-11,Yuba,115,75493,1013,946,4,950,1
2020-09-10,Alameda,001,1643700,20271,19509,151,19660,292
2020-09-10,Alpine,003,1148,2,2,0,2,0
2020-09-10,Amador,005,37829,279,277,0,277,16
2020-09-10,Butte,007,227075,2758,2590,21,2611,37
2020-09-10,Calaveras,009,45235,298,244,0,244,1
2020-09-10,Colusa,011,21464,504,482,0,482,6
2020-09-10,Contra Costa,013,1133247,15855,14909,72,14981,172
2020-09-10,Del Norte,015,27424,125,112,0,112,1
2020-09-10,El Dorado,017,186661,1077,1020,0,1020,2
2020-09-10,Fresno,019,978130,29342,26783,342,27125,338
2020-09-10,Glenn,021,27897,534,511,0,511,3
2020-09-10,Humboldt,023,135768,463,422,1,423,4
2020-09-10,Imperial,025,180216,11520,10251,8,10259,270
2020-09-10,Inyo,027,18085,185,176,4,180,11
2020-09-10,Kern,029,883053,30961,29988,277,30265,363
2020-09-10,Kings,031,150075,7169,6739,38,6777,70
2020-09-10,Lake,033,64148,445,377,0,377,4
2020-09-10,Lassen,035,31185,731,716,2,718,0
2020-09-10,Los Angeles,037,10098052,254775,251003,1558,252561,6132
2020-09-10,Madera,039,155013,4264,3979,29,4008,43
2020-09-10,Marin,041,260295,6473,6344,15,6359,68
2020-09-10,Mariposa,043,17540,75,72,0,72,2
2020-09-10,Mendocino,045,87422,737,697,0,697,16
2020-09-10,Merced,047,269075,8583,8461,15,8476,109
2020-09-10,Modoc,049,8938,25,21,0,21,0
2020-09-10,Mono,051,14174,165,145,2,147,1
2020-09-10,Monterey,053,433212,9079,8570,23,8593,59
2020-09-10,Napa,055,140530,1600,1536,8,1544,11
2020-09-10,Nevada,057,99092,493,478,14,492,6
2020-09-10,Orange,059,3164182,52287,49617,1318,50935,1057
2020-09-10,Placer,061,380077,3391,3233,14,3247,37
2020-09-10,Plumas,063,18699,48,42,0,42,0
2020-09-10,Riverside,065,2383286,56012,54417,92,54509,1091
2020-09-10,Sacramento,067,1510023,20575,19618,21,19639,354
2020-09-10,San Benito,069,59416,1247,1201,0,1201,5
2020-09-10,San Bernardino,071,2135413,51389,49467,328,49795,867
2020-09-10,San Diego,073,3302833,43624,41610,677,42287,725
2020-09-10,San Francisco,075,870044,10485,10082,23,10105,89
2020-09-10,San Joaquin,077,732212,19487,18854,43,18897,389
2020-09-10,San Luis Obispo,079,281455,3372,3161,19,3180,24
2020-09-10,San Mateo,081,765935,9442,8529,8,8537,125
2020-09-10,Santa Barbara,083,443738,9574,8552,73,8625,100
2020-09-10,Santa Clara,085,1922200,20455,18870,35,18905,231
2020-09-10,Santa Cruz,087,273765,2135,1986,18,2004,7
2020-09-10,Shasta,089,179085,696,566,3,569,10
2020-09-10,Sierra,091,2930,6,6,0,6,0
2020-09-10,Siskiyou,093,43540,151,137,9,146,0
2020-09-10,Solano,095,438530,5917,5696,41,5737,42
2020-09-10,Sonoma,097,501317,6792,6424,19,6443,91
2020-09-10,Stanislaus,099,539301,15988,15509,450,15959,243
2020-09-10,Sutter,101,95872,1570,1494,1,1495,11
2020-09-10,Tehama,103,63373,476,466,2,468,1
2020-09-10,Trinity,105,12862,53,15,7,22,0
2020-09-10,Tulare,107,460477,15542,14860,80,14940,250
2020-09-10,Tuolumne,109,53932,222,205,3,208,1
2020-09-10,Ventura,111,848112,12347,11600,124,11724,122
2020-09-10,Yolo,113,214977,2710,2612,6,2618,53
2020-09-10,Yuba,115,75493,1007,941,4,945,1
2020-09-09,Alameda,001,1643700,20192,19399,150,19549,289
2020-09-09,Alpine,003,1148,2,2,0,2,0
2020-09-09,Amador,005,37829,278,276,0,276,16
2020-09-09,Butte,007,227075,2741,2561,21,2582,37
2020-09-09,Calaveras,009,45235,298,242,0,242,1
2020-09-09,Colusa,011,21464,499,479,0,479,6
2020-09-09,Contra Costa,013,1133247,15769,14816,72,14888,171
2020-09-09,Del Norte,015,27424,121,109,0,109,1
2020-09-09,El Dorado,017,186661,1074,1020,0,1020,2
2020-09-09,Fresno,019,978130,29239,26724,337,27061,329
2020-09-09,Glenn,021,27897,531,508,0,508,3
2020-09-09,Humboldt,023,135768,461,420,1,421,4
2020-09-09,Imperial,025,180216,11499,10233,8,10241,268
2020-09-09,Inyo,027,18085,184,173,4,177,2
2020-09-09,Kern,029,883053,30863,29925,274,30199,355
2020-09-09,Kings,031,150075,7151,6721,38,6759,72
2020-09-09,Lake,033,64148,437,371,0,371,4
2020-09-09,Lassen,035,31185,730,714,2,716,0
2020-09-09,Los Angeles,037,10098052,253894,249876,1539,251415,6091
2020-09-09,Madera,039,155013,4238,3926,29,3955,43
2020-09-09,Marin,041,260295,6454,6321,15,6336,68
2020-09-09,Mariposa,043,17540,74,72,0,72,2
2020-09-09,Mendocino,045,87422,729,695,0,695,16
2020-09-09,Merced,047,269075,8557,8441,15,8456,107
2020-09-09,Modoc,049,8938,24,20,0,20,0
2020-09-09,Mono,051,14174,165,145,2,147,1
2020-09-09,Monterey,053,433212,9007,8527,23,8550,59
2020-09-09,Napa,055,140530,1590,1531,8,1539,11
2020-09-09,Nevada,057,99092,489,476,14,490,6
2020-09-09,Orange,059,3164182,52107,49394,1310,50704,1054
2020-09-09,Placer,061,380077,3371,3222,14,3236,36
2020-09-09,Plumas,063,18699,46,42,0,42,0
2020-09-09,Riverside,065,2383286,55782,54320,89,54409,1081
2020-09-09,Sacramento,067,1510023,20469,19474,20,19494,347
2020-09-09,San Benito,069,59416,1243,1199,0,1199,5
2020-09-09,San Bernardino,071,2135413,51191,49264,327,49591,866
2020-09-09,San Diego,073,3302833,43335,41326,665,41991,721
2020-09-09,San Francisco,075,870044,10435,9996,22,10018,86
2020-09-09,San Joaquin,077,732212,19423,18799,42,18841,388
2020-09-09,San Luis Obispo,079,281455,3354,3131,19,3150,24
2020-09-09,San Mateo,081,765935,9381,8478,8,8486,125
2020-09-09,Santa Barbara,083,443738,9531,8528,73,8601,97
2020-09-09,Santa Clara,085,1922200,20323,18759,35,18794,228
2020-09-09,Santa Cruz,087,273765,2112,1967,18,1985,7
2020-09-09,Shasta,089,179085,684,562,3,565,10
2020-09-09,Sierra,091,2930,6,6,0,6,0
2020-09-09,Siskiyou,093,43540,149,137,9,146,0
2020-09-09,Solano,095,438530,5885,5680,41,5721,36
2020-09-09,Sonoma,097,501317,6725,6397,19,6416,92
2020-09-09,Stanislaus,099,539301,15949,15469,439,15908,243
2020-09-09,Sutter,101,95872,1562,1487,1,1488,11
2020-09-09,Tehama,103,63373,473,462,2,464,1
2020-09-09,Trinity,105,12862,53,14,7,21,0
2020-09-09,Tulare,107,460477,15493,14787,75,14862,249
2020-09-09,Tuolumne,109,53932,221,204,3,207,1
2020-09-09,Ventura,111,848112,12256,11497,121,11618,121
2020-09-09,Yolo,113,214977,2699,2604,6,2610,53
2020-09-09,Yuba,115,75493,1002,936,4,940,1
2020-09-08,Alameda,001,1643700,20084,19293,150,19443,288
2020-09-08,Alpine,003,1148,2,2,0,2,0
2020-09-08,Amador,005,37829,278,276,0,276,16
2020-09-08,Butte,007,227075,2723,2453,21,2474,36
2020-09-08,Calaveras,009,45235,296,233,0,233,1
2020-09-08,Colusa,011,21464,497,475,0,475,6
2020-09-08,Contra Costa,013,1133247,15641,14740,69,14809,171
2020-09-08,Del Norte,015,27424,121,109,0,109,2
2020-09-08,El Dorado,017,186661,1071,1011,0,1011,2
2020-09-08,Fresno,019,978130,29119,26640,332,26972,329
2020-09-08,Glenn,021,27897,527,492,0,492,3
2020-09-08,Humboldt,023,135768,459,420,1,421,4
2020-09-08,Imperial,025,180216,11483,10198,8,10206,267
2020-09-08,Inyo,027,18085,184,169,4,173,2
2020-09-08,Kern,029,883053,30777,29850,272,30122,351
2020-09-08,Kings,031,150075,7113,6658,38,6696,72
2020-09-08,Lake,033,64148,427,370,0,370,4
2020-09-08,Lassen,035,31185,730,710,2,712,0
2020-09-08,Los Angeles,037,10098052,252961,249217,1511,250728,6034
2020-09-08,Madera,039,155013,4214,3904,29,3933,43
2020-09-08,Marin,041,260295,6423,6313,15,6328,68
2020-09-08,Mariposa,043,17540,74,72,0,72,2
2020-09-08,Mendocino,045,87422,722,690,0,690,16
2020-09-08,Merced,047,269075,8534,8381,15,8396,104
2020-09-08,Modoc,049,8938,24,20,0,20,0
2020-09-08,Mono,051,14174,165,145,2,147,1
2020-09-08,Monterey,053,433212,8922,8491,23,8514,59
2020-09-08,Napa,055,140530,1586,1518,8,1526,11
2020-09-08,Nevada,057,99092,489,470,14,484,6
2020-09-08,Orange,059,3164182,51966,49214,1306,50520,1044
2020-09-08,Placer,061,380077,3357,3205,14,3219,36
2020-09-08,Plumas,063,18699,46,42,0,42,0
2020-09-08,Riverside,065,2383286,55569,54168,86,54254,1069
2020-09-08,Sacramento,067,1510023,20234,19411,19,19430,347
2020-09-08,San Benito,069,59416,1236,1188,0,1188,5
2020-09-08,San Bernardino,071,2135413,51002,49034,326,49360,856
2020-09-08,San Diego,073,3302833,43019,41079,653,41732,709
2020-09-08,San Francisco,075,870044,10362,9821,22,9843,86
2020-09-08,San Joaquin,077,732212,19345,18550,42,18592,388
2020-09-08,San Luis Obispo,079,281455,3340,3120,19,3139,23
2020-09-08,San Mateo,081,765935,9305,8460,8,8468,125
2020-09-08,Santa Barbara,083,443738,9497,8488,72,8560,96
2020-09-08,Santa Clara,085,1922200,20147,18645,35,18680,228
2020-09-08,Santa Cruz,087,273765,2084,1903,18,1921,7
2020-09-08,Shasta,089,179085,676,556,3,559,10
2020-09-08,Sierra,091,2930,6,6,0,6,0
2020-09-08,Siskiyou,093,43540,147,136,9,145,0
2020-09-08,Solano,095,438530,5848,5654,41,5695,36
2020-09-08,Sonoma,097,501317,6656,6356,19,6375,92
2020-09-08,Stanislaus,099,539301,15885,15415,427,15842,238
2020-09-08,Sutter,101,95872,1547,1473,1,1474,11
2020-09-08,Tehama,103,63373,469,458,2,460,1
2020-09-08,Trinity,105,12862,52,13,7,20,0
2020-09-08,Tulare,107,460477,15413,14635,74,14709,249
2020-09-08,Tuolumne,109,53932,220,197,3,200,1
2020-09-08,Ventura,111,848112,12187,11475,118,11593,118
2020-09-08,Yolo,113,214977,2689,2580,6,2586,53
2020-09-08,Yuba,115,75493,990,923,4,927,1
2020-09-07,Alameda,001,1643700,19962,19188,144,19332,281
2020-09-07,Alpine,003,1148,2,2,0,2,0
2020-09-07,Amador,005,37829,278,276,0,276,16
2020-09-07,Butte,007,227075,2690,2450,20,2470,30
2020-09-07,Calaveras,009,45235,286,234,0,234,1
2020-09-07,Colusa,011,21464,496,475,0,475,6
2020-09-07,Contra Costa,013,1133247,15528,14637,66,14703,172
2020-09-07,Del Norte,015,27424,121,109,0,109,2
2020-09-07,El Dorado,017,186661,1060,1011,0,1011,2
2020-09-07,Fresno,019,978130,29025,26565,329,26894,329
2020-09-07,Glenn,021,27897,522,488,0,488,3
2020-09-07,Humboldt,023,135768,450,416,1,417,4
2020-09-07,Imperial,025,180216,11452,10199,8,10207,267
2020-09-07,Inyo,027,18085,184,169,4,173,2
2020-09-07,Kern,029,883053,30656,29790,267,30057,348
2020-09-07,Kings,031,150075,6988,6630,38,6668,72
2020-09-07,Lake,033,64148,404,367,0,367,2
2020-09-07,Lassen,035,31185,730,709,2,711,0
2020-09-07,Los Angeles,037,10098052,251915,248804,1489,250293,6030
2020-09-07,Madera,039,155013,4183,3889,28,3917,43
2020-09-07,Marin,041,260295,6393,6296,15,6311,67
2020-09-07,Mariposa,043,17540,74,72,0,72,2
2020-09-07,Mendocino,045,87422,714,687,0,687,16
2020-09-07,Merced,047,269075,8487,8381,15,8396,104
2020-09-07,Modoc,049,8938,23,20,0,20,0
2020-09-07,Mono,051,14174,165,145,2,147,1
2020-09-07,Monterey,053,433212,8843,8463,23,8486,57
2020-09-07,Napa,055,140530,1574,1514,8,1522,11
2020-09-07,Nevada,057,99092,487,469,14,483,6
2020-09-07,Orange,059,3164182,51795,49132,1302,50434,1042
2020-09-07,Placer,061,380077,3326,3188,13,3201,36
2020-09-07,Plumas,063,18699,45,42,0,42,0
2020-09-07,Riverside,065,2383286,55293,54178,81,54259,1069
2020-09-07,Sacramento,067,1510023,19991,19292,18,19310,345
2020-09-07,San Benito,069,59416,1230,1180,0,1180,4
2020-09-07,San Bernardino,071,2135413,50774,49043,324,49367,821
2020-09-07,San Diego,073,3302833,42619,40868,626,41494,708
2020-09-07,San Francisco,075,870044,10311,9813,21,9834,85
2020-09-07,San Joaquin,077,732212,19264,18552,40,18592,386
2020-09-07,San Luis Obispo,079,281455,3303,3116,19,3135,23
2020-09-07,San Mateo,081,765935,9223,8409,8,8417,125
2020-09-07,Santa Barbara,083,443738,9455,8479,72,8551,95
2020-09-07,Santa Clara,085,1922200,19989,18596,34,18630,226
2020-09-07,Santa Cruz,087,273765,2056,1902,18,1920,7
2020-09-07,Shasta,089,179085,666,556,3,559,10
2020-09-07,Sierra,091,2930,6,6,0,6,0
2020-09-07,Siskiyou,093,43540,146,133,9,142,0
2020-09-07,Solano,095,438530,5783,5640,41,5681,36
2020-09-07,Sonoma,097,501317,6589,6268,19,6287,85
2020-09-07,Stanislaus,099,539301,15820,15343,415,15758,236
2020-09-07,Sutter,101,95872,1530,1468,1,1469,11
2020-09-07,Tehama,103,63373,466,453,2,455,1
2020-09-07,Trinity,105,12862,52,13,7,20,0
2020-09-07,Tulare,107,460477,15307,14637,72,14709,249
2020-09-07,Tuolumne,109,53932,219,196,3,199,1
2020-09-07,Ventura,111,848112,12092,11463,115,11578,118
2020-09-07,Yolo,113,214977,2672,2565,5,2570,53
2020-09-07,Yuba,115,75493,974,923,3,926,1
2020-09-06,Alameda,001,1643700,19904,19029,142,19171,281
2020-09-06,Alpine,003,1148,2,2,0,2,0
2020-09-06,Amador,005,37829,276,275,0,275,16
2020-09-06,Butte,007,227075,2681,2446,20,2466,30
2020-09-06,Calaveras,009,45235,286,235,0,235,1
2020-09-06,Colusa,011,21464,492,475,0,475,6
2020-09-06,Contra Costa,013,1133247,15448,14565,65,14630,171
2020-09-06,Del Norte,015,27424,121,109,0,109,2
2020-09-06,El Dorado,017,186661,1058,1008,0,1008,2
2020-09-06,Fresno,019,978130,28961,26471,327,26798,329
2020-09-06,Glenn,021,27897,516,474,0,474,3
2020-09-06,Humboldt,023,135768,447,404,1,405,4
2020-09-06,Imperial,025,180216,11435,10152,8,10160,267
2020-09-06,Inyo,027,18085,184,169,4,173,2
2020-09-06,Kern,029,883053,30600,29699,263,29962,348
2020-09-06,Kings,031,150075,6968,6561,37,6598,72
2020-09-06,Lake,033,64148,401,362,0,362,2
2020-09-06,Lassen,035,31185,730,709,2,711,0
2020-09-06,Los Angeles,037,10098052,251285,248316,1475,249791,6004
2020-09-06,Madera,039,155013,4139,3867,28,3895,42
2020-09-06,Marin,041,260295,6381,6276,15,6291,67
2020-09-06,Mariposa,043,17540,74,72,0,72,2
2020-09-06,Mendocino,045,87422,713,672,0,672,16
2020-09-06,Merced,047,269075,8467,8327,15,8342,104
2020-09-06,Modoc,049,8938,23,20,0,20,0
2020-09-06,Mono,051,14174,164,145,2,147,1
2020-09-06,Monterey,053,433212,8803,8403,22,8425,56
2020-09-06,Napa,055,140530,1570,1501,6,1507,11
2020-09-06,Nevada,057,99092,487,467,14,481,6
2020-09-06,Orange,059,3164182,51682,48931,1298,50229,1042
2020-09-06,Placer,061,380077,3309,3169,13,3182,36
2020-09-06,Plumas,063,18699,44,42,0,42,0
2020-09-06,Riverside,065,2383286,55177,53970,79,54049,1069
2020-09-06,Sacramento,067,1510023,19896,19128,18,19146,340
2020-09-06,San Benito,069,59416,1228,1178,0,1178,4
2020-09-06,San Bernardino,071,2135413,50665,48923,324,49247,823
2020-09-06,San Diego,073,3302833,42371,40652,620,41272,707
2020-09-06,San Francisco,075,870044,10237,9813,21,9834,85
2020-09-06,San Joaquin,077,732212,19215,18558,40,18598,386
2020-09-06,San Luis Obispo,079,281455,3292,3101,19,3120,23
2020-09-06,San Mateo,081,765935,9170,8387,8,8395,125
2020-09-06,Santa Barbara,083,443738,9424,8434,72,8506,95
2020-09-06,Santa Clara,085,1922200,19888,18495,34,18529,207
2020-09-06,Santa Cruz,087,273765,2049,1902,18,1920,7
2020-09-06,Shasta,089,179085,660,550,3,553,10
2020-09-06,Sierra,091,2930,6,6,0,6,0
2020-09-06,Siskiyou,093,43540,146,132,9,141,0
2020-09-06,Solano,095,438530,5757,5619,41,5660,37
2020-09-06,Sonoma,097,501317,6560,6212,19,6231,85
2020-09-06,Stanislaus,099,539301,15776,15288,411,15699,236
2020-09-06,Sutter,101,95872,1517,1451,1,1452,11
2020-09-06,Tehama,103,63373,465,455,2,457,1
2020-09-06,Trinity,105,12862,51,13,7,20,0
2020-09-06,Tulare,107,460477,15264,14636,71,14707,249
2020-09-06,Tuolumne,109,53932,216,194,3,197,1
2020-09-06,Ventura,111,848112,12047,11315,115,11430,118
2020-09-06,Yolo,113,214977,2658,2556,5,2561,53
2020-09-06,Yuba,115,75493,965,913,3,916,1
2020-09-05,Alameda,001,1643700,19857,18973,140,19113,279
2020-09-05,Alpine,003,1148,2,2,0,2,0
2020-09-05,Amador,005,37829,276,274,0,274,16
2020-09-05,Butte,007,227075,2665,2406,19,2425,30
2020-09-05,Calaveras,009,45235,286,237,0,237,1
2020-09-05,Colusa,011,21464,488,472,0,472,6
2020-09-05,Contra Costa,013,1133247,15371,14456,63,14519,173
2020-09-05,Del Norte,015,27424,121,109,0,109,2
2020-09-05,El Dorado,017,186661,1058,1007,0,1007,2
2020-09-05,Fresno,019,978130,28893,26325,327,26652,331
2020-09-05,Glenn,021,27897,515,474,0,474,3
2020-09-05,Humboldt,023,135768,445,402,1,403,4
2020-09-05,Imperial,025,180216,11418,10151,8,10159,268
2020-09-05,Inyo,027,18085,184,169,4,173,2
2020-09-05,Kern,029,883053,30540,29645,259,29904,347
2020-09-05,Kings,031,150075,6959,6518,37,6555,66
2020-09-05,Lake,033,64148,398,359,0,359,2
2020-09-05,Lassen,035,31185,730,709,2,711,0
2020-09-05,Los Angeles,037,10098052,250750,247572,1463,249035,6001
2020-09-05,Madera,039,155013,4098,3851,28,3879,42
2020-09-05,Marin,041,260295,6374,6259,15,6274,66
2020-09-05,Mariposa,043,17540,74,72,0,72,2
2020-09-05,Mendocino,045,87422,712,658,0,658,16
2020-09-05,Merced,047,269075,8435,8297,13,8310,104
2020-09-05,Modoc,049,8938,23,19,0,19,0
2020-09-05,Mono,051,14174,164,145,2,147,1
2020-09-05,Monterey,053,433212,8773,8301,22,8323,56
2020-09-05,Napa,055,140530,1564,1484,6,1490,11
2020-09-05,Nevada,057,99092,484,461,14,475,6
2020-09-05,Orange,059,3164182,51580,48726,1293,50019,1039
2020-09-05,Placer,061,380077,3299,3141,13,3154,35
2020-09-05,Plumas,063,18699,44,42,0,42,0
2020-09-05,Riverside,065,2383286,55072,53780,79,53859,1066
2020-09-05,Sacramento,067,1510023,19805,18955,18,18973,339
2020-09-05,San Benito,069,59416,1226,1153,0,1153,4
2020-09-05,San Bernardino,071,2135413,50590,48800,323,49123,825
2020-09-05,San Diego,073,3302833,42178,40344,608,40952,717
2020-09-05,San Francisco,075,870044,10204,9812,20,9832,85
2020-09-05,San Joaquin,077,732212,19187,18557,40,18597,386
2020-09-05,San Luis Obispo,079,281455,3282,3083,19,3102,23
2020-09-05,San Mateo,081,765935,9125,8352,8,8360,124
2020-09-05,Santa Barbara,083,443738,9407,8404,72,8476,96
2020-09-05,Santa Clara,085,1922200,19803,18311,34,18345,207
2020-09-05,Santa Cruz,087,273765,2041,1904,18,1922,7
2020-09-05,Shasta,089,179085,659,544,3,547,10
2020-09-05,Sierra,091,2930,6,6,0,6,0
2020-09-05,Siskiyou,093,43540,145,131,9,140,0
2020-09-05,Solano,095,438530,5745,5579,41,5620,37
2020-09-05,Sonoma,097,501317,6527,6149,19,6168,85
2020-09-05,Stanislaus,099,539301,15728,15198,407,15605,236
2020-09-05,Sutter,101,95872,1510,1445,1,1446,11
2020-09-05,Tehama,103,63373,464,447,2,449,1
2020-09-05,Trinity,105,12862,51,13,7,20,0
2020-09-05,Tulare,107,460477,15207,14576,69,14645,249
2020-09-05,Tuolumne,109,53932,216,194,3,197,1
2020-09-05,Ventura,111,848112,12004,11254,115,11369,118
2020-09-05,Yolo,113,214977,2648,2534,5,2539,53
2020-09-05,Yuba,115,75493,959,902,3,905,1
2020-09-04,Alameda,001,1643700,19789,18843,138,18981,276
2020-09-04,Alpine,003,1148,2,2,0,2,0
2020-09-04,Amador,005,37829,275,274,0,274,16
2020-09-04,Butte,007,227075,2642,2325,19,2344,28
2020-09-04,Calaveras,009,45235,284,237,0,237,1
2020-09-04,Colusa,011,21464,486,467,0,467,6
2020-09-04,Contra Costa,013,1133247,15291,14355,62,14417,164
2020-09-04,Del Norte,015,27424,121,109,0,109,2
2020-09-04,El Dorado,017,186661,1054,992,0,992,2
2020-09-04,Fresno,019,978130,28788,26147,326,26473,321
2020-09-04,Glenn,021,27897,507,463,0,463,3
2020-09-04,Humboldt,023,135768,440,390,1,391,4
2020-09-04,Imperial,025,180216,11409,10136,8,10144,267
2020-09-04,Inyo,027,18085,184,169,4,173,2
2020-09-04,Kern,029,883053,30472,29526,256,29782,345
2020-09-04,Kings,031,150075,6946,6259,37,6296,66
2020-09-04,Lake,033,64148,398,347,0,347,2
2020-09-04,Lassen,035,31185,730,708,2,710,0
2020-09-04,Los Angeles,037,10098052,250177,246396,1443,247839,5977
2020-09-04,Madera,039,155013,4085,3838,28,3866,42
2020-09-04,Marin,041,260295,6362,6251,15,6266,66
2020-09-04,Mariposa,043,17540,74,72,0,72,2
2020-09-04,Mendocino,045,87422,710,646,0,646,16
2020-09-04,Merced,047,269075,8415,8214,13,8227,104
2020-09-04,Modoc,049,8938,23,15,0,15,0
2020-09-04,Mono,051,14174,164,145,2,147,1
2020-09-04,Monterey,053,433212,8728,8208,22,8230,56
2020-09-04,Napa,055,140530,1555,1475,6,1481,11
2020-09-04,Nevada,057,99092,481,455,14,469,6
2020-09-04,Orange,059,3164182,51456,48488,1286,49774,1031
2020-09-04,Placer,061,380077,3287,3101,13,3114,35
2020-09-04,Plumas,063,18699,44,42,0,42,0
2020-09-04,Riverside,065,2383286,54959,53606,74,53680,1066
2020-09-04,Sacramento,067,1510023,19717,18765,18,18783,337
2020-09-04,San Benito,069,59416,1217,1137,0,1137,4
2020-09-04,San Bernardino,071,2135413,50497,48497,321,48818,800
2020-09-04,San Diego,073,3302833,41948,39901,599,40500,701
2020-09-04,San Francisco,075,870044,10164,9694,19,9713,85
2020-09-04,San Joaquin,077,732212,19133,18438,40,18478,376
2020-09-04,San Luis Obispo,079,281455,3267,3049,18,3067,21
2020-09-04,San Mateo,081,765935,9081,8275,8,8283,122
2020-09-04,Santa Barbara,083,443738,9376,8340,72,8412,96
2020-09-04,Santa Clara,085,1922200,19695,18074,34,18108,209
2020-09-04,Santa Cruz,087,273765,2024,1896,17,1913,7
2020-09-04,Shasta,089,179085,656,536,3,539,10
2020-09-04,Sierra,091,2930,6,6,0,6,0
2020-09-04,Siskiyou,093,43540,145,129,9,138,0
2020-09-04,Solano,095,438530,5732,5552,41,5593,37
2020-09-04,Sonoma,097,501317,6462,6050,19,6069,85
2020-09-04,Stanislaus,099,539301,15693,15074,398,15472,233
2020-09-04,Sutter,101,95872,1494,1425,1,1426,11
2020-09-04,Tehama,103,63373,460,442,2,444,1
2020-09-04,Trinity,105,12862,51,13,7,20,0
2020-09-04,Tulare,107,460477,15179,14501,65,14566,247
2020-09-04,Tuolumne,109,53932,216,193,3,196,1
2020-09-04,Ventura,111,848112,11962,11171,115,11286,114
2020-09-04,Yolo,113,214977,2634,2495,5,2500,53
2020-09-04,Yuba,115,75493,954,884,3,887,1
2020-09-03,Alameda,001,1643700,19686,18687,138,18825,275
2020-09-03,Alpine,003,1148,2,2,0,2,0
2020-09-03,Amador,005,37829,275,274,0,274,16
2020-09-03,Butte,007,227075,2597,2274,19,2293,27
2020-09-03,Calaveras,009,45235,283,238,0,238,1
2020-09-03,Colusa,011,21464,484,464,0,464,6
2020-09-03,Contra Costa,013,1133247,15184,14206,59,14265,159
2020-09-03,Del Norte,015,27424,118,109,0,109,2
2020-09-03,El Dorado,017,186661,1050,983,0,983,2
2020-09-03,Fresno,019,978130,28669,25978,321,26299,313
2020-09-03,Glenn,021,27897,503,460,0,460,3
2020-09-03,Humboldt,023,135768,435,390,1,391,4
2020-09-03,Imperial,025,180216,11389,10083,7,10090,255
2020-09-03,Inyo,027,18085,182,171,4,175,3
2020-09-03,Kern,029,883053,30380,29426,242,29668,340
2020-09-03,Kings,031,150075,6866,6200,37,6237,64
2020-09-03,Lake,033,64148,389,347,0,347,2
2020-09-03,Lassen,035,31185,730,707,2,709,0
2020-09-03,Los Angeles,037,10098052,249301,245026,1422,246448,5931
2020-09-03,Madera,039,155013,4066,3780,28,3808,43
2020-09-03,Marin,041,260295,6343,6175,15,6190,66
2020-09-03,Mariposa,043,17540,74,71,0,71,2
2020-09-03,Mendocino,045,87422,701,638,0,638,16
2020-09-03,Merced,047,269075,8373,8136,13,8149,105
2020-09-03,Modoc,049,8938,23,14,0,14,0
2020-09-03,Mono,051,14174,163,144,2,146,1
2020-09-03,Monterey,053,433212,8674,8128,22,8150,56
2020-09-03,Napa,055,140530,1548,1466,6,1472,10
2020-09-03,Nevada,057,99092,478,453,14,467,6
2020-09-03,Orange,059,3164182,51268,48226,1271,49497,1009
2020-09-03,Placer,061,380077,3269,3069,13,3082,34
2020-09-03,Plumas,063,18699,44,39,0,39,0
2020-09-03,Riverside,065,2383286,54779,53341,70,53411,1052
2020-09-03,Sacramento,067,1510023,19589,18553,17,18570,328
2020-09-03,San Benito,069,59416,1206,1121,0,1121,4
2020-09-03,San Bernardino,071,2135413,50332,48165,320,48485,800
2020-09-03,San Diego,073,3302833,41634,39448,583,40031,700
2020-09-03,San Francisco,075,870044,10098,9636,17,9653,84
2020-09-03,San Joaquin,077,732212,19056,18331,40,18371,371
2020-09-03,San Luis Obispo,079,281455,3250,3023,18,3041,21
2020-09-03,San Mateo,081,765935,9007,8211,8,8219,122
2020-09-03,Santa Barbara,083,443738,9329,8277,72,8349,96
2020-09-03,Santa Clara,085,1922200,19515,17879,34,17913,208
2020-09-03,Santa Cruz,087,273765,2009,1870,17,1887,7
2020-09-03,Shasta,089,179085,651,535,3,538,10
2020-09-03,Sierra,091,2930,6,6,0,6,0
2020-09-03,Siskiyou,093,43540,145,128,9,137,0
2020-09-03,Solano,095,438530,5712,5499,40,5539,36
2020-09-03,Sonoma,097,501317,6400,5997,19,6016,62
2020-09-03,Stanislaus,099,539301,15641,14985,394,15379,217
2020-09-03,Sutter,101,95872,1484,1412,1,1413,11
2020-09-03,Tehama,103,63373,456,436,2,438,1
2020-09-03,Trinity,105,12862,49,13,7,20,0
2020-09-03,Tulare,107,460477,15113,14408,64,14472,244
2020-09-03,Tuolumne,109,53932,216,193,3,196,1
2020-09-03,Ventura,111,848112,11844,11109,112,11221,112
2020-09-03,Yolo,113,214977,2618,2475,5,2480,53
2020-09-03,Yuba,115,75493,947,867,3,870,1
2020-09-02,Alameda,001,1643700,19566,18522,135,18657,260
2020-09-02,Alpine,003,1148,2,2,0,2,0
2020-09-02,Amador,005,37829,275,245,0,245,14
2020-09-02,Butte,007,227075,2551,2241,19,2260,27
2020-09-02,Calaveras,009,45235,282,235,0,235,1
2020-09-02,Colusa,011,21464,480,460,0,460,6
2020-09-02,Contra Costa,013,1133247,15095,14097,57,14154,159
2020-09-02,Del Norte,015,27424,117,109,0,109,2
2020-09-02,El Dorado,017,186661,1046,975,0,975,2
2020-09-02,Fresno,019,978130,28521,25785,318,26103,292
2020-09-02,Glenn,021,27897,498,457,0,457,3
2020-09-02,Humboldt,023,135768,432,381,1,382,4
2020-09-02,Imperial,025,180216,11373,9832,7,9839,255
2020-09-02,Inyo,027,18085,182,171,4,175,3
2020-09-02,Kern,029,883053,30288,29288,236,29524,335
2020-09-02,Kings,031,150075,6781,6142,37,6179,64
2020-09-02,Lake,033,64148,385,342,0,342,2
2020-09-02,Lassen,035,31185,728,706,2,708,0
2020-09-02,Los Angeles,037,10098052,248360,243999,1394,245393,5887
2020-09-02,Madera,039,155013,4046,3735,28,3763,41
2020-09-02,Marin,041,260295,6328,6131,15,6146,66
2020-09-02,Mariposa,043,17540,74,71,0,71,2
2020-09-02,Mendocino,045,87422,691,636,0,636,15
2020-09-02,Merced,047,269075,8342,8097,12,8109,103
2020-09-02,Modoc,049,8938,22,11,0,11,0
2020-09-02,Mono,051,14174,163,145,2,147,1
2020-09-02,Monterey,053,433212,8610,8070,22,8092,56
2020-09-02,Napa,055,140530,1536,1454,6,1460,10
2020-09-02,Nevada,057,99092,472,452,13,465,6
2020-09-02,Orange,059,3164182,51087,47871,1261,49132,994
2020-09-02,Placer,061,380077,3244,3047,12,3059,33
2020-09-02,Plumas,063,18699,44,39,0,39,0
2020-09-02,Riverside,065,2383286,54577,52923,67,52990,1032
2020-09-02,Sacramento,067,1510023,19356,18355,16,18371,316
2020-09-02,San Benito,069,59416,1193,1107,0,1107,4
2020-09-02,San Bernardino,071,2135413,50169,47766,317,48083,794
2020-09-02,San Diego,073,3302833,41314,39123,569,39692,695
2020-09-02,San Francisco,075,870044,10029,9587,17,9604,84
2020-09-02,San Joaquin,077,732212,18975,18194,39,18233,352
2020-09-02,San Luis Obispo,079,281455,3224,3002,17,3019,21
2020-09-02,San Mateo,081,765935,8950,8148,8,8156,122
2020-09-02,Santa Barbara,083,443738,9274,8206,71,8277,94
2020-09-02,Santa Clara,085,1922200,19361,17673,34,17707,206
2020-09-02,Santa Cruz,087,273765,1986,1850,17,1867,7
2020-09-02,Shasta,089,179085,650,531,3,534,10
2020-09-02,Sierra,091,2930,6,6,0,6,0
2020-09-02,Siskiyou,093,43540,144,127,9,136,0
2020-09-02,Solano,095,438530,5684,5463,40,5503,36
2020-09-02,Sonoma,097,501317,6338,5846,19,5865,62
2020-09-02,Stanislaus,099,539301,15571,14854,387,15241,220
2020-09-02,Sutter,101,95872,1469,1401,1,1402,10
2020-09-02,Tehama,103,63373,453,429,2,431,1
2020-09-02,Trinity,105,12862,49,13,7,20,0
2020-09-02,Tulare,107,460477,15046,14298,63,14361,244
2020-09-02,Tuolumne,109,53932,216,190,3,193,1
2020-09-02,Ventura,111,848112,11757,11031,111,11142,111
2020-09-02,Yolo,113,214977,2597,2449,5,2454,54
2020-09-02,Yuba,115,75493,940,856,3,859,1
2020-09-01,Alameda,001,1643700,19426,18382,132,18514,248
2020-09-01,Alpine,003,1148,2,2,0,2,0
2020-09-01,Amador,005,37829,274,244,0,244,13
2020-09-01,Butte,007,227075,2494,2146,19,2165,26
2020-09-01,Calaveras,009,45235,274,228,0,228,1
2020-09-01,Colusa,011,21464,476,454,0,454,6
2020-09-01,Contra Costa,013,1133247,15001,13998,55,14053,158
2020-09-01,Del Norte,015,27424,116,108,0,108,2
2020-09-01,El Dorado,017,186661,1038,972,0,972,2
2020-09-01,Fresno,019,978130,28374,25542,315,25857,290
2020-09-01,Glenn,021,27897,491,449,0,449,3
2020-09-01,Humboldt,023,135768,426,378,1,379,4
2020-09-01,Imperial,025,180216,11347,9782,7,9789,250
2020-09-01,Inyo,027,18085,182,171,4,175,3
2020-09-01,Kern,029,883053,30197,29162,231,29393,332
2020-09-01,Kings,031,150075,6750,6088,37,6125,62
2020-09-01,Lake,033,64148,382,341,0,341,2
2020-09-01,Lassen,035,31185,725,706,2,708,0
2020-09-01,Los Angeles,037,10098052,247252,242633,1370,244003,5832
2020-09-01,Madera,039,155013,4017,3703,27,3730,41
2020-09-01,Marin,041,260295,6313,6102,15,6117,67
2020-09-01,Mariposa,043,17540,73,72,0,72,2
2020-09-01,Mendocino,045,87422,676,626,0,626,15
2020-09-01,Merced,047,269075,8289,8046,11,8057,103
2020-09-01,Modoc,049,8938,20,10,0,10,0
2020-09-01,Mono,051,14174,163,145,2,147,1
2020-09-01,Monterey,053,433212,8503,7926,22,7948,56
2020-09-01,Napa,055,140530,1521,1446,6,1452,10
2020-09-01,Nevada,057,99092,466,450,13,463,6
2020-09-01,Orange,059,3164182,50922,47671,1242,48913,976
2020-09-01,Placer,061,380077,3222,3013,12,3025,33
2020-09-01,Plumas,063,18699,44,39,0,39,0
2020-09-01,Riverside,065,2383286,54358,52785,66,52851,1027
2020-09-01,Sacramento,067,1510023,19172,18217,15,18232,305
2020-09-01,San Benito,069,59416,1181,1089,0,1089,4
2020-09-01,San Bernardino,071,2135413,49962,47371,316,47687,786
2020-09-01,San Diego,073,3302833,40956,38873,531,39404,688
2020-09-01,San Francisco,075,870044,9960,9492,17,9509,83
2020-09-01,San Joaquin,077,732212,18893,17915,38,17953,341
2020-09-01,San Luis Obispo,079,281455,3198,2970,17,2987,21
2020-09-01,San Mateo,081,765935,8870,8132,8,8140,122
2020-09-01,Santa Barbara,083,443738,9224,8142,70,8212,93
2020-09-01,Santa Clara,085,1922200,19182,17319,34,17353,204
2020-09-01,Santa Cruz,087,273765,1962,1752,17,1769,7
2020-09-01,Shasta,089,179085,642,527,3,530,9
2020-09-01,Sierra,091,2930,6,6,0,6,0
2020-09-01,Siskiyou,093,43540,141,128,8,136,0
2020-09-01,Solano,095,438530,5658,5438,40,5478,34
2020-09-01,Sonoma,097,501317,6248,5733,19,5752,60
2020-09-01,Stanislaus,099,539301,15496,14784,377,15161,212
2020-09-01,Sutter,101,95872,1458,1389,1,1390,10
2020-09-01,Tehama,103,63373,449,422,2,424,1
2020-09-01,Trinity,105,12862,48,13,6,19,0
2020-09-01,Tulare,107,460477,14963,14156,63,14219,241
2020-09-01,Tuolumne,109,53932,210,183,3,186,1
2020-09-01,Ventura,111,848112,11679,10899,106,11005,108
2020-09-01,Yolo,113,214977,2581,2440,5,2445,51
2020-09-01,Yuba,115,75493,931,841,3,844,1
2020-08-31,Alameda,001,1643700,19281,18148,132,18280,248
2020-08-31,Alpine,003,1148,2,2,0,2,0
2020-08-31,Amador,005,37829,274,243,0,243,13
2020-08-31,Butte,007,227075,2430,2069,19,2088,26
2020-08-31,Calaveras,009,45235,269,212,0,212,1
2020-08-31,Colusa,011,21464,475,443,0,443,6
2020-08-31,Contra Costa,013,1133247,14874,13902,52,13954,153
2020-08-31,Del Norte,015,27424,116,108,0,108,2
2020-08-31,El Dorado,017,186661,1031,965,0,965,2
2020-08-31,Fresno,019,978130,28153,25185,309,25494,290
2020-08-31,Glenn,021,27897,479,437,0,437,3
2020-08-31,Humboldt,023,135768,424,374,1,375,4
2020-08-31,Imperial,025,180216,11316,9759,7,9766,250
2020-08-31,Inyo,027,18085,181,160,4,164,3
2020-08-31,Kern,029,883053,30099,29067,230,29297,318
2020-08-31,Kings,031,150075,6482,6037,37,6074,62
2020-08-31,Lake,033,64148,366,341,0,341,2
2020-08-31,Lassen,035,31185,722,706,2,708,0
2020-08-31,Los Angeles,037,10098052,246139,241793,1342,243135,5787
2020-08-31,Madera,039,155013,3994,3662,26,3688,35
2020-08-31,Marin,041,260295,6277,6074,15,6089,67
2020-08-31,Mariposa,043,17540,73,69,0,69,2
2020-08-31,Mendocino,045,87422,664,618,0,618,15
2020-08-31,Merced,047,269075,8227,7991,11,8002,79
2020-08-31,Modoc,049,8938,18,10,0,10,0
2020-08-31,Mono,051,14174,163,145,2,147,1
2020-08-31,Monterey,053,433212,8396,7839,22,7861,56
2020-08-31,Napa,055,140530,1513,1434,6,1440,10
2020-08-31,Nevada,057,99092,464,447,13,460,6
2020-08-31,Orange,059,3164182,50721,47392,1214,48606,965
2020-08-31,Placer,061,380077,3173,2989,12,3001,33
2020-08-31,Plumas,063,18699,43,39,0,39,0
2020-08-31,Riverside,065,2383286,54137,52508,64,52572,1020
2020-08-31,Sacramento,067,1510023,18935,17999,15,18014,303
2020-08-31,San Benito,069,59416,1165,1080,0,1080,4
2020-08-31,San Bernardino,071,2135413,49752,47370,315,47685,755
2020-08-31,San Diego,073,3302833,40589,38606,498,39104,682
2020-08-31,San Francisco,075,870044,9881,9293,14,9307,83
2020-08-31,San Joaquin,077,732212,18806,17807,37,17844,338
2020-08-31,San Luis Obispo,079,281455,3175,2951,16,2967,21
2020-08-31,San Mateo,081,765935,8800,8065,8,8073,122
2020-08-31,Santa Barbara,083,443738,9177,8124,70,8194,94
2020-08-31,Santa Clara,085,1922200,18993,17211,34,17245,202
2020-08-31,Santa Cruz,087,273765,1937,1742,17,1759,7
2020-08-31,Shasta,089,179085,637,528,3,531,9
2020-08-31,Sierra,091,2930,6,6,0,6,0
2020-08-31,Siskiyou,093,43540,140,127,8,135,0
2020-08-31,Solano,095,438530,5626,5302,39,5341,34
2020-08-31,Sonoma,097,501317,6173,5650,19,5669,60
2020-08-31,Stanislaus,099,539301,15421,14685,368,15053,213
2020-08-31,Sutter,101,95872,1443,1365,1,1366,10
2020-08-31,Tehama,103,63373,446,421,2,423,1
2020-08-31,Trinity,105,12862,48,13,6,19,0
2020-08-31,Tulare,107,460477,14876,13985,61,14046,237
2020-08-31,Tuolumne,109,53932,210,178,3,181,1
2020-08-31,Ventura,111,848112,11591,10866,105,10971,108
2020-08-31,Yolo,113,214977,2563,2423,5,2428,51
2020-08-31,Yuba,115,75493,917,830,3,833,1
2020-08-30,Alameda,001,1643700,19157,18099,130,18229,248
2020-08-30,Alpine,003,1148,2,2,0,2,0
2020-08-30,Amador,005,37829,273,240,0,240,13
2020-08-30,Butte,007,227075,2349,1988,19,2007,26
2020-08-30,Calaveras,009,45235,260,211,0,211,1
2020-08-30,Colusa,011,21464,474,440,0,440,6
2020-08-30,Contra Costa,013,1133247,14736,13780,52,13832,150
2020-08-30,Del Norte,015,27424,115,108,0,108,2
2020-08-30,El Dorado,017,186661,1021,962,0,962,2
2020-08-30,Fresno,019,978130,28028,24963,308,25271,291
2020-08-30,Glenn,021,27897,472,437,0,437,3
2020-08-30,Humboldt,023,135768,413,362,1,363,4
2020-08-30,Imperial,025,180216,11297,9703,7,9710,250
2020-08-30,Inyo,027,18085,181,160,4,164,3
2020-08-30,Kern,029,883053,30006,28987,230,29217,317
2020-08-30,Kings,031,150075,6436,6000,37,6037,62
2020-08-30,Lake,033,64148,361,334,0,334,2
2020-08-30,Lassen,035,31185,720,706,2,708,0
2020-08-30,Los Angeles,037,10098052,244983,240775,1309,242084,5772
2020-08-30,Madera,039,155013,3965,3626,26,3652,33
2020-08-30,Marin,041,260295,6247,6060,15,6075,66
2020-08-30,Mariposa,043,17540,73,69,0,69,2
2020-08-30,Mendocino,045,87422,658,611,0,611,13
2020-08-30,Merced,047,269075,8152,7960,11,7971,79
2020-08-30,Modoc,049,8938,13,10,0,10,0
2020-08-30,Mono,051,14174,163,145,2,147,1
2020-08-30,Monterey,053,433212,8312,7816,22,7838,54
2020-08-30,Napa,055,140530,1501,1423,6,1429,10
2020-08-30,Nevada,057,99092,461,445,13,458,6
2020-08-30,Orange,059,3164182,50525,47283,1200,48483,965
2020-08-30,Placer,061,380077,3140,2961,12,2973,32
2020-08-30,Plumas,063,18699,42,39,0,39,0
2020-08-30,Riverside,065,2383286,53957,52227,63,52290,1017
2020-08-30,Sacramento,067,1510023,18757,17751,15,17766,300
2020-08-30,San Benito,069,59416,1155,1071,0,1071,4
2020-08-30,San Bernardino,071,2135413,49495,47201,315,47516,755
2020-08-30,San Diego,073,3302833,40191,38302,477,38779,682
2020-08-30,San Francisco,075,870044,9783,9294,11,9305,83
2020-08-30,San Joaquin,077,732212,18689,17637,36,17673,338
2020-08-30,San Luis Obispo,079,281455,3150,2934,16,2950,21
2020-08-30,San Mateo,081,765935,8723,8013,7,8020,122
2020-08-30,Santa Barbara,083,443738,9117,8088,70,8158,93
2020-08-30,Santa Clara,085,1922200,18817,17045,34,17079,202
2020-08-30,Santa Cruz,087,273765,1911,1743,17,1760,7
2020-08-30,Shasta,089,179085,634,525,3,528,9
2020-08-30,Sierra,091,2930,6,6,0,6,0
2020-08-30,Siskiyou,093,43540,138,125,8,133,0
2020-08-30,Solano,095,438530,5582,5303,39,5342,34
2020-08-30,Sonoma,097,501317,6115,5590,19,5609,60
2020-08-30,Stanislaus,099,539301,15350,14580,359,14939,209
2020-08-30,Sutter,101,95872,1421,1351,1,1352,10
2020-08-30,Tehama,103,63373,437,419,2,421,1
2020-08-30,Trinity,105,12862,48,13,6,19,0
2020-08-30,Tulare,107,460477,14781,13985,60,14045,236
2020-08-30,Tuolumne,109,53932,206,178,3,181,1
2020-08-30,Ventura,111,848112,11478,10775,100,10875,108
2020-08-30,Yolo,113,214977,2535,2391,4,2395,51
2020-08-30,Yuba,115,75493,903,832,3,835,1
2020-08-29,Alameda,001,1643700,19090,17888,130,18018,250
2020-08-29,Alpine,003,1148,2,2,0,2,0
2020-08-29,Amador,005,37829,273,239,0,239,13
2020-08-29,Butte,007,227075,2318,1948,19,1967,26
2020-08-29,Calaveras,009,45235,256,211,0,211,1
2020-08-29,Colusa,011,21464,471,440,0,440,6
2020-08-29,Contra Costa,013,1133247,14663,13663,51,13714,159
2020-08-29,Del Norte,015,27424,115,108,0,108,1
2020-08-29,El Dorado,017,186661,1018,958,0,958,2
2020-08-29,Fresno,019,978130,27973,24821,308,25129,291
2020-08-29,Glenn,021,27897,466,437,0,437,3
2020-08-29,Humboldt,023,135768,410,363,1,364,4
2020-08-29,Imperial,025,180216,11282,9698,7,9705,250
2020-08-29,Inyo,027,18085,181,160,4,164,3
2020-08-29,Kern,029,883053,29965,28947,229,29176,317
2020-08-29,Kings,031,150075,6421,5906,37,5943,62
2020-08-29,Lake,033,64148,360,329,0,329,2
2020-08-29,Lassen,035,31185,720,706,2,708,0
2020-08-29,Los Angeles,037,10098052,244332,239815,1296,241111,5762
2020-08-29,Madera,039,155013,3956,3605,25,3630,33
2020-08-29,Marin,041,260295,6235,6007,15,6022,64
2020-08-29,Mariposa,043,17540,73,69,0,69,2
2020-08-29,Mendocino,045,87422,653,596,0,596,13
2020-08-29,Merced,047,269075,8122,7867,11,7878,79
2020-08-29,Modoc,049,8938,13,9,0,9,0
2020-08-29,Mono,051,14174,163,145,2,147,1
2020-08-29,Monterey,053,433212,8267,7680,22,7702,53
2020-08-29,Napa,055,140530,1498,1413,6,1419,10
2020-08-29,Nevada,057,99092,461,442,13,455,5
2020-08-29,Orange,059,3164182,50414,47007,1190,48197,960
2020-08-29,Placer,061,380077,3123,2935,12,2947,32
2020-08-29,Plumas,063,18699,41,39,0,39,0
2020-08-29,Riverside,065,2383286,53846,51918,61,51979,1016
2020-08-29,Sacramento,067,1510023,18685,17588,15,17603,291
2020-08-29,San Benito,069,59416,1146,1045,0,1045,4
2020-08-29,San Bernardino,071,2135413,49380,46849,315,47164,755
2020-08-29,San Diego,073,3302833,39925,38049,459,38508,694
2020-08-29,San Francisco,075,870044,9755,9291,10,9301,83
2020-08-29,San Joaquin,077,732212,18645,17493,36,17529,335
2020-08-29,San Luis Obispo,079,281455,3126,2917,16,2933,21
2020-08-29,San Mateo,081,765935,8681,7928,7,7935,122
2020-08-29,Santa Barbara,083,443738,9091,8052,69,8121,93
2020-08-29,Santa Clara,085,1922200,18720,16898,33,16931,202
2020-08-29,Santa Cruz,087,273765,1899,1746,17,1763,7
2020-08-29,Shasta,089,179085,626,522,3,525,9
2020-08-29,Sierra,091,2930,6,6,0,6,0
2020-08-29,Siskiyou,093,43540,138,121,8,129,0
2020-08-29,Solano,095,438530,5561,5303,39,5342,34
2020-08-29,Sonoma,097,501317,6081,5537,19,5556,60
2020-08-29,Stanislaus,099,539301,15301,14479,349,14828,208
2020-08-29,Sutter,101,95872,1416,1333,1,1334,9
2020-08-29,Tehama,103,63373,436,417,2,419,1
2020-08-29,Trinity,105,12862,47,11,6,17,0
2020-08-29,Tulare,107,460477,14743,13890,59,13949,236
2020-08-29,Tuolumne,109,53932,206,178,3,181,1
2020-08-29,Ventura,111,848112,11436,10705,100,10805,108
2020-08-29,Yolo,113,214977,2517,2357,4,2361,51
2020-08-29,Yuba,115,75493,894,822,3,825,1
2020-08-28,Alameda,001,1643700,19007,17729,129,17858,237
2020-08-28,Alpine,003,1148,2,2,0,2,0
2020-08-28,Amador,005,37829,273,234,0,234,13
2020-08-28,Butte,007,227075,2288,1886,19,1905,25
2020-08-28,Calaveras,009,45235,254,207,0,207,1
2020-08-28,Colusa,011,21464,470,441,0,441,6
2020-08-28,Contra Costa,013,1133247,14592,13522,50,13572,158
2020-08-28,Del Norte,015,27424,115,107,0,107,1
2020-08-28,El Dorado,017,186661,1012,949,0,949,2
2020-08-28,Fresno,019,978130,27838,24612,308,24920,282
2020-08-28,Glenn,021,27897,459,429,0,429,3
2020-08-28,Humboldt,023,135768,406,362,1,363,4
2020-08-28,Imperial,025,180216,11268,9656,7,9663,241
2020-08-28,Inyo,027,18085,180,160,4,164,2
2020-08-28,Kern,029,883053,29917,28744,229,28973,306
2020-08-28,Kings,031,150075,6414,5829,36,5865,62
2020-08-28,Lake,033,64148,355,320,0,320,2
2020-08-28,Lassen,035,31185,720,704,2,706,0
2020-08-28,Los Angeles,037,10098052,243523,238544,1272,239816,5740
2020-08-28,Madera,039,155013,3937,3552,25,3577,33
2020-08-28,Marin,041,260295,6213,5991,15,6006,63
2020-08-28,Mariposa,043,17540,73,67,0,67,2
2020-08-28,Mendocino,045,87422,648,588,0,588,11
2020-08-28,Merced,047,269075,8092,7803,11,7814,77
2020-08-28,Modoc,049,8938,13,6,0,6,0
2020-08-28,Mono,051,14174,163,145,2,147,1
2020-08-28,Monterey,053,433212,8210,7591,22,7613,53
2020-08-28,Napa,055,140530,1490,1403,5,1408,10
2020-08-28,Nevada,057,99092,460,438,13,451,5
2020-08-28,Orange,059,3164182,50314,46696,1175,47871,942
2020-08-28,Placer,061,380077,3112,2891,12,2903,32
2020-08-28,Plumas,063,18699,41,39,0,39,0
2020-08-28,Riverside,065,2383286,53715,51510,58,51568,1008
2020-08-28,Sacramento,067,1510023,18588,17119,15,17134,283
2020-08-28,San Benito,069,59416,1130,1016,0,1016,3
2020-08-28,San Bernardino,071,2135413,49262,46553,311,46864,754
2020-08-28,San Diego,073,3302833,39695,37786,444,38230,676
2020-08-28,San Francisco,075,870044,9701,9135,10,9145,83
2020-08-28,San Joaquin,077,732212,18592,17114,35,17149,314
2020-08-28,San Luis Obispo,079,281455,3109,2849,16,2865,20
2020-08-28,San Mateo,081,765935,8634,7783,7,7790,121
2020-08-28,Santa Barbara,083,443738,9057,8001,69,8070,92
2020-08-28,Santa Clara,085,1922200,18589,16696,33,16729,201
2020-08-28,Santa Cruz,087,273765,1887,1747,17,1764,7
2020-08-28,Shasta,089,179085,622,516,3,519,9
2020-08-28,Sierra,091,2930,6,6,0,6,0
2020-08-28,Siskiyou,093,43540,136,119,8,127,0
2020-08-28,Solano,095,438530,5542,5219,39,5258,34
2020-08-28,Sonoma,097,501317,6046,5425,18,5443,58
2020-08-28,Stanislaus,099,539301,15259,14176,345,14521,190
2020-08-28,Sutter,101,95872,1406,1308,1,1309,9
2020-08-28,Tehama,103,63373,431,410,2,412,1
2020-08-28,Trinity,105,12862,47,11,6,17,0
2020-08-28,Tulare,107,460477,14697,13776,59,13835,236
2020-08-28,Tuolumne,109,53932,206,176,3,179,1
2020-08-28,Ventura,111,848112,11400,10606,98,10704,103
2020-08-28,Yolo,113,214977,2508,2323,4,2327,51
2020-08-28,Yuba,115,75493,885,810,3,813,1
2020-08-27,Alameda,001,1643700,18862,17584,126,17710,234
2020-08-27,Alpine,003,1148,2,2,0,2,0
2020-08-27,Amador,005,37829,272,233,0,233,13
2020-08-27,Butte,007,227075,2222,1803,18,1821,25
2020-08-27,Calaveras,009,45235,248,204,0,204,1
2020-08-27,Colusa,011,21464,468,438,0,438,6
2020-08-27,Contra Costa,013,1133247,14491,13379,49,13428,158
2020-08-27,Del Norte,015,27424,115,107,0,107,1
2020-08-27,El Dorado,017,186661,1008,942,0,942,2
2020-08-27,Fresno,019,978130,27655,24367,303,24670,272
2020-08-27,Glenn,021,27897,451,429,0,429,3
2020-08-27,Humboldt,023,135768,398,358,1,359,4
2020-08-27,Imperial,025,180216,11241,9608,7,9615,235
2020-08-27,Inyo,027,18085,180,157,3,160,2
2020-08-27,Kern,029,883053,29845,28635,220,28855,294
2020-08-27,Kings,031,150075,6392,5759,36,5795,62
2020-08-27,Lake,033,64148,353,314,0,314,2
2020-08-27,Lassen,035,31185,720,703,2,705,0
2020-08-27,Los Angeles,037,10098052,242516,237103,1256,238359,5704
2020-08-27,Madera,039,155013,3911,3465,25,3490,33
2020-08-27,Marin,041,260295,6189,5929,15,5944,62
2020-08-27,Mariposa,043,17540,73,67,0,67,2
2020-08-27,Mendocino,045,87422,639,581,0,581,10
2020-08-27,Merced,047,269075,8048,7765,11,7776,75
2020-08-27,Modoc,049,8938,11,5,0,5,0
2020-08-27,Mono,051,14174,163,145,2,147,1
2020-08-27,Monterey,053,433212,8116,7501,22,7523,52
2020-08-27,Napa,055,140530,1484,1397,5,1402,10
2020-08-27,Nevada,057,99092,457,435,13,448,5
2020-08-27,Orange,059,3164182,50157,46449,1164,47613,935
2020-08-27,Placer,061,380077,3081,2869,12,2881,32
2020-08-27,Plumas,063,18699,40,39,0,39,0
2020-08-27,Riverside,065,2383286,53507,51306,55,51361,999
2020-08-27,Sacramento,067,1510023,18390,16875,15,16890,281
2020-08-27,San Benito,069,59416,1114,987,0,987,3
2020-08-27,San Bernardino,071,2135413,49036,46345,304,46649,751
2020-08-27,San Diego,073,3302833,39424,37501,424,37925,673
2020-08-27,San Francisco,075,870044,9635,9014,10,9024,83
2020-08-27,San Joaquin,077,732212,18512,16989,35,17024,314
2020-08-27,San Luis Obispo,079,281455,3084,2808,16,2824,20
2020-08-27,San Mateo,081,765935,8525,7728,7,7735,121
2020-08-27,Santa Barbara,083,443738,9019,7934,69,8003,92
2020-08-27,Santa Clara,085,1922200,18405,16495,33,16528,199
2020-08-27,Santa Cruz,087,273765,1870,1734,17,1751,7
2020-08-27,Shasta,089,179085,616,512,3,515,9
2020-08-27,Sierra,091,2930,6,6,0,6,0
2020-08-27,Siskiyou,093,43540,136,118,8,126,0
2020-08-27,Solano,095,438530,5504,5167,39,5206,34
2020-08-27,Sonoma,097,501317,5934,5357,18,5375,58
2020-08-27,Stanislaus,099,539301,15178,14080,342,14422,186
2020-08-27,Sutter,101,95872,1386,1296,1,1297,9
2020-08-27,Tehama,103,63373,427,398,2,400,1
2020-08-27,Trinity,105,12862,47,11,6,17,0
2020-08-27,Tulare,107,460477,14605,13666,58,13724,231
2020-08-27,Tuolumne,109,53932,201,174,3,177,1
2020-08-27,Ventura,111,848112,11337,10483,94,10577,102
2020-08-27,Yolo,113,214977,2484,2293,4,2297,51
2020-08-27,Yuba,115,75493,874,807,3,810,1
2020-08-26,Alameda,001,1643700,18700,17373,126,17499,233
2020-08-26,Alpine,003,1148,2,2,0,2,0
2020-08-26,Amador,005,37829,272,229,0,229,13
2020-08-26,Butte,007,227075,2155,1765,16,1781,25
2020-08-26,Calaveras,009,45235,240,201,0,201,1
2020-08-26,Colusa,011,21464,462,433,0,433,5
2020-08-26,Contra Costa,013,1133247,14354,13248,49,13297,157
2020-08-26,Del Norte,015,27424,114,86,0,86,1
2020-08-26,El Dorado,017,186661,1006,938,0,938,2
2020-08-26,Fresno,019,978130,27507,24071,301,24372,255
2020-08-26,Glenn,021,27897,449,429,0,429,3
2020-08-26,Humboldt,023,135768,386,357,1,358,4
2020-08-26,Imperial,025,180216,11219,9453,7,9460,227
2020-08-26,Inyo,027,18085,177,157,3,160,2
2020-08-26,Kern,029,883053,29706,28507,217,28724,286
2020-08-26,Kings,031,150075,6371,5720,36,5756,62
2020-08-26,Lake,033,64148,348,308,0,308,2
2020-08-26,Lassen,035,31185,720,702,2,704,0
2020-08-26,Los Angeles,037,10098052,241482,235499,1224,236723,5665
2020-08-26,Madera,039,155013,3882,3458,25,3483,32
2020-08-26,Marin,041,260295,6172,5887,15,5902,56
2020-08-26,Mariposa,043,17540,73,68,0,68,2
2020-08-26,Mendocino,045,87422,628,581,0,581,10
2020-08-26,Merced,047,269075,8015,7720,11,7731,74
2020-08-26,Modoc,049,8938,8,5,0,5,0
2020-08-26,Mono,051,14174,163,141,2,143,1
2020-08-26,Monterey,053,433212,8023,7439,22,7461,51
2020-08-26,Napa,055,140530,1471,1382,5,1387,10
2020-08-26,Nevada,057,99092,454,432,13,445,2
2020-08-26,Orange,059,3164182,49973,46157,1149,47306,905
2020-08-26,Placer,061,380077,3059,2846,10,2856,32
2020-08-26,Plumas,063,18699,39,39,0,39,0
2020-08-26,Riverside,065,2383286,53265,51138,55,51193,987
2020-08-26,Sacramento,067,1510023,18227,16708,15,16723,271
2020-08-26,San Benito,069,59416,1099,978,0,978,3
2020-08-26,San Bernardino,071,2135413,48827,45840,300,46140,743
2020-08-26,San Diego,073,3302833,39086,37224,397,37621,668
2020-08-26,San Francisco,075,870044,9559,8938,10,8948,81
2020-08-26,San Joaquin,077,732212,18423,16845,34,16879,309
2020-08-26,San Luis Obispo,079,281455,3056,2761,16,2777,20
2020-08-26,San Mateo,081,765935,8458,7655,7,7662,121
2020-08-26,Santa Barbara,083,443738,8985,7904,69,7973,90
2020-08-26,Santa Clara,085,1922200,18228,16283,33,16316,198
2020-08-26,Santa Cruz,087,273765,1859,1726,17,1743,7
2020-08-26,Shasta,089,179085,611,511,3,514,9
2020-08-26,Sierra,091,2930,6,6,0,6,0
2020-08-26,Siskiyou,093,43540,133,109,8,117,0
2020-08-26,Solano,095,438530,5480,5131,38,5169,34
2020-08-26,Sonoma,097,501317,5860,5283,18,5301,58
2020-08-26,Stanislaus,099,539301,15101,13964,336,14300,186
2020-08-26,Sutter,101,95872,1368,1275,1,1276,9
2020-08-26,Tehama,103,63373,424,396,2,398,1
2020-08-26,Trinity,105,12862,46,10,6,16,0
2020-08-26,Tulare,107,460477,14538,13568,58,13626,232
2020-08-26,Tuolumne,109,53932,200,172,3,175,1
2020-08-26,Ventura,111,848112,11265,10412,87,10499,100
2020-08-26,Yolo,113,214977,2462,2279,4,2283,49
2020-08-26,Yuba,115,75493,859,779,3,782,1
2020-08-25,Alameda,001,1643700,18543,17278,126,17404,232
2020-08-25,Alpine,003,1148,2,2,0,2,0
2020-08-25,Amador,005,37829,272,227,0,227,13
2020-08-25,Butte,007,227075,2088,1718,16,1734,24
2020-08-25,Calaveras,009,45235,238,196,0,196,1
2020-08-25,Colusa,011,21464,455,430,0,430,5
2020-08-25,Contra Costa,013,1133247,14216,13181,48,13229,156
2020-08-25,Del Norte,015,27424,113,83,0,83,1
2020-08-25,El Dorado,017,186661,1003,928,0,928,2
2020-08-25,Fresno,019,978130,27318,23932,300,24232,250
2020-08-25,Glenn,021,27897,446,429,0,429,3
2020-08-25,Humboldt,023,135768,381,342,1,343,4
2020-08-25,Imperial,025,180216,11191,9381,7,9388,217
2020-08-25,Inyo,027,18085,175,144,3,147,1
2020-08-25,Kern,029,883053,29569,28416,217,28633,285
2020-08-25,Kings,031,150075,6214,5702,36,5738,59
2020-08-25,Lake,033,64148,343,304,0,304,2
2020-08-25,Lassen,035,31185,719,692,2,694,0
2020-08-25,Los Angeles,037,10098052,240154,233961,1174,235135,5612
2020-08-25,Madera,039,155013,3867,3446,24,3470,32
2020-08-25,Marin,041,260295,6134,5860,15,5875,56
2020-08-25,Mariposa,043,17540,73,67,0,67,2
2020-08-25,Mendocino,045,87422,620,571,0,571,10
2020-08-25,Merced,047,269075,7948,7693,10,7703,69
2020-08-25,Modoc,049,8938,8,5,0,5,0
2020-08-25,Mono,051,14174,163,129,2,131,1
2020-08-25,Monterey,053,433212,7943,7333,22,7355,51
2020-08-25,Napa,055,140530,1464,1374,5,1379,10
2020-08-25,Nevada,057,99092,451,430,13,443,2
2020-08-25,Orange,059,3164182,49779,45737,1133,46870,902
2020-08-25,Placer,061,380077,3040,2829,7,2836,31
2020-08-25,Plumas,063,18699,39,39,0,39,0
2020-08-25,Riverside,065,2383286,53034,50889,55,50944,981
2020-08-25,Sacramento,067,1510023,18074,16601,15,16616,265
2020-08-25,San Benito,069,59416,1083,973,0,973,3
2020-08-25,San Bernardino,071,2135413,48592,45544,297,45841,727
2020-08-25,San Diego,073,3302833,38807,36996,375,37371,665
2020-08-25,San Francisco,075,870044,9481,8848,10,8858,81
2020-08-25,San Joaquin,077,732212,18296,16795,34,16829,306
2020-08-25,San Luis Obispo,079,281455,2998,2731,15,2746,20
2020-08-25,San Mateo,081,765935,8398,7636,7,7643,120
2020-08-25,Santa Barbara,083,443738,8933,7854,69,7923,90
2020-08-25,Santa Clara,085,1922200,18055,16199,33,16232,194
2020-08-25,Santa Cruz,087,273765,1840,1708,17,1725,7
2020-08-25,Shasta,089,179085,607,511,3,514,9
2020-08-25,Sierra,091,2930,6,6,0,6,0
2020-08-25,Siskiyou,093,43540,132,109,8,117,0
2020-08-25,Solano,095,438530,5419,5114,38,5152,34
2020-08-25,Sonoma,097,501317,5775,5148,18,5166,56
2020-08-25,Stanislaus,099,539301,14993,13886,325,14211,182
2020-08-25,Sutter,101,95872,1351,1259,1,1260,9
2020-08-25,Tehama,103,63373,421,394,2,396,1
2020-08-25,Trinity,105,12862,44,10,6,16,0
2020-08-25,Tulare,107,460477,14435,13514,57,13571,224
2020-08-25,Tuolumne,109,53932,198,172,3,175,1
2020-08-25,Ventura,111,848112,11180,10313,82,10395,99
2020-08-25,Yolo,113,214977,2449,2254,4,2258,50
2020-08-25,Yuba,115,75493,849,775,3,778,1
2020-08-24,Alameda,001,1643700,18349,16913,125,17038,231
2020-08-24,Alpine,003,1148,2,2,0,2,0
2020-08-24,Amador,005,37829,270,227,0,227,13
2020-08-24,Butte,007,227075,2004,1649,16,1665,23
2020-08-24,Calaveras,009,45235,228,187,0,187,1
2020-08-24,Colusa,011,21464,451,425,0,425,5
2020-08-24,Contra Costa,013,1133247,14101,12906,46,12952,153
2020-08-24,Del Norte,015,27424,113,80,0,80,1
2020-08-24,El Dorado,017,186661,995,908,0,908,2
2020-08-24,Fresno,019,978130,27131,23618,293,23911,235
2020-08-24,Glenn,021,27897,444,421,0,421,2
2020-08-24,Humboldt,023,135768,377,340,1,341,4
2020-08-24,Imperial,025,180216,11157,9323,7,9330,210
2020-08-24,Inyo,027,18085,171,144,3,147,2
2020-08-24,Kern,029,883053,29472,28157,211,28368,277
2020-08-24,Kings,031,150075,6126,5652,36,5688,60
2020-08-24,Lake,033,64148,329,302,0,302,2
2020-08-24,Lassen,035,31185,719,693,2,695,0
2020-08-24,Los Angeles,037,10098052,238788,233036,1155,234191,5562
2020-08-24,Madera,039,155013,3840,3418,24,3442,32
2020-08-24,Marin,041,260295,6071,5834,15,5849,56
2020-08-24,Mariposa,043,17540,71,66,0,66,2
2020-08-24,Mendocino,045,87422,605,550,0,550,10
2020-08-24,Merced,047,269075,7870,7605,10,7615,69
2020-08-24,Modoc,049,8938,8,5,0,5,0
2020-08-24,Mono,051,14174,163,129,2,131,1
2020-08-24,Monterey,053,433212,7834,7212,21,7233,50
2020-08-24,Napa,055,140530,1451,1358,5,1363,10
2020-08-24,Nevada,057,99092,446,423,13,436,2
2020-08-24,Orange,059,3164182,49586,45536,1123,46659,887
2020-08-24,Placer,061,380077,2994,2793,7,2800,31
2020-08-24,Plumas,063,18699,39,37,0,37,0
2020-08-24,Riverside,065,2383286,52757,50496,55,50551,975
2020-08-24,Sacramento,067,1510023,17877,16318,15,16333,249
2020-08-24,San Benito,069,59416,1062,961,0,961,3
2020-08-24,San Bernardino,071,2135413,48329,45199,295,45494,720
2020-08-24,San Diego,073,3302833,38519,36729,347,37076,660
2020-08-24,San Francisco,075,870044,9398,8621,10,8631,81
2020-08-24,San Joaquin,077,732212,18155,16565,33,16598,305
2020-08-24,San Luis Obispo,079,281455,2970,2705,15,2720,20
2020-08-24,San Mateo,081,765935,8331,7502,7,7509,120
2020-08-24,Santa Barbara,083,443738,8891,7784,69,7853,90
2020-08-24,Santa Clara,085,1922200,17851,16049,33,16082,192
2020-08-24,Santa Cruz,087,273765,1820,1627,16,1643,6
2020-08-24,Shasta,089,179085,605,505,3,508,9
2020-08-24,Sierra,091,2930,6,6,0,6,0
2020-08-24,Siskiyou,093,43540,128,107,8,115,0
2020-08-24,Solano,095,438530,5370,4979,36,5015,32
2020-08-24,Sonoma,097,501317,5673,5071,18,5089,56
2020-08-24,Stanislaus,099,539301,14894,13521,311,13832,171
2020-08-24,Sutter,101,95872,1332,1219,1,1220,9
2020-08-24,Tehama,103,63373,416,388,2,390,1
2020-08-24,Trinity,105,12862,44,10,6,16,0
2020-08-24,Tulare,107,460477,14328,13360,56,13416,223
2020-08-24,Tuolumne,109,53932,197,170,3,173,1
2020-08-24,Ventura,111,848112,11100,10261,78,10339,99
2020-08-24,Yolo,113,214977,2414,2239,4,2243,47
2020-08-24,Yuba,115,75493,832,750,3,753,1
2020-08-23,Alameda,001,1643700,18126,16786,124,16910,231
2020-08-23,Alpine,003,1148,2,2,0,2,0
2020-08-23,Amador,005,37829,267,227,0,227,13
2020-08-23,Butte,007,227075,1890,1637,16,1653,23
2020-08-23,Calaveras,009,45235,218,187,0,187,1
2020-08-23,Colusa,011,21464,444,424,0,424,5
2020-08-23,Contra Costa,013,1133247,13941,12642,46,12688,153
2020-08-23,Del Norte,015,27424,113,80,0,80,1
2020-08-23,El Dorado,017,186661,982,901,0,901,2
2020-08-23,Fresno,019,978130,26927,23414,289,23703,235
2020-08-23,Glenn,021,27897,437,421,0,421,2
2020-08-23,Humboldt,023,135768,375,341,1,342,4
2020-08-23,Imperial,025,180216,11129,9243,7,9250,210
2020-08-23,Inyo,027,18085,168,144,3,147,2
2020-08-23,Kern,029,883053,29323,28028,206,28234,277
2020-08-23,Kings,031,150075,6083,5628,36,5664,60
2020-08-23,Lake,033,64148,325,299,0,299,2
2020-08-23,Lassen,035,31185,718,693,2,695,0
2020-08-23,Los Angeles,037,10098052,237183,231833,1084,232917,5549
2020-08-23,Madera,039,155013,3808,3401,23,3424,32
2020-08-23,Marin,041,260295,6032,5807,14,5821,50
2020-08-23,Mariposa,043,17540,71,66,0,66,2
2020-08-23,Mendocino,045,87422,601,550,0,550,10
2020-08-23,Merced,047,269075,7801,7574,9,7583,69
2020-08-23,Modoc,049,8938,7,5,0,5,0
2020-08-23,Mono,051,14174,163,129,2,131,1
2020-08-23,Monterey,053,433212,7744,7173,21,7194,50
2020-08-23,Napa,055,140530,1439,1348,5,1353,10
2020-08-23,Nevada,057,99092,441,421,13,434,2
2020-08-23,Orange,059,3164182,49349,45267,1112,46379,887
2020-08-23,Placer,061,380077,2955,2772,7,2779,31
2020-08-23,Plumas,063,18699,39,37,0,37,0
2020-08-23,Riverside,065,2383286,52488,50293,53,50346,955
2020-08-23,Sacramento,067,1510023,17653,16084,14,16098,243
2020-08-23,San Benito,069,59416,1049,938,0,938,3
2020-08-23,San Bernardino,071,2135413,48060,45010,285,45295,719
2020-08-23,San Diego,073,3302833,38198,36542,320,36862,660
2020-08-23,San Francisco,075,870044,9303,8564,9,8573,80
2020-08-23,San Joaquin,077,732212,18022,16069,32,16101,305
2020-08-23,San Luis Obispo,079,281455,2928,2679,15,2694,20
2020-08-23,San Mateo,081,765935,8236,7450,7,7457,120
2020-08-23,Santa Barbara,083,443738,8823,7725,69,7794,90
2020-08-23,Santa Clara,085,1922200,17656,15912,31,15943,191
2020-08-23,Santa Cruz,087,273765,1794,1627,16,1643,6
2020-08-23,Shasta,089,179085,600,501,3,504,9
2020-08-23,Sierra,091,2930,6,6,0,6,0
2020-08-23,Siskiyou,093,43540,123,107,8,115,0
2020-08-23,Solano,095,438530,5312,4977,34,5011,32
2020-08-23,Sonoma,097,501317,5585,5018,18,5036,56
2020-08-23,Stanislaus,099,539301,14759,13483,288,13771,171
2020-08-23,Sutter,101,95872,1310,1203,1,1204,9
2020-08-23,Tehama,103,63373,406,381,2,383,1
2020-08-23,Trinity,105,12862,44,10,6,16,0
2020-08-23,Tulare,107,460477,14196,13303,53,13356,223
2020-08-23,Tuolumne,109,53932,194,164,3,167,1
2020-08-23,Ventura,111,848112,10999,10126,74,10200,99
2020-08-23,Yolo,113,214977,2386,2210,4,2214,47
2020-08-23,Yuba,115,75493,811,750,3,753,1
2020-08-22,Alameda,001,1643700,18032,16648,123,16771,231
2020-08-22,Alpine,003,1148,2,2,0,2,0
2020-08-22,Amador,005,37829,266,224,0,224,13
2020-08-22,Butte,007,227075,1839,1618,16,1634,22
2020-08-22,Calaveras,009,45235,215,187,0,187,1
2020-08-22,Colusa,011,21464,440,419,0,419,5
2020-08-22,Contra Costa,013,1133247,13854,12522,46,12568,153
2020-08-22,Del Norte,015,27424,112,80,0,80,1
2020-08-22,El Dorado,017,186661,980,900,0,900,2
2020-08-22,Fresno,019,978130,26830,23197,288,23485,235
2020-08-22,Glenn,021,27897,436,421,0,421,2
2020-08-22,Humboldt,023,135768,365,334,1,335,4
2020-08-22,Imperial,025,180216,11121,9244,7,9251,210
2020-08-22,Inyo,027,18085,168,144,3,147,1
2020-08-22,Kern,029,883053,29269,27807,206,28013,277
2020-08-22,Kings,031,150075,6074,5447,36,5483,60
2020-08-22,Lake,033,64148,323,291,0,291,2
2020-08-22,Lassen,035,31185,718,693,2,695,0
2020-08-22,Los Angeles,037,10098052,236525,230858,1066,231924,5540
2020-08-22,Madera,039,155013,3789,3330,23,3353,32
2020-08-22,Marin,041,260295,6020,5789,14,5803,49
2020-08-22,Mariposa,043,17540,71,66,0,66,2
2020-08-22,Mendocino,045,87422,598,529,0,529,10
2020-08-22,Merced,047,269075,7773,7493,9,7502,69
2020-08-22,Modoc,049,8938,7,5,0,5,0
2020-08-22,Mono,051,14174,163,129,2,131,1
2020-08-22,Monterey,053,433212,7696,7081,21,7102,50
2020-08-22,Napa,055,140530,1434,1328,5,1333,11
2020-08-22,Nevada,057,99092,441,411,13,424,2
2020-08-22,Orange,059,3164182,49207,45131,1106,46237,885
2020-08-22,Placer,061,380077,2941,2734,7,2741,30
2020-08-22,Plumas,063,18699,39,37,0,37,0
2020-08-22,Riverside,065,2383286,52339,49944,52,49996,953
2020-08-22,Sacramento,067,1510023,17541,15516,14,15530,239
2020-08-22,San Benito,069,59416,1033,912,0,912,3
2020-08-22,San Bernardino,071,2135413,47931,44803,281,45084,719
2020-08-22,San Diego,073,3302833,38016,36205,309,36514,673
2020-08-22,San Francisco,075,870044,9243,8568,9,8577,80
2020-08-22,San Joaquin,077,732212,17966,16068,32,16100,305
2020-08-22,San Luis Obispo,079,281455,2903,2660,15,2675,20
2020-08-22,San Mateo,081,765935,8189,7361,7,7368,120
2020-08-22,Santa Barbara,083,443738,8797,7685,69,7754,90
2020-08-22,Santa Clara,085,1922200,17548,15590,31,15621,190
2020-08-22,Santa Cruz,087,273765,1778,1628,15,1643,6
2020-08-22,Shasta,089,179085,598,493,3,496,9
2020-08-22,Sierra,091,2930,6,6,0,6,0
2020-08-22,Siskiyou,093,43540,123,106,8,114,0
2020-08-22,Solano,095,438530,5282,4944,33,4977,32
2020-08-22,Sonoma,097,501317,5539,4891,18,4909,57
2020-08-22,Stanislaus,099,539301,14709,13380,271,13651,170
2020-08-22,Sutter,101,95872,1303,1189,1,1190,8
2020-08-22,Tehama,103,63373,405,368,2,370,1
2020-08-22,Trinity,105,12862,44,8,6,14,0
2020-08-22,Tulare,107,460477,14129,13196,53,13249,222
2020-08-22,Tuolumne,109,53932,192,162,3,165,1
2020-08-22,Ventura,111,848112,10944,9959,72,10031,99
2020-08-22,Yolo,113,214977,2370,2188,4,2192,47
2020-08-22,Yuba,115,75493,799,738,3,741,1
2020-08-21,Alameda,001,1643700,17941,16413,123,16536,232
2020-08-21,Alpine,003,1148,2,2,0,2,0
2020-08-21,Amador,005,37829,265,223,0,223,11
2020-08-21,Butte,007,227075,1800,1582,16,1598,19
2020-08-21,Calaveras,009,45235,215,182,0,182,1
2020-08-21,Colusa,011,21464,438,418,0,418,5
2020-08-21,Contra Costa,013,1133247,13764,12333,45,12378,149
2020-08-21,Del Norte,015,27424,112,78,0,78,1
2020-08-21,El Dorado,017,186661,976,885,0,885,2
2020-08-21,Fresno,019,978130,26660,22840,287,23127,232
2020-08-21,Glenn,021,27897,432,418,0,418,2
2020-08-21,Humboldt,023,135768,362,331,1,332,4
2020-08-21,Imperial,025,180216,11105,9166,7,9173,204
2020-08-21,Inyo,027,18085,168,144,3,147,1
2020-08-21,Kern,029,883053,29210,27567,204,27771,269
2020-08-21,Kings,031,150075,6052,5391,36,5427,60
2020-08-21,Lake,033,64148,321,281,0,281,2
2020-08-21,Lassen,035,31185,718,693,2,695,0
2020-08-21,Los Angeles,037,10098052,235648,229235,1046,230281,5494
2020-08-21,Madera,039,155013,3759,3271,23,3294,31
2020-08-21,Marin,041,260295,6000,5762,14,5776,49
2020-08-21,Mariposa,043,17540,71,66,0,66,2
2020-08-21,Mendocino,045,87422,588,505,0,505,10
2020-08-21,Merced,047,269075,7744,7357,9,7366,69
2020-08-21,Modoc,049,8938,7,5,0,5,0
2020-08-21,Mono,051,14174,163,128,2,130,1
2020-08-21,Monterey,053,433212,7624,6974,21,6995,49
2020-08-21,Napa,055,140530,1425,1317,5,1322,10
2020-08-21,Nevada,057,99092,440,406,13,419,2
2020-08-21,Orange,059,3164182,49066,44625,1097,45722,875
2020-08-21,Placer,061,380077,2925,2698,6,2704,30
2020-08-21,Plumas,063,18699,39,36,0,36,0
2020-08-21,Riverside,065,2383286,52145,49409,52,49461,932
2020-08-21,Sacramento,067,1510023,17418,15247,14,15261,237
2020-08-21,San Benito,069,59416,1023,891,0,891,3
2020-08-21,San Bernardino,071,2135413,47811,44249,277,44526,668
2020-08-21,San Diego,073,3302833,37812,35914,292,36206,652
2020-08-21,San Francisco,075,870044,9193,8375,9,8384,80
2020-08-21,San Joaquin,077,732212,17883,15888,30,15918,301
2020-08-21,San Luis Obispo,079,281455,2880,2640,15,2655,19
2020-08-21,San Mateo,081,765935,8130,7253,7,7260,120
2020-08-21,Santa Barbara,083,443738,8756,7645,69,7714,86
2020-08-21,Santa Clara,085,1922200,17396,15399,31,15430,190
2020-08-21,Santa Cruz,087,273765,1766,1617,15,1632,6
2020-08-21,Shasta,089,179085,598,486,3,489,9
2020-08-21,Sierra,091,2930,6,6,0,6,0
2020-08-21,Siskiyou,093,43540,123,103,6,109,0
2020-08-21,Solano,095,438530,5259,4891,32,4923,32
2020-08-21,Sonoma,097,501317,5469,4816,18,4834,57
2020-08-21,Stanislaus,099,539301,14640,13282,256,13538,161
2020-08-21,Sutter,101,95872,1290,1173,1,1174,8
2020-08-21,Tehama,103,63373,403,357,2,359,1
2020-08-21,Trinity,105,12862,44,8,6,14,0
2020-08-21,Tulare,107,460477,14057,13002,52,13054,217
2020-08-21,Tuolumne,109,53932,184,161,3,164,1
2020-08-21,Ventura,111,848112,10879,9865,70,9935,98
2020-08-21,Yolo,113,214977,2355,2164,4,2168,46
2020-08-21,Yuba,115,75493,795,717,3,720,1
2020-08-20,Alameda,001,1643700,17782,16174,123,16297,229
2020-08-20,Alpine,003,1148,2,2,0,2,0
2020-08-20,Amador,005,37829,263,222,0,222,11
2020-08-20,Butte,007,227075,1749,1549,16,1565,18
2020-08-20,Calaveras,009,45235,212,179,0,179,1
2020-08-20,Colusa,011,21464,436,415,0,415,5
2020-08-20,Contra Costa,013,1133247,13636,12108,44,12152,144
2020-08-20,Del Norte,015,27424,112,78,0,78,1
2020-08-20,El Dorado,017,186661,972,881,0,881,2
2020-08-20,Fresno,019,978130,26478,22535,282,22817,228
2020-08-20,Glenn,021,27897,427,414,0,414,2
2020-08-20,Humboldt,023,135768,357,318,1,319,4
2020-08-20,Imperial,025,180216,11086,9086,7,9093,196
2020-08-20,Inyo,027,18085,167,144,3,147,1
2020-08-20,Kern,029,883053,29042,27337,193,27530,267
2020-08-20,Kings,031,150075,6012,5347,35,5382,59
2020-08-20,Lake,033,64148,316,280,0,280,2
2020-08-20,Lassen,035,31185,717,693,2,695,0
2020-08-20,Los Angeles,037,10098052,234414,227492,1027,228519,5445
2020-08-20,Madera,039,155013,3733,3197,23,3220,31
2020-08-20,Marin,041,260295,5982,5745,14,5759,47
2020-08-20,Mariposa,043,17540,71,67,0,67,2
2020-08-20,Mendocino,045,87422,577,497,0,497,10
2020-08-20,Merced,047,269075,7669,7173,9,7182,68
2020-08-20,Modoc,049,8938,7,5,0,5,0
2020-08-20,Mono,051,14174,163,128,2,130,1
2020-08-20,Monterey,053,433212,7553,6892,21,6913,47
2020-08-20,Napa,055,140530,1417,1306,5,1311,10
2020-08-20,Nevada,057,99092,439,401,13,414,2
2020-08-20,Orange,059,3164182,48839,44299,1086,45385,849
2020-08-20,Placer,061,380077,2909,2681,6,2687,30
2020-08-20,Plumas,063,18699,39,36,0,36,0
2020-08-20,Riverside,065,2383286,51925,48953,51,49004,927
2020-08-20,Sacramento,067,1510023,17176,14992,14,15006,231
2020-08-20,San Benito,069,59416,1010,866,0,866,3
2020-08-20,San Bernardino,071,2135413,47555,43627,273,43900,665
2020-08-20,San Diego,073,3302833,37592,35610,274,35884,644
2020-08-20,San Francisco,075,870044,9107,8262,9,8271,72
2020-08-20,San Joaquin,077,732212,17790,15778,30,15808,297
2020-08-20,San Luis Obispo,079,281455,2860,2590,15,2605,19
2020-08-20,San Mateo,081,765935,8064,7188,7,7195,120
2020-08-20,Santa Barbara,083,443738,8718,7571,69,7640,81
2020-08-20,Santa Clara,085,1922200,17224,15162,31,15193,190
2020-08-20,Santa Cruz,087,273765,1753,1581,15,1596,6
2020-08-20,Shasta,089,179085,597,478,3,481,9
2020-08-20,Sierra,091,2930,6,6,0,6,0
2020-08-20,Siskiyou,093,43540,122,102,1,103,0
2020-08-20,Solano,095,438530,5215,4843,32,4875,31
2020-08-20,Sonoma,097,501317,5397,4737,18,4755,54
2020-08-20,Stanislaus,099,539301,14544,13120,247,13367,161
2020-08-20,Sutter,101,95872,1266,1158,1,1159,8
2020-08-20,Tehama,103,63373,397,350,2,352,1
2020-08-20,Trinity,105,12862,44,8,6,14,0
2020-08-20,Tulare,107,460477,13949,12907,51,12958,217
2020-08-20,Tuolumne,109,53932,180,159,3,162,1
2020-08-20,Ventura,111,848112,10766,9744,69,9813,93
2020-08-20,Yolo,113,214977,2333,2150,4,2154,47
2020-08-20,Yuba,115,75493,778,709,3,712,1
2020-08-19,Alameda,001,1643700,17623,15874,122,15996,226
2020-08-19,Alpine,003,1148,2,2,0,2,0
2020-08-19,Amador,005,37829,262,219,0,219,9
2020-08-19,Butte,007,227075,1706,1517,16,1533,16
2020-08-19,Calaveras,009,45235,209,177,0,177,1
2020-08-19,Colusa,011,21464,435,415,0,415,5
2020-08-19,Contra Costa,013,1133247,13524,11895,42,11937,142
2020-08-19,Del Norte,015,27424,112,78,0,78,1
2020-08-19,El Dorado,017,186661,966,870,0,870,2
2020-08-19,Fresno,019,978130,26288,22167,273,22440,221
2020-08-19,Glenn,021,27897,425,414,0,414,2
2020-08-19,Humboldt,023,135768,354,316,1,317,4
2020-08-19,Imperial,025,180216,11058,9041,7,9048,192
2020-08-19,Inyo,027,18085,165,140,3,143,1
2020-08-19,Kern,029,883053,28925,27142,189,27331,263
2020-08-19,Kings,031,150075,5839,5301,33,5334,59
2020-08-19,Lake,033,64148,313,277,0,277,2
2020-08-19,Lassen,035,31185,709,693,2,695,0
2020-08-19,Los Angeles,037,10098052,233131,226006,987,226993,5399
2020-08-19,Madera,039,155013,3699,3158,21,3179,30
2020-08-19,Marin,041,260295,5958,5723,13,5736,46
2020-08-19,Mariposa,043,17540,71,64,0,64,2
2020-08-19,Mendocino,045,87422,561,495,0,495,8
2020-08-19,Merced,047,269075,7542,7082,6,7088,66
2020-08-19,Modoc,049,8938,7,5,0,5,0
2020-08-19,Mono,051,14174,163,128,2,130,1
2020-08-19,Monterey,053,433212,7451,6693,21,6714,45
2020-08-19,Napa,055,140530,1412,1293,5,1298,10
2020-08-19,Nevada,057,99092,432,398,13,411,2
2020-08-19,Orange,059,3164182,48634,43938,1083,45021,829
2020-08-19,Placer,061,380077,2887,2659,6,2665,28
2020-08-19,Plumas,063,18699,39,36,0,36,0
2020-08-19,Riverside,065,2383286,51676,48741,51,48792,922
2020-08-19,Sacramento,067,1510023,16995,14764,14,14778,229
2020-08-19,San Benito,069,59416,993,853,0,853,3
2020-08-19,San Bernardino,071,2135413,47256,43224,267,43491,661
2020-08-19,San Diego,073,3302833,37343,35378,259,35637,638
2020-08-19,San Francisco,075,870044,9042,8236,9,8245,72
2020-08-19,San Joaquin,077,732212,17664,15677,29,15706,296
2020-08-19,San Luis Obispo,079,281455,2821,2553,15,2568,19
2020-08-19,San Mateo,081,765935,7996,7146,7,7153,119
2020-08-19,Santa Barbara,083,443738,8669,7499,69,7568,80
2020-08-19,Santa Clara,085,1922200,17078,14994,31,15025,189
2020-08-19,Santa Cruz,087,273765,1727,1554,15,1569,6
2020-08-19,Shasta,089,179085,593,475,3,478,9
2020-08-19,Sierra,091,2930,6,6,0,6,0
2020-08-19,Siskiyou,093,43540,121,103,1,104,0
2020-08-19,Solano,095,438530,5174,4807,32,4839,31
2020-08-19,Sonoma,097,501317,5318,4614,18,4632,54
2020-08-19,Stanislaus,099,539301,14441,13084,225,13309,160
2020-08-19,Sutter,101,95872,1232,1146,1,1147,8
2020-08-19,Tehama,103,63373,391,342,2,344,1
2020-08-19,Trinity,105,12862,43,8,6,14,0
2020-08-19,Tulare,107,460477,13851,12756,51,12807,217
2020-08-19,Tuolumne,109,53932,177,159,3,162,1
2020-08-19,Ventura,111,848112,10674,9587,67,9654,91
2020-08-19,Yolo,113,214977,2310,2126,4,2130,47
2020-08-19,Yuba,115,75493,766,701,3,704,1
2020-08-18,Alameda,001,1643700,17446,15627,120,15747,223
2020-08-18,Alpine,003,1148,2,2,0,2,0
2020-08-18,Amador,005,37829,261,215,0,215,9
2020-08-18,Butte,007,227075,1673,1491,16,1507,16
2020-08-18,Calaveras,009,45235,205,174,0,174,1
2020-08-18,Colusa,011,21464,434,415,0,415,5
2020-08-18,Contra Costa,013,1133247,13404,11689,40,11729,141
2020-08-18,Del Norte,015,27424,111,78,0,78,0
2020-08-18,El Dorado,017,186661,961,866,0,866,2
2020-08-18,Fresno,019,978130,26067,21798,267,22065,212
2020-08-18,Glenn,021,27897,425,407,0,407,2
2020-08-18,Humboldt,023,135768,352,315,1,316,4
2020-08-18,Imperial,025,180216,11024,8968,7,8975,189
2020-08-18,Inyo,027,18085,164,140,3,143,1
2020-08-18,Kern,029,883053,28772,26978,185,27163,263
2020-08-18,Kings,031,150075,5804,5269,32,5301,58
2020-08-18,Lake,033,64148,310,274,0,274,2
2020-08-18,Lassen,035,31185,709,693,2,695,0
2020-08-18,Los Angeles,037,10098052,231850,224218,950,225168,5339
2020-08-18,Madera,039,155013,3671,3125,21,3146,28
2020-08-18,Marin,041,260295,5928,5708,13,5721,47
2020-08-18,Mariposa,043,17540,71,61,0,61,2
2020-08-18,Mendocino,045,87422,552,468,0,468,8
2020-08-18,Merced,047,269075,7494,6940,6,6946,66
2020-08-18,Modoc,049,8938,7,5,0,5,0
2020-08-18,Mono,051,14174,162,129,2,131,1
2020-08-18,Monterey,053,433212,7359,6691,20,6711,44
2020-08-18,Napa,055,140530,1409,1274,5,1279,10
2020-08-18,Nevada,057,99092,425,389,13,402,2
2020-08-18,Orange,059,3164182,48409,43659,1068,44727,809
2020-08-18,Placer,061,380077,2861,2644,5,2649,28
2020-08-18,Plumas,063,18699,39,34,0,34,0
2020-08-18,Riverside,065,2383286,51346,48447,51,48498,917
2020-08-18,Sacramento,067,1510023,16766,14610,13,14623,222
2020-08-18,San Benito,069,59416,973,836,0,836,3
2020-08-18,San Bernardino,071,2135413,46974,42827,261,43088,648
2020-08-18,San Diego,073,3302833,37050,35164,227,35391,633
2020-08-18,San Francisco,075,870044,8956,8016,9,8025,72
2020-08-18,San Joaquin,077,732212,17548,15509,28,15537,290
2020-08-18,San Luis Obispo,079,281455,2797,2535,14,2549,18
2020-08-18,San Mateo,081,765935,7934,7074,7,7081,119
2020-08-18,Santa Barbara,083,443738,8627,7472,69,7541,81
2020-08-18,Santa Clara,085,1922200,16905,14786,30,14816,184
2020-08-18,Santa Cruz,087,273765,1714,1509,15,1524,6
2020-08-18,Shasta,089,179085,589,468,3,471,9
2020-08-18,Sierra,091,2930,6,6,0,6,0
2020-08-18,Siskiyou,093,43540,120,103,1,104,0
2020-08-18,Solano,095,438530,5147,4700,32,4732,31
2020-08-18,Sonoma,097,501317,5249,4506,18,4524,48
2020-08-18,Stanislaus,099,539301,14343,12935,209,13144,149
2020-08-18,Sutter,101,95872,1213,1126,1,1127,8
2020-08-18,Tehama,103,63373,381,333,2,335,1
2020-08-18,Trinity,105,12862,41,8,6,14,0
2020-08-18,Tulare,107,460477,13720,12637,48,12685,212
2020-08-18,Tuolumne,109,53932,174,159,3,162,1
2020-08-18,Ventura,111,848112,10584,9536,62,9598,89
2020-08-18,Yolo,113,214977,2287,2102,4,2106,47
2020-08-18,Yuba,115,75493,758,679,3,682,1
2020-08-17,Alameda,001,1643700,17253,15454,119,15573,221
2020-08-17,Alpine,003,1148,2,2,0,2,0
2020-08-17,Amador,005,37829,261,215,0,215,9
2020-08-17,Butte,007,227075,1628,1463,16,1479,15
2020-08-17,Calaveras,009,45235,201,167,0,167,1
2020-08-17,Colusa,011,21464,431,408,0,408,5
2020-08-17,Contra Costa,013,1133247,13267,11442,40,11482,141
2020-08-17,Del Norte,015,27424,107,77,0,77,0
2020-08-17,El Dorado,017,186661,958,846,0,846,2
2020-08-17,Fresno,019,978130,25858,21316,260,21576,211
2020-08-17,Glenn,021,27897,424,402,0,402,2
2020-08-17,Humboldt,023,135768,348,302,1,303,4
2020-08-17,Imperial,025,180216,10983,8897,7,8904,188
2020-08-17,Inyo,027,18085,156,124,3,127,1
2020-08-17,Kern,029,883053,28624,26773,174,26947,249
2020-08-17,Kings,031,150075,5766,5249,32,5281,58
2020-08-17,Lake,033,64148,305,270,0,270,2
2020-08-17,Lassen,035,31185,709,666,2,668,0
2020-08-17,Los Angeles,037,10098052,230332,223418,901,224319,5282
2020-08-17,Madera,039,155013,3628,3050,20,3070,26
2020-08-17,Marin,041,260295,5905,5683,12,5695,46
2020-08-17,Mariposa,043,17540,71,61,0,61,2
2020-08-17,Mendocino,045,87422,534,454,0,454,8
2020-08-17,Merced,047,269075,7399,6814,6,6820,66
2020-08-17,Modoc,049,8938,7,5,0,5,0
2020-08-17,Mono,051,14174,162,126,2,128,1
2020-08-17,Monterey,053,433212,7259,6553,20,6573,44
2020-08-17,Napa,055,140530,1388,1255,5,1260,10
2020-08-17,Nevada,057,99092,420,383,13,396,2
2020-08-17,Orange,059,3164182,48199,43621,1055,44676,804
2020-08-17,Placer,061,380077,2836,2609,5,2614,28
2020-08-17,Plumas,063,18699,39,33,0,33,0
2020-08-17,Riverside,065,2383286,51015,48062,49,48111,916
2020-08-17,Sacramento,067,1510023,16546,14333,13,14346,219
2020-08-17,San Benito,069,59416,958,822,0,822,2
2020-08-17,San Bernardino,071,2135413,46629,42005,253,42258,604
2020-08-17,San Diego,073,3302833,36784,34962,213,35175,626
2020-08-17,San Francisco,075,870044,8885,7600,9,7609,72
2020-08-17,San Joaquin,077,732212,17385,15323,27,15350,280
2020-08-17,San Luis Obispo,079,281455,2764,2527,14,2541,18
2020-08-17,San Mateo,081,765935,7877,6987,6,6993,118
2020-08-17,Santa Barbara,083,443738,8585,7438,69,7507,80
2020-08-17,Santa Clara,085,1922200,16684,14546,30,14576,183
2020-08-17,Santa Cruz,087,273765,1698,1453,14,1467,6
2020-08-17,Shasta,089,179085,583,467,3,470,9
2020-08-17,Sierra,091,2930,6,6,0,6,0
2020-08-17,Siskiyou,093,43540,119,103,0,103,0
2020-08-17,Solano,095,438530,5090,4479,32,4511,31
2020-08-17,Sonoma,097,501317,5160,4402,16,4418,48
2020-08-17,Stanislaus,099,539301,14218,12745,202,12947,148
2020-08-17,Sutter,101,95872,1197,1071,1,1072,8
2020-08-17,Tehama,103,63373,372,324,2,326,1
2020-08-17,Trinity,105,12862,41,8,6,14,0
2020-08-17,Tulare,107,460477,13607,12487,47,12534,210
2020-08-17,Tuolumne,109,53932,171,157,3,160,1
2020-08-17,Ventura,111,848112,10461,9490,57,9547,89
2020-08-17,Yolo,113,214977,2260,2083,4,2087,47
2020-08-17,Yuba,115,75493,743,647,3,650,1
2020-08-16,Alameda,001,1643700,16962,15338,119,15457,221
2020-08-16,Alpine,003,1148,2,2,0,2,0
2020-08-16,Amador,005,37829,258,215,0,215,9
2020-08-16,Butte,007,227075,1590,1432,16,1448,15
2020-08-16,Calaveras,009,45235,194,167,0,167,1
2020-08-16,Colusa,011,21464,429,407,0,407,5
2020-08-16,Contra Costa,013,1133247,13081,11255,40,11295,140
2020-08-16,Del Norte,015,27424,103,77,0,77,0
2020-08-16,El Dorado,017,186661,946,843,0,843,2
2020-08-16,Fresno,019,978130,25637,21010,255,21265,211
2020-08-16,Glenn,021,27897,422,400,0,400,2
2020-08-16,Humboldt,023,135768,346,301,1,302,4
2020-08-16,Imperial,025,180216,10939,8883,7,8890,188
2020-08-16,Inyo,027,18085,149,125,2,127,1
2020-08-16,Kern,029,883053,28423,26520,166,26686,249
2020-08-16,Kings,031,150075,5735,5146,32,5178,58
2020-08-16,Lake,033,64148,301,269,0,269,2
2020-08-16,Lassen,035,31185,709,666,2,668,0
2020-08-16,Los Angeles,037,10098052,228765,222236,871,223107,5263
2020-08-16,Madera,039,155013,3583,3013,20,3033,26
2020-08-16,Marin,041,260295,5879,5664,12,5676,46
2020-08-16,Mariposa,043,17540,71,61,0,61,2
2020-08-16,Mendocino,045,87422,526,451,0,451,8
2020-08-16,Merced,047,269075,7317,6744,6,6750,66
2020-08-16,Modoc,049,8938,7,5,0,5,0
2020-08-16,Mono,051,14174,162,126,2,128,1
2020-08-16,Monterey,053,433212,7161,6516,19,6535,44
2020-08-16,Napa,055,140530,1370,1241,3,1244,10
2020-08-16,Nevada,057,99092,409,379,13,392,2
2020-08-16,Orange,059,3164182,47950,43303,1044,44347,803
2020-08-16,Placer,061,380077,2807,2583,4,2587,28
2020-08-16,Plumas,063,18699,39,33,0,33,0
2020-08-16,Riverside,065,2383286,50685,47669,48,47717,910
2020-08-16,Sacramento,067,1510023,16306,14210,13,14223,219
2020-08-16,San Benito,069,59416,929,815,0,815,2
2020-08-16,San Bernardino,071,2135413,46205,41724,245,41969,603
2020-08-16,San Diego,073,3302833,36520,34680,198,34878,626
2020-08-16,San Francisco,075,870044,8797,7602,9,7611,72
2020-08-16,San Joaquin,077,732212,17182,15288,27,15315,280
2020-08-16,San Luis Obispo,079,281455,2735,2494,14,2508,17
2020-08-16,San Mateo,081,765935,7802,6942,6,6948,118
2020-08-16,Santa Barbara,083,443738,8536,7368,69,7437,79
2020-08-16,Santa Clara,085,1922200,16486,14329,30,14359,183
2020-08-16,Santa Cruz,087,273765,1671,1449,13,1462,6
2020-08-16,Shasta,089,179085,576,465,3,468,9
2020-08-16,Sierra,091,2930,6,6,0,6,0
2020-08-16,Siskiyou,093,43540,118,102,0,102,0
2020-08-16,Solano,095,438530,5030,4479,32,4511,31
2020-08-16,Sonoma,097,501317,5056,4329,16,4345,46
2020-08-16,Stanislaus,099,539301,14061,12668,191,12859,148
2020-08-16,Sutter,101,95872,1179,1071,1,1072,8
2020-08-16,Tehama,103,63373,362,318,2,320,1
2020-08-16,Trinity,105,12862,38,8,6,14,0
2020-08-16,Tulare,107,460477,13475,12334,44,12378,211
2020-08-16,Tuolumne,109,53932,171,156,3,159,1
2020-08-16,Ventura,111,848112,10352,9408,52,9460,89
2020-08-16,Yolo,113,214977,2241,2057,4,2061,47
2020-08-16,Yuba,115,75493,734,647,2,649,1
2020-08-15,Alameda,001,1643700,16885,15165,119,15284,221
2020-08-15,Alpine,003,1148,2,2,0,2,0
2020-08-15,Amador,005,37829,258,210,0,210,9
2020-08-15,Butte,007,227075,1568,1409,16,1425,15
2020-08-15,Calaveras,009,45235,192,167,0,167,1
2020-08-15,Colusa,011,21464,428,401,0,401,5
2020-08-15,Contra Costa,013,1133247,12985,11106,40,11146,138
2020-08-15,Del Norte,015,27424,103,77,0,77,0
2020-08-15,El Dorado,017,186661,941,838,0,838,2
2020-08-15,Fresno,019,978130,25521,20603,253,20856,211
2020-08-15,Glenn,021,27897,422,398,0,398,2
2020-08-15,Humboldt,023,135768,345,301,1,302,4
2020-08-15,Imperial,025,180216,10919,8794,7,8801,188
2020-08-15,Inyo,027,18085,149,123,2,125,1
2020-08-15,Kern,029,883053,28335,26338,166,26504,249
2020-08-15,Kings,031,150075,5717,5039,32,5071,56
2020-08-15,Lake,033,64148,299,268,0,268,2
2020-08-15,Lassen,035,31185,709,666,2,668,0
2020-08-15,Los Angeles,037,10098052,228013,221043,862,221905,5252
2020-08-15,Madera,039,155013,3533,2950,20,2970,26
2020-08-15,Marin,041,260295,5872,5628,12,5640,46
2020-08-15,Mariposa,043,17540,71,61,0,61,2
2020-08-15,Mendocino,045,87422,522,444,0,444,8
2020-08-15,Merced,047,269075,7283,6656,6,6662,66
2020-08-15,Modoc,049,8938,7,5,0,5,0
2020-08-15,Mono,051,14174,162,126,2,128,1
2020-08-15,Monterey,053,433212,7116,6162,19,6181,44
2020-08-15,Napa,055,140530,1360,1232,3,1235,10
2020-08-15,Nevada,057,99092,409,376,13,389,2
2020-08-15,Orange,059,3164182,47837,42811,1033,43844,801
2020-08-15,Placer,061,380077,2786,2551,4,2555,27
2020-08-15,Plumas,063,18699,39,33,0,33,0
2020-08-15,Riverside,065,2383286,50534,46720,48,46768,910
2020-08-15,Sacramento,067,1510023,16196,14018,13,14031,219
2020-08-15,San Benito,069,59416,916,805,0,805,2
2020-08-15,San Bernardino,071,2135413,46053,41231,243,41474,602
2020-08-15,San Diego,073,3302833,36354,34346,184,34530,639
2020-08-15,San Francisco,075,870044,8733,7601,9,7610,69
2020-08-15,San Joaquin,077,732212,17109,15113,27,15140,280
2020-08-15,San Luis Obispo,079,281455,2718,2461,14,2475,17
2020-08-15,San Mateo,081,765935,7765,6860,6,6866,118
2020-08-15,Santa Barbara,083,443738,8508,7338,69,7407,79
2020-08-15,Santa Clara,085,1922200,16390,14105,30,14135,183
2020-08-15,Santa Cruz,087,273765,1650,1449,13,1462,6
2020-08-15,Shasta,089,179085,573,458,3,461,9
2020-08-15,Sierra,091,2930,6,6,0,6,0
2020-08-15,Siskiyou,093,43540,117,100,0,100,0
2020-08-15,Solano,095,438530,5008,4477,32,4509,31
2020-08-15,Sonoma,097,501317,5001,4134,16,4150,45
2020-08-15,Stanislaus,099,539301,13997,12541,190,12731,149
2020-08-15,Sutter,101,95872,1168,1046,1,1047,8
2020-08-15,Tehama,103,63373,361,312,2,314,1
2020-08-15,Trinity,105,12862,36,6,6,12,0
2020-08-15,Tulare,107,460477,13437,12262,44,12306,211
2020-08-15,Tuolumne,109,53932,171,155,3,158,1
2020-08-15,Ventura,111,848112,10293,9379,50,9429,89
2020-08-15,Yolo,113,214977,2229,2031,4,2035,46
2020-08-15,Yuba,115,75493,730,623,2,625,1
2020-08-14,Alameda,001,1643700,16746,14909,119,15028,221
2020-08-14,Alpine,003,1148,2,2,0,2,0
2020-08-14,Amador,005,37829,258,209,0,209,9
2020-08-14,Butte,007,227075,1559,1384,16,1400,15
2020-08-14,Calaveras,009,45235,188,165,0,165,1
2020-08-14,Colusa,011,21464,426,399,0,399,5
2020-08-14,Contra Costa,013,1133247,12873,10893,40,10933,137
2020-08-14,Del Norte,015,27424,103,76,0,76,0
2020-08-14,El Dorado,017,186661,933,827,0,827,2
2020-08-14,Fresno,019,978130,25387,19900,253,20153,208
2020-08-14,Glenn,021,27897,420,395,0,395,2
2020-08-14,Humboldt,023,135768,339,294,1,295,4
2020-08-14,Imperial,025,180216,10895,8756,7,8763,185
2020-08-14,Inyo,027,18085,148,115,2,117,1
2020-08-14,Kern,029,883053,28231,25893,165,26058,249
2020-08-14,Kings,031,150075,5703,4953,32,4985,56
2020-08-14,Lake,033,64148,290,267,0,267,2
2020-08-14,Lassen,035,31185,709,665,2,667,0
2020-08-14,Los Angeles,037,10098052,226847,219083,845,219928,5222
2020-08-14,Madera,039,155013,3503,2876,20,2896,26
2020-08-14,Marin,041,260295,5861,5601,12,5613,46
2020-08-14,Mariposa,043,17540,70,61,0,61,2
2020-08-14,Mendocino,045,87422,513,432,0,432,8
2020-08-14,Merced,047,269075,7253,6466,6,6472,67
2020-08-14,Modoc,049,8938,7,5,0,5,0
2020-08-14,Mono,051,14174,162,126,2,128,1
2020-08-14,Monterey,053,433212,7065,6121,19,6140,41
2020-08-14,Napa,055,140530,1350,1230,3,1233,10
2020-08-14,Nevada,057,99092,405,377,13,390,2
2020-08-14,Orange,059,3164182,47688,42399,1020,43419,798
2020-08-14,Placer,061,380077,2767,2546,4,2550,26
2020-08-14,Plumas,063,18699,38,33,0,33,0
2020-08-14,Riverside,065,2383286,50305,46456,48,46504,891
2020-08-14,Sacramento,067,1510023,16046,13645,13,13658,212
2020-08-14,San Benito,069,59416,899,783,0,783,2
2020-08-14,San Bernardino,071,2135413,45866,40442,240,40682,594
2020-08-14,San Diego,073,3302833,36160,34067,177,34244,622
2020-08-14,San Francisco,075,870044,8674,7467,9,7476,69
2020-08-14,San Joaquin,077,732212,17009,14925,27,14952,276
2020-08-14,San Luis Obispo,079,281455,2703,2422,14,2436,17
2020-08-14,San Mateo,081,765935,7706,6655,6,6661,118
2020-08-14,Santa Barbara,083,443738,8458,7302,69,7371,77
2020-08-14,Santa Clara,085,1922200,16224,13785,29,13814,183
2020-08-14,Santa Cruz,087,273765,1628,1418,12,1430,6
2020-08-14,Shasta,089,179085,568,446,3,449,9
2020-08-14,Sierra,091,2930,6,5,0,5,0
2020-08-14,Siskiyou,093,43540,117,98,0,98,0
2020-08-14,Solano,095,438530,4987,4421,32,4453,31
2020-08-14,Sonoma,097,501317,4942,4087,13,4100,45
2020-08-14,Stanislaus,099,539301,13920,12379,186,12565,140
2020-08-14,Sutter,101,95872,1160,1039,1,1040,8
2020-08-14,Tehama,103,63373,357,305,2,307,1
2020-08-14,Trinity,105,12862,36,6,6,12,0
2020-08-14,Tulare,107,460477,13360,12009,44,12053,211
2020-08-14,Tuolumne,109,53932,170,155,3,158,1
2020-08-14,Ventura,111,848112,10218,9313,50,9363,89
2020-08-14,Yolo,113,214977,2215,1991,4,1995,45
2020-08-14,Yuba,115,75493,714,606,2,608,1
2020-08-13,Alameda,001,1643700,16469,14385,119,14504,218
2020-08-13,Alpine,003,1148,2,2,0,2,0
2020-08-13,Amador,005,37829,258,198,0,198,8
2020-08-13,Butte,007,227075,1534,1345,16,1361,15
2020-08-13,Calaveras,009,45235,186,162,0,162,1
2020-08-13,Colusa,011,21464,426,395,0,395,5
2020-08-13,Contra Costa,013,1133247,12719,10545,39,10584,136
2020-08-13,Del Norte,015,27424,102,74,0,74,0
2020-08-13,El Dorado,017,186661,928,803,0,803,2
2020-08-13,Fresno,019,978130,25160,19157,247,19404,201
2020-08-13,Glenn,021,27897,416,392,0,392,1
2020-08-13,Humboldt,023,135768,331,281,1,282,4
2020-08-13,Imperial,025,180216,10864,8640,7,8647,170
2020-08-13,Inyo,027,18085,144,97,2,99,1
2020-08-13,Kern,029,883053,28064,25472,162,25634,242
2020-08-13,Kings,031,150075,5668,4824,32,4856,52
2020-08-13,Lake,033,64148,285,263,0,263,2
2020-08-13,Lassen,035,31185,709,652,2,654,0
2020-08-13,Los Angeles,037,10098052,225451,216497,823,217320,5179
2020-08-13,Madera,039,155013,3459,2675,19,2694,25
2020-08-13,Marin,041,260295,5845,5503,12,5515,44
2020-08-13,Mariposa,043,17540,69,61,0,61,2
2020-08-13,Mendocino,045,87422,508,401,0,401,8
2020-08-13,Merced,047,269075,7135,5945,6,5951,63
2020-08-13,Modoc,049,8938,7,5,0,5,0
2020-08-13,Mono,051,14174,162,124,2,126,1
2020-08-13,Monterey,053,433212,6982,5925,19,5944,38
2020-08-13,Napa,055,140530,1341,1179,3,1182,10
2020-08-13,Nevada,057,99092,401,362,13,375,1
2020-08-13,Orange,059,3164182,47449,42019,1008,43027,773
2020-08-13,Placer,061,380077,2744,2460,4,2464,26
2020-08-13,Plumas,063,18699,38,32,0,32,0
2020-08-13,Riverside,065,2383286,50010,45327,48,45375,885
2020-08-13,Sacramento,067,1510023,15844,13237,13,13250,197
2020-08-13,San Benito,069,59416,870,757,0,757,2
2020-08-13,San Bernardino,071,2135413,45471,39395,234,39629,591
2020-08-13,San Diego,073,3302833,35924,33661,159,33820,627
2020-08-13,San Francisco,075,870044,8580,7277,9,7286,69
2020-08-13,San Joaquin,077,732212,16854,14537,26,14563,261
2020-08-13,San Luis Obispo,079,281455,2682,2283,14,2297,16
2020-08-13,San Mateo,081,765935,7644,6503,6,6509,117
2020-08-13,Santa Barbara,083,443738,8413,7129,68,7197,74
2020-08-13,Santa Clara,085,1922200,16001,13257,29,13286,182
2020-08-13,Santa Cruz,087,273765,1603,1383,12,1395,6
2020-08-13,Shasta,089,179085,563,428,3,431,9
2020-08-13,Sierra,091,2930,6,5,0,5,0
2020-08-13,Siskiyou,093,43540,117,95,0,95,0
2020-08-13,Solano,095,438530,4950,4305,32,4337,31
2020-08-13,Sonoma,097,501317,4868,3902,13,3915,45
2020-08-13,Stanislaus,099,539301,13790,11953,170,12123,136
2020-08-13,Sutter,101,95872,1138,992,1,993,8
2020-08-13,Tehama,103,63373,348,302,2,304,1
2020-08-13,Trinity,105,12862,35,6,6,12,0
2020-08-13,Tulare,107,460477,13217,11692,41,11733,210
2020-08-13,Tuolumne,109,53932,169,152,3,155,1
2020-08-13,Ventura,111,848112,10129,9114,50,9164,90
2020-08-13,Yolo,113,214977,2188,1938,4,1942,44
2020-08-13,Yuba,115,75493,698,568,2,570,1
2020-08-12,Alameda,001,1643700,16256,14214,119,14333,215
2020-08-12,Alpine,003,1148,2,2,0,2,0
2020-08-12,Amador,005,37829,255,197,0,197,8
2020-08-12,Butte,007,227075,1506,1317,16,1333,15
2020-08-12,Calaveras,009,45235,183,157,0,157,1
2020-08-12,Colusa,011,21464,421,394,0,394,5
2020-08-12,Contra Costa,013,1133247,12574,10304,38,10342,134
2020-08-12,Del Norte,015,27424,101,74,0,74,0
2020-08-12,El Dorado,017,186661,910,794,0,794,2
2020-08-12,Fresno,019,978130,24930,18690,241,18931,194
2020-08-12,Glenn,021,27897,413,388,0,388,1
2020-08-12,Humboldt,023,135768,324,281,1,282,4
2020-08-12,Imperial,025,180216,10841,8566,7,8573,167
2020-08-12,Inyo,027,18085,127,97,2,99,1
2020-08-12,Kern,029,883053,27872,25191,160,25351,232
2020-08-12,Kings,031,150075,5629,4736,32,4768,50
2020-08-12,Lake,033,64148,283,253,0,253,2
2020-08-12,Lassen,035,31185,708,651,2,653,0
2020-08-12,Los Angeles,037,10098052,224002,214542,807,215349,5119
2020-08-12,Madera,039,155013,3425,2681,17,2698,23
2020-08-12,Marin,041,260295,5823,5423,12,5435,44
2020-08-12,Mariposa,043,17540,69,61,0,61,2
2020-08-12,Mendocino,045,87422,489,386,0,386,9
2020-08-12,Merced,047,269075,7073,5777,6,5783,66
2020-08-12,Modoc,049,8938,7,5,0,5,0
2020-08-12,Mono,051,14174,161,124,2,126,1
2020-08-12,Monterey,053,433212,6878,5919,19,5938,38
2020-08-12,Napa,055,140530,1331,1161,3,1164,10
2020-08-12,Nevada,057,99092,396,357,13,370,1
2020-08-12,Orange,059,3164182,47198,41576,984,42560,754
2020-08-12,Placer,061,380077,2712,2417,4,2421,25
2020-08-12,Plumas,063,18699,38,31,0,31,0
2020-08-12,Riverside,065,2383286,49662,44747,48,44795,867
2020-08-12,Sacramento,067,1510023,15632,12528,13,12541,189
2020-08-12,San Benito,069,59416,857,751,0,751,2
2020-08-12,San Bernardino,071,2135413,45128,38811,225,39036,589
2020-08-12,San Diego,073,3302833,35715,33395,139,33534,608
2020-08-12,San Francisco,075,870044,8496,7194,9,7203,66
2020-08-12,San Joaquin,077,732212,16708,14154,26,14180,253
2020-08-12,San Luis Obispo,079,281455,2657,2263,14,2277,15
2020-08-12,San Mateo,081,765935,7565,6427,6,6433,117
2020-08-12,Santa Barbara,083,443738,8353,7049,66,7115,74
2020-08-12,Santa Clara,085,1922200,15825,13002,29,13031,182
2020-08-12,Santa Cruz,087,273765,1574,1382,11,1393,6
2020-08-12,Shasta,089,179085,559,417,3,420,9
2020-08-12,Sierra,091,2930,5,4,0,4,0
2020-08-12,Siskiyou,093,43540,116,90,0,90,0
2020-08-12,Solano,095,438530,4905,4258,32,4290,31
2020-08-12,Sonoma,097,501317,4794,3847,13,3860,47
2020-08-12,Stanislaus,099,539301,13651,11682,162,11844,136
2020-08-12,Sutter,101,95872,1114,987,1,988,7
2020-08-12,Tehama,103,63373,338,289,2,291,1
2020-08-12,Trinity,105,12862,34,6,6,12,0
2020-08-12,Tulare,107,460477,13089,11460,41,11501,211
2020-08-12,Tuolumne,109,53932,168,150,3,153,1
2020-08-12,Ventura,111,848112,10042,9005,50,9055,87
2020-08-12,Yolo,113,214977,2164,1921,4,1925,44
2020-08-12,Yuba,115,75493,676,549,1,550,1
2020-08-11,Alameda,001,1643700,15997,13960,116,14076,204
2020-08-11,Alpine,003,1148,2,2,0,2,0
2020-08-11,Amador,005,37829,249,187,0,187,3
2020-08-11,Butte,007,227075,1479,1296,16,1312,15
2020-08-11,Calaveras,009,45235,181,161,0,161,1
2020-08-11,Colusa,011,21464,416,390,0,390,5
2020-08-11,Contra Costa,013,1133247,12385,10012,36,10048,131
2020-08-11,Del Norte,015,27424,100,73,0,73,0
2020-08-11,El Dorado,017,186661,903,786,0,786,2
2020-08-11,Fresno,019,978130,24607,18344,238,18582,187
2020-08-11,Glenn,021,27897,411,380,0,380,1
2020-08-11,Humboldt,023,135768,319,283,1,284,4
2020-08-11,Imperial,025,180216,10786,8518,7,8525,165
2020-08-11,Inyo,027,18085,122,97,2,99,1
2020-08-11,Kern,029,883053,27537,25042,158,25200,230
2020-08-11,Kings,031,150075,5438,4696,32,4728,50
2020-08-11,Lake,033,64148,280,243,0,243,2
2020-08-11,Lassen,035,31185,702,605,2,607,0
2020-08-11,Los Angeles,037,10098052,222498,212421,783,213204,5065
2020-08-11,Madera,039,155013,3371,2673,17,2690,22
2020-08-11,Marin,041,260295,5795,5287,11,5298,44
2020-08-11,Mariposa,043,17540,68,60,0,60,2
2020-08-11,Mendocino,045,87422,479,385,0,385,9
2020-08-11,Merced,047,269075,6978,5322,5,5327,65
2020-08-11,Modoc,049,8938,7,5,0,5,0
2020-08-11,Mono,051,14174,161,124,2,126,1
2020-08-11,Monterey,053,433212,6770,5624,19,5643,36
2020-08-11,Napa,055,140530,1320,1143,2,1145,11
2020-08-11,Nevada,057,99092,393,358,13,371,1
2020-08-11,Orange,059,3164182,46977,41205,961,42166,742
2020-08-11,Placer,061,380077,2680,2393,4,2397,24
2020-08-11,Plumas,063,18699,38,31,0,31,0
2020-08-11,Riverside,065,2383286,49303,44237,48,44285,836
2020-08-11,Sacramento,067,1510023,15341,12298,13,12311,182
2020-08-11,San Benito,069,59416,845,750,0,750,2
2020-08-11,San Bernardino,071,2135413,44787,38467,218,38685,584
2020-08-11,San Diego,073,3302833,35448,33159,120,33279,602
2020-08-11,San Francisco,075,870044,8400,6988,9,6997,66
2020-08-11,San Joaquin,077,732212,16531,13997,21,14018,251
2020-08-11,San Luis Obispo,079,281455,2600,2234,14,2248,15
2020-08-11,San Mateo,081,765935,7490,6339,6,6345,117
2020-08-11,Santa Barbara,083,443738,8303,6942,66,7008,70
2020-08-11,Santa Clara,085,1922200,15604,12920,29,12949,183
2020-08-11,Santa Cruz,087,273765,1551,1352,11,1363,4
2020-08-11,Shasta,089,179085,555,416,3,419,9
2020-08-11,Sierra,091,2930,5,4,0,4,0
2020-08-11,Siskiyou,093,43540,116,90,0,90,0
2020-08-11,Solano,095,438530,4857,4206,31,4237,31
2020-08-11,Sonoma,097,501317,4700,3752,13,3765,45
2020-08-11,Stanislaus,099,539301,13547,11592,150,11742,128
2020-08-11,Sutter,101,95872,1092,964,1,965,7
2020-08-11,Tehama,103,63373,334,289,2,291,1
2020-08-11,Trinity,105,12862,34,5,6,11,0
2020-08-11,Tulare,107,460477,12964,11392,40,11432,201
2020-08-11,Tuolumne,109,53932,163,146,3,149,1
2020-08-11,Ventura,111,848112,9974,8953,49,9002,88
2020-08-11,Yolo,113,214977,2142,1912,4,1916,44
2020-08-11,Yuba,115,75493,665,540,1,541,1
2020-08-10,Alameda,001,1643700,15755,13420,115,13535,203
2020-08-10,Alpine,003,1148,2,2,0,2,0
2020-08-10,Amador,005,37829,248,172,0,172,2
2020-08-10,Butte,007,227075,1455,1174,14,1188,15
2020-08-10,Calaveras,009,45235,171,121,0,121,1
2020-08-10,Colusa,011,21464,414,387,0,387,4
2020-08-10,Contra Costa,013,1133247,12232,9454,34,9488,130
2020-08-10,Del Norte,015,27424,98,69,0,69,0
2020-08-10,El Dorado,017,186661,891,771,0,771,2
2020-08-10,Fresno,019,978130,24325,17978,237,18215,183
2020-08-10,Glenn,021,27897,408,381,0,381,1
2020-08-10,Humboldt,023,135768,313,277,1,278,4
2020-08-10,Imperial,025,180216,10742,8465,7,8472,165
2020-08-10,Inyo,027,18085,122,97,2,99,1
2020-08-10,Kern,029,883053,27311,24499,157,24656,215
2020-08-10,Kings,031,150075,5332,4588,32,4620,50
2020-08-10,Lake,033,64148,273,239,0,239,2
2020-08-10,Lassen,035,31185,702,588,2,590,0
2020-08-10,Los Angeles,037,10098052,220915,211035,765,211800,5003
2020-08-10,Madera,039,155013,3338,2365,16,2381,22
2020-08-10,Marin,041,260295,5750,5242,10,5252,44
2020-08-10,Mariposa,043,17540,68,57,0,57,2
2020-08-10,Mendocino,045,87422,455,364,0,364,1
2020-08-10,Merced,047,269075,6897,4913,5,4918,51
2020-08-10,Modoc,049,8938,7,5,0,5,0
2020-08-10,Mono,051,14174,161,123,2,125,1
2020-08-10,Monterey,053,433212,6660,5358,19,5377,34
2020-08-10,Napa,055,140530,1302,1084,2,1086,8
2020-08-10,Nevada,057,99092,385,356,13,369,1
2020-08-10,Orange,059,3164182,46707,40445,943,41388,721
2020-08-10,Placer,061,380077,2641,2298,4,2302,21
2020-08-10,Plumas,063,18699,38,27,0,27,0
2020-08-10,Riverside,065,2383286,48918,43296,47,43343,830
2020-08-10,Sacramento,067,1510023,15030,12059,13,12072,168
2020-08-10,San Benito,069,59416,832,743,0,743,2
2020-08-10,San Bernardino,071,2135413,44410,37367,209,37576,579
2020-08-10,San Diego,073,3302833,35182,32977,104,33081,594
2020-08-10,San Francisco,075,870044,8310,6816,8,6824,66
2020-08-10,San Joaquin,077,732212,16349,13308,21,13329,240
2020-08-10,San Luis Obispo,079,281455,2501,2208,13,2221,15
2020-08-10,San Mateo,081,765935,7413,6222,6,6228,117
2020-08-10,Santa Barbara,083,443738,8248,6869,66,6935,66
2020-08-10,Santa Clara,085,1922200,15344,12615,28,12643,182
2020-08-10,Santa Cruz,087,273765,1531,1239,10,1249,4
2020-08-10,Shasta,089,179085,551,384,3,387,9
2020-08-10,Sierra,091,2930,5,3,0,3,0
2020-08-10,Siskiyou,093,43540,113,88,0,88,0
2020-08-10,Solano,095,438530,4797,4101,31,4132,31
2020-08-10,Sonoma,097,501317,4531,3640,9,3649,42
2020-08-10,Stanislaus,099,539301,13365,10855,133,10988,106
2020-08-10,Sutter,101,95872,1067,865,1,866,7
2020-08-10,Tehama,103,63373,327,282,2,284,1
2020-08-10,Trinity,105,12862,31,5,6,11,0
2020-08-10,Tulare,107,460477,12791,10750,38,10788,194
2020-08-10,Tuolumne,109,53932,163,143,2,145,1
2020-08-10,Ventura,111,848112,9890,8851,48,8899,85
2020-08-10,Yolo,113,214977,2119,1840,4,1844,45
2020-08-10,Yuba,115,75493,648,527,1,528,1
2020-08-09,Alameda,001,1643700,15475,13241,113,13354,203
2020-08-09,Alpine,003,1148,2,2,0,2,0
2020-08-09,Amador,005,37829,243,153,0,153,2
2020-08-09,Butte,007,227075,1411,1155,14,1169,15
2020-08-09,Calaveras,009,45235,166,122,0,122,1
2020-08-09,Colusa,011,21464,410,371,0,371,4
2020-08-09,Contra Costa,013,1133247,12004,9214,33,9247,130
2020-08-09,Del Norte,015,27424,98,69,0,69,0
2020-08-09,El Dorado,017,186661,883,748,0,748,2
2020-08-09,Fresno,019,978130,24017,17846,233,18079,183
2020-08-09,Glenn,021,27897,406,354,0,354,1
2020-08-09,Humboldt,023,135768,307,279,1,280,4
2020-08-09,Imperial,025,180216,10699,8310,6,8316,165
2020-08-09,Inyo,027,18085,117,86,1,87,1
2020-08-09,Kern,029,883053,27055,23680,157,23837,215
2020-08-09,Kings,031,150075,5289,4446,31,4477,50
2020-08-09,Lake,033,64148,266,225,0,225,2
2020-08-09,Lassen,035,31185,696,589,2,591,0
2020-08-09,Los Angeles,037,10098052,218848,208810,743,209553,4984
2020-08-09,Madera,039,155013,3279,2322,12,2334,22
2020-08-09,Marin,041,260295,5707,5204,10,5214,44
2020-08-09,Mariposa,043,17540,66,56,0,56,2
2020-08-09,Mendocino,045,87422,445,283,0,283,1
2020-08-09,Merced,047,269075,6799,4735,4,4739,51
2020-08-09,Modoc,049,8938,7,4,0,4,0
2020-08-09,Mono,051,14174,160,113,2,115,1
2020-08-09,Monterey,053,433212,6536,5199,19,5218,34
2020-08-09,Napa,055,140530,1283,1062,2,1064,8
2020-08-09,Nevada,057,99092,377,332,13,345,1
2020-08-09,Orange,059,3164182,46408,39244,928,40172,722
2020-08-09,Placer,061,380077,2612,2211,4,2215,20
2020-08-09,Plumas,063,18699,38,27,0,27,0
2020-08-09,Riverside,065,2383286,48572,41894,47,41941,828
2020-08-09,Sacramento,067,1510023,14750,11301,13,11314,167
2020-08-09,San Benito,069,59416,813,687,0,687,2
2020-08-09,San Bernardino,071,2135413,43935,36092,209,36301,579
2020-08-09,San Diego,073,3302833,34891,32749,93,32842,594
2020-08-09,San Francisco,075,870044,8195,6820,8,6828,66
2020-08-09,San Joaquin,077,732212,16144,12933,20,12953,240
2020-08-09,San Luis Obispo,079,281455,2465,2124,13,2137,15
2020-08-09,San Mateo,081,765935,7318,6094,6,6100,117
2020-08-09,Santa Barbara,083,443738,8161,6669,66,6735,66
2020-08-09,Santa Clara,085,1922200,15074,11878,28,11906,181
2020-08-09,Santa Cruz,087,273765,1507,1246,10,1256,4
2020-08-09,Shasta,089,179085,547,361,3,364,9
2020-08-09,Sierra,091,2930,5,3,0,3,0
2020-08-09,Siskiyou,093,43540,112,74,0,74,0
2020-08-09,Solano,095,438530,4744,3954,30,3984,31
2020-08-09,Sonoma,097,501317,4395,3531,7,3538,41
2020-08-09,Stanislaus,099,539301,13157,10264,120,10384,106
2020-08-09,Sutter,101,95872,1033,857,1,858,7
2020-08-09,Tehama,103,63373,319,265,2,267,1
2020-08-09,Trinity,105,12862,31,5,6,11,0
2020-08-09,Tulare,107,460477,12599,10630,35,10665,194
2020-08-09,Tuolumne,109,53932,160,143,2,145,1
2020-08-09,Ventura,111,848112,9742,8633,47,8680,85
2020-08-09,Yolo,113,214977,2088,1765,4,1769,44
2020-08-09,Yuba,115,75493,628,442,1,443,1
2020-08-08,Alameda,001,1643700,15365,13087,113,13200,204
2020-08-08,Alpine,003,1148,2,2,0,2,0
2020-08-08,Amador,005,37829,243,139,0,139,2
2020-08-08,Butte,007,227075,1393,1140,14,1154,15
2020-08-08,Calaveras,009,45235,165,122,0,122,1
2020-08-08,Colusa,011,21464,409,368,0,368,4
2020-08-08,Contra Costa,013,1133247,11895,9104,33,9137,129
2020-08-08,Del Norte,015,27424,97,69,0,69,0
2020-08-08,El Dorado,017,186661,876,734,0,734,2
2020-08-08,Fresno,019,978130,23880,17538,231,17769,183
2020-08-08,Glenn,021,27897,406,344,0,344,1
2020-08-08,Humboldt,023,135768,304,277,1,278,4
2020-08-08,Imperial,025,180216,10684,8213,6,8219,165
2020-08-08,Inyo,027,18085,113,86,1,87,1
2020-08-08,Kern,029,883053,26941,22803,157,22960,215
2020-08-08,Kings,031,150075,5275,4367,31,4398,49
2020-08-08,Lake,033,64148,264,221,0,221,2
2020-08-08,Lassen,035,31185,696,589,2,591,0
2020-08-08,Los Angeles,037,10098052,217961,206971,732,207703,4974
2020-08-08,Madera,039,155013,3248,2275,12,2287,22
2020-08-08,Marin,041,260295,5687,5118,10,5128,44
2020-08-08,Mariposa,043,17540,65,55,0,55,2
2020-08-08,Mendocino,045,87422,443,264,0,264,1
2020-08-08,Merced,047,269075,6759,4570,4,4574,51
2020-08-08,Modoc,049,8938,7,4,0,4,0
2020-08-08,Mono,051,14174,160,113,2,115,1
2020-08-08,Monterey,053,433212,6478,5101,19,5120,33
2020-08-08,Napa,055,140530,1275,1062,2,1064,8
2020-08-08,Nevada,057,99092,375,325,13,338,1
2020-08-08,Orange,059,3164182,46278,38688,919,39607,718
2020-08-08,Placer,061,380077,2595,2153,4,2157,20
2020-08-08,Plumas,063,18699,38,27,0,27,0
2020-08-08,Riverside,065,2383286,48368,41412,47,41459,823
2020-08-08,Sacramento,067,1510023,14621,11144,13,11157,166
2020-08-08,San Benito,069,59416,805,684,0,684,2
2020-08-08,San Bernardino,071,2135413,43739,35691,208,35899,531
2020-08-08,San Diego,073,3302833,34702,32332,84,32416,593
2020-08-08,San Francisco,075,870044,8129,6820,8,6828,66
2020-08-08,San Joaquin,077,732212,16063,12559,19,12578,240
2020-08-08,San Luis Obispo,079,281455,2442,2081,13,2094,15
2020-08-08,San Mateo,081,765935,7260,6021,6,6027,117
2020-08-08,Santa Barbara,083,443738,8123,6598,66,6664,66
2020-08-08,Santa Clara,085,1922200,14922,11615,28,11643,181
2020-08-08,Santa Cruz,087,273765,1493,1247,10,1257,4
2020-08-08,Shasta,089,179085,545,343,3,346,9
2020-08-08,Sierra,091,2930,5,3,0,3,0
2020-08-08,Siskiyou,093,43540,112,73,0,73,0
2020-08-08,Solano,095,438530,4723,3889,29,3918,31
2020-08-08,Sonoma,097,501317,4363,3399,7,3406,41
2020-08-08,Stanislaus,099,539301,13082,9963,114,10077,105
2020-08-08,Sutter,101,95872,1023,830,1,831,7
2020-08-08,Tehama,103,63373,318,251,2,253,1
2020-08-08,Trinity,105,12862,31,5,6,11,0
2020-08-08,Tulare,107,460477,12523,10505,35,10540,192
2020-08-08,Tuolumne,109,53932,160,143,2,145,1
2020-08-08,Ventura,111,848112,9687,8462,46,8508,85
2020-08-08,Yolo,113,214977,2075,1725,4,1729,44
2020-08-08,Yuba,115,75493,619,430,1,431,1
2020-08-07,Alameda,001,1643700,15255,12805,113,12918,204
2020-08-07,Alpine,003,1148,2,2,0,2,0
2020-08-07,Amador,005,37829,241,125,0,125,2
2020-08-07,Butte,007,227075,1375,1092,14,1106,13
2020-08-07,Calaveras,009,45235,165,119,0,119,1
2020-08-07,Colusa,011,21464,408,358,0,358,4
2020-08-07,Contra Costa,013,1133247,11746,8810,33,8843,126
2020-08-07,Del Norte,015,27424,97,69,0,69,0
2020-08-07,El Dorado,017,186661,871,724,0,724,2
2020-08-07,Fresno,019,978130,23720,17290,231,17521,171
2020-08-07,Glenn,021,27897,405,339,0,339,1
2020-08-07,Humboldt,023,135768,300,274,1,275,4
2020-08-07,Imperial,025,180216,10659,8085,6,8091,164
2020-08-07,Inyo,027,18085,112,81,1,82,1
2020-08-07,Kern,029,883053,26815,22143,154,22297,206
2020-08-07,Kings,031,150075,5258,4315,31,4346,48
2020-08-07,Lake,033,64148,262,215,0,215,1
2020-08-07,Lassen,035,31185,695,588,2,590,0
2020-08-07,Los Angeles,037,10098052,216504,204406,720,205126,4924
2020-08-07,Madera,039,155013,3216,2245,12,2257,20
2020-08-07,Marin,041,260295,5658,5094,10,5104,43
2020-08-07,Mariposa,043,17540,65,53,0,53,2
2020-08-07,Mendocino,045,87422,429,262,0,262,1
2020-08-07,Merced,047,269075,6716,4358,4,4362,30
2020-08-07,Modoc,049,8938,7,4,0,4,0
2020-08-07,Mono,051,14174,160,112,2,114,1
2020-08-07,Monterey,053,433212,6403,5041,19,5060,33
2020-08-07,Napa,055,140530,1270,1055,2,1057,8
2020-08-07,Nevada,057,99092,372,324,13,337,1
2020-08-07,Orange,059,3164182,46066,38459,902,39361,701
2020-08-07,Placer,061,380077,2578,2078,4,2082,20
2020-08-07,Plumas,063,18699,38,25,0,25,0
2020-08-07,Riverside,065,2383286,48105,40902,46,40948,810
2020-08-07,Sacramento,067,1510023,14475,10798,13,10811,160
2020-08-07,San Benito,069,59416,799,647,0,647,2
2020-08-07,San Bernardino,071,2135413,43492,35200,207,35407,524
2020-08-07,San Diego,073,3302833,34517,31781,81,31862,586
2020-08-07,San Francisco,075,870044,8051,6765,8,6773,66
2020-08-07,San Joaquin,077,732212,15978,12392,19,12411,223
2020-08-07,San Luis Obispo,079,281455,2411,2050,13,2063,14
2020-08-07,San Mateo,081,765935,7201,5948,6,5954,117
2020-08-07,Santa Barbara,083,443738,8072,6509,66,6575,66
2020-08-07,Santa Clara,085,1922200,14723,11409,28,11437,180
2020-08-07,Santa Cruz,087,273765,1475,1234,10,1244,5
2020-08-07,Shasta,089,179085,540,342,3,345,9
2020-08-07,Sierra,091,2930,5,3,0,3,0
2020-08-07,Siskiyou,093,43540,109,73,0,73,0
2020-08-07,Solano,095,438530,4691,3844,28,3872,31
2020-08-07,Sonoma,097,501317,4299,3329,7,3336,34
2020-08-07,Stanislaus,099,539301,12960,9665,104,9769,98
2020-08-07,Sutter,101,95872,1019,807,1,808,6
2020-08-07,Tehama,103,63373,314,246,2,248,1
2020-08-07,Trinity,105,12862,30,5,6,11,0
2020-08-07,Tulare,107,460477,12446,10292,35,10327,195
2020-08-07,Tuolumne,109,53932,159,136,2,138,1
2020-08-07,Ventura,111,848112,9627,8356,44,8400,84
2020-08-07,Yolo,113,214977,2048,1689,4,1693,37
2020-08-07,Yuba,115,75493,614,413,1,414,1
2020-08-06,Alameda,001,1643700,15033,12474,112,12586,200
2020-08-06,Alpine,003,1148,2,2,0,2,0
2020-08-06,Amador,005,37829,227,125,0,125,0
2020-08-06,Butte,007,227075,1356,1060,14,1074,13
2020-08-06,Calaveras,009,45235,163,117,0,117,1
2020-08-06,Colusa,011,21464,405,358,0,358,3
2020-08-06,Contra Costa,013,1133247,11552,8583,32,8615,124
2020-08-06,Del Norte,015,27424,97,69,0,69,0
2020-08-06,El Dorado,017,186661,860,703,0,703,1
2020-08-06,Fresno,019,978130,23423,17031,225,17256,161
2020-08-06,Glenn,021,27897,400,332,0,332,1
2020-08-06,Humboldt,023,135768,295,266,1,267,4
2020-08-06,Imperial,025,180216,10616,8064,6,8070,163
2020-08-06,Inyo,027,18085,104,83,1,84,1
2020-08-06,Kern,029,883053,26579,21843,153,21996,197
2020-08-06,Kings,031,150075,5196,4264,30,4294,47
2020-08-06,Lake,033,64148,259,209,0,209,1
2020-08-06,Lassen,035,31185,693,588,2,590,0
2020-08-06,Los Angeles,037,10098052,214425,201372,704,202076,4874
2020-08-06,Madera,039,155013,3168,2240,11,2251,19
2020-08-06,Marin,041,260295,5626,5058,10,5068,43
2020-08-06,Mariposa,043,17540,64,52,0,52,2
2020-08-06,Mendocino,045,87422,415,260,0,260,1
2020-08-06,Merced,047,269075,6615,4235,4,4239,30
2020-08-06,Modoc,049,8938,7,4,0,4,0
2020-08-06,Mono,051,14174,159,111,2,113,1
2020-08-06,Monterey,053,433212,6294,5001,18,5019,33
2020-08-06,Napa,055,140530,1256,1032,2,1034,8
2020-08-06,Nevada,057,99092,367,321,13,334,1
2020-08-06,Orange,059,3164182,45773,38399,897,39296,694
2020-08-06,Placer,061,380077,2552,2045,4,2049,20
2020-08-06,Plumas,063,18699,37,25,0,25,0
2020-08-06,Riverside,065,2383286,47710,40269,46,40315,781
2020-08-06,Sacramento,067,1510023,14246,10548,13,10561,153
2020-08-06,San Benito,069,59416,791,626,0,626,2
2020-08-06,San Bernardino,071,2135413,43088,34819,205,35024,516
2020-08-06,San Diego,073,3302833,34250,31129,74,31203,583
2020-08-06,San Francisco,075,870044,7958,6737,7,6744,60
2020-08-06,San Joaquin,077,732212,15819,12269,19,12288,203
2020-08-06,San Luis Obispo,079,281455,2387,2000,12,2012,13
2020-08-06,San Mateo,081,765935,7101,5885,6,5891,117
2020-08-06,Santa Barbara,083,443738,8012,6620,66,6686,65
2020-08-06,Santa Clara,085,1922200,14494,11280,28,11308,178
2020-08-06,Santa Cruz,087,273765,1454,1215,10,1225,4
2020-08-06,Shasta,089,179085,531,343,3,346,9
2020-08-06,Sierra,091,2930,5,3,0,3,0
2020-08-06,Siskiyou,093,43540,109,73,0,73,0
2020-08-06,Solano,095,438530,4648,3784,28,3812,29
2020-08-06,Sonoma,097,501317,4235,3259,7,3266,33
2020-08-06,Stanislaus,099,539301,12810,9566,88,9654,98
2020-08-06,Sutter,101,95872,988,797,1,798,6
2020-08-06,Tehama,103,63373,311,242,2,244,1
2020-08-06,Trinity,105,12862,27,5,6,11,0
2020-08-06,Tulare,107,460477,12287,10169,35,10204,195
2020-08-06,Tuolumne,109,53932,158,136,2,138,1
2020-08-06,Ventura,111,848112,9512,8245,41,8286,80
2020-08-06,Yolo,113,214977,2024,1662,4,1666,36
2020-08-06,Yuba,115,75493,605,407,0,407,1
2020-08-05,Alameda,001,1643700,14819,12140,112,12252,193
2020-08-05,Alpine,003,1148,2,2,0,2,0
2020-08-05,Amador,005,37829,217,123,0,123,0
2020-08-05,Butte,007,227075,1322,1038,13,1051,13
2020-08-05,Calaveras,009,45235,160,116,0,116,1
2020-08-05,Colusa,011,21464,401,354,0,354,3
2020-08-05,Contra Costa,013,1133247,11388,8362,32,8394,122
2020-08-05,Del Norte,015,27424,96,69,0,69,0
2020-08-05,El Dorado,017,186661,852,692,0,692,1
2020-08-05,Fresno,019,978130,23178,16625,220,16845,159
2020-08-05,Glenn,021,27897,397,330,0,330,1
2020-08-05,Humboldt,023,135768,293,249,1,250,4
2020-08-05,Imperial,025,180216,10581,8036,6,8042,163
2020-08-05,Inyo,027,18085,102,62,1,63,1
2020-08-05,Kern,029,883053,26391,21540,148,21688,194
2020-08-05,Kings,031,150075,5151,4192,28,4220,47
2020-08-05,Lake,033,64148,252,209,0,209,1
2020-08-05,Lassen,035,31185,646,557,2,559,0
2020-08-05,Los Angeles,037,10098052,212505,198355,684,199039,4832
2020-08-05,Madera,039,155013,3126,2172,11,2183,19
2020-08-05,Marin,041,260295,5594,5036,10,5046,43
2020-08-05,Mariposa,043,17540,64,52,0,52,2
2020-08-05,Mendocino,045,87422,403,248,0,248,1
2020-08-05,Merced,047,269075,6480,4119,4,4123,30
2020-08-05,Modoc,049,8938,7,3,0,3,0
2020-08-05,Mono,051,14174,159,104,2,106,1
2020-08-05,Monterey,053,433212,6179,4936,18,4954,32
2020-08-05,Napa,055,140530,1244,1020,2,1022,8
2020-08-05,Nevada,057,99092,358,327,13,340,2
2020-08-05,Orange,059,3164182,45464,37907,889,38796,663
2020-08-05,Placer,061,380077,2511,1989,4,1993,18
2020-08-05,Plumas,063,18699,36,25,0,25,0
2020-08-05,Riverside,065,2383286,47318,39454,44,39498,761
2020-08-05,Sacramento,067,1510023,14027,10261,12,10273,151
2020-08-05,San Benito,069,59416,782,613,0,613,2
2020-08-05,San Bernardino,071,2135413,42625,34442,200,34642,504
2020-08-05,San Diego,073,3302833,34026,30866,58,30924,578
2020-08-05,San Francisco,075,870044,7865,6701,7,6708,60
2020-08-05,San Joaquin,077,732212,15656,12148,19,12167,199
2020-08-05,San Luis Obispo,079,281455,2364,1928,12,1940,13
2020-08-05,San Mateo,081,765935,7005,5695,6,5701,116
2020-08-05,Santa Barbara,083,443738,7951,6597,66,6663,63
2020-08-05,Santa Clara,085,1922200,14260,11074,28,11102,176
2020-08-05,Santa Cruz,087,273765,1434,1192,8,1200,4
2020-08-05,Shasta,089,179085,525,338,3,341,9
2020-08-05,Sierra,091,2930,5,3,0,3,0
2020-08-05,Siskiyou,093,43540,105,72,0,72,0
2020-08-05,Solano,095,438530,4597,3750,27,3777,29
2020-08-05,Sonoma,097,501317,4153,3173,7,3180,33
2020-08-05,Stanislaus,099,539301,12651,9408,83,9491,97
2020-08-05,Sutter,101,95872,977,780,1,781,6
2020-08-05,Tehama,103,63373,308,231,2,233,1
2020-08-05,Trinity,105,12862,27,5,6,11,0
2020-08-05,Tulare,107,460477,12147,9924,35,9959,192
2020-08-05,Tuolumne,109,53932,158,137,2,139,0
2020-08-05,Ventura,111,848112,9396,8162,37,8199,75
2020-08-05,Yolo,113,214977,1996,1634,4,1638,36
2020-08-05,Yuba,115,75493,588,400,0,400,1
2020-08-04,Alameda,001,1643700,14602,11983,111,12094,192
2020-08-04,Alpine,003,1148,2,2,0,2,0
2020-08-04,Amador,005,37829,202,123,0,123,0
2020-08-04,Butte,007,227075,1298,1011,13,1024,10
2020-08-04,Calaveras,009,45235,156,116,0,116,1
2020-08-04,Colusa,011,21464,396,354,0,354,3
2020-08-04,Contra Costa,013,1133247,11220,8210,32,8242,122
2020-08-04,Del Norte,015,27424,94,69,0,69,0
2020-08-04,El Dorado,017,186661,842,668,0,668,1
2020-08-04,Fresno,019,978130,22894,16272,212,16484,154
2020-08-04,Glenn,021,27897,396,325,0,325,1
2020-08-04,Humboldt,023,135768,283,241,1,242,4
2020-08-04,Imperial,025,180216,10544,7974,6,7980,163
2020-08-04,Inyo,027,18085,88,59,1,60,1
2020-08-04,Kern,029,883053,26107,21403,148,21551,190
2020-08-04,Kings,031,150075,5086,4163,28,4191,47
2020-08-04,Lake,033,64148,252,206,0,206,1
2020-08-04,Lassen,035,31185,643,556,2,558,0
2020-08-04,Los Angeles,037,10098052,210549,196014,653,196667,4764
2020-08-04,Madera,039,155013,3082,2161,7,2168,19
2020-08-04,Marin,041,260295,5563,5020,9,5029,43
2020-08-04,Mariposa,043,17540,64,51,0,51,2
2020-08-04,Mendocino,045,87422,378,248,0,248,1
2020-08-04,Merced,047,269075,6366,4085,4,4089,30
2020-08-04,Modoc,049,8938,7,3,0,3,0
2020-08-04,Mono,051,14174,158,104,1,105,1
2020-08-04,Monterey,053,433212,6065,4892,18,4910,32
2020-08-04,Napa,055,140530,1231,994,0,994,8
2020-08-04,Nevada,057,99092,357,322,13,335,2
2020-08-04,Orange,059,3164182,45088,37844,883,38727,659
2020-08-04,Placer,061,380077,2474,1964,4,1968,17
2020-08-04,Plumas,063,18699,36,25,0,25,0
2020-08-04,Riverside,065,2383286,46933,38991,43,39034,743
2020-08-04,Sacramento,067,1510023,13809,10205,12,10217,146
2020-08-04,San Benito,069,59416,766,608,0,608,2
2020-08-04,San Bernardino,071,2135413,42076,34215,195,34410,495
2020-08-04,San Diego,073,3302833,33733,30518,46,30564,568
2020-08-04,San Francisco,075,870044,7777,6568,7,6575,60
2020-08-04,San Joaquin,077,732212,15527,12087,16,12103,189
2020-08-04,San Luis Obispo,079,281455,2334,1886,12,1898,13
2020-08-04,San Mateo,081,765935,6899,5690,6,5696,116
2020-08-04,Santa Barbara,083,443738,7891,6591,66,6657,61
2020-08-04,Santa Clara,085,1922200,13959,10986,27,11013,175
2020-08-04,Santa Cruz,087,273765,1415,1202,8,1210,4
2020-08-04,Shasta,089,179085,519,335,3,338,9
2020-08-04,Sierra,091,2930,5,1,0,1,0
2020-08-04,Siskiyou,093,43540,103,71,0,71,0
2020-08-04,Solano,095,438530,4526,3690,27,3717,29
2020-08-04,Sonoma,097,501317,4086,3108,7,3115,33
2020-08-04,Stanislaus,099,539301,12483,9359,75,9434,97
2020-08-04,Sutter,101,95872,963,761,1,762,6
2020-08-04,Tehama,103,63373,301,226,2,228,1
2020-08-04,Trinity,105,12862,27,5,6,11,0
2020-08-04,Tulare,107,460477,11967,9866,35,9901,192
2020-08-04,Tuolumne,109,53932,157,127,2,129,0
2020-08-04,Ventura,111,848112,9282,8134,35,8169,75
2020-08-04,Yolo,113,214977,1970,1626,4,1630,37
2020-08-04,Yuba,115,75493,573,398,0,398,1
2020-08-03,Alameda,001,1643700,14419,11817,107,11924,189
2020-08-03,Alpine,003,1148,2,2,0,2,0
2020-08-03,Amador,005,37829,198,119,0,119,0
2020-08-03,Butte,007,227075,1252,989,12,1001,9
2020-08-03,Calaveras,009,45235,153,117,0,117,1
2020-08-03,Colusa,011,21464,392,336,0,336,2
2020-08-03,Contra Costa,013,1133247,11023,8069,29,8098,120
2020-08-03,Del Norte,015,27424,90,68,0,68,0
2020-08-03,El Dorado,017,186661,831,645,0,645,1
2020-08-03,Fresno,019,978130,22600,15945,206,16151,151
2020-08-03,Glenn,021,27897,389,316,0,316,1
2020-08-03,Humboldt,023,135768,276,234,1,235,4
2020-08-03,Imperial,025,180216,10490,7953,6,7959,161
2020-08-03,Inyo,027,18085,85,57,1,58,1
2020-08-03,Kern,029,883053,25740,21285,141,21426,176
2020-08-03,Kings,031,150075,4974,4107,27,4134,47
2020-08-03,Lake,033,64148,245,201,0,201,1
2020-08-03,Lassen,035,31185,643,555,2,557,0
2020-08-03,Los Angeles,037,10098052,208507,194103,622,194725,4706
2020-08-03,Madera,039,155013,3033,2143,6,2149,18
2020-08-03,Marin,041,260295,5516,5001,9,5010,43
2020-08-03,Mariposa,043,17540,63,52,0,52,2
2020-08-03,Mendocino,045,87422,355,248,0,248,1
2020-08-03,Merced,047,269075,6244,4028,4,4032,29
2020-08-03,Modoc,049,8938,7,2,0,2,0
2020-08-03,Mono,051,14174,158,104,1,105,1
2020-08-03,Monterey,053,433212,5914,4806,15,4821,28
2020-08-03,Napa,055,140530,1216,973,0,973,8
2020-08-03,Nevada,057,99092,352,315,13,328,2
2020-08-03,Orange,059,3164182,44694,37705,873,38578,651
2020-08-03,Placer,061,380077,2419,1947,3,1950,16
2020-08-03,Plumas,063,18699,36,25,0,25,0
2020-08-03,Riverside,065,2383286,46465,38642,43,38685,740
2020-08-03,Sacramento,067,1510023,13614,10143,12,10155,142
2020-08-03,San Benito,069,59416,754,603,0,603,2
2020-08-03,San Bernardino,071,2135413,41549,33979,189,34168,444
2020-08-03,San Diego,073,3302833,33419,30228,36,30264,565
2020-08-03,San Francisco,075,870044,7683,6319,7,6326,60
2020-08-03,San Joaquin,077,732212,15330,12007,15,12022,189
2020-08-03,San Luis Obispo,079,281455,2292,1863,9,1872,14
2020-08-03,San Mateo,081,765935,6818,5661,6,5667,115
2020-08-03,Santa Barbara,083,443738,7846,6580,66,6646,59
2020-08-03,Santa Clara,085,1922200,13683,10747,27,10774,172
2020-08-03,Santa Cruz,087,273765,1395,1154,8,1162,4
2020-08-03,Shasta,089,179085,512,322,3,325,9
2020-08-03,Sierra,091,2930,5,1,0,1,0
2020-08-03,Siskiyou,093,43540,99,67,0,67,0
2020-08-03,Solano,095,438530,4457,3610,26,3636,29
2020-08-03,Sonoma,097,501317,3987,3079,6,3085,33
2020-08-03,Stanislaus,099,539301,12274,9308,67,9375,96
2020-08-03,Sutter,101,95872,939,713,1,714,6
2020-08-03,Tehama,103,63373,293,225,2,227,1
2020-08-03,Trinity,105,12862,27,5,6,11,0
2020-08-03,Tulare,107,460477,11783,9703,35,9738,188
2020-08-03,Tuolumne,109,53932,157,123,2,125,0
2020-08-03,Ventura,111,848112,9191,8084,32,8116,74
2020-08-03,Yolo,113,214977,1935,1598,3,1601,37
2020-08-03,Yuba,115,75493,549,393,0,393,1
2020-08-02,Alameda,001,1643700,14172,11696,95,11791,188
2020-08-02,Alpine,003,1148,2,2,0,2,0
2020-08-02,Amador,005,37829,193,117,0,117,0
2020-08-02,Butte,007,227075,1217,987,12,999,9
2020-08-02,Calaveras,009,45235,150,116,0,116,1
2020-08-02,Colusa,011,21464,387,335,0,335,2
2020-08-02,Contra Costa,013,1133247,10784,7995,29,8024,118
2020-08-02,Del Norte,015,27424,89,68,0,68,0
2020-08-02,El Dorado,017,186661,821,643,0,643,1
2020-08-02,Fresno,019,978130,22325,15759,200,15959,151
2020-08-02,Glenn,021,27897,388,315,0,315,1
2020-08-02,Humboldt,023,135768,271,232,1,233,4
2020-08-02,Imperial,025,180216,10427,7919,6,7925,157
2020-08-02,Inyo,027,18085,84,45,1,46,1
2020-08-02,Kern,029,883053,25442,21162,139,21301,176
2020-08-02,Kings,031,150075,4912,3964,26,3990,47
2020-08-02,Lake,033,64148,240,201,0,201,1
2020-08-02,Lassen,035,31185,643,555,2,557,0
2020-08-02,Los Angeles,037,10098052,206413,192480,604,193084,4698
2020-08-02,Madera,039,155013,2967,2123,4,2127,18
2020-08-02,Marin,041,260295,5481,4985,9,4994,43
2020-08-02,Mariposa,043,17540,61,52,0,52,2
2020-08-02,Mendocino,045,87422,345,247,0,247,1
2020-08-02,Merced,047,269075,6103,4011,4,4015,29
2020-08-02,Modoc,049,8938,7,2,0,2,0
2020-08-02,Mono,051,14174,151,104,1,105,1
2020-08-02,Monterey,053,433212,5788,4698,15,4713,28
2020-08-02,Napa,055,140530,1201,956,0,956,8
2020-08-02,Nevada,057,99092,349,314,13,327,2
2020-08-02,Orange,059,3164182,44313,37266,862,38128,651
2020-08-02,Placer,061,380077,2380,1920,3,1923,15
2020-08-02,Plumas,063,18699,36,25,0,25,0
2020-08-02,Riverside,065,2383286,46032,38507,42,38549,735
2020-08-02,Sacramento,067,1510023,13335,10099,12,10111,142
2020-08-02,San Benito,069,59416,740,599,0,599,2
2020-08-02,San Bernardino,071,2135413,40948,33643,185,33828,443
2020-08-02,San Diego,073,3302833,33079,29885,27,29912,565
2020-08-02,San Francisco,075,870044,7565,6297,7,6304,60
2020-08-02,San Joaquin,077,732212,15044,11937,13,11950,189
2020-08-02,San Luis Obispo,079,281455,2229,1821,9,1830,14
2020-08-02,San Mateo,081,765935,6703,5618,6,5624,115
2020-08-02,Santa Barbara,083,443738,7755,6532,66,6598,59
2020-08-02,Santa Clara,085,1922200,13465,10577,27,10604,172
2020-08-02,Santa Cruz,087,273765,1375,1162,8,1170,4
2020-08-02,Shasta,089,179085,508,318,3,321,9
2020-08-02,Sierra,091,2930,4,1,0,1,0
2020-08-02,Siskiyou,093,43540,99,65,0,65,0
2020-08-02,Solano,095,438530,4398,3609,26,3635,29
2020-08-02,Sonoma,097,501317,3903,3005,6,3011,33
2020-08-02,Stanislaus,099,539301,12059,9277,62,9339,96
2020-08-02,Sutter,101,95872,904,714,1,715,6
2020-08-02,Tehama,103,63373,287,222,2,224,1
2020-08-02,Trinity,105,12862,27,5,6,11,0
2020-08-02,Tulare,107,460477,11574,9593,35,9628,188
2020-08-02,Tuolumne,109,53932,154,123,2,125,0
2020-08-02,Ventura,111,848112,9044,8014,32,8046,73
2020-08-02,Yolo,113,214977,1910,1588,3,1591,37
2020-08-02,Yuba,115,75493,529,393,0,393,1
2020-08-01,Alameda,001,1643700,14060,11590,95,11685,188
2020-08-01,Alpine,003,1148,2,2,0,2,0
2020-08-01,Amador,005,37829,189,109,0,109,0
2020-08-01,Butte,007,227075,1203,976,12,988,9
2020-08-01,Calaveras,009,45235,146,116,0,116,1
2020-08-01,Colusa,011,21464,386,327,0,327,2
2020-08-01,Contra Costa,013,1133247,10651,7867,28,7895,116
2020-08-01,Del Norte,015,27424,89,68,0,68,0
2020-08-01,El Dorado,017,186661,818,637,0,637,1
2020-08-01,Fresno,019,978130,22188,15448,200,15648,149
2020-08-01,Glenn,021,27897,387,311,0,311,1
2020-08-01,Humboldt,023,135768,270,232,1,233,4
2020-08-01,Imperial,025,180216,10391,7919,6,7925,156
2020-08-01,Inyo,027,18085,82,45,1,46,1
2020-08-01,Kern,029,883053,25282,20796,135,20931,176
2020-08-01,Kings,031,150075,4886,3948,26,3974,47
2020-08-01,Lake,033,64148,238,194,0,194,1
2020-08-01,Lassen,035,31185,642,555,2,557,0
2020-08-01,Los Angeles,037,10098052,205520,191023,577,191600,4674
2020-08-01,Madera,039,155013,2928,2103,4,2107,18
2020-08-01,Marin,041,260295,5466,4945,9,4954,43
2020-08-01,Mariposa,043,17540,61,50,0,50,2
2020-08-01,Mendocino,045,87422,338,243,0,243,1
2020-08-01,Merced,047,269075,6055,3972,4,3976,29
2020-08-01,Modoc,049,8938,7,2,0,2,0
2020-08-01,Mono,051,14174,150,104,1,105,1
2020-08-01,Monterey,053,433212,5721,4611,14,4625,28
2020-08-01,Napa,055,140530,1192,923,0,923,8
2020-08-01,Nevada,057,99092,345,305,13,318,2
2020-08-01,Orange,059,3164182,44086,36703,856,37559,648
2020-08-01,Placer,061,380077,2346,1891,3,1894,14
2020-08-01,Plumas,063,18699,35,25,0,25,0
2020-08-01,Riverside,065,2383286,45820,38216,40,38256,704
2020-08-01,Sacramento,067,1510023,13184,10044,12,10056,141
2020-08-01,San Benito,069,59416,729,579,0,579,2
2020-08-01,San Bernardino,071,2135413,40712,32947,184,33131,440
2020-08-01,San Diego,073,3302833,32862,29579,19,29598,565
2020-08-01,San Francisco,075,870044,7503,6296,7,6303,60
2020-08-01,San Joaquin,077,732212,14971,11807,12,11819,189
2020-08-01,San Luis Obispo,079,281455,2202,1798,9,1807,13
2020-08-01,San Mateo,081,765935,6649,5520,6,5526,115
2020-08-01,Santa Barbara,083,443738,7715,6465,66,6531,59
2020-08-01,Santa Clara,085,1922200,13314,10281,27,10308,171
2020-08-01,Santa Cruz,087,273765,1359,1164,8,1172,4
2020-08-01,Shasta,089,179085,503,312,3,315,9
2020-08-01,Sierra,091,2930,3,1,0,1,0
2020-08-01,Siskiyou,093,43540,99,64,0,64,0
2020-08-01,Solano,095,438530,4364,3591,25,3616,29
2020-08-01,Sonoma,097,501317,3857,2890,6,2896,29
2020-08-01,Stanislaus,099,539301,11941,9221,54,9275,96
2020-08-01,Sutter,101,95872,900,714,1,715,6
2020-08-01,Tehama,103,63373,284,220,2,222,1
2020-08-01,Trinity,105,12862,27,5,6,11,0
2020-08-01,Tulare,107,460477,11506,9520,35,9555,188
2020-08-01,Tuolumne,109,53932,154,123,2,125,0
2020-08-01,Ventura,111,848112,8998,7819,32,7851,73
2020-08-01,Yolo,113,214977,1900,1557,3,1560,37
2020-08-01,Yuba,115,75493,524,387,0,387,1
2020-07-31,Alameda,001,1643700,13929,11441,95,11536,187
2020-07-31,Alpine,003,1148,2,2,0,2,0
2020-07-31,Amador,005,37829,188,98,0,98,0
2020-07-31,Butte,007,227075,1180,925,12,937,7
2020-07-31,Calaveras,009,45235,146,112,0,112,1
2020-07-31,Colusa,011,21464,376,319,0,319,2
2020-07-31,Contra Costa,013,1133247,10503,7697,27,7724,113
2020-07-31,Del Norte,015,27424,88,68,0,68,0
2020-07-31,El Dorado,017,186661,807,616,0,616,1
2020-07-31,Fresno,019,978130,21969,15083,200,15283,133
2020-07-31,Glenn,021,27897,380,304,0,304,1
2020-07-31,Humboldt,023,135768,263,229,1,230,4
2020-07-31,Imperial,025,180216,10359,7886,6,7892,155
2020-07-31,Inyo,027,18085,72,45,1,46,1
2020-07-31,Kern,029,883053,25040,20061,130,20191,173
2020-07-31,Kings,031,150075,4858,3807,26,3833,45
2020-07-31,Lake,033,64148,237,191,0,191,1
2020-07-31,Lassen,035,31185,637,544,2,546,0
2020-07-31,Los Angeles,037,10098052,203912,188688,564,189252,4628
2020-07-31,Madera,039,155013,2881,2036,4,2040,19
2020-07-31,Marin,041,260295,5422,4885,6,4891,43
2020-07-31,Mariposa,043,17540,61,49,0,49,2
2020-07-31,Mendocino,045,87422,323,232,0,232,1
2020-07-31,Merced,047,269075,5972,3789,4,3793,30
2020-07-31,Modoc,049,8938,6,0,0,0,0
2020-07-31,Mono,051,14174,149,104,1,105,1
2020-07-31,Monterey,053,433212,5629,4493,14,4507,24
2020-07-31,Napa,055,140530,1180,897,0,897,7
2020-07-31,Nevada,057,99092,343,302,13,315,2
2020-07-31,Orange,059,3164182,43787,36196,841,37037,620
2020-07-31,Placer,061,380077,2321,1853,3,1856,14
2020-07-31,Plumas,063,18699,34,25,0,25,0
2020-07-31,Riverside,065,2383286,45430,37612,39,37651,694
2020-07-31,Sacramento,067,1510023,13006,9872,12,9884,132
2020-07-31,San Benito,069,59416,721,567,0,567,2
2020-07-31,San Bernardino,071,2135413,40382,32332,183,32515,434
2020-07-31,San Diego,073,3302833,32628,29050,11,29061,561
2020-07-31,San Francisco,075,870044,7404,6126,7,6133,60
2020-07-31,San Joaquin,077,732212,14831,11561,12,11573,177
2020-07-31,San Luis Obispo,079,281455,2133,1746,9,1755,12
2020-07-31,San Mateo,081,765935,6577,5416,6,5422,115
2020-07-31,Santa Barbara,083,443738,7648,6375,66,6441,58
2020-07-31,Santa Clara,085,1922200,13093,9863,27,9890,171
2020-07-31,Santa Cruz,087,273765,1336,1118,8,1126,4
2020-07-31,Shasta,089,179085,493,305,3,308,9
2020-07-31,Sierra,091,2930,3,1,0,1,0
2020-07-31,Siskiyou,093,43540,97,61,0,61,0
2020-07-31,Solano,095,438530,4317,3510,24,3534,29
2020-07-31,Sonoma,097,501317,3799,2745,6,2751,27
2020-07-31,Stanislaus,099,539301,11834,9061,49,9110,94
2020-07-31,Sutter,101,95872,895,714,1,715,6
2020-07-31,Tehama,103,63373,281,213,2,215,1
2020-07-31,Trinity,105,12862,27,5,6,11,0
2020-07-31,Tulare,107,460477,11385,9365,35,9400,184
2020-07-31,Tuolumne,109,53932,154,120,2,122,0
2020-07-31,Ventura,111,848112,8923,7521,32,7553,71
2020-07-31,Yolo,113,214977,1874,1522,3,1525,38
2020-07-31,Yuba,115,75493,515,369,0,369,1
2020-07-30,Alameda,001,1643700,13726,11303,55,11358,185
2020-07-30,Alpine,003,1148,2,2,0,2,0
2020-07-30,Amador,005,37829,170,97,0,97,0
2020-07-30,Butte,007,227075,1164,915,12,927,7
2020-07-30,Calaveras,009,45235,142,111,0,111,1
2020-07-30,Colusa,011,21464,373,315,0,315,2
2020-07-30,Contra Costa,013,1133247,10318,7615,26,7641,112
2020-07-30,Del Norte,015,27424,88,68,0,68,0
2020-07-30,El Dorado,017,186661,800,608,0,608,1
2020-07-30,Fresno,019,978130,21633,14793,194,14987,133
2020-07-30,Glenn,021,27897,373,297,0,297,1
2020-07-30,Humboldt,023,135768,261,228,1,229,4
2020-07-30,Imperial,025,180216,10300,7849,6,7855,151
2020-07-30,Inyo,027,18085,68,44,1,45,1
2020-07-30,Kern,029,883053,24747,19552,126,19678,171
2020-07-30,Kings,031,150075,4754,3785,26,3811,43
2020-07-30,Lake,033,64148,231,181,0,181,1
2020-07-30,Lassen,035,31185,634,544,2,546,0
2020-07-30,Los Angeles,037,10098052,201875,186177,533,186710,4564
2020-07-30,Madera,039,155013,2811,2007,4,2011,18
2020-07-30,Marin,041,260295,5380,4835,5,4840,39
2020-07-30,Mariposa,043,17540,61,49,0,49,1
2020-07-30,Mendocino,045,87422,316,232,0,232,1
2020-07-30,Merced,047,269075,5807,3695,4,3699,30
2020-07-30,Modoc,049,8938,6,0,0,0,0
2020-07-30,Mono,051,14174,148,104,1,105,1
2020-07-30,Monterey,053,433212,5517,4352,14,4366,24
2020-07-30,Napa,055,140530,1163,874,0,874,7
2020-07-30,Nevada,057,99092,338,292,13,305,2
2020-07-30,Orange,059,3164182,43372,36105,816,36921,607
2020-07-30,Placer,061,380077,2270,1821,3,1824,14
2020-07-30,Plumas,063,18699,33,25,0,25,0
2020-07-30,Riverside,065,2383286,44889,37308,39,37347,685
2020-07-30,Sacramento,067,1510023,12787,9704,12,9716,126
2020-07-30,San Benito,069,59416,708,558,0,558,2
2020-07-30,San Bernardino,071,2135413,39857,32010,183,32193,427
2020-07-30,San Diego,073,3302833,32281,28670,9,28679,558
2020-07-30,San Francisco,075,870044,7304,6107,7,6114,59
2020-07-30,San Joaquin,077,732212,14637,11435,12,11447,161
2020-07-30,San Luis Obispo,079,281455,2098,1703,9,1712,12
2020-07-30,San Mateo,081,765935,6482,5369,6,5375,115
2020-07-30,Santa Barbara,083,443738,7568,6273,66,6339,52
2020-07-30,Santa Clara,085,1922200,12856,9708,26,9734,170
2020-07-30,Santa Cruz,087,273765,1309,1087,8,1095,4
2020-07-30,Shasta,089,179085,489,306,3,309,8
2020-07-30,Sierra,091,2930,3,1,0,1,0
2020-07-30,Siskiyou,093,43540,96,60,0,60,0
2020-07-30,Solano,095,438530,4266,3463,24,3487,29
2020-07-30,Sonoma,097,501317,3727,2684,6,2690,25
2020-07-30,Stanislaus,099,539301,11621,8890,40,8930,94
2020-07-30,Sutter,101,95872,876,698,1,699,6
2020-07-30,Tehama,103,63373,278,208,2,210,1
2020-07-30,Trinity,105,12862,26,4,6,10,0
2020-07-30,Tulare,107,460477,11256,9167,35,9202,177
2020-07-30,Tuolumne,109,53932,153,119,2,121,0
2020-07-30,Ventura,111,848112,8811,7304,30,7334,69
2020-07-30,Yolo,113,214977,1854,1511,3,1514,37
2020-07-30,Yuba,115,75493,502,362,0,362,1
2020-07-29,Alameda,001,1643700,13507,11177,50,11227,180
2020-07-29,Alpine,003,1148,2,2,0,2,0
2020-07-29,Amador,005,37829,162,80,0,80,0
2020-07-29,Butte,007,227075,1138,889,10,899,7
2020-07-29,Calaveras,009,45235,136,107,0,107,1
2020-07-29,Colusa,011,21464,369,302,0,302,2
2020-07-29,Contra Costa,013,1133247,10114,7520,26,7546,108
2020-07-29,Del Norte,015,27424,88,68,0,68,0
2020-07-29,El Dorado,017,186661,790,588,0,588,1
2020-07-29,Fresno,019,978130,21341,14312,194,14506,125
2020-07-29,Glenn,021,27897,366,294,0,294,1
2020-07-29,Humboldt,023,135768,258,221,1,222,4
2020-07-29,Imperial,025,180216,10252,7825,6,7831,147
2020-07-29,Inyo,027,18085,63,44,1,45,1
2020-07-29,Kern,029,883053,24409,19073,123,19196,162
2020-07-29,Kings,031,150075,4706,3755,26,3781,43
2020-07-29,Lake,033,64148,229,179,0,179,1
2020-07-29,Lassen,035,31185,619,513,2,515,0
2020-07-29,Los Angeles,037,10098052,199839,183600,516,184116,4523
2020-07-29,Madera,039,155013,2757,1941,4,1945,18
2020-07-29,Marin,041,260295,5342,4747,5,4752,34
2020-07-29,Mariposa,043,17540,60,47,0,47,1
2020-07-29,Mendocino,045,87422,308,228,0,228,0
2020-07-29,Merced,047,269075,5667,3605,4,3609,25
2020-07-29,Modoc,049,8938,5,0,0,0,0
2020-07-29,Mono,051,14174,145,102,1,103,1
2020-07-29,Monterey,053,433212,5418,4252,14,4266,24
2020-07-29,Napa,055,140530,1135,866,0,866,7
2020-07-29,Nevada,057,99092,334,288,13,301,1
2020-07-29,Orange,059,3164182,42938,35339,804,36143,589
2020-07-29,Placer,061,380077,2238,1798,3,1801,14
2020-07-29,Plumas,063,18699,33,25,0,25,0
2020-07-29,Riverside,065,2383286,44298,36968,39,37007,678
2020-07-29,Sacramento,067,1510023,12541,9538,12,9550,122
2020-07-29,San Benito,069,59416,693,537,0,537,2
2020-07-29,San Bernardino,071,2135413,39368,31168,172,31340,417
2020-07-29,San Diego,073,3302833,31956,28289,8,28297,552
2020-07-29,San Francisco,075,870044,7210,6041,7,6048,56
2020-07-29,San Joaquin,077,732212,14389,11249,9,11258,154
2020-07-29,San Luis Obispo,079,281455,2078,1673,9,1682,11
2020-07-29,San Mateo,081,765935,6394,5305,6,5311,114
2020-07-29,Santa Barbara,083,443738,7498,6215,66,6281,31
2020-07-29,Santa Clara,085,1922200,12648,9567,26,9593,165
2020-07-29,Santa Cruz,087,273765,1285,1051,8,1059,4
2020-07-29,Shasta,089,179085,477,297,3,300,8
2020-07-29,Sierra,091,2930,2,1,0,1,0
2020-07-29,Siskiyou,093,43540,94,58,0,58,0
2020-07-29,Solano,095,438530,4212,3380,24,3404,29
2020-07-29,Sonoma,097,501317,3650,2598,6,2604,26
2020-07-29,Stanislaus,099,539301,11400,8745,34,8779,94
2020-07-29,Sutter,101,95872,848,678,1,679,6
2020-07-29,Tehama,103,63373,274,206,2,208,1
2020-07-29,Trinity,105,12862,26,4,6,10,0
2020-07-29,Tulare,107,460477,11085,9028,35,9063,156
2020-07-29,Tuolumne,109,53932,153,118,2,120,0
2020-07-29,Ventura,111,848112,8706,7161,30,7191,68
2020-07-29,Yolo,113,214977,1828,1488,3,1491,36
2020-07-29,Yuba,115,75493,486,350,0,350,1
2020-07-28,Alameda,001,1643700,13280,10875,49,10924,180
2020-07-28,Alpine,003,1148,2,2,0,2,0
2020-07-28,Amador,005,37829,152,77,0,77,0
2020-07-28,Butte,007,227075,1103,857,10,867,7
2020-07-28,Calaveras,009,45235,135,105,0,105,1
2020-07-28,Colusa,011,21464,363,290,0,290,2
2020-07-28,Contra Costa,013,1133247,9892,7426,26,7452,107
2020-07-28,Del Norte,015,27424,87,68,0,68,0
2020-07-28,El Dorado,017,186661,775,558,0,558,1
2020-07-28,Fresno,019,978130,21005,13933,188,14121,125
2020-07-28,Glenn,021,27897,364,289,0,289,1
2020-07-28,Humboldt,023,135768,257,218,1,219,4
2020-07-28,Imperial,025,180216,10216,7804,6,7810,145
2020-07-28,Inyo,027,18085,61,43,1,44,1
2020-07-28,Kern,029,883053,24046,18834,117,18951,155
2020-07-28,Kings,031,150075,4660,3721,26,3747,41
2020-07-28,Lake,033,64148,225,179,0,179,1
2020-07-28,Lassen,035,31185,613,508,2,510,0
2020-07-28,Los Angeles,037,10098052,197607,179107,493,179600,4435
2020-07-28,Madera,039,155013,2691,1889,4,1893,18
2020-07-28,Marin,041,260295,5273,4698,5,4703,23
2020-07-28,Mariposa,043,17540,58,45,0,45,1
2020-07-28,Mendocino,045,87422,297,222,0,222,0
2020-07-28,Merced,047,269075,5522,3446,4,3450,23
2020-07-28,Modoc,049,8938,4,0,0,0,0
2020-07-28,Mono,051,14174,144,102,1,103,1
2020-07-28,Monterey,053,433212,5297,4047,14,4061,22
2020-07-28,Napa,055,140530,1113,824,0,824,6
2020-07-28,Nevada,057,99092,329,278,13,291,1
2020-07-28,Orange,059,3164182,42480,34832,790,35622,582
2020-07-28,Placer,061,380077,2203,1759,3,1762,14
2020-07-28,Plumas,063,18699,33,22,0,22,0
2020-07-28,Riverside,065,2383286,43698,36458,39,36497,668
2020-07-28,Sacramento,067,1510023,12282,9429,11,9440,117
2020-07-28,San Benito,069,59416,683,503,0,503,2
2020-07-28,San Bernardino,071,2135413,38845,30493,168,30661,412
2020-07-28,San Diego,073,3302833,31606,28007,6,28013,547
2020-07-28,San Francisco,075,870044,7097,5888,7,5895,56
2020-07-28,San Joaquin,077,732212,14106,10958,7,10965,141
2020-07-28,San Luis Obispo,079,281455,2047,1636,9,1645,9
2020-07-28,San Mateo,081,765935,6320,5171,6,5177,114
2020-07-28,Santa Barbara,083,443738,7435,6110,64,6174,31
2020-07-28,Santa Clara,085,1922200,12413,9307,26,9333,165
2020-07-28,Santa Cruz,087,273765,1258,1018,8,1026,4
2020-07-28,Shasta,089,179085,465,275,3,278,8
2020-07-28,Sierra,091,2930,2,1,0,1,0
2020-07-28,Siskiyou,093,43540,90,57,0,57,0
2020-07-28,Solano,095,438530,4165,3292,23,3315,29
2020-07-28,Sonoma,097,501317,3577,2553,6,2559,20
2020-07-28,Stanislaus,099,539301,11178,8492,26,8518,92
2020-07-28,Sutter,101,95872,811,653,0,653,2
2020-07-28,Tehama,103,63373,269,199,2,201,1
2020-07-28,Trinity,105,12862,26,3,6,9,0
2020-07-28,Tulare,107,460477,10898,8787,35,8822,96
2020-07-28,Tuolumne,109,53932,152,116,2,118,0
2020-07-28,Ventura,111,848112,8580,7045,29,7074,68
2020-07-28,Yolo,113,214977,1800,1459,3,1462,36
2020-07-28,Yuba,115,75493,469,333,0,333,1
2020-07-27,Alameda,001,1643700,13053,10645,46,10691,176
2020-07-27,Alpine,003,1148,2,2,0,2,0
2020-07-27,Amador,005,37829,147,72,0,72,0
2020-07-27,Butte,007,227075,1076,843,10,853,7
2020-07-27,Calaveras,009,45235,131,103,0,103,1
2020-07-27,Colusa,011,21464,356,271,0,271,2
2020-07-27,Contra Costa,013,1133247,9670,7256,26,7282,104
2020-07-27,Del Norte,015,27424,86,67,0,67,0
2020-07-27,El Dorado,017,186661,763,548,0,548,1
2020-07-27,Fresno,019,978130,20658,13485,182,13667,117
2020-07-27,Glenn,021,27897,362,277,0,277,1
2020-07-27,Humboldt,023,135768,252,218,1,219,4
2020-07-27,Imperial,025,180216,10166,7789,6,7795,144
2020-07-27,Inyo,027,18085,61,43,1,44,1
2020-07-27,Kern,029,883053,23544,17994,111,18105,148
2020-07-27,Kings,031,150075,4411,3685,26,3711,39
2020-07-27,Lake,033,64148,221,176,0,176,1
2020-07-27,Lassen,035,31185,613,503,2,505,0
2020-07-27,Los Angeles,037,10098052,195160,176351,475,176826,4379
2020-07-27,Madera,039,155013,2626,1793,4,1797,17
2020-07-27,Marin,041,260295,5185,4669,5,4674,22
2020-07-27,Mariposa,043,17540,58,43,0,43,1
2020-07-27,Mendocino,045,87422,284,209,0,209,0
2020-07-27,Merced,047,269075,5382,3292,4,3296,23
2020-07-27,Modoc,049,8938,3,0,0,0,0
2020-07-27,Mono,051,14174,140,99,1,100,1
2020-07-27,Monterey,053,433212,5107,3960,14,3974,21
2020-07-27,Napa,055,140530,1098,769,0,769,6
2020-07-27,Nevada,057,99092,325,268,13,281,1
2020-07-27,Orange,059,3164182,42040,34649,774,35423,566
2020-07-27,Placer,061,380077,2153,1679,3,1682,12
2020-07-27,Plumas,063,18699,33,22,0,22,0
2020-07-27,Riverside,065,2383286,43020,35822,39,35861,667
2020-07-27,Sacramento,067,1510023,11990,9091,11,9102,114
2020-07-27,San Benito,069,59416,668,498,0,498,2
2020-07-27,San Bernardino,071,2135413,38253,29928,158,30086,401
2020-07-27,San Diego,073,3302833,31232,27509,5,27514,533
2020-07-27,San Francisco,075,870044,7010,5825,7,5832,55
2020-07-27,San Joaquin,077,732212,13815,10728,7,10735,129
2020-07-27,San Luis Obispo,079,281455,2002,1612,9,1621,9
2020-07-27,San Mateo,081,765935,6211,5108,6,5114,113
2020-07-27,Santa Barbara,083,443738,7353,6026,62,6088,30
2020-07-27,Santa Clara,085,1922200,12144,9157,25,9182,166
2020-07-27,Santa Cruz,087,273765,1235,984,8,992,4
2020-07-27,Shasta,089,179085,458,275,3,278,8
2020-07-27,Sierra,091,2930,2,1,0,1,0
2020-07-27,Siskiyou,093,43540,88,54,0,54,0
2020-07-27,Solano,095,438530,4098,3198,22,3220,29
2020-07-27,Sonoma,097,501317,3486,2504,6,2510,20
2020-07-27,Stanislaus,099,539301,10951,8288,18,8306,84
2020-07-27,Sutter,101,95872,785,620,0,620,2
2020-07-27,Tehama,103,63373,261,192,2,194,1
2020-07-27,Trinity,105,12862,26,3,6,9,0
2020-07-27,Tulare,107,460477,10680,8462,35,8497,172
2020-07-27,Tuolumne,109,53932,149,115,2,117,0
2020-07-27,Ventura,111,848112,8452,6998,28,7026,68
2020-07-27,Yolo,113,214977,1755,1439,3,1442,33
2020-07-27,Yuba,115,75493,449,328,0,328,1
2020-07-26,Alameda,001,1643700,12815,10489,45,10534,176
2020-07-26,Alpine,003,1148,2,2,0,2,0
2020-07-26,Amador,005,37829,141,67,0,67,0
2020-07-26,Butte,007,227075,1039,822,10,832,5
2020-07-26,Calaveras,009,45235,128,103,0,103,1
2020-07-26,Colusa,011,21464,347,270,0,270,2
2020-07-26,Contra Costa,013,1133247,9433,7095,26,7121,104
2020-07-26,Del Norte,015,27424,84,67,0,67,0
2020-07-26,El Dorado,017,186661,745,539,0,539,1
2020-07-26,Fresno,019,978130,20266,13209,174,13383,117
2020-07-26,Glenn,021,27897,354,265,0,265,1
2020-07-26,Humboldt,023,135768,246,214,1,215,4
2020-07-26,Imperial,025,180216,10093,7781,6,7787,144
2020-07-26,Inyo,027,18085,56,43,1,44,1
2020-07-26,Kern,029,883053,23020,17394,108,17502,148
2020-07-26,Kings,031,150075,4352,3591,26,3617,39
2020-07-26,Lake,033,64148,213,174,0,174,1
2020-07-26,Lassen,035,31185,572,503,2,505,0
2020-07-26,Los Angeles,037,10098052,192586,174322,457,174779,4364
2020-07-26,Madera,039,155013,2539,1744,4,1748,17
2020-07-26,Marin,041,260295,5139,4595,5,4600,22
2020-07-26,Mariposa,043,17540,56,43,0,43,1
2020-07-26,Mendocino,045,87422,275,206,0,206,0
2020-07-26,Merced,047,269075,5202,3251,3,3254,23
2020-07-26,Modoc,049,8938,3,0,0,0,0
2020-07-26,Mono,051,14174,136,82,1,83,1
2020-07-26,Monterey,053,433212,4941,3901,14,3915,21
2020-07-26,Napa,055,140530,1079,769,0,769,6
2020-07-26,Nevada,057,99092,322,261,13,274,1
2020-07-26,Orange,059,3164182,41514,34352,742,35094,564
2020-07-26,Placer,061,380077,2088,1628,3,1631,12
2020-07-26,Plumas,063,18699,33,22,0,22,0
2020-07-26,Riverside,065,2383286,42460,35636,39,35675,665
2020-07-26,Sacramento,067,1510023,11686,8972,11,8983,114
2020-07-26,San Benito,069,59416,656,495,0,495,2
2020-07-26,San Bernardino,071,2135413,37612,29545,149,29694,400
2020-07-26,San Diego,073,3302833,30836,26986,4,26990,533
2020-07-26,San Francisco,075,870044,6902,5823,7,5830,55
2020-07-26,San Joaquin,077,732212,13522,10637,7,10644,129
2020-07-26,San Luis Obispo,079,281455,1959,1565,9,1574,8
2020-07-26,San Mateo,081,765935,6105,5078,6,5084,113
2020-07-26,Santa Barbara,083,443738,7250,5939,62,6001,30
2020-07-26,Santa Clara,085,1922200,11915,8986,25,9011,166
2020-07-26,Santa Cruz,087,273765,1208,970,8,978,4
2020-07-26,Shasta,089,179085,451,265,3,268,8
2020-07-26,Sierra,091,2930,2,1,0,1,0
2020-07-26,Siskiyou,093,43540,86,54,0,54,0
2020-07-26,Solano,095,438530,4018,3197,20,3217,29
2020-07-26,Sonoma,097,501317,3397,2503,5,2508,20
2020-07-26,Stanislaus,099,539301,10690,8228,17,8245,84
2020-07-26,Sutter,101,95872,771,612,0,612,2
2020-07-26,Tehama,103,63373,254,175,2,177,1
2020-07-26,Trinity,105,12862,26,3,6,9,0
2020-07-26,Tulare,107,460477,10473,8392,35,8427,172
2020-07-26,Tuolumne,109,53932,144,113,2,115,0
2020-07-26,Ventura,111,848112,8245,6844,28,6872,67
2020-07-26,Yolo,113,214977,1724,1408,3,1411,33
2020-07-26,Yuba,115,75493,430,313,0,313,1
2020-07-25,Alameda,001,1643700,12718,10361,43,10404,176
2020-07-25,Alpine,003,1148,2,2,0,2,0
2020-07-25,Amador,005,37829,138,67,0,67,0
2020-07-25,Butte,007,227075,1030,810,10,820,5
2020-07-25,Calaveras,009,45235,124,103,0,103,1
2020-07-25,Colusa,011,21464,340,265,0,265,2
2020-07-25,Contra Costa,013,1133247,9288,6920,26,6946,104
2020-07-25,Del Norte,015,27424,84,67,0,67,0
2020-07-25,El Dorado,017,186661,734,528,0,528,1
2020-07-25,Fresno,019,978130,20080,12866,174,13040,117
2020-07-25,Glenn,021,27897,352,260,0,260,1
2020-07-25,Humboldt,023,135768,243,212,1,213,4
2020-07-25,Imperial,025,180216,10067,7727,6,7733,144
2020-07-25,Inyo,027,18085,55,43,1,44,1
2020-07-25,Kern,029,883053,22802,16910,107,17017,148
2020-07-25,Kings,031,150075,4335,3516,26,3542,39
2020-07-25,Lake,033,64148,211,173,0,173,1
2020-07-25,Lassen,035,31185,572,503,2,505,0
2020-07-25,Los Angeles,037,10098052,191454,172611,450,173061,4357
2020-07-25,Madera,039,155013,2507,1724,4,1728,17
2020-07-25,Marin,041,260295,5123,4562,5,4567,22
2020-07-25,Mariposa,043,17540,55,43,0,43,1
2020-07-25,Mendocino,045,87422,269,190,0,190,0
2020-07-25,Merced,047,269075,5123,3176,3,3179,23
2020-07-25,Modoc,049,8938,3,0,0,0,0
2020-07-25,Mono,051,14174,136,82,1,83,1
2020-07-25,Monterey,053,433212,4864,3805,14,3819,21
2020-07-25,Napa,055,140530,1066,746,0,746,6
2020-07-25,Nevada,057,99092,320,257,13,270,1
2020-07-25,Orange,059,3164182,41294,33978,721,34699,561
2020-07-25,Placer,061,380077,2072,1596,3,1599,12
2020-07-25,Plumas,063,18699,33,22,0,22,0
2020-07-25,Riverside,065,2383286,42192,34921,39,34960,655
2020-07-25,Sacramento,067,1510023,11540,8674,11,8685,113
2020-07-25,San Benito,069,59416,640,492,0,492,2
2020-07-25,San Bernardino,071,2135413,37333,29265,146,29411,394
2020-07-25,San Diego,073,3302833,30575,26703,3,26706,533
2020-07-25,San Francisco,075,870044,6844,5644,7,5651,55
2020-07-25,San Joaquin,077,732212,13396,10347,6,10353,129
2020-07-25,San Luis Obispo,079,281455,1939,1530,8,1538,8
2020-07-25,San Mateo,081,765935,6042,5023,6,5029,113
2020-07-25,Santa Barbara,083,443738,7214,5880,62,5942,30
2020-07-25,Santa Clara,085,1922200,11781,8767,25,8792,166
2020-07-25,Santa Cruz,087,273765,1191,939,8,947,4
2020-07-25,Shasta,089,179085,446,263,1,264,8
2020-07-25,Sierra,091,2930,2,1,0,1,0
2020-07-25,Siskiyou,093,43540,84,54,0,54,0
2020-07-25,Solano,095,438530,3978,3107,18,3125,29
2020-07-25,Sonoma,097,501317,3358,2412,5,2417,20
2020-07-25,Stanislaus,099,539301,10587,7994,14,8008,84
2020-07-25,Sutter,101,95872,752,603,0,603,2
2020-07-25,Tehama,103,63373,253,169,2,171,1
2020-07-25,Trinity,105,12862,26,3,6,9,0
2020-07-25,Tulare,107,460477,10373,8310,35,8345,172
2020-07-25,Tuolumne,109,53932,143,99,2,101,0
2020-07-25,Ventura,111,848112,8172,6662,28,6690,62
2020-07-25,Yolo,113,214977,1709,1357,3,1360,35
2020-07-25,Yuba,115,75493,424,312,0,312,1
2020-07-24,Alameda,001,1643700,12576,10216,40,10256,176
2020-07-24,Alpine,003,1148,2,2,0,2,0
2020-07-24,Amador,005,37829,136,66,0,66,0
2020-07-24,Butte,007,227075,1018,751,10,761,5
2020-07-24,Calaveras,009,45235,120,102,0,102,0
2020-07-24,Colusa,011,21464,337,255,0,255,2
2020-07-24,Contra Costa,013,1133247,9142,6814,26,6840,100
2020-07-24,Del Norte,015,27424,84,66,0,66,0
2020-07-24,El Dorado,017,186661,712,516,0,516,1
2020-07-24,Fresno,019,978130,19853,12564,174,12738,115
2020-07-24,Glenn,021,27897,349,251,0,251,1
2020-07-24,Humboldt,023,135768,240,210,1,211,4
2020-07-24,Imperial,025,180216,10045,7686,6,7692,141
2020-07-24,Inyo,027,18085,55,41,1,42,1
2020-07-24,Kern,029,883053,22561,16124,107,16231,143
2020-07-24,Kings,031,150075,4305,3471,26,3497,39
2020-07-24,Lake,033,64148,209,167,0,167,1
2020-07-24,Lassen,035,31185,572,503,2,505,0
2020-07-24,Los Angeles,037,10098052,189435,169078,439,169517,4302
2020-07-24,Madera,039,155013,2474,1679,4,1683,16
2020-07-24,Marin,041,260295,5096,4517,5,4522,22
2020-07-24,Mariposa,043,17540,55,41,0,41,1
2020-07-24,Mendocino,045,87422,262,188,0,188,0
2020-07-24,Merced,047,269075,5038,3100,3,3103,23
2020-07-24,Modoc,049,8938,3,0,0,0,0
2020-07-24,Mono,051,14174,135,82,1,83,1
2020-07-24,Monterey,053,433212,4792,3748,14,3762,21
2020-07-24,Napa,055,140530,1053,741,0,741,6
2020-07-24,Nevada,057,99092,317,255,13,268,1
2020-07-24,Orange,059,3164182,41006,33530,705,34235,557
2020-07-24,Placer,061,380077,2041,1551,3,1554,12
2020-07-24,Plumas,063,18699,33,22,0,22,0
2020-07-24,Riverside,065,2383286,41769,34513,38,34551,631
2020-07-24,Sacramento,067,1510023,11352,8570,11,8581,110
2020-07-24,San Benito,069,59416,633,485,0,485,2
2020-07-24,San Bernardino,071,2135413,36959,28990,141,29131,386
2020-07-24,San Diego,073,3302833,30275,26100,3,26103,524
2020-07-24,San Francisco,075,870044,6750,5611,7,5618,55
2020-07-24,San Joaquin,077,732212,13247,10190,6,10196,118
2020-07-24,San Luis Obispo,079,281455,1915,1476,8,1484,8
2020-07-24,San Mateo,081,765935,5979,4954,6,4960,112
2020-07-24,Santa Barbara,083,443738,7160,5776,60,5836,30
2020-07-24,Santa Clara,085,1922200,11617,8658,25,8683,165
2020-07-24,Santa Cruz,087,273765,1171,930,8,938,4
2020-07-24,Shasta,089,179085,438,262,1,263,8
2020-07-24,Sierra,091,2930,2,1,0,1,0
2020-07-24,Siskiyou,093,43540,84,53,0,53,0
2020-07-24,Solano,095,438530,3942,3062,15,3077,29
2020-07-24,Sonoma,097,501317,3305,2345,5,2350,20
2020-07-24,Stanislaus,099,539301,10415,7861,11,7872,82
2020-07-24,Sutter,101,95872,741,593,0,593,2
2020-07-24,Tehama,103,63373,245,170,2,172,1
2020-07-24,Trinity,105,12862,25,3,6,9,0
2020-07-24,Tulare,107,460477,10279,8167,33,8200,167
2020-07-24,Tuolumne,109,53932,137,99,2,101,0
2020-07-24,Ventura,111,848112,8087,6553,28,6581,60
2020-07-24,Yolo,113,214977,1695,1329,3,1332,35
2020-07-24,Yuba,115,75493,409,307,0,307,1
2020-07-23,Alameda,001,1643700,12336,9924,40,9964,171
2020-07-23,Alpine,003,1148,2,2,0,2,0
2020-07-23,Amador,005,37829,119,61,0,61,0
2020-07-23,Butte,007,227075,1003,726,10,736,5
2020-07-23,Calaveras,009,45235,113,102,0,102,0
2020-07-23,Colusa,011,21464,329,242,0,242,2
2020-07-23,Contra Costa,013,1133247,8942,6619,24,6643,98
2020-07-23,Del Norte,015,27424,84,66,0,66,0
2020-07-23,El Dorado,017,186661,701,491,0,491,1
2020-07-23,Fresno,019,978130,19497,12164,171,12335,112
2020-07-23,Glenn,021,27897,344,246,0,246,1
2020-07-23,Humboldt,023,135768,239,208,1,209,4
2020-07-23,Imperial,025,180216,9995,7604,6,7610,138
2020-07-23,Inyo,027,18085,53,38,1,39,1
2020-07-23,Kern,029,883053,22154,14491,103,14594,128
2020-07-23,Kings,031,150075,4193,3371,26,3397,39
2020-07-23,Lake,033,64148,200,160,0,160,1
2020-07-23,Lassen,035,31185,569,503,2,505,0
2020-07-23,Los Angeles,037,10098052,186885,167198,413,167611,4265
2020-07-23,Madera,039,155013,2408,1659,3,1662,13
2020-07-23,Marin,041,260295,5044,4423,5,4428,22
2020-07-23,Mariposa,043,17540,55,40,0,40,1
2020-07-23,Mendocino,045,87422,252,178,0,178,0
2020-07-23,Merced,047,269075,4882,2972,3,2975,22
2020-07-23,Modoc,049,8938,3,0,0,0,0
2020-07-23,Mono,051,14174,131,82,1,83,1
2020-07-23,Monterey,053,433212,4674,3655,14,3669,21
2020-07-23,Napa,055,140530,1029,713,0,713,5
2020-07-23,Nevada,057,99092,314,247,13,260,1
2020-07-23,Orange,059,3164182,40510,32863,675,33538,544
2020-07-23,Placer,061,380077,1998,1519,3,1522,12
2020-07-23,Plumas,063,18699,32,21,0,21,0
2020-07-23,Riverside,065,2383286,41163,33833,38,33871,630
2020-07-23,Sacramento,067,1510023,11121,8222,11,8233,108
2020-07-23,San Benito,069,59416,618,478,0,478,2
2020-07-23,San Bernardino,071,2135413,36439,28121,135,28256,369
2020-07-23,San Diego,073,3302833,29901,25109,3,25112,505
2020-07-23,San Francisco,075,870044,6648,5543,7,5550,55
2020-07-23,San Joaquin,077,732212,13028,9861,6,9867,111
2020-07-23,San Luis Obispo,079,281455,1887,1438,8,1446,7
2020-07-23,San Mateo,081,765935,5874,4895,6,4901,113
2020-07-23,Santa Barbara,083,443738,7081,5628,60,5688,30
2020-07-23,Santa Clara,085,1922200,11398,8458,25,8483,165
2020-07-23,Santa Cruz,087,273765,1135,887,8,895,3
2020-07-23,Shasta,089,179085,427,254,1,255,9
2020-07-23,Sierra,091,2930,2,1,0,1,0
2020-07-23,Siskiyou,093,43540,82,53,0,53,0
2020-07-23,Solano,095,438530,3878,2962,13,2975,29
2020-07-23,Sonoma,097,501317,3229,2289,5,2294,18
2020-07-23,Stanislaus,099,539301,10173,7603,11,7614,71
2020-07-23,Sutter,101,95872,708,570,0,570,2
2020-07-23,Tehama,103,63373,239,158,2,160,1
2020-07-23,Trinity,105,12862,24,3,6,9,0
2020-07-23,Tulare,107,460477,10090,7898,33,7931,168
2020-07-23,Tuolumne,109,53932,137,93,2,95,0
2020-07-23,Ventura,111,848112,7963,6303,28,6331,56
2020-07-23,Yolo,113,214977,1677,1279,3,1282,35
2020-07-23,Yuba,115,75493,389,297,0,297,1
2020-07-22,Alameda,001,1643700,12117,9678,39,9717,169
2020-07-22,Alpine,003,1148,2,2,0,2,0
2020-07-22,Amador,005,37829,117,58,0,58,0
2020-07-22,Butte,007,227075,967,694,10,704,5
2020-07-22,Calaveras,009,45235,113,98,0,98,0
2020-07-22,Colusa,011,21464,322,236,0,236,0
2020-07-22,Contra Costa,013,1133247,8716,6401,24,6425,98
2020-07-22,Del Norte,015,27424,84,66,0,66,0
2020-07-22,El Dorado,017,186661,688,466,0,466,1
2020-07-22,Fresno,019,978130,19135,11756,165,11921,110
2020-07-22,Glenn,021,27897,338,236,0,236,1
2020-07-22,Humboldt,023,135768,237,201,1,202,4
2020-07-22,Imperial,025,180216,9935,7533,6,7539,134
2020-07-22,Inyo,027,18085,49,38,1,39,1
2020-07-22,Kern,029,883053,21721,13513,96,13609,127
2020-07-22,Kings,031,150075,4137,3271,26,3297,38
2020-07-22,Lake,033,64148,197,160,0,160,1
2020-07-22,Lassen,035,31185,566,500,2,502,0
2020-07-22,Los Angeles,037,10098052,184230,165242,390,165632,4218
2020-07-22,Madera,039,155013,2333,1578,3,1581,10
2020-07-22,Marin,041,260295,4988,4373,5,4378,23
2020-07-22,Mariposa,043,17540,55,38,0,38,1
2020-07-22,Mendocino,045,87422,245,166,0,166,0
2020-07-22,Merced,047,269075,4755,2828,3,2831,15
2020-07-22,Modoc,049,8938,3,0,0,0,0
2020-07-22,Mono,051,14174,128,82,1,83,1
2020-07-22,Monterey,053,433212,4573,3533,14,3547,20
2020-07-22,Napa,055,140530,1007,687,0,687,5
2020-07-22,Nevada,057,99092,308,239,12,251,1
2020-07-22,Orange,059,3164182,40011,32047,666,32713,522
2020-07-22,Placer,061,380077,1942,1469,3,1472,12
2020-07-22,Plumas,063,18699,31,20,0,20,0
2020-07-22,Riverside,065,2383286,40528,33093,38,33131,612
2020-07-22,Sacramento,067,1510023,10857,8028,10,8038,106
2020-07-22,San Benito,069,59416,604,465,0,465,2
2020-07-22,San Bernardino,071,2135413,35917,26820,124,26944,348
2020-07-22,San Diego,073,3302833,29513,25109,2,25111,505
2020-07-22,San Francisco,075,870044,6544,5473,6,5479,53
2020-07-22,San Joaquin,077,732212,12752,9628,6,9634,102
2020-07-22,San Luis Obispo,079,281455,1841,1373,8,1381,7
2020-07-22,San Mateo,081,765935,5785,4796,6,4802,112
2020-07-22,Santa Barbara,083,443738,6989,5508,58,5566,29
2020-07-22,Santa Clara,085,1922200,11152,8266,25,8291,166
2020-07-22,Santa Cruz,087,273765,1112,866,8,874,3
2020-07-22,Shasta,089,179085,417,246,1,247,9
2020-07-22,Sierra,091,2930,1,1,0,1,0
2020-07-22,Siskiyou,093,43540,81,52,0,52,0
2020-07-22,Solano,095,438530,3817,2839,12,2851,29
2020-07-22,Sonoma,097,501317,3152,2255,5,2260,17
2020-07-22,Stanislaus,099,539301,10002,7401,11,7412,71
2020-07-22,Sutter,101,95872,684,551,0,551,2
2020-07-22,Tehama,103,63373,231,155,2,157,1
2020-07-22,Trinity,105,12862,23,3,6,9,0
2020-07-22,Tulare,107,460477,9857,7640,33,7673,167
2020-07-22,Tuolumne,109,53932,133,91,2,93,0
2020-07-22,Ventura,111,848112,7835,6223,26,6249,56
2020-07-22,Yolo,113,214977,1634,1233,3,1236,34
2020-07-22,Yuba,115,75493,374,288,0,288,1
2020-07-21,Alameda,001,1643700,11903,9390,39,9429,166
2020-07-21,Alpine,003,1148,2,2,0,2,0
2020-07-21,Amador,005,37829,112,55,0,55,0
2020-07-21,Butte,007,227075,922,659,9,668,5
2020-07-21,Calaveras,009,45235,107,96,0,96,0
2020-07-21,Colusa,011,21464,298,227,0,227,0
2020-07-21,Contra Costa,013,1133247,8474,6210,24,6234,98
2020-07-21,Del Norte,015,27424,84,66,0,66,0
2020-07-21,El Dorado,017,186661,680,440,0,440,1
2020-07-21,Fresno,019,978130,18736,11412,159,11571,107
2020-07-21,Glenn,021,27897,331,229,0,229,1
2020-07-21,Humboldt,023,135768,235,198,1,199,4
2020-07-21,Imperial,025,180216,9886,7458,6,7464,128
2020-07-21,Inyo,027,18085,48,38,1,39,1
2020-07-21,Kern,029,883053,21299,11998,90,12088,119
2020-07-21,Kings,031,150075,4072,3187,25,3212,38
2020-07-21,Lake,033,64148,197,157,0,157,1
2020-07-21,Lassen,035,31185,564,474,2,476,0
2020-07-21,Los Angeles,037,10098052,181227,162205,368,162573,4159
2020-07-21,Madera,039,155013,2268,1508,3,1511,10
2020-07-21,Marin,041,260295,4916,4318,5,4323,21
2020-07-21,Mariposa,043,17540,54,37,0,37,1
2020-07-21,Mendocino,045,87422,234,160,0,160,0
2020-07-21,Merced,047,269075,4576,2725,3,2728,15
2020-07-21,Modoc,049,8938,3,0,0,0,0
2020-07-21,Mono,051,14174,124,79,1,80,1
2020-07-21,Monterey,053,433212,4441,3404,13,3417,20
2020-07-21,Napa,055,140530,980,660,0,660,5
2020-07-21,Nevada,057,99092,306,228,10,238,1
2020-07-21,Orange,059,3164182,39514,31356,634,31990,515
2020-07-21,Placer,061,380077,1901,1413,3,1416,11
2020-07-21,Plumas,063,18699,31,19,0,19,0
2020-07-21,Riverside,065,2383286,39827,32231,38,32269,583
2020-07-21,Sacramento,067,1510023,10585,7789,9,7798,102
2020-07-21,San Benito,069,59416,593,444,0,444,2
2020-07-21,San Bernardino,071,2135413,35268,25323,117,25440,343
2020-07-21,San Diego,073,3302833,29064,24522,2,24524,487
2020-07-21,San Francisco,075,870044,6435,5377,6,5383,53
2020-07-21,San Joaquin,077,732212,12423,9150,6,9156,99
2020-07-21,San Luis Obispo,079,281455,1792,1338,8,1346,7
2020-07-21,San Mateo,081,765935,5693,4733,6,4739,111
2020-07-21,Santa Barbara,083,443738,6904,5422,57,5479,29
2020-07-21,Santa Clara,085,1922200,10889,7989,25,8014,164
2020-07-21,Santa Cruz,087,273765,1079,835,8,843,3
2020-07-21,Shasta,089,179085,409,241,1,242,9
2020-07-21,Sierra,091,2930,1,1,0,1,0
2020-07-21,Siskiyou,093,43540,81,48,0,48,0
2020-07-21,Solano,095,438530,3744,2727,12,2739,27
2020-07-21,Sonoma,097,501317,3095,2200,5,2205,17
2020-07-21,Stanislaus,099,539301,9739,6984,11,6995,69
2020-07-21,Sutter,101,95872,668,533,0,533,2
2020-07-21,Tehama,103,63373,221,150,2,152,1
2020-07-21,Trinity,105,12862,23,2,6,8,0
2020-07-21,Tulare,107,460477,9655,7447,33,7480,167
2020-07-21,Tuolumne,109,53932,131,75,2,77,0
2020-07-21,Ventura,111,848112,7703,6131,26,6157,55
2020-07-21,Yolo,113,214977,1581,1204,3,1207,34
2020-07-21,Yuba,115,75493,368,269,0,269,1
2020-07-20,Alameda,001,1643700,11649,9244,38,9282,162
2020-07-20,Alpine,003,1148,2,2,0,2,0
2020-07-20,Amador,005,37829,109,53,0,53,0
2020-07-20,Butte,007,227075,884,586,9,595,4
2020-07-20,Calaveras,009,45235,104,90,0,90,0
2020-07-20,Colusa,011,21464,287,217,0,217,0
2020-07-20,Contra Costa,013,1133247,8266,5823,24,5847,97
2020-07-20,Del Norte,015,27424,84,61,0,61,0
2020-07-20,El Dorado,017,186661,657,407,0,407,0
2020-07-20,Fresno,019,978130,18294,10891,157,11048,106
2020-07-20,Glenn,021,27897,323,225,0,225,1
2020-07-20,Humboldt,023,135768,228,194,1,195,4
2020-07-20,Imperial,025,180216,9846,7337,6,7343,124
2020-07-20,Inyo,027,18085,46,38,1,39,1
2020-07-20,Kern,029,883053,20789,10908,86,10994,118
2020-07-20,Kings,031,150075,4022,3093,25,3118,37
2020-07-20,Lake,033,64148,194,147,0,147,1
2020-07-20,Lassen,035,31185,562,474,2,476,0
2020-07-20,Los Angeles,037,10098052,178256,159202,341,159543,4108
2020-07-20,Madera,039,155013,2193,1433,3,1436,10
2020-07-20,Marin,041,260295,4835,4255,5,4260,21
2020-07-20,Mariposa,043,17540,53,36,0,36,1
2020-07-20,Mendocino,045,87422,221,153,0,153,0
2020-07-20,Merced,047,269075,4406,2584,3,2587,15
2020-07-20,Modoc,049,8938,3,0,0,0,0
2020-07-20,Mono,051,14174,118,78,1,79,1
2020-07-20,Monterey,053,433212,4335,3205,13,3218,19
2020-07-20,Napa,055,140530,943,632,0,632,5
2020-07-20,Nevada,057,99092,298,218,10,228,1
2020-07-20,Orange,059,3164182,38905,30337,604,30941,507
2020-07-20,Placer,061,380077,1849,1364,3,1367,11
2020-07-20,Plumas,063,18699,30,17,0,17,0
2020-07-20,Riverside,065,2383286,38997,31163,38,31201,581
2020-07-20,Sacramento,067,1510023,10257,7369,9,7378,99
2020-07-20,San Benito,069,59416,575,433,0,433,2
2020-07-20,San Bernardino,071,2135413,34458,24226,113,24339,338
2020-07-20,San Diego,073,3302833,28622,24137,2,24139,478
2020-07-20,San Francisco,075,870044,6314,5090,6,5096,53
2020-07-20,San Joaquin,077,732212,12067,8583,6,8589,97
2020-07-20,San Luis Obispo,079,281455,1752,1282,8,1290,6
2020-07-20,San Mateo,081,765935,5592,4609,6,4615,111
2020-07-20,Santa Barbara,083,443738,6775,5266,55,5321,29
2020-07-20,Santa Clara,085,1922200,10660,7711,24,7735,164
2020-07-20,Santa Cruz,087,273765,1047,758,8,766,3
2020-07-20,Shasta,089,179085,394,233,1,234,9
2020-07-20,Sierra,091,2930,1,1,0,1,0
2020-07-20,Siskiyou,093,43540,77,42,0,42,0
2020-07-20,Solano,095,438530,3661,2537,12,2549,26
2020-07-20,Sonoma,097,501317,2988,2148,5,2153,17
2020-07-20,Stanislaus,099,539301,9456,6835,11,6846,58
2020-07-20,Sutter,101,95872,635,507,0,507,2
2020-07-20,Tehama,103,63373,211,146,2,148,1
2020-07-20,Trinity,105,12862,23,2,6,8,0
2020-07-20,Tulare,107,460477,9421,6974,33,7007,166
2020-07-20,Tuolumne,109,53932,130,75,2,77,0
2020-07-20,Ventura,111,848112,7569,5912,26,5938,52
2020-07-20,Yolo,113,214977,1541,1155,3,1158,30
2020-07-20,Yuba,115,75493,348,258,0,258,1
2020-07-19,Alameda,001,1643700,11410,9227,32,9259,162
2020-07-19,Alpine,003,1148,2,2,0,2,0
2020-07-19,Amador,005,37829,102,51,0,51,0
2020-07-19,Butte,007,227075,859,555,9,564,4
2020-07-19,Calaveras,009,45235,102,89,0,89,0
2020-07-19,Colusa,011,21464,279,187,0,187,0
2020-07-19,Contra Costa,013,1133247,7975,5691,22,5713,95
2020-07-19,Del Norte,015,27424,83,61,0,61,0
2020-07-19,El Dorado,017,186661,639,385,0,385,0
2020-07-19,Fresno,019,978130,17770,10639,145,10784,106
2020-07-19,Glenn,021,27897,309,215,0,215,0
2020-07-19,Humboldt,023,135768,220,195,1,196,4
2020-07-19,Imperial,025,180216,9755,7280,6,7286,124
2020-07-19,Inyo,027,18085,42,38,1,39,1
2020-07-19,Kern,029,883053,20172,10094,79,10173,115
2020-07-19,Kings,031,150075,3936,3035,25,3060,37
2020-07-19,Lake,033,64148,189,144,0,144,1
2020-07-19,Lassen,035,31185,543,474,2,476,0
2020-07-19,Los Angeles,037,10098052,174812,156039,318,156357,4100
2020-07-19,Madera,039,155013,2116,1301,3,1304,10
2020-07-19,Marin,041,260295,4780,4172,5,4177,21
2020-07-19,Mariposa,043,17540,49,35,0,35,1
2020-07-19,Mendocino,045,87422,216,137,0,137,0
2020-07-19,Merced,047,269075,4199,2460,3,2463,15
2020-07-19,Modoc,049,8938,3,0,0,0,0
2020-07-19,Mono,051,14174,107,63,1,64,1
2020-07-19,Monterey,053,433212,4215,3079,13,3092,18
2020-07-19,Napa,055,140530,914,612,0,612,5
2020-07-19,Nevada,057,99092,292,210,10,220,1
2020-07-19,Orange,059,3164182,38339,29941,591,30532,505
2020-07-19,Placer,061,380077,1801,1246,3,1249,11
2020-07-19,Plumas,063,18699,30,17,0,17,0
2020-07-19,Riverside,065,2383286,38292,30340,38,30378,581
2020-07-19,Sacramento,067,1510023,9865,6985,9,6994,97
2020-07-19,San Benito,069,59416,559,412,0,412,2
2020-07-19,San Bernardino,071,2135413,33686,23928,101,24029,337
2020-07-19,San Diego,073,3302833,28121,23684,2,23686,478
2020-07-19,San Francisco,075,870044,6167,5094,6,5100,52
2020-07-19,San Joaquin,077,732212,11661,8308,6,8314,93
2020-07-19,San Luis Obispo,079,281455,1708,1262,7,1269,6
2020-07-19,San Mateo,081,765935,5485,4522,6,4528,110
2020-07-19,Santa Barbara,083,443738,6666,5145,52,5197,29
2020-07-19,Santa Clara,085,1922200,10416,7403,24,7427,164
2020-07-19,Santa Cruz,087,273765,1003,753,8,761,3
2020-07-19,Shasta,089,179085,381,218,1,219,9
2020-07-19,Sierra,091,2930,1,1,0,1,0
2020-07-19,Siskiyou,093,43540,75,42,0,42,0
2020-07-19,Solano,095,438530,3556,2551,12,2563,26
2020-07-19,Sonoma,097,501317,2887,2074,5,2079,17
2020-07-19,Stanislaus,099,539301,9160,6508,11,6519,58
2020-07-19,Sutter,101,95872,604,480,0,480,2
2020-07-19,Tehama,103,63373,207,138,2,140,1
2020-07-19,Trinity,105,12862,23,2,6,8,0
2020-07-19,Tulare,107,460477,9172,6856,33,6889,166
2020-07-19,Tuolumne,109,53932,125,75,2,77,0
2020-07-19,Ventura,111,848112,7379,5706,26,5732,52
2020-07-19,Yolo,113,214977,1502,1127,3,1130,30
2020-07-19,Yuba,115,75493,328,240,0,240,1
2020-07-18,Alameda,001,1643700,11274,9089,31,9120,162
2020-07-18,Alpine,003,1148,2,2,0,2,0
2020-07-18,Amador,005,37829,98,49,0,49,0
2020-07-18,Butte,007,227075,850,551,9,560,4
2020-07-18,Calaveras,009,45235,98,89,0,89,0
2020-07-18,Colusa,011,21464,274,182,0,182,0
2020-07-18,Contra Costa,013,1133247,7840,5617,22,5639,95
2020-07-18,Del Norte,015,27424,83,61,0,61,0
2020-07-18,El Dorado,017,186661,636,385,0,385,0
2020-07-18,Fresno,019,978130,17521,10381,143,10524,106
2020-07-18,Glenn,021,27897,303,212,0,212,0
2020-07-18,Humboldt,023,135768,217,189,1,190,4
2020-07-18,Imperial,025,180216,9724,7268,6,7274,124
2020-07-18,Inyo,027,18085,42,38,1,39,1
2020-07-18,Kern,029,883053,19869,9250,76,9326,114
2020-07-18,Kings,031,150075,3896,2996,24,3020,37
2020-07-18,Lake,033,64148,186,142,0,142,1
2020-07-18,Lassen,035,31185,542,474,2,476,0
2020-07-18,Los Angeles,037,10098052,173363,153265,307,153572,4088
2020-07-18,Madera,039,155013,2070,1260,3,1263,9
2020-07-18,Marin,041,260295,4751,4089,5,4094,21
2020-07-18,Mariposa,043,17540,49,35,0,35,1
2020-07-18,Mendocino,045,87422,209,137,0,137,0
2020-07-18,Merced,047,269075,4080,2424,3,2427,15
2020-07-18,Modoc,049,8938,3,0,0,0,0
2020-07-18,Mono,051,14174,105,54,1,55,1
2020-07-18,Monterey,053,433212,4147,3020,13,3033,17
2020-07-18,Napa,055,140530,903,609,0,609,5
2020-07-18,Nevada,057,99092,288,204,9,213,1
2020-07-18,Orange,059,3164182,38019,29603,570,30173,493
2020-07-18,Placer,061,380077,1778,1233,3,1236,11
2020-07-18,Plumas,063,18699,30,17,0,17,0
2020-07-18,Riverside,065,2383286,37939,30245,37,30282,581
2020-07-18,Sacramento,067,1510023,9620,6739,9,6748,95
2020-07-18,San Benito,069,59416,544,407,0,407,2
2020-07-18,San Bernardino,071,2135413,33225,23680,94,23774,336
2020-07-18,San Diego,073,3302833,27818,23116,2,23118,478
2020-07-18,San Francisco,075,870044,6065,5051,6,5057,52
2020-07-18,San Joaquin,077,732212,11448,8118,6,8124,93
2020-07-18,San Luis Obispo,079,281455,1675,1234,7,1241,6
2020-07-18,San Mateo,081,765935,5425,4488,6,4494,110
2020-07-18,Santa Barbara,083,443738,6606,5110,50,5160,29
2020-07-18,Santa Clara,085,1922200,10266,7255,23,7278,164
2020-07-18,Santa Cruz,087,273765,986,751,8,759,3
2020-07-18,Shasta,089,179085,372,216,1,217,9
2020-07-18,Sierra,091,2930,1,1,0,1,0
2020-07-18,Siskiyou,093,43540,71,42,0,42,0
2020-07-18,Solano,095,438530,3515,2503,12,2515,26
2020-07-18,Sonoma,097,501317,2836,2019,5,2024,15
2020-07-18,Stanislaus,099,539301,9025,6344,11,6355,58
2020-07-18,Sutter,101,95872,598,473,0,473,2
2020-07-18,Tehama,103,63373,202,136,2,138,1
2020-07-18,Trinity,105,12862,23,2,6,8,0
2020-07-18,Tulare,107,460477,9081,6810,32,6842,167
2020-07-18,Tuolumne,109,53932,122,75,2,77,0
2020-07-18,Ventura,111,848112,7297,5630,26,5656,52
2020-07-18,Yolo,113,214977,1474,1077,3,1080,30
2020-07-18,Yuba,115,75493,317,237,0,237,1
2020-07-17,Alameda,001,1643700,11133,8893,30,8923,160
2020-07-17,Alpine,003,1148,2,1,0,1,0
2020-07-17,Amador,005,37829,96,48,0,48,0
2020-07-17,Butte,007,227075,836,497,9,506,4
2020-07-17,Calaveras,009,45235,96,86,0,86,0
2020-07-17,Colusa,011,21464,272,146,0,146,0
2020-07-17,Contra Costa,013,1133247,7692,5483,22,5505,93
2020-07-17,Del Norte,015,27424,82,60,0,60,0
2020-07-17,El Dorado,017,186661,620,368,0,368,0
2020-07-17,Fresno,019,978130,17222,9954,143,10097,104
2020-07-17,Glenn,021,27897,296,203,0,203,0
2020-07-17,Humboldt,023,135768,216,185,1,186,4
2020-07-17,Imperial,025,180216,9702,7193,6,7199,120
2020-07-17,Inyo,027,18085,42,38,1,39,1
2020-07-17,Kern,029,883053,19549,8291,75,8366,113
2020-07-17,Kings,031,150075,3857,2978,24,3002,37
2020-07-17,Lake,033,64148,184,139,0,139,1
2020-07-17,Lassen,035,31185,523,391,2,393,0
2020-07-17,Los Angeles,037,10098052,170990,150481,295,150776,4052
2020-07-17,Madera,039,155013,2026,1214,3,1217,9
2020-07-17,Marin,041,260295,4714,3839,5,3844,21
2020-07-17,Mariposa,043,17540,47,35,0,35,1
2020-07-17,Mendocino,045,87422,201,126,0,126,0
2020-07-17,Merced,047,269075,4004,2328,3,2331,12
2020-07-17,Modoc,049,8938,2,0,0,0,0
2020-07-17,Mono,051,14174,100,54,1,55,1
2020-07-17,Monterey,053,433212,4018,2922,13,2935,18
2020-07-17,Napa,055,140530,889,598,0,598,5
2020-07-17,Nevada,057,99092,281,200,9,209,1
2020-07-17,Orange,059,3164182,37555,28962,537,29499,485
2020-07-17,Placer,061,380077,1749,1207,3,1210,11
2020-07-17,Plumas,063,18699,27,16,0,16,0
2020-07-17,Riverside,065,2383286,37341,29639,37,29676,580
2020-07-17,Sacramento,067,1510023,9376,6563,9,6572,95
2020-07-17,San Benito,069,59416,529,399,0,399,2
2020-07-17,San Bernardino,071,2135413,32705,23057,91,23148,322
2020-07-17,San Diego,073,3302833,27429,22491,2,22493,472
2020-07-17,San Francisco,075,870044,5971,4967,6,4973,52
2020-07-17,San Joaquin,077,732212,11204,7925,6,7931,86
2020-07-17,San Luis Obispo,079,281455,1639,1190,7,1197,6
2020-07-17,San Mateo,081,765935,5329,4407,6,4413,110
2020-07-17,Santa Barbara,083,443738,6532,5001,49,5050,29
2020-07-17,Santa Clara,085,1922200,10048,7080,23,7103,164
2020-07-17,Santa Cruz,087,273765,964,716,8,724,3
2020-07-17,Shasta,089,179085,360,213,1,214,8
2020-07-17,Sierra,091,2930,1,1,0,1,0
2020-07-17,Siskiyou,093,43540,70,40,0,40,0
2020-07-17,Solano,095,438530,3466,2452,12,2464,26
2020-07-17,Sonoma,097,501317,2788,1982,5,1987,15
2020-07-17,Stanislaus,099,539301,8851,6220,11,6231,56
2020-07-17,Sutter,101,95872,585,458,0,458,2
2020-07-17,Tehama,103,63373,198,128,2,130,1
2020-07-17,Trinity,105,12862,23,2,6,8,0
2020-07-17,Tulare,107,460477,8945,6671,32,6703,166
2020-07-17,Tuolumne,109,53932,121,73,2,75,0
2020-07-17,Ventura,111,848112,7213,5451,26,5477,51
2020-07-17,Yolo,113,214977,1450,1055,3,1058,30
2020-07-17,Yuba,115,75493,307,231,0,231,1
2020-07-16,Alameda,001,1643700,10899,8719,25,8744,153
2020-07-16,Alpine,003,1148,2,1,0,1,0
2020-07-16,Amador,005,37829,93,46,0,46,0
2020-07-16,Butte,007,227075,799,465,8,473,4
2020-07-16,Calaveras,009,45235,94,82,0,82,0
2020-07-16,Colusa,011,21464,263,140,0,140,0
2020-07-16,Contra Costa,013,1133247,7480,5338,16,5354,91
2020-07-16,Del Norte,015,27424,82,60,0,60,0
2020-07-16,El Dorado,017,186661,603,357,0,357,0
2020-07-16,Fresno,019,978130,16710,9481,134,9615,101
2020-07-16,Glenn,021,27897,287,190,0,190,0
2020-07-16,Humboldt,023,135768,214,184,1,185,4
2020-07-16,Imperial,025,180216,9607,7148,6,7154,113
2020-07-16,Inyo,027,18085,42,38,1,39,1
2020-07-16,Kern,029,883053,19027,7435,73,7508,112
2020-07-16,Kings,031,150075,3690,2937,24,2961,37
2020-07-16,Lake,033,64148,179,128,0,128,1
2020-07-16,Lassen,035,31185,522,355,2,357,0
2020-07-16,Los Angeles,037,10098052,167742,147759,272,148031,3994
2020-07-16,Madera,039,155013,1962,1192,3,1195,8
2020-07-16,Marin,041,260295,4642,3546,5,3551,21
2020-07-16,Mariposa,043,17540,45,34,0,34,1
2020-07-16,Mendocino,045,87422,196,121,0,121,0
2020-07-16,Merced,047,269075,3842,2228,3,2231,12
2020-07-16,Modoc,049,8938,1,0,0,0,0
2020-07-16,Mono,051,14174,97,53,1,54,1
2020-07-16,Monterey,053,433212,3914,2857,12,2869,18
2020-07-16,Napa,055,140530,860,581,0,581,5
2020-07-16,Nevada,057,99092,278,191,9,200,1
2020-07-16,Orange,059,3164182,36854,28525,501,29026,471
2020-07-16,Placer,061,380077,1701,1168,3,1171,11
2020-07-16,Plumas,063,18699,25,16,0,16,0
2020-07-16,Riverside,065,2383286,36596,28904,35,28939,577
2020-07-16,Sacramento,067,1510023,9063,6440,8,6448,91
2020-07-16,San Benito,069,59416,512,389,0,389,2
2020-07-16,San Bernardino,071,2135413,31844,22355,73,22428,321
2020-07-16,San Diego,073,3302833,26942,21857,2,21859,465
2020-07-16,San Francisco,075,870044,5830,4838,6,4844,52
2020-07-16,San Joaquin,077,732212,10841,7713,6,7719,82
2020-07-16,San Luis Obispo,079,281455,1595,1146,7,1153,6
2020-07-16,San Mateo,081,765935,5225,4336,6,4342,110
2020-07-16,Santa Barbara,083,443738,6432,4872,48,4920,28
2020-07-16,Santa Clara,085,1922200,9768,6990,21,7011,164
2020-07-16,Santa Cruz,087,273765,923,698,8,706,3
2020-07-16,Shasta,089,179085,345,208,1,209,7
2020-07-16,Sierra,091,2930,1,1,0,1,0
2020-07-16,Siskiyou,093,43540,67,39,0,39,0
2020-07-16,Solano,095,438530,3372,2372,12,2384,25
2020-07-16,Sonoma,097,501317,2698,1954,5,1959,14
2020-07-16,Stanislaus,099,539301,8569,6077,10,6087,56
2020-07-16,Sutter,101,95872,569,444,0,444,2
2020-07-16,Tehama,103,63373,188,126,2,128,1
2020-07-16,Trinity,105,12862,23,2,5,7,0
2020-07-16,Tulare,107,460477,8729,6467,31,6498,163
2020-07-16,Tuolumne,109,53932,116,71,2,73,0
2020-07-16,Ventura,111,848112,7051,5231,26,5257,50
2020-07-16,Yolo,113,214977,1408,1034,3,1037,29
2020-07-16,Yuba,115,75493,289,221,0,221,1
2020-07-15,Alameda,001,1643700,10694,8615,20,8635,153
2020-07-15,Alpine,003,1148,2,1,0,1,0
2020-07-15,Amador,005,37829,72,44,0,44,0
2020-07-15,Butte,007,227075,757,420,8,428,4
2020-07-15,Calaveras,009,45235,94,75,0,75,0
2020-07-15,Colusa,011,21464,258,135,0,135,0
2020-07-15,Contra Costa,013,1133247,7249,5246,16,5262,90
2020-07-15,Del Norte,015,27424,81,60,0,60,0
2020-07-15,El Dorado,017,186661,579,339,0,339,0
2020-07-15,Fresno,019,978130,16236,9124,127,9251,101
2020-07-15,Glenn,021,27897,278,184,0,184,0
2020-07-15,Humboldt,023,135768,212,181,1,182,4
2020-07-15,Imperial,025,180216,9540,7110,6,7116,110
2020-07-15,Inyo,027,18085,42,36,1,37,1
2020-07-15,Kern,029,883053,18407,7155,70,7225,108
2020-07-15,Kings,031,150075,3629,2906,24,2930,37
2020-07-15,Lake,033,64148,177,122,0,122,1
2020-07-15,Lassen,035,31185,518,319,2,321,0
2020-07-15,Los Angeles,037,10098052,164274,143343,257,143600,3946
2020-07-15,Madera,039,155013,1893,1147,3,1150,4
2020-07-15,Marin,041,260295,4587,3458,5,3463,21
2020-07-15,Mariposa,043,17540,45,34,0,34,1
2020-07-15,Mendocino,045,87422,193,119,0,119,0
2020-07-15,Merced,047,269075,3692,2156,3,2159,12
2020-07-15,Modoc,049,8938,1,0,0,0,0
2020-07-15,Mono,051,14174,95,52,1,53,1
2020-07-15,Monterey,053,433212,3802,2780,12,2792,18
2020-07-15,Napa,055,140530,834,573,0,573,5
2020-07-15,Nevada,057,99092,274,185,7,192,1
2020-07-15,Orange,059,3164182,36054,27718,467,28185,454
2020-07-15,Placer,061,380077,1643,1145,3,1148,11
2020-07-15,Plumas,063,18699,25,16,0,16,0
2020-07-15,Riverside,065,2383286,35814,28492,33,28525,568
2020-07-15,Sacramento,067,1510023,8682,6217,8,6225,91
2020-07-15,San Benito,069,59416,503,388,0,388,2
2020-07-15,San Bernardino,071,2135413,31054,21508,57,21565,317
2020-07-15,San Diego,073,3302833,26475,21448,2,21450,448
2020-07-15,San Francisco,075,870044,5716,4757,6,4763,50
2020-07-15,San Joaquin,077,732212,10409,7381,5,7386,75
2020-07-15,San Luis Obispo,079,281455,1552,1097,7,1104,6
2020-07-15,San Mateo,081,765935,5112,4258,6,4264,109
2020-07-15,Santa Barbara,083,443738,6315,4733,48,4781,28
2020-07-15,Santa Clara,085,1922200,9464,6900,21,6921,164
2020-07-15,Santa Cruz,087,273765,887,660,7,667,3
2020-07-15,Shasta,089,179085,336,193,1,194,7
2020-07-15,Sierra,091,2930,1,1,0,1,0
2020-07-15,Siskiyou,093,43540,66,38,0,38,0
2020-07-15,Solano,095,438530,3277,2343,12,2355,25
2020-07-15,Sonoma,097,501317,2600,1920,5,1925,14
2020-07-15,Stanislaus,099,539301,8272,5777,10,5787,56
2020-07-15,Sutter,101,95872,543,433,0,433,2
2020-07-15,Tehama,103,63373,180,126,2,128,1
2020-07-15,Trinity,105,12862,22,2,5,7,0
2020-07-15,Tulare,107,460477,8518,6320,30,6350,156
2020-07-15,Tuolumne,109,53932,109,68,2,70,0
2020-07-15,Ventura,111,848112,6874,5087,26,5113,50
2020-07-15,Yolo,113,214977,1375,1002,3,1005,27
2020-07-15,Yuba,115,75493,277,221,0,221,1
2020-07-14,Alameda,001,1643700,10352,8388,14,8402,151
2020-07-14,Alpine,003,1148,2,1,0,1,0
2020-07-14,Amador,005,37829,68,44,0,44,0
2020-07-14,Butte,007,227075,711,382,8,390,4
2020-07-14,Calaveras,009,45235,92,74,0,74,0
2020-07-14,Colusa,011,21464,248,128,0,128,0
2020-07-14,Contra Costa,013,1133247,7012,5110,14,5124,90
2020-07-14,Del Norte,015,27424,80,60,0,60,0
2020-07-14,El Dorado,017,186661,564,324,0,324,0
2020-07-14,Fresno,019,978130,15816,8941,122,9063,98
2020-07-14,Glenn,021,27897,268,177,0,177,0
2020-07-14,Humboldt,023,135768,209,175,1,176,4
2020-07-14,Imperial,025,180216,9412,7095,6,7101,109
2020-07-14,Inyo,027,18085,42,35,1,36,1
2020-07-14,Kern,029,883053,17648,6979,57,7036,107
2020-07-14,Kings,031,150075,3562,2867,23,2890,37
2020-07-14,Lake,033,64148,171,120,0,120,1
2020-07-14,Lassen,035,31185,501,263,2,265,0
2020-07-14,Los Angeles,037,10098052,161137,140632,228,140860,3900
2020-07-14,Madera,039,155013,1819,1118,3,1121,4
2020-07-14,Marin,041,260295,4473,3451,5,3456,21
2020-07-14,Mariposa,043,17540,41,32,0,32,1
2020-07-14,Mendocino,045,87422,185,110,0,110,0
2020-07-14,Merced,047,269075,3513,2084,3,2087,12
2020-07-14,Modoc,049,8938,1,0,0,0,0
2020-07-14,Mono,051,14174,85,48,1,49,1
2020-07-14,Monterey,053,433212,3688,2724,12,2736,18
2020-07-14,Napa,055,140530,778,557,0,557,4
2020-07-14,Nevada,057,99092,257,180,6,186,1
2020-07-14,Orange,059,3164182,35174,26915,420,27335,432
2020-07-14,Placer,061,380077,1585,1122,3,1125,11
2020-07-14,Plumas,063,18699,24,14,0,14,0
2020-07-14,Riverside,065,2383286,35057,27850,32,27882,547
2020-07-14,Sacramento,067,1510023,8328,5978,8,5986,87
2020-07-14,San Benito,069,59416,484,360,0,360,2
2020-07-14,San Bernardino,071,2135413,30202,20489,46,20535,316
2020-07-14,San Diego,073,3302833,25856,20887,2,20889,436
2020-07-14,San Francisco,075,870044,5566,4659,5,4664,50
2020-07-14,San Joaquin,077,732212,9981,7143,5,7148,75
2020-07-14,San Luis Obispo,079,281455,1514,1060,7,1067,5
2020-07-14,San Mateo,081,765935,5019,4173,6,4179,108
2020-07-14,Santa Barbara,083,443738,6191,4641,46,4687,28
2020-07-14,Santa Clara,085,1922200,9136,6686,18,6704,164
2020-07-14,Santa Cruz,087,273765,848,639,7,646,3
2020-07-14,Shasta,089,179085,327,190,1,191,7
2020-07-14,Sierra,091,2930,1,1,0,1,0
2020-07-14,Siskiyou,093,43540,65,38,0,38,0
2020-07-14,Solano,095,438530,3177,2266,10,2276,25
2020-07-14,Sonoma,097,501317,2508,1866,5,1871,14
2020-07-14,Stanislaus,099,539301,7898,5631,9,5640,53
2020-07-14,Sutter,101,95872,524,405,0,405,2
2020-07-14,Tehama,103,63373,168,123,2,125,1
2020-07-14,Trinity,105,12862,21,2,5,7,0
2020-07-14,Tulare,107,460477,8272,6199,30,6229,156
2020-07-14,Tuolumne,109,53932,104,68,2,70,0
2020-07-14,Ventura,111,848112,6713,4950,26,4976,50
2020-07-14,Yolo,113,214977,1327,966,3,969,27
2020-07-14,Yuba,115,75493,260,210,0,210,1
2020-07-13,Alameda,001,1643700,10044,8115,14,8129,148
2020-07-13,Alpine,003,1148,2,1,0,1,0
2020-07-13,Amador,005,37829,64,42,0,42,0
2020-07-13,Butte,007,227075,675,354,8,362,4
2020-07-13,Calaveras,009,45235,83,63,0,63,0
2020-07-13,Colusa,011,21464,242,116,0,116,0
2020-07-13,Contra Costa,013,1133247,6739,4882,12,4894,88
2020-07-13,Del Norte,015,27424,74,59,0,59,0
2020-07-13,El Dorado,017,186661,533,298,0,298,0
2020-07-13,Fresno,019,978130,15385,8666,117,8783,95
2020-07-13,Glenn,021,27897,261,168,0,168,0
2020-07-13,Humboldt,023,135768,204,174,1,175,4
2020-07-13,Imperial,025,180216,9327,7052,6,7058,109
2020-07-13,Inyo,027,18085,41,35,1,36,1
2020-07-13,Kern,029,883053,16963,6808,52,6860,107
2020-07-13,Kings,031,150075,3511,2824,23,2847,37
2020-07-13,Lake,033,64148,166,118,0,118,1
2020-07-13,Lassen,035,31185,496,237,2,239,0
2020-07-13,Los Angeles,037,10098052,157902,136368,214,136582,3829
2020-07-13,Madera,039,155013,1750,1059,3,1062,4
2020-07-13,Marin,041,260295,4370,3402,5,3407,21
2020-07-13,Mariposa,043,17540,40,31,0,31,1
2020-07-13,Mendocino,045,87422,181,87,0,87,0
2020-07-13,Merced,047,269075,3364,2007,3,2010,12
2020-07-13,Modoc,049,8938,1,0,0,0,0
2020-07-13,Mono,051,14174,81,47,0,47,1
2020-07-13,Monterey,053,433212,3565,2613,9,2622,18
2020-07-13,Napa,055,140530,742,534,0,534,4
2020-07-13,Nevada,057,99092,243,172,6,178,1
2020-07-13,Orange,059,3164182,34310,25978,390,26368,423
2020-07-13,Placer,061,380077,1540,1096,3,1099,11
2020-07-13,Plumas,063,18699,22,14,0,14,0
2020-07-13,Riverside,065,2383286,34133,27136,30,27166,545
2020-07-13,Sacramento,067,1510023,8031,5747,8,5755,85
2020-07-13,San Benito,069,59416,471,343,0,343,2
2020-07-13,San Bernardino,071,2135413,29324,19610,40,19650,313
2020-07-13,San Diego,073,3302833,25289,20348,2,20350,422
2020-07-13,San Francisco,075,870044,5438,4534,4,4538,50
2020-07-13,San Joaquin,077,732212,9564,6927,5,6932,71
2020-07-13,San Luis Obispo,079,281455,1483,989,7,996,5
2020-07-13,San Mateo,081,765935,4888,4057,6,4063,108
2020-07-13,Santa Barbara,083,443738,6077,4441,45,4486,28
2020-07-13,Santa Clara,085,1922200,8813,6488,17,6505,164
2020-07-13,Santa Cruz,087,273765,810,574,7,581,3
2020-07-13,Shasta,089,179085,316,185,1,186,6
2020-07-13,Sierra,091,2930,1,1,0,1,0
2020-07-13,Siskiyou,093,43540,61,37,0,37,0
2020-07-13,Solano,095,438530,3065,2046,10,2056,23
2020-07-13,Sonoma,097,501317,2397,1818,5,1823,14
2020-07-13,Stanislaus,099,539301,7595,5324,8,5332,53
2020-07-13,Sutter,101,95872,486,379,0,379,2
2020-07-13,Tehama,103,63373,155,112,2,114,1
2020-07-13,Trinity,105,12862,21,2,5,7,0
2020-07-13,Tulare,107,460477,8011,5930,28,5958,147
2020-07-13,Tuolumne,109,53932,96,56,2,58,0
2020-07-13,Ventura,111,848112,6523,4800,23,4823,50
2020-07-13,Yolo,113,214977,1282,941,3,944,27
2020-07-13,Yuba,115,75493,245,194,0,194,1
2020-07-12,Alameda,001,1643700,9773,8056,14,8070,148
2020-07-12,Alpine,003,1148,2,1,0,1,0
2020-07-12,Amador,005,37829,54,40,0,40,0
2020-07-12,Butte,007,227075,625,341,7,348,4
2020-07-12,Calaveras,009,45235,83,62,0,62,0
2020-07-12,Colusa,011,21464,208,116,0,116,0
2020-07-12,Contra Costa,013,1133247,6468,4708,10,4718,88
2020-07-12,Del Norte,015,27424,63,59,0,59,0
2020-07-12,El Dorado,017,186661,511,290,0,290,0
2020-07-12,Fresno,019,978130,14958,8407,112,8519,95
2020-07-12,Glenn,021,27897,248,166,0,166,0
2020-07-12,Humboldt,023,135768,200,174,1,175,4
2020-07-12,Imperial,025,180216,9208,6999,6,7005,109
2020-07-12,Inyo,027,18085,39,35,1,36,1
2020-07-12,Kern,029,883053,16219,6662,49,6711,105
2020-07-12,Kings,031,150075,3449,2779,23,2802,34
2020-07-12,Lake,033,64148,157,114,0,114,1
2020-07-12,Lassen,035,31185,489,237,2,239,0
2020-07-12,Los Angeles,037,10098052,154481,133830,185,134015,3816
2020-07-12,Madera,039,155013,1695,1025,3,1028,4
2020-07-12,Marin,041,260295,4293,3358,5,3363,21
2020-07-12,Mariposa,043,17540,39,31,0,31,1
2020-07-12,Mendocino,045,87422,162,88,0,88,0
2020-07-12,Merced,047,269075,3234,1908,3,1911,12
2020-07-12,Modoc,049,8938,1,0,0,0,0
2020-07-12,Mono,051,14174,71,45,0,45,1
2020-07-12,Monterey,053,433212,3450,2521,9,2530,18
2020-07-12,Napa,055,140530,710,519,0,519,4
2020-07-12,Nevada,057,99092,233,166,6,172,1
2020-07-12,Orange,059,3164182,33435,25399,381,25780,422
2020-07-12,Placer,061,380077,1484,1058,3,1061,11
2020-07-12,Plumas,063,18699,21,14,0,14,0
2020-07-12,Riverside,065,2383286,33374,26404,30,26434,542
2020-07-12,Sacramento,067,1510023,7719,5515,6,5521,85
2020-07-12,San Benito,069,59416,456,324,0,324,2
2020-07-12,San Bernardino,071,2135413,28411,19042,35,19077,312
2020-07-12,San Diego,073,3302833,24660,19929,2,19931,422
2020-07-12,San Francisco,075,870044,5288,4535,4,4539,50
2020-07-12,San Joaquin,077,732212,9202,6703,5,6708,71
2020-07-12,San Luis Obispo,079,281455,1436,972,7,979,5
2020-07-12,San Mateo,081,765935,4770,3988,6,3994,108
2020-07-12,Santa Barbara,083,443738,5947,4353,44,4397,28
2020-07-12,Santa Clara,085,1922200,8575,6252,16,6268,164
2020-07-12,Santa Cruz,087,273765,768,573,5,578,3
2020-07-12,Shasta,089,179085,310,173,1,174,6
2020-07-12,Sierra,091,2930,1,1,0,1,0
2020-07-12,Siskiyou,093,43540,59,36,0,36,0
2020-07-12,Solano,095,438530,2940,2037,10,2047,23
2020-07-12,Sonoma,097,501317,2302,1743,5,1748,13
2020-07-12,Stanislaus,099,539301,7291,5177,8,5185,53
2020-07-12,Sutter,101,95872,468,362,0,362,2
2020-07-12,Tehama,103,63373,148,111,2,113,1
2020-07-12,Trinity,105,12862,21,2,5,7,0
2020-07-12,Tulare,107,460477,7756,5864,27,5891,146
2020-07-12,Tuolumne,109,53932,88,52,2,54,0
2020-07-12,Ventura,111,848112,6307,4724,22,4746,50
2020-07-12,Yolo,113,214977,1241,889,3,892,27
2020-07-12,Yuba,115,75493,234,188,0,188,1
2020-07-11,Alameda,001,1643700,9671,7845,14,7859,148
2020-07-11,Alpine,003,1148,2,1,0,1,0
2020-07-11,Amador,005,37829,50,37,0,37,0
2020-07-11,Butte,007,227075,609,325,7,332,4
2020-07-11,Calaveras,009,45235,80,62,0,62,0
2020-07-11,Colusa,011,21464,203,110,0,110,0
2020-07-11,Contra Costa,013,1133247,6351,4650,10,4660,87
2020-07-11,Del Norte,015,27424,63,59,0,59,0
2020-07-11,El Dorado,017,186661,500,283,0,283,0
2020-07-11,Fresno,019,978130,14698,8086,110,8196,95
2020-07-11,Glenn,021,27897,240,161,0,161,0
2020-07-11,Humboldt,023,135768,199,174,1,175,4
2020-07-11,Imperial,025,180216,9169,6884,6,6890,109
2020-07-11,Inyo,027,18085,39,35,1,36,1
2020-07-11,Kern,029,883053,15862,6509,48,6557,103
2020-07-11,Kings,031,150075,3422,2753,23,2776,33
2020-07-11,Lake,033,64148,156,110,0,110,1
2020-07-11,Lassen,035,31185,488,237,2,239,0
2020-07-11,Los Angeles,037,10098052,152762,130479,175,130654,3802
2020-07-11,Madera,039,155013,1654,988,3,991,4
2020-07-11,Marin,041,260295,4265,3191,5,3196,21
2020-07-11,Mariposa,043,17540,39,31,0,31,1
2020-07-11,Mendocino,045,87422,158,88,0,88,0
2020-07-11,Merced,047,269075,3153,1851,3,1854,12
2020-07-11,Modoc,049,8938,1,0,0,0,0
2020-07-11,Mono,051,14174,68,45,0,45,1
2020-07-11,Monterey,053,433212,3361,2376,8,2384,18
2020-07-11,Napa,055,140530,698,509,0,509,4
2020-07-11,Nevada,057,99092,224,163,5,168,1
2020-07-11,Orange,059,3164182,33058,24430,367,24797,422
2020-07-11,Placer,061,380077,1449,1029,3,1032,11
2020-07-11,Plumas,063,18699,21,12,0,12,0
2020-07-11,Riverside,065,2383286,32983,25994,30,26024,538
2020-07-11,Sacramento,067,1510023,7545,5367,6,5373,84
2020-07-11,San Benito,069,59416,441,314,0,314,2
2020-07-11,San Bernardino,071,2135413,27974,18907,33,18940,310
2020-07-11,San Diego,073,3302833,24275,19371,2,19373,422
2020-07-11,San Francisco,075,870044,5192,4430,3,4433,50
2020-07-11,San Joaquin,077,732212,9024,6518,5,6523,72
2020-07-11,San Luis Obispo,079,281455,1388,930,7,937,4
2020-07-11,San Mateo,081,765935,4702,3956,6,3962,108
2020-07-11,Santa Barbara,083,443738,5878,4283,43,4326,28
2020-07-11,Santa Clara,085,1922200,8416,5959,16,5975,164
2020-07-11,Santa Cruz,087,273765,737,571,5,576,3
2020-07-11,Shasta,089,179085,303,168,1,169,6
2020-07-11,Sierra,091,2930,1,1,0,1,0
2020-07-11,Siskiyou,093,43540,59,36,0,36,0
2020-07-11,Solano,095,438530,2899,2034,10,2044,23
2020-07-11,Sonoma,097,501317,2265,1690,5,1695,13
2020-07-11,Stanislaus,099,539301,7150,4911,8,4919,51
2020-07-11,Sutter,101,95872,452,352,0,352,2
2020-07-11,Tehama,103,63373,146,111,2,113,1
2020-07-11,Trinity,105,12862,21,2,5,7,0
2020-07-11,Tulare,107,460477,7650,5780,27,5807,149
2020-07-11,Tuolumne,109,53932,86,50,2,52,0
2020-07-11,Ventura,111,848112,6211,4545,21,4566,49
2020-07-11,Yolo,113,214977,1211,833,3,836,27
2020-07-11,Yuba,115,75493,224,175,0,175,1
2020-07-10,Alameda,001,1643700,9514,7551,14,7565,147
2020-07-10,Alpine,003,1148,2,1,0,1,0
2020-07-10,Amador,005,37829,46,37,0,37,0
2020-07-10,Butte,007,227075,598,318,7,325,4
2020-07-10,Calaveras,009,45235,80,61,0,61,0
2020-07-10,Colusa,011,21464,197,103,0,103,0
2020-07-10,Contra Costa,013,1133247,6208,4482,10,4492,86
2020-07-10,Del Norte,015,27424,63,57,0,57,0
2020-07-10,El Dorado,017,186661,482,266,0,266,0
2020-07-10,Fresno,019,978130,14366,7760,107,7867,93
2020-07-10,Glenn,021,27897,235,157,0,157,0
2020-07-10,Humboldt,023,135768,198,168,1,169,4
2020-07-10,Imperial,025,180216,9124,6878,5,6883,98
2020-07-10,Inyo,027,18085,39,35,1,36,1
2020-07-10,Kern,029,883053,15429,6344,47,6391,102
2020-07-10,Kings,031,150075,3386,2707,23,2730,33
2020-07-10,Lake,033,64148,149,104,0,104,1
2020-07-10,Lassen,035,31185,487,235,2,237,0
2020-07-10,Los Angeles,037,10098052,150343,127503,169,127672,3750
2020-07-10,Madera,039,155013,1608,914,3,917,4
2020-07-10,Marin,041,260295,4202,3101,5,3106,21
2020-07-10,Mariposa,043,17540,38,31,0,31,1
2020-07-10,Mendocino,045,87422,150,88,0,88,0
2020-07-10,Merced,047,269075,3074,1802,3,1805,12
2020-07-10,Modoc,049,8938,1,0,0,0,0
2020-07-10,Mono,051,14174,67,45,0,45,1
2020-07-10,Monterey,053,433212,3282,2285,8,2293,18
2020-07-10,Napa,055,140530,687,496,0,496,4
2020-07-10,Nevada,057,99092,219,161,5,166,1
2020-07-10,Orange,059,3164182,32470,23692,364,24056,416
2020-07-10,Placer,061,380077,1409,1002,3,1005,11
2020-07-10,Plumas,063,18699,19,12,0,12,0
2020-07-10,Riverside,065,2383286,32466,25481,30,25511,533
2020-07-10,Sacramento,067,1510023,7290,5181,6,5187,81
2020-07-10,San Benito,069,59416,432,302,0,302,2
2020-07-10,San Bernardino,071,2135413,27448,18242,30,18272,308
2020-07-10,San Diego,073,3302833,23894,18862,2,18864,420
2020-07-10,San Francisco,075,870044,5101,4305,3,4308,50
2020-07-10,San Joaquin,077,732212,8791,6225,5,6230,67
2020-07-10,San Luis Obispo,079,281455,1350,891,7,898,4
2020-07-10,San Mateo,081,765935,4637,3844,6,3850,107
2020-07-10,Santa Barbara,083,443738,5781,4177,42,4219,28
2020-07-10,Santa Clara,085,1922200,8192,5819,16,5835,164
2020-07-10,Santa Cruz,087,273765,710,540,5,545,3
2020-07-10,Shasta,089,179085,299,158,1,159,6
2020-07-10,Sierra,091,2930,1,1,0,1,0
2020-07-10,Siskiyou,093,43540,59,31,0,31,0
2020-07-10,Solano,095,438530,2852,1950,10,1960,23
2020-07-10,Sonoma,097,501317,2218,1606,4,1610,13
2020-07-10,Stanislaus,099,539301,6980,4781,8,4789,46
2020-07-10,Sutter,101,95872,445,338,0,338,2
2020-07-10,Tehama,103,63373,145,107,2,109,1
2020-07-10,Trinity,105,12862,21,2,5,7,0
2020-07-10,Tulare,107,460477,7513,5677,27,5704,150
2020-07-10,Tuolumne,109,53932,85,49,2,51,0
2020-07-10,Ventura,111,848112,6097,4416,21,4437,48
2020-07-10,Yolo,113,214977,1187,794,3,797,27
2020-07-10,Yuba,115,75493,210,164,0,164,1
2020-07-09,Alameda,001,1643700,9278,7433,14,7447,146
2020-07-09,Alpine,003,1148,2,1,0,1,0
2020-07-09,Amador,005,37829,43,36,0,36,0
2020-07-09,Butte,007,227075,566,295,7,302,4
2020-07-09,Calaveras,009,45235,79,59,0,59,0
2020-07-09,Colusa,011,21464,189,97,0,97,0
2020-07-09,Contra Costa,013,1133247,5965,4388,10,4398,86
2020-07-09,Del Norte,015,27424,63,57,0,57,0
2020-07-09,El Dorado,017,186661,457,255,0,255,0
2020-07-09,Fresno,019,978130,13909,7385,104,7489,90
2020-07-09,Glenn,021,27897,225,150,0,150,0
2020-07-09,Humboldt,023,135768,195,166,1,167,4
2020-07-09,Imperial,025,180216,9029,6778,5,6783,87
2020-07-09,Inyo,027,18085,37,35,1,36,1
2020-07-09,Kern,029,883053,14784,6100,45,6145,95
2020-07-09,Kings,031,150075,3322,2686,22,2708,33
2020-07-09,Lake,033,64148,146,99,0,99,1
2020-07-09,Lassen,035,31185,431,221,2,223,0
2020-07-09,Los Angeles,037,10098052,147079,125062,145,125207,3698
2020-07-09,Madera,039,155013,1531,850,3,853,4
2020-07-09,Marin,041,260295,4051,2975,4,2979,20
2020-07-09,Mariposa,043,17540,38,32,0,32,1
2020-07-09,Mendocino,045,87422,146,88,0,88,0
2020-07-09,Merced,047,269075,2941,1728,3,1731,11
2020-07-09,Modoc,049,8938,1,0,0,0,0
2020-07-09,Mono,051,14174,63,45,0,45,1
2020-07-09,Monterey,053,433212,3157,2223,8,2231,17
2020-07-09,Napa,055,140530,670,468,0,468,4
2020-07-09,Nevada,057,99092,213,156,5,161,1
2020-07-09,Orange,059,3164182,31499,22960,346,23306,407
2020-07-09,Placer,061,380077,1366,982,3,985,11
2020-07-09,Plumas,063,18699,19,12,0,12,0
2020-07-09,Riverside,065,2383286,31572,24980,29,25009,529
2020-07-09,Sacramento,067,1510023,6963,4950,6,4956,81
2020-07-09,San Benito,069,59416,416,295,0,295,2
2020-07-09,San Bernardino,071,2135413,26575,17339,24,17363,307
2020-07-09,San Diego,073,3302833,23302,18404,2,18406,415
2020-07-09,San Francisco,075,870044,4969,4143,3,4146,50
2020-07-09,San Joaquin,077,732212,8432,6004,5,6009,66
2020-07-09,San Luis Obispo,079,281455,1310,869,7,876,3
2020-07-09,San Mateo,081,765935,4510,3792,6,3798,106
2020-07-09,Santa Barbara,083,443738,5647,4068,42,4110,28
2020-07-09,Santa Clara,085,1922200,7935,5638,16,5654,164
2020-07-09,Santa Cruz,087,273765,683,526,5,531,3
2020-07-09,Shasta,089,179085,293,155,1,156,5
2020-07-09,Sierra,091,2930,1,1,0,1,0
2020-07-09,Siskiyou,093,43540,55,31,0,31,0
2020-07-09,Solano,095,438530,2754,1892,10,1902,23
2020-07-09,Sonoma,097,501317,2132,1584,4,1588,13
2020-07-09,Stanislaus,099,539301,6664,4633,7,4640,46
2020-07-09,Sutter,101,95872,428,321,0,321,2
2020-07-09,Tehama,103,63373,140,102,2,104,1
2020-07-09,Trinity,105,12862,21,2,5,7,0
2020-07-09,Tulare,107,460477,7294,5501,26,5527,146
2020-07-09,Tuolumne,109,53932,84,47,2,49,0
2020-07-09,Ventura,111,848112,5929,4278,21,4299,47
2020-07-09,Yolo,113,214977,1140,764,3,767,27
2020-07-09,Yuba,115,75493,193,152,0,152,1
2020-07-08,Alameda,001,1643700,8986,7335,14,7349,142
2020-07-08,Alpine,003,1148,2,1,0,1,0
2020-07-08,Amador,005,37829,40,35,0,35,0
2020-07-08,Butte,007,227075,529,281,7,288,3
2020-07-08,Calaveras,009,45235,74,58,0,58,0
2020-07-08,Colusa,011,21464,176,90,0,90,0
2020-07-08,Contra Costa,013,1133247,5719,4268,8,4276,84
2020-07-08,Del Norte,015,27424,61,57,0,57,0
2020-07-08,El Dorado,017,186661,436,248,0,248,0
2020-07-08,Fresno,019,978130,13492,7102,96,7198,86
2020-07-08,Glenn,021,27897,214,146,0,146,0
2020-07-08,Humboldt,023,135768,192,162,1,163,4
2020-07-08,Imperial,025,180216,8942,6727,4,6731,76
2020-07-08,Inyo,027,18085,37,35,1,36,1
2020-07-08,Kern,029,883053,14206,5873,43,5916,91
2020-07-08,Kings,031,150075,3262,2629,19,2648,33
2020-07-08,Lake,033,64148,139,97,0,97,1
2020-07-08,Lassen,035,31185,335,221,2,223,0
2020-07-08,Los Angeles,037,10098052,143861,123462,118,123580,3650
2020-07-08,Madera,039,155013,1461,828,3,831,4
2020-07-08,Marin,041,260295,3952,2756,4,2760,17
2020-07-08,Mariposa,043,17540,38,31,0,31,1
2020-07-08,Mendocino,045,87422,133,84,0,84,0
2020-07-08,Merced,047,269075,2822,1578,3,1581,11
2020-07-08,Modoc,049,8938,1,0,0,0,0
2020-07-08,Mono,051,14174,60,45,0,45,1
2020-07-08,Monterey,053,433212,3039,2182,7,2189,17
2020-07-08,Napa,055,140530,647,468,0,468,4
2020-07-08,Nevada,057,99092,204,156,5,161,1
2020-07-08,Orange,059,3164182,30546,22088,341,22429,378
2020-07-08,Placer,061,380077,1320,948,3,951,11
2020-07-08,Plumas,063,18699,19,12,0,12,0
2020-07-08,Riverside,065,2383286,30608,24042,28,24070,508
2020-07-08,Sacramento,067,1510023,6675,4799,6,4805,80
2020-07-08,San Benito,069,59416,400,282,0,282,2
2020-07-08,San Bernardino,071,2135413,25720,16510,20,16530,296
2020-07-08,San Diego,073,3302833,22735,17844,2,17846,406
2020-07-08,San Francisco,075,870044,4880,4093,3,4096,50
2020-07-08,San Joaquin,077,732212,8089,5759,5,5764,61
2020-07-08,San Luis Obispo,079,281455,1259,825,7,832,2
2020-07-08,San Mateo,081,765935,4389,3733,6,3739,106
2020-07-08,Santa Barbara,083,443738,5528,3985,42,4027,28
2020-07-08,Santa Clara,085,1922200,7702,5510,16,5526,164
2020-07-08,Santa Cruz,087,273765,650,509,4,513,3
2020-07-08,Shasta,089,179085,284,148,1,149,6
2020-07-08,Sierra,091,2930,1,1,0,1,0
2020-07-08,Siskiyou,093,43540,55,31,0,31,0
2020-07-08,Solano,095,438530,2638,1821,10,1831,23
2020-07-08,Sonoma,097,501317,2057,1495,4,1499,9
2020-07-08,Stanislaus,099,539301,6364,4344,7,4351,46
2020-07-08,Sutter,101,95872,403,298,0,298,2
2020-07-08,Tehama,103,63373,134,100,2,102,1
2020-07-08,Trinity,105,12862,20,2,5,7,0
2020-07-08,Tulare,107,460477,7102,5307,21,5328,138
2020-07-08,Tuolumne,109,53932,80,42,2,44,0
2020-07-08,Ventura,111,848112,5764,4139,21,4160,47
2020-07-08,Yolo,113,214977,1097,727,3,730,26
2020-07-08,Yuba,115,75493,180,145,0,145,1
2020-07-07,Alameda,001,1643700,8667,7097,13,7110,141
2020-07-07,Alpine,003,1148,2,1,0,1,0
2020-07-07,Amador,005,37829,40,33,0,33,0
2020-07-07,Butte,007,227075,486,269,7,276,3
2020-07-07,Calaveras,009,45235,72,58,0,58,0
2020-07-07,Colusa,011,21464,143,84,0,84,0
2020-07-07,Contra Costa,013,1133247,5483,4131,7,4138,84
2020-07-07,Del Norte,015,27424,61,57,0,57,0
2020-07-07,El Dorado,017,186661,416,244,0,244,0
2020-07-07,Fresno,019,978130,13039,6738,95,6833,84
2020-07-07,Glenn,021,27897,205,145,0,145,0
2020-07-07,Humboldt,023,135768,189,150,1,151,4
2020-07-07,Imperial,025,180216,8843,6678,4,6682,51
2020-07-07,Inyo,027,18085,36,32,1,33,1
2020-07-07,Kern,029,883053,13507,5645,39,5684,88
2020-07-07,Kings,031,150075,3199,2623,16,2639,33
2020-07-07,Lake,033,64148,129,94,0,94,1
2020-07-07,Lassen,035,31185,264,219,2,221,0
2020-07-07,Los Angeles,037,10098052,140291,121026,110,121136,3588
2020-07-07,Madera,039,155013,1417,794,3,797,4
2020-07-07,Marin,041,260295,3863,2627,4,2631,17
2020-07-07,Mariposa,043,17540,38,31,0,31,1
2020-07-07,Mendocino,045,87422,125,82,0,82,0
2020-07-07,Merced,047,269075,2648,1531,3,1534,10
2020-07-07,Modoc,049,8938,1,0,0,0,0
2020-07-07,Mono,051,14174,59,42,0,42,1
2020-07-07,Monterey,053,433212,2896,2166,7,2173,17
2020-07-07,Napa,055,140530,628,459,0,459,4
2020-07-07,Nevada,057,99092,198,150,5,155,1
2020-07-07,Orange,059,3164182,29535,21741,327,22068,373
2020-07-07,Placer,061,380077,1279,930,3,933,11
2020-07-07,Plumas,063,18699,17,12,0,12,0
2020-07-07,Riverside,065,2383286,29593,23279,28,23307,499
2020-07-07,Sacramento,067,1510023,6331,4592,6,4598,76
2020-07-07,San Benito,069,59416,382,274,0,274,2
2020-07-07,San Bernardino,071,2135413,24849,16004,18,16022,277
2020-07-07,San Diego,073,3302833,22020,17580,2,17582,399
2020-07-07,San Francisco,075,870044,4787,4045,2,4047,50
2020-07-07,San Joaquin,077,732212,7747,5547,5,5552,59
2020-07-07,San Luis Obispo,079,281455,1198,795,7,802,2
2020-07-07,San Mateo,081,765935,4274,3691,6,3697,106
2020-07-07,Santa Barbara,083,443738,5399,3866,41,3907,27
2020-07-07,Santa Clara,085,1922200,7433,5438,16,5454,164
2020-07-07,Santa Cruz,087,273765,616,502,3,505,2
2020-07-07,Shasta,089,179085,271,144,1,145,6
2020-07-07,Sierra,091,2930,1,1,0,1,0
2020-07-07,Siskiyou,093,43540,54,30,0,30,0
2020-07-07,Solano,095,438530,2527,1776,9,1785,22
2020-07-07,Sonoma,097,501317,1986,1473,4,1477,8
2020-07-07,Stanislaus,099,539301,6025,4101,7,4108,46
2020-07-07,Sutter,101,95872,377,273,0,273,2
2020-07-07,Tehama,103,63373,125,95,2,97,1
2020-07-07,Trinity,105,12862,20,2,5,7,0
2020-07-07,Tulare,107,460477,6922,5189,19,5208,137
2020-07-07,Tuolumne,109,53932,74,40,2,42,0
2020-07-07,Ventura,111,848112,5595,3992,19,4011,46
2020-07-07,Yolo,113,214977,1029,706,3,709,26
2020-07-07,Yuba,115,75493,160,138,0,138,1
2020-07-06,Alameda,001,1643700,8429,6970,13,6983,141
2020-07-06,Alpine,003,1148,1,1,0,1,0
2020-07-06,Amador,005,37829,38,33,0,33,0
2020-07-06,Butte,007,227075,430,257,7,264,2
2020-07-06,Calaveras,009,45235,69,45,0,45,0
2020-07-06,Colusa,011,21464,134,80,0,80,0
2020-07-06,Contra Costa,013,1133247,5253,3901,6,3907,83
2020-07-06,Del Norte,015,27424,60,57,0,57,0
2020-07-06,El Dorado,017,186661,401,232,0,232,0
2020-07-06,Fresno,019,978130,12571,6364,89,6453,82
2020-07-06,Glenn,021,27897,197,129,0,129,0
2020-07-06,Humboldt,023,135768,187,148,1,149,3
2020-07-06,Imperial,025,180216,8724,6443,4,6447,47
2020-07-06,Inyo,027,18085,36,32,1,33,1
2020-07-06,Kern,029,883053,12701,5491,37,5528,82
2020-07-06,Kings,031,150075,3148,2583,11,2594,33
2020-07-06,Lake,033,64148,122,93,0,93,1
2020-07-06,Lassen,035,31185,262,219,2,221,0
2020-07-06,Los Angeles,037,10098052,136681,116707,96,116803,3541
2020-07-06,Madera,039,155013,1347,734,3,737,4
2020-07-06,Marin,041,260295,3623,2136,4,2140,17
2020-07-06,Mariposa,043,17540,36,31,0,31,1
2020-07-06,Mendocino,045,87422,108,72,0,72,0
2020-07-06,Merced,047,269075,2497,1396,3,1399,10
2020-07-06,Modoc,049,8938,1,0,0,0,0
2020-07-06,Mono,051,14174,58,40,0,40,1
2020-07-06,Monterey,053,433212,2806,2078,7,2085,15
2020-07-06,Napa,055,140530,610,454,0,454,4
2020-07-06,Nevada,057,99092,192,146,5,151,1
2020-07-06,Orange,059,3164182,28472,20167,290,20457,372
2020-07-06,Placer,061,380077,1217,904,3,907,11
2020-07-06,Plumas,063,18699,17,11,0,11,0
2020-07-06,Riverside,065,2383286,28541,22485,27,22512,477
2020-07-06,Sacramento,067,1510023,5981,4420,6,4426,71
2020-07-06,San Benito,069,59416,367,264,0,264,2
2020-07-06,San Bernardino,071,2135413,23993,15346,15,15361,272
2020-07-06,San Diego,073,3302833,21306,17002,2,17004,387
2020-07-06,San Francisco,075,870044,4666,3861,2,3863,50
2020-07-06,San Joaquin,077,732212,7377,5104,5,5109,57
2020-07-06,San Luis Obispo,079,281455,1140,751,7,758,2
2020-07-06,San Mateo,081,765935,4182,3650,5,3655,106
2020-07-06,Santa Barbara,083,443738,5262,3763,40,3803,27
2020-07-06,Santa Clara,085,1922200,7162,5369,16,5385,165
2020-07-06,Santa Cruz,087,273765,594,466,2,468,2
2020-07-06,Shasta,089,179085,261,143,1,144,6
2020-07-06,Sierra,091,2930,1,1,0,1,0
2020-07-06,Siskiyou,093,43540,50,30,0,30,0
2020-07-06,Solano,095,438530,2394,1668,9,1677,22
2020-07-06,Sonoma,097,501317,1922,1369,4,1373,8
2020-07-06,Stanislaus,099,539301,5623,3983,7,3990,46
2020-07-06,Sutter,101,95872,350,250,0,250,2
2020-07-06,Tehama,103,63373,122,95,2,97,1
2020-07-06,Trinity,105,12862,19,2,5,7,0
2020-07-06,Tulare,107,460477,6717,5039,17,5056,136
2020-07-06,Tuolumne,109,53932,71,30,2,32,0
2020-07-06,Ventura,111,848112,5402,3912,19,3931,44
2020-07-06,Yolo,113,214977,973,685,3,688,26
2020-07-06,Yuba,115,75493,146,124,0,124,1
2020-07-05,Alameda,001,1643700,8177,6861,13,6874,141
2020-07-05,Alpine,003,1148,1,1,0,1,0
2020-07-05,Amador,005,37829,36,31,0,31,0
2020-07-05,Butte,007,227075,395,248,7,255,2
2020-07-05,Calaveras,009,45235,66,45,0,45,0
2020-07-05,Colusa,011,21464,124,79,0,79,0
2020-07-05,Contra Costa,013,1133247,5013,3665,5,3670,80
2020-07-05,Del Norte,015,27424,60,57,0,57,0
2020-07-05,El Dorado,017,186661,383,227,0,227,0
2020-07-05,Fresno,019,978130,12003,6186,87,6273,82
2020-07-05,Glenn,021,27897,194,129,0,129,0
2020-07-05,Humboldt,023,135768,183,147,1,148,3
2020-07-05,Imperial,025,180216,8590,6441,4,6445,47
2020-07-05,Inyo,027,18085,35,32,1,33,1
2020-07-05,Kern,029,883053,11991,5351,37,5388,82
2020-07-05,Kings,031,150075,3065,2546,10,2556,31
2020-07-05,Lake,033,64148,122,92,0,92,1
2020-07-05,Lassen,035,31185,256,219,2,221,0
2020-07-05,Los Angeles,037,10098052,133461,115133,90,115223,3495
2020-07-05,Madera,039,155013,1268,564,3,567,4
2020-07-05,Marin,041,260295,3440,2080,4,2084,17
2020-07-05,Mariposa,043,17540,36,31,0,31,1
2020-07-05,Mendocino,045,87422,105,72,0,72,0
2020-07-05,Merced,047,269075,2352,1340,3,1343,10
2020-07-05,Modoc,049,8938,1,0,0,0,0
2020-07-05,Mono,051,14174,54,39,0,39,1
2020-07-05,Monterey,053,433212,2703,1994,7,2001,15
2020-07-05,Napa,055,140530,580,450,0,450,4
2020-07-05,Nevada,057,99092,186,141,5,146,1
2020-07-05,Orange,059,3164182,27532,19430,277,19707,372
2020-07-05,Placer,061,380077,1160,855,3,858,11
2020-07-05,Plumas,063,18699,16,11,0,11,0
2020-07-05,Riverside,065,2383286,27684,21511,27,21538,474
2020-07-05,Sacramento,067,1510023,5666,4265,5,4270,71
2020-07-05,San Benito,069,59416,348,258,0,258,2
2020-07-05,San Bernardino,071,2135413,23115,15026,15,15041,270
2020-07-05,San Diego,073,3302833,20618,16728,2,16730,387
2020-07-05,San Francisco,075,870044,4548,3861,2,3863,50
2020-07-05,San Joaquin,077,732212,7058,5015,5,5020,57
2020-07-05,San Luis Obispo,079,281455,1061,730,7,737,2
2020-07-05,San Mateo,081,765935,4071,3575,5,3580,106
2020-07-05,Santa Barbara,083,443738,5114,3671,37,3708,27
2020-07-05,Santa Clara,085,1922200,6871,5237,16,5253,162
2020-07-05,Santa Cruz,087,273765,576,467,0,467,2
2020-07-05,Shasta,089,179085,255,138,1,139,6
2020-07-05,Sierra,091,2930,1,1,0,1,0
2020-07-05,Siskiyou,093,43540,46,30,0,30,0
2020-07-05,Solano,095,438530,2274,1547,9,1556,22
2020-07-05,Sonoma,097,501317,1841,1369,4,1373,8
2020-07-05,Stanislaus,099,539301,5292,3777,6,3783,45
2020-07-05,Sutter,101,95872,322,241,0,241,2
2020-07-05,Tehama,103,63373,120,95,2,97,1
2020-07-05,Trinity,105,12862,19,2,5,7,0
2020-07-05,Tulare,107,460477,6458,4981,15,4996,135
2020-07-05,Tuolumne,109,53932,66,30,2,32,0
2020-07-05,Ventura,111,848112,5199,3866,19,3885,44
2020-07-05,Yolo,113,214977,933,644,3,647,26
2020-07-05,Yuba,115,75493,136,115,0,115,1
2020-07-04,Alameda,001,1643700,8065,6737,13,6750,141
2020-07-04,Alpine,003,1148,1,1,0,1,0
2020-07-04,Amador,005,37829,35,31,0,31,0
2020-07-04,Butte,007,227075,377,224,7,231,2
2020-07-04,Calaveras,009,45235,66,45,0,45,0
2020-07-04,Colusa,011,21464,123,76,0,76,0
2020-07-04,Contra Costa,013,1133247,4865,3583,5,3588,80
2020-07-04,Del Norte,015,27424,60,50,0,50,0
2020-07-04,El Dorado,017,186661,364,211,0,211,0
2020-07-04,Fresno,019,978130,11686,5999,85,6084,82
2020-07-04,Glenn,021,27897,187,128,0,128,0
2020-07-04,Humboldt,023,135768,176,144,1,145,3
2020-07-04,Imperial,025,180216,8542,6441,4,6445,47
2020-07-04,Inyo,027,18085,35,32,1,33,1
2020-07-04,Kern,029,883053,11687,5231,37,5268,81
2020-07-04,Kings,031,150075,3022,2509,10,2519,31
2020-07-04,Lake,033,64148,115,86,0,86,1
2020-07-04,Lassen,035,31185,256,219,2,221,0
2020-07-04,Los Angeles,037,10098052,131645,107256,79,107335,3462
2020-07-04,Madera,039,155013,1222,568,3,571,4
2020-07-04,Marin,041,260295,3411,1962,4,1966,17
2020-07-04,Mariposa,043,17540,36,28,0,28,1
2020-07-04,Mendocino,045,87422,105,72,0,72,0
2020-07-04,Merced,047,269075,2249,1252,2,1254,10
2020-07-04,Modoc,049,8938,1,0,0,0,0
2020-07-04,Mono,051,14174,54,37,0,37,1
2020-07-04,Monterey,053,433212,2623,1878,7,1885,15
2020-07-04,Napa,055,140530,571,426,0,426,4
2020-07-04,Nevada,057,99092,183,125,5,130,1
2020-07-04,Orange,059,3164182,27099,19247,264,19511,372
2020-07-04,Placer,061,380077,1125,796,3,799,11
2020-07-04,Plumas,063,18699,16,11,0,11,0
2020-07-04,Riverside,065,2383286,27317,21508,27,21535,474
2020-07-04,Sacramento,067,1510023,5495,4039,5,4044,71
2020-07-04,San Benito,069,59416,335,255,0,255,2
2020-07-04,San Bernardino,071,2135413,22688,14636,13,14649,270
2020-07-04,San Diego,073,3302833,20158,16166,2,16168,387
2020-07-04,San Francisco,075,870044,4456,3861,2,3863,50
2020-07-04,San Joaquin,077,732212,6845,4807,5,4812,57
2020-07-04,San Luis Obispo,079,281455,1021,699,7,706,2
2020-07-04,San Mateo,081,765935,4008,3532,5,3537,106
2020-07-04,Santa Barbara,083,443738,5038,3520,35,3555,27
2020-07-04,Santa Clara,085,1922200,6679,5045,15,5060,161
2020-07-04,Santa Cruz,087,273765,566,466,0,466,2
2020-07-04,Shasta,089,179085,252,135,1,136,6
2020-07-04,Sierra,091,2930,1,1,0,1,0
2020-07-04,Siskiyou,093,43540,39,30,0,30,0
2020-07-04,Solano,095,438530,2238,1548,9,1557,22
2020-07-04,Sonoma,097,501317,1815,1370,4,1374,8
2020-07-04,Stanislaus,099,539301,5134,3572,6,3578,44
2020-07-04,Sutter,101,95872,303,225,0,225,2
2020-07-04,Tehama,103,63373,117,92,2,94,1
2020-07-04,Trinity,105,12862,19,2,5,7,0
2020-07-04,Tulare,107,460477,6346,4802,14,4816,135
2020-07-04,Tuolumne,109,53932,62,30,2,32,0
2020-07-04,Ventura,111,848112,5075,3687,19,3706,44
2020-07-04,Yolo,113,214977,908,615,3,618,26
2020-07-04,Yuba,115,75493,129,102,0,102,1
2020-07-03,Alameda,001,1643700,7944,6486,13,6499,141
2020-07-03,Alpine,003,1148,1,1,0,1,0
2020-07-03,Amador,005,37829,35,25,0,25,0
2020-07-03,Butte,007,227075,365,212,7,219,2
2020-07-03,Calaveras,009,45235,66,44,0,44,0
2020-07-03,Colusa,011,21464,117,70,0,70,0
2020-07-03,Contra Costa,013,1133247,4731,3447,5,3452,78
2020-07-03,Del Norte,015,27424,60,50,0,50,0
2020-07-03,El Dorado,017,186661,352,201,0,201,0
2020-07-03,Fresno,019,978130,11381,5783,83,5866,81
2020-07-03,Glenn,021,27897,182,122,0,122,0
2020-07-03,Humboldt,023,135768,172,143,1,144,3
2020-07-03,Imperial,025,180216,8494,6345,4,6349,47
2020-07-03,Inyo,027,18085,35,32,1,33,1
2020-07-03,Kern,029,883053,11426,5213,37,5250,81
2020-07-03,Kings,031,150075,2986,2492,10,2502,31
2020-07-03,Lake,033,64148,108,83,0,83,0
2020-07-03,Lassen,035,31185,256,219,2,221,0
2020-07-03,Los Angeles,037,10098052,130128,107236,75,107311,3461
2020-07-03,Madera,039,155013,1177,565,3,568,4
2020-07-03,Marin,041,260295,3382,1776,4,1780,17
2020-07-03,Mariposa,043,17540,36,28,0,28,1
2020-07-03,Mendocino,045,87422,104,72,0,72,0
2020-07-03,Merced,047,269075,2183,1188,2,1190,10
2020-07-03,Modoc,049,8938,1,0,0,0,0
2020-07-03,Mono,051,14174,54,37,0,37,1
2020-07-03,Monterey,053,433212,2552,1804,7,1811,15
2020-07-03,Napa,055,140530,553,388,0,388,4
2020-07-03,Nevada,057,99092,182,125,5,130,1
2020-07-03,Orange,059,3164182,26708,18819,256,19075,366
2020-07-03,Placer,061,380077,1098,745,3,748,11
2020-07-03,Plumas,063,18699,16,11,0,11,0
2020-07-03,Riverside,065,2383286,27011,21171,27,21198,472
2020-07-03,Sacramento,067,1510023,5361,3711,5,3716,71
2020-07-03,San Benito,069,59416,328,243,0,243,2
2020-07-03,San Bernardino,071,2135413,22299,14040,13,14053,269
2020-07-03,San Diego,073,3302833,19702,15698,2,15700,387
2020-07-03,San Francisco,075,870044,4409,3781,2,3783,50
2020-07-03,San Joaquin,077,732212,6707,4416,4,4420,56
2020-07-03,San Luis Obispo,079,281455,986,676,7,683,2
2020-07-03,San Mateo,081,765935,3951,3439,5,3444,106
2020-07-03,Santa Barbara,083,443738,4951,3406,34,3440,27
2020-07-03,Santa Clara,085,1922200,6567,4820,15,4835,161
2020-07-03,Santa Cruz,087,273765,553,436,0,436,2
2020-07-03,Shasta,089,179085,244,113,1,114,6
2020-07-03,Sierra,091,2930,1,1,0,1,0
2020-07-03,Siskiyou,093,43540,36,30,0,30,0
2020-07-03,Solano,095,438530,2194,1496,8,1504,22
2020-07-03,Sonoma,097,501317,1767,1282,4,1286,8
2020-07-03,Stanislaus,099,539301,5009,3021,6,3027,43
2020-07-03,Sutter,101,95872,293,205,0,205,2
2020-07-03,Tehama,103,63373,115,89,2,91,1
2020-07-03,Trinity,105,12862,19,2,5,7,0
2020-07-03,Tulare,107,460477,6231,4656,14,4670,134
2020-07-03,Tuolumne,109,53932,60,27,2,29,0
2020-07-03,Ventura,111,848112,4979,3536,19,3555,44
2020-07-03,Yolo,113,214977,874,586,3,589,25
2020-07-03,Yuba,115,75493,124,96,0,96,1
2020-07-02,Alameda,001,1643700,7818,6386,13,6399,139
2020-07-02,Alpine,003,1148,1,1,0,1,0
2020-07-02,Amador,005,37829,34,23,0,23,0
2020-07-02,Butte,007,227075,348,199,7,206,2
2020-07-02,Calaveras,009,45235,62,42,0,42,0
2020-07-02,Colusa,011,21464,109,60,0,60,0
2020-07-02,Contra Costa,013,1133247,4548,3347,5,3352,77
2020-07-02,Del Norte,015,27424,59,50,0,50,0
2020-07-02,El Dorado,017,186661,341,193,0,193,0
2020-07-02,Fresno,019,978130,10922,5402,83,5485,78
2020-07-02,Glenn,021,27897,176,114,0,114,0
2020-07-02,Humboldt,023,135768,168,138,1,139,3
2020-07-02,Imperial,025,180216,8392,6236,4,6240,47
2020-07-02,Inyo,027,18085,35,29,1,30,1
2020-07-02,Kern,029,883053,10890,5036,35,5071,78
2020-07-02,Kings,031,150075,2935,2419,10,2429,31
2020-07-02,Lake,033,64148,104,81,0,81,0
2020-07-02,Lassen,035,31185,254,218,2,220,0
2020-07-02,Los Angeles,037,10098052,128110,107144,52,107196,3458
2020-07-02,Madera,039,155013,1109,548,3,551,4
2020-07-02,Marin,041,260295,3297,1706,4,1710,17
2020-07-02,Mariposa,043,17540,35,28,0,28,1
2020-07-02,Mendocino,045,87422,100,71,0,71,0
2020-07-02,Merced,047,269075,2086,1122,2,1124,10
2020-07-02,Modoc,049,8938,1,0,0,0,0
2020-07-02,Mono,051,14174,54,37,0,37,1
2020-07-02,Monterey,053,433212,2492,1796,7,1803,15
2020-07-02,Napa,055,140530,536,352,0,352,4
2020-07-02,Nevada,057,99092,176,118,4,122,1
2020-07-02,Orange,059,3164182,25943,17056,243,17299,360
2020-07-02,Placer,061,380077,1074,740,3,743,11
2020-07-02,Plumas,063,18699,15,8,0,8,0
2020-07-02,Riverside,065,2383286,26440,20253,27,20280,458
2020-07-02,Sacramento,067,1510023,5134,3587,5,3592,70
2020-07-02,San Benito,069,59416,320,236,0,236,2
2020-07-02,San Bernardino,071,2135413,21762,13185,13,13198,260
2020-07-02,San Diego,073,3302833,19240,15208,2,15210,377
2020-07-02,San Francisco,075,870044,4314,3676,2,3678,50
2020-07-02,San Joaquin,077,732212,6360,4243,4,4247,56
2020-07-02,San Luis Obispo,079,281455,941,659,7,666,2
2020-07-02,San Mateo,081,765935,3870,3390,5,3395,107
2020-07-02,Santa Barbara,083,443738,4851,3385,32,3417,27
2020-07-02,Santa Clara,085,1922200,6441,4722,15,4737,160
2020-07-02,Santa Cruz,087,273765,530,414,0,414,2
2020-07-02,Shasta,089,179085,241,110,1,111,5
2020-07-02,Sierra,091,2930,1,1,0,1,0
2020-07-02,Siskiyou,093,43540,36,30,0,30,0
2020-07-02,Solano,095,438530,2111,1429,8,1437,21
2020-07-02,Sonoma,097,501317,1709,1244,4,1248,6
2020-07-02,Stanislaus,099,539301,4837,2850,6,2856,41
2020-07-02,Sutter,101,95872,281,195,0,195,2
2020-07-02,Tehama,103,63373,113,86,2,88,1
2020-07-02,Trinity,105,12862,19,2,5,7,0
2020-07-02,Tulare,107,460477,6064,4559,13,4572,132
2020-07-02,Tuolumne,109,53932,57,23,2,25,0
2020-07-02,Ventura,111,848112,4823,3394,19,3413,42
2020-07-02,Yolo,113,214977,842,554,3,557,24
2020-07-02,Yuba,115,75493,114,93,0,93,1
2020-07-01,Alameda,001,1643700,7596,6125,13,6138,137
2020-07-01,Alpine,003,1148,1,1,0,1,0
2020-07-01,Amador,005,37829,33,22,0,22,0
2020-07-01,Butte,007,227075,323,185,7,192,2
2020-07-01,Calaveras,009,45235,60,37,0,37,0
2020-07-01,Colusa,011,21464,103,53,0,53,0
2020-07-01,Contra Costa,013,1133247,4336,3259,5,3264,76
2020-07-01,Del Norte,015,27424,59,50,0,50,0
2020-07-01,El Dorado,017,186661,314,183,0,183,0
2020-07-01,Fresno,019,978130,10487,5111,80,5191,76
2020-07-01,Glenn,021,27897,170,110,0,110,0
2020-07-01,Humboldt,023,135768,163,134,0,134,3
2020-07-01,Imperial,025,180216,8295,6150,4,6154,46
2020-07-01,Inyo,027,18085,34,30,1,31,1
2020-07-01,Kern,029,883053,10257,4853,33,4886,78
2020-07-01,Kings,031,150075,2867,2360,10,2370,30
2020-07-01,Lake,033,64148,103,75,0,75,0
2020-07-01,Lassen,035,31185,253,217,2,219,0
2020-07-01,Los Angeles,037,10098052,124905,105325,43,105368,3408
2020-07-01,Madera,039,155013,1068,519,3,522,4
2020-07-01,Marin,041,260295,3140,1636,4,1640,17
2020-07-01,Mariposa,043,17540,35,29,0,29,1
2020-07-01,Mendocino,045,87422,96,70,0,70,0
2020-07-01,Merced,047,269075,1986,1052,2,1054,10
2020-07-01,Modoc,049,8938,1,0,0,0,0
2020-07-01,Mono,051,14174,51,37,0,37,1
2020-07-01,Monterey,053,433212,2384,1703,6,1709,15
2020-07-01,Napa,055,140530,513,347,0,347,4
2020-07-01,Nevada,057,99092,166,115,4,119,1
2020-07-01,Orange,059,3164182,25058,15662,222,15884,343
2020-07-01,Placer,061,380077,1027,713,3,716,11
2020-07-01,Plumas,063,18699,13,8,0,8,0
2020-07-01,Riverside,065,2383286,25599,19537,26,19563,457
2020-07-01,Sacramento,067,1510023,4879,3425,5,3430,64
2020-07-01,San Benito,069,59416,311,219,0,219,2
2020-07-01,San Bernardino,071,2135413,20865,12712,10,12722,253
2020-07-01,San Diego,073,3302833,18681,14624,2,14626,372
2020-07-01,San Francisco,075,870044,4221,3626,2,3628,50
2020-07-01,San Joaquin,077,732212,6002,3990,4,3994,54
2020-07-01,San Luis Obispo,079,281455,914,613,7,620,1
2020-07-01,San Mateo,081,765935,3808,3326,5,3331,84
2020-07-01,Santa Barbara,083,443738,4731,3268,31,3299,27
2020-07-01,Santa Clara,085,1922200,6254,4547,14,4561,159
2020-07-01,Santa Cruz,087,273765,508,398,0,398,2
2020-07-01,Shasta,089,179085,236,104,1,105,5
2020-07-01,Sierra,091,2930,1,1,0,1,0
2020-07-01,Siskiyou,093,43540,36,28,0,28,0
2020-07-01,Solano,095,438530,2022,1350,8,1358,21
2020-07-01,Sonoma,097,501317,1613,1178,4,1182,6
2020-07-01,Stanislaus,099,539301,4558,2619,6,2625,41
2020-07-01,Sutter,101,95872,268,188,0,188,2
2020-07-01,Tehama,103,63373,106,80,2,82,1
2020-07-01,Trinity,105,12862,19,2,4,6,0
2020-07-01,Tulare,107,460477,5886,4359,13,4372,128
2020-07-01,Tuolumne,109,53932,54,17,2,19,0
2020-07-01,Ventura,111,848112,4680,3224,17,3241,41
2020-07-01,Yolo,113,214977,792,526,3,529,24
2020-07-01,Yuba,115,75493,109,57,0,57,1
2020-06-30,Alameda,001,1643700,7347,5959,11,5970,137
2020-06-30,Alpine,003,1148,1,1,0,1,0
2020-06-30,Amador,005,37829,33,21,0,21,0
2020-06-30,Butte,007,227075,306,163,7,170,2
2020-06-30,Calaveras,009,45235,55,31,0,31,0
2020-06-30,Colusa,011,21464,94,33,0,33,0
2020-06-30,Contra Costa,013,1133247,4130,3140,5,3145,75
2020-06-30,Del Norte,015,27424,59,48,0,48,0
2020-06-30,El Dorado,017,186661,301,175,0,175,0
2020-06-30,Fresno,019,978130,10038,4826,75,4901,75
2020-06-30,Glenn,021,27897,165,96,0,96,0
2020-06-30,Humboldt,023,135768,159,132,0,132,3
2020-06-30,Imperial,025,180216,8198,5968,4,5972,45
2020-06-30,Inyo,027,18085,34,30,1,31,1
2020-06-30,Kern,029,883053,9609,4721,30,4751,75
2020-06-30,Kings,031,150075,2818,2315,7,2322,30
2020-06-30,Lake,033,64148,95,56,0,56,0
2020-06-30,Lassen,035,31185,246,215,2,217,0
2020-06-30,Los Angeles,037,10098052,121318,103640,40,103680,3378
2020-06-30,Madera,039,155013,1011,475,3,478,4
2020-06-30,Marin,041,260295,3069,1614,4,1618,17
2020-06-30,Mariposa,043,17540,34,27,0,27,1
2020-06-30,Mendocino,045,87422,91,65,0,65,0
2020-06-30,Merced,047,269075,1849,970,2,972,10
2020-06-30,Modoc,049,8938,1,0,0,0,0
2020-06-30,Mono,051,14174,49,36,0,36,1
2020-06-30,Monterey,053,433212,2286,1657,6,1663,15
2020-06-30,Napa,055,140530,488,342,0,342,4
2020-06-30,Nevada,057,99092,158,113,4,117,1
2020-06-30,Orange,059,3164182,24127,14354,212,14566,335
2020-06-30,Placer,061,380077,1000,667,3,670,11
2020-06-30,Plumas,063,18699,12,8,0,8,0
2020-06-30,Riverside,065,2383286,24883,18656,25,18681,449
2020-06-30,Sacramento,067,1510023,4590,3246,5,3251,64
2020-06-30,San Benito,069,59416,300,200,0,200,2
2020-06-30,San Bernardino,071,2135413,19881,12375,10,12385,249
2020-06-30,San Diego,073,3302833,17977,14150,2,14152,365
2020-06-30,San Francisco,075,870044,4116,3555,1,3556,50
2020-06-30,San Joaquin,077,732212,5627,3744,4,3748,52
2020-06-30,San Luis Obispo,079,281455,877,583,7,590,1
2020-06-30,San Mateo,081,765935,3730,3268,5,3273,84
2020-06-30,Santa Barbara,083,443738,4614,3102,31,3133,25
2020-06-30,Santa Clara,085,1922200,6052,4346,14,4360,157
2020-06-30,Santa Cruz,087,273765,483,379,0,379,2
2020-06-30,Shasta,089,179085,220,100,1,101,5
2020-06-30,Sierra,091,2930,1,1,0,1,0
2020-06-30,Siskiyou,093,43540,35,26,0,26,0
2020-06-30,Solano,095,438530,1930,1256,8,1264,21
2020-06-30,Sonoma,097,501317,1548,1122,4,1126,6
2020-06-30,Stanislaus,099,539301,4260,2578,6,2584,41
2020-06-30,Sutter,101,95872,245,168,0,168,2
2020-06-30,Tehama,103,63373,104,75,2,77,1
2020-06-30,Trinity,105,12862,19,2,4,6,0
2020-06-30,Tulare,107,460477,5677,4207,13,4220,117
2020-06-30,Tuolumne,109,53932,50,16,2,18,0
2020-06-30,Ventura,111,848112,4546,3030,17,3047,40
2020-06-30,Yolo,113,214977,754,515,3,518,24
2020-06-30,Yuba,115,75493,105,55,0,55,1
2020-06-29,Alameda,001,1643700,7137,5766,11,5777,135
2020-06-29,Alpine,003,1148,1,1,0,1,0
2020-06-29,Amador,005,37829,30,20,0,20,0
2020-06-29,Butte,007,227075,285,157,7,164,2
2020-06-29,Calaveras,009,45235,53,30,0,30,0
2020-06-29,Colusa,011,21464,89,17,0,17,0
2020-06-29,Contra Costa,013,1133247,3967,2976,4,2980,75
2020-06-29,Del Norte,015,27424,59,47,0,47,0
2020-06-29,El Dorado,017,186661,287,163,0,163,0
2020-06-29,Fresno,019,978130,9690,4531,74,4605,74
2020-06-29,Glenn,021,27897,156,77,0,77,0
2020-06-29,Humboldt,023,135768,158,128,0,128,3
2020-06-29,Imperial,025,180216,8067,5512,4,5516,45
2020-06-29,Inyo,027,18085,33,29,0,29,1
2020-06-29,Kern,029,883053,8945,4613,28,4641,73
2020-06-29,Kings,031,150075,2753,2280,7,2287,20
2020-06-29,Lake,033,64148,88,53,0,53,0
2020-06-29,Lassen,035,31185,238,77,2,79,0
2020-06-29,Los Angeles,037,10098052,118272,100846,34,100880,3337
2020-06-29,Madera,039,155013,954,422,3,425,4
2020-06-29,Marin,041,260295,2993,1517,4,1521,17
2020-06-29,Mariposa,043,17540,32,25,0,25,1
2020-06-29,Mendocino,045,87422,88,63,0,63,0
2020-06-29,Merced,047,269075,1743,848,2,850,10
2020-06-29,Modoc,049,8938,1,0,0,0,0
2020-06-29,Mono,051,14174,47,35,0,35,1
2020-06-29,Monterey,053,433212,2214,1614,6,1620,14
2020-06-29,Napa,055,140530,467,317,0,317,4
2020-06-29,Nevada,057,99092,155,107,3,110,1
2020-06-29,Orange,059,3164182,23137,13682,196,13878,324
2020-06-29,Placer,061,380077,964,628,3,631,11
2020-06-29,Plumas,063,18699,12,6,0,6,0
2020-06-29,Riverside,065,2383286,23850,17683,25,17708,432
2020-06-29,Sacramento,067,1510023,4303,2985,5,2990,62
2020-06-29,San Benito,069,59416,285,193,0,193,2
2020-06-29,San Bernardino,071,2135413,18920,11643,10,11653,245
2020-06-29,San Diego,073,3302833,17401,13834,2,13836,361
2020-06-29,San Francisco,075,870044,4039,3389,1,3390,50
2020-06-29,San Joaquin,077,732212,5269,3202,4,3206,52
2020-06-29,San Luis Obispo,079,281455,843,544,7,551,1
2020-06-29,San Mateo,081,765935,3676,3170,5,3175,84
2020-06-29,Santa Barbara,083,443738,4504,2933,30,2963,25
2020-06-29,Santa Clara,085,1922200,5880,4231,14,4245,157
2020-06-29,Santa Cruz,087,273765,465,348,0,348,2
2020-06-29,Shasta,089,179085,212,94,1,95,5
2020-06-29,Sierra,091,2930,1,1,0,1,0
2020-06-29,Siskiyou,093,43540,35,25,0,25,0
2020-06-29,Solano,095,438530,1828,1077,8,1085,21
2020-06-29,Sonoma,097,501317,1476,1103,4,1107,5
2020-06-29,Stanislaus,099,539301,4054,2400,5,2405,36
2020-06-29,Sutter,101,95872,223,152,0,152,2
2020-06-29,Tehama,103,63373,100,63,2,65,1
2020-06-29,Trinity,105,12862,18,2,4,6,0
2020-06-29,Tulare,107,460477,5522,3906,12,3918,117
2020-06-29,Tuolumne,109,53932,46,16,2,18,0
2020-06-29,Ventura,111,848112,4399,2794,17,2811,40
2020-06-29,Yolo,113,214977,721,483,3,486,24
2020-06-29,Yuba,115,75493,92,55,0,55,1
2020-06-28,Alameda,001,1643700,6878,5698,11,5709,135
2020-06-28,Alpine,003,1148,1,1,0,1,0
2020-06-28,Amador,005,37829,28,20,0,20,0
2020-06-28,Butte,007,227075,265,150,7,157,2
2020-06-28,Calaveras,009,45235,48,30,0,30,0
2020-06-28,Colusa,011,21464,74,17,0,17,0
2020-06-28,Contra Costa,013,1133247,3777,2803,4,2807,73
2020-06-28,Del Norte,015,27424,58,47,0,47,0
2020-06-28,El Dorado,017,186661,275,162,0,162,0
2020-06-28,Fresno,019,978130,9329,4365,74,4439,74
2020-06-28,Glenn,021,27897,148,77,0,77,0
2020-06-28,Humboldt,023,135768,155,127,0,127,3
2020-06-28,Imperial,025,180216,7879,5513,4,5517,45
2020-06-28,Inyo,027,18085,33,29,0,29,1
2020-06-28,Kern,029,883053,8393,4541,26,4567,72
2020-06-28,Kings,031,150075,2694,2234,7,2241,18
2020-06-28,Lake,033,64148,84,53,0,53,0
2020-06-28,Lassen,035,31185,238,77,2,79,0
2020-06-28,Los Angeles,037,10098052,115068,98003,30,98033,3316
2020-06-28,Madera,039,155013,906,424,3,427,4
2020-06-28,Marin,041,260295,2647,1473,4,1477,17
2020-06-28,Mariposa,043,17540,32,24,0,24,1
2020-06-28,Mendocino,045,87422,86,63,0,63,0
2020-06-28,Merced,047,269075,1630,814,2,816,10
2020-06-28,Modoc,049,8938,1,0,0,0,0
2020-06-28,Mono,051,14174,47,35,0,35,1
2020-06-28,Monterey,053,433212,2132,1560,6,1566,13
2020-06-28,Napa,055,140530,433,307,0,307,4
2020-06-28,Nevada,057,99092,144,102,3,105,1
2020-06-28,Orange,059,3164182,22162,13213,178,13391,324
2020-06-28,Placer,061,380077,925,618,3,621,11
2020-06-28,Plumas,063,18699,11,6,0,6,0
2020-06-28,Riverside,065,2383286,23023,16848,24,16872,432
2020-06-28,Sacramento,067,1510023,4075,2803,5,2808,63
2020-06-28,San Benito,069,59416,274,190,0,190,2
2020-06-28,San Bernardino,071,2135413,18166,11344,9,11353,245
2020-06-28,San Diego,073,3302833,16856,13333,2,13335,361
2020-06-28,San Francisco,075,870044,3960,3388,1,3389,50
2020-06-28,San Joaquin,077,732212,4932,3201,4,3205,52
2020-06-28,San Luis Obispo,079,281455,804,531,6,537,1
2020-06-28,San Mateo,081,765935,3598,3124,5,3129,84
2020-06-28,Santa Barbara,083,443738,4359,2872,30,2902,25
2020-06-28,Santa Clara,085,1922200,5718,4131,14,4145,156
2020-06-28,Santa Cruz,087,273765,442,349,0,349,2
2020-06-28,Shasta,089,179085,199,89,0,89,5
2020-06-28,Sierra,091,2930,1,1,0,1,0
2020-06-28,Siskiyou,093,43540,35,25,0,25,0
2020-06-28,Solano,095,438530,1753,1077,8,1085,21
2020-06-28,Sonoma,097,501317,1422,1084,4,1088,5
2020-06-28,Stanislaus,099,539301,3848,2376,5,2381,36
2020-06-28,Sutter,101,95872,197,145,0,145,2
2020-06-28,Tehama,103,63373,93,63,2,65,1
2020-06-28,Trinity,105,12862,17,2,4,6,0
2020-06-28,Tulare,107,460477,5354,3812,12,3824,117
2020-06-28,Tuolumne,109,53932,41,14,2,16,0
2020-06-28,Ventura,111,848112,4241,2650,17,2667,40
2020-06-28,Yolo,113,214977,686,468,3,471,24
2020-06-28,Yuba,115,75493,88,39,0,39,1
2020-06-27,Alameda,001,1643700,6782,5581,11,5592,135
2020-06-27,Alpine,003,1148,1,1,0,1,0
2020-06-27,Amador,005,37829,26,20,0,20,0
2020-06-27,Butte,007,227075,257,137,7,144,2
2020-06-27,Calaveras,009,45235,46,30,0,30,0
2020-06-27,Colusa,011,21464,68,17,0,17,0
2020-06-27,Contra Costa,013,1133247,3682,2717,3,2720,72
2020-06-27,Del Norte,015,27424,58,47,0,47,0
2020-06-27,El Dorado,017,186661,269,159,0,159,0
2020-06-27,Fresno,019,978130,9083,4238,74,4312,74
2020-06-27,Glenn,021,27897,144,77,0,77,0
2020-06-27,Humboldt,023,135768,153,127,0,127,3
2020-06-27,Imperial,025,180216,7818,5513,4,5517,45
2020-06-27,Inyo,027,18085,33,29,0,29,1
2020-06-27,Kern,029,883053,8129,4411,25,4436,70
2020-06-27,Kings,031,150075,2668,2187,7,2194,18
2020-06-27,Lake,033,64148,81,42,0,42,0
2020-06-27,Lassen,035,31185,238,33,2,35,0
2020-06-27,Los Angeles,037,10098052,113327,95341,27,95368,3291
2020-06-27,Madera,039,155013,863,427,2,429,4
2020-06-27,Marin,041,260295,2602,1423,4,1427,17
2020-06-27,Mariposa,043,17540,31,22,0,22,1
2020-06-27,Mendocino,045,87422,86,63,0,63,0
2020-06-27,Merced,047,269075,1572,807,1,808,10
2020-06-27,Modoc,049,8938,1,0,0,0,0
2020-06-27,Mono,051,14174,46,35,0,35,1
2020-06-27,Monterey,053,433212,2068,1455,6,1461,12
2020-06-27,Napa,055,140530,423,282,0,282,3
2020-06-27,Nevada,057,99092,140,102,2,104,1
2020-06-27,Orange,059,3164182,21650,12951,173,13124,320
2020-06-27,Placer,061,380077,904,584,3,587,10
2020-06-27,Plumas,063,18699,11,6,0,6,0
2020-06-27,Riverside,065,2383286,22633,16209,24,16233,432
2020-06-27,Sacramento,067,1510023,3958,2685,5,2690,63
2020-06-27,San Benito,069,59416,267,182,0,182,2
2020-06-27,San Bernardino,071,2135413,17787,11238,9,11247,243
2020-06-27,San Diego,073,3302833,16491,12836,2,12838,360
2020-06-27,San Francisco,075,870044,3905,3332,1,3333,49
2020-06-27,San Joaquin,077,732212,4767,2995,4,2999,52
2020-06-27,San Luis Obispo,079,281455,780,505,6,511,1
2020-06-27,San Mateo,081,765935,3541,3083,5,3088,83
2020-06-27,Santa Barbara,083,443738,4287,2799,30,2829,25
2020-06-27,Santa Clara,085,1922200,5612,4006,14,4020,157
2020-06-27,Santa Cruz,087,273765,435,347,0,347,2
2020-06-27,Shasta,089,179085,194,87,0,87,5
2020-06-27,Sierra,091,2930,1,1,0,1,0
2020-06-27,Siskiyou,093,43540,35,25,0,25,0
2020-06-27,Solano,095,438530,1720,1076,8,1084,21
2020-06-27,Sonoma,097,501317,1391,1004,4,1008,5
2020-06-27,Stanislaus,099,539301,3748,2164,5,2169,36
2020-06-27,Sutter,101,95872,190,141,0,141,2
2020-06-27,Tehama,103,63373,90,63,2,65,1
2020-06-27,Trinity,105,12862,17,2,4,6,0
2020-06-27,Tulare,107,460477,5258,3810,12,3822,117
2020-06-27,Tuolumne,109,53932,40,13,2,15,0
2020-06-27,Ventura,111,848112,4142,2471,17,2488,40
2020-06-27,Yolo,113,214977,661,432,3,435,24
2020-06-27,Yuba,115,75493,80,39,0,39,1
2020-06-26,Alameda,001,1643700,6696,5502,10,5512,132
2020-06-26,Alpine,003,1148,1,1,0,1,0
2020-06-26,Amador,005,37829,25,20,0,20,0
2020-06-26,Butte,007,227075,242,135,7,142,2
2020-06-26,Calaveras,009,45235,44,30,0,30,0
2020-06-26,Colusa,011,21464,63,17,0,17,0
2020-06-26,Contra Costa,013,1133247,3569,2676,3,2679,72
2020-06-26,Del Norte,015,27424,57,47,0,47,0
2020-06-26,El Dorado,017,186661,261,159,0,159,0
2020-06-26,Fresno,019,978130,8857,4166,74,4240,74
2020-06-26,Glenn,021,27897,137,71,0,71,0
2020-06-26,Humboldt,023,135768,151,126,0,126,3
2020-06-26,Imperial,025,180216,7755,5400,4,5404,44
2020-06-26,Inyo,027,18085,32,29,0,29,1
2020-06-26,Kern,029,883053,7798,4366,25,4391,70
2020-06-26,Kings,031,150075,2636,2176,6,2182,18
2020-06-26,Lake,033,64148,80,42,0,42,0
2020-06-26,Lassen,035,31185,237,30,2,32,0
2020-06-26,Los Angeles,037,10098052,111161,93328,27,93355,3275
2020-06-26,Madera,039,155013,831,409,2,411,4
2020-06-26,Marin,041,260295,2566,1406,4,1410,17
2020-06-26,Mariposa,043,17540,30,21,0,21,1
2020-06-26,Mendocino,045,87422,83,63,0,63,0
2020-06-26,Merced,047,269075,1526,797,1,798,10
2020-06-26,Modoc,049,8938,1,0,0,0,0
2020-06-26,Mono,051,14174,45,35,0,35,1
2020-06-26,Monterey,053,433212,2016,1449,6,1455,12
2020-06-26,Napa,055,140530,413,277,0,277,3
2020-06-26,Nevada,057,99092,136,101,1,102,1
2020-06-26,Orange,059,3164182,20974,12659,171,12830,320
2020-06-26,Placer,061,380077,876,584,3,587,10
2020-06-26,Plumas,063,18699,11,6,0,6,0
2020-06-26,Riverside,065,2383286,22171,15858,24,15882,430
2020-06-26,Sacramento,067,1510023,3793,2687,5,2692,63
2020-06-26,San Benito,069,59416,263,176,0,176,2
2020-06-26,San Bernardino,071,2135413,17410,11111,9,11120,243
2020-06-26,San Diego,073,3302833,16126,12402,2,12404,358
2020-06-26,San Francisco,075,870044,3849,3330,1,3331,49
2020-06-26,San Joaquin,077,732212,4553,2943,4,2947,52
2020-06-26,San Luis Obispo,079,281455,765,498,6,504,1
2020-06-26,San Mateo,081,765935,3489,3055,5,3060,83
2020-06-26,Santa Barbara,083,443738,4197,2784,28,2812,25
2020-06-26,Santa Clara,085,1922200,5511,3968,14,3982,156
2020-06-26,Santa Cruz,087,273765,428,344,0,344,2
2020-06-26,Shasta,089,179085,187,86,0,86,5
2020-06-26,Sierra,091,2930,1,1,0,1,0
2020-06-26,Siskiyou,093,43540,34,24,0,24,0
2020-06-26,Solano,095,438530,1678,1068,8,1076,21
2020-06-26,Sonoma,097,501317,1359,977,4,981,5
2020-06-26,Stanislaus,099,539301,3635,2157,5,2162,36
2020-06-26,Sutter,101,95872,183,138,0,138,2
2020-06-26,Tehama,103,63373,87,63,2,65,1
2020-06-26,Trinity,105,12862,17,2,4,6,0
2020-06-26,Tulare,107,460477,5169,3720,12,3732,117
2020-06-26,Tuolumne,109,53932,38,10,2,12,0
2020-06-26,Ventura,111,848112,4056,2444,17,2461,40
2020-06-26,Yolo,113,214977,637,418,3,421,24
2020-06-26,Yuba,115,75493,74,38,0,38,1
2020-06-25,Alameda,001,1643700,6505,5398,10,5408,130
2020-06-25,Alpine,003,1148,1,1,0,1,0
2020-06-25,Amador,005,37829,24,18,0,18,0
2020-06-25,Butte,007,227075,237,127,7,134,1
2020-06-25,Calaveras,009,45235,39,26,0,26,0
2020-06-25,Colusa,011,21464,53,14,0,14,0
2020-06-25,Contra Costa,013,1133247,3384,2591,3,2594,71
2020-06-25,Del Norte,015,27424,55,47,0,47,0
2020-06-25,El Dorado,017,186661,253,150,0,150,0
2020-06-25,Fresno,019,978130,8544,3938,73,4011,71
2020-06-25,Glenn,021,27897,132,59,0,59,0
2020-06-25,Humboldt,023,135768,150,121,0,121,3
2020-06-25,Imperial,025,180216,7626,5192,4,5196,44
2020-06-25,Inyo,027,18085,29,27,0,27,1
2020-06-25,Kern,029,883053,7373,4236,22,4258,69
2020-06-25,Kings,031,150075,2584,2110,6,2116,17
2020-06-25,Lake,033,64148,79,42,0,42,0
2020-06-25,Lassen,035,31185,231,13,2,15,0
2020-06-25,Los Angeles,037,10098052,108393,91524,27,91551,3239
2020-06-25,Madera,039,155013,787,380,2,382,4
2020-06-25,Marin,041,260295,2464,1321,4,1325,17
2020-06-25,Mariposa,043,17540,29,20,0,20,1
2020-06-25,Mendocino,045,87422,80,61,0,61,0
2020-06-25,Merced,047,269075,1439,747,1,748,10
2020-06-25,Modoc,049,8938,1,0,0,0,0
2020-06-25,Mono,051,14174,44,35,0,35,1
2020-06-25,Monterey,053,433212,1928,1426,5,1431,12
2020-06-25,Napa,055,140530,395,260,0,260,3
2020-06-25,Nevada,057,99092,128,92,1,93,1
2020-06-25,Orange,059,3164182,20052,12221,169,12390,311
2020-06-25,Placer,061,380077,822,574,3,577,10
2020-06-25,Plumas,063,18699,10,6,0,6,0
2020-06-25,Riverside,065,2383286,21416,15224,24,15248,427
2020-06-25,Sacramento,067,1510023,3570,2519,5,2524,62
2020-06-25,San Benito,069,59416,255,174,0,174,2
2020-06-25,San Bernardino,071,2135413,16658,10590,9,10599,242
2020-06-25,San Diego,073,3302833,15587,11963,2,11965,352
2020-06-25,San Francisco,075,870044,3784,3252,1,3253,48
2020-06-25,San Joaquin,077,732212,4280,2803,4,2807,50
2020-06-25,San Luis Obispo,079,281455,733,473,6,479,1
2020-06-25,San Mateo,081,765935,3421,2996,5,3001,82
2020-06-25,Santa Barbara,083,443738,4090,2622,27,2649,25
2020-06-25,Santa Clara,085,1922200,5363,3871,14,3885,156
2020-06-25,Santa Cruz,087,273765,416,335,0,335,2
2020-06-25,Shasta,089,179085,177,84,0,84,5
2020-06-25,Sierra,091,2930,1,1,0,1,0
2020-06-25,Siskiyou,093,43540,33,24,0,24,0
2020-06-25,Solano,095,438530,1625,1034,8,1042,21
2020-06-25,Sonoma,097,501317,1312,953,3,956,5
2020-06-25,Stanislaus,099,539301,3423,2130,5,2135,36
2020-06-25,Sutter,101,95872,171,126,0,126,2
2020-06-25,Tehama,103,63373,83,59,2,61,1
2020-06-25,Trinity,105,12862,17,2,4,6,0
2020-06-25,Tulare,107,460477,5038,3656,12,3668,117
2020-06-25,Tuolumne,109,53932,37,10,1,11,0
2020-06-25,Ventura,111,848112,3874,2346,16,2362,40
2020-06-25,Yolo,113,214977,607,397,3,400,24
2020-06-25,Yuba,115,75493,63,38,0,38,1
2020-06-24,Alameda,001,1643700,6343,5242,10,5252,123
2020-06-24,Alpine,003,1148,1,1,0,1,0
2020-06-24,Amador,005,37829,22,16,0,16,0
2020-06-24,Butte,007,227075,221,119,7,126,1
2020-06-24,Calaveras,009,45235,37,26,0,26,0
2020-06-24,Colusa,011,21464,44,11,0,11,0
2020-06-24,Contra Costa,013,1133247,3229,2520,3,2523,66
2020-06-24,Del Norte,015,27424,49,47,0,47,0
2020-06-24,El Dorado,017,186661,237,149,0,149,0
2020-06-24,Fresno,019,978130,8213,3765,73,3838,71
2020-06-24,Glenn,021,27897,124,54,0,54,0
2020-06-24,Humboldt,023,135768,150,117,0,117,3
2020-06-24,Imperial,025,180216,7508,5138,4,5142,38
2020-06-24,Inyo,027,18085,29,28,0,28,1
2020-06-24,Kern,029,883053,6980,4155,20,4175,67
2020-06-24,Kings,031,150075,2520,2063,6,2069,16
2020-06-24,Lake,033,64148,66,40,0,40,0
2020-06-24,Lassen,035,31185,230,9,2,11,0
2020-06-24,Los Angeles,037,10098052,105634,89566,27,89593,3186
2020-06-24,Madera,039,155013,765,373,2,375,4
2020-06-24,Marin,041,260295,2236,1261,4,1265,17
2020-06-24,Mariposa,043,17540,28,19,0,19,1
2020-06-24,Mendocino,045,87422,80,60,0,60,0
2020-06-24,Merced,047,269075,1353,696,1,697,8
2020-06-24,Modoc,049,8938,1,0,0,0,0
2020-06-24,Mono,051,14174,42,35,0,35,1
2020-06-24,Monterey,053,433212,1851,1407,5,1412,12
2020-06-24,Napa,055,140530,377,258,0,258,3
2020-06-24,Nevada,057,99092,122,92,1,93,1
2020-06-24,Orange,059,3164182,19054,11804,151,11955,303
2020-06-24,Placer,061,380077,783,548,3,551,10
2020-06-24,Plumas,063,18699,10,6,0,6,0
2020-06-24,Riverside,065,2383286,20569,14946,24,14970,410
2020-06-24,Sacramento,067,1510023,3365,2446,4,2450,62
2020-06-24,San Benito,069,59416,251,171,0,171,2
2020-06-24,San Bernardino,071,2135413,15845,10211,9,10220,239
2020-06-24,San Diego,073,3302833,15084,11628,2,11630,347
2020-06-24,San Francisco,075,870044,3721,3216,1,3217,48
2020-06-24,San Joaquin,077,732212,4059,2680,4,2684,49
2020-06-24,San Luis Obispo,079,281455,701,461,5,466,1
2020-06-24,San Mateo,081,765935,3364,2964,5,2969,82
2020-06-24,Santa Barbara,083,443738,3969,2569,25,2594,22
2020-06-24,Santa Clara,085,1922200,5232,3812,14,3826,155
2020-06-24,Santa Cruz,087,273765,404,329,0,329,2
2020-06-24,Shasta,089,179085,169,83,0,83,5
2020-06-24,Sierra,091,2930,1,1,0,1,0
2020-06-24,Siskiyou,093,43540,32,24,0,24,0
2020-06-24,Solano,095,438530,1535,979,7,986,21
2020-06-24,Sonoma,097,501317,1263,933,3,936,4
2020-06-24,Stanislaus,099,539301,3244,2039,5,2044,36
2020-06-24,Sutter,101,95872,158,118,0,118,2
2020-06-24,Tehama,103,63373,81,55,2,57,1
2020-06-24,Trinity,105,12862,16,2,3,5,0
2020-06-24,Tulare,107,460477,4883,3541,10,3551,116
2020-06-24,Tuolumne,109,53932,32,9,1,10,0
2020-06-24,Ventura,111,848112,3533,2314,16,2330,42
2020-06-24,Yolo,113,214977,572,376,3,379,24
2020-06-24,Yuba,115,75493,57,37,0,37,1
2020-06-23,Alameda,001,1643700,6162,5159,10,5169,121
2020-06-23,Alpine,003,1148,1,1,0,1,0
2020-06-23,Amador,005,37829,21,13,0,13,0
2020-06-23,Butte,007,227075,203,111,7,118,1
2020-06-23,Calaveras,009,45235,37,26,0,26,0
2020-06-23,Colusa,011,21464,40,7,0,7,0
2020-06-23,Contra Costa,013,1133247,3103,2453,3,2456,60
2020-06-23,Del Norte,015,27424,48,46,0,46,0
2020-06-23,El Dorado,017,186661,228,142,0,142,0
2020-06-23,Fresno,019,978130,7562,3569,71,3640,67
2020-06-23,Glenn,021,27897,120,47,0,47,0
2020-06-23,Humboldt,023,135768,150,110,0,110,3
2020-06-23,Imperial,025,180216,7345,5025,4,5029,38
2020-06-23,Inyo,027,18085,29,26,0,26,1
2020-06-23,Kern,029,883053,6612,4087,17,4104,64
2020-06-23,Kings,031,150075,2455,1727,6,1733,16
2020-06-23,Lake,033,64148,60,40,0,40,0
2020-06-23,Lassen,035,31185,226,9,2,11,0
2020-06-23,Los Angeles,037,10098052,102694,88433,26,88459,3152
2020-06-23,Madera,039,155013,726,369,2,371,4
2020-06-23,Marin,041,260295,1968,1139,4,1143,17
2020-06-23,Mariposa,043,17540,26,18,0,18,1
2020-06-23,Mendocino,045,87422,79,61,0,61,0
2020-06-23,Merced,047,269075,1256,656,1,657,8
2020-06-23,Modoc,049,8938,1,0,0,0,0
2020-06-23,Mono,051,14174,42,35,0,35,1
2020-06-23,Monterey,053,433212,1781,1346,5,1351,12
2020-06-23,Napa,055,140530,362,230,0,230,3
2020-06-23,Nevada,057,99092,116,81,1,82,1
2020-06-23,Orange,059,3164182,18086,11071,148,11219,278
2020-06-23,Placer,061,380077,757,525,3,528,10
2020-06-23,Plumas,063,18699,9,6,0,6,0
2020-06-23,Riverside,065,2383286,19549,14469,24,14493,406
2020-06-23,Sacramento,067,1510023,3186,2374,4,2378,62
2020-06-23,San Benito,069,59416,237,167,0,167,2
2020-06-23,San Bernardino,071,2135413,15063,9771,9,9780,229
2020-06-23,San Diego,073,3302833,14564,11296,2,11298,341
2020-06-23,San Francisco,075,870044,3647,3177,1,3178,48
2020-06-23,San Joaquin,077,732212,3800,2502,4,2506,48
2020-06-23,San Luis Obispo,079,281455,670,445,5,450,1
2020-06-23,San Mateo,081,765935,3299,2907,5,2912,81
2020-06-23,Santa Barbara,083,443738,3872,2498,25,2523,22
2020-06-23,Santa Clara,085,1922200,5086,3700,14,3714,155
2020-06-23,Santa Cruz,087,273765,394,313,0,313,2
2020-06-23,Shasta,089,179085,160,81,0,81,5
2020-06-23,Sierra,091,2930,1,1,0,1,0
2020-06-23,Siskiyou,093,43540,30,24,0,24,0
2020-06-23,Solano,095,438530,1478,941,6,947,21
2020-06-23,Sonoma,097,501317,1210,912,3,915,4
2020-06-23,Stanislaus,099,539301,3068,1850,5,1855,35
2020-06-23,Sutter,101,95872,148,112,0,112,2
2020-06-23,Tehama,103,63373,79,50,2,52,1
2020-06-23,Trinity,105,12862,16,2,3,5,0
2020-06-23,Tulare,107,460477,4761,3456,10,3466,111
2020-06-23,Tuolumne,109,53932,27,9,0,9,0
2020-06-23,Ventura,111,848112,3373,2209,15,2224,40
2020-06-23,Yolo,113,214977,546,350,0,350,24
2020-06-23,Yuba,115,75493,54,35,0,35,1
2020-06-22,Alameda,001,1643700,6011,4944,10,4954,121
2020-06-22,Alpine,003,1148,1,1,0,1,0
2020-06-22,Amador,005,37829,18,12,0,12,0
2020-06-22,Butte,007,227075,184,104,7,111,1
2020-06-22,Calaveras,009,45235,35,20,0,20,0
2020-06-22,Colusa,011,21464,37,7,0,7,0
2020-06-22,Contra Costa,013,1133247,2961,2363,3,2366,60
2020-06-22,Del Norte,015,27424,48,46,0,46,0
2020-06-22,El Dorado,017,186661,219,137,0,137,0
2020-06-22,Fresno,019,978130,7029,3425,71,3496,67
2020-06-22,Glenn,021,27897,111,40,0,40,0
2020-06-22,Humboldt,023,135768,147,110,0,110,3
2020-06-22,Imperial,025,180216,7189,4700,4,4704,38
2020-06-22,Inyo,027,18085,29,26,0,26,1
2020-06-22,Kern,029,883053,6260,3982,15,3997,60
2020-06-22,Kings,031,150075,2406,1513,6,1519,13
2020-06-22,Lake,033,64148,54,37,0,37,0
2020-06-22,Lassen,035,31185,116,7,2,9,0
2020-06-22,Los Angeles,037,10098052,99797,85925,25,85950,3117
2020-06-22,Madera,039,155013,701,333,2,335,4
2020-06-22,Marin,041,260295,1711,1029,4,1033,17
2020-06-22,Mariposa,043,17540,25,18,0,18,1
2020-06-22,Mendocino,045,87422,74,48,0,48,0
2020-06-22,Merced,047,269075,1167,619,1,620,8
2020-06-22,Modoc,049,8938,1,0,0,0,0
2020-06-22,Mono,051,14174,42,34,0,34,1
2020-06-22,Monterey,053,433212,1720,1293,5,1298,12
2020-06-22,Napa,055,140530,338,222,0,222,3
2020-06-22,Nevada,057,99092,111,79,1,80,1
2020-06-22,Orange,059,3164182,17154,10711,145,10856,275
2020-06-22,Placer,061,380077,731,512,3,515,9
2020-06-22,Plumas,063,18699,7,6,0,6,0
2020-06-22,Riverside,065,2383286,18577,13948,24,13972,403
2020-06-22,Sacramento,067,1510023,2969,2243,4,2247,62
2020-06-22,San Benito,069,59416,228,164,0,164,2
2020-06-22,San Bernardino,071,2135413,14287,9133,9,9142,229
2020-06-22,San Diego,073,3302833,14072,11098,2,11100,338
2020-06-22,San Francisco,075,870044,3554,3000,1,3001,47
2020-06-22,San Joaquin,077,732212,3552,2332,4,2336,48
2020-06-22,San Luis Obispo,079,281455,637,422,5,427,1
2020-06-22,San Mateo,081,765935,3227,2813,4,2817,81
2020-06-22,Santa Barbara,083,443738,3780,2447,25,2472,21
2020-06-22,Santa Clara,085,1922200,4923,3580,14,3594,155
2020-06-22,Santa Cruz,087,273765,381,290,0,290,3
2020-06-22,Shasta,089,179085,157,77,0,77,5
2020-06-22,Sierra,091,2930,1,1,0,1,0
2020-06-22,Siskiyou,093,43540,30,23,0,23,0
2020-06-22,Solano,095,438530,1400,784,5,789,21
2020-06-22,Sonoma,097,501317,1165,860,1,861,4
2020-06-22,Stanislaus,099,539301,2883,1784,5,1789,35
2020-06-22,Sutter,101,95872,139,100,0,100,2
2020-06-22,Tehama,103,63373,75,38,2,40,1
2020-06-22,Trinity,105,12862,16,2,3,5,0
2020-06-22,Tulare,107,460477,4623,3185,10,3195,111
2020-06-22,Tuolumne,109,53932,18,8,0,8,0
2020-06-22,Ventura,111,848112,3224,2065,15,2080,39
2020-06-22,Yolo,113,214977,519,333,0,333,24
2020-06-22,Yuba,115,75493,49,36,0,36,1
2020-06-21,Alameda,001,1643700,5816,4835,10,4845,121
2020-06-21,Alpine,003,1148,1,1,0,1,0
2020-06-21,Amador,005,37829,13,12,0,12,0
2020-06-21,Butte,007,227075,170,97,7,104,1
2020-06-21,Calaveras,009,45235,35,20,0,20,0
2020-06-21,Colusa,011,21464,29,7,0,7,0
2020-06-21,Contra Costa,013,1133247,2835,2282,3,2285,60
2020-06-21,Del Norte,015,27424,47,46,0,46,0
2020-06-21,El Dorado,017,186661,210,132,0,132,0
2020-06-21,Fresno,019,978130,6457,3296,69,3365,67
2020-06-21,Glenn,021,27897,102,40,0,40,0
2020-06-21,Humboldt,023,135768,142,108,0,108,3
2020-06-21,Imperial,025,180216,7006,4701,4,4705,38
2020-06-21,Inyo,027,18085,27,26,0,26,1
2020-06-21,Kern,029,883053,5968,3918,14,3932,60
2020-06-21,Kings,031,150075,2342,1334,6,1340,11
2020-06-21,Lake,033,64148,49,36,0,36,0
2020-06-21,Lassen,035,31185,23,7,2,9,0
2020-06-21,Los Angeles,037,10098052,96916,83383,24,83407,3101
2020-06-21,Madera,039,155013,667,319,2,321,4
2020-06-21,Marin,041,260295,1554,907,4,911,17
2020-06-21,Mariposa,043,17540,22,18,0,18,1
2020-06-21,Mendocino,045,87422,71,48,0,48,0
2020-06-21,Merced,047,269075,1072,577,1,578,8
2020-06-21,Modoc,049,8938,1,0,0,0,0
2020-06-21,Mono,051,14174,42,34,0,34,1
2020-06-21,Monterey,053,433212,1647,1227,5,1232,12
2020-06-21,Napa,055,140530,323,218,0,218,3
2020-06-21,Nevada,057,99092,108,79,1,80,1
2020-06-21,Orange,059,3164182,16321,10563,141,10704,275
2020-06-21,Placer,061,380077,691,498,3,501,9
2020-06-21,Plumas,063,18699,7,6,0,6,0
2020-06-21,Riverside,065,2383286,17871,13528,23,13551,402
2020-06-21,Sacramento,067,1510023,2768,2156,4,2160,62
2020-06-21,San Benito,069,59416,214,151,0,151,2
2020-06-21,San Bernardino,071,2135413,13511,8925,8,8933,229
2020-06-21,San Diego,073,3302833,13526,10796,2,10798,338
2020-06-21,San Francisco,075,870044,3448,3000,1,3001,47
2020-06-21,San Joaquin,077,732212,3316,2188,4,2192,48
2020-06-21,San Luis Obispo,079,281455,612,418,5,423,1
2020-06-21,San Mateo,081,765935,3169,2781,4,2785,81
2020-06-21,Santa Barbara,083,443738,3673,2430,24,2454,21
2020-06-21,Santa Clara,085,1922200,4785,3514,14,3528,154
2020-06-21,Santa Cruz,087,273765,371,290,0,290,3
2020-06-21,Shasta,089,179085,147,75,0,75,5
2020-06-21,Sierra,091,2930,1,1,0,1,0
2020-06-21,Siskiyou,093,43540,30,23,0,23,0
2020-06-21,Solano,095,438530,1300,783,4,787,21
2020-06-21,Sonoma,097,501317,1115,836,1,837,4
2020-06-21,Stanislaus,099,539301,2697,1688,5,1693,35
2020-06-21,Sutter,101,95872,131,96,0,96,2
2020-06-21,Tehama,103,63373,64,35,2,37,1
2020-06-21,Trinity,105,12862,15,2,3,5,0
2020-06-21,Tulare,107,460477,4454,3173,10,3183,111
2020-06-21,Tuolumne,109,53932,16,8,0,8,0
2020-06-21,Ventura,111,848112,3046,2021,15,2036,39
2020-06-21,Yolo,113,214977,487,323,0,323,24
2020-06-21,Yuba,115,75493,45,35,0,35,1
2020-06-20,Alameda,001,1643700,5754,4758,10,4768,119
2020-06-20,Alpine,003,1148,1,1,0,1,0
2020-06-20,Amador,005,37829,13,12,0,12,0
2020-06-20,Butte,007,227075,163,94,7,101,1
2020-06-20,Calaveras,009,45235,35,20,0,20,0
2020-06-20,Colusa,011,21464,26,7,0,7,0
2020-06-20,Contra Costa,013,1133247,2776,2231,3,2234,54
2020-06-20,Del Norte,015,27424,47,46,0,46,0
2020-06-20,El Dorado,017,186661,205,130,0,130,0
2020-06-20,Fresno,019,978130,6331,3222,66,3288,67
2020-06-20,Glenn,021,27897,97,40,0,40,0
2020-06-20,Humboldt,023,135768,142,108,0,108,3
2020-06-20,Imperial,025,180216,6925,4616,4,4620,37
2020-06-20,Inyo,027,18085,27,26,0,26,1
2020-06-20,Kern,029,883053,5803,3836,14,3850,59
2020-06-20,Kings,031,150075,2318,1331,6,1337,9
2020-06-20,Lake,033,64148,49,37,0,37,0
2020-06-20,Lassen,035,31185,22,7,2,9,0
2020-06-20,Los Angeles,037,10098052,95343,81604,23,81627,3093
2020-06-20,Madera,039,155013,634,321,2,323,4
2020-06-20,Marin,041,260295,1534,879,4,883,17
2020-06-20,Mariposa,043,17540,22,18,0,18,1
2020-06-20,Mendocino,045,87422,70,48,0,48,0
2020-06-20,Merced,047,269075,1032,566,1,567,8
2020-06-20,Modoc,049,8938,1,0,0,0,0
2020-06-20,Mono,051,14174,42,34,0,34,1
2020-06-20,Monterey,053,433212,1611,1181,5,1186,12
2020-06-20,Napa,055,140530,314,212,0,212,3
2020-06-20,Nevada,057,99092,105,73,1,74,1
2020-06-20,Orange,059,3164182,15970,10284,137,10421,273
2020-06-20,Placer,061,380077,666,483,3,486,9
2020-06-20,Plumas,063,18699,6,6,0,6,0
2020-06-20,Riverside,065,2383286,17572,13021,23,13044,402
2020-06-20,Sacramento,067,1510023,2697,2069,4,2073,63
2020-06-20,San Benito,069,59416,210,139,0,139,2
2020-06-20,San Bernardino,071,2135413,13149,8718,8,8726,229
2020-06-20,San Diego,073,3302833,13203,10486,2,10488,338
2020-06-20,San Francisco,075,870044,3404,2999,1,3000,47
2020-06-20,San Joaquin,077,732212,3234,2046,4,2050,48
2020-06-20,San Luis Obispo,079,281455,599,405,5,410,1
2020-06-20,San Mateo,081,765935,3121,2755,4,2759,81
2020-06-20,Santa Barbara,083,443738,3617,2358,23,2381,21
2020-06-20,Santa Clara,085,1922200,4711,3435,14,3449,154
2020-06-20,Santa Cruz,087,273765,369,287,0,287,3
2020-06-20,Shasta,089,179085,141,66,0,66,5
2020-06-20,Sierra,091,2930,1,1,0,1,0
2020-06-20,Siskiyou,093,43540,29,22,0,22,0
2020-06-20,Solano,095,438530,1276,784,4,788,21
2020-06-20,Sonoma,097,501317,1079,806,1,807,4
2020-06-20,Stanislaus,099,539301,2589,1598,5,1603,35
2020-06-20,Sutter,101,95872,129,89,0,89,2
2020-06-20,Tehama,103,63373,62,35,2,37,1
2020-06-20,Trinity,105,12862,15,2,3,5,0
2020-06-20,Tulare,107,460477,4381,3172,10,3182,111
2020-06-20,Tuolumne,109,53932,13,8,0,8,0
2020-06-20,Ventura,111,848112,2981,1946,15,1961,37
2020-06-20,Yolo,113,214977,471,309,0,309,24
2020-06-20,Yuba,115,75493,43,34,0,34,1
2020-06-19,Alameda,001,1643700,5683,4646,10,4656,119
2020-06-19,Alpine,003,1148,1,1,0,1,0
2020-06-19,Amador,005,37829,13,12,0,12,0
2020-06-19,Butte,007,227075,158,91,7,98,1
2020-06-19,Calaveras,009,45235,34,20,0,20,0
2020-06-19,Colusa,011,21464,24,7,0,7,0
2020-06-19,Contra Costa,013,1133247,2696,2106,3,2109,54
2020-06-19,Del Norte,015,27424,47,46,0,46,0
2020-06-19,El Dorado,017,186661,196,124,0,124,0
2020-06-19,Fresno,019,978130,6169,3109,64,3173,61
2020-06-19,Glenn,021,27897,91,40,0,40,0
2020-06-19,Humboldt,023,135768,140,106,0,106,3
2020-06-19,Imperial,025,180216,6834,4504,4,4508,36
2020-06-19,Inyo,027,18085,27,26,0,26,1
2020-06-19,Kern,029,883053,5580,3742,13,3755,57
2020-06-19,Kings,031,150075,2297,1285,6,1291,9
2020-06-19,Lake,033,64148,46,36,0,36,0
2020-06-19,Lassen,035,31185,21,7,2,9,0
2020-06-19,Los Angeles,037,10098052,93363,79572,22,79594,3047
2020-06-19,Madera,039,155013,615,300,2,302,4
2020-06-19,Marin,041,260295,1505,829,4,833,17
2020-06-19,Mariposa,043,17540,21,18,0,18,1
2020-06-19,Mendocino,045,87422,69,48,0,48,0
2020-06-19,Merced,047,269075,987,529,1,530,8
2020-06-19,Modoc,049,8938,1,0,0,0,0
2020-06-19,Mono,051,14174,42,34,0,34,1
2020-06-19,Monterey,053,433212,1582,1159,5,1164,12
2020-06-19,Napa,055,140530,304,209,0,209,3
2020-06-19,Nevada,057,99092,102,71,1,72,1
2020-06-19,Orange,059,3164182,15437,9972,130,10102,260
2020-06-19,Placer,061,380077,648,464,3,467,9
2020-06-19,Plumas,063,18699,6,5,0,5,0
2020-06-19,Riverside,065,2383286,17167,12710,23,12733,398
2020-06-19,Sacramento,067,1510023,2614,1976,4,1980,64
2020-06-19,San Benito,069,59416,209,136,0,136,2
2020-06-19,San Bernardino,071,2135413,12743,8454,7,8461,226
2020-06-19,San Diego,073,3302833,12840,10352,2,10354,332
2020-06-19,San Francisco,075,870044,3349,2968,1,2969,47
2020-06-19,San Joaquin,077,732212,3111,1969,4,1973,48
2020-06-19,San Luis Obispo,079,281455,583,392,5,397,1
2020-06-19,San Mateo,081,765935,3082,2713,4,2717,81
2020-06-19,Santa Barbara,083,443738,3544,2284,21,2305,21
2020-06-19,Santa Clara,085,1922200,4637,3376,14,3390,154
2020-06-19,Santa Cruz,087,273765,359,283,0,283,3
2020-06-19,Shasta,089,179085,137,58,0,58,5
2020-06-19,Sierra,091,2930,1,1,0,1,0
2020-06-19,Siskiyou,093,43540,29,21,0,21,0
2020-06-19,Solano,095,438530,1238,755,4,759,21
2020-06-19,Sonoma,097,501317,1052,803,1,804,4
2020-06-19,Stanislaus,099,539301,2479,1549,5,1554,35
2020-06-19,Sutter,101,95872,128,89,0,89,2
2020-06-19,Tehama,103,63373,61,35,2,37,1
2020-06-19,Trinity,105,12862,15,2,3,5,0
2020-06-19,Tulare,107,460477,4310,3053,10,3063,107
2020-06-19,Tuolumne,109,53932,12,8,0,8,0
2020-06-19,Ventura,111,848112,2897,1865,15,1880,37
2020-06-19,Yolo,113,214977,452,303,0,303,24
2020-06-19,Yuba,115,75493,42,33,0,33,1
2020-06-18,Alameda,001,1643700,5553,4589,10,4599,118
2020-06-18,Alpine,003,1148,1,1,0,1,0
2020-06-18,Amador,005,37829,12,12,0,12,0
2020-06-18,Butte,007,227075,153,88,7,95,1
2020-06-18,Calaveras,009,45235,34,20,0,20,0
2020-06-18,Colusa,011,21464,20,7,0,7,0
2020-06-18,Contra Costa,013,1133247,2590,2072,3,2075,53
2020-06-18,Del Norte,015,27424,47,46,0,46,0
2020-06-18,El Dorado,017,186661,192,121,0,121,0
2020-06-18,Fresno,019,978130,5902,2947,63,3010,57
2020-06-18,Glenn,021,27897,82,35,0,35,0
2020-06-18,Humboldt,023,135768,139,106,0,106,3
2020-06-18,Imperial,025,180216,6685,4366,4,4370,36
2020-06-18,Inyo,027,18085,26,25,0,25,1
2020-06-18,Kern,029,883053,5362,3634,13,3647,57
2020-06-18,Kings,031,150075,2238,1141,6,1147,8
2020-06-18,Lake,033,64148,45,36,0,36,0
2020-06-18,Lassen,035,31185,20,5,2,7,0
2020-06-18,Los Angeles,037,10098052,91094,78244,22,78266,3009
2020-06-18,Madera,039,155013,580,288,2,290,4
2020-06-18,Marin,041,260295,1442,819,4,823,17
2020-06-18,Mariposa,043,17540,19,18,0,18,1
2020-06-18,Mendocino,045,87422,65,45,0,45,0
2020-06-18,Merced,047,269075,934,486,1,487,7
2020-06-18,Modoc,049,8938,1,0,0,0,0
2020-06-18,Mono,051,14174,42,34,0,34,1
2020-06-18,Monterey,053,433212,1514,1127,5,1132,12
2020-06-18,Napa,055,140530,289,205,0,205,3
2020-06-18,Nevada,057,99092,98,68,1,69,1
2020-06-18,Orange,059,3164182,14782,9597,111,9708,255
2020-06-18,Placer,061,380077,625,457,3,460,9
2020-06-18,Plumas,063,18699,6,5,0,5,0
2020-06-18,Riverside,065,2383286,16552,12410,23,12433,392
2020-06-18,Sacramento,067,1510023,2498,1938,4,1942,63
2020-06-18,San Benito,069,59416,203,134,0,134,2
2020-06-18,San Bernardino,071,2135413,12104,8141,7,8148,226
2020-06-18,San Diego,073,3302833,12418,10094,2,10096,331
2020-06-18,San Francisco,075,870044,3300,2951,1,2952,47
2020-06-18,San Joaquin,077,732212,2959,1908,4,1912,47
2020-06-18,San Luis Obispo,079,281455,564,378,5,383,1
2020-06-18,San Mateo,081,765935,3043,2674,4,2678,78
2020-06-18,Santa Barbara,083,443738,3470,2201,21,2222,19
2020-06-18,Santa Clara,085,1922200,4534,3338,14,3352,152
2020-06-18,Santa Cruz,087,273765,342,275,0,275,3
2020-06-18,Shasta,089,179085,126,51,0,51,4
2020-06-18,Sierra,091,2930,1,1,0,1,0
2020-06-18,Siskiyou,093,43540,29,18,0,18,0
2020-06-18,Solano,095,438530,1200,735,4,739,21
2020-06-18,Sonoma,097,501317,1010,789,1,790,4
2020-06-18,Stanislaus,099,539301,2345,1495,5,1500,35
2020-06-18,Sutter,101,95872,124,85,0,85,2
2020-06-18,Tehama,103,63373,56,31,2,33,1
2020-06-18,Trinity,105,12862,15,2,3,5,0
2020-06-18,Tulare,107,460477,4188,3005,10,3015,107
2020-06-18,Tuolumne,109,53932,11,8,0,8,0
2020-06-18,Ventura,111,848112,2771,1781,15,1796,37
2020-06-18,Yolo,113,214977,419,294,0,294,24
2020-06-18,Yuba,115,75493,41,32,0,32,1
2020-06-17,Alameda,001,1643700,5430,4485,10,4495,117
2020-06-17,Alpine,003,1148,1,1,0,1,0
2020-06-17,Amador,005,37829,11,10,0,10,0
2020-06-17,Butte,007,227075,144,81,7,88,1
2020-06-17,Calaveras,009,45235,34,20,0,20,0
2020-06-17,Colusa,011,21464,19,7,0,7,0
2020-06-17,Contra Costa,013,1133247,2493,2020,3,2023,45
2020-06-17,Del Norte,015,27424,47,45,0,45,0
2020-06-17,El Dorado,017,186661,185,116,0,116,0
2020-06-17,Fresno,019,978130,5676,2801,60,2861,56
2020-06-17,Glenn,021,27897,75,31,0,31,0
2020-06-17,Humboldt,023,135768,137,105,0,105,3
2020-06-17,Imperial,025,180216,6512,4108,4,4112,36
2020-06-17,Inyo,027,18085,25,25,0,25,1
2020-06-17,Kern,029,883053,5161,3547,13,3560,56
2020-06-17,Kings,031,150075,2208,1097,6,1103,7
2020-06-17,Lake,033,64148,44,32,0,32,0
2020-06-17,Lassen,035,31185,16,5,2,7,0
2020-06-17,Los Angeles,037,10098052,88787,77166,22,77188,2973
2020-06-17,Madera,039,155013,558,258,2,260,4
2020-06-17,Marin,041,260295,1250,771,3,774,17
2020-06-17,Mariposa,043,17540,18,18,0,18,1
2020-06-17,Mendocino,045,87422,63,42,0,42,0
2020-06-17,Merced,047,269075,862,460,1,461,7
2020-06-17,Modoc,049,8938,1,0,0,0,0
2020-06-17,Mono,051,14174,42,34,0,34,1
2020-06-17,Monterey,053,433212,1462,1077,5,1082,12
2020-06-17,Napa,055,140530,274,202,0,202,3
2020-06-17,Nevada,057,99092,94,57,1,58,1
2020-06-17,Orange,059,3164182,14176,9278,105,9383,230
2020-06-17,Placer,061,380077,605,427,3,430,9
2020-06-17,Plumas,063,18699,6,5,0,5,0
2020-06-17,Riverside,065,2383286,15916,11859,23,11882,370
2020-06-17,Sacramento,067,1510023,2391,1889,4,1893,63
2020-06-17,San Benito,069,59416,198,116,0,116,2
2020-06-17,San Bernardino,071,2135413,11552,7670,7,7677,225
2020-06-17,San Diego,073,3302833,12039,9856,2,9858,327
2020-06-17,San Francisco,075,870044,3261,2906,1,2907,46
2020-06-17,San Joaquin,077,732212,2786,1825,4,1829,46
2020-06-17,San Luis Obispo,079,281455,547,362,5,367,1
2020-06-17,San Mateo,081,765935,2996,2649,4,2653,78
2020-06-17,Santa Barbara,083,443738,3397,2147,19,2166,19
2020-06-17,Santa Clara,085,1922200,4441,3264,13,3277,148
2020-06-17,Santa Cruz,087,273765,336,265,0,265,2
2020-06-17,Shasta,089,179085,124,51,0,51,4
2020-06-17,Sierra,091,2930,1,1,0,1,0
2020-06-17,Siskiyou,093,43540,28,16,0,16,0
2020-06-17,Solano,095,438530,1150,722,4,726,21
2020-06-17,Sonoma,097,501317,985,748,1,749,4
2020-06-17,Stanislaus,099,539301,2222,1387,5,1392,35
2020-06-17,Sutter,101,95872,118,79,0,79,2
2020-06-17,Tehama,103,63373,41,24,2,26,1
2020-06-17,Trinity,105,12862,14,2,3,5,0
2020-06-17,Tulare,107,460477,4078,2882,10,2892,106
2020-06-17,Tuolumne,109,53932,11,7,0,7,0
2020-06-17,Ventura,111,848112,2671,1729,15,1744,37
2020-06-17,Yolo,113,214977,399,277,0,277,24
2020-06-17,Yuba,115,75493,40,30,0,30,1
2020-06-16,Alameda,001,1643700,5312,4428,10,4438,113
2020-06-16,Alpine,003,1148,1,1,0,1,0
2020-06-16,Amador,005,37829,11,10,0,10,0
2020-06-16,Butte,007,227075,140,79,7,86,1
2020-06-16,Calaveras,009,45235,31,19,0,19,0
2020-06-16,Colusa,011,21464,16,7,0,7,0
2020-06-16,Contra Costa,013,1133247,2402,1971,2,1973,45
2020-06-16,Del Norte,015,27424,47,45,0,45,0
2020-06-16,El Dorado,017,186661,179,115,0,115,0
2020-06-16,Fresno,019,978130,5438,2731,58,2789,50
2020-06-16,Glenn,021,27897,71,30,0,30,0
2020-06-16,Humboldt,023,135768,134,105,0,105,3
2020-06-16,Imperial,025,180216,6353,3939,4,3943,36
2020-06-16,Inyo,027,18085,25,24,0,24,1
2020-06-16,Kern,029,883053,4937,3496,13,3509,55
2020-06-16,Kings,031,150075,2162,1044,6,1050,6
2020-06-16,Lake,033,64148,44,31,0,31,0
2020-06-16,Lassen,035,31185,13,5,2,7,0
2020-06-16,Los Angeles,037,10098052,86465,75051,22,75073,2942
2020-06-16,Madera,039,155013,532,239,2,241,3
2020-06-16,Marin,041,260295,1197,725,3,728,17
2020-06-16,Mariposa,043,17540,18,17,0,17,1
2020-06-16,Mendocino,045,87422,62,35,0,35,0
2020-06-16,Merced,047,269075,814,436,1,437,7
2020-06-16,Modoc,049,8938,1,0,0,0,0
2020-06-16,Mono,051,14174,42,34,0,34,1
2020-06-16,Monterey,053,433212,1414,1019,5,1024,12
2020-06-16,Napa,055,140530,259,196,0,196,3
2020-06-16,Nevada,057,99092,91,53,1,54,1
2020-06-16,Orange,059,3164182,13592,9163,101,9264,223
2020-06-16,Placer,061,380077,573,392,3,395,9
2020-06-16,Plumas,063,18699,6,5,0,5,0
2020-06-16,Riverside,065,2383286,15241,11638,23,11661,364
2020-06-16,Sacramento,067,1510023,2282,1825,4,1829,60
2020-06-16,San Benito,069,59416,190,110,0,110,2
2020-06-16,San Bernardino,071,2135413,11009,7463,7,7470,225
2020-06-16,San Diego,073,3302833,11677,9732,1,9733,323
2020-06-16,San Francisco,075,870044,3210,2893,1,2894,46
2020-06-16,San Joaquin,077,732212,2633,1718,4,1722,47
2020-06-16,San Luis Obispo,079,281455,523,343,5,348,1
2020-06-16,San Mateo,081,765935,2942,2618,4,2622,77
2020-06-16,Santa Barbara,083,443738,3330,2090,19,2109,16
2020-06-16,Santa Clara,085,1922200,4330,3228,12,3240,148
2020-06-16,Santa Cruz,087,273765,320,257,0,257,2
2020-06-16,Shasta,089,179085,115,51,0,51,4
2020-06-16,Sierra,091,2930,1,1,0,1,0
2020-06-16,Siskiyou,093,43540,27,15,0,15,0
2020-06-16,Solano,095,438530,1060,694,4,698,19
2020-06-16,Sonoma,097,501317,953,739,1,740,4
2020-06-16,Stanislaus,099,539301,2069,1278,5,1283,36
2020-06-16,Sutter,101,95872,111,73,0,73,2
2020-06-16,Tehama,103,63373,37,24,2,26,1
2020-06-16,Trinity,105,12862,14,2,3,5,0
2020-06-16,Tulare,107,460477,3959,2802,10,2812,96
2020-06-16,Tuolumne,109,53932,11,7,0,7,0
2020-06-16,Ventura,111,848112,2570,1676,15,1691,37
2020-06-16,Yolo,113,214977,375,262,0,262,24
2020-06-16,Yuba,115,75493,39,29,0,29,1
2020-06-15,Alameda,001,1643700,5186,4323,10,4333,112
2020-06-15,Alpine,003,1148,1,1,0,1,0
2020-06-15,Amador,005,37829,11,10,0,10,0
2020-06-15,Butte,007,227075,132,78,7,85,1
2020-06-15,Calaveras,009,45235,31,18,0,18,0
2020-06-15,Colusa,011,21464,14,7,0,7,0
2020-06-15,Contra Costa,013,1133247,2325,1918,2,1920,43
2020-06-15,Del Norte,015,27424,47,45,0,45,0
2020-06-15,El Dorado,017,186661,169,114,0,114,0
2020-06-15,Fresno,019,978130,5225,2616,57,2673,48
2020-06-15,Glenn,021,27897,66,21,0,21,0
2020-06-15,Humboldt,023,135768,132,105,0,105,3
2020-06-15,Imperial,025,180216,6178,3726,4,3730,36
2020-06-15,Inyo,027,18085,25,23,0,23,1
2020-06-15,Kern,029,883053,4713,3417,13,3430,55
2020-06-15,Kings,031,150075,2085,1022,6,1028,6
2020-06-15,Lake,033,64148,44,31,0,31,0
2020-06-15,Lassen,035,31185,13,5,2,7,0
2020-06-15,Los Angeles,037,10098052,84276,73705,22,73727,2908
2020-06-15,Madera,039,155013,510,203,2,205,3
2020-06-15,Marin,041,260295,1030,708,3,711,17
2020-06-15,Mariposa,043,17540,18,17,0,17,1
2020-06-15,Mendocino,045,87422,53,33,0,33,0
2020-06-15,Merced,047,269075,768,414,1,415,7
2020-06-15,Modoc,049,8938,1,0,0,0,0
2020-06-15,Mono,051,14174,42,34,0,34,1
2020-06-15,Monterey,053,433212,1348,998,5,1003,12
2020-06-15,Napa,055,140530,251,187,0,187,3
2020-06-15,Nevada,057,99092,85,52,1,53,1
2020-06-15,Orange,059,3164182,13024,8944,93,9037,212
2020-06-15,Placer,061,380077,551,386,3,389,9
2020-06-15,Plumas,063,18699,6,4,0,4,0
2020-06-15,Riverside,065,2383286,14623,11376,22,11398,364
2020-06-15,Sacramento,067,1510023,2166,1791,4,1795,60
2020-06-15,San Benito,069,59416,184,108,0,108,2
2020-06-15,San Bernardino,071,2135413,10505,7189,7,7196,224
2020-06-15,San Diego,073,3302833,11337,9612,1,9613,320
2020-06-15,San Francisco,075,870044,3166,2833,1,2834,45
2020-06-15,San Joaquin,077,732212,2497,1667,4,1671,43
2020-06-15,San Luis Obispo,079,281455,508,332,5,337,1
2020-06-15,San Mateo,081,765935,2895,2591,4,2595,75
2020-06-15,Santa Barbara,083,443738,3260,2054,19,2073,16
2020-06-15,Santa Clara,085,1922200,4230,3204,12,3216,148
2020-06-15,Santa Cruz,087,273765,309,254,0,254,2
2020-06-15,Shasta,089,179085,109,50,0,50,4
2020-06-15,Sierra,091,2930,1,1,0,1,0
2020-06-15,Siskiyou,093,43540,26,14,0,14,0
2020-06-15,Solano,095,438530,1000,638,4,642,19
2020-06-15,Sonoma,097,501317,924,726,1,727,4
2020-06-15,Stanislaus,099,539301,1952,1253,5,1258,35
2020-06-15,Sutter,101,95872,101,71,0,71,2
2020-06-15,Tehama,103,63373,37,17,2,19,1
2020-06-15,Trinity,105,12862,13,2,3,5,0
2020-06-15,Tulare,107,460477,3845,2662,10,2672,96
2020-06-15,Tuolumne,109,53932,10,7,0,7,0
2020-06-15,Ventura,111,848112,2489,1656,15,1671,37
2020-06-15,Yolo,113,214977,355,255,0,255,24
2020-06-15,Yuba,115,75493,39,28,0,28,1
2020-06-14,Alameda,001,1643700,5041,4271,10,4281,112
2020-06-14,Alpine,003,1148,1,1,0,1,0
2020-06-14,Amador,005,37829,11,10,0,10,0
2020-06-14,Butte,007,227075,124,78,7,85,1
2020-06-14,Calaveras,009,45235,30,18,0,18,0
2020-06-14,Colusa,011,21464,13,7,0,7,0
2020-06-14,Contra Costa,013,1133247,2256,1893,2,1895,43
2020-06-14,Del Norte,015,27424,47,45,0,45,0
2020-06-14,El Dorado,017,186661,165,110,0,110,0
2020-06-14,Fresno,019,978130,5040,2585,56,2641,48
2020-06-14,Glenn,021,27897,51,21,0,21,0
2020-06-14,Humboldt,023,135768,128,105,0,105,3
2020-06-14,Imperial,025,180216,5947,3730,4,3734,36
2020-06-14,Inyo,027,18085,24,23,0,23,1
2020-06-14,Kern,029,883053,4502,3328,13,3341,55
2020-06-14,Kings,031,150075,2034,1022,5,1027,6
2020-06-14,Lake,033,64148,41,31,0,31,0
2020-06-14,Lassen,035,31185,13,5,2,7,0
2020-06-14,Los Angeles,037,10098052,81949,72932,22,72954,2887
2020-06-14,Madera,039,155013,491,203,2,205,3
2020-06-14,Marin,041,260295,865,689,2,691,17
2020-06-14,Mariposa,043,17540,18,16,0,16,1
2020-06-14,Mendocino,045,87422,50,33,0,33,0
2020-06-14,Merced,047,269075,717,403,1,404,7
2020-06-14,Modoc,049,8938,1,0,0,0,0
2020-06-14,Mono,051,14174,42,34,0,34,1
2020-06-14,Monterey,053,433212,1287,949,5,954,12
2020-06-14,Napa,055,140530,229,181,0,181,3
2020-06-14,Nevada,057,99092,81,52,1,53,1
2020-06-14,Orange,059,3164182,12597,8744,88,8832,211
2020-06-14,Placer,061,380077,525,369,3,372,9
2020-06-14,Plumas,063,18699,5,4,0,4,0
2020-06-14,Riverside,065,2383286,14181,11218,22,11240,364
2020-06-14,Sacramento,067,1510023,2079,1750,4,1754,60
2020-06-14,San Benito,069,59416,173,104,0,104,2
2020-06-14,San Bernardino,071,2135413,9964,7015,7,7022,224
2020-06-14,San Diego,073,3302833,10962,9442,1,9443,319
2020-06-14,San Francisco,075,870044,3126,2834,1,2835,45
2020-06-14,San Joaquin,077,732212,2346,1603,4,1607,43
2020-06-14,San Luis Obispo,079,281455,493,330,5,335,1
2020-06-14,San Mateo,081,765935,2837,2571,4,2575,75
2020-06-14,Santa Barbara,083,443738,3182,2049,19,2068,17
2020-06-14,Santa Clara,085,1922200,4135,3178,12,3190,148
2020-06-14,Santa Cruz,087,273765,295,254,0,254,2
2020-06-14,Shasta,089,179085,103,48,0,48,4
2020-06-14,Sierra,091,2930,1,1,0,1,0
2020-06-14,Siskiyou,093,43540,25,13,0,13,0
2020-06-14,Solano,095,438530,951,638,4,642,19
2020-06-14,Sonoma,097,501317,896,724,1,725,4
2020-06-14,Stanislaus,099,539301,1804,1159,5,1164,35
2020-06-14,Sutter,101,95872,96,63,0,63,2
2020-06-14,Tehama,103,63373,34,17,2,19,1
2020-06-14,Trinity,105,12862,13,2,3,5,0
2020-06-14,Tulare,107,460477,3711,2646,10,2656,96
2020-06-14,Tuolumne,109,53932,10,7,0,7,0
2020-06-14,Ventura,111,848112,2390,1610,14,1624,37
2020-06-14,Yolo,113,214977,339,254,0,254,24
2020-06-14,Yuba,115,75493,38,28,0,28,1
2020-06-13,Alameda,001,1643700,4978,4196,10,4206,112
2020-06-13,Alpine,003,1148,1,1,0,1,0
2020-06-13,Amador,005,37829,10,10,0,10,0
2020-06-13,Butte,007,227075,115,72,7,79,1
2020-06-13,Calaveras,009,45235,28,18,0,18,0
2020-06-13,Colusa,011,21464,12,7,0,7,0
2020-06-13,Contra Costa,013,1133247,2220,1868,2,1870,43
2020-06-13,Del Norte,015,27424,47,45,0,45,0
2020-06-13,El Dorado,017,186661,161,110,0,110,0
2020-06-13,Fresno,019,978130,4942,2499,56,2555,48
2020-06-13,Glenn,021,27897,49,21,0,21,0
2020-06-13,Humboldt,023,135768,127,104,0,104,3
2020-06-13,Imperial,025,180216,5874,3646,4,3650,36
2020-06-13,Inyo,027,18085,24,23,0,23,1
2020-06-13,Kern,029,883053,4393,3239,13,3252,55
2020-06-13,Kings,031,150075,2014,1023,5,1028,6
2020-06-13,Lake,033,64148,40,29,0,29,0
2020-06-13,Lassen,035,31185,13,5,2,7,0
2020-06-13,Los Angeles,037,10098052,80911,71938,22,71960,2874
2020-06-13,Madera,039,155013,487,203,2,205,3
2020-06-13,Marin,041,260295,834,677,2,679,17
2020-06-13,Mariposa,043,17540,18,16,0,16,1
2020-06-13,Mendocino,045,87422,50,33,0,33,0
2020-06-13,Merced,047,269075,699,376,1,377,7
2020-06-13,Modoc,049,8938,1,0,0,0,0
2020-06-13,Mono,051,14174,42,35,0,35,1
2020-06-13,Monterey,053,433212,1249,900,5,905,11
2020-06-13,Napa,055,140530,226,171,0,171,3
2020-06-13,Nevada,057,99092,79,52,1,53,1
2020-06-13,Orange,059,3164182,12352,8581,85,8666,211
2020-06-13,Placer,061,380077,508,346,3,349,9
2020-06-13,Plumas,063,18699,5,4,0,4,0
2020-06-13,Riverside,065,2383286,13902,10931,22,10953,364
2020-06-13,Sacramento,067,1510023,2025,1713,4,1717,60
2020-06-13,San Benito,069,59416,166,99,0,99,2
2020-06-13,San Bernardino,071,2135413,9739,6885,7,6892,224
2020-06-13,San Diego,073,3302833,10790,9316,1,9317,319
2020-06-13,San Francisco,075,870044,3106,2834,1,2835,44
2020-06-13,San Joaquin,077,732212,2265,1461,4,1465,43
2020-06-13,San Luis Obispo,079,281455,482,326,5,331,1
2020-06-13,San Mateo,081,765935,2814,2551,4,2555,75
2020-06-13,Santa Barbara,083,443738,3124,1999,19,2018,15
2020-06-13,Santa Clara,085,1922200,4092,3141,12,3153,148
2020-06-13,Santa Cruz,087,273765,289,254,0,254,2
2020-06-13,Shasta,089,179085,101,48,0,48,4
2020-06-13,Sierra,091,2930,1,1,0,1,0
2020-06-13,Siskiyou,093,43540,25,13,0,13,0
2020-06-13,Solano,095,438530,923,637,4,641,19
2020-06-13,Sonoma,097,501317,881,711,1,712,4
2020-06-13,Stanislaus,099,539301,1747,1122,5,1127,33
2020-06-13,Sutter,101,95872,95,62,0,62,2
2020-06-13,Tehama,103,63373,33,17,2,19,1
2020-06-13,Trinity,105,12862,13,2,3,5,0
2020-06-13,Tulare,107,460477,3679,2626,10,2636,96
2020-06-13,Tuolumne,109,53932,9,7,0,7,0
2020-06-13,Ventura,111,848112,2344,1567,14,1581,37
2020-06-13,Yolo,113,214977,318,251,0,251,24
2020-06-13,Yuba,115,75493,38,28,0,28,1
2020-06-12,Alameda,001,1643700,4905,4167,10,4177,109
2020-06-12,Alpine,003,1148,1,1,0,1,0
2020-06-12,Amador,005,37829,10,10,0,10,0
2020-06-12,Butte,007,227075,111,71,7,78,1
2020-06-12,Calaveras,009,45235,25,18,0,18,0
2020-06-12,Colusa,011,21464,12,7,0,7,0
2020-06-12,Contra Costa,013,1133247,2183,1827,2,1829,43
2020-06-12,Del Norte,015,27424,47,45,0,45,0
2020-06-12,El Dorado,017,186661,161,110,0,110,0
2020-06-12,Fresno,019,978130,4805,2428,56,2484,47
2020-06-12,Glenn,021,27897,46,21,0,21,0
2020-06-12,Humboldt,023,135768,125,105,0,105,3
2020-06-12,Imperial,025,180216,5790,3543,4,3547,36
2020-06-12,Inyo,027,18085,24,23,0,23,1
2020-06-12,Kern,029,883053,4276,3152,13,3165,54
2020-06-12,Kings,031,150075,2001,987,5,992,6
2020-06-12,Lake,033,64148,39,29,0,29,0
2020-06-12,Lassen,035,31185,13,5,2,7,0
2020-06-12,Los Angeles,037,10098052,79505,70385,22,70407,2814
2020-06-12,Madera,039,155013,462,187,2,189,3
2020-06-12,Marin,041,260295,831,649,2,651,17
2020-06-12,Mariposa,043,17540,18,16,0,16,1
2020-06-12,Mendocino,045,87422,50,33,0,33,0
2020-06-12,Merced,047,269075,665,372,1,373,7
2020-06-12,Modoc,049,8938,1,0,0,0,0
2020-06-12,Mono,051,14174,39,35,0,35,1
2020-06-12,Monterey,053,433212,1208,864,4,868,11
2020-06-12,Napa,055,140530,223,162,0,162,3
2020-06-12,Nevada,057,99092,73,52,1,53,1
2020-06-12,Orange,059,3164182,12046,8440,84,8524,203
2020-06-12,Placer,061,380077,491,333,3,336,9
2020-06-12,Plumas,063,18699,5,4,0,4,0
2020-06-12,Riverside,065,2383286,13565,10616,22,10638,364
2020-06-12,Sacramento,067,1510023,1970,1702,4,1706,60
2020-06-12,San Benito,069,59416,159,96,0,96,2
2020-06-12,San Bernardino,071,2135413,9471,6707,7,6714,223
2020-06-12,San Diego,073,3302833,10620,9132,1,9133,313
2020-06-12,San Francisco,075,870044,3072,2823,1,2824,44
2020-06-12,San Joaquin,077,732212,2185,1406,4,1410,43
2020-06-12,San Luis Obispo,079,281455,466,321,5,326,1
2020-06-12,San Mateo,081,765935,2779,2533,4,2537,75
2020-06-12,Santa Barbara,083,443738,3069,1969,19,1988,14
2020-06-12,Santa Clara,085,1922200,4048,3099,12,3111,149
2020-06-12,Santa Cruz,087,273765,281,251,0,251,2
2020-06-12,Shasta,089,179085,94,48,0,48,5
2020-06-12,Sierra,091,2930,1,1,0,1,0
2020-06-12,Siskiyou,093,43540,25,13,0,13,0
2020-06-12,Solano,095,438530,909,620,4,624,19
2020-06-12,Sonoma,097,501317,862,696,1,697,4
2020-06-12,Stanislaus,099,539301,1688,1092,5,1097,33
2020-06-12,Sutter,101,95872,94,56,0,56,2
2020-06-12,Tehama,103,63373,32,13,2,15,1
2020-06-12,Trinity,105,12862,13,2,3,5,0
2020-06-12,Tulare,107,460477,3625,2552,10,2562,95
2020-06-12,Tuolumne,109,53932,9,7,0,7,0
2020-06-12,Ventura,111,848112,2292,1534,14,1548,35
2020-06-12,Yolo,113,214977,306,243,0,243,24
2020-06-12,Yuba,115,75493,36,27,0,27,1
2020-06-11,Alameda,001,1643700,4775,4073,9,4082,108
2020-06-11,Alpine,003,1148,1,1,0,1,0
2020-06-11,Amador,005,37829,9,10,0,10,0
2020-06-11,Butte,007,227075,105,72,7,79,1
2020-06-11,Calaveras,009,45235,24,16,0,16,0
2020-06-11,Colusa,011,21464,12,7,0,7,0
2020-06-11,Contra Costa,013,1133247,2130,1797,2,1799,43
2020-06-11,Del Norte,015,27424,47,45,0,45,0
2020-06-11,El Dorado,017,186661,153,109,0,109,0
2020-06-11,Fresno,019,978130,4650,2338,56,2394,45
2020-06-11,Glenn,021,27897,42,21,0,21,0
2020-06-11,Humboldt,023,135768,121,113,0,113,3
2020-06-11,Imperial,025,180216,5634,3463,4,3467,36
2020-06-11,Inyo,027,18085,22,23,0,23,1
2020-06-11,Kern,029,883053,4124,3047,11,3058,54
2020-06-11,Kings,031,150075,1968,963,5,968,6
2020-06-11,Lake,033,64148,39,28,0,28,0
2020-06-11,Lassen,035,31185,13,5,2,7,0
2020-06-11,Los Angeles,037,10098052,77839,68807,21,68828,2800
2020-06-11,Madera,039,155013,444,178,2,180,3
2020-06-11,Marin,041,260295,783,637,2,639,17
2020-06-11,Mariposa,043,17540,18,16,0,16,1
2020-06-11,Mendocino,045,87422,41,35,0,35,0
2020-06-11,Merced,047,269075,625,370,1,371,7
2020-06-11,Modoc,049,8938,1,0,0,0,0
2020-06-11,Mono,051,14174,39,35,0,35,1
2020-06-11,Monterey,053,433212,1161,813,4,817,11
2020-06-11,Napa,055,140530,214,162,0,162,3
2020-06-11,Nevada,057,99092,67,50,1,51,1
2020-06-11,Orange,059,3164182,11737,8304,83,8387,188
2020-06-11,Placer,061,380077,472,321,3,324,9
2020-06-11,Plumas,063,18699,5,4,0,4,0
2020-06-11,Riverside,065,2383286,13212,10014,22,10036,361
2020-06-11,Sacramento,067,1510023,1922,1669,4,1673,60
2020-06-11,San Benito,069,59416,153,94,0,94,2
2020-06-11,San Bernardino,071,2135413,9174,6509,7,6516,221
2020-06-11,San Diego,073,3302833,10390,9000,0,9000,308
2020-06-11,San Francisco,075,870044,3043,2766,1,2767,44
2020-06-11,San Joaquin,077,732212,2073,1351,4,1355,43
2020-06-11,San Luis Obispo,079,281455,452,307,5,312,1
2020-06-11,San Mateo,081,765935,2741,2499,4,2503,74
2020-06-11,Santa Barbara,083,443738,3003,1895,19,1914,14
2020-06-11,Santa Clara,085,1922200,3981,3049,12,3061,149
2020-06-11,Santa Cruz,087,273765,277,247,0,247,2
2020-06-11,Shasta,089,179085,87,47,0,47,5
2020-06-11,Sierra,091,2930,1,1,0,1,0
2020-06-11,Siskiyou,093,43540,25,14,0,14,0
2020-06-11,Solano,095,438530,883,616,4,620,19
2020-06-11,Sonoma,097,501317,839,682,1,683,4
2020-06-11,Stanislaus,099,539301,1597,1062,5,1067,30
2020-06-11,Sutter,101,95872,91,56,0,56,2
2020-06-11,Tehama,103,63373,27,10,2,12,1
2020-06-11,Trinity,105,12862,11,2,3,5,0
2020-06-11,Tulare,107,460477,3526,2473,10,2483,95
2020-06-11,Tuolumne,109,53932,9,7,0,7,0
2020-06-11,Ventura,111,848112,2215,1491,13,1504,34
2020-06-11,Yolo,113,214977,298,230,0,230,24
2020-06-11,Yuba,115,75493,36,27,0,27,1
2020-06-10,Alameda,001,1643700,4675,4027,8,4035,107
2020-06-10,Alpine,003,1148,1,1,0,1,0
2020-06-10,Amador,005,37829,9,10,0,10,0
2020-06-10,Butte,007,227075,102,71,7,78,1
2020-06-10,Calaveras,009,45235,24,16,0,16,0
2020-06-10,Colusa,011,21464,11,7,0,7,0
2020-06-10,Contra Costa,013,1133247,2086,1778,2,1780,43
2020-06-10,Del Norte,015,27424,47,45,0,45,0
2020-06-10,El Dorado,017,186661,150,109,0,109,0
2020-06-10,Fresno,019,978130,4473,2324,56,2380,45
2020-06-10,Glenn,021,27897,39,21,0,21,0
2020-06-10,Humboldt,023,135768,117,112,0,112,3
2020-06-10,Imperial,025,180216,5486,3454,4,3458,36
2020-06-10,Inyo,027,18085,22,23,0,23,1
2020-06-10,Kern,029,883053,3999,3000,10,3010,54
2020-06-10,Kings,031,150075,1921,952,4,956,6
2020-06-10,Lake,033,64148,39,28,0,28,0
2020-06-10,Lassen,035,31185,13,5,2,7,0
2020-06-10,Los Angeles,037,10098052,76318,67018,21,67039,2752
2020-06-10,Madera,039,155013,430,176,1,177,3
2020-06-10,Marin,041,260295,752,633,2,635,17
2020-06-10,Mariposa,043,17540,17,16,0,16,1
2020-06-10,Mendocino,045,87422,40,35,0,35,0
2020-06-10,Merced,047,269075,592,370,1,371,7
2020-06-10,Modoc,049,8938,1,0,0,0,0
2020-06-10,Mono,051,14174,39,35,0,35,1
2020-06-10,Monterey,053,433212,1107,791,4,795,11
2020-06-10,Napa,055,140530,211,159,0,159,3
2020-06-10,Nevada,057,99092,65,50,1,51,1
2020-06-10,Orange,059,3164182,11461,8222,80,8302,184
2020-06-10,Placer,061,380077,447,309,3,312,9
2020-06-10,Plumas,063,18699,5,4,0,4,0
2020-06-10,Riverside,065,2383286,12889,9857,22,9879,361
2020-06-10,Sacramento,067,1510023,1883,1643,2,1645,59
2020-06-10,San Benito,069,59416,144,94,0,94,2
2020-06-10,San Bernardino,071,2135413,8882,6438,7,6445,219
2020-06-10,San Diego,073,3302833,10226,8839,0,8839,305
2020-06-10,San Francisco,075,870044,3018,2774,1,2775,44
2020-06-10,San Joaquin,077,732212,1944,1282,4,1286,41
2020-06-10,San Luis Obispo,079,281455,433,306,5,311,1
2020-06-10,San Mateo,081,765935,2701,2492,4,2496,74
2020-06-10,Santa Barbara,083,443738,2947,1878,19,1897,13
2020-06-10,Santa Clara,085,1922200,3930,3032,12,3044,149
2020-06-10,Santa Cruz,087,273765,273,242,0,242,2
2020-06-10,Shasta,089,179085,82,45,0,45,5
2020-06-10,Sierra,091,2930,1,1,0,1,0
2020-06-10,Siskiyou,093,43540,25,14,0,14,0
2020-06-10,Solano,095,438530,847,608,4,612,19
2020-06-10,Sonoma,097,501317,821,673,1,674,4
2020-06-10,Stanislaus,099,539301,1507,1030,5,1035,29
2020-06-10,Sutter,101,95872,90,56,0,56,2
2020-06-10,Tehama,103,63373,25,10,2,12,1
2020-06-10,Trinity,105,12862,11,2,3,5,0
2020-06-10,Tulare,107,460477,3433,2455,10,2465,95
2020-06-10,Tuolumne,109,53932,9,7,0,7,0
2020-06-10,Ventura,111,848112,2169,1446,12,1458,34
2020-06-10,Yolo,113,214977,290,226,0,226,24
2020-06-10,Yuba,115,75493,35,27,0,27,1
2020-06-09,Alameda,001,1643700,4565,3963,8,3971,103
2020-06-09,Alpine,003,1148,1,1,0,1,0
2020-06-09,Amador,005,37829,9,10,0,10,0
2020-06-09,Butte,007,227075,101,70,6,76,1
2020-06-09,Calaveras,009,45235,24,16,0,16,0
2020-06-09,Colusa,011,21464,10,7,0,7,0
2020-06-09,Contra Costa,013,1133247,2045,1744,2,1746,42
2020-06-09,Del Norte,015,27424,47,45,0,45,0
2020-06-09,El Dorado,017,186661,140,108,0,108,0
2020-06-09,Fresno,019,978130,4320,2278,56,2334,43
2020-06-09,Glenn,021,27897,38,19,0,19,0
2020-06-09,Humboldt,023,135768,115,113,0,113,2
2020-06-09,Imperial,025,180216,5334,3067,4,3071,36
2020-06-09,Inyo,027,18085,22,22,0,22,1
2020-06-09,Kern,029,883053,3871,2920,10,2930,51
2020-06-09,Kings,031,150075,1889,934,4,938,6
2020-06-09,Lake,033,64148,39,28,0,28,0
2020-06-09,Lassen,035,31185,13,5,2,7,0
2020-06-09,Los Angeles,037,10098052,74660,65827,21,65848,2692
2020-06-09,Madera,039,155013,415,172,1,173,3
2020-06-09,Marin,041,260295,716,616,2,618,17
2020-06-09,Mariposa,043,17540,17,16,0,16,1
2020-06-09,Mendocino,045,87422,36,35,0,35,0
2020-06-09,Merced,047,269075,563,349,1,350,7
2020-06-09,Modoc,049,8938,1,0,0,0,0
2020-06-09,Mono,051,14174,39,35,0,35,1
2020-06-09,Monterey,053,433212,1066,772,4,776,11
2020-06-09,Napa,055,140530,201,156,0,156,3
2020-06-09,Nevada,057,99092,57,50,1,51,1
2020-06-09,Orange,059,3164182,11220,7991,78,8069,174
2020-06-09,Placer,061,380077,434,301,3,304,9
2020-06-09,Plumas,063,18699,5,4,0,4,0
2020-06-09,Riverside,065,2383286,12511,9511,22,9533,354
2020-06-09,Sacramento,067,1510023,1829,1625,2,1627,59
2020-06-09,San Benito,069,59416,138,95,0,95,2
2020-06-09,San Bernardino,071,2135413,8558,6268,6,6274,217
2020-06-09,San Diego,073,3302833,10041,8731,0,8731,301
2020-06-09,San Francisco,075,870044,2993,2749,1,2750,44
2020-06-09,San Joaquin,077,732212,1838,1240,4,1244,41
2020-06-09,San Luis Obispo,079,281455,420,301,4,305,1
2020-06-09,San Mateo,081,765935,2670,2463,4,2467,74
2020-06-09,Santa Barbara,083,443738,2882,1854,19,1873,13
2020-06-09,Santa Clara,085,1922200,3862,3006,11,3017,147
2020-06-09,Santa Cruz,087,273765,267,237,0,237,2
2020-06-09,Shasta,089,179085,78,44,0,44,4
2020-06-09,Sierra,091,2930,1,1,0,1,0
2020-06-09,Siskiyou,093,43540,20,10,0,10,0
2020-06-09,Solano,095,438530,812,596,4,600,18
2020-06-09,Sonoma,097,501317,798,661,1,662,4
2020-06-09,Stanislaus,099,539301,1406,993,5,998,25
2020-06-09,Sutter,101,95872,87,56,0,56,2
2020-06-09,Tehama,103,63373,25,9,2,11,1
2020-06-09,Trinity,105,12862,10,2,3,5,0
2020-06-09,Tulare,107,460477,3367,2393,10,2403,91
2020-06-09,Tuolumne,109,53932,9,8,0,8,0
2020-06-09,Ventura,111,848112,2103,1407,12,1419,34
2020-06-09,Yolo,113,214977,279,226,0,226,24
2020-06-09,Yuba,115,75493,34,27,0,27,1
2020-06-08,Alameda,001,1643700,4485,3937,8,3945,103
2020-06-08,Alpine,003,1148,1,1,0,1,0
2020-06-08,Amador,005,37829,9,10,0,10,0
2020-06-08,Butte,007,227075,97,68,6,74,1
2020-06-08,Calaveras,009,45235,24,16,0,16,0
2020-06-08,Colusa,011,21464,9,7,0,7,0
2020-06-08,Contra Costa,013,1133247,2002,1714,2,1716,41
2020-06-08,Del Norte,015,27424,47,45,0,45,0
2020-06-08,El Dorado,017,186661,136,107,0,107,0
2020-06-08,Fresno,019,978130,4196,2194,55,2249,42
2020-06-08,Glenn,021,27897,36,17,0,17,0
2020-06-08,Humboldt,023,135768,115,112,0,112,2
2020-06-08,Imperial,025,180216,5182,3051,4,3055,21
2020-06-08,Inyo,027,18085,22,22,0,22,1
2020-06-08,Kern,029,883053,3740,2853,9,2862,49
2020-06-08,Kings,031,150075,1813,892,4,896,6
2020-06-08,Lake,033,64148,39,28,0,28,0
2020-06-08,Lassen,035,31185,13,4,2,6,0
2020-06-08,Los Angeles,037,10098052,73198,64634,21,64655,2640
2020-06-08,Madera,039,155013,385,154,1,155,3
2020-06-08,Marin,041,260295,675,596,2,598,17
2020-06-08,Mariposa,043,17540,16,16,0,16,1
2020-06-08,Mendocino,045,87422,34,32,0,32,0
2020-06-08,Merced,047,269075,529,331,1,332,7
2020-06-08,Modoc,049,8938,1,0,0,0,0
2020-06-08,Mono,051,14174,39,35,0,35,1
2020-06-08,Monterey,053,433212,1015,751,3,754,10
2020-06-08,Napa,055,140530,185,151,0,151,3
2020-06-08,Nevada,057,99092,56,50,1,51,1
2020-06-08,Orange,059,3164182,10969,7786,76,7862,160
2020-06-08,Placer,061,380077,417,290,3,293,9
2020-06-08,Plumas,063,18699,5,4,0,4,0
2020-06-08,Riverside,065,2383286,12142,9246,22,9268,347
2020-06-08,Sacramento,067,1510023,1779,1591,2,1593,59
2020-06-08,San Benito,069,59416,131,93,0,93,2
2020-06-08,San Bernardino,071,2135413,8237,6122,6,6128,214
2020-06-08,San Diego,073,3302833,9884,8621,0,8621,296
2020-06-08,San Francisco,075,870044,2966,2715,1,2716,43
2020-06-08,San Joaquin,077,732212,1731,1198,4,1202,40
2020-06-08,San Luis Obispo,079,281455,414,300,4,304,1
2020-06-08,San Mateo,081,765935,2639,2431,3,2434,74
2020-06-08,Santa Barbara,083,443738,2814,1824,17,1841,13
2020-06-08,Santa Clara,085,1922200,3816,2971,11,2982,146
2020-06-08,Santa Cruz,087,273765,266,234,0,234,2
2020-06-08,Shasta,089,179085,74,43,0,43,4
2020-06-08,Sierra,091,2930,1,1,0,1,0
2020-06-08,Siskiyou,093,43540,20,8,0,8,0
2020-06-08,Solano,095,438530,785,560,4,564,19
2020-06-08,Sonoma,097,501317,782,654,1,655,4
2020-06-08,Stanislaus,099,539301,1324,956,5,961,28
2020-06-08,Sutter,101,95872,80,55,0,55,2
2020-06-08,Tehama,103,63373,19,8,2,10,1
2020-06-08,Trinity,105,12862,10,2,3,5,0
2020-06-08,Tulare,107,460477,3284,2301,10,2311,91
2020-06-08,Tuolumne,109,53932,8,8,0,8,0
2020-06-08,Ventura,111,848112,2045,1382,12,1394,30
2020-06-08,Yolo,113,214977,268,228,0,228,24
2020-06-08,Yuba,115,75493,32,27,0,27,1
2020-06-07,Alameda,001,1643700,4372,3866,8,3874,102
2020-06-07,Alpine,003,1148,1,1,0,1,0
2020-06-07,Amador,005,37829,9,10,0,10,0
2020-06-07,Butte,007,227075,95,64,5,69,1
2020-06-07,Calaveras,009,45235,22,16,0,16,0
2020-06-07,Colusa,011,21464,9,7,0,7,0
2020-06-07,Contra Costa,013,1133247,1951,1653,1,1654,38
2020-06-07,Del Norte,015,27424,45,45,0,45,0
2020-06-07,El Dorado,017,186661,136,104,0,104,0
2020-06-07,Fresno,019,978130,4066,2144,55,2199,41
2020-06-07,Glenn,021,27897,29,16,0,16,0
2020-06-07,Humboldt,023,135768,115,112,0,112,2
2020-06-07,Imperial,025,180216,5031,3048,4,3052,19
2020-06-07,Inyo,027,18085,22,21,0,21,1
2020-06-07,Kern,029,883053,3609,2771,9,2780,46
2020-06-07,Kings,031,150075,1764,882,4,886,6
2020-06-07,Lake,033,64148,36,28,0,28,0
2020-06-07,Lassen,035,31185,12,4,2,6,0
2020-06-07,Los Angeles,037,10098052,71495,63750,21,63771,2629
2020-06-07,Madera,039,155013,368,149,1,150,3
2020-06-07,Marin,041,260295,661,584,2,586,17
2020-06-07,Mariposa,043,17540,16,16,0,16,1
2020-06-07,Mendocino,045,87422,34,32,0,32,0
2020-06-07,Merced,047,269075,496,318,1,319,7
2020-06-07,Modoc,049,8938,1,0,0,0,0
2020-06-07,Mono,051,14174,39,35,0,35,1
2020-06-07,Monterey,053,433212,968,732,3,735,10
2020-06-07,Napa,055,140530,177,142,0,142,3
2020-06-07,Nevada,057,99092,55,50,1,51,1
2020-06-07,Orange,059,3164182,10712,7643,74,7717,158
2020-06-07,Placer,061,380077,396,273,2,275,9
2020-06-07,Plumas,063,18699,5,4,0,4,0
2020-06-07,Riverside,065,2383286,11846,9105,22,9127,344
2020-06-07,Sacramento,067,1510023,1731,1568,2,1570,59
2020-06-07,San Benito,069,59416,128,92,0,92,2
2020-06-07,San Bernardino,071,2135413,7952,6033,6,6039,214
2020-06-07,San Diego,073,3302833,9705,8478,0,8478,296
2020-06-07,San Francisco,075,870044,2922,2674,0,2674,43
2020-06-07,San Joaquin,077,732212,1630,1126,4,1130,37
2020-06-07,San Luis Obispo,079,281455,404,296,4,300,1
2020-06-07,San Mateo,081,765935,2612,2399,3,2402,73
2020-06-07,Santa Barbara,083,443738,2745,1818,17,1835,13
2020-06-07,Santa Clara,085,1922200,3764,2947,11,2958,146
2020-06-07,Santa Cruz,087,273765,258,230,0,230,2
2020-06-07,Shasta,089,179085,73,41,0,41,4
2020-06-07,Sierra,091,2930,1,1,0,1,0
2020-06-07,Siskiyou,093,43540,20,8,0,8,0
2020-06-07,Solano,095,438530,762,560,4,564,19
2020-06-07,Sonoma,097,501317,751,639,1,640,4
2020-06-07,Stanislaus,099,539301,1244,905,5,910,28
2020-06-07,Sutter,101,95872,72,55,0,55,2
2020-06-07,Tehama,103,63373,16,8,2,10,1
2020-06-07,Trinity,105,12862,8,2,3,5,0
2020-06-07,Tulare,107,460477,3162,2219,10,2229,90
2020-06-07,Tuolumne,109,53932,8,4,0,4,0
2020-06-07,Ventura,111,848112,1979,1337,12,1349,30
2020-06-07,Yolo,113,214977,258,224,0,224,24
2020-06-07,Yuba,115,75493,32,27,0,27,1
2020-06-06,Alameda,001,1643700,4327,3801,8,3809,102
2020-06-06,Alpine,003,1148,1,1,0,1,0
2020-06-06,Amador,005,37829,9,10,0,10,0
2020-06-06,Butte,007,227075,94,63,5,68,1
2020-06-06,Calaveras,009,45235,20,16,0,16,0
2020-06-06,Colusa,011,21464,9,7,0,7,0
2020-06-06,Contra Costa,013,1133247,1930,1619,1,1620,37
2020-06-06,Del Norte,015,27424,45,45,0,45,0
2020-06-06,El Dorado,017,186661,131,104,0,104,0
2020-06-06,Fresno,019,978130,4011,2117,55,2172,41
2020-06-06,Glenn,021,27897,27,16,0,16,0
2020-06-06,Humboldt,023,135768,115,112,0,112,2
2020-06-06,Imperial,025,180216,4955,3047,4,3051,19
2020-06-06,Inyo,027,18085,22,21,0,21,1
2020-06-06,Kern,029,883053,3539,2695,9,2704,46
2020-06-06,Kings,031,150075,1745,882,4,886,6
2020-06-06,Lake,033,64148,36,28,0,28,0
2020-06-06,Lassen,035,31185,12,4,2,6,0
2020-06-06,Los Angeles,037,10098052,70748,62269,21,62290,2607
2020-06-06,Madera,039,155013,359,149,1,150,3
2020-06-06,Marin,041,260295,656,556,2,558,17
2020-06-06,Mariposa,043,17540,16,16,0,16,1
2020-06-06,Mendocino,045,87422,34,32,0,32,0
2020-06-06,Merced,047,269075,494,315,1,316,7
2020-06-06,Modoc,049,8938,1,0,0,0,0
2020-06-06,Mono,051,14174,39,35,0,35,1
2020-06-06,Monterey,053,433212,944,679,3,682,10
2020-06-06,Napa,055,140530,171,136,0,136,3
2020-06-06,Nevada,057,99092,54,50,1,51,1
2020-06-06,Orange,059,3164182,10553,7576,73,7649,157
2020-06-06,Placer,061,380077,384,270,2,272,9
2020-06-06,Plumas,063,18699,5,4,0,4,0
2020-06-06,Riverside,065,2383286,11668,8935,22,8957,345
2020-06-06,Sacramento,067,1510023,1708,1533,2,1535,59
2020-06-06,San Benito,069,59416,118,92,0,92,2
2020-06-06,San Bernardino,071,2135413,7804,5946,6,5952,214
2020-06-06,San Diego,073,3302833,9584,8347,0,8347,296
2020-06-06,San Francisco,075,870044,2907,2674,0,2674,43
2020-06-06,San Joaquin,077,732212,1590,1076,4,1080,37
2020-06-06,San Luis Obispo,079,281455,398,295,4,299,1
2020-06-06,San Mateo,081,765935,2597,2342,3,2345,72
2020-06-06,Santa Barbara,083,443738,2700,1815,17,1832,13
2020-06-06,Santa Clara,085,1922200,3723,2934,11,2945,144
2020-06-06,Santa Cruz,087,273765,256,226,0,226,2
2020-06-06,Shasta,089,179085,73,40,0,40,4
2020-06-06,Sierra,091,2930,1,1,0,1,0
2020-06-06,Siskiyou,093,43540,18,8,0,8,0
2020-06-06,Solano,095,438530,747,560,4,564,19
2020-06-06,Sonoma,097,501317,739,622,1,623,4
2020-06-06,Stanislaus,099,539301,1210,858,5,863,27
2020-06-06,Sutter,101,95872,72,51,0,51,2
2020-06-06,Tehama,103,63373,15,8,2,10,1
2020-06-06,Trinity,105,12862,8,2,2,4,0
2020-06-06,Tulare,107,460477,3129,2213,10,2223,90
2020-06-06,Tuolumne,109,53932,8,4,0,4,0
2020-06-06,Ventura,111,848112,1955,1303,12,1315,30
2020-06-06,Yolo,113,214977,256,223,0,223,24
2020-06-06,Yuba,115,75493,32,27,0,27,1
2020-06-05,Alameda,001,1643700,4276,3734,8,3742,102
2020-06-05,Alpine,003,1148,1,1,0,1,0
2020-06-05,Amador,005,37829,9,10,0,10,0
2020-06-05,Butte,007,227075,91,61,5,66,1
2020-06-05,Calaveras,009,45235,19,16,0,16,0
2020-06-05,Colusa,011,21464,9,7,0,7,0
2020-06-05,Contra Costa,013,1133247,1915,1575,1,1576,37
2020-06-05,Del Norte,015,27424,45,45,0,45,0
2020-06-05,El Dorado,017,186661,129,101,0,101,0
2020-06-05,Fresno,019,978130,3947,2051,54,2105,38
2020-06-05,Glenn,021,27897,25,16,0,16,0
2020-06-05,Humboldt,023,135768,114,111,0,111,2
2020-06-05,Imperial,025,180216,4849,2778,4,2782,19
2020-06-05,Inyo,027,18085,22,21,0,21,1
2020-06-05,Kern,029,883053,3450,2624,9,2633,46
2020-06-05,Kings,031,150075,1730,865,4,869,6
2020-06-05,Lake,033,64148,35,28,0,28,0
2020-06-05,Lassen,035,31185,11,4,2,6,0
2020-06-05,Los Angeles,037,10098052,69601,60955,21,60976,2553
2020-06-05,Madera,039,155013,337,144,1,145,3
2020-06-05,Marin,041,260295,647,546,2,548,17
2020-06-05,Mariposa,043,17540,16,16,0,16,1
2020-06-05,Mendocino,045,87422,34,32,0,32,0
2020-06-05,Merced,047,269075,492,309,1,310,7
2020-06-05,Modoc,049,8938,1,0,0,0,0
2020-06-05,Mono,051,14174,39,35,0,35,1
2020-06-05,Monterey,053,433212,912,649,3,652,10
2020-06-05,Napa,055,140530,168,123,0,123,3
2020-06-05,Nevada,057,99092,54,50,1,51,1
2020-06-05,Orange,059,3164182,10357,7391,71,7462,153
2020-06-05,Placer,061,380077,374,265,2,267,9
2020-06-05,Plumas,063,18699,5,4,0,4,0
2020-06-05,Riverside,065,2383286,11409,8700,22,8722,345
2020-06-05,Sacramento,067,1510023,1686,1514,2,1516,59
2020-06-05,San Benito,069,59416,116,92,0,92,2
2020-06-05,San Bernardino,071,2135413,7622,5869,5,5874,212
2020-06-05,San Diego,073,3302833,9469,8182,0,8182,294
2020-06-05,San Francisco,075,870044,2889,2675,0,2675,43
2020-06-05,San Joaquin,077,732212,1511,1046,4,1050,36
2020-06-05,San Luis Obispo,079,281455,391,293,4,297,1
2020-06-05,San Mateo,081,765935,2572,2331,3,2334,72
2020-06-05,Santa Barbara,083,443738,2659,1795,17,1812,13
2020-06-05,Santa Clara,085,1922200,3688,2902,11,2913,144
2020-06-05,Santa Cruz,087,273765,253,222,0,222,2
2020-06-05,Shasta,089,179085,72,40,0,40,4
2020-06-05,Sierra,091,2930,1,1,0,1,0
2020-06-05,Siskiyou,093,43540,16,8,0,8,0
2020-06-05,Solano,095,438530,740,558,4,562,19
2020-06-05,Sonoma,097,501317,718,618,1,619,4
2020-06-05,Stanislaus,099,539301,1177,842,5,847,27
2020-06-05,Sutter,101,95872,72,49,0,49,2
2020-06-05,Tehama,103,63373,15,7,2,9,1
2020-06-05,Trinity,105,12862,8,1,2,3,0
2020-06-05,Tulare,107,460477,3080,2180,10,2190,90
2020-06-05,Tuolumne,109,53932,8,4,0,4,0
2020-06-05,Ventura,111,848112,1922,1274,12,1286,30
2020-06-05,Yolo,113,214977,255,216,0,216,24
2020-06-05,Yuba,115,75493,32,27,0,27,1
2020-06-04,Alameda,001,1643700,4177,3643,8,3651,99
2020-06-04,Alpine,003,1148,1,1,0,1,0
2020-06-04,Amador,005,37829,9,10,0,10,0
2020-06-04,Butte,007,227075,87,57,4,61,1
2020-06-04,Calaveras,009,45235,19,15,0,15,0
2020-06-04,Colusa,011,21464,9,7,0,7,0
2020-06-04,Contra Costa,013,1133247,1857,1551,1,1552,37
2020-06-04,Del Norte,015,27424,45,45,0,45,0
2020-06-04,El Dorado,017,186661,127,101,0,101,0
2020-06-04,Fresno,019,978130,3841,2007,53,2060,35
2020-06-04,Glenn,021,27897,22,16,0,16,0
2020-06-04,Humboldt,023,135768,114,109,0,109,2
2020-06-04,Imperial,025,180216,4666,2631,4,2635,19
2020-06-04,Inyo,027,18085,22,20,0,20,1
2020-06-04,Kern,029,883053,3334,2530,9,2539,46
2020-06-04,Kings,031,150075,1660,842,4,846,6
2020-06-04,Lake,033,64148,34,27,0,27,0
2020-06-04,Lassen,035,31185,9,4,2,6,0
2020-06-04,Los Angeles,037,10098052,68132,59596,21,59617,2515
2020-06-04,Madera,039,155013,329,127,1,128,3
2020-06-04,Marin,041,260295,625,533,2,535,14
2020-06-04,Mariposa,043,17540,16,16,0,16,1
2020-06-04,Mendocino,045,87422,34,29,0,29,0
2020-06-04,Merced,047,269075,472,304,1,305,7
2020-06-04,Modoc,049,8938,1,0,0,0,0
2020-06-04,Mono,051,14174,39,35,0,35,1
2020-06-04,Monterey,053,433212,877,621,2,623,10
2020-06-04,Napa,055,140530,164,117,0,117,3
2020-06-04,Nevada,057,99092,53,49,1,50,1
2020-06-04,Orange,059,3164182,10103,7192,70,7262,148
2020-06-04,Placer,061,380077,358,256,2,258,9
2020-06-04,Plumas,063,18699,4,4,0,4,0
2020-06-04,Riverside,065,2383286,11131,8473,22,8495,341
2020-06-04,Sacramento,067,1510023,1659,1492,2,1494,58
2020-06-04,San Benito,069,59416,114,88,0,88,2
2020-06-04,San Bernardino,071,2135413,7354,5726,5,5731,207
2020-06-04,San Diego,073,3302833,9306,7942,0,7942,288
2020-06-04,San Francisco,075,870044,2856,2636,0,2636,43
2020-06-04,San Joaquin,077,732212,1449,1016,4,1020,36
2020-06-04,San Luis Obispo,079,281455,382,288,4,292,1
2020-06-04,San Mateo,081,765935,2546,2284,3,2287,72
2020-06-04,Santa Barbara,083,443738,2606,1750,16,1766,13
2020-06-04,Santa Clara,085,1922200,3654,2871,11,2882,144
2020-06-04,Santa Cruz,087,273765,247,218,0,218,2
2020-06-04,Shasta,089,179085,66,40,0,40,4
2020-06-04,Sierra,091,2930,1,1,0,1,0
2020-06-04,Siskiyou,093,43540,15,8,0,8,0
2020-06-04,Solano,095,438530,723,551,4,555,19
2020-06-04,Sonoma,097,501317,699,591,1,592,4
2020-06-04,Stanislaus,099,539301,1101,806,5,811,28
2020-06-04,Sutter,101,95872,67,46,0,46,2
2020-06-04,Tehama,103,63373,14,6,1,7,1
2020-06-04,Trinity,105,12862,8,1,2,3,0
2020-06-04,Tulare,107,460477,2963,2086,10,2096,90
2020-06-04,Tuolumne,109,53932,7,4,0,4,0
2020-06-04,Ventura,111,848112,1878,1236,11,1247,30
2020-06-04,Yolo,113,214977,250,216,0,216,24
2020-06-04,Yuba,115,75493,31,27,0,27,1
2020-06-03,Alameda,001,1643700,4118,3589,7,3596,99
2020-06-03,Alpine,003,1148,1,1,0,1,0
2020-06-03,Amador,005,37829,9,10,0,10,0
2020-06-03,Butte,007,227075,85,53,4,57,1
2020-06-03,Calaveras,009,45235,18,15,0,15,0
2020-06-03,Colusa,011,21464,9,7,0,7,0
2020-06-03,Contra Costa,013,1133247,1809,1511,1,1512,37
2020-06-03,Del Norte,015,27424,45,39,0,39,0
2020-06-03,El Dorado,017,186661,124,90,0,90,0
2020-06-03,Fresno,019,978130,3742,1943,53,1996,35
2020-06-03,Glenn,021,27897,22,16,0,16,0
2020-06-03,Humboldt,023,135768,114,103,0,103,2
2020-06-03,Imperial,025,180216,4493,2540,4,2544,19
2020-06-03,Inyo,027,18085,22,20,0,20,1
2020-06-03,Kern,029,883053,3238,2452,8,2460,44
2020-06-03,Kings,031,150075,1595,744,4,748,6
2020-06-03,Lake,033,64148,32,26,0,26,0
2020-06-03,Lassen,035,31185,9,4,2,6,0
2020-06-03,Los Angeles,037,10098052,66526,58166,21,58187,2472
2020-06-03,Madera,039,155013,321,117,1,118,3
2020-06-03,Marin,041,260295,607,527,2,529,14
2020-06-03,Mariposa,043,17540,16,16,0,16,1
2020-06-03,Mendocino,045,87422,33,29,0,29,0
2020-06-03,Merced,047,269075,458,299,1,300,7
2020-06-03,Modoc,049,8938,1,0,0,0,0
2020-06-03,Mono,051,14174,39,35,0,35,1
2020-06-03,Monterey,053,433212,849,592,2,594,10
2020-06-03,Napa,055,140530,163,116,0,116,3
2020-06-03,Nevada,057,99092,52,43,1,44,1
2020-06-03,Orange,059,3164182,9876,6939,69,7008,145
2020-06-03,Placer,061,380077,338,243,2,245,9
2020-06-03,Plumas,063,18699,4,4,0,4,0
2020-06-03,Riverside,065,2383286,10856,8208,22,8230,335
2020-06-03,Sacramento,067,1510023,1629,1457,2,1459,58
2020-06-03,San Benito,069,59416,108,88,0,88,2
2020-06-03,San Bernardino,071,2135413,7131,5565,5,5570,203
2020-06-03,San Diego,073,3302833,9158,7800,0,7800,283
2020-06-03,San Francisco,075,870044,2825,2608,0,2608,43
2020-06-03,San Joaquin,077,732212,1385,1004,4,1008,35
2020-06-03,San Luis Obispo,079,281455,377,279,4,283,1
2020-06-03,San Mateo,081,765935,2518,2243,3,2246,71
2020-06-03,Santa Barbara,083,443738,2554,1722,15,1737,12
2020-06-03,Santa Clara,085,1922200,3612,2836,11,2847,144
2020-06-03,Santa Cruz,087,273765,241,217,0,217,2
2020-06-03,Shasta,089,179085,63,40,0,40,4
2020-06-03,Sierra,091,2930,1,1,0,1,0
2020-06-03,Siskiyou,093,43540,14,8,0,8,0
2020-06-03,Solano,095,438530,698,543,2,545,18
2020-06-03,Sonoma,097,501317,687,578,1,579,4
2020-06-03,Stanislaus,099,539301,1061,780,5,785,27
2020-06-03,Sutter,101,95872,59,45,0,45,2
2020-06-03,Tehama,103,63373,14,6,1,7,1
2020-06-03,Trinity,105,12862,8,1,2,3,0
2020-06-03,Tulare,107,460477,2894,2041,10,2051,88
2020-06-03,Tuolumne,109,53932,5,4,0,4,0
2020-06-03,Ventura,111,848112,1811,1202,11,1213,30
2020-06-03,Yolo,113,214977,246,213,0,213,24
2020-06-03,Yuba,115,75493,31,27,0,27,1
2020-06-02,Alameda,001,1643700,4042,3517,7,3524,99
2020-06-02,Alpine,003,1148,1,1,0,1,0
2020-06-02,Amador,005,37829,9,10,0,10,0
2020-06-02,Butte,007,227075,81,51,3,54,1
2020-06-02,Calaveras,009,45235,18,15,0,15,0
2020-06-02,Colusa,011,21464,9,7,0,7,0
2020-06-02,Contra Costa,013,1133247,1777,1505,1,1506,37
2020-06-02,Del Norte,015,27424,45,39,0,39,0
2020-06-02,El Dorado,017,186661,123,88,0,88,0
2020-06-02,Fresno,019,978130,3629,1917,53,1970,34
2020-06-02,Glenn,021,27897,21,16,0,16,0
2020-06-02,Humboldt,023,135768,114,101,0,101,2
2020-06-02,Imperial,025,180216,4300,2459,4,2463,19
2020-06-02,Inyo,027,18085,20,20,0,20,1
2020-06-02,Kern,029,883053,3139,2406,6,2412,41
2020-06-02,Kings,031,150075,1567,720,4,724,5
2020-06-02,Lake,033,64148,32,25,0,25,0
2020-06-02,Lassen,035,31185,8,4,2,6,0
2020-06-02,Los Angeles,037,10098052,65123,57144,21,57165,2430
2020-06-02,Madera,039,155013,300,110,1,111,2
2020-06-02,Marin,041,260295,580,509,2,511,14
2020-06-02,Mariposa,043,17540,16,16,0,16,1
2020-06-02,Mendocino,045,87422,33,29,0,29,0
2020-06-02,Merced,047,269075,442,297,1,298,6
2020-06-02,Modoc,049,8938,1,0,0,0,0
2020-06-02,Mono,051,14174,39,35,0,35,1
2020-06-02,Monterey,053,433212,819,582,2,584,10
2020-06-02,Napa,055,140530,154,116,0,116,3
2020-06-02,Nevada,057,99092,51,41,1,42,1
2020-06-02,Orange,059,3164182,9675,6790,68,6858,142
2020-06-02,Placer,061,380077,324,226,2,228,9
2020-06-02,Plumas,063,18699,4,4,0,4,0
2020-06-02,Riverside,065,2383286,10560,8091,21,8112,330
2020-06-02,Sacramento,067,1510023,1600,1428,2,1430,58
2020-06-02,San Benito,069,59416,107,86,0,86,2
2020-06-02,San Bernardino,071,2135413,6923,5438,5,5443,202
2020-06-02,San Diego,073,3302833,9012,7676,0,7676,276
2020-06-02,San Francisco,075,870044,2790,2554,0,2554,43
2020-06-02,San Joaquin,077,732212,1319,985,4,989,35
2020-06-02,San Luis Obispo,079,281455,372,275,4,279,1
2020-06-02,San Mateo,081,765935,2483,2203,3,2206,71
2020-06-02,Santa Barbara,083,443738,2502,1703,15,1718,12
2020-06-02,Santa Clara,085,1922200,3562,2819,11,2830,144
2020-06-02,Santa Cruz,087,273765,236,215,0,215,2
2020-06-02,Shasta,089,179085,62,38,0,38,4
2020-06-02,Sierra,091,2930,1,1,0,1,0
2020-06-02,Siskiyou,093,43540,13,8,0,8,0
2020-06-02,Solano,095,438530,683,537,1,538,18
2020-06-02,Sonoma,097,501317,676,571,1,572,4
2020-06-02,Stanislaus,099,539301,1002,772,5,777,27
2020-06-02,Sutter,101,95872,56,43,0,43,2
2020-06-02,Tehama,103,63373,14,6,1,7,1
2020-06-02,Trinity,105,12862,8,1,2,3,0
2020-06-02,Tulare,107,460477,2814,2012,10,2022,86
2020-06-02,Tuolumne,109,53932,5,4,0,4,0
2020-06-02,Ventura,111,848112,1758,1178,11,1189,30
2020-06-02,Yolo,113,214977,244,213,0,213,24
2020-06-02,Yuba,115,75493,31,27,0,27,1
2020-06-01,Alameda,001,1643700,3977,3460,7,3467,98
2020-06-01,Alpine,003,1148,1,1,0,1,0
2020-06-01,Amador,005,37829,9,10,0,10,0
2020-06-01,Butte,007,227075,80,50,2,52,1
2020-06-01,Calaveras,009,45235,18,15,0,15,0
2020-06-01,Colusa,011,21464,9,7,0,7,0
2020-06-01,Contra Costa,013,1133247,1741,1486,1,1487,37
2020-06-01,Del Norte,015,27424,45,38,0,38,0
2020-06-01,El Dorado,017,186661,121,88,0,88,0
2020-06-01,Fresno,019,978130,3534,1854,51,1905,33
2020-06-01,Glenn,021,27897,21,16,0,16,0
2020-06-01,Humboldt,023,135768,114,98,0,98,2
2020-06-01,Imperial,025,180216,4078,2366,4,2370,14
2020-06-01,Inyo,027,18085,20,20,0,20,1
2020-06-01,Kern,029,883053,3056,2366,6,2372,38
2020-06-01,Kings,031,150075,1299,703,4,707,4
2020-06-01,Lake,033,64148,32,22,0,22,0
2020-06-01,Lassen,035,31185,8,4,2,6,0
2020-06-01,Los Angeles,037,10098052,63657,55899,21,55920,2367
2020-06-01,Madera,039,155013,288,103,1,104,2
2020-06-01,Marin,041,260295,539,495,2,497,14
2020-06-01,Mariposa,043,17540,16,16,0,16,1
2020-06-01,Mendocino,045,87422,33,28,0,28,0
2020-06-01,Merced,047,269075,423,289,1,290,6
2020-06-01,Modoc,049,8938,1,0,0,0,0
2020-06-01,Mono,051,14174,39,35,0,35,1
2020-06-01,Monterey,053,433212,794,554,2,556,10
2020-06-01,Napa,055,140530,151,114,0,114,3
2020-06-01,Nevada,057,99092,51,41,1,42,1
2020-06-01,Orange,059,3164182,9478,6640,67,6707,135
2020-06-01,Placer,061,380077,312,218,2,220,9
2020-06-01,Plumas,063,18699,4,4,0,4,0
2020-06-01,Riverside,065,2383286,10108,7921,20,7941,322
2020-06-01,Sacramento,067,1510023,1561,1415,2,1417,58
2020-06-01,San Benito,069,59416,104,86,0,86,2
2020-06-01,San Bernardino,071,2135413,6717,5310,5,5315,202
2020-06-01,San Diego,073,3302833,8832,7556,0,7556,269
2020-06-01,San Francisco,075,870044,2753,2546,0,2546,43
2020-06-01,San Joaquin,077,732212,1254,957,4,961,35
2020-06-01,San Luis Obispo,079,281455,368,275,4,279,1
2020-06-01,San Mateo,081,765935,2453,2190,3,2193,71
2020-06-01,Santa Barbara,083,443738,2450,1671,14,1685,10
2020-06-01,Santa Clara,085,1922200,3524,2797,10,2807,142
2020-06-01,Santa Cruz,087,273765,232,215,0,215,2
2020-06-01,Shasta,089,179085,62,38,0,38,4
2020-06-01,Sierra,091,2930,1,1,0,1,0
2020-06-01,Siskiyou,093,43540,13,7,0,7,0
2020-06-01,Solano,095,438530,659,529,1,530,17
2020-06-01,Sonoma,097,501317,660,565,1,566,4
2020-06-01,Stanislaus,099,539301,965,758,5,763,27
2020-06-01,Sutter,101,95872,51,43,0,43,2
2020-06-01,Tehama,103,63373,11,5,1,6,1
2020-06-01,Trinity,105,12862,7,1,2,3,0
2020-06-01,Tulare,107,460477,2699,1976,10,1986,84
2020-06-01,Tuolumne,109,53932,4,4,0,4,0
2020-06-01,Ventura,111,848112,1706,1163,11,1174,29
2020-06-01,Yolo,113,214977,241,212,0,212,24
2020-06-01,Yuba,115,75493,30,26,0,26,1
2020-05-31,Alameda,001,1643700,3871,3362,7,3369,98
2020-05-31,Alpine,003,1148,1,1,0,1,0
2020-05-31,Amador,005,37829,9,10,0,10,0
2020-05-31,Butte,007,227075,78,51,2,53,0
2020-05-31,Calaveras,009,45235,15,15,0,15,0
2020-05-31,Colusa,011,21464,9,5,0,5,0
2020-05-31,Contra Costa,013,1133247,1707,1458,1,1459,37
2020-05-31,Del Norte,015,27424,45,37,0,37,0
2020-05-31,El Dorado,017,186661,117,88,0,88,0
2020-05-31,Fresno,019,978130,3369,1780,44,1824,31
2020-05-31,Glenn,021,27897,20,16,0,16,0
2020-05-31,Humboldt,023,135768,112,98,0,98,2
2020-05-31,Imperial,025,180216,3811,2197,4,2201,14
2020-05-31,Inyo,027,18085,20,20,0,20,1
2020-05-31,Kern,029,883053,2921,2300,6,2306,38
2020-05-31,Kings,031,150075,1262,703,4,707,3
2020-05-31,Lake,033,64148,32,19,0,19,0
2020-05-31,Lassen,035,31185,8,4,2,6,0
2020-05-31,Los Angeles,037,10098052,62367,54925,21,54946,2344
2020-05-31,Madera,039,155013,270,101,1,102,2
2020-05-31,Marin,041,260295,529,486,2,488,14
2020-05-31,Mariposa,043,17540,16,16,0,16,1
2020-05-31,Mendocino,045,87422,33,24,0,24,0
2020-05-31,Merced,047,269075,396,288,0,288,6
2020-05-31,Modoc,049,8938,0,0,0,0,0
2020-05-31,Mono,051,14174,39,34,0,34,1
2020-05-31,Monterey,053,433212,720,545,2,547,10
2020-05-31,Napa,055,140530,149,114,0,114,3
2020-05-31,Nevada,057,99092,50,41,1,42,1
2020-05-31,Orange,059,3164182,9268,6532,66,6598,135
2020-05-31,Placer,061,380077,290,215,2,217,9
2020-05-31,Plumas,063,18699,4,4,0,4,0
2020-05-31,Riverside,065,2383286,9852,7704,20,7724,321
2020-05-31,Sacramento,067,1510023,1530,1398,2,1400,57
2020-05-31,San Benito,069,59416,98,85,0,85,2
2020-05-31,San Bernardino,071,2135413,6449,5185,5,5190,198
2020-05-31,San Diego,073,3302833,8638,7483,0,7483,269
2020-05-31,San Francisco,075,870044,2717,2501,0,2501,43
2020-05-31,San Joaquin,077,732212,1189,888,4,892,34
2020-05-31,San Luis Obispo,079,281455,358,271,4,275,1
2020-05-31,San Mateo,081,765935,2407,2169,3,2172,71
2020-05-31,Santa Barbara,083,443738,2381,1662,13,1675,9
2020-05-31,Santa Clara,085,1922200,3480,2785,10,2795,142
2020-05-31,Santa Cruz,087,273765,229,210,0,210,2
2020-05-31,Shasta,089,179085,60,38,0,38,4
2020-05-31,Sierra,091,2930,1,1,0,1,0
2020-05-31,Siskiyou,093,43540,12,7,0,7,0
2020-05-31,Solano,095,438530,633,512,1,513,6
2020-05-31,Sonoma,097,501317,640,555,1,556,4
2020-05-31,Stanislaus,099,539301,911,738,5,743,27
2020-05-31,Sutter,101,95872,49,42,0,42,2
2020-05-31,Tehama,103,63373,10,4,1,5,1
2020-05-31,Trinity,105,12862,7,1,2,3,0
2020-05-31,Tulare,107,460477,2626,1884,10,1894,82
2020-05-31,Tuolumne,109,53932,4,4,0,4,0
2020-05-31,Ventura,111,848112,1645,1151,11,1162,30
2020-05-31,Yolo,113,214977,235,211,0,211,24
2020-05-31,Yuba,115,75493,30,26,0,26,1
2020-05-30,Alameda,001,1643700,3845,3304,7,3311,96
2020-05-30,Alpine,003,1148,1,1,0,1,0
2020-05-30,Amador,005,37829,9,10,0,10,0
2020-05-30,Butte,007,227075,77,44,2,46,0
2020-05-30,Calaveras,009,45235,14,15,0,15,0
2020-05-30,Colusa,011,21464,8,5,0,5,0
2020-05-30,Contra Costa,013,1133247,1692,1429,1,1430,37
2020-05-30,Del Norte,015,27424,45,37,0,37,0
2020-05-30,El Dorado,017,186661,116,86,0,86,0
2020-05-30,Fresno,019,978130,3308,1744,43,1787,31
2020-05-30,Glenn,021,27897,19,16,0,16,0
2020-05-30,Humboldt,023,135768,111,98,0,98,2
2020-05-30,Imperial,025,180216,3721,2091,4,2095,14
2020-05-30,Inyo,027,18085,20,20,0,20,1
2020-05-30,Kern,029,883053,2852,2217,6,2223,38
2020-05-30,Kings,031,150075,1248,703,4,707,3
2020-05-30,Lake,033,64148,31,18,0,18,0
2020-05-30,Lassen,035,31185,8,4,2,6,0
2020-05-30,Los Angeles,037,10098052,61831,53627,21,53648,2319
2020-05-30,Madera,039,155013,265,101,1,102,2
2020-05-30,Marin,041,260295,529,462,2,464,14
2020-05-30,Mariposa,043,17540,16,16,0,16,1
2020-05-30,Mendocino,045,87422,33,24,0,24,0
2020-05-30,Merced,047,269075,395,285,0,285,6
2020-05-30,Modoc,049,8938,0,0,0,0,0
2020-05-30,Mono,051,14174,39,34,0,34,1
2020-05-30,Monterey,053,433212,704,520,2,522,10
2020-05-30,Napa,055,140530,147,113,0,113,3
2020-05-30,Nevada,057,99092,50,41,1,42,1
2020-05-30,Orange,059,3164182,9111,6354,66,6420,134
2020-05-30,Placer,061,380077,282,199,1,200,9
2020-05-30,Plumas,063,18699,4,4,0,4,0
2020-05-30,Riverside,065,2383286,9708,7492,20,7512,316
2020-05-30,Sacramento,067,1510023,1519,1384,2,1386,57
2020-05-30,San Benito,069,59416,97,85,0,85,2
2020-05-30,San Bernardino,071,2135413,6340,5122,5,5127,198
2020-05-30,San Diego,073,3302833,8545,7387,0,7387,269
2020-05-30,San Francisco,075,870044,2692,2496,0,2496,41
2020-05-30,San Joaquin,077,732212,1151,888,4,892,34
2020-05-30,San Luis Obispo,079,281455,353,270,4,274,1
2020-05-30,San Mateo,081,765935,2383,2129,3,2132,71
2020-05-30,Santa Barbara,083,443738,2347,1660,13,1673,9
2020-05-30,Santa Clara,085,1922200,3464,2741,10,2751,141
2020-05-30,Santa Cruz,087,273765,229,206,0,206,2
2020-05-30,Shasta,089,179085,60,36,0,36,4
2020-05-30,Sierra,091,2930,1,1,0,1,0
2020-05-30,Siskiyou,093,43540,11,7,0,7,0
2020-05-30,Solano,095,438530,626,512,1,513,6
2020-05-30,Sonoma,097,501317,630,551,1,552,4
2020-05-30,Stanislaus,099,539301,894,712,5,717,27
2020-05-30,Sutter,101,95872,48,40,0,40,2
2020-05-30,Tehama,103,63373,10,4,1,5,1
2020-05-30,Trinity,105,12862,7,1,2,3,0
2020-05-30,Tulare,107,460477,2589,1879,10,1889,81
2020-05-30,Tuolumne,109,53932,4,4,0,4,0
2020-05-30,Ventura,111,848112,1628,1116,11,1127,30
2020-05-30,Yolo,113,214977,231,210,0,210,24
2020-05-30,Yuba,115,75493,30,25,0,25,1
2020-05-29,Alameda,001,1643700,3810,3209,7,3216,96
2020-05-29,Alpine,003,1148,1,1,0,1,0
2020-05-29,Amador,005,37829,9,10,0,10,0
2020-05-29,Butte,007,227075,72,41,2,43,0
2020-05-29,Calaveras,009,45235,14,15,0,15,0
2020-05-29,Colusa,011,21464,8,5,0,5,0
2020-05-29,Contra Costa,013,1133247,1676,1411,1,1412,37
2020-05-29,Del Norte,015,27424,45,37,0,37,0
2020-05-29,El Dorado,017,186661,115,85,0,85,0
2020-05-29,Fresno,019,978130,3258,1687,43,1730,31
2020-05-29,Glenn,021,27897,19,14,0,14,0
2020-05-29,Humboldt,023,135768,110,98,0,98,2
2020-05-29,Imperial,025,180216,3603,1607,4,1611,14
2020-05-29,Inyo,027,18085,20,20,0,20,1
2020-05-29,Kern,029,883053,2794,2128,6,2134,36
2020-05-29,Kings,031,150075,1237,693,4,697,3
2020-05-29,Lake,033,64148,30,17,0,17,0
2020-05-29,Lassen,035,31185,8,0,2,2,0
2020-05-29,Los Angeles,037,10098052,60876,51578,21,51599,2273
2020-05-29,Madera,039,155013,250,98,1,99,2
2020-05-29,Marin,041,260295,521,448,2,450,14
2020-05-29,Mariposa,043,17540,16,16,0,16,1
2020-05-29,Mendocino,045,87422,31,25,0,25,0
2020-05-29,Merced,047,269075,390,285,0,285,7
2020-05-29,Modoc,049,8938,0,0,0,0,0
2020-05-29,Mono,051,14174,38,34,0,34,1
2020-05-29,Monterey,053,433212,674,479,2,481,10
2020-05-29,Napa,055,140530,144,113,0,113,3
2020-05-29,Nevada,057,99092,50,41,1,42,1
2020-05-29,Orange,059,3164182,8926,6176,64,6240,133
2020-05-29,Placer,061,380077,260,199,1,200,9
2020-05-29,Plumas,063,18699,4,4,0,4,0
2020-05-29,Riverside,065,2383286,9522,7376,20,7396,313
2020-05-29,Sacramento,067,1510023,1496,1360,2,1362,57
2020-05-29,San Benito,069,59416,97,84,0,84,2
2020-05-29,San Bernardino,071,2135413,6232,4983,5,4988,196
2020-05-29,San Diego,073,3302833,8422,7242,0,7242,266
2020-05-29,San Francisco,075,870044,2668,2453,0,2453,41
2020-05-29,San Joaquin,077,732212,1114,855,4,859,34
2020-05-29,San Luis Obispo,079,281455,349,270,4,274,1
2020-05-29,San Mateo,081,765935,2367,2103,3,2106,71
2020-05-29,Santa Barbara,083,443738,2308,1656,13,1669,9
2020-05-29,Santa Clara,085,1922200,3436,2707,10,2717,141
2020-05-29,Santa Cruz,087,273765,226,203,0,203,2
2020-05-29,Shasta,089,179085,60,36,0,36,4
2020-05-29,Sierra,091,2930,1,1,0,1,0
2020-05-29,Siskiyou,093,43540,11,7,0,7,0
2020-05-29,Solano,095,438530,618,498,1,499,6
2020-05-29,Sonoma,097,501317,619,537,1,538,4
2020-05-29,Stanislaus,099,539301,864,698,5,703,27
2020-05-29,Sutter,101,95872,46,40,0,40,2
2020-05-29,Tehama,103,63373,9,4,1,5,1
2020-05-29,Trinity,105,12862,7,1,2,3,0
2020-05-29,Tulare,107,460477,2551,1852,10,1862,80
2020-05-29,Tuolumne,109,53932,4,4,0,4,0
2020-05-29,Ventura,111,848112,1604,1093,11,1104,29
2020-05-29,Yolo,113,214977,227,211,0,211,24
2020-05-29,Yuba,115,75493,29,25,0,25,1
2020-05-28,Alameda,001,1643700,3710,3083,7,3090,94
2020-05-28,Alpine,003,1148,1,1,0,1,0
2020-05-28,Amador,005,37829,9,10,0,10,0
2020-05-28,Butte,007,227075,71,40,2,42,0
2020-05-28,Calaveras,009,45235,13,15,0,15,0
2020-05-28,Colusa,011,21464,8,5,0,5,0
2020-05-28,Contra Costa,013,1133247,1637,1392,1,1393,37
2020-05-28,Del Norte,015,27424,45,37,0,37,0
2020-05-28,El Dorado,017,186661,112,82,0,82,0
2020-05-28,Fresno,019,978130,3177,1653,42,1695,31
2020-05-28,Glenn,021,27897,18,14,0,14,0
2020-05-28,Humboldt,023,135768,109,97,0,97,2
2020-05-28,Imperial,025,180216,3408,1430,4,1434,14
2020-05-28,Inyo,027,18085,20,20,0,20,1
2020-05-28,Kern,029,883053,2716,2069,6,2075,36
2020-05-28,Kings,031,150075,900,626,4,630,3
2020-05-28,Lake,033,64148,29,17,0,17,0
2020-05-28,Lassen,035,31185,8,0,2,2,0
2020-05-28,Los Angeles,037,10098052,59297,49861,21,49882,2222
2020-05-28,Madera,039,155013,232,93,1,94,2
2020-05-28,Marin,041,260295,496,443,2,445,14
2020-05-28,Mariposa,043,17540,16,16,0,16,1
2020-05-28,Mendocino,045,87422,29,24,0,24,0
2020-05-28,Merced,047,269075,381,283,0,283,7
2020-05-28,Modoc,049,8938,0,0,0,0,0
2020-05-28,Mono,051,14174,38,34,0,34,1
2020-05-28,Monterey,053,433212,642,471,2,473,10
2020-05-28,Napa,055,140530,141,113,0,113,3
2020-05-28,Nevada,057,99092,45,41,1,42,1
2020-05-28,Orange,059,3164182,8730,6045,64,6109,130
2020-05-28,Placer,061,380077,253,196,1,197,9
2020-05-28,Plumas,063,18699,4,4,0,4,0
2020-05-28,Riverside,065,2383286,9120,7240,19,7259,304
2020-05-28,Sacramento,067,1510023,1476,1339,2,1341,57
2020-05-28,San Benito,069,59416,96,82,0,82,2
2020-05-28,San Bernardino,071,2135413,6067,4831,5,4836,191
2020-05-28,San Diego,073,3302833,8265,7102,0,7102,260
2020-05-28,San Francisco,075,870044,2634,2417,0,2417,40
2020-05-28,San Joaquin,077,732212,1079,840,4,844,34
2020-05-28,San Luis Obispo,079,281455,346,267,4,271,1
2020-05-28,San Mateo,081,765935,2340,2070,3,2073,71
2020-05-28,Santa Barbara,083,443738,2241,1642,12,1654,9
2020-05-28,Santa Clara,085,1922200,3396,2698,10,2708,140
2020-05-28,Santa Cruz,087,273765,225,201,0,201,2
2020-05-28,Shasta,089,179085,58,36,0,36,4
2020-05-28,Sierra,091,2930,1,1,0,1,0
2020-05-28,Siskiyou,093,43540,9,6,0,6,0
2020-05-28,Solano,095,438530,601,489,1,490,6
2020-05-28,Sonoma,097,501317,597,529,1,530,4
2020-05-28,Stanislaus,099,539301,823,684,5,689,27
2020-05-28,Sutter,101,95872,46,40,0,40,2
2020-05-28,Tehama,103,63373,9,4,1,5,1
2020-05-28,Trinity,105,12862,6,1,2,3,0
2020-05-28,Tulare,107,460477,2515,1832,10,1842,79
2020-05-28,Tuolumne,109,53932,4,4,0,4,0
2020-05-28,Ventura,111,848112,1571,1083,11,1094,29
2020-05-28,Yolo,113,214977,224,206,0,206,22
2020-05-28,Yuba,115,75493,28,24,0,24,1
2020-05-27,Alameda,001,1643700,3626,3037,7,3044,94
2020-05-27,Alpine,003,1148,1,1,0,1,0
2020-05-27,Amador,005,37829,9,10,0,10,0
2020-05-27,Butte,007,227075,68,40,1,41,0
2020-05-27,Calaveras,009,45235,12,15,0,15,0
2020-05-27,Colusa,011,21464,8,5,0,5,0
2020-05-27,Contra Costa,013,1133247,1597,1373,1,1374,37
2020-05-27,Del Norte,015,27424,45,34,0,34,0
2020-05-27,El Dorado,017,186661,111,82,0,82,0
2020-05-27,Fresno,019,978130,3089,1620,42,1662,27
2020-05-27,Glenn,021,27897,18,14,0,14,0
2020-05-27,Humboldt,023,135768,109,86,0,86,2
2020-05-27,Imperial,025,180216,3228,1369,4,1373,14
2020-05-27,Inyo,027,18085,20,20,0,20,1
2020-05-27,Kern,029,883053,2651,1999,6,2005,37
2020-05-27,Kings,031,150075,873,586,4,590,3
2020-05-27,Lake,033,64148,29,13,0,13,0
2020-05-27,Lassen,035,31185,8,0,2,2,0
2020-05-27,Los Angeles,037,10098052,57920,48711,21,48732,2177
2020-05-27,Madera,039,155013,223,91,1,92,2
2020-05-27,Marin,041,260295,467,439,2,441,14
2020-05-27,Mariposa,043,17540,16,16,0,16,1
2020-05-27,Mendocino,045,87422,28,21,0,21,0
2020-05-27,Merced,047,269075,377,278,0,278,7
2020-05-27,Modoc,049,8938,0,0,0,0,0
2020-05-27,Mono,051,14174,38,34,0,34,1
2020-05-27,Monterey,053,433212,602,443,2,445,8
2020-05-27,Napa,055,140530,136,112,0,112,3
2020-05-27,Nevada,057,99092,44,41,1,42,1
2020-05-27,Orange,059,3164182,8575,5849,64,5913,121
2020-05-27,Placer,061,380077,234,196,0,196,9
2020-05-27,Plumas,063,18699,4,4,0,4,0
2020-05-27,Riverside,065,2383286,8741,7156,19,7175,299
2020-05-27,Sacramento,067,1510023,1448,1318,2,1320,50
2020-05-27,San Benito,069,59416,93,74,0,74,2
2020-05-27,San Bernardino,071,2135413,5883,4708,5,4713,183
2020-05-27,San Diego,073,3302833,8115,6985,0,6985,255
2020-05-27,San Francisco,075,870044,2605,2394,0,2394,40
2020-05-27,San Joaquin,077,732212,1038,825,4,829,34
2020-05-27,San Luis Obispo,079,281455,341,266,4,270,1
2020-05-27,San Mateo,081,765935,2300,2045,3,2048,71
2020-05-27,Santa Barbara,083,443738,2213,1629,12,1641,9
2020-05-27,Santa Clara,085,1922200,3363,2680,10,2690,140
2020-05-27,Santa Cruz,087,273765,221,202,0,202,2
2020-05-27,Shasta,089,179085,55,36,0,36,4
2020-05-27,Sierra,091,2930,1,1,0,1,0
2020-05-27,Siskiyou,093,43540,9,6,0,6,0
2020-05-27,Solano,095,438530,581,477,1,478,5
2020-05-27,Sonoma,097,501317,583,521,1,522,4
2020-05-27,Stanislaus,099,539301,798,675,5,680,27
2020-05-27,Sutter,101,95872,45,40,0,40,2
2020-05-27,Tehama,103,63373,9,3,1,4,1
2020-05-27,Trinity,105,12862,6,1,2,3,0
2020-05-27,Tulare,107,460477,2463,1817,10,1827,77
2020-05-27,Tuolumne,109,53932,4,4,0,4,0
2020-05-27,Ventura,111,848112,1546,1065,11,1076,28
2020-05-27,Yolo,113,214977,223,204,0,204,22
2020-05-27,Yuba,115,75493,28,24,0,24,1
2020-05-26,Alameda,001,1643700,3531,2956,7,2963,92
2020-05-26,Alpine,003,1148,1,1,0,1,0
2020-05-26,Amador,005,37829,9,10,0,10,0
2020-05-26,Butte,007,227075,66,37,1,38,0
2020-05-26,Calaveras,009,45235,12,13,0,13,0
2020-05-26,Colusa,011,21464,8,4,0,4,0
2020-05-26,Contra Costa,013,1133247,1562,1352,1,1353,37
2020-05-26,Del Norte,015,27424,44,30,0,30,0
2020-05-26,El Dorado,017,186661,107,79,0,79,0
2020-05-26,Fresno,019,978130,3001,1496,42,1538,22
2020-05-26,Glenn,021,27897,16,12,0,12,0
2020-05-26,Humboldt,023,135768,107,81,0,81,2
2020-05-26,Imperial,025,180216,3012,1369,4,1373,14
2020-05-26,Inyo,027,18085,20,20,0,20,1
2020-05-26,Kern,029,883053,2573,1890,6,1896,31
2020-05-26,Kings,031,150075,805,449,3,452,2
2020-05-26,Lake,033,64148,27,12,0,12,0
2020-05-26,Lassen,035,31185,7,0,2,2,0
2020-05-26,Los Angeles,037,10098052,56453,47760,21,47781,2121
2020-05-26,Madera,039,155013,207,83,1,84,2
2020-05-26,Marin,041,260295,455,424,2,426,14
2020-05-26,Mariposa,043,17540,16,16,0,16,1
2020-05-26,Mendocino,045,87422,26,20,0,20,0
2020-05-26,Merced,047,269075,363,266,0,266,7
2020-05-26,Modoc,049,8938,0,1,0,1,0
2020-05-26,Mono,051,14174,37,34,0,34,1
2020-05-26,Monterey,053,433212,574,424,1,425,8
2020-05-26,Napa,055,140530,131,109,0,109,3
2020-05-26,Nevada,057,99092,43,41,1,42,1
2020-05-26,Orange,059,3164182,8305,5651,63,5714,115
2020-05-26,Placer,061,380077,229,188,0,188,9
2020-05-26,Plumas,063,18699,4,4,0,4,0
2020-05-26,Riverside,065,2383286,8294,6917,19,6936,284
2020-05-26,Sacramento,067,1510023,1422,1298,2,1300,50
2020-05-26,San Benito,069,59416,88,69,0,69,2
2020-05-26,San Bernardino,071,2135413,5715,4430,5,4435,175
2020-05-26,San Diego,073,3302833,7972,6884,0,6884,249
2020-05-26,San Francisco,075,870044,2572,2363,0,2363,40
2020-05-26,San Joaquin,077,732212,991,760,4,764,33
2020-05-26,San Luis Obispo,079,281455,339,260,4,264,1
2020-05-26,San Mateo,081,765935,2262,1967,2,1969,71
2020-05-26,Santa Barbara,083,443738,2181,1590,11,1601,9
2020-05-26,Santa Clara,085,1922200,3330,2659,10,2669,139
2020-05-26,Santa Cruz,087,273765,219,197,0,197,2
2020-05-26,Shasta,089,179085,55,36,0,36,4
2020-05-26,Sierra,091,2930,1,1,0,1,0
2020-05-26,Siskiyou,093,43540,8,6,0,6,0
2020-05-26,Solano,095,438530,563,470,1,471,5
2020-05-26,Sonoma,097,501317,575,509,0,509,4
2020-05-26,Stanislaus,099,539301,777,663,5,668,27
2020-05-26,Sutter,101,95872,44,39,0,39,2
2020-05-26,Tehama,103,63373,8,2,1,3,1
2020-05-26,Trinity,105,12862,6,1,2,3,0
2020-05-26,Tulare,107,460477,2407,1768,10,1778,76
2020-05-26,Tuolumne,109,53932,4,2,0,2,0
2020-05-26,Ventura,111,848112,1509,1033,8,1041,27
2020-05-26,Yolo,113,214977,217,198,0,198,22
2020-05-26,Yuba,115,75493,27,24,0,24,1
2020-05-25,Alameda,001,1643700,3438,2900,6,2906,92
2020-05-25,Alpine,003,1148,1,1,0,1,0
2020-05-25,Amador,005,37829,9,10,0,10,0
2020-05-25,Butte,007,227075,63,37,1,38,0
2020-05-25,Calaveras,009,45235,12,13,0,13,0
2020-05-25,Colusa,011,21464,7,4,0,4,0
2020-05-25,Contra Costa,013,1133247,1529,1348,1,1349,37
2020-05-25,Del Norte,015,27424,44,20,0,20,0
2020-05-25,El Dorado,017,186661,99,78,0,78,0
2020-05-25,Fresno,019,978130,2897,1496,40,1536,22
2020-05-25,Glenn,021,27897,16,12,0,12,0
2020-05-25,Humboldt,023,135768,106,81,0,81,2
2020-05-25,Imperial,025,180216,2801,1369,4,1373,14
2020-05-25,Inyo,027,18085,19,20,0,20,1
2020-05-25,Kern,029,883053,2502,1890,6,1896,31
2020-05-25,Kings,031,150075,775,447,3,450,2
2020-05-25,Lake,033,64148,25,13,0,13,0
2020-05-25,Lassen,035,31185,7,0,2,2,0
2020-05-25,Los Angeles,037,10098052,54639,45952,20,45972,2094
2020-05-25,Madera,039,155013,194,83,1,84,2
2020-05-25,Marin,041,260295,437,415,2,417,14
2020-05-25,Mariposa,043,17540,16,15,0,15,1
2020-05-25,Mendocino,045,87422,23,19,0,19,0
2020-05-25,Merced,047,269075,356,262,0,262,6
2020-05-25,Modoc,049,8938,0,1,0,1,0
2020-05-25,Mono,051,14174,37,34,0,34,1
2020-05-25,Monterey,053,433212,544,418,1,419,8
2020-05-25,Napa,055,140530,131,107,0,107,3
2020-05-25,Nevada,057,99092,43,41,1,42,1
2020-05-25,Orange,059,3164182,8083,5601,62,5663,115
2020-05-25,Placer,061,380077,225,186,0,186,9
2020-05-25,Plumas,063,18699,4,4,0,4,0
2020-05-25,Riverside,065,2383286,8063,6900,19,6919,284
2020-05-25,Sacramento,067,1510023,1402,1290,1,1291,50
2020-05-25,San Benito,069,59416,87,70,0,70,2
2020-05-25,San Bernardino,071,2135413,5525,4393,4,4397,175
2020-05-25,San Diego,073,3302833,7796,6799,0,6799,249
2020-05-25,San Francisco,075,870044,2535,2358,0,2358,40
2020-05-25,San Joaquin,077,732212,965,760,4,764,33
2020-05-25,San Luis Obispo,079,281455,337,260,4,264,1
2020-05-25,San Mateo,081,765935,2226,1938,2,1940,71
2020-05-25,Santa Barbara,083,443738,2156,1590,11,1601,9
2020-05-25,Santa Clara,085,1922200,3297,2647,10,2657,139
2020-05-25,Santa Cruz,087,273765,217,191,0,191,2
2020-05-25,Shasta,089,179085,54,36,0,36,4
2020-05-25,Sierra,091,2930,1,1,0,1,0
2020-05-25,Siskiyou,093,43540,8,6,0,6,0
2020-05-25,Solano,095,438530,549,437,1,438,5
2020-05-25,Sonoma,097,501317,563,496,0,496,4
2020-05-25,Stanislaus,099,539301,747,651,5,656,27
2020-05-25,Sutter,101,95872,44,38,0,38,2
2020-05-25,Tehama,103,63373,7,2,1,3,1
2020-05-25,Trinity,105,12862,6,1,2,3,0
2020-05-25,Tulare,107,460477,2343,1747,10,1757,76
2020-05-25,Tuolumne,109,53932,4,2,0,2,0
2020-05-25,Ventura,111,848112,1468,1020,8,1028,27
2020-05-25,Yolo,113,214977,215,197,0,197,22
2020-05-25,Yuba,115,75493,26,24,0,24,1
2020-05-24,Alameda,001,1643700,3365,2830,6,2836,92
2020-05-24,Alpine,003,1148,1,1,0,1,0
2020-05-24,Amador,005,37829,9,9,0,9,0
2020-05-24,Butte,007,227075,61,35,1,36,0
2020-05-24,Calaveras,009,45235,12,13,0,13,0
2020-05-24,Colusa,011,21464,7,4,0,4,0
2020-05-24,Contra Costa,013,1133247,1501,1325,1,1326,37
2020-05-24,Del Norte,015,27424,43,16,0,16,0
2020-05-24,El Dorado,017,186661,98,76,0,76,0
2020-05-24,Fresno,019,978130,2830,1455,39,1494,22
2020-05-24,Glenn,021,27897,15,12,0,12,0
2020-05-24,Humboldt,023,135768,106,81,0,81,2
2020-05-24,Imperial,025,180216,2675,1369,4,1373,14
2020-05-24,Inyo,027,18085,19,20,0,20,1
2020-05-24,Kern,029,883053,2429,1861,5,1866,31
2020-05-24,Kings,031,150075,764,446,3,449,2
2020-05-24,Lake,033,64148,24,12,0,12,0
2020-05-24,Lassen,035,31185,6,0,2,2,0
2020-05-24,Los Angeles,037,10098052,53625,44954,20,44974,2085
2020-05-24,Madera,039,155013,188,83,1,84,2
2020-05-24,Marin,041,260295,435,401,2,403,14
2020-05-24,Mariposa,043,17540,16,15,0,15,1
2020-05-24,Mendocino,045,87422,22,19,0,19,0
2020-05-24,Merced,047,269075,355,258,0,258,6
2020-05-24,Modoc,049,8938,0,0,0,0,0
2020-05-24,Mono,051,14174,37,34,0,34,1
2020-05-24,Monterey,053,433212,516,405,1,406,8
2020-05-24,Napa,055,140530,129,104,0,104,3
2020-05-24,Nevada,057,99092,43,41,1,42,1
2020-05-24,Orange,059,3164182,7929,5439,61,5500,113
2020-05-24,Placer,061,380077,217,184,0,184,9
2020-05-24,Plumas,063,18699,4,4,0,4,0
2020-05-24,Riverside,065,2383286,7922,6571,19,6590,284
2020-05-24,Sacramento,067,1510023,1386,1283,1,1284,50
2020-05-24,San Benito,069,59416,86,67,0,67,2
2020-05-24,San Bernardino,071,2135413,5417,4262,4,4266,175
2020-05-24,San Diego,073,3302833,7653,6703,0,6703,249
2020-05-24,San Francisco,075,870044,2511,2318,0,2318,40
2020-05-24,San Joaquin,077,732212,946,760,4,764,33
2020-05-24,San Luis Obispo,079,281455,335,257,4,261,1
2020-05-24,San Mateo,081,765935,2191,1925,2,1927,71
2020-05-24,Santa Barbara,083,443738,2132,1573,11,1584,9
2020-05-24,Santa Clara,085,1922200,3277,2623,10,2633,139
2020-05-24,Santa Cruz,087,273765,214,185,0,185,2
2020-05-24,Shasta,089,179085,53,36,0,36,4
2020-05-24,Sierra,091,2930,1,1,0,1,0
2020-05-24,Siskiyou,093,43540,7,6,0,6,0
2020-05-24,Solano,095,438530,541,436,0,436,5
2020-05-24,Sonoma,097,501317,552,485,0,485,4
2020-05-24,Stanislaus,099,539301,727,634,5,639,27
2020-05-24,Sutter,101,95872,44,38,0,38,2
2020-05-24,Tehama,103,63373,5,2,1,3,1
2020-05-24,Trinity,105,12862,6,1,2,3,0
2020-05-24,Tulare,107,460477,2297,1684,10,1694,74
2020-05-24,Tuolumne,109,53932,4,2,0,2,0
2020-05-24,Ventura,111,848112,1456,982,8,990,27
2020-05-24,Yolo,113,214977,213,192,0,192,22
2020-05-24,Yuba,115,75493,26,24,0,24,1
2020-05-23,Alameda,001,1643700,3324,2783,6,2789,91
2020-05-23,Alpine,003,1148,1,1,0,1,0
2020-05-23,Amador,005,37829,9,9,0,9,0
2020-05-23,Butte,007,227075,60,34,1,35,0
2020-05-23,Calaveras,009,45235,12,13,0,13,0
2020-05-23,Colusa,011,21464,7,4,0,4,0
2020-05-23,Contra Costa,013,1133247,1490,1302,1,1303,36
2020-05-23,Del Norte,015,27424,43,10,0,10,0
2020-05-23,El Dorado,017,186661,98,74,0,74,0
2020-05-23,Fresno,019,978130,2810,1447,39,1486,21
2020-05-23,Glenn,021,27897,15,12,0,12,0
2020-05-23,Humboldt,023,135768,104,80,0,80,2
2020-05-23,Imperial,025,180216,2587,1283,4,1287,14
2020-05-23,Inyo,027,18085,19,20,0,20,1
2020-05-23,Kern,029,883053,2386,1806,5,1811,31
2020-05-23,Kings,031,150075,760,444,3,447,2
2020-05-23,Lake,033,64148,23,10,0,10,0
2020-05-23,Lassen,035,31185,6,0,2,2,0
2020-05-23,Los Angeles,037,10098052,53084,44029,20,44049,2069
2020-05-23,Madera,039,155013,184,83,1,84,2
2020-05-23,Marin,041,260295,435,393,1,394,14
2020-05-23,Mariposa,043,17540,16,15,0,15,1
2020-05-23,Mendocino,045,87422,22,13,0,13,0
2020-05-23,Merced,047,269075,352,247,0,247,6
2020-05-23,Modoc,049,8938,0,0,0,0,0
2020-05-23,Mono,051,14174,36,34,0,34,1
2020-05-23,Monterey,053,433212,502,397,1,398,8
2020-05-23,Napa,055,140530,125,101,0,101,3
2020-05-23,Nevada,057,99092,43,41,1,42,1
2020-05-23,Orange,059,3164182,7769,5313,60,5373,113
2020-05-23,Placer,061,380077,211,184,0,184,9
2020-05-23,Plumas,063,18699,4,4,0,4,0
2020-05-23,Riverside,065,2383286,7831,6460,19,6479,284
2020-05-23,Sacramento,067,1510023,1370,1275,1,1276,50
2020-05-23,San Benito,069,59416,81,67,0,67,2
2020-05-23,San Bernardino,071,2135413,5324,4172,4,4176,175
2020-05-23,San Diego,073,3302833,7562,6561,0,6561,249
2020-05-23,San Francisco,075,870044,2492,2312,0,2312,40
2020-05-23,San Joaquin,077,732212,931,759,4,763,33
2020-05-23,San Luis Obispo,079,281455,332,256,4,260,1
2020-05-23,San Mateo,081,765935,2163,1862,2,1864,71
2020-05-23,Santa Barbara,083,443738,2118,1566,11,1577,9
2020-05-23,Santa Clara,085,1922200,3263,2593,9,2602,139
2020-05-23,Santa Cruz,087,273765,212,177,0,177,2
2020-05-23,Shasta,089,179085,53,35,0,35,4
2020-05-23,Sierra,091,2930,1,1,0,1,0
2020-05-23,Siskiyou,093,43540,7,6,0,6,0
2020-05-23,Solano,095,438530,536,435,0,435,5
2020-05-23,Sonoma,097,501317,538,462,0,462,4
2020-05-23,Stanislaus,099,539301,719,625,5,630,27
2020-05-23,Sutter,101,95872,43,38,0,38,2
2020-05-23,Tehama,103,63373,5,2,1,3,1
2020-05-23,Trinity,105,12862,6,1,2,3,0
2020-05-23,Tulare,107,460477,2276,1682,10,1692,73
2020-05-23,Tuolumne,109,53932,4,2,0,2,0
2020-05-23,Ventura,111,848112,1436,961,8,969,27
2020-05-23,Yolo,113,214977,212,188,0,188,22
2020-05-23,Yuba,115,75493,26,24,0,24,1
2020-05-22,Alameda,001,1643700,3270,2722,6,2728,91
2020-05-22,Alpine,003,1148,1,1,0,1,0
2020-05-22,Amador,005,37829,9,9,0,9,0
2020-05-22,Butte,007,227075,58,34,1,35,0
2020-05-22,Calaveras,009,45235,12,13,0,13,0
2020-05-22,Colusa,011,21464,7,4,0,4,0
2020-05-22,Contra Costa,013,1133247,1478,1272,1,1273,36
2020-05-22,Del Norte,015,27424,41,9,0,9,0
2020-05-22,El Dorado,017,186661,95,74,0,74,0
2020-05-22,Fresno,019,978130,2751,1399,38,1437,20
2020-05-22,Glenn,021,27897,15,12,0,12,0
2020-05-22,Humboldt,023,135768,104,80,0,80,2
2020-05-22,Imperial,025,180216,2486,1214,4,1218,14
2020-05-22,Inyo,027,18085,19,20,0,20,1
2020-05-22,Kern,029,883053,2337,1749,5,1754,28
2020-05-22,Kings,031,150075,757,428,3,431,2
2020-05-22,Lake,033,64148,22,10,0,10,0
2020-05-22,Lassen,035,31185,4,0,2,2,0
2020-05-22,Los Angeles,037,10098052,52292,43025,20,43045,2027
2020-05-22,Madera,039,155013,180,82,1,83,2
2020-05-22,Marin,041,260295,431,372,1,373,14
2020-05-22,Mariposa,043,17540,16,15,0,15,1
2020-05-22,Mendocino,045,87422,21,13,0,13,0
2020-05-22,Merced,047,269075,352,233,0,233,6
2020-05-22,Modoc,049,8938,0,0,0,0,0
2020-05-22,Mono,051,14174,36,34,0,34,1
2020-05-22,Monterey,053,433212,491,372,1,373,8
2020-05-22,Napa,055,140530,123,97,0,97,3
2020-05-22,Nevada,057,99092,42,41,1,42,1
2020-05-22,Orange,059,3164182,7572,5144,58,5202,113
2020-05-22,Placer,061,380077,211,181,0,181,9
2020-05-22,Plumas,063,18699,4,4,0,4,0
2020-05-22,Riverside,065,2383286,7716,6351,19,6370,283
2020-05-22,Sacramento,067,1510023,1354,1262,1,1263,50
2020-05-22,San Benito,069,59416,80,64,0,64,2
2020-05-22,San Bernardino,071,2135413,5249,4107,4,4111,173
2020-05-22,San Diego,073,3302833,7476,6436,0,6436,242
2020-05-22,San Francisco,075,870044,2474,2251,0,2251,40
2020-05-22,San Joaquin,077,732212,918,747,4,751,33
2020-05-22,San Luis Obispo,079,281455,332,254,4,258,1
2020-05-22,San Mateo,081,765935,2144,1847,2,1849,71
2020-05-22,Santa Barbara,083,443738,2098,1554,11,1565,9
2020-05-22,Santa Clara,085,1922200,3242,2537,9,2546,139
2020-05-22,Santa Cruz,087,273765,209,171,0,171,2
2020-05-22,Shasta,089,179085,53,34,0,34,4
2020-05-22,Sierra,091,2930,1,0,0,0,0
2020-05-22,Siskiyou,093,43540,7,6,0,6,0
2020-05-22,Solano,095,438530,533,431,0,431,4
2020-05-22,Sonoma,097,501317,534,444,0,444,4
2020-05-22,Stanislaus,099,539301,709,616,5,621,27
2020-05-22,Sutter,101,95872,43,38,0,38,2
2020-05-22,Tehama,103,63373,5,2,0,2,1
2020-05-22,Trinity,105,12862,6,1,2,3,0
2020-05-22,Tulare,107,460477,2246,1662,10,1672,73
2020-05-22,Tuolumne,109,53932,4,2,0,2,0
2020-05-22,Ventura,111,848112,1418,937,8,945,27
2020-05-22,Yolo,113,214977,210,187,0,187,22
2020-05-22,Yuba,115,75493,26,24,0,24,1
2020-05-21,Alameda,001,1643700,3205,2606,6,2612,89
2020-05-21,Alpine,003,1148,1,1,0,1,0
2020-05-21,Amador,005,37829,9,9,0,9,0
2020-05-21,Butte,007,227075,57,31,1,32,0
2020-05-21,Calaveras,009,45235,11,13,0,13,0
2020-05-21,Colusa,011,21464,7,4,0,4,0
2020-05-21,Contra Costa,013,1133247,1442,1243,1,1244,36
2020-05-21,Del Norte,015,27424,38,9,0,9,0
2020-05-21,El Dorado,017,186661,93,67,0,67,0
2020-05-21,Fresno,019,978130,2658,1362,38,1400,20
2020-05-21,Glenn,021,27897,14,12,0,12,0
2020-05-21,Humboldt,023,135768,103,79,0,79,0
2020-05-21,Imperial,025,180216,2327,1096,4,1100,14
2020-05-21,Inyo,027,18085,19,20,0,20,1
2020-05-21,Kern,029,883053,2261,1684,4,1688,27
2020-05-21,Kings,031,150075,736,417,2,419,2
2020-05-21,Lake,033,64148,17,10,0,10,0
2020-05-21,Lassen,035,31185,4,0,2,2,0
2020-05-21,Los Angeles,037,10098052,51258,42063,20,42083,1996
2020-05-21,Madera,039,155013,177,82,1,83,2
2020-05-21,Marin,041,260295,420,359,1,360,14
2020-05-21,Mariposa,043,17540,16,15,0,15,1
2020-05-21,Mendocino,045,87422,21,12,0,12,0
2020-05-21,Merced,047,269075,341,226,0,226,6
2020-05-21,Modoc,049,8938,0,0,0,0,0
2020-05-21,Mono,051,14174,36,33,0,33,1
2020-05-21,Monterey,053,433212,480,363,1,364,8
2020-05-21,Napa,055,140530,121,96,0,96,3
2020-05-21,Nevada,057,99092,42,41,1,42,1
2020-05-21,Orange,059,3164182,7369,4975,57,5032,106
2020-05-21,Placer,061,380077,204,176,0,176,8
2020-05-21,Plumas,063,18699,4,4,0,4,0
2020-05-21,Riverside,065,2383286,7529,6245,19,6264,279
2020-05-21,Sacramento,067,1510023,1341,1258,1,1259,56
2020-05-21,San Benito,069,59416,77,61,0,61,2
2020-05-21,San Bernardino,071,2135413,5102,3950,4,3954,167
2020-05-21,San Diego,073,3302833,7340,6317,0,6317,241
2020-05-21,San Francisco,075,870044,2450,2248,0,2248,37
2020-05-21,San Joaquin,077,732212,882,730,4,734,33
2020-05-21,San Luis Obispo,079,281455,332,251,3,254,1
2020-05-21,San Mateo,081,765935,2107,1791,2,1793,74
2020-05-21,Santa Barbara,083,443738,2074,1541,11,1552,10
2020-05-21,Santa Clara,085,1922200,3220,2520,9,2529,138
2020-05-21,Santa Cruz,087,273765,201,164,0,164,3
2020-05-21,Shasta,089,179085,51,34,0,34,4
2020-05-21,Sierra,091,2930,1,0,0,0,0
2020-05-21,Siskiyou,093,43540,7,6,0,6,0
2020-05-21,Solano,095,438530,524,424,0,424,4
2020-05-21,Sonoma,097,501317,516,427,0,427,4
2020-05-21,Stanislaus,099,539301,698,602,5,607,27
2020-05-21,Sutter,101,95872,42,38,0,38,2
2020-05-21,Tehama,103,63373,4,2,0,2,1
2020-05-21,Trinity,105,12862,5,1,2,3,0
2020-05-21,Tulare,107,460477,2196,1606,8,1614,73
2020-05-21,Tuolumne,109,53932,2,2,0,2,0
2020-05-21,Ventura,111,848112,1369,907,8,915,30
2020-05-21,Yolo,113,214977,207,185,0,185,22
2020-05-21,Yuba,115,75493,26,24,0,24,1
2020-05-20,Alameda,001,1643700,3131,2554,6,2560,89
2020-05-20,Alpine,003,1148,1,1,0,1,0
2020-05-20,Amador,005,37829,9,9,0,9,0
2020-05-20,Butte,007,227075,54,30,1,31,0
2020-05-20,Calaveras,009,45235,11,13,0,13,0
2020-05-20,Colusa,011,21464,7,3,0,3,0
2020-05-20,Contra Costa,013,1133247,1412,1223,1,1224,33
2020-05-20,Del Norte,015,27424,31,9,0,9,0
2020-05-20,El Dorado,017,186661,92,67,0,67,0
2020-05-20,Fresno,019,978130,2585,1329,37,1366,17
2020-05-20,Glenn,021,27897,13,12,0,12,0
2020-05-20,Humboldt,023,135768,100,73,0,73,0
2020-05-20,Imperial,025,180216,2214,1047,4,1051,14
2020-05-20,Inyo,027,18085,19,20,0,20,1
2020-05-20,Kern,029,883053,2198,1639,3,1642,27
2020-05-20,Kings,031,150075,592,403,2,405,2
2020-05-20,Lake,033,64148,17,9,0,9,0
2020-05-20,Lassen,035,31185,3,0,2,2,0
2020-05-20,Los Angeles,037,10098052,50262,40932,20,40952,1955
2020-05-20,Madera,039,155013,175,82,1,83,2
2020-05-20,Marin,041,260295,393,348,1,349,14
2020-05-20,Mariposa,043,17540,16,15,0,15,1
2020-05-20,Mendocino,045,87422,21,12,0,12,0
2020-05-20,Merced,047,269075,334,225,0,225,6
2020-05-20,Modoc,049,8938,0,0,0,0,0
2020-05-20,Mono,051,14174,36,33,0,33,1
2020-05-20,Monterey,053,433212,466,356,1,357,8
2020-05-20,Napa,055,140530,114,93,0,93,3
2020-05-20,Nevada,057,99092,42,41,1,42,1
2020-05-20,Orange,059,3164182,7161,4866,55,4921,96
2020-05-20,Placer,061,380077,202,176,0,176,8
2020-05-20,Plumas,063,18699,4,4,0,4,0
2020-05-20,Riverside,065,2383286,7386,6090,19,6109,265
2020-05-20,Sacramento,067,1510023,1331,1244,1,1245,56
2020-05-20,San Benito,069,59416,76,61,0,61,2
2020-05-20,San Bernardino,071,2135413,4975,3771,4,3775,161
2020-05-20,San Diego,073,3302833,7223,6142,0,6142,230
2020-05-20,San Francisco,075,870044,2427,2199,0,2199,37
2020-05-20,San Joaquin,077,732212,845,713,4,717,33
2020-05-20,San Luis Obispo,079,281455,326,249,3,252,1
2020-05-20,San Mateo,081,765935,2054,1739,2,1741,74
2020-05-20,Santa Barbara,083,443738,2048,1524,11,1535,10
2020-05-20,Santa Clara,085,1922200,3199,2508,8,2516,138
2020-05-20,Santa Cruz,087,273765,198,163,0,163,3
2020-05-20,Shasta,089,179085,51,34,0,34,4
2020-05-20,Sierra,091,2930,1,0,0,0,0
2020-05-20,Siskiyou,093,43540,7,6,0,6,0
2020-05-20,Solano,095,438530,519,418,0,418,4
2020-05-20,Sonoma,097,501317,507,411,0,411,4
2020-05-20,Stanislaus,099,539301,682,584,4,588,25
2020-05-20,Sutter,101,95872,42,38,0,38,2
2020-05-20,Tehama,103,63373,4,2,0,2,1
2020-05-20,Trinity,105,12862,4,1,1,2,0
2020-05-20,Tulare,107,460477,2155,1585,8,1593,71
2020-05-20,Tuolumne,109,53932,2,2,0,2,0
2020-05-20,Ventura,111,848112,1333,879,8,887,29
2020-05-20,Yolo,113,214977,204,184,0,184,22
2020-05-20,Yuba,115,75493,26,23,0,23,1
2020-05-19,Alameda,001,1643700,3054,2493,4,2497,88
2020-05-19,Alpine,003,1148,1,1,0,1,0
2020-05-19,Amador,005,37829,9,9,0,9,0
2020-05-19,Butte,007,227075,52,25,1,26,0
2020-05-19,Calaveras,009,45235,11,13,0,13,0
2020-05-19,Colusa,011,21464,5,3,0,3,0
2020-05-19,Contra Costa,013,1133247,1389,1205,1,1206,33
2020-05-19,Del Norte,015,27424,28,8,0,8,0
2020-05-19,El Dorado,017,186661,89,67,0,67,0
2020-05-19,Fresno,019,978130,2471,1288,36,1324,15
2020-05-19,Glenn,021,27897,13,12,0,12,0
2020-05-19,Humboldt,023,135768,100,72,0,72,0
2020-05-19,Imperial,025,180216,2052,1012,4,1016,14
2020-05-19,Inyo,027,18085,19,20,0,20,1
2020-05-19,Kern,029,883053,2100,1601,3,1604,26
2020-05-19,Kings,031,150075,581,393,2,395,2
2020-05-19,Lake,033,64148,14,11,0,11,0
2020-05-19,Lassen,035,31185,3,0,2,2,0
2020-05-19,Los Angeles,037,10098052,49056,39670,20,39690,1906
2020-05-19,Madera,039,155013,171,80,1,81,2
2020-05-19,Marin,041,260295,369,340,1,341,14
2020-05-19,Mariposa,043,17540,16,15,0,15,1
2020-05-19,Mendocino,045,87422,21,12,0,12,0
2020-05-19,Merced,047,269075,326,222,0,222,5
2020-05-19,Modoc,049,8938,0,0,0,0,0
2020-05-19,Mono,051,14174,36,33,0,33,1
2020-05-19,Monterey,053,433212,454,350,1,351,8
2020-05-19,Napa,055,140530,113,93,0,93,3
2020-05-19,Nevada,057,99092,42,41,1,42,1
2020-05-19,Orange,059,3164182,6967,4746,53,4799,90
2020-05-19,Placer,061,380077,200,177,0,177,8
2020-05-19,Plumas,063,18699,4,5,0,5,0
2020-05-19,Riverside,065,2383286,7226,5963,18,5981,265
2020-05-19,Sacramento,067,1510023,1317,1239,1,1240,57
2020-05-19,San Benito,069,59416,74,59,0,59,2
2020-05-19,San Bernardino,071,2135413,4825,3656,4,3660,158
2020-05-19,San Diego,073,3302833,7079,6028,0,6028,222
2020-05-19,San Francisco,075,870044,2393,2186,0,2186,37
2020-05-19,San Joaquin,077,732212,823,705,4,709,33
2020-05-19,San Luis Obispo,079,281455,325,245,3,248,1
2020-05-19,San Mateo,081,765935,2013,1704,2,1706,71
2020-05-19,Santa Barbara,083,443738,2027,1521,11,1532,10
2020-05-19,Santa Clara,085,1922200,3149,2480,8,2488,138
2020-05-19,Santa Cruz,087,273765,187,161,0,161,3
2020-05-19,Shasta,089,179085,51,34,0,34,4
2020-05-19,Sierra,091,2930,0,0,0,0,0
2020-05-19,Siskiyou,093,43540,7,6,0,6,0
2020-05-19,Solano,095,438530,505,415,0,415,4
2020-05-19,Sonoma,097,501317,496,389,0,389,4
2020-05-19,Stanislaus,099,539301,668,582,4,586,25
2020-05-19,Sutter,101,95872,42,38,0,38,2
2020-05-19,Tehama,103,63373,4,2,0,2,1
2020-05-19,Trinity,105,12862,3,1,0,1,0
2020-05-19,Tulare,107,460477,2107,1551,8,1559,68
2020-05-19,Tuolumne,109,53932,2,2,0,2,0
2020-05-19,Ventura,111,848112,1292,861,7,868,28
2020-05-19,Yolo,113,214977,202,183,0,183,22
2020-05-19,Yuba,115,75493,26,23,0,23,1
2020-05-18,Alameda,001,1643700,2981,2442,4,2446,84
2020-05-18,Alpine,003,1148,1,1,0,1,0
2020-05-18,Amador,005,37829,9,8,0,8,0
2020-05-18,Butte,007,227075,50,24,1,25,0
2020-05-18,Calaveras,009,45235,11,13,0,13,0
2020-05-18,Colusa,011,21464,5,3,0,3,0
2020-05-18,Contra Costa,013,1133247,1358,1173,1,1174,33
2020-05-18,Del Norte,015,27424,23,8,0,8,0
2020-05-18,El Dorado,017,186661,87,67,0,67,0
2020-05-18,Fresno,019,978130,2392,1244,35,1279,14
2020-05-18,Glenn,021,27897,13,11,0,11,0
2020-05-18,Humboldt,023,135768,100,70,0,70,0
2020-05-18,Imperial,025,180216,1899,767,4,771,14
2020-05-18,Inyo,027,18085,19,20,0,20,1
2020-05-18,Kern,029,883053,2051,1566,3,1569,26
2020-05-18,Kings,031,150075,550,381,2,383,2
2020-05-18,Lake,033,64148,13,9,0,9,0
2020-05-18,Lassen,035,31185,3,0,2,2,0
2020-05-18,Los Angeles,037,10098052,48035,38477,20,38497,1825
2020-05-18,Madera,039,155013,165,74,1,75,2
2020-05-18,Marin,041,260295,356,329,1,330,14
2020-05-18,Mariposa,043,17540,16,15,0,15,1
2020-05-18,Mendocino,045,87422,16,12,0,12,0
2020-05-18,Merced,047,269075,316,217,0,217,5
2020-05-18,Modoc,049,8938,0,0,0,0,0
2020-05-18,Mono,051,14174,36,33,0,33,1
2020-05-18,Monterey,053,433212,443,345,1,346,8
2020-05-18,Napa,055,140530,109,92,0,92,3
2020-05-18,Nevada,057,99092,42,41,1,42,1
2020-05-18,Orange,059,3164182,6778,4558,51,4609,88
2020-05-18,Placer,061,380077,198,176,0,176,8
2020-05-18,Plumas,063,18699,4,5,0,5,0
2020-05-18,Riverside,065,2383286,7026,5873,18,5891,253
2020-05-18,Sacramento,067,1510023,1311,1233,0,1233,57
2020-05-18,San Benito,069,59416,72,59,0,59,2
2020-05-18,San Bernardino,071,2135413,4678,3558,4,3562,156
2020-05-18,San Diego,073,3302833,6946,5948,0,5948,211
2020-05-18,San Francisco,075,870044,2370,2183,0,2183,36
2020-05-18,San Joaquin,077,732212,811,697,4,701,33
2020-05-18,San Luis Obispo,079,281455,321,243,3,246,1
2020-05-18,San Mateo,081,765935,1975,1701,2,1703,68
2020-05-18,Santa Barbara,083,443738,2002,1501,11,1512,10
2020-05-18,Santa Clara,085,1922200,3116,2468,8,2476,137
2020-05-18,Santa Cruz,087,273765,185,160,0,160,3
2020-05-18,Shasta,089,179085,50,34,0,34,4
2020-05-18,Sierra,091,2930,0,0,0,0,0
2020-05-18,Siskiyou,093,43540,7,6,0,6,0
2020-05-18,Solano,095,438530,495,398,0,398,4
2020-05-18,Sonoma,097,501317,478,387,0,387,4
2020-05-18,Stanislaus,099,539301,656,572,4,576,25
2020-05-18,Sutter,101,95872,42,38,0,38,2
2020-05-18,Tehama,103,63373,4,2,0,2,1
2020-05-18,Trinity,105,12862,3,1,0,1,0
2020-05-18,Tulare,107,460477,2062,1491,8,1499,63
2020-05-18,Tuolumne,109,53932,2,2,0,2,0
2020-05-18,Ventura,111,848112,1269,850,6,856,27
2020-05-18,Yolo,113,214977,197,183,0,183,22
2020-05-18,Yuba,115,75493,26,23,0,23,1
2020-05-17,Alameda,001,1643700,2886,2389,4,2393,83
2020-05-17,Alpine,003,1148,1,1,0,1,0
2020-05-17,Amador,005,37829,9,8,0,8,0
2020-05-17,Butte,007,227075,49,23,1,24,0
2020-05-17,Calaveras,009,45235,11,13,0,13,0
2020-05-17,Colusa,011,21464,3,3,0,3,0
2020-05-17,Contra Costa,013,1133247,1319,1155,1,1156,33
2020-05-17,Del Norte,015,27424,23,7,0,7,0
2020-05-17,El Dorado,017,186661,87,65,0,65,0
2020-05-17,Fresno,019,978130,2288,1213,32,1245,14
2020-05-17,Glenn,021,27897,13,9,0,9,0
2020-05-17,Humboldt,023,135768,93,70,0,70,0
2020-05-17,Imperial,025,180216,1751,715,4,719,14
2020-05-17,Inyo,027,18085,19,20,0,20,1
2020-05-17,Kern,029,883053,1973,1546,3,1549,26
2020-05-17,Kings,031,150075,503,356,2,358,2
2020-05-17,Lake,033,64148,13,7,0,7,0
2020-05-17,Lassen,035,31185,3,0,2,2,0
2020-05-17,Los Angeles,037,10098052,46797,37996,20,38016,1807
2020-05-17,Madera,039,155013,163,69,1,70,2
2020-05-17,Marin,041,260295,345,315,1,316,14
2020-05-17,Mariposa,043,17540,15,15,0,15,1
2020-05-17,Mendocino,045,87422,15,10,0,10,0
2020-05-17,Merced,047,269075,305,214,0,214,5
2020-05-17,Modoc,049,8938,0,0,0,0,0
2020-05-17,Mono,051,14174,36,32,0,32,1
2020-05-17,Monterey,053,433212,423,342,1,343,8
2020-05-17,Napa,055,140530,105,89,0,89,3
2020-05-17,Nevada,057,99092,42,41,1,42,1
2020-05-17,Orange,059,3164182,6597,4466,50,4516,88
2020-05-17,Placer,061,380077,193,175,0,175,8
2020-05-17,Plumas,063,18699,4,4,0,4,0
2020-05-17,Riverside,065,2383286,6853,5776,18,5794,245
2020-05-17,Sacramento,067,1510023,1300,1224,0,1224,56
2020-05-17,San Benito,069,59416,71,59,0,59,2
2020-05-17,San Bernardino,071,2135413,4528,3467,4,3471,155
2020-05-17,San Diego,073,3302833,6814,5838,0,5838,209
2020-05-17,San Francisco,075,870044,2343,2132,0,2132,36
2020-05-17,San Joaquin,077,732212,781,688,4,692,32
2020-05-17,San Luis Obispo,079,281455,319,242,3,245,1
2020-05-17,San Mateo,081,765935,1938,1680,2,1682,68
2020-05-17,Santa Barbara,083,443738,1970,1457,11,1468,10
2020-05-17,Santa Clara,085,1922200,3078,2453,8,2461,135
2020-05-17,Santa Cruz,087,273765,174,155,0,155,3
2020-05-17,Shasta,089,179085,49,34,0,34,4
2020-05-17,Sierra,091,2930,0,0,0,0,0
2020-05-17,Siskiyou,093,43540,7,6,0,6,0
2020-05-17,Solano,095,438530,483,392,0,392,4
2020-05-17,Sonoma,097,501317,457,376,0,376,4
2020-05-17,Stanislaus,099,539301,645,566,4,570,25
2020-05-17,Sutter,101,95872,41,38,0,38,2
2020-05-17,Tehama,103,63373,3,2,0,2,1
2020-05-17,Trinity,105,12862,2,1,0,1,0
2020-05-17,Tulare,107,460477,1986,1430,7,1437,63
2020-05-17,Tuolumne,109,53932,2,2,0,2,0
2020-05-17,Ventura,111,848112,1224,838,6,844,27
2020-05-17,Yolo,113,214977,195,182,0,182,22
2020-05-17,Yuba,115,75493,26,21,0,21,1
2020-05-16,Alameda,001,1643700,2836,2327,4,2331,83
2020-05-16,Alpine,003,1148,1,1,0,1,0
2020-05-16,Amador,005,37829,9,8,0,8,0
2020-05-16,Butte,007,227075,44,22,1,23,0
2020-05-16,Calaveras,009,45235,11,13,0,13,0
2020-05-16,Colusa,011,21464,3,3,0,3,0
2020-05-16,Contra Costa,013,1133247,1301,1136,1,1137,33
2020-05-16,Del Norte,015,27424,19,4,0,4,0
2020-05-16,El Dorado,017,186661,87,65,0,65,0
2020-05-16,Fresno,019,978130,2232,1177,32,1209,14
2020-05-16,Glenn,021,27897,13,9,0,9,0
2020-05-16,Humboldt,023,135768,91,69,0,69,0
2020-05-16,Imperial,025,180216,1687,712,4,716,14
2020-05-16,Inyo,027,18085,19,20,0,20,1
2020-05-16,Kern,029,883053,1937,1509,3,1512,26
2020-05-16,Kings,031,150075,493,356,2,358,2
2020-05-16,Lake,033,64148,13,7,0,7,0
2020-05-16,Lassen,035,31185,2,0,2,2,0
2020-05-16,Los Angeles,037,10098052,46220,37352,20,37372,1778
2020-05-16,Madera,039,155013,161,70,1,71,2
2020-05-16,Marin,041,260295,341,297,1,298,14
2020-05-16,Mariposa,043,17540,15,15,0,15,1
2020-05-16,Mendocino,045,87422,15,10,0,10,0
2020-05-16,Merced,047,269075,303,201,0,201,5
2020-05-16,Modoc,049,8938,0,0,0,0,0
2020-05-16,Mono,051,14174,36,32,0,32,1
2020-05-16,Monterey,053,433212,408,329,1,330,8
2020-05-16,Napa,055,140530,105,86,0,86,3
2020-05-16,Nevada,057,99092,42,41,1,42,1
2020-05-16,Orange,059,3164182,6521,4396,50,4446,87
2020-05-16,Placer,061,380077,191,174,0,174,8
2020-05-16,Plumas,063,18699,4,4,0,4,0
2020-05-16,Riverside,065,2383286,6768,5633,18,5651,243
2020-05-16,Sacramento,067,1510023,1293,1209,0,1209,55
2020-05-16,San Benito,069,59416,66,58,0,58,2
2020-05-16,San Bernardino,071,2135413,4456,3362,4,3366,155
2020-05-16,San Diego,073,3302833,6728,5664,0,5664,209
2020-05-16,San Francisco,075,870044,2320,2094,0,2094,36
2020-05-16,San Joaquin,077,732212,773,668,4,672,32
2020-05-16,San Luis Obispo,079,281455,318,240,3,243,1
2020-05-16,San Mateo,081,765935,1923,1652,2,1654,68
2020-05-16,Santa Barbara,083,443738,1953,1422,10,1432,10
2020-05-16,Santa Clara,085,1922200,3060,2420,8,2428,135
2020-05-16,Santa Cruz,087,273765,171,154,0,154,3
2020-05-16,Shasta,089,179085,49,33,0,33,4
2020-05-16,Sierra,091,2930,0,0,0,0,0
2020-05-16,Siskiyou,093,43540,7,6,0,6,0
2020-05-16,Solano,095,438530,478,392,0,392,4
2020-05-16,Sonoma,097,501317,444,356,0,356,4
2020-05-16,Stanislaus,099,539301,636,546,4,550,24
2020-05-16,Sutter,101,95872,41,35,0,35,2
2020-05-16,Tehama,103,63373,3,2,0,2,1
2020-05-16,Trinity,105,12862,2,1,0,1,0
2020-05-16,Tulare,107,460477,1968,1426,7,1433,63
2020-05-16,Tuolumne,109,53932,2,2,0,2,0
2020-05-16,Ventura,111,848112,1198,813,6,819,25
2020-05-16,Yolo,113,214977,194,181,0,181,22
2020-05-16,Yuba,115,75493,26,21,0,21,1
2020-05-15,Alameda,001,1643700,2802,2289,4,2293,83
2020-05-15,Alpine,003,1148,1,1,0,1,0
2020-05-15,Amador,005,37829,9,8,0,8,0
2020-05-15,Butte,007,227075,42,22,1,23,0
2020-05-15,Calaveras,009,45235,11,13,0,13,0
2020-05-15,Colusa,011,21464,3,3,0,3,0
2020-05-15,Contra Costa,013,1133247,1283,1106,1,1107,33
2020-05-15,Del Norte,015,27424,14,4,0,4,0
2020-05-15,El Dorado,017,186661,87,64,0,64,0
2020-05-15,Fresno,019,978130,2164,1126,32,1158,14
2020-05-15,Glenn,021,27897,13,9,0,9,0
2020-05-15,Humboldt,023,135768,90,60,0,60,0
2020-05-15,Imperial,025,180216,1603,680,0,680,14
2020-05-15,Inyo,027,18085,19,20,0,20,1
2020-05-15,Kern,029,883053,1881,1472,3,1475,25
2020-05-15,Kings,031,150075,490,347,2,349,2
2020-05-15,Lake,033,64148,13,7,0,7,0
2020-05-15,Lassen,035,31185,2,0,2,2,0
2020-05-15,Los Angeles,037,10098052,45435,36317,20,36337,1734
2020-05-15,Madera,039,155013,160,71,1,72,2
2020-05-15,Marin,041,260295,333,295,1,296,14
2020-05-15,Mariposa,043,17540,15,15,0,15,1
2020-05-15,Mendocino,045,87422,15,10,0,10,0
2020-05-15,Merced,047,269075,300,191,0,191,5
2020-05-15,Modoc,049,8938,0,0,0,0,0
2020-05-15,Mono,051,14174,36,31,0,31,1
2020-05-15,Monterey,053,433212,402,321,1,322,8
2020-05-15,Napa,055,140530,105,83,0,83,3
2020-05-15,Nevada,057,99092,42,41,1,42,1
2020-05-15,Orange,059,3164182,6349,4281,50,4331,87
2020-05-15,Placer,061,380077,189,174,0,174,8
2020-05-15,Plumas,063,18699,4,4,0,4,0
2020-05-15,Riverside,065,2383286,6654,5496,18,5514,233
2020-05-15,Sacramento,067,1510023,1283,1203,0,1203,55
2020-05-15,San Benito,069,59416,63,57,0,57,2
2020-05-15,San Bernardino,071,2135413,4378,3225,4,3229,153
2020-05-15,San Diego,073,3302833,6621,5525,0,5525,208
2020-05-15,San Francisco,075,870044,2304,2062,0,2062,36
2020-05-15,San Joaquin,077,732212,767,656,4,660,32
2020-05-15,San Luis Obispo,079,281455,316,237,3,240,1
2020-05-15,San Mateo,081,765935,1901,1612,2,1614,68
2020-05-15,Santa Barbara,083,443738,1936,1409,9,1418,10
2020-05-15,Santa Clara,085,1922200,3017,2395,8,2403,135
2020-05-15,Santa Cruz,087,273765,170,146,0,146,3
2020-05-15,Shasta,089,179085,48,33,0,33,4
2020-05-15,Sierra,091,2930,0,0,0,0,0
2020-05-15,Siskiyou,093,43540,6,5,0,5,0
2020-05-15,Solano,095,438530,474,388,0,388,4
2020-05-15,Sonoma,097,501317,436,349,0,349,4
2020-05-15,Stanislaus,099,539301,629,540,4,544,23
2020-05-15,Sutter,101,95872,40,35,0,35,2
2020-05-15,Tehama,103,63373,3,1,0,1,1
2020-05-15,Trinity,105,12862,2,1,0,1,0
2020-05-15,Tulare,107,460477,1940,1356,7,1363,61
2020-05-15,Tuolumne,109,53932,2,2,0,2,0
2020-05-15,Ventura,111,848112,1181,789,5,794,25
2020-05-15,Yolo,113,214977,193,182,0,182,22
2020-05-15,Yuba,115,75493,26,21,0,21,1
2020-05-14,Alameda,001,1643700,2709,2255,4,2259,80
2020-05-14,Alpine,003,1148,1,1,0,1,0
2020-05-14,Amador,005,37829,9,8,0,8,0
2020-05-14,Butte,007,227075,40,22,1,23,0
2020-05-14,Calaveras,009,45235,11,13,0,13,0
2020-05-14,Colusa,011,21464,3,3,0,3,0
2020-05-14,Contra Costa,013,1133247,1257,1090,1,1091,32
2020-05-14,Del Norte,015,27424,14,4,0,4,0
2020-05-14,El Dorado,017,186661,78,59,0,59,0
2020-05-14,Fresno,019,978130,2103,1038,28,1066,12
2020-05-14,Glenn,021,27897,12,8,0,8,0
2020-05-14,Humboldt,023,135768,88,59,0,59,0
2020-05-14,Imperial,025,180216,1486,652,0,652,13
2020-05-14,Inyo,027,18085,19,20,0,20,1
2020-05-14,Kern,029,883053,1839,1430,3,1433,21
2020-05-14,Kings,031,150075,474,342,2,344,1
2020-05-14,Lake,033,64148,13,7,0,7,0
2020-05-14,Lassen,035,31185,2,0,2,2,0
2020-05-14,Los Angeles,037,10098052,44260,35427,20,35447,1693
2020-05-14,Madera,039,155013,151,69,1,70,2
2020-05-14,Marin,041,260295,315,283,1,284,14
2020-05-14,Mariposa,043,17540,15,15,0,15,0
2020-05-14,Mendocino,045,87422,14,10,0,10,0
2020-05-14,Merced,047,269075,290,182,0,182,3
2020-05-14,Modoc,049,8938,0,0,0,0,0
2020-05-14,Mono,051,14174,36,31,0,31,1
2020-05-14,Monterey,053,433212,392,317,1,318,7
2020-05-14,Napa,055,140530,103,83,0,83,3
2020-05-14,Nevada,057,99092,41,41,1,42,1
2020-05-14,Orange,059,3164182,6173,4163,48,4211,83
2020-05-14,Placer,061,380077,189,172,0,172,8
2020-05-14,Plumas,063,18699,4,4,0,4,0
2020-05-14,Riverside,065,2383286,6470,5339,18,5357,224
2020-05-14,Sacramento,067,1510023,1271,1181,0,1181,55
2020-05-14,San Benito,069,59416,61,56,0,56,2
2020-05-14,San Bernardino,071,2135413,4200,3149,4,3153,149
2020-05-14,San Diego,073,3302833,6486,5393,0,5393,200
2020-05-14,San Francisco,075,870044,2271,2029,0,2029,36
2020-05-14,San Joaquin,077,732212,752,643,4,647,31
2020-05-14,San Luis Obispo,079,281455,313,236,3,239,1
2020-05-14,San Mateo,081,765935,1869,1588,2,1590,67
2020-05-14,Santa Barbara,083,443738,1908,1395,9,1404,11
2020-05-14,Santa Clara,085,1922200,2994,2380,8,2388,134
2020-05-14,Santa Cruz,087,273765,168,145,0,145,3
2020-05-14,Shasta,089,179085,48,33,0,33,4
2020-05-14,Sierra,091,2930,0,0,0,0,0
2020-05-14,Siskiyou,093,43540,6,5,0,5,0
2020-05-14,Solano,095,438530,465,372,0,372,4
2020-05-14,Sonoma,097,501317,419,333,0,333,4
2020-05-14,Stanislaus,099,539301,610,533,4,537,23
2020-05-14,Sutter,101,95872,40,34,0,34,2
2020-05-14,Tehama,103,63373,3,1,0,1,1
2020-05-14,Trinity,105,12862,2,1,0,1,0
2020-05-14,Tulare,107,460477,1901,1317,7,1324,55
2020-05-14,Tuolumne,109,53932,2,2,0,2,0
2020-05-14,Ventura,111,848112,1150,760,5,765,25
2020-05-14,Yolo,113,214977,193,180,0,180,22
2020-05-14,Yuba,115,75493,26,21,0,21,1
2020-05-13,Alameda,001,1643700,2651,2181,4,2185,78
2020-05-13,Alpine,003,1148,1,1,0,1,0
2020-05-13,Amador,005,37829,9,8,0,8,0
2020-05-13,Butte,007,227075,40,21,1,22,0
2020-05-13,Calaveras,009,45235,11,13,0,13,0
2020-05-13,Colusa,011,21464,3,3,0,3,0
2020-05-13,Contra Costa,013,1133247,1235,1082,1,1083,32
2020-05-13,Del Norte,015,27424,13,4,0,4,0
2020-05-13,El Dorado,017,186661,77,58,0,58,0
2020-05-13,Fresno,019,978130,2010,993,28,1021,10
2020-05-13,Glenn,021,27897,11,6,0,6,0
2020-05-13,Humboldt,023,135768,82,58,0,58,0
2020-05-13,Imperial,025,180216,1416,610,0,610,11
2020-05-13,Inyo,027,18085,19,20,0,20,1
2020-05-13,Kern,029,883053,1793,1390,3,1393,19
2020-05-13,Kings,031,150075,460,314,2,316,1
2020-05-13,Lake,033,64148,13,7,0,7,0
2020-05-13,Lassen,035,31185,2,0,2,2,0
2020-05-13,Los Angeles,037,10098052,42954,34574,20,34594,1643
2020-05-13,Madera,039,155013,142,69,1,70,2
2020-05-13,Marin,041,260295,302,278,1,279,14
2020-05-13,Mariposa,043,17540,15,15,0,15,0
2020-05-13,Mendocino,045,87422,14,10,0,10,0
2020-05-13,Merced,047,269075,287,176,0,176,3
2020-05-13,Modoc,049,8938,0,0,0,0,0
2020-05-13,Mono,051,14174,35,31,0,31,1
2020-05-13,Monterey,053,433212,382,309,1,310,6
2020-05-13,Napa,055,140530,103,81,0,81,3
2020-05-13,Nevada,057,99092,41,41,1,42,1
2020-05-13,Orange,059,3164182,5927,4025,46,4071,79
2020-05-13,Placer,061,380077,188,170,0,170,8
2020-05-13,Plumas,063,18699,4,4,0,4,0
2020-05-13,Riverside,065,2383286,6347,5204,18,5222,216
2020-05-13,Sacramento,067,1510023,1256,1173,0,1173,53
2020-05-13,San Benito,069,59416,61,55,0,55,2
2020-05-13,San Bernardino,071,2135413,3944,3064,3,3067,140
2020-05-13,San Diego,073,3302833,6350,5280,0,5280,194
2020-05-13,San Francisco,075,870044,2243,2004,0,2004,35
2020-05-13,San Joaquin,077,732212,731,639,3,642,31
2020-05-13,San Luis Obispo,079,281455,311,231,3,234,1
2020-05-13,San Mateo,081,765935,1837,1550,2,1552,66
2020-05-13,Santa Barbara,083,443738,1879,1382,9,1391,10
2020-05-13,Santa Clara,085,1922200,2974,2370,8,2378,132
2020-05-13,Santa Cruz,087,273765,164,142,0,142,2
2020-05-13,Shasta,089,179085,48,32,0,32,4
2020-05-13,Sierra,091,2930,0,0,0,0,0
2020-05-13,Siskiyou,093,43540,6,5,0,5,0
2020-05-13,Solano,095,438530,452,368,0,368,4
2020-05-13,Sonoma,097,501317,409,330,0,330,4
2020-05-13,Stanislaus,099,539301,601,521,4,525,15
2020-05-13,Sutter,101,95872,40,33,0,33,2
2020-05-13,Tehama,103,63373,3,1,0,1,1
2020-05-13,Trinity,105,12862,2,2,0,2,0
2020-05-13,Tulare,107,460477,1868,1283,7,1290,54
2020-05-13,Tuolumne,109,53932,2,2,0,2,0
2020-05-13,Ventura,111,848112,1119,742,5,747,25
2020-05-13,Yolo,113,214977,191,178,0,178,22
2020-05-13,Yuba,115,75493,24,19,0,19,1
2020-05-12,Alameda,001,1643700,2586,2146,4,2150,74
2020-05-12,Alpine,003,1148,1,1,0,1,0
2020-05-12,Amador,005,37829,9,8,0,8,0
2020-05-12,Butte,007,227075,38,20,1,21,0
2020-05-12,Calaveras,009,45235,10,13,0,13,0
2020-05-12,Colusa,011,21464,3,3,0,3,0
2020-05-12,Contra Costa,013,1133247,1204,1067,1,1068,32
2020-05-12,Del Norte,015,27424,10,3,0,3,0
2020-05-12,El Dorado,017,186661,74,56,0,56,0
2020-05-12,Fresno,019,978130,1926,978,26,1004,9
2020-05-12,Glenn,021,27897,10,6,0,6,0
2020-05-12,Humboldt,023,135768,79,58,0,58,0
2020-05-12,Imperial,025,180216,1284,602,0,602,9
2020-05-12,Inyo,027,18085,19,20,0,20,1
2020-05-12,Kern,029,883053,1752,1363,3,1366,18
2020-05-12,Kings,031,150075,439,302,2,304,1
2020-05-12,Lake,033,64148,13,7,0,7,0
2020-05-12,Lassen,035,31185,2,0,2,2,0
2020-05-12,Los Angeles,037,10098052,41959,33281,19,33300,1601
2020-05-12,Madera,039,155013,136,69,1,70,2
2020-05-12,Marin,041,260295,297,274,1,275,14
2020-05-12,Mariposa,043,17540,15,15,0,15,0
2020-05-12,Mendocino,045,87422,14,10,0,10,0
2020-05-12,Merced,047,269075,276,175,0,175,3
2020-05-12,Modoc,049,8938,0,0,0,0,0
2020-05-12,Mono,051,14174,35,31,0,31,1
2020-05-12,Monterey,053,433212,375,298,1,299,6
2020-05-12,Napa,055,140530,101,80,0,80,3
2020-05-12,Nevada,057,99092,41,41,1,42,1
2020-05-12,Orange,059,3164182,5744,3843,44,3887,78
2020-05-12,Placer,061,380077,187,170,0,170,8
2020-05-12,Plumas,063,18699,4,4,0,4,0
2020-05-12,Riverside,065,2383286,6225,5134,18,5152,210
2020-05-12,Sacramento,067,1510023,1236,1166,0,1166,52
2020-05-12,San Benito,069,59416,61,55,0,55,2
2020-05-12,San Bernardino,071,2135413,3792,2997,3,3000,131
2020-05-12,San Diego,073,3302833,6206,3,0,3,0
2020-05-12,San Francisco,075,870044,2208,1981,0,1981,35
2020-05-12,San Joaquin,077,732212,716,625,3,628,30
2020-05-12,San Luis Obispo,079,281455,308,226,3,229,1
2020-05-12,San Mateo,081,765935,1811,1533,2,1535,66
2020-05-12,Santa Barbara,083,443738,1827,1377,9,1386,10
2020-05-12,Santa Clara,085,1922200,2944,2362,8,2370,131
2020-05-12,Santa Cruz,087,273765,162,141,0,141,2
2020-05-12,Shasta,089,179085,47,33,0,33,4
2020-05-12,Sierra,091,2930,0,0,0,0,0
2020-05-12,Siskiyou,093,43540,6,5,0,5,0
2020-05-12,Solano,095,438530,444,361,0,361,4
2020-05-12,Sonoma,097,501317,386,308,0,308,4
2020-05-12,Stanislaus,099,539301,594,515,4,519,15
2020-05-12,Sutter,101,95872,40,33,0,33,2
2020-05-12,Tehama,103,63373,3,1,0,1,1
2020-05-12,Trinity,105,12862,2,1,0,1,0
2020-05-12,Tulare,107,460477,1836,1261,7,1268,52
2020-05-12,Tuolumne,109,53932,2,2,0,2,0
2020-05-12,Ventura,111,848112,1063,718,5,723,20
2020-05-12,Yolo,113,214977,190,176,0,176,22
2020-05-12,Yuba,115,75493,24,19,0,19,1
2020-05-11,Alameda,001,1643700,2536,2103,4,2107,71
2020-05-11,Alpine,003,1148,1,1,0,1,0
2020-05-11,Amador,005,37829,9,8,0,8,0
2020-05-11,Butte,007,227075,37,19,1,20,0
2020-05-11,Calaveras,009,45235,10,13,0,13,0
2020-05-11,Colusa,011,21464,3,3,0,3,0
2020-05-11,Contra Costa,013,1133247,1190,1052,1,1053,32
2020-05-11,Del Norte,015,27424,8,3,0,3,0
2020-05-11,El Dorado,017,186661,74,55,0,55,0
2020-05-11,Fresno,019,978130,1835,937,25,962,8
2020-05-11,Glenn,021,27897,10,6,0,6,0
2020-05-11,Humboldt,023,135768,76,56,0,56,0
2020-05-11,Imperial,025,180216,1178,562,0,562,9
2020-05-11,Inyo,027,18085,19,20,0,20,1
2020-05-11,Kern,029,883053,1700,1331,3,1334,17
2020-05-11,Kings,031,150075,416,289,1,290,1
2020-05-11,Lake,033,64148,12,7,0,7,0
2020-05-11,Lassen,035,31185,2,0,2,2,0
2020-05-11,Los Angeles,037,10098052,40780,32279,19,32298,1553
2020-05-11,Madera,039,155013,127,68,1,69,2
2020-05-11,Marin,041,260295,288,271,1,272,14
2020-05-11,Mariposa,043,17540,15,15,0,15,0
2020-05-11,Mendocino,045,87422,14,10,0,10,0
2020-05-11,Merced,047,269075,261,158,0,158,3
2020-05-11,Modoc,049,8938,0,0,0,0,0
2020-05-11,Mono,051,14174,35,30,0,30,1
2020-05-11,Monterey,053,433212,372,286,1,287,6
2020-05-11,Napa,055,140530,95,79,0,79,2
2020-05-11,Nevada,057,99092,41,41,1,42,1
2020-05-11,Orange,059,3164182,5529,3699,37,3736,77
2020-05-11,Placer,061,380077,187,170,0,170,8
2020-05-11,Plumas,063,18699,4,4,0,4,0
2020-05-11,Riverside,065,2383286,6067,5082,17,5099,203
2020-05-11,Sacramento,067,1510023,1221,1160,0,1160,52
2020-05-11,San Benito,069,59416,59,52,0,52,2
2020-05-11,San Bernardino,071,2135413,3682,2945,3,2948,124
2020-05-11,San Diego,073,3302833,6053,5067,0,5067,175
2020-05-11,San Francisco,075,870044,2161,1974,0,1974,35
2020-05-11,San Joaquin,077,732212,706,620,3,623,30
2020-05-11,San Luis Obispo,079,281455,306,224,3,227,1
2020-05-11,San Mateo,081,765935,1785,1499,2,1501,66
2020-05-11,Santa Barbara,083,443738,1786,1372,8,1380,10
2020-05-11,Santa Clara,085,1922200,2927,2340,8,2348,129
2020-05-11,Santa Cruz,087,273765,159,140,0,140,2
2020-05-11,Shasta,089,179085,47,31,0,31,4
2020-05-11,Sierra,091,2930,0,0,0,0,0
2020-05-11,Siskiyou,093,43540,6,5,0,5,0
2020-05-11,Solano,095,438530,439,354,0,354,4
2020-05-11,Sonoma,097,501317,376,303,0,303,3
2020-05-11,Stanislaus,099,539301,584,507,4,511,14
2020-05-11,Sutter,101,95872,39,32,0,32,2
2020-05-11,Tehama,103,63373,3,1,0,1,1
2020-05-11,Trinity,105,12862,2,1,0,1,0
2020-05-11,Tulare,107,460477,1787,1203,7,1210,49
2020-05-11,Tuolumne,109,53932,2,2,0,2,0
2020-05-11,Ventura,111,848112,1001,698,4,702,19
2020-05-11,Yolo,113,214977,190,174,0,174,20
2020-05-11,Yuba,115,75493,24,18,0,18,1
2020-05-10,Alameda,001,1643700,2459,2047,4,2051,71
2020-05-10,Alpine,003,1148,1,1,0,1,0
2020-05-10,Amador,005,37829,9,8,0,8,0
2020-05-10,Butte,007,227075,32,18,1,19,0
2020-05-10,Calaveras,009,45235,10,13,0,13,0
2020-05-10,Colusa,011,21464,3,3,0,3,0
2020-05-10,Contra Costa,013,1133247,1176,1046,0,1046,31
2020-05-10,Del Norte,015,27424,7,3,0,3,0
2020-05-10,El Dorado,017,186661,74,55,0,55,0
2020-05-10,Fresno,019,978130,1749,894,25,919,8
2020-05-10,Glenn,021,27897,10,6,0,6,0
2020-05-10,Humboldt,023,135768,72,56,0,56,0
2020-05-10,Imperial,025,180216,1082,509,0,509,7
2020-05-10,Inyo,027,18085,19,20,0,20,1
2020-05-10,Kern,029,883053,1649,1300,2,1302,16
2020-05-10,Kings,031,150075,403,266,1,267,1
2020-05-10,Lake,033,64148,12,7,0,7,0
2020-05-10,Lassen,035,31185,2,0,2,2,0
2020-05-10,Los Angeles,037,10098052,39521,31711,19,31730,1514
2020-05-10,Madera,039,155013,125,65,1,66,2
2020-05-10,Marin,041,260295,280,267,1,268,14
2020-05-10,Mariposa,043,17540,15,15,0,15,0
2020-05-10,Mendocino,045,87422,13,10,0,10,0
2020-05-10,Merced,047,269075,246,154,0,154,3
2020-05-10,Modoc,049,8938,0,0,0,0,0
2020-05-10,Mono,051,14174,35,27,0,27,1
2020-05-10,Monterey,053,433212,358,282,1,283,6
2020-05-10,Napa,055,140530,89,79,0,79,2
2020-05-10,Nevada,057,99092,41,41,1,42,1
2020-05-10,Orange,059,3164182,5386,3627,37,3664,76
2020-05-10,Placer,061,380077,186,168,0,168,8
2020-05-10,Plumas,063,18699,4,4,0,4,0
2020-05-10,Riverside,065,2383286,5945,4951,17,4968,193
2020-05-10,Sacramento,067,1510023,1205,1152,0,1152,52
2020-05-10,San Benito,069,59416,59,52,0,52,2
2020-05-10,San Bernardino,071,2135413,3584,2910,3,2913,121
2020-05-10,San Diego,073,3302833,5901,4928,0,4928,175
2020-05-10,San Francisco,075,870044,2143,1953,0,1953,35
2020-05-10,San Joaquin,077,732212,691,611,3,614,29
2020-05-10,San Luis Obispo,079,281455,303,218,3,221,1
2020-05-10,San Mateo,081,765935,1763,1463,2,1465,65
2020-05-10,Santa Barbara,083,443738,1758,1323,8,1331,10
2020-05-10,Santa Clara,085,1922200,2900,2331,8,2339,129
2020-05-10,Santa Cruz,087,273765,158,139,0,139,2
2020-05-10,Shasta,089,179085,47,31,0,31,4
2020-05-10,Sierra,091,2930,0,0,0,0,0
2020-05-10,Siskiyou,093,43540,5,5,0,5,0
2020-05-10,Solano,095,438530,429,322,0,322,4
2020-05-10,Sonoma,097,501317,366,290,0,290,3
2020-05-10,Stanislaus,099,539301,577,498,4,502,14
2020-05-10,Sutter,101,95872,36,31,0,31,2
2020-05-10,Tehama,103,63373,3,1,0,1,1
2020-05-10,Trinity,105,12862,2,1,0,1,0
2020-05-10,Tulare,107,460477,1717,1143,7,1150,47
2020-05-10,Tuolumne,109,53932,2,2,0,2,0
2020-05-10,Ventura,111,848112,943,690,2,692,19
2020-05-10,Yolo,113,214977,190,173,0,173,20
2020-05-10,Yuba,115,75493,23,17,0,17,1
2020-05-09,Alameda,001,1643700,2416,2011,4,2015,71
2020-05-09,Alpine,003,1148,1,1,0,1,0
2020-05-09,Amador,005,37829,8,8,0,8,0
2020-05-09,Butte,007,227075,31,18,1,19,0
2020-05-09,Calaveras,009,45235,10,13,0,13,0
2020-05-09,Colusa,011,21464,3,3,0,3,0
2020-05-09,Contra Costa,013,1133247,1162,1039,0,1039,31
2020-05-09,Del Norte,015,27424,7,3,0,3,0
2020-05-09,El Dorado,017,186661,71,54,0,54,0
2020-05-09,Fresno,019,978130,1711,861,24,885,8
2020-05-09,Glenn,021,27897,9,6,0,6,0
2020-05-09,Humboldt,023,135768,70,55,0,55,0
2020-05-09,Imperial,025,180216,1026,474,0,474,7
2020-05-09,Inyo,027,18085,19,20,0,20,1
2020-05-09,Kern,029,883053,1613,1262,1,1263,15
2020-05-09,Kings,031,150075,398,264,1,265,1
2020-05-09,Lake,033,64148,12,7,0,7,0
2020-05-09,Lassen,035,31185,2,0,2,2,0
2020-05-09,Los Angeles,037,10098052,38899,31268,19,31287,1499
2020-05-09,Madera,039,155013,124,61,1,62,2
2020-05-09,Marin,041,260295,279,261,1,262,14
2020-05-09,Mariposa,043,17540,15,15,0,15,0
2020-05-09,Mendocino,045,87422,13,10,0,10,0
2020-05-09,Merced,047,269075,242,153,0,153,3
2020-05-09,Modoc,049,8938,0,0,0,0,0
2020-05-09,Mono,051,14174,35,27,0,27,1
2020-05-09,Monterey,053,433212,351,273,1,274,6
2020-05-09,Napa,055,140530,88,78,0,78,2
2020-05-09,Nevada,057,99092,41,41,1,42,1
2020-05-09,Orange,059,3164182,5304,3506,36,3542,75
2020-05-09,Placer,061,380077,185,168,0,168,8
2020-05-09,Plumas,063,18699,4,4,0,4,0
2020-05-09,Riverside,065,2383286,5850,4871,17,4888,183
2020-05-09,Sacramento,067,1510023,1201,1150,0,1150,52
2020-05-09,San Benito,069,59416,58,52,0,52,2
2020-05-09,San Bernardino,071,2135413,3528,2825,3,2828,121
2020-05-09,San Diego,073,3302833,5789,4778,0,4778,175
2020-05-09,San Francisco,075,870044,2128,1944,0,1944,34
2020-05-09,San Joaquin,077,732212,682,605,3,608,28
2020-05-09,San Luis Obispo,079,281455,299,213,3,216,1
2020-05-09,San Mateo,081,765935,1744,1453,2,1455,65
2020-05-09,Santa Barbara,083,443738,1740,1245,8,1253,10
2020-05-09,Santa Clara,085,1922200,2886,2317,8,2325,128
2020-05-09,Santa Cruz,087,273765,157,138,0,138,2
2020-05-09,Shasta,089,179085,47,31,0,31,4
2020-05-09,Sierra,091,2930,0,0,0,0,0
2020-05-09,Siskiyou,093,43540,5,5,0,5,0
2020-05-09,Solano,095,438530,423,321,0,321,4
2020-05-09,Sonoma,097,501317,362,288,0,288,3
2020-05-09,Stanislaus,099,539301,569,491,4,495,12
2020-05-09,Sutter,101,95872,36,31,0,31,2
2020-05-09,Tehama,103,63373,2,1,0,1,1
2020-05-09,Trinity,105,12862,2,1,0,1,0
2020-05-09,Tulare,107,460477,1689,1083,7,1090,47
2020-05-09,Tuolumne,109,53932,2,2,0,2,0
2020-05-09,Ventura,111,848112,922,679,2,681,19
2020-05-09,Yolo,113,214977,190,172,0,172,18
2020-05-09,Yuba,115,75493,23,17,0,17,1
2020-05-08,Alameda,001,1643700,2373,1955,4,1959,70
2020-05-08,Alpine,003,1148,1,1,0,1,0
2020-05-08,Amador,005,37829,8,8,0,8,0
2020-05-08,Butte,007,227075,31,18,1,19,0
2020-05-08,Calaveras,009,45235,10,13,0,13,0
2020-05-08,Colusa,011,21464,3,3,0,3,0
2020-05-08,Contra Costa,013,1133247,1150,1024,0,1024,29
2020-05-08,Del Norte,015,27424,7,3,0,3,0
2020-05-08,El Dorado,017,186661,70,54,0,54,0
2020-05-08,Fresno,019,978130,1667,838,22,860,8
2020-05-08,Glenn,021,27897,8,6,0,6,0
2020-05-08,Humboldt,023,135768,67,54,0,54,0
2020-05-08,Imperial,025,180216,981,467,0,467,7
2020-05-08,Inyo,027,18085,19,20,0,20,1
2020-05-08,Kern,029,883053,1582,1214,1,1215,13
2020-05-08,Kings,031,150075,389,236,1,237,1
2020-05-08,Lake,033,64148,12,7,0,7,0
2020-05-08,Lassen,035,31185,2,0,2,2,0
2020-05-08,Los Angeles,037,10098052,38167,30357,19,30376,1447
2020-05-08,Madera,039,155013,121,57,1,58,2
2020-05-08,Marin,041,260295,279,257,1,258,14
2020-05-08,Mariposa,043,17540,15,15,0,15,0
2020-05-08,Mendocino,045,87422,13,10,0,10,0
2020-05-08,Merced,047,269075,241,151,0,151,3
2020-05-08,Modoc,049,8938,0,0,0,0,0
2020-05-08,Mono,051,14174,32,27,0,27,1
2020-05-08,Monterey,053,433212,343,265,1,266,6
2020-05-08,Napa,055,140530,87,78,0,78,2
2020-05-08,Nevada,057,99092,41,41,1,42,1
2020-05-08,Orange,059,3164182,5158,3395,36,3431,72
2020-05-08,Placer,061,380077,183,166,0,166,8
2020-05-08,Plumas,063,18699,4,4,0,4,0
2020-05-08,Riverside,065,2383286,5750,4672,16,4688,181
2020-05-08,Sacramento,067,1510023,1196,1145,0,1145,51
2020-05-08,San Benito,069,59416,58,51,0,51,2
2020-05-08,San Bernardino,071,2135413,3480,2631,3,2634,119
2020-05-08,San Diego,073,3302833,5682,4664,0,4664,169
2020-05-08,San Francisco,075,870044,2110,1890,0,1890,33
2020-05-08,San Joaquin,077,732212,675,595,3,598,28
2020-05-08,San Luis Obispo,079,281455,296,210,3,213,1
2020-05-08,San Mateo,081,765935,1659,1423,2,1425,62
2020-05-08,Santa Barbara,083,443738,1721,1054,6,1060,8
2020-05-08,Santa Clara,085,1922200,2863,2285,8,2293,128
2020-05-08,Santa Cruz,087,273765,153,137,0,137,2
2020-05-08,Shasta,089,179085,47,31,0,31,4
2020-05-08,Sierra,091,2930,0,0,0,0,0
2020-05-08,Siskiyou,093,43540,5,5,0,5,0
2020-05-08,Solano,095,438530,418,314,0,314,4
2020-05-08,Sonoma,097,501317,357,285,0,285,3
2020-05-08,Stanislaus,099,539301,555,487,4,491,12
2020-05-08,Sutter,101,95872,36,30,0,30,2
2020-05-08,Tehama,103,63373,2,1,0,1,1
2020-05-08,Trinity,105,12862,2,0,0,0,0
2020-05-08,Tulare,107,460477,1644,1050,6,1056,43
2020-05-08,Tuolumne,109,53932,2,2,0,2,0
2020-05-08,Ventura,111,848112,904,665,2,667,19
2020-05-08,Yolo,113,214977,189,172,0,172,18
2020-05-08,Yuba,115,75493,22,16,0,16,1
2020-05-07,Alameda,001,1643700,2313,1914,4,1918,68
2020-05-07,Alpine,003,1148,1,1,0,1,0
2020-05-07,Amador,005,37829,8,8,0,8,0
2020-05-07,Butte,007,227075,31,19,1,20,0
2020-05-07,Calaveras,009,45235,10,13,0,13,0
2020-05-07,Colusa,011,21464,3,3,0,3,0
2020-05-07,Contra Costa,013,1133247,1136,1005,0,1005,29
2020-05-07,Del Norte,015,27424,6,3,0,3,0
2020-05-07,El Dorado,017,186661,69,54,0,54,0
2020-05-07,Fresno,019,978130,1582,812,21,833,8
2020-05-07,Glenn,021,27897,8,5,0,5,0
2020-05-07,Humboldt,023,135768,66,54,0,54,0
2020-05-07,Imperial,025,180216,918,442,0,442,6
2020-05-07,Inyo,027,18085,19,20,0,20,1
2020-05-07,Kern,029,883053,1538,1176,1,1177,13
2020-05-07,Kings,031,150075,366,219,1,220,1
2020-05-07,Lake,033,64148,11,7,0,7,0
2020-05-07,Lassen,035,31185,2,0,2,2,0
2020-05-07,Los Angeles,037,10098052,37045,29544,19,29563,1399
2020-05-07,Madera,039,155013,117,54,1,55,2
2020-05-07,Marin,041,260295,272,252,1,253,14
2020-05-07,Mariposa,043,17540,15,15,0,15,0
2020-05-07,Mendocino,045,87422,13,10,0,10,0
2020-05-07,Merced,047,269075,233,146,0,146,3
2020-05-07,Modoc,049,8938,0,0,0,0,0
2020-05-07,Mono,051,14174,32,26,0,26,1
2020-05-07,Monterey,053,433212,335,249,1,250,6
2020-05-07,Napa,055,140530,87,78,0,78,2
2020-05-07,Nevada,057,99092,41,41,1,42,1
2020-05-07,Orange,059,3164182,4973,3283,35,3318,69
2020-05-07,Placer,061,380077,183,165,0,165,8
2020-05-07,Plumas,063,18699,4,4,0,4,0
2020-05-07,Riverside,065,2383286,5634,4608,16,4624,170
2020-05-07,Sacramento,067,1510023,1190,1139,0,1139,50
2020-05-07,San Benito,069,59416,58,50,0,50,2
2020-05-07,San Bernardino,071,2135413,3388,2522,3,2525,115
2020-05-07,San Diego,073,3302833,5525,4431,0,4431,165
2020-05-07,San Francisco,075,870044,2079,1852,0,1852,33
2020-05-07,San Joaquin,077,732212,662,583,3,586,28
2020-05-07,San Luis Obispo,079,281455,285,209,3,212,1
2020-05-07,San Mateo,081,765935,1637,1398,2,1400,58
2020-05-07,Santa Barbara,083,443738,1686,720,5,725,8
2020-05-07,Santa Clara,085,1922200,2825,2281,8,2289,127
2020-05-07,Santa Cruz,087,273765,150,136,0,136,2
2020-05-07,Shasta,089,179085,46,31,0,31,4
2020-05-07,Sierra,091,2930,0,0,0,0,0
2020-05-07,Siskiyou,093,43540,5,5,0,5,0
2020-05-07,Solano,095,438530,412,307,0,307,4
2020-05-07,Sonoma,097,501317,345,282,0,282,3
2020-05-07,Stanislaus,099,539301,546,466,4,470,10
2020-05-07,Sutter,101,95872,36,29,0,29,2
2020-05-07,Tehama,103,63373,2,1,0,1,1
2020-05-07,Trinity,105,12862,2,0,0,0,0
2020-05-07,Tulare,107,460477,1576,1001,6,1007,41
2020-05-07,Tuolumne,109,53932,2,2,0,2,0
2020-05-07,Ventura,111,848112,880,647,1,648,19
2020-05-07,Yolo,113,214977,188,172,0,172,18
2020-05-07,Yuba,115,75493,22,16,0,16,1
2020-05-06,Alameda,001,1643700,2275,1864,4,1868,67
2020-05-06,Alpine,003,1148,1,1,0,1,0
2020-05-06,Amador,005,37829,8,8,0,8,0
2020-05-06,Butte,007,227075,30,19,1,20,0
2020-05-06,Calaveras,009,45235,10,13,0,13,0
2020-05-06,Colusa,011,21464,3,3,0,3,0
2020-05-06,Contra Costa,013,1133247,1115,990,0,990,29
2020-05-06,Del Norte,015,27424,6,3,0,3,0
2020-05-06,El Dorado,017,186661,67,53,0,53,0
2020-05-06,Fresno,019,978130,1520,773,19,792,8
2020-05-06,Glenn,021,27897,8,3,0,3,0
2020-05-06,Humboldt,023,135768,65,54,0,54,0
2020-05-06,Imperial,025,180216,850,399,0,399,6
2020-05-06,Inyo,027,18085,19,20,0,20,1
2020-05-06,Kern,029,883053,1483,1112,1,1113,12
2020-05-06,Kings,031,150075,348,208,1,209,1
2020-05-06,Lake,033,64148,11,7,0,7,0
2020-05-06,Lassen,035,31185,2,0,2,2,0
2020-05-06,Los Angeles,037,10098052,36040,28687,19,28706,1347
2020-05-06,Madera,039,155013,115,55,1,56,2
2020-05-06,Marin,041,260295,265,244,1,245,14
2020-05-06,Mariposa,043,17540,15,14,0,14,0
2020-05-06,Mendocino,045,87422,13,10,0,10,0
2020-05-06,Merced,047,269075,226,140,0,140,3
2020-05-06,Modoc,049,8938,0,0,0,0,0
2020-05-06,Mono,051,14174,32,26,0,26,1
2020-05-06,Monterey,053,433212,327,246,1,247,6
2020-05-06,Napa,055,140530,86,78,0,78,2
2020-05-06,Nevada,057,99092,41,41,1,42,1
2020-05-06,Orange,059,3164182,4789,3156,34,3190,66
2020-05-06,Placer,061,380077,180,164,0,164,8
2020-05-06,Plumas,063,18699,4,4,0,4,0
2020-05-06,Riverside,065,2383286,5490,4535,16,4551,163
2020-05-06,Sacramento,067,1510023,1184,1135,0,1135,49
2020-05-06,San Benito,069,59416,57,50,0,50,2
2020-05-06,San Bernardino,071,2135413,3266,2426,2,2428,110
2020-05-06,San Diego,073,3302833,5392,4321,0,4321,158
2020-05-06,San Francisco,075,870044,2054,1804,0,1804,32
2020-05-06,San Joaquin,077,732212,649,581,3,584,28
2020-05-06,San Luis Obispo,079,281455,282,207,3,210,1
2020-05-06,San Mateo,081,765935,1606,1348,2,1350,57
2020-05-06,Santa Barbara,083,443738,1635,565,4,569,8
2020-05-06,Santa Clara,085,1922200,2809,2270,7,2277,127
2020-05-06,Santa Cruz,087,273765,146,135,0,135,2
2020-05-06,Shasta,089,179085,45,31,0,31,4
2020-05-06,Sierra,091,2930,0,0,0,0,0
2020-05-06,Siskiyou,093,43540,5,5,0,5,0
2020-05-06,Solano,095,438530,402,300,0,300,4
2020-05-06,Sonoma,097,501317,329,269,0,269,3
2020-05-06,Stanislaus,099,539301,530,434,4,438,9
2020-05-06,Sutter,101,95872,36,29,0,29,2
2020-05-06,Tehama,103,63373,2,1,0,1,1
2020-05-06,Trinity,105,12862,2,0,0,0,0
2020-05-06,Tulare,107,460477,1528,963,6,969,40
2020-05-06,Tuolumne,109,53932,2,2,0,2,0
2020-05-06,Ventura,111,848112,853,619,1,620,19
2020-05-06,Yolo,113,214977,187,172,0,172,18
2020-05-06,Yuba,115,75493,22,15,0,15,1
2020-05-05,Alameda,001,1643700,2232,1819,4,1823,67
2020-05-05,Alpine,003,1148,1,1,0,1,0
2020-05-05,Amador,005,37829,8,8,0,8,0
2020-05-05,Butte,007,227075,29,19,1,20,0
2020-05-05,Calaveras,009,45235,10,13,0,13,0
2020-05-05,Colusa,011,21464,3,3,0,3,0
2020-05-05,Contra Costa,013,1133247,1097,976,0,976,29
2020-05-05,Del Norte,015,27424,6,3,0,3,0
2020-05-05,El Dorado,017,186661,65,54,0,54,0
2020-05-05,Fresno,019,978130,1447,726,17,743,8
2020-05-05,Glenn,021,27897,8,3,0,3,0
2020-05-05,Humboldt,023,135768,62,54,0,54,0
2020-05-05,Imperial,025,180216,795,389,0,389,6
2020-05-05,Inyo,027,18085,19,20,0,20,1
2020-05-05,Kern,029,883053,1431,1084,1,1085,11
2020-05-05,Kings,031,150075,330,187,1,188,1
2020-05-05,Lake,033,64148,10,7,0,7,0
2020-05-05,Lassen,035,31185,2,0,2,2,0
2020-05-05,Los Angeles,037,10098052,34970,27867,19,27886,1289
2020-05-05,Madera,039,155013,112,53,1,54,2
2020-05-05,Marin,041,260295,259,244,1,245,14
2020-05-05,Mariposa,043,17540,15,14,0,14,0
2020-05-05,Mendocino,045,87422,13,10,0,10,0
2020-05-05,Merced,047,269075,221,141,0,141,3
2020-05-05,Modoc,049,8938,0,0,0,0,0
2020-05-05,Mono,051,14174,32,25,0,25,1
2020-05-05,Monterey,053,433212,313,240,1,241,6
2020-05-05,Napa,055,140530,86,74,0,74,2
2020-05-05,Nevada,057,99092,41,41,1,42,1
2020-05-05,Orange,059,3164182,4665,3041,34,3075,63
2020-05-05,Placer,061,380077,180,162,0,162,8
2020-05-05,Plumas,063,18699,4,4,0,4,0
2020-05-05,Riverside,065,2383286,5380,4309,16,4325,161
2020-05-05,Sacramento,067,1510023,1177,1125,0,1125,48
2020-05-05,San Benito,069,59416,56,50,0,50,2
2020-05-05,San Bernardino,071,2135413,3173,2345,2,2347,104
2020-05-05,San Diego,073,3302833,5249,4162,0,4162,150
2020-05-05,San Francisco,075,870044,2019,1779,0,1779,31
2020-05-05,San Joaquin,077,732212,640,577,3,580,26
2020-05-05,San Luis Obispo,079,281455,281,203,3,206,1
2020-05-05,San Mateo,081,765935,1574,1335,2,1337,56
2020-05-05,Santa Barbara,083,443738,1400,541,4,545,7
2020-05-05,Santa Clara,085,1922200,2763,2249,6,2255,124
2020-05-05,Santa Cruz,087,273765,143,134,0,134,2
2020-05-05,Shasta,089,179085,44,31,0,31,4
2020-05-05,Sierra,091,2930,0,0,0,0,0
2020-05-05,Siskiyou,093,43540,5,5,0,5,0
2020-05-05,Solano,095,438530,386,299,0,299,4
2020-05-05,Sonoma,097,501317,326,263,0,263,3
2020-05-05,Stanislaus,099,539301,518,430,4,434,9
2020-05-05,Sutter,101,95872,36,29,0,29,2
2020-05-05,Tehama,103,63373,2,1,0,1,1
2020-05-05,Trinity,105,12862,2,0,0,0,0
2020-05-05,Tulare,107,460477,1432,869,6,875,40
2020-05-05,Tuolumne,109,53932,2,2,0,2,0
2020-05-05,Ventura,111,848112,829,607,1,608,19
2020-05-05,Yolo,113,214977,185,171,0,171,18
2020-05-05,Yuba,115,75493,22,15,0,15,1
2020-05-04,Alameda,001,1643700,2173,1762,4,1766,65
2020-05-04,Alpine,003,1148,1,1,0,1,0
2020-05-04,Amador,005,37829,7,8,0,8,0
2020-05-04,Butte,007,227075,28,16,1,17,0
2020-05-04,Calaveras,009,45235,10,13,0,13,0
2020-05-04,Colusa,011,21464,3,3,0,3,0
2020-05-04,Contra Costa,013,1133247,1079,949,0,949,28
2020-05-04,Del Norte,015,27424,5,3,0,3,0
2020-05-04,El Dorado,017,186661,64,51,0,51,0
2020-05-04,Fresno,019,978130,1375,680,16,696,8
2020-05-04,Glenn,021,27897,8,4,0,4,0
2020-05-04,Humboldt,023,135768,60,54,0,54,0
2020-05-04,Imperial,025,180216,743,351,0,351,6
2020-05-04,Inyo,027,18085,19,20,0,20,1
2020-05-04,Kern,029,883053,1389,1047,1,1048,8
2020-05-04,Kings,031,150075,313,153,1,154,1
2020-05-04,Lake,033,64148,9,7,0,7,0
2020-05-04,Lassen,035,31185,1,0,2,2,0
2020-05-04,Los Angeles,037,10098052,33669,26243,18,26261,1235
2020-05-04,Madera,039,155013,110,52,1,53,2
2020-05-04,Marin,041,260295,254,244,1,245,13
2020-05-04,Mariposa,043,17540,15,13,0,13,0
2020-05-04,Mendocino,045,87422,13,10,0,10,0
2020-05-04,Merced,047,269075,221,138,0,138,3
2020-05-04,Modoc,049,8938,0,0,0,0,0
2020-05-04,Mono,051,14174,32,25,0,25,1
2020-05-04,Monterey,053,433212,302,237,1,238,6
2020-05-04,Napa,055,140530,86,72,0,72,2
2020-05-04,Nevada,057,99092,41,41,1,42,1
2020-05-04,Orange,059,3164182,4527,2931,31,2962,57
2020-05-04,Placer,061,380077,178,162,0,162,8
2020-05-04,Plumas,063,18699,4,4,0,4,0
2020-05-04,Riverside,065,2383286,5286,4221,16,4237,147
2020-05-04,Sacramento,067,1510023,1167,1119,0,1119,44
2020-05-04,San Benito,069,59416,54,49,0,49,2
2020-05-04,San Bernardino,071,2135413,3032,2184,2,2186,99
2020-05-04,San Diego,073,3302833,5108,4022,0,4022,144
2020-05-04,San Francisco,075,870044,1981,1760,0,1760,31
2020-05-04,San Joaquin,077,732212,626,574,3,577,26
2020-05-04,San Luis Obispo,079,281455,278,202,3,205,1
2020-05-04,San Mateo,081,765935,1549,1313,2,1315,53
2020-05-04,Santa Barbara,083,443738,1136,524,4,528,7
2020-05-04,Santa Clara,085,1922200,2748,2238,6,2244,119
2020-05-04,Santa Cruz,087,273765,142,133,0,133,2
2020-05-04,Shasta,089,179085,42,31,0,31,4
2020-05-04,Sierra,091,2930,0,0,0,0,0
2020-05-04,Siskiyou,093,43540,5,5,0,5,0
2020-05-04,Solano,095,438530,372,293,0,293,4
2020-05-04,Sonoma,097,501317,312,256,0,256,4
2020-05-04,Stanislaus,099,539301,512,422,4,426,8
2020-05-04,Sutter,101,95872,33,28,0,28,2
2020-05-04,Tehama,103,63373,2,1,0,1,1
2020-05-04,Trinity,105,12862,1,0,0,0,0
2020-05-04,Tulare,107,460477,1354,760,6,766,40
2020-05-04,Tuolumne,109,53932,2,3,0,3,0
2020-05-04,Ventura,111,848112,808,590,1,591,19
2020-05-04,Yolo,113,214977,184,171,0,171,18
2020-05-04,Yuba,115,75493,19,16,0,16,1
2020-05-03,Alameda,001,1643700,2116,1731,4,1735,64
2020-05-03,Alpine,003,1148,1,1,0,1,0
2020-05-03,Amador,005,37829,7,8,0,8,0
2020-05-03,Butte,007,227075,28,17,1,18,0
2020-05-03,Calaveras,009,45235,10,13,0,13,0
2020-05-03,Colusa,011,21464,3,3,0,3,0
2020-05-03,Contra Costa,013,1133247,1063,945,0,945,28
2020-05-03,Del Norte,015,27424,5,3,0,3,0
2020-05-03,El Dorado,017,186661,62,49,0,49,0
2020-05-03,Fresno,019,978130,1281,646,14,660,8
2020-05-03,Glenn,021,27897,7,5,0,5,0
2020-05-03,Humboldt,023,135768,59,54,0,54,0
2020-05-03,Imperial,025,180216,687,351,0,351,6
2020-05-03,Inyo,027,18085,19,20,0,20,1
2020-05-03,Kern,029,883053,1334,1025,1,1026,8
2020-05-03,Kings,031,150075,293,137,1,138,1
2020-05-03,Lake,033,64148,9,7,0,7,0
2020-05-03,Lassen,035,31185,1,0,2,2,0
2020-05-03,Los Angeles,037,10098052,32685,25708,18,25726,1210
2020-05-03,Madera,039,155013,103,46,1,47,2
2020-05-03,Marin,041,260295,249,243,1,244,13
2020-05-03,Mariposa,043,17540,15,13,0,13,0
2020-05-03,Mendocino,045,87422,13,10,0,10,0
2020-05-03,Merced,047,269075,213,134,0,134,3
2020-05-03,Modoc,049,8938,0,0,0,0,0
2020-05-03,Mono,051,14174,32,25,0,25,1
2020-05-03,Monterey,053,433212,293,235,1,236,6
2020-05-03,Napa,055,140530,86,72,0,72,2
2020-05-03,Nevada,057,99092,41,41,1,42,1
2020-05-03,Orange,059,3164182,4353,2859,30,2889,55
2020-05-03,Placer,061,380077,178,161,0,161,8
2020-05-03,Plumas,063,18699,4,4,0,4,0
2020-05-03,Riverside,065,2383286,5181,4034,16,4050,139
2020-05-03,Sacramento,067,1510023,1158,1109,0,1109,43
2020-05-03,San Benito,069,59416,54,49,0,49,2
2020-05-03,San Bernardino,071,2135413,2971,2123,2,2125,99
2020-05-03,San Diego,073,3302833,4970,3929,0,3929,142
2020-05-03,San Francisco,075,870044,1952,1692,0,1692,30
2020-05-03,San Joaquin,077,732212,619,570,3,573,26
2020-05-03,San Luis Obispo,079,281455,275,200,3,203,1
2020-05-03,San Mateo,081,765935,1521,1277,2,1279,53
2020-05-03,Santa Barbara,083,443738,757,512,4,516,7
2020-05-03,Santa Clara,085,1922200,2711,2235,6,2241,116
2020-05-03,Santa Cruz,087,273765,142,133,0,133,2
2020-05-03,Shasta,089,179085,40,31,0,31,4
2020-05-03,Sierra,091,2930,0,0,0,0,0
2020-05-03,Siskiyou,093,43540,5,5,0,5,0
2020-05-03,Solano,095,438530,362,266,0,266,4
2020-05-03,Sonoma,097,501317,303,254,0,254,4
2020-05-03,Stanislaus,099,539301,484,411,4,415,8
2020-05-03,Sutter,101,95872,31,28,0,28,2
2020-05-03,Tehama,103,63373,2,1,0,1,1
2020-05-03,Trinity,105,12862,1,0,0,0,0
2020-05-03,Tulare,107,460477,1275,736,6,742,40
2020-05-03,Tuolumne,109,53932,2,3,0,3,0
2020-05-03,Ventura,111,848112,774,583,1,584,19
2020-05-03,Yolo,113,214977,183,171,0,171,18
2020-05-03,Yuba,115,75493,19,16,0,16,1
2020-05-02,Alameda,001,1643700,2079,1678,4,1682,63
2020-05-02,Alpine,003,1148,1,1,0,1,0
2020-05-02,Amador,005,37829,7,8,0,8,0
2020-05-02,Butte,007,227075,28,17,1,18,0
2020-05-02,Calaveras,009,45235,10,13,0,13,0
2020-05-02,Colusa,011,21464,3,3,0,3,0
2020-05-02,Contra Costa,013,1133247,1046,929,0,929,28
2020-05-02,Del Norte,015,27424,5,3,0,3,0
2020-05-02,El Dorado,017,186661,62,47,0,47,0
2020-05-02,Fresno,019,978130,1255,629,13,642,8
2020-05-02,Glenn,021,27897,7,5,0,5,0
2020-05-02,Humboldt,023,135768,59,54,0,54,0
2020-05-02,Imperial,025,180216,660,345,0,345,6
2020-05-02,Inyo,027,18085,19,20,0,20,1
2020-05-02,Kern,029,883053,1308,1007,1,1008,8
2020-05-02,Kings,031,150075,290,120,1,121,1
2020-05-02,Lake,033,64148,9,7,0,7,0
2020-05-02,Lassen,035,31185,1,0,2,2,0
2020-05-02,Los Angeles,037,10098052,32156,24955,18,24973,1192
2020-05-02,Madera,039,155013,103,46,1,47,2
2020-05-02,Marin,041,260295,248,243,1,244,13
2020-05-02,Mariposa,043,17540,15,13,0,13,0
2020-05-02,Mendocino,045,87422,13,10,0,10,0
2020-05-02,Merced,047,269075,210,131,0,131,3
2020-05-02,Modoc,049,8938,0,0,0,0,0
2020-05-02,Mono,051,14174,32,25,0,25,1
2020-05-02,Monterey,053,433212,287,225,1,226,5
2020-05-02,Napa,055,140530,86,71,0,71,2
2020-05-02,Nevada,057,99092,41,41,1,42,1
2020-05-02,Orange,059,3164182,4239,2774,30,2804,52
2020-05-02,Placer,061,380077,176,150,0,150,8
2020-05-02,Plumas,063,18699,4,4,0,4,0
2020-05-02,Riverside,065,2383286,5115,3997,16,4013,137
2020-05-02,Sacramento,067,1510023,1155,1097,0,1097,43
2020-05-02,San Benito,069,59416,54,49,0,49,2
2020-05-02,San Bernardino,071,2135413,2932,2124,2,2126,99
2020-05-02,San Diego,073,3302833,4868,3844,0,3844,138
2020-05-02,San Francisco,075,870044,1929,1632,0,1632,29
2020-05-02,San Joaquin,077,732212,611,559,3,562,25
2020-05-02,San Luis Obispo,079,281455,269,193,3,196,1
2020-05-02,San Mateo,081,765935,1505,1272,2,1274,52
2020-05-02,Santa Barbara,083,443738,743,506,4,510,7
2020-05-02,Santa Clara,085,1922200,2701,2203,6,2209,115
2020-05-02,Santa Cruz,087,273765,141,131,0,131,2
2020-05-02,Shasta,089,179085,40,31,0,31,4
2020-05-02,Sierra,091,2930,0,0,0,0,0
2020-05-02,Siskiyou,093,43540,5,5,0,5,0
2020-05-02,Solano,095,438530,355,267,0,267,4
2020-05-02,Sonoma,097,501317,300,250,0,250,3
2020-05-02,Stanislaus,099,539301,476,388,4,392,8
2020-05-02,Sutter,101,95872,31,28,0,28,2
2020-05-02,Tehama,103,63373,2,1,0,1,1
2020-05-02,Trinity,105,12862,1,0,0,0,0
2020-05-02,Tulare,107,460477,1232,711,6,717,35
2020-05-02,Tuolumne,109,53932,2,3,0,3,0
2020-05-02,Ventura,111,848112,760,564,1,565,19
2020-05-02,Yolo,113,214977,183,169,0,169,17
2020-05-02,Yuba,115,75493,19,16,0,16,1
2020-05-01,Alameda,001,1643700,2041,1630,4,1634,63
2020-05-01,Alpine,003,1148,1,1,0,1,0
2020-05-01,Amador,005,37829,7,8,0,8,0
2020-05-01,Butte,007,227075,28,17,1,18,0
2020-05-01,Calaveras,009,45235,10,13,0,13,0
2020-05-01,Colusa,011,21464,3,3,0,3,0
2020-05-01,Contra Costa,013,1133247,1032,915,0,915,28
2020-05-01,Del Norte,015,27424,5,3,0,3,0
2020-05-01,El Dorado,017,186661,62,47,0,47,0
2020-05-01,Fresno,019,978130,1224,617,13,630,7
2020-05-01,Glenn,021,27897,7,4,0,4,0
2020-05-01,Humboldt,023,135768,59,54,0,54,0
2020-05-01,Imperial,025,180216,623,337,0,337,6
2020-05-01,Inyo,027,18085,19,20,0,20,1
2020-05-01,Kern,029,883053,1281,972,1,973,8
2020-05-01,Kings,031,150075,273,112,1,113,1
2020-05-01,Lake,033,64148,9,6,0,6,0
2020-05-01,Lassen,035,31185,1,0,2,2,0
2020-05-01,Los Angeles,037,10098052,31401,24306,18,24324,1155
2020-05-01,Madera,039,155013,99,46,1,47,2
2020-05-01,Marin,041,260295,248,242,1,243,13
2020-05-01,Mariposa,043,17540,15,10,0,10,0
2020-05-01,Mendocino,045,87422,13,11,0,11,0
2020-05-01,Merced,047,269075,207,131,0,131,3
2020-05-01,Modoc,049,8938,0,0,0,0,0
2020-05-01,Mono,051,14174,32,25,0,25,1
2020-05-01,Monterey,053,433212,283,222,1,223,5
2020-05-01,Napa,055,140530,86,69,0,69,2
2020-05-01,Nevada,057,99092,41,41,1,42,1
2020-05-01,Orange,059,3164182,4162,2660,28,2688,51
2020-05-01,Placer,061,380077,175,149,0,149,8
2020-05-01,Plumas,063,18699,4,4,0,4,0
2020-05-01,Riverside,065,2383286,5051,3893,16,3909,132
2020-05-01,Sacramento,067,1510023,1150,1081,0,1081,43
2020-05-01,San Benito,069,59416,54,49,0,49,2
2020-05-01,San Bernardino,071,2135413,2877,2084,2,2086,98
2020-05-01,San Diego,073,3302833,4777,3713,0,3713,134
2020-05-01,San Francisco,075,870044,1885,1552,0,1552,29
2020-05-01,San Joaquin,077,732212,607,554,3,557,25
2020-05-01,San Luis Obispo,079,281455,266,186,3,189,1
2020-05-01,San Mateo,081,765935,1483,1222,2,1224,52
2020-05-01,Santa Barbara,083,443738,726,499,3,502,7
2020-05-01,Santa Clara,085,1922200,2689,2176,6,2182,112
2020-05-01,Santa Cruz,087,273765,141,127,0,127,2
2020-05-01,Shasta,089,179085,40,31,0,31,4
2020-05-01,Sierra,091,2930,0,0,0,0,0
2020-05-01,Siskiyou,093,43540,5,5,0,5,0
2020-05-01,Solano,095,438530,347,266,0,266,4
2020-05-01,Sonoma,097,501317,297,242,0,242,3
2020-05-01,Stanislaus,099,539301,471,384,4,388,8
2020-05-01,Sutter,101,95872,31,28,0,28,2
2020-05-01,Tehama,103,63373,2,1,0,1,1
2020-05-01,Trinity,105,12862,1,0,0,0,0
2020-05-01,Tulare,107,460477,1188,685,6,691,32
2020-05-01,Tuolumne,109,53932,2,3,0,3,0
2020-05-01,Ventura,111,848112,747,556,1,557,18
2020-05-01,Yolo,113,214977,183,165,0,165,18
2020-05-01,Yuba,115,75493,19,16,0,16,1
2020-04-30,Alameda,001,1643700,1981,1599,4,1603,60
2020-04-30,Alpine,003,1148,1,1,0,1,0
2020-04-30,Amador,005,37829,7,8,0,8,0
2020-04-30,Butte,007,227075,28,16,1,17,0
2020-04-30,Calaveras,009,45235,10,13,0,13,0
2020-04-30,Colusa,011,21464,3,3,0,3,0
2020-04-30,Contra Costa,013,1133247,1010,900,0,900,25
2020-04-30,Del Norte,015,27424,4,3,0,3,0
2020-04-30,El Dorado,017,186661,62,44,0,44,0
2020-04-30,Fresno,019,978130,1160,562,10,572,7
2020-04-30,Glenn,021,27897,7,4,0,4,0
2020-04-30,Humboldt,023,135768,59,54,0,54,0
2020-04-30,Imperial,025,180216,577,322,0,322,6
2020-04-30,Inyo,027,18085,19,20,0,20,1
2020-04-30,Kern,029,883053,1249,941,1,942,8
2020-04-30,Kings,031,150075,261,87,1,88,1
2020-04-30,Lake,033,64148,9,6,0,6,0
2020-04-30,Lassen,035,31185,1,0,2,2,0
2020-04-30,Los Angeles,037,10098052,30394,23284,18,23302,1099
2020-04-30,Madera,039,155013,88,46,1,47,2
2020-04-30,Marin,041,260295,248,240,1,241,13
2020-04-30,Mariposa,043,17540,15,3,0,3,0
2020-04-30,Mendocino,045,87422,13,11,0,11,0
2020-04-30,Merced,047,269075,200,122,0,122,3
2020-04-30,Modoc,049,8938,0,0,0,0,0
2020-04-30,Mono,051,14174,31,25,0,25,1
2020-04-30,Monterey,053,433212,273,213,1,214,5
2020-04-30,Napa,055,140530,84,69,0,69,2
2020-04-30,Nevada,057,99092,41,41,1,42,1
2020-04-30,Orange,059,3164182,3939,2591,25,2616,46
2020-04-30,Placer,061,380077,174,148,0,148,8
2020-04-30,Plumas,063,18699,4,4,0,4,0
2020-04-30,Riverside,065,2383286,4951,3820,15,3835,124
2020-04-30,Sacramento,067,1510023,1144,1071,0,1071,43
2020-04-30,San Benito,069,59416,54,48,0,48,2
2020-04-30,San Bernardino,071,2135413,2675,2020,2,2022,96
2020-04-30,San Diego,073,3302833,4606,3566,0,3566,124
2020-04-30,San Francisco,075,870044,1851,1518,0,1518,26
2020-04-30,San Joaquin,077,732212,599,548,3,551,25
2020-04-30,San Luis Obispo,079,281455,263,182,3,185,1
2020-04-30,San Mateo,081,765935,1453,1194,2,1196,52
2020-04-30,Santa Barbara,083,443738,700,490,3,493,7
2020-04-30,Santa Clara,085,1922200,2650,2172,6,2178,111
2020-04-30,Santa Cruz,087,273765,140,126,0,126,2
2020-04-30,Shasta,089,179085,39,31,0,31,4
2020-04-30,Sierra,091,2930,0,0,0,0,0
2020-04-30,Siskiyou,093,43540,5,5,0,5,0
2020-04-30,Solano,095,438530,337,262,0,262,4
2020-04-30,Sonoma,097,501317,288,233,0,233,3
2020-04-30,Stanislaus,099,539301,464,378,4,382,7
2020-04-30,Sutter,101,95872,31,28,0,28,2
2020-04-30,Tehama,103,63373,1,1,0,1,1
2020-04-30,Trinity,105,12862,1,0,0,0,0
2020-04-30,Tulare,107,460477,1124,637,6,643,31
2020-04-30,Tuolumne,109,53932,2,3,0,3,0
2020-04-30,Ventura,111,848112,719,547,1,548,18
2020-04-30,Yolo,113,214977,182,164,0,164,16
2020-04-30,Yuba,115,75493,19,15,0,15,1
2020-04-29,Alameda,001,1643700,1923,1564,3,1567,60
2020-04-29,Alpine,003,1148,1,1,0,1,0
2020-04-29,Amador,005,37829,7,8,0,8,0
2020-04-29,Butte,007,227075,28,16,1,17,0
2020-04-29,Calaveras,009,45235,10,13,0,13,0
2020-04-29,Colusa,011,21464,3,3,0,3,0
2020-04-29,Contra Costa,013,1133247,991,885,0,885,25
2020-04-29,Del Norte,015,27424,4,3,0,3,0
2020-04-29,El Dorado,017,186661,60,44,0,44,0
2020-04-29,Fresno,019,978130,1108,544,10,554,7
2020-04-29,Glenn,021,27897,7,4,0,4,0
2020-04-29,Humboldt,023,135768,59,53,0,53,0
2020-04-29,Imperial,025,180216,547,300,0,300,6
2020-04-29,Inyo,027,18085,19,20,0,20,1
2020-04-29,Kern,029,883053,1206,910,1,911,6
2020-04-29,Kings,031,150075,242,80,1,81,1
2020-04-29,Lake,033,64148,9,6,0,6,0
2020-04-29,Lassen,035,31185,1,0,2,2,0
2020-04-29,Los Angeles,037,10098052,29416,22560,18,22578,1043
2020-04-29,Madera,039,155013,86,45,1,46,2
2020-04-29,Marin,041,260295,245,234,1,235,13
2020-04-29,Mariposa,043,17540,15,1,0,1,0
2020-04-29,Mendocino,045,87422,13,11,0,11,0
2020-04-29,Merced,047,269075,193,116,0,116,3
2020-04-29,Modoc,049,8938,0,0,0,0,0
2020-04-29,Mono,051,14174,31,25,0,25,1
2020-04-29,Monterey,053,433212,265,204,1,205,5
2020-04-29,Napa,055,140530,82,68,0,68,2
2020-04-29,Nevada,057,99092,41,41,1,42,1
2020-04-29,Orange,059,3164182,3804,2421,24,2445,43
2020-04-29,Placer,061,380077,172,145,0,145,8
2020-04-29,Plumas,063,18699,4,4,0,4,0
2020-04-29,Riverside,065,2383286,4875,3700,15,3715,116
2020-04-29,Sacramento,067,1510023,1122,1055,0,1055,41
2020-04-29,San Benito,069,59416,54,48,0,48,2
2020-04-29,San Bernardino,071,2135413,2588,1975,1,1976,91
2020-04-29,San Diego,073,3302833,4464,3434,0,3434,120
2020-04-29,San Francisco,075,870044,1822,1489,0,1489,23
2020-04-29,San Joaquin,077,732212,591,540,3,543,25
2020-04-29,San Luis Obispo,079,281455,261,181,3,184,1
2020-04-29,San Mateo,081,765935,1427,1170,2,1172,50
2020-04-29,Santa Barbara,083,443738,682,477,3,480,7
2020-04-29,Santa Clara,085,1922200,2624,2147,6,2153,108
2020-04-29,Santa Cruz,087,273765,139,124,0,124,2
2020-04-29,Shasta,089,179085,38,31,0,31,4
2020-04-29,Sierra,091,2930,0,0,0,0,0
2020-04-29,Siskiyou,093,43540,5,5,0,5,0
2020-04-29,Solano,095,438530,313,252,0,252,3
2020-04-29,Sonoma,097,501317,280,230,0,230,2
2020-04-29,Stanislaus,099,539301,451,374,4,378,5
2020-04-29,Sutter,101,95872,31,28,0,28,2
2020-04-29,Tehama,103,63373,1,1,0,1,1
2020-04-29,Trinity,105,12862,1,0,0,0,0
2020-04-29,Tulare,107,460477,1051,615,5,620,30
2020-04-29,Tuolumne,109,53932,2,4,0,4,0
2020-04-29,Ventura,111,848112,695,530,1,531,18
2020-04-29,Yolo,113,214977,179,161,0,161,11
2020-04-29,Yuba,115,75493,19,15,0,15,1
2020-04-28,Alameda,001,1643700,1866,1525,3,1528,55
2020-04-28,Alpine,003,1148,1,1,0,1,0
2020-04-28,Amador,005,37829,7,8,0,8,0
2020-04-28,Butte,007,227075,28,16,1,17,0
2020-04-28,Calaveras,009,45235,10,13,0,13,0
2020-04-28,Colusa,011,21464,3,3,0,3,0
2020-04-28,Contra Costa,013,1133247,984,866,0,866,25
2020-04-28,Del Norte,015,27424,4,3,0,3,0
2020-04-28,El Dorado,017,186661,59,43,0,43,0
2020-04-28,Fresno,019,978130,1057,525,8,533,7
2020-04-28,Glenn,021,27897,5,4,0,4,0
2020-04-28,Humboldt,023,135768,58,53,0,53,0
2020-04-28,Imperial,025,180216,513,295,0,295,6
2020-04-28,Inyo,027,18085,19,20,0,20,1
2020-04-28,Kern,029,883053,1163,882,1,883,5
2020-04-28,Kings,031,150075,229,57,1,58,1
2020-04-28,Lake,033,64148,9,6,0,6,0
2020-04-28,Lassen,035,31185,1,0,2,2,0
2020-04-28,Los Angeles,037,10098052,28350,21029,18,21047,984
2020-04-28,Madera,039,155013,86,44,1,45,2
2020-04-28,Marin,041,260295,244,228,1,229,12
2020-04-28,Mariposa,043,17540,15,0,0,0,0
2020-04-28,Mendocino,045,87422,13,10,0,10,0
2020-04-28,Merced,047,269075,186,108,0,108,3
2020-04-28,Modoc,049,8938,0,0,0,0,0
2020-04-28,Mono,051,14174,31,25,0,25,1
2020-04-28,Monterey,053,433212,259,191,1,192,5
2020-04-28,Napa,055,140530,81,67,0,67,2
2020-04-28,Nevada,057,99092,41,41,1,42,1
2020-04-28,Orange,059,3164182,3639,2324,23,2347,42
2020-04-28,Placer,061,380077,162,143,0,143,8
2020-04-28,Plumas,063,18699,4,4,0,4,0
2020-04-28,Riverside,065,2383286,4780,3504,15,3519,113
2020-04-28,Sacramento,067,1510023,1107,1044,0,1044,41
2020-04-28,San Benito,069,59416,52,46,0,46,2
2020-04-28,San Bernardino,071,2135413,2511,1891,1,1892,89
2020-04-28,San Diego,073,3302833,4334,3316,0,3316,118
2020-04-28,San Francisco,075,870044,1787,1471,0,1471,23
2020-04-28,San Joaquin,077,732212,585,532,3,535,25
2020-04-28,San Luis Obispo,079,281455,254,172,3,175,1
2020-04-28,San Mateo,081,765935,1414,1129,2,1131,48
2020-04-28,Santa Barbara,083,443738,675,469,3,472,7
2020-04-28,Santa Clara,085,1922200,2590,2130,6,2136,106
2020-04-28,Santa Cruz,087,273765,139,123,0,123,2
2020-04-28,Shasta,089,179085,38,29,0,29,4
2020-04-28,Sierra,091,2930,0,0,0,0,0
2020-04-28,Siskiyou,093,43540,5,5,0,5,0
2020-04-28,Solano,095,438530,294,246,0,246,3
2020-04-28,Sonoma,097,501317,277,226,0,226,1
2020-04-28,Stanislaus,099,539301,435,330,4,334,5
2020-04-28,Sutter,101,95872,31,25,0,25,2
2020-04-28,Tehama,103,63373,1,1,0,1,1
2020-04-28,Trinity,105,12862,1,0,0,0,0
2020-04-28,Tulare,107,460477,955,579,5,584,30
2020-04-28,Tuolumne,109,53932,2,4,0,4,0
2020-04-28,Ventura,111,848112,675,517,1,518,17
2020-04-28,Yolo,113,214977,179,160,0,160,10
2020-04-28,Yuba,115,75493,19,15,0,15,1
2020-04-27,Alameda,001,1643700,1806,1494,3,1497,53
2020-04-27,Alpine,003,1148,1,1,0,1,0
2020-04-27,Amador,005,37829,7,8,0,8,0
2020-04-27,Butte,007,227075,27,16,1,17,0
2020-04-27,Calaveras,009,45235,10,13,0,13,0
2020-04-27,Colusa,011,21464,3,3,0,3,0
2020-04-27,Contra Costa,013,1133247,972,843,0,843,25
2020-04-27,Del Norte,015,27424,4,3,0,3,0
2020-04-27,El Dorado,017,186661,58,43,0,43,0
2020-04-27,Fresno,019,978130,952,504,7,511,7
2020-04-27,Glenn,021,27897,5,4,0,4,0
2020-04-27,Humboldt,023,135768,58,52,0,52,0
2020-04-27,Imperial,025,180216,483,290,0,290,6
2020-04-27,Inyo,027,18085,19,20,0,20,1
2020-04-27,Kern,029,883053,1124,865,1,866,4
2020-04-27,Kings,031,150075,206,48,1,49,1
2020-04-27,Lake,033,64148,8,6,0,6,0
2020-04-27,Lassen,035,31185,1,0,2,2,0
2020-04-27,Los Angeles,037,10098052,27332,20456,18,20474,931
2020-04-27,Madera,039,155013,84,42,1,43,2
2020-04-27,Marin,041,260295,239,227,1,228,12
2020-04-27,Mariposa,043,17540,14,0,0,0,0
2020-04-27,Mendocino,045,87422,13,10,0,10,0
2020-04-27,Merced,047,269075,183,108,0,108,3
2020-04-27,Modoc,049,8938,0,0,0,0,0
2020-04-27,Mono,051,14174,31,23,0,23,1
2020-04-27,Monterey,053,433212,252,185,1,186,4
2020-04-27,Napa,055,140530,77,64,0,64,2
2020-04-27,Nevada,057,99092,41,39,1,40,1
2020-04-27,Orange,059,3164182,3469,2198,23,2221,42
2020-04-27,Placer,061,380077,162,142,0,142,8
2020-04-27,Plumas,063,18699,4,4,0,4,0
2020-04-27,Riverside,065,2383286,4657,3381,15,3396,100
2020-04-27,Sacramento,067,1510023,1092,1035,0,1035,41
2020-04-27,San Benito,069,59416,50,45,0,45,2
2020-04-27,San Bernardino,071,2135413,2397,1742,1,1743,82
2020-04-27,San Diego,073,3302833,4208,3143,0,3143,113
2020-04-27,San Francisco,075,870044,1733,1453,0,1453,23
2020-04-27,San Joaquin,077,732212,579,522,3,525,25
2020-04-27,San Luis Obispo,079,281455,246,166,3,169,1
2020-04-27,San Mateo,081,765935,1392,1092,2,1094,46
2020-04-27,Santa Barbara,083,443738,659,466,3,469,7
2020-04-27,Santa Clara,085,1922200,2565,2104,5,2109,105
2020-04-27,Santa Cruz,087,273765,139,123,0,123,2
2020-04-27,Shasta,089,179085,38,29,0,29,4
2020-04-27,Sierra,091,2930,0,0,0,0,0
2020-04-27,Siskiyou,093,43540,5,5,0,5,0
2020-04-27,Solano,095,438530,294,222,0,222,3
2020-04-27,Sonoma,097,501317,268,220,0,220,1
2020-04-27,Stanislaus,099,539301,419,316,4,320,5
2020-04-27,Sutter,101,95872,29,26,0,26,2
2020-04-27,Tehama,103,63373,1,1,0,1,1
2020-04-27,Trinity,105,12862,1,0,0,0,0
2020-04-27,Tulare,107,460477,884,535,5,540,28
2020-04-27,Tuolumne,109,53932,2,3,0,3,0
2020-04-27,Ventura,111,848112,656,513,1,514,17
2020-04-27,Yolo,113,214977,176,160,0,160,9
2020-04-27,Yuba,115,75493,19,15,0,15,1
2020-04-26,Alameda,001,1643700,1745,1449,3,1452,52
2020-04-26,Alpine,003,1148,1,1,0,1,0
2020-04-26,Amador,005,37829,7,8,0,8,0
2020-04-26,Butte,007,227075,27,16,1,17,0
2020-04-26,Calaveras,009,45235,10,13,0,13,0
2020-04-26,Colusa,011,21464,3,3,0,3,0
2020-04-26,Contra Costa,013,1133247,956,830,0,830,25
2020-04-26,Del Norte,015,27424,3,3,0,3,0
2020-04-26,El Dorado,017,186661,56,41,0,41,0
2020-04-26,Fresno,019,978130,859,476,7,483,7
2020-04-26,Glenn,021,27897,5,4,0,4,0
2020-04-26,Humboldt,023,135768,58,53,0,53,0
2020-04-26,Imperial,025,180216,449,272,0,272,6
2020-04-26,Inyo,027,18085,19,20,0,20,1
2020-04-26,Kern,029,883053,1074,831,1,832,4
2020-04-26,Kings,031,150075,181,33,1,34,1
2020-04-26,Lake,033,64148,8,6,0,6,0
2020-04-26,Lassen,035,31185,1,0,2,2,0
2020-04-26,Los Angeles,037,10098052,26183,19570,18,19588,901
2020-04-26,Madera,039,155013,82,39,1,40,2
2020-04-26,Marin,041,260295,233,225,1,226,12
2020-04-26,Mariposa,043,17540,14,0,0,0,0
2020-04-26,Mendocino,045,87422,13,5,0,5,0
2020-04-26,Merced,047,269075,166,104,0,104,3
2020-04-26,Modoc,049,8938,0,0,0,0,0
2020-04-26,Mono,051,14174,31,23,0,23,1
2020-04-26,Monterey,053,433212,245,182,1,183,4
2020-04-26,Napa,055,140530,76,62,0,62,2
2020-04-26,Nevada,057,99092,41,37,1,38,1
2020-04-26,Orange,059,3164182,3304,2124,23,2147,40
2020-04-26,Placer,061,380077,161,141,0,141,8
2020-04-26,Plumas,063,18699,4,4,0,4,0
2020-04-26,Riverside,065,2383286,4514,3301,15,3316,95
2020-04-26,Sacramento,067,1510023,1083,1027,0,1027,41
2020-04-26,San Benito,069,59416,50,45,0,45,2
2020-04-26,San Bernardino,071,2135413,2300,1681,1,1682,82
2020-04-26,San Diego,073,3302833,4066,3045,0,3045,111
2020-04-26,San Francisco,075,870044,1694,1403,0,1403,23
2020-04-26,San Joaquin,077,732212,571,514,3,517,25
2020-04-26,San Luis Obispo,079,281455,243,165,3,168,1
2020-04-26,San Mateo,081,765935,1366,1070,2,1072,46
2020-04-26,Santa Barbara,083,443738,646,464,3,467,7
2020-04-26,Santa Clara,085,1922200,2542,2097,4,2101,102
2020-04-26,Santa Cruz,087,273765,139,116,0,116,2
2020-04-26,Shasta,089,179085,35,29,0,29,4
2020-04-26,Sierra,091,2930,0,0,0,0,0
2020-04-26,Siskiyou,093,43540,5,5,0,5,0
2020-04-26,Solano,095,438530,285,205,0,205,3
2020-04-26,Sonoma,097,501317,257,216,0,216,1
2020-04-26,Stanislaus,099,539301,404,294,4,298,4
2020-04-26,Sutter,101,95872,29,26,0,26,2
2020-04-26,Tehama,103,63373,1,1,0,1,1
2020-04-26,Trinity,105,12862,1,0,0,0,0
2020-04-26,Tulare,107,460477,825,497,5,502,28
2020-04-26,Tuolumne,109,53932,2,3,0,3,0
2020-04-26,Ventura,111,848112,638,509,1,510,17
2020-04-26,Yolo,113,214977,175,158,0,158,8
2020-04-26,Yuba,115,75493,18,15,0,15,1
2020-04-25,Alameda,001,1643700,1720,1396,3,1399,52
2020-04-25,Alpine,003,1148,1,1,0,1,0
2020-04-25,Amador,005,37829,7,8,0,8,0
2020-04-25,Butte,007,227075,26,16,1,17,0
2020-04-25,Calaveras,009,45235,10,12,0,12,0
2020-04-25,Colusa,011,21464,3,3,0,3,0
2020-04-25,Contra Costa,013,1133247,942,821,0,821,24
2020-04-25,Del Norte,015,27424,2,2,0,2,0
2020-04-25,El Dorado,017,186661,55,41,0,41,0
2020-04-25,Fresno,019,978130,828,459,6,465,7
2020-04-25,Glenn,021,27897,5,4,0,4,0
2020-04-25,Humboldt,023,135768,58,53,0,53,0
2020-04-25,Imperial,025,180216,432,232,0,232,6
2020-04-25,Inyo,027,18085,19,20,0,20,1
2020-04-25,Kern,029,883053,1043,802,1,803,4
2020-04-25,Kings,031,150075,169,33,1,34,1
2020-04-25,Lake,033,64148,6,6,0,6,0
2020-04-25,Lassen,035,31185,1,0,2,2,0
2020-04-25,Los Angeles,037,10098052,25549,19144,18,19162,881
2020-04-25,Madera,039,155013,79,39,1,40,2
2020-04-25,Marin,041,260295,233,215,1,216,12
2020-04-25,Mariposa,043,17540,14,0,0,0,0
2020-04-25,Mendocino,045,87422,12,5,0,5,0
2020-04-25,Merced,047,269075,166,103,0,103,3
2020-04-25,Modoc,049,8938,0,0,0,0,0
2020-04-25,Mono,051,14174,31,23,0,23,1
2020-04-25,Monterey,053,433212,243,173,1,174,4
2020-04-25,Napa,055,140530,76,60,0,60,2
2020-04-25,Nevada,057,99092,41,37,1,38,1
2020-04-25,Orange,059,3164182,3195,2047,23,2070,40
2020-04-25,Placer,061,380077,161,137,0,137,8
2020-04-25,Plumas,063,18699,4,4,0,4,0
2020-04-25,Riverside,065,2383286,4424,3037,15,3052,93
2020-04-25,Sacramento,067,1510023,1081,1015,0,1015,41
2020-04-25,San Benito,069,59416,50,45,0,45,2
2020-04-25,San Bernardino,071,2135413,2255,1675,1,1676,82
2020-04-25,San Diego,073,3302833,3966,2945,0,2945,111
2020-04-25,San Francisco,075,870044,1669,1341,0,1341,22
2020-04-25,San Joaquin,077,732212,564,497,3,500,24
2020-04-25,San Luis Obispo,079,281455,242,159,3,162,1
2020-04-25,San Mateo,081,765935,1348,1054,2,1056,46
2020-04-25,Santa Barbara,083,443738,638,457,3,460,7
2020-04-25,Santa Clara,085,1922200,2520,2045,3,2048,99
2020-04-25,Santa Cruz,087,273765,139,112,0,112,2
2020-04-25,Shasta,089,179085,35,29,0,29,4
2020-04-25,Sierra,091,2930,0,0,0,0,0
2020-04-25,Siskiyou,093,43540,5,5,0,5,0
2020-04-25,Solano,095,438530,281,203,0,203,3
2020-04-25,Sonoma,097,501317,253,199,0,199,1
2020-04-25,Stanislaus,099,539301,396,276,4,280,4
2020-04-25,Sutter,101,95872,29,24,0,24,2
2020-04-25,Tehama,103,63373,1,1,0,1,1
2020-04-25,Trinity,105,12862,0,0,0,0,0
2020-04-25,Tulare,107,460477,792,478,5,483,28
2020-04-25,Tuolumne,109,53932,2,2,0,2,0
2020-04-25,Ventura,111,848112,624,494,1,495,16
2020-04-25,Yolo,113,214977,175,157,0,157,8
2020-04-25,Yuba,115,75493,17,15,0,15,1
2020-04-24,Alameda,001,1643700,1689,1385,3,1388,50
2020-04-24,Alpine,003,1148,1,1,0,1,0
2020-04-24,Amador,005,37829,7,8,0,8,0
2020-04-24,Butte,007,227075,25,15,1,16,0
2020-04-24,Calaveras,009,45235,10,12,0,12,0
2020-04-24,Colusa,011,21464,3,3,0,3,0
2020-04-24,Contra Costa,013,1133247,933,806,0,806,23
2020-04-24,Del Norte,015,27424,2,2,0,2,0
2020-04-24,El Dorado,017,186661,54,41,0,41,0
2020-04-24,Fresno,019,978130,805,449,6,455,7
2020-04-24,Glenn,021,27897,5,4,0,4,0
2020-04-24,Humboldt,023,135768,58,53,0,53,0
2020-04-24,Imperial,025,180216,416,232,0,232,6
2020-04-24,Inyo,027,18085,19,20,0,20,0
2020-04-24,Kern,029,883053,1019,770,1,771,4
2020-04-24,Kings,031,150075,140,30,1,31,1
2020-04-24,Lake,033,64148,6,6,0,6,0
2020-04-24,Lassen,035,31185,1,0,2,2,0
2020-04-24,Los Angeles,037,10098052,24617,18553,18,18571,836
2020-04-24,Madera,039,155013,79,39,1,40,2
2020-04-24,Marin,041,260295,233,211,1,212,11
2020-04-24,Mariposa,043,17540,8,0,0,0,0
2020-04-24,Mendocino,045,87422,12,5,0,5,0
2020-04-24,Merced,047,269075,163,102,0,102,3
2020-04-24,Modoc,049,8938,0,0,0,0,0
2020-04-24,Mono,051,14174,30,23,0,23,1
2020-04-24,Monterey,053,433212,236,167,1,168,4
2020-04-24,Napa,055,140530,75,59,0,59,2
2020-04-24,Nevada,057,99092,41,36,1,37,1
2020-04-24,Orange,059,3164182,3088,1945,23,1968,39
2020-04-24,Placer,061,380077,159,137,0,137,8
2020-04-24,Plumas,063,18699,4,4,0,4,0
2020-04-24,Riverside,065,2383286,4343,3044,15,3059,87
2020-04-24,Sacramento,067,1510023,1075,1009,0,1009,41
2020-04-24,San Benito,069,59416,50,45,0,45,2
2020-04-24,San Bernardino,071,2135413,2220,1667,1,1668,80
2020-04-24,San Diego,073,3302833,3855,2828,0,2828,102
2020-04-24,San Francisco,075,870044,1611,1345,0,1345,22
2020-04-24,San Joaquin,077,732212,557,484,3,487,24
2020-04-24,San Luis Obispo,079,281455,239,151,3,154,1
2020-04-24,San Mateo,081,765935,1325,1004,2,1006,43
2020-04-24,Santa Barbara,083,443738,631,450,3,453,6
2020-04-24,Santa Clara,085,1922200,2477,2026,3,2029,98
2020-04-24,Santa Cruz,087,273765,135,111,0,111,2
2020-04-24,Shasta,089,179085,35,28,0,28,4
2020-04-24,Sierra,091,2930,0,0,0,0,0
2020-04-24,Siskiyou,093,43540,5,5,0,5,0
2020-04-24,Solano,095,438530,279,203,0,203,3
2020-04-24,Sonoma,097,501317,249,199,0,199,1
2020-04-24,Stanislaus,099,539301,393,273,4,277,4
2020-04-24,Sutter,101,95872,28,24,0,24,2
2020-04-24,Tehama,103,63373,1,1,0,1,1
2020-04-24,Trinity,105,12862,0,0,0,0,0
2020-04-24,Tulare,107,460477,764,459,5,464,27
2020-04-24,Tuolumne,109,53932,2,2,0,2,0
2020-04-24,Ventura,111,848112,614,489,1,490,16
2020-04-24,Yolo,113,214977,174,155,0,155,8
2020-04-24,Yuba,115,75493,16,15,0,15,1
2020-04-23,Alameda,001,1643700,1651,1336,3,1339,46
2020-04-23,Alpine,003,1148,1,1,0,1,0
2020-04-23,Amador,005,37829,7,8,0,8,0
2020-04-23,Butte,007,227075,25,15,1,16,0
2020-04-23,Calaveras,009,45235,10,12,0,12,0
2020-04-23,Colusa,011,21464,3,3,0,3,0
2020-04-23,Contra Costa,013,1133247,912,786,0,786,23
2020-04-23,Del Norte,015,27424,2,2,0,2,0
2020-04-23,El Dorado,017,186661,53,39,0,39,0
2020-04-23,Fresno,019,978130,767,426,6,432,7
2020-04-23,Glenn,021,27897,5,3,0,3,0
2020-04-23,Humboldt,023,135768,58,53,0,53,0
2020-04-23,Imperial,025,180216,396,181,0,181,4
2020-04-23,Inyo,027,18085,19,19,0,19,0
2020-04-23,Kern,029,883053,971,732,1,733,4
2020-04-23,Kings,031,150075,125,28,1,29,1
2020-04-23,Lake,033,64148,6,6,0,6,0
2020-04-23,Lassen,035,31185,1,0,2,2,0
2020-04-23,Los Angeles,037,10098052,23557,17548,17,17565,784
2020-04-23,Madera,039,155013,77,37,1,38,2
2020-04-23,Marin,041,260295,220,209,1,210,11
2020-04-23,Mariposa,043,17540,7,0,0,0,0
2020-04-23,Mendocino,045,87422,10,5,0,5,0
2020-04-23,Merced,047,269075,159,98,0,98,3
2020-04-23,Modoc,049,8938,0,0,0,0,0
2020-04-23,Mono,051,14174,30,23,0,23,1
2020-04-23,Monterey,053,433212,232,161,1,162,4
2020-04-23,Napa,055,140530,68,59,0,59,2
2020-04-23,Nevada,057,99092,41,36,1,37,1
2020-04-23,Orange,059,3164182,2910,1841,22,1863,37
2020-04-23,Placer,061,380077,156,136,0,136,8
2020-04-23,Plumas,063,18699,4,4,0,4,0
2020-04-23,Riverside,065,2383286,4229,2935,14,2949,78
2020-04-23,Sacramento,067,1510023,1063,978,0,978,41
2020-04-23,San Benito,069,59416,47,43,0,43,2
2020-04-23,San Bernardino,071,2135413,2155,1604,1,1605,79
2020-04-23,San Diego,073,3302833,3694,2645,0,2645,100
2020-04-23,San Francisco,075,870044,1586,1312,0,1312,21
2020-04-23,San Joaquin,077,732212,547,479,3,482,20
2020-04-23,San Luis Obispo,079,281455,235,146,3,149,1
2020-04-23,San Mateo,081,765935,1286,970,2,972,42
2020-04-23,Santa Barbara,083,443738,621,445,3,448,6
2020-04-23,Santa Clara,085,1922200,2442,1996,3,1999,95
2020-04-23,Santa Cruz,087,273765,134,110,0,110,2
2020-04-23,Shasta,089,179085,35,27,0,27,3
2020-04-23,Sierra,091,2930,0,0,0,0,0
2020-04-23,Siskiyou,093,43540,5,5,0,5,0
2020-04-23,Solano,095,438530,265,196,0,196,3
2020-04-23,Sonoma,097,501317,237,187,0,187,1
2020-04-23,Stanislaus,099,539301,389,254,4,258,4
2020-04-23,Sutter,101,95872,28,24,0,24,2
2020-04-23,Tehama,103,63373,1,1,0,1,1
2020-04-23,Trinity,105,12862,0,0,0,0,0
2020-04-23,Tulare,107,460477,735,440,5,445,25
2020-04-23,Tuolumne,109,53932,2,2,0,2,0
2020-04-23,Ventura,111,848112,600,479,1,480,16
2020-04-23,Yolo,113,214977,171,151,0,151,8
2020-04-23,Yuba,115,75493,16,15,0,15,1
2020-04-22,Alameda,001,1643700,1602,1275,3,1278,46
2020-04-22,Alpine,003,1148,1,1,0,1,0
2020-04-22,Amador,005,37829,7,7,0,7,0
2020-04-22,Butte,007,227075,24,15,1,16,0
2020-04-22,Calaveras,009,45235,10,12,0,12,0
2020-04-22,Colusa,011,21464,3,3,0,3,0
2020-04-22,Contra Costa,013,1133247,897,772,0,772,22
2020-04-22,Del Norte,015,27424,2,2,0,2,0
2020-04-22,El Dorado,017,186661,53,39,0,39,0
2020-04-22,Fresno,019,978130,727,388,6,394,7
2020-04-22,Glenn,021,27897,5,3,0,3,0
2020-04-22,Humboldt,023,135768,58,53,0,53,0
2020-04-22,Imperial,025,180216,385,170,0,170,3
2020-04-22,Inyo,027,18085,19,18,0,18,0
2020-04-22,Kern,029,883053,949,713,1,714,4
2020-04-22,Kings,031,150075,104,28,1,29,1
2020-04-22,Lake,033,64148,6,6,0,6,0
2020-04-22,Lassen,035,31185,1,0,2,2,0
2020-04-22,Los Angeles,037,10098052,22531,16400,17,16417,715
2020-04-22,Madera,039,155013,75,37,1,38,2
2020-04-22,Marin,041,260295,218,202,1,203,11
2020-04-22,Mariposa,043,17540,6,0,0,0,0
2020-04-22,Mendocino,045,87422,7,5,0,5,0
2020-04-22,Merced,047,269075,147,92,0,92,3
2020-04-22,Modoc,049,8938,0,0,0,0,0
2020-04-22,Mono,051,14174,29,23,0,23,1
2020-04-22,Monterey,053,433212,225,154,1,155,4
2020-04-22,Napa,055,140530,67,58,0,58,2
2020-04-22,Nevada,057,99092,41,36,1,37,1
2020-04-22,Orange,059,3164182,2816,1785,22,1807,36
2020-04-22,Placer,061,380077,154,133,0,133,8
2020-04-22,Plumas,063,18699,4,4,0,4,0
2020-04-22,Riverside,065,2383286,4125,2822,14,2836,76
2020-04-22,Sacramento,067,1510023,1058,959,0,959,36
2020-04-22,San Benito,069,59416,46,43,0,43,2
2020-04-22,San Bernardino,071,2135413,2092,1564,1,1565,74
2020-04-22,San Diego,073,3302833,3566,2493,0,2493,96
2020-04-22,San Francisco,075,870044,1549,1255,0,1255,21
2020-04-22,San Joaquin,077,732212,536,462,3,465,20
2020-04-22,San Luis Obispo,079,281455,226,142,3,145,1
2020-04-22,San Mateo,081,765935,1263,945,2,947,40
2020-04-22,Santa Barbara,083,443738,613,437,3,440,6
2020-04-22,Santa Clara,085,1922200,2426,1969,3,1972,95
2020-04-22,Santa Cruz,087,273765,130,106,0,106,2
2020-04-22,Shasta,089,179085,34,26,0,26,3
2020-04-22,Sierra,091,2930,0,0,0,0,0
2020-04-22,Siskiyou,093,43540,5,5,0,5,0
2020-04-22,Solano,095,438530,246,195,0,195,3
2020-04-22,Sonoma,097,501317,234,185,0,185,1
2020-04-22,Stanislaus,099,539301,332,247,4,251,4
2020-04-22,Sutter,101,95872,28,22,0,22,2
2020-04-22,Tehama,103,63373,1,1,0,1,1
2020-04-22,Trinity,105,12862,0,0,0,0,0
2020-04-22,Tulare,107,460477,701,425,5,430,23
2020-04-22,Tuolumne,109,53932,2,2,0,2,0
2020-04-22,Ventura,111,848112,590,465,1,466,15
2020-04-22,Yolo,113,214977,171,147,0,147,8
2020-04-22,Yuba,115,75493,16,15,0,15,1
2020-04-21,Alameda,001,1643700,1572,1234,3,1237,46
2020-04-21,Alpine,003,1148,1,1,0,1,0
2020-04-21,Amador,005,37829,7,7,0,7,0
2020-04-21,Butte,007,227075,23,15,1,16,0
2020-04-21,Calaveras,009,45235,9,12,0,12,0
2020-04-21,Colusa,011,21464,3,3,0,3,0
2020-04-21,Contra Costa,013,1133247,883,766,0,766,22
2020-04-21,Del Norte,015,27424,2,2,0,2,0
2020-04-21,El Dorado,017,186661,52,36,0,36,0
2020-04-21,Fresno,019,978130,693,372,6,378,7
2020-04-21,Glenn,021,27897,5,3,0,3,0
2020-04-21,Humboldt,023,135768,57,53,0,53,0
2020-04-21,Imperial,025,180216,365,165,0,165,2
2020-04-21,Inyo,027,18085,19,18,0,18,0
2020-04-21,Kern,029,883053,907,676,1,677,4
2020-04-21,Kings,031,150075,90,28,1,29,1
2020-04-21,Lake,033,64148,6,6,0,6,0
2020-04-21,Lassen,035,31185,1,0,2,2,0
2020-04-21,Los Angeles,037,10098052,21671,15096,17,15113,650
2020-04-21,Madera,039,155013,75,37,1,38,2
2020-04-21,Marin,041,260295,212,202,1,203,10
2020-04-21,Mariposa,043,17540,5,0,0,0,0
2020-04-21,Mendocino,045,87422,7,5,0,5,0
2020-04-21,Merced,047,269075,143,89,0,89,3
2020-04-21,Modoc,049,8938,0,0,0,0,0
2020-04-21,Mono,051,14174,29,23,0,23,1
2020-04-21,Monterey,053,433212,222,151,1,152,4
2020-04-21,Napa,055,140530,66,58,0,58,2
2020-04-21,Nevada,057,99092,41,36,1,37,1
2020-04-21,Orange,059,3164182,2693,1717,21,1738,36
2020-04-21,Placer,061,380077,152,133,0,133,8
2020-04-21,Plumas,063,18699,4,4,0,4,0
2020-04-21,Riverside,065,2383286,3994,2631,14,2645,68
2020-04-21,Sacramento,067,1510023,1048,941,0,941,33
2020-04-21,San Benito,069,59416,45,43,0,43,2
2020-04-21,San Bernardino,071,2135413,2031,1499,1,1500,71
2020-04-21,San Diego,073,3302833,3410,2436,0,2436,87
2020-04-21,San Francisco,075,870044,1519,1232,0,1232,20
2020-04-21,San Joaquin,077,732212,526,447,3,450,20
2020-04-21,San Luis Obispo,079,281455,218,134,3,137,1
2020-04-21,San Mateo,081,765935,1217,933,2,935,34
2020-04-21,Santa Barbara,083,443738,600,414,2,416,5
2020-04-21,Santa Clara,085,1922200,2376,1943,3,1946,91
2020-04-21,Santa Cruz,087,273765,128,104,0,104,2
2020-04-21,Shasta,089,179085,33,26,0,26,3
2020-04-21,Sierra,091,2930,0,0,0,0,0
2020-04-21,Siskiyou,093,43540,5,5,0,5,0
2020-04-21,Solano,095,438530,238,193,0,193,3
2020-04-21,Sonoma,097,501317,224,182,0,182,1
2020-04-21,Stanislaus,099,539301,313,235,4,239,4
2020-04-21,Sutter,101,95872,28,22,0,22,2
2020-04-21,Tehama,103,63373,1,1,0,1,1
2020-04-21,Trinity,105,12862,0,0,0,0,0
2020-04-21,Tulare,107,460477,664,410,5,415,23
2020-04-21,Tuolumne,109,53932,2,2,0,2,0
2020-04-21,Ventura,111,848112,578,455,1,456,14
2020-04-21,Yolo,113,214977,169,143,0,143,8
2020-04-21,Yuba,115,75493,16,15,0,15,1
2020-04-20,Alameda,001,1643700,1539,1181,3,1184,42
2020-04-20,Alpine,003,1148,1,1,0,1,0
2020-04-20,Amador,005,37829,7,7,0,7,0
2020-04-20,Butte,007,227075,23,15,1,16,0
2020-04-20,Calaveras,009,45235,9,12,0,12,0
2020-04-20,Colusa,011,21464,3,3,0,3,0
2020-04-20,Contra Costa,013,1133247,873,753,0,753,22
2020-04-20,Del Norte,015,27424,2,2,0,2,0
2020-04-20,El Dorado,017,186661,52,36,0,36,0
2020-04-20,Fresno,019,978130,675,356,6,362,7
2020-04-20,Glenn,021,27897,4,3,0,3,0
2020-04-20,Humboldt,023,135768,57,53,0,53,0
2020-04-20,Imperial,025,180216,345,149,0,149,2
2020-04-20,Inyo,027,18085,19,17,0,17,0
2020-04-20,Kern,029,883053,875,651,1,652,3
2020-04-20,Kings,031,150075,79,19,1,20,1
2020-04-20,Lake,033,64148,6,6,0,6,0
2020-04-20,Lassen,035,31185,1,0,2,2,0
2020-04-20,Los Angeles,037,10098052,20756,13787,17,13804,608
2020-04-20,Madera,039,155013,74,35,1,36,2
2020-04-20,Marin,041,260295,208,200,1,201,10
2020-04-20,Mariposa,043,17540,5,0,0,0,0
2020-04-20,Mendocino,045,87422,7,5,0,5,0
2020-04-20,Merced,047,269075,136,88,0,88,3
2020-04-20,Modoc,049,8938,0,0,0,0,0
2020-04-20,Mono,051,14174,29,23,0,23,1
2020-04-20,Monterey,053,433212,213,147,1,148,4
2020-04-20,Napa,055,140530,66,55,0,55,2
2020-04-20,Nevada,057,99092,41,34,1,35,1
2020-04-20,Orange,059,3164182,2609,1679,21,1700,33
2020-04-20,Placer,061,380077,151,132,0,132,8
2020-04-20,Plumas,063,18699,4,4,0,4,0
2020-04-20,Riverside,065,2383286,3869,2477,14,2491,61
2020-04-20,Sacramento,067,1510023,1038,924,0,924,32
2020-04-20,San Benito,069,59416,45,43,0,43,2
2020-04-20,San Bernardino,071,2135413,1944,1344,1,1345,63
2020-04-20,San Diego,073,3302833,3268,2327,0,2327,72
2020-04-20,San Francisco,075,870044,1487,1223,0,1223,19
2020-04-20,San Joaquin,077,732212,522,422,3,425,17
2020-04-20,San Luis Obispo,079,281455,204,132,3,135,1
2020-04-20,San Mateo,081,765935,1194,890,2,892,31
2020-04-20,Santa Barbara,083,443738,588,388,2,390,4
2020-04-20,Santa Clara,085,1922200,2346,1920,3,1923,84
2020-04-20,Santa Cruz,087,273765,126,102,0,102,2
2020-04-20,Shasta,089,179085,33,26,0,26,3
2020-04-20,Sierra,091,2930,0,0,0,0,0
2020-04-20,Siskiyou,093,43540,5,5,0,5,0
2020-04-20,Solano,095,438530,235,185,0,185,2
2020-04-20,Sonoma,097,501317,216,178,0,178,1
2020-04-20,Stanislaus,099,539301,299,228,4,232,3
2020-04-20,Sutter,101,95872,27,22,0,22,2
2020-04-20,Tehama,103,63373,1,1,0,1,1
2020-04-20,Trinity,105,12862,0,0,0,0,0
2020-04-20,Tulare,107,460477,654,401,5,406,20
2020-04-20,Tuolumne,109,53932,2,2,0,2,0
2020-04-20,Ventura,111,848112,564,426,1,427,13
2020-04-20,Yolo,113,214977,168,125,0,125,5
2020-04-20,Yuba,115,75493,16,15,0,15,1
2020-04-19,Alameda,001,1643700,1489,1134,3,1137,41
2020-04-19,Alpine,003,1148,1,1,0,1,0
2020-04-19,Amador,005,37829,6,7,0,7,0
2020-04-19,Butte,007,227075,22,15,1,16,0
2020-04-19,Calaveras,009,45235,9,12,0,12,0
2020-04-19,Colusa,011,21464,3,3,0,3,0
2020-04-19,Contra Costa,013,1133247,859,731,0,731,20
2020-04-19,Del Norte,015,27424,2,2,0,2,0
2020-04-19,El Dorado,017,186661,52,36,0,36,0
2020-04-19,Fresno,019,978130,639,326,6,332,7
2020-04-19,Glenn,021,27897,4,3,0,3,0
2020-04-19,Humboldt,023,135768,57,53,0,53,0
2020-04-19,Imperial,025,180216,319,144,0,144,2
2020-04-19,Inyo,027,18085,19,17,0,17,0
2020-04-19,Kern,029,883053,850,629,1,630,3
2020-04-19,Kings,031,150075,69,17,1,18,1
2020-04-19,Lake,033,64148,6,6,0,6,0
2020-04-19,Lassen,035,31185,1,0,2,2,0
2020-04-19,Los Angeles,037,10098052,19761,12299,17,12316,589
2020-04-19,Madera,039,155013,72,34,1,35,2
2020-04-19,Marin,041,260295,207,194,1,195,10
2020-04-19,Mariposa,043,17540,2,0,0,0,0
2020-04-19,Mendocino,045,87422,7,4,0,4,0
2020-04-19,Merced,047,269075,131,85,0,85,3
2020-04-19,Modoc,049,8938,0,0,0,0,0
2020-04-19,Mono,051,14174,29,23,0,23,1
2020-04-19,Monterey,053,433212,204,140,1,141,4
2020-04-19,Napa,055,140530,64,49,0,49,2
2020-04-19,Nevada,057,99092,40,34,1,35,1
2020-04-19,Orange,059,3164182,2512,1591,19,1610,32
2020-04-19,Placer,061,380077,150,131,0,131,8
2020-04-19,Plumas,063,18699,4,4,0,4,0
2020-04-19,Riverside,065,2383286,3726,2316,14,2330,56
2020-04-19,Sacramento,067,1510023,1011,912,0,912,32
2020-04-19,San Benito,069,59416,43,40,0,40,2
2020-04-19,San Bernardino,071,2135413,1881,1262,1,1263,58
2020-04-19,San Diego,073,3302833,3101,2270,0,2270,71
2020-04-19,San Francisco,075,870044,1454,1153,0,1153,19
2020-04-19,San Joaquin,077,732212,504,404,3,407,17
2020-04-19,San Luis Obispo,079,281455,199,132,3,135,1
2020-04-19,San Mateo,081,765935,1158,845,2,847,31
2020-04-19,Santa Barbara,083,443738,576,377,2,379,3
2020-04-19,Santa Clara,085,1922200,2300,1878,3,1881,81
2020-04-19,Santa Cruz,087,273765,123,98,0,98,2
2020-04-19,Shasta,089,179085,31,26,0,26,3
2020-04-19,Sierra,091,2930,0,0,0,0,0
2020-04-19,Siskiyou,093,43540,5,5,0,5,0
2020-04-19,Solano,095,438530,227,174,0,174,2
2020-04-19,Sonoma,097,501317,210,172,0,172,1
2020-04-19,Stanislaus,099,539301,291,221,4,225,3
2020-04-19,Sutter,101,95872,26,21,0,21,2
2020-04-19,Tehama,103,63373,1,1,0,1,1
2020-04-19,Trinity,105,12862,0,0,0,0,0
2020-04-19,Tulare,107,460477,608,391,5,396,17
2020-04-19,Tuolumne,109,53932,2,2,0,2,0
2020-04-19,Ventura,111,848112,556,418,1,419,13
2020-04-19,Yolo,113,214977,168,120,0,120,5
2020-04-19,Yuba,115,75493,16,15,0,15,1
2020-04-18,Alameda,001,1643700,1464,1085,3,1088,40
2020-04-18,Alpine,003,1148,1,1,0,1,0
2020-04-18,Amador,005,37829,6,7,0,7,0
2020-04-18,Butte,007,227075,21,15,1,16,0
2020-04-18,Calaveras,009,45235,9,12,0,12,0
2020-04-18,Colusa,011,21464,3,3,0,3,0
2020-04-18,Contra Costa,013,1133247,847,721,0,721,17
2020-04-18,Del Norte,015,27424,2,2,0,2,0
2020-04-18,El Dorado,017,186661,52,36,0,36,0
2020-04-18,Fresno,019,978130,619,319,6,325,7
2020-04-18,Glenn,021,27897,4,3,0,3,0
2020-04-18,Humboldt,023,135768,57,52,0,52,0
2020-04-18,Imperial,025,180216,310,137,0,137,2
2020-04-18,Inyo,027,18085,19,17,0,17,0
2020-04-18,Kern,029,883053,828,626,1,627,3
2020-04-18,Kings,031,150075,68,17,1,18,1
2020-04-18,Lake,033,64148,6,6,0,6,0
2020-04-18,Lassen,035,31185,1,0,2,2,0
2020-04-18,Los Angeles,037,10098052,19236,11984,16,12000,566
2020-04-18,Madera,039,155013,71,34,1,35,2
2020-04-18,Marin,041,260295,205,193,1,194,10
2020-04-18,Mariposa,043,17540,2,0,0,0,0
2020-04-18,Mendocino,045,87422,7,4,0,4,0
2020-04-18,Merced,047,269075,129,82,0,82,3
2020-04-18,Modoc,049,8938,0,0,0,0,0
2020-04-18,Mono,051,14174,29,22,0,22,1
2020-04-18,Monterey,053,433212,200,135,1,136,3
2020-04-18,Napa,055,140530,64,49,0,49,2
2020-04-18,Nevada,057,99092,39,34,1,35,1
2020-04-18,Orange,059,3164182,2448,1569,18,1587,32
2020-04-18,Placer,061,380077,148,130,0,130,8
2020-04-18,Plumas,063,18699,4,4,0,4,0
2020-04-18,Riverside,065,2383286,3651,2257,14,2271,56
2020-04-18,Sacramento,067,1510023,999,901,0,901,32
2020-04-18,San Benito,069,59416,43,40,0,40,2
2020-04-18,San Bernardino,071,2135413,1836,1255,1,1256,58
2020-04-18,San Diego,073,3302833,2999,2215,0,2215,71
2020-04-18,San Francisco,075,870044,1415,1144,0,1144,19
2020-04-18,San Joaquin,077,732212,495,392,3,395,17
2020-04-18,San Luis Obispo,079,281455,195,129,3,132,1
2020-04-18,San Mateo,081,765935,1136,821,2,823,31
2020-04-18,Santa Barbara,083,443738,570,372,2,374,3
2020-04-18,Santa Clara,085,1922200,2267,1862,3,1865,79
2020-04-18,Santa Cruz,087,273765,121,96,0,96,2
2020-04-18,Shasta,089,179085,31,26,0,26,3
2020-04-18,Sierra,091,2930,0,0,0,0,0
2020-04-18,Siskiyou,093,43540,5,5,0,5,0
2020-04-18,Solano,095,438530,224,175,0,175,2
2020-04-18,Sonoma,097,501317,206,168,0,168,1
2020-04-18,Stanislaus,099,539301,283,216,4,220,3
2020-04-18,Sutter,101,95872,26,21,0,21,2
2020-04-18,Tehama,103,63373,1,1,0,1,1
2020-04-18,Trinity,105,12862,0,0,0,0,0
2020-04-18,Tulare,107,460477,598,385,5,390,17
2020-04-18,Tuolumne,109,53932,2,2,0,2,0
2020-04-18,Ventura,111,848112,548,416,1,417,13
2020-04-18,Yolo,113,214977,166,118,0,118,5
2020-04-18,Yuba,115,75493,16,14,0,14,1
2020-04-17,Alameda,001,1643700,1408,1043,2,1045,40
2020-04-17,Alpine,003,1148,1,1,0,1,0
2020-04-17,Amador,005,37829,6,7,0,7,0
2020-04-17,Butte,007,227075,21,15,1,16,0
2020-04-17,Calaveras,009,45235,9,11,0,11,0
2020-04-17,Colusa,011,21464,3,3,0,3,0
2020-04-17,Contra Costa,013,1133247,836,687,0,687,15
2020-04-17,Del Norte,015,27424,2,2,0,2,0
2020-04-17,El Dorado,017,186661,52,35,0,35,0
2020-04-17,Fresno,019,978130,597,315,6,321,7
2020-04-17,Glenn,021,27897,4,3,0,3,0
2020-04-17,Humboldt,023,135768,56,52,0,52,0
2020-04-17,Imperial,025,180216,301,135,0,135,2
2020-04-17,Inyo,027,18085,19,17,0,17,0
2020-04-17,Kern,029,883053,808,612,1,613,3
2020-04-17,Kings,031,150075,66,15,1,16,1
2020-04-17,Lake,033,64148,6,6,0,6,0
2020-04-17,Lassen,035,31185,1,0,2,2,0
2020-04-17,Los Angeles,037,10098052,18593,11354,16,11370,489
2020-04-17,Madera,039,155013,71,34,1,35,2
2020-04-17,Marin,041,260295,202,189,1,190,10
2020-04-17,Mariposa,043,17540,1,0,0,0,0
2020-04-17,Mendocino,045,87422,7,4,0,4,0
2020-04-17,Merced,047,269075,128,80,0,80,3
2020-04-17,Modoc,049,8938,0,0,0,0,0
2020-04-17,Mono,051,14174,29,22,0,22,1
2020-04-17,Monterey,053,433212,195,119,1,120,3
2020-04-17,Napa,055,140530,62,46,0,46,2
2020-04-17,Nevada,057,99092,38,34,1,35,1
2020-04-17,Orange,059,3164182,2397,1496,18,1514,31
2020-04-17,Placer,061,380077,148,130,0,130,8
2020-04-17,Plumas,063,18699,4,4,0,4,0
2020-04-17,Riverside,065,2383286,3524,2080,14,2094,50
2020-04-17,Sacramento,067,1510023,992,882,0,882,32
2020-04-17,San Benito,069,59416,43,38,0,38,2
2020-04-17,San Bernardino,071,2135413,1797,1229,1,1230,57
2020-04-17,San Diego,073,3302833,2909,2160,0,2160,70
2020-04-17,San Francisco,075,870044,1389,1090,0,1090,19
2020-04-17,San Joaquin,077,732212,484,356,3,359,17
2020-04-17,San Luis Obispo,079,281455,188,116,3,119,1
2020-04-17,San Mateo,081,765935,1120,768,2,770,31
2020-04-17,Santa Barbara,083,443738,565,349,2,351,3
2020-04-17,Santa Clara,085,1922200,2231,1834,3,1837,74
2020-04-17,Santa Cruz,087,273765,120,94,0,94,2
2020-04-17,Shasta,089,179085,31,26,0,26,3
2020-04-17,Sierra,091,2930,0,0,0,0,0
2020-04-17,Siskiyou,093,43540,5,5,0,5,0
2020-04-17,Solano,095,438530,223,173,0,173,2
2020-04-17,Sonoma,097,501317,203,167,0,167,1
2020-04-17,Stanislaus,099,539301,281,201,4,205,3
2020-04-17,Sutter,101,95872,26,20,0,20,2
2020-04-17,Tehama,103,63373,1,1,0,1,1
2020-04-17,Trinity,105,12862,0,0,0,0,0
2020-04-17,Tulare,107,460477,591,370,5,375,17
2020-04-17,Tuolumne,109,53932,2,2,0,2,0
2020-04-17,Ventura,111,848112,543,398,1,399,13
2020-04-17,Yolo,113,214977,165,117,0,117,5
2020-04-17,Yuba,115,75493,16,14,0,14,1
2020-04-16,Alameda,001,1643700,1373,981,1,982,39
2020-04-16,Alpine,003,1148,1,1,0,1,0
2020-04-16,Amador,005,37829,6,7,0,7,0
2020-04-16,Butte,007,227075,20,15,1,16,0
2020-04-16,Calaveras,009,45235,9,10,0,10,0
2020-04-16,Colusa,011,21464,3,3,0,3,0
2020-04-16,Contra Costa,013,1133247,822,675,0,675,14
2020-04-16,Del Norte,015,27424,2,2,0,2,0
2020-04-16,El Dorado,017,186661,51,34,0,34,0
2020-04-16,Fresno,019,978130,567,289,6,295,7
2020-04-16,Glenn,021,27897,4,3,0,3,0
2020-04-16,Humboldt,023,135768,56,47,0,47,0
2020-04-16,Imperial,025,180216,287,132,0,132,2
2020-04-16,Inyo,027,18085,17,17,0,17,0
2020-04-16,Kern,029,883053,781,587,1,588,3
2020-04-16,Kings,031,150075,62,12,1,13,1
2020-04-16,Lake,033,64148,6,6,0,6,0
2020-04-16,Lassen,035,31185,1,0,2,2,0
2020-04-16,Los Angeles,037,10098052,17709,10786,16,10802,447
2020-04-16,Madera,039,155013,69,34,1,35,2
2020-04-16,Marin,041,260295,198,170,1,171,10
2020-04-16,Mariposa,043,17540,1,1,0,1,0
2020-04-16,Mendocino,045,87422,7,4,0,4,0
2020-04-16,Merced,047,269075,122,76,0,76,3
2020-04-16,Modoc,049,8938,0,0,0,0,0
2020-04-16,Mono,051,14174,29,22,0,22,1
2020-04-16,Monterey,053,433212,192,116,1,117,3
2020-04-16,Napa,055,140530,59,44,0,44,2
2020-04-16,Nevada,057,99092,38,34,1,35,1
2020-04-16,Orange,059,3164182,2332,1439,17,1456,28
2020-04-16,Placer,061,380077,146,129,0,129,7
2020-04-16,Plumas,063,18699,4,4,0,4,0
2020-04-16,Riverside,065,2383286,3404,1913,14,1927,45
2020-04-16,Sacramento,067,1510023,984,865,0,865,32
2020-04-16,San Benito,069,59416,43,36,0,36,2
2020-04-16,San Bernardino,071,2135413,1714,1143,0,1143,54
2020-04-16,San Diego,073,3302833,2801,2089,0,2089,63
2020-04-16,San Francisco,075,870044,1345,1039,0,1039,16
2020-04-16,San Joaquin,077,732212,469,345,3,348,17
2020-04-16,San Luis Obispo,079,281455,184,113,3,116,1
2020-04-16,San Mateo,081,765935,1091,745,2,747,29
2020-04-16,Santa Barbara,083,443738,552,331,2,333,3
2020-04-16,Santa Clara,085,1922200,2194,1789,3,1792,70
2020-04-16,Santa Cruz,087,273765,118,90,0,90,2
2020-04-16,Shasta,089,179085,31,25,0,25,3
2020-04-16,Sierra,091,2930,0,0,0,0,0
2020-04-16,Siskiyou,093,43540,5,5,0,5,0
2020-04-16,Solano,095,438530,220,162,0,162,2
2020-04-16,Sonoma,097,501317,198,145,0,145,1
2020-04-16,Stanislaus,099,539301,278,185,4,189,3
2020-04-16,Sutter,101,95872,25,21,0,21,2
2020-04-16,Tehama,103,63373,1,1,0,1,1
2020-04-16,Trinity,105,12862,0,0,0,0,0
2020-04-16,Tulare,107,460477,574,305,5,310,16
2020-04-16,Tuolumne,109,53932,2,1,0,1,0
2020-04-16,Ventura,111,848112,531,384,1,385,13
2020-04-16,Yolo,113,214977,163,98,0,98,4
2020-04-16,Yuba,115,75493,15,14,0,14,1
2020-04-15,Alameda,001,1643700,1323,915,1,916,38
2020-04-15,Alpine,003,1148,1,1,0,1,0
2020-04-15,Amador,005,37829,6,7,0,7,0
2020-04-15,Butte,007,227075,20,14,1,15,0
2020-04-15,Calaveras,009,45235,8,9,0,9,0
2020-04-15,Colusa,011,21464,3,3,0,3,0
2020-04-15,Contra Costa,013,1133247,800,645,0,645,14
2020-04-15,Del Norte,015,27424,2,2,0,2,0
2020-04-15,El Dorado,017,186661,49,33,0,33,0
2020-04-15,Fresno,019,978130,542,264,6,270,7
2020-04-15,Glenn,021,27897,4,3,0,3,0
2020-04-15,Humboldt,023,135768,56,47,0,47,0
2020-04-15,Imperial,025,180216,260,115,0,115,2
2020-04-15,Inyo,027,18085,17,12,0,12,0
2020-04-15,Kern,029,883053,759,500,1,501,3
2020-04-15,Kings,031,150075,58,12,1,13,1
2020-04-15,Lake,033,64148,6,4,0,4,0
2020-04-15,Lassen,035,31185,1,0,2,2,0
2020-04-15,Los Angeles,037,10098052,16889,10416,16,10432,394
2020-04-15,Madera,039,155013,69,30,1,31,2
2020-04-15,Marin,041,260295,195,162,1,163,10
2020-04-15,Mariposa,043,17540,0,0,0,0,0
2020-04-15,Mendocino,045,87422,6,4,0,4,0
2020-04-15,Merced,047,269075,120,74,0,74,3
2020-04-15,Modoc,049,8938,0,0,0,0,0
2020-04-15,Mono,051,14174,29,22,0,22,1
2020-04-15,Monterey,053,433212,184,106,1,107,3
2020-04-15,Napa,055,140530,56,34,0,34,2
2020-04-15,Nevada,057,99092,37,34,1,35,1
2020-04-15,Orange,059,3164182,2229,1377,17,1394,24
2020-04-15,Placer,061,380077,145,123,0,123,6
2020-04-15,Plumas,063,18699,4,4,0,4,0
2020-04-15,Riverside,065,2383286,3209,1723,14,1737,42
2020-04-15,Sacramento,067,1510023,975,839,0,839,32
2020-04-15,San Benito,069,59416,43,34,0,34,2
2020-04-15,San Bernardino,071,2135413,1644,1063,0,1063,45
2020-04-15,San Diego,073,3302833,2713,2014,0,2014,60
2020-04-15,San Francisco,075,870044,1309,1006,0,1006,16
2020-04-15,San Joaquin,077,732212,461,329,3,332,17
2020-04-15,San Luis Obispo,079,281455,176,112,3,115,1
2020-04-15,San Mateo,081,765935,1042,707,2,709,28
2020-04-15,Santa Barbara,083,443738,531,317,2,319,2
2020-04-15,Santa Clara,085,1922200,2155,1692,3,1695,69
2020-04-15,Santa Cruz,087,273765,114,92,0,92,2
2020-04-15,Shasta,089,179085,31,25,0,25,3
2020-04-15,Sierra,091,2930,0,0,0,0,0
2020-04-15,Siskiyou,093,43540,5,5,0,5,0
2020-04-15,Solano,095,438530,215,153,0,153,2
2020-04-15,Sonoma,097,501317,196,140,0,140,1
2020-04-15,Stanislaus,099,539301,271,174,4,178,3
2020-04-15,Sutter,101,95872,25,19,0,19,2
2020-04-15,Tehama,103,63373,1,1,0,1,1
2020-04-15,Trinity,105,12862,0,0,0,0,0
2020-04-15,Tulare,107,460477,556,289,5,294,14
2020-04-15,Tuolumne,109,53932,2,1,0,1,0
2020-04-15,Ventura,111,848112,516,365,1,366,13
2020-04-15,Yolo,113,214977,159,93,0,93,3
2020-04-15,Yuba,115,75493,15,15,0,15,1
2020-04-14,Alameda,001,1643700,1278,843,1,844,30
2020-04-14,Alpine,003,1148,1,1,0,1,0
2020-04-14,Amador,005,37829,6,6,0,6,0
2020-04-14,Butte,007,227075,20,13,1,14,0
2020-04-14,Calaveras,009,45235,8,5,0,5,0
2020-04-14,Colusa,011,21464,3,3,0,3,0
2020-04-14,Contra Costa,013,1133247,788,617,0,617,12
2020-04-14,Del Norte,015,27424,2,2,0,2,0
2020-04-14,El Dorado,017,186661,49,30,0,30,0
2020-04-14,Fresno,019,978130,519,244,6,250,6
2020-04-14,Glenn,021,27897,4,3,0,3,0
2020-04-14,Humboldt,023,135768,56,44,0,44,0
2020-04-14,Imperial,025,180216,240,86,0,86,2
2020-04-14,Inyo,027,18085,17,12,0,12,0
2020-04-14,Kern,029,883053,736,453,1,454,3
2020-04-14,Kings,031,150075,57,12,1,13,1
2020-04-14,Lake,033,64148,6,3,0,3,0
2020-04-14,Lassen,035,31185,1,0,2,2,0
2020-04-14,Los Angeles,037,10098052,15995,9948,15,9963,357
2020-04-14,Madera,039,155013,68,29,1,30,2
2020-04-14,Marin,041,260295,191,147,1,148,9
2020-04-14,Mariposa,043,17540,0,0,0,0,0
2020-04-14,Mendocino,045,87422,6,4,0,4,0
2020-04-14,Merced,047,269075,113,61,0,61,3
2020-04-14,Modoc,049,8938,0,0,0,0,0
2020-04-14,Mono,051,14174,29,22,0,22,1
2020-04-14,Monterey,053,433212,179,98,1,99,3
2020-04-14,Napa,055,140530,56,33,0,33,2
2020-04-14,Nevada,057,99092,37,34,1,35,1
2020-04-14,Orange,059,3164182,2127,1362,17,1379,24
2020-04-14,Placer,061,380077,144,117,0,117,5
2020-04-14,Plumas,063,18699,4,3,0,3,0
2020-04-14,Riverside,065,2383286,3074,1467,14,1481,40
2020-04-14,Sacramento,067,1510023,966,737,0,737,29
2020-04-14,San Benito,069,59416,40,34,0,34,2
2020-04-14,San Bernardino,071,2135413,1589,933,0,933,37
2020-04-14,San Diego,073,3302833,2618,1932,0,1932,53
2020-04-14,San Francisco,075,870044,1255,968,0,968,14
2020-04-14,San Joaquin,077,732212,451,280,3,283,17
2020-04-14,San Luis Obispo,079,281455,173,109,3,112,1
2020-04-14,San Mateo,081,765935,1008,681,2,683,28
2020-04-14,Santa Barbara,083,443738,506,292,2,294,2
2020-04-14,Santa Clara,085,1922200,2122,1561,3,1564,63
2020-04-14,Santa Cruz,087,273765,106,84,0,84,2
2020-04-14,Shasta,089,179085,31,24,0,24,3
2020-04-14,Sierra,091,2930,0,0,0,0,0
2020-04-14,Siskiyou,093,43540,5,5,0,5,0
2020-04-14,Solano,095,438530,212,140,0,140,2
2020-04-14,Sonoma,097,501317,192,133,0,133,1
2020-04-14,Stanislaus,099,539301,258,136,4,140,3
2020-04-14,Sutter,101,95872,24,19,0,19,2
2020-04-14,Tehama,103,63373,1,1,0,1,1
2020-04-14,Trinity,105,12862,0,0,0,0,0
2020-04-14,Tulare,107,460477,532,228,5,233,12
2020-04-14,Tuolumne,109,53932,2,0,0,0,0
2020-04-14,Ventura,111,848112,503,328,1,329,11
2020-04-14,Yolo,113,214977,155,81,0,81,3
2020-04-14,Yuba,115,75493,14,14,0,14,1
2020-04-13,Alameda,001,1643700,1239,821,1,822,23
2020-04-13,Alpine,003,1148,1,1,0,1,0
2020-04-13,Amador,005,37829,6,6,0,6,0
2020-04-13,Butte,007,227075,20,13,1,14,0
2020-04-13,Calaveras,009,45235,7,5,0,5,0
2020-04-13,Colusa,011,21464,3,3,0,3,0
2020-04-13,Contra Costa,013,1133247,772,569,0,569,12
2020-04-13,Del Norte,015,27424,2,2,0,2,0
2020-04-13,El Dorado,017,186661,47,29,0,29,0
2020-04-13,Fresno,019,978130,497,205,5,210,4
2020-04-13,Glenn,021,27897,4,3,0,3,0
2020-04-13,Humboldt,023,135768,56,44,0,44,0
2020-04-13,Imperial,025,180216,222,82,0,82,2
2020-04-13,Inyo,027,18085,17,12,0,12,0
2020-04-13,Kern,029,883053,711,346,1,347,3
2020-04-13,Kings,031,150075,53,9,1,10,0
2020-04-13,Lake,033,64148,6,3,0,3,0
2020-04-13,Lassen,035,31185,1,0,2,2,0
2020-04-13,Los Angeles,037,10098052,15281,9367,15,9382,317
2020-04-13,Madera,039,155013,66,29,1,30,2
2020-04-13,Marin,041,260295,187,144,1,145,6
2020-04-13,Mariposa,043,17540,0,0,0,0,0
2020-04-13,Mendocino,045,87422,6,4,0,4,0
2020-04-13,Merced,047,269075,112,60,0,60,3
2020-04-13,Modoc,049,8938,0,0,0,0,0
2020-04-13,Mono,051,14174,29,21,0,21,1
2020-04-13,Monterey,053,433212,172,86,1,87,3
2020-04-13,Napa,055,140530,55,30,0,30,2
2020-04-13,Nevada,057,99092,37,24,1,25,1
2020-04-13,Orange,059,3164182,2054,1313,17,1330,21
2020-04-13,Placer,061,380077,143,116,0,116,5
2020-04-13,Plumas,063,18699,4,3,0,3,0
2020-04-13,Riverside,065,2383286,2933,1460,13,1473,35
2020-04-13,Sacramento,067,1510023,954,723,0,723,25
2020-04-13,San Benito,069,59416,39,33,0,33,2
2020-04-13,San Bernardino,071,2135413,1514,920,0,920,30
2020-04-13,San Diego,073,3302833,2535,1849,0,1849,47
2020-04-13,San Francisco,075,870044,1217,948,0,948,12
2020-04-13,San Joaquin,077,732212,436,255,3,258,16
2020-04-13,San Luis Obispo,079,281455,168,106,3,109,1
2020-04-13,San Mateo,081,765935,968,679,2,681,25
2020-04-13,Santa Barbara,083,443738,485,271,1,272,2
2020-04-13,Santa Clara,085,1922200,2076,1540,3,1543,58
2020-04-13,Santa Cruz,087,273765,100,82,0,82,1
2020-04-13,Shasta,089,179085,30,24,0,24,3
2020-04-13,Sierra,091,2930,0,0,0,0,0
2020-04-13,Siskiyou,093,43540,5,5,0,5,0
2020-04-13,Solano,095,438530,209,136,0,136,2
2020-04-13,Sonoma,097,501317,185,133,0,133,1
2020-04-13,Stanislaus,099,539301,252,130,4,134,1
2020-04-13,Sutter,101,95872,24,18,0,18,2
2020-04-13,Tehama,103,63373,1,1,0,1,0
2020-04-13,Trinity,105,12862,0,0,0,0,0
2020-04-13,Tulare,107,460477,496,185,5,190,11
2020-04-13,Tuolumne,109,53932,2,0,0,0,0
2020-04-13,Ventura,111,848112,482,309,0,309,9
2020-04-13,Yolo,113,214977,149,81,0,81,3
2020-04-13,Yuba,115,75493,14,13,0,13,1
2020-04-12,Alameda,001,1643700,1196,774,1,775,23
2020-04-12,Alpine,003,1148,1,1,0,1,0
2020-04-12,Amador,005,37829,6,6,0,6,0
2020-04-12,Butte,007,227075,20,13,1,14,0
2020-04-12,Calaveras,009,45235,7,5,0,5,0
2020-04-12,Colusa,011,21464,3,3,0,3,0
2020-04-12,Contra Costa,013,1133247,760,553,0,553,12
2020-04-12,Del Norte,015,27424,2,2,0,2,0
2020-04-12,El Dorado,017,186661,47,28,0,28,0
2020-04-12,Fresno,019,978130,468,205,5,210,4
2020-04-12,Glenn,021,27897,4,3,0,3,0
2020-04-12,Humboldt,023,135768,56,43,0,43,0
2020-04-12,Imperial,025,180216,199,78,0,78,2
2020-04-12,Inyo,027,18085,15,12,0,12,0
2020-04-12,Kern,029,883053,679,319,0,319,3
2020-04-12,Kings,031,150075,51,9,1,10,0
2020-04-12,Lake,033,64148,6,3,0,3,0
2020-04-12,Lassen,035,31185,1,0,2,2,0
2020-04-12,Los Angeles,037,10098052,14568,9133,15,9148,294
2020-04-12,Madera,039,155013,65,29,1,30,2
2020-04-12,Marin,041,260295,176,138,1,139,6
2020-04-12,Mariposa,043,17540,0,0,0,0,0
2020-04-12,Mendocino,045,87422,6,4,0,4,0
2020-04-12,Merced,047,269075,106,58,0,58,3
2020-04-12,Modoc,049,8938,0,0,0,0,0
2020-04-12,Mono,051,14174,29,20,0,20,1
2020-04-12,Monterey,053,433212,158,85,1,86,3
2020-04-12,Napa,055,140530,53,29,0,29,2
2020-04-12,Nevada,057,99092,37,24,1,25,1
2020-04-12,Orange,059,3164182,1994,1283,16,1299,21
2020-04-12,Placer,061,380077,142,114,0,114,4
2020-04-12,Plumas,063,18699,4,3,0,3,0
2020-04-12,Riverside,065,2383286,2751,1330,13,1343,34
2020-04-12,Sacramento,067,1510023,917,689,0,689,25
2020-04-12,San Benito,069,59416,37,33,0,33,2
2020-04-12,San Bernardino,071,2135413,1438,827,0,827,30
2020-04-12,San Diego,073,3302833,2445,1806,0,1806,45
2020-04-12,San Francisco,075,870044,1190,886,0,886,11
2020-04-12,San Joaquin,077,732212,418,246,3,249,15
2020-04-12,San Luis Obispo,079,281455,165,102,2,104,1
2020-04-12,San Mateo,081,765935,942,664,2,666,25
2020-04-12,Santa Barbara,083,443738,458,261,1,262,2
2020-04-12,Santa Clara,085,1922200,2048,1461,3,1464,53
2020-04-12,Santa Cruz,087,273765,98,80,0,80,1
2020-04-12,Shasta,089,179085,30,24,0,24,3
2020-04-12,Sierra,091,2930,0,0,0,0,0
2020-04-12,Siskiyou,093,43540,5,5,0,5,0
2020-04-12,Solano,095,438530,203,136,0,136,2
2020-04-12,Sonoma,097,501317,182,131,0,131,1
2020-04-12,Stanislaus,099,539301,244,117,4,121,1
2020-04-12,Sutter,101,95872,23,18,0,18,2
2020-04-12,Tehama,103,63373,1,1,0,1,0
2020-04-12,Trinity,105,12862,0,0,0,0,0
2020-04-12,Tulare,107,460477,484,166,5,171,11
2020-04-12,Tuolumne,109,53932,2,0,0,0,0
2020-04-12,Ventura,111,848112,473,306,0,306,9
2020-04-12,Yolo,113,214977,136,67,0,67,3
2020-04-12,Yuba,115,75493,14,13,0,13,1
2020-04-11,Alameda,001,1643700,1155,751,1,752,23
2020-04-11,Alpine,003,1148,1,1,0,1,0
2020-04-11,Amador,005,37829,6,6,0,6,0
2020-04-11,Butte,007,227075,20,13,1,14,0
2020-04-11,Calaveras,009,45235,7,5,0,5,0
2020-04-11,Colusa,011,21464,3,3,0,3,0
2020-04-11,Contra Costa,013,1133247,751,550,0,550,12
2020-04-11,Del Norte,015,27424,2,2,0,2,0
2020-04-11,El Dorado,017,186661,46,29,0,29,0
2020-04-11,Fresno,019,978130,458,201,5,206,4
2020-04-11,Glenn,021,27897,4,3,0,3,0
2020-04-11,Humboldt,023,135768,56,38,0,38,0
2020-04-11,Imperial,025,180216,189,78,0,78,2
2020-04-11,Inyo,027,18085,15,12,0,12,0
2020-04-11,Kern,029,883053,651,304,0,304,3
2020-04-11,Kings,031,150075,48,9,1,10,0
2020-04-11,Lake,033,64148,6,3,0,3,0
2020-04-11,Lassen,035,31185,1,0,2,2,0
2020-04-11,Los Angeles,037,10098052,14098,8823,15,8838,262
2020-04-11,Madera,039,155013,64,29,1,30,2
2020-04-11,Marin,041,260295,173,136,1,137,6
2020-04-11,Mariposa,043,17540,0,0,0,0,0
2020-04-11,Mendocino,045,87422,6,4,0,4,0
2020-04-11,Merced,047,269075,103,59,0,59,3
2020-04-11,Modoc,049,8938,0,0,0,0,0
2020-04-11,Mono,051,14174,29,20,0,20,1
2020-04-11,Monterey,053,433212,152,78,1,79,3
2020-04-11,Napa,055,140530,53,29,0,29,2
2020-04-11,Nevada,057,99092,37,24,1,25,1
2020-04-11,Orange,059,3164182,1932,1267,16,1283,21
2020-04-11,Placer,061,380077,142,113,0,113,4
2020-04-11,Plumas,063,18699,4,3,0,3,0
2020-04-11,Riverside,065,2383286,2672,1260,13,1273,33
2020-04-11,Sacramento,067,1510023,906,685,0,685,25
2020-04-11,San Benito,069,59416,37,33,0,33,2
2020-04-11,San Bernardino,071,2135413,1402,826,0,826,28
2020-04-11,San Diego,073,3302833,2379,1763,0,1763,45
2020-04-11,San Francisco,075,870044,1168,860,0,860,11
2020-04-11,San Joaquin,077,732212,413,244,3,247,15
2020-04-11,San Luis Obispo,079,281455,165,100,1,101,1
2020-04-11,San Mateo,081,765935,930,662,2,664,25
2020-04-11,Santa Barbara,083,443738,450,258,1,259,2
2020-04-11,Santa Clara,085,1922200,1989,1441,3,1444,51
2020-04-11,Santa Cruz,087,273765,98,79,0,79,1
2020-04-11,Shasta,089,179085,30,24,0,24,3
2020-04-11,Sierra,091,2930,0,0,0,0,0
2020-04-11,Siskiyou,093,43540,5,5,0,5,0
2020-04-11,Solano,095,438530,199,138,0,138,2
2020-04-11,Sonoma,097,501317,180,131,0,131,1
2020-04-11,Stanislaus,099,539301,236,119,3,122,1
2020-04-11,Sutter,101,95872,23,18,0,18,2
2020-04-11,Tehama,103,63373,1,1,0,1,0
2020-04-11,Trinity,105,12862,0,0,0,0,0
2020-04-11,Tulare,107,460477,462,168,5,173,10
2020-04-11,Tuolumne,109,53932,2,0,0,0,0
2020-04-11,Ventura,111,848112,463,304,0,304,9
2020-04-11,Yolo,113,214977,133,67,0,67,3
2020-04-11,Yuba,115,75493,14,13,0,13,1
2020-04-10,Alameda,001,1643700,1114,706,1,707,21
2020-04-10,Alpine,003,1148,1,1,0,1,0
2020-04-10,Amador,005,37829,6,5,0,5,0
2020-04-10,Butte,007,227075,20,13,1,14,0
2020-04-10,Calaveras,009,45235,7,5,0,5,0
2020-04-10,Colusa,011,21464,3,3,0,3,0
2020-04-10,Contra Costa,013,1133247,738,537,0,537,10
2020-04-10,Del Norte,015,27424,2,2,0,2,0
2020-04-10,El Dorado,017,186661,46,26,0,26,0
2020-04-10,Fresno,019,978130,451,186,4,190,3
2020-04-10,Glenn,021,27897,4,3,0,3,0
2020-04-10,Humboldt,023,135768,56,36,0,36,0
2020-04-10,Imperial,025,180216,182,70,0,70,2
2020-04-10,Inyo,027,18085,13,11,0,11,0
2020-04-10,Kern,029,883053,627,272,0,272,3
2020-04-10,Kings,031,150075,45,7,1,8,0
2020-04-10,Lake,033,64148,6,3,0,3,0
2020-04-10,Lassen,035,31185,1,0,2,2,0
2020-04-10,Los Angeles,037,10098052,13585,8384,14,8398,239
2020-04-10,Madera,039,155013,63,29,1,30,2
2020-04-10,Marin,041,260295,168,128,1,129,6
2020-04-10,Mariposa,043,17540,0,0,0,0,0
2020-04-10,Mendocino,045,87422,6,4,0,4,0
2020-04-10,Merced,047,269075,100,56,0,56,3
2020-04-10,Modoc,049,8938,0,0,0,0,0
2020-04-10,Mono,051,14174,29,20,0,20,1
2020-04-10,Monterey,053,433212,141,78,1,79,3
2020-04-10,Napa,055,140530,50,28,0,28,2
2020-04-10,Nevada,057,99092,37,23,1,24,1
2020-04-10,Orange,059,3164182,1885,1167,16,1183,21
2020-04-10,Placer,061,380077,141,112,0,112,4
2020-04-10,Plumas,063,18699,4,3,0,3,0
2020-04-10,Riverside,065,2383286,2606,1162,13,1175,30
2020-04-10,Sacramento,067,1510023,897,642,0,642,24
2020-04-10,San Benito,069,59416,37,32,0,32,2
2020-04-10,San Bernardino,071,2135413,1354,779,0,779,27
2020-04-10,San Diego,073,3302833,2319,1695,0,1695,44
2020-04-10,San Francisco,075,870044,1137,797,0,797,10
2020-04-10,San Joaquin,077,732212,401,234,3,237,14
2020-04-10,San Luis Obispo,079,281455,165,97,1,98,1
2020-04-10,San Mateo,081,765935,914,642,2,644,24
2020-04-10,Santa Barbara,083,443738,438,254,1,255,2
2020-04-10,Santa Clara,085,1922200,1937,1351,3,1354,50
2020-04-10,Santa Cruz,087,273765,97,75,0,75,1
2020-04-10,Shasta,089,179085,30,24,0,24,3
2020-04-10,Sierra,091,2930,0,0,0,0,0
2020-04-10,Siskiyou,093,43540,5,5,0,5,0
2020-04-10,Solano,095,438530,196,129,0,129,2
2020-04-10,Sonoma,097,501317,179,129,0,129,1
2020-04-10,Stanislaus,099,539301,229,101,3,104,0
2020-04-10,Sutter,101,95872,23,18,0,18,2
2020-04-10,Tehama,103,63373,1,1,0,1,0
2020-04-10,Trinity,105,12862,0,0,0,0,0
2020-04-10,Tulare,107,460477,420,163,5,168,10
2020-04-10,Tuolumne,109,53932,2,0,0,0,0
2020-04-10,Ventura,111,848112,454,290,0,290,9
2020-04-10,Yolo,113,214977,131,62,0,62,3
2020-04-10,Yuba,115,75493,14,13,0,13,1
2020-04-09,Alameda,001,1643700,1064,641,1,642,17
2020-04-09,Alpine,003,1148,1,1,0,1,0
2020-04-09,Amador,005,37829,6,2,0,2,0
2020-04-09,Butte,007,227075,19,12,1,13,0
2020-04-09,Calaveras,009,45235,7,5,0,5,0
2020-04-09,Colusa,011,21464,3,3,0,3,0
2020-04-09,Contra Costa,013,1133247,695,505,0,505,7
2020-04-09,Del Norte,015,27424,2,2,0,2,0
2020-04-09,El Dorado,017,186661,45,25,0,25,0
2020-04-09,Fresno,019,978130,426,165,4,169,3
2020-04-09,Glenn,021,27897,4,2,0,2,0
2020-04-09,Humboldt,023,135768,56,36,0,36,0
2020-04-09,Imperial,025,180216,161,67,0,67,2
2020-04-09,Inyo,027,18085,12,11,0,11,0
2020-04-09,Kern,029,883053,591,241,0,241,2
2020-04-09,Kings,031,150075,42,5,1,6,0
2020-04-09,Lake,033,64148,5,1,0,1,0
2020-04-09,Lassen,035,31185,1,0,2,2,0
2020-04-09,Los Angeles,037,10098052,12958,7919,14,7933,220
2020-04-09,Madera,039,155013,63,28,1,29,2
2020-04-09,Marin,041,260295,166,126,1,127,7
2020-04-09,Mariposa,043,17540,0,0,0,0,0
2020-04-09,Mendocino,045,87422,6,4,0,4,0
2020-04-09,Merced,047,269075,97,41,0,41,3
2020-04-09,Modoc,049,8938,0,0,0,0,0
2020-04-09,Mono,051,14174,29,19,0,19,1
2020-04-09,Monterey,053,433212,123,70,1,71,3
2020-04-09,Napa,055,140530,46,27,0,27,2
2020-04-09,Nevada,057,99092,36,23,1,24,1
2020-04-09,Orange,059,3164182,1811,1105,16,1121,19
2020-04-09,Placer,061,380077,140,107,0,107,4
2020-04-09,Plumas,063,18699,4,3,0,3,0
2020-04-09,Riverside,065,2383286,2463,1083,13,1096,29
2020-04-09,Sacramento,067,1510023,874,601,0,601,21
2020-04-09,San Benito,069,59416,37,32,0,32,2
2020-04-09,San Bernardino,071,2135413,1285,717,0,717,27
2020-04-09,San Diego,073,3302833,2223,1630,0,1630,40
2020-04-09,San Francisco,075,870044,1117,748,0,748,8
2020-04-09,San Joaquin,077,732212,380,223,3,226,14
2020-04-09,San Luis Obispo,079,281455,157,93,1,94,1
2020-04-09,San Mateo,081,765935,898,630,2,632,23
2020-04-09,Santa Barbara,083,443738,427,232,1,233,2
2020-04-09,Santa Clara,085,1922200,1867,1301,3,1304,49
2020-04-09,Santa Cruz,087,273765,97,73,0,73,1
2020-04-09,Shasta,089,179085,30,22,0,22,3
2020-04-09,Sierra,091,2930,0,0,0,0,0
2020-04-09,Siskiyou,093,43540,5,4,0,4,0
2020-04-09,Solano,095,438530,187,118,0,118,2
2020-04-09,Sonoma,097,501317,175,113,0,113,1
2020-04-09,Stanislaus,099,539301,217,93,3,96,0
2020-04-09,Sutter,101,95872,23,17,0,17,2
2020-04-09,Tehama,103,63373,1,1,0,1,0
2020-04-09,Trinity,105,12862,0,0,0,0,0
2020-04-09,Tulare,107,460477,392,147,5,152,9
2020-04-09,Tuolumne,109,53932,2,0,0,0,0
2020-04-09,Ventura,111,848112,435,273,0,273,9
2020-04-09,Yolo,113,214977,122,59,0,59,3
2020-04-09,Yuba,115,75493,14,13,0,13,0
2020-04-08,Alameda,001,1643700,1023,594,1,595,15
2020-04-08,Alpine,003,1148,1,1,0,1,0
2020-04-08,Amador,005,37829,6,2,0,2,0
2020-04-08,Butte,007,227075,18,11,1,12,0
2020-04-08,Calaveras,009,45235,7,5,0,5,0
2020-04-08,Colusa,011,21464,3,3,0,3,0
2020-04-08,Contra Costa,013,1133247,682,481,0,481,7
2020-04-08,Del Norte,015,27424,2,2,0,2,0
2020-04-08,El Dorado,017,186661,45,25,0,25,0
2020-04-08,Fresno,019,978130,406,151,4,155,3
2020-04-08,Glenn,021,27897,4,2,0,2,0
2020-04-08,Humboldt,023,135768,56,40,0,40,0
2020-04-08,Imperial,025,180216,150,59,0,59,2
2020-04-08,Inyo,027,18085,12,11,0,11,0
2020-04-08,Kern,029,883053,550,198,0,198,2
2020-04-08,Kings,031,150075,42,5,1,6,0
2020-04-08,Lake,033,64148,5,1,0,1,0
2020-04-08,Lassen,035,31185,1,0,2,2,0
2020-04-08,Los Angeles,037,10098052,12357,7505,14,7519,196
2020-04-08,Madera,039,155013,62,28,1,29,2
2020-04-08,Marin,041,260295,160,125,1,126,7
2020-04-08,Mariposa,043,17540,0,0,0,0,0
2020-04-08,Mendocino,045,87422,6,4,0,4,0
2020-04-08,Merced,047,269075,82,35,0,35,1
2020-04-08,Modoc,049,8938,0,0,0,0,0
2020-04-08,Mono,051,14174,29,19,0,19,1
2020-04-08,Monterey,053,433212,114,68,1,69,3
2020-04-08,Napa,055,140530,44,21,0,21,2
2020-04-08,Nevada,057,99092,36,21,1,22,1
2020-04-08,Orange,059,3164182,1748,1034,16,1050,19
2020-04-08,Placer,061,380077,140,102,0,102,4
2020-04-08,Plumas,063,18699,4,3,0,3,0
2020-04-08,Riverside,065,2383286,2306,974,13,987,28
2020-04-08,Sacramento,067,1510023,840,565,0,565,21
2020-04-08,San Benito,069,59416,37,31,0,31,2
2020-04-08,San Bernardino,071,2135413,1228,635,0,635,22
2020-04-08,San Diego,073,3302833,2149,1532,0,1532,36
2020-04-08,San Francisco,075,870044,1049,687,0,687,7
2020-04-08,San Joaquin,077,732212,363,211,3,214,12
2020-04-08,San Luis Obispo,079,281455,155,90,1,91,1
2020-04-08,San Mateo,081,765935,883,608,2,610,22
2020-04-08,Santa Barbara,083,443738,405,221,1,222,2
2020-04-08,Santa Clara,085,1922200,1822,1257,3,1260,47
2020-04-08,Santa Cruz,087,273765,96,69,0,69,1
2020-04-08,Shasta,089,179085,30,18,0,18,3
2020-04-08,Sierra,091,2930,0,0,0,0,0
2020-04-08,Siskiyou,093,43540,5,4,0,4,0
2020-04-08,Solano,095,438530,174,111,0,111,2
2020-04-08,Sonoma,097,501317,170,107,0,107,1
2020-04-08,Stanislaus,099,539301,201,86,3,89,0
2020-04-08,Sutter,101,95872,22,17,0,17,2
2020-04-08,Tehama,103,63373,1,1,0,1,0
2020-04-08,Trinity,105,12862,0,0,0,0,0
2020-04-08,Tulare,107,460477,361,145,5,150,6
2020-04-08,Tuolumne,109,53932,2,0,0,0,0
2020-04-08,Ventura,111,848112,426,263,0,263,7
2020-04-08,Yolo,113,214977,105,56,0,56,3
2020-04-08,Yuba,115,75493,14,10,0,10,0
2020-04-07,Alameda,001,1643700,988,560,1,561,14
2020-04-07,Alpine,003,1148,1,1,0,1,0
2020-04-07,Amador,005,37829,6,2,0,2,0
2020-04-07,Butte,007,227075,17,11,1,12,0
2020-04-07,Calaveras,009,45235,6,5,0,5,0
2020-04-07,Colusa,011,21464,3,2,0,2,0
2020-04-07,Contra Costa,013,1133247,662,471,0,471,7
2020-04-07,Del Norte,015,27424,2,2,0,2,0
2020-04-07,El Dorado,017,186661,44,22,0,22,0
2020-04-07,Fresno,019,978130,390,138,4,142,3
2020-04-07,Glenn,021,27897,4,2,0,2,0
2020-04-07,Humboldt,023,135768,55,40,0,40,0
2020-04-07,Imperial,025,180216,132,53,0,53,2
2020-04-07,Inyo,027,18085,12,11,0,11,0
2020-04-07,Kern,029,883053,507,134,0,134,2
2020-04-07,Kings,031,150075,39,5,1,6,0
2020-04-07,Lake,033,64148,4,1,0,1,0
2020-04-07,Lassen,035,31185,1,0,2,2,0
2020-04-07,Los Angeles,037,10098052,11707,6885,14,6899,170
2020-04-07,Madera,039,155013,60,28,0,28,2
2020-04-07,Marin,041,260295,158,122,1,123,7
2020-04-07,Mariposa,043,17540,0,0,0,0,0
2020-04-07,Mendocino,045,87422,6,4,0,4,0
2020-04-07,Merced,047,269075,67,27,0,27,1
2020-04-07,Modoc,049,8938,0,0,0,0,0
2020-04-07,Mono,051,14174,28,18,0,18,1
2020-04-07,Monterey,053,433212,106,63,1,64,2
2020-04-07,Napa,055,140530,42,18,0,18,2
2020-04-07,Nevada,057,99092,36,20,1,21,1
2020-04-07,Orange,059,3164182,1701,971,15,986,19
2020-04-07,Placer,061,380077,135,94,0,94,3
2020-04-07,Plumas,063,18699,4,3,0,3,0
2020-04-07,Riverside,065,2383286,2149,905,13,918,25
2020-04-07,Sacramento,067,1510023,810,513,0,513,18
2020-04-07,San Benito,069,59416,37,26,0,26,2
2020-04-07,San Bernardino,071,2135413,1161,554,0,554,19
2020-04-07,San Diego,073,3302833,2072,1456,0,1456,31
2020-04-07,San Francisco,075,870044,989,636,0,636,6
2020-04-07,San Joaquin,077,732212,345,198,3,201,12
2020-04-07,San Luis Obispo,079,281455,148,87,1,88,1
2020-04-07,San Mateo,081,765935,862,573,2,575,22
2020-04-07,Santa Barbara,083,443738,386,209,1,210,2
2020-04-07,Santa Clara,085,1922200,1753,1193,2,1195,46
2020-04-07,Santa Cruz,087,273765,96,67,0,67,1
2020-04-07,Shasta,089,179085,29,16,0,16,3
2020-04-07,Sierra,091,2930,0,0,0,0,0
2020-04-07,Siskiyou,093,43540,5,4,0,4,0
2020-04-07,Solano,095,438530,169,99,0,99,1
2020-04-07,Sonoma,097,501317,167,102,0,102,1
2020-04-07,Stanislaus,099,539301,184,83,3,86,0
2020-04-07,Sutter,101,95872,22,16,0,16,2
2020-04-07,Tehama,103,63373,1,1,0,1,0
2020-04-07,Trinity,105,12862,0,0,0,0,0
2020-04-07,Tulare,107,460477,332,144,5,149,5
2020-04-07,Tuolumne,109,53932,2,1,0,1,0
2020-04-07,Ventura,111,848112,409,247,0,247,6
2020-04-07,Yolo,113,214977,98,51,0,51,2
2020-04-07,Yuba,115,75493,14,10,0,10,0
2020-04-06,Alameda,001,1643700,958,527,1,528,13
2020-04-06,Alpine,003,1148,1,1,0,1,0
2020-04-06,Amador,005,37829,5,2,0,2,0
2020-04-06,Butte,007,227075,16,11,1,12,0
2020-04-06,Calaveras,009,45235,6,4,0,4,0
2020-04-06,Colusa,011,21464,3,1,0,1,0
2020-04-06,Contra Costa,013,1133247,637,447,0,447,7
2020-04-06,Del Norte,015,27424,2,2,0,2,0
2020-04-06,El Dorado,017,186661,42,23,0,23,0
2020-04-06,Fresno,019,978130,368,122,4,126,1
2020-04-06,Glenn,021,27897,4,2,0,2,0
2020-04-06,Humboldt,023,135768,54,37,0,37,0
2020-04-06,Imperial,025,180216,125,47,0,47,1
2020-04-06,Inyo,027,18085,11,11,0,11,0
2020-04-06,Kern,029,883053,470,117,0,117,2
2020-04-06,Kings,031,150075,39,3,1,4,0
2020-04-06,Lake,033,64148,4,1,0,1,0
2020-04-06,Lassen,035,31185,1,0,2,2,0
2020-04-06,Los Angeles,037,10098052,10974,6346,14,6360,145
2020-04-06,Madera,039,155013,58,29,0,29,2
2020-04-06,Marin,041,260295,155,119,1,120,7
2020-04-06,Mariposa,043,17540,0,0,0,0,0
2020-04-06,Mendocino,045,87422,6,4,0,4,0
2020-04-06,Merced,047,269075,60,25,0,25,1
2020-04-06,Modoc,049,8938,0,0,0,0,0
2020-04-06,Mono,051,14174,28,18,0,18,1
2020-04-06,Monterey,053,433212,101,62,1,63,2
2020-04-06,Napa,055,140530,42,18,0,18,2
2020-04-06,Nevada,057,99092,36,19,1,20,1
2020-04-06,Orange,059,3164182,1657,910,14,924,17
2020-04-06,Placer,061,380077,135,90,0,90,3
2020-04-06,Plumas,063,18699,4,2,0,2,0
2020-04-06,Riverside,065,2383286,2022,854,13,867,17
2020-04-06,Sacramento,067,1510023,780,448,0,448,15
2020-04-06,San Benito,069,59416,35,25,0,25,1
2020-04-06,San Bernardino,071,2135413,1102,550,0,550,13
2020-04-06,San Diego,073,3302833,1990,1406,0,1406,19
2020-04-06,San Francisco,075,870044,949,586,0,586,6
2020-04-06,San Joaquin,077,732212,330,191,3,194,10
2020-04-06,San Luis Obispo,079,281455,146,85,1,86,1
2020-04-06,San Mateo,081,765935,844,569,2,571,20
2020-04-06,Santa Barbara,083,443738,374,189,1,190,2
2020-04-06,Santa Clara,085,1922200,1700,1128,2,1130,43
2020-04-06,Santa Cruz,087,273765,94,65,0,65,1
2020-04-06,Shasta,089,179085,29,16,0,16,3
2020-04-06,Sierra,091,2930,0,0,0,0,0
2020-04-06,Siskiyou,093,43540,4,4,0,4,0
2020-04-06,Solano,095,438530,162,95,0,95,1
2020-04-06,Sonoma,097,501317,166,102,0,102,1
2020-04-06,Stanislaus,099,539301,168,72,3,75,0
2020-04-06,Sutter,101,95872,22,14,0,14,2
2020-04-06,Tehama,103,63373,1,1,0,1,0
2020-04-06,Trinity,105,12862,0,0,0,0,0
2020-04-06,Tulare,107,460477,316,126,5,131,5
2020-04-06,Tuolumne,109,53932,2,1,0,1,0
2020-04-06,Ventura,111,848112,391,234,0,234,6
2020-04-06,Yolo,113,214977,94,43,0,43,1
2020-04-06,Yuba,115,75493,14,8,0,8,0
2020-04-05,Alameda,001,1643700,916,475,1,476,12
2020-04-05,Alpine,003,1148,1,1,0,1,0
2020-04-05,Amador,005,37829,5,2,0,2,0
2020-04-05,Butte,007,227075,16,10,1,11,0
2020-04-05,Calaveras,009,45235,6,3,0,3,0
2020-04-05,Colusa,011,21464,3,1,0,1,0
2020-04-05,Contra Costa,013,1133247,620,415,0,415,6
2020-04-05,Del Norte,015,27424,2,1,0,1,0
2020-04-05,El Dorado,017,186661,40,19,0,19,0
2020-04-05,Fresno,019,978130,334,102,4,106,1
2020-04-05,Glenn,021,27897,4,2,0,2,0
2020-04-05,Humboldt,023,135768,54,29,0,29,0
2020-04-05,Imperial,025,180216,117,42,0,42,1
2020-04-05,Inyo,027,18085,11,10,0,10,0
2020-04-05,Kern,029,883053,415,109,0,109,2
2020-04-05,Kings,031,150075,38,4,1,5,0
2020-04-05,Lake,033,64148,4,0,0,0,0
2020-04-05,Lassen,035,31185,1,0,2,2,0
2020-04-05,Los Angeles,037,10098052,10403,5892,14,5906,130
2020-04-05,Madera,039,155013,57,27,0,27,2
2020-04-05,Marin,041,260295,155,113,1,114,6
2020-04-05,Mariposa,043,17540,0,0,0,0,0
2020-04-05,Mendocino,045,87422,6,4,0,4,0
2020-04-05,Merced,047,269075,53,16,0,16,0
2020-04-05,Modoc,049,8938,0,0,0,0,0
2020-04-05,Mono,051,14174,28,18,0,18,1
2020-04-05,Monterey,053,433212,94,61,1,62,2
2020-04-05,Napa,055,140530,40,15,0,15,2
2020-04-05,Nevada,057,99092,36,19,1,20,1
2020-04-05,Orange,059,3164182,1600,820,14,834,15
2020-04-05,Placer,061,380077,132,86,0,86,3
2020-04-05,Plumas,063,18699,3,2,0,2,0
2020-04-05,Riverside,065,2383286,1893,669,13,682,17
2020-04-05,Sacramento,067,1510023,749,393,0,393,11
2020-04-05,San Benito,069,59416,35,22,0,22,1
2020-04-05,San Bernardino,071,2135413,1028,375,0,375,13
2020-04-05,San Diego,073,3302833,1908,1328,0,1328,19
2020-04-05,San Francisco,075,870044,902,559,0,559,6
2020-04-05,San Joaquin,077,732212,315,179,3,182,10
2020-04-05,San Luis Obispo,079,281455,144,83,1,84,1
2020-04-05,San Mateo,081,765935,824,528,2,530,19
2020-04-05,Santa Barbara,083,443738,352,171,1,172,1
2020-04-05,Santa Clara,085,1922200,1652,1052,2,1054,42
2020-04-05,Santa Cruz,087,273765,94,59,0,59,1
2020-04-05,Shasta,089,179085,28,11,0,11,2
2020-04-05,Sierra,091,2930,0,0,0,0,0
2020-04-05,Siskiyou,093,43540,4,3,0,3,0
2020-04-05,Solano,095,438530,158,78,0,78,1
2020-04-05,Sonoma,097,501317,164,88,0,88,1
2020-04-05,Stanislaus,099,539301,154,51,3,54,0
2020-04-05,Sutter,101,95872,22,14,0,14,1
2020-04-05,Tehama,103,63373,1,1,0,1,0
2020-04-05,Trinity,105,12862,0,0,0,0,0
2020-04-05,Tulare,107,460477,279,81,5,86,4
2020-04-05,Tuolumne,109,53932,2,1,0,1,0
2020-04-05,Ventura,111,848112,377,196,0,196,6
2020-04-05,Yolo,113,214977,76,37,0,37,2
2020-04-05,Yuba,115,75493,14,7,0,7,0
2020-04-04,Alameda,001,1643700,893,468,1,469,12
2020-04-04,Alpine,003,1148,1,1,0,1,0
2020-04-04,Amador,005,37829,4,2,0,2,0
2020-04-04,Butte,007,227075,16,10,1,11,0
2020-04-04,Calaveras,009,45235,6,3,0,3,0
2020-04-04,Colusa,011,21464,3,1,0,1,0
2020-04-04,Contra Costa,013,1133247,612,382,0,382,5
2020-04-04,Del Norte,015,27424,2,1,0,1,0
2020-04-04,El Dorado,017,186661,40,19,0,19,0
2020-04-04,Fresno,019,978130,324,102,4,106,1
2020-04-04,Glenn,021,27897,4,2,0,2,0
2020-04-04,Humboldt,023,135768,54,29,0,29,0
2020-04-04,Imperial,025,180216,116,42,0,42,1
2020-04-04,Inyo,027,18085,11,10,0,10,0
2020-04-04,Kern,029,883053,385,103,0,103,2
2020-04-04,Kings,031,150075,38,3,1,4,0
2020-04-04,Lake,033,64148,4,0,0,0,0
2020-04-04,Lassen,035,31185,1,0,2,2,0
2020-04-04,Los Angeles,037,10098052,9786,5275,14,5289,117
2020-04-04,Madera,039,155013,55,27,0,27,2
2020-04-04,Marin,041,260295,153,111,0,111,6
2020-04-04,Mariposa,043,17540,0,0,0,0,0
2020-04-04,Mendocino,045,87422,6,4,0,4,0
2020-04-04,Merced,047,269075,49,11,0,11,0
2020-04-04,Modoc,049,8938,0,0,0,0,0
2020-04-04,Mono,051,14174,28,18,0,18,1
2020-04-04,Monterey,053,433212,90,61,1,62,2
2020-04-04,Napa,055,140530,40,15,0,15,2
2020-04-04,Nevada,057,99092,36,19,1,20,1
2020-04-04,Orange,059,3164182,1558,781,13,794,15
2020-04-04,Placer,061,380077,131,87,0,87,2
2020-04-04,Plumas,063,18699,3,2,0,2,0
2020-04-04,Riverside,065,2383286,1792,652,13,665,15
2020-04-04,Sacramento,067,1510023,731,393,0,393,11
2020-04-04,San Benito,069,59416,35,22,0,22,1
2020-04-04,San Bernardino,071,2135413,980,373,0,373,13
2020-04-04,San Diego,073,3302833,1860,1211,0,1211,18
2020-04-04,San Francisco,075,870044,864,537,0,537,6
2020-04-04,San Joaquin,077,732212,292,171,3,174,10
2020-04-04,San Luis Obispo,079,281455,144,82,1,83,0
2020-04-04,San Mateo,081,765935,813,520,2,522,17
2020-04-04,Santa Barbara,083,443738,343,167,1,168,1
2020-04-04,Santa Clara,085,1922200,1600,1045,2,1047,39
2020-04-04,Santa Cruz,087,273765,94,56,0,56,1
2020-04-04,Shasta,089,179085,27,11,0,11,2
2020-04-04,Sierra,091,2930,0,0,0,0,0
2020-04-04,Siskiyou,093,43540,4,3,0,3,0
2020-04-04,Solano,095,438530,153,79,0,79,1
2020-04-04,Sonoma,097,501317,161,88,0,88,1
2020-04-04,Stanislaus,099,539301,143,51,3,54,0
2020-04-04,Sutter,101,95872,22,14,0,14,1
2020-04-04,Tehama,103,63373,1,1,0,1,0
2020-04-04,Trinity,105,12862,0,0,0,0,0
2020-04-04,Tulare,107,460477,265,79,5,84,4
2020-04-04,Tuolumne,109,53932,2,1,0,1,0
2020-04-04,Ventura,111,848112,364,194,0,194,6
2020-04-04,Yolo,113,214977,74,40,0,40,2
2020-04-04,Yuba,115,75493,13,7,0,7,0
2020-04-03,Alameda,001,1643700,857,395,1,396,11
2020-04-03,Alpine,003,1148,1,1,0,1,0
2020-04-03,Amador,005,37829,4,2,0,2,0
2020-04-03,Butte,007,227075,16,8,1,9,0
2020-04-03,Calaveras,009,45235,6,3,0,3,0
2020-04-03,Colusa,011,21464,3,1,0,1,0
2020-04-03,Contra Costa,013,1133247,589,327,0,327,5
2020-04-03,Del Norte,015,27424,2,1,0,1,0
2020-04-03,El Dorado,017,186661,38,16,0,16,0
2020-04-03,Fresno,019,978130,312,98,4,102,1
2020-04-03,Glenn,021,27897,4,2,0,2,0
2020-04-03,Humboldt,023,135768,54,34,0,34,0
2020-04-03,Imperial,025,180216,107,35,0,35,0
2020-04-03,Inyo,027,18085,11,10,0,10,0
2020-04-03,Kern,029,883053,359,87,0,87,1
2020-04-03,Kings,031,150075,36,3,1,4,0
2020-04-03,Lake,033,64148,3,0,0,0,0
2020-04-03,Lassen,035,31185,1,0,2,2,0
2020-04-03,Los Angeles,037,10098052,9170,4566,14,4580,91
2020-04-03,Madera,039,155013,54,28,0,28,2
2020-04-03,Marin,041,260295,151,106,0,106,6
2020-04-03,Mariposa,043,17540,0,0,0,0,0
2020-04-03,Mendocino,045,87422,6,4,0,4,0
2020-04-03,Merced,047,269075,46,9,0,9,0
2020-04-03,Modoc,049,8938,0,0,0,0,0
2020-04-03,Mono,051,14174,28,18,0,18,1
2020-04-03,Monterey,053,433212,87,58,1,59,2
2020-04-03,Napa,055,140530,39,13,0,13,1
2020-04-03,Nevada,057,99092,36,19,1,20,1
2020-04-03,Orange,059,3164182,1519,713,13,726,13
2020-04-03,Placer,061,380077,127,76,0,76,2
2020-04-03,Plumas,063,18699,3,2,0,2,0
2020-04-03,Riverside,065,2383286,1712,540,13,553,14
2020-04-03,Sacramento,067,1510023,710,363,0,363,11
2020-04-03,San Benito,069,59416,35,22,0,22,1
2020-04-03,San Bernardino,071,2135413,935,356,0,356,11
2020-04-03,San Diego,073,3302833,1800,1114,0,1114,17
2020-04-03,San Francisco,075,870044,839,506,0,506,6
2020-04-03,San Joaquin,077,732212,280,162,3,165,10
2020-04-03,San Luis Obispo,079,281455,144,82,1,83,0
2020-04-03,San Mateo,081,765935,796,474,2,476,13
2020-04-03,Santa Barbara,083,443738,331,154,1,155,1
2020-04-03,Santa Clara,085,1922200,1564,983,2,985,39
2020-04-03,Santa Cruz,087,273765,94,52,0,52,1
2020-04-03,Shasta,089,179085,27,10,0,10,1
2020-04-03,Sierra,091,2930,0,0,0,0,0
2020-04-03,Siskiyou,093,43540,4,3,0,3,0
2020-04-03,Solano,095,438530,145,72,0,72,1
2020-04-03,Sonoma,097,501317,161,84,0,84,1
2020-04-03,Stanislaus,099,539301,137,48,3,51,0
2020-04-03,Sutter,101,95872,22,12,0,12,1
2020-04-03,Tehama,103,63373,1,1,0,1,0
2020-04-03,Trinity,105,12862,0,0,0,0,0
2020-04-03,Tulare,107,460477,251,73,5,78,3
2020-04-03,Tuolumne,109,53932,2,1,0,1,0
2020-04-03,Ventura,111,848112,354,186,0,186,6
2020-04-03,Yolo,113,214977,73,33,0,33,1
2020-04-03,Yuba,115,75493,13,6,0,6,0
2020-04-02,Alameda,001,1643700,806,345,1,346,10
2020-04-02,Alpine,003,1148,1,1,0,1,0
2020-04-02,Amador,005,37829,4,2,0,2,0
2020-04-02,Butte,007,227075,16,7,0,7,0
2020-04-02,Calaveras,009,45235,4,3,0,3,0
2020-04-02,Colusa,011,21464,3,1,0,1,0
2020-04-02,Contra Costa,013,1133247,559,297,0,297,3
2020-04-02,Del Norte,015,27424,2,0,0,0,0
2020-04-02,El Dorado,017,186661,36,16,0,16,0
2020-04-02,Fresno,019,978130,296,92,4,96,0
2020-04-02,Glenn,021,27897,3,2,0,2,0
2020-04-02,Humboldt,023,135768,50,23,0,23,0
2020-04-02,Imperial,025,180216,103,24,0,24,0
2020-04-02,Inyo,027,18085,10,8,0,8,0
2020-04-02,Kern,029,883053,332,74,0,74,0
2020-04-02,Kings,031,150075,36,3,1,4,0
2020-04-02,Lake,033,64148,3,0,0,0,0
2020-04-02,Lassen,035,31185,1,0,2,2,0
2020-04-02,Los Angeles,037,10098052,8338,4040,14,4054,79
2020-04-02,Madera,039,155013,52,25,0,25,1
2020-04-02,Marin,041,260295,145,102,0,102,1
2020-04-02,Mariposa,043,17540,0,0,0,0,0
2020-04-02,Mendocino,045,87422,6,4,0,4,0
2020-04-02,Merced,047,269075,41,9,0,9,0
2020-04-02,Modoc,049,8938,0,0,0,0,0
2020-04-02,Mono,051,14174,28,16,0,16,1
2020-04-02,Monterey,053,433212,85,50,1,51,2
2020-04-02,Napa,055,140530,39,13,0,13,0
2020-04-02,Nevada,057,99092,35,17,1,18,0
2020-04-02,Orange,059,3164182,1467,640,12,652,12
2020-04-02,Placer,061,380077,126,72,0,72,2
2020-04-02,Plumas,063,18699,3,1,0,1,0
2020-04-02,Riverside,065,2383286,1595,438,13,451,13
2020-04-02,Sacramento,067,1510023,692,322,0,322,9
2020-04-02,San Benito,069,59416,33,18,0,18,1
2020-04-02,San Bernardino,071,2135413,880,335,0,335,8
2020-04-02,San Diego,073,3302833,1733,968,0,968,16
2020-04-02,San Francisco,075,870044,812,473,0,473,6
2020-04-02,San Joaquin,077,732212,261,148,3,151,9
2020-04-02,San Luis Obispo,079,281455,139,79,1,80,0
2020-04-02,San Mateo,081,765935,775,423,2,425,13
2020-04-02,Santa Barbara,083,443738,317,125,1,126,1
2020-04-02,Santa Clara,085,1922200,1513,908,2,910,38
2020-04-02,Santa Cruz,087,273765,92,49,0,49,1
2020-04-02,Shasta,089,179085,26,7,0,7,1
2020-04-02,Sierra,091,2930,0,0,0,0,0
2020-04-02,Siskiyou,093,43540,4,3,0,3,0
2020-04-02,Solano,095,438530,135,65,0,65,0
2020-04-02,Sonoma,097,501317,157,76,0,76,1
2020-04-02,Stanislaus,099,539301,126,40,3,43,0
2020-04-02,Sutter,101,95872,21,10,0,10,1
2020-04-02,Tehama,103,63373,1,1,0,1,0
2020-04-02,Trinity,105,12862,0,0,0,0,0
2020-04-02,Tulare,107,460477,217,64,5,69,1
2020-04-02,Tuolumne,109,53932,2,1,0,1,0
2020-04-02,Ventura,111,848112,336,178,0,178,5
2020-04-02,Yolo,113,214977,71,29,0,29,1
2020-04-02,Yuba,115,75493,10,5,0,5,0
2020-04-01,Alameda,001,1643700,779,287,1,288,8
2020-04-01,Alpine,003,1148,1,1,0,1,0
2020-04-01,Amador,005,37829,4,1,0,1,0
2020-04-01,Butte,007,227075,16,6,0,6,0
2020-04-01,Calaveras,009,45235,3,3,0,3,0
2020-04-01,Colusa,011,21464,3,1,0,1,0
2020-04-01,Contra Costa,013,1133247,515,267,0,267,3
2020-04-01,Del Norte,015,27424,2,0,0,0,0
2020-04-01,El Dorado,017,186661,35,14,0,14,0
2020-04-01,Fresno,019,978130,274,75,3,78,0
2020-04-01,Glenn,021,27897,3,2,0,2,0
2020-04-01,Humboldt,023,135768,50,19,0,19,0
2020-04-01,Imperial,025,180216,96,25,0,25,0
2020-04-01,Inyo,027,18085,10,8,0,8,0
2020-04-01,Kern,029,883053,305,53,0,53,0
2020-04-01,Kings,031,150075,34,3,1,4,0
2020-04-01,Lake,033,64148,3,0,0,0,0
2020-04-01,Lassen,035,31185,1,0,2,2,0
2020-04-01,Los Angeles,037,10098052,7689,3502,14,3516,66
2020-04-01,Madera,039,155013,50,17,0,17,1
2020-04-01,Marin,041,260295,141,87,0,87,1
2020-04-01,Mariposa,043,17540,0,0,0,0,0
2020-04-01,Mendocino,045,87422,6,4,0,4,0
2020-04-01,Merced,047,269075,38,7,0,7,0
2020-04-01,Modoc,049,8938,0,0,0,0,0
2020-04-01,Mono,051,14174,28,12,0,12,1
2020-04-01,Monterey,053,433212,84,47,1,48,2
2020-04-01,Napa,055,140530,36,11,0,11,0
2020-04-01,Nevada,057,99092,35,15,1,16,0
2020-04-01,Orange,059,3164182,1415,579,12,591,11
2020-04-01,Placer,061,380077,125,52,0,52,2
2020-04-01,Plumas,063,18699,3,1,0,1,0
2020-04-01,Riverside,065,2383286,1427,306,12,318,11
2020-04-01,Sacramento,067,1510023,659,299,0,299,8
2020-04-01,San Benito,069,59416,30,14,0,14,1
2020-04-01,San Bernardino,071,2135413,831,245,0,245,5
2020-04-01,San Diego,073,3302833,1663,851,0,851,11
2020-04-01,San Francisco,075,870044,784,432,0,432,6
2020-04-01,San Joaquin,077,732212,250,132,3,135,8
2020-04-01,San Luis Obispo,079,281455,133,69,1,70,0
2020-04-01,San Mateo,081,765935,757,354,2,356,13
2020-04-01,Santa Barbara,083,443738,297,103,1,104,0
2020-04-01,Santa Clara,085,1922200,1471,805,2,807,33
2020-04-01,Santa Cruz,087,273765,87,44,0,44,1
2020-04-01,Shasta,089,179085,25,5,0,5,1
2020-04-01,Sierra,091,2930,0,0,0,0,0
2020-04-01,Siskiyou,093,43540,4,3,0,3,0
2020-04-01,Solano,095,438530,130,57,0,57,0
2020-04-01,Sonoma,097,501317,153,60,0,60,1
2020-04-01,Stanislaus,099,539301,115,29,3,32,0
2020-04-01,Sutter,101,95872,21,9,0,9,1
2020-04-01,Tehama,103,63373,1,0,0,0,0
2020-04-01,Trinity,105,12862,0,0,0,0,0
2020-04-01,Tulare,107,460477,179,43,5,48,1
2020-04-01,Tuolumne,109,53932,2,1,0,1,0
2020-04-01,Ventura,111,848112,323,154,0,154,5
2020-04-01,Yolo,113,214977,66,22,0,22,1
2020-04-01,Yuba,115,75493,9,5,0,5,0
2020-03-31,Alameda,001,1643700,711,269,1,270,7
2020-03-31,Alpine,003,1148,1,1,0,1,0
2020-03-31,Amador,005,37829,4,1,0,1,0
2020-03-31,Butte,007,227075,16,6,0,6,0
2020-03-31,Calaveras,009,45235,3,3,0,3,0
2020-03-31,Colusa,011,21464,3,1,0,1,0
2020-03-31,Contra Costa,013,1133247,490,246,0,246,3
2020-03-31,Del Norte,015,27424,1,0,0,0,0
2020-03-31,El Dorado,017,186661,31,14,0,14,0
2020-03-31,Fresno,019,978130,249,59,3,62,0
2020-03-31,Glenn,021,27897,3,2,0,2,0
2020-03-31,Humboldt,023,135768,50,18,0,18,0
2020-03-31,Imperial,025,180216,91,17,0,17,0
2020-03-31,Inyo,027,18085,10,8,0,8,0
2020-03-31,Kern,029,883053,281,47,0,47,0
2020-03-31,Kings,031,150075,32,2,1,3,0
2020-03-31,Lake,033,64148,1,0,0,0,0
2020-03-31,Lassen,035,31185,1,0,2,2,0
2020-03-31,Los Angeles,037,10098052,7024,3001,14,3015,53
2020-03-31,Madera,039,155013,49,17,0,17,1
2020-03-31,Marin,041,260295,132,85,0,85,1
2020-03-31,Mariposa,043,17540,0,0,0,0,0
2020-03-31,Mendocino,045,87422,6,4,0,4,0
2020-03-31,Merced,047,269075,33,6,0,6,0
2020-03-31,Modoc,049,8938,0,0,0,0,0
2020-03-31,Mono,051,14174,26,12,0,12,0
2020-03-31,Monterey,053,433212,82,43,1,44,2
2020-03-31,Napa,055,140530,35,9,0,9,0
2020-03-31,Nevada,057,99092,35,15,1,16,0
2020-03-31,Orange,059,3164182,1345,506,12,518,7
2020-03-31,Placer,061,380077,118,49,0,49,2
2020-03-31,Plumas,063,18699,1,0,0,0,0
2020-03-31,Riverside,065,2383286,1281,284,12,296,8
2020-03-31,Sacramento,067,1510023,607,271,0,271,8
2020-03-31,San Benito,069,59416,30,14,0,14,1
2020-03-31,San Bernardino,071,2135413,746,193,0,193,5
2020-03-31,San Diego,073,3302833,1581,736,0,736,9
2020-03-31,San Francisco,075,870044,749,404,0,404,5
2020-03-31,San Joaquin,077,732212,234,122,3,125,7
2020-03-31,San Luis Obispo,079,281455,129,67,1,68,0
2020-03-31,San Mateo,081,765935,738,297,2,299,12
2020-03-31,Santa Barbara,083,443738,278,89,1,90,0
2020-03-31,Santa Clara,085,1922200,1421,777,2,779,30
2020-03-31,Santa Cruz,087,273765,80,40,0,40,1
2020-03-31,Shasta,089,179085,22,5,0,5,1
2020-03-31,Sierra,091,2930,0,0,0,0,0
2020-03-31,Siskiyou,093,43540,4,3,0,3,0
2020-03-31,Solano,095,438530,116,56,0,56,0
2020-03-31,Sonoma,097,501317,148,58,0,58,1
2020-03-31,Stanislaus,099,539301,100,28,3,31,0
2020-03-31,Sutter,101,95872,21,8,0,8,0
2020-03-31,Tehama,103,63373,1,0,0,0,0
2020-03-31,Trinity,105,12862,0,0,0,0,0
2020-03-31,Tulare,107,460477,156,42,4,46,1
2020-03-31,Tuolumne,109,53932,2,1,0,1,0
2020-03-31,Ventura,111,848112,312,143,0,143,4
2020-03-31,Yolo,113,214977,59,21,0,21,1
2020-03-31,Yuba,115,75493,9,5,0,5,0
2020-03-30,Alameda,001,1643700,671,250,1,251,7
2020-03-30,Alpine,003,1148,1,1,0,1,0
2020-03-30,Amador,005,37829,4,1,0,1,0
2020-03-30,Butte,007,227075,14,5,0,5,0
2020-03-30,Calaveras,009,45235,3,3,0,3,0
2020-03-30,Colusa,011,21464,3,1,0,1,0
2020-03-30,Contra Costa,013,1133247,464,212,0,212,3
2020-03-30,Del Norte,015,27424,0,0,0,0,0
2020-03-30,El Dorado,017,186661,31,11,0,11,0
2020-03-30,Fresno,019,978130,224,46,3,49,0
2020-03-30,Glenn,021,27897,3,2,0,2,0
2020-03-30,Humboldt,023,135768,48,11,0,11,0
2020-03-30,Imperial,025,180216,88,9,0,9,0
2020-03-30,Inyo,027,18085,10,5,0,5,0
2020-03-30,Kern,029,883053,248,30,0,30,0
2020-03-30,Kings,031,150075,32,1,1,2,0
2020-03-30,Lake,033,64148,1,0,0,0,0
2020-03-30,Lassen,035,31185,1,0,1,1,0
2020-03-30,Los Angeles,037,10098052,6369,2467,14,2481,44
2020-03-30,Madera,039,155013,48,14,0,14,1
2020-03-30,Marin,041,260295,125,78,0,78,0
2020-03-30,Mariposa,043,17540,0,0,0,0,0
2020-03-30,Mendocino,045,87422,5,2,0,2,0
2020-03-30,Merced,047,269075,29,6,0,6,0
2020-03-30,Modoc,049,8938,0,0,0,0,0
2020-03-30,Mono,051,14174,26,11,0,11,0
2020-03-30,Monterey,053,433212,77,41,1,42,1
2020-03-30,Napa,055,140530,34,9,0,9,0
2020-03-30,Nevada,057,99092,34,14,1,15,0
2020-03-30,Orange,059,3164182,1279,418,12,430,5
2020-03-30,Placer,061,380077,115,44,0,44,2
2020-03-30,Plumas,063,18699,1,0,0,0,0
2020-03-30,Riverside,065,2383286,1201,204,12,216,7
2020-03-30,Sacramento,067,1510023,583,238,0,238,8
2020-03-30,San Benito,069,59416,30,11,0,11,1
2020-03-30,San Bernardino,071,2135413,702,145,0,145,4
2020-03-30,San Diego,073,3302833,1511,605,0,605,7
2020-03-30,San Francisco,075,870044,709,368,0,368,5
2020-03-30,San Joaquin,077,732212,227,112,3,115,5
2020-03-30,San Luis Obispo,079,281455,126,62,1,63,0
2020-03-30,San Mateo,081,765935,714,257,2,259,11
2020-03-30,Santa Barbara,083,443738,268,79,1,80,0
2020-03-30,Santa Clara,085,1922200,1390,745,2,747,31
2020-03-30,Santa Cruz,087,273765,77,36,0,36,1
2020-03-30,Shasta,089,179085,21,4,0,4,1
2020-03-30,Sierra,091,2930,0,0,0,0,0
2020-03-30,Siskiyou,093,43540,4,2,0,2,0
2020-03-30,Solano,095,438530,110,50,0,50,0
2020-03-30,Sonoma,097,501317,145,57,0,57,1
2020-03-30,Stanislaus,099,539301,93,28,3,31,0
2020-03-30,Sutter,101,95872,20,6,0,6,0
2020-03-30,Tehama,103,63373,1,0,0,0,0
2020-03-30,Trinity,105,12862,0,0,0,0,0
2020-03-30,Tulare,107,460477,144,40,3,43,1
2020-03-30,Tuolumne,109,53932,2,1,0,1,0
2020-03-30,Ventura,111,848112,301,118,0,118,2
2020-03-30,Yolo,113,214977,56,17,0,17,1
2020-03-30,Yuba,115,75493,8,5,0,5,0
2020-03-29,Alameda,001,1643700,637,207,1,208,6
2020-03-29,Alpine,003,1148,1,0,0,0,0
2020-03-29,Amador,005,37829,4,1,0,1,0
2020-03-29,Butte,007,227075,14,4,0,4,0
2020-03-29,Calaveras,009,45235,3,2,0,2,0
2020-03-29,Colusa,011,21464,3,1,0,1,0
2020-03-29,Contra Costa,013,1133247,434,187,0,187,3
2020-03-29,Del Norte,015,27424,0,0,0,0,0
2020-03-29,El Dorado,017,186661,30,9,0,9,0
2020-03-29,Fresno,019,978130,200,31,3,34,0
2020-03-29,Glenn,021,27897,2,1,0,1,0
2020-03-29,Humboldt,023,135768,45,9,0,9,0
2020-03-29,Imperial,025,180216,82,9,0,9,0
2020-03-29,Inyo,027,18085,9,0,0,0,0
2020-03-29,Kern,029,883053,230,20,0,20,0
2020-03-29,Kings,031,150075,29,1,1,2,0
2020-03-29,Lake,033,64148,0,0,0,0,0
2020-03-29,Lassen,035,31185,1,0,1,1,0
2020-03-29,Los Angeles,037,10098052,5724,2119,14,2133,37
2020-03-29,Madera,039,155013,43,11,0,11,1
2020-03-29,Marin,041,260295,120,60,0,60,0
2020-03-29,Mariposa,043,17540,0,0,0,0,0
2020-03-29,Mendocino,045,87422,5,2,0,2,0
2020-03-29,Merced,047,269075,28,4,0,4,0
2020-03-29,Modoc,049,8938,0,0,0,0,0
2020-03-29,Mono,051,14174,26,8,0,8,0
2020-03-29,Monterey,053,433212,72,36,1,37,1
2020-03-29,Napa,055,140530,32,5,0,5,0
2020-03-29,Nevada,057,99092,32,13,1,14,0
2020-03-29,Orange,059,3164182,1206,343,12,355,2
2020-03-29,Placer,061,380077,114,35,0,35,2
2020-03-29,Plumas,063,18699,1,0,0,0,0
2020-03-29,Riverside,065,2383286,1077,122,12,134,7
2020-03-29,Sacramento,067,1510023,543,217,0,217,7
2020-03-29,San Benito,069,59416,29,10,0,10,1
2020-03-29,San Bernardino,071,2135413,650,94,0,94,2
2020-03-29,San Diego,073,3302833,1439,521,0,521,7
2020-03-29,San Francisco,075,870044,665,333,0,333,5
2020-03-29,San Joaquin,077,732212,218,86,3,89,4
2020-03-29,San Luis Obispo,079,281455,119,55,0,55,0
2020-03-29,San Mateo,081,765935,689,234,2,236,12
2020-03-29,Santa Barbara,083,443738,257,52,1,53,0
2020-03-29,Santa Clara,085,1922200,1333,591,2,593,30
2020-03-29,Santa Cruz,087,273765,77,33,0,33,1
2020-03-29,Shasta,089,179085,20,4,0,4,1
2020-03-29,Sierra,091,2930,0,0,0,0,0
2020-03-29,Siskiyou,093,43540,4,2,0,2,0
2020-03-29,Solano,095,438530,102,48,0,48,0
2020-03-29,Sonoma,097,501317,143,35,0,35,1
2020-03-29,Stanislaus,099,539301,88,19,3,22,0
2020-03-29,Sutter,101,95872,17,6,0,6,0
2020-03-29,Tehama,103,63373,1,0,0,0,0
2020-03-29,Trinity,105,12862,0,0,0,0,0
2020-03-29,Tulare,107,460477,119,24,3,27,1
2020-03-29,Tuolumne,109,53932,1,1,0,1,0
2020-03-29,Ventura,111,848112,274,92,0,92,2
2020-03-29,Yolo,113,214977,51,13,0,13,1
2020-03-29,Yuba,115,75493,8,3,0,3,0
2020-03-28,Alameda,001,1643700,610,410,1,411,12
2020-03-28,Alpine,003,1148,1,0,0,0,0
2020-03-28,Amador,005,37829,4,2,0,2,0
2020-03-28,Butte,007,227075,14,8,0,8,0
2020-03-28,Calaveras,009,45235,3,4,0,4,0
2020-03-28,Colusa,011,21464,3,2,0,2,0
2020-03-28,Contra Costa,013,1133247,411,350,0,350,4
2020-03-28,Del Norte,015,27424,0,0,0,0,0
2020-03-28,El Dorado,017,186661,29,18,0,18,0
2020-03-28,Fresno,019,978130,190,62,3,65,0
2020-03-28,Glenn,021,27897,2,2,0,2,0
2020-03-28,Humboldt,023,135768,45,18,0,18,0
2020-03-28,Imperial,025,180216,77,18,0,18,0
2020-03-28,Inyo,027,18085,9,0,0,0,0
2020-03-28,Kern,029,883053,213,40,0,40,0
2020-03-28,Kings,031,150075,28,2,1,3,0
2020-03-28,Lake,033,64148,0,0,0,0,0
2020-03-28,Lassen,035,31185,1,0,1,1,0
2020-03-28,Los Angeles,037,10098052,5337,3600,13,3613,64
2020-03-28,Madera,039,155013,43,22,0,22,2
2020-03-28,Marin,041,260295,115,116,0,116,0
2020-03-28,Mariposa,043,17540,0,0,0,0,0
2020-03-28,Mendocino,045,87422,5,4,0,4,0
2020-03-28,Merced,047,269075,27,8,0,8,0
2020-03-28,Modoc,049,8938,0,0,0,0,0
2020-03-28,Mono,051,14174,24,12,0,12,0
2020-03-28,Monterey,053,433212,71,64,1,65,2
2020-03-28,Napa,055,140530,27,10,0,10,0
2020-03-28,Nevada,057,99092,32,22,1,23,0
2020-03-28,Orange,059,3164182,1170,656,12,668,4
2020-03-28,Placer,061,380077,109,70,0,70,2
2020-03-28,Plumas,063,18699,1,0,0,0,0
2020-03-28,Riverside,065,2383286,1009,242,12,254,14
2020-03-28,Sacramento,067,1510023,525,406,0,406,14
2020-03-28,San Benito,069,59416,29,20,0,20,2
2020-03-28,San Bernardino,071,2135413,602,162,0,162,4
2020-03-28,San Diego,073,3302833,1380,980,0,980,14
2020-03-28,San Francisco,075,870044,641,600,0,600,6
2020-03-28,San Joaquin,077,732212,210,166,3,169,8
2020-03-28,San Luis Obispo,079,281455,117,104,0,104,0
2020-03-28,San Mateo,081,765935,669,462,2,464,17
2020-03-28,Santa Barbara,083,443738,245,98,1,99,0
2020-03-28,Santa Clara,085,1922200,1314,1174,2,1176,54
2020-03-28,Santa Cruz,087,273765,76,62,0,62,0
2020-03-28,Shasta,089,179085,20,8,0,8,2
2020-03-28,Sierra,091,2930,0,0,0,0,0
2020-03-28,Siskiyou,093,43540,4,4,0,4,0
2020-03-28,Solano,095,438530,98,96,0,96,0
2020-03-28,Sonoma,097,501317,141,70,0,70,2
2020-03-28,Stanislaus,099,539301,83,34,3,37,0
2020-03-28,Sutter,101,95872,17,6,0,6,0
2020-03-28,Tehama,103,63373,1,0,0,0,0
2020-03-28,Trinity,105,12862,0,0,0,0,0
2020-03-28,Tulare,107,460477,112,46,3,49,0
2020-03-28,Tuolumne,109,53932,1,2,0,2,0
2020-03-28,Ventura,111,848112,270,178,0,178,4
2020-03-28,Yolo,113,214977,50,26,0,26,2
2020-03-28,Yuba,115,75493,8,6,0,6,0
2020-03-27,Alameda,001,1643700,592,185,1,186,4
2020-03-27,Alpine,003,1148,1,0,0,0,0
2020-03-27,Amador,005,37829,3,1,0,1,0
2020-03-27,Butte,007,227075,12,4,0,4,0
2020-03-27,Calaveras,009,45235,3,2,0,2,0
2020-03-27,Colusa,011,21464,3,0,0,0,0
2020-03-27,Contra Costa,013,1133247,390,161,0,161,2
2020-03-27,Del Norte,015,27424,0,0,0,0,0
2020-03-27,El Dorado,017,186661,27,9,0,9,0
2020-03-27,Fresno,019,978130,178,29,2,31,0
2020-03-27,Glenn,021,27897,2,0,0,0,0
2020-03-27,Humboldt,023,135768,41,9,0,9,0
2020-03-27,Imperial,025,180216,72,9,0,9,0
2020-03-27,Inyo,027,18085,9,0,0,0,0
2020-03-27,Kern,029,883053,200,20,0,20,0
2020-03-27,Kings,031,150075,27,0,1,1,0
2020-03-27,Lake,033,64148,0,0,0,0,0
2020-03-27,Lassen,035,31185,1,0,1,1,0
2020-03-27,Los Angeles,037,10098052,4925,1474,13,1487,26
2020-03-27,Madera,039,155013,41,10,0,10,1
2020-03-27,Marin,041,260295,110,58,0,58,0
2020-03-27,Mariposa,043,17540,0,0,0,0,0
2020-03-27,Mendocino,045,87422,5,2,0,2,0
2020-03-27,Merced,047,269075,26,3,0,3,0
2020-03-27,Modoc,049,8938,0,0,0,0,0
2020-03-27,Mono,051,14174,24,6,0,6,0
2020-03-27,Monterey,053,433212,68,26,1,27,1
2020-03-27,Napa,055,140530,27,5,0,5,0
2020-03-27,Nevada,057,99092,32,6,1,7,0
2020-03-27,Orange,059,3164182,1120,299,12,311,2
2020-03-27,Placer,061,380077,106,33,0,33,1
2020-03-27,Plumas,063,18699,0,0,0,0,0
2020-03-27,Riverside,065,2383286,953,121,12,133,7
2020-03-27,Sacramento,067,1510023,502,163,0,163,6
2020-03-27,San Benito,069,59416,28,9,0,9,1
2020-03-27,San Bernardino,071,2135413,512,77,0,77,2
2020-03-27,San Diego,073,3302833,1323,419,0,419,5
2020-03-27,San Francisco,075,870044,616,285,0,285,2
2020-03-27,San Joaquin,077,732212,199,73,3,76,3
2020-03-27,San Luis Obispo,079,281455,115,46,0,46,0
2020-03-27,San Mateo,081,765935,643,213,2,215,7
2020-03-27,Santa Barbara,083,443738,229,37,1,38,0
2020-03-27,Santa Clara,085,1922200,1276,557,2,559,25
2020-03-27,Santa Cruz,087,273765,75,31,0,31,0
2020-03-27,Shasta,089,179085,17,3,0,3,1
2020-03-27,Sierra,091,2930,0,0,0,0,0
2020-03-27,Siskiyou,093,43540,4,2,0,2,0
2020-03-27,Solano,095,438530,92,48,0,48,0
2020-03-27,Sonoma,097,501317,133,35,0,35,1
2020-03-27,Stanislaus,099,539301,81,16,3,19,0
2020-03-27,Sutter,101,95872,16,2,0,2,0
2020-03-27,Tehama,103,63373,1,0,0,0,0
2020-03-27,Trinity,105,12862,0,0,0,0,0
2020-03-27,Tulare,107,460477,104,15,3,18,0
2020-03-27,Tuolumne,109,53932,1,1,0,1,0
2020-03-27,Ventura,111,848112,261,80,0,80,2
2020-03-27,Yolo,113,214977,49,13,0,13,1
2020-03-27,Yuba,115,75493,7,3,0,3,0
2020-03-26,Alameda,001,1643700,552,172,1,173,4
2020-03-26,Alpine,003,1148,1,0,0,0,0
2020-03-26,Amador,005,37829,3,1,0,1,0
2020-03-26,Butte,007,227075,12,4,0,4,0
2020-03-26,Calaveras,009,45235,3,2,0,2,0
2020-03-26,Colusa,011,21464,3,0,0,0,0
2020-03-26,Contra Costa,013,1133247,380,147,0,147,2
2020-03-26,Del Norte,015,27424,0,0,0,0,0
2020-03-26,El Dorado,017,186661,25,7,0,7,0
2020-03-26,Fresno,019,978130,169,25,2,27,0
2020-03-26,Glenn,021,27897,2,0,0,0,0
2020-03-26,Humboldt,023,135768,37,8,0,8,0
2020-03-26,Imperial,025,180216,68,8,0,8,0
2020-03-26,Inyo,027,18085,8,0,0,0,0
2020-03-26,Kern,029,883053,184,20,0,20,0
2020-03-26,Kings,031,150075,27,0,1,1,0
2020-03-26,Lake,033,64148,0,0,0,0,0
2020-03-26,Lassen,035,31185,1,0,1,1,0
2020-03-26,Los Angeles,037,10098052,4522,1075,13,1088,19
2020-03-26,Madera,039,155013,39,8,0,8,0
2020-03-26,Marin,041,260295,101,56,0,56,0
2020-03-26,Mariposa,043,17540,0,0,0,0,0
2020-03-26,Mendocino,045,87422,4,1,0,1,0
2020-03-26,Merced,047,269075,23,1,0,1,0
2020-03-26,Modoc,049,8938,0,0,0,0,0
2020-03-26,Mono,051,14174,23,5,0,5,0
2020-03-26,Monterey,053,433212,65,25,1,26,1
2020-03-26,Napa,055,140530,26,5,0,5,0
2020-03-26,Nevada,057,99092,32,7,1,8,0
2020-03-26,Orange,059,3164182,1058,279,12,291,1
2020-03-26,Placer,061,380077,103,34,0,34,1
2020-03-26,Plumas,063,18699,0,0,0,0,0
2020-03-26,Riverside,065,2383286,882,118,12,130,7
2020-03-26,Sacramento,067,1510023,469,147,0,147,5
2020-03-26,San Benito,069,59416,28,8,0,8,1
2020-03-26,San Bernardino,071,2135413,446,57,0,57,1
2020-03-26,San Diego,073,3302833,1256,299,0,299,2
2020-03-26,San Francisco,075,870044,589,261,0,261,1
2020-03-26,San Joaquin,077,732212,188,69,3,72,3
2020-03-26,San Luis Obispo,079,281455,110,38,0,38,0
2020-03-26,San Mateo,081,765935,609,122,2,124,5
2020-03-26,Santa Barbara,083,443738,213,33,1,34,0
2020-03-26,Santa Clara,085,1922200,1232,487,2,489,20
2020-03-26,Santa Cruz,087,273765,71,30,0,30,0
2020-03-26,Shasta,089,179085,17,3,0,3,1
2020-03-26,Sierra,091,2930,0,0,0,0,0
2020-03-26,Siskiyou,093,43540,4,2,0,2,0
2020-03-26,Solano,095,438530,84,41,0,41,0
2020-03-26,Sonoma,097,501317,128,33,0,33,1
2020-03-26,Stanislaus,099,539301,79,15,3,18,0
2020-03-26,Sutter,101,95872,12,2,0,2,0
2020-03-26,Tehama,103,63373,1,0,0,0,0
2020-03-26,Trinity,105,12862,0,0,0,0,0
2020-03-26,Tulare,107,460477,95,15,3,18,0
2020-03-26,Tuolumne,109,53932,1,0,0,0,0
2020-03-26,Ventura,111,848112,245,70,0,70,1
2020-03-26,Yolo,113,214977,45,13,0,13,1
2020-03-26,Yuba,115,75493,7,3,0,3,0
2020-03-25,Alameda,001,1643700,531,134,1,135,3
2020-03-25,Alpine,003,1148,1,0,0,0,0
2020-03-25,Amador,005,37829,3,1,0,1,0
2020-03-25,Butte,007,227075,12,4,0,4,0
2020-03-25,Calaveras,009,45235,3,2,0,2,0
2020-03-25,Colusa,011,21464,2,0,0,0,0
2020-03-25,Contra Costa,013,1133247,366,131,0,131,1
2020-03-25,Del Norte,015,27424,0,0,0,0,0
2020-03-25,El Dorado,017,186661,25,5,0,5,0
2020-03-25,Fresno,019,978130,151,21,2,23,0
2020-03-25,Glenn,021,27897,2,0,0,0,0
2020-03-25,Humboldt,023,135768,34,3,0,3,0
2020-03-25,Imperial,025,180216,60,8,0,8,0
2020-03-25,Inyo,027,18085,5,0,0,0,0
2020-03-25,Kern,029,883053,164,13,0,13,0
2020-03-25,Kings,031,150075,25,0,1,1,0
2020-03-25,Lake,033,64148,0,0,0,0,0
2020-03-25,Lassen,035,31185,1,0,1,1,0
2020-03-25,Los Angeles,037,10098052,4127,725,13,738,10
2020-03-25,Madera,039,155013,37,6,0,6,0
2020-03-25,Marin,041,260295,95,47,0,47,0
2020-03-25,Mariposa,043,17540,0,0,0,0,0
2020-03-25,Mendocino,045,87422,3,1,0,1,0
2020-03-25,Merced,047,269075,19,0,0,0,0
2020-03-25,Modoc,049,8938,0,0,0,0,0
2020-03-25,Mono,051,14174,22,4,0,4,0
2020-03-25,Monterey,053,433212,62,23,1,24,1
2020-03-25,Napa,055,140530,26,5,0,5,0
2020-03-25,Nevada,057,99092,31,5,1,6,0
2020-03-25,Orange,059,3164182,999,214,12,226,1
2020-03-25,Placer,061,380077,97,30,0,30,1
2020-03-25,Plumas,063,18699,0,1,0,1,0
2020-03-25,Riverside,065,2383286,811,87,12,99,5
2020-03-25,Sacramento,067,1510023,443,114,0,114,5
2020-03-25,San Benito,069,59416,27,4,0,4,1
2020-03-25,San Bernardino,071,2135413,407,46,0,46,1
2020-03-25,San Diego,073,3302833,1194,238,0,238,2
2020-03-25,San Francisco,075,870044,548,212,0,212,1
2020-03-25,San Joaquin,077,732212,175,64,3,67,2
2020-03-25,San Luis Obispo,079,281455,105,35,0,35,0
2020-03-25,San Mateo,081,765935,574,111,2,113,5
2020-03-25,Santa Barbara,083,443738,202,25,1,26,0
2020-03-25,Santa Clara,085,1922200,1188,452,2,454,20
2020-03-25,Santa Cruz,087,273765,68,26,0,26,0
2020-03-25,Shasta,089,179085,16,3,0,3,1
2020-03-25,Sierra,091,2930,0,0,0,0,0
2020-03-25,Siskiyou,093,43540,4,2,0,2,0
2020-03-25,Solano,095,438530,79,39,0,39,0
2020-03-25,Sonoma,097,501317,123,31,0,31,1
2020-03-25,Stanislaus,099,539301,72,14,3,17,0
2020-03-25,Sutter,101,95872,9,1,0,1,0
2020-03-25,Tehama,103,63373,1,0,0,0,0
2020-03-25,Trinity,105,12862,0,0,0,0,0
2020-03-25,Tulare,107,460477,85,11,3,14,0
2020-03-25,Tuolumne,109,53932,1,0,0,0,0
2020-03-25,Ventura,111,848112,229,53,0,53,1
2020-03-25,Yolo,113,214977,43,9,0,9,1
2020-03-25,Yuba,115,75493,7,2,0,2,0
2020-03-24,Alameda,001,1643700,499,96,1,97,2
2020-03-24,Alpine,003,1148,1,0,0,0,0
2020-03-24,Amador,005,37829,1,1,0,1,0
2020-03-24,Butte,007,227075,11,3,0,3,0
2020-03-24,Calaveras,009,45235,2,2,0,2,0
2020-03-24,Colusa,011,21464,2,0,0,0,0
2020-03-24,Contra Costa,013,1133247,352,108,0,108,1
2020-03-24,Del Norte,015,27424,0,0,0,0,0
2020-03-24,El Dorado,017,186661,25,3,0,3,0
2020-03-24,Fresno,019,978130,132,18,2,20,0
2020-03-24,Glenn,021,27897,2,0,0,0,0
2020-03-24,Humboldt,023,135768,32,2,0,2,0
2020-03-24,Imperial,025,180216,57,3,0,3,0
2020-03-24,Inyo,027,18085,5,0,0,0,0
2020-03-24,Kern,029,883053,144,5,0,5,0
2020-03-24,Kings,031,150075,24,0,1,1,0
2020-03-24,Lake,033,64148,0,0,0,0,0
2020-03-24,Lassen,035,31185,1,0,1,1,0
2020-03-24,Los Angeles,037,10098052,3675,633,13,646,7
2020-03-24,Madera,039,155013,36,6,0,6,0
2020-03-24,Marin,041,260295,84,44,0,44,0
2020-03-24,Mariposa,043,17540,0,0,0,0,0
2020-03-24,Mendocino,045,87422,3,1,0,1,0
2020-03-24,Merced,047,269075,17,0,0,0,0
2020-03-24,Modoc,049,8938,0,0,0,0,0
2020-03-24,Mono,051,14174,21,1,0,1,0
2020-03-24,Monterey,053,433212,58,23,1,24,1
2020-03-24,Napa,055,140530,23,2,0,2,0
2020-03-24,Nevada,057,99092,30,4,1,5,0
2020-03-24,Orange,059,3164182,937,166,12,178,0
2020-03-24,Placer,061,380077,90,22,0,22,1
2020-03-24,Plumas,063,18699,0,1,0,1,0
2020-03-24,Riverside,065,2383286,744,56,12,68,5
2020-03-24,Sacramento,067,1510023,424,93,0,93,4
2020-03-24,San Benito,069,59416,26,4,0,4,1
2020-03-24,San Bernardino,071,2135413,363,27,0,27,0
2020-03-24,San Diego,073,3302833,1127,231,0,231,2
2020-03-24,San Francisco,075,870044,516,181,0,181,1
2020-03-24,San Joaquin,077,732212,164,52,3,55,2
2020-03-24,San Luis Obispo,079,281455,102,32,0,32,0
2020-03-24,San Mateo,081,765935,533,100,2,102,2
2020-03-24,Santa Barbara,083,443738,196,20,1,21,0
2020-03-24,Santa Clara,085,1922200,1119,389,2,391,17
2020-03-24,Santa Cruz,087,273765,63,22,0,22,0
2020-03-24,Shasta,089,179085,15,3,0,3,0
2020-03-24,Sierra,091,2930,0,0,0,0,0
2020-03-24,Siskiyou,093,43540,4,2,0,2,0
2020-03-24,Solano,095,438530,77,34,0,34,0
2020-03-24,Sonoma,097,501317,116,27,0,27,1
2020-03-24,Stanislaus,099,539301,63,13,3,16,0
2020-03-24,Sutter,101,95872,9,0,0,0,0
2020-03-24,Tehama,103,63373,1,0,0,0,0
2020-03-24,Trinity,105,12862,0,0,0,0,0
2020-03-24,Tulare,107,460477,75,10,3,13,0
2020-03-24,Tuolumne,109,53932,1,0,0,0,0
2020-03-24,Ventura,111,848112,213,44,0,44,1
2020-03-24,Yolo,113,214977,39,8,0,8,0
2020-03-24,Yuba,115,75493,7,2,0,2,0
2020-03-23,Alameda,001,1643700,468,88,1,89,1
2020-03-23,Alpine,003,1148,1,0,0,0,0
2020-03-23,Amador,005,37829,1,1,0,1,0
2020-03-23,Butte,007,227075,11,2,0,2,0
2020-03-23,Calaveras,009,45235,2,2,0,2,0
2020-03-23,Colusa,011,21464,1,0,0,0,0
2020-03-23,Contra Costa,013,1133247,332,91,0,91,2
2020-03-23,Del Norte,015,27424,0,0,0,0,0
2020-03-23,El Dorado,017,186661,24,3,0,3,0
2020-03-23,Fresno,019,978130,122,10,2,12,0
2020-03-23,Glenn,021,27897,2,0,0,0,0
2020-03-23,Humboldt,023,135768,30,2,0,2,0
2020-03-23,Imperial,025,180216,53,2,0,2,0
2020-03-23,Inyo,027,18085,3,0,0,0,0
2020-03-23,Kern,029,883053,130,5,0,5,0
2020-03-23,Kings,031,150075,24,0,1,1,0
2020-03-23,Lake,033,64148,0,0,0,0,0
2020-03-23,Lassen,035,31185,1,0,1,1,0
2020-03-23,Los Angeles,037,10098052,3371,389,13,402,4
2020-03-23,Madera,039,155013,36,4,0,4,0
2020-03-23,Marin,041,260295,79,30,0,30,0
2020-03-23,Mariposa,043,17540,0,0,0,0,0
2020-03-23,Mendocino,045,87422,3,1,0,1,0
2020-03-23,Merced,047,269075,11,0,0,0,0
2020-03-23,Modoc,049,8938,0,0,0,0,0
2020-03-23,Mono,051,14174,19,1,0,1,0
2020-03-23,Monterey,053,433212,53,14,1,15,1
2020-03-23,Napa,055,140530,21,1,0,1,0
2020-03-23,Nevada,057,99092,27,2,1,3,0
2020-03-23,Orange,059,3164182,882,138,11,149,0
2020-03-23,Placer,061,380077,87,19,0,19,1
2020-03-23,Plumas,063,18699,0,0,0,0,0
2020-03-23,Riverside,065,2383286,701,39,12,51,5
2020-03-23,Sacramento,067,1510023,391,87,0,87,4
2020-03-23,San Benito,069,59416,25,4,0,4,1
2020-03-23,San Bernardino,071,2135413,333,17,0,17,0
2020-03-23,San Diego,073,3302833,1068,178,0,178,1
2020-03-23,San Francisco,075,870044,487,152,0,152,0
2020-03-23,San Joaquin,077,732212,153,37,3,40,2
2020-03-23,San Luis Obispo,079,281455,96,23,0,23,0
2020-03-23,San Mateo,081,765935,495,88,2,90,1
2020-03-23,Santa Barbara,083,443738,175,18,1,19,0
2020-03-23,Santa Clara,085,1922200,1071,336,2,338,13
2020-03-23,Santa Cruz,087,273765,61,21,0,21,0
2020-03-23,Shasta,089,179085,13,2,0,2,0
2020-03-23,Sierra,091,2930,0,0,0,0,0
2020-03-23,Siskiyou,093,43540,4,2,0,2,0
2020-03-23,Solano,095,438530,73,33,0,33,0
2020-03-23,Sonoma,097,501317,104,19,0,19,1
2020-03-23,Stanislaus,099,539301,55,10,3,13,0
2020-03-23,Sutter,101,95872,9,0,0,0,0
2020-03-23,Tehama,103,63373,1,0,0,0,0
2020-03-23,Trinity,105,12862,0,0,0,0,0
2020-03-23,Tulare,107,460477,66,9,3,12,0
2020-03-23,Tuolumne,109,53932,1,0,0,0,0
2020-03-23,Ventura,111,848112,196,30,0,30,0
2020-03-23,Yolo,113,214977,38,8,0,8,0
2020-03-23,Yuba,115,75493,7,2,0,2,0
2020-03-22,Alameda,001,1643700,429,72,1,73,1
2020-03-22,Alpine,003,1148,1,0,0,0,0
2020-03-22,Amador,005,37829,1,1,0,1,0
2020-03-22,Butte,007,227075,8,1,0,1,0
2020-03-22,Calaveras,009,45235,2,2,0,2,0
2020-03-22,Colusa,011,21464,1,0,0,0,0
2020-03-22,Contra Costa,013,1133247,305,79,0,79,1
2020-03-22,Del Norte,015,27424,0,0,0,0,0
2020-03-22,El Dorado,017,186661,22,1,0,1,0
2020-03-22,Fresno,019,978130,102,8,2,10,0
2020-03-22,Glenn,021,27897,2,0,0,0,0
2020-03-22,Humboldt,023,135768,27,1,0,1,0
2020-03-22,Imperial,025,180216,51,2,0,2,0
2020-03-22,Inyo,027,18085,1,0,0,0,0
2020-03-22,Kern,029,883053,114,3,0,3,0
2020-03-22,Kings,031,150075,21,0,1,1,0
2020-03-22,Lake,033,64148,0,0,0,0,0
2020-03-22,Lassen,035,31185,1,0,1,1,0
2020-03-22,Los Angeles,037,10098052,3050,384,13,397,3
2020-03-22,Madera,039,155013,33,4,0,4,0
2020-03-22,Marin,041,260295,69,30,0,30,0
2020-03-22,Mariposa,043,17540,0,0,0,0,0
2020-03-22,Mendocino,045,87422,3,1,0,1,0
2020-03-22,Merced,047,269075,7,0,0,0,0
2020-03-22,Modoc,049,8938,0,0,0,0,0
2020-03-22,Mono,051,14174,14,1,0,1,0
2020-03-22,Monterey,053,433212,50,14,1,15,1
2020-03-22,Napa,055,140530,17,1,0,1,0
2020-03-22,Nevada,057,99092,23,2,1,3,0
2020-03-22,Orange,059,3164182,809,102,8,110,0
2020-03-22,Placer,061,380077,84,18,0,18,1
2020-03-22,Plumas,063,18699,0,0,0,0,0
2020-03-22,Riverside,065,2383286,612,26,8,34,5
2020-03-22,Sacramento,067,1510023,359,82,0,82,4
2020-03-22,San Benito,069,59416,20,4,0,4,1
2020-03-22,San Bernardino,071,2135413,290,16,0,16,0
2020-03-22,San Diego,073,3302833,980,161,0,161,0
2020-03-22,San Francisco,075,870044,450,134,0,134,0
2020-03-22,San Joaquin,077,732212,139,30,3,33,2
2020-03-22,San Luis Obispo,079,281455,90,19,0,19,0
2020-03-22,San Mateo,081,765935,462,82,2,84,1
2020-03-22,Santa Barbara,083,443738,157,16,1,17,0
2020-03-22,Santa Clara,085,1922200,1007,284,2,286,13
2020-03-22,Santa Cruz,087,273765,60,19,0,19,0
2020-03-22,Shasta,089,179085,13,1,0,1,0
2020-03-22,Sierra,091,2930,0,0,0,0,0
2020-03-22,Siskiyou,093,43540,4,2,0,2,0
2020-03-22,Solano,095,438530,64,30,0,30,0
2020-03-22,Sonoma,097,501317,99,18,0,18,1
2020-03-22,Stanislaus,099,539301,49,8,3,11,0
2020-03-22,Sutter,101,95872,8,0,0,0,0
2020-03-22,Tehama,103,63373,0,0,0,0,0
2020-03-22,Trinity,105,12862,0,0,0,0,0
2020-03-22,Tulare,107,460477,60,5,3,8,0
2020-03-22,Tuolumne,109,53932,1,0,0,0,0
2020-03-22,Ventura,111,848112,174,26,0,26,0
2020-03-22,Yolo,113,214977,32,6,0,6,0
2020-03-22,Yuba,115,75493,7,2,0,2,0
2020-03-21,Alameda,001,1643700,405,62,1,63,0
2020-03-21,Alpine,003,1148,1,0,0,0,0
2020-03-21,Amador,005,37829,1,1,0,1,0
2020-03-21,Butte,007,227075,7,1,0,1,0
2020-03-21,Calaveras,009,45235,2,2,0,2,0
2020-03-21,Colusa,011,21464,1,0,0,0,0
2020-03-21,Contra Costa,013,1133247,294,62,0,62,1
2020-03-21,Del Norte,015,27424,0,0,0,0,0
2020-03-21,El Dorado,017,186661,19,1,0,1,0
2020-03-21,Fresno,019,978130,98,8,2,10,0
2020-03-21,Glenn,021,27897,2,0,0,0,0
2020-03-21,Humboldt,023,135768,25,1,0,1,0
2020-03-21,Imperial,025,180216,47,2,0,2,0
2020-03-21,Inyo,027,18085,1,0,0,0,0
2020-03-21,Kern,029,883053,108,3,0,3,0
2020-03-21,Kings,031,150075,21,0,1,1,0
2020-03-21,Lake,033,64148,0,0,0,0,0
2020-03-21,Lassen,035,31185,1,0,1,1,0
2020-03-21,Los Angeles,037,10098052,2777,322,13,335,2
2020-03-21,Madera,039,155013,33,4,0,4,0
2020-03-21,Marin,041,260295,64,30,0,30,0
2020-03-21,Mariposa,043,17540,0,0,0,0,0
2020-03-21,Mendocino,045,87422,3,1,0,1,0
2020-03-21,Merced,047,269075,6,0,0,0,0
2020-03-21,Modoc,049,8938,0,0,0,0,0
2020-03-21,Mono,051,14174,14,1,0,1,0
2020-03-21,Monterey,053,433212,47,8,1,9,1
2020-03-21,Napa,055,140530,17,0,0,0,0
2020-03-21,Nevada,057,99092,23,2,1,3,0
2020-03-21,Orange,059,3164182,760,85,8,93,0
2020-03-21,Placer,061,380077,75,11,0,11,1
2020-03-21,Plumas,063,18699,0,0,0,0,0
2020-03-21,Riverside,065,2383286,565,20,8,28,3
2020-03-21,Sacramento,067,1510023,332,66,0,66,3
2020-03-21,San Benito,069,59416,18,4,0,4,1
2020-03-21,San Bernardino,071,2135413,270,13,0,13,0
2020-03-21,San Diego,073,3302833,903,121,0,121,0
2020-03-21,San Francisco,075,870044,414,106,0,106,0
2020-03-21,San Joaquin,077,732212,130,26,3,29,2
2020-03-21,San Luis Obispo,079,281455,85,16,0,16,0
2020-03-21,San Mateo,081,765935,424,78,2,80,1
2020-03-21,Santa Barbara,083,443738,142,8,1,9,0
2020-03-21,Santa Clara,085,1922200,946,269,2,271,10
2020-03-21,Santa Cruz,087,273765,58,17,0,17,0
2020-03-21,Shasta,089,179085,12,1,0,1,0
2020-03-21,Sierra,091,2930,0,0,0,0,0
2020-03-21,Siskiyou,093,43540,4,0,0,0,0
2020-03-21,Solano,095,438530,62,30,0,30,0
2020-03-21,Sonoma,097,501317,98,15,0,15,1
2020-03-21,Stanislaus,099,539301,43,7,3,10,0
2020-03-21,Sutter,101,95872,7,0,0,0,0
2020-03-21,Tehama,103,63373,0,0,0,0,0
2020-03-21,Trinity,105,12862,0,0,0,0,0
2020-03-21,Tulare,107,460477,53,5,3,8,0
2020-03-21,Tuolumne,109,53932,1,0,0,0,0
2020-03-21,Ventura,111,848112,166,22,0,22,0
2020-03-21,Yolo,113,214977,32,6,0,6,0
2020-03-21,Yuba,115,75493,7,1,0,1,0
2020-03-20,Alameda,001,1643700,384,42,1,43,0
2020-03-20,Alpine,003,1148,1,0,0,0,0
2020-03-20,Amador,005,37829,0,0,0,0,0
2020-03-20,Butte,007,227075,7,0,0,0,0
2020-03-20,Calaveras,009,45235,2,2,0,2,0
2020-03-20,Colusa,011,21464,1,0,0,0,0
2020-03-20,Contra Costa,013,1133247,264,52,0,52,1
2020-03-20,Del Norte,015,27424,0,0,0,0,0
2020-03-20,El Dorado,017,186661,18,1,0,1,0
2020-03-20,Fresno,019,978130,95,7,2,9,0
2020-03-20,Glenn,021,27897,1,0,0,0,0
2020-03-20,Humboldt,023,135768,25,1,0,1,0
2020-03-20,Imperial,025,180216,46,2,0,2,0
2020-03-20,Inyo,027,18085,0,0,0,0,0
2020-03-20,Kern,029,883053,93,3,0,3,0
2020-03-20,Kings,031,150075,20,0,1,1,0
2020-03-20,Lake,033,64148,0,0,0,0,0
2020-03-20,Lassen,035,31185,1,0,1,1,0
2020-03-20,Los Angeles,037,10098052,2552,267,12,279,1
2020-03-20,Madera,039,155013,32,4,0,4,0
2020-03-20,Marin,041,260295,61,30,0,30,0
2020-03-20,Mariposa,043,17540,0,0,0,0,0
2020-03-20,Mendocino,045,87422,3,1,0,1,0
2020-03-20,Merced,047,269075,6,0,0,0,0
2020-03-20,Modoc,049,8938,0,0,0,0,0
2020-03-20,Mono,051,14174,14,0,0,0,0
2020-03-20,Monterey,053,433212,46,4,1,5,0
2020-03-20,Napa,055,140530,16,0,0,0,0
2020-03-20,Nevada,057,99092,20,2,1,3,0
2020-03-20,Orange,059,3164182,713,71,8,79,2
2020-03-20,Placer,061,380077,69,9,0,9,1
2020-03-20,Plumas,063,18699,0,0,0,0,0
2020-03-20,Riverside,065,2383286,506,19,8,27,3
2020-03-20,Sacramento,067,1510023,311,56,0,56,4
2020-03-20,San Benito,069,59416,18,4,0,4,1
2020-03-20,San Bernardino,071,2135413,243,9,0,9,0
2020-03-20,San Diego,073,3302833,851,98,0,98,0
2020-03-20,San Francisco,075,870044,382,87,0,87,0
2020-03-20,San Joaquin,077,732212,115,18,3,21,2
2020-03-20,San Luis Obispo,079,281455,81,11,0,11,0
2020-03-20,San Mateo,081,765935,394,71,2,73,1
2020-03-20,Santa Barbara,083,443738,124,7,1,8,0
2020-03-20,Santa Clara,085,1922200,908,246,2,248,8
2020-03-20,Santa Cruz,087,273765,56,13,0,13,0
2020-03-20,Shasta,089,179085,11,1,0,1,0
2020-03-20,Sierra,091,2930,0,0,0,0,0
2020-03-20,Siskiyou,093,43540,4,0,0,0,0
2020-03-20,Solano,095,438530,58,29,0,29,0
2020-03-20,Sonoma,097,501317,90,7,0,7,0
2020-03-20,Stanislaus,099,539301,37,7,3,10,0
2020-03-20,Sutter,101,95872,7,0,0,0,0
2020-03-20,Tehama,103,63373,0,0,0,0,0
2020-03-20,Trinity,105,12862,0,0,0,0,0
2020-03-20,Tulare,107,460477,49,4,3,7,0
2020-03-20,Tuolumne,109,53932,1,0,0,0,0
2020-03-20,Ventura,111,848112,156,18,0,18,0
2020-03-20,Yolo,113,214977,30,5,0,5,0
2020-03-20,Yuba,115,75493,6,0,0,0,0
2020-03-19,Alameda,001,1643700,348,36,1,37,0
2020-03-19,Alpine,003,1148,1,0,0,0,0
2020-03-19,Amador,005,37829,0,0,0,0,0
2020-03-19,Butte,007,227075,5,0,0,0,0
2020-03-19,Calaveras,009,45235,2,2,0,2,0
2020-03-19,Colusa,011,21464,0,0,0,0,0
2020-03-19,Contra Costa,013,1133247,248,46,0,46,0
2020-03-19,Del Norte,015,27424,0,0,0,0,0
2020-03-19,El Dorado,017,186661,17,0,0,0,0
2020-03-19,Fresno,019,978130,86,6,2,8,0
2020-03-19,Glenn,021,27897,1,0,0,0,0
2020-03-19,Humboldt,023,135768,23,1,0,1,0
2020-03-19,Imperial,025,180216,39,2,0,2,0
2020-03-19,Inyo,027,18085,0,0,0,0,0
2020-03-19,Kern,029,883053,81,3,0,3,0
2020-03-19,Kings,031,150075,16,0,1,1,0
2020-03-19,Lake,033,64148,0,0,0,0,0
2020-03-19,Lassen,035,31185,0,0,1,1,0
2020-03-19,Los Angeles,037,10098052,2265,233,12,245,0
2020-03-19,Madera,039,155013,31,3,0,3,0
2020-03-19,Marin,041,260295,58,19,0,19,0
2020-03-19,Mariposa,043,17540,0,0,0,0,0
2020-03-19,Mendocino,045,87422,2,1,0,1,0
2020-03-19,Merced,047,269075,5,0,0,0,0
2020-03-19,Modoc,049,8938,0,0,0,0,0
2020-03-19,Mono,051,14174,12,0,0,0,0
2020-03-19,Monterey,053,433212,38,3,1,4,0
2020-03-19,Napa,055,140530,14,0,0,0,0
2020-03-19,Nevada,057,99092,18,2,1,3,0
2020-03-19,Orange,059,3164182,631,59,8,67,0
2020-03-19,Placer,061,380077,61,8,0,8,1
2020-03-19,Plumas,063,18699,0,0,0,0,0
2020-03-19,Riverside,065,2383286,395,14,6,20,3
2020-03-19,Sacramento,067,1510023,278,52,0,52,3
2020-03-19,San Benito,069,59416,15,3,0,3,0
2020-03-19,San Bernardino,071,2135413,213,7,0,7,0
2020-03-19,San Diego,073,3302833,768,68,0,68,0
2020-03-19,San Francisco,075,870044,346,80,0,80,0
2020-03-19,San Joaquin,077,732212,102,15,3,18,2
2020-03-19,San Luis Obispo,079,281455,78,6,0,6,0
2020-03-19,San Mateo,081,765935,359,58,2,60,1
2020-03-19,Santa Barbara,083,443738,107,5,0,5,0
2020-03-19,Santa Clara,085,1922200,841,183,2,185,8
2020-03-19,Santa Cruz,087,273765,53,13,0,13,0
2020-03-19,Shasta,089,179085,10,1,0,1,0
2020-03-19,Sierra,091,2930,0,0,0,0,0
2020-03-19,Siskiyou,093,43540,3,0,0,0,0
2020-03-19,Solano,095,438530,54,26,0,26,0
2020-03-19,Sonoma,097,501317,87,8,0,8,0
2020-03-19,Stanislaus,099,539301,36,7,3,10,0
2020-03-19,Sutter,101,95872,7,0,0,0,0
2020-03-19,Tehama,103,63373,0,0,0,0,0
2020-03-19,Trinity,105,12862,0,0,0,0,0
2020-03-19,Tulare,107,460477,43,3,3,6,0
2020-03-19,Tuolumne,109,53932,1,0,0,0,0
2020-03-19,Ventura,111,848112,134,15,0,15,0
2020-03-19,Yolo,113,214977,26,5,0,5,0
2020-03-19,Yuba,115,75493,5,0,0,0,0
2020-03-18,Alameda,001,1643700,320,29,1,30,0
2020-03-18,Alpine,003,1148,1,0,0,0,0
2020-03-18,Amador,005,37829,0,0,0,0,0
2020-03-18,Butte,007,227075,4,0,0,0,0
2020-03-18,Calaveras,009,45235,2,2,0,2,0
2020-03-18,Colusa,011,21464,0,0,0,0,0
2020-03-18,Contra Costa,013,1133247,227,44,0,44,0
2020-03-18,Del Norte,015,27424,0,0,0,0,0
2020-03-18,El Dorado,017,186661,16,0,0,0,0
2020-03-18,Fresno,019,978130,77,3,1,4,0
2020-03-18,Glenn,021,27897,1,0,0,0,0
2020-03-18,Humboldt,023,135768,19,1,0,1,0
2020-03-18,Imperial,025,180216,33,2,0,2,0
2020-03-18,Inyo,027,18085,0,0,0,0,0
2020-03-18,Kern,029,883053,66,1,0,1,0
2020-03-18,Kings,031,150075,14,0,1,1,0
2020-03-18,Lake,033,64148,0,0,0,0,0
2020-03-18,Lassen,035,31185,0,0,1,1,0
2020-03-18,Los Angeles,037,10098052,2026,47,12,59,0
2020-03-18,Madera,039,155013,30,2,0,2,0
2020-03-18,Marin,041,260295,53,10,0,10,0
2020-03-18,Mariposa,043,17540,0,0,0,0,0
2020-03-18,Mendocino,045,87422,2,0,0,0,0
2020-03-18,Merced,047,269075,5,0,0,0,0
2020-03-18,Modoc,049,8938,0,0,0,0,0
2020-03-18,Mono,051,14174,11,0,0,0,0
2020-03-18,Monterey,053,433212,30,1,0,1,0
2020-03-18,Napa,055,140530,11,0,0,0,0
2020-03-18,Nevada,057,99092,16,2,1,3,0
2020-03-18,Orange,059,3164182,574,38,8,46,0
2020-03-18,Placer,061,380077,54,8,0,8,1
2020-03-18,Plumas,063,18699,0,0,0,0,0
2020-03-18,Riverside,065,2383286,333,11,5,16,2
2020-03-18,Sacramento,067,1510023,255,46,0,46,3
2020-03-18,San Benito,069,59416,14,3,0,3,0
2020-03-18,San Bernardino,071,2135413,191,3,0,3,0
2020-03-18,San Diego,073,3302833,683,40,0,40,0
2020-03-18,San Francisco,075,870044,327,65,0,65,0
2020-03-18,San Joaquin,077,732212,90,14,3,17,2
2020-03-18,San Luis Obispo,079,281455,71,5,0,5,0
2020-03-18,San Mateo,081,765935,337,57,2,59,1
2020-03-18,Santa Barbara,083,443738,92,2,0,2,0
2020-03-18,Santa Clara,085,1922200,791,151,2,153,6
2020-03-18,Santa Cruz,087,273765,51,11,0,11,0
2020-03-18,Shasta,089,179085,9,1,0,1,0
2020-03-18,Sierra,091,2930,0,0,0,0,0
2020-03-18,Siskiyou,093,43540,3,0,0,0,0
2020-03-18,Solano,095,438530,50,26,0,26,0
2020-03-18,Sonoma,097,501317,78,6,0,6,0
2020-03-18,Stanislaus,099,539301,32,5,2,7,0
2020-03-18,Sutter,101,95872,5,0,0,0,0
2020-03-18,Tehama,103,63373,0,0,0,0,0
2020-03-18,Trinity,105,12862,0,0,0,0,0
2020-03-18,Tulare,107,460477,33,3,3,6,0
2020-03-18,Tuolumne,109,53932,1,0,0,0,0
2020-03-18,Ventura,111,848112,115,11,0,11,0
2020-03-18,Yolo,113,214977,23,4,0,4,0
2020-03-18,Yuba,115,75493,4,0,0,0,0
2020-03-17,Alameda,001,1643700,288,19,0,19,0
2020-03-17,Alpine,003,1148,0,0,0,0,0
2020-03-17,Amador,005,37829,0,0,0,0,0
2020-03-17,Butte,007,227075,4,0,0,0,0
2020-03-17,Calaveras,009,45235,2,2,0,2,0
2020-03-17,Colusa,011,21464,0,0,0,0,0
2020-03-17,Contra Costa,013,1133247,205,37,0,37,0
2020-03-17,Del Norte,015,27424,0,0,0,0,0
2020-03-17,El Dorado,017,186661,15,0,0,0,0
2020-03-17,Fresno,019,978130,67,2,1,3,0
2020-03-17,Glenn,021,27897,1,0,0,0,0
2020-03-17,Humboldt,023,135768,17,1,0,1,0
2020-03-17,Imperial,025,180216,27,2,0,2,0
2020-03-17,Inyo,027,18085,0,0,0,0,0
2020-03-17,Kern,029,883053,52,0,0,0,0
2020-03-17,Kings,031,150075,11,0,1,1,0
2020-03-17,Lake,033,64148,0,0,0,0,0
2020-03-17,Lassen,035,31185,0,0,1,1,0
2020-03-17,Los Angeles,037,10098052,1825,41,12,53,0
2020-03-17,Madera,039,155013,23,2,0,2,0
2020-03-17,Marin,041,260295,46,4,0,4,0
2020-03-17,Mariposa,043,17540,0,0,0,0,0
2020-03-17,Mendocino,045,87422,2,0,0,0,0
2020-03-17,Merced,047,269075,5,0,0,0,0
2020-03-17,Modoc,049,8938,0,0,0,0,0
2020-03-17,Mono,051,14174,9,0,0,0,0
2020-03-17,Monterey,053,433212,28,0,0,0,0
2020-03-17,Napa,055,140530,8,0,0,0,0
2020-03-17,Nevada,057,99092,15,1,1,2,0
2020-03-17,Orange,059,3164182,496,24,7,31,0
2020-03-17,Placer,061,380077,44,7,0,7,1
2020-03-17,Plumas,063,18699,0,0,0,0,0
2020-03-17,Riverside,065,2383286,271,11,5,16,0
2020-03-17,Sacramento,067,1510023,235,36,0,36,1
2020-03-17,San Benito,069,59416,12,2,0,2,0
2020-03-17,San Bernardino,071,2135413,163,2,0,2,0
2020-03-17,San Diego,073,3302833,616,17,0,17,0
2020-03-17,San Francisco,075,870044,300,46,0,46,0
2020-03-17,San Joaquin,077,732212,84,11,3,14,0
2020-03-17,San Luis Obispo,079,281455,63,1,0,1,0
2020-03-17,San Mateo,081,765935,305,46,2,48,1
2020-03-17,Santa Barbara,083,443738,78,0,0,0,0
2020-03-17,Santa Clara,085,1922200,733,121,2,123,4
2020-03-17,Santa Cruz,087,273765,48,10,0,10,0
2020-03-17,Shasta,089,179085,5,1,0,1,0
2020-03-17,Sierra,091,2930,0,0,0,0,0
2020-03-17,Siskiyou,093,43540,3,0,0,0,0
2020-03-17,Solano,095,438530,47,27,0,27,0
2020-03-17,Sonoma,097,501317,70,4,0,4,0
2020-03-17,Stanislaus,099,539301,29,4,2,6,0
2020-03-17,Sutter,101,95872,5,0,0,0,0
2020-03-17,Tehama,103,63373,0,0,0,0,0
2020-03-17,Trinity,105,12862,0,0,0,0,0
2020-03-17,Tulare,107,460477,28,2,3,5,0
2020-03-17,Tuolumne,109,53932,1,0,0,0,0
2020-03-17,Ventura,111,848112,98,7,0,7,0
2020-03-17,Yolo,113,214977,19,2,0,2,0
2020-03-17,Yuba,115,75493,4,0,0,0,0
2020-03-16,Alameda,001,1643700,260,17,0,17,0
2020-03-16,Alpine,003,1148,0,0,0,0,0
2020-03-16,Amador,005,37829,0,0,0,0,0
2020-03-16,Butte,007,227075,3,0,0,0,0
2020-03-16,Calaveras,009,45235,2,2,0,2,0
2020-03-16,Colusa,011,21464,0,0,0,0,0
2020-03-16,Contra Costa,013,1133247,183,36,0,36,0
2020-03-16,Del Norte,015,27424,0,0,0,0,0
2020-03-16,El Dorado,017,186661,14,0,0,0,0
2020-03-16,Fresno,019,978130,52,2,1,3,0
2020-03-16,Glenn,021,27897,0,0,0,0,0
2020-03-16,Humboldt,023,135768,13,1,0,1,0
2020-03-16,Imperial,025,180216,22,2,0,2,0
2020-03-16,Inyo,027,18085,0,0,0,0,0
2020-03-16,Kern,029,883053,43,0,0,0,0
2020-03-16,Kings,031,150075,10,0,1,1,0
2020-03-16,Lake,033,64148,0,0,0,0,0
2020-03-16,Lassen,035,31185,0,0,0,0,0
2020-03-16,Los Angeles,037,10098052,1590,43,12,55,0
2020-03-16,Madera,039,155013,22,2,0,2,0
2020-03-16,Marin,041,260295,43,4,0,4,0
2020-03-16,Mariposa,043,17540,0,0,0,0,0
2020-03-16,Mendocino,045,87422,2,0,0,0,0
2020-03-16,Merced,047,269075,5,0,0,0,0
2020-03-16,Modoc,049,8938,0,0,0,0,0
2020-03-16,Mono,051,14174,7,0,0,0,0
2020-03-16,Monterey,053,433212,27,0,0,0,0
2020-03-16,Napa,055,140530,7,0,0,0,0
2020-03-16,Nevada,057,99092,11,1,1,2,0
2020-03-16,Orange,059,3164182,413,18,7,25,0
2020-03-16,Placer,061,380077,36,7,0,7,1
2020-03-16,Plumas,063,18699,0,0,0,0,0
2020-03-16,Riverside,065,2383286,235,10,5,15,0
2020-03-16,Sacramento,067,1510023,208,34,0,34,1
2020-03-16,San Benito,069,59416,8,2,0,2,0
2020-03-16,San Bernardino,071,2135413,143,1,0,1,0
2020-03-16,San Diego,073,3302833,525,17,0,17,0
2020-03-16,San Francisco,075,870044,262,40,0,40,0
2020-03-16,San Joaquin,077,732212,74,9,3,12,0
2020-03-16,San Luis Obispo,079,281455,56,1,0,1,0
2020-03-16,San Mateo,081,765935,269,42,2,44,1
2020-03-16,Santa Barbara,083,443738,66,0,0,0,0
2020-03-16,Santa Clara,085,1922200,657,115,1,116,2
2020-03-16,Santa Cruz,087,273765,44,9,0,9,0
2020-03-16,Shasta,089,179085,5,1,0,1,0
2020-03-16,Sierra,091,2930,0,0,0,0,0
2020-03-16,Siskiyou,093,43540,2,0,0,0,0
2020-03-16,Solano,095,438530,43,27,0,27,0
2020-03-16,Sonoma,097,501317,63,4,0,4,0
2020-03-16,Stanislaus,099,539301,26,2,2,4,0
2020-03-16,Sutter,101,95872,3,0,0,0,0
2020-03-16,Tehama,103,63373,0,0,0,0,0
2020-03-16,Trinity,105,12862,0,0,0,0,0
2020-03-16,Tulare,107,460477,24,2,3,5,0
2020-03-16,Tuolumne,109,53932,1,0,0,0,0
2020-03-16,Ventura,111,848112,88,7,0,7,0
2020-03-16,Yolo,113,214977,18,2,0,2,0
2020-03-16,Yuba,115,75493,3,0,0,0,0
2020-03-15,Alameda,001,1643700,214,17,0,17,0
2020-03-15,Alpine,003,1148,0,0,0,0,0
2020-03-15,Amador,005,37829,0,0,0,0,0
2020-03-15,Butte,007,227075,3,0,0,0,0
2020-03-15,Calaveras,009,45235,2,2,0,2,0
2020-03-15,Colusa,011,21464,0,0,0,0,0
2020-03-15,Contra Costa,013,1133247,160,34,0,34,0
2020-03-15,Del Norte,015,27424,0,0,0,0,0
2020-03-15,El Dorado,017,186661,13,0,0,0,0
2020-03-15,Fresno,019,978130,32,1,1,2,0
2020-03-15,Glenn,021,27897,0,0,0,0,0
2020-03-15,Humboldt,023,135768,11,1,0,1,0
2020-03-15,Imperial,025,180216,17,2,0,2,0
2020-03-15,Inyo,027,18085,0,0,0,0,0
2020-03-15,Kern,029,883053,37,0,0,0,0
2020-03-15,Kings,031,150075,10,0,1,1,0
2020-03-15,Lake,033,64148,0,0,0,0,0
2020-03-15,Lassen,035,31185,0,0,0,0,0
2020-03-15,Los Angeles,037,10098052,1350,41,12,53,0
2020-03-15,Madera,039,155013,21,2,0,2,0
2020-03-15,Marin,041,260295,37,3,0,3,0
2020-03-15,Mariposa,043,17540,0,0,0,0,0
2020-03-15,Mendocino,045,87422,2,0,0,0,0
2020-03-15,Merced,047,269075,3,0,0,0,0
2020-03-15,Modoc,049,8938,0,0,0,0,0
2020-03-15,Mono,051,14174,6,0,0,0,0
2020-03-15,Monterey,053,433212,20,0,0,0,0
2020-03-15,Napa,055,140530,7,0,0,0,0
2020-03-15,Nevada,057,99092,11,0,1,1,0
2020-03-15,Orange,059,3164182,345,16,2,18,0
2020-03-15,Placer,061,380077,31,7,0,7,1
2020-03-15,Plumas,063,18699,0,0,0,0,0
2020-03-15,Riverside,065,2383286,183,10,5,15,0
2020-03-15,Sacramento,067,1510023,172,30,0,30,1
2020-03-15,San Benito,069,59416,8,2,0,2,0
2020-03-15,San Bernardino,071,2135413,121,0,0,0,0
2020-03-15,San Diego,073,3302833,438,16,0,16,0
2020-03-15,San Francisco,075,870044,206,31,0,31,0
2020-03-15,San Joaquin,077,732212,63,6,3,9,0
2020-03-15,San Luis Obispo,079,281455,46,1,0,1,0
2020-03-15,San Mateo,081,765935,236,29,1,30,1
2020-03-15,Santa Barbara,083,443738,56,0,0,0,0
2020-03-15,Santa Clara,085,1922200,585,79,1,80,2
2020-03-15,Santa Cruz,087,273765,38,8,0,8,0
2020-03-15,Shasta,089,179085,5,1,0,1,0
2020-03-15,Sierra,091,2930,0,0,0,0,0
2020-03-15,Siskiyou,093,43540,2,0,0,0,0
2020-03-15,Solano,095,438530,42,26,0,26,0
2020-03-15,Sonoma,097,501317,54,4,0,4,0
2020-03-15,Stanislaus,099,539301,26,2,2,4,0
2020-03-15,Sutter,101,95872,2,0,0,0,0
2020-03-15,Tehama,103,63373,0,0,0,0,0
2020-03-15,Trinity,105,12862,0,0,0,0,0
2020-03-15,Tulare,107,460477,18,2,3,5,0
2020-03-15,Tuolumne,109,53932,1,0,0,0,0
2020-03-15,Ventura,111,848112,77,5,0,5,0
2020-03-15,Yolo,113,214977,15,2,0,2,0
2020-03-15,Yuba,115,75493,2,0,0,0,0
2020-03-14,Alameda,001,1643700,195,11,0,11,0
2020-03-14,Alpine,003,1148,0,0,0,0,0
2020-03-14,Amador,005,37829,0,0,0,0,0
2020-03-14,Butte,007,227075,2,0,0,0,0
2020-03-14,Calaveras,009,45235,2,2,0,2,0
2020-03-14,Colusa,011,21464,0,0,0,0,0
2020-03-14,Contra Costa,013,1133247,138,30,0,30,0
2020-03-14,Del Norte,015,27424,0,0,0,0,0
2020-03-14,El Dorado,017,186661,11,0,0,0,0
2020-03-14,Fresno,019,978130,24,1,1,2,0
2020-03-14,Glenn,021,27897,0,0,0,0,0
2020-03-14,Humboldt,023,135768,7,1,0,1,0
2020-03-14,Imperial,025,180216,13,2,0,2,0
2020-03-14,Inyo,027,18085,0,0,0,0,0
2020-03-14,Kern,029,883053,32,0,0,0,0
2020-03-14,Kings,031,150075,10,0,1,1,0
2020-03-14,Lake,033,64148,0,0,0,0,0
2020-03-14,Lassen,035,31185,0,0,0,0,0
2020-03-14,Los Angeles,037,10098052,1172,35,12,47,0
2020-03-14,Madera,039,155013,20,2,0,2,0
2020-03-14,Marin,041,260295,36,3,0,3,0
2020-03-14,Mariposa,043,17540,0,0,0,0,0
2020-03-14,Mendocino,045,87422,2,0,0,0,0
2020-03-14,Merced,047,269075,3,0,0,0,0
2020-03-14,Modoc,049,8938,0,0,0,0,0
2020-03-14,Mono,051,14174,5,0,0,0,0
2020-03-14,Monterey,053,433212,14,0,0,0,0
2020-03-14,Napa,055,140530,5,0,0,0,0
2020-03-14,Nevada,057,99092,8,0,1,1,0
2020-03-14,Orange,059,3164182,306,14,0,14,0
2020-03-14,Placer,061,380077,28,6,0,6,1
2020-03-14,Plumas,063,18699,0,0,0,0,0
2020-03-14,Riverside,065,2383286,163,10,5,15,0
2020-03-14,Sacramento,067,1510023,151,31,0,31,1
2020-03-14,San Benito,069,59416,8,2,0,2,0
2020-03-14,San Bernardino,071,2135413,102,0,0,0,0
2020-03-14,San Diego,073,3302833,363,10,0,10,0
2020-03-14,San Francisco,075,870044,185,29,0,29,0
2020-03-14,San Joaquin,077,732212,54,6,3,9,0
2020-03-14,San Luis Obispo,079,281455,41,0,0,0,0
2020-03-14,San Mateo,081,765935,213,27,1,28,0
2020-03-14,Santa Barbara,083,443738,44,0,0,0,0
2020-03-14,Santa Clara,085,1922200,529,62,1,63,2
2020-03-14,Santa Cruz,087,273765,33,8,0,8,0
2020-03-14,Shasta,089,179085,5,1,0,1,0
2020-03-14,Sierra,091,2930,0,0,0,0,0
2020-03-14,Siskiyou,093,43540,1,0,0,0,0
2020-03-14,Solano,095,438530,40,26,0,26,0
2020-03-14,Sonoma,097,501317,41,2,0,2,0
2020-03-14,Stanislaus,099,539301,22,2,2,4,0
2020-03-14,Sutter,101,95872,2,0,0,0,0
2020-03-14,Tehama,103,63373,0,0,0,0,0
2020-03-14,Trinity,105,12862,0,0,0,0,0
2020-03-14,Tulare,107,460477,16,2,2,4,0
2020-03-14,Tuolumne,109,53932,1,0,0,0,0
2020-03-14,Ventura,111,848112,68,5,0,5,0
2020-03-14,Yolo,113,214977,15,2,0,2,0
2020-03-14,Yuba,115,75493,1,0,0,0,0
2020-03-13,Alameda,001,1643700,176,12,0,12,0
2020-03-13,Alpine,003,1148,0,0,0,0,0
2020-03-13,Amador,005,37829,0,0,0,0,0
2020-03-13,Butte,007,227075,0,0,0,0,0
2020-03-13,Calaveras,009,45235,2,2,0,2,0
2020-03-13,Colusa,011,21464,0,0,0,0,0
2020-03-13,Contra Costa,013,1133247,125,22,0,22,0
2020-03-13,Del Norte,015,27424,0,0,0,0,0
2020-03-13,El Dorado,017,186661,10,0,0,0,0
2020-03-13,Fresno,019,978130,19,1,1,2,0
2020-03-13,Glenn,021,27897,0,0,0,0,0
2020-03-13,Humboldt,023,135768,7,1,0,1,0
2020-03-13,Imperial,025,180216,12,2,0,2,0
2020-03-13,Inyo,027,18085,0,0,0,0,0
2020-03-13,Kern,029,883053,27,0,0,0,0
2020-03-13,Kings,031,150075,9,0,1,1,0
2020-03-13,Lake,033,64148,0,0,0,0,0
2020-03-13,Lassen,035,31185,0,0,0,0,0
2020-03-13,Los Angeles,037,10098052,1019,30,11,41,0
2020-03-13,Madera,039,155013,19,1,0,1,0
2020-03-13,Marin,041,260295,34,3,0,3,0
2020-03-13,Mariposa,043,17540,0,0,0,0,0
2020-03-13,Mendocino,045,87422,2,0,0,0,0
2020-03-13,Merced,047,269075,2,0,0,0,0
2020-03-13,Modoc,049,8938,0,0,0,0,0
2020-03-13,Mono,051,14174,3,0,0,0,0
2020-03-13,Monterey,053,433212,9,0,0,0,0
2020-03-13,Napa,055,140530,3,0,0,0,0
2020-03-13,Nevada,057,99092,7,0,1,1,0
2020-03-13,Orange,059,3164182,267,10,0,10,0
2020-03-13,Placer,061,380077,27,6,0,6,1
2020-03-13,Plumas,063,18699,0,0,0,0,0
2020-03-13,Riverside,065,2383286,133,5,4,9,0
2020-03-13,Sacramento,067,1510023,129,18,0,18,1
2020-03-13,San Benito,069,59416,6,2,0,2,0
2020-03-13,San Bernardino,071,2135413,95,0,0,0,0
2020-03-13,San Diego,073,3302833,313,8,0,8,0
2020-03-13,San Francisco,075,870044,171,28,0,28,0
2020-03-13,San Joaquin,077,732212,50,6,3,9,0
2020-03-13,San Luis Obispo,079,281455,33,0,0,0,0
2020-03-13,San Mateo,081,765935,192,24,1,25,0
2020-03-13,Santa Barbara,083,443738,40,0,0,0,0
2020-03-13,Santa Clara,085,1922200,467,59,1,60,1
2020-03-13,Santa Cruz,087,273765,32,7,0,7,0
2020-03-13,Shasta,089,179085,3,1,0,1,0
2020-03-13,Sierra,091,2930,0,0,0,0,0
2020-03-13,Siskiyou,093,43540,0,0,0,0,0
2020-03-13,Solano,095,438530,39,26,0,26,0
2020-03-13,Sonoma,097,501317,40,2,0,2,0
2020-03-13,Stanislaus,099,539301,17,2,2,4,0
2020-03-13,Sutter,101,95872,2,0,0,0,0
2020-03-13,Tehama,103,63373,0,0,0,0,0
2020-03-13,Trinity,105,12862,0,0,0,0,0
2020-03-13,Tulare,107,460477,13,2,2,4,0
2020-03-13,Tuolumne,109,53932,1,0,0,0,0
2020-03-13,Ventura,111,848112,54,5,0,5,0
2020-03-13,Yolo,113,214977,15,1,0,1,0
2020-03-13,Yuba,115,75493,1,0,0,0,0
2020-03-12,Alameda,001,1643700,151,9,0,9,0
2020-03-12,Alpine,003,1148,0,0,0,0,0
2020-03-12,Amador,005,37829,0,0,0,0,0
2020-03-12,Butte,007,227075,0,0,0,0,0
2020-03-12,Calaveras,009,45235,2,2,0,2,0
2020-03-12,Colusa,011,21464,0,0,0,0,0
2020-03-12,Contra Costa,013,1133247,108,18,0,18,0
2020-03-12,Del Norte,015,27424,0,0,0,0,0
2020-03-12,El Dorado,017,186661,8,0,0,0,0
2020-03-12,Fresno,019,978130,11,1,1,2,0
2020-03-12,Glenn,021,27897,0,0,0,0,0
2020-03-12,Humboldt,023,135768,6,1,0,1,0
2020-03-12,Imperial,025,180216,11,2,0,2,0
2020-03-12,Inyo,027,18085,0,0,0,0,0
2020-03-12,Kern,029,883053,18,0,0,0,0
2020-03-12,Kings,031,150075,6,0,1,1,0
2020-03-12,Lake,033,64148,0,0,0,0,0
2020-03-12,Lassen,035,31185,0,0,0,0,0
2020-03-12,Los Angeles,037,10098052,860,30,11,41,0
2020-03-12,Madera,039,155013,16,1,0,1,0
2020-03-12,Marin,041,260295,24,1,0,1,0
2020-03-12,Mariposa,043,17540,0,0,0,0,0
2020-03-12,Mendocino,045,87422,2,0,0,0,0
2020-03-12,Merced,047,269075,2,0,0,0,0
2020-03-12,Modoc,049,8938,0,0,0,0,0
2020-03-12,Mono,051,14174,3,0,0,0,0
2020-03-12,Monterey,053,433212,7,0,0,0,0
2020-03-12,Napa,055,140530,3,0,0,0,0
2020-03-12,Nevada,057,99092,4,0,1,1,0
2020-03-12,Orange,059,3164182,231,7,0,7,0
2020-03-12,Placer,061,380077,23,6,0,6,1
2020-03-12,Plumas,063,18699,0,0,0,0,0
2020-03-12,Riverside,065,2383286,107,5,2,7,0
2020-03-12,Sacramento,067,1510023,105,17,0,17,1
2020-03-12,San Benito,069,59416,5,2,0,2,0
2020-03-12,San Bernardino,071,2135413,79,0,0,0,0
2020-03-12,San Diego,073,3302833,258,9,0,9,0
2020-03-12,San Francisco,075,870044,147,20,0,20,0
2020-03-12,San Joaquin,077,732212,44,3,3,6,1
2020-03-12,San Luis Obispo,079,281455,26,0,0,0,0
2020-03-12,San Mateo,081,765935,158,21,1,22,0
2020-03-12,Santa Barbara,083,443738,27,0,0,0,0
2020-03-12,Santa Clara,085,1922200,409,51,1,52,1
2020-03-12,Santa Cruz,087,273765,29,5,0,5,0
2020-03-12,Shasta,089,179085,2,1,0,1,0
2020-03-12,Sierra,091,2930,0,0,0,0,0
2020-03-12,Siskiyou,093,43540,0,0,0,0,0
2020-03-12,Solano,095,438530,34,26,0,26,0
2020-03-12,Sonoma,097,501317,34,2,0,2,0
2020-03-12,Stanislaus,099,539301,15,2,2,4,0
2020-03-12,Sutter,101,95872,0,0,0,0,0
2020-03-12,Tehama,103,63373,0,0,0,0,0
2020-03-12,Trinity,105,12862,0,0,0,0,0
2020-03-12,Tulare,107,460477,12,1,1,2,0
2020-03-12,Tuolumne,109,53932,1,0,0,0,0
2020-03-12,Ventura,111,848112,45,3,0,3,0
2020-03-12,Yolo,113,214977,14,1,0,1,0
2020-03-12,Yuba,115,75493,1,0,0,0,0
2020-03-11,Alameda,001,1643700,120,5,0,5,0
2020-03-11,Alpine,003,1148,0,0,0,0,0
2020-03-11,Amador,005,37829,0,0,0,0,0
2020-03-11,Butte,007,227075,0,0,0,0,0
2020-03-11,Calaveras,009,45235,2,2,0,2,0
2020-03-11,Colusa,011,21464,0,0,0,0,0
2020-03-11,Contra Costa,013,1133247,93,16,0,16,0
2020-03-11,Del Norte,015,27424,0,0,0,0,0
2020-03-11,El Dorado,017,186661,7,0,0,0,0
2020-03-11,Fresno,019,978130,8,1,1,2,0
2020-03-11,Glenn,021,27897,0,0,0,0,0
2020-03-11,Humboldt,023,135768,6,1,0,1,0
2020-03-11,Imperial,025,180216,9,0,0,0,0
2020-03-11,Inyo,027,18085,0,0,0,0,0
2020-03-11,Kern,029,883053,16,0,0,0,0
2020-03-11,Kings,031,150075,4,0,1,1,0
2020-03-11,Lake,033,64148,0,0,0,0,0
2020-03-11,Lassen,035,31185,0,0,0,0,0
2020-03-11,Los Angeles,037,10098052,692,21,11,32,0
2020-03-11,Madera,039,155013,13,1,0,1,0
2020-03-11,Marin,041,260295,17,1,0,1,0
2020-03-11,Mariposa,043,17540,0,0,0,0,0
2020-03-11,Mendocino,045,87422,1,0,0,0,0
2020-03-11,Merced,047,269075,2,0,0,0,0
2020-03-11,Modoc,049,8938,0,0,0,0,0
2020-03-11,Mono,051,14174,3,0,0,0,0
2020-03-11,Monterey,053,433212,6,0,0,0,0
2020-03-11,Napa,055,140530,2,0,0,0,0
2020-03-11,Nevada,057,99092,4,0,1,1,0
2020-03-11,Orange,059,3164182,202,6,0,6,0
2020-03-11,Placer,061,380077,18,6,0,6,1
2020-03-11,Plumas,063,18699,0,0,0,0,0
2020-03-11,Riverside,065,2383286,81,4,1,5,0
2020-03-11,Sacramento,067,1510023,87,9,0,9,1
2020-03-11,San Benito,069,59416,5,2,0,2,0
2020-03-11,San Bernardino,071,2135413,72,0,0,0,0
2020-03-11,San Diego,073,3302833,208,4,0,4,0
2020-03-11,San Francisco,075,870044,124,17,0,17,0
2020-03-11,San Joaquin,077,732212,33,1,3,4,0
2020-03-11,San Luis Obispo,079,281455,23,0,0,0,0
2020-03-11,San Mateo,081,765935,140,16,0,16,0
2020-03-11,Santa Barbara,083,443738,17,0,0,0,0
2020-03-11,Santa Clara,085,1922200,369,48,1,49,1
2020-03-11,Santa Cruz,087,273765,26,2,0,2,0
2020-03-11,Shasta,089,179085,2,1,0,1,0
2020-03-11,Sierra,091,2930,0,0,0,0,0
2020-03-11,Siskiyou,093,43540,0,0,0,0,0
2020-03-11,Solano,095,438530,29,26,0,26,0
2020-03-11,Sonoma,097,501317,30,2,0,2,0
2020-03-11,Stanislaus,099,539301,15,2,2,4,0
2020-03-11,Sutter,101,95872,0,0,0,0,0
2020-03-11,Tehama,103,63373,0,0,0,0,0
2020-03-11,Trinity,105,12862,0,0,0,0,0
2020-03-11,Tulare,107,460477,10,0,1,1,0
2020-03-11,Tuolumne,109,53932,1,0,0,0,0
2020-03-11,Ventura,111,848112,37,3,0,3,0
2020-03-11,Yolo,113,214977,10,1,0,1,0
2020-03-11,Yuba,115,75493,1,0,0,0,0
2020-03-10,Alameda,001,1643700,98,4,0,4,0
2020-03-10,Alpine,003,1148,0,0,0,0,0
2020-03-10,Amador,005,37829,0,0,0,0,0
2020-03-10,Butte,007,227075,0,0,0,0,0
2020-03-10,Calaveras,009,45235,2,2,0,2,0
2020-03-10,Colusa,011,21464,0,0,0,0,0
2020-03-10,Contra Costa,013,1133247,84,11,0,11,0
2020-03-10,Del Norte,015,27424,0,0,0,0,0
2020-03-10,El Dorado,017,186661,6,0,0,0,0
2020-03-10,Fresno,019,978130,6,1,1,2,0
2020-03-10,Glenn,021,27897,0,0,0,0,0
2020-03-10,Humboldt,023,135768,6,1,0,1,0
2020-03-10,Imperial,025,180216,8,0,0,0,0
2020-03-10,Inyo,027,18085,0,0,0,0,0
2020-03-10,Kern,029,883053,11,0,0,0,0
2020-03-10,Kings,031,150075,4,0,1,1,0
2020-03-10,Lake,033,64148,0,0,0,0,0
2020-03-10,Lassen,035,31185,0,0,0,0,0
2020-03-10,Los Angeles,037,10098052,556,20,11,31,0
2020-03-10,Madera,039,155013,8,1,0,1,0
2020-03-10,Marin,041,260295,16,1,0,1,0
2020-03-10,Mariposa,043,17540,0,0,0,0,0
2020-03-10,Mendocino,045,87422,0,0,0,0,0
2020-03-10,Merced,047,269075,2,0,0,0,0
2020-03-10,Modoc,049,8938,0,0,0,0,0
2020-03-10,Mono,051,14174,3,0,0,0,0
2020-03-10,Monterey,053,433212,4,0,0,0,0
2020-03-10,Napa,055,140530,2,0,0,0,0
2020-03-10,Nevada,057,99092,3,0,1,1,0
2020-03-10,Orange,059,3164182,182,5,0,5,1
2020-03-10,Placer,061,380077,14,7,0,7,1
2020-03-10,Plumas,063,18699,0,0,0,0,0
2020-03-10,Riverside,065,2383286,59,4,1,5,0
2020-03-10,Sacramento,067,1510023,78,8,0,8,0
2020-03-10,San Benito,069,59416,5,2,0,2,0
2020-03-10,San Bernardino,071,2135413,64,0,0,0,0
2020-03-10,San Diego,073,3302833,165,3,0,3,0
2020-03-10,San Francisco,075,870044,92,16,0,16,0
2020-03-10,San Joaquin,077,732212,30,1,3,4,0
2020-03-10,San Luis Obispo,079,281455,15,0,0,0,0
2020-03-10,San Mateo,081,765935,124,11,0,11,0
2020-03-10,Santa Barbara,083,443738,11,0,0,0,0
2020-03-10,Santa Clara,085,1922200,321,45,1,46,1
2020-03-10,Santa Cruz,087,273765,22,2,0,2,0
2020-03-10,Shasta,089,179085,2,1,0,1,0
2020-03-10,Sierra,091,2930,0,0,0,0,0
2020-03-10,Siskiyou,093,43540,0,0,0,0,0
2020-03-10,Solano,095,438530,27,26,0,26,0
2020-03-10,Sonoma,097,501317,27,2,0,2,0
2020-03-10,Stanislaus,099,539301,11,0,2,2,0
2020-03-10,Sutter,101,95872,0,0,0,0,0
2020-03-10,Tehama,103,63373,0,0,0,0,0
2020-03-10,Trinity,105,12862,0,0,0,0,0
2020-03-10,Tulare,107,460477,9,0,1,1,0
2020-03-10,Tuolumne,109,53932,1,0,0,0,0
2020-03-10,Ventura,111,848112,29,1,0,1,0
2020-03-10,Yolo,113,214977,7,2,0,2,0
2020-03-10,Yuba,115,75493,1,0,0,0,0
2020-03-09,Alameda,001,1643700,70,4,0,4,0
2020-03-09,Alpine,003,1148,0,0,0,0,0
2020-03-09,Amador,005,37829,0,0,0,0,0
2020-03-09,Butte,007,227075,0,0,0,0,0
2020-03-09,Calaveras,009,45235,2,0,0,0,0
2020-03-09,Colusa,011,21464,0,0,0,0,0
2020-03-09,Contra Costa,013,1133247,72,9,0,9,0
2020-03-09,Del Norte,015,27424,0,0,0,0,0
2020-03-09,El Dorado,017,186661,4,0,0,0,0
2020-03-09,Fresno,019,978130,6,1,1,2,0
2020-03-09,Glenn,021,27897,0,0,0,0,0
2020-03-09,Humboldt,023,135768,5,1,0,1,0
2020-03-09,Imperial,025,180216,8,0,0,0,0
2020-03-09,Inyo,027,18085,0,0,0,0,0
2020-03-09,Kern,029,883053,8,0,0,0,0
2020-03-09,Kings,031,150075,3,0,1,1,0
2020-03-09,Lake,033,64148,0,0,0,0,0
2020-03-09,Lassen,035,31185,0,0,0,0,0
2020-03-09,Los Angeles,037,10098052,454,17,10,27,0
2020-03-09,Madera,039,155013,8,1,0,1,0
2020-03-09,Marin,041,260295,15,1,0,1,0
2020-03-09,Mariposa,043,17540,0,0,0,0,0
2020-03-09,Mendocino,045,87422,0,0,0,0,0
2020-03-09,Merced,047,269075,2,0,0,0,0
2020-03-09,Modoc,049,8938,0,0,0,0,0
2020-03-09,Mono,051,14174,3,0,0,0,0
2020-03-09,Monterey,053,433212,2,0,0,0,0
2020-03-09,Napa,055,140530,2,0,0,0,0
2020-03-09,Nevada,057,99092,2,0,1,1,0
2020-03-09,Orange,059,3164182,154,4,0,4,0
2020-03-09,Placer,061,380077,12,7,0,7,1
2020-03-09,Plumas,063,18699,0,0,0,0,0
2020-03-09,Riverside,065,2383286,49,4,1,5,0
2020-03-09,Sacramento,067,1510023,74,8,0,8,0
2020-03-09,San Benito,069,59416,3,2,0,2,0
2020-03-09,San Bernardino,071,2135413,53,0,0,0,0
2020-03-09,San Diego,073,3302833,126,2,0,2,0
2020-03-09,San Francisco,075,870044,72,14,0,14,0
2020-03-09,San Joaquin,077,732212,21,0,3,3,0
2020-03-09,San Luis Obispo,079,281455,15,0,0,0,0
2020-03-09,San Mateo,081,765935,110,6,0,6,0
2020-03-09,Santa Barbara,083,443738,9,0,0,0,0
2020-03-09,Santa Clara,085,1922200,277,42,1,43,1
2020-03-09,Santa Cruz,087,273765,19,2,0,2,0
2020-03-09,Shasta,089,179085,2,1,0,1,0
2020-03-09,Sierra,091,2930,0,0,0,0,0
2020-03-09,Siskiyou,093,43540,0,0,0,0,0
2020-03-09,Solano,095,438530,25,26,0,26,0
2020-03-09,Sonoma,097,501317,22,2,0,2,0
2020-03-09,Stanislaus,099,539301,11,0,2,2,0
2020-03-09,Sutter,101,95872,0,0,0,0,0
2020-03-09,Tehama,103,63373,0,0,0,0,0
2020-03-09,Trinity,105,12862,0,0,0,0,0
2020-03-09,Tulare,107,460477,9,0,1,1,0
2020-03-09,Tuolumne,109,53932,1,0,0,0,0
2020-03-09,Ventura,111,848112,25,1,0,1,0
2020-03-09,Yolo,113,214977,6,2,0,2,0
2020-03-09,Yuba,115,75493,0,0,0,0,0
2020-03-08,Alameda,001,1643700,45,4,0,4,0
2020-03-08,Alpine,003,1148,0,0,0,0,0
2020-03-08,Amador,005,37829,0,0,0,0,0
2020-03-08,Butte,007,227075,0,0,0,0,0
2020-03-08,Calaveras,009,45235,2,0,0,0,0
2020-03-08,Colusa,011,21464,0,0,0,0,0
2020-03-08,Contra Costa,013,1133247,58,9,0,9,0
2020-03-08,Del Norte,015,27424,0,0,0,0,0
2020-03-08,El Dorado,017,186661,4,0,0,0,0
2020-03-08,Fresno,019,978130,4,1,1,2,0
2020-03-08,Glenn,021,27897,0,0,0,0,0
2020-03-08,Humboldt,023,135768,5,1,0,1,0
2020-03-08,Imperial,025,180216,8,0,0,0,0
2020-03-08,Inyo,027,18085,0,0,0,0,0
2020-03-08,Kern,029,883053,8,0,0,0,0
2020-03-08,Kings,031,150075,2,0,1,1,0
2020-03-08,Lake,033,64148,0,0,0,0,0
2020-03-08,Lassen,035,31185,0,0,0,0,0
2020-03-08,Los Angeles,037,10098052,361,14,10,24,0
2020-03-08,Madera,039,155013,8,1,0,1,0
2020-03-08,Marin,041,260295,13,1,0,1,0
2020-03-08,Mariposa,043,17540,0,0,0,0,0
2020-03-08,Mendocino,045,87422,0,0,0,0,0
2020-03-08,Merced,047,269075,2,0,0,0,0
2020-03-08,Modoc,049,8938,0,0,0,0,0
2020-03-08,Mono,051,14174,3,0,0,0,0
2020-03-08,Monterey,053,433212,2,0,0,0,0
2020-03-08,Napa,055,140530,2,0,0,0,0
2020-03-08,Nevada,057,99092,1,0,1,1,0
2020-03-08,Orange,059,3164182,129,4,0,4,0
2020-03-08,Placer,061,380077,11,7,0,7,1
2020-03-08,Plumas,063,18699,0,0,0,0,0
2020-03-08,Riverside,065,2383286,41,1,1,2,0
2020-03-08,Sacramento,067,1510023,64,5,0,5,0
2020-03-08,San Benito,069,59416,3,2,0,2,0
2020-03-08,San Bernardino,071,2135413,42,0,0,0,0
2020-03-08,San Diego,073,3302833,92,2,0,2,0
2020-03-08,San Francisco,075,870044,53,9,0,9,0
2020-03-08,San Joaquin,077,732212,18,0,3,3,0
2020-03-08,San Luis Obispo,079,281455,9,0,0,0,0
2020-03-08,San Mateo,081,765935,97,4,0,4,0
2020-03-08,Santa Barbara,083,443738,6,0,0,0,0
2020-03-08,Santa Clara,085,1922200,235,36,1,37,0
2020-03-08,Santa Cruz,087,273765,17,1,0,1,0
2020-03-08,Shasta,089,179085,2,0,0,0,0
2020-03-08,Sierra,091,2930,0,0,0,0,0
2020-03-08,Siskiyou,093,43540,0,0,0,0,0
2020-03-08,Solano,095,438530,24,26,0,26,0
2020-03-08,Sonoma,097,501317,17,2,0,2,0
2020-03-08,Stanislaus,099,539301,10,0,2,2,0
2020-03-08,Sutter,101,95872,0,0,0,0,0
2020-03-08,Tehama,103,63373,0,0,0,0,0
2020-03-08,Trinity,105,12862,0,0,0,0,0
2020-03-08,Tulare,107,460477,9,0,0,0,0
2020-03-08,Tuolumne,109,53932,1,0,0,0,0
2020-03-08,Ventura,111,848112,21,1,0,1,0
2020-03-08,Yolo,113,214977,3,2,0,2,0
2020-03-08,Yuba,115,75493,0,0,0,0,0
2020-03-07,Alameda,001,1643700,40,3,0,3,0
2020-03-07,Alpine,003,1148,0,0,0,0,0
2020-03-07,Amador,005,37829,0,0,0,0,0
2020-03-07,Butte,007,227075,0,0,0,0,0
2020-03-07,Calaveras,009,45235,2,0,0,0,0
2020-03-07,Colusa,011,21464,0,0,0,0,0
2020-03-07,Contra Costa,013,1133247,55,4,0,4,0
2020-03-07,Del Norte,015,27424,0,0,0,0,0
2020-03-07,El Dorado,017,186661,3,0,0,0,0
2020-03-07,Fresno,019,978130,3,1,1,2,0
2020-03-07,Glenn,021,27897,0,0,0,0,0
2020-03-07,Humboldt,023,135768,5,1,0,1,0
2020-03-07,Imperial,025,180216,7,0,0,0,0
2020-03-07,Inyo,027,18085,0,0,0,0,0
2020-03-07,Kern,029,883053,7,0,0,0,0
2020-03-07,Kings,031,150075,2,0,1,1,0
2020-03-07,Lake,033,64148,0,0,0,0,0
2020-03-07,Lassen,035,31185,0,0,0,0,0
2020-03-07,Los Angeles,037,10098052,311,14,10,24,0
2020-03-07,Madera,039,155013,7,1,0,1,0
2020-03-07,Marin,041,260295,11,0,0,0,0
2020-03-07,Mariposa,043,17540,0,0,0,0,0
2020-03-07,Mendocino,045,87422,0,0,0,0,0
2020-03-07,Merced,047,269075,2,0,0,0,0
2020-03-07,Modoc,049,8938,0,0,0,0,0
2020-03-07,Mono,051,14174,3,0,0,0,0
2020-03-07,Monterey,053,433212,2,0,0,0,0
2020-03-07,Napa,055,140530,1,0,0,0,0
2020-03-07,Nevada,057,99092,1,0,1,1,0
2020-03-07,Orange,059,3164182,121,4,0,4,0
2020-03-07,Placer,061,380077,11,6,0,6,1
2020-03-07,Plumas,063,18699,0,0,0,0,0
2020-03-07,Riverside,065,2383286,31,0,1,1,0
2020-03-07,Sacramento,067,1510023,51,4,0,4,0
2020-03-07,San Benito,069,59416,3,2,0,2,0
2020-03-07,San Bernardino,071,2135413,40,0,0,0,0
2020-03-07,San Diego,073,3302833,74,2,0,2,0
2020-03-07,San Francisco,075,870044,47,9,0,9,0
2020-03-07,San Joaquin,077,732212,16,0,3,3,0
2020-03-07,San Luis Obispo,079,281455,6,0,0,0,0
2020-03-07,San Mateo,081,765935,87,1,0,1,0
2020-03-07,Santa Barbara,083,443738,5,0,0,0,0
2020-03-07,Santa Clara,085,1922200,205,31,1,32,0
2020-03-07,Santa Cruz,087,273765,17,1,0,1,0
2020-03-07,Shasta,089,179085,2,0,0,0,0
2020-03-07,Sierra,091,2930,0,0,0,0,0
2020-03-07,Siskiyou,093,43540,0,0,0,0,0
2020-03-07,Solano,095,438530,23,25,0,25,0
2020-03-07,Sonoma,097,501317,13,2,0,2,0
2020-03-07,Stanislaus,099,539301,9,0,2,2,0
2020-03-07,Sutter,101,95872,0,0,0,0,0
2020-03-07,Tehama,103,63373,0,0,0,0,0
2020-03-07,Trinity,105,12862,0,0,0,0,0
2020-03-07,Tulare,107,460477,6,0,0,0,0
2020-03-07,Tuolumne,109,53932,1,0,0,0,0
2020-03-07,Ventura,111,848112,18,1,0,1,0
2020-03-07,Yolo,113,214977,3,2,0,2,0
2020-03-07,Yuba,115,75493,0,0,0,0,0
2020-03-06,Alameda,001,1643700,38,3,0,3,0
2020-03-06,Alpine,003,1148,0,0,0,0,0
2020-03-06,Amador,005,37829,0,0,0,0,0
2020-03-06,Butte,007,227075,0,0,0,0,0
2020-03-06,Calaveras,009,45235,2,0,0,0,0
2020-03-06,Colusa,011,21464,0,0,0,0,0
2020-03-06,Contra Costa,013,1133247,46,4,0,4,0
2020-03-06,Del Norte,015,27424,0,0,0,0,0
2020-03-06,El Dorado,017,186661,3,0,0,0,0
2020-03-06,Fresno,019,978130,2,0,1,1,0
2020-03-06,Glenn,021,27897,0,0,0,0,0
2020-03-06,Humboldt,023,135768,4,1,0,1,0
2020-03-06,Imperial,025,180216,6,0,0,0,0
2020-03-06,Inyo,027,18085,0,0,0,0,0
2020-03-06,Kern,029,883053,6,0,0,0,0
2020-03-06,Kings,031,150075,2,0,1,1,0
2020-03-06,Lake,033,64148,0,0,0,0,0
2020-03-06,Lassen,035,31185,0,0,0,0,0
2020-03-06,Los Angeles,037,10098052,268,13,10,23,0
2020-03-06,Madera,039,155013,6,0,0,0,0
2020-03-06,Marin,041,260295,10,0,0,0,0
2020-03-06,Mariposa,043,17540,0,0,0,0,0
2020-03-06,Mendocino,045,87422,0,0,0,0,0
2020-03-06,Merced,047,269075,2,0,0,0,0
2020-03-06,Modoc,049,8938,0,0,0,0,0
2020-03-06,Mono,051,14174,1,0,0,0,0
2020-03-06,Monterey,053,433212,2,0,0,0,0
2020-03-06,Napa,055,140530,1,0,0,0,0
2020-03-06,Nevada,057,99092,1,0,1,1,0
2020-03-06,Orange,059,3164182,95,4,0,4,0
2020-03-06,Placer,061,380077,10,5,0,5,1
2020-03-06,Plumas,063,18699,0,0,0,0,0
2020-03-06,Riverside,065,2383286,30,0,1,1,0
2020-03-06,Sacramento,067,1510023,42,2,0,2,0
2020-03-06,San Benito,069,59416,3,2,0,2,0
2020-03-06,San Bernardino,071,2135413,38,0,0,0,0
2020-03-06,San Diego,073,3302833,61,2,0,2,0
2020-03-06,San Francisco,075,870044,41,2,0,2,0
2020-03-06,San Joaquin,077,732212,13,0,3,3,0
2020-03-06,San Luis Obispo,079,281455,4,0,0,0,0
2020-03-06,San Mateo,081,765935,79,1,0,1,0
2020-03-06,Santa Barbara,083,443738,3,0,0,0,0
2020-03-06,Santa Clara,085,1922200,187,20,1,21,0
2020-03-06,Santa Cruz,087,273765,15,0,0,0,0
2020-03-06,Shasta,089,179085,2,0,0,0,0
2020-03-06,Sierra,091,2930,0,0,0,0,0
2020-03-06,Siskiyou,093,43540,0,0,0,0,0
2020-03-06,Solano,095,438530,22,25,0,25,0
2020-03-06,Sonoma,097,501317,13,2,0,2,0
2020-03-06,Stanislaus,099,539301,5,0,2,2,0
2020-03-06,Sutter,101,95872,0,0,0,0,0
2020-03-06,Tehama,103,63373,0,0,0,0,0
2020-03-06,Trinity,105,12862,0,0,0,0,0
2020-03-06,Tulare,107,460477,6,0,0,0,0
2020-03-06,Tuolumne,109,53932,1,0,0,0,0
2020-03-06,Ventura,111,848112,15,1,0,1,0
2020-03-06,Yolo,113,214977,3,1,0,1,0
2020-03-06,Yuba,115,75493,0,0,0,0,0
2020-03-05,Alameda,001,1643700,33,2,0,2,0
2020-03-05,Alpine,003,1148,0,0,0,0,0
2020-03-05,Amador,005,37829,0,0,0,0,0
2020-03-05,Butte,007,227075,0,0,0,0,0
2020-03-05,Calaveras,009,45235,2,0,0,0,0
2020-03-05,Colusa,011,21464,0,0,0,0,0
2020-03-05,Contra Costa,013,1133247,39,1,0,1,0
2020-03-05,Del Norte,015,27424,0,0,0,0,0
2020-03-05,El Dorado,017,186661,1,0,0,0,0
2020-03-05,Fresno,019,978130,2,0,1,1,0
2020-03-05,Glenn,021,27897,0,0,0,0,0
2020-03-05,Humboldt,023,135768,4,1,0,1,0
2020-03-05,Imperial,025,180216,5,0,0,0,0
2020-03-05,Inyo,027,18085,0,0,0,0,0
2020-03-05,Kern,029,883053,6,0,0,0,0
2020-03-05,Kings,031,150075,2,0,1,1,0
2020-03-05,Lake,033,64148,0,0,0,0,0
2020-03-05,Lassen,035,31185,0,0,0,0,0
2020-03-05,Los Angeles,037,10098052,221,11,10,21,0
2020-03-05,Madera,039,155013,5,0,0,0,0
2020-03-05,Marin,041,260295,10,0,0,0,0
2020-03-05,Mariposa,043,17540,0,0,0,0,0
2020-03-05,Mendocino,045,87422,0,0,0,0,0
2020-03-05,Merced,047,269075,2,0,0,0,0
2020-03-05,Modoc,049,8938,0,0,0,0,0
2020-03-05,Mono,051,14174,1,0,0,0,0
2020-03-05,Monterey,053,433212,2,0,0,0,0
2020-03-05,Napa,055,140530,1,0,0,0,0
2020-03-05,Nevada,057,99092,0,0,1,1,0
2020-03-05,Orange,059,3164182,80,3,0,3,0
2020-03-05,Placer,061,380077,10,2,0,2,1
2020-03-05,Plumas,063,18699,0,0,0,0,0
2020-03-05,Riverside,065,2383286,27,0,1,1,0
2020-03-05,Sacramento,067,1510023,36,2,0,2,0
2020-03-05,San Benito,069,59416,1,2,0,2,0
2020-03-05,San Bernardino,071,2135413,33,0,0,0,0
2020-03-05,San Diego,073,3302833,54,2,0,2,0
2020-03-05,San Francisco,075,870044,31,2,0,2,0
2020-03-05,San Joaquin,077,732212,10,0,3,3,0
2020-03-05,San Luis Obispo,079,281455,4,0,0,0,0
2020-03-05,San Mateo,081,765935,65,1,0,1,0
2020-03-05,Santa Barbara,083,443738,2,0,0,0,0
2020-03-05,Santa Clara,085,1922200,163,14,1,15,0
2020-03-05,Santa Cruz,087,273765,13,0,0,0,0
2020-03-05,Shasta,089,179085,2,0,0,0,0
2020-03-05,Sierra,091,2930,0,0,0,0,0
2020-03-05,Siskiyou,093,43540,0,0,0,0,0
2020-03-05,Solano,095,438530,22,24,0,24,0
2020-03-05,Sonoma,097,501317,12,2,0,2,0
2020-03-05,Stanislaus,099,539301,4,0,2,2,0
2020-03-05,Sutter,101,95872,0,0,0,0,0
2020-03-05,Tehama,103,63373,0,0,0,0,0
2020-03-05,Trinity,105,12862,0,0,0,0,0
2020-03-05,Tulare,107,460477,6,0,0,0,0
2020-03-05,Tuolumne,109,53932,1,0,0,0,0
2020-03-05,Ventura,111,848112,13,0,0,0,0
2020-03-05,Yolo,113,214977,3,0,0,0,0
2020-03-05,Yuba,115,75493,0,0,0,0,0
2020-03-04,Alameda,001,1643700,29,2,0,2,0
2020-03-04,Alpine,003,1148,0,0,0,0,0
2020-03-04,Amador,005,37829,0,0,0,0,0
2020-03-04,Butte,007,227075,0,0,0,0,0
2020-03-04,Calaveras,009,45235,0,0,0,0,0
2020-03-04,Colusa,011,21464,0,0,0,0,0
2020-03-04,Contra Costa,013,1133247,34,1,0,1,0
2020-03-04,Del Norte,015,27424,0,0,0,0,0
2020-03-04,El Dorado,017,186661,1,0,0,0,0
2020-03-04,Fresno,019,978130,2,0,1,1,0
2020-03-04,Glenn,021,27897,0,0,0,0,0
2020-03-04,Humboldt,023,135768,1,1,0,1,0
2020-03-04,Imperial,025,180216,5,0,0,0,0
2020-03-04,Inyo,027,18085,0,0,0,0,0
2020-03-04,Kern,029,883053,6,0,0,0,0
2020-03-04,Kings,031,150075,2,0,1,1,0
2020-03-04,Lake,033,64148,0,0,0,0,0
2020-03-04,Lassen,035,31185,0,0,0,0,0
2020-03-04,Los Angeles,037,10098052,186,7,10,17,0
2020-03-04,Madera,039,155013,5,0,0,0,0
2020-03-04,Marin,041,260295,10,0,0,0,0
2020-03-04,Mariposa,043,17540,0,0,0,0,0
2020-03-04,Mendocino,045,87422,0,0,0,0,0
2020-03-04,Merced,047,269075,2,0,0,0,0
2020-03-04,Modoc,049,8938,0,0,0,0,0
2020-03-04,Mono,051,14174,1,0,0,0,0
2020-03-04,Monterey,053,433212,2,0,0,0,0
2020-03-04,Napa,055,140530,1,0,0,0,0
2020-03-04,Nevada,057,99092,0,0,1,1,0
2020-03-04,Orange,059,3164182,77,3,0,3,0
2020-03-04,Placer,061,380077,9,2,0,2,1
2020-03-04,Plumas,063,18699,0,0,0,0,0
2020-03-04,Riverside,065,2383286,23,0,1,1,0
2020-03-04,Sacramento,067,1510023,31,1,0,1,0
2020-03-04,San Benito,069,59416,1,2,0,2,0
2020-03-04,San Bernardino,071,2135413,30,0,0,0,0
2020-03-04,San Diego,073,3302833,41,2,0,2,0
2020-03-04,San Francisco,075,870044,26,0,0,0,0
2020-03-04,San Joaquin,077,732212,9,0,3,3,0
2020-03-04,San Luis Obispo,079,281455,4,0,0,0,0
2020-03-04,San Mateo,081,765935,60,1,0,1,0
2020-03-04,Santa Barbara,083,443738,2,0,0,0,0
2020-03-04,Santa Clara,085,1922200,146,12,1,13,0
2020-03-04,Santa Cruz,087,273765,13,0,0,0,0
2020-03-04,Shasta,089,179085,2,0,0,0,0
2020-03-04,Sierra,091,2930,0,0,0,0,0
2020-03-04,Siskiyou,093,43540,0,0,0,0,0
2020-03-04,Solano,095,438530,21,24,0,24,0
2020-03-04,Sonoma,097,501317,11,2,0,2,0
2020-03-04,Stanislaus,099,539301,4,0,2,2,0
2020-03-04,Sutter,101,95872,0,0,0,0,0
2020-03-04,Tehama,103,63373,0,0,0,0,0
2020-03-04,Trinity,105,12862,0,0,0,0,0
2020-03-04,Tulare,107,460477,6,0,0,0,0
2020-03-04,Tuolumne,109,53932,0,0,0,0,0
2020-03-04,Ventura,111,848112,12,0,0,0,0
2020-03-04,Yolo,113,214977,3,0,0,0,0
2020-03-04,Yuba,115,75493,0,0,0,0,0
2020-03-03,Alameda,001,1643700,24,2,0,2,0
2020-03-03,Alpine,003,1148,0,0,0,0,0
2020-03-03,Amador,005,37829,0,0,0,0,0
2020-03-03,Butte,007,227075,0,0,0,0,0
2020-03-03,Calaveras,009,45235,0,0,0,0,0
2020-03-03,Colusa,011,21464,0,0,0,0,0
2020-03-03,Contra Costa,013,1133247,30,0,0,0,0
2020-03-03,Del Norte,015,27424,0,0,0,0,0
2020-03-03,El Dorado,017,186661,1,0,0,0,0
2020-03-03,Fresno,019,978130,1,0,1,1,0
2020-03-03,Glenn,021,27897,0,0,0,0,0
2020-03-03,Humboldt,023,135768,1,1,0,1,0
2020-03-03,Imperial,025,180216,5,0,0,0,0
2020-03-03,Inyo,027,18085,0,0,0,0,0
2020-03-03,Kern,029,883053,4,0,0,0,0
2020-03-03,Kings,031,150075,2,0,1,1,0
2020-03-03,Lake,033,64148,0,0,0,0,0
2020-03-03,Lassen,035,31185,0,0,0,0,0
2020-03-03,Los Angeles,037,10098052,167,5,10,15,0
2020-03-03,Madera,039,155013,4,0,0,0,0
2020-03-03,Marin,041,260295,6,0,0,0,0
2020-03-03,Mariposa,043,17540,0,0,0,0,0
2020-03-03,Mendocino,045,87422,0,0,0,0,0
2020-03-03,Merced,047,269075,2,0,0,0,0
2020-03-03,Modoc,049,8938,0,0,0,0,0
2020-03-03,Mono,051,14174,1,0,0,0,0
2020-03-03,Monterey,053,433212,1,0,0,0,0
2020-03-03,Napa,055,140530,1,0,0,0,0
2020-03-03,Nevada,057,99092,0,0,1,1,0
2020-03-03,Orange,059,3164182,69,1,0,1,0
2020-03-03,Placer,061,380077,8,2,0,2,0
2020-03-03,Plumas,063,18699,0,0,0,0,0
2020-03-03,Riverside,065,2383286,20,0,1,1,0
2020-03-03,Sacramento,067,1510023,30,1,0,1,0
2020-03-03,San Benito,069,59416,1,2,0,2,0
2020-03-03,San Bernardino,071,2135413,27,0,0,0,0
2020-03-03,San Diego,073,3302833,34,2,0,2,0
2020-03-03,San Francisco,075,870044,24,0,0,0,0
2020-03-03,San Joaquin,077,732212,8,0,3,3,0
2020-03-03,San Luis Obispo,079,281455,2,0,0,0,0
2020-03-03,San Mateo,081,765935,53,1,0,1,0
2020-03-03,Santa Barbara,083,443738,1,0,0,0,0
2020-03-03,Santa Clara,085,1922200,131,11,1,12,0
2020-03-03,Santa Cruz,087,273765,10,0,0,0,0
2020-03-03,Shasta,089,179085,2,0,0,0,0
2020-03-03,Sierra,091,2930,0,0,0,0,0
2020-03-03,Siskiyou,093,43540,0,0,0,0,0
2020-03-03,Solano,095,438530,20,24,0,24,0
2020-03-03,Sonoma,097,501317,11,1,0,1,0
2020-03-03,Stanislaus,099,539301,4,0,2,2,0
2020-03-03,Sutter,101,95872,0,0,0,0,0
2020-03-03,Tehama,103,63373,0,0,0,0,0
2020-03-03,Trinity,105,12862,0,0,0,0,0
2020-03-03,Tulare,107,460477,6,0,0,0,0
2020-03-03,Tuolumne,109,53932,0,0,0,0,0
2020-03-03,Ventura,111,848112,11,0,0,0,0
2020-03-03,Yolo,113,214977,2,0,0,0,0
2020-03-03,Yuba,115,75493,0,0,0,0,0
2020-03-02,Alameda,001,1643700,21,1,0,1,0
2020-03-02,Alpine,003,1148,0,0,0,0,0
2020-03-02,Amador,005,37829,0,0,0,0,0
2020-03-02,Butte,007,227075,0,0,0,0,0
2020-03-02,Calaveras,009,45235,0,0,0,0,0
2020-03-02,Colusa,011,21464,0,0,0,0,0
2020-03-02,Contra Costa,013,1133247,27,0,0,0,0
2020-03-02,Del Norte,015,27424,0,0,0,0,0
2020-03-02,El Dorado,017,186661,1,0,0,0,0
2020-03-02,Fresno,019,978130,1,0,1,1,0
2020-03-02,Glenn,021,27897,0,0,0,0,0
2020-03-02,Humboldt,023,135768,1,1,0,1,0
2020-03-02,Imperial,025,180216,5,0,0,0,0
2020-03-02,Inyo,027,18085,0,0,0,0,0
2020-03-02,Kern,029,883053,4,0,0,0,0
2020-03-02,Kings,031,150075,2,0,1,1,0
2020-03-02,Lake,033,64148,0,0,0,0,0
2020-03-02,Lassen,035,31185,0,0,0,0,0
2020-03-02,Los Angeles,037,10098052,152,1,10,11,0
2020-03-02,Madera,039,155013,4,0,0,0,0
2020-03-02,Marin,041,260295,6,0,0,0,0
2020-03-02,Mariposa,043,17540,0,0,0,0,0
2020-03-02,Mendocino,045,87422,0,0,0,0,0
2020-03-02,Merced,047,269075,1,0,0,0,0
2020-03-02,Modoc,049,8938,0,0,0,0,0
2020-03-02,Mono,051,14174,1,0,0,0,0
2020-03-02,Monterey,053,433212,1,0,0,0,0
2020-03-02,Napa,055,140530,1,0,0,0,0
2020-03-02,Nevada,057,99092,0,0,1,1,0
2020-03-02,Orange,059,3164182,64,1,0,1,0
2020-03-02,Placer,061,380077,8,1,0,1,0
2020-03-02,Plumas,063,18699,0,0,0,0,0
2020-03-02,Riverside,065,2383286,19,0,1,1,0
2020-03-02,Sacramento,067,1510023,25,1,0,1,0
2020-03-02,San Benito,069,59416,1,2,0,2,0
2020-03-02,San Bernardino,071,2135413,27,0,0,0,0
2020-03-02,San Diego,073,3302833,28,2,0,2,0
2020-03-02,San Francisco,075,870044,17,0,0,0,0
2020-03-02,San Joaquin,077,732212,7,0,3,3,0
2020-03-02,San Luis Obispo,079,281455,2,0,0,0,0
2020-03-02,San Mateo,081,765935,44,1,0,1,0
2020-03-02,Santa Barbara,083,443738,1,0,0,0,0
2020-03-02,Santa Clara,085,1922200,109,7,1,8,0
2020-03-02,Santa Cruz,087,273765,9,0,0,0,0
2020-03-02,Shasta,089,179085,2,0,0,0,0
2020-03-02,Sierra,091,2930,0,0,0,0,0
2020-03-02,Siskiyou,093,43540,0,0,0,0,0
2020-03-02,Solano,095,438530,19,24,0,24,0
2020-03-02,Sonoma,097,501317,10,1,0,1,0
2020-03-02,Stanislaus,099,539301,2,0,2,2,0
2020-03-02,Sutter,101,95872,0,0,0,0,0
2020-03-02,Tehama,103,63373,0,0,0,0,0
2020-03-02,Trinity,105,12862,0,0,0,0,0
2020-03-02,Tulare,107,460477,6,0,0,0,0
2020-03-02,Tuolumne,109,53932,0,0,0,0,0
2020-03-02,Ventura,111,848112,10,0,0,0,0
2020-03-02,Yolo,113,214977,2,0,0,0,0
2020-03-02,Yuba,115,75493,0,0,0,0,0
2020-03-01,Alameda,001,1643700,20,1,0,1,0
2020-03-01,Alpine,003,1148,0,0,0,0,0
2020-03-01,Amador,005,37829,0,0,0,0,0
2020-03-01,Butte,007,227075,0,0,0,0,0
2020-03-01,Calaveras,009,45235,0,0,0,0,0
2020-03-01,Colusa,011,21464,0,0,0,0,0
2020-03-01,Contra Costa,013,1133247,24,0,0,0,0
2020-03-01,Del Norte,015,27424,0,0,0,0,0
2020-03-01,El Dorado,017,186661,1,0,0,0,0
2020-03-01,Fresno,019,978130,0,0,1,1,0
2020-03-01,Glenn,021,27897,0,0,0,0,0
2020-03-01,Humboldt,023,135768,1,1,0,1,0
2020-03-01,Imperial,025,180216,5,0,0,0,0
2020-03-01,Inyo,027,18085,0,0,0,0,0
2020-03-01,Kern,029,883053,2,0,0,0,0
2020-03-01,Kings,031,150075,2,0,1,1,0
2020-03-01,Lake,033,64148,0,0,0,0,0
2020-03-01,Lassen,035,31185,0,0,0,0,0
2020-03-01,Los Angeles,037,10098052,133,1,10,11,0
2020-03-01,Madera,039,155013,2,0,0,0,0
2020-03-01,Marin,041,260295,5,0,0,0,0
2020-03-01,Mariposa,043,17540,0,0,0,0,0
2020-03-01,Mendocino,045,87422,0,0,0,0,0
2020-03-01,Merced,047,269075,1,0,0,0,0
2020-03-01,Modoc,049,8938,0,0,0,0,0
2020-03-01,Mono,051,14174,1,0,0,0,0
2020-03-01,Monterey,053,433212,0,0,0,0,0
2020-03-01,Napa,055,140530,1,0,0,0,0
2020-03-01,Nevada,057,99092,0,0,1,1,0
2020-03-01,Orange,059,3164182,61,1,0,1,0
2020-03-01,Placer,061,380077,8,0,0,0,0
2020-03-01,Plumas,063,18699,0,0,0,0,0
2020-03-01,Riverside,065,2383286,18,0,1,1,0
2020-03-01,Sacramento,067,1510023,21,1,0,1,0
2020-03-01,San Benito,069,59416,0,2,0,2,0
2020-03-01,San Bernardino,071,2135413,25,0,0,0,0
2020-03-01,San Diego,073,3302833,21,2,0,2,0
2020-03-01,San Francisco,075,870044,13,0,0,0,0
2020-03-01,San Joaquin,077,732212,7,0,3,3,0
2020-03-01,San Luis Obispo,079,281455,2,0,0,0,0
2020-03-01,San Mateo,081,765935,36,0,0,0,0
2020-03-01,Santa Barbara,083,443738,1,0,0,0,0
2020-03-01,Santa Clara,085,1922200,96,6,1,7,0
2020-03-01,Santa Cruz,087,273765,8,0,0,0,0
2020-03-01,Shasta,089,179085,2,0,0,0,0
2020-03-01,Sierra,091,2930,0,0,0,0,0
2020-03-01,Siskiyou,093,43540,0,0,0,0,0
2020-03-01,Solano,095,438530,19,24,0,24,0
2020-03-01,Sonoma,097,501317,9,0,0,0,0
2020-03-01,Stanislaus,099,539301,2,0,2,2,0
2020-03-01,Sutter,101,95872,0,0,0,0,0
2020-03-01,Tehama,103,63373,0,0,0,0,0
2020-03-01,Trinity,105,12862,0,0,0,0,0
2020-03-01,Tulare,107,460477,6,0,0,0,0
2020-03-01,Tuolumne,109,53932,0,0,0,0,0
2020-03-01,Ventura,111,848112,8,0,0,0,0
2020-03-01,Yolo,113,214977,2,0,0,0,0
2020-03-01,Yuba,115,75493,0,0,0,0,0
2020-02-29,Alameda,001,1643700,16,0,0,0,0
2020-02-29,Alpine,003,1148,0,0,0,0,0
2020-02-29,Amador,005,37829,0,0,0,0,0
2020-02-29,Butte,007,227075,0,0,0,0,0
2020-02-29,Calaveras,009,45235,0,0,0,0,0
2020-02-29,Colusa,011,21464,0,0,0,0,0
2020-02-29,Contra Costa,013,1133247,20,0,0,0,0
2020-02-29,Del Norte,015,27424,0,0,0,0,0
2020-02-29,El Dorado,017,186661,1,0,0,0,0
2020-02-29,Fresno,019,978130,0,0,0,0,0
2020-02-29,Glenn,021,27897,0,0,0,0,0
2020-02-29,Humboldt,023,135768,1,1,0,1,0
2020-02-29,Imperial,025,180216,3,0,0,0,0
2020-02-29,Inyo,027,18085,0,0,0,0,0
2020-02-29,Kern,029,883053,2,0,0,0,0
2020-02-29,Kings,031,150075,2,0,1,1,0
2020-02-29,Lake,033,64148,0,0,0,0,0
2020-02-29,Lassen,035,31185,0,0,0,0,0
2020-02-29,Los Angeles,037,10098052,105,1,10,11,0
2020-02-29,Madera,039,155013,2,0,0,0,0
2020-02-29,Marin,041,260295,4,0,0,0,0
2020-02-29,Mariposa,043,17540,0,0,0,0,0
2020-02-29,Mendocino,045,87422,0,0,0,0,0
2020-02-29,Merced,047,269075,1,0,0,0,0
2020-02-29,Modoc,049,8938,0,0,0,0,0
2020-02-29,Mono,051,14174,1,0,0,0,0
2020-02-29,Monterey,053,433212,0,0,0,0,0
2020-02-29,Napa,055,140530,1,0,0,0,0
2020-02-29,Nevada,057,99092,0,0,1,1,0
2020-02-29,Orange,059,3164182,56,1,0,1,0
2020-02-29,Placer,061,380077,7,0,0,0,0
2020-02-29,Plumas,063,18699,0,0,0,0,0
2020-02-29,Riverside,065,2383286,15,0,1,1,0
2020-02-29,Sacramento,067,1510023,16,1,0,1,0
2020-02-29,San Benito,069,59416,0,2,0,2,0
2020-02-29,San Bernardino,071,2135413,23,0,0,0,0
2020-02-29,San Diego,073,3302833,16,2,0,2,0
2020-02-29,San Francisco,075,870044,12,0,0,0,0
2020-02-29,San Joaquin,077,732212,6,0,3,3,0
2020-02-29,San Luis Obispo,079,281455,2,0,0,0,0
2020-02-29,San Mateo,081,765935,29,0,0,0,0
2020-02-29,Santa Barbara,083,443738,0,0,0,0,0
2020-02-29,Santa Clara,085,1922200,74,3,1,4,0
2020-02-29,Santa Cruz,087,273765,8,0,0,0,0
2020-02-29,Shasta,089,179085,2,0,0,0,0
2020-02-29,Sierra,091,2930,0,0,0,0,0
2020-02-29,Siskiyou,093,43540,0,0,0,0,0
2020-02-29,Solano,095,438530,18,23,0,23,0
2020-02-29,Sonoma,097,501317,6,0,0,0,0
2020-02-29,Stanislaus,099,539301,2,0,2,2,0
2020-02-29,Sutter,101,95872,0,0,0,0,0
2020-02-29,Tehama,103,63373,0,0,0,0,0
2020-02-29,Trinity,105,12862,0,0,0,0,0
2020-02-29,Tulare,107,460477,4,0,0,0,0
2020-02-29,Tuolumne,109,53932,0,0,0,0,0
2020-02-29,Ventura,111,848112,6,0,0,0,0
2020-02-29,Yolo,113,214977,2,0,0,0,0
2020-02-29,Yuba,115,75493,0,0,0,0,0
2020-02-28,Alameda,001,1643700,14,0,0,0,0
2020-02-28,Alpine,003,1148,0,0,0,0,0
2020-02-28,Amador,005,37829,0,0,0,0,0
2020-02-28,Butte,007,227075,0,0,0,0,0
2020-02-28,Calaveras,009,45235,0,0,0,0,0
2020-02-28,Colusa,011,21464,0,0,0,0,0
2020-02-28,Contra Costa,013,1133247,20,0,0,0,0
2020-02-28,Del Norte,015,27424,0,0,0,0,0
2020-02-28,El Dorado,017,186661,0,0,0,0,0
2020-02-28,Fresno,019,978130,0,0,0,0,0
2020-02-28,Glenn,021,27897,0,0,0,0,0
2020-02-28,Humboldt,023,135768,1,1,0,1,0
2020-02-28,Imperial,025,180216,3,0,0,0,0
2020-02-28,Inyo,027,18085,0,0,0,0,0
2020-02-28,Kern,029,883053,2,0,0,0,0
2020-02-28,Kings,031,150075,2,0,1,1,0
2020-02-28,Lake,033,64148,0,0,0,0,0
2020-02-28,Lassen,035,31185,0,0,0,0,0
2020-02-28,Los Angeles,037,10098052,97,1,10,11,0
2020-02-28,Madera,039,155013,2,0,0,0,0
2020-02-28,Marin,041,260295,2,0,0,0,0
2020-02-28,Mariposa,043,17540,0,0,0,0,0
2020-02-28,Mendocino,045,87422,0,0,0,0,0
2020-02-28,Merced,047,269075,1,0,0,0,0
2020-02-28,Modoc,049,8938,0,0,0,0,0
2020-02-28,Mono,051,14174,0,0,0,0,0
2020-02-28,Monterey,053,433212,0,0,0,0,0
2020-02-28,Napa,055,140530,1,0,0,0,0
2020-02-28,Nevada,057,99092,0,0,1,1,0
2020-02-28,Orange,059,3164182,54,1,0,1,0
2020-02-28,Placer,061,380077,7,0,0,0,0
2020-02-28,Plumas,063,18699,0,0,0,0,0
2020-02-28,Riverside,065,2383286,13,0,1,1,0
2020-02-28,Sacramento,067,1510023,10,1,0,1,0
2020-02-28,San Benito,069,59416,0,2,0,2,0
2020-02-28,San Bernardino,071,2135413,23,0,0,0,0
2020-02-28,San Diego,073,3302833,13,2,0,2,0
2020-02-28,San Francisco,075,870044,10,0,0,0,0
2020-02-28,San Joaquin,077,732212,6,0,3,3,0
2020-02-28,San Luis Obispo,079,281455,2,0,0,0,0
2020-02-28,San Mateo,081,765935,24,0,0,0,0
2020-02-28,Santa Barbara,083,443738,0,0,0,0,0
2020-02-28,Santa Clara,085,1922200,69,3,1,4,0
2020-02-28,Santa Cruz,087,273765,8,0,0,0,0
2020-02-28,Shasta,089,179085,2,0,0,0,0
2020-02-28,Sierra,091,2930,0,0,0,0,0
2020-02-28,Siskiyou,093,43540,0,0,0,0,0
2020-02-28,Solano,095,438530,17,23,0,23,0
2020-02-28,Sonoma,097,501317,6,0,0,0,0
2020-02-28,Stanislaus,099,539301,2,0,2,2,0
2020-02-28,Sutter,101,95872,0,0,0,0,0
2020-02-28,Tehama,103,63373,0,0,0,0,0
2020-02-28,Trinity,105,12862,0,0,0,0,0
2020-02-28,Tulare,107,460477,3,0,0,0,0
2020-02-28,Tuolumne,109,53932,0,0,0,0,0
2020-02-28,Ventura,111,848112,6,0,0,0,0
2020-02-28,Yolo,113,214977,2,0,0,0,0
2020-02-28,Yuba,115,75493,0,0,0,0,0
2020-02-27,Alameda,001,1643700,13,0,0,0,0
2020-02-27,Alpine,003,1148,0,0,0,0,0
2020-02-27,Amador,005,37829,0,0,0,0,0
2020-02-27,Butte,007,227075,0,0,0,0,0
2020-02-27,Calaveras,009,45235,0,0,0,0,0
2020-02-27,Colusa,011,21464,0,0,0,0,0
2020-02-27,Contra Costa,013,1133247,14,0,0,0,0
2020-02-27,Del Norte,015,27424,0,0,0,0,0
2020-02-27,El Dorado,017,186661,0,0,0,0,0
2020-02-27,Fresno,019,978130,0,0,0,0,0
2020-02-27,Glenn,021,27897,0,0,0,0,0
2020-02-27,Humboldt,023,135768,1,1,0,1,0
2020-02-27,Imperial,025,180216,3,0,0,0,0
2020-02-27,Inyo,027,18085,0,0,0,0,0
2020-02-27,Kern,029,883053,2,0,0,0,0
2020-02-27,Kings,031,150075,2,0,1,1,0
2020-02-27,Lake,033,64148,0,0,0,0,0
2020-02-27,Lassen,035,31185,0,0,0,0,0
2020-02-27,Los Angeles,037,10098052,90,1,10,11,0
2020-02-27,Madera,039,155013,2,0,0,0,0
2020-02-27,Marin,041,260295,1,0,0,0,0
2020-02-27,Mariposa,043,17540,0,0,0,0,0
2020-02-27,Mendocino,045,87422,0,0,0,0,0
2020-02-27,Merced,047,269075,1,0,0,0,0
2020-02-27,Modoc,049,8938,0,0,0,0,0
2020-02-27,Mono,051,14174,0,0,0,0,0
2020-02-27,Monterey,053,433212,0,0,0,0,0
2020-02-27,Napa,055,140530,1,0,0,0,0
2020-02-27,Nevada,057,99092,0,0,1,1,0
2020-02-27,Orange,059,3164182,48,1,0,1,0
2020-02-27,Placer,061,380077,6,0,0,0,0
2020-02-27,Plumas,063,18699,0,0,0,0,0
2020-02-27,Riverside,065,2383286,12,0,1,1,0
2020-02-27,Sacramento,067,1510023,10,1,0,1,0
2020-02-27,San Benito,069,59416,0,2,0,2,0
2020-02-27,San Bernardino,071,2135413,23,0,0,0,0
2020-02-27,San Diego,073,3302833,12,2,0,2,0
2020-02-27,San Francisco,075,870044,9,0,0,0,0
2020-02-27,San Joaquin,077,732212,5,0,3,3,0
2020-02-27,San Luis Obispo,079,281455,2,0,0,0,0
2020-02-27,San Mateo,081,765935,20,0,0,0,0
2020-02-27,Santa Barbara,083,443738,0,0,0,0,0
2020-02-27,Santa Clara,085,1922200,58,2,1,3,0
2020-02-27,Santa Cruz,087,273765,6,0,0,0,0
2020-02-27,Shasta,089,179085,0,0,0,0,0
2020-02-27,Sierra,091,2930,0,0,0,0,0
2020-02-27,Siskiyou,093,43540,0,0,0,0,0
2020-02-27,Solano,095,438530,17,23,0,23,0
2020-02-27,Sonoma,097,501317,5,0,0,0,0
2020-02-27,Stanislaus,099,539301,2,0,2,2,0
2020-02-27,Sutter,101,95872,0,0,0,0,0
2020-02-27,Tehama,103,63373,0,0,0,0,0
2020-02-27,Trinity,105,12862,0,0,0,0,0
2020-02-27,Tulare,107,460477,3,0,0,0,0
2020-02-27,Tuolumne,109,53932,0,0,0,0,0
2020-02-27,Ventura,111,848112,4,0,0,0,0
2020-02-27,Yolo,113,214977,2,0,0,0,0
2020-02-27,Yuba,115,75493,0,0,0,0,0
2020-02-26,Alameda,001,1643700,13,0,0,0,0
2020-02-26,Alpine,003,1148,0,0,0,0,0
2020-02-26,Amador,005,37829,0,0,0,0,0
2020-02-26,Butte,007,227075,0,0,0,0,0
2020-02-26,Calaveras,009,45235,0,0,0,0,0
2020-02-26,Colusa,011,21464,0,0,0,0,0
2020-02-26,Contra Costa,013,1133247,13,0,0,0,0
2020-02-26,Del Norte,015,27424,0,0,0,0,0
2020-02-26,El Dorado,017,186661,0,0,0,0,0
2020-02-26,Fresno,019,978130,0,0,0,0,0
2020-02-26,Glenn,021,27897,0,0,0,0,0
2020-02-26,Humboldt,023,135768,1,1,0,1,0
2020-02-26,Imperial,025,180216,3,0,0,0,0
2020-02-26,Inyo,027,18085,0,0,0,0,0
2020-02-26,Kern,029,883053,2,0,0,0,0
2020-02-26,Kings,031,150075,2,0,1,1,0
2020-02-26,Lake,033,64148,0,0,0,0,0
2020-02-26,Lassen,035,31185,0,0,0,0,0
2020-02-26,Los Angeles,037,10098052,84,1,10,11,0
2020-02-26,Madera,039,155013,2,0,0,0,0
2020-02-26,Marin,041,260295,1,0,0,0,0
2020-02-26,Mariposa,043,17540,0,0,0,0,0
2020-02-26,Mendocino,045,87422,0,0,0,0,0
2020-02-26,Merced,047,269075,1,0,0,0,0
2020-02-26,Modoc,049,8938,0,0,0,0,0
2020-02-26,Mono,051,14174,0,0,0,0,0
2020-02-26,Monterey,053,433212,0,0,0,0,0
2020-02-26,Napa,055,140530,0,0,0,0,0
2020-02-26,Nevada,057,99092,0,0,1,1,0
2020-02-26,Orange,059,3164182,47,1,0,1,0
2020-02-26,Placer,061,380077,5,0,0,0,0
2020-02-26,Plumas,063,18699,0,0,0,0,0
2020-02-26,Riverside,065,2383286,10,0,1,1,0
2020-02-26,Sacramento,067,1510023,10,1,0,1,0
2020-02-26,San Benito,069,59416,0,2,0,2,0
2020-02-26,San Bernardino,071,2135413,21,0,0,0,0
2020-02-26,San Diego,073,3302833,11,2,0,2,0
2020-02-26,San Francisco,075,870044,9,0,0,0,0
2020-02-26,San Joaquin,077,732212,5,0,3,3,0
2020-02-26,San Luis Obispo,079,281455,2,0,0,0,0
2020-02-26,San Mateo,081,765935,18,0,0,0,0
2020-02-26,Santa Barbara,083,443738,0,0,0,0,0
2020-02-26,Santa Clara,085,1922200,49,2,1,3,0
2020-02-26,Santa Cruz,087,273765,6,0,0,0,0
2020-02-26,Shasta,089,179085,0,0,0,0,0
2020-02-26,Sierra,091,2930,0,0,0,0,0
2020-02-26,Siskiyou,093,43540,0,0,0,0,0
2020-02-26,Solano,095,438530,17,23,0,23,0
2020-02-26,Sonoma,097,501317,5,0,0,0,0
2020-02-26,Stanislaus,099,539301,2,0,2,2,0
2020-02-26,Sutter,101,95872,0,0,0,0,0
2020-02-26,Tehama,103,63373,0,0,0,0,0
2020-02-26,Trinity,105,12862,0,0,0,0,0
2020-02-26,Tulare,107,460477,3,0,0,0,0
2020-02-26,Tuolumne,109,53932,0,0,0,0,0
2020-02-26,Ventura,111,848112,4,0,0,0,0
2020-02-26,Yolo,113,214977,2,0,0,0,0
2020-02-26,Yuba,115,75493,0,0,0,0,0
2020-02-25,Alameda,001,1643700,13,0,0,0,0
2020-02-25,Alpine,003,1148,0,0,0,0,0
2020-02-25,Amador,005,37829,0,0,0,0,0
2020-02-25,Butte,007,227075,0,0,0,0,0
2020-02-25,Calaveras,009,45235,0,0,0,0,0
2020-02-25,Colusa,011,21464,0,0,0,0,0
2020-02-25,Contra Costa,013,1133247,11,0,0,0,0
2020-02-25,Del Norte,015,27424,0,0,0,0,0
2020-02-25,El Dorado,017,186661,0,0,0,0,0
2020-02-25,Fresno,019,978130,0,0,0,0,0
2020-02-25,Glenn,021,27897,0,0,0,0,0
2020-02-25,Humboldt,023,135768,1,1,0,1,0
2020-02-25,Imperial,025,180216,3,0,0,0,0
2020-02-25,Inyo,027,18085,0,0,0,0,0
2020-02-25,Kern,029,883053,2,0,0,0,0
2020-02-25,Kings,031,150075,2,0,1,1,0
2020-02-25,Lake,033,64148,0,0,0,0,0
2020-02-25,Lassen,035,31185,0,0,0,0,0
2020-02-25,Los Angeles,037,10098052,72,1,10,11,0
2020-02-25,Madera,039,155013,2,0,0,0,0
2020-02-25,Marin,041,260295,1,0,0,0,0
2020-02-25,Mariposa,043,17540,0,0,0,0,0
2020-02-25,Mendocino,045,87422,0,0,0,0,0
2020-02-25,Merced,047,269075,0,0,0,0,0
2020-02-25,Modoc,049,8938,0,0,0,0,0
2020-02-25,Mono,051,14174,0,0,0,0,0
2020-02-25,Monterey,053,433212,0,0,0,0,0
2020-02-25,Napa,055,140530,0,0,0,0,0
2020-02-25,Nevada,057,99092,0,0,1,1,0
2020-02-25,Orange,059,3164182,46,1,0,1,0
2020-02-25,Placer,061,380077,5,0,0,0,0
2020-02-25,Plumas,063,18699,0,0,0,0,0
2020-02-25,Riverside,065,2383286,10,0,1,1,0
2020-02-25,Sacramento,067,1510023,8,1,0,1,0
2020-02-25,San Benito,069,59416,0,2,0,2,0
2020-02-25,San Bernardino,071,2135413,19,0,0,0,0
2020-02-25,San Diego,073,3302833,7,2,0,2,0
2020-02-25,San Francisco,075,870044,7,0,0,0,0
2020-02-25,San Joaquin,077,732212,5,0,2,2,0
2020-02-25,San Luis Obispo,079,281455,2,0,0,0,0
2020-02-25,San Mateo,081,765935,17,0,0,0,0
2020-02-25,Santa Barbara,083,443738,0,0,0,0,0
2020-02-25,Santa Clara,085,1922200,40,2,1,3,0
2020-02-25,Santa Cruz,087,273765,5,0,0,0,0
2020-02-25,Shasta,089,179085,0,0,0,0,0
2020-02-25,Sierra,091,2930,0,0,0,0,0
2020-02-25,Siskiyou,093,43540,0,0,0,0,0
2020-02-25,Solano,095,438530,16,21,0,21,0
2020-02-25,Sonoma,097,501317,5,0,0,0,0
2020-02-25,Stanislaus,099,539301,2,0,2,2,0
2020-02-25,Sutter,101,95872,0,0,0,0,0
2020-02-25,Tehama,103,63373,0,0,0,0,0
2020-02-25,Trinity,105,12862,0,0,0,0,0
2020-02-25,Tulare,107,460477,3,0,0,0,0
2020-02-25,Tuolumne,109,53932,0,0,0,0,0
2020-02-25,Ventura,111,848112,4,0,0,0,0
2020-02-25,Yolo,113,214977,2,0,0,0,0
2020-02-25,Yuba,115,75493,0,0,0,0,0
2020-02-24,Alameda,001,1643700,13,0,0,0,0
2020-02-24,Alpine,003,1148,0,0,0,0,0
2020-02-24,Amador,005,37829,0,0,0,0,0
2020-02-24,Butte,007,227075,0,0,0,0,0
2020-02-24,Calaveras,009,45235,0,0,0,0,0
2020-02-24,Colusa,011,21464,0,0,0,0,0
2020-02-24,Contra Costa,013,1133247,9,0,0,0,0
2020-02-24,Del Norte,015,27424,0,0,0,0,0
2020-02-24,El Dorado,017,186661,0,0,0,0,0
2020-02-24,Fresno,019,978130,0,0,0,0,0
2020-02-24,Glenn,021,27897,0,0,0,0,0
2020-02-24,Humboldt,023,135768,1,1,0,1,0
2020-02-24,Imperial,025,180216,3,0,0,0,0
2020-02-24,Inyo,027,18085,0,0,0,0,0
2020-02-24,Kern,029,883053,2,0,0,0,0
2020-02-24,Kings,031,150075,2,0,1,1,0
2020-02-24,Lake,033,64148,0,0,0,0,0
2020-02-24,Lassen,035,31185,0,0,0,0,0
2020-02-24,Los Angeles,037,10098052,67,1,10,11,0
2020-02-24,Madera,039,155013,1,0,0,0,0
2020-02-24,Marin,041,260295,1,0,0,0,0
2020-02-24,Mariposa,043,17540,0,0,0,0,0
2020-02-24,Mendocino,045,87422,0,0,0,0,0
2020-02-24,Merced,047,269075,0,0,0,0,0
2020-02-24,Modoc,049,8938,0,0,0,0,0
2020-02-24,Mono,051,14174,0,0,0,0,0
2020-02-24,Monterey,053,433212,0,0,0,0,0
2020-02-24,Napa,055,140530,0,0,0,0,0
2020-02-24,Nevada,057,99092,0,0,1,1,0
2020-02-24,Orange,059,3164182,44,1,0,1,0
2020-02-24,Placer,061,380077,3,0,0,0,0
2020-02-24,Plumas,063,18699,0,0,0,0,0
2020-02-24,Riverside,065,2383286,9,0,1,1,0
2020-02-24,Sacramento,067,1510023,7,1,0,1,0
2020-02-24,San Benito,069,59416,0,2,0,2,0
2020-02-24,San Bernardino,071,2135413,19,0,0,0,0
2020-02-24,San Diego,073,3302833,7,2,0,2,0
2020-02-24,San Francisco,075,870044,6,0,0,0,0
2020-02-24,San Joaquin,077,732212,5,0,1,1,0
2020-02-24,San Luis Obispo,079,281455,2,0,0,0,0
2020-02-24,San Mateo,081,765935,13,0,0,0,0
2020-02-24,Santa Barbara,083,443738,0,0,0,0,0
2020-02-24,Santa Clara,085,1922200,38,2,1,3,0
2020-02-24,Santa Cruz,087,273765,5,0,0,0,0
2020-02-24,Shasta,089,179085,0,0,0,0,0
2020-02-24,Sierra,091,2930,0,0,0,0,0
2020-02-24,Siskiyou,093,43540,0,0,0,0,0
2020-02-24,Solano,095,438530,13,15,0,15,0
2020-02-24,Sonoma,097,501317,5,0,0,0,0
2020-02-24,Stanislaus,099,539301,2,0,2,2,0
2020-02-24,Sutter,101,95872,0,0,0,0,0
2020-02-24,Tehama,103,63373,0,0,0,0,0
2020-02-24,Trinity,105,12862,0,0,0,0,0
2020-02-24,Tulare,107,460477,3,0,0,0,0
2020-02-24,Tuolumne,109,53932,0,0,0,0,0
2020-02-24,Ventura,111,848112,4,0,0,0,0
2020-02-24,Yolo,113,214977,2,0,0,0,0
2020-02-24,Yuba,115,75493,0,0,0,0,0
2020-02-23,Alameda,001,1643700,11,0,0,0,0
2020-02-23,Alpine,003,1148,0,0,0,0,0
2020-02-23,Amador,005,37829,0,0,0,0,0
2020-02-23,Butte,007,227075,0,0,0,0,0
2020-02-23,Calaveras,009,45235,0,0,0,0,0
2020-02-23,Colusa,011,21464,0,0,0,0,0
2020-02-23,Contra Costa,013,1133247,6,0,0,0,0
2020-02-23,Del Norte,015,27424,0,0,0,0,0
2020-02-23,El Dorado,017,186661,0,0,0,0,0
2020-02-23,Fresno,019,978130,0,0,0,0,0
2020-02-23,Glenn,021,27897,0,0,0,0,0
2020-02-23,Humboldt,023,135768,1,1,0,1,0
2020-02-23,Imperial,025,180216,3,0,0,0,0
2020-02-23,Inyo,027,18085,0,0,0,0,0
2020-02-23,Kern,029,883053,2,0,0,0,0
2020-02-23,Kings,031,150075,2,0,1,1,0
2020-02-23,Lake,033,64148,0,0,0,0,0
2020-02-23,Lassen,035,31185,0,0,0,0,0
2020-02-23,Los Angeles,037,10098052,59,1,10,11,0
2020-02-23,Madera,039,155013,1,0,0,0,0
2020-02-23,Marin,041,260295,1,0,0,0,0
2020-02-23,Mariposa,043,17540,0,0,0,0,0
2020-02-23,Mendocino,045,87422,0,0,0,0,0
2020-02-23,Merced,047,269075,0,0,0,0,0
2020-02-23,Modoc,049,8938,0,0,0,0,0
2020-02-23,Mono,051,14174,0,0,0,0,0
2020-02-23,Monterey,053,433212,0,0,0,0,0
2020-02-23,Napa,055,140530,0,0,0,0,0
2020-02-23,Nevada,057,99092,0,0,1,1,0
2020-02-23,Orange,059,3164182,44,1,0,1,0
2020-02-23,Placer,061,380077,3,0,0,0,0
2020-02-23,Plumas,063,18699,0,0,0,0,0
2020-02-23,Riverside,065,2383286,9,0,0,0,0
2020-02-23,Sacramento,067,1510023,6,1,0,1,0
2020-02-23,San Benito,069,59416,0,2,0,2,0
2020-02-23,San Bernardino,071,2135413,18,0,0,0,0
2020-02-23,San Diego,073,3302833,6,2,0,2,0
2020-02-23,San Francisco,075,870044,5,0,0,0,0
2020-02-23,San Joaquin,077,732212,4,0,1,1,0
2020-02-23,San Luis Obispo,079,281455,2,0,0,0,0
2020-02-23,San Mateo,081,765935,10,0,0,0,0
2020-02-23,Santa Barbara,083,443738,0,0,0,0,0
2020-02-23,Santa Clara,085,1922200,26,2,1,3,0
2020-02-23,Santa Cruz,087,273765,2,0,0,0,0
2020-02-23,Shasta,089,179085,0,0,0,0,0
2020-02-23,Sierra,091,2930,0,0,0,0,0
2020-02-23,Siskiyou,093,43540,0,0,0,0,0
2020-02-23,Solano,095,438530,11,15,0,15,0
2020-02-23,Sonoma,097,501317,5,0,0,0,0
2020-02-23,Stanislaus,099,539301,2,0,2,2,0
2020-02-23,Sutter,101,95872,0,0,0,0,0
2020-02-23,Tehama,103,63373,0,0,0,0,0
2020-02-23,Trinity,105,12862,0,0,0,0,0
2020-02-23,Tulare,107,460477,2,0,0,0,0
2020-02-23,Tuolumne,109,53932,0,0,0,0,0
2020-02-23,Ventura,111,848112,4,0,0,0,0
2020-02-23,Yolo,113,214977,2,0,0,0,0
2020-02-23,Yuba,115,75493,0,0,0,0,0
2020-02-22,Alameda,001,1643700,10,0,0,0,0
2020-02-22,Alpine,003,1148,0,0,0,0,0
2020-02-22,Amador,005,37829,0,0,0,0,0
2020-02-22,Butte,007,227075,0,0,0,0,0
2020-02-22,Calaveras,009,45235,0,0,0,0,0
2020-02-22,Colusa,011,21464,0,0,0,0,0
2020-02-22,Contra Costa,013,1133247,5,0,0,0,0
2020-02-22,Del Norte,015,27424,0,0,0,0,0
2020-02-22,El Dorado,017,186661,0,0,0,0,0
2020-02-22,Fresno,019,978130,0,0,0,0,0
2020-02-22,Glenn,021,27897,0,0,0,0,0
2020-02-22,Humboldt,023,135768,1,1,0,1,0
2020-02-22,Imperial,025,180216,2,0,0,0,0
2020-02-22,Inyo,027,18085,0,0,0,0,0
2020-02-22,Kern,029,883053,2,0,0,0,0
2020-02-22,Kings,031,150075,2,0,1,1,0
2020-02-22,Lake,033,64148,0,0,0,0,0
2020-02-22,Lassen,035,31185,0,0,0,0,0
2020-02-22,Los Angeles,037,10098052,57,1,10,11,0
2020-02-22,Madera,039,155013,0,0,0,0,0
2020-02-22,Marin,041,260295,1,0,0,0,0
2020-02-22,Mariposa,043,17540,0,0,0,0,0
2020-02-22,Mendocino,045,87422,0,0,0,0,0
2020-02-22,Merced,047,269075,0,0,0,0,0
2020-02-22,Modoc,049,8938,0,0,0,0,0
2020-02-22,Mono,051,14174,0,0,0,0,0
2020-02-22,Monterey,053,433212,0,0,0,0,0
2020-02-22,Napa,055,140530,0,0,0,0,0
2020-02-22,Nevada,057,99092,0,0,1,1,0
2020-02-22,Orange,059,3164182,43,1,0,1,0
2020-02-22,Placer,061,380077,3,0,0,0,0
2020-02-22,Plumas,063,18699,0,0,0,0,0
2020-02-22,Riverside,065,2383286,9,0,0,0,0
2020-02-22,Sacramento,067,1510023,6,1,0,1,0
2020-02-22,San Benito,069,59416,0,2,0,2,0
2020-02-22,San Bernardino,071,2135413,16,0,0,0,0
2020-02-22,San Diego,073,3302833,5,2,0,2,0
2020-02-22,San Francisco,075,870044,3,0,0,0,0
2020-02-22,San Joaquin,077,732212,4,0,1,1,0
2020-02-22,San Luis Obispo,079,281455,2,0,0,0,0
2020-02-22,San Mateo,081,765935,8,0,0,0,0
2020-02-22,Santa Barbara,083,443738,0,0,0,0,0
2020-02-22,Santa Clara,085,1922200,23,2,1,3,0
2020-02-22,Santa Cruz,087,273765,2,0,0,0,0
2020-02-22,Shasta,089,179085,0,0,0,0,0
2020-02-22,Sierra,091,2930,0,0,0,0,0
2020-02-22,Siskiyou,093,43540,0,0,0,0,0
2020-02-22,Solano,095,438530,11,11,0,11,0
2020-02-22,Sonoma,097,501317,4,0,0,0,0
2020-02-22,Stanislaus,099,539301,2,0,2,2,0
2020-02-22,Sutter,101,95872,0,0,0,0,0
2020-02-22,Tehama,103,63373,0,0,0,0,0
2020-02-22,Trinity,105,12862,0,0,0,0,0
2020-02-22,Tulare,107,460477,2,0,0,0,0
2020-02-22,Tuolumne,109,53932,0,0,0,0,0
2020-02-22,Ventura,111,848112,4,0,0,0,0
2020-02-22,Yolo,113,214977,1,0,0,0,0
2020-02-22,Yuba,115,75493,0,0,0,0,0
2020-02-21,Alameda,001,1643700,9,0,0,0,0
2020-02-21,Alpine,003,1148,0,0,0,0,0
2020-02-21,Amador,005,37829,0,0,0,0,0
2020-02-21,Butte,007,227075,0,0,0,0,0
2020-02-21,Calaveras,009,45235,0,0,0,0,0
2020-02-21,Colusa,011,21464,0,0,0,0,0
2020-02-21,Contra Costa,013,1133247,4,0,0,0,0
2020-02-21,Del Norte,015,27424,0,0,0,0,0
2020-02-21,El Dorado,017,186661,0,0,0,0,0
2020-02-21,Fresno,019,978130,0,0,0,0,0
2020-02-21,Glenn,021,27897,0,0,0,0,0
2020-02-21,Humboldt,023,135768,1,1,0,1,0
2020-02-21,Imperial,025,180216,2,0,0,0,0
2020-02-21,Inyo,027,18085,0,0,0,0,0
2020-02-21,Kern,029,883053,2,0,0,0,0
2020-02-21,Kings,031,150075,2,0,1,1,0
2020-02-21,Lake,033,64148,0,0,0,0,0
2020-02-21,Lassen,035,31185,0,0,0,0,0
2020-02-21,Los Angeles,037,10098052,53,1,10,11,0
2020-02-21,Madera,039,155013,0,0,0,0,0
2020-02-21,Marin,041,260295,1,0,0,0,0
2020-02-21,Mariposa,043,17540,0,0,0,0,0
2020-02-21,Mendocino,045,87422,0,0,0,0,0
2020-02-21,Merced,047,269075,0,0,0,0,0
2020-02-21,Modoc,049,8938,0,0,0,0,0
2020-02-21,Mono,051,14174,0,0,0,0,0
2020-02-21,Monterey,053,433212,0,0,0,0,0
2020-02-21,Napa,055,140530,0,0,0,0,0
2020-02-21,Nevada,057,99092,0,0,1,1,0
2020-02-21,Orange,059,3164182,41,1,0,1,0
2020-02-21,Placer,061,380077,2,0,0,0,0
2020-02-21,Plumas,063,18699,0,0,0,0,0
2020-02-21,Riverside,065,2383286,9,0,0,0,0
2020-02-21,Sacramento,067,1510023,5,1,0,1,0
2020-02-21,San Benito,069,59416,0,2,0,2,0
2020-02-21,San Bernardino,071,2135413,15,0,0,0,0
2020-02-21,San Diego,073,3302833,5,2,0,2,0
2020-02-21,San Francisco,075,870044,3,0,0,0,0
2020-02-21,San Joaquin,077,732212,2,0,1,1,0
2020-02-21,San Luis Obispo,079,281455,2,0,0,0,0
2020-02-21,San Mateo,081,765935,8,0,0,0,0
2020-02-21,Santa Barbara,083,443738,0,0,0,0,0
2020-02-21,Santa Clara,085,1922200,21,2,1,3,0
2020-02-21,Santa Cruz,087,273765,2,0,0,0,0
2020-02-21,Shasta,089,179085,0,0,0,0,0
2020-02-21,Sierra,091,2930,0,0,0,0,0
2020-02-21,Siskiyou,093,43540,0,0,0,0,0
2020-02-21,Solano,095,438530,10,11,0,11,0
2020-02-21,Sonoma,097,501317,3,0,0,0,0
2020-02-21,Stanislaus,099,539301,2,0,2,2,0
2020-02-21,Sutter,101,95872,0,0,0,0,0
2020-02-21,Tehama,103,63373,0,0,0,0,0
2020-02-21,Trinity,105,12862,0,0,0,0,0
2020-02-21,Tulare,107,460477,2,0,0,0,0
2020-02-21,Tuolumne,109,53932,0,0,0,0,0
2020-02-21,Ventura,111,848112,4,0,0,0,0
2020-02-21,Yolo,113,214977,1,0,0,0,0
2020-02-21,Yuba,115,75493,0,0,0,0,0
2020-02-20,Alameda,001,1643700,7,0,0,0,0
2020-02-20,Alpine,003,1148,0,0,0,0,0
2020-02-20,Amador,005,37829,0,0,0,0,0
2020-02-20,Butte,007,227075,0,0,0,0,0
2020-02-20,Calaveras,009,45235,0,0,0,0,0
2020-02-20,Colusa,011,21464,0,0,0,0,0
2020-02-20,Contra Costa,013,1133247,3,0,0,0,0
2020-02-20,Del Norte,015,27424,0,0,0,0,0
2020-02-20,El Dorado,017,186661,0,0,0,0,0
2020-02-20,Fresno,019,978130,0,0,0,0,0
2020-02-20,Glenn,021,27897,0,0,0,0,0
2020-02-20,Humboldt,023,135768,1,1,0,1,0
2020-02-20,Imperial,025,180216,2,0,0,0,0
2020-02-20,Inyo,027,18085,0,0,0,0,0
2020-02-20,Kern,029,883053,2,0,0,0,0
2020-02-20,Kings,031,150075,2,0,1,1,0
2020-02-20,Lake,033,64148,0,0,0,0,0
2020-02-20,Lassen,035,31185,0,0,0,0,0
2020-02-20,Los Angeles,037,10098052,52,1,9,10,0
2020-02-20,Madera,039,155013,0,0,0,0,0
2020-02-20,Marin,041,260295,0,0,0,0,0
2020-02-20,Mariposa,043,17540,0,0,0,0,0
2020-02-20,Mendocino,045,87422,0,0,0,0,0
2020-02-20,Merced,047,269075,0,0,0,0,0
2020-02-20,Modoc,049,8938,0,0,0,0,0
2020-02-20,Mono,051,14174,0,0,0,0,0
2020-02-20,Monterey,053,433212,0,0,0,0,0
2020-02-20,Napa,055,140530,0,0,0,0,0
2020-02-20,Nevada,057,99092,0,0,1,1,0
2020-02-20,Orange,059,3164182,41,1,0,1,0
2020-02-20,Placer,061,380077,2,0,0,0,0
2020-02-20,Plumas,063,18699,0,0,0,0,0
2020-02-20,Riverside,065,2383286,7,0,0,0,0
2020-02-20,Sacramento,067,1510023,2,1,0,1,0
2020-02-20,San Benito,069,59416,0,2,0,2,0
2020-02-20,San Bernardino,071,2135413,14,0,0,0,0
2020-02-20,San Diego,073,3302833,5,2,0,2,0
2020-02-20,San Francisco,075,870044,3,0,0,0,0
2020-02-20,San Joaquin,077,732212,2,0,1,1,0
2020-02-20,San Luis Obispo,079,281455,2,0,0,0,0
2020-02-20,San Mateo,081,765935,7,0,0,0,0
2020-02-20,Santa Barbara,083,443738,0,0,0,0,0
2020-02-20,Santa Clara,085,1922200,17,2,1,3,0
2020-02-20,Santa Cruz,087,273765,2,0,0,0,0
2020-02-20,Shasta,089,179085,0,0,0,0,0
2020-02-20,Sierra,091,2930,0,0,0,0,0
2020-02-20,Siskiyou,093,43540,0,0,0,0,0
2020-02-20,Solano,095,438530,8,7,0,7,0
2020-02-20,Sonoma,097,501317,2,0,0,0,0
2020-02-20,Stanislaus,099,539301,2,0,2,2,0
2020-02-20,Sutter,101,95872,0,0,0,0,0
2020-02-20,Tehama,103,63373,0,0,0,0,0
2020-02-20,Trinity,105,12862,0,0,0,0,0
2020-02-20,Tulare,107,460477,2,0,0,0,0
2020-02-20,Tuolumne,109,53932,0,0,0,0,0
2020-02-20,Ventura,111,848112,4,0,0,0,0
2020-02-20,Yolo,113,214977,1,0,0,0,0
2020-02-20,Yuba,115,75493,0,0,0,0,0
2020-02-19,Alameda,001,1643700,6,0,0,0,0
2020-02-19,Alpine,003,1148,0,0,0,0,0
2020-02-19,Amador,005,37829,0,0,0,0,0
2020-02-19,Butte,007,227075,0,0,0,0,0
2020-02-19,Calaveras,009,45235,0,0,0,0,0
2020-02-19,Colusa,011,21464,0,0,0,0,0
2020-02-19,Contra Costa,013,1133247,3,0,0,0,0
2020-02-19,Del Norte,015,27424,0,0,0,0,0
2020-02-19,El Dorado,017,186661,0,0,0,0,0
2020-02-19,Fresno,019,978130,0,0,0,0,0
2020-02-19,Glenn,021,27897,0,0,0,0,0
2020-02-19,Humboldt,023,135768,1,0,0,0,0
2020-02-19,Imperial,025,180216,2,0,0,0,0
2020-02-19,Inyo,027,18085,0,0,0,0,0
2020-02-19,Kern,029,883053,2,0,0,0,0
2020-02-19,Kings,031,150075,2,0,1,1,0
2020-02-19,Lake,033,64148,0,0,0,0,0
2020-02-19,Lassen,035,31185,0,0,0,0,0
2020-02-19,Los Angeles,037,10098052,49,1,9,10,0
2020-02-19,Madera,039,155013,0,0,0,0,0
2020-02-19,Marin,041,260295,0,0,0,0,0
2020-02-19,Mariposa,043,17540,0,0,0,0,0
2020-02-19,Mendocino,045,87422,0,0,0,0,0
2020-02-19,Merced,047,269075,0,0,0,0,0
2020-02-19,Modoc,049,8938,0,0,0,0,0
2020-02-19,Mono,051,14174,0,0,0,0,0
2020-02-19,Monterey,053,433212,0,0,0,0,0
2020-02-19,Napa,055,140530,0,0,0,0,0
2020-02-19,Nevada,057,99092,0,0,1,1,0
2020-02-19,Orange,059,3164182,40,1,0,1,0
2020-02-19,Placer,061,380077,2,0,0,0,0
2020-02-19,Plumas,063,18699,0,0,0,0,0
2020-02-19,Riverside,065,2383286,5,0,0,0,0
2020-02-19,Sacramento,067,1510023,2,0,0,0,0
2020-02-19,San Benito,069,59416,0,2,0,2,0
2020-02-19,San Bernardino,071,2135413,13,0,0,0,0
2020-02-19,San Diego,073,3302833,4,2,0,2,0
2020-02-19,San Francisco,075,870044,2,0,0,0,0
2020-02-19,San Joaquin,077,732212,2,0,1,1,0
2020-02-19,San Luis Obispo,079,281455,2,0,0,0,0
2020-02-19,San Mateo,081,765935,6,0,0,0,0
2020-02-19,Santa Barbara,083,443738,0,0,0,0,0
2020-02-19,Santa Clara,085,1922200,15,2,1,3,0
2020-02-19,Santa Cruz,087,273765,0,0,0,0,0
2020-02-19,Shasta,089,179085,0,0,0,0,0
2020-02-19,Sierra,091,2930,0,0,0,0,0
2020-02-19,Siskiyou,093,43540,0,0,0,0,0
2020-02-19,Solano,095,438530,5,7,0,7,0
2020-02-19,Sonoma,097,501317,2,0,0,0,0
2020-02-19,Stanislaus,099,539301,1,0,2,2,0
2020-02-19,Sutter,101,95872,0,0,0,0,0
2020-02-19,Tehama,103,63373,0,0,0,0,0
2020-02-19,Trinity,105,12862,0,0,0,0,0
2020-02-19,Tulare,107,460477,2,0,0,0,0
2020-02-19,Tuolumne,109,53932,0,0,0,0,0
2020-02-19,Ventura,111,848112,2,0,0,0,0
2020-02-19,Yolo,113,214977,1,0,0,0,0
2020-02-19,Yuba,115,75493,0,0,0,0,0
2020-02-18,Alameda,001,1643700,6,0,0,0,0
2020-02-18,Alpine,003,1148,0,0,0,0,0
2020-02-18,Amador,005,37829,0,0,0,0,0
2020-02-18,Butte,007,227075,0,0,0,0,0
2020-02-18,Calaveras,009,45235,0,0,0,0,0
2020-02-18,Colusa,011,21464,0,0,0,0,0
2020-02-18,Contra Costa,013,1133247,3,0,0,0,0
2020-02-18,Del Norte,015,27424,0,0,0,0,0
2020-02-18,El Dorado,017,186661,0,0,0,0,0
2020-02-18,Fresno,019,978130,0,0,0,0,0
2020-02-18,Glenn,021,27897,0,0,0,0,0
2020-02-18,Humboldt,023,135768,1,0,0,0,0
2020-02-18,Imperial,025,180216,1,0,0,0,0
2020-02-18,Inyo,027,18085,0,0,0,0,0
2020-02-18,Kern,029,883053,2,0,0,0,0
2020-02-18,Kings,031,150075,2,0,1,1,0
2020-02-18,Lake,033,64148,0,0,0,0,0
2020-02-18,Lassen,035,31185,0,0,0,0,0
2020-02-18,Los Angeles,037,10098052,46,1,8,9,0
2020-02-18,Madera,039,155013,0,0,0,0,0
2020-02-18,Marin,041,260295,0,0,0,0,0
2020-02-18,Mariposa,043,17540,0,0,0,0,0
2020-02-18,Mendocino,045,87422,0,0,0,0,0
2020-02-18,Merced,047,269075,0,0,0,0,0
2020-02-18,Modoc,049,8938,0,0,0,0,0
2020-02-18,Mono,051,14174,0,0,0,0,0
2020-02-18,Monterey,053,433212,0,0,0,0,0
2020-02-18,Napa,055,140530,0,0,0,0,0
2020-02-18,Nevada,057,99092,0,0,1,1,0
2020-02-18,Orange,059,3164182,39,1,0,1,0
2020-02-18,Placer,061,380077,0,0,0,0,0
2020-02-18,Plumas,063,18699,0,0,0,0,0
2020-02-18,Riverside,065,2383286,5,0,0,0,0
2020-02-18,Sacramento,067,1510023,2,0,0,0,0
2020-02-18,San Benito,069,59416,0,2,0,2,0
2020-02-18,San Bernardino,071,2135413,13,0,0,0,0
2020-02-18,San Diego,073,3302833,4,2,0,2,0
2020-02-18,San Francisco,075,870044,2,0,0,0,0
2020-02-18,San Joaquin,077,732212,1,0,1,1,0
2020-02-18,San Luis Obispo,079,281455,2,0,0,0,0
2020-02-18,San Mateo,081,765935,5,0,0,0,0
2020-02-18,Santa Barbara,083,443738,0,0,0,0,0
2020-02-18,Santa Clara,085,1922200,14,2,1,3,0
2020-02-18,Santa Cruz,087,273765,0,0,0,0,0
2020-02-18,Shasta,089,179085,0,0,0,0,0
2020-02-18,Sierra,091,2930,0,0,0,0,0
2020-02-18,Siskiyou,093,43540,0,0,0,0,0
2020-02-18,Solano,095,438530,5,7,0,7,0
2020-02-18,Sonoma,097,501317,1,0,0,0,0
2020-02-18,Stanislaus,099,539301,1,0,2,2,0
2020-02-18,Sutter,101,95872,0,0,0,0,0
2020-02-18,Tehama,103,63373,0,0,0,0,0
2020-02-18,Trinity,105,12862,0,0,0,0,0
2020-02-18,Tulare,107,460477,2,0,0,0,0
2020-02-18,Tuolumne,109,53932,0,0,0,0,0
2020-02-18,Ventura,111,848112,2,0,0,0,0
2020-02-18,Yolo,113,214977,1,0,0,0,0
2020-02-18,Yuba,115,75493,0,0,0,0,0
2020-02-17,Alameda,001,1643700,6,0,0,0,0
2020-02-17,Alpine,003,1148,0,0,0,0,0
2020-02-17,Amador,005,37829,0,0,0,0,0
2020-02-17,Butte,007,227075,0,0,0,0,0
2020-02-17,Calaveras,009,45235,0,0,0,0,0
2020-02-17,Colusa,011,21464,0,0,0,0,0
2020-02-17,Contra Costa,013,1133247,3,0,0,0,0
2020-02-17,Del Norte,015,27424,0,0,0,0,0
2020-02-17,El Dorado,017,186661,0,0,0,0,0
2020-02-17,Fresno,019,978130,0,0,0,0,0
2020-02-17,Glenn,021,27897,0,0,0,0,0
2020-02-17,Humboldt,023,135768,1,0,0,0,0
2020-02-17,Imperial,025,180216,1,0,0,0,0
2020-02-17,Inyo,027,18085,0,0,0,0,0
2020-02-17,Kern,029,883053,2,0,0,0,0
2020-02-17,Kings,031,150075,2,0,0,0,0
2020-02-17,Lake,033,64148,0,0,0,0,0
2020-02-17,Lassen,035,31185,0,0,0,0,0
2020-02-17,Los Angeles,037,10098052,43,1,7,8,0
2020-02-17,Madera,039,155013,0,0,0,0,0
2020-02-17,Marin,041,260295,0,0,0,0,0
2020-02-17,Mariposa,043,17540,0,0,0,0,0
2020-02-17,Mendocino,045,87422,0,0,0,0,0
2020-02-17,Merced,047,269075,0,0,0,0,0
2020-02-17,Modoc,049,8938,0,0,0,0,0
2020-02-17,Mono,051,14174,0,0,0,0,0
2020-02-17,Monterey,053,433212,0,0,0,0,0
2020-02-17,Napa,055,140530,0,0,0,0,0
2020-02-17,Nevada,057,99092,0,0,1,1,0
2020-02-17,Orange,059,3164182,39,1,0,1,0
2020-02-17,Placer,061,380077,0,0,0,0,0
2020-02-17,Plumas,063,18699,0,0,0,0,0
2020-02-17,Riverside,065,2383286,5,0,0,0,0
2020-02-17,Sacramento,067,1510023,2,0,0,0,0
2020-02-17,San Benito,069,59416,0,2,0,2,0
2020-02-17,San Bernardino,071,2135413,11,0,0,0,0
2020-02-17,San Diego,073,3302833,4,2,0,2,0
2020-02-17,San Francisco,075,870044,2,0,0,0,0
2020-02-17,San Joaquin,077,732212,1,0,1,1,0
2020-02-17,San Luis Obispo,079,281455,1,0,0,0,0
2020-02-17,San Mateo,081,765935,5,0,0,0,0
2020-02-17,Santa Barbara,083,443738,0,0,0,0,0
2020-02-17,Santa Clara,085,1922200,12,2,1,3,0
2020-02-17,Santa Cruz,087,273765,0,0,0,0,0
2020-02-17,Shasta,089,179085,0,0,0,0,0
2020-02-17,Sierra,091,2930,0,0,0,0,0
2020-02-17,Siskiyou,093,43540,0,0,0,0,0
2020-02-17,Solano,095,438530,3,5,0,5,0
2020-02-17,Sonoma,097,501317,1,0,0,0,0
2020-02-17,Stanislaus,099,539301,1,0,2,2,0
2020-02-17,Sutter,101,95872,0,0,0,0,0
2020-02-17,Tehama,103,63373,0,0,0,0,0
2020-02-17,Trinity,105,12862,0,0,0,0,0
2020-02-17,Tulare,107,460477,2,0,0,0,0
2020-02-17,Tuolumne,109,53932,0,0,0,0,0
2020-02-17,Ventura,111,848112,2,0,0,0,0
2020-02-17,Yolo,113,214977,1,0,0,0,0
2020-02-17,Yuba,115,75493,0,0,0,0,0
2020-02-16,Alameda,001,1643700,5,0,0,0,0
2020-02-16,Alpine,003,1148,0,0,0,0,0
2020-02-16,Amador,005,37829,0,0,0,0,0
2020-02-16,Butte,007,227075,0,0,0,0,0
2020-02-16,Calaveras,009,45235,0,0,0,0,0
2020-02-16,Colusa,011,21464,0,0,0,0,0
2020-02-16,Contra Costa,013,1133247,3,0,0,0,0
2020-02-16,Del Norte,015,27424,0,0,0,0,0
2020-02-16,El Dorado,017,186661,0,0,0,0,0
2020-02-16,Fresno,019,978130,0,0,0,0,0
2020-02-16,Glenn,021,27897,0,0,0,0,0
2020-02-16,Humboldt,023,135768,1,0,0,0,0
2020-02-16,Imperial,025,180216,1,0,0,0,0
2020-02-16,Inyo,027,18085,0,0,0,0,0
2020-02-16,Kern,029,883053,2,0,0,0,0
2020-02-16,Kings,031,150075,2,0,0,0,0
2020-02-16,Lake,033,64148,0,0,0,0,0
2020-02-16,Lassen,035,31185,0,0,0,0,0
2020-02-16,Los Angeles,037,10098052,37,1,7,8,0
2020-02-16,Madera,039,155013,0,0,0,0,0
2020-02-16,Marin,041,260295,0,0,0,0,0
2020-02-16,Mariposa,043,17540,0,0,0,0,0
2020-02-16,Mendocino,045,87422,0,0,0,0,0
2020-02-16,Merced,047,269075,0,0,0,0,0
2020-02-16,Modoc,049,8938,0,0,0,0,0
2020-02-16,Mono,051,14174,0,0,0,0,0
2020-02-16,Monterey,053,433212,0,0,0,0,0
2020-02-16,Napa,055,140530,0,0,0,0,0
2020-02-16,Nevada,057,99092,0,0,0,0,0
2020-02-16,Orange,059,3164182,38,1,0,1,0
2020-02-16,Placer,061,380077,0,0,0,0,0
2020-02-16,Plumas,063,18699,0,0,0,0,0
2020-02-16,Riverside,065,2383286,5,0,0,0,0
2020-02-16,Sacramento,067,1510023,2,0,0,0,0
2020-02-16,San Benito,069,59416,0,2,0,2,0
2020-02-16,San Bernardino,071,2135413,10,0,0,0,0
2020-02-16,San Diego,073,3302833,4,2,0,2,0
2020-02-16,San Francisco,075,870044,2,0,0,0,0
2020-02-16,San Joaquin,077,732212,1,0,1,1,0
2020-02-16,San Luis Obispo,079,281455,1,0,0,0,0
2020-02-16,San Mateo,081,765935,4,0,0,0,0
2020-02-16,Santa Barbara,083,443738,0,0,0,0,0
2020-02-16,Santa Clara,085,1922200,10,2,1,3,0
2020-02-16,Santa Cruz,087,273765,0,0,0,0,0
2020-02-16,Shasta,089,179085,0,0,0,0,0
2020-02-16,Sierra,091,2930,0,0,0,0,0
2020-02-16,Siskiyou,093,43540,0,0,0,0,0
2020-02-16,Solano,095,438530,1,0,0,0,0
2020-02-16,Sonoma,097,501317,1,0,0,0,0
2020-02-16,Stanislaus,099,539301,1,0,2,2,0
2020-02-16,Sutter,101,95872,0,0,0,0,0
2020-02-16,Tehama,103,63373,0,0,0,0,0
2020-02-16,Trinity,105,12862,0,0,0,0,0
2020-02-16,Tulare,107,460477,2,0,0,0,0
2020-02-16,Tuolumne,109,53932,0,0,0,0,0
2020-02-16,Ventura,111,848112,2,0,0,0,0
2020-02-16,Yolo,113,214977,1,0,0,0,0
2020-02-16,Yuba,115,75493,0,0,0,0,0
2020-02-15,Alameda,001,1643700,5,0,0,0,0
2020-02-15,Alpine,003,1148,0,0,0,0,0
2020-02-15,Amador,005,37829,0,0,0,0,0
2020-02-15,Butte,007,227075,0,0,0,0,0
2020-02-15,Calaveras,009,45235,0,0,0,0,0
2020-02-15,Colusa,011,21464,0,0,0,0,0
2020-02-15,Contra Costa,013,1133247,3,0,0,0,0
2020-02-15,Del Norte,015,27424,0,0,0,0,0
2020-02-15,El Dorado,017,186661,0,0,0,0,0
2020-02-15,Fresno,019,978130,0,0,0,0,0
2020-02-15,Glenn,021,27897,0,0,0,0,0
2020-02-15,Humboldt,023,135768,1,0,0,0,0
2020-02-15,Imperial,025,180216,1,0,0,0,0
2020-02-15,Inyo,027,18085,0,0,0,0,0
2020-02-15,Kern,029,883053,2,0,0,0,0
2020-02-15,Kings,031,150075,2,0,0,0,0
2020-02-15,Lake,033,64148,0,0,0,0,0
2020-02-15,Lassen,035,31185,0,0,0,0,0
2020-02-15,Los Angeles,037,10098052,34,1,7,8,0
2020-02-15,Madera,039,155013,0,0,0,0,0
2020-02-15,Marin,041,260295,0,0,0,0,0
2020-02-15,Mariposa,043,17540,0,0,0,0,0
2020-02-15,Mendocino,045,87422,0,0,0,0,0
2020-02-15,Merced,047,269075,0,0,0,0,0
2020-02-15,Modoc,049,8938,0,0,0,0,0
2020-02-15,Mono,051,14174,0,0,0,0,0
2020-02-15,Monterey,053,433212,0,0,0,0,0
2020-02-15,Napa,055,140530,0,0,0,0,0
2020-02-15,Nevada,057,99092,0,0,0,0,0
2020-02-15,Orange,059,3164182,37,1,0,1,0
2020-02-15,Placer,061,380077,0,0,0,0,0
2020-02-15,Plumas,063,18699,0,0,0,0,0
2020-02-15,Riverside,065,2383286,4,0,0,0,0
2020-02-15,Sacramento,067,1510023,2,0,0,0,0
2020-02-15,San Benito,069,59416,0,2,0,2,0
2020-02-15,San Bernardino,071,2135413,9,0,0,0,0
2020-02-15,San Diego,073,3302833,4,2,0,2,0
2020-02-15,San Francisco,075,870044,2,0,0,0,0
2020-02-15,San Joaquin,077,732212,1,0,1,1,0
2020-02-15,San Luis Obispo,079,281455,1,0,0,0,0
2020-02-15,San Mateo,081,765935,4,0,0,0,0
2020-02-15,Santa Barbara,083,443738,0,0,0,0,0
2020-02-15,Santa Clara,085,1922200,10,2,1,3,0
2020-02-15,Santa Cruz,087,273765,0,0,0,0,0
2020-02-15,Shasta,089,179085,0,0,0,0,0
2020-02-15,Sierra,091,2930,0,0,0,0,0
2020-02-15,Siskiyou,093,43540,0,0,0,0,0
2020-02-15,Solano,095,438530,1,0,0,0,0
2020-02-15,Sonoma,097,501317,0,0,0,0,0
2020-02-15,Stanislaus,099,539301,1,0,2,2,0
2020-02-15,Sutter,101,95872,0,0,0,0,0
2020-02-15,Tehama,103,63373,0,0,0,0,0
2020-02-15,Trinity,105,12862,0,0,0,0,0
2020-02-15,Tulare,107,460477,2,0,0,0,0
2020-02-15,Tuolumne,109,53932,0,0,0,0,0
2020-02-15,Ventura,111,848112,2,0,0,0,0
2020-02-15,Yolo,113,214977,1,0,0,0,0
2020-02-15,Yuba,115,75493,0,0,0,0,0
2020-02-14,Alameda,001,1643700,4,0,0,0,0
2020-02-14,Alpine,003,1148,0,0,0,0,0
2020-02-14,Amador,005,37829,0,0,0,0,0
2020-02-14,Butte,007,227075,0,0,0,0,0
2020-02-14,Calaveras,009,45235,0,0,0,0,0
2020-02-14,Colusa,011,21464,0,0,0,0,0
2020-02-14,Contra Costa,013,1133247,3,0,0,0,0
2020-02-14,Del Norte,015,27424,0,0,0,0,0
2020-02-14,El Dorado,017,186661,0,0,0,0,0
2020-02-14,Fresno,019,978130,0,0,0,0,0
2020-02-14,Glenn,021,27897,0,0,0,0,0
2020-02-14,Humboldt,023,135768,1,0,0,0,0
2020-02-14,Imperial,025,180216,1,0,0,0,0
2020-02-14,Inyo,027,18085,0,0,0,0,0
2020-02-14,Kern,029,883053,2,0,0,0,0
2020-02-14,Kings,031,150075,1,0,0,0,0
2020-02-14,Lake,033,64148,0,0,0,0,0
2020-02-14,Lassen,035,31185,0,0,0,0,0
2020-02-14,Los Angeles,037,10098052,29,1,7,8,0
2020-02-14,Madera,039,155013,0,0,0,0,0
2020-02-14,Marin,041,260295,0,0,0,0,0
2020-02-14,Mariposa,043,17540,0,0,0,0,0
2020-02-14,Mendocino,045,87422,0,0,0,0,0
2020-02-14,Merced,047,269075,0,0,0,0,0
2020-02-14,Modoc,049,8938,0,0,0,0,0
2020-02-14,Mono,051,14174,0,0,0,0,0
2020-02-14,Monterey,053,433212,0,0,0,0,0
2020-02-14,Napa,055,140530,0,0,0,0,0
2020-02-14,Nevada,057,99092,0,0,0,0,0
2020-02-14,Orange,059,3164182,37,1,0,1,0
2020-02-14,Placer,061,380077,0,0,0,0,0
2020-02-14,Plumas,063,18699,0,0,0,0,0
2020-02-14,Riverside,065,2383286,4,0,0,0,0
2020-02-14,Sacramento,067,1510023,1,0,0,0,0
2020-02-14,San Benito,069,59416,0,2,0,2,0
2020-02-14,San Bernardino,071,2135413,9,0,0,0,0
2020-02-14,San Diego,073,3302833,3,2,0,2,0
2020-02-14,San Francisco,075,870044,2,0,0,0,0
2020-02-14,San Joaquin,077,732212,1,0,1,1,0
2020-02-14,San Luis Obispo,079,281455,0,0,0,0,0
2020-02-14,San Mateo,081,765935,3,0,0,0,0
2020-02-14,Santa Barbara,083,443738,0,0,0,0,0
2020-02-14,Santa Clara,085,1922200,8,2,1,3,0
2020-02-14,Santa Cruz,087,273765,0,0,0,0,0
2020-02-14,Shasta,089,179085,0,0,0,0,0
2020-02-14,Sierra,091,2930,0,0,0,0,0
2020-02-14,Siskiyou,093,43540,0,0,0,0,0
2020-02-14,Solano,095,438530,1,0,0,0,0
2020-02-14,Sonoma,097,501317,0,0,0,0,0
2020-02-14,Stanislaus,099,539301,1,0,2,2,0
2020-02-14,Sutter,101,95872,0,0,0,0,0
2020-02-14,Tehama,103,63373,0,0,0,0,0
2020-02-14,Trinity,105,12862,0,0,0,0,0
2020-02-14,Tulare,107,460477,2,0,0,0,0
2020-02-14,Tuolumne,109,53932,0,0,0,0,0
2020-02-14,Ventura,111,848112,2,0,0,0,0
2020-02-14,Yolo,113,214977,1,0,0,0,0
2020-02-14,Yuba,115,75493,0,0,0,0,0
2020-02-13,Alameda,001,1643700,4,0,0,0,0
2020-02-13,Alpine,003,1148,0,0,0,0,0
2020-02-13,Amador,005,37829,0,0,0,0,0
2020-02-13,Butte,007,227075,0,0,0,0,0
2020-02-13,Calaveras,009,45235,0,0,0,0,0
2020-02-13,Colusa,011,21464,0,0,0,0,0
2020-02-13,Contra Costa,013,1133247,3,0,0,0,0
2020-02-13,Del Norte,015,27424,0,0,0,0,0
2020-02-13,El Dorado,017,186661,0,0,0,0,0
2020-02-13,Fresno,019,978130,0,0,0,0,0
2020-02-13,Glenn,021,27897,0,0,0,0,0
2020-02-13,Humboldt,023,135768,1,0,0,0,0
2020-02-13,Imperial,025,180216,1,0,0,0,0
2020-02-13,Inyo,027,18085,0,0,0,0,0
2020-02-13,Kern,029,883053,2,0,0,0,0
2020-02-13,Kings,031,150075,1,0,0,0,0
2020-02-13,Lake,033,64148,0,0,0,0,0
2020-02-13,Lassen,035,31185,0,0,0,0,0
2020-02-13,Los Angeles,037,10098052,25,1,6,7,0
2020-02-13,Madera,039,155013,0,0,0,0,0
2020-02-13,Marin,041,260295,0,0,0,0,0
2020-02-13,Mariposa,043,17540,0,0,0,0,0
2020-02-13,Mendocino,045,87422,0,0,0,0,0
2020-02-13,Merced,047,269075,0,0,0,0,0
2020-02-13,Modoc,049,8938,0,0,0,0,0
2020-02-13,Mono,051,14174,0,0,0,0,0
2020-02-13,Monterey,053,433212,0,0,0,0,0
2020-02-13,Napa,055,140530,0,0,0,0,0
2020-02-13,Nevada,057,99092,0,0,0,0,0
2020-02-13,Orange,059,3164182,36,1,0,1,0
2020-02-13,Placer,061,380077,0,0,0,0,0
2020-02-13,Plumas,063,18699,0,0,0,0,0
2020-02-13,Riverside,065,2383286,4,0,0,0,0
2020-02-13,Sacramento,067,1510023,1,0,0,0,0
2020-02-13,San Benito,069,59416,0,2,0,2,0
2020-02-13,San Bernardino,071,2135413,8,0,0,0,0
2020-02-13,San Diego,073,3302833,2,2,0,2,0
2020-02-13,San Francisco,075,870044,2,0,0,0,0
2020-02-13,San Joaquin,077,732212,1,0,1,1,0
2020-02-13,San Luis Obispo,079,281455,0,0,0,0,0
2020-02-13,San Mateo,081,765935,2,0,0,0,0
2020-02-13,Santa Barbara,083,443738,0,0,0,0,0
2020-02-13,Santa Clara,085,1922200,7,2,0,2,0
2020-02-13,Santa Cruz,087,273765,0,0,0,0,0
2020-02-13,Shasta,089,179085,0,0,0,0,0
2020-02-13,Sierra,091,2930,0,0,0,0,0
2020-02-13,Siskiyou,093,43540,0,0,0,0,0
2020-02-13,Solano,095,438530,0,0,0,0,0
2020-02-13,Sonoma,097,501317,0,0,0,0,0
2020-02-13,Stanislaus,099,539301,1,0,1,1,0
2020-02-13,Sutter,101,95872,0,0,0,0,0
2020-02-13,Tehama,103,63373,0,0,0,0,0
2020-02-13,Trinity,105,12862,0,0,0,0,0
2020-02-13,Tulare,107,460477,2,0,0,0,0
2020-02-13,Tuolumne,109,53932,0,0,0,0,0
2020-02-13,Ventura,111,848112,2,0,0,0,0
2020-02-13,Yolo,113,214977,1,0,0,0,0
2020-02-13,Yuba,115,75493,0,0,0,0,0
2020-02-12,Alameda,001,1643700,4,0,0,0,0
2020-02-12,Alpine,003,1148,0,0,0,0,0
2020-02-12,Amador,005,37829,0,0,0,0,0
2020-02-12,Butte,007,227075,0,0,0,0,0
2020-02-12,Calaveras,009,45235,0,0,0,0,0
2020-02-12,Colusa,011,21464,0,0,0,0,0
2020-02-12,Contra Costa,013,1133247,3,0,0,0,0
2020-02-12,Del Norte,015,27424,0,0,0,0,0
2020-02-12,El Dorado,017,186661,0,0,0,0,0
2020-02-12,Fresno,019,978130,0,0,0,0,0
2020-02-12,Glenn,021,27897,0,0,0,0,0
2020-02-12,Humboldt,023,135768,1,0,0,0,0
2020-02-12,Imperial,025,180216,1,0,0,0,0
2020-02-12,Inyo,027,18085,0,0,0,0,0
2020-02-12,Kern,029,883053,2,0,0,0,0
2020-02-12,Kings,031,150075,1,0,0,0,0
2020-02-12,Lake,033,64148,0,0,0,0,0
2020-02-12,Lassen,035,31185,0,0,0,0,0
2020-02-12,Los Angeles,037,10098052,24,1,6,7,0
2020-02-12,Madera,039,155013,0,0,0,0,0
2020-02-12,Marin,041,260295,0,0,0,0,0
2020-02-12,Mariposa,043,17540,0,0,0,0,0
2020-02-12,Mendocino,045,87422,0,0,0,0,0
2020-02-12,Merced,047,269075,0,0,0,0,0
2020-02-12,Modoc,049,8938,0,0,0,0,0
2020-02-12,Mono,051,14174,0,0,0,0,0
2020-02-12,Monterey,053,433212,0,0,0,0,0
2020-02-12,Napa,055,140530,0,0,0,0,0
2020-02-12,Nevada,057,99092,0,0,0,0,0
2020-02-12,Orange,059,3164182,36,1,0,1,0
2020-02-12,Placer,061,380077,0,0,0,0,0
2020-02-12,Plumas,063,18699,0,0,0,0,0
2020-02-12,Riverside,065,2383286,4,0,0,0,0
2020-02-12,Sacramento,067,1510023,1,0,0,0,0
2020-02-12,San Benito,069,59416,0,2,0,2,0
2020-02-12,San Bernardino,071,2135413,8,0,0,0,0
2020-02-12,San Diego,073,3302833,2,2,0,2,0
2020-02-12,San Francisco,075,870044,2,0,0,0,0
2020-02-12,San Joaquin,077,732212,1,0,1,1,0
2020-02-12,San Luis Obispo,079,281455,0,0,0,0,0
2020-02-12,San Mateo,081,765935,2,0,0,0,0
2020-02-12,Santa Barbara,083,443738,0,0,0,0,0
2020-02-12,Santa Clara,085,1922200,6,2,0,2,0
2020-02-12,Santa Cruz,087,273765,0,0,0,0,0
2020-02-12,Shasta,089,179085,0,0,0,0,0
2020-02-12,Sierra,091,2930,0,0,0,0,0
2020-02-12,Siskiyou,093,43540,0,0,0,0,0
2020-02-12,Solano,095,438530,0,0,0,0,0
2020-02-12,Sonoma,097,501317,0,0,0,0,0
2020-02-12,Stanislaus,099,539301,1,0,1,1,0
2020-02-12,Sutter,101,95872,0,0,0,0,0
2020-02-12,Tehama,103,63373,0,0,0,0,0
2020-02-12,Trinity,105,12862,0,0,0,0,0
2020-02-12,Tulare,107,460477,2,0,0,0,0
2020-02-12,Tuolumne,109,53932,0,0,0,0,0
2020-02-12,Ventura,111,848112,2,0,0,0,0
2020-02-12,Yolo,113,214977,1,0,0,0,0
2020-02-12,Yuba,115,75493,0,0,0,0,0
2020-02-11,Alameda,001,1643700,4,0,0,0,0
2020-02-11,Alpine,003,1148,0,0,0,0,0
2020-02-11,Amador,005,37829,0,0,0,0,0
2020-02-11,Butte,007,227075,0,0,0,0,0
2020-02-11,Calaveras,009,45235,0,0,0,0,0
2020-02-11,Colusa,011,21464,0,0,0,0,0
2020-02-11,Contra Costa,013,1133247,3,0,0,0,0
2020-02-11,Del Norte,015,27424,0,0,0,0,0
2020-02-11,El Dorado,017,186661,0,0,0,0,0
2020-02-11,Fresno,019,978130,0,0,0,0,0
2020-02-11,Glenn,021,27897,0,0,0,0,0
2020-02-11,Humboldt,023,135768,1,0,0,0,0
2020-02-11,Imperial,025,180216,1,0,0,0,0
2020-02-11,Inyo,027,18085,0,0,0,0,0
2020-02-11,Kern,029,883053,2,0,0,0,0
2020-02-11,Kings,031,150075,1,0,0,0,0
2020-02-11,Lake,033,64148,0,0,0,0,0
2020-02-11,Lassen,035,31185,0,0,0,0,0
2020-02-11,Los Angeles,037,10098052,24,1,6,7,0
2020-02-11,Madera,039,155013,0,0,0,0,0
2020-02-11,Marin,041,260295,0,0,0,0,0
2020-02-11,Mariposa,043,17540,0,0,0,0,0
2020-02-11,Mendocino,045,87422,0,0,0,0,0
2020-02-11,Merced,047,269075,0,0,0,0,0
2020-02-11,Modoc,049,8938,0,0,0,0,0
2020-02-11,Mono,051,14174,0,0,0,0,0
2020-02-11,Monterey,053,433212,0,0,0,0,0
2020-02-11,Napa,055,140530,0,0,0,0,0
2020-02-11,Nevada,057,99092,0,0,0,0,0
2020-02-11,Orange,059,3164182,35,1,0,1,0
2020-02-11,Placer,061,380077,0,0,0,0,0
2020-02-11,Plumas,063,18699,0,0,0,0,0
2020-02-11,Riverside,065,2383286,4,0,0,0,0
2020-02-11,Sacramento,067,1510023,1,0,0,0,0
2020-02-11,San Benito,069,59416,0,2,0,2,0
2020-02-11,San Bernardino,071,2135413,8,0,0,0,0
2020-02-11,San Diego,073,3302833,2,1,0,1,0
2020-02-11,San Francisco,075,870044,2,0,0,0,0
2020-02-11,San Joaquin,077,732212,0,0,1,1,0
2020-02-11,San Luis Obispo,079,281455,0,0,0,0,0
2020-02-11,San Mateo,081,765935,2,0,0,0,0
2020-02-11,Santa Barbara,083,443738,0,0,0,0,0
2020-02-11,Santa Clara,085,1922200,5,2,0,2,0
2020-02-11,Santa Cruz,087,273765,0,0,0,0,0
2020-02-11,Shasta,089,179085,0,0,0,0,0
2020-02-11,Sierra,091,2930,0,0,0,0,0
2020-02-11,Siskiyou,093,43540,0,0,0,0,0
2020-02-11,Solano,095,438530,0,0,0,0,0
2020-02-11,Sonoma,097,501317,0,0,0,0,0
2020-02-11,Stanislaus,099,539301,1,0,1,1,0
2020-02-11,Sutter,101,95872,0,0,0,0,0
2020-02-11,Tehama,103,63373,0,0,0,0,0
2020-02-11,Trinity,105,12862,0,0,0,0,0
2020-02-11,Tulare,107,460477,2,0,0,0,0
2020-02-11,Tuolumne,109,53932,0,0,0,0,0
2020-02-11,Ventura,111,848112,2,0,0,0,0
2020-02-11,Yolo,113,214977,1,0,0,0,0
2020-02-11,Yuba,115,75493,0,0,0,0,0
2020-02-10,Alameda,001,1643700,4,0,0,0,0
2020-02-10,Alpine,003,1148,0,0,0,0,0
2020-02-10,Amador,005,37829,0,0,0,0,0
2020-02-10,Butte,007,227075,0,0,0,0,0
2020-02-10,Calaveras,009,45235,0,0,0,0,0
2020-02-10,Colusa,011,21464,0,0,0,0,0
2020-02-10,Contra Costa,013,1133247,3,0,0,0,0
2020-02-10,Del Norte,015,27424,0,0,0,0,0
2020-02-10,El Dorado,017,186661,0,0,0,0,0
2020-02-10,Fresno,019,978130,0,0,0,0,0
2020-02-10,Glenn,021,27897,0,0,0,0,0
2020-02-10,Humboldt,023,135768,0,0,0,0,0
2020-02-10,Imperial,025,180216,1,0,0,0,0
2020-02-10,Inyo,027,18085,0,0,0,0,0
2020-02-10,Kern,029,883053,2,0,0,0,0
2020-02-10,Kings,031,150075,1,0,0,0,0
2020-02-10,Lake,033,64148,0,0,0,0,0
2020-02-10,Lassen,035,31185,0,0,0,0,0
2020-02-10,Los Angeles,037,10098052,22,1,6,7,0
2020-02-10,Madera,039,155013,0,0,0,0,0
2020-02-10,Marin,041,260295,0,0,0,0,0
2020-02-10,Mariposa,043,17540,0,0,0,0,0
2020-02-10,Mendocino,045,87422,0,0,0,0,0
2020-02-10,Merced,047,269075,0,0,0,0,0
2020-02-10,Modoc,049,8938,0,0,0,0,0
2020-02-10,Mono,051,14174,0,0,0,0,0
2020-02-10,Monterey,053,433212,0,0,0,0,0
2020-02-10,Napa,055,140530,0,0,0,0,0
2020-02-10,Nevada,057,99092,0,0,0,0,0
2020-02-10,Orange,059,3164182,35,1,0,1,0
2020-02-10,Placer,061,380077,0,0,0,0,0
2020-02-10,Plumas,063,18699,0,0,0,0,0
2020-02-10,Riverside,065,2383286,4,0,0,0,0
2020-02-10,Sacramento,067,1510023,1,0,0,0,0
2020-02-10,San Benito,069,59416,0,2,0,2,0
2020-02-10,San Bernardino,071,2135413,7,0,0,0,0
2020-02-10,San Diego,073,3302833,2,0,0,0,0
2020-02-10,San Francisco,075,870044,2,0,0,0,0
2020-02-10,San Joaquin,077,732212,0,0,1,1,0
2020-02-10,San Luis Obispo,079,281455,0,0,0,0,0
2020-02-10,San Mateo,081,765935,2,0,0,0,0
2020-02-10,Santa Barbara,083,443738,0,0,0,0,0
2020-02-10,Santa Clara,085,1922200,5,2,0,2,0
2020-02-10,Santa Cruz,087,273765,0,0,0,0,0
2020-02-10,Shasta,089,179085,0,0,0,0,0
2020-02-10,Sierra,091,2930,0,0,0,0,0
2020-02-10,Siskiyou,093,43540,0,0,0,0,0
2020-02-10,Solano,095,438530,0,0,0,0,0
2020-02-10,Sonoma,097,501317,0,0,0,0,0
2020-02-10,Stanislaus,099,539301,1,0,0,0,0
2020-02-10,Sutter,101,95872,0,0,0,0,0
2020-02-10,Tehama,103,63373,0,0,0,0,0
2020-02-10,Trinity,105,12862,0,0,0,0,0
2020-02-10,Tulare,107,460477,2,0,0,0,0
2020-02-10,Tuolumne,109,53932,0,0,0,0,0
2020-02-10,Ventura,111,848112,2,0,0,0,0
2020-02-10,Yolo,113,214977,1,0,0,0,0
2020-02-10,Yuba,115,75493,0,0,0,0,0
2020-02-09,Alameda,001,1643700,4,0,0,0,0
2020-02-09,Alpine,003,1148,0,0,0,0,0
2020-02-09,Amador,005,37829,0,0,0,0,0
2020-02-09,Butte,007,227075,0,0,0,0,0
2020-02-09,Calaveras,009,45235,0,0,0,0,0
2020-02-09,Colusa,011,21464,0,0,0,0,0
2020-02-09,Contra Costa,013,1133247,3,0,0,0,0
2020-02-09,Del Norte,015,27424,0,0,0,0,0
2020-02-09,El Dorado,017,186661,0,0,0,0,0
2020-02-09,Fresno,019,978130,0,0,0,0,0
2020-02-09,Glenn,021,27897,0,0,0,0,0
2020-02-09,Humboldt,023,135768,0,0,0,0,0
2020-02-09,Imperial,025,180216,1,0,0,0,0
2020-02-09,Inyo,027,18085,0,0,0,0,0
2020-02-09,Kern,029,883053,2,0,0,0,0
2020-02-09,Kings,031,150075,1,0,0,0,0
2020-02-09,Lake,033,64148,0,0,0,0,0
2020-02-09,Lassen,035,31185,0,0,0,0,0
2020-02-09,Los Angeles,037,10098052,21,1,6,7,0
2020-02-09,Madera,039,155013,0,0,0,0,0
2020-02-09,Marin,041,260295,0,0,0,0,0
2020-02-09,Mariposa,043,17540,0,0,0,0,0
2020-02-09,Mendocino,045,87422,0,0,0,0,0
2020-02-09,Merced,047,269075,0,0,0,0,0
2020-02-09,Modoc,049,8938,0,0,0,0,0
2020-02-09,Mono,051,14174,0,0,0,0,0
2020-02-09,Monterey,053,433212,0,0,0,0,0
2020-02-09,Napa,055,140530,0,0,0,0,0
2020-02-09,Nevada,057,99092,0,0,0,0,0
2020-02-09,Orange,059,3164182,35,1,0,1,0
2020-02-09,Placer,061,380077,0,0,0,0,0
2020-02-09,Plumas,063,18699,0,0,0,0,0
2020-02-09,Riverside,065,2383286,4,0,0,0,0
2020-02-09,Sacramento,067,1510023,0,0,0,0,0
2020-02-09,San Benito,069,59416,0,2,0,2,0
2020-02-09,San Bernardino,071,2135413,7,0,0,0,0
2020-02-09,San Diego,073,3302833,2,0,0,0,0
2020-02-09,San Francisco,075,870044,1,0,0,0,0
2020-02-09,San Joaquin,077,732212,0,0,1,1,0
2020-02-09,San Luis Obispo,079,281455,0,0,0,0,0
2020-02-09,San Mateo,081,765935,2,0,0,0,0
2020-02-09,Santa Barbara,083,443738,0,0,0,0,0
2020-02-09,Santa Clara,085,1922200,4,2,0,2,0
2020-02-09,Santa Cruz,087,273765,0,0,0,0,0
2020-02-09,Shasta,089,179085,0,0,0,0,0
2020-02-09,Sierra,091,2930,0,0,0,0,0
2020-02-09,Siskiyou,093,43540,0,0,0,0,0
2020-02-09,Solano,095,438530,0,0,0,0,0
2020-02-09,Sonoma,097,501317,0,0,0,0,0
2020-02-09,Stanislaus,099,539301,0,0,0,0,0
2020-02-09,Sutter,101,95872,0,0,0,0,0
2020-02-09,Tehama,103,63373,0,0,0,0,0
2020-02-09,Trinity,105,12862,0,0,0,0,0
2020-02-09,Tulare,107,460477,2,0,0,0,0
2020-02-09,Tuolumne,109,53932,0,0,0,0,0
2020-02-09,Ventura,111,848112,1,0,0,0,0
2020-02-09,Yolo,113,214977,1,0,0,0,0
2020-02-09,Yuba,115,75493,0,0,0,0,0
2020-02-08,Alameda,001,1643700,3,0,0,0,0
2020-02-08,Alpine,003,1148,0,0,0,0,0
2020-02-08,Amador,005,37829,0,0,0,0,0
2020-02-08,Butte,007,227075,0,0,0,0,0
2020-02-08,Calaveras,009,45235,0,0,0,0,0
2020-02-08,Colusa,011,21464,0,0,0,0,0
2020-02-08,Contra Costa,013,1133247,2,0,0,0,0
2020-02-08,Del Norte,015,27424,0,0,0,0,0
2020-02-08,El Dorado,017,186661,0,0,0,0,0
2020-02-08,Fresno,019,978130,0,0,0,0,0
2020-02-08,Glenn,021,27897,0,0,0,0,0
2020-02-08,Humboldt,023,135768,0,0,0,0,0
2020-02-08,Imperial,025,180216,1,0,0,0,0
2020-02-08,Inyo,027,18085,0,0,0,0,0
2020-02-08,Kern,029,883053,2,0,0,0,0
2020-02-08,Kings,031,150075,1,0,0,0,0
2020-02-08,Lake,033,64148,0,0,0,0,0
2020-02-08,Lassen,035,31185,0,0,0,0,0
2020-02-08,Los Angeles,037,10098052,17,1,3,4,0
2020-02-08,Madera,039,155013,0,0,0,0,0
2020-02-08,Marin,041,260295,0,0,0,0,0
2020-02-08,Mariposa,043,17540,0,0,0,0,0
2020-02-08,Mendocino,045,87422,0,0,0,0,0
2020-02-08,Merced,047,269075,0,0,0,0,0
2020-02-08,Modoc,049,8938,0,0,0,0,0
2020-02-08,Mono,051,14174,0,0,0,0,0
2020-02-08,Monterey,053,433212,0,0,0,0,0
2020-02-08,Napa,055,140530,0,0,0,0,0
2020-02-08,Nevada,057,99092,0,0,0,0,0
2020-02-08,Orange,059,3164182,35,1,0,1,0
2020-02-08,Placer,061,380077,0,0,0,0,0
2020-02-08,Plumas,063,18699,0,0,0,0,0
2020-02-08,Riverside,065,2383286,4,0,0,0,0
2020-02-08,Sacramento,067,1510023,0,0,0,0,0
2020-02-08,San Benito,069,59416,0,2,0,2,0
2020-02-08,San Bernardino,071,2135413,7,0,0,0,0
2020-02-08,San Diego,073,3302833,1,0,0,0,0
2020-02-08,San Francisco,075,870044,1,0,0,0,0
2020-02-08,San Joaquin,077,732212,0,0,1,1,0
2020-02-08,San Luis Obispo,079,281455,0,0,0,0,0
2020-02-08,San Mateo,081,765935,2,0,0,0,0
2020-02-08,Santa Barbara,083,443738,0,0,0,0,0
2020-02-08,Santa Clara,085,1922200,4,2,0,2,0
2020-02-08,Santa Cruz,087,273765,0,0,0,0,0
2020-02-08,Shasta,089,179085,0,0,0,0,0
2020-02-08,Sierra,091,2930,0,0,0,0,0
2020-02-08,Siskiyou,093,43540,0,0,0,0,0
2020-02-08,Solano,095,438530,0,0,0,0,0
2020-02-08,Sonoma,097,501317,0,0,0,0,0
2020-02-08,Stanislaus,099,539301,0,0,0,0,0
2020-02-08,Sutter,101,95872,0,0,0,0,0
2020-02-08,Tehama,103,63373,0,0,0,0,0
2020-02-08,Trinity,105,12862,0,0,0,0,0
2020-02-08,Tulare,107,460477,2,0,0,0,0
2020-02-08,Tuolumne,109,53932,0,0,0,0,0
2020-02-08,Ventura,111,848112,1,0,0,0,0
2020-02-08,Yolo,113,214977,1,0,0,0,0
2020-02-08,Yuba,115,75493,0,0,0,0,0
2020-02-07,Alameda,001,1643700,3,0,0,0,0
2020-02-07,Alpine,003,1148,0,0,0,0,0
2020-02-07,Amador,005,37829,0,0,0,0,0
2020-02-07,Butte,007,227075,0,0,0,0,0
2020-02-07,Calaveras,009,45235,0,0,0,0,0
2020-02-07,Colusa,011,21464,0,0,0,0,0
2020-02-07,Contra Costa,013,1133247,2,0,0,0,0
2020-02-07,Del Norte,015,27424,0,0,0,0,0
2020-02-07,El Dorado,017,186661,0,0,0,0,0
2020-02-07,Fresno,019,978130,0,0,0,0,0
2020-02-07,Glenn,021,27897,0,0,0,0,0
2020-02-07,Humboldt,023,135768,0,0,0,0,0
2020-02-07,Imperial,025,180216,1,0,0,0,0
2020-02-07,Inyo,027,18085,0,0,0,0,0
2020-02-07,Kern,029,883053,2,0,0,0,0
2020-02-07,Kings,031,150075,1,0,0,0,0
2020-02-07,Lake,033,64148,0,0,0,0,0
2020-02-07,Lassen,035,31185,0,0,0,0,0
2020-02-07,Los Angeles,037,10098052,16,1,2,3,0
2020-02-07,Madera,039,155013,0,0,0,0,0
2020-02-07,Marin,041,260295,0,0,0,0,0
2020-02-07,Mariposa,043,17540,0,0,0,0,0
2020-02-07,Mendocino,045,87422,0,0,0,0,0
2020-02-07,Merced,047,269075,0,0,0,0,0
2020-02-07,Modoc,049,8938,0,0,0,0,0
2020-02-07,Mono,051,14174,0,0,0,0,0
2020-02-07,Monterey,053,433212,0,0,0,0,0
2020-02-07,Napa,055,140530,0,0,0,0,0
2020-02-07,Nevada,057,99092,0,0,0,0,0
2020-02-07,Orange,059,3164182,33,1,0,1,0
2020-02-07,Placer,061,380077,0,0,0,0,0
2020-02-07,Plumas,063,18699,0,0,0,0,0
2020-02-07,Riverside,065,2383286,4,0,0,0,0
2020-02-07,Sacramento,067,1510023,0,0,0,0,0
2020-02-07,San Benito,069,59416,0,2,0,2,0
2020-02-07,San Bernardino,071,2135413,4,0,0,0,0
2020-02-07,San Diego,073,3302833,1,0,0,0,0
2020-02-07,San Francisco,075,870044,1,0,0,0,0
2020-02-07,San Joaquin,077,732212,0,0,1,1,0
2020-02-07,San Luis Obispo,079,281455,0,0,0,0,0
2020-02-07,San Mateo,081,765935,1,0,0,0,0
2020-02-07,Santa Barbara,083,443738,0,0,0,0,0
2020-02-07,Santa Clara,085,1922200,4,2,0,2,0
2020-02-07,Santa Cruz,087,273765,0,0,0,0,0
2020-02-07,Shasta,089,179085,0,0,0,0,0
2020-02-07,Sierra,091,2930,0,0,0,0,0
2020-02-07,Siskiyou,093,43540,0,0,0,0,0
2020-02-07,Solano,095,438530,0,0,0,0,0
2020-02-07,Sonoma,097,501317,0,0,0,0,0
2020-02-07,Stanislaus,099,539301,0,0,0,0,0
2020-02-07,Sutter,101,95872,0,0,0,0,0
2020-02-07,Tehama,103,63373,0,0,0,0,0
2020-02-07,Trinity,105,12862,0,0,0,0,0
2020-02-07,Tulare,107,460477,2,0,0,0,0
2020-02-07,Tuolumne,109,53932,0,0,0,0,0
2020-02-07,Ventura,111,848112,1,0,0,0,0
2020-02-07,Yolo,113,214977,1,0,0,0,0
2020-02-07,Yuba,115,75493,0,0,0,0,0
2020-02-06,Alameda,001,1643700,3,0,0,0,0
2020-02-06,Alpine,003,1148,0,0,0,0,0
2020-02-06,Amador,005,37829,0,0,0,0,0
2020-02-06,Butte,007,227075,0,0,0,0,0
2020-02-06,Calaveras,009,45235,0,0,0,0,0
2020-02-06,Colusa,011,21464,0,0,0,0,0
2020-02-06,Contra Costa,013,1133247,2,0,0,0,0
2020-02-06,Del Norte,015,27424,0,0,0,0,0
2020-02-06,El Dorado,017,186661,0,0,0,0,0
2020-02-06,Fresno,019,978130,0,0,0,0,0
2020-02-06,Glenn,021,27897,0,0,0,0,0
2020-02-06,Humboldt,023,135768,0,0,0,0,0
2020-02-06,Imperial,025,180216,1,0,0,0,0
2020-02-06,Inyo,027,18085,0,0,0,0,0
2020-02-06,Kern,029,883053,2,0,0,0,0
2020-02-06,Kings,031,150075,0,0,0,0,0
2020-02-06,Lake,033,64148,0,0,0,0,0
2020-02-06,Lassen,035,31185,0,0,0,0,0
2020-02-06,Los Angeles,037,10098052,15,1,2,3,0
2020-02-06,Madera,039,155013,0,0,0,0,0
2020-02-06,Marin,041,260295,0,0,0,0,0
2020-02-06,Mariposa,043,17540,0,0,0,0,0
2020-02-06,Mendocino,045,87422,0,0,0,0,0
2020-02-06,Merced,047,269075,0,0,0,0,0
2020-02-06,Modoc,049,8938,0,0,0,0,0
2020-02-06,Mono,051,14174,0,0,0,0,0
2020-02-06,Monterey,053,433212,0,0,0,0,0
2020-02-06,Napa,055,140530,0,0,0,0,0
2020-02-06,Nevada,057,99092,0,0,0,0,0
2020-02-06,Orange,059,3164182,3,1,0,1,0
2020-02-06,Placer,061,380077,0,0,0,0,0
2020-02-06,Plumas,063,18699,0,0,0,0,0
2020-02-06,Riverside,065,2383286,4,0,0,0,0
2020-02-06,Sacramento,067,1510023,0,0,0,0,0
2020-02-06,San Benito,069,59416,0,2,0,2,0
2020-02-06,San Bernardino,071,2135413,4,0,0,0,0
2020-02-06,San Diego,073,3302833,1,0,0,0,0
2020-02-06,San Francisco,075,870044,1,0,0,0,0
2020-02-06,San Joaquin,077,732212,0,0,1,1,0
2020-02-06,San Luis Obispo,079,281455,0,0,0,0,0
2020-02-06,San Mateo,081,765935,1,0,0,0,0
2020-02-06,Santa Barbara,083,443738,0,0,0,0,0
2020-02-06,Santa Clara,085,1922200,4,2,0,2,0
2020-02-06,Santa Cruz,087,273765,0,0,0,0,0
2020-02-06,Shasta,089,179085,0,0,0,0,0
2020-02-06,Sierra,091,2930,0,0,0,0,0
2020-02-06,Siskiyou,093,43540,0,0,0,0,0
2020-02-06,Solano,095,438530,0,0,0,0,0
2020-02-06,Sonoma,097,501317,0,0,0,0,0
2020-02-06,Stanislaus,099,539301,0,0,0,0,0
2020-02-06,Sutter,101,95872,0,0,0,0,0
2020-02-06,Tehama,103,63373,0,0,0,0,0
2020-02-06,Trinity,105,12862,0,0,0,0,0
2020-02-06,Tulare,107,460477,2,0,0,0,0
2020-02-06,Tuolumne,109,53932,0,0,0,0,0
2020-02-06,Ventura,111,848112,1,0,0,0,0
2020-02-06,Yolo,113,214977,1,0,0,0,0
2020-02-06,Yuba,115,75493,0,0,0,0,0
2020-02-05,Alameda,001,1643700,3,0,0,0,0
2020-02-05,Alpine,003,1148,0,0,0,0,0
2020-02-05,Amador,005,37829,0,0,0,0,0
2020-02-05,Butte,007,227075,0,0,0,0,0
2020-02-05,Calaveras,009,45235,0,0,0,0,0
2020-02-05,Colusa,011,21464,0,0,0,0,0
2020-02-05,Contra Costa,013,1133247,2,0,0,0,0
2020-02-05,Del Norte,015,27424,0,0,0,0,0
2020-02-05,El Dorado,017,186661,0,0,0,0,0
2020-02-05,Fresno,019,978130,0,0,0,0,0
2020-02-05,Glenn,021,27897,0,0,0,0,0
2020-02-05,Humboldt,023,135768,0,0,0,0,0
2020-02-05,Imperial,025,180216,1,0,0,0,0
2020-02-05,Inyo,027,18085,0,0,0,0,0
2020-02-05,Kern,029,883053,1,0,0,0,0
2020-02-05,Kings,031,150075,0,0,0,0,0
2020-02-05,Lake,033,64148,0,0,0,0,0
2020-02-05,Lassen,035,31185,0,0,0,0,0
2020-02-05,Los Angeles,037,10098052,15,1,1,2,0
2020-02-05,Madera,039,155013,0,0,0,0,0
2020-02-05,Marin,041,260295,0,0,0,0,0
2020-02-05,Mariposa,043,17540,0,0,0,0,0
2020-02-05,Mendocino,045,87422,0,0,0,0,0
2020-02-05,Merced,047,269075,0,0,0,0,0
2020-02-05,Modoc,049,8938,0,0,0,0,0
2020-02-05,Mono,051,14174,0,0,0,0,0
2020-02-05,Monterey,053,433212,0,0,0,0,0
2020-02-05,Napa,055,140530,0,0,0,0,0
2020-02-05,Nevada,057,99092,0,0,0,0,0
2020-02-05,Orange,059,3164182,1,1,0,1,0
2020-02-05,Placer,061,380077,0,0,0,0,0
2020-02-05,Plumas,063,18699,0,0,0,0,0
2020-02-05,Riverside,065,2383286,4,0,0,0,0
2020-02-05,Sacramento,067,1510023,0,0,0,0,0
2020-02-05,San Benito,069,59416,0,2,0,2,0
2020-02-05,San Bernardino,071,2135413,4,0,0,0,0
2020-02-05,San Diego,073,3302833,0,0,0,0,0
2020-02-05,San Francisco,075,870044,1,0,0,0,0
2020-02-05,San Joaquin,077,732212,0,0,1,1,0
2020-02-05,San Luis Obispo,079,281455,0,0,0,0,0
2020-02-05,San Mateo,081,765935,1,0,0,0,0
2020-02-05,Santa Barbara,083,443738,0,0,0,0,0
2020-02-05,Santa Clara,085,1922200,2,2,0,2,0
2020-02-05,Santa Cruz,087,273765,0,0,0,0,0
2020-02-05,Shasta,089,179085,0,0,0,0,0
2020-02-05,Sierra,091,2930,0,0,0,0,0
2020-02-05,Siskiyou,093,43540,0,0,0,0,0
2020-02-05,Solano,095,438530,0,0,0,0,0
2020-02-05,Sonoma,097,501317,0,0,0,0,0
2020-02-05,Stanislaus,099,539301,0,0,0,0,0
2020-02-05,Sutter,101,95872,0,0,0,0,0
2020-02-05,Tehama,103,63373,0,0,0,0,0
2020-02-05,Trinity,105,12862,0,0,0,0,0
2020-02-05,Tulare,107,460477,2,0,0,0,0
2020-02-05,Tuolumne,109,53932,0,0,0,0,0
2020-02-05,Ventura,111,848112,0,0,0,0,0
2020-02-05,Yolo,113,214977,1,0,0,0,0
2020-02-05,Yuba,115,75493,0,0,0,0,0
2020-02-04,Alameda,001,1643700,3,0,0,0,0
2020-02-04,Alpine,003,1148,0,0,0,0,0
2020-02-04,Amador,005,37829,0,0,0,0,0
2020-02-04,Butte,007,227075,0,0,0,0,0
2020-02-04,Calaveras,009,45235,0,0,0,0,0
2020-02-04,Colusa,011,21464,0,0,0,0,0
2020-02-04,Contra Costa,013,1133247,2,0,0,0,0
2020-02-04,Del Norte,015,27424,0,0,0,0,0
2020-02-04,El Dorado,017,186661,0,0,0,0,0
2020-02-04,Fresno,019,978130,0,0,0,0,0
2020-02-04,Glenn,021,27897,0,0,0,0,0
2020-02-04,Humboldt,023,135768,0,0,0,0,0
2020-02-04,Imperial,025,180216,1,0,0,0,0
2020-02-04,Inyo,027,18085,0,0,0,0,0
2020-02-04,Kern,029,883053,0,0,0,0,0
2020-02-04,Kings,031,150075,0,0,0,0,0
2020-02-04,Lake,033,64148,0,0,0,0,0
2020-02-04,Lassen,035,31185,0,0,0,0,0
2020-02-04,Los Angeles,037,10098052,15,1,1,2,0
2020-02-04,Madera,039,155013,0,0,0,0,0
2020-02-04,Marin,041,260295,0,0,0,0,0
2020-02-04,Mariposa,043,17540,0,0,0,0,0
2020-02-04,Mendocino,045,87422,0,0,0,0,0
2020-02-04,Merced,047,269075,0,0,0,0,0
2020-02-04,Modoc,049,8938,0,0,0,0,0
2020-02-04,Mono,051,14174,0,0,0,0,0
2020-02-04,Monterey,053,433212,0,0,0,0,0
2020-02-04,Napa,055,140530,0,0,0,0,0
2020-02-04,Nevada,057,99092,0,0,0,0,0
2020-02-04,Orange,059,3164182,1,1,0,1,0
2020-02-04,Placer,061,380077,0,0,0,0,0
2020-02-04,Plumas,063,18699,0,0,0,0,0
2020-02-04,Riverside,065,2383286,4,0,0,0,0
2020-02-04,Sacramento,067,1510023,0,0,0,0,0
2020-02-04,San Benito,069,59416,0,2,0,2,0
2020-02-04,San Bernardino,071,2135413,3,0,0,0,0
2020-02-04,San Diego,073,3302833,0,0,0,0,0
2020-02-04,San Francisco,075,870044,1,0,0,0,0
2020-02-04,San Joaquin,077,732212,0,0,1,1,0
2020-02-04,San Luis Obispo,079,281455,0,0,0,0,0
2020-02-04,San Mateo,081,765935,0,0,0,0,0
2020-02-04,Santa Barbara,083,443738,0,0,0,0,0
2020-02-04,Santa Clara,085,1922200,2,2,0,2,0
2020-02-04,Santa Cruz,087,273765,0,0,0,0,0
2020-02-04,Shasta,089,179085,0,0,0,0,0
2020-02-04,Sierra,091,2930,0,0,0,0,0
2020-02-04,Siskiyou,093,43540,0,0,0,0,0
2020-02-04,Solano,095,438530,0,0,0,0,0
2020-02-04,Sonoma,097,501317,0,0,0,0,0
2020-02-04,Stanislaus,099,539301,0,0,0,0,0
2020-02-04,Sutter,101,95872,0,0,0,0,0
2020-02-04,Tehama,103,63373,0,0,0,0,0
2020-02-04,Trinity,105,12862,0,0,0,0,0
2020-02-04,Tulare,107,460477,2,0,0,0,0
2020-02-04,Tuolumne,109,53932,0,0,0,0,0
2020-02-04,Ventura,111,848112,0,0,0,0,0
2020-02-04,Yolo,113,214977,1,0,0,0,0
2020-02-04,Yuba,115,75493,0,0,0,0,0
2020-02-03,Alameda,001,1643700,3,0,0,0,0
2020-02-03,Alpine,003,1148,0,0,0,0,0
2020-02-03,Amador,005,37829,0,0,0,0,0
2020-02-03,Butte,007,227075,0,0,0,0,0
2020-02-03,Calaveras,009,45235,0,0,0,0,0
2020-02-03,Colusa,011,21464,0,0,0,0,0
2020-02-03,Contra Costa,013,1133247,2,0,0,0,0
2020-02-03,Del Norte,015,27424,0,0,0,0,0
2020-02-03,El Dorado,017,186661,0,0,0,0,0
2020-02-03,Fresno,019,978130,0,0,0,0,0
2020-02-03,Glenn,021,27897,0,0,0,0,0
2020-02-03,Humboldt,023,135768,0,0,0,0,0
2020-02-03,Imperial,025,180216,1,0,0,0,0
2020-02-03,Inyo,027,18085,0,0,0,0,0
2020-02-03,Kern,029,883053,0,0,0,0,0
2020-02-03,Kings,031,150075,0,0,0,0,0
2020-02-03,Lake,033,64148,0,0,0,0,0
2020-02-03,Lassen,035,31185,0,0,0,0,0
2020-02-03,Los Angeles,037,10098052,15,1,0,1,0
2020-02-03,Madera,039,155013,0,0,0,0,0
2020-02-03,Marin,041,260295,0,0,0,0,0
2020-02-03,Mariposa,043,17540,0,0,0,0,0
2020-02-03,Mendocino,045,87422,0,0,0,0,0
2020-02-03,Merced,047,269075,0,0,0,0,0
2020-02-03,Modoc,049,8938,0,0,0,0,0
2020-02-03,Mono,051,14174,0,0,0,0,0
2020-02-03,Monterey,053,433212,0,0,0,0,0
2020-02-03,Napa,055,140530,0,0,0,0,0
2020-02-03,Nevada,057,99092,0,0,0,0,0
2020-02-03,Orange,059,3164182,1,1,0,1,0
2020-02-03,Placer,061,380077,0,0,0,0,0
2020-02-03,Plumas,063,18699,0,0,0,0,0
2020-02-03,Riverside,065,2383286,4,0,0,0,0
2020-02-03,Sacramento,067,1510023,0,0,0,0,0
2020-02-03,San Benito,069,59416,0,2,0,2,0
2020-02-03,San Bernardino,071,2135413,3,0,0,0,0
2020-02-03,San Diego,073,3302833,0,0,0,0,0
2020-02-03,San Francisco,075,870044,1,0,0,0,0
2020-02-03,San Joaquin,077,732212,0,0,1,1,0
2020-02-03,San Luis Obispo,079,281455,0,0,0,0,0
2020-02-03,San Mateo,081,765935,0,0,0,0,0
2020-02-03,Santa Barbara,083,443738,0,0,0,0,0
2020-02-03,Santa Clara,085,1922200,2,2,0,2,0
2020-02-03,Santa Cruz,087,273765,0,0,0,0,0
2020-02-03,Shasta,089,179085,0,0,0,0,0
2020-02-03,Sierra,091,2930,0,0,0,0,0
2020-02-03,Siskiyou,093,43540,0,0,0,0,0
2020-02-03,Solano,095,438530,0,0,0,0,0
2020-02-03,Sonoma,097,501317,0,0,0,0,0
2020-02-03,Stanislaus,099,539301,0,0,0,0,0
2020-02-03,Sutter,101,95872,0,0,0,0,0
2020-02-03,Tehama,103,63373,0,0,0,0,0
2020-02-03,Trinity,105,12862,0,0,0,0,0
2020-02-03,Tulare,107,460477,2,0,0,0,0
2020-02-03,Tuolumne,109,53932,0,0,0,0,0
2020-02-03,Ventura,111,848112,0,0,0,0,0
2020-02-03,Yolo,113,214977,1,0,0,0,0
2020-02-03,Yuba,115,75493,0,0,0,0,0
2020-02-02,Alameda,001,1643700,3,0,0,0,0
2020-02-02,Alpine,003,1148,0,0,0,0,0
2020-02-02,Amador,005,37829,0,0,0,0,0
2020-02-02,Butte,007,227075,0,0,0,0,0
2020-02-02,Calaveras,009,45235,0,0,0,0,0
2020-02-02,Colusa,011,21464,0,0,0,0,0
2020-02-02,Contra Costa,013,1133247,1,0,0,0,0
2020-02-02,Del Norte,015,27424,0,0,0,0,0
2020-02-02,El Dorado,017,186661,0,0,0,0,0
2020-02-02,Fresno,019,978130,0,0,0,0,0
2020-02-02,Glenn,021,27897,0,0,0,0,0
2020-02-02,Humboldt,023,135768,0,0,0,0,0
2020-02-02,Imperial,025,180216,1,0,0,0,0
2020-02-02,Inyo,027,18085,0,0,0,0,0
2020-02-02,Kern,029,883053,0,0,0,0,0
2020-02-02,Kings,031,150075,0,0,0,0,0
2020-02-02,Lake,033,64148,0,0,0,0,0
2020-02-02,Lassen,035,31185,0,0,0,0,0
2020-02-02,Los Angeles,037,10098052,13,1,0,1,0
2020-02-02,Madera,039,155013,0,0,0,0,0
2020-02-02,Marin,041,260295,0,0,0,0,0
2020-02-02,Mariposa,043,17540,0,0,0,0,0
2020-02-02,Mendocino,045,87422,0,0,0,0,0
2020-02-02,Merced,047,269075,0,0,0,0,0
2020-02-02,Modoc,049,8938,0,0,0,0,0
2020-02-02,Mono,051,14174,0,0,0,0,0
2020-02-02,Monterey,053,433212,0,0,0,0,0
2020-02-02,Napa,055,140530,0,0,0,0,0
2020-02-02,Nevada,057,99092,0,0,0,0,0
2020-02-02,Orange,059,3164182,1,1,0,1,0
2020-02-02,Placer,061,380077,0,0,0,0,0
2020-02-02,Plumas,063,18699,0,0,0,0,0
2020-02-02,Riverside,065,2383286,3,0,0,0,0
2020-02-02,Sacramento,067,1510023,0,0,0,0,0
2020-02-02,San Benito,069,59416,0,2,0,2,0
2020-02-02,San Bernardino,071,2135413,2,0,0,0,0
2020-02-02,San Diego,073,3302833,0,0,0,0,0
2020-02-02,San Francisco,075,870044,1,0,0,0,0
2020-02-02,San Joaquin,077,732212,0,0,1,1,0
2020-02-02,San Luis Obispo,079,281455,0,0,0,0,0
2020-02-02,San Mateo,081,765935,0,0,0,0,0
2020-02-02,Santa Barbara,083,443738,0,0,0,0,0
2020-02-02,Santa Clara,085,1922200,2,2,0,2,0
2020-02-02,Santa Cruz,087,273765,0,0,0,0,0
2020-02-02,Shasta,089,179085,0,0,0,0,0
2020-02-02,Sierra,091,2930,0,0,0,0,0
2020-02-02,Siskiyou,093,43540,0,0,0,0,0
2020-02-02,Solano,095,438530,0,0,0,0,0
2020-02-02,Sonoma,097,501317,0,0,0,0,0
2020-02-02,Stanislaus,099,539301,0,0,0,0,0
2020-02-02,Sutter,101,95872,0,0,0,0,0
2020-02-02,Tehama,103,63373,0,0,0,0,0
2020-02-02,Trinity,105,12862,0,0,0,0,0
2020-02-02,Tulare,107,460477,2,0,0,0,0
2020-02-02,Tuolumne,109,53932,0,0,0,0,0
2020-02-02,Ventura,111,848112,0,0,0,0,0
2020-02-02,Yolo,113,214977,1,0,0,0,0
2020-02-02,Yuba,115,75493,0,0,0,0,0
2020-02-01,Alameda,001,1643700,3,0,0,0,0
2020-02-01,Alpine,003,1148,0,0,0,0,0
2020-02-01,Amador,005,37829,0,0,0,0,0
2020-02-01,Butte,007,227075,0,0,0,0,0
2020-02-01,Calaveras,009,45235,0,0,0,0,0
2020-02-01,Colusa,011,21464,0,0,0,0,0
2020-02-01,Contra Costa,013,1133247,0,0,0,0,0
2020-02-01,Del Norte,015,27424,0,0,0,0,0
2020-02-01,El Dorado,017,186661,0,0,0,0,0
2020-02-01,Fresno,019,978130,0,0,0,0,0
2020-02-01,Glenn,021,27897,0,0,0,0,0
2020-02-01,Humboldt,023,135768,0,0,0,0,0
2020-02-01,Imperial,025,180216,0,0,0,0,0
2020-02-01,Inyo,027,18085,0,0,0,0,0
2020-02-01,Kern,029,883053,0,0,0,0,0
2020-02-01,Kings,031,150075,0,0,0,0,0
2020-02-01,Lake,033,64148,0,0,0,0,0
2020-02-01,Lassen,035,31185,0,0,0,0,0
2020-02-01,Los Angeles,037,10098052,12,1,0,1,0
2020-02-01,Madera,039,155013,0,0,0,0,0
2020-02-01,Marin,041,260295,0,0,0,0,0
2020-02-01,Mariposa,043,17540,0,0,0,0,0
2020-02-01,Mendocino,045,87422,0,0,0,0,0
2020-02-01,Merced,047,269075,0,0,0,0,0
2020-02-01,Modoc,049,8938,0,0,0,0,0
2020-02-01,Mono,051,14174,0,0,0,0,0
2020-02-01,Monterey,053,433212,0,0,0,0,0
2020-02-01,Napa,055,140530,0,0,0,0,0
2020-02-01,Nevada,057,99092,0,0,0,0,0
2020-02-01,Orange,059,3164182,1,1,0,1,0
2020-02-01,Placer,061,380077,0,0,0,0,0
2020-02-01,Plumas,063,18699,0,0,0,0,0
2020-02-01,Riverside,065,2383286,2,0,0,0,0
2020-02-01,Sacramento,067,1510023,0,0,0,0,0
2020-02-01,San Benito,069,59416,0,0,0,0,0
2020-02-01,San Bernardino,071,2135413,1,0,0,0,0
2020-02-01,San Diego,073,3302833,0,0,0,0,0
2020-02-01,San Francisco,075,870044,1,0,0,0,0
2020-02-01,San Joaquin,077,732212,0,0,1,1,0
2020-02-01,San Luis Obispo,079,281455,0,0,0,0,0
2020-02-01,San Mateo,081,765935,0,0,0,0,0
2020-02-01,Santa Barbara,083,443738,0,0,0,0,0
2020-02-01,Santa Clara,085,1922200,2,1,0,1,0
2020-02-01,Santa Cruz,087,273765,0,0,0,0,0
2020-02-01,Shasta,089,179085,0,0,0,0,0
2020-02-01,Sierra,091,2930,0,0,0,0,0
2020-02-01,Siskiyou,093,43540,0,0,0,0,0
2020-02-01,Solano,095,438530,0,0,0,0,0
2020-02-01,Sonoma,097,501317,0,0,0,0,0
2020-02-01,Stanislaus,099,539301,0,0,0,0,0
2020-02-01,Sutter,101,95872,0,0,0,0,0
2020-02-01,Tehama,103,63373,0,0,0,0,0
2020-02-01,Trinity,105,12862,0,0,0,0,0
2020-02-01,Tulare,107,460477,1,0,0,0,0
2020-02-01,Tuolumne,109,53932,0,0,0,0,0
2020-02-01,Ventura,111,848112,0,0,0,0,0
2020-02-01,Yolo,113,214977,0,0,0,0,0
2020-02-01,Yuba,115,75493,0,0,0,0,0
