date,county,fips,population,confirmed_cases,reported_cases,probable_cases,reported_and_probable_cases,reported_deaths
2021-09-29,Alameda,1,1643700,114989,114998,2813,117811,1339
2021-09-29,Alpine,3,1148,101,101,0,101,0
2021-09-29,Amador,5,37829,5057,5058,61,5119,61
2021-09-29,Butte,7,227075,18835,18835,3544,22379,242
2021-09-29,Calaveras,9,45235,3553,3553,49,3602,72
2021-09-29,Colusa,11,21464,2400,2401,565,2966,18
2021-09-29,Contra Costa,13,1133247,95211,95213,2048,97261,929
2021-09-29,Del Norte,15,27424,3467,3467,27,3494,39
2021-09-29,El Dorado,17,186661,14834,14834,1583,16417,136
2021-09-29,Fresno,19,978130,128068,128068,11285,139353,1957
2021-09-29,Glenn,21,27897,3213,3213,938,4151,26
2021-09-29,Humboldt,23,135768,8201,8203,442,8645,94
2021-09-29,Imperial,25,180216,31595,31600,3193,34793,757
2021-09-29,Inyo,27,18085,1740,1740,27,1767,39
2021-09-29,Kern,29,883053,117601,117605,19222,136827,1513
2021-09-29,Kings,31,150075,29192,29195,1828,31023,299
2021-09-29,Lake,33,64148,6164,6164,110,6274,97
2021-09-29,Lassen,35,31185,6347,6347,302,6649,25
2021-09-29,Los Angeles,37,10098052,1393388,1393617,54902,1448519,26098
2021-09-29,Madera,39,155013,20816,20818,1666,22484,266
2021-09-29,Marin,41,260295,16916,16921,413,17334,242
2021-09-29,Mariposa,43,17540,963,963,27,990,5
2021-09-29,Mendocino,45,87422,6821,6821,370,7191,78
2021-09-29,Merced,47,269075,39024,39026,1364,40390,552
2021-09-29,Modoc,49,8938,468,468,167,635,5
2021-09-29,Mono,51,14174,1527,1527,16,1543,3
2021-09-29,Monterey,53,433212,46917,46917,3243,50160,571
2021-09-29,Napa,55,140530,12415,12416,89,12505,96
2021-09-29,Nevada,57,99092,8429,8434,289,8723,87
2021-09-29,Orange,59,3164182,296935,296936,14238,311174,5429
2021-09-29,Placer,61,380077,34271,34271,3364,37635,379
2021-09-29,Plumas,63,18699,1289,1289,29,1318,6
2021-09-29,Riverside,65,2383286,346502,346558,16721,363279,4886
2021-09-29,Sacramento,67,1510023,149683,149686,4083,153769,2099
2021-09-29,San Benito,69,59416,7037,7039,156,7195,69
2021-09-29,San Bernardino,71,2135413,340629,340672,10740,351412,5539
2021-09-29,San Diego,73,3302833,355899,355899,0,355899,4066
2021-09-29,San Francisco,75,870044,50279,50286,2526,52812,629
2021-09-29,San Joaquin,77,732212,94349,94356,5171,99527,1645
2021-09-29,San Luis Obispo,79,281455,27789,27800,1160,28960,323
2021-09-29,San Mateo,81,765935,51667,51673,1339,53012,573
2021-09-29,Santa Barbara,83,443738,42328,42328,1624,43952,507
2021-09-29,Santa Clara,85,1922200,141023,141036,1155,142191,1861
2021-09-29,Santa Cruz,87,273765,19425,19425,1053,20478,214
2021-09-29,Shasta,89,179085,18805,18805,3254,22059,271
2021-09-29,Sierra,91,2930,130,130,15,145,0
2021-09-29,Siskiyou,93,43540,3043,3043,1151,4194,42
2021-09-29,Solano,95,438530,43712,43724,1140,44864,321
2021-09-29,Sonoma,97,501317,39417,39426,504,39930,370
2021-09-29,Stanislaus,99,539301,73615,73634,8189,81823,1096
2021-09-29,Sutter,101,95872,13130,13135,278,13413,155
2021-09-29,Tehama,103,63373,7408,7409,1290,8699,88
2021-09-29,Trinity,105,12862,616,616,173,789,10
2021-09-29,Tulare,107,460477,62046,62046,13665,75711,908
2021-09-29,Tuolumne,109,53932,6336,6336,70,6406,89
2021-09-29,Ventura,111,848112,94749,94753,4279,99032,1144
2021-09-29,Yolo,113,214977,18587,18587,1004,19591,239
2021-09-29,Yuba,115,75493,9349,9351,196,9547,66
2021-09-28,Alameda,1,1643700,114989,114869,2813,117682,1333
2021-09-28,Alpine,3,1148,101,101,0,101,0
2021-09-28,Amador,5,37829,5057,5049,61,5110,61
2021-09-28,Butte,7,227075,18835,18764,3544,22308,241
2021-09-28,Calaveras,9,45235,3553,3530,49,3579,72
2021-09-28,Colusa,11,21464,2400,2399,565,2964,18
2021-09-28,Contra Costa,13,1133247,95211,95115,2048,97163,929
2021-09-28,Del Norte,15,27424,3467,3462,27,3489,39
2021-09-28,El Dorado,17,186661,14834,14793,1583,16376,133
2021-09-28,Fresno,19,978130,128068,127877,11285,139162,1948
2021-09-28,Glenn,21,27897,3213,3205,938,4143,26
2021-09-28,Humboldt,23,135768,8201,8159,442,8601,91
2021-09-28,Imperial,25,180216,31595,31543,3193,34736,757
2021-09-28,Inyo,27,18085,1740,1708,27,1735,39
2021-09-28,Kern,29,883053,117601,117420,19222,136642,1506
2021-09-28,Kings,31,150075,29192,29141,1828,30969,295
2021-09-28,Lake,33,64148,6164,6155,110,6265,95
2021-09-28,Lassen,35,31185,6347,6340,302,6642,25
2021-09-28,Los Angeles,37,10098052,1393388,1392445,54902,1447347,26068
2021-09-28,Madera,39,155013,20816,20764,1666,22430,266
2021-09-28,Marin,41,260295,16916,16887,413,17300,242
2021-09-28,Mariposa,43,17540,963,952,27,979,5
2021-09-28,Mendocino,45,87422,6821,6804,370,7174,78
2021-09-28,Merced,47,269075,39024,38953,1364,40317,551
2021-09-28,Modoc,49,8938,468,467,167,634,5
2021-09-28,Mono,51,14174,1527,1527,16,1543,3
2021-09-28,Monterey,53,433212,46917,46859,3243,50102,571
2021-09-28,Napa,55,140530,12415,12388,89,12477,96
2021-09-28,Nevada,57,99092,8429,8409,289,8698,84
2021-09-28,Orange,59,3164182,296935,296596,14238,310834,5421
2021-09-28,Placer,61,380077,34271,34187,3364,37551,370
2021-09-28,Plumas,63,18699,1289,1276,29,1305,6
2021-09-28,Riverside,65,2383286,346502,346096,16721,362817,4874
2021-09-28,Sacramento,67,1510023,149683,149310,4083,153393,2086
2021-09-28,San Benito,69,59416,7037,7028,156,7184,69
2021-09-28,San Bernardino,71,2135413,340629,340342,10740,351082,5540
2021-09-28,San Diego,73,3302833,355899,355373,0,355373,4054
2021-09-28,San Francisco,75,870044,50279,50234,2526,52760,627
2021-09-28,San Joaquin,77,732212,94349,94194,5171,99365,1639
2021-09-28,San Luis Obispo,79,281455,27789,27755,1160,28915,321
2021-09-28,San Mateo,81,765935,51667,51620,1339,52959,571
2021-09-28,Santa Barbara,83,443738,42328,42226,1624,43850,506
2021-09-28,Santa Clara,85,1922200,141023,140886,1155,142041,1858
2021-09-28,Santa Cruz,87,273765,19425,19324,1053,20377,214
2021-09-28,Shasta,89,179085,18805,18701,3254,21955,267
2021-09-28,Sierra,91,2930,130,130,15,145,0
2021-09-28,Siskiyou,93,43540,3043,3032,1151,4183,42
2021-09-28,Solano,95,438530,43712,43652,1140,44792,316
2021-09-28,Sonoma,97,501317,39417,39395,504,39899,370
2021-09-28,Stanislaus,99,539301,73615,73528,8189,81717,1094
2021-09-28,Sutter,101,95872,13130,13102,278,13380,155
2021-09-28,Tehama,103,63373,7408,7382,1290,8672,88
2021-09-28,Trinity,105,12862,616,613,173,786,10
2021-09-28,Tulare,107,460477,62046,61916,13665,75581,905
2021-09-28,Tuolumne,109,53932,6336,6308,70,6378,89
2021-09-28,Ventura,111,848112,94749,94632,4279,98911,1143
2021-09-28,Yolo,113,214977,18587,18564,1004,19568,239
2021-09-28,Yuba,115,75493,9349,9323,196,9519,66
2021-09-27,Alameda,1,1643700,114976,114731,2813,117544,1327
2021-09-27,Alpine,3,1148,101,101,0,101,0
2021-09-27,Amador,5,37829,5055,5017,61,5078,59
2021-09-27,Butte,7,227075,18826,18687,3544,22231,239
2021-09-27,Calaveras,9,45235,3549,3514,49,3563,70
2021-09-27,Colusa,11,21464,2398,2393,561,2954,18
2021-09-27,Contra Costa,13,1133247,95200,94979,2048,97027,924
2021-09-27,Del Norte,15,27424,3466,3468,27,3495,37
2021-09-27,El Dorado,17,186661,14828,14764,1579,16343,132
2021-09-27,Fresno,19,978130,128048,127475,11284,138759,1942
2021-09-27,Glenn,21,27897,3213,3189,933,4122,26
2021-09-27,Humboldt,23,135768,8199,8118,440,8558,91
2021-09-27,Imperial,25,180216,31565,31491,3193,34684,756
2021-09-27,Inyo,27,18085,1731,1698,27,1725,39
2021-09-27,Kern,29,883053,117587,117064,19219,136283,1503
2021-09-27,Kings,31,150075,29171,28998,1818,30816,297
2021-09-27,Lake,33,64148,6159,6126,110,6236,95
2021-09-27,Lassen,35,31185,6345,6327,302,6629,25
2021-09-27,Los Angeles,37,10098052,1393346,1391538,54890,1446428,26040
2021-09-27,Madera,39,155013,20814,20691,1666,22357,262
2021-09-27,Marin,41,260295,16913,16861,411,17272,242
2021-09-27,Mariposa,43,17540,963,931,27,958,5
2021-09-27,Mendocino,45,87422,6816,6761,369,7130,74
2021-09-27,Merced,47,269075,39024,38840,1364,40204,548
2021-09-27,Modoc,49,8938,468,465,165,630,5
2021-09-27,Mono,51,14174,1527,1525,16,1541,3
2021-09-27,Monterey,53,433212,46902,46811,3242,50053,571
2021-09-27,Napa,55,140530,12414,12354,89,12443,95
2021-09-27,Nevada,57,99092,8429,8379,289,8668,84
2021-09-27,Orange,59,3164182,296894,296334,14238,310572,5409
2021-09-27,Placer,61,380077,34261,34087,3364,37451,370
2021-09-27,Plumas,63,18699,1287,1269,29,1298,6
2021-09-27,Riverside,65,2383286,346467,345529,16715,362244,4864
2021-09-27,Sacramento,67,1510023,149659,149096,4083,153179,2076
2021-09-27,San Benito,69,59416,7033,7017,155,7172,67
2021-09-27,San Bernardino,71,2135413,340610,339952,10736,350688,5544
2021-09-27,San Diego,73,3302833,355848,354755,0,354755,4054
2021-09-27,San Francisco,75,870044,50274,50157,2526,52683,622
2021-09-27,San Joaquin,77,732212,94320,94085,5167,99252,1633
2021-09-27,San Luis Obispo,79,281455,27783,27674,1159,28833,320
2021-09-27,San Mateo,81,765935,51665,51552,1339,52891,571
2021-09-27,Santa Barbara,83,443738,42324,42012,1623,43635,505
2021-09-27,Santa Clara,85,1922200,141012,140802,1155,141957,1853
2021-09-27,Santa Cruz,87,273765,19418,19292,1053,20345,214
2021-09-27,Shasta,89,179085,18798,18599,3235,21834,267
2021-09-27,Sierra,91,2930,130,128,15,143,0
2021-09-27,Siskiyou,93,43540,3042,3015,1147,4162,42
2021-09-27,Solano,95,438530,43709,43582,1140,44722,314
2021-09-27,Sonoma,97,501317,39416,39347,504,39851,370
2021-09-27,Stanislaus,99,539301,73599,73370,8180,81550,1091
2021-09-27,Sutter,101,95872,13120,13082,278,13360,155
2021-09-27,Tehama,103,63373,7406,7345,1285,8630,88
2021-09-27,Trinity,105,12862,616,605,173,778,9
2021-09-27,Tulare,107,460477,62021,61708,13663,75371,904
2021-09-27,Tuolumne,109,53932,6325,6264,70,6334,89
2021-09-27,Ventura,111,848112,94735,94477,4279,98756,1138
2021-09-27,Yolo,113,214977,18584,18524,1004,19528,239
2021-09-27,Yuba,115,75493,9335,9292,194,9486,64
2021-09-26,Alameda,1,1643700,114896,114601,2800,117401,1326
2021-09-26,Alpine,3,1148,101,101,0,101,0
2021-09-26,Amador,5,37829,5053,5001,56,5057,59
2021-09-26,Butte,7,227075,18782,18634,3528,22162,238
2021-09-26,Calaveras,9,45235,3548,3505,43,3548,70
2021-09-26,Colusa,11,21464,2397,2392,559,2951,18
2021-09-26,Contra Costa,13,1133247,95130,94877,2048,96925,924
2021-09-26,Del Norte,15,27424,3463,3466,27,3493,37
2021-09-26,El Dorado,17,186661,14808,14738,1575,16313,132
2021-09-26,Fresno,19,978130,127954,127235,11274,138509,1939
2021-09-26,Glenn,21,27897,3207,3182,931,4113,26
2021-09-26,Humboldt,23,135768,8185,8098,436,8534,91
2021-09-26,Imperial,25,180216,31516,31462,3191,34653,756
2021-09-26,Inyo,27,18085,1709,1685,27,1712,39
2021-09-26,Kern,29,883053,117518,116927,19208,136135,1502
2021-09-26,Kings,31,150075,29145,28930,1805,30735,293
2021-09-26,Lake,33,64148,6155,6113,109,6222,95
2021-09-26,Lassen,35,31185,6343,6319,296,6615,25
2021-09-26,Los Angeles,37,10098052,1392669,1390577,54833,1445410,26035
2021-09-26,Madera,39,155013,20783,20629,1658,22287,262
2021-09-26,Marin,41,260295,16888,16860,411,17271,242
2021-09-26,Mariposa,43,17540,960,929,26,955,5
2021-09-26,Mendocino,45,87422,6806,6744,355,7099,74
2021-09-26,Merced,47,269075,38967,38717,1360,40077,548
2021-09-26,Modoc,49,8938,468,465,165,630,5
2021-09-26,Mono,51,14174,1527,1516,16,1532,3
2021-09-26,Monterey,53,433212,46879,46792,3232,50024,571
2021-09-26,Napa,55,140530,12400,12340,88,12428,95
2021-09-26,Nevada,57,99092,8418,8356,289,8645,84
2021-09-26,Orange,59,3164182,296717,296085,14217,310302,5409
2021-09-26,Placer,61,380077,34211,34043,3348,37391,370
2021-09-26,Plumas,63,18699,1273,1268,29,1297,6
2021-09-26,Riverside,65,2383286,346249,345257,16696,361953,4864
2021-09-26,Sacramento,67,1510023,149481,148745,4032,152777,2071
2021-09-26,San Benito,69,59416,7029,7012,154,7166,67
2021-09-26,San Bernardino,71,2135413,340367,339771,10725,350496,5545
2021-09-26,San Diego,73,3302833,355536,354414,0,354414,4051
2021-09-26,San Francisco,75,870044,50234,50092,2520,52612,622
2021-09-26,San Joaquin,77,732212,94193,93935,5149,99084,1633
2021-09-26,San Luis Obispo,79,281455,27758,27624,1153,28777,319
2021-09-26,San Mateo,81,765935,51622,51496,1339,52835,571
2021-09-26,Santa Barbara,83,443738,42269,41946,1619,43565,505
2021-09-26,Santa Clara,85,1922200,140907,140667,1154,141821,1852
2021-09-26,Santa Cruz,87,273765,19409,19279,1051,20330,214
2021-09-26,Shasta,89,179085,18744,18566,3220,21786,266
2021-09-26,Sierra,91,2930,129,128,15,143,0
2021-09-26,Siskiyou,93,43540,3037,2998,1142,4140,42
2021-09-26,Solano,95,438530,43665,43537,1140,44677,314
2021-09-26,Sonoma,97,501317,39396,39302,504,39806,370
2021-09-26,Stanislaus,99,539301,73548,73243,8157,81400,1091
2021-09-26,Sutter,101,95872,13100,13045,275,13320,155
2021-09-26,Tehama,103,63373,7395,7323,1280,8603,88
2021-09-26,Trinity,105,12862,616,591,173,764,9
2021-09-26,Tulare,107,460477,61937,61560,13567,75127,904
2021-09-26,Tuolumne,109,53932,6317,6236,64,6300,89
2021-09-26,Ventura,111,848112,94647,94391,4275,98666,1138
2021-09-26,Yolo,113,214977,18573,18496,998,19494,239
2021-09-26,Yuba,115,75493,9319,9275,193,9468,64
2021-09-25,Alameda,1,1643700,114854,114014,2798,116812,1324
2021-09-25,Alpine,3,1148,101,101,0,101,0
2021-09-25,Amador,5,37829,5052,4934,55,4989,59
2021-09-25,Butte,7,227075,18765,18396,3522,21918,236
2021-09-25,Calaveras,9,45235,3547,3461,43,3504,70
2021-09-25,Colusa,11,21464,2395,2387,558,2945,16
2021-09-25,Contra Costa,13,1133247,95071,94337,2046,96383,924
2021-09-25,Del Norte,15,27424,3463,3404,27,3431,35
2021-09-25,El Dorado,17,186661,14797,14641,1573,16214,130
2021-09-25,Fresno,19,978130,127877,126299,11257,137556,1927
2021-09-25,Glenn,21,27897,3206,3144,929,4073,25
2021-09-25,Humboldt,23,135768,8165,8014,435,8449,88
2021-09-25,Imperial,25,180216,31500,31280,3191,34471,755
2021-09-25,Inyo,27,18085,1707,1657,27,1684,39
2021-09-25,Kern,29,883053,117440,116021,19194,135215,1485
2021-09-25,Kings,31,150075,29119,28636,1804,30440,293
2021-09-25,Lake,33,64148,6154,6046,108,6154,92
2021-09-25,Lassen,35,31185,6341,6248,296,6544,25
2021-09-25,Los Angeles,37,10098052,1392221,1386417,54796,1441213,25964
2021-09-25,Madera,39,155013,20777,20432,1653,22085,262
2021-09-25,Marin,41,260295,16885,16802,411,17213,242
2021-09-25,Mariposa,43,17540,959,906,26,932,5
2021-09-25,Mendocino,45,87422,6796,6657,354,7011,74
2021-09-25,Merced,47,269075,38938,38393,1360,39753,546
2021-09-25,Modoc,49,8938,468,460,165,625,5
2021-09-25,Mono,51,14174,1527,1501,16,1517,3
2021-09-25,Monterey,53,433212,46868,46653,3231,49884,567
2021-09-25,Napa,55,140530,12394,12266,87,12353,95
2021-09-25,Nevada,57,99092,8412,8285,289,8574,84
2021-09-25,Orange,59,3164182,296581,294514,14205,308719,5374
2021-09-25,Placer,61,380077,34165,33764,3344,37108,367
2021-09-25,Plumas,63,18699,1272,1238,29,1267,6
2021-09-25,Riverside,65,2383286,346034,343463,16688,360151,4843
2021-09-25,Sacramento,67,1510023,149338,147728,4024,151752,2049
2021-09-25,San Benito,69,59416,7026,6965,154,7119,67
2021-09-25,San Bernardino,71,2135413,340251,338413,10711,349124,5540
2021-09-25,San Diego,73,3302833,355343,352017,0,352017,4039
2021-09-25,San Francisco,75,870044,50203,49840,2518,52358,615
2021-09-25,San Joaquin,77,732212,94164,93273,5146,98419,1628
2021-09-25,San Luis Obispo,79,281455,27751,27447,1150,28597,318
2021-09-25,San Mateo,81,765935,51597,51266,1336,52602,568
2021-09-25,Santa Barbara,83,443738,42229,41728,1619,43347,505
2021-09-25,Santa Clara,85,1922200,140851,140023,1154,141177,1844
2021-09-25,Santa Cruz,87,273765,19402,19200,1050,20250,214
2021-09-25,Shasta,89,179085,18731,18256,3213,21469,262
2021-09-25,Sierra,91,2930,129,127,15,142,0
2021-09-25,Siskiyou,93,43540,3035,2956,1141,4097,41
2021-09-25,Solano,95,438530,43648,43331,1138,44469,312
2021-09-25,Sonoma,97,501317,39377,39112,503,39615,369
2021-09-25,Stanislaus,99,539301,73501,72628,8149,80777,1091
2021-09-25,Sutter,101,95872,13089,12976,271,13247,154
2021-09-25,Tehama,103,63373,7389,7200,1277,8477,86
2021-09-25,Trinity,105,12862,616,576,173,749,9
2021-09-25,Tulare,107,460477,61912,60909,13532,74441,898
2021-09-25,Tuolumne,109,53932,6308,6168,64,6232,89
2021-09-25,Ventura,111,848112,94602,94059,4273,98332,1129
2021-09-25,Yolo,113,214977,18562,18393,998,19391,239
2021-09-25,Yuba,115,75493,9308,9191,193,9384,61
2021-09-24,Alameda,1,1643700,114772,114014,2797,116811,1324
2021-09-24,Alpine,3,1148,101,101,0,101,0
2021-09-24,Amador,5,37829,5038,4934,55,4989,59
2021-09-24,Butte,7,227075,18730,18396,3515,21911,236
2021-09-24,Calaveras,9,45235,3537,3461,42,3503,70
2021-09-24,Colusa,11,21464,2394,2387,558,2945,16
2021-09-24,Contra Costa,13,1133247,95007,94337,2040,96377,924
2021-09-24,Del Norte,15,27424,3460,3404,27,3431,35
2021-09-24,El Dorado,17,186661,14787,14641,1572,16213,130
2021-09-24,Fresno,19,978130,127713,126299,11245,137544,1927
2021-09-24,Glenn,21,27897,3199,3144,929,4073,25
2021-09-24,Humboldt,23,135768,8158,8014,433,8447,88
2021-09-24,Imperial,25,180216,31482,31280,3189,34469,755
2021-09-24,Inyo,27,18085,1706,1657,27,1684,39
2021-09-24,Kern,29,883053,117348,116021,19182,135203,1485
2021-09-24,Kings,31,150075,29091,28636,1802,30438,293
2021-09-24,Lake,33,64148,6152,6046,108,6154,92
2021-09-24,Lassen,35,31185,6335,6248,295,6543,25
2021-09-24,Los Angeles,37,10098052,1391516,1386417,54749,1441166,25964
2021-09-24,Madera,39,155013,20764,20432,1644,22076,262
2021-09-24,Marin,41,260295,16881,16802,410,17212,242
2021-09-24,Mariposa,43,17540,950,906,26,932,5
2021-09-24,Mendocino,45,87422,6785,6657,354,7011,74
2021-09-24,Merced,47,269075,38916,38393,1360,39753,546
2021-09-24,Modoc,49,8938,468,460,164,624,5
2021-09-24,Mono,51,14174,1526,1501,16,1517,3
2021-09-24,Monterey,53,433212,46856,46653,3223,49876,567
2021-09-24,Napa,55,140530,12375,12266,87,12353,95
2021-09-24,Nevada,57,99092,8404,8285,289,8574,84
2021-09-24,Orange,59,3164182,296404,294514,14194,308708,5374
2021-09-24,Placer,61,380077,34138,33764,3336,37100,367
2021-09-24,Plumas,63,18699,1270,1238,29,1267,6
2021-09-24,Riverside,65,2383286,345757,343463,16677,360140,4843
2021-09-24,Sacramento,67,1510023,149155,147728,4019,151747,2049
2021-09-24,San Benito,69,59416,7021,6965,154,7119,67
2021-09-24,San Bernardino,71,2135413,340092,338413,10703,349116,5540
2021-09-24,San Diego,73,3302833,355130,352017,0,352017,4039
2021-09-24,San Francisco,75,870044,50171,49840,2510,52350,615
2021-09-24,San Joaquin,77,732212,94085,93273,5144,98417,1628
2021-09-24,San Luis Obispo,79,281455,27741,27447,1144,28591,318
2021-09-24,San Mateo,81,765935,51569,51266,1333,52599,568
2021-09-24,Santa Barbara,83,443738,42205,41728,1619,43347,505
2021-09-24,Santa Clara,85,1922200,140776,140023,1153,141176,1844
2021-09-24,Santa Cruz,87,273765,19384,19200,1050,20250,214
2021-09-24,Shasta,89,179085,18717,18256,3202,21458,262
2021-09-24,Sierra,91,2930,129,127,15,142,0
2021-09-24,Siskiyou,93,43540,3033,2956,1138,4094,41
2021-09-24,Solano,95,438530,43621,43331,1135,44466,312
2021-09-24,Sonoma,97,501317,39366,39112,503,39615,369
2021-09-24,Stanislaus,99,539301,73418,72628,8132,80760,1091
2021-09-24,Sutter,101,95872,13076,12976,271,13247,154
2021-09-24,Tehama,103,63373,7376,7200,1274,8474,86
2021-09-24,Trinity,105,12862,615,576,172,748,9
2021-09-24,Tulare,107,460477,61878,60909,13497,74406,898
2021-09-24,Tuolumne,109,53932,6295,6168,64,6232,89
2021-09-24,Ventura,111,848112,94534,94059,4265,98324,1129
2021-09-24,Yolo,113,214977,18542,18393,997,19390,239
2021-09-24,Yuba,115,75493,9293,9191,193,9384,61
2021-09-23,Alameda,1,1643700,114623,114014,2791,116805,1324
2021-09-23,Alpine,3,1148,101,101,0,101,0
2021-09-23,Amador,5,37829,5032,4934,54,4988,59
2021-09-23,Butte,7,227075,18668,18396,3490,21886,236
2021-09-23,Calaveras,9,45235,3516,3461,42,3503,70
2021-09-23,Colusa,11,21464,2393,2387,558,2945,16
2021-09-23,Contra Costa,13,1133247,94866,94337,2031,96368,924
2021-09-23,Del Norte,15,27424,3453,3404,26,3430,35
2021-09-23,El Dorado,17,186661,14756,14641,1569,16210,130
2021-09-23,Fresno,19,978130,127445,126299,11227,137526,1927
2021-09-23,Glenn,21,27897,3188,3144,927,4071,25
2021-09-23,Humboldt,23,135768,8140,8014,433,8447,88
2021-09-23,Imperial,25,180216,31458,31280,3189,34469,755
2021-09-23,Inyo,27,18085,1697,1657,27,1684,39
2021-09-23,Kern,29,883053,117139,116021,19144,135165,1485
2021-09-23,Kings,31,150075,29014,28636,1794,30430,293
2021-09-23,Lake,33,64148,6148,6046,107,6153,92
2021-09-23,Lassen,35,31185,6328,6248,292,6540,25
2021-09-23,Los Angeles,37,10098052,1390528,1386417,54703,1441120,25964
2021-09-23,Madera,39,155013,20685,20432,1640,22072,262
2021-09-23,Marin,41,260295,16865,16802,410,17212,242
2021-09-23,Mariposa,43,17540,941,906,26,932,5
2021-09-23,Mendocino,45,87422,6773,6657,351,7008,74
2021-09-23,Merced,47,269075,38823,38393,1352,39745,546
2021-09-23,Modoc,49,8938,467,460,164,624,5
2021-09-23,Mono,51,14174,1524,1501,16,1517,3
2021-09-23,Monterey,53,433212,46823,46653,3204,49857,567
2021-09-23,Napa,55,140530,12358,12266,86,12352,95
2021-09-23,Nevada,57,99092,8382,8285,289,8574,84
2021-09-23,Orange,59,3164182,296142,294514,14178,308692,5374
2021-09-23,Placer,61,380077,34064,33764,3327,37091,367
2021-09-23,Plumas,63,18699,1253,1238,29,1267,6
2021-09-23,Riverside,65,2383286,345332,343463,16670,360133,4843
2021-09-23,Sacramento,67,1510023,148778,147728,3990,151718,2049
2021-09-23,San Benito,69,59416,7010,6965,154,7119,67
2021-09-23,San Bernardino,71,2135413,339831,338413,10689,349102,5540
2021-09-23,San Diego,73,3302833,354815,352017,0,352017,4039
2021-09-23,San Francisco,75,870044,50112,49840,2507,52347,615
2021-09-23,San Joaquin,77,732212,93944,93273,5134,98407,1628
2021-09-23,San Luis Obispo,79,281455,27701,27447,1142,28589,318
2021-09-23,San Mateo,81,765935,51519,51266,1325,52591,568
2021-09-23,Santa Barbara,83,443738,42150,41728,1616,43344,505
2021-09-23,Santa Clara,85,1922200,140659,140023,1151,141174,1844
2021-09-23,Santa Cruz,87,273765,19357,19200,1049,20249,214
2021-09-23,Shasta,89,179085,18647,18256,3188,21444,262
2021-09-23,Sierra,91,2930,129,127,15,142,0
2021-09-23,Siskiyou,93,43540,3031,2956,1135,4091,41
2021-09-23,Solano,95,438530,43565,43331,1130,44461,312
2021-09-23,Sonoma,97,501317,39307,39112,500,39612,369
2021-09-23,Stanislaus,99,539301,73285,72628,8113,80741,1091
2021-09-23,Sutter,101,95872,13059,12976,270,13246,154
2021-09-23,Tehama,103,63373,7347,7200,1268,8468,86
2021-09-23,Trinity,105,12862,607,576,172,748,9
2021-09-23,Tulare,107,460477,61728,60909,13449,74358,898
2021-09-23,Tuolumne,109,53932,6279,6168,64,6232,89
2021-09-23,Ventura,111,848112,94437,94059,4256,98315,1129
2021-09-23,Yolo,113,214977,18511,18393,991,19384,239
2021-09-23,Yuba,115,75493,9271,9191,190,9381,61
2021-09-22,Alameda,1,1643700,114492,113862,2787,116649,1322
2021-09-22,Alpine,3,1148,101,100,0,100,0
2021-09-22,Amador,5,37829,5017,4915,54,4969,59
2021-09-22,Butte,7,227075,18610,18337,3479,21816,235
2021-09-22,Calaveras,9,45235,3502,3448,42,3490,70
2021-09-22,Colusa,11,21464,2390,2384,558,2942,16
2021-09-22,Contra Costa,13,1133247,94697,94209,2021,96230,924
2021-09-22,Del Norte,15,27424,3441,3386,26,3412,35
2021-09-22,El Dorado,17,186661,14728,14605,1566,16171,127
2021-09-22,Fresno,19,978130,127193,126006,11210,137216,1908
2021-09-22,Glenn,21,27897,3181,3138,925,4063,25
2021-09-22,Humboldt,23,135768,8111,7998,430,8428,80
2021-09-22,Imperial,25,180216,31402,31243,3184,34427,755
2021-09-22,Inyo,27,18085,1689,1651,27,1678,39
2021-09-22,Kern,29,883053,116932,115757,19041,134798,1477
2021-09-22,Kings,31,150075,28945,28589,1789,30378,292
2021-09-22,Lake,33,64148,6132,6035,107,6142,93
2021-09-22,Lassen,35,31185,6311,6209,287,6496,25
2021-09-22,Los Angeles,37,10098052,1389493,1384719,54648,1439367,25930
2021-09-22,Madera,39,155013,20626,20382,1632,22014,262
2021-09-22,Marin,41,260295,16856,16782,406,17188,242
2021-09-22,Mariposa,43,17540,935,901,26,927,5
2021-09-22,Mendocino,45,87422,6755,6624,346,6970,70
2021-09-22,Merced,47,269075,38700,38305,1350,39655,541
2021-09-22,Modoc,49,8938,465,458,164,622,5
2021-09-22,Mono,51,14174,1515,1496,15,1511,3
2021-09-22,Monterey,53,433212,46783,46615,3194,49809,566
2021-09-22,Napa,55,140530,12336,12248,85,12333,95
2021-09-22,Nevada,57,99092,8365,8273,289,8562,84
2021-09-22,Orange,59,3164182,295915,294214,14166,308380,5366
2021-09-22,Placer,61,380077,33989,33661,3317,36978,367
2021-09-22,Plumas,63,18699,1241,1230,29,1259,6
2021-09-22,Riverside,65,2383286,344816,342946,16645,359591,4830
2021-09-22,Sacramento,67,1510023,148413,147533,3951,151484,2043
2021-09-22,San Benito,69,59416,7001,6961,152,7113,67
2021-09-22,San Bernardino,71,2135413,339512,337938,10677,348615,5528
2021-09-22,San Diego,73,3302833,354400,351132,0,351132,4027
2021-09-22,San Francisco,75,870044,50039,49734,2502,52236,610
2021-09-22,San Joaquin,77,732212,93745,93010,5105,98115,1626
2021-09-22,San Luis Obispo,79,281455,27663,27398,1138,28536,315
2021-09-22,San Mateo,81,765935,51465,51197,1317,52514,568
2021-09-22,Santa Barbara,83,443738,42104,41678,1615,43293,504
2021-09-22,Santa Clara,85,1922200,140519,139803,1147,140950,1844
2021-09-22,Santa Cruz,87,273765,19324,19177,1049,20226,214
2021-09-22,Shasta,89,179085,18567,18153,3179,21332,260
2021-09-22,Sierra,91,2930,129,127,15,142,0
2021-09-22,Siskiyou,93,43540,3016,2947,1126,4073,41
2021-09-22,Solano,95,438530,43515,43269,1129,44398,312
2021-09-22,Sonoma,97,501317,39267,39063,499,39562,369
2021-09-22,Stanislaus,99,539301,73139,72355,8100,80455,1091
2021-09-22,Sutter,101,95872,13044,12960,267,13227,153
2021-09-22,Tehama,103,63373,7317,7173,1260,8433,86
2021-09-22,Trinity,105,12862,606,572,172,744,9
2021-09-22,Tulare,107,460477,61548,60776,13380,74156,896
2021-09-22,Tuolumne,109,53932,6263,6155,64,6219,89
2021-09-22,Ventura,111,848112,94336,93978,4247,98225,1122
2021-09-22,Yolo,113,214977,18472,18342,984,19326,239
2021-09-22,Yuba,115,75493,9248,9169,185,9354,61
2021-09-21,Alameda,1,1643700,114364,113765,2787,116552,1321
2021-09-21,Alpine,3,1148,101,100,0,100,0
2021-09-21,Amador,5,37829,4999,4897,54,4951,59
2021-09-21,Butte,7,227075,18526,18229,3434,21663,232
2021-09-21,Calaveras,9,45235,3485,3437,42,3479,70
2021-09-21,Colusa,11,21464,2387,2378,557,2935,16
2021-09-21,Contra Costa,13,1133247,94549,94101,2005,96106,924
2021-09-21,Del Norte,15,27424,3432,3378,26,3404,34
2021-09-21,El Dorado,17,186661,14706,14578,1563,16141,127
2021-09-21,Fresno,19,978130,126843,125789,11198,136987,1892
2021-09-21,Glenn,21,27897,3174,3134,917,4051,25
2021-09-21,Humboldt,23,135768,8090,7955,426,8381,80
2021-09-21,Imperial,25,180216,31349,31185,3183,34368,755
2021-09-21,Inyo,27,18085,1684,1646,27,1673,39
2021-09-21,Kern,29,883053,116665,115534,18923,134457,1467
2021-09-21,Kings,31,150075,28878,28545,1780,30325,291
2021-09-21,Lake,33,64148,6108,6013,107,6120,90
2021-09-21,Lassen,35,31185,6292,6159,284,6443,25
2021-09-21,Los Angeles,37,10098052,1388307,1383277,54581,1437858,25893
2021-09-21,Madera,39,155013,20573,20317,1620,21937,262
2021-09-21,Marin,41,260295,16842,16748,406,17154,242
2021-09-21,Mariposa,43,17540,934,894,25,919,5
2021-09-21,Mendocino,45,87422,6736,6580,334,6914,68
2021-09-21,Merced,47,269075,38584,38225,1349,39574,539
2021-09-21,Modoc,49,8938,462,458,164,622,5
2021-09-21,Mono,51,14174,1513,1495,13,1508,3
2021-09-21,Monterey,53,433212,46722,46583,3176,49759,565
2021-09-21,Napa,55,140530,12322,12238,85,12323,95
2021-09-21,Nevada,57,99092,8349,8259,286,8545,84
2021-09-21,Orange,59,3164182,295650,293898,14149,308047,5357
2021-09-21,Placer,61,380077,33896,33609,3308,36917,365
2021-09-21,Plumas,63,18699,1238,1225,28,1253,5
2021-09-21,Riverside,65,2383286,344303,342460,16619,359079,4817
2021-09-21,Sacramento,67,1510023,148005,147378,3908,151286,2027
2021-09-21,San Benito,69,59416,6989,6950,151,7101,67
2021-09-21,San Bernardino,71,2135413,339123,337387,10655,348042,5520
2021-09-21,San Diego,73,3302833,353869,350265,0,350265,4021
2021-09-21,San Francisco,75,870044,49957,49653,2495,52148,609
2021-09-21,San Joaquin,77,732212,93532,92762,5092,97854,1621
2021-09-21,San Luis Obispo,79,281455,27613,27318,1135,28453,314
2021-09-21,San Mateo,81,765935,51410,51136,1307,52443,568
2021-09-21,Santa Barbara,83,443738,42035,41644,1612,43256,503
2021-09-21,Santa Clara,85,1922200,140324,139657,1143,140800,1843
2021-09-21,Santa Cruz,87,273765,19297,19140,1048,20188,212
2021-09-21,Shasta,89,179085,18463,18027,3153,21180,258
2021-09-21,Sierra,91,2930,128,127,15,142,0
2021-09-21,Siskiyou,93,43540,3006,2927,1111,4038,36
2021-09-21,Solano,95,438530,43459,43220,1129,44349,311
2021-09-21,Sonoma,97,501317,39229,39042,499,39541,369
2021-09-21,Stanislaus,99,539301,72979,72211,8083,80294,1091
2021-09-21,Sutter,101,95872,13022,12930,264,13194,153
2021-09-21,Tehama,103,63373,7277,7151,1256,8407,85
2021-09-21,Trinity,105,12862,598,572,171,743,9
2021-09-21,Tulare,107,460477,61360,60607,13332,73939,896
2021-09-21,Tuolumne,109,53932,6240,6139,64,6203,89
2021-09-21,Ventura,111,848112,94226,93818,4240,98058,1120
2021-09-21,Yolo,113,214977,18443,18313,981,19294,239
2021-09-21,Yuba,115,75493,9224,9135,184,9319,61
2021-09-20,Alameda,1,1643700,114213,113637,2785,116422,1320
2021-09-20,Alpine,3,1148,101,100,0,100,0
2021-09-20,Amador,5,37829,4984,4883,54,4937,59
2021-09-20,Butte,7,227075,18456,18135,3411,21546,231
2021-09-20,Calaveras,9,45235,3467,3395,41,3436,66
2021-09-20,Colusa,11,21464,2385,2376,555,2931,16
2021-09-20,Contra Costa,13,1133247,94425,93919,2000,95919,924
2021-09-20,Del Norte,15,27424,3424,3374,25,3399,34
2021-09-20,El Dorado,17,186661,14680,14545,1560,16105,127
2021-09-20,Fresno,19,978130,126453,125287,11177,136464,1889
2021-09-20,Glenn,21,27897,3163,3112,914,4026,25
2021-09-20,Humboldt,23,135768,8064,7938,421,8359,80
2021-09-20,Imperial,25,180216,31272,31146,3179,34325,755
2021-09-20,Inyo,27,18085,1678,1641,26,1667,39
2021-09-20,Kern,29,883053,116375,115271,18801,134072,1459
2021-09-20,Kings,31,150075,28814,28471,1775,30246,285
2021-09-20,Lake,33,64148,6093,5984,106,6090,87
2021-09-20,Lassen,35,31185,6264,6132,283,6415,25
2021-09-20,Los Angeles,37,10098052,1387056,1382206,54499,1436705,25858
2021-09-20,Madera,39,155013,20516,20203,1613,21816,257
2021-09-20,Marin,41,260295,16822,16732,403,17135,242
2021-09-20,Mariposa,43,17540,923,887,25,912,5
2021-09-20,Mendocino,45,87422,6710,6568,327,6895,67
2021-09-20,Merced,47,269075,38476,38144,1341,39485,536
2021-09-20,Modoc,49,8938,461,457,162,619,5
2021-09-20,Mono,51,14174,1504,1480,13,1493,3
2021-09-20,Monterey,53,433212,46693,46506,3154,49660,565
2021-09-20,Napa,55,140530,12300,12209,85,12294,95
2021-09-20,Nevada,57,99092,8329,8228,284,8512,84
2021-09-20,Orange,59,3164182,295347,293642,14131,307773,5354
2021-09-20,Placer,61,380077,33816,33531,3293,36824,364
2021-09-20,Plumas,63,18699,1231,1211,28,1239,5
2021-09-20,Riverside,65,2383286,343853,341961,16604,358565,4802
2021-09-20,Sacramento,67,1510023,147522,147016,3874,150890,2016
2021-09-20,San Benito,69,59416,6980,6947,150,7097,67
2021-09-20,San Bernardino,71,2135413,338755,337059,10639,347698,5507
2021-09-20,San Diego,73,3302833,353279,349579,0,349579,4009
2021-09-20,San Francisco,75,870044,49874,49559,2491,52050,605
2021-09-20,San Joaquin,77,732212,93302,92614,5085,97699,1615
2021-09-20,San Luis Obispo,79,281455,27549,27259,1126,28385,313
2021-09-20,San Mateo,81,765935,51339,51100,1298,52398,567
2021-09-20,Santa Barbara,83,443738,41954,41589,1608,43197,500
2021-09-20,Santa Clara,85,1922200,140139,139578,1140,140718,1841
2021-09-20,Santa Cruz,87,273765,19262,19121,1048,20169,211
2021-09-20,Shasta,89,179085,18369,17893,3124,21017,258
2021-09-20,Sierra,91,2930,128,126,15,141,0
2021-09-20,Siskiyou,93,43540,2987,2902,1100,4002,35
2021-09-20,Solano,95,438530,43405,43152,1125,44277,312
2021-09-20,Sonoma,97,501317,39194,38991,499,39490,369
2021-09-20,Stanislaus,99,539301,72804,72031,8070,80101,1091
2021-09-20,Sutter,101,95872,12988,12896,258,13154,153
2021-09-20,Tehama,103,63373,7244,7121,1244,8365,84
2021-09-20,Trinity,105,12862,594,568,170,738,7
2021-09-20,Tulare,107,460477,61164,60302,13289,73591,896
2021-09-20,Tuolumne,109,53932,6218,6113,64,6177,89
2021-09-20,Ventura,111,848112,94100,93700,4228,97928,1120
2021-09-20,Yolo,113,214977,18400,18287,979,19266,239
2021-09-20,Yuba,115,75493,9186,9107,182,9289,61
2021-09-19,Alameda,1,1643700,114026,113446,2779,116225,1320
2021-09-19,Alpine,3,1148,100,100,0,100,0
2021-09-19,Amador,5,37829,4949,4875,53,4928,59
2021-09-19,Butte,7,227075,18366,18063,3394,21457,230
2021-09-19,Calaveras,9,45235,3442,3390,38,3428,66
2021-09-19,Colusa,11,21464,2383,2375,554,2929,16
2021-09-19,Contra Costa,13,1133247,94271,93788,1990,95778,924
2021-09-19,Del Norte,15,27424,3398,3344,23,3367,34
2021-09-19,El Dorado,17,186661,14633,14512,1554,16066,127
2021-09-19,Fresno,19,978130,126085,124985,11156,136141,1888
2021-09-19,Glenn,21,27897,3154,3102,908,4010,25
2021-09-19,Humboldt,23,135768,8024,7914,419,8333,80
2021-09-19,Imperial,25,180216,31213,31122,3176,34298,755
2021-09-19,Inyo,27,18085,1670,1639,26,1665,39
2021-09-19,Kern,29,883053,116109,115074,18702,133776,1459
2021-09-19,Kings,31,150075,28711,28416,1765,30181,284
2021-09-19,Lake,33,64148,6067,5962,106,6068,87
2021-09-19,Lassen,35,31185,6254,6129,279,6408,25
2021-09-19,Los Angeles,37,10098052,1385458,1381200,54369,1435569,25852
2021-09-19,Madera,39,155013,20460,20161,1603,21764,257
2021-09-19,Marin,41,260295,16793,16711,401,17112,242
2021-09-19,Mariposa,43,17540,916,881,25,906,5
2021-09-19,Mendocino,45,87422,6669,6538,321,6859,67
2021-09-19,Merced,47,269075,38339,38068,1335,39403,535
2021-09-19,Modoc,49,8938,458,457,160,617,5
2021-09-19,Mono,51,14174,1500,1480,13,1493,3
2021-09-19,Monterey,53,433212,46655,46486,3137,49623,565
2021-09-19,Napa,55,140530,12284,12190,83,12273,95
2021-09-19,Nevada,57,99092,8303,8203,283,8486,84
2021-09-19,Orange,59,3164182,295034,293258,14121,307379,5354
2021-09-19,Placer,61,380077,33714,33406,3274,36680,364
2021-09-19,Plumas,63,18699,1217,1211,28,1239,5
2021-09-19,Riverside,65,2383286,343317,341566,16592,358158,4804
2021-09-19,Sacramento,67,1510023,147088,146603,3827,150430,2012
2021-09-19,San Benito,69,59416,6961,6942,150,7092,67
2021-09-19,San Bernardino,71,2135413,338326,336688,10626,347314,5506
2021-09-19,San Diego,73,3302833,352640,349225,0,349225,4006
2021-09-19,San Francisco,75,870044,49777,49458,2482,51940,605
2021-09-19,San Joaquin,77,732212,93023,92467,5074,97541,1615
2021-09-19,San Luis Obispo,79,281455,27453,27208,1117,28325,313
2021-09-19,San Mateo,81,765935,51266,51028,1281,52309,567
2021-09-19,Santa Barbara,83,443738,41853,41512,1608,43120,500
2021-09-19,Santa Clara,85,1922200,139964,139410,1135,140545,1841
2021-09-19,Santa Cruz,87,273765,19230,19096,1048,20144,211
2021-09-19,Shasta,89,179085,18270,17813,3090,20903,258
2021-09-19,Sierra,91,2930,127,126,15,141,0
2021-09-19,Siskiyou,93,43540,2964,2882,1092,3974,35
2021-09-19,Solano,95,438530,43333,43056,1120,44176,312
2021-09-19,Sonoma,97,501317,39133,38956,495,39451,369
2021-09-19,Stanislaus,99,539301,72579,71830,8056,79886,1091
2021-09-19,Sutter,101,95872,12964,12868,251,13119,153
2021-09-19,Tehama,103,63373,7188,7081,1230,8311,84
2021-09-19,Trinity,105,12862,584,562,168,730,7
2021-09-19,Tulare,107,460477,60940,60160,13204,73364,896
2021-09-19,Tuolumne,109,53932,6184,6097,63,6160,89
2021-09-19,Ventura,111,848112,93951,93491,4225,97716,1120
2021-09-19,Yolo,113,214977,18358,18238,975,19213,239
2021-09-19,Yuba,115,75493,9163,9087,181,9268,61
2021-09-18,Alameda,1,1643700,113947,113300,2777,116077,1320
2021-09-18,Alpine,3,1148,100,100,0,100,0
2021-09-18,Amador,5,37829,4943,4850,52,4902,59
2021-09-18,Butte,7,227075,18345,17961,3380,21341,230
2021-09-18,Calaveras,9,45235,3436,3361,37,3398,66
2021-09-18,Colusa,11,21464,2383,2373,552,2925,16
2021-09-18,Contra Costa,13,1133247,94198,93656,1987,95643,924
2021-09-18,Del Norte,15,27424,3390,3326,21,3347,34
2021-09-18,El Dorado,17,186661,14613,14472,1548,16020,127
2021-09-18,Fresno,19,978130,125965,124771,11140,135911,1889
2021-09-18,Glenn,21,27897,3149,3086,907,3993,25
2021-09-18,Humboldt,23,135768,8014,7881,416,8297,80
2021-09-18,Imperial,25,180216,31199,31096,3175,34271,755
2021-09-18,Inyo,27,18085,1665,1636,26,1662,39
2021-09-18,Kern,29,883053,115961,114781,18641,133422,1459
2021-09-18,Kings,31,150075,28665,28330,1760,30090,285
2021-09-18,Lake,33,64148,6058,5936,105,6041,87
2021-09-18,Lassen,35,31185,6246,6121,278,6399,25
2021-09-18,Los Angeles,37,10098052,1384794,1379880,54319,1434199,25849
2021-09-18,Madera,39,155013,20428,20126,1592,21718,257
2021-09-18,Marin,41,260295,16777,16685,400,17085,242
2021-09-18,Mariposa,43,17540,913,871,25,896,5
2021-09-18,Mendocino,45,87422,6655,6523,321,6844,67
2021-09-18,Merced,47,269075,38310,37977,1332,39309,535
2021-09-18,Modoc,49,8938,458,457,159,616,5
2021-09-18,Mono,51,14174,1498,1480,13,1493,3
2021-09-18,Monterey,53,433212,46624,46466,3129,49595,565
2021-09-18,Napa,55,140530,12271,12168,83,12251,95
2021-09-18,Nevada,57,99092,8289,8183,283,8466,84
2021-09-18,Orange,59,3164182,294860,293005,14113,307118,5354
2021-09-18,Placer,61,380077,33656,33309,3270,36579,364
2021-09-18,Plumas,63,18699,1217,1204,28,1232,5
2021-09-18,Riverside,65,2383286,342957,341136,16577,357713,4802
2021-09-18,Sacramento,67,1510023,146897,146162,3818,149980,2016
2021-09-18,San Benito,69,59416,6956,6937,150,7087,67
2021-09-18,San Bernardino,71,2135413,338089,336380,10614,346994,5501
2021-09-18,San Diego,73,3302833,352266,348848,0,348848,4006
2021-09-18,San Francisco,75,870044,49720,49359,2477,51836,605
2021-09-18,San Joaquin,77,732212,92921,92242,5065,97307,1615
2021-09-18,San Luis Obispo,79,281455,27419,27181,1115,28296,313
2021-09-18,San Mateo,81,765935,51219,50961,1277,52238,567
2021-09-18,Santa Barbara,83,443738,41798,41465,1608,43073,500
2021-09-18,Santa Clara,85,1922200,139853,139233,1132,140365,1841
2021-09-18,Santa Cruz,87,273765,19215,19079,1048,20127,211
2021-09-18,Shasta,89,179085,18209,17777,3071,20848,258
2021-09-18,Sierra,91,2930,126,125,15,140,0
2021-09-18,Siskiyou,93,43540,2960,2875,1086,3961,35
2021-09-18,Solano,95,438530,43295,42966,1118,44084,312
2021-09-18,Sonoma,97,501317,39104,38891,493,39384,369
2021-09-18,Stanislaus,99,539301,72438,71587,8043,79630,1091
2021-09-18,Sutter,101,95872,12951,12829,251,13080,153
2021-09-18,Tehama,103,63373,7176,7055,1222,8277,84
2021-09-18,Trinity,105,12862,582,561,168,729,7
2021-09-18,Tulare,107,460477,60876,60003,13160,73163,896
2021-09-18,Tuolumne,109,53932,6173,6069,63,6132,89
2021-09-18,Ventura,111,848112,93889,93424,4222,97646,1120
2021-09-18,Yolo,113,214977,18336,18213,969,19182,239
2021-09-18,Yuba,115,75493,9152,9061,181,9242,61
2021-09-17,Alameda,1,1643700,113842,113070,2773,115843,1320
2021-09-17,Alpine,3,1148,100,99,0,99,0
2021-09-17,Amador,5,37829,4928,4835,51,4886,58
2021-09-17,Butte,7,227075,18302,17870,3368,21238,230
2021-09-17,Calaveras,9,45235,3424,3338,36,3374,66
2021-09-17,Colusa,11,21464,2381,2369,550,2919,16
2021-09-17,Contra Costa,13,1133247,94112,93485,1984,95469,924
2021-09-17,Del Norte,15,27424,3385,3311,19,3330,34
2021-09-17,El Dorado,17,186661,14601,14421,1545,15966,127
2021-09-17,Fresno,19,978130,125751,124296,11132,135428,1882
2021-09-17,Glenn,21,27897,3134,3072,905,3977,25
2021-09-17,Humboldt,23,135768,7992,7850,416,8266,80
2021-09-17,Imperial,25,180216,31180,31031,3174,34205,755
2021-09-17,Inyo,27,18085,1659,1634,26,1660,39
2021-09-17,Kern,29,883053,115791,114303,18551,132854,1456
2021-09-17,Kings,31,150075,28610,28240,1758,29998,281
2021-09-17,Lake,33,64148,6046,5915,105,6020,87
2021-09-17,Lassen,35,31185,6234,6080,277,6357,25
2021-09-17,Los Angeles,37,10098052,1383899,1377905,54249,1432154,25820
2021-09-17,Madera,39,155013,20387,20040,1583,21623,257
2021-09-17,Marin,41,260295,16768,16658,398,17056,242
2021-09-17,Mariposa,43,17540,913,869,25,894,5
2021-09-17,Mendocino,45,87422,6638,6498,321,6819,67
2021-09-17,Merced,47,269075,38278,37803,1331,39134,533
2021-09-17,Modoc,49,8938,458,456,159,615,5
2021-09-17,Mono,51,14174,1493,1457,13,1470,3
2021-09-17,Monterey,53,433212,46606,46421,3126,49547,564
2021-09-17,Napa,55,140530,12252,12153,83,12236,95
2021-09-17,Nevada,57,99092,8280,8157,282,8439,84
2021-09-17,Orange,59,3164182,294668,292685,14101,306786,5346
2021-09-17,Placer,61,380077,33599,33188,3262,36450,362
2021-09-17,Plumas,63,18699,1214,1192,28,1220,5
2021-09-17,Riverside,65,2383286,342598,340445,16569,357014,4792
2021-09-17,Sacramento,67,1510023,146680,145985,3806,149791,1999
2021-09-17,San Benito,69,59416,6953,6929,150,7079,67
2021-09-17,San Bernardino,71,2135413,337766,335810,10604,346414,5488
2021-09-17,San Diego,73,3302833,351894,348098,0,348098,4002
2021-09-17,San Francisco,75,870044,49673,49249,2470,51719,605
2021-09-17,San Joaquin,77,732212,92801,91977,5058,97035,1610
2021-09-17,San Luis Obispo,79,281455,27391,27102,1104,28206,311
2021-09-17,San Mateo,81,765935,51169,50854,1271,52125,564
2021-09-17,Santa Barbara,83,443738,41728,41354,1608,42962,498
2021-09-17,Santa Clara,85,1922200,139711,138939,1131,140070,1838
2021-09-17,Santa Cruz,87,273765,19195,19039,1048,20087,211
2021-09-17,Shasta,89,179085,18145,17617,3057,20674,254
2021-09-17,Sierra,91,2930,126,124,15,139,0
2021-09-17,Siskiyou,93,43540,2949,2852,1085,3937,35
2021-09-17,Solano,95,438530,43237,42898,1114,44012,312
2021-09-17,Sonoma,97,501317,39070,38808,492,39300,369
2021-09-17,Stanislaus,99,539301,72340,71408,8030,79438,1091
2021-09-17,Sutter,101,95872,12934,12799,249,13048,153
2021-09-17,Tehama,103,63373,7156,7020,1213,8233,84
2021-09-17,Trinity,105,12862,578,556,167,723,7
2021-09-17,Tulare,107,460477,60777,59689,13127,72816,895
2021-09-17,Tuolumne,109,53932,6158,6047,62,6109,89
2021-09-17,Ventura,111,848112,93780,93273,4219,97492,1116
2021-09-17,Yolo,113,214977,18307,18177,965,19142,239
2021-09-17,Yuba,115,75493,9125,9019,180,9199,61
2021-09-16,Alameda,1,1643700,113685,112770,2769,115539,1318
2021-09-16,Alpine,3,1148,100,99,0,99,0
2021-09-16,Amador,5,37829,4911,4819,51,4870,58
2021-09-16,Butte,7,227075,18234,17750,3354,21104,230
2021-09-16,Calaveras,9,45235,3392,3313,36,3349,66
2021-09-16,Colusa,11,21464,2380,2363,548,2911,16
2021-09-16,Contra Costa,13,1133247,93946,93213,1975,95188,917
2021-09-16,Del Norte,15,27424,3367,3285,19,3304,34
2021-09-16,El Dorado,17,186661,14568,14372,1536,15908,127
2021-09-16,Fresno,19,978130,125406,123853,11103,134956,1868
2021-09-16,Glenn,21,27897,3123,3068,903,3971,24
2021-09-16,Humboldt,23,135768,7961,7809,406,8215,80
2021-09-16,Imperial,25,180216,31142,30966,3165,34131,753
2021-09-16,Inyo,27,18085,1657,1623,26,1649,39
2021-09-16,Kern,29,883053,115533,113828,18480,132308,1448
2021-09-16,Kings,31,150075,28528,28114,1749,29863,280
2021-09-16,Lake,33,64148,6028,5890,103,5993,87
2021-09-16,Lassen,35,31185,6204,6028,271,6299,25
2021-09-16,Los Angeles,37,10098052,1382590,1376277,54178,1430455,25796
2021-09-16,Madera,39,155013,20328,19974,1575,21549,257
2021-09-16,Marin,41,260295,16745,16625,397,17022,242
2021-09-16,Mariposa,43,17540,909,849,25,874,6
2021-09-16,Mendocino,45,87422,6609,6445,312,6757,67
2021-09-16,Merced,47,269075,38175,37675,1328,39003,532
2021-09-16,Modoc,49,8938,456,455,159,614,5
2021-09-16,Mono,51,14174,1484,1449,13,1462,3
2021-09-16,Monterey,53,433212,46562,46342,3113,49455,562
2021-09-16,Napa,55,140530,12234,12115,80,12195,95
2021-09-16,Nevada,57,99092,8257,8121,281,8402,84
2021-09-16,Orange,59,3164182,294349,292183,14089,306272,5340
2021-09-16,Placer,61,380077,33516,33037,3239,36276,354
2021-09-16,Plumas,63,18699,1205,1178,28,1206,5
2021-09-16,Riverside,65,2383286,342103,339770,16555,356325,4786
2021-09-16,Sacramento,67,1510023,146289,145754,3769,149523,1996
2021-09-16,San Benito,69,59416,6940,6913,149,7062,67
2021-09-16,San Bernardino,71,2135413,337363,335129,10598,345727,5474
2021-09-16,San Diego,73,3302833,351285,347472,0,347472,3994
2021-09-16,San Francisco,75,870044,49593,49133,2460,51593,605
2021-09-16,San Joaquin,77,732212,92574,91650,5011,96661,1608
2021-09-16,San Luis Obispo,79,281455,27326,27044,1100,28144,310
2021-09-16,San Mateo,81,765935,51114,50773,1255,52028,564
2021-09-16,Santa Barbara,83,443738,41667,41272,1605,42877,497
2021-09-16,Santa Clara,85,1922200,139569,138685,1127,139812,1835
2021-09-16,Santa Cruz,87,273765,19166,19011,1048,20059,211
2021-09-16,Shasta,89,179085,18037,17438,3021,20459,251
2021-09-16,Sierra,91,2930,126,123,15,138,0
2021-09-16,Siskiyou,93,43540,2933,2819,1077,3896,35
2021-09-16,Solano,95,438530,43176,42792,1108,43900,312
2021-09-16,Sonoma,97,501317,39011,38707,492,39199,369
2021-09-16,Stanislaus,99,539301,72123,71105,8013,79118,1091
2021-09-16,Sutter,101,95872,12892,12729,243,12972,152
2021-09-16,Tehama,103,63373,7119,6953,1202,8155,83
2021-09-16,Trinity,105,12862,575,547,166,713,7
2021-09-16,Tulare,107,460477,60567,59459,13059,72518,894
2021-09-16,Tuolumne,109,53932,6142,5999,61,6060,89
2021-09-16,Ventura,111,848112,93635,93087,4217,97304,1110
2021-09-16,Yolo,113,214977,18276,18135,963,19098,239
2021-09-16,Yuba,115,75493,9090,8981,178,9159,61
2021-09-15,Alameda,1,1643700,113525,112498,2759,115257,1317
2021-09-15,Alpine,3,1148,100,99,0,99,0
2021-09-15,Amador,5,37829,4903,4792,51,4843,58
2021-09-15,Butte,7,227075,18144,17664,3340,21004,228
2021-09-15,Calaveras,9,45235,3361,3293,34,3327,66
2021-09-15,Colusa,11,21464,2378,2352,545,2897,16
2021-09-15,Contra Costa,13,1133247,93777,92989,1962,94951,913
2021-09-15,Del Norte,15,27424,3354,3271,17,3288,34
2021-09-15,El Dorado,17,186661,14546,14309,1528,15837,127
2021-09-15,Fresno,19,978130,125024,123370,11064,134434,1867
2021-09-15,Glenn,21,27897,3109,3051,900,3951,20
2021-09-15,Humboldt,23,135768,7927,7754,401,8155,52
2021-09-15,Imperial,25,180216,31091,30891,3162,34053,753
2021-09-15,Inyo,27,18085,1653,1614,26,1640,39
2021-09-15,Kern,29,883053,115198,113546,18383,131929,1434
2021-09-15,Kings,31,150075,28452,27991,1739,29730,279
2021-09-15,Lake,33,64148,6001,5852,103,5955,85
2021-09-15,Lassen,35,31185,6145,6018,266,6284,25
2021-09-15,Los Angeles,37,10098052,1381198,1374307,54095,1428402,25767
2021-09-15,Madera,39,155013,20271,19880,1569,21449,257
2021-09-15,Marin,41,260295,16713,16592,393,16985,242
2021-09-15,Mariposa,43,17540,899,843,25,868,5
2021-09-15,Mendocino,45,87422,6577,6399,307,6706,66
2021-09-15,Merced,47,269075,38057,37508,1326,38834,529
2021-09-15,Modoc,49,8938,456,454,159,613,5
2021-09-15,Mono,51,14174,1481,1445,13,1458,3
2021-09-15,Monterey,53,433212,46502,46317,3095,49412,562
2021-09-15,Napa,55,140530,12212,12082,80,12162,95
2021-09-15,Nevada,57,99092,8234,8081,278,8359,84
2021-09-15,Orange,59,3164182,294043,291834,14076,305910,5328
2021-09-15,Placer,61,380077,33416,32860,3218,36078,352
2021-09-15,Plumas,63,18699,1194,1164,27,1191,5
2021-09-15,Riverside,65,2383286,341551,339077,16530,355607,4769
2021-09-15,Sacramento,67,1510023,145811,145202,3731,148933,1981
2021-09-15,San Benito,69,59416,6937,6902,149,7051,67
2021-09-15,San Bernardino,71,2135413,336915,334556,10584,345140,5470
2021-09-15,San Diego,73,3302833,350675,346933,0,346933,3983
2021-09-15,San Francisco,75,870044,49487,48999,2454,51453,605
2021-09-15,San Joaquin,77,732212,92308,91322,4966,96288,1607
2021-09-15,San Luis Obispo,79,281455,27243,26943,1094,28037,306
2021-09-15,San Mateo,81,765935,51033,50691,1249,51940,564
2021-09-15,Santa Barbara,83,443738,41582,41077,1600,42677,497
2021-09-15,Santa Clara,85,1922200,139395,138410,1123,139533,1833
2021-09-15,Santa Cruz,87,273765,19135,18984,1046,20030,210
2021-09-15,Shasta,89,179085,17932,17317,2996,20313,250
2021-09-15,Sierra,91,2930,126,123,15,138,0
2021-09-15,Siskiyou,93,43540,2915,2804,1048,3852,35
2021-09-15,Solano,95,438530,43104,42682,1103,43785,312
2021-09-15,Sonoma,97,501317,38956,38629,491,39120,369
2021-09-15,Stanislaus,99,539301,71909,70852,7992,78844,1091
2021-09-15,Sutter,101,95872,12860,12699,238,12937,151
2021-09-15,Tehama,103,63373,7087,6894,1192,8086,79
2021-09-15,Trinity,105,12862,574,541,164,705,7
2021-09-15,Tulare,107,460477,60327,59149,13003,72152,890
2021-09-15,Tuolumne,109,53932,6117,5969,60,6029,89
2021-09-15,Ventura,111,848112,93495,92960,4214,97174,1109
2021-09-15,Yolo,113,214977,18242,18064,956,19020,239
2021-09-15,Yuba,115,75493,9058,8953,178,9131,61
2021-09-14,Alameda,1,1643700,113329,112329,2753,115082,1316
2021-09-14,Alpine,3,1148,100,98,0,98,0
2021-09-14,Amador,5,37829,4883,4790,51,4841,57
2021-09-14,Butte,7,227075,18016,17516,3316,20832,226
2021-09-14,Calaveras,9,45235,3339,3280,31,3311,66
2021-09-14,Colusa,11,21464,2374,2344,542,2886,16
2021-09-14,Contra Costa,13,1133247,93590,92822,1953,94775,908
2021-09-14,Del Norte,15,27424,3339,3252,16,3268,32
2021-09-14,El Dorado,17,186661,14494,14247,1520,15767,123
2021-09-14,Fresno,19,978130,124540,123151,11030,134181,1856
2021-09-14,Glenn,21,27897,3092,3045,896,3941,20
2021-09-14,Humboldt,23,135768,7894,7717,396,8113,52
2021-09-14,Imperial,25,180216,31040,30845,3159,34004,752
2021-09-14,Inyo,27,18085,1644,1605,26,1631,39
2021-09-14,Kern,29,883053,114829,113250,18268,131518,1428
2021-09-14,Kings,31,150075,28373,27955,1729,29684,278
2021-09-14,Lake,33,64148,5968,5845,103,5948,83
2021-09-14,Lassen,35,31185,6134,5977,261,6238,25
2021-09-14,Los Angeles,37,10098052,1379463,1372831,54006,1426837,25729
2021-09-14,Madera,39,155013,20194,19800,1561,21361,254
2021-09-14,Marin,41,260295,16686,16584,391,16975,242
2021-09-14,Mariposa,43,17540,886,834,24,858,5
2021-09-14,Mendocino,45,87422,6545,6372,295,6667,65
2021-09-14,Merced,47,269075,37902,37430,1323,38753,526
2021-09-14,Modoc,49,8938,455,453,159,612,5
2021-09-14,Mono,51,14174,1469,1440,13,1453,4
2021-09-14,Monterey,53,433212,46476,46224,3070,49294,558
2021-09-14,Napa,55,140530,12180,12070,79,12149,91
2021-09-14,Nevada,57,99092,8199,8056,277,8333,83
2021-09-14,Orange,59,3164182,293680,291423,14057,305480,5319
2021-09-14,Placer,61,380077,33294,32735,3198,35933,350
2021-09-14,Plumas,63,18699,1186,1148,27,1175,5
2021-09-14,Riverside,65,2383286,340935,338534,16499,355033,4748
2021-09-14,Sacramento,67,1510023,145437,145051,3677,148728,1977
2021-09-14,San Benito,69,59416,6928,6887,148,7035,64
2021-09-14,San Bernardino,71,2135413,336433,333968,10559,344527,5465
2021-09-14,San Diego,73,3302833,350021,346204,0,346204,3966
2021-09-14,San Francisco,75,870044,49368,48998,2439,51437,603
2021-09-14,San Joaquin,77,732212,92071,91128,4923,96051,1596
2021-09-14,San Luis Obispo,79,281455,27176,26845,1090,27935,304
2021-09-14,San Mateo,81,765935,50945,50602,1237,51839,564
2021-09-14,Santa Barbara,83,443738,41490,40783,1591,42374,495
2021-09-14,Santa Clara,85,1922200,139171,138321,1119,139440,1828
2021-09-14,Santa Cruz,87,273765,19094,18965,1044,20009,210
2021-09-14,Shasta,89,179085,17809,17152,2975,20127,246
2021-09-14,Sierra,91,2930,126,123,15,138,0
2021-09-14,Siskiyou,93,43540,2891,2756,1031,3787,35
2021-09-14,Solano,95,438530,43023,42599,1100,43699,307
2021-09-14,Sonoma,97,501317,38890,38595,487,39082,369
2021-09-14,Stanislaus,99,539301,71661,70697,7966,78663,1091
2021-09-14,Sutter,101,95872,12820,12670,231,12901,149
2021-09-14,Tehama,103,63373,7034,6859,1181,8040,80
2021-09-14,Trinity,105,12862,569,538,163,701,7
2021-09-14,Tulare,107,460477,60082,58961,12937,71898,888
2021-09-14,Tuolumne,109,53932,6096,5951,59,6010,89
2021-09-14,Ventura,111,848112,93320,92841,4198,97039,1107
2021-09-14,Yolo,113,214977,18198,18039,952,18991,239
2021-09-14,Yuba,115,75493,9024,8928,178,9106,61
2021-09-13,Alameda,1,1643700,113119,112159,2748,114907,1309
2021-09-13,Alpine,3,1148,99,98,0,98,0
2021-09-13,Amador,5,37829,4865,4761,51,4812,56
2021-09-13,Butte,7,227075,17895,17393,3294,20687,225
2021-09-13,Calaveras,9,45235,3310,3253,29,3282,65
2021-09-13,Colusa,11,21464,2365,2346,536,2882,16
2021-09-13,Contra Costa,13,1133247,93353,92658,1948,94606,908
2021-09-13,Del Norte,15,27424,3305,3232,16,3248,28
2021-09-13,El Dorado,17,186661,14435,14194,1510,15704,119
2021-09-13,Fresno,19,978130,124066,122650,10986,133636,1853
2021-09-13,Glenn,21,27897,3089,3026,888,3914,20
2021-09-13,Humboldt,23,135768,7863,7659,393,8052,52
2021-09-13,Imperial,25,180216,30990,30802,3157,33959,751
2021-09-13,Inyo,27,18085,1637,1602,26,1628,39
2021-09-13,Kern,29,883053,114448,112930,18142,131072,1424
2021-09-13,Kings,31,150075,28266,27858,1716,29574,275
2021-09-13,Lake,33,64148,5946,5809,103,5912,82
2021-09-13,Lassen,35,31185,6101,5953,261,6214,25
2021-09-13,Los Angeles,37,10098052,1377725,1371423,53924,1425347,25703
2021-09-13,Madera,39,155013,20130,19735,1554,21289,252
2021-09-13,Marin,41,260295,16651,16557,390,16947,242
2021-09-13,Mariposa,43,17540,873,825,24,849,5
2021-09-13,Mendocino,45,87422,6513,6323,285,6608,61
2021-09-13,Merced,47,269075,37753,37291,1319,38610,521
2021-09-13,Modoc,49,8938,454,451,159,610,5
2021-09-13,Mono,51,14174,1464,1435,13,1448,3
2021-09-13,Monterey,53,433212,46395,46188,3048,49236,558
2021-09-13,Napa,55,140530,12161,12039,79,12118,91
2021-09-13,Nevada,57,99092,8172,8021,275,8296,83
2021-09-13,Orange,59,3164182,293265,291128,14047,305175,5312
2021-09-13,Placer,61,380077,33132,32617,3180,35797,343
2021-09-13,Plumas,63,18699,1174,1142,27,1169,5
2021-09-13,Riverside,65,2383286,340314,337876,16479,354355,4731
2021-09-13,Sacramento,67,1510023,144947,144537,3645,148182,1956
2021-09-13,San Benito,69,59416,6913,6867,147,7014,64
2021-09-13,San Bernardino,71,2135413,335957,333613,10534,344147,5441
2021-09-13,San Diego,73,3302833,349242,345647,0,345647,3961
2021-09-13,San Francisco,75,870044,49240,48914,2432,51346,603
2021-09-13,San Joaquin,77,732212,91791,90966,4861,95827,1581
2021-09-13,San Luis Obispo,79,281455,27088,26805,1087,27892,300
2021-09-13,San Mateo,81,765935,50871,50525,1222,51747,564
2021-09-13,Santa Barbara,83,443738,41371,40661,1584,42245,494
2021-09-13,Santa Clara,85,1922200,138925,138152,1114,139266,1820
2021-09-13,Santa Cruz,87,273765,19053,18917,1043,19960,210
2021-09-13,Shasta,89,179085,17682,17033,2933,19966,243
2021-09-13,Sierra,91,2930,126,123,15,138,0
2021-09-13,Siskiyou,93,43540,2875,2745,1019,3764,35
2021-09-13,Solano,95,438530,42929,42501,1096,43597,306
2021-09-13,Sonoma,97,501317,38821,38513,485,38998,368
2021-09-13,Stanislaus,99,539301,71416,70477,7927,78404,1091
2021-09-13,Sutter,101,95872,12764,12624,227,12851,145
2021-09-13,Tehama,103,63373,6971,6803,1169,7972,79
2021-09-13,Trinity,105,12862,567,533,161,694,7
2021-09-13,Tulare,107,460477,59810,58768,12875,71643,887
2021-09-13,Tuolumne,109,53932,6069,5909,59,5968,89
2021-09-13,Ventura,111,848112,93151,92679,4188,96867,1107
2021-09-13,Yolo,113,214977,18159,17974,947,18921,239
2021-09-13,Yuba,115,75493,8982,8884,177,9061,61
2021-09-12,Alameda,1,1643700,112862,111961,2744,114705,1309
2021-09-12,Alpine,3,1148,99,98,0,98,0
2021-09-12,Amador,5,37829,4845,4752,51,4803,56
2021-09-12,Butte,7,227075,17761,17257,3256,20513,221
2021-09-12,Calaveras,9,45235,3284,3236,25,3261,65
2021-09-12,Colusa,11,21464,2362,2344,535,2879,16
2021-09-12,Contra Costa,13,1133247,93096,92498,1936,94434,908
2021-09-12,Del Norte,15,27424,3272,3200,16,3216,28
2021-09-12,El Dorado,17,186661,14364,14167,1493,15660,119
2021-09-12,Fresno,19,978130,123539,122407,10953,133360,1853
2021-09-12,Glenn,21,27897,3067,3016,880,3896,20
2021-09-12,Humboldt,23,135768,7796,7636,382,8018,52
2021-09-12,Imperial,25,180216,30936,30790,3150,33940,751
2021-09-12,Inyo,27,18085,1627,1596,26,1622,39
2021-09-12,Kern,29,883053,114035,112602,17980,130582,1424
2021-09-12,Kings,31,150075,28163,27764,1700,29464,274
2021-09-12,Lake,33,64148,5907,5781,103,5884,82
2021-09-12,Lassen,35,31185,6065,5943,251,6194,25
2021-09-12,Los Angeles,37,10098052,1375736,1365968,53834,1419802,25630
2021-09-12,Madera,39,155013,20045,19691,1542,21233,252
2021-09-12,Marin,41,260295,16628,16526,390,16916,242
2021-09-12,Mariposa,43,17540,861,811,24,835,5
2021-09-12,Mendocino,45,87422,6475,6283,276,6559,61
2021-09-12,Merced,47,269075,37562,37172,1309,38481,521
2021-09-12,Modoc,49,8938,454,451,158,609,5
2021-09-12,Mono,51,14174,1451,1431,13,1444,3
2021-09-12,Monterey,53,433212,46317,46167,3021,49188,558
2021-09-12,Napa,55,140530,12132,12011,79,12090,91
2021-09-12,Nevada,57,99092,8136,7987,272,8259,83
2021-09-12,Orange,59,3164182,292816,290718,14022,304740,5312
2021-09-12,Placer,61,380077,32980,32520,3154,35674,343
2021-09-12,Plumas,63,18699,1154,1138,27,1165,5
2021-09-12,Riverside,65,2383286,339638,337332,16445,353777,4731
2021-09-12,Sacramento,67,1510023,144440,144030,3607,147637,1959
2021-09-12,San Benito,69,59416,6893,6852,146,6998,64
2021-09-12,San Bernardino,71,2135413,335362,333049,10521,343570,5439
2021-09-12,San Diego,73,3302833,348426,345058,0,345058,3942
2021-09-12,San Francisco,75,870044,49129,48819,2424,51243,603
2021-09-12,San Joaquin,77,732212,91463,90730,4844,95574,1581
2021-09-12,San Luis Obispo,79,281455,26973,26729,1074,27803,299
2021-09-12,San Mateo,81,765935,50776,50432,1207,51639,564
2021-09-12,Santa Barbara,83,443738,41263,40600,1577,42177,494
2021-09-12,Santa Clara,85,1922200,138674,137899,1110,139009,1820
2021-09-12,Santa Cruz,87,273765,19024,18892,1041,19933,210
2021-09-12,Shasta,89,179085,17523,16957,2874,19831,243
2021-09-12,Sierra,91,2930,126,123,15,138,0
2021-09-12,Siskiyou,93,43540,2851,2730,1005,3735,35
2021-09-12,Solano,95,438530,42825,42409,1091,43500,306
2021-09-12,Sonoma,97,501317,38749,38456,483,38939,368
2021-09-12,Stanislaus,99,539301,71123,70184,7888,78072,1091
2021-09-12,Sutter,101,95872,12722,12589,220,12809,145
2021-09-12,Tehama,103,63373,6902,6732,1155,7887,79
2021-09-12,Trinity,105,12862,564,529,159,688,7
2021-09-12,Tulare,107,460477,59461,58582,12815,71397,887
2021-09-12,Tuolumne,109,53932,6036,5888,59,5947,89
2021-09-12,Ventura,111,848112,93026,92496,4184,96680,1107
2021-09-12,Yolo,113,214977,18095,17943,939,18882,239
2021-09-12,Yuba,115,75493,8946,8842,177,9019,61
2021-09-11,Alameda,1,1643700,112738,111715,2742,114457,1309
2021-09-11,Alpine,3,1148,99,98,0,98,0
2021-09-11,Amador,5,37829,4832,4728,50,4778,56
2021-09-11,Butte,7,227075,17686,17218,3230,20448,221
2021-09-11,Calaveras,9,45235,3282,3208,24,3232,65
2021-09-11,Colusa,11,21464,2361,2338,532,2870,16
2021-09-11,Contra Costa,13,1133247,92978,92269,1931,94200,908
2021-09-11,Del Norte,15,27424,3257,3184,16,3200,28
2021-09-11,El Dorado,17,186661,14345,14117,1486,15603,119
2021-09-11,Fresno,19,978130,123373,122224,10934,133158,1853
2021-09-11,Glenn,21,27897,3064,3007,878,3885,20
2021-09-11,Humboldt,23,135768,7775,7615,379,7994,52
2021-09-11,Imperial,25,180216,30913,30760,3146,33906,751
2021-09-11,Inyo,27,18085,1624,1590,26,1616,39
2021-09-11,Kern,29,883053,113802,112205,17855,130060,1424
2021-09-11,Kings,31,150075,28119,27631,1694,29325,275
2021-09-11,Lake,33,64148,5891,5761,103,5864,82
2021-09-11,Lassen,35,31185,6051,5930,247,6177,25
2021-09-11,Los Angeles,37,10098052,1374821,1365831,53772,1419603,25630
2021-09-11,Madera,39,155013,19992,19648,1536,21184,252
2021-09-11,Marin,41,260295,16600,16496,389,16885,242
2021-09-11,Mariposa,43,17540,857,799,24,823,5
2021-09-11,Mendocino,45,87422,6450,6257,276,6533,61
2021-09-11,Merced,47,269075,37526,37042,1306,38348,521
2021-09-11,Modoc,49,8938,454,449,158,607,5
2021-09-11,Mono,51,14174,1450,1431,13,1444,3
2021-09-11,Monterey,53,433212,46288,46140,3011,49151,558
2021-09-11,Napa,55,140530,12111,11991,79,12070,91
2021-09-11,Nevada,57,99092,8122,7967,272,8239,83
2021-09-11,Orange,59,3164182,292534,290429,14004,304433,5306
2021-09-11,Placer,61,380077,32895,32414,3143,35557,344
2021-09-11,Plumas,63,18699,1152,1112,26,1138,5
2021-09-11,Riverside,65,2383286,339213,336585,16430,353015,4731
2021-09-11,Sacramento,67,1510023,144158,143557,3589,147146,1955
2021-09-11,San Benito,69,59416,6880,6844,146,6990,64
2021-09-11,San Bernardino,71,2135413,335028,332512,10510,343022,5430
2021-09-11,San Diego,73,3302833,347944,344355,0,344355,3942
2021-09-11,San Francisco,75,870044,49073,48660,2418,51078,603
2021-09-11,San Joaquin,77,732212,91321,90482,4841,95323,1581
2021-09-11,San Luis Obispo,79,281455,26930,26651,1073,27724,299
2021-09-11,San Mateo,81,765935,50713,50341,1205,51546,564
2021-09-11,Santa Barbara,83,443738,41188,40451,1577,42028,494
2021-09-11,Santa Clara,85,1922200,138524,137659,1107,138766,1820
2021-09-11,Santa Cruz,87,273765,19000,18865,1041,19906,210
2021-09-11,Shasta,89,179085,17429,16877,2852,19729,243
2021-09-11,Sierra,91,2930,126,123,15,138,0
2021-09-11,Siskiyou,93,43540,2834,2717,1002,3719,35
2021-09-11,Solano,95,438530,42774,42344,1088,43432,306
2021-09-11,Sonoma,97,501317,38703,38399,481,38880,368
2021-09-11,Stanislaus,99,539301,70999,69974,7874,77848,1091
2021-09-11,Sutter,101,95872,12696,12538,216,12754,145
2021-09-11,Tehama,103,63373,6885,6703,1150,7853,79
2021-09-11,Trinity,105,12862,557,526,159,685,7
2021-09-11,Tulare,107,460477,59353,58321,12769,71090,889
2021-09-11,Tuolumne,109,53932,6018,5879,57,5936,89
2021-09-11,Ventura,111,848112,92944,92328,4179,96507,1107
2021-09-11,Yolo,113,214977,18072,17906,934,18840,239
2021-09-11,Yuba,115,75493,8921,8813,177,8990,61
2021-09-10,Alameda,1,1643700,112549,111386,2741,114127,1306
2021-09-10,Alpine,3,1148,98,97,0,97,0
2021-09-10,Amador,5,37829,4820,4706,50,4756,56
2021-09-10,Butte,7,227075,17616,17051,3212,20263,222
2021-09-10,Calaveras,9,45235,3276,3183,24,3207,65
2021-09-10,Colusa,11,21464,2357,2327,529,2856,16
2021-09-10,Contra Costa,13,1133247,92866,92024,1929,93953,908
2021-09-10,Del Norte,15,27424,3242,3128,15,3143,28
2021-09-10,El Dorado,17,186661,14316,14051,1481,15532,119
2021-09-10,Fresno,19,978130,123057,121659,10915,132574,1846
2021-09-10,Glenn,21,27897,3060,2977,878,3855,20
2021-09-10,Humboldt,23,135768,7745,7543,375,7918,52
2021-09-10,Imperial,25,180216,30890,30716,3144,33860,751
2021-09-10,Inyo,27,18085,1620,1590,26,1616,39
2021-09-10,Kern,29,883053,113550,111832,17738,129570,1419
2021-09-10,Kings,31,150075,28050,27473,1686,29159,274
2021-09-10,Lake,33,64148,5875,5713,101,5814,79
2021-09-10,Lassen,35,31185,6043,5914,244,6158,25
2021-09-10,Los Angeles,37,10098052,1373662,1365709,53700,1419409,25630
2021-09-10,Madera,39,155013,19946,19520,1531,21051,252
2021-09-10,Marin,41,260295,16583,16458,385,16843,242
2021-09-10,Mariposa,43,17540,854,795,24,819,5
2021-09-10,Mendocino,45,87422,6419,6184,275,6459,61
2021-09-10,Merced,47,269075,37484,36884,1306,38190,521
2021-09-10,Modoc,49,8938,454,448,158,606,5
2021-09-10,Mono,51,14174,1448,1422,13,1435,3
2021-09-10,Monterey,53,433212,46262,46084,2992,49076,557
2021-09-10,Napa,55,140530,12087,11948,79,12027,90
2021-09-10,Nevada,57,99092,8105,7932,271,8203,83
2021-09-10,Orange,59,3164182,292240,290022,13996,304018,5302
2021-09-10,Placer,61,380077,32797,32264,3131,35395,343
2021-09-10,Plumas,63,18699,1151,1111,26,1137,5
2021-09-10,Riverside,65,2383286,338746,335988,16423,352411,4720
2021-09-10,Sacramento,67,1510023,143807,143244,3580,146824,1950
2021-09-10,San Benito,69,59416,6876,6824,146,6970,64
2021-09-10,San Bernardino,71,2135413,334613,331894,10502,342396,5422
2021-09-10,San Diego,73,3302833,347400,343173,0,343173,3941
2021-09-10,San Francisco,75,870044,48993,48518,2409,50927,602
2021-09-10,San Joaquin,77,732212,91149,90208,4834,95042,1573
2021-09-10,San Luis Obispo,79,281455,26897,26526,1071,27597,299
2021-09-10,San Mateo,81,765935,50656,50251,1199,51450,564
2021-09-10,Santa Barbara,83,443738,41135,40321,1574,41895,492
2021-09-10,Santa Clara,85,1922200,138344,137337,1106,138443,1817
2021-09-10,Santa Cruz,87,273765,18983,18785,1040,19825,210
2021-09-10,Shasta,89,179085,17338,16667,2824,19491,242
2021-09-10,Sierra,91,2930,126,117,15,132,0
2021-09-10,Siskiyou,93,43540,2822,2702,998,3700,35
2021-09-10,Solano,95,438530,42701,42230,1080,43310,305
2021-09-10,Sonoma,97,501317,38648,38271,480,38751,368
2021-09-10,Stanislaus,99,539301,70841,69617,7857,77474,1091
2021-09-10,Sutter,101,95872,12661,12468,216,12684,145
2021-09-10,Tehama,103,63373,6854,6652,1145,7797,77
2021-09-10,Trinity,105,12862,553,524,159,683,7
2021-09-10,Tulare,107,460477,59209,57930,12727,70657,883
2021-09-10,Tuolumne,109,53932,6001,5842,56,5898,89
2021-09-10,Ventura,111,848112,92854,92145,4174,96319,1104
2021-09-10,Yolo,113,214977,18048,17825,929,18754,239
2021-09-10,Yuba,115,75493,8904,8760,176,8936,62
2021-09-09,Alameda,1,1643700,112333,111014,2733,113747,1306
2021-09-09,Alpine,3,1148,98,94,0,94,0
2021-09-09,Amador,5,37829,4799,4698,49,4747,56
2021-09-09,Butte,7,227075,17474,16874,3190,20064,221
2021-09-09,Calaveras,9,45235,3242,3165,24,3189,65
2021-09-09,Colusa,11,21464,2350,2321,527,2848,16
2021-09-09,Contra Costa,13,1133247,92661,91687,1924,93611,904
2021-09-09,Del Norte,15,27424,3219,3102,15,3117,28
2021-09-09,El Dorado,17,186661,14259,13970,1471,15441,119
2021-09-09,Fresno,19,978130,122590,121040,10885,131925,1838
2021-09-09,Glenn,21,27897,3045,2947,870,3817,20
2021-09-09,Humboldt,23,135768,7696,7471,368,7839,52
2021-09-09,Imperial,25,180216,30854,30661,3141,33802,751
2021-09-09,Inyo,27,18085,1613,1586,26,1612,39
2021-09-09,Kern,29,883053,113205,111390,17574,128964,1414
2021-09-09,Kings,31,150075,27953,27282,1675,28957,273
2021-09-09,Lake,33,64148,5850,5638,100,5738,79
2021-09-09,Lassen,35,31185,5996,5860,238,6098,25
2021-09-09,Los Angeles,37,10098052,1371887,1363735,53623,1417358,25583
2021-09-09,Madera,39,155013,19875,19401,1519,20920,252
2021-09-09,Marin,41,260295,16559,16416,382,16798,242
2021-09-09,Mariposa,43,17540,839,779,23,802,5
2021-09-09,Mendocino,45,87422,6388,6089,266,6355,61
2021-09-09,Merced,47,269075,37341,36634,1295,37929,516
2021-09-09,Modoc,49,8938,454,448,158,606,5
2021-09-09,Mono,51,14174,1444,1420,13,1433,3
2021-09-09,Monterey,53,433212,46220,45991,2967,48958,556
2021-09-09,Napa,55,140530,12057,11878,79,11957,90
2021-09-09,Nevada,57,99092,8068,7855,270,8125,82
2021-09-09,Orange,59,3164182,291846,289109,13971,303080,5299
2021-09-09,Placer,61,380077,32681,32048,3116,35164,342
2021-09-09,Plumas,63,18699,1139,1098,25,1123,5
2021-09-09,Riverside,65,2383286,338118,334774,16406,351180,4701
2021-09-09,Sacramento,67,1510023,143312,142728,3535,146263,1929
2021-09-09,San Benito,69,59416,6866,6820,145,6965,64
2021-09-09,San Bernardino,71,2135413,334055,331040,10490,341530,5417
2021-09-09,San Diego,73,3302833,346684,342149,0,342149,3929
2021-09-09,San Francisco,75,870044,48882,48404,2396,50800,597
2021-09-09,San Joaquin,77,732212,90874,89874,4801,94675,1570
2021-09-09,San Luis Obispo,79,281455,26816,26472,1068,27540,296
2021-09-09,San Mateo,81,765935,50546,50143,1186,51329,561
2021-09-09,Santa Barbara,83,443738,41029,40180,1569,41749,490
2021-09-09,Santa Clara,85,1922200,138126,137017,1102,138119,1816
2021-09-09,Santa Cruz,87,273765,18938,18728,1040,19768,210
2021-09-09,Shasta,89,179085,17192,16401,2779,19180,238
2021-09-09,Sierra,91,2930,126,115,15,130,0
2021-09-09,Siskiyou,93,43540,2800,2683,983,3666,35
2021-09-09,Solano,95,438530,42595,42081,1076,43157,303
2021-09-09,Sonoma,97,501317,38581,38171,479,38650,360
2021-09-09,Stanislaus,99,539301,70553,69178,7832,77010,1074
2021-09-09,Sutter,101,95872,12607,12396,214,12610,144
2021-09-09,Tehama,103,63373,6792,6554,1135,7689,75
2021-09-09,Trinity,105,12862,547,523,157,680,6
2021-09-09,Tulare,107,460477,58960,57564,12668,70232,879
2021-09-09,Tuolumne,109,53932,5973,5802,55,5857,89
2021-09-09,Ventura,111,848112,92703,91610,4163,95773,1098
2021-09-09,Yolo,113,214977,17994,17724,926,18650,239
2021-09-09,Yuba,115,75493,8858,8707,176,8883,55
2021-09-08,Alameda,1,1643700,112080,110781,2729,113510,1305
2021-09-08,Alpine,3,1148,98,94,0,94,0
2021-09-08,Amador,5,37829,4787,4693,49,4742,56
2021-09-08,Butte,7,227075,17344,16775,3170,19945,220
2021-09-08,Calaveras,9,45235,3223,3157,24,3181,63
2021-09-08,Colusa,11,21464,2348,2308,525,2833,16
2021-09-08,Contra Costa,13,1133247,92394,91471,1918,93389,900
2021-09-08,Del Norte,15,27424,3195,3085,15,3100,25
2021-09-08,El Dorado,17,186661,14181,13928,1449,15377,119
2021-09-08,Fresno,19,978130,122085,120644,10835,131479,1831
2021-09-08,Glenn,21,27897,3025,2942,860,3802,20
2021-09-08,Humboldt,23,135768,7653,7438,359,7797,52
2021-09-08,Imperial,25,180216,30823,30609,3128,33737,751
2021-09-08,Inyo,27,18085,1602,1580,26,1606,39
2021-09-08,Kern,29,883053,112814,110933,17425,128358,1409
2021-09-08,Kings,31,150075,27826,27235,1661,28896,267
2021-09-08,Lake,33,64148,5819,5618,99,5717,79
2021-09-08,Lassen,35,31185,5978,5848,230,6078,25
2021-09-08,Los Angeles,37,10098052,1369913,1362029,53524,1415553,25533
2021-09-08,Madera,39,155013,19815,19352,1506,20858,252
2021-09-08,Marin,41,260295,16531,16386,381,16767,242
2021-09-08,Mariposa,43,17540,824,777,22,799,5
2021-09-08,Mendocino,45,87422,6345,6069,257,6326,61
2021-09-08,Merced,47,269075,37190,36500,1287,37787,516
2021-09-08,Modoc,49,8938,454,448,158,606,5
2021-09-08,Mono,51,14174,1441,1418,13,1431,3
2021-09-08,Monterey,53,433212,46182,45959,2949,48908,554
2021-09-08,Napa,55,140530,12020,11842,77,11919,90
2021-09-08,Nevada,57,99092,8032,7843,270,8113,82
2021-09-08,Orange,59,3164182,291452,288511,13950,302461,5290
2021-09-08,Placer,61,380077,32546,31852,3100,34952,337
2021-09-08,Plumas,63,18699,1133,1072,24,1096,5
2021-09-08,Riverside,65,2383286,337368,334037,16378,350415,4683
2021-09-08,Sacramento,67,1510023,142835,142448,3485,145933,1921
2021-09-08,San Benito,69,59416,6849,6800,144,6944,64
2021-09-08,San Bernardino,71,2135413,333462,330279,10473,340752,5411
2021-09-08,San Diego,73,3302833,345765,341437,0,341437,3926
2021-09-08,San Francisco,75,870044,48744,48263,2392,50655,589
2021-09-08,San Joaquin,77,732212,90606,89631,4764,94395,1561
2021-09-08,San Luis Obispo,79,281455,26725,26303,1063,27366,294
2021-09-08,San Mateo,81,765935,50451,50051,1183,51234,561
2021-09-08,Santa Barbara,83,443738,40918,40000,1564,41564,490
2021-09-08,Santa Clara,85,1922200,137906,136836,1097,137933,1810
2021-09-08,Santa Cruz,87,273765,18901,18699,1040,19739,210
2021-09-08,Shasta,89,179085,17043,16227,2735,18962,234
2021-09-08,Sierra,91,2930,126,113,15,128,0
2021-09-08,Siskiyou,93,43540,2768,2643,972,3615,35
2021-09-08,Solano,95,438530,42508,41971,1073,43044,302
2021-09-08,Sonoma,97,501317,38499,38075,478,38553,360
2021-09-08,Stanislaus,99,539301,70309,68945,7805,76750,1074
2021-09-08,Sutter,101,95872,12543,12349,211,12560,144
2021-09-08,Tehama,103,63373,6721,6520,1117,7637,75
2021-09-08,Trinity,105,12862,544,520,153,673,6
2021-09-08,Tulare,107,460477,58636,57425,12617,70042,876
2021-09-08,Tuolumne,109,53932,5941,5783,53,5836,89
2021-09-08,Ventura,111,848112,92538,91345,4145,95490,1096
2021-09-08,Yolo,113,214977,17915,17680,921,18601,239
2021-09-08,Yuba,115,75493,8815,8675,174,8849,55
2021-09-07,Alameda,1,1643700,111778,110550,2723,113273,1301
2021-09-07,Alpine,3,1148,97,94,0,94,0
2021-09-07,Amador,5,37829,4761,4679,49,4728,53
2021-09-07,Butte,7,227075,17195,16723,3131,19854,220
2021-09-07,Calaveras,9,45235,3183,3140,22,3162,63
2021-09-07,Colusa,11,21464,2337,2306,524,2830,16
2021-09-07,Contra Costa,13,1133247,92135,91167,1911,93078,891
2021-09-07,Del Norte,15,27424,3182,3081,15,3096,24
2021-09-07,El Dorado,17,186661,14113,13892,1432,15324,119
2021-09-07,Fresno,19,978130,121523,120268,10782,131050,1828
2021-09-07,Glenn,21,27897,3007,2937,852,3789,20
2021-09-07,Humboldt,23,135768,7596,7397,342,7739,52
2021-09-07,Imperial,25,180216,30788,30584,3120,33704,751
2021-09-07,Inyo,27,18085,1595,1579,25,1604,39
2021-09-07,Kern,29,883053,112383,110674,17262,127936,1408
2021-09-07,Kings,31,150075,27703,27169,1642,28811,267
2021-09-07,Lake,33,64148,5779,5597,93,5690,78
2021-09-07,Lassen,35,31185,5960,5842,224,6066,21
2021-09-07,Los Angeles,37,10098052,1367770,1360407,53427,1413834,25486
2021-09-07,Madera,39,155013,19728,19316,1500,20816,249
2021-09-07,Marin,41,260295,16493,16363,381,16744,242
2021-09-07,Mariposa,43,17540,809,771,22,793,5
2021-09-07,Mendocino,45,87422,6290,6036,246,6282,61
2021-09-07,Merced,47,269075,37022,36400,1282,37682,513
2021-09-07,Modoc,49,8938,452,449,158,607,5
2021-09-07,Mono,51,14174,1432,1416,13,1429,3
2021-09-07,Monterey,53,433212,46116,45911,2918,48829,543
2021-09-07,Napa,55,140530,11979,11814,77,11891,90
2021-09-07,Nevada,57,99092,8004,7829,270,8099,82
2021-09-07,Orange,59,3164182,291023,288225,13921,302146,5274
2021-09-07,Placer,61,380077,32400,31710,3071,34781,337
2021-09-07,Plumas,63,18699,1114,1071,24,1095,5
2021-09-07,Riverside,65,2383286,336584,333390,16358,349748,4666
2021-09-07,Sacramento,67,1510023,142279,142364,3439,145803,1905
2021-09-07,San Benito,69,59416,6832,6786,144,6930,64
2021-09-07,San Bernardino,71,2135413,332718,329962,10445,340407,5407
2021-09-07,San Diego,73,3302833,344771,340709,0,340709,3922
2021-09-07,San Francisco,75,870044,48607,48175,2384,50559,589
2021-09-07,San Joaquin,77,732212,90276,89468,4746,94214,1548
2021-09-07,San Luis Obispo,79,281455,26608,26253,1054,27307,287
2021-09-07,San Mateo,81,765935,50361,49913,1177,51090,561
2021-09-07,Santa Barbara,83,443738,40793,39957,1559,41516,489
2021-09-07,Santa Clara,85,1922200,137625,136631,1090,137721,1807
2021-09-07,Santa Cruz,87,273765,18852,18669,1037,19706,210
2021-09-07,Shasta,89,179085,16891,16096,2683,18779,226
2021-09-07,Sierra,91,2930,126,111,15,126,0
2021-09-07,Siskiyou,93,43540,2743,2607,954,3561,34
2021-09-07,Solano,95,438530,42387,41862,1069,42931,300
2021-09-07,Sonoma,97,501317,38417,38013,475,38488,358
2021-09-07,Stanislaus,99,539301,70022,68831,7782,76613,1074
2021-09-07,Sutter,101,95872,12469,12310,204,12514,138
2021-09-07,Tehama,103,63373,6661,6482,1096,7578,74
2021-09-07,Trinity,105,12862,539,517,153,670,6
2021-09-07,Tulare,107,460477,58283,57228,12537,69765,874
2021-09-07,Tuolumne,109,53932,5905,5759,52,5811,88
2021-09-07,Ventura,111,848112,92318,91246,4138,95384,1093
2021-09-07,Yolo,113,214977,17846,17653,916,18569,235
2021-09-07,Yuba,115,75493,8771,8642,170,8812,55
2021-09-06,Alameda,1,1643700,111475,110357,2715,113072,1301
2021-09-06,Alpine,3,1148,95,94,0,94,0
2021-09-06,Amador,5,37829,4745,4648,48,4696,53
2021-09-06,Butte,7,227075,17008,16588,3089,19677,218
2021-09-06,Calaveras,9,45235,3165,3122,22,3144,63
2021-09-06,Colusa,11,21464,2332,2306,519,2825,16
2021-09-06,Contra Costa,13,1133247,91849,90971,1901,92872,891
2021-09-06,Del Norte,15,27424,3142,3037,14,3051,24
2021-09-06,El Dorado,17,186661,14047,13848,1415,15263,119
2021-09-06,Fresno,19,978130,120935,119738,10723,130461,1828
2021-09-06,Glenn,21,27897,2971,2912,838,3750,20
2021-09-06,Humboldt,23,135768,7522,7320,324,7644,52
2021-09-06,Imperial,25,180216,30727,30576,3116,33692,751
2021-09-06,Inyo,27,18085,1589,1578,10,1588,39
2021-09-06,Kern,29,883053,111896,110347,17069,127416,1408
2021-09-06,Kings,31,150075,27561,27094,1624,28718,264
2021-09-06,Lake,33,64148,5717,5548,88,5636,78
2021-09-06,Lassen,35,31185,5934,5822,213,6035,21
2021-09-06,Los Angeles,37,10098052,1365491,1359348,53306,1412654,25477
2021-09-06,Madera,39,155013,19624,19191,1482,20673,249
2021-09-06,Marin,41,260295,16453,16356,381,16737,242
2021-09-06,Mariposa,43,17540,798,764,22,786,5
2021-09-06,Mendocino,45,87422,6223,5984,232,6216,61
2021-09-06,Merced,47,269075,36813,36300,1276,37576,513
2021-09-06,Modoc,49,8938,449,449,158,607,5
2021-09-06,Mono,51,14174,1429,1416,13,1429,3
2021-09-06,Monterey,53,433212,46051,45833,2874,48707,541
2021-09-06,Napa,55,140530,11937,11792,76,11868,90
2021-09-06,Nevada,57,99092,7956,7748,268,8016,82
2021-09-06,Orange,59,3164182,290537,287948,13874,301822,5274
2021-09-06,Placer,61,380077,32226,31595,3033,34628,337
2021-09-06,Plumas,63,18699,1086,1068,22,1090,5
2021-09-06,Riverside,65,2383286,335771,333052,16337,349389,4666
2021-09-06,Sacramento,67,1510023,141612,141730,3371,145101,1905
2021-09-06,San Benito,69,59416,6809,6777,141,6918,64
2021-09-06,San Bernardino,71,2135413,331839,329693,10414,340107,5398
2021-09-06,San Diego,73,3302833,343762,340222,0,340222,3922
2021-09-06,San Francisco,75,870044,48472,48120,2378,50498,589
2021-09-06,San Joaquin,77,732212,89946,89293,4724,94017,1548
2021-09-06,San Luis Obispo,79,281455,26482,26183,1051,27234,286
2021-09-06,San Mateo,81,765935,50249,49859,1160,51019,561
2021-09-06,Santa Barbara,83,443738,40664,39876,1550,41426,489
2021-09-06,Santa Clara,85,1922200,137340,136458,1087,137545,1807
2021-09-06,Santa Cruz,87,273765,18799,18615,1034,19649,210
2021-09-06,Shasta,89,179085,16713,15985,2627,18612,226
2021-09-06,Sierra,91,2930,126,109,15,124,0
2021-09-06,Siskiyou,93,43540,2700,2595,920,3515,34
2021-09-06,Solano,95,438530,42252,41774,1063,42837,300
2021-09-06,Sonoma,97,501317,38303,37929,473,38402,358
2021-09-06,Stanislaus,99,539301,69649,68596,7746,76342,1074
2021-09-06,Sutter,101,95872,12407,12238,195,12433,138
2021-09-06,Tehama,103,63373,6588,6413,1065,7478,74
2021-09-06,Trinity,105,12862,536,515,151,666,6
2021-09-06,Tulare,107,460477,57933,57068,12456,69524,874
2021-09-06,Tuolumne,109,53932,5870,5697,52,5749,88
2021-09-06,Ventura,111,848112,92134,91132,4127,95259,1093
2021-09-06,Yolo,113,214977,17762,17576,910,18486,235
2021-09-06,Yuba,115,75493,8721,8584,166,8750,55
2021-09-05,Alameda,1,1643700,111289,110173,2712,112885,1301
2021-09-05,Alpine,3,1148,95,94,0,94,0
2021-09-05,Amador,5,37829,4733,4642,48,4690,53
2021-09-05,Butte,7,227075,16921,16504,3059,19563,218
2021-09-05,Calaveras,9,45235,3159,3106,22,3128,63
2021-09-05,Colusa,11,21464,2324,2305,517,2822,16
2021-09-05,Contra Costa,13,1133247,91665,90862,1895,92757,891
2021-09-05,Del Norte,15,27424,3122,3023,14,3037,24
2021-09-05,El Dorado,17,186661,14018,13827,1401,15228,119
2021-09-05,Fresno,19,978130,120677,119384,10693,130077,1828
2021-09-05,Glenn,21,27897,2966,2899,834,3733,20
2021-09-05,Humboldt,23,135768,7490,7312,321,7633,52
2021-09-05,Imperial,25,180216,30700,30548,3114,33662,751
2021-09-05,Inyo,27,18085,1586,1572,10,1582,39
2021-09-05,Kern,29,883053,111627,110073,16904,126977,1408
2021-09-05,Kings,31,150075,27485,26989,1620,28609,264
2021-09-05,Lake,33,64148,5700,5525,88,5613,78
2021-09-05,Lassen,35,31185,5914,5820,209,6029,21
2021-09-05,Los Angeles,37,10098052,1364225,1357748,53231,1410979,25465
2021-09-05,Madera,39,155013,19584,19155,1474,20629,249
2021-09-05,Marin,41,260295,16434,16342,380,16722,242
2021-09-05,Mariposa,43,17540,796,761,22,783,5
2021-09-05,Mendocino,45,87422,6189,5965,232,6197,61
2021-09-05,Merced,47,269075,36742,36243,1275,37518,513
2021-09-05,Modoc,49,8938,449,447,158,605,5
2021-09-05,Mono,51,14174,1429,1416,13,1429,3
2021-09-05,Monterey,53,433212,46028,45795,2861,48656,540
2021-09-05,Napa,55,140530,11912,11770,76,11846,90
2021-09-05,Nevada,57,99092,7934,7722,267,7989,82
2021-09-05,Orange,59,3164182,290259,287614,13861,301475,5274
2021-09-05,Placer,61,380077,32095,31487,3020,34507,337
2021-09-05,Plumas,63,18699,1082,1067,22,1089,5
2021-09-05,Riverside,65,2383286,335327,332604,16326,348930,4654
2021-09-05,Sacramento,67,1510023,141165,141276,3350,144626,1905
2021-09-05,San Benito,69,59416,6808,6764,141,6905,64
2021-09-05,San Bernardino,71,2135413,331466,329062,10401,339463,5392
2021-09-05,San Diego,73,3302833,343208,339427,0,339427,3914
2021-09-05,San Francisco,75,870044,48396,48035,2373,50408,589
2021-09-05,San Joaquin,77,732212,89787,89121,4711,93832,1548
2021-09-05,San Luis Obispo,79,281455,26437,26098,1050,27148,285
2021-09-05,San Mateo,81,765935,50186,49809,1155,50964,561
2021-09-05,Santa Barbara,83,443738,40598,39762,1548,41310,489
2021-09-05,Santa Clara,85,1922200,137139,136146,1085,137231,1807
2021-09-05,Santa Cruz,87,273765,18780,18588,1032,19620,210
2021-09-05,Shasta,89,179085,16634,15960,2601,18561,226
2021-09-05,Sierra,91,2930,125,109,15,124,0
2021-09-05,Siskiyou,93,43540,2684,2585,905,3490,34
2021-09-05,Solano,95,438530,42159,41687,1058,42745,300
2021-09-05,Sonoma,97,501317,38225,37881,472,38353,358
2021-09-05,Stanislaus,99,539301,69500,68434,7722,76156,1074
2021-09-05,Sutter,101,95872,12377,12179,189,12368,138
2021-09-05,Tehama,103,63373,6570,6400,1061,7461,74
2021-09-05,Trinity,105,12862,529,505,150,655,6
2021-09-05,Tulare,107,460477,57765,56915,12411,69326,874
2021-09-05,Tuolumne,109,53932,5858,5688,52,5740,88
2021-09-05,Ventura,111,848112,92006,91004,4121,95125,1093
2021-09-05,Yolo,113,214977,17728,17557,904,18461,235
2021-09-05,Yuba,115,75493,8696,8521,164,8685,55
2021-09-04,Alameda,1,1643700,111164,109944,2705,112649,1301
2021-09-04,Alpine,3,1148,95,94,0,94,0
2021-09-04,Amador,5,37829,4715,4637,47,4684,53
2021-09-04,Butte,7,227075,16871,16403,3038,19441,218
2021-09-04,Calaveras,9,45235,3148,3087,21,3108,63
2021-09-04,Colusa,11,21464,2322,2301,517,2818,16
2021-09-04,Contra Costa,13,1133247,91553,90623,1892,92515,891
2021-09-04,Del Norte,15,27424,3111,2984,14,2998,24
2021-09-04,El Dorado,17,186661,13992,13782,1393,15175,119
2021-09-04,Fresno,19,978130,120509,119033,10677,129710,1828
2021-09-04,Glenn,21,27897,2962,2878,830,3708,20
2021-09-04,Humboldt,23,135768,7459,7298,315,7613,52
2021-09-04,Imperial,25,180216,30679,30526,3112,33638,751
2021-09-04,Inyo,27,18085,1584,1571,10,1581,39
2021-09-04,Kern,29,883053,111395,109751,16776,126527,1408
2021-09-04,Kings,31,150075,27398,26896,1615,28511,263
2021-09-04,Lake,33,64148,5683,5507,88,5595,78
2021-09-04,Lassen,35,31185,5899,5814,201,6015,21
2021-09-04,Los Angeles,37,10098052,1363340,1355634,53170,1408804,25454
2021-09-04,Madera,39,155013,19550,19112,1468,20580,249
2021-09-04,Marin,41,260295,16418,16319,379,16698,242
2021-09-04,Mariposa,43,17540,792,759,22,781,5
2021-09-04,Mendocino,45,87422,6153,5933,232,6165,61
2021-09-04,Merced,47,269075,36698,36083,1274,37357,513
2021-09-04,Modoc,49,8938,449,447,158,605,5
2021-09-04,Mono,51,14174,1429,1417,13,1430,3
2021-09-04,Monterey,53,433212,46007,45756,2848,48604,540
2021-09-04,Napa,55,140530,11888,11760,74,11834,90
2021-09-04,Nevada,57,99092,7919,7691,266,7957,82
2021-09-04,Orange,59,3164182,290001,287244,13841,301085,5274
2021-09-04,Placer,61,380077,31995,31374,3002,34376,337
2021-09-04,Plumas,63,18699,1079,1067,22,1089,5
2021-09-04,Riverside,65,2383286,334859,331958,16314,348272,4654
2021-09-04,Sacramento,67,1510023,140868,140735,3341,144076,1896
2021-09-04,San Benito,69,59416,6799,6758,141,6899,64
2021-09-04,San Bernardino,71,2135413,331142,328425,10388,338813,5393
2021-09-04,San Diego,73,3302833,342781,338748,0,338748,3914
2021-09-04,San Francisco,75,870044,48326,47937,2360,50297,589
2021-09-04,San Joaquin,77,732212,89673,88846,4705,93551,1548
2021-09-04,San Luis Obispo,79,281455,26408,26020,1050,27070,285
2021-09-04,San Mateo,81,765935,50140,49721,1147,50868,560
2021-09-04,Santa Barbara,83,443738,40531,39667,1546,41213,489
2021-09-04,Santa Clara,85,1922200,136956,135845,1082,136927,1806
2021-09-04,Santa Cruz,87,273765,18762,18579,1028,19607,210
2021-09-04,Shasta,89,179085,16558,15924,2574,18498,226
2021-09-04,Sierra,91,2930,123,108,15,123,0
2021-09-04,Siskiyou,93,43540,2659,2563,893,3456,34
2021-09-04,Solano,95,438530,42089,41614,1056,42670,300
2021-09-04,Sonoma,97,501317,38191,37809,472,38281,358
2021-09-04,Stanislaus,99,539301,69342,68210,7705,75915,1074
2021-09-04,Sutter,101,95872,12336,12137,188,12325,138
2021-09-04,Tehama,103,63373,6556,6367,1045,7412,74
2021-09-04,Trinity,105,12862,527,497,150,647,6
2021-09-04,Tulare,107,460477,57658,56719,12368,69087,874
2021-09-04,Tuolumne,109,53932,5840,5667,51,5718,88
2021-09-04,Ventura,111,848112,91884,90904,4119,95023,1090
2021-09-04,Yolo,113,214977,17695,17522,900,18422,235
2021-09-04,Yuba,115,75493,8668,8475,163,8638,55
2021-09-03,Alameda,1,1643700,111022,109636,2704,112340,1301
2021-09-03,Alpine,3,1148,95,94,0,94,0
2021-09-03,Amador,5,37829,4693,4614,47,4661,53
2021-09-03,Butte,7,227075,16789,16259,3009,19268,215
2021-09-03,Calaveras,9,45235,3138,3069,21,3090,63
2021-09-03,Colusa,11,21464,2317,2295,516,2811,16
2021-09-03,Contra Costa,13,1133247,91402,90299,1889,92188,886
2021-09-03,Del Norte,15,27424,3083,2943,13,2956,24
2021-09-03,El Dorado,17,186661,13959,13710,1389,15099,119
2021-09-03,Fresno,19,978130,120182,118508,10663,129171,1822
2021-09-03,Glenn,21,27897,2955,2867,823,3690,20
2021-09-03,Humboldt,23,135768,7435,7194,310,7504,52
2021-09-03,Imperial,25,180216,30658,30475,3107,33582,751
2021-09-03,Inyo,27,18085,1579,1567,10,1577,39
2021-09-03,Kern,29,883053,111187,109296,16660,125956,1407
2021-09-03,Kings,31,150075,27315,26753,1610,28363,263
2021-09-03,Lake,33,64148,5663,5479,86,5565,78
2021-09-03,Lassen,35,31185,5882,5789,196,5985,21
2021-09-03,Los Angeles,37,10098052,1362066,1351185,53095,1404280,25384
2021-09-03,Madera,39,155013,19468,19021,1460,20481,247
2021-09-03,Marin,41,260295,16397,16293,378,16671,242
2021-09-03,Mariposa,43,17540,785,753,22,775,5
2021-09-03,Mendocino,45,87422,6118,5891,231,6122,61
2021-09-03,Merced,47,269075,36644,35941,1267,37208,512
2021-09-03,Modoc,49,8938,449,445,158,603,5
2021-09-03,Mono,51,14174,1428,1410,13,1423,3
2021-09-03,Monterey,53,433212,45979,45707,2833,48540,540
2021-09-03,Napa,55,140530,11867,11733,74,11807,89
2021-09-03,Nevada,57,99092,7887,7632,265,7897,82
2021-09-03,Orange,59,3164182,289686,286818,13814,300632,5253
2021-09-03,Placer,61,380077,31883,31238,2978,34216,335
2021-09-03,Plumas,63,18699,1075,1057,22,1079,5
2021-09-03,Riverside,65,2383286,334329,331011,16299,347310,4653
2021-09-03,Sacramento,67,1510023,140516,139982,3326,143308,1886
2021-09-03,San Benito,69,59416,6793,6746,141,6887,64
2021-09-03,San Bernardino,71,2135413,330735,327599,10377,337976,5381
2021-09-03,San Diego,73,3302833,342159,337627,0,337627,3911
2021-09-03,San Francisco,75,870044,48255,47822,2351,50173,589
2021-09-03,San Joaquin,77,732212,89531,88366,4700,93066,1540
2021-09-03,San Luis Obispo,79,281455,26334,25917,1048,26965,283
2021-09-03,San Mateo,81,765935,50059,49617,1131,50748,560
2021-09-03,Santa Barbara,83,443738,40464,39507,1543,41050,489
2021-09-03,Santa Clara,85,1922200,136753,135522,1079,136601,1801
2021-09-03,Santa Cruz,87,273765,18738,18532,1028,19560,210
2021-09-03,Shasta,89,179085,16486,15778,2550,18328,226
2021-09-03,Sierra,91,2930,121,105,15,120,0
2021-09-03,Siskiyou,93,43540,2647,2529,879,3408,34
2021-09-03,Solano,95,438530,42013,41457,1053,42510,300
2021-09-03,Sonoma,97,501317,38130,37699,472,38171,358
2021-09-03,Stanislaus,99,539301,69164,67887,7687,75574,1074
2021-09-03,Sutter,101,95872,12297,12073,187,12260,139
2021-09-03,Tehama,103,63373,6524,6334,1037,7371,72
2021-09-03,Trinity,105,12862,526,490,145,635,6
2021-09-03,Tulare,107,460477,57531,56401,12315,68716,872
2021-09-03,Tuolumne,109,53932,5800,5630,51,5681,88
2021-09-03,Ventura,111,848112,91744,90742,4115,94857,1088
2021-09-03,Yolo,113,214977,17672,17446,894,18340,235
2021-09-03,Yuba,115,75493,8637,8412,162,8574,55
2021-09-02,Alameda,1,1643700,110769,109377,2700,112077,1301
2021-09-02,Alpine,3,1148,94,92,0,92,0
2021-09-02,Amador,5,37829,4677,4606,47,4653,53
2021-09-02,Butte,7,227075,16669,16154,2986,19140,215
2021-09-02,Calaveras,9,45235,3127,3042,20,3062,62
2021-09-02,Colusa,11,21464,2314,2290,514,2804,16
2021-09-02,Contra Costa,13,1133247,91223,90038,1881,91919,886
2021-09-02,Del Norte,15,27424,3053,2891,13,2904,24
2021-09-02,El Dorado,17,186661,13902,13641,1361,15002,119
2021-09-02,Fresno,19,978130,119700,117974,10629,128603,1804
2021-09-02,Glenn,21,27897,2933,2855,820,3675,20
2021-09-02,Humboldt,23,135768,7388,7141,298,7439,52
2021-09-02,Imperial,25,180216,30615,30449,3104,33553,751
2021-09-02,Inyo,27,18085,1575,1564,9,1573,39
2021-09-02,Kern,29,883053,110786,108930,16519,125449,1404
2021-09-02,Kings,31,150075,27223,26638,1600,28238,263
2021-09-02,Lake,33,64148,5633,5432,84,5516,78
2021-09-02,Lassen,35,31185,5869,5747,189,5936,21
2021-09-02,Los Angeles,37,10098052,1360290,1351105,53000,1404105,25382
2021-09-02,Madera,39,155013,19376,18937,1444,20381,247
2021-09-02,Marin,41,260295,16384,16244,376,16620,242
2021-09-02,Mariposa,43,17540,779,745,19,764,5
2021-09-02,Mendocino,45,87422,6078,5848,228,6076,61
2021-09-02,Merced,47,269075,36487,35820,1259,37079,508
2021-09-02,Modoc,49,8938,449,437,158,595,5
2021-09-02,Mono,51,14174,1428,1409,13,1422,3
2021-09-02,Monterey,53,433212,45927,45648,2806,48454,539
2021-09-02,Napa,55,140530,11839,11684,74,11758,88
2021-09-02,Nevada,57,99092,7835,7575,264,7839,82
2021-09-02,Orange,59,3164182,289230,286326,13785,300111,5240
2021-09-02,Placer,61,380077,31747,31067,2950,34017,330
2021-09-02,Plumas,63,18699,1066,1045,19,1064,5
2021-09-02,Riverside,65,2383286,333620,330190,16273,346463,4644
2021-09-02,Sacramento,67,1510023,139950,139274,3290,142564,1882
2021-09-02,San Benito,69,59416,6788,6734,140,6874,64
2021-09-02,San Bernardino,71,2135413,330128,326940,10303,337243,5369
2021-09-02,San Diego,73,3302833,341211,336382,0,336382,3909
2021-09-02,San Francisco,75,870044,48149,47674,2345,50019,587
2021-09-02,San Joaquin,77,732212,89263,88056,4670,92726,1540
2021-09-02,San Luis Obispo,79,281455,26251,25851,1043,26894,283
2021-09-02,San Mateo,81,765935,49972,49490,1118,50608,558
2021-09-02,Santa Barbara,83,443738,40374,39386,1529,40915,486
2021-09-02,Santa Clara,85,1922200,136457,135216,1074,136290,1799
2021-09-02,Santa Cruz,87,273765,18705,18473,1026,19499,210
2021-09-02,Shasta,89,179085,16347,15670,2519,18189,224
2021-09-02,Sierra,91,2930,121,105,15,120,0
2021-09-02,Siskiyou,93,43540,2628,2513,849,3362,34
2021-09-02,Solano,95,438530,41906,41293,1050,42343,294
2021-09-02,Sonoma,97,501317,38053,37558,472,38030,352
2021-09-02,Stanislaus,99,539301,68916,67576,7665,75241,1074
2021-09-02,Sutter,101,95872,12226,11995,183,12178,138
2021-09-02,Tehama,103,63373,6464,6265,1017,7282,72
2021-09-02,Trinity,105,12862,522,484,143,627,6
2021-09-02,Tulare,107,460477,57306,56105,12260,68365,872
2021-09-02,Tuolumne,109,53932,5745,5578,51,5629,88
2021-09-02,Ventura,111,848112,91555,90610,4109,94719,1084
2021-09-02,Yolo,113,214977,17604,17357,883,18240,235
2021-09-02,Yuba,115,75493,8579,8363,162,8525,55
2021-09-01,Alameda,1,1643700,110499,109075,2696,111771,1299
2021-09-01,Alpine,3,1148,94,92,0,92,0
2021-09-01,Amador,5,37829,4661,4599,47,4646,53
2021-09-01,Butte,7,227075,16562,16046,2955,19001,215
2021-09-01,Calaveras,9,45235,3112,3023,20,3043,59
2021-09-01,Colusa,11,21464,2310,2281,514,2795,16
2021-09-01,Contra Costa,13,1133247,90997,89834,1870,91704,877
2021-09-01,Del Norte,15,27424,3021,2860,13,2873,24
2021-09-01,El Dorado,17,186661,13848,13577,1333,14910,119
2021-09-01,Fresno,19,978130,119179,117492,10575,128067,1800
2021-09-01,Glenn,21,27897,2906,2846,810,3656,20
2021-09-01,Humboldt,23,135768,7339,7090,291,7381,52
2021-09-01,Imperial,25,180216,30579,30393,3100,33493,750
2021-09-01,Inyo,27,18085,1572,1561,7,1568,39
2021-09-01,Kern,29,883053,110379,108449,16375,124824,1400
2021-09-01,Kings,31,150075,27111,26443,1588,28031,263
2021-09-01,Lake,33,64148,5592,5396,81,5477,77
2021-09-01,Lassen,35,31185,5847,5731,185,5916,21
2021-09-01,Los Angeles,37,10098052,1358160,1348589,52886,1401475,25341
2021-09-01,Madera,39,155013,19301,18852,1430,20282,247
2021-09-01,Marin,41,260295,16364,16224,371,16595,240
2021-09-01,Mariposa,43,17540,771,735,19,754,5
2021-09-01,Mendocino,45,87422,6038,5821,223,6044,59
2021-09-01,Merced,47,269075,36316,35686,1254,36940,500
2021-09-01,Modoc,49,8938,444,436,156,592,5
2021-09-01,Mono,51,14174,1428,1400,13,1413,3
2021-09-01,Monterey,53,433212,45858,45590,2781,48371,539
2021-09-01,Napa,55,140530,11807,11653,74,11727,88
2021-09-01,Nevada,57,99092,7783,7508,263,7771,82
2021-09-01,Orange,59,3164182,288769,285840,13747,299587,5233
2021-09-01,Placer,61,380077,31593,30902,2937,33839,330
2021-09-01,Plumas,63,18699,1059,1033,19,1052,5
2021-09-01,Riverside,65,2383286,332811,329388,16239,345627,4634
2021-09-01,Sacramento,67,1510023,139349,138499,3247,141746,1875
2021-09-01,San Benito,69,59416,6771,6716,140,6856,64
2021-09-01,San Bernardino,71,2135413,329486,326250,10274,336524,5364
2021-09-01,San Diego,73,3302833,340175,335302,0,335302,3908
2021-09-01,San Francisco,75,870044,48047,47538,2335,49873,584
2021-09-01,San Joaquin,77,732212,88943,87640,4649,92289,1540
2021-09-01,San Luis Obispo,79,281455,26155,25691,1038,26729,283
2021-09-01,San Mateo,81,765935,49869,49394,1104,50498,558
2021-09-01,Santa Barbara,83,443738,40257,39263,1512,40775,483
2021-09-01,Santa Clara,85,1922200,136195,134855,1069,135924,1796
2021-09-01,Santa Cruz,87,273765,18658,18453,1024,19477,210
2021-09-01,Shasta,89,179085,16214,15552,2475,18027,221
2021-09-01,Sierra,91,2930,120,98,15,113,0
2021-09-01,Siskiyou,93,43540,2599,2482,827,3309,34
2021-09-01,Solano,95,438530,41764,41194,1045,42239,293
2021-09-01,Sonoma,97,501317,37959,37454,471,37925,352
2021-09-01,Stanislaus,99,539301,68625,67287,7645,74932,1075
2021-09-01,Sutter,101,95872,12163,11945,177,12122,136
2021-09-01,Tehama,103,63373,6430,6228,1002,7230,72
2021-09-01,Trinity,105,12862,521,482,140,622,5
2021-09-01,Tulare,107,460477,57022,55768,12223,67991,870
2021-09-01,Tuolumne,109,53932,5705,5553,51,5604,88
2021-09-01,Ventura,111,848112,91332,90471,4094,94565,1089
2021-09-01,Yolo,113,214977,17552,17264,876,18140,235
2021-09-01,Yuba,115,75493,8515,8308,162,8470,55
2021-08-31,Alameda,1,1643700,110192,108837,2689,111526,1297
2021-08-31,Alpine,3,1148,92,92,0,92,0
2021-08-31,Amador,5,37829,4640,4555,47,4602,53
2021-08-31,Butte,7,227075,16427,15896,2916,18812,216
2021-08-31,Calaveras,9,45235,3074,3008,20,3028,59
2021-08-31,Colusa,11,21464,2308,2275,512,2787,16
2021-08-31,Contra Costa,13,1133247,90707,89546,1859,91405,871
2021-08-31,Del Norte,15,27424,2983,2830,13,2843,19
2021-08-31,El Dorado,17,186661,13778,13539,1315,14854,119
2021-08-31,Fresno,19,978130,118638,117155,10510,127665,1801
2021-08-31,Glenn,21,27897,2890,2829,796,3625,20
2021-08-31,Humboldt,23,135768,7263,7030,277,7307,52
2021-08-31,Imperial,25,180216,30544,30348,3092,33440,750
2021-08-31,Inyo,27,18085,1568,1550,7,1557,39
2021-08-31,Kern,29,883053,109891,108151,16195,124346,1393
2021-08-31,Kings,31,150075,26976,26405,1573,27978,260
2021-08-31,Lake,33,64148,5549,5359,77,5436,74
2021-08-31,Lassen,35,31185,5821,5702,182,5884,21
2021-08-31,Los Angeles,37,10098052,1355740,1346686,52803,1399489,25303
2021-08-31,Madera,39,155013,19212,18811,1414,20225,247
2021-08-31,Marin,41,260295,16335,16215,368,16583,240
2021-08-31,Mariposa,43,17540,762,732,19,751,5
2021-08-31,Mendocino,45,87422,5998,5777,221,5998,59
2021-08-31,Merced,47,269075,36148,35512,1249,36761,498
2021-08-31,Modoc,49,8938,443,436,156,592,5
2021-08-31,Mono,51,14174,1412,1398,13,1411,3
2021-08-31,Monterey,53,433212,45794,45550,2747,48297,539
2021-08-31,Napa,55,140530,11760,11618,74,11692,88
2021-08-31,Nevada,57,99092,7717,7460,263,7723,82
2021-08-31,Orange,59,3164182,288177,285310,13711,299021,5229
2021-08-31,Placer,61,380077,31407,30745,2898,33643,325
2021-08-31,Plumas,63,18699,1054,1018,19,1037,5
2021-08-31,Riverside,65,2383286,331845,328556,16206,344762,4627
2021-08-31,Sacramento,67,1510023,138696,137879,3211,141090,1863
2021-08-31,San Benito,69,59416,6759,6694,138,6832,64
2021-08-31,San Bernardino,71,2135413,328753,325446,10255,335701,5350
2021-08-31,San Diego,73,3302833,338911,334377,0,334377,3888
2021-08-31,San Francisco,75,870044,47911,47440,2313,49753,581
2021-08-31,San Joaquin,77,732212,88507,87365,4627,91992,1540
2021-08-31,San Luis Obispo,79,281455,26031,25518,1034,26552,282
2021-08-31,San Mateo,81,765935,49763,49299,1097,50396,556
2021-08-31,Santa Barbara,83,443738,40107,39091,1504,40595,481
2021-08-31,Santa Clara,85,1922200,135849,134637,1065,135702,1793
2021-08-31,Santa Cruz,87,273765,18617,18419,1021,19440,210
2021-08-31,Shasta,89,179085,16063,15368,2446,17814,220
2021-08-31,Sierra,91,2930,117,95,15,110,0
2021-08-31,Siskiyou,93,43540,2583,2435,812,3247,33
2021-08-31,Solano,95,438530,41634,41067,1038,42105,289
2021-08-31,Sonoma,97,501317,37869,37379,470,37849,352
2021-08-31,Stanislaus,99,539301,68262,67004,7611,74615,1075
2021-08-31,Sutter,101,95872,12097,11901,173,12074,136
2021-08-31,Tehama,103,63373,6382,6169,972,7141,72
2021-08-31,Trinity,105,12862,515,480,139,619,3
2021-08-31,Tulare,107,460477,56686,55567,12149,67716,870
2021-08-31,Tuolumne,109,53932,5669,5516,51,5567,88
2021-08-31,Ventura,111,848112,91122,90292,4083,94375,1081
2021-08-31,Yolo,113,214977,17475,17205,867,18072,234
2021-08-31,Yuba,115,75493,8463,8253,162,8415,54
2021-08-30,Alameda,1,1643700,109862,107734,2678,110412,1296
2021-08-30,Alpine,3,1148,92,92,0,92,0
2021-08-30,Amador,5,37829,4629,4507,47,4554,53
2021-08-30,Butte,7,227075,16281,15719,2883,18602,214
2021-08-30,Calaveras,9,45235,3055,2975,20,2995,59
2021-08-30,Colusa,11,21464,2300,2271,508,2779,16
2021-08-30,Contra Costa,13,1133247,90450,87679,1848,89527,872
2021-08-30,Del Norte,15,27424,2941,2796,12,2808,11
2021-08-30,El Dorado,17,186661,13710,13217,1297,14514,119
2021-08-30,Fresno,19,978130,118056,115867,10446,126313,1790
2021-08-30,Glenn,21,27897,2880,2804,793,3597,20
2021-08-30,Humboldt,23,135768,7209,6930,270,7200,52
2021-08-30,Imperial,25,180216,30507,30311,3087,33398,750
2021-08-30,Inyo,27,18085,1563,1544,7,1551,39
2021-08-30,Kern,29,883053,109422,107615,16028,123643,1389
2021-08-30,Kings,31,150075,26858,26236,1559,27795,259
2021-08-30,Lake,33,64148,5516,5323,73,5396,74
2021-08-30,Lassen,35,31185,5799,5667,176,5843,21
2021-08-30,Los Angeles,37,10098052,1353283,1344949,52708,1397657,25269
2021-08-30,Madera,39,155013,19132,18622,1397,20019,247
2021-08-30,Marin,41,260295,16303,16160,368,16528,240
2021-08-30,Mariposa,43,17540,756,715,18,733,5
2021-08-30,Mendocino,45,87422,5966,5721,217,5938,55
2021-08-30,Merced,47,269075,36019,35335,1247,36582,497
2021-08-30,Modoc,49,8938,441,436,155,591,5
2021-08-30,Mono,51,14174,1412,1390,13,1403,3
2021-08-30,Monterey,53,433212,45741,45463,2723,48186,539
2021-08-30,Napa,55,140530,11710,11579,72,11651,87
2021-08-30,Nevada,57,99092,7658,7356,261,7617,82
2021-08-30,Orange,59,3164182,287614,284750,13662,298412,5223
2021-08-30,Placer,61,380077,31250,29825,2873,32698,319
2021-08-30,Plumas,63,18699,1037,998,19,1017,5
2021-08-30,Riverside,65,2383286,330948,327593,16176,343769,4623
2021-08-30,Sacramento,67,1510023,138047,134571,3165,137736,1847
2021-08-30,San Benito,69,59416,6750,6663,138,6801,64
2021-08-30,San Bernardino,71,2135413,328075,324870,10225,335095,5348
2021-08-30,San Diego,73,3302833,337633,333011,0,333011,3885
2021-08-30,San Francisco,75,870044,47773,46966,2295,49261,581
2021-08-30,San Joaquin,77,732212,88188,86203,4621,90824,1528
2021-08-30,San Luis Obispo,79,281455,25907,25422,1027,26449,280
2021-08-30,San Mateo,81,765935,49647,48839,1080,49919,554
2021-08-30,Santa Barbara,83,443738,39959,38998,1498,40496,481
2021-08-30,Santa Clara,85,1922200,135525,133281,1057,134338,1789
2021-08-30,Santa Cruz,87,273765,18562,18326,1017,19343,210
2021-08-30,Shasta,89,179085,15935,15238,2401,17639,217
2021-08-30,Sierra,91,2930,115,91,15,106,0
2021-08-30,Siskiyou,93,43540,2570,2411,802,3213,33
2021-08-30,Solano,95,438530,41494,39986,1034,41020,290
2021-08-30,Sonoma,97,501317,37766,36764,470,37234,352
2021-08-30,Stanislaus,99,539301,67919,66173,7582,73755,1074
2021-08-30,Sutter,101,95872,12026,11791,166,11957,136
2021-08-30,Tehama,103,63373,6298,6085,942,7027,71
2021-08-30,Trinity,105,12862,505,468,136,604,3
2021-08-30,Tulare,107,460477,56376,55140,12070,67210,870
2021-08-30,Tuolumne,109,53932,5622,5492,51,5543,74
2021-08-30,Ventura,111,848112,90903,90149,4074,94223,1082
2021-08-30,Yolo,113,214977,17413,17071,864,17935,231
2021-08-30,Yuba,115,75493,8390,8129,161,8290,54
2021-08-29,Alameda,1,1643700,109523,107494,2663,110157,1296
2021-08-29,Alpine,3,1148,92,92,0,92,0
2021-08-29,Amador,5,37829,4616,4501,46,4547,53
2021-08-29,Butte,7,227075,16123,15602,2842,18444,214
2021-08-29,Calaveras,9,45235,3019,2970,20,2990,59
2021-08-29,Colusa,11,21464,2290,2260,502,2762,16
2021-08-29,Contra Costa,13,1133247,90157,87439,1845,89284,872
2021-08-29,Del Norte,15,27424,2897,2752,12,2764,11
2021-08-29,El Dorado,17,186661,13656,13166,1286,14452,119
2021-08-29,Fresno,19,978130,117464,115502,10399,125901,1790
2021-08-29,Glenn,21,27897,2864,2778,787,3565,20
2021-08-29,Humboldt,23,135768,7164,6922,255,7177,52
2021-08-29,Imperial,25,180216,30447,30293,3076,33369,750
2021-08-29,Inyo,27,18085,1553,1543,6,1549,39
2021-08-29,Kern,29,883053,108984,107324,15857,123181,1389
2021-08-29,Kings,31,150075,26699,26143,1544,27687,259
2021-08-29,Lake,33,64148,5475,5293,67,5360,74
2021-08-29,Lassen,35,31185,5776,5666,172,5838,21
2021-08-29,Los Angeles,37,10098052,1350536,1342541,52585,1395126,25263
2021-08-29,Madera,39,155013,19046,18594,1381,19975,247
2021-08-29,Marin,41,260295,16273,16134,365,16499,240
2021-08-29,Mariposa,43,17540,750,709,17,726,5
2021-08-29,Mendocino,45,87422,5910,5689,204,5893,55
2021-08-29,Merced,47,269075,35779,35250,1237,36487,497
2021-08-29,Modoc,49,8938,438,436,155,591,5
2021-08-29,Mono,51,14174,1406,1387,13,1400,3
2021-08-29,Monterey,53,433212,45658,45424,2678,48102,539
2021-08-29,Napa,55,140530,11679,11552,72,11624,87
2021-08-29,Nevada,57,99092,7601,7294,260,7554,82
2021-08-29,Orange,59,3164182,287003,284432,13621,298053,5223
2021-08-29,Placer,61,380077,31078,29674,2833,32507,319
2021-08-29,Plumas,63,18699,1029,996,19,1015,5
2021-08-29,Riverside,65,2383286,330090,326987,16154,343141,4623
2021-08-29,Sacramento,67,1510023,137307,133981,3117,137098,1843
2021-08-29,San Benito,69,59416,6723,6646,138,6784,64
2021-08-29,San Bernardino,71,2135413,327291,324266,10190,334456,5347
2021-08-29,San Diego,73,3302833,336534,332014,0,332014,3880
2021-08-29,San Francisco,75,870044,47643,46885,2278,49163,581
2021-08-29,San Joaquin,77,732212,87758,85922,4615,90537,1528
2021-08-29,San Luis Obispo,79,281455,25708,25288,1022,26310,280
2021-08-29,San Mateo,81,765935,49542,48737,1070,49807,554
2021-08-29,Santa Barbara,83,443738,39792,38900,1494,40394,481
2021-08-29,Santa Clara,85,1922200,135177,132979,1052,134031,1789
2021-08-29,Santa Cruz,87,273765,18515,18285,1015,19300,210
2021-08-29,Shasta,89,179085,15785,15198,2374,17572,217
2021-08-29,Sierra,91,2930,113,91,15,106,0
2021-08-29,Siskiyou,93,43540,2525,2407,781,3188,33
2021-08-29,Solano,95,438530,41347,39887,1029,40916,290
2021-08-29,Sonoma,97,501317,37630,36650,466,37116,352
2021-08-29,Stanislaus,99,539301,67571,65956,7550,73506,1074
2021-08-29,Sutter,101,95872,11968,11719,159,11878,136
2021-08-29,Tehama,103,63373,6218,6040,916,6956,71
2021-08-29,Trinity,105,12862,503,468,132,600,3
2021-08-29,Tulare,107,460477,56041,54974,11985,66959,870
2021-08-29,Tuolumne,109,53932,5597,5478,50,5528,74
2021-08-29,Ventura,111,848112,90654,90114,4067,94181,1082
2021-08-29,Yolo,113,214977,17318,17015,852,17867,231
2021-08-29,Yuba,115,75493,8326,8042,161,8203,54
2021-08-28,Alameda,1,1643700,109365,107007,2654,109661,1296
2021-08-28,Alpine,3,1148,92,92,0,92,0
2021-08-28,Amador,5,37829,4598,4484,46,4530,53
2021-08-28,Butte,7,227075,16065,15487,2813,18300,214
2021-08-28,Calaveras,9,45235,3011,2926,20,2946,59
2021-08-28,Colusa,11,21464,2286,2252,500,2752,16
2021-08-28,Contra Costa,13,1133247,89944,86938,1842,88780,872
2021-08-28,Del Norte,15,27424,2871,2734,11,2745,11
2021-08-28,El Dorado,17,186661,13617,13089,1280,14369,119
2021-08-28,Fresno,19,978130,117262,115079,10381,125460,1792
2021-08-28,Glenn,21,27897,2856,2773,781,3554,20
2021-08-28,Humboldt,23,135768,7129,6887,250,7137,52
2021-08-28,Imperial,25,180216,30418,30260,3072,33332,750
2021-08-28,Inyo,27,18085,1552,1539,6,1545,39
2021-08-28,Kern,29,883053,108751,107012,15719,122731,1389
2021-08-28,Kings,31,150075,26633,26059,1541,27600,257
2021-08-28,Lake,33,64148,5453,5267,63,5330,74
2021-08-28,Lassen,35,31185,5763,5665,171,5836,21
2021-08-28,Los Angeles,37,10098052,1349367,1337097,52515,1389612,25234
2021-08-28,Madera,39,155013,18996,18553,1366,19919,247
2021-08-28,Marin,41,260295,16258,16106,365,16471,240
2021-08-28,Mariposa,43,17540,748,704,17,721,5
2021-08-28,Mendocino,45,87422,5885,5658,204,5862,55
2021-08-28,Merced,47,269075,35729,35108,1233,36341,497
2021-08-28,Modoc,49,8938,438,436,154,590,5
2021-08-28,Mono,51,14174,1403,1385,13,1398,3
2021-08-28,Monterey,53,433212,45622,45394,2667,48061,539
2021-08-28,Napa,55,140530,11656,11512,71,11583,88
2021-08-28,Nevada,57,99092,7577,7238,258,7496,82
2021-08-28,Orange,59,3164182,286648,283953,13598,297551,5222
2021-08-28,Placer,61,380077,30969,29428,2822,32250,319
2021-08-28,Plumas,63,18699,1024,991,19,1010,5
2021-08-28,Riverside,65,2383286,329505,326222,16144,342366,4623
2021-08-28,Sacramento,67,1510023,136922,132985,3100,136085,1844
2021-08-28,San Benito,69,59416,6716,6636,138,6774,64
2021-08-28,San Bernardino,71,2135413,326854,323672,10181,333853,5348
2021-08-28,San Diego,73,3302833,335954,331330,0,331330,3880
2021-08-28,San Francisco,75,870044,47570,46654,2271,48925,581
2021-08-28,San Joaquin,77,732212,87597,85481,4611,90092,1527
2021-08-28,San Luis Obispo,79,281455,25643,25138,1017,26155,280
2021-08-28,San Mateo,81,765935,49470,48575,1061,49636,554
2021-08-28,Santa Barbara,83,443738,39721,38780,1493,40273,481
2021-08-28,Santa Clara,85,1922200,134970,132488,1050,133538,1789
2021-08-28,Santa Cruz,87,273765,18498,18240,1012,19252,210
2021-08-28,Shasta,89,179085,15682,15147,2355,17502,217
2021-08-28,Sierra,91,2930,109,91,15,106,0
2021-08-28,Siskiyou,93,43540,2517,2402,769,3171,33
2021-08-28,Solano,95,438530,41300,39610,1027,40637,290
2021-08-28,Sonoma,97,501317,37557,36466,464,36930,352
2021-08-28,Stanislaus,99,539301,67409,65670,7532,73202,1074
2021-08-28,Sutter,101,95872,11948,11669,159,11828,136
2021-08-28,Tehama,103,63373,6196,6004,905,6909,71
2021-08-28,Trinity,105,12862,499,463,131,594,3
2021-08-28,Tulare,107,460477,55913,54746,11939,66685,870
2021-08-28,Tuolumne,109,53932,5581,5469,50,5519,74
2021-08-28,Ventura,111,848112,90547,89934,4066,94000,1081
2021-08-28,Yolo,113,214977,17284,16907,844,17751,231
2021-08-28,Yuba,115,75493,8293,7985,161,8146,55
2021-08-27,Alameda,1,1643700,109163,106622,2651,109273,1296
2021-08-27,Alpine,3,1148,92,92,0,92,0
2021-08-27,Amador,5,37829,4582,4458,45,4503,53
2021-08-27,Butte,7,227075,15989,15277,2793,18070,214
2021-08-27,Calaveras,9,45235,2998,2903,20,2923,59
2021-08-27,Colusa,11,21464,2281,2240,498,2738,16
2021-08-27,Contra Costa,13,1133247,89746,86386,1840,88226,872
2021-08-27,Del Norte,15,27424,2839,2695,11,2706,11
2021-08-27,El Dorado,17,186661,13578,12968,1276,14244,119
2021-08-27,Fresno,19,978130,116853,114481,10368,124849,1774
2021-08-27,Glenn,21,27897,2843,2754,772,3526,20
2021-08-27,Humboldt,23,135768,7096,6782,246,7028,52
2021-08-27,Imperial,25,180216,30398,30201,3069,33270,750
2021-08-27,Inyo,27,18085,1551,1529,6,1535,39
2021-08-27,Kern,29,883053,108460,106570,15608,122178,1385
2021-08-27,Kings,31,150075,26559,25957,1539,27496,257
2021-08-27,Lake,33,64148,5429,5228,61,5289,74
2021-08-27,Lassen,35,31185,5748,5646,166,5812,21
2021-08-27,Los Angeles,37,10098052,1347877,1337006,52453,1389459,25230
2021-08-27,Madera,39,155013,18940,18476,1353,19829,247
2021-08-27,Marin,41,260295,16242,16055,363,16418,240
2021-08-27,Mariposa,43,17540,742,690,17,707,5
2021-08-27,Mendocino,45,87422,5854,5602,203,5805,55
2021-08-27,Merced,47,269075,35676,34906,1230,36136,495
2021-08-27,Modoc,49,8938,438,434,154,588,5
2021-08-27,Mono,51,14174,1394,1385,13,1398,3
2021-08-27,Monterey,53,433212,45583,45337,2650,47987,539
2021-08-27,Napa,55,140530,11622,11460,71,11531,87
2021-08-27,Nevada,57,99092,7536,7169,256,7425,82
2021-08-27,Orange,59,3164182,286288,283407,13568,296975,5206
2021-08-27,Placer,61,380077,30834,29157,2802,31959,320
2021-08-27,Plumas,63,18699,1020,984,19,1003,5
2021-08-27,Riverside,65,2383286,328989,325379,16130,341509,4622
2021-08-27,Sacramento,67,1510023,136491,131921,3087,135008,1838
2021-08-27,San Benito,69,59416,6710,6622,138,6760,64
2021-08-27,San Bernardino,71,2135413,326329,322893,10164,333057,5342
2021-08-27,San Diego,73,3302833,335168,330162,0,330162,3877
2021-08-27,San Francisco,75,870044,47496,46456,2250,48706,581
2021-08-27,San Joaquin,77,732212,87417,84949,4601,89550,1524
2021-08-27,San Luis Obispo,79,281455,25596,24952,1014,25966,280
2021-08-27,San Mateo,81,765935,49393,48424,1054,49478,553
2021-08-27,Santa Barbara,83,443738,39627,38675,1490,40165,480
2021-08-27,Santa Clara,85,1922200,134741,132011,1048,133059,1783
2021-08-27,Santa Cruz,87,273765,18459,18163,1008,19171,210
2021-08-27,Shasta,89,179085,15604,14996,2338,17334,217
2021-08-27,Sierra,91,2930,108,91,15,106,0
2021-08-27,Siskiyou,93,43540,2502,2358,755,3113,33
2021-08-27,Solano,95,438530,41211,39347,1022,40369,287
2021-08-27,Sonoma,97,501317,37484,36326,463,36789,342
2021-08-27,Stanislaus,99,539301,67201,65167,7501,72668,1061
2021-08-27,Sutter,101,95872,11901,11590,157,11747,135
2021-08-27,Tehama,103,63373,6170,5964,895,6859,71
2021-08-27,Trinity,105,12862,499,458,130,588,3
2021-08-27,Tulare,107,460477,55779,54443,11892,66335,870
2021-08-27,Tuolumne,109,53932,5549,5438,50,5488,74
2021-08-27,Ventura,111,848112,90437,89774,4061,93835,1076
2021-08-27,Yolo,113,214977,17245,16805,839,17644,231
2021-08-27,Yuba,115,75493,8236,7926,161,8087,54
2021-08-26,Alameda,1,1643700,108886,106146,2640,108786,1296
2021-08-26,Alpine,3,1148,92,92,0,92,0
2021-08-26,Amador,5,37829,4567,4442,45,4487,53
2021-08-26,Butte,7,227075,15858,15159,2758,17917,214
2021-08-26,Calaveras,9,45235,2989,2873,20,2893,59
2021-08-26,Colusa,11,21464,2275,2234,495,2729,16
2021-08-26,Contra Costa,13,1133247,89389,85808,1833,87641,866
2021-08-26,Del Norte,15,27424,2803,2625,11,2636,8
2021-08-26,El Dorado,17,186661,13512,12863,1261,14124,118
2021-08-26,Fresno,19,978130,116367,113854,10330,124184,1770
2021-08-26,Glenn,21,27897,2826,2740,764,3504,20
2021-08-26,Humboldt,23,135768,7038,6695,236,6931,53
2021-08-26,Imperial,25,180216,30353,30121,3061,33182,748
2021-08-26,Inyo,27,18085,1541,1521,5,1526,39
2021-08-26,Kern,29,883053,108037,106051,15460,121511,1380
2021-08-26,Kings,31,150075,26434,25838,1531,27369,260
2021-08-26,Lake,33,64148,5383,5196,59,5255,74
2021-08-26,Lassen,35,31185,5737,5626,164,5790,21
2021-08-26,Los Angeles,37,10098052,1345665,1334372,52352,1386724,25199
2021-08-26,Madera,39,155013,18870,18393,1341,19734,247
2021-08-26,Marin,41,260295,16214,15983,360,16343,240
2021-08-26,Mariposa,43,17540,732,677,17,694,5
2021-08-26,Mendocino,45,87422,5818,5533,198,5731,55
2021-08-26,Merced,47,269075,35510,34755,1216,35971,495
2021-08-26,Modoc,49,8938,438,433,154,587,5
2021-08-26,Mono,51,14174,1392,1385,13,1398,3
2021-08-26,Monterey,53,433212,45528,45265,2622,47887,539
2021-08-26,Napa,55,140530,11597,11394,70,11464,87
2021-08-26,Nevada,57,99092,7478,7086,254,7340,80
2021-08-26,Orange,59,3164182,285803,282814,13553,296367,5200
2021-08-26,Placer,61,380077,30665,28898,2777,31675,319
2021-08-26,Plumas,63,18699,1014,971,18,989,5
2021-08-26,Riverside,65,2383286,328203,324486,16107,340593,4615
2021-08-26,Sacramento,67,1510023,135951,130977,3043,134020,1827
2021-08-26,San Benito,69,59416,6701,6604,138,6742,64
2021-08-26,San Bernardino,71,2135413,325677,322100,10142,332242,5339
2021-08-26,San Diego,73,3302833,334135,328276,0,328276,3869
2021-08-26,San Francisco,75,870044,47373,46288,2240,48528,581
2021-08-26,San Joaquin,77,732212,87043,84429,4596,89025,1513
2021-08-26,San Luis Obispo,79,281455,25447,24831,1008,25839,278
2021-08-26,San Mateo,81,765935,49263,48263,1044,49307,553
2021-08-26,Santa Barbara,83,443738,39542,38566,1489,40055,479
2021-08-26,Santa Clara,85,1922200,134416,131443,1042,132485,1782
2021-08-26,Santa Cruz,87,273765,18399,18072,1006,19078,210
2021-08-26,Shasta,89,179085,15482,14891,2310,17201,217
2021-08-26,Sierra,91,2930,106,90,15,105,0
2021-08-26,Siskiyou,93,43540,2482,2342,740,3082,33
2021-08-26,Solano,95,438530,41069,39027,1014,40041,286
2021-08-26,Sonoma,97,501317,37394,36102,463,36565,337
2021-08-26,Stanislaus,99,539301,66882,64785,7475,72260,1061
2021-08-26,Sutter,101,95872,11840,11499,154,11653,135
2021-08-26,Tehama,103,63373,6109,5913,880,6793,68
2021-08-26,Trinity,105,12862,494,450,128,578,3
2021-08-26,Tulare,107,460477,55524,54157,11839,65996,870
2021-08-26,Tuolumne,109,53932,5529,5387,50,5437,74
2021-08-26,Ventura,111,848112,90271,89595,4052,93647,1080
2021-08-26,Yolo,113,214977,17181,16727,828,17555,231
2021-08-26,Yuba,115,75493,8163,7834,159,7993,54
2021-08-25,Alameda,1,1643700,108558,105636,2632,108268,1296
2021-08-25,Alpine,3,1148,92,92,0,92,0
2021-08-25,Amador,5,37829,4553,4415,45,4460,53
2021-08-25,Butte,7,227075,15757,15039,2717,17756,214
2021-08-25,Calaveras,9,45235,2970,2851,20,2871,59
2021-08-25,Colusa,11,21464,2269,2227,486,2713,16
2021-08-25,Contra Costa,13,1133247,89006,85322,1827,87149,863
2021-08-25,Del Norte,15,27424,2758,2573,11,2584,8
2021-08-25,El Dorado,17,186661,13452,12787,1245,14032,118
2021-08-25,Fresno,19,978130,115838,113384,10290,123674,1761
2021-08-25,Glenn,21,27897,2804,2728,752,3480,20
2021-08-25,Humboldt,23,135768,6973,6653,226,6879,52
2021-08-25,Imperial,25,180216,30318,30085,3056,33141,748
2021-08-25,Inyo,27,18085,1537,1518,5,1523,39
2021-08-25,Kern,29,883053,107613,105687,15300,120987,1379
2021-08-25,Kings,31,150075,26327,25676,1524,27200,258
2021-08-25,Lake,33,64148,5353,5163,56,5219,74
2021-08-25,Lassen,35,31185,5722,5583,163,5746,21
2021-08-25,Los Angeles,37,10098052,1343090,1331400,52263,1383663,25170
2021-08-25,Madera,39,155013,18805,18311,1323,19634,247
2021-08-25,Marin,41,260295,16192,15938,355,16293,240
2021-08-25,Mariposa,43,17540,726,676,17,693,5
2021-08-25,Mendocino,45,87422,5784,5486,193,5679,53
2021-08-25,Merced,47,269075,35373,34600,1211,35811,492
2021-08-25,Modoc,49,8938,438,433,154,587,5
2021-08-25,Mono,51,14174,1388,1382,13,1395,3
2021-08-25,Monterey,53,433212,45466,45196,2595,47791,539
2021-08-25,Napa,55,140530,11563,11348,69,11417,87
2021-08-25,Nevada,57,99092,7412,7000,253,7253,77
2021-08-25,Orange,59,3164182,285285,282061,13522,295583,5193
2021-08-25,Placer,61,380077,30495,28740,2745,31485,319
2021-08-25,Plumas,63,18699,995,962,18,980,5
2021-08-25,Riverside,65,2383286,327362,323548,16085,339633,4610
2021-08-25,Sacramento,67,1510023,135247,130046,3002,133048,1827
2021-08-25,San Benito,69,59416,6680,6587,137,6724,64
2021-08-25,San Bernardino,71,2135413,324988,321228,10124,331352,5337
2021-08-25,San Diego,73,3302833,332861,327166,0,327166,3859
2021-08-25,San Francisco,75,870044,47226,46107,2230,48337,578
2021-08-25,San Joaquin,77,732212,86666,84002,4590,88592,1510
2021-08-25,San Luis Obispo,79,281455,25253,24607,1005,25612,276
2021-08-25,San Mateo,81,765935,49142,48153,1025,49178,553
2021-08-25,Santa Barbara,83,443738,39410,38450,1489,39939,479
2021-08-25,Santa Clara,85,1922200,134049,130995,1039,132034,1783
2021-08-25,Santa Cruz,87,273765,18339,17987,1003,18990,210
2021-08-25,Shasta,89,179085,15358,14752,2277,17029,217
2021-08-25,Sierra,91,2930,103,90,15,105,0
2021-08-25,Siskiyou,93,43540,2437,2322,721,3043,33
2021-08-25,Solano,95,438530,40906,38848,1004,39852,286
2021-08-25,Sonoma,97,501317,37271,35986,460,36446,336
2021-08-25,Stanislaus,99,539301,66592,64441,7441,71882,1061
2021-08-25,Sutter,101,95872,11772,11451,150,11601,134
2021-08-25,Tehama,103,63373,6053,5861,864,6725,68
2021-08-25,Trinity,105,12862,488,450,127,577,3
2021-08-25,Tulare,107,460477,55241,53877,11770,65647,866
2021-08-25,Tuolumne,109,53932,5503,5354,50,5404,74
2021-08-25,Ventura,111,848112,90095,89379,4039,93418,1068
2021-08-25,Yolo,113,214977,17116,16667,818,17485,231
2021-08-25,Yuba,115,75493,8097,7771,158,7929,54
2021-08-24,Alameda,1,1643700,108219,105319,2621,107940,1296
2021-08-24,Alpine,3,1148,92,92,0,92,0
2021-08-24,Amador,5,37829,4534,4380,45,4425,50
2021-08-24,Butte,7,227075,15606,14964,2683,17647,214
2021-08-24,Calaveras,9,45235,2930,2811,20,2831,59
2021-08-24,Colusa,11,21464,2261,2221,482,2703,16
2021-08-24,Contra Costa,13,1133247,88644,84963,1821,86784,857
2021-08-24,Del Norte,15,27424,2731,2543,11,2554,8
2021-08-24,El Dorado,17,186661,13375,12732,1229,13961,118
2021-08-24,Fresno,19,978130,115251,113024,10244,123268,1761
2021-08-24,Glenn,21,27897,2790,2717,744,3461,20
2021-08-24,Humboldt,23,135768,6911,6585,213,6798,52
2021-08-24,Imperial,25,180216,30257,30045,3050,33095,748
2021-08-24,Inyo,27,18085,1532,1512,5,1517,39
2021-08-24,Kern,29,883053,107159,105399,15128,120527,1375
2021-08-24,Kings,31,150075,26207,25629,1508,27137,258
2021-08-24,Lake,33,64148,5320,5135,56,5191,72
2021-08-24,Lassen,35,31185,5707,5576,161,5737,21
2021-08-24,Los Angeles,37,10098052,1340258,1328777,52163,1380940,25135
2021-08-24,Madera,39,155013,18730,18251,1306,19557,247
2021-08-24,Marin,41,260295,16156,15900,353,16253,240
2021-08-24,Mariposa,43,17540,719,670,17,687,5
2021-08-24,Mendocino,45,87422,5740,5416,186,5602,52
2021-08-24,Merced,47,269075,35205,34490,1202,35692,491
2021-08-24,Modoc,49,8938,438,432,154,586,5
2021-08-24,Mono,51,14174,1386,1382,13,1395,3
2021-08-24,Monterey,53,433212,45414,45126,2564,47690,539
2021-08-24,Napa,55,140530,11532,11299,67,11366,85
2021-08-24,Nevada,57,99092,7344,6981,249,7230,77
2021-08-24,Orange,59,3164182,284694,281461,13497,294958,5187
2021-08-24,Placer,61,380077,30296,28618,2704,31322,318
2021-08-24,Plumas,63,18699,984,953,18,971,5
2021-08-24,Riverside,65,2383286,326493,322620,16053,338673,4605
2021-08-24,Sacramento,67,1510023,134577,129542,2947,132489,1812
2021-08-24,San Benito,69,59416,6667,6576,137,6713,64
2021-08-24,San Bernardino,71,2135413,324236,320300,10095,330395,5328
2021-08-24,San Diego,73,3302833,331397,325823,0,325823,3851
2021-08-24,San Francisco,75,870044,47058,46010,2211,48221,574
2021-08-24,San Joaquin,77,732212,86231,83684,4566,88250,1508
2021-08-24,San Luis Obispo,79,281455,25076,24443,994,25437,274
2021-08-24,San Mateo,81,765935,49001,48050,1013,49063,553
2021-08-24,Santa Barbara,83,443738,39280,38307,1488,39795,478
2021-08-24,Santa Clara,85,1922200,133620,130763,1034,131797,1779
2021-08-24,Santa Cruz,87,273765,18268,17928,996,18924,209
2021-08-24,Shasta,89,179085,15253,14664,2245,16909,217
2021-08-24,Sierra,91,2930,101,90,15,105,0
2021-08-24,Siskiyou,93,43540,2417,2294,706,3000,33
2021-08-24,Solano,95,438530,40701,38724,992,39716,283
2021-08-24,Sonoma,97,501317,37144,35849,458,36307,336
2021-08-24,Stanislaus,99,539301,66236,64195,7404,71599,1058
2021-08-24,Sutter,101,95872,11705,11384,147,11531,134
2021-08-24,Tehama,103,63373,6011,5826,848,6674,67
2021-08-24,Trinity,105,12862,478,446,119,565,3
2021-08-24,Tulare,107,460477,54891,53702,11682,65384,856
2021-08-24,Tuolumne,109,53932,5472,5287,50,5337,74
2021-08-24,Ventura,111,848112,89922,89167,4029,93196,1068
2021-08-24,Yolo,113,214977,17043,16492,805,17297,231
2021-08-24,Yuba,115,75493,8015,7723,156,7879,54
2021-08-23,Alameda,1,1643700,107813,104922,2608,107530,1294
2021-08-23,Alpine,3,1148,92,91,0,91,0
2021-08-23,Amador,5,37829,4520,4369,45,4414,50
2021-08-23,Butte,7,227075,15461,14847,2648,17495,211
2021-08-23,Calaveras,9,45235,2897,2803,20,2823,59
2021-08-23,Colusa,11,21464,2257,2206,479,2685,16
2021-08-23,Contra Costa,13,1133247,88268,84651,1815,86466,857
2021-08-23,Del Norte,15,27424,2684,2499,11,2510,8
2021-08-23,El Dorado,17,186661,13273,12684,1207,13891,118
2021-08-23,Fresno,19,978130,114713,112445,10204,122649,1759
2021-08-23,Glenn,21,27897,2772,2696,737,3433,20
2021-08-23,Humboldt,23,135768,6838,6498,197,6695,52
2021-08-23,Imperial,25,180216,30206,30011,3047,33058,748
2021-08-23,Inyo,27,18085,1525,1509,5,1514,39
2021-08-23,Kern,29,883053,106709,104995,14970,119965,1375
2021-08-23,Kings,31,150075,26079,25465,1501,26966,257
2021-08-23,Lake,33,64148,5281,5099,56,5155,69
2021-08-23,Lassen,35,31185,5695,5562,161,5723,21
2021-08-23,Los Angeles,37,10098052,1337344,1326412,52035,1378447,25096
2021-08-23,Madera,39,155013,18645,18155,1293,19448,246
2021-08-23,Marin,41,260295,16108,15856,349,16205,240
2021-08-23,Mariposa,43,17540,709,645,17,662,5
2021-08-23,Mendocino,45,87422,5674,5374,179,5553,51
2021-08-23,Merced,47,269075,35022,34322,1197,35519,488
2021-08-23,Modoc,49,8938,435,431,153,584,6
2021-08-23,Mono,51,14174,1384,1384,13,1397,3
2021-08-23,Monterey,53,433212,45336,45047,2531,47578,538
2021-08-23,Napa,55,140530,11494,11257,67,11324,85
2021-08-23,Nevada,57,99092,7266,6930,247,7177,77
2021-08-23,Orange,59,3164182,284061,280891,13464,294355,5181
2021-08-23,Placer,61,380077,30103,28540,2666,31206,314
2021-08-23,Plumas,63,18699,975,934,18,952,5
2021-08-23,Riverside,65,2383286,325582,321650,16027,337677,4598
2021-08-23,Sacramento,67,1510023,133808,128969,2874,131843,1807
2021-08-23,San Benito,69,59416,6648,6562,135,6697,64
2021-08-23,San Bernardino,71,2135413,323436,319577,10055,329632,5324
2021-08-23,San Diego,73,3302833,329954,324536,0,324536,3848
2021-08-23,San Francisco,75,870044,46913,45945,2195,48140,573
2021-08-23,San Joaquin,77,732212,85809,83466,4549,88015,1499
2021-08-23,San Luis Obispo,79,281455,24894,24317,992,25309,274
2021-08-23,San Mateo,81,765935,48875,47935,1001,48936,553
2021-08-23,Santa Barbara,83,443738,39102,38181,1486,39667,478
2021-08-23,Santa Clara,85,1922200,133221,130489,1029,131518,1778
2021-08-23,Santa Cruz,87,273765,18213,17871,993,18864,209
2021-08-23,Shasta,89,179085,15128,14537,2206,16743,216
2021-08-23,Sierra,91,2930,101,90,15,105,0
2021-08-23,Siskiyou,93,43540,2396,2274,685,2959,33
2021-08-23,Solano,95,438530,40554,38612,984,39596,283
2021-08-23,Sonoma,97,501317,37025,35769,456,36225,336
2021-08-23,Stanislaus,99,539301,65884,63922,7363,71285,1058
2021-08-23,Sutter,101,95872,11617,11314,139,11453,133
2021-08-23,Tehama,103,63373,5956,5805,829,6634,67
2021-08-23,Trinity,105,12862,476,435,115,550,3
2021-08-23,Tulare,107,460477,54587,53370,11610,64980,856
2021-08-23,Tuolumne,109,53932,5430,5240,50,5290,73
2021-08-23,Ventura,111,848112,89714,88960,4017,92977,1063
2021-08-23,Yolo,113,214977,16957,16445,789,17234,226
2021-08-23,Yuba,115,75493,7944,7653,155,7808,54
2021-08-22,Alameda,1,1643700,107371,104539,2567,107106,1294
2021-08-22,Alpine,3,1148,92,91,0,91,0
2021-08-22,Amador,5,37829,4491,4349,45,4394,50
2021-08-22,Butte,7,227075,15323,14791,2610,17401,211
2021-08-22,Calaveras,9,45235,2860,2771,20,2791,59
2021-08-22,Colusa,11,21464,2249,2201,473,2674,16
2021-08-22,Contra Costa,13,1133247,87729,84371,1800,86171,857
2021-08-22,Del Norte,15,27424,2629,2455,11,2466,8
2021-08-22,El Dorado,17,186661,13167,12629,1187,13816,118
2021-08-22,Fresno,19,978130,114142,112057,10146,122203,1759
2021-08-22,Glenn,21,27897,2753,2678,722,3400,20
2021-08-22,Humboldt,23,135768,6762,6483,179,6662,52
2021-08-22,Imperial,25,180216,30148,29993,3044,33037,748
2021-08-22,Inyo,27,18085,1519,1505,5,1510,39
2021-08-22,Kern,29,883053,106186,104691,14813,119504,1375
2021-08-22,Kings,31,150075,25925,25391,1483,26874,257
2021-08-22,Lake,33,64148,5235,5069,53,5122,69
2021-08-22,Lassen,35,31185,5663,5556,156,5712,21
2021-08-22,Los Angeles,37,10098052,1334039,1324151,51905,1376056,25089
2021-08-22,Madera,39,155013,18528,18120,1282,19402,246
2021-08-22,Marin,41,260295,16056,15822,342,16164,240
2021-08-22,Mariposa,43,17540,699,638,15,653,5
2021-08-22,Mendocino,45,87422,5617,5336,179,5515,51
2021-08-22,Merced,47,269075,34819,34234,1188,35422,488
2021-08-22,Modoc,49,8938,434,431,153,584,6
2021-08-22,Mono,51,14174,1383,1378,13,1391,3
2021-08-22,Monterey,53,433212,45249,45017,2505,47522,538
2021-08-22,Napa,55,140530,11450,11231,67,11298,85
2021-08-22,Nevada,57,99092,7194,6864,245,7109,77
2021-08-22,Orange,59,3164182,283384,280390,13420,293810,5181
2021-08-22,Placer,61,380077,29895,28395,2628,31023,314
2021-08-22,Plumas,63,18699,953,923,17,940,5
2021-08-22,Riverside,65,2383286,324560,320836,15977,336813,4594
2021-08-22,Sacramento,67,1510023,133032,128231,2828,131059,1802
2021-08-22,San Benito,69,59416,6632,6550,135,6685,64
2021-08-22,San Bernardino,71,2135413,322474,318839,10019,328858,5324
2021-08-22,San Diego,73,3302833,328629,323591,0,323591,3848
2021-08-22,San Francisco,75,870044,46755,45831,2177,48008,573
2021-08-22,San Joaquin,77,732212,85358,83121,4538,87659,1498
2021-08-22,San Luis Obispo,79,281455,24688,24250,985,25235,274
2021-08-22,San Mateo,81,765935,48737,47821,962,48783,553
2021-08-22,Santa Barbara,83,443738,38921,38099,1477,39576,478
2021-08-22,Santa Clara,85,1922200,132805,130189,1022,131211,1778
2021-08-22,Santa Cruz,87,273765,18152,17823,988,18811,209
2021-08-22,Shasta,89,179085,14988,14478,2171,16649,216
2021-08-22,Sierra,91,2930,101,87,15,102,0
2021-08-22,Siskiyou,93,43540,2367,2261,667,2928,33
2021-08-22,Solano,95,438530,40360,38489,971,39460,283
2021-08-22,Sonoma,97,501317,36870,35676,454,36130,336
2021-08-22,Stanislaus,99,539301,65523,63683,7288,70971,1058
2021-08-22,Sutter,101,95872,11535,11251,135,11386,133
2021-08-22,Tehama,103,63373,5906,5791,810,6601,67
2021-08-22,Trinity,105,12862,469,433,113,546,3
2021-08-22,Tulare,107,460477,54270,53220,11524,64744,856
2021-08-22,Tuolumne,109,53932,5388,5214,50,5264,73
2021-08-22,Ventura,111,848112,89510,88791,4000,92791,1063
2021-08-22,Yolo,113,214977,16856,16374,779,17153,226
2021-08-22,Yuba,115,75493,7871,7626,154,7780,54
2021-08-21,Alameda,1,1643700,107176,104281,2559,106840,1294
2021-08-21,Alpine,3,1148,92,91,0,91,0
2021-08-21,Amador,5,37829,4481,4338,43,4381,50
2021-08-21,Butte,7,227075,15255,14714,2588,17302,211
2021-08-21,Calaveras,9,45235,2847,2744,20,2764,59
2021-08-21,Colusa,11,21464,2244,2192,468,2660,16
2021-08-21,Contra Costa,13,1133247,87472,84136,1794,85930,857
2021-08-21,Del Norte,15,27424,2607,2409,11,2420,8
2021-08-21,El Dorado,17,186661,13124,12590,1183,13773,118
2021-08-21,Fresno,19,978130,113957,111765,10138,121903,1759
2021-08-21,Glenn,21,27897,2743,2654,715,3369,20
2021-08-21,Humboldt,23,135768,6726,6446,171,6617,52
2021-08-21,Imperial,25,180216,30105,29976,3041,33017,748
2021-08-21,Inyo,27,18085,1516,1500,5,1505,39
2021-08-21,Kern,29,883053,105930,104443,14686,119129,1375
2021-08-21,Kings,31,150075,25851,25313,1478,26791,257
2021-08-21,Lake,33,64148,5215,5055,51,5106,69
2021-08-21,Lassen,35,31185,5649,5553,156,5709,21
2021-08-21,Los Angeles,37,10098052,1332766,1321308,51814,1373122,25080
2021-08-21,Madera,39,155013,18491,18067,1276,19343,246
2021-08-21,Marin,41,260295,16022,15775,340,16115,240
2021-08-21,Mariposa,43,17540,689,634,15,649,5
2021-08-21,Mendocino,45,87422,5573,5307,178,5485,51
2021-08-21,Merced,47,269075,34715,34148,1183,35331,488
2021-08-21,Modoc,49,8938,434,430,153,583,6
2021-08-21,Mono,51,14174,1383,1378,13,1391,3
2021-08-21,Monterey,53,433212,45211,44969,2490,47459,538
2021-08-21,Napa,55,140530,11414,11211,67,11278,85
2021-08-21,Nevada,57,99092,7150,6810,244,7054,77
2021-08-21,Orange,59,3164182,282940,279855,13388,293243,5181
2021-08-21,Placer,61,380077,29762,28289,2603,30892,314
2021-08-21,Plumas,63,18699,951,916,16,932,5
2021-08-21,Riverside,65,2383286,323980,320086,15963,336049,4594
2021-08-21,Sacramento,67,1510023,132537,127751,2816,130567,1809
2021-08-21,San Benito,69,59416,6622,6542,134,6676,64
2021-08-21,San Bernardino,71,2135413,322026,318293,9999,328292,5324
2021-08-21,San Diego,73,3302833,327967,322620,0,322620,3848
2021-08-21,San Francisco,75,870044,46662,45637,2162,47799,573
2021-08-21,San Joaquin,77,732212,85146,82825,4533,87358,1498
2021-08-21,San Luis Obispo,79,281455,24634,24169,985,25154,273
2021-08-21,San Mateo,81,765935,48646,47685,956,48641,553
2021-08-21,Santa Barbara,83,443738,38841,37951,1473,39424,478
2021-08-21,Santa Clara,85,1922200,132540,129911,1018,130929,1778
2021-08-21,Santa Cruz,87,273765,18115,17763,983,18746,209
2021-08-21,Shasta,89,179085,14909,14417,2157,16574,217
2021-08-21,Sierra,91,2930,96,85,15,100,0
2021-08-21,Siskiyou,93,43540,2354,2246,655,2901,33
2021-08-21,Solano,95,438530,40251,38423,961,39384,281
2021-08-21,Sonoma,97,501317,36784,35582,453,36035,336
2021-08-21,Stanislaus,99,539301,65331,63512,7269,70781,1058
2021-08-21,Sutter,101,95872,11491,11204,133,11337,133
2021-08-21,Tehama,103,63373,5885,5757,803,6560,67
2021-08-21,Trinity,105,12862,464,431,111,542,3
2021-08-21,Tulare,107,460477,54126,53045,11479,64524,857
2021-08-21,Tuolumne,109,53932,5357,5193,50,5243,73
2021-08-21,Ventura,111,848112,89368,88558,3986,92544,1063
2021-08-21,Yolo,113,214977,16810,16322,773,17095,226
2021-08-21,Yuba,115,75493,7824,7580,153,7733,54
2021-08-20,Alameda,1,1643700,106930,103812,2549,106361,1294
2021-08-20,Alpine,3,1148,92,91,0,91,0
2021-08-20,Amador,5,37829,4455,4323,43,4366,50
2021-08-20,Butte,7,227075,15183,14617,2567,17184,211
2021-08-20,Calaveras,9,45235,2832,2717,20,2737,59
2021-08-20,Colusa,11,21464,2239,2178,466,2644,16
2021-08-20,Contra Costa,13,1133247,87198,83721,1787,85508,857
2021-08-20,Del Norte,15,27424,2575,2316,11,2327,8
2021-08-20,El Dorado,17,186661,13086,12495,1175,13670,118
2021-08-20,Fresno,19,978130,113608,111315,10119,121434,1759
2021-08-20,Glenn,21,27897,2736,2642,710,3352,20
2021-08-20,Humboldt,23,135768,6675,6349,166,6515,52
2021-08-20,Imperial,25,180216,30081,29934,3041,32975,747
2021-08-20,Inyo,27,18085,1510,1495,5,1500,39
2021-08-20,Kern,29,883053,105647,104048,14554,118602,1373
2021-08-20,Kings,31,150075,25787,25241,1475,26716,256
2021-08-20,Lake,33,64148,5200,5024,50,5074,69
2021-08-20,Lassen,35,31185,5629,5539,156,5695,21
2021-08-20,Los Angeles,37,10098052,1330922,1317541,51715,1369256,25049
2021-08-20,Madera,39,155013,18443,18018,1260,19278,246
2021-08-20,Marin,41,260295,16004,15727,337,16064,240
2021-08-20,Mariposa,43,17540,684,630,15,645,5
2021-08-20,Mendocino,45,87422,5528,5241,176,5417,51
2021-08-20,Merced,47,269075,34649,34035,1179,35214,486
2021-08-20,Modoc,49,8938,434,429,153,582,6
2021-08-20,Mono,51,14174,1382,1368,13,1381,3
2021-08-20,Monterey,53,433212,45181,44890,2476,47366,538
2021-08-20,Napa,55,140530,11382,11152,67,11219,83
2021-08-20,Nevada,57,99092,7109,6753,237,6990,77
2021-08-20,Orange,59,3164182,282505,279193,13364,292557,5179
2021-08-20,Placer,61,380077,29668,28156,2577,30733,313
2021-08-20,Plumas,63,18699,945,908,16,924,5
2021-08-20,Riverside,65,2383286,323286,319072,15933,335005,4594
2021-08-20,Sacramento,67,1510023,132065,127226,2798,130024,1797
2021-08-20,San Benito,69,59416,6608,6508,134,6642,64
2021-08-20,San Bernardino,71,2135413,321415,317372,9969,327341,5322
2021-08-20,San Diego,73,3302833,327062,321102,0,321102,3846
2021-08-20,San Francisco,75,870044,46574,45432,2142,47574,573
2021-08-20,San Joaquin,77,732212,84921,82419,4522,86941,1496
2021-08-20,San Luis Obispo,79,281455,24556,23986,981,24967,273
2021-08-20,San Mateo,81,765935,48537,47561,946,48507,551
2021-08-20,Santa Barbara,83,443738,38755,37794,1467,39261,477
2021-08-20,Santa Clara,85,1922200,132258,129510,1014,130524,1774
2021-08-20,Santa Cruz,87,273765,18077,17701,980,18681,209
2021-08-20,Shasta,89,179085,14824,14277,2138,16415,215
2021-08-20,Sierra,91,2930,94,83,15,98,0
2021-08-20,Siskiyou,93,43540,2338,2226,650,2876,33
2021-08-20,Solano,95,438530,40112,38214,950,39164,277
2021-08-20,Sonoma,97,501317,36716,35416,452,35868,336
2021-08-20,Stanislaus,99,539301,65129,63219,7254,70473,1047
2021-08-20,Sutter,101,95872,11434,11136,132,11268,133
2021-08-20,Tehama,103,63373,5870,5730,791,6521,66
2021-08-20,Trinity,105,12862,464,422,110,532,3
2021-08-20,Tulare,107,460477,53993,52855,11436,64291,856
2021-08-20,Tuolumne,109,53932,5333,5153,49,5202,73
2021-08-20,Ventura,111,848112,89205,88285,3983,92268,1061
2021-08-20,Yolo,113,214977,16757,16236,767,17003,225
2021-08-20,Yuba,115,75493,7784,7523,153,7676,54
2021-08-19,Alameda,1,1643700,106478,103276,2525,105801,1294
2021-08-19,Alpine,3,1148,92,91,0,91,0
2021-08-19,Amador,5,37829,4448,4317,42,4359,50
2021-08-19,Butte,7,227075,15053,14518,2539,17057,211
2021-08-19,Calaveras,9,45235,2813,2673,20,2693,59
2021-08-19,Colusa,11,21464,2230,2167,462,2629,16
2021-08-19,Contra Costa,13,1133247,86762,83296,1773,85069,852
2021-08-19,Del Norte,15,27424,2527,2257,11,2268,8
2021-08-19,El Dorado,17,186661,13004,12410,1154,13564,118
2021-08-19,Fresno,19,978130,113181,110947,10084,121031,1759
2021-08-19,Glenn,21,27897,2717,2629,702,3331,20
2021-08-19,Humboldt,23,135768,6614,6246,160,6406,52
2021-08-19,Imperial,25,180216,30036,29865,3036,32901,747
2021-08-19,Inyo,27,18085,1503,1494,5,1499,39
2021-08-19,Kern,29,883053,105254,103731,14409,118140,1371
2021-08-19,Kings,31,150075,25656,25128,1462,26590,256
2021-08-19,Lake,33,64148,5170,4991,47,5038,69
2021-08-19,Lassen,35,31185,5611,5520,155,5675,21
2021-08-19,Los Angeles,37,10098052,1327964,1314453,51571,1366024,25020
2021-08-19,Madera,39,155013,18379,17947,1248,19195,246
2021-08-19,Marin,41,260295,15971,15672,333,16005,240
2021-08-19,Mariposa,43,17540,670,618,15,633,5
2021-08-19,Mendocino,45,87422,5495,5167,174,5341,51
2021-08-19,Merced,47,269075,34513,33851,1165,35016,486
2021-08-19,Modoc,49,8938,434,427,153,580,6
2021-08-19,Mono,51,14174,1378,1349,13,1362,3
2021-08-19,Monterey,53,433212,45118,44821,2456,47277,538
2021-08-19,Napa,55,140530,11327,11104,67,11171,83
2021-08-19,Nevada,57,99092,7042,6695,235,6930,77
2021-08-19,Orange,59,3164182,281877,278562,13312,291874,5172
2021-08-19,Placer,61,380077,29492,27953,2559,30512,313
2021-08-19,Plumas,63,18699,937,896,16,912,5
2021-08-19,Riverside,65,2383286,322257,318056,15901,333957,4589
2021-08-19,Sacramento,67,1510023,131380,126720,2761,129481,1801
2021-08-19,San Benito,69,59416,6590,6493,132,6625,64
2021-08-19,San Bernardino,71,2135413,320597,316398,9942,326340,5318
2021-08-19,San Diego,73,3302833,325807,319582,0,319582,3839
2021-08-19,San Francisco,75,870044,46416,45220,2124,47344,571
2021-08-19,San Joaquin,77,732212,84481,82047,4486,86533,1491
2021-08-19,San Luis Obispo,79,281455,24416,23878,974,24852,271
2021-08-19,San Mateo,81,765935,48411,47431,937,48368,551
2021-08-19,Santa Barbara,83,443738,38610,37693,1463,39156,477
2021-08-19,Santa Clara,85,1922200,131866,129133,1007,130140,1774
2021-08-19,Santa Cruz,87,273765,18016,17644,973,18617,209
2021-08-19,Shasta,89,179085,14701,14200,2114,16314,214
2021-08-19,Sierra,91,2930,90,83,15,98,0
2021-08-19,Siskiyou,93,43540,2324,2218,638,2856,33
2021-08-19,Solano,95,438530,39959,38025,939,38964,273
2021-08-19,Sonoma,97,501317,36628,35233,451,35684,336
2021-08-19,Stanislaus,99,539301,64775,62928,7205,70133,1047
2021-08-19,Sutter,101,95872,11353,11057,130,11187,133
2021-08-19,Tehama,103,63373,5842,5683,764,6447,66
2021-08-19,Trinity,105,12862,460,414,108,522,3
2021-08-19,Tulare,107,460477,53761,52685,11371,64056,856
2021-08-19,Tuolumne,109,53932,5297,5112,48,5160,64
2021-08-19,Ventura,111,848112,89007,88073,3968,92041,1060
2021-08-19,Yolo,113,214977,16673,16153,758,16911,225
2021-08-19,Yuba,115,75493,7734,7458,152,7610,51
2021-08-18,Alameda,1,1643700,106075,102696,2493,105189,1294
2021-08-18,Alpine,3,1148,91,91,0,91,0
2021-08-18,Amador,5,37829,4431,4279,41,4320,50
2021-08-18,Butte,7,227075,14943,14426,2513,16939,208
2021-08-18,Calaveras,9,45235,2774,2643,19,2662,59
2021-08-18,Colusa,11,21464,2222,2160,458,2618,16
2021-08-18,Contra Costa,13,1133247,86269,82767,1767,84534,851
2021-08-18,Del Norte,15,27424,2470,2219,11,2230,8
2021-08-18,El Dorado,17,186661,12919,12306,1139,13445,118
2021-08-18,Fresno,19,978130,112730,110523,10041,120564,1759
2021-08-18,Glenn,21,27897,2689,2623,695,3318,20
2021-08-18,Humboldt,23,135768,6544,6195,154,6349,52
2021-08-18,Imperial,25,180216,30004,29821,3033,32854,746
2021-08-18,Inyo,27,18085,1500,1494,5,1499,39
2021-08-18,Kern,29,883053,104908,103440,14312,117752,1370
2021-08-18,Kings,31,150075,25549,24984,1455,26439,256
2021-08-18,Lake,33,64148,5129,4957,46,5003,69
2021-08-18,Lassen,35,31185,5592,5506,154,5660,21
2021-08-18,Los Angeles,37,10098052,1324849,1311477,51437,1362914,24984
2021-08-18,Madera,39,155013,18323,17871,1241,19112,246
2021-08-18,Marin,41,260295,15933,15610,330,15940,240
2021-08-18,Mariposa,43,17540,658,615,15,630,5
2021-08-18,Mendocino,45,87422,5444,5129,171,5300,51
2021-08-18,Merced,47,269075,34349,33708,1158,34866,484
2021-08-18,Modoc,49,8938,434,427,152,579,6
2021-08-18,Mono,51,14174,1375,1344,13,1357,3
2021-08-18,Monterey,53,433212,45048,44735,2426,47161,532
2021-08-18,Napa,55,140530,11288,11060,66,11126,83
2021-08-18,Nevada,57,99092,6975,6633,235,6868,76
2021-08-18,Orange,59,3164182,281233,277795,13259,291054,5168
2021-08-18,Placer,61,380077,29271,27741,2529,30270,312
2021-08-18,Plumas,63,18699,927,874,16,890,5
2021-08-18,Riverside,65,2383286,321256,317107,15868,332975,4585
2021-08-18,Sacramento,67,1510023,130623,125599,2729,128328,1781
2021-08-18,San Benito,69,59416,6579,6481,131,6612,64
2021-08-18,San Bernardino,71,2135413,319797,315477,9923,325400,5304
2021-08-18,San Diego,73,3302833,324464,318152,0,318152,3834
2021-08-18,San Francisco,75,870044,46222,44957,2108,47065,568
2021-08-18,San Joaquin,77,732212,84039,81601,4464,86065,1491
2021-08-18,San Luis Obispo,79,281455,24267,23726,963,24689,270
2021-08-18,San Mateo,81,765935,48256,47255,926,48181,551
2021-08-18,Santa Barbara,83,443738,38480,37599,1456,39055,475
2021-08-18,Santa Clara,85,1922200,131504,128563,1003,129566,1773
2021-08-18,Santa Cruz,87,273765,17962,17566,968,18534,209
2021-08-18,Shasta,89,179085,14603,14087,2096,16183,213
2021-08-18,Sierra,91,2930,89,83,15,98,0
2021-08-18,Siskiyou,93,43540,2295,2204,626,2830,33
2021-08-18,Solano,95,438530,39756,37812,927,38739,271
2021-08-18,Sonoma,97,501317,36486,35063,450,35513,333
2021-08-18,Stanislaus,99,539301,64427,62613,7178,69791,1047
2021-08-18,Sutter,101,95872,11281,11004,125,11129,130
2021-08-18,Tehama,103,63373,5807,5653,754,6407,66
2021-08-18,Trinity,105,12862,453,409,106,515,3
2021-08-18,Tulare,107,460477,53522,52486,11301,63787,856
2021-08-18,Tuolumne,109,53932,5261,5081,48,5129,64
2021-08-18,Ventura,111,848112,88777,87835,3957,91792,1055
2021-08-18,Yolo,113,214977,16592,16047,738,16785,225
2021-08-18,Yuba,115,75493,7669,7391,152,7543,51
2021-08-17,Alameda,1,1643700,105669,102379,2480,104859,1290
2021-08-17,Alpine,3,1148,91,91,0,91,0
2021-08-17,Amador,5,37829,4402,4266,41,4307,50
2021-08-17,Butte,7,227075,14839,14357,2478,16835,206
2021-08-17,Calaveras,9,45235,2733,2624,19,2643,59
2021-08-17,Colusa,11,21464,2213,2156,454,2610,16
2021-08-17,Contra Costa,13,1133247,85825,82482,1757,84239,848
2021-08-17,Del Norte,15,27424,2418,2188,11,2199,8
2021-08-17,El Dorado,17,186661,12833,12242,1124,13366,118
2021-08-17,Fresno,19,978130,112255,110263,9990,120253,1755
2021-08-17,Glenn,21,27897,2675,2608,686,3294,20
2021-08-17,Humboldt,23,135768,6464,6155,151,6306,52
2021-08-17,Imperial,25,180216,29954,29768,3029,32797,746
2021-08-17,Inyo,27,18085,1497,1492,5,1497,39
2021-08-17,Kern,29,883053,104516,103048,14184,117232,1367
2021-08-17,Kings,31,150075,25441,24930,1444,26374,254
2021-08-17,Lake,33,64148,5086,4930,40,4970,68
2021-08-17,Lassen,35,31185,5575,5499,152,5651,21
2021-08-17,Los Angeles,37,10098052,1321329,1307999,51303,1359302,24952
2021-08-17,Madera,39,155013,18249,17838,1221,19059,246
2021-08-17,Marin,41,260295,15878,15570,330,15900,240
2021-08-17,Mariposa,43,17540,650,609,14,623,5
2021-08-17,Mendocino,45,87422,5389,5097,171,5268,51
2021-08-17,Merced,47,269075,34201,33508,1148,34656,482
2021-08-17,Modoc,49,8938,431,424,150,574,6
2021-08-17,Mono,51,14174,1369,1341,13,1354,3
2021-08-17,Monterey,53,433212,44971,44672,2410,47082,528
2021-08-17,Napa,55,140530,11247,11007,65,11072,83
2021-08-17,Nevada,57,99092,6901,6605,233,6838,75
2021-08-17,Orange,59,3164182,280602,277121,13226,290347,5164
2021-08-17,Placer,61,380077,29059,27634,2499,30133,312
2021-08-17,Plumas,63,18699,917,860,16,876,5
2021-08-17,Riverside,65,2383286,320242,316051,15831,331882,4582
2021-08-17,Sacramento,67,1510023,129846,125151,2687,127838,1774
2021-08-17,San Benito,69,59416,6560,6470,131,6601,64
2021-08-17,San Bernardino,71,2135413,318871,314402,9880,324282,5302
2021-08-17,San Diego,73,3302833,322852,317058,0,317058,3824
2021-08-17,San Francisco,75,870044,46026,44820,2097,46917,567
2021-08-17,San Joaquin,77,732212,83572,81300,4445,85745,1489
2021-08-17,San Luis Obispo,79,281455,24109,23556,960,24516,268
2021-08-17,San Mateo,81,765935,48107,47127,908,48035,551
2021-08-17,Santa Barbara,83,443738,38323,37478,1449,38927,475
2021-08-17,Santa Clara,85,1922200,131102,128354,1000,129354,1773
2021-08-17,Santa Cruz,87,273765,17876,17528,966,18494,209
2021-08-17,Shasta,89,179085,14477,14012,2078,16090,214
2021-08-17,Sierra,91,2930,88,82,15,97,0
2021-08-17,Siskiyou,93,43540,2280,2183,612,2795,33
2021-08-17,Solano,95,438530,39543,37662,917,38579,269
2021-08-17,Sonoma,97,501317,36337,34943,446,35389,333
2021-08-17,Stanislaus,99,539301,64079,62385,7125,69510,1047
2021-08-17,Sutter,101,95872,11209,10973,124,11097,130
2021-08-17,Tehama,103,63373,5770,5612,732,6344,66
2021-08-17,Trinity,105,12862,448,406,103,509,3
2021-08-17,Tulare,107,460477,53255,52362,11233,63595,856
2021-08-17,Tuolumne,109,53932,5218,5042,47,5089,64
2021-08-17,Ventura,111,848112,88537,87601,3936,91537,1053
2021-08-17,Yolo,113,214977,16502,15975,723,16698,225
2021-08-17,Yuba,115,75493,7600,7355,152,7507,51
2021-08-16,Alameda,1,1643700,105172,102052,2467,104519,1287
2021-08-16,Alpine,3,1148,91,91,0,91,0
2021-08-16,Amador,5,37829,4392,4235,41,4276,50
2021-08-16,Butte,7,227075,14719,14283,2445,16728,206
2021-08-16,Calaveras,9,45235,2675,2609,19,2628,57
2021-08-16,Colusa,11,21464,2202,2147,450,2597,16
2021-08-16,Contra Costa,13,1133247,85302,82070,1747,83817,848
2021-08-16,Del Norte,15,27424,2347,2125,11,2136,8
2021-08-16,El Dorado,17,186661,12734,12139,1110,13249,118
2021-08-16,Fresno,19,978130,111769,109623,9947,119570,1753
2021-08-16,Glenn,21,27897,2656,2593,680,3273,20
2021-08-16,Humboldt,23,135768,6392,6064,128,6192,52
2021-08-16,Imperial,25,180216,29917,29737,3014,32751,746
2021-08-16,Inyo,27,18085,1494,1490,5,1495,39
2021-08-16,Kern,29,883053,104147,102690,14058,116748,1367
2021-08-16,Kings,31,150075,25341,24817,1434,26251,254
2021-08-16,Lake,33,64148,5059,4898,39,4937,68
2021-08-16,Lassen,35,31185,5558,5481,144,5625,21
2021-08-16,Los Angeles,37,10098052,1317963,1305330,51147,1356477,24923
2021-08-16,Madera,39,155013,18172,17756,1203,18959,246
2021-08-16,Marin,41,260295,15818,15497,329,15826,239
2021-08-16,Mariposa,43,17540,633,597,14,611,5
2021-08-16,Mendocino,45,87422,5331,5037,169,5206,49
2021-08-16,Merced,47,269075,33995,33364,1146,34510,481
2021-08-16,Modoc,49,8938,429,421,149,570,5
2021-08-16,Mono,51,14174,1360,1339,13,1352,3
2021-08-16,Monterey,53,433212,44910,44595,2381,46976,527
2021-08-16,Napa,55,140530,11219,10946,65,11011,83
2021-08-16,Nevada,57,99092,6848,6535,232,6767,74
2021-08-16,Orange,59,3164182,279816,275985,13183,289168,5161
2021-08-16,Placer,61,380077,28881,27384,2465,29849,306
2021-08-16,Plumas,63,18699,907,851,16,867,5
2021-08-16,Riverside,65,2383286,319154,314774,15797,330571,4582
2021-08-16,Sacramento,67,1510023,129075,124554,2646,127200,1762
2021-08-16,San Benito,69,59416,6536,6452,131,6583,64
2021-08-16,San Bernardino,71,2135413,317920,313617,9854,323471,5301
2021-08-16,San Diego,73,3302833,321246,315348,0,315348,3824
2021-08-16,San Francisco,75,870044,45831,44681,2079,46760,567
2021-08-16,San Joaquin,77,732212,83078,81087,4427,85514,1488
2021-08-16,San Luis Obispo,79,281455,23957,23452,951,24403,265
2021-08-16,San Mateo,81,765935,47950,47024,885,47909,548
2021-08-16,Santa Barbara,83,443738,38156,37358,1444,38802,475
2021-08-16,Santa Clara,85,1922200,130644,127978,995,128973,1773
2021-08-16,Santa Cruz,87,273765,17815,17491,959,18450,209
2021-08-16,Shasta,89,179085,14393,13862,2059,15921,211
2021-08-16,Sierra,91,2930,85,82,15,97,0
2021-08-16,Siskiyou,93,43540,2263,2169,592,2761,33
2021-08-16,Solano,95,438530,39289,37436,903,38339,263
2021-08-16,Sonoma,97,501317,36173,34844,444,35288,333
2021-08-16,Stanislaus,99,539301,63735,62033,7087,69120,1039
2021-08-16,Sutter,101,95872,11140,10902,123,11025,130
2021-08-16,Tehama,103,63373,5708,5565,727,6292,66
2021-08-16,Trinity,105,12862,442,400,102,502,3
2021-08-16,Tulare,107,460477,53014,52162,11159,63321,856
2021-08-16,Tuolumne,109,53932,5179,4984,46,5030,64
2021-08-16,Ventura,111,848112,88287,86954,3918,90872,1052
2021-08-16,Yolo,113,214977,16406,15922,715,16637,225
2021-08-16,Yuba,115,75493,7517,7314,151,7465,51
2021-08-15,Alameda,1,1643700,104691,101660,2451,104111,1287
2021-08-15,Alpine,3,1148,91,91,0,91,0
2021-08-15,Amador,5,37829,4365,4231,41,4272,49
2021-08-15,Butte,7,227075,14594,14263,2421,16684,206
2021-08-15,Calaveras,9,45235,2637,2599,19,2618,57
2021-08-15,Colusa,11,21464,2191,2140,440,2580,16
2021-08-15,Contra Costa,13,1133247,84843,81781,1730,83511,848
2021-08-15,Del Norte,15,27424,2280,2060,11,2071,8
2021-08-15,El Dorado,17,186661,12602,12057,1093,13150,118
2021-08-15,Fresno,19,978130,111303,109382,9890,119272,1753
2021-08-15,Glenn,21,27897,2633,2592,670,3262,20
2021-08-15,Humboldt,23,135768,6320,6024,121,6145,52
2021-08-15,Imperial,25,180216,29852,29711,3007,32718,746
2021-08-15,Inyo,27,18085,1493,1489,5,1494,39
2021-08-15,Kern,29,883053,103710,102524,13942,116466,1367
2021-08-15,Kings,31,150075,25194,24736,1424,26160,254
2021-08-15,Lake,33,64148,5000,4886,38,4924,68
2021-08-15,Lassen,35,31185,5542,5482,142,5624,21
2021-08-15,Los Angeles,37,10098052,1314461,1302882,50972,1353854,24918
2021-08-15,Madera,39,155013,18085,17714,1191,18905,246
2021-08-15,Marin,41,260295,15760,15461,327,15788,239
2021-08-15,Mariposa,43,17540,626,591,14,605,5
2021-08-15,Mendocino,45,87422,5274,5022,163,5185,49
2021-08-15,Merced,47,269075,33750,33305,1136,34441,481
2021-08-15,Modoc,49,8938,427,421,149,570,5
2021-08-15,Mono,51,14174,1352,1334,13,1347,3
2021-08-15,Monterey,53,433212,44798,44567,2349,46916,527
2021-08-15,Napa,55,140530,11167,10919,65,10984,83
2021-08-15,Nevada,57,99092,6763,6486,232,6718,74
2021-08-15,Orange,59,3164182,279046,275447,13146,288593,5161
2021-08-15,Placer,61,380077,28660,27220,2417,29637,306
2021-08-15,Plumas,63,18699,896,850,16,866,5
2021-08-15,Riverside,65,2383286,318015,314133,15767,329900,4582
2021-08-15,Sacramento,67,1510023,128294,123924,2613,126537,1761
2021-08-15,San Benito,69,59416,6518,6446,130,6576,64
2021-08-15,San Bernardino,71,2135413,316844,313120,9823,322943,5301
2021-08-15,San Diego,73,3302833,319766,314247,0,314247,3824
2021-08-15,San Francisco,75,870044,45608,44531,2056,46587,567
2021-08-15,San Joaquin,77,732212,82612,80832,4398,85230,1488
2021-08-15,San Luis Obispo,79,281455,23761,23404,941,24345,265
2021-08-15,San Mateo,81,765935,47791,46897,867,47764,548
2021-08-15,Santa Barbara,83,443738,37985,37276,1436,38712,475
2021-08-15,Santa Clara,85,1922200,130238,127715,989,128704,1773
2021-08-15,Santa Cruz,87,273765,17746,17440,951,18391,209
2021-08-15,Shasta,89,179085,14290,13835,2033,15868,211
2021-08-15,Sierra,91,2930,84,82,14,96,0
2021-08-15,Siskiyou,93,43540,2242,2169,578,2747,33
2021-08-15,Solano,95,438530,39064,37320,892,38212,263
2021-08-15,Sonoma,97,501317,35982,34706,436,35142,333
2021-08-15,Stanislaus,99,539301,63352,61795,7035,68830,1039
2021-08-15,Sutter,101,95872,11050,10863,123,10986,130
2021-08-15,Tehama,103,63373,5660,5550,721,6271,66
2021-08-15,Trinity,105,12862,439,400,100,500,3
2021-08-15,Tulare,107,460477,52757,52046,11098,63144,856
2021-08-15,Tuolumne,109,53932,5141,4934,45,4979,64
2021-08-15,Ventura,111,848112,87979,86797,3904,90701,1052
2021-08-15,Yolo,113,214977,16314,15873,703,16576,225
2021-08-15,Yuba,115,75493,7440,7265,150,7415,51
2021-08-14,Alameda,1,1643700,104481,101305,2448,103753,1287
2021-08-14,Alpine,3,1148,91,91,0,91,0
2021-08-14,Amador,5,37829,4347,4206,41,4247,49
2021-08-14,Butte,7,227075,14558,14192,2405,16597,206
2021-08-14,Calaveras,9,45235,2632,2579,19,2598,57
2021-08-14,Colusa,11,21464,2181,2134,436,2570,16
2021-08-14,Contra Costa,13,1133247,84594,81458,1722,83180,848
2021-08-14,Del Norte,15,27424,2253,2015,11,2026,8
2021-08-14,El Dorado,17,186661,12566,12019,1084,13103,118
2021-08-14,Fresno,19,978130,111149,109056,9874,118930,1753
2021-08-14,Glenn,21,27897,2622,2583,668,3251,20
2021-08-14,Humboldt,23,135768,6267,5998,117,6115,52
2021-08-14,Imperial,25,180216,29824,29671,3007,32678,746
2021-08-14,Inyo,27,18085,1491,1487,5,1492,39
2021-08-14,Kern,29,883053,103520,102306,13845,116151,1367
2021-08-14,Kings,31,150075,25100,24647,1415,26062,254
2021-08-14,Lake,33,64148,4983,4850,37,4887,68
2021-08-14,Lassen,35,31185,5535,5475,141,5616,21
2021-08-14,Los Angeles,37,10098052,1312714,1299346,50828,1350174,24911
2021-08-14,Madera,39,155013,18038,17691,1187,18878,246
2021-08-14,Marin,41,260295,15726,15441,326,15767,239
2021-08-14,Mariposa,43,17540,622,584,14,598,5
2021-08-14,Mendocino,45,87422,5237,4977,160,5137,49
2021-08-14,Merced,47,269075,33686,33234,1130,34364,481
2021-08-14,Modoc,49,8938,427,421,149,570,5
2021-08-14,Mono,51,14174,1350,1332,13,1345,3
2021-08-14,Monterey,53,433212,44759,44514,2341,46855,527
2021-08-14,Napa,55,140530,11137,10878,64,10942,83
2021-08-14,Nevada,57,99092,6727,6419,231,6650,74
2021-08-14,Orange,59,3164182,278612,274732,13125,287857,5161
2021-08-14,Placer,61,380077,28515,27115,2392,29507,306
2021-08-14,Plumas,63,18699,887,849,16,865,5
2021-08-14,Riverside,65,2383286,317303,313264,15746,329010,4582
2021-08-14,Sacramento,67,1510023,127813,123438,2596,126034,1758
2021-08-14,San Benito,69,59416,6505,6428,130,6558,64
2021-08-14,San Bernardino,71,2135413,316296,312142,9802,321944,5301
2021-08-14,San Diego,73,3302833,319092,313589,0,313589,3824
2021-08-14,San Francisco,75,870044,45482,44353,2035,46388,567
2021-08-14,San Joaquin,77,732212,82398,80585,4386,84971,1488
2021-08-14,San Luis Obispo,79,281455,23702,23328,938,24266,265
2021-08-14,San Mateo,81,765935,47684,46792,856,47648,548
2021-08-14,Santa Barbara,83,443738,37892,37118,1432,38550,475
2021-08-14,Santa Clara,85,1922200,129959,127432,986,128418,1772
2021-08-14,Santa Cruz,87,273765,17707,17384,950,18334,209
2021-08-14,Shasta,89,179085,14215,13813,2012,15825,211
2021-08-14,Sierra,91,2930,84,81,14,95,0
2021-08-14,Siskiyou,93,43540,2232,2160,568,2728,33
2021-08-14,Solano,95,438530,38975,37237,880,38117,263
2021-08-14,Sonoma,97,501317,35859,34606,434,35040,333
2021-08-14,Stanislaus,99,539301,63163,61564,7002,68566,1039
2021-08-14,Sutter,101,95872,11005,10808,122,10930,130
2021-08-14,Tehama,103,63373,5639,5530,717,6247,66
2021-08-14,Trinity,105,12862,434,399,100,499,3
2021-08-14,Tulare,107,460477,52622,51951,11051,63002,856
2021-08-14,Tuolumne,109,53932,5106,4924,45,4969,64
2021-08-14,Ventura,111,848112,87824,86569,3884,90453,1052
2021-08-14,Yolo,113,214977,16269,15815,693,16508,225
2021-08-14,Yuba,115,75493,7391,7223,150,7373,51
2021-08-13,Alameda,1,1643700,104180,100930,2438,103368,1284
2021-08-13,Alpine,3,1148,91,91,0,91,0
2021-08-13,Amador,5,37829,4319,4169,41,4210,49
2021-08-13,Butte,7,227075,14486,14100,2388,16488,206
2021-08-13,Calaveras,9,45235,2623,2564,19,2583,57
2021-08-13,Colusa,11,21464,2174,2123,431,2554,16
2021-08-13,Contra Costa,13,1133247,84281,81046,1714,82760,848
2021-08-13,Del Norte,15,27424,2212,1973,11,1984,8
2021-08-13,El Dorado,17,186661,12527,11951,1071,13022,118
2021-08-13,Fresno,19,978130,110864,108638,9855,118493,1753
2021-08-13,Glenn,21,27897,2611,2574,666,3240,20
2021-08-13,Humboldt,23,135768,6222,5882,113,5995,52
2021-08-13,Imperial,25,180216,29796,29654,3006,32660,745
2021-08-13,Inyo,27,18085,1490,1484,5,1489,39
2021-08-13,Kern,29,883053,103313,102029,13736,115765,1364
2021-08-13,Kings,31,150075,25017,24531,1407,25938,253
2021-08-13,Lake,33,64148,4960,4811,36,4847,68
2021-08-13,Lassen,35,31185,5527,5455,140,5595,21
2021-08-13,Los Angeles,37,10098052,1310413,1295406,50693,1346099,24891
2021-08-13,Madera,39,155013,17989,17614,1180,18794,246
2021-08-13,Marin,41,260295,15696,15380,326,15706,239
2021-08-13,Mariposa,43,17540,616,577,14,591,5
2021-08-13,Mendocino,45,87422,5191,4924,158,5082,49
2021-08-13,Merced,47,269075,33638,33111,1127,34238,480
2021-08-13,Modoc,49,8938,426,421,148,569,5
2021-08-13,Mono,51,14174,1347,1331,13,1344,3
2021-08-13,Monterey,53,433212,44706,44450,2333,46783,527
2021-08-13,Napa,55,140530,11101,10830,64,10894,83
2021-08-13,Nevada,57,99092,6688,6356,230,6586,74
2021-08-13,Orange,59,3164182,278115,274004,13077,287081,5159
2021-08-13,Placer,61,380077,28416,26987,2363,29350,306
2021-08-13,Plumas,63,18699,875,842,16,858,5
2021-08-13,Riverside,65,2383286,316565,312408,15722,328130,4581
2021-08-13,Sacramento,67,1510023,127351,122868,2569,125437,1758
2021-08-13,San Benito,69,59416,6499,6422,128,6550,64
2021-08-13,San Bernardino,71,2135413,315635,311378,9786,321164,5301
2021-08-13,San Diego,73,3302833,318049,312293,0,312293,3821
2021-08-13,San Francisco,75,870044,45348,44196,2010,46206,567
2021-08-13,San Joaquin,77,732212,82185,80232,4376,84608,1481
2021-08-13,San Luis Obispo,79,281455,23642,23226,935,24161,265
2021-08-13,San Mateo,81,765935,47572,46660,847,47507,548
2021-08-13,Santa Barbara,83,443738,37808,37023,1428,38451,474
2021-08-13,Santa Clara,85,1922200,129676,126958,981,127939,1769
2021-08-13,Santa Cruz,87,273765,17668,17332,943,18275,209
2021-08-13,Shasta,89,179085,14150,13698,1998,15696,211
2021-08-13,Sierra,91,2930,83,81,14,95,0
2021-08-13,Siskiyou,93,43540,2223,2147,564,2711,33
2021-08-13,Solano,95,438530,38847,37104,870,37974,264
2021-08-13,Sonoma,97,501317,35754,34464,434,34898,333
2021-08-13,Stanislaus,99,539301,62981,61294,6968,68262,1039
2021-08-13,Sutter,101,95872,10961,10751,121,10872,130
2021-08-13,Tehama,103,63373,5615,5496,715,6211,66
2021-08-13,Trinity,105,12862,431,392,100,492,3
2021-08-13,Tulare,107,460477,52518,51770,10975,62745,856
2021-08-13,Tuolumne,109,53932,5073,4899,45,4944,64
2021-08-13,Ventura,111,848112,87660,86368,3870,90238,1052
2021-08-13,Yolo,113,214977,16216,15761,683,16444,225
2021-08-13,Yuba,115,75493,7353,7184,150,7334,51
2021-08-12,Alameda,1,1643700,103677,100472,2425,102897,1284
2021-08-12,Alpine,3,1148,91,91,0,91,0
2021-08-12,Amador,5,37829,4289,4161,41,4202,49
2021-08-12,Butte,7,227075,14409,14006,2369,16375,206
2021-08-12,Calaveras,9,45235,2603,2531,19,2550,57
2021-08-12,Colusa,11,21464,2169,2111,430,2541,17
2021-08-12,Contra Costa,13,1133247,83800,80738,1705,82443,846
2021-08-12,Del Norte,15,27424,2140,1923,11,1934,8
2021-08-12,El Dorado,17,186661,12414,11880,1063,12943,118
2021-08-12,Fresno,19,978130,110446,108193,9815,118008,1753
2021-08-12,Glenn,21,27897,2603,2559,659,3218,20
2021-08-12,Humboldt,23,135768,6153,5845,109,5954,52
2021-08-12,Imperial,25,180216,29739,29585,3000,32585,745
2021-08-12,Inyo,27,18085,1488,1483,5,1488,39
2021-08-12,Kern,29,883053,103031,101698,13654,115352,1364
2021-08-12,Kings,31,150075,24919,24423,1397,25820,252
2021-08-12,Lake,33,64148,4935,4774,35,4809,68
2021-08-12,Lassen,35,31185,5506,5428,139,5567,21
2021-08-12,Los Angeles,37,10098052,1307252,1291875,50554,1342429,24874
2021-08-12,Madera,39,155013,17926,17564,1172,18736,246
2021-08-12,Marin,41,260295,15647,15277,322,15599,239
2021-08-12,Mariposa,43,17540,607,568,13,581,5
2021-08-12,Mendocino,45,87422,5161,4873,152,5025,49
2021-08-12,Merced,47,269075,33514,32960,1124,34084,480
2021-08-12,Modoc,49,8938,425,423,148,571,5
2021-08-12,Mono,51,14174,1343,1325,13,1338,3
2021-08-12,Monterey,53,433212,44642,44383,2305,46688,527
2021-08-12,Napa,55,140530,11053,10780,63,10843,83
2021-08-12,Nevada,57,99092,6626,6283,230,6513,74
2021-08-12,Orange,59,3164182,277442,273167,13024,286191,5158
2021-08-12,Placer,61,380077,28211,26856,2339,29195,306
2021-08-12,Plumas,63,18699,867,829,16,845,5
2021-08-12,Riverside,65,2383286,315572,311304,15688,326992,4575
2021-08-12,Sacramento,67,1510023,126589,122222,2540,124762,1758
2021-08-12,San Benito,69,59416,6483,6398,125,6523,64
2021-08-12,San Bernardino,71,2135413,314768,310420,9755,320175,5297
2021-08-12,San Diego,73,3302833,316676,310596,0,310596,3821
2021-08-12,San Francisco,75,870044,45145,43774,1993,45767,564
2021-08-12,San Joaquin,77,732212,81795,79945,4352,84297,1479
2021-08-12,San Luis Obispo,79,281455,23543,23101,921,24022,264
2021-08-12,San Mateo,81,765935,47433,46435,832,47267,548
2021-08-12,Santa Barbara,83,443738,37674,36881,1417,38298,473
2021-08-12,Santa Clara,85,1922200,129232,126614,975,127589,1769
2021-08-12,Santa Cruz,87,273765,17605,17261,941,18202,209
2021-08-12,Shasta,89,179085,14065,13621,1972,15593,211
2021-08-12,Sierra,91,2930,83,81,14,95,0
2021-08-12,Siskiyou,93,43540,2216,2134,554,2688,33
2021-08-12,Solano,95,438530,38622,36980,862,37842,262
2021-08-12,Sonoma,97,501317,35605,34299,431,34730,333
2021-08-12,Stanislaus,99,539301,62705,61026,6925,67951,1039
2021-08-12,Sutter,101,95872,10900,10695,119,10814,130
2021-08-12,Tehama,103,63373,5587,5462,705,6167,66
2021-08-12,Trinity,105,12862,427,386,99,485,3
2021-08-12,Tulare,107,460477,52373,51632,10925,62557,856
2021-08-12,Tuolumne,109,53932,5026,4845,43,4888,64
2021-08-12,Ventura,111,848112,87424,86106,3846,89952,1052
2021-08-12,Yolo,113,214977,16146,15686,670,16356,224
2021-08-12,Yuba,115,75493,7304,7128,149,7277,51
2021-08-11,Alameda,1,1643700,103138,100040,2420,102460,1281
2021-08-11,Alpine,3,1148,91,91,0,91,0
2021-08-11,Amador,5,37829,4266,4127,40,4167,49
2021-08-11,Butte,7,227075,14297,13905,2343,16248,206
2021-08-11,Calaveras,9,45235,2580,2505,19,2524,57
2021-08-11,Colusa,11,21464,2159,2101,428,2529,16
2021-08-11,Contra Costa,13,1133247,83303,80275,1691,81966,843
2021-08-11,Del Norte,15,27424,2082,1893,11,1904,8
2021-08-11,El Dorado,17,186661,12300,11799,1051,12850,119
2021-08-11,Fresno,19,978130,109990,107773,9781,117554,1751
2021-08-11,Glenn,21,27897,2595,2547,651,3198,20
2021-08-11,Humboldt,23,135768,6106,5765,108,5873,52
2021-08-11,Imperial,25,180216,29696,29565,2996,32561,745
2021-08-11,Inyo,27,18085,1488,1483,5,1488,39
2021-08-11,Kern,29,883053,102723,101448,13540,114988,1363
2021-08-11,Kings,31,150075,24806,24304,1388,25692,250
2021-08-11,Lake,33,64148,4898,4713,34,4747,68
2021-08-11,Lassen,35,31185,5497,5408,137,5545,21
2021-08-11,Los Angeles,37,10098052,1303959,1288238,50362,1338600,24851
2021-08-11,Madera,39,155013,17877,17511,1162,18673,245
2021-08-11,Marin,41,260295,15598,15235,322,15557,239
2021-08-11,Mariposa,43,17540,597,554,12,566,5
2021-08-11,Mendocino,45,87422,5092,4796,144,4940,49
2021-08-11,Merced,47,269075,33380,32802,1119,33921,479
2021-08-11,Modoc,49,8938,425,421,148,569,5
2021-08-11,Mono,51,14174,1339,1320,13,1333,3
2021-08-11,Monterey,53,433212,44552,44314,2278,46592,527
2021-08-11,Napa,55,140530,11011,10732,63,10795,83
2021-08-11,Nevada,57,99092,6572,6172,227,6399,74
2021-08-11,Orange,59,3164182,276598,272212,12991,285203,5155
2021-08-11,Placer,61,380077,27999,26687,2314,29001,305
2021-08-11,Plumas,63,18699,860,824,16,840,5
2021-08-11,Riverside,65,2383286,314589,310265,15656,325921,4570
2021-08-11,Sacramento,67,1510023,125789,121603,2499,124102,1757
2021-08-11,San Benito,69,59416,6470,6381,125,6506,64
2021-08-11,San Bernardino,71,2135413,313879,309498,9734,319232,5296
2021-08-11,San Diego,73,3302833,315201,309406,0,309406,3818
2021-08-11,San Francisco,75,870044,44925,43555,1983,45538,564
2021-08-11,San Joaquin,77,732212,81395,79641,4328,83969,1478
2021-08-11,San Luis Obispo,79,281455,23440,22920,915,23835,264
2021-08-11,San Mateo,81,765935,47279,46300,818,47118,548
2021-08-11,Santa Barbara,83,443738,37514,36699,1407,38106,472
2021-08-11,Santa Clara,85,1922200,128754,126301,966,127267,1769
2021-08-11,Santa Cruz,87,273765,17539,17191,938,18129,209
2021-08-11,Shasta,89,179085,13994,13546,1955,15501,211
2021-08-11,Sierra,91,2930,82,81,14,95,0
2021-08-11,Siskiyou,93,43540,2202,2124,547,2671,33
2021-08-11,Solano,95,438530,38397,36862,849,37711,262
2021-08-11,Sonoma,97,501317,35430,34188,426,34614,333
2021-08-11,Stanislaus,99,539301,62362,60767,6895,67662,1037
2021-08-11,Sutter,101,95872,10829,10628,119,10747,130
2021-08-11,Tehama,103,63373,5559,5410,688,6098,66
2021-08-11,Trinity,105,12862,425,385,99,484,3
2021-08-11,Tulare,107,460477,52208,51464,10876,62340,854
2021-08-11,Tuolumne,109,53932,4994,4794,43,4837,64
2021-08-11,Ventura,111,848112,87170,85863,3824,89687,1051
2021-08-11,Yolo,113,214977,16074,15593,656,16249,218
2021-08-11,Yuba,115,75493,7246,7063,148,7211,53
2021-08-10,Alameda,1,1643700,102657,99771,2412,102183,1281
2021-08-10,Alpine,3,1148,91,91,0,91,0
2021-08-10,Amador,5,37829,4250,4093,40,4133,49
2021-08-10,Butte,7,227075,14210,13853,2321,16174,205
2021-08-10,Calaveras,9,45235,2558,2491,17,2508,57
2021-08-10,Colusa,11,21464,2146,2088,419,2507,16
2021-08-10,Contra Costa,13,1133247,82765,80018,1681,81699,840
2021-08-10,Del Norte,15,27424,2039,1870,11,1881,8
2021-08-10,El Dorado,17,186661,12201,11734,1040,12774,117
2021-08-10,Fresno,19,978130,109543,107616,9747,117363,1747
2021-08-10,Glenn,21,27897,2582,2538,644,3182,20
2021-08-10,Humboldt,23,135768,6052,5718,105,5823,52
2021-08-10,Imperial,25,180216,29660,29522,2990,32512,745
2021-08-10,Inyo,27,18085,1488,1482,5,1487,39
2021-08-10,Kern,29,883053,102400,101254,13437,114691,1359
2021-08-10,Kings,31,150075,24679,24252,1372,25624,251
2021-08-10,Lake,33,64148,4858,4700,33,4733,67
2021-08-10,Lassen,35,31185,5479,5401,137,5538,21
2021-08-10,Los Angeles,37,10098052,1300244,1285140,50190,1335330,24821
2021-08-10,Madera,39,155013,17805,17481,1155,18636,245
2021-08-10,Marin,41,260295,15551,15194,322,15516,239
2021-08-10,Mariposa,43,17540,584,550,12,562,5
2021-08-10,Mendocino,45,87422,5046,4775,141,4916,49
2021-08-10,Merced,47,269075,33233,32721,1111,33832,477
2021-08-10,Modoc,49,8938,424,421,148,569,5
2021-08-10,Mono,51,14174,1334,1320,13,1333,3
2021-08-10,Monterey,53,433212,44502,44259,2252,46511,527
2021-08-10,Napa,55,140530,10955,10703,62,10765,83
2021-08-10,Nevada,57,99092,6506,6151,226,6377,73
2021-08-10,Orange,59,3164182,275738,271688,12949,284637,5155
2021-08-10,Placer,61,380077,27777,26561,2271,28832,305
2021-08-10,Plumas,63,18699,851,816,16,832,5
2021-08-10,Riverside,65,2383286,313486,309529,15639,325168,4564
2021-08-10,Sacramento,67,1510023,124940,121159,2470,123629,1755
2021-08-10,San Benito,69,59416,6456,6371,125,6496,64
2021-08-10,San Bernardino,71,2135413,312959,308672,9717,318389,5295
2021-08-10,San Diego,73,3302833,313549,308288,0,308288,3815
2021-08-10,San Francisco,75,870044,44684,43389,1954,45343,564
2021-08-10,San Joaquin,77,732212,81005,79391,4314,83705,1478
2021-08-10,San Luis Obispo,79,281455,23314,22776,913,23689,264
2021-08-10,San Mateo,81,765935,47118,46184,799,46983,548
2021-08-10,Santa Barbara,83,443738,37345,36574,1400,37974,472
2021-08-10,Santa Clara,85,1922200,128291,126019,957,126976,1770
2021-08-10,Santa Cruz,87,273765,17457,17142,936,18078,209
2021-08-10,Shasta,89,179085,13920,13461,1930,15391,211
2021-08-10,Sierra,91,2930,82,76,14,90,0
2021-08-10,Siskiyou,93,43540,2194,2088,539,2627,33
2021-08-10,Solano,95,438530,38167,36767,840,37607,262
2021-08-10,Sonoma,97,501317,35285,34054,423,34477,333
2021-08-10,Stanislaus,99,539301,62015,60605,6859,67464,1037
2021-08-10,Sutter,101,95872,10765,10569,119,10688,130
2021-08-10,Tehama,103,63373,5530,5392,683,6075,66
2021-08-10,Trinity,105,12862,425,384,99,483,3
2021-08-10,Tulare,107,460477,52047,51390,10823,62213,854
2021-08-10,Tuolumne,109,53932,4966,4780,42,4822,64
2021-08-10,Ventura,111,848112,86884,85714,3803,89517,1051
2021-08-10,Yolo,113,214977,15988,15568,644,16212,218
2021-08-10,Yuba,115,75493,7197,7028,148,7176,50
2021-08-09,Alameda,1,1643700,102110,99496,2408,101904,1276
2021-08-09,Alpine,3,1148,91,91,0,91,0
2021-08-09,Amador,5,37829,4225,4078,40,4118,48
2021-08-09,Butte,7,227075,14116,13813,2289,16102,205
2021-08-09,Calaveras,9,45235,2529,2472,17,2489,57
2021-08-09,Colusa,11,21464,2136,2075,411,2486,16
2021-08-09,Contra Costa,13,1133247,82223,79740,1670,81410,840
2021-08-09,Del Norte,15,27424,1971,1848,11,1859,8
2021-08-09,El Dorado,17,186661,12094,11672,1026,12698,117
2021-08-09,Fresno,19,978130,109055,107310,9721,117031,1747
2021-08-09,Glenn,21,27897,2571,2532,635,3167,20
2021-08-09,Humboldt,23,135768,5963,5632,103,5735,52
2021-08-09,Imperial,25,180216,29616,29512,2986,32498,745
2021-08-09,Inyo,27,18085,1488,1481,5,1486,39
2021-08-09,Kern,29,883053,102091,101069,13349,114418,1359
2021-08-09,Kings,31,150075,24574,24155,1355,25510,250
2021-08-09,Lake,33,64148,4823,4670,31,4701,66
2021-08-09,Lassen,35,31185,5457,5393,136,5529,21
2021-08-09,Los Angeles,37,10098052,1296261,1282891,49993,1332884,24798
2021-08-09,Madera,39,155013,17748,17429,1138,18567,245
2021-08-09,Marin,41,260295,15498,15154,321,15475,239
2021-08-09,Mariposa,43,17540,570,545,12,557,5
2021-08-09,Mendocino,45,87422,4995,4732,133,4865,49
2021-08-09,Merced,47,269075,33087,32666,1107,33773,477
2021-08-09,Modoc,49,8938,424,419,148,567,5
2021-08-09,Mono,51,14174,1331,1337,13,1350,3
2021-08-09,Monterey,53,433212,44438,44190,2227,46417,527
2021-08-09,Napa,55,140530,10909,10679,62,10741,83
2021-08-09,Nevada,57,99092,6435,6088,225,6313,73
2021-08-09,Orange,59,3164182,274716,271036,12918,283954,5153
2021-08-09,Placer,61,380077,27560,26457,2237,28694,305
2021-08-09,Plumas,63,18699,835,803,16,819,5
2021-08-09,Riverside,65,2383286,312420,308678,15619,324297,4562
2021-08-09,Sacramento,67,1510023,124118,120812,2448,123260,1748
2021-08-09,San Benito,69,59416,6436,6359,123,6482,63
2021-08-09,San Bernardino,71,2135413,311978,308038,9694,317732,5295
2021-08-09,San Diego,73,3302833,311883,306855,0,306855,3811
2021-08-09,San Francisco,75,870044,44445,43261,1934,45195,564
2021-08-09,San Joaquin,77,732212,80623,79198,4299,83497,1469
2021-08-09,San Luis Obispo,79,281455,23177,22695,904,23599,264
2021-08-09,San Mateo,81,765935,46962,46040,781,46821,548
2021-08-09,Santa Barbara,83,443738,37159,36474,1393,37867,470
2021-08-09,Santa Clara,85,1922200,127787,125791,948,126739,2187
2021-08-09,Santa Cruz,87,273765,17396,17082,936,18018,209
2021-08-09,Shasta,89,179085,13805,13397,1919,15316,210
2021-08-09,Sierra,91,2930,81,75,14,89,0
2021-08-09,Siskiyou,93,43540,2183,2047,521,2568,32
2021-08-09,Solano,95,438530,37904,36653,838,37491,262
2021-08-09,Sonoma,97,501317,35106,33933,421,34354,333
2021-08-09,Stanislaus,99,539301,61736,60410,6816,67226,1037
2021-08-09,Sutter,101,95872,10717,10525,116,10641,129
2021-08-09,Tehama,103,63373,5488,5373,681,6054,66
2021-08-09,Trinity,105,12862,424,378,98,476,3
2021-08-09,Tulare,107,460477,51890,51274,10757,62031,854
2021-08-09,Tuolumne,109,53932,4924,4745,42,4787,64
2021-08-09,Ventura,111,848112,86612,85514,3792,89306,1047
2021-08-09,Yolo,113,214977,15910,15521,623,16144,218
2021-08-09,Yuba,115,75493,7141,6994,148,7142,50
2021-08-08,Alameda,1,1643700,101558,99135,2400,101535,1276
2021-08-08,Alpine,3,1148,91,91,0,91,0
2021-08-08,Amador,5,37829,4192,4057,39,4096,48
2021-08-08,Butte,7,227075,14026,13791,2270,16061,205
2021-08-08,Calaveras,9,45235,2497,2462,17,2479,57
2021-08-08,Colusa,11,21464,2119,2070,404,2474,16
2021-08-08,Contra Costa,13,1133247,81700,79454,1663,81117,840
2021-08-08,Del Norte,15,27424,1925,1810,11,1821,8
2021-08-08,El Dorado,17,186661,11978,11631,1015,12646,117
2021-08-08,Fresno,19,978130,108620,107078,9698,116776,1747
2021-08-08,Glenn,21,27897,2561,2527,630,3157,20
2021-08-08,Humboldt,23,135768,5872,5571,103,5674,52
2021-08-08,Imperial,25,180216,29592,29485,2976,32461,745
2021-08-08,Inyo,27,18085,1488,1481,5,1486,39
2021-08-08,Kern,29,883053,101774,100909,13235,114144,1359
2021-08-08,Kings,31,150075,24461,24095,1346,25441,250
2021-08-08,Lake,33,64148,4774,4636,30,4666,66
2021-08-08,Lassen,35,31185,5442,5391,135,5526,21
2021-08-08,Los Angeles,37,10098052,1292040,1279982,49804,1329786,24793
2021-08-08,Madera,39,155013,17673,17398,1122,18520,245
2021-08-08,Marin,41,260295,15449,15124,319,15443,239
2021-08-08,Mariposa,43,17540,566,538,12,550,5
2021-08-08,Mendocino,45,87422,4933,4702,119,4821,49
2021-08-08,Merced,47,269075,32941,32634,1101,33735,477
2021-08-08,Modoc,49,8938,423,419,147,566,5
2021-08-08,Mono,51,14174,1327,1336,13,1349,3
2021-08-08,Monterey,53,433212,44377,44171,2206,46377,527
2021-08-08,Napa,55,140530,10874,10668,62,10730,83
2021-08-08,Nevada,57,99092,6349,6009,223,6232,73
2021-08-08,Orange,59,3164182,273812,270532,12881,283413,5153
2021-08-08,Placer,61,380077,27354,26332,2195,28527,305
2021-08-08,Plumas,63,18699,827,803,16,819,5
2021-08-08,Riverside,65,2383286,311328,308042,15598,323640,4562
2021-08-08,Sacramento,67,1510023,123301,120109,2435,122544,1744
2021-08-08,San Benito,69,59416,6419,6350,122,6472,63
2021-08-08,San Bernardino,71,2135413,310835,307378,9664,317042,5295
2021-08-08,San Diego,73,3302833,310536,305983,0,305983,3811
2021-08-08,San Francisco,75,870044,44190,43098,1908,45006,564
2021-08-08,San Joaquin,77,732212,80176,79002,4284,83286,1469
2021-08-08,San Luis Obispo,79,281455,23003,22668,896,23564,263
2021-08-08,San Mateo,81,765935,46794,45927,766,46693,548
2021-08-08,Santa Barbara,83,443738,36983,36417,1386,37803,470
2021-08-08,Santa Clara,85,1922200,127339,125553,943,126496,2187
2021-08-08,Santa Cruz,87,273765,17323,17035,930,17965,209
2021-08-08,Shasta,89,179085,13720,13381,1909,15290,210
2021-08-08,Sierra,91,2930,81,74,14,88,0
2021-08-08,Siskiyou,93,43540,2167,2041,516,2557,32
2021-08-08,Solano,95,438530,37677,36551,835,37386,262
2021-08-08,Sonoma,97,501317,34860,33805,420,34225,333
2021-08-08,Stanislaus,99,539301,61394,60269,6786,67055,1037
2021-08-08,Sutter,101,95872,10657,10481,115,10596,129
2021-08-08,Tehama,103,63373,5450,5359,678,6037,66
2021-08-08,Trinity,105,12862,419,378,98,476,3
2021-08-08,Tulare,107,460477,51709,51220,10697,61917,854
2021-08-08,Tuolumne,109,53932,4885,4731,42,4773,64
2021-08-08,Ventura,111,848112,86319,85382,3782,89164,1047
2021-08-08,Yolo,113,214977,15819,15477,617,16094,218
2021-08-08,Yuba,115,75493,7102,6967,148,7115,50
2021-08-07,Alameda,1,1643700,101313,98812,2395,101207,1276
2021-08-07,Alpine,3,1148,91,91,0,91,0
2021-08-07,Amador,5,37829,4175,4041,38,4079,48
2021-08-07,Butte,7,227075,13978,13714,2258,15972,205
2021-08-07,Calaveras,9,45235,2487,2446,17,2463,57
2021-08-07,Colusa,11,21464,2114,2067,395,2462,16
2021-08-07,Contra Costa,13,1133247,81405,79168,1659,80827,840
2021-08-07,Del Norte,15,27424,1893,1791,11,1802,8
2021-08-07,El Dorado,17,186661,11928,11575,1005,12580,117
2021-08-07,Fresno,19,978130,108421,106861,9682,116543,1747
2021-08-07,Glenn,21,27897,2555,2515,628,3143,20
2021-08-07,Humboldt,23,135768,5821,5510,100,5610,52
2021-08-07,Imperial,25,180216,29573,29470,2976,32446,745
2021-08-07,Inyo,27,18085,1486,1476,5,1481,39
2021-08-07,Kern,29,883053,101619,100693,13179,113872,1359
2021-08-07,Kings,31,150075,24401,24048,1340,25388,250
2021-08-07,Lake,33,64148,4753,4613,30,4643,66
2021-08-07,Lassen,35,31185,5438,5386,135,5521,21
2021-08-07,Los Angeles,37,10098052,1290052,1276853,49646,1326499,24786
2021-08-07,Madera,39,155013,17642,17366,1116,18482,245
2021-08-07,Marin,41,260295,15416,15085,317,15402,239
2021-08-07,Mariposa,43,17540,563,530,12,542,5
2021-08-07,Mendocino,45,87422,4896,4690,117,4807,49
2021-08-07,Merced,47,269075,32877,32569,1099,33668,477
2021-08-07,Modoc,49,8938,423,419,147,566,5
2021-08-07,Mono,51,14174,1325,1329,13,1342,3
2021-08-07,Monterey,53,433212,44329,44124,2197,46321,527
2021-08-07,Napa,55,140530,10853,10658,61,10719,83
2021-08-07,Nevada,57,99092,6300,5967,220,6187,73
2021-08-07,Orange,59,3164182,273230,269900,12860,282760,5153
2021-08-07,Placer,61,380077,27173,26244,2186,28430,305
2021-08-07,Plumas,63,18699,823,801,16,817,5
2021-08-07,Riverside,65,2383286,310664,307326,15590,322916,4562
2021-08-07,Sacramento,67,1510023,122812,119636,2430,122066,1744
2021-08-07,San Benito,69,59416,6409,6332,122,6454,63
2021-08-07,San Bernardino,71,2135413,310248,306663,9646,316309,5295
2021-08-07,San Diego,73,3302833,309787,304974,0,304974,3811
2021-08-07,San Francisco,75,870044,44029,42926,1881,44807,564
2021-08-07,San Joaquin,77,732212,80014,78769,4270,83039,1469
2021-08-07,San Luis Obispo,79,281455,22937,22579,895,23474,263
2021-08-07,San Mateo,81,765935,46677,45804,755,46559,548
2021-08-07,Santa Barbara,83,443738,36887,36303,1380,37683,470
2021-08-07,Santa Clara,85,1922200,127070,125196,937,126133,2188
2021-08-07,Santa Cruz,87,273765,17281,16994,928,17922,209
2021-08-07,Shasta,89,179085,13665,13361,1901,15262,210
2021-08-07,Sierra,91,2930,81,74,14,88,0
2021-08-07,Siskiyou,93,43540,2155,2039,514,2553,32
2021-08-07,Solano,95,438530,37561,36458,827,37285,262
2021-08-07,Sonoma,97,501317,34737,33716,420,34136,333
2021-08-07,Stanislaus,99,539301,61208,60093,6762,66855,1037
2021-08-07,Sutter,101,95872,10620,10447,115,10562,129
2021-08-07,Tehama,103,63373,5440,5343,673,6016,66
2021-08-07,Trinity,105,12862,415,377,97,474,3
2021-08-07,Tulare,107,460477,51624,51133,10658,61791,854
2021-08-07,Tuolumne,109,53932,4855,4721,42,4763,64
2021-08-07,Ventura,111,848112,86142,85232,3766,88998,1047
2021-08-07,Yolo,113,214977,15778,15423,609,16032,218
2021-08-07,Yuba,115,75493,7078,6937,146,7083,50
2021-08-06,Alameda,1,1643700,100979,98487,2388,100875,1275
2021-08-06,Alpine,3,1148,91,91,0,91,0
2021-08-06,Amador,5,37829,4154,4002,38,4040,48
2021-08-06,Butte,7,227075,13933,13626,2247,15873,205
2021-08-06,Calaveras,9,45235,2477,2419,17,2436,57
2021-08-06,Colusa,11,21464,2108,2045,389,2434,16
2021-08-06,Contra Costa,13,1133247,81111,78796,1653,80449,840
2021-08-06,Del Norte,15,27424,1868,1755,11,1766,8
2021-08-06,El Dorado,17,186661,11880,11498,993,12491,117
2021-08-06,Fresno,19,978130,108161,106542,9665,116207,1747
2021-08-06,Glenn,21,27897,2540,2504,626,3130,20
2021-08-06,Humboldt,23,135768,5770,5421,97,5518,52
2021-08-06,Imperial,25,180216,29562,29404,2972,32376,745
2021-08-06,Inyo,27,18085,1483,1471,5,1476,39
2021-08-06,Kern,29,883053,101442,100427,13094,113521,1359
2021-08-06,Kings,31,150075,24344,23974,1336,25310,250
2021-08-06,Lake,33,64148,4731,4557,30,4587,66
2021-08-06,Lassen,35,31185,5418,5368,133,5501,21
2021-08-06,Los Angeles,37,10098052,1287574,1273081,49495,1322576,24772
2021-08-06,Madera,39,155013,17604,17324,1109,18433,245
2021-08-06,Marin,41,260295,15384,15051,317,15368,239
2021-08-06,Mariposa,43,17540,554,511,12,523,5
2021-08-06,Mendocino,45,87422,4855,4649,116,4765,49
2021-08-06,Merced,47,269075,32817,32456,1096,33552,477
2021-08-06,Modoc,49,8938,423,419,147,566,5
2021-08-06,Mono,51,14174,1323,1328,13,1341,3
2021-08-06,Monterey,53,433212,44271,44058,2174,46232,527
2021-08-06,Napa,55,140530,10826,10620,61,10681,83
2021-08-06,Nevada,57,99092,6244,5874,220,6094,73
2021-08-06,Orange,59,3164182,272671,269077,12842,281919,5151
2021-08-06,Placer,61,380077,27045,26086,2163,28249,305
2021-08-06,Plumas,63,18699,814,795,16,811,5
2021-08-06,Riverside,65,2383286,309952,306304,15579,321883,4562
2021-08-06,Sacramento,67,1510023,122338,119169,2410,121579,1740
2021-08-06,San Benito,69,59416,6392,6315,122,6437,63
2021-08-06,San Bernardino,71,2135413,309548,305806,9638,315444,5286
2021-08-06,San Diego,73,3302833,308757,303691,0,303691,3810
2021-08-06,San Francisco,75,870044,43877,42659,1858,44517,565
2021-08-06,San Joaquin,77,732212,79867,78405,4259,82664,1469
2021-08-06,San Luis Obispo,79,281455,22871,22472,890,23362,263
2021-08-06,San Mateo,81,765935,46547,45665,740,46405,548
2021-08-06,Santa Barbara,83,443738,36798,36208,1375,37583,470
2021-08-06,Santa Clara,85,1922200,126782,124767,933,125700,2185
2021-08-06,Santa Cruz,87,273765,17239,16924,924,17848,207
2021-08-06,Shasta,89,179085,13600,13284,1895,15179,210
2021-08-06,Sierra,91,2930,81,73,14,87,0
2021-08-06,Siskiyou,93,43540,2145,2030,510,2540,32
2021-08-06,Solano,95,438530,37452,36351,818,37169,262
2021-08-06,Sonoma,97,501317,34650,33594,419,34013,333
2021-08-06,Stanislaus,99,539301,61056,59854,6744,66598,1037
2021-08-06,Sutter,101,95872,10578,10391,115,10506,128
2021-08-06,Tehama,103,63373,5417,5325,672,5997,66
2021-08-06,Trinity,105,12862,414,371,96,467,3
2021-08-06,Tulare,107,460477,51525,51018,10609,61627,854
2021-08-06,Tuolumne,109,53932,4828,4674,42,4716,64
2021-08-06,Ventura,111,848112,85972,85046,3754,88800,1047
2021-08-06,Yolo,113,214977,15726,15299,604,15903,218
2021-08-06,Yuba,115,75493,7055,6904,146,7050,50
2021-08-05,Alameda,1,1643700,100472,98052,2384,100436,1275
2021-08-05,Alpine,3,1148,91,91,0,91,0
2021-08-05,Amador,5,37829,4134,3992,38,4030,48
2021-08-05,Butte,7,227075,13880,13564,2226,15790,206
2021-08-05,Calaveras,9,45235,2459,2397,17,2414,57
2021-08-05,Colusa,11,21464,2096,2036,385,2421,16
2021-08-05,Contra Costa,13,1133247,80684,78514,1645,80159,840
2021-08-05,Del Norte,15,27424,1841,1731,11,1742,8
2021-08-05,El Dorado,17,186661,11795,11408,982,12390,117
2021-08-05,Fresno,19,978130,107792,106219,9637,115856,1747
2021-08-05,Glenn,21,27897,2535,2494,623,3117,20
2021-08-05,Humboldt,23,135768,5696,5328,96,5424,52
2021-08-05,Imperial,25,180216,29531,29383,2968,32351,745
2021-08-05,Inyo,27,18085,1479,1468,5,1473,38
2021-08-05,Kern,29,883053,101221,100091,13010,113101,1358
2021-08-05,Kings,31,150075,24258,23906,1331,25237,249
2021-08-05,Lake,33,64148,4692,4490,28,4518,66
2021-08-05,Lassen,35,31185,5410,5344,133,5477,21
2021-08-05,Los Angeles,37,10098052,1284378,1269445,49365,1318810,24756
2021-08-05,Madera,39,155013,17564,17301,1102,18403,245
2021-08-05,Marin,41,260295,15341,15005,313,15318,239
2021-08-05,Mariposa,43,17540,543,504,11,515,5
2021-08-05,Mendocino,45,87422,4813,4597,106,4703,49
2021-08-05,Merced,47,269075,32750,32381,1087,33468,477
2021-08-05,Modoc,49,8938,422,418,147,565,5
2021-08-05,Mono,51,14174,1313,1309,13,1322,3
2021-08-05,Monterey,53,433212,44219,43992,2153,46145,527
2021-08-05,Napa,55,140530,10790,10591,59,10650,83
2021-08-05,Nevada,57,99092,6162,5778,217,5995,73
2021-08-05,Orange,59,3164182,271901,268329,12822,281151,5149
2021-08-05,Placer,61,380077,26850,25965,2134,28099,305
2021-08-05,Plumas,63,18699,808,787,15,802,5
2021-08-05,Riverside,65,2383286,309040,305415,15553,320968,4562
2021-08-05,Sacramento,67,1510023,121630,118590,2400,120990,1739
2021-08-05,San Benito,69,59416,6374,6305,122,6427,63
2021-08-05,San Bernardino,71,2135413,308717,304956,9617,314573,5284
2021-08-05,San Diego,73,3302833,307480,302220,0,302220,3806
2021-08-05,San Francisco,75,870044,43670,42301,1845,44146,564
2021-08-05,San Joaquin,77,732212,79508,78151,4250,82401,1468
2021-08-05,San Luis Obispo,79,281455,22758,22362,885,23247,263
2021-08-05,San Mateo,81,765935,46384,45554,727,46281,548
2021-08-05,Santa Barbara,83,443738,36693,36112,1372,37484,470
2021-08-05,Santa Clara,85,1922200,126452,124490,933,125423,2185
2021-08-05,Santa Cruz,87,273765,17196,16867,921,17788,207
2021-08-05,Shasta,89,179085,13543,13217,1886,15103,210
2021-08-05,Sierra,91,2930,76,73,14,87,0
2021-08-05,Siskiyou,93,43540,2125,2024,499,2523,32
2021-08-05,Solano,95,438530,37278,36250,811,37061,262
2021-08-05,Sonoma,97,501317,34514,33455,418,33873,330
2021-08-05,Stanislaus,99,539301,60810,59692,6708,66400,1037
2021-08-05,Sutter,101,95872,10523,10349,115,10464,127
2021-08-05,Tehama,103,63373,5399,5305,668,5973,66
2021-08-05,Trinity,105,12862,408,367,96,463,3
2021-08-05,Tulare,107,460477,51411,50889,10551,61440,854
2021-08-05,Tuolumne,109,53932,4798,4619,42,4661,64
2021-08-05,Ventura,111,848112,85720,84837,3741,88578,1047
2021-08-05,Yolo,113,214977,15665,15250,597,15847,218
2021-08-05,Yuba,115,75493,7012,6872,144,7016,50
2021-08-04,Alameda,1,1643700,99994,97477,2372,99849,1274
2021-08-04,Alpine,3,1148,91,91,0,91,0
2021-08-04,Amador,5,37829,4104,3962,37,3999,48
2021-08-04,Butte,7,227075,13816,13509,2208,15717,205
2021-08-04,Calaveras,9,45235,2436,2374,17,2391,57
2021-08-04,Colusa,11,21464,2085,2025,379,2404,16
2021-08-04,Contra Costa,13,1133247,80180,77966,1639,79605,840
2021-08-04,Del Norte,15,27424,1818,1701,11,1712,8
2021-08-04,El Dorado,17,186661,11717,11319,971,12290,117
2021-08-04,Fresno,19,978130,107429,105899,9609,115508,1747
2021-08-04,Glenn,21,27897,2528,2487,623,3110,20
2021-08-04,Humboldt,23,135768,5620,5271,95,5366,52
2021-08-04,Imperial,25,180216,29483,29375,2966,32341,745
2021-08-04,Inyo,27,18085,1478,1465,5,1470,38
2021-08-04,Kern,29,883053,100971,99868,12925,112793,1358
2021-08-04,Kings,31,150075,24189,23840,1324,25164,250
2021-08-04,Lake,33,64148,4661,4423,22,4445,65
2021-08-04,Lassen,35,31185,5401,5340,133,5473,21
2021-08-04,Los Angeles,37,10098052,1280914,1265788,49202,1314990,24737
2021-08-04,Madera,39,155013,17529,17251,1095,18346,245
2021-08-04,Marin,41,260295,15294,14950,312,15262,239
2021-08-04,Mariposa,43,17540,528,497,11,508,5
2021-08-04,Mendocino,45,87422,4789,4560,102,4662,49
2021-08-04,Merced,47,269075,32612,32274,1084,33358,476
2021-08-04,Modoc,49,8938,422,416,147,563,5
2021-08-04,Mono,51,14174,1310,1307,13,1320,3
2021-08-04,Monterey,53,433212,44160,43926,2136,46062,526
2021-08-04,Napa,55,140530,10754,10544,59,10603,82
2021-08-04,Nevada,57,99092,6096,5702,216,5918,73
2021-08-04,Orange,59,3164182,271041,267199,12799,279998,5146
2021-08-04,Placer,61,380077,26640,25688,2114,27802,305
2021-08-04,Plumas,63,18699,801,784,15,799,5
2021-08-04,Riverside,65,2383286,308117,304272,15527,319799,4562
2021-08-04,Sacramento,67,1510023,120893,117882,2374,120256,1736
2021-08-04,San Benito,69,59416,6359,6300,122,6422,63
2021-08-04,San Bernardino,71,2135413,307871,304164,9599,313763,5285
2021-08-04,San Diego,73,3302833,305964,301100,0,301100,3805
2021-08-04,San Francisco,75,870044,43422,41913,1829,43742,562
2021-08-04,San Joaquin,77,732212,79156,77846,4239,82085,1466
2021-08-04,San Luis Obispo,79,281455,22651,22245,879,23124,262
2021-08-04,San Mateo,81,765935,46217,45392,719,46111,548
2021-08-04,Santa Barbara,83,443738,36566,36013,1363,37376,470
2021-08-04,Santa Clara,85,1922200,126068,124127,926,125053,2183
2021-08-04,Santa Cruz,87,273765,17134,16820,914,17734,208
2021-08-04,Shasta,89,179085,13492,13134,1875,15009,211
2021-08-04,Sierra,91,2930,76,73,14,87,0
2021-08-04,Siskiyou,93,43540,2105,2010,494,2504,32
2021-08-04,Solano,95,438530,37105,36025,802,36827,262
2021-08-04,Sonoma,97,501317,34345,33311,416,33727,330
2021-08-04,Stanislaus,99,539301,60570,59396,6679,66075,1037
2021-08-04,Sutter,101,95872,10486,10294,115,10409,127
2021-08-04,Tehama,103,63373,5373,5281,664,5945,66
2021-08-04,Trinity,105,12862,406,362,93,455,3
2021-08-04,Tulare,107,460477,51303,50797,10505,61302,855
2021-08-04,Tuolumne,109,53932,4773,4584,42,4626,64
2021-08-04,Ventura,111,848112,85461,84406,3718,88124,1047
2021-08-04,Yolo,113,214977,15590,15189,585,15774,215
2021-08-04,Yuba,115,75493,6972,6827,143,6970,50
2021-08-03,Alameda,1,1643700,99537,97275,2367,99642,1270
2021-08-03,Alpine,3,1148,91,91,0,91,0
2021-08-03,Amador,5,37829,4069,3953,37,3990,48
2021-08-03,Butte,7,227075,13753,13468,2193,15661,205
2021-08-03,Calaveras,9,45235,2412,2356,17,2373,57
2021-08-03,Colusa,11,21464,2072,2023,373,2396,16
2021-08-03,Contra Costa,13,1133247,79698,77739,1633,79372,836
2021-08-03,Del Norte,15,27424,1787,1691,10,1701,8
2021-08-03,El Dorado,17,186661,11627,11255,962,12217,117
2021-08-03,Fresno,19,978130,107067,105732,9584,115316,1746
2021-08-03,Glenn,21,27897,2521,2481,619,3100,20
2021-08-03,Humboldt,23,135768,5553,5199,90,5289,52
2021-08-03,Imperial,25,180216,29461,29333,2959,32292,745
2021-08-03,Inyo,27,18085,1475,1459,5,1464,38
2021-08-03,Kern,29,883053,100710,99708,12846,112554,1358
2021-08-03,Kings,31,150075,24101,23780,1317,25097,249
2021-08-03,Lake,33,64148,4605,4408,18,4426,66
2021-08-03,Lassen,35,31185,5391,5341,133,5474,21
2021-08-03,Los Angeles,37,10098052,1277197,1262678,49025,1311703,24721
2021-08-03,Madera,39,155013,17491,17220,1080,18300,245
2021-08-03,Marin,41,260295,15245,14906,309,15215,243
2021-08-03,Mariposa,43,17540,517,495,11,506,5
2021-08-03,Mendocino,45,87422,4739,4546,100,4646,49
2021-08-03,Merced,47,269075,32529,32197,1082,33279,476
2021-08-03,Modoc,49,8938,422,416,147,563,5
2021-08-03,Mono,51,14174,1304,1303,13,1316,3
2021-08-03,Monterey,53,433212,44099,43872,2120,45992,525
2021-08-03,Napa,55,140530,10710,10527,58,10585,82
2021-08-03,Nevada,57,99092,6016,5685,215,5900,73
2021-08-03,Orange,59,3164182,270301,266649,12768,279417,5146
2021-08-03,Placer,61,380077,26443,25624,2090,27714,305
2021-08-03,Plumas,63,18699,795,779,15,794,5
2021-08-03,Riverside,65,2383286,307193,303499,15501,319000,4562
2021-08-03,Sacramento,67,1510023,120179,117591,2353,119944,1732
2021-08-03,San Benito,69,59416,6343,6284,121,6405,63
2021-08-03,San Bernardino,71,2135413,306961,303386,9579,312965,5265
2021-08-03,San Diego,73,3302833,304516,300189,0,300189,3803
2021-08-03,San Francisco,75,870044,43143,41758,1804,43562,562
2021-08-03,San Joaquin,77,732212,78810,77615,4220,81835,1461
2021-08-03,San Luis Obispo,79,281455,22516,22166,873,23039,264
2021-08-03,San Mateo,81,765935,46037,45255,699,45954,548
2021-08-03,Santa Barbara,83,443738,36447,35912,1357,37269,469
2021-08-03,Santa Clara,85,1922200,125647,123914,920,124834,2183
2021-08-03,Santa Cruz,87,273765,17067,16778,911,17689,207
2021-08-03,Shasta,89,179085,13418,13091,1865,14956,211
2021-08-03,Sierra,91,2930,76,72,14,86,0
2021-08-03,Siskiyou,93,43540,2094,1998,489,2487,32
2021-08-03,Solano,95,438530,36895,35953,790,36743,261
2021-08-03,Sonoma,97,501317,34162,33243,415,33658,330
2021-08-03,Stanislaus,99,539301,60339,59282,6660,65942,1037
2021-08-03,Sutter,101,95872,10446,10263,115,10378,127
2021-08-03,Tehama,103,63373,5348,5269,659,5928,66
2021-08-03,Trinity,105,12862,402,361,90,451,3
2021-08-03,Tulare,107,460477,51208,50729,10458,61187,854
2021-08-03,Tuolumne,109,53932,4738,4563,42,4605,64
2021-08-03,Ventura,111,848112,85225,84270,3695,87965,1046
2021-08-03,Yolo,113,214977,15503,15149,570,15719,215
2021-08-03,Yuba,115,75493,6936,6781,143,6924,50
2021-08-02,Alameda,1,1643700,98992,96954,2363,99317,1270
2021-08-02,Alpine,3,1148,91,91,0,91,0
2021-08-02,Amador,5,37829,4049,3927,37,3964,48
2021-08-02,Butte,7,227075,13676,13442,2174,15616,205
2021-08-02,Calaveras,9,45235,2382,2347,17,2364,57
2021-08-02,Colusa,11,21464,2060,2019,370,2389,16
2021-08-02,Contra Costa,13,1133247,79191,77516,1618,79134,836
2021-08-02,Del Norte,15,27424,1759,1653,10,1663,8
2021-08-02,El Dorado,17,186661,11522,11226,948,12174,116
2021-08-02,Fresno,19,978130,106726,105471,9555,115026,1744
2021-08-02,Glenn,21,27897,2513,2477,617,3094,20
2021-08-02,Humboldt,23,135768,5469,5161,88,5249,52
2021-08-02,Imperial,25,180216,29427,29302,2956,32258,743
2021-08-02,Inyo,27,18085,1469,1455,5,1460,38
2021-08-02,Kern,29,883053,100454,99556,12751,112307,1357
2021-08-02,Kings,31,150075,24032,23722,1310,25032,249
2021-08-02,Lake,33,64148,4563,4375,18,4393,66
2021-08-02,Lassen,35,31185,5369,5338,131,5469,21
2021-08-02,Los Angeles,37,10098052,1273491,1260807,48812,1309619,24705
2021-08-02,Madera,39,155013,17448,17158,1067,18225,245
2021-08-02,Marin,41,260295,15202,14859,307,15166,239
2021-08-02,Mariposa,43,17540,508,490,11,501,5
2021-08-02,Mendocino,45,87422,4699,4512,97,4609,49
2021-08-02,Merced,47,269075,32431,32163,1078,33241,474
2021-08-02,Modoc,49,8938,422,415,147,562,5
2021-08-02,Mono,51,14174,1300,1296,13,1309,3
2021-08-02,Monterey,53,433212,44041,43842,2110,45952,525
2021-08-02,Napa,55,140530,10667,10490,55,10545,82
2021-08-02,Nevada,57,99092,5945,5611,214,5825,73
2021-08-02,Orange,59,3164182,269394,266050,12723,278773,5146
2021-08-02,Placer,61,380077,26295,25516,2054,27570,306
2021-08-02,Plumas,63,18699,788,762,15,777,5
2021-08-02,Riverside,65,2383286,306256,302756,15485,318241,4562
2021-08-02,Sacramento,67,1510023,119473,117183,2336,119519,1728
2021-08-02,San Benito,69,59416,6324,6276,120,6396,63
2021-08-02,San Bernardino,71,2135413,306090,303000,9545,312545,5253
2021-08-02,San Diego,73,3302833,303028,299021,0,299021,3798
2021-08-02,San Francisco,75,870044,42852,41553,1776,43329,562
2021-08-02,San Joaquin,77,732212,78472,77447,4189,81636,1461
2021-08-02,San Luis Obispo,79,281455,22423,22093,868,22961,261
2021-08-02,San Mateo,81,765935,45871,45154,676,45830,548
2021-08-02,Santa Barbara,83,443738,36310,35851,1351,37202,469
2021-08-02,Santa Clara,85,1922200,125177,123655,912,124567,2183
2021-08-02,Santa Cruz,87,273765,17010,16746,907,17653,207
2021-08-02,Shasta,89,179085,13354,13049,1851,14900,212
2021-08-02,Sierra,91,2930,76,71,14,85,0
2021-08-02,Siskiyou,93,43540,2083,1992,475,2467,31
2021-08-02,Solano,95,438530,36652,35852,781,36633,260
2021-08-02,Sonoma,97,501317,33934,33132,410,33542,330
2021-08-02,Stanislaus,99,539301,60106,59160,6645,65805,1037
2021-08-02,Sutter,101,95872,10400,10220,115,10335,127
2021-08-02,Tehama,103,63373,5324,5260,655,5915,66
2021-08-02,Trinity,105,12862,397,359,89,448,3
2021-08-02,Tulare,107,460477,51107,50640,10384,61024,854
2021-08-02,Tuolumne,109,53932,4672,4524,42,4566,64
2021-08-02,Ventura,111,848112,85043,84143,3672,87815,1044
2021-08-02,Yolo,113,214977,15406,15072,551,15623,215
2021-08-02,Yuba,115,75493,6894,6743,143,6886,50
2021-08-01,Alameda,1,1643700,98462,96775,2358,99133,1270
2021-08-01,Alpine,3,1148,91,91,0,91,0
2021-08-01,Amador,5,37829,4012,3923,36,3959,48
2021-08-01,Butte,7,227075,13596,13406,2157,15563,205
2021-08-01,Calaveras,9,45235,2357,2341,17,2358,57
2021-08-01,Colusa,11,21464,2049,2014,368,2382,16
2021-08-01,Contra Costa,13,1133247,78755,77360,1610,78970,836
2021-08-01,Del Norte,15,27424,1729,1642,10,1652,8
2021-08-01,El Dorado,17,186661,11421,11189,938,12127,116
2021-08-01,Fresno,19,978130,106401,105339,9519,114858,1744
2021-08-01,Glenn,21,27897,2507,2476,615,3091,20
2021-08-01,Humboldt,23,135768,5393,5118,84,5202,52
2021-08-01,Imperial,25,180216,29392,29297,2952,32249,743
2021-08-01,Inyo,27,18085,1467,1454,5,1459,38
2021-08-01,Kern,29,883053,100179,99396,12674,112070,1357
2021-08-01,Kings,31,150075,23944,23700,1304,25004,249
2021-08-01,Lake,33,64148,4484,4356,18,4374,66
2021-08-01,Lassen,35,31185,5357,5336,129,5465,21
2021-08-01,Los Angeles,37,10098052,1269822,1258461,48582,1307043,24700
2021-08-01,Madera,39,155013,17391,17146,1062,18208,245
2021-08-01,Marin,41,260295,15130,14844,306,15150,239
2021-08-01,Mariposa,43,17540,501,482,11,493,5
2021-08-01,Mendocino,45,87422,4653,4476,93,4569,49
2021-08-01,Merced,47,269075,32343,32144,1074,33218,474
2021-08-01,Modoc,49,8938,421,413,147,560,5
2021-08-01,Mono,51,14174,1297,1294,13,1307,3
2021-08-01,Monterey,53,433212,43995,43808,2095,45903,525
2021-08-01,Napa,55,140530,10621,10473,53,10526,82
2021-08-01,Nevada,57,99092,5862,5561,213,5774,73
2021-08-01,Orange,59,3164182,268599,265467,12679,278146,5146
2021-08-01,Placer,61,380077,26082,25464,2024,27488,306
2021-08-01,Plumas,63,18699,782,761,15,776,5
2021-08-01,Riverside,65,2383286,305327,302256,15466,317722,4562
2021-08-01,Sacramento,67,1510023,118756,116923,2319,119242,1727
2021-08-01,San Benito,69,59416,6307,6271,120,6391,63
2021-08-01,San Bernardino,71,2135413,305161,302542,9534,312076,5248
2021-08-01,San Diego,73,3302833,301843,298002,0,298002,3798
2021-08-01,San Francisco,75,870044,42518,41432,1762,43194,562
2021-08-01,San Joaquin,77,732212,78105,77338,4162,81500,1461
2021-08-01,San Luis Obispo,79,281455,22320,22083,863,22946,261
2021-08-01,San Mateo,81,765935,45708,45036,660,45696,548
2021-08-01,Santa Barbara,83,443738,36190,35809,1347,37156,469
2021-08-01,Santa Clara,85,1922200,124767,123511,904,124415,2183
2021-08-01,Santa Cruz,87,273765,16934,16709,897,17606,207
2021-08-01,Shasta,89,179085,13284,13036,1842,14878,212
2021-08-01,Sierra,91,2930,74,71,14,85,0
2021-08-01,Siskiyou,93,43540,2077,1989,469,2458,31
2021-08-01,Solano,95,438530,36435,35800,774,36574,260
2021-08-01,Sonoma,97,501317,33742,33076,407,33483,330
2021-08-01,Stanislaus,99,539301,59866,59078,6624,65702,1037
2021-08-01,Sutter,101,95872,10345,10198,112,10310,127
2021-08-01,Tehama,103,63373,5308,5252,650,5902,66
2021-08-01,Trinity,105,12862,394,359,88,447,3
2021-08-01,Tulare,107,460477,50952,50600,10320,60920,854
2021-08-01,Tuolumne,109,53932,4634,4489,42,4531,64
2021-08-01,Ventura,111,848112,84818,84040,3656,87696,1044
2021-08-01,Yolo,113,214977,15335,15042,543,15585,215
2021-08-01,Yuba,115,75493,6856,6721,143,6864,50
2021-07-31,Alameda,1,1643700,98152,95279,2352,97631,1265
2021-07-31,Alpine,3,1148,91,89,0,89,0
2021-07-31,Amador,5,37829,3992,3877,36,3913,48
2021-07-31,Butte,7,227075,13565,13235,2136,15371,205
2021-07-31,Calaveras,9,45235,2350,2294,17,2311,57
2021-07-31,Colusa,11,21464,2043,2006,366,2372,16
2021-07-31,Contra Costa,13,1133247,78476,75866,1608,77474,832
2021-07-31,Del Norte,15,27424,1706,1576,10,1586,8
2021-07-31,El Dorado,17,186661,11368,11017,932,11949,116
2021-07-31,Fresno,19,978130,106245,104639,9513,114152,1744
2021-07-31,Glenn,21,27897,2502,2465,611,3076,20
2021-07-31,Humboldt,23,135768,5338,4978,83,5061,52
2021-07-31,Imperial,25,180216,29375,29164,2949,32113,743
2021-07-31,Inyo,27,18085,1464,1442,5,1447,38
2021-07-31,Kern,29,883053,100016,98903,12613,111516,1357
2021-07-31,Kings,31,150075,23892,23548,1299,24847,248
2021-07-31,Lake,33,64148,4459,4238,17,4255,66
2021-07-31,Lassen,35,31185,5351,5320,129,5449,21
2021-07-31,Los Angeles,37,10098052,1267647,1248545,48430,1296975,24691
2021-07-31,Madera,39,155013,17358,17058,1057,18115,245
2021-07-31,Marin,41,260295,15086,14701,305,15006,239
2021-07-31,Mariposa,43,17540,492,470,11,481,5
2021-07-31,Mendocino,45,87422,4628,4400,90,4490,49
2021-07-31,Merced,47,269075,32296,31959,1068,33027,474
2021-07-31,Modoc,49,8938,421,413,147,560,5
2021-07-31,Mono,51,14174,1296,1287,13,1300,3
2021-07-31,Monterey,53,433212,43958,43720,2086,45806,525
2021-07-31,Napa,55,140530,10602,10401,52,10453,82
2021-07-31,Nevada,57,99092,5823,5373,212,5585,72
2021-07-31,Orange,59,3164182,268032,263446,12658,276104,5144
2021-07-31,Placer,61,380077,25948,25104,2017,27121,306
2021-07-31,Plumas,63,18699,779,743,15,758,5
2021-07-31,Riverside,65,2383286,304711,300315,15457,315772,4554
2021-07-31,Sacramento,67,1510023,118357,115259,2315,117574,1720
2021-07-31,San Benito,69,59416,6296,6251,120,6371,63
2021-07-31,San Bernardino,71,2135413,304595,300726,9531,310257,5240
2021-07-31,San Diego,73,3302833,301167,295054,0,295054,3798
2021-07-31,San Francisco,75,870044,42302,40412,1736,42148,562
2021-07-31,San Joaquin,77,732212,77940,76575,4150,80725,1443
2021-07-31,San Luis Obispo,79,281455,22265,21922,861,22783,260
2021-07-31,San Mateo,81,765935,45566,44622,648,45270,548
2021-07-31,Santa Barbara,83,443738,36111,35531,1345,36876,467
2021-07-31,Santa Clara,85,1922200,124511,122614,902,123516,2099
2021-07-31,Santa Cruz,87,273765,16895,16576,896,17472,207
2021-07-31,Shasta,89,179085,13250,12918,1834,14752,212
2021-07-31,Sierra,91,2930,74,68,14,82,0
2021-07-31,Siskiyou,93,43540,2068,1976,463,2439,31
2021-07-31,Solano,95,438530,36339,35340,768,36108,263
2021-07-31,Sonoma,97,501317,33616,32601,407,33008,329
2021-07-31,Stanislaus,99,539301,59708,58586,6603,65189,1035
2021-07-31,Sutter,101,95872,10309,10068,111,10179,127
2021-07-31,Tehama,103,63373,5293,5216,647,5863,66
2021-07-31,Trinity,105,12862,393,354,87,441,3
2021-07-31,Tulare,107,460477,50869,50409,10262,60671,854
2021-07-31,Tuolumne,109,53932,4595,4362,42,4404,64
2021-07-31,Ventura,111,848112,84661,83509,3639,87148,1044
2021-07-31,Yolo,113,214977,15288,14863,531,15394,215
2021-07-31,Yuba,115,75493,6833,6615,142,6757,50
2021-07-30,Alameda,1,1643700,97819,95279,2347,97626,1265
2021-07-30,Alpine,3,1148,91,89,0,89,0
2021-07-30,Amador,5,37829,3969,3877,36,3913,48
2021-07-30,Butte,7,227075,13510,13235,2123,15358,205
2021-07-30,Calaveras,9,45235,2345,2294,17,2311,57
2021-07-30,Colusa,11,21464,2039,2006,364,2370,16
2021-07-30,Contra Costa,13,1133247,78234,75866,1604,77470,832
2021-07-30,Del Norte,15,27424,1688,1576,10,1586,8
2021-07-30,El Dorado,17,186661,11336,11017,925,11942,116
2021-07-30,Fresno,19,978130,106051,104639,9502,114141,1744
2021-07-30,Glenn,21,27897,2497,2465,610,3075,20
2021-07-30,Humboldt,23,135768,5274,4978,80,5058,52
2021-07-30,Imperial,25,180216,29361,29164,2946,32110,743
2021-07-30,Inyo,27,18085,1463,1442,5,1447,38
2021-07-30,Kern,29,883053,99892,98903,12564,111467,1357
2021-07-30,Kings,31,150075,23851,23548,1295,24843,248
2021-07-30,Lake,33,64148,4431,4238,17,4255,66
2021-07-30,Lassen,35,31185,5347,5320,129,5449,21
2021-07-30,Los Angeles,37,10098052,1265338,1248545,48273,1296818,24691
2021-07-30,Madera,39,155013,17318,17058,1053,18111,245
2021-07-30,Marin,41,260295,15052,14701,305,15006,239
2021-07-30,Mariposa,43,17540,489,470,11,481,5
2021-07-30,Mendocino,45,87422,4599,4400,89,4489,49
2021-07-30,Merced,47,269075,32256,31959,1063,33022,474
2021-07-30,Modoc,49,8938,419,413,147,560,5
2021-07-30,Mono,51,14174,1290,1287,13,1300,3
2021-07-30,Monterey,53,433212,43926,43720,2076,45796,525
2021-07-30,Napa,55,140530,10580,10401,51,10452,82
2021-07-30,Nevada,57,99092,5765,5373,212,5585,72
2021-07-30,Orange,59,3164182,267405,263446,12629,276075,5144
2021-07-30,Placer,61,380077,25860,25104,1999,27103,306
2021-07-30,Plumas,63,18699,774,743,15,758,5
2021-07-30,Riverside,65,2383286,304075,300315,15446,315761,4554
2021-07-30,Sacramento,67,1510023,117917,115259,2310,117569,1720
2021-07-30,San Benito,69,59416,6289,6251,120,6371,63
2021-07-30,San Bernardino,71,2135413,304084,300726,9525,310251,5240
2021-07-30,San Diego,73,3302833,300399,295054,0,295054,3798
2021-07-30,San Francisco,75,870044,42089,40412,1720,42132,562
2021-07-30,San Joaquin,77,732212,77787,76575,4147,80722,1443
2021-07-30,San Luis Obispo,79,281455,22229,21922,857,22779,260
2021-07-30,San Mateo,81,765935,45446,44622,631,45253,548
2021-07-30,Santa Barbara,83,443738,36043,35531,1340,36871,467
2021-07-30,Santa Clara,85,1922200,124286,122614,899,123513,2099
2021-07-30,Santa Cruz,87,273765,16869,16576,894,17470,207
2021-07-30,Shasta,89,179085,13203,12918,1834,14752,212
2021-07-30,Sierra,91,2930,73,68,14,82,0
2021-07-30,Siskiyou,93,43540,2059,1976,462,2438,31
2021-07-30,Solano,95,438530,36249,35340,752,36092,263
2021-07-30,Sonoma,97,501317,33522,32601,407,33008,329
2021-07-30,Stanislaus,99,539301,59563,58586,6583,65169,1035
2021-07-30,Sutter,101,95872,10273,10068,111,10179,127
2021-07-30,Tehama,103,63373,5282,5216,647,5863,66
2021-07-30,Trinity,105,12862,393,354,87,441,3
2021-07-30,Tulare,107,460477,50826,50409,10225,60634,854
2021-07-30,Tuolumne,109,53932,4577,4362,42,4404,64
2021-07-30,Ventura,111,848112,84501,83509,3622,87131,1044
2021-07-30,Yolo,113,214977,15227,14863,527,15390,215
2021-07-30,Yuba,115,75493,6797,6615,141,6756,50
2021-07-29,Alameda,1,1643700,97393,95279,2342,97621,1265
2021-07-29,Alpine,3,1148,91,89,0,89,0
2021-07-29,Amador,5,37829,3950,3877,36,3913,48
2021-07-29,Butte,7,227075,13462,13235,2115,15350,205
2021-07-29,Calaveras,9,45235,2325,2294,17,2311,57
2021-07-29,Colusa,11,21464,2032,2006,364,2370,16
2021-07-29,Contra Costa,13,1133247,77796,75866,1600,77466,832
2021-07-29,Del Norte,15,27424,1664,1576,10,1586,8
2021-07-29,El Dorado,17,186661,11270,11017,913,11930,116
2021-07-29,Fresno,19,978130,105790,104639,9477,114116,1744
2021-07-29,Glenn,21,27897,2487,2465,609,3074,20
2021-07-29,Humboldt,23,135768,5214,4978,78,5056,52
2021-07-29,Imperial,25,180216,29315,29164,2944,32108,743
2021-07-29,Inyo,27,18085,1459,1442,5,1447,38
2021-07-29,Kern,29,883053,99685,98903,12486,111389,1357
2021-07-29,Kings,31,150075,23808,23548,1289,24837,248
2021-07-29,Lake,33,64148,4396,4238,17,4255,66
2021-07-29,Lassen,35,31185,5339,5320,126,5446,21
2021-07-29,Los Angeles,37,10098052,1262268,1248545,48081,1296626,24691
2021-07-29,Madera,39,155013,17273,17058,1048,18106,245
2021-07-29,Marin,41,260295,15008,14701,305,15006,239
2021-07-29,Mariposa,43,17540,485,470,11,481,5
2021-07-29,Mendocino,45,87422,4576,4400,87,4487,49
2021-07-29,Merced,47,269075,32201,31959,1063,33022,474
2021-07-29,Modoc,49,8938,419,413,147,560,5
2021-07-29,Mono,51,14174,1287,1287,13,1300,3
2021-07-29,Monterey,53,433212,43877,43720,2065,45785,525
2021-07-29,Napa,55,140530,10548,10401,49,10450,82
2021-07-29,Nevada,57,99092,5712,5373,212,5585,72
2021-07-29,Orange,59,3164182,266703,263446,12596,276042,5144
2021-07-29,Placer,61,380077,25738,25104,1983,27087,306
2021-07-29,Plumas,63,18699,766,743,15,758,5
2021-07-29,Riverside,65,2383286,303369,300315,15422,315737,4554
2021-07-29,Sacramento,67,1510023,117368,115259,2298,117557,1720
2021-07-29,San Benito,69,59416,6278,6251,120,6371,63
2021-07-29,San Bernardino,71,2135413,303454,300726,9515,310241,5240
2021-07-29,San Diego,73,3302833,299344,295054,0,295054,3798
2021-07-29,San Francisco,75,870044,41844,40412,1696,42108,562
2021-07-29,San Joaquin,77,732212,77531,76575,4141,80716,1443
2021-07-29,San Luis Obispo,79,281455,22174,21922,855,22777,260
2021-07-29,San Mateo,81,765935,45322,44622,621,45243,548
2021-07-29,Santa Barbara,83,443738,35958,35531,1338,36869,467
2021-07-29,Santa Clara,85,1922200,123990,122614,896,123510,2099
2021-07-29,Santa Cruz,87,273765,16816,16576,892,17468,207
2021-07-29,Shasta,89,179085,13151,12918,1825,14743,212
2021-07-29,Sierra,91,2930,73,68,14,82,0
2021-07-29,Siskiyou,93,43540,2054,1976,460,2436,31
2021-07-29,Solano,95,438530,36095,35340,742,36082,263
2021-07-29,Sonoma,97,501317,33348,32601,405,33006,329
2021-07-29,Stanislaus,99,539301,59389,58586,6565,65151,1035
2021-07-29,Sutter,101,95872,10227,10068,110,10178,127
2021-07-29,Tehama,103,63373,5270,5216,641,5857,66
2021-07-29,Trinity,105,12862,391,354,86,440,3
2021-07-29,Tulare,107,460477,50738,50409,10183,60592,854
2021-07-29,Tuolumne,109,53932,4539,4362,41,4403,64
2021-07-29,Ventura,111,848112,84335,83509,3615,87124,1044
2021-07-29,Yolo,113,214977,15160,14863,514,15377,215
2021-07-29,Yuba,115,75493,6749,6615,140,6755,50
2021-07-28,Alameda,1,1643700,96915,94965,2334,97299,1262
2021-07-28,Alpine,3,1148,91,89,0,89,0
2021-07-28,Amador,5,37829,3936,3870,36,3906,48
2021-07-28,Butte,7,227075,13406,13184,2102,15286,205
2021-07-28,Calaveras,9,45235,2311,2289,17,2306,57
2021-07-28,Colusa,11,21464,2028,2001,363,2364,16
2021-07-28,Contra Costa,13,1133247,77312,75487,1592,77079,832
2021-07-28,Del Norte,15,27424,1633,1545,10,1555,8
2021-07-28,El Dorado,17,186661,11221,10967,903,11870,116
2021-07-28,Fresno,19,978130,105544,104458,9457,113915,1744
2021-07-28,Glenn,21,27897,2483,2464,606,3070,20
2021-07-28,Humboldt,23,135768,5163,4946,77,5023,52
2021-07-28,Imperial,25,180216,29268,29096,2944,32040,743
2021-07-28,Inyo,27,18085,1453,1439,4,1443,38
2021-07-28,Kern,29,883053,99532,98781,12436,111217,1352
2021-07-28,Kings,31,150075,23744,23503,1279,24782,248
2021-07-28,Lake,33,64148,4349,4191,15,4206,65
2021-07-28,Lassen,35,31185,5331,5318,126,5444,21
2021-07-28,Los Angeles,37,10098052,1259120,1245485,47906,1293391,24673
2021-07-28,Madera,39,155013,17232,17024,1042,18066,245
2021-07-28,Marin,41,260295,14954,14652,305,14957,239
2021-07-28,Mariposa,43,17540,478,469,11,480,5
2021-07-28,Mendocino,45,87422,4548,4377,87,4464,49
2021-07-28,Merced,47,269075,32136,31886,1059,32945,474
2021-07-28,Modoc,49,8938,417,413,147,560,5
2021-07-28,Mono,51,14174,1287,1286,13,1299,3
2021-07-28,Monterey,53,433212,43829,43668,2055,45723,524
2021-07-28,Napa,55,140530,10508,10376,47,10423,82
2021-07-28,Nevada,57,99092,5658,5320,212,5532,72
2021-07-28,Orange,59,3164182,265916,262735,12563,275298,5143
2021-07-28,Placer,61,380077,25594,24978,1968,26946,306
2021-07-28,Plumas,63,18699,761,754,15,769,5
2021-07-28,Riverside,65,2383286,302600,299611,15402,315013,4554
2021-07-28,Sacramento,67,1510023,116723,114665,2277,116942,1714
2021-07-28,San Benito,69,59416,6267,6236,120,6356,63
2021-07-28,San Bernardino,71,2135413,302822,300121,9502,309623,5236
2021-07-28,San Diego,73,3302833,298065,294176,0,294176,3798
2021-07-28,San Francisco,75,870044,41509,40144,1669,41813,561
2021-07-28,San Joaquin,77,732212,77283,76312,4109,80421,1443
2021-07-28,San Luis Obispo,79,281455,22114,21865,854,22719,260
2021-07-28,San Mateo,81,765935,45176,44477,611,45088,547
2021-07-28,Santa Barbara,83,443738,35883,35431,1333,36764,467
2021-07-28,Santa Clara,85,1922200,123729,122345,894,123239,2099
2021-07-28,Santa Cruz,87,273765,16778,16551,891,17442,207
2021-07-28,Shasta,89,179085,13106,12882,1814,14696,212
2021-07-28,Sierra,91,2930,69,67,14,81,0
2021-07-28,Siskiyou,93,43540,2045,1971,457,2428,31
2021-07-28,Solano,95,438530,35927,35204,734,35938,262
2021-07-28,Sonoma,97,501317,33204,32434,402,32836,328
2021-07-28,Stanislaus,99,539301,59191,58427,6552,64979,1035
2021-07-28,Sutter,101,95872,10195,10033,109,10142,126
2021-07-28,Tehama,103,63373,5258,5209,638,5847,66
2021-07-28,Trinity,105,12862,390,352,86,438,3
2021-07-28,Tulare,107,460477,50650,50363,10134,60497,854
2021-07-28,Tuolumne,109,53932,4501,4313,41,4354,64
2021-07-28,Ventura,111,848112,84145,83360,3599,86959,1043
2021-07-28,Yolo,113,214977,15090,14801,507,15308,215
2021-07-28,Yuba,115,75493,6716,6591,140,6731,51
2021-07-27,Alameda,1,1643700,96501,94682,2324,97006,1256
2021-07-27,Alpine,3,1148,91,89,0,89,0
2021-07-27,Amador,5,37829,3920,3861,36,3897,48
2021-07-27,Butte,7,227075,13360,13127,2091,15218,205
2021-07-27,Calaveras,9,45235,2300,2280,17,2297,57
2021-07-27,Colusa,11,21464,2020,1999,362,2361,16
2021-07-27,Contra Costa,13,1133247,76823,75227,1588,76815,830
2021-07-27,Del Norte,15,27424,1613,1538,10,1548,8
2021-07-27,El Dorado,17,186661,11161,10941,893,11834,116
2021-07-27,Fresno,19,978130,105251,104288,9432,113720,1746
2021-07-27,Glenn,21,27897,2475,2460,604,3064,20
2021-07-27,Humboldt,23,135768,5109,4925,76,5001,52
2021-07-27,Imperial,25,180216,29223,29048,2943,31991,743
2021-07-27,Inyo,27,18085,1451,1430,4,1434,38
2021-07-27,Kern,29,883053,99365,98724,12378,111102,1352
2021-07-27,Kings,31,150075,23689,23463,1268,24731,248
2021-07-27,Lake,33,64148,4311,4157,15,4172,65
2021-07-27,Lassen,35,31185,5325,5315,126,5441,21
2021-07-27,Los Angeles,37,10098052,1255698,1243336,47729,1291065,24658
2021-07-27,Madera,39,155013,17181,16998,1036,18034,245
2021-07-27,Marin,41,260295,14908,14631,302,14933,239
2021-07-27,Mariposa,43,17540,475,468,11,479,5
2021-07-27,Mendocino,45,87422,4524,4371,87,4458,49
2021-07-27,Merced,47,269075,32070,31825,1055,32880,473
2021-07-27,Modoc,49,8938,416,413,147,560,5
2021-07-27,Mono,51,14174,1283,1288,13,1301,3
2021-07-27,Monterey,53,433212,43789,43646,2044,45690,523
2021-07-27,Napa,55,140530,10478,10354,47,10401,82
2021-07-27,Nevada,57,99092,5580,5305,210,5515,72
2021-07-27,Orange,59,3164182,265184,262193,12538,274731,5143
2021-07-27,Placer,61,380077,25434,24916,1942,26858,306
2021-07-27,Plumas,63,18699,758,752,15,767,5
2021-07-27,Riverside,65,2383286,301868,299160,15383,314543,4554
2021-07-27,Sacramento,67,1510023,116126,114413,2268,116681,1710
2021-07-27,San Benito,69,59416,6258,6229,120,6349,63
2021-07-27,San Bernardino,71,2135413,302118,299593,9480,309073,5236
2021-07-27,San Diego,73,3302833,296974,293408,0,293408,3798
2021-07-27,San Francisco,75,870044,41151,39939,1649,41588,561
2021-07-27,San Joaquin,77,732212,77024,76166,4089,80255,1442
2021-07-27,San Luis Obispo,79,281455,22060,21803,844,22647,260
2021-07-27,San Mateo,81,765935,45023,44378,606,44984,547
2021-07-27,Santa Barbara,83,443738,35784,35355,1331,36686,467
2021-07-27,Santa Clara,85,1922200,123435,122154,892,123046,2099
2021-07-27,Santa Cruz,87,273765,16733,16523,890,17413,207
2021-07-27,Shasta,89,179085,13056,12846,1801,14647,212
2021-07-27,Sierra,91,2930,69,65,14,79,0
2021-07-27,Siskiyou,93,43540,2040,1964,454,2418,31
2021-07-27,Solano,95,438530,35800,35093,724,35817,261
2021-07-27,Sonoma,97,501317,33059,32367,400,32767,328
2021-07-27,Stanislaus,99,539301,59020,58333,6537,64870,1033
2021-07-27,Sutter,101,95872,10154,9998,109,10107,115
2021-07-27,Tehama,103,63373,5237,5192,636,5828,66
2021-07-27,Trinity,105,12862,389,351,86,437,3
2021-07-27,Tulare,107,460477,50584,50324,10102,60426,854
2021-07-27,Tuolumne,109,53932,4449,4282,41,4323,64
2021-07-27,Ventura,111,848112,83938,83189,3586,86775,1043
2021-07-27,Yolo,113,214977,15017,14759,501,15260,215
2021-07-27,Yuba,115,75493,6694,6564,138,6702,51
2021-07-26,Alameda,1,1643700,96044,94436,2316,96752,1259
2021-07-26,Alpine,3,1148,91,89,0,89,0
2021-07-26,Amador,5,37829,3910,3854,36,3890,48
2021-07-26,Butte,7,227075,13307,13082,2078,15160,203
2021-07-26,Calaveras,9,45235,2295,2276,17,2293,57
2021-07-26,Colusa,11,21464,2013,1996,360,2356,16
2021-07-26,Contra Costa,13,1133247,76323,74854,1581,76435,830
2021-07-26,Del Norte,15,27424,1593,1530,10,1540,8
2021-07-26,El Dorado,17,186661,11099,10899,890,11789,116
2021-07-26,Fresno,19,978130,105050,104143,9409,113552,1742
2021-07-26,Glenn,21,27897,2473,2461,603,3064,20
2021-07-26,Humboldt,23,135768,5070,4906,74,4980,52
2021-07-26,Imperial,25,180216,29183,29034,2943,31977,743
2021-07-26,Inyo,27,18085,1446,1429,4,1433,38
2021-07-26,Kern,29,883053,99201,98633,12312,110945,1351
2021-07-26,Kings,31,150075,23640,23426,1264,24690,247
2021-07-26,Lake,33,64148,4290,4133,15,4148,65
2021-07-26,Lassen,35,31185,5320,5314,126,5440,21
2021-07-26,Los Angeles,37,10098052,1252391,1241527,47559,1289086,24647
2021-07-26,Madera,39,155013,17154,16971,1028,17999,245
2021-07-26,Marin,41,260295,14851,14579,301,14880,239
2021-07-26,Mariposa,43,17540,474,467,11,478,5
2021-07-26,Mendocino,45,87422,4504,4354,87,4441,49
2021-07-26,Merced,47,269075,31986,31774,1053,32827,473
2021-07-26,Modoc,49,8938,416,413,147,560,5
2021-07-26,Mono,51,14174,1282,1286,13,1299,3
2021-07-26,Monterey,53,433212,43746,43595,2030,45625,521
2021-07-26,Napa,55,140530,10455,10332,47,10379,82
2021-07-26,Nevada,57,99092,5493,5280,210,5490,72
2021-07-26,Orange,59,3164182,264551,261803,12517,274320,5142
2021-07-26,Placer,61,380077,25301,24842,1921,26763,304
2021-07-26,Plumas,63,18699,754,750,15,765,5
2021-07-26,Riverside,65,2383286,301177,298626,15367,313993,4553
2021-07-26,Sacramento,67,1510023,115541,113986,2250,116236,1705
2021-07-26,San Benito,69,59416,6252,6222,120,6342,63
2021-07-26,San Bernardino,71,2135413,301504,299238,9466,308704,5237
2021-07-26,San Diego,73,3302833,295865,292688,0,292688,3793
2021-07-26,San Francisco,75,870044,40798,39800,1619,41419,561
2021-07-26,San Joaquin,77,732212,76790,76033,4085,80118,1440
2021-07-26,San Luis Obispo,79,281455,22011,21752,841,22593,260
2021-07-26,San Mateo,81,765935,44874,44297,595,44892,547
2021-07-26,Santa Barbara,83,443738,35712,35311,1319,36630,467
2021-07-26,Santa Clara,85,1922200,123124,121978,883,122861,2099
2021-07-26,Santa Cruz,87,273765,16694,16493,887,17380,207
2021-07-26,Shasta,89,179085,13007,12819,1788,14607,211
2021-07-26,Sierra,91,2930,68,65,14,79,0
2021-07-26,Siskiyou,93,43540,2037,1962,452,2414,31
2021-07-26,Solano,95,438530,35651,34990,716,35706,259
2021-07-26,Sonoma,97,501317,32925,32283,398,32681,328
2021-07-26,Stanislaus,99,539301,58875,58219,6522,64741,1033
2021-07-26,Sutter,101,95872,10114,9963,106,10069,115
2021-07-26,Tehama,103,63373,5227,5183,632,5815,66
2021-07-26,Trinity,105,12862,389,351,85,436,3
2021-07-26,Tulare,107,460477,50521,50265,10068,60333,854
2021-07-26,Tuolumne,109,53932,4417,4271,41,4312,64
2021-07-26,Ventura,111,848112,83770,83072,3570,86642,1041
2021-07-26,Yolo,113,214977,14958,14727,488,15215,215
2021-07-26,Yuba,115,75493,6660,6538,137,6675,51
2021-07-25,Alameda,1,1643700,95557,94146,2310,96456,1259
2021-07-25,Alpine,3,1148,89,89,0,89,0
2021-07-25,Amador,5,37829,3895,3848,36,3884,48
2021-07-25,Butte,7,227075,13268,13074,2068,15142,203
2021-07-25,Calaveras,9,45235,2284,2275,17,2292,57
2021-07-25,Colusa,11,21464,2004,1996,356,2352,16
2021-07-25,Contra Costa,13,1133247,75838,74634,1567,76201,830
2021-07-25,Del Norte,15,27424,1573,1526,10,1536,8
2021-07-25,El Dorado,17,186661,11042,10878,887,11765,116
2021-07-25,Fresno,19,978130,104809,104019,9393,113412,1742
2021-07-25,Glenn,21,27897,2464,2461,601,3062,20
2021-07-25,Humboldt,23,135768,5011,4892,72,4964,52
2021-07-25,Imperial,25,180216,29147,29037,2943,31980,743
2021-07-25,Inyo,27,18085,1441,1427,4,1431,38
2021-07-25,Kern,29,883053,99030,98503,12239,110742,1351
2021-07-25,Kings,31,150075,23587,23396,1260,24656,247
2021-07-25,Lake,33,64148,4236,4109,14,4123,65
2021-07-25,Lassen,35,31185,5316,5314,126,5440,21
2021-07-25,Los Angeles,37,10098052,1249004,1239596,47380,1286976,24643
2021-07-25,Madera,39,155013,17120,16947,1021,17968,245
2021-07-25,Marin,41,260295,14800,14558,298,14856,239
2021-07-25,Mariposa,43,17540,471,465,11,476,5
2021-07-25,Mendocino,45,87422,4474,4335,85,4420,49
2021-07-25,Merced,47,269075,31914,31760,1052,32812,473
2021-07-25,Modoc,49,8938,416,413,147,560,5
2021-07-25,Mono,51,14174,1280,1286,13,1299,3
2021-07-25,Monterey,53,433212,43707,43590,2022,45612,521
2021-07-25,Napa,55,140530,10418,10316,46,10362,82
2021-07-25,Nevada,57,99092,5428,5256,207,5463,72
2021-07-25,Orange,59,3164182,263857,261351,12491,273842,5142
2021-07-25,Placer,61,380077,25184,24755,1900,26655,304
2021-07-25,Plumas,63,18699,752,750,15,765,5
2021-07-25,Riverside,65,2383286,300410,298181,15351,313532,4553
2021-07-25,Sacramento,67,1510023,115000,113611,2232,115843,1704
2021-07-25,San Benito,69,59416,6245,6217,120,6337,63
2021-07-25,San Bernardino,71,2135413,300852,298982,9460,308442,5237
2021-07-25,San Diego,73,3302833,294795,290626,0,290626,3793
2021-07-25,San Francisco,75,870044,40460,39663,1592,41255,561
2021-07-25,San Joaquin,77,732212,76537,75926,4066,79992,1440
2021-07-25,San Luis Obispo,79,281455,21940,21741,838,22579,260
2021-07-25,San Mateo,81,765935,44714,44189,589,44778,547
2021-07-25,Santa Barbara,83,443738,35635,35261,1316,36577,467
2021-07-25,Santa Clara,85,1922200,122795,121800,877,122677,2099
2021-07-25,Santa Cruz,87,273765,16647,16474,886,17360,207
2021-07-25,Shasta,89,179085,12960,12815,1783,14598,211
2021-07-25,Sierra,91,2930,68,65,14,79,0
2021-07-25,Siskiyou,93,43540,2029,1963,449,2412,31
2021-07-25,Solano,95,438530,35466,34863,713,35576,259
2021-07-25,Sonoma,97,501317,32798,32202,395,32597,328
2021-07-25,Stanislaus,99,539301,58708,58154,6517,64671,1033
2021-07-25,Sutter,101,95872,10060,9937,104,10041,115
2021-07-25,Tehama,103,63373,5211,5181,631,5812,66
2021-07-25,Trinity,105,12862,387,351,83,434,3
2021-07-25,Tulare,107,460477,50446,50221,10028,60249,854
2021-07-25,Tuolumne,109,53932,4365,4267,41,4308,64
2021-07-25,Ventura,111,848112,83559,82986,3548,86534,1041
2021-07-25,Yolo,113,214977,14899,14693,473,15166,215
2021-07-25,Yuba,115,75493,6628,6519,137,6656,51
2021-07-24,Alameda,1,1643700,95286,93170,2305,95475,1259
2021-07-24,Alpine,3,1148,89,89,0,89,0
2021-07-24,Amador,5,37829,3886,3816,36,3852,48
2021-07-24,Butte,7,227075,13238,12982,2066,15048,203
2021-07-24,Calaveras,9,45235,2280,2267,17,2284,57
2021-07-24,Colusa,11,21464,2003,1992,354,2346,16
2021-07-24,Contra Costa,13,1133247,75613,73682,1564,75246,830
2021-07-24,Del Norte,15,27424,1562,1497,10,1507,8
2021-07-24,El Dorado,17,186661,11009,10773,883,11656,116
2021-07-24,Fresno,19,978130,104690,103637,9384,113021,1736
2021-07-24,Glenn,21,27897,2463,2457,601,3058,20
2021-07-24,Humboldt,23,135768,4978,4780,71,4851,52
2021-07-24,Imperial,25,180216,29127,28996,2943,31939,742
2021-07-24,Inyo,27,18085,1438,1424,4,1428,38
2021-07-24,Kern,29,883053,98952,98261,12216,110477,1350
2021-07-24,Kings,31,150075,23556,23304,1257,24561,246
2021-07-24,Lake,33,64148,4213,3963,14,3977,64
2021-07-24,Lassen,35,31185,5315,5311,126,5437,21
2021-07-24,Los Angeles,37,10098052,1247248,1232164,47258,1279422,24623
2021-07-24,Madera,39,155013,17096,16885,1019,17904,245
2021-07-24,Marin,41,260295,14762,14454,298,14752,238
2021-07-24,Mariposa,43,17540,471,453,11,464,5
2021-07-24,Mendocino,45,87422,4449,4293,85,4378,49
2021-07-24,Merced,47,269075,31892,31661,1051,32712,473
2021-07-24,Modoc,49,8938,416,413,147,560,5
2021-07-24,Mono,51,14174,1278,1284,13,1297,3
2021-07-24,Monterey,53,433212,43682,43525,2015,45540,521
2021-07-24,Napa,55,140530,10402,10230,46,10276,81
2021-07-24,Nevada,57,99092,5395,5183,207,5390,72
2021-07-24,Orange,59,3164182,263394,259973,12478,272451,5141
2021-07-24,Placer,61,380077,25101,24530,1894,26424,303
2021-07-24,Plumas,63,18699,751,737,15,752,4
2021-07-24,Riverside,65,2383286,299942,296912,15341,312253,4552
2021-07-24,Sacramento,67,1510023,114690,112438,2228,114666,1698
2021-07-24,San Benito,69,59416,6241,6200,119,6319,63
2021-07-24,San Bernardino,71,2135413,300459,297899,9451,307350,5236
2021-07-24,San Diego,73,3302833,294331,289368,0,289368,3788
2021-07-24,San Francisco,75,870044,40298,38954,1575,40529,561
2021-07-24,San Joaquin,77,732212,76410,75461,4055,79516,1436
2021-07-24,San Luis Obispo,79,281455,21909,21616,836,22452,260
2021-07-24,San Mateo,81,765935,44598,43880,583,44463,542
2021-07-24,Santa Barbara,83,443738,35577,35071,1311,36382,465
2021-07-24,Santa Clara,85,1922200,122583,121092,876,121968,2099
2021-07-24,Santa Cruz,87,273765,16625,16416,886,17302,207
2021-07-24,Shasta,89,179085,12932,12759,1780,14539,211
2021-07-24,Sierra,91,2930,67,64,14,78,0
2021-07-24,Siskiyou,93,43540,2029,1951,449,2400,31
2021-07-24,Solano,95,438530,35374,34499,704,35203,259
2021-07-24,Sonoma,97,501317,32674,31928,393,32321,327
2021-07-24,Stanislaus,99,539301,58616,57879,6504,64383,1030
2021-07-24,Sutter,101,95872,10033,9890,104,9994,115
2021-07-24,Tehama,103,63373,5204,5166,629,5795,65
2021-07-24,Trinity,105,12862,387,345,83,428,3
2021-07-24,Tulare,107,460477,50403,50104,10010,60114,854
2021-07-24,Tuolumne,109,53932,4339,4216,41,4257,64
2021-07-24,Ventura,111,848112,83437,82687,3531,86218,1041
2021-07-24,Yolo,113,214977,14863,14557,470,15027,214
2021-07-24,Yuba,115,75493,6609,6449,137,6586,51
2021-07-23,Alameda,1,1643700,95035,93170,2300,95470,1259
2021-07-23,Alpine,3,1148,89,89,0,89,0
2021-07-23,Amador,5,37829,3879,3816,36,3852,48
2021-07-23,Butte,7,227075,13208,12982,2058,15040,203
2021-07-23,Calaveras,9,45235,2278,2267,17,2284,57
2021-07-23,Colusa,11,21464,2002,1992,354,2346,16
2021-07-23,Contra Costa,13,1133247,75356,73682,1554,75236,830
2021-07-23,Del Norte,15,27424,1554,1497,10,1507,8
2021-07-23,El Dorado,17,186661,10981,10773,879,11652,116
2021-07-23,Fresno,19,978130,104560,103637,9374,113011,1736
2021-07-23,Glenn,21,27897,2461,2457,598,3055,20
2021-07-23,Humboldt,23,135768,4958,4780,69,4849,52
2021-07-23,Imperial,25,180216,29115,28996,2943,31939,742
2021-07-23,Inyo,27,18085,1435,1424,4,1428,38
2021-07-23,Kern,29,883053,98869,98261,12190,110451,1350
2021-07-23,Kings,31,150075,23525,23304,1254,24558,246
2021-07-23,Lake,33,64148,4183,3963,14,3977,64
2021-07-23,Lassen,35,31185,5313,5311,126,5437,21
2021-07-23,Los Angeles,37,10098052,1245329,1232164,47170,1279334,24623
2021-07-23,Madera,39,155013,17067,16885,1014,17899,245
2021-07-23,Marin,41,260295,14725,14454,296,14750,238
2021-07-23,Mariposa,43,17540,468,453,11,464,5
2021-07-23,Mendocino,45,87422,4436,4293,85,4378,49
2021-07-23,Merced,47,269075,31866,31661,1051,32712,473
2021-07-23,Modoc,49,8938,416,413,147,560,5
2021-07-23,Mono,51,14174,1277,1284,13,1297,3
2021-07-23,Monterey,53,433212,43657,43525,2015,45540,521
2021-07-23,Napa,55,140530,10381,10230,46,10276,81
2021-07-23,Nevada,57,99092,5350,5183,207,5390,72
2021-07-23,Orange,59,3164182,262942,259973,12456,272429,5141
2021-07-23,Placer,61,380077,25019,24530,1878,26408,303
2021-07-23,Plumas,63,18699,749,737,15,752,4
2021-07-23,Riverside,65,2383286,299478,296912,15329,312241,4552
2021-07-23,Sacramento,67,1510023,114341,112438,2226,114664,1698
2021-07-23,San Benito,69,59416,6235,6200,119,6319,63
2021-07-23,San Bernardino,71,2135413,300082,297899,9442,307341,5236
2021-07-23,San Diego,73,3302833,293735,289368,0,289368,3788
2021-07-23,San Francisco,75,870044,40118,38954,1560,40514,561
2021-07-23,San Joaquin,77,732212,76310,75461,4040,79501,1436
2021-07-23,San Luis Obispo,79,281455,21872,21616,835,22451,260
2021-07-23,San Mateo,81,765935,44494,43880,578,44458,542
2021-07-23,Santa Barbara,83,443738,35513,35071,1310,36381,465
2021-07-23,Santa Clara,85,1922200,122365,121092,872,121964,2099
2021-07-23,Santa Cruz,87,273765,16601,16416,885,17301,207
2021-07-23,Shasta,89,179085,12905,12759,1777,14536,211
2021-07-23,Sierra,91,2930,67,64,14,78,0
2021-07-23,Siskiyou,93,43540,2027,1951,449,2400,31
2021-07-23,Solano,95,438530,35281,34499,700,35199,259
2021-07-23,Sonoma,97,501317,32581,31928,392,32320,327
2021-07-23,Stanislaus,99,539301,58535,57879,6494,64373,1030
2021-07-23,Sutter,101,95872,10004,9890,104,9994,115
2021-07-23,Tehama,103,63373,5195,5166,629,5795,65
2021-07-23,Trinity,105,12862,386,345,82,427,3
2021-07-23,Tulare,107,460477,50358,50104,9984,60088,854
2021-07-23,Tuolumne,109,53932,4317,4216,41,4257,64
2021-07-23,Ventura,111,848112,83280,82687,3513,86200,1041
2021-07-23,Yolo,113,214977,14824,14557,463,15020,214
2021-07-23,Yuba,115,75493,6583,6449,137,6586,51
2021-07-22,Alameda,1,1643700,94675,93170,2295,95465,1259
2021-07-22,Alpine,3,1148,89,89,0,89,0
2021-07-22,Amador,5,37829,3870,3816,36,3852,48
2021-07-22,Butte,7,227075,13174,12982,2049,15031,203
2021-07-22,Calaveras,9,45235,2275,2267,17,2284,57
2021-07-22,Colusa,11,21464,2000,1992,352,2344,16
2021-07-22,Contra Costa,13,1133247,75020,73682,1550,75232,830
2021-07-22,Del Norte,15,27424,1538,1497,10,1507,8
2021-07-22,El Dorado,17,186661,10947,10773,871,11644,116
2021-07-22,Fresno,19,978130,104430,103637,9364,113001,1736
2021-07-22,Glenn,21,27897,2458,2457,597,3054,20
2021-07-22,Humboldt,23,135768,4927,4780,66,4846,52
2021-07-22,Imperial,25,180216,29085,28996,2943,31939,742
2021-07-22,Inyo,27,18085,1433,1424,4,1428,38
2021-07-22,Kern,29,883053,98757,98261,12145,110406,1350
2021-07-22,Kings,31,150075,23485,23304,1252,24556,246
2021-07-22,Lake,33,64148,4132,3963,14,3977,64
2021-07-22,Lassen,35,31185,5310,5311,126,5437,21
2021-07-22,Los Angeles,37,10098052,1242941,1232164,47007,1279171,24623
2021-07-22,Madera,39,155013,17033,16885,1012,17897,245
2021-07-22,Marin,41,260295,14684,14454,295,14749,238
2021-07-22,Mariposa,43,17540,461,453,11,464,5
2021-07-22,Mendocino,45,87422,4423,4293,84,4377,49
2021-07-22,Merced,47,269075,31824,31661,1049,32710,473
2021-07-22,Modoc,49,8938,416,413,147,560,5
2021-07-22,Mono,51,14174,1276,1284,13,1297,3
2021-07-22,Monterey,53,433212,43628,43525,2009,45534,521
2021-07-22,Napa,55,140530,10363,10230,46,10276,81
2021-07-22,Nevada,57,99092,5324,5183,206,5389,72
2021-07-22,Orange,59,3164182,262393,259973,12448,272421,5141
2021-07-22,Placer,61,380077,24925,24530,1867,26397,303
2021-07-22,Plumas,63,18699,748,737,15,752,4
2021-07-22,Riverside,65,2383286,298969,296912,15308,312220,4552
2021-07-22,Sacramento,67,1510023,113916,112438,2217,114655,1698
2021-07-22,San Benito,69,59416,6227,6200,119,6319,63
2021-07-22,San Bernardino,71,2135413,299688,297899,9426,307325,5236
2021-07-22,San Diego,73,3302833,293019,289368,0,289368,3788
2021-07-22,San Francisco,75,870044,39906,38954,1547,40501,561
2021-07-22,San Joaquin,77,732212,76169,75461,4026,79487,1436
2021-07-22,San Luis Obispo,79,281455,21837,21616,830,22446,260
2021-07-22,San Mateo,81,765935,44380,43880,573,44453,542
2021-07-22,Santa Barbara,83,443738,35452,35071,1308,36379,465
2021-07-22,Santa Clara,85,1922200,122122,121092,869,121961,2099
2021-07-22,Santa Cruz,87,273765,16564,16416,885,17301,207
2021-07-22,Shasta,89,179085,12881,12759,1773,14532,211
2021-07-22,Sierra,91,2930,65,64,14,78,0
2021-07-22,Siskiyou,93,43540,2024,1951,449,2400,31
2021-07-22,Solano,95,438530,35134,34499,693,35192,259
2021-07-22,Sonoma,97,501317,32472,31928,390,32318,327
2021-07-22,Stanislaus,99,539301,58408,57879,6482,64361,1030
2021-07-22,Sutter,101,95872,9983,9890,104,9994,115
2021-07-22,Tehama,103,63373,5189,5166,629,5795,65
2021-07-22,Trinity,105,12862,385,345,82,427,3
2021-07-22,Tulare,107,460477,50315,50104,9956,60060,854
2021-07-22,Tuolumne,109,53932,4306,4216,41,4257,64
2021-07-22,Ventura,111,848112,83147,82687,3500,86187,1041
2021-07-22,Yolo,113,214977,14787,14557,463,15020,214
2021-07-22,Yuba,115,75493,6552,6449,137,6586,51
2021-07-21,Alameda,1,1643700,94342,92840,2289,95129,1256
2021-07-21,Alpine,3,1148,89,89,0,89,0
2021-07-21,Amador,5,37829,3857,3813,36,3849,48
2021-07-21,Butte,7,227075,13133,12939,2044,14983,203
2021-07-21,Calaveras,9,45235,2274,2257,17,2274,57
2021-07-21,Colusa,11,21464,1996,1988,351,2339,16
2021-07-21,Contra Costa,13,1133247,74753,73320,1541,74861,827
2021-07-21,Del Norte,15,27424,1528,1492,10,1502,8
2021-07-21,El Dorado,17,186661,10912,10742,867,11609,116
2021-07-21,Fresno,19,978130,104285,103504,9354,112858,1736
2021-07-21,Glenn,21,27897,2456,2455,596,3051,20
2021-07-21,Humboldt,23,135768,4896,4763,64,4827,52
2021-07-21,Imperial,25,180216,29073,28964,2940,31904,742
2021-07-21,Inyo,27,18085,1433,1423,4,1427,38
2021-07-21,Kern,29,883053,98643,98152,12102,110254,1350
2021-07-21,Kings,31,150075,23457,23270,1248,24518,246
2021-07-21,Lake,33,64148,4067,3896,14,3910,64
2021-07-21,Lassen,35,31185,5307,5310,126,5436,21
2021-07-21,Los Angeles,37,10098052,1240467,1229598,46881,1276479,24609
2021-07-21,Madera,39,155013,17014,16858,1009,17867,245
2021-07-21,Marin,41,260295,14635,14427,295,14722,238
2021-07-21,Mariposa,43,17540,457,449,11,460,5
2021-07-21,Mendocino,45,87422,4404,4274,84,4358,49
2021-07-21,Merced,47,269075,31785,31607,1044,32651,473
2021-07-21,Modoc,49,8938,416,413,147,560,5
2021-07-21,Mono,51,14174,1273,1282,13,1295,3
2021-07-21,Monterey,53,433212,43598,43502,2005,45507,515
2021-07-21,Napa,55,140530,10338,10209,46,10255,81
2021-07-21,Nevada,57,99092,5289,5152,206,5358,72
2021-07-21,Orange,59,3164182,261847,259615,12416,272031,5139
2021-07-21,Placer,61,380077,24816,24441,1856,26297,303
2021-07-21,Plumas,63,18699,748,736,15,751,4
2021-07-21,Riverside,65,2383286,298457,296419,15291,311710,4552
2021-07-21,Sacramento,67,1510023,113507,112043,2206,114249,1696
2021-07-21,San Benito,69,59416,6217,6196,119,6315,63
2021-07-21,San Bernardino,71,2135413,299234,297519,9418,306937,5230
2021-07-21,San Diego,73,3302833,292173,288682,0,288682,3787
2021-07-21,San Francisco,75,870044,39681,38699,1542,40241,559
2021-07-21,San Joaquin,77,732212,75980,75288,4014,79302,1434
2021-07-21,San Luis Obispo,79,281455,21801,21579,827,22406,260
2021-07-21,San Mateo,81,765935,44288,43755,569,44324,542
2021-07-21,Santa Barbara,83,443738,35395,34998,1290,36288,465
2021-07-21,Santa Clara,85,1922200,121913,120838,866,121704,2099
2021-07-21,Santa Cruz,87,273765,16530,16407,885,17292,207
2021-07-21,Shasta,89,179085,12849,12751,1769,14520,211
2021-07-21,Sierra,91,2930,65,64,14,78,0
2021-07-21,Siskiyou,93,43540,2022,1943,447,2390,31
2021-07-21,Solano,95,438530,34979,34374,688,35062,258
2021-07-21,Sonoma,97,501317,32356,31789,390,32179,327
2021-07-21,Stanislaus,99,539301,58306,57774,6473,64247,1028
2021-07-21,Sutter,101,95872,9959,9862,104,9966,113
2021-07-21,Tehama,103,63373,5185,5161,629,5790,65
2021-07-21,Trinity,105,12862,384,345,81,426,3
2021-07-21,Tulare,107,460477,50256,50066,9929,59995,854
2021-07-21,Tuolumne,109,53932,4269,4156,41,4197,64
2021-07-21,Ventura,111,848112,83025,82573,3488,86061,1041
2021-07-21,Yolo,113,214977,14746,14525,462,14987,213
2021-07-21,Yuba,115,75493,6525,6425,137,6562,52
2021-07-20,Alameda,1,1643700,93964,92625,2276,94901,1256
2021-07-20,Alpine,3,1148,89,89,0,89,0
2021-07-20,Amador,5,37829,3846,3807,36,3843,48
2021-07-20,Butte,7,227075,13096,12916,2039,14955,203
2021-07-20,Calaveras,9,45235,2271,2249,17,2266,57
2021-07-20,Colusa,11,21464,1996,1985,351,2336,16
2021-07-20,Contra Costa,13,1133247,74468,73143,1522,74665,825
2021-07-20,Del Norte,15,27424,1519,1490,10,1500,8
2021-07-20,El Dorado,17,186661,10871,10727,862,11589,116
2021-07-20,Fresno,19,978130,104149,103438,9334,112772,1736
2021-07-20,Glenn,21,27897,2456,2453,596,3049,20
2021-07-20,Humboldt,23,135768,4852,4735,62,4797,52
2021-07-20,Imperial,25,180216,29053,28933,2940,31873,742
2021-07-20,Inyo,27,18085,1429,1420,4,1424,36
2021-07-20,Kern,29,883053,98536,98082,12073,110155,1350
2021-07-20,Kings,31,150075,23416,23254,1244,24498,246
2021-07-20,Lake,33,64148,4042,3871,14,3885,64
2021-07-20,Lassen,35,31185,5307,5306,126,5432,21
2021-07-20,Los Angeles,37,10098052,1237699,1227404,46722,1274126,24603
2021-07-20,Madera,39,155013,16993,16856,1005,17861,245
2021-07-20,Marin,41,260295,14601,14396,292,14688,234
2021-07-20,Mariposa,43,17540,456,448,11,459,5
2021-07-20,Mendocino,45,87422,4387,4259,84,4343,49
2021-07-20,Merced,47,269075,31747,31578,1036,32614,473
2021-07-20,Modoc,49,8938,416,413,147,560,5
2021-07-20,Mono,51,14174,1269,1281,13,1294,3
2021-07-20,Monterey,53,433212,43567,43481,2002,45483,515
2021-07-20,Napa,55,140530,10315,10191,46,10237,81
2021-07-20,Nevada,57,99092,5270,5148,205,5353,72
2021-07-20,Orange,59,3164182,261300,259303,12385,271688,5139
2021-07-20,Placer,61,380077,24730,24408,1830,26238,303
2021-07-20,Plumas,63,18699,745,736,15,751,4
2021-07-20,Riverside,65,2383286,297924,296118,15278,311396,4543
2021-07-20,Sacramento,67,1510023,113069,111796,2176,113972,1695
2021-07-20,San Benito,69,59416,6210,6196,119,6315,63
2021-07-20,San Bernardino,71,2135413,298813,297222,9393,306615,5231
2021-07-20,San Diego,73,3302833,291256,288209,0,288209,3786
2021-07-20,San Francisco,75,870044,39424,38536,1531,40067,558
2021-07-20,San Joaquin,77,732212,75808,75198,4001,79199,1433
2021-07-20,San Luis Obispo,79,281455,21756,21556,826,22382,259
2021-07-20,San Mateo,81,765935,44174,43670,567,44237,542
2021-07-20,Santa Barbara,83,443738,35325,34935,1283,36218,462
2021-07-20,Santa Clara,85,1922200,121656,120704,864,121568,2098
2021-07-20,Santa Cruz,87,273765,16501,16399,885,17284,207
2021-07-20,Shasta,89,179085,12823,12734,1764,14498,211
2021-07-20,Sierra,91,2930,65,64,14,78,0
2021-07-20,Siskiyou,93,43540,2018,1931,446,2377,31
2021-07-20,Solano,95,438530,34852,34337,681,35018,258
2021-07-20,Sonoma,97,501317,32238,31763,389,32152,326
2021-07-20,Stanislaus,99,539301,58190,57706,6467,64173,1028
2021-07-20,Sutter,101,95872,9933,9854,101,9955,114
2021-07-20,Tehama,103,63373,5183,5153,629,5782,65
2021-07-20,Trinity,105,12862,382,344,80,424,3
2021-07-20,Tulare,107,460477,50215,50047,9911,59958,854
2021-07-20,Tuolumne,109,53932,4250,4156,41,4197,64
2021-07-20,Ventura,111,848112,82872,82504,3471,85975,1041
2021-07-20,Yolo,113,214977,14683,14495,459,14954,213
2021-07-20,Yuba,115,75493,6500,6393,135,6528,52
2021-07-19,Alameda,1,1643700,93589,92357,2260,94617,1256
2021-07-19,Alpine,3,1148,89,89,0,89,0
2021-07-19,Amador,5,37829,3842,3802,36,3838,48
2021-07-19,Butte,7,227075,13051,12901,2033,14934,202
2021-07-19,Calaveras,9,45235,2270,2245,17,2262,57
2021-07-19,Colusa,11,21464,1994,1981,350,2331,16
2021-07-19,Contra Costa,13,1133247,74160,72935,1501,74436,825
2021-07-19,Del Norte,15,27424,1507,1484,10,1494,8
2021-07-19,El Dorado,17,186661,10841,10703,854,11557,114
2021-07-19,Fresno,19,978130,104024,103350,9317,112667,1731
2021-07-19,Glenn,21,27897,2456,2452,595,3047,20
2021-07-19,Humboldt,23,135768,4822,4719,60,4779,52
2021-07-19,Imperial,25,180216,29027,28888,2940,31828,742
2021-07-19,Inyo,27,18085,1428,1417,4,1421,36
2021-07-19,Kern,29,883053,98425,97999,12037,110036,1349
2021-07-19,Kings,31,150075,23384,23221,1238,24459,246
2021-07-19,Lake,33,64148,4006,3848,14,3862,64
2021-07-19,Lassen,35,31185,5306,5305,126,5431,21
2021-07-19,Los Angeles,37,10098052,1235122,1225946,46532,1272478,24600
2021-07-19,Madera,39,155013,16970,16846,1002,17848,244
2021-07-19,Marin,41,260295,14566,14369,289,14658,234
2021-07-19,Mariposa,43,17540,450,447,11,458,5
2021-07-19,Mendocino,45,87422,4369,4251,84,4335,49
2021-07-19,Merced,47,269075,31683,31565,1029,32594,472
2021-07-19,Modoc,49,8938,416,413,147,560,5
2021-07-19,Mono,51,14174,1267,1280,13,1293,3
2021-07-19,Monterey,53,433212,43543,43436,2001,45437,515
2021-07-19,Napa,55,140530,10290,10180,44,10224,81
2021-07-19,Nevada,57,99092,5242,5133,204,5337,72
2021-07-19,Orange,59,3164182,260787,258927,12352,271279,5138
2021-07-19,Placer,61,380077,24631,24359,1808,26167,303
2021-07-19,Plumas,63,18699,745,730,15,745,4
2021-07-19,Riverside,65,2383286,297433,295736,15240,310976,4543
2021-07-19,Sacramento,67,1510023,112711,111470,2150,113620,1696
2021-07-19,San Benito,69,59416,6207,6193,119,6312,63
2021-07-19,San Bernardino,71,2135413,298445,296929,9373,306302,5235
2021-07-19,San Diego,73,3302833,290369,287695,0,287695,3786
2021-07-19,San Francisco,75,870044,39156,38463,1517,39980,560
2021-07-19,San Joaquin,77,732212,75642,75086,3995,79081,1431
2021-07-19,San Luis Obispo,79,281455,21711,21531,822,22353,259
2021-07-19,San Mateo,81,765935,44028,43563,558,44121,542
2021-07-19,Santa Barbara,83,443738,35253,34904,1280,36184,461
2021-07-19,Santa Clara,85,1922200,121399,120554,863,121417,2098
2021-07-19,Santa Cruz,87,273765,16485,16387,885,17272,207
2021-07-19,Shasta,89,179085,12805,12723,1762,14485,209
2021-07-19,Sierra,91,2930,64,64,14,78,0
2021-07-19,Siskiyou,93,43540,2013,1927,444,2371,31
2021-07-19,Solano,95,438530,34683,34262,670,34932,261
2021-07-19,Sonoma,97,501317,32115,31713,388,32101,325
2021-07-19,Stanislaus,99,539301,58089,57644,6456,64100,1027
2021-07-19,Sutter,101,95872,9917,9834,101,9935,114
2021-07-19,Tehama,103,63373,5176,5152,627,5779,65
2021-07-19,Trinity,105,12862,382,344,79,423,3
2021-07-19,Tulare,107,460477,50170,49994,9893,59887,855
2021-07-19,Tuolumne,109,53932,4240,4151,41,4192,64
2021-07-19,Ventura,111,848112,82776,82409,3449,85858,1041
2021-07-19,Yolo,113,214977,14652,14439,457,14896,213
2021-07-19,Yuba,115,75493,6476,6370,135,6505,52
2021-07-18,Alameda,1,1643700,93241,92162,2245,94407,1256
2021-07-18,Alpine,3,1148,89,89,0,89,0
2021-07-18,Amador,5,37829,3831,3799,36,3835,48
2021-07-18,Butte,7,227075,13010,12888,2027,14915,202
2021-07-18,Calaveras,9,45235,2269,2243,17,2260,57
2021-07-18,Colusa,11,21464,1994,1981,349,2330,16
2021-07-18,Contra Costa,13,1133247,73845,72849,1483,74332,825
2021-07-18,Del Norte,15,27424,1498,1482,10,1492,8
2021-07-18,El Dorado,17,186661,10803,10687,846,11533,114
2021-07-18,Fresno,19,978130,103872,103298,9298,112596,1731
2021-07-18,Glenn,21,27897,2455,2452,594,3046,20
2021-07-18,Humboldt,23,135768,4786,4714,60,4774,52
2021-07-18,Imperial,25,180216,28990,28877,2939,31816,742
2021-07-18,Inyo,27,18085,1424,1417,4,1421,36
2021-07-18,Kern,29,883053,98299,97963,11995,109958,1349
2021-07-18,Kings,31,150075,23363,23203,1234,24437,246
2021-07-18,Lake,33,64148,3970,3825,14,3839,64
2021-07-18,Lassen,35,31185,5306,5305,126,5431,21
2021-07-18,Los Angeles,37,10098052,1232460,1224691,46348,1271039,24598
2021-07-18,Madera,39,155013,16945,16838,998,17836,244
2021-07-18,Marin,41,260295,14530,14358,287,14645,234
2021-07-18,Mariposa,43,17540,449,447,11,458,5
2021-07-18,Mendocino,45,87422,4348,4246,84,4330,49
2021-07-18,Merced,47,269075,31652,31537,1027,32564,471
2021-07-18,Modoc,49,8938,416,413,147,560,5
2021-07-18,Mono,51,14174,1266,1280,13,1293,3
2021-07-18,Monterey,53,433212,43525,43422,1992,45414,515
2021-07-18,Napa,55,140530,10273,10174,41,10215,81
2021-07-18,Nevada,57,99092,5216,5124,204,5328,72
2021-07-18,Orange,59,3164182,260301,258724,12322,271046,5138
2021-07-18,Placer,61,380077,24567,24313,1781,26094,303
2021-07-18,Plumas,63,18699,745,730,15,745,4
2021-07-18,Riverside,65,2383286,296939,295522,15199,310721,4543
2021-07-18,Sacramento,67,1510023,112285,111255,2119,113374,1696
2021-07-18,San Benito,69,59416,6199,6191,119,6310,63
2021-07-18,San Bernardino,71,2135413,297962,296739,9357,306096,5233
2021-07-18,San Diego,73,3302833,289554,286287,0,286287,3786
2021-07-18,San Francisco,75,870044,38926,38367,1505,39872,560
2021-07-18,San Joaquin,77,732212,75468,74997,3982,78979,1431
2021-07-18,San Luis Obispo,79,281455,21675,21527,819,22346,259
2021-07-18,San Mateo,81,765935,43914,43506,552,44058,542
2021-07-18,Santa Barbara,83,443738,35188,34880,1278,36158,461
2021-07-18,Santa Clara,85,1922200,121186,120438,855,121293,2098
2021-07-18,Santa Cruz,87,273765,16453,16372,884,17256,207
2021-07-18,Shasta,89,179085,12780,12714,1758,14472,209
2021-07-18,Sierra,91,2930,64,64,14,78,0
2021-07-18,Siskiyou,93,43540,2007,1927,439,2366,31
2021-07-18,Solano,95,438530,34564,34215,666,34881,261
2021-07-18,Sonoma,97,501317,32011,31675,387,32062,325
2021-07-18,Stanislaus,99,539301,57978,57600,6431,64031,1028
2021-07-18,Sutter,101,95872,9885,9826,100,9926,114
2021-07-18,Tehama,103,63373,5173,5150,626,5776,65
2021-07-18,Trinity,105,12862,382,344,79,423,3
2021-07-18,Tulare,107,460477,50118,49985,9870,59855,855
2021-07-18,Tuolumne,109,53932,4222,4149,41,4190,64
2021-07-18,Ventura,111,848112,82667,82361,3423,85784,1041
2021-07-18,Yolo,113,214977,14596,14425,451,14876,213
2021-07-18,Yuba,115,75493,6435,6357,135,6492,52
2021-07-17,Alameda,1,1643700,93025,91346,2232,93578,1255
2021-07-17,Alpine,3,1148,89,89,0,89,0
2021-07-17,Amador,5,37829,3822,3785,36,3821,48
2021-07-17,Butte,7,227075,12997,12824,2022,14846,202
2021-07-17,Calaveras,9,45235,2263,2237,17,2254,57
2021-07-17,Colusa,11,21464,1991,1976,349,2325,16
2021-07-17,Contra Costa,13,1133247,73665,72254,1469,73723,824
2021-07-17,Del Norte,15,27424,1490,1475,10,1485,8
2021-07-17,El Dorado,17,186661,10776,10622,842,11464,114
2021-07-17,Fresno,19,978130,103800,103055,9285,112340,1730
2021-07-17,Glenn,21,27897,2454,2451,594,3045,20
2021-07-17,Humboldt,23,135768,4773,4654,59,4713,52
2021-07-17,Imperial,25,180216,28975,28840,2939,31779,742
2021-07-17,Inyo,27,18085,1424,1416,4,1420,36
2021-07-17,Kern,29,883053,98243,97796,11958,109754,1348
2021-07-17,Kings,31,150075,23342,23163,1233,24396,246
2021-07-17,Lake,33,64148,3945,3760,14,3774,64
2021-07-17,Lassen,35,31185,5306,5302,126,5428,21
2021-07-17,Los Angeles,37,10098052,1230958,1219733,46198,1265931,24582
2021-07-17,Madera,39,155013,16937,16804,998,17802,240
2021-07-17,Marin,41,260295,14512,14297,285,14582,234
2021-07-17,Mariposa,43,17540,449,445,11,456,5
2021-07-17,Mendocino,45,87422,4336,4209,84,4293,49
2021-07-17,Merced,47,269075,31631,31451,1023,32474,471
2021-07-17,Modoc,49,8938,416,412,147,559,5
2021-07-17,Mono,51,14174,1264,1277,13,1290,3
2021-07-17,Monterey,53,433212,43503,43367,1986,45353,515
2021-07-17,Napa,55,140530,10257,10129,41,10170,81
2021-07-17,Nevada,57,99092,5201,5066,204,5270,72
2021-07-17,Orange,59,3164182,259995,257805,12282,270087,5136
2021-07-17,Placer,61,380077,24500,24169,1767,25936,303
2021-07-17,Plumas,63,18699,741,721,15,736,4
2021-07-17,Riverside,65,2383286,296631,294751,15167,309918,4542
2021-07-17,Sacramento,67,1510023,112051,110432,2097,112529,1694
2021-07-17,San Benito,69,59416,6193,6181,119,6300,63
2021-07-17,San Bernardino,71,2135413,297736,296048,9338,305386,5218
2021-07-17,San Diego,73,3302833,289148,285698,0,285698,3786
2021-07-17,San Francisco,75,870044,38806,37978,1501,39479,560
2021-07-17,San Joaquin,77,732212,75382,74695,3974,78669,1430
2021-07-17,San Luis Obispo,79,281455,21649,21462,818,22280,258
2021-07-17,San Mateo,81,765935,43844,43324,550,43874,542
2021-07-17,Santa Barbara,83,443738,35148,34769,1276,36045,461
2021-07-17,Santa Clara,85,1922200,121014,119980,852,120832,2097
2021-07-17,Santa Cruz,87,273765,16446,16337,884,17221,207
2021-07-17,Shasta,89,179085,12765,12683,1753,14436,210
2021-07-17,Sierra,91,2930,64,62,14,76,0
2021-07-17,Siskiyou,93,43540,2002,1922,436,2358,29
2021-07-17,Solano,95,438530,34500,34015,658,34673,263
2021-07-17,Sonoma,97,501317,31944,31536,386,31922,322
2021-07-17,Stanislaus,99,539301,57900,57400,6417,63817,1028
2021-07-17,Sutter,101,95872,9875,9778,100,9878,114
2021-07-17,Tehama,103,63373,5170,5145,626,5771,64
2021-07-17,Trinity,105,12862,381,341,79,420,3
2021-07-17,Tulare,107,460477,50097,49937,9858,59795,854
2021-07-17,Tuolumne,109,53932,4212,4131,41,4172,64
2021-07-17,Ventura,111,848112,82600,82125,3411,85536,1041
2021-07-17,Yolo,113,214977,14567,14356,443,14799,213
2021-07-17,Yuba,115,75493,6424,6309,135,6444,52
2021-07-16,Alameda,1,1643700,92791,91346,2220,93566,1255
2021-07-16,Alpine,3,1148,89,89,0,89,0
2021-07-16,Amador,5,37829,3819,3785,36,3821,48
2021-07-16,Butte,7,227075,12972,12824,2019,14843,202
2021-07-16,Calaveras,9,45235,2263,2237,17,2254,57
2021-07-16,Colusa,11,21464,1989,1976,348,2324,16
2021-07-16,Contra Costa,13,1133247,73476,72254,1464,73718,824
2021-07-16,Del Norte,15,27424,1488,1475,10,1485,8
2021-07-16,El Dorado,17,186661,10757,10622,841,11463,114
2021-07-16,Fresno,19,978130,103748,103055,9266,112321,1730
2021-07-16,Glenn,21,27897,2454,2451,594,3045,20
2021-07-16,Humboldt,23,135768,4751,4654,59,4713,52
2021-07-16,Imperial,25,180216,28963,28840,2939,31779,742
2021-07-16,Inyo,27,18085,1422,1416,4,1420,36
2021-07-16,Kern,29,883053,98181,97796,11917,109713,1348
2021-07-16,Kings,31,150075,23319,23163,1230,24393,246
2021-07-16,Lake,33,64148,3919,3760,14,3774,64
2021-07-16,Lassen,35,31185,5305,5302,126,5428,21
2021-07-16,Los Angeles,37,10098052,1229470,1219733,46050,1265783,24582
2021-07-16,Madera,39,155013,16919,16804,998,17802,240
2021-07-16,Marin,41,260295,14488,14297,282,14579,234
2021-07-16,Mariposa,43,17540,449,445,11,456,5
2021-07-16,Mendocino,45,87422,4327,4209,83,4292,49
2021-07-16,Merced,47,269075,31608,31451,1021,32472,471
2021-07-16,Modoc,49,8938,416,412,147,559,5
2021-07-16,Mono,51,14174,1263,1277,13,1290,3
2021-07-16,Monterey,53,433212,43481,43367,1985,45352,515
2021-07-16,Napa,55,140530,10233,10129,40,10169,81
2021-07-16,Nevada,57,99092,5191,5066,204,5270,72
2021-07-16,Orange,59,3164182,259723,257805,12242,270047,5136
2021-07-16,Placer,61,380077,24448,24169,1761,25930,303
2021-07-16,Plumas,63,18699,740,721,15,736,4
2021-07-16,Riverside,65,2383286,296353,294751,15141,309892,4542
2021-07-16,Sacramento,67,1510023,111836,110432,2085,112517,1694
2021-07-16,San Benito,69,59416,6191,6181,119,6300,63
2021-07-16,San Bernardino,71,2135413,297464,296048,9321,305369,5218
2021-07-16,San Diego,73,3302833,288701,285698,0,285698,3786
2021-07-16,San Francisco,75,870044,38689,37978,1496,39474,560
2021-07-16,San Joaquin,77,732212,75289,74695,3971,78666,1430
2021-07-16,San Luis Obispo,79,281455,21632,21462,818,22280,258
2021-07-16,San Mateo,81,765935,43791,43324,548,43872,542
2021-07-16,Santa Barbara,83,443738,35110,34769,1276,36045,461
2021-07-16,Santa Clara,85,1922200,120866,119980,844,120824,2097
2021-07-16,Santa Cruz,87,273765,16433,16337,884,17221,207
2021-07-16,Shasta,89,179085,12755,12683,1752,14435,210
2021-07-16,Sierra,91,2930,64,62,14,76,0
2021-07-16,Siskiyou,93,43540,2000,1922,434,2356,29
2021-07-16,Solano,95,438530,34436,34015,650,34665,263
2021-07-16,Sonoma,97,501317,31892,31536,384,31920,322
2021-07-16,Stanislaus,99,539301,57852,57400,6405,63805,1028
2021-07-16,Sutter,101,95872,9863,9778,100,9878,114
2021-07-16,Tehama,103,63373,5168,5145,626,5771,64
2021-07-16,Trinity,105,12862,381,341,78,419,3
2021-07-16,Tulare,107,460477,50073,49937,9848,59785,854
2021-07-16,Tuolumne,109,53932,4206,4131,41,4172,64
2021-07-16,Ventura,111,848112,82537,82125,3404,85529,1041
2021-07-16,Yolo,113,214977,14541,14356,439,14795,213
2021-07-16,Yuba,115,75493,6403,6309,135,6444,52
2021-07-15,Alameda,1,1643700,92490,91346,2211,93557,1255
2021-07-15,Alpine,3,1148,89,89,0,89,0
2021-07-15,Amador,5,37829,3816,3785,36,3821,48
2021-07-15,Butte,7,227075,12946,12824,2017,14841,202
2021-07-15,Calaveras,9,45235,2261,2237,17,2254,57
2021-07-15,Colusa,11,21464,1988,1976,347,2323,16
2021-07-15,Contra Costa,13,1133247,73262,72254,1456,73710,824
2021-07-15,Del Norte,15,27424,1485,1475,10,1485,8
2021-07-15,El Dorado,17,186661,10730,10622,839,11461,114
2021-07-15,Fresno,19,978130,103652,103055,9245,112300,1730
2021-07-15,Glenn,21,27897,2454,2451,594,3045,20
2021-07-15,Humboldt,23,135768,4733,4654,58,4712,52
2021-07-15,Imperial,25,180216,28940,28840,2939,31779,742
2021-07-15,Inyo,27,18085,1422,1416,4,1420,36
2021-07-15,Kern,29,883053,98111,97796,11890,109686,1348
2021-07-15,Kings,31,150075,23282,23163,1227,24390,246
2021-07-15,Lake,33,64148,3880,3760,14,3774,64
2021-07-15,Lassen,35,31185,5304,5302,126,5428,21
2021-07-15,Los Angeles,37,10098052,1227504,1219733,45884,1265617,24582
2021-07-15,Madera,39,155013,16897,16804,994,17798,240
2021-07-15,Marin,41,260295,14464,14297,282,14579,234
2021-07-15,Mariposa,43,17540,449,445,11,456,5
2021-07-15,Mendocino,45,87422,4319,4209,82,4291,49
2021-07-15,Merced,47,269075,31578,31451,1021,32472,471
2021-07-15,Modoc,49,8938,416,412,147,559,5
2021-07-15,Mono,51,14174,1263,1277,13,1290,3
2021-07-15,Monterey,53,433212,43452,43367,1982,45349,515
2021-07-15,Napa,55,140530,10208,10129,39,10168,81
2021-07-15,Nevada,57,99092,5173,5066,203,5269,72
2021-07-15,Orange,59,3164182,259370,257805,12220,270025,5136
2021-07-15,Placer,61,380077,24389,24169,1744,25913,303
2021-07-15,Plumas,63,18699,739,721,15,736,4
2021-07-15,Riverside,65,2383286,296033,294751,15125,309876,4542
2021-07-15,Sacramento,67,1510023,111537,110432,2067,112499,1694
2021-07-15,San Benito,69,59416,6189,6181,119,6300,63
2021-07-15,San Bernardino,71,2135413,297159,296048,9307,305355,5218
2021-07-15,San Diego,73,3302833,288070,285698,0,285698,3786
2021-07-15,San Francisco,75,870044,38539,37978,1487,39465,560
2021-07-15,San Joaquin,77,732212,75175,74695,3966,78661,1430
2021-07-15,San Luis Obispo,79,281455,21599,21462,818,22280,258
2021-07-15,San Mateo,81,765935,43690,43324,544,43868,542
2021-07-15,Santa Barbara,83,443738,35057,34769,1275,36044,461
2021-07-15,Santa Clara,85,1922200,120745,119980,841,120821,2097
2021-07-15,Santa Cruz,87,273765,16420,16337,884,17221,207
2021-07-15,Shasta,89,179085,12747,12683,1747,14430,210
2021-07-15,Sierra,91,2930,64,62,14,76,0
2021-07-15,Siskiyou,93,43540,1999,1922,434,2356,29
2021-07-15,Solano,95,438530,34362,34015,644,34659,263
2021-07-15,Sonoma,97,501317,31831,31536,384,31920,322
2021-07-15,Stanislaus,99,539301,57784,57400,6392,63792,1028
2021-07-15,Sutter,101,95872,9843,9778,100,9878,114
2021-07-15,Tehama,103,63373,5162,5145,625,5770,64
2021-07-15,Trinity,105,12862,381,341,78,419,3
2021-07-15,Tulare,107,460477,50052,49937,9831,59768,854
2021-07-15,Tuolumne,109,53932,4194,4131,41,4172,64
2021-07-15,Ventura,111,848112,82460,82125,3399,85524,1041
2021-07-15,Yolo,113,214977,14515,14356,438,14794,213
2021-07-15,Yuba,115,75493,6388,6309,135,6444,52
2021-07-14,Alameda,1,1643700,92239,91092,2192,93284,1255
2021-07-14,Alpine,3,1148,89,89,0,89,0
2021-07-14,Amador,5,37829,3808,3784,36,3820,48
2021-07-14,Butte,7,227075,12919,12813,2010,14823,202
2021-07-14,Calaveras,9,45235,2253,2234,17,2251,57
2021-07-14,Colusa,11,21464,1985,1974,347,2321,16
2021-07-14,Contra Costa,13,1133247,73037,72091,1443,73534,823
2021-07-14,Del Norte,15,27424,1484,1472,10,1482,8
2021-07-14,El Dorado,17,186661,10704,10598,836,11434,114
2021-07-14,Fresno,19,978130,103574,102966,9233,112199,1728
2021-07-14,Glenn,21,27897,2454,2449,594,3043,20
2021-07-14,Humboldt,23,135768,4710,4644,56,4700,52
2021-07-14,Imperial,25,180216,28910,28822,2939,31761,742
2021-07-14,Inyo,27,18085,1421,1415,4,1419,36
2021-07-14,Kern,29,883053,98048,97736,11864,109600,1346
2021-07-14,Kings,31,150075,23269,23142,1227,24369,246
2021-07-14,Lake,33,64148,3847,3739,14,3753,63
2021-07-14,Lassen,35,31185,5303,5298,126,5424,21
2021-07-14,Los Angeles,37,10098052,1225501,1218265,45736,1264001,24578
2021-07-14,Madera,39,155013,16885,16786,992,17778,240
2021-07-14,Marin,41,260295,14430,14269,280,14549,233
2021-07-14,Mariposa,43,17540,447,445,11,456,5
2021-07-14,Mendocino,45,87422,4306,4193,82,4275,49
2021-07-14,Merced,47,269075,31541,31412,1018,32430,471
2021-07-14,Modoc,49,8938,416,412,147,559,4
2021-07-14,Mono,51,14174,1263,1278,13,1291,3
2021-07-14,Monterey,53,433212,43429,43347,1979,45326,504
2021-07-14,Napa,55,140530,10186,10121,39,10160,81
2021-07-14,Nevada,57,99092,5154,5058,203,5261,72
2021-07-14,Orange,59,3164182,259054,257558,12191,269749,5137
2021-07-14,Placer,61,380077,24338,24125,1732,25857,303
2021-07-14,Plumas,63,18699,732,719,15,734,4
2021-07-14,Riverside,65,2383286,295707,294511,15108,309619,4542
2021-07-14,Sacramento,67,1510023,111210,110193,2045,112238,1688
2021-07-14,San Benito,69,59416,6186,6177,119,6296,63
2021-07-14,San Bernardino,71,2135413,296862,295820,9292,305112,5193
2021-07-14,San Diego,73,3302833,287505,285269,0,285269,3786
2021-07-14,San Francisco,75,870044,38399,37836,1480,39316,559
2021-07-14,San Joaquin,77,732212,75084,74599,3957,78556,1416
2021-07-14,San Luis Obispo,79,281455,21577,21444,816,22260,258
2021-07-14,San Mateo,81,765935,43594,43249,540,43789,542
2021-07-14,Santa Barbara,83,443738,35017,34719,1273,35992,461
2021-07-14,Santa Clara,85,1922200,120595,119844,838,120682,2098
2021-07-14,Santa Cruz,87,273765,16406,16326,884,17210,207
2021-07-14,Shasta,89,179085,12727,12669,1744,14413,209
2021-07-14,Sierra,91,2930,64,62,14,76,0
2021-07-14,Siskiyou,93,43540,1992,1922,431,2353,29
2021-07-14,Solano,95,438530,34290,33948,644,34592,268
2021-07-14,Sonoma,97,501317,31779,31470,384,31854,322
2021-07-14,Stanislaus,99,539301,57709,57340,6380,63720,1028
2021-07-14,Sutter,101,95872,9820,9766,100,9866,114
2021-07-14,Tehama,103,63373,5160,5142,625,5767,64
2021-07-14,Trinity,105,12862,381,341,78,419,3
2021-07-14,Tulare,107,460477,50036,49908,9816,59724,853
2021-07-14,Tuolumne,109,53932,4191,4128,40,4168,64
2021-07-14,Ventura,111,848112,82367,82041,3387,85428,1040
2021-07-14,Yolo,113,214977,14482,14332,435,14767,213
2021-07-14,Yuba,115,75493,6370,6294,135,6429,52
2021-07-13,Alameda,1,1643700,91974,90874,2181,93055,1255
2021-07-13,Alpine,3,1148,89,89,0,89,0
2021-07-13,Amador,5,37829,3800,3783,36,3819,48
2021-07-13,Butte,7,227075,12906,12802,2008,14810,202
2021-07-13,Calaveras,9,45235,2249,2230,17,2247,57
2021-07-13,Colusa,11,21464,1983,1972,343,2315,16
2021-07-13,Contra Costa,13,1133247,72813,71963,1434,73397,823
2021-07-13,Del Norte,15,27424,1482,1471,10,1481,8
2021-07-13,El Dorado,17,186661,10686,10581,833,11414,114
2021-07-13,Fresno,19,978130,103498,102909,9224,112133,1727
2021-07-13,Glenn,21,27897,2452,2448,594,3042,20
2021-07-13,Humboldt,23,135768,4695,4634,56,4690,51
2021-07-13,Imperial,25,180216,28899,28792,2939,31731,741
2021-07-13,Inyo,27,18085,1420,1415,4,1419,36
2021-07-13,Kern,29,883053,97961,97698,11824,109522,1346
2021-07-13,Kings,31,150075,23251,23132,1227,24359,246
2021-07-13,Lake,33,64148,3820,3719,13,3732,63
2021-07-13,Lassen,35,31185,5301,5292,126,5418,21
2021-07-13,Los Angeles,37,10098052,1223665,1217184,45562,1262746,24569
2021-07-13,Madera,39,155013,16876,16773,988,17761,240
2021-07-13,Marin,41,260295,14401,14254,279,14533,233
2021-07-13,Mariposa,43,17540,446,443,11,454,5
2021-07-13,Mendocino,45,87422,4299,4185,82,4267,49
2021-07-13,Merced,47,269075,31520,31379,1015,32394,471
2021-07-13,Modoc,49,8938,416,411,147,558,4
2021-07-13,Mono,51,14174,1262,1277,13,1290,3
2021-07-13,Monterey,53,433212,43411,43333,1975,45308,504
2021-07-13,Napa,55,140530,10165,10118,39,10157,81
2021-07-13,Nevada,57,99092,5129,5053,203,5256,72
2021-07-13,Orange,59,3164182,258721,257339,12161,269500,5136
2021-07-13,Placer,61,380077,24291,24091,1719,25810,303
2021-07-13,Plumas,63,18699,731,716,15,731,4
2021-07-13,Riverside,65,2383286,295387,294302,15081,309383,4541
2021-07-13,Sacramento,67,1510023,110908,109990,2024,112014,1687
2021-07-13,San Benito,69,59416,6184,6173,119,6292,63
2021-07-13,San Bernardino,71,2135413,296581,295596,9270,304866,5183
2021-07-13,San Diego,73,3302833,286963,284997,0,284997,3785
2021-07-13,San Francisco,75,870044,38255,37725,1473,39198,559
2021-07-13,San Joaquin,77,732212,74967,74500,3953,78453,1417
2021-07-13,San Luis Obispo,79,281455,21551,21423,813,22236,258
2021-07-13,San Mateo,81,765935,43526,43180,539,43719,542
2021-07-13,Santa Barbara,83,443738,34968,34679,1270,35949,461
2021-07-13,Santa Clara,85,1922200,120440,119727,834,120561,2098
2021-07-13,Santa Cruz,87,273765,16397,16315,882,17197,207
2021-07-13,Shasta,89,179085,12714,12659,1737,14396,209
2021-07-13,Sierra,91,2930,64,62,14,76,0
2021-07-13,Siskiyou,93,43540,1991,1916,429,2345,29
2021-07-13,Solano,95,438530,34228,33918,638,34556,268
2021-07-13,Sonoma,97,501317,31720,31431,384,31815,322
2021-07-13,Stanislaus,99,539301,57641,57282,6366,63648,1028
2021-07-13,Sutter,101,95872,9802,9752,99,9851,114
2021-07-13,Tehama,103,63373,5153,5144,625,5769,64
2021-07-13,Trinity,105,12862,381,341,77,418,3
2021-07-13,Tulare,107,460477,50012,49891,9800,59691,853
2021-07-13,Tuolumne,109,53932,4183,4122,39,4161,64
2021-07-13,Ventura,111,848112,82284,81982,3361,85343,1040
2021-07-13,Yolo,113,214977,14454,14320,428,14748,213
2021-07-13,Yuba,115,75493,6354,6279,135,6414,52
2021-07-12,Alameda,1,1643700,91723,90720,2172,92892,1254
2021-07-12,Alpine,3,1148,89,89,0,89,0
2021-07-12,Amador,5,37829,3793,3781,36,3817,47
2021-07-12,Butte,7,227075,12886,12796,2006,14802,202
2021-07-12,Calaveras,9,45235,2246,2228,17,2245,57
2021-07-12,Colusa,11,21464,1979,1971,342,2313,16
2021-07-12,Contra Costa,13,1133247,72612,71833,1429,73262,823
2021-07-12,Del Norte,15,27424,1479,1469,10,1479,8
2021-07-12,El Dorado,17,186661,10657,10569,831,11400,114
2021-07-12,Fresno,19,978130,103405,102853,9212,112065,1728
2021-07-12,Glenn,21,27897,2452,2446,594,3040,20
2021-07-12,Humboldt,23,135768,4679,4621,56,4677,51
2021-07-12,Imperial,25,180216,28869,28789,2939,31728,741
2021-07-12,Inyo,27,18085,1420,1415,4,1419,36
2021-07-12,Kern,29,883053,97892,97660,11799,109459,1346
2021-07-12,Kings,31,150075,23231,23124,1225,24349,246
2021-07-12,Lake,33,64148,3800,3706,13,3719,63
2021-07-12,Lassen,35,31185,5300,5292,126,5418,21
2021-07-12,Los Angeles,37,10098052,1221891,1216230,45417,1261647,24559
2021-07-12,Madera,39,155013,16866,16772,988,17760,240
2021-07-12,Marin,41,260295,14376,14238,278,14516,233
2021-07-12,Mariposa,43,17540,446,442,11,453,5
2021-07-12,Mendocino,45,87422,4287,4175,82,4257,49
2021-07-12,Merced,47,269075,31488,31374,1014,32388,471
2021-07-12,Modoc,49,8938,415,411,147,558,4
2021-07-12,Mono,51,14174,1260,1275,13,1288,3
2021-07-12,Monterey,53,433212,43390,43315,1971,45286,504
2021-07-12,Napa,55,140530,10147,10104,38,10142,81
2021-07-12,Nevada,57,99092,5106,5046,203,5249,72
2021-07-12,Orange,59,3164182,258368,257171,12136,269307,5136
2021-07-12,Placer,61,380077,24242,24052,1713,25765,302
2021-07-12,Plumas,63,18699,731,716,15,731,4
2021-07-12,Riverside,65,2383286,295079,294108,15051,309159,4541
2021-07-12,Sacramento,67,1510023,110692,109849,2002,111851,1685
2021-07-12,San Benito,69,59416,6181,6166,119,6285,63
2021-07-12,San Bernardino,71,2135413,296318,295447,9256,304703,5171
2021-07-12,San Diego,73,3302833,286499,284648,0,284648,3785
2021-07-12,San Francisco,75,870044,38108,37656,1469,39125,559
2021-07-12,San Joaquin,77,732212,74873,74424,3943,78367,1415
2021-07-12,San Luis Obispo,79,281455,21532,21408,812,22220,258
2021-07-12,San Mateo,81,765935,43433,43138,532,43670,542
2021-07-12,Santa Barbara,83,443738,34926,34664,1268,35932,461
2021-07-12,Santa Clara,85,1922200,120276,119634,831,120465,2098
2021-07-12,Santa Cruz,87,273765,16372,16310,881,17191,207
2021-07-12,Shasta,89,179085,12706,12648,1734,14382,208
2021-07-12,Sierra,91,2930,64,62,14,76,0
2021-07-12,Siskiyou,93,43540,1986,1916,424,2340,29
2021-07-12,Solano,95,438530,34142,33859,629,34488,268
2021-07-12,Sonoma,97,501317,31672,31377,383,31760,322
2021-07-12,Stanislaus,99,539301,57568,57243,6359,63602,1028
2021-07-12,Sutter,101,95872,9785,9736,98,9834,114
2021-07-12,Tehama,103,63373,5148,5138,624,5762,63
2021-07-12,Trinity,105,12862,377,340,75,415,3
2021-07-12,Tulare,107,460477,49985,49882,9786,59668,853
2021-07-12,Tuolumne,109,53932,4179,4116,39,4155,64
2021-07-12,Ventura,111,848112,82183,81919,3339,85258,1040
2021-07-12,Yolo,113,214977,14425,14303,424,14727,213
2021-07-12,Yuba,115,75493,6339,6266,135,6401,52
2021-07-11,Alameda,1,1643700,91400,90597,2157,92754,1254
2021-07-11,Alpine,3,1148,89,89,0,89,0
2021-07-11,Amador,5,37829,3791,3779,36,3815,47
2021-07-11,Butte,7,227075,12866,12794,1999,14793,202
2021-07-11,Calaveras,9,45235,2238,2226,16,2242,57
2021-07-11,Colusa,11,21464,1979,1971,341,2312,16
2021-07-11,Contra Costa,13,1133247,72403,71744,1422,73166,823
2021-07-11,Del Norte,15,27424,1475,1467,9,1476,8
2021-07-11,El Dorado,17,186661,10628,10554,829,11383,114
2021-07-11,Fresno,19,978130,103310,102813,9193,112006,1728
2021-07-11,Glenn,21,27897,2451,2446,594,3040,20
2021-07-11,Humboldt,23,135768,4666,4611,55,4666,51
2021-07-11,Imperial,25,180216,28851,28787,2939,31726,741
2021-07-11,Inyo,27,18085,1418,1415,4,1419,36
2021-07-11,Kern,29,883053,97819,97637,11783,109420,1346
2021-07-11,Kings,31,150075,23200,23116,1222,24338,246
2021-07-11,Lake,33,64148,3770,3699,13,3712,63
2021-07-11,Lassen,35,31185,5297,5291,126,5417,21
2021-07-11,Los Angeles,37,10098052,1220154,1215182,45254,1260436,24558
2021-07-11,Madera,39,155013,16848,16766,987,17753,240
2021-07-11,Marin,41,260295,14351,14231,278,14509,233
2021-07-11,Mariposa,43,17540,445,442,11,453,5
2021-07-11,Mendocino,45,87422,4267,4167,82,4249,49
2021-07-11,Merced,47,269075,31464,31366,1009,32375,471
2021-07-11,Modoc,49,8938,415,411,147,558,4
2021-07-11,Mono,51,14174,1260,1275,13,1288,3
2021-07-11,Monterey,53,433212,43372,43307,1966,45273,504
2021-07-11,Napa,55,140530,10143,10100,38,10138,81
2021-07-11,Nevada,57,99092,5095,5035,202,5237,72
2021-07-11,Orange,59,3164182,258055,257009,12108,269117,5136
2021-07-11,Placer,61,380077,24186,24017,1701,25718,302
2021-07-11,Plumas,63,18699,731,716,15,731,4
2021-07-11,Riverside,65,2383286,294815,293969,15033,309002,4541
2021-07-11,Sacramento,67,1510023,110420,109696,1992,111688,1685
2021-07-11,San Benito,69,59416,6176,6163,119,6282,63
2021-07-11,San Bernardino,71,2135413,296015,295342,9232,304574,5167
2021-07-11,San Diego,73,3302833,286085,283819,0,283819,3784
2021-07-11,San Francisco,75,870044,37981,37596,1463,39059,559
2021-07-11,San Joaquin,77,732212,74758,74376,3926,78302,1415
2021-07-11,San Luis Obispo,79,281455,21498,21403,811,22214,258
2021-07-11,San Mateo,81,765935,43353,43107,525,43632,542
2021-07-11,Santa Barbara,83,443738,34880,34646,1268,35914,461
2021-07-11,Santa Clara,85,1922200,120122,119549,830,120379,2098
2021-07-11,Santa Cruz,87,273765,16356,16303,881,17184,207
2021-07-11,Shasta,89,179085,12689,12647,1732,14379,208
2021-07-11,Sierra,91,2930,64,62,14,76,0
2021-07-11,Siskiyou,93,43540,1982,1915,422,2337,29
2021-07-11,Solano,95,438530,34064,33837,625,34462,268
2021-07-11,Sonoma,97,501317,31589,31352,383,31735,322
2021-07-11,Stanislaus,99,539301,57495,57230,6347,63577,1028
2021-07-11,Sutter,101,95872,9771,9728,98,9826,114
2021-07-11,Tehama,103,63373,5145,5138,624,5762,63
2021-07-11,Trinity,105,12862,376,340,75,415,3
2021-07-11,Tulare,107,460477,49961,49877,9766,59643,853
2021-07-11,Tuolumne,109,53932,4173,4116,39,4155,64
2021-07-11,Ventura,111,848112,82111,81875,3319,85194,1040
2021-07-11,Yolo,113,214977,14401,14285,416,14701,213
2021-07-11,Yuba,115,75493,6329,6260,135,6395,52
2021-07-10,Alameda,1,1643700,91255,90090,2153,92243,1252
2021-07-10,Alpine,3,1148,89,89,0,89,0
2021-07-10,Amador,5,37829,3785,3773,36,3809,47
2021-07-10,Butte,7,227075,12855,12764,1996,14760,202
2021-07-10,Calaveras,9,45235,2237,2214,16,2230,57
2021-07-10,Colusa,11,21464,1977,1969,341,2310,16
2021-07-10,Contra Costa,13,1133247,72304,71376,1421,72797,821
2021-07-10,Del Norte,15,27424,1473,1451,9,1460,8
2021-07-10,El Dorado,17,186661,10612,10508,825,11333,114
2021-07-10,Fresno,19,978130,103277,102675,9186,111861,1730
2021-07-10,Glenn,21,27897,2448,2440,593,3033,20
2021-07-10,Humboldt,23,135768,4657,4574,55,4629,51
2021-07-10,Imperial,25,180216,28838,28729,2939,31668,741
2021-07-10,Inyo,27,18085,1417,1415,4,1419,36
2021-07-10,Kern,29,883053,97780,97538,11765,109303,1346
2021-07-10,Kings,31,150075,23193,23090,1221,24311,246
2021-07-10,Lake,33,64148,3753,3667,13,3680,63
2021-07-10,Lassen,35,31185,5297,5290,126,5416,21
2021-07-10,Los Angeles,37,10098052,1219139,1212043,45149,1257192,24542
2021-07-10,Madera,39,155013,16842,16744,984,17728,241
2021-07-10,Marin,41,260295,14337,14194,278,14472,233
2021-07-10,Mariposa,43,17540,445,442,11,453,5
2021-07-10,Mendocino,45,87422,4260,4153,81,4234,49
2021-07-10,Merced,47,269075,31451,31328,1009,32337,470
2021-07-10,Modoc,49,8938,415,410,147,557,4
2021-07-10,Mono,51,14174,1260,1275,13,1288,3
2021-07-10,Monterey,53,433212,43358,43251,1964,45215,499
2021-07-10,Napa,55,140530,10131,10077,38,10115,81
2021-07-10,Nevada,57,99092,5086,5000,202,5202,72
2021-07-10,Orange,59,3164182,257884,256438,12093,268531,5135
2021-07-10,Placer,61,380077,24155,23916,1691,25607,302
2021-07-10,Plumas,63,18699,730,717,15,732,4
2021-07-10,Riverside,65,2383286,294629,293474,15019,308493,4541
2021-07-10,Sacramento,67,1510023,110268,109091,1987,111078,1682
2021-07-10,San Benito,69,59416,6171,6141,119,6260,63
2021-07-10,San Bernardino,71,2135413,295828,294932,9220,304152,5117
2021-07-10,San Diego,73,3302833,285796,283577,0,283577,3783
2021-07-10,San Francisco,75,870044,37898,37338,1458,38796,559
2021-07-10,San Joaquin,77,732212,74701,74150,3920,78070,1412
2021-07-10,San Luis Obispo,79,281455,21487,21375,810,22185,258
2021-07-10,San Mateo,81,765935,43303,42948,523,43471,542
2021-07-10,Santa Barbara,83,443738,34854,34595,1268,35863,460
2021-07-10,Santa Clara,85,1922200,120020,119330,827,120157,2094
2021-07-10,Santa Cruz,87,273765,16349,16286,881,17167,207
2021-07-10,Shasta,89,179085,12677,12623,1727,14350,206
2021-07-10,Sierra,91,2930,64,61,14,75,0
2021-07-10,Siskiyou,93,43540,1980,1909,419,2328,29
2021-07-10,Solano,95,438530,34024,33678,619,34297,268
2021-07-10,Sonoma,97,501317,31537,31231,383,31614,317
2021-07-10,Stanislaus,99,539301,57454,57104,6337,63441,1026
2021-07-10,Sutter,101,95872,9758,9692,98,9790,114
2021-07-10,Tehama,103,63373,5142,5131,624,5755,63
2021-07-10,Trinity,105,12862,376,341,75,416,3
2021-07-10,Tulare,107,460477,49951,49850,9760,59610,853
2021-07-10,Tuolumne,109,53932,4171,4114,39,4153,64
2021-07-10,Ventura,111,848112,82066,81713,3301,85014,1039
2021-07-10,Yolo,113,214977,14380,14250,413,14663,213
2021-07-10,Yuba,115,75493,6319,6238,135,6373,52
2021-07-09,Alameda,1,1643700,91104,90090,2147,92237,1252
2021-07-09,Alpine,3,1148,89,89,0,89,0
2021-07-09,Amador,5,37829,3784,3773,36,3809,47
2021-07-09,Butte,7,227075,12844,12764,1994,14758,202
2021-07-09,Calaveras,9,45235,2235,2214,16,2230,57
2021-07-09,Colusa,11,21464,1976,1969,341,2310,16
2021-07-09,Contra Costa,13,1133247,72179,71376,1420,72796,821
2021-07-09,Del Norte,15,27424,1469,1451,9,1460,8
2021-07-09,El Dorado,17,186661,10597,10508,824,11332,114
2021-07-09,Fresno,19,978130,103221,102675,9179,111854,1730
2021-07-09,Glenn,21,27897,2447,2440,591,3031,20
2021-07-09,Humboldt,23,135768,4638,4574,55,4629,51
2021-07-09,Imperial,25,180216,28829,28729,2938,31667,741
2021-07-09,Inyo,27,18085,1416,1415,4,1419,36
2021-07-09,Kern,29,883053,97742,97538,11753,109291,1346
2021-07-09,Kings,31,150075,23183,23090,1220,24310,246
2021-07-09,Lake,33,64148,3739,3667,13,3680,63
2021-07-09,Lassen,35,31185,5295,5290,125,5415,21
2021-07-09,Los Angeles,37,10098052,1218138,1212043,45072,1257115,24542
2021-07-09,Madera,39,155013,16833,16744,983,17727,241
2021-07-09,Marin,41,260295,14317,14194,276,14470,233
2021-07-09,Mariposa,43,17540,445,442,11,453,5
2021-07-09,Mendocino,45,87422,4253,4153,81,4234,49
2021-07-09,Merced,47,269075,31436,31328,1009,32337,470
2021-07-09,Modoc,49,8938,415,410,147,557,4
2021-07-09,Mono,51,14174,1260,1275,13,1288,3
2021-07-09,Monterey,53,433212,43349,43251,1964,45215,499
2021-07-09,Napa,55,140530,10124,10077,38,10115,81
2021-07-09,Nevada,57,99092,5077,5000,202,5202,72
2021-07-09,Orange,59,3164182,257681,256438,12078,268516,5135
2021-07-09,Placer,61,380077,24133,23916,1685,25601,302
2021-07-09,Plumas,63,18699,728,717,15,732,4
2021-07-09,Riverside,65,2383286,294442,293474,15005,308479,4541
2021-07-09,Sacramento,67,1510023,110117,109091,1979,111070,1682
2021-07-09,San Benito,69,59416,6169,6141,119,6260,63
2021-07-09,San Bernardino,71,2135413,295679,294932,9213,304145,5117
2021-07-09,San Diego,73,3302833,285510,283577,0,283577,3783
2021-07-09,San Francisco,75,870044,37820,37338,1451,38789,559
2021-07-09,San Joaquin,77,732212,74629,74150,3912,78062,1412
2021-07-09,San Luis Obispo,79,281455,21475,21375,810,22185,258
2021-07-09,San Mateo,81,765935,43259,42948,518,43466,542
2021-07-09,Santa Barbara,83,443738,34834,34595,1267,35862,460
2021-07-09,Santa Clara,85,1922200,119909,119330,827,120157,2094
2021-07-09,Santa Cruz,87,273765,16346,16286,881,17167,207
2021-07-09,Shasta,89,179085,12671,12623,1722,14345,206
2021-07-09,Sierra,91,2930,64,61,14,75,0
2021-07-09,Siskiyou,93,43540,1978,1909,418,2327,29
2021-07-09,Solano,95,438530,33989,33678,615,34293,268
2021-07-09,Sonoma,97,501317,31501,31231,383,31614,317
2021-07-09,Stanislaus,99,539301,57412,57104,6335,63439,1026
2021-07-09,Sutter,101,95872,9749,9692,98,9790,114
2021-07-09,Tehama,103,63373,5140,5131,624,5755,63
2021-07-09,Trinity,105,12862,375,341,72,413,3
2021-07-09,Tulare,107,460477,49938,49850,9754,59604,853
2021-07-09,Tuolumne,109,53932,4168,4114,39,4153,64
2021-07-09,Ventura,111,848112,82011,81713,3292,85005,1039
2021-07-09,Yolo,113,214977,14365,14250,409,14659,213
2021-07-09,Yuba,115,75493,6306,6238,135,6373,52
2021-07-08,Alameda,1,1643700,90897,90090,2142,92232,1252
2021-07-08,Alpine,3,1148,89,89,0,89,0
2021-07-08,Amador,5,37829,3782,3773,36,3809,47
2021-07-08,Butte,7,227075,12831,12764,1991,14755,202
2021-07-08,Calaveras,9,45235,2229,2214,15,2229,57
2021-07-08,Colusa,11,21464,1976,1969,341,2310,16
2021-07-08,Contra Costa,13,1133247,72051,71376,1415,72791,821
2021-07-08,Del Norte,15,27424,1467,1451,9,1460,8
2021-07-08,El Dorado,17,186661,10580,10508,819,11327,114
2021-07-08,Fresno,19,978130,103161,102675,9168,111843,1730
2021-07-08,Glenn,21,27897,2447,2440,591,3031,20
2021-07-08,Humboldt,23,135768,4623,4574,54,4628,51
2021-07-08,Imperial,25,180216,28816,28729,2937,31666,741
2021-07-08,Inyo,27,18085,1416,1415,4,1419,36
2021-07-08,Kern,29,883053,97698,97538,11735,109273,1346
2021-07-08,Kings,31,150075,23174,23090,1220,24310,246
2021-07-08,Lake,33,64148,3725,3667,13,3680,63
2021-07-08,Lassen,35,31185,5292,5290,125,5415,21
2021-07-08,Los Angeles,37,10098052,1216933,1212043,44974,1257017,24542
2021-07-08,Madera,39,155013,16818,16744,983,17727,241
2021-07-08,Marin,41,260295,14302,14194,276,14470,233
2021-07-08,Mariposa,43,17540,444,442,11,453,5
2021-07-08,Mendocino,45,87422,4249,4153,81,4234,49
2021-07-08,Merced,47,269075,31422,31328,1007,32335,470
2021-07-08,Modoc,49,8938,415,410,147,557,4
2021-07-08,Mono,51,14174,1260,1275,13,1288,3
2021-07-08,Monterey,53,433212,43329,43251,1958,45209,499
2021-07-08,Napa,55,140530,10120,10077,38,10115,81
2021-07-08,Nevada,57,99092,5071,5000,202,5202,72
2021-07-08,Orange,59,3164182,257489,256438,12057,268495,5135
2021-07-08,Placer,61,380077,24095,23916,1677,25593,302
2021-07-08,Plumas,63,18699,727,717,15,732,4
2021-07-08,Riverside,65,2383286,294242,293474,14989,308463,4541
2021-07-08,Sacramento,67,1510023,109898,109091,1972,111063,1682
2021-07-08,San Benito,69,59416,6166,6141,119,6260,63
2021-07-08,San Bernardino,71,2135413,295505,294932,9204,304136,5117
2021-07-08,San Diego,73,3302833,285182,283577,0,283577,3783
2021-07-08,San Francisco,75,870044,37742,37338,1446,38784,559
2021-07-08,San Joaquin,77,732212,74541,74150,3901,78051,1412
2021-07-08,San Luis Obispo,79,281455,21463,21375,807,22182,258
2021-07-08,San Mateo,81,765935,43209,42948,517,43465,542
2021-07-08,Santa Barbara,83,443738,34807,34595,1265,35860,460
2021-07-08,Santa Clara,85,1922200,119816,119330,826,120156,2094
2021-07-08,Santa Cruz,87,273765,16340,16286,881,17167,207
2021-07-08,Shasta,89,179085,12665,12623,1718,14341,206
2021-07-08,Sierra,91,2930,64,61,14,75,0
2021-07-08,Siskiyou,93,43540,1973,1909,415,2324,29
2021-07-08,Solano,95,438530,33937,33678,607,34285,268
2021-07-08,Sonoma,97,501317,31470,31231,382,31613,317
2021-07-08,Stanislaus,99,539301,57378,57104,6330,63434,1026
2021-07-08,Sutter,101,95872,9734,9692,96,9788,114
2021-07-08,Tehama,103,63373,5137,5131,623,5754,63
2021-07-08,Trinity,105,12862,375,341,72,413,3
2021-07-08,Tulare,107,460477,49921,49850,9745,59595,853
2021-07-08,Tuolumne,109,53932,4166,4114,39,4153,64
2021-07-08,Ventura,111,848112,81947,81713,3275,84988,1039
2021-07-08,Yolo,113,214977,14347,14250,407,14657,213
2021-07-08,Yuba,115,75493,6298,6238,135,6373,52
2021-07-07,Alameda,1,1643700,90714,89995,2135,92130,1253
2021-07-07,Alpine,3,1148,89,89,0,89,0
2021-07-07,Amador,5,37829,3777,3770,36,3806,47
2021-07-07,Butte,7,227075,12818,12750,1986,14736,202
2021-07-07,Calaveras,9,45235,2225,2212,15,2227,57
2021-07-07,Colusa,11,21464,1972,1969,341,2310,16
2021-07-07,Contra Costa,13,1133247,71907,71308,1413,72721,821
2021-07-07,Del Norte,15,27424,1462,1446,9,1455,8
2021-07-07,El Dorado,17,186661,10560,10494,817,11311,114
2021-07-07,Fresno,19,978130,103111,102639,9161,111800,1729
2021-07-07,Glenn,21,27897,2447,2441,591,3032,20
2021-07-07,Humboldt,23,135768,4609,4566,54,4620,51
2021-07-07,Imperial,25,180216,28808,28701,2937,31638,740
2021-07-07,Inyo,27,18085,1415,1415,4,1419,36
2021-07-07,Kern,29,883053,97656,97507,11719,109226,1348
2021-07-07,Kings,31,150075,23161,23085,1217,24302,245
2021-07-07,Lake,33,64148,3706,3660,13,3673,63
2021-07-07,Lassen,35,31185,5292,5286,125,5411,21
2021-07-07,Los Angeles,37,10098052,1215762,1211316,44863,1256179,24531
2021-07-07,Madera,39,155013,16808,16733,981,17714,241
2021-07-07,Marin,41,260295,14282,14183,275,14458,233
2021-07-07,Mariposa,43,17540,442,442,11,453,5
2021-07-07,Mendocino,45,87422,4240,4145,81,4226,49
2021-07-07,Merced,47,269075,31407,31317,1007,32324,470
2021-07-07,Modoc,49,8938,415,410,147,557,4
2021-07-07,Mono,51,14174,1259,1274,13,1287,3
2021-07-07,Monterey,53,433212,43305,43233,1956,45189,494
2021-07-07,Napa,55,140530,10109,10078,38,10116,81
2021-07-07,Nevada,57,99092,5064,4996,202,5198,72
2021-07-07,Orange,59,3164182,257262,256301,12034,268335,5132
2021-07-07,Placer,61,380077,24057,23901,1667,25568,302
2021-07-07,Plumas,63,18699,727,710,15,725,4
2021-07-07,Riverside,65,2383286,294028,293331,14978,308309,4538
2021-07-07,Sacramento,67,1510023,109709,108954,1964,110918,1682
2021-07-07,San Benito,69,59416,6161,6137,119,6256,63
2021-07-07,San Bernardino,71,2135413,295333,294787,9196,303983,5087
2021-07-07,San Diego,73,3302833,284864,283377,0,283377,3782
2021-07-07,San Francisco,75,870044,37650,37284,1443,38727,558
2021-07-07,San Joaquin,77,732212,74465,74095,3885,77980,1410
2021-07-07,San Luis Obispo,79,281455,21454,21360,805,22165,258
2021-07-07,San Mateo,81,765935,43155,42908,514,43422,542
2021-07-07,Santa Barbara,83,443738,34781,34582,1265,35847,460
2021-07-07,Santa Clara,85,1922200,119718,119250,825,120075,2094
2021-07-07,Santa Cruz,87,273765,16331,16279,880,17159,207
2021-07-07,Shasta,89,179085,12657,12613,1715,14328,206
2021-07-07,Sierra,91,2930,64,60,14,74,0
2021-07-07,Siskiyou,93,43540,1967,1908,411,2319,29
2021-07-07,Solano,95,438530,33889,33659,600,34259,268
2021-07-07,Sonoma,97,501317,31423,31172,382,31554,316
2021-07-07,Stanislaus,99,539301,57333,57102,6325,63427,1028
2021-07-07,Sutter,101,95872,9724,9683,96,9779,114
2021-07-07,Tehama,103,63373,5136,5129,623,5752,63
2021-07-07,Trinity,105,12862,375,341,72,413,3
2021-07-07,Tulare,107,460477,49917,49835,9736,59571,853
2021-07-07,Tuolumne,109,53932,4162,4115,38,4153,64
2021-07-07,Ventura,111,848112,81904,81608,3260,84868,1036
2021-07-07,Yolo,113,214977,14337,14236,404,14640,213
2021-07-07,Yuba,115,75493,6282,6233,135,6368,51
2021-07-06,Alameda,1,1643700,90519,89918,2126,92044,1253
2021-07-06,Alpine,3,1148,89,89,0,89,0
2021-07-06,Amador,5,37829,3776,3768,35,3803,47
2021-07-06,Butte,7,227075,12805,12744,1983,14727,201
2021-07-06,Calaveras,9,45235,2225,2211,15,2226,55
2021-07-06,Colusa,11,21464,1971,1967,338,2305,16
2021-07-06,Contra Costa,13,1133247,71779,71262,1411,72673,820
2021-07-06,Del Norte,15,27424,1458,1445,9,1454,8
2021-07-06,El Dorado,17,186661,10542,10484,816,11300,113
2021-07-06,Fresno,19,978130,103059,102616,9151,111767,1727
2021-07-06,Glenn,21,27897,2446,2438,591,3029,20
2021-07-06,Humboldt,23,135768,4595,4565,53,4618,49
2021-07-06,Imperial,25,180216,28794,28693,2935,31628,739
2021-07-06,Inyo,27,18085,1415,1412,4,1416,36
2021-07-06,Kern,29,883053,97615,97491,11708,109199,1346
2021-07-06,Kings,31,150075,23153,23077,1216,24293,245
2021-07-06,Lake,33,64148,3696,3659,13,3672,63
2021-07-06,Lassen,35,31185,5291,5288,124,5412,21
2021-07-06,Los Angeles,37,10098052,1214554,1210965,44763,1255728,24525
2021-07-06,Madera,39,155013,16798,16730,981,17711,241
2021-07-06,Marin,41,260295,14268,14181,275,14456,233
2021-07-06,Mariposa,43,17540,442,442,11,453,5
2021-07-06,Mendocino,45,87422,4233,4143,81,4224,49
2021-07-06,Merced,47,269075,31390,31317,1006,32323,470
2021-07-06,Modoc,49,8938,415,411,147,558,4
2021-07-06,Mono,51,14174,1257,1274,13,1287,3
2021-07-06,Monterey,53,433212,43283,43224,1955,45179,494
2021-07-06,Napa,55,140530,10098,10081,38,10119,81
2021-07-06,Nevada,57,99092,5055,4988,202,5190,72
2021-07-06,Orange,59,3164182,257022,256227,12017,268244,5129
2021-07-06,Placer,61,380077,24016,23876,1661,25537,302
2021-07-06,Plumas,63,18699,726,708,15,723,4
2021-07-06,Riverside,65,2383286,293822,293227,14959,308186,4539
2021-07-06,Sacramento,67,1510023,109502,108850,1956,110806,1679
2021-07-06,San Benito,69,59416,6157,6137,119,6256,63
2021-07-06,San Bernardino,71,2135413,295158,294712,9183,303895,5056
2021-07-06,San Diego,73,3302833,284509,283278,0,283278,3782
2021-07-06,San Francisco,75,870044,37534,37251,1440,38691,558
2021-07-06,San Joaquin,77,732212,74396,74019,3873,77892,1410
2021-07-06,San Luis Obispo,79,281455,21437,21354,804,22158,257
2021-07-06,San Mateo,81,765935,43080,42895,514,43409,541
2021-07-06,Santa Barbara,83,443738,34762,34572,1263,35835,460
2021-07-06,Santa Clara,85,1922200,119600,119194,822,120016,2095
2021-07-06,Santa Cruz,87,273765,16326,16274,879,17153,207
2021-07-06,Shasta,89,179085,12647,12606,1713,14319,205
2021-07-06,Sierra,91,2930,63,60,14,74,0
2021-07-06,Siskiyou,93,43540,1964,1905,407,2312,29
2021-07-06,Solano,95,438530,33839,33619,597,34216,268
2021-07-06,Sonoma,97,501317,31359,31130,381,31511,316
2021-07-06,Stanislaus,99,539301,57271,57120,6313,63433,1029
2021-07-06,Sutter,101,95872,9715,9674,95,9769,114
2021-07-06,Tehama,103,63373,5133,5126,622,5748,63
2021-07-06,Trinity,105,12862,375,341,72,413,3
2021-07-06,Tulare,107,460477,49902,49826,9725,59551,853
2021-07-06,Tuolumne,109,53932,4160,4113,38,4151,64
2021-07-06,Ventura,111,848112,81863,81534,3234,84768,1033
2021-07-06,Yolo,113,214977,14316,14227,399,14626,213
2021-07-06,Yuba,115,75493,6271,6231,135,6366,51
2021-07-05,Alameda,1,1643700,90343,89892,2120,92012,1253
2021-07-05,Alpine,3,1148,89,89,0,89,0
2021-07-05,Amador,5,37829,3774,3768,35,3803,47
2021-07-05,Butte,7,227075,12797,12740,1973,14713,201
2021-07-05,Calaveras,9,45235,2223,2211,15,2226,55
2021-07-05,Colusa,11,21464,1969,1966,337,2303,16
2021-07-05,Contra Costa,13,1133247,71653,71235,1411,72646,820
2021-07-05,Del Norte,15,27424,1454,1446,9,1455,8
2021-07-05,El Dorado,17,186661,10517,10481,816,11297,113
2021-07-05,Fresno,19,978130,103002,102592,9133,111725,1727
2021-07-05,Glenn,21,27897,2443,2438,590,3028,20
2021-07-05,Humboldt,23,135768,4581,4563,53,4616,49
2021-07-05,Imperial,25,180216,28775,28689,2935,31624,739
2021-07-05,Inyo,27,18085,1415,1412,4,1416,36
2021-07-05,Kern,29,883053,97567,97479,11687,109166,1346
2021-07-05,Kings,31,150075,23145,23065,1213,24278,245
2021-07-05,Lake,33,64148,3678,3645,13,3658,63
2021-07-05,Lassen,35,31185,5288,5288,123,5411,21
2021-07-05,Los Angeles,37,10098052,1213374,1210653,44656,1255309,24522
2021-07-05,Madera,39,155013,16788,16722,980,17702,241
2021-07-05,Marin,41,260295,14246,14178,275,14453,233
2021-07-05,Mariposa,43,17540,442,441,11,452,5
2021-07-05,Mendocino,45,87422,4228,4139,81,4220,49
2021-07-05,Merced,47,269075,31370,31312,1006,32318,470
2021-07-05,Modoc,49,8938,415,410,147,557,4
2021-07-05,Mono,51,14174,1257,1273,13,1286,3
2021-07-05,Monterey,53,433212,43263,43218,1950,45168,494
2021-07-05,Napa,55,140530,10092,10074,38,10112,81
2021-07-05,Nevada,57,99092,5037,4980,201,5181,72
2021-07-05,Orange,59,3164182,256820,256173,11998,268171,5129
2021-07-05,Placer,61,380077,23970,23867,1653,25520,302
2021-07-05,Plumas,63,18699,725,708,15,723,4
2021-07-05,Riverside,65,2383286,293628,293193,14946,308139,4539
2021-07-05,Sacramento,67,1510023,109321,108758,1948,110706,1679
2021-07-05,San Benito,69,59416,6150,6137,119,6256,63
2021-07-05,San Bernardino,71,2135413,294999,294647,9176,303823,5037
2021-07-05,San Diego,73,3302833,284149,282834,0,282834,3782
2021-07-05,San Francisco,75,870044,37447,37237,1435,38672,558
2021-07-05,San Joaquin,77,732212,74326,73999,3867,77866,1410
2021-07-05,San Luis Obispo,79,281455,21424,21351,803,22154,257
2021-07-05,San Mateo,81,765935,43028,42876,511,43387,541
2021-07-05,Santa Barbara,83,443738,34742,34569,1263,35832,460
2021-07-05,Santa Clara,85,1922200,119496,119184,820,120004,2095
2021-07-05,Santa Cruz,87,273765,16316,16273,878,17151,208
2021-07-05,Shasta,89,179085,12638,12603,1711,14314,205
2021-07-05,Sierra,91,2930,63,60,14,74,0
2021-07-05,Siskiyou,93,43540,1963,1904,405,2309,29
2021-07-05,Solano,95,438530,33770,33612,591,34203,268
2021-07-05,Sonoma,97,501317,31306,31116,380,31496,316
2021-07-05,Stanislaus,99,539301,57235,57109,6303,63412,1029
2021-07-05,Sutter,101,95872,9703,9667,95,9762,114
2021-07-05,Tehama,103,63373,5132,5125,622,5747,63
2021-07-05,Trinity,105,12862,374,341,71,412,3
2021-07-05,Tulare,107,460477,49884,49818,9722,59540,853
2021-07-05,Tuolumne,109,53932,4156,4112,38,4150,64
2021-07-05,Ventura,111,848112,81814,81519,3213,84732,1033
2021-07-05,Yolo,113,214977,14299,14225,390,14615,213
2021-07-05,Yuba,115,75493,6263,6223,135,6358,51
2021-07-04,Alameda,1,1643700,90177,89683,2115,91798,1253
2021-07-04,Alpine,3,1148,89,89,0,89,0
2021-07-04,Amador,5,37829,3773,3758,35,3793,46
2021-07-04,Butte,7,227075,12787,12684,1973,14657,201
2021-07-04,Calaveras,9,45235,2223,2200,15,2215,55
2021-07-04,Colusa,11,21464,1969,1969,337,2306,15
2021-07-04,Contra Costa,13,1133247,71547,70941,1406,72347,818
2021-07-04,Del Norte,15,27424,1451,1439,9,1448,8
2021-07-04,El Dorado,17,186661,10508,10433,815,11248,113
2021-07-04,Fresno,19,978130,102958,102512,9114,111626,1727
2021-07-04,Glenn,21,27897,2441,2442,589,3031,20
2021-07-04,Humboldt,23,135768,4573,4530,53,4583,49
2021-07-04,Imperial,25,180216,28769,28661,2935,31596,739
2021-07-04,Inyo,27,18085,1415,1412,4,1416,35
2021-07-04,Kern,29,883053,97549,97421,11677,109098,1347
2021-07-04,Kings,31,150075,23138,23051,1213,24264,245
2021-07-04,Lake,33,64148,3668,3623,13,3636,62
2021-07-04,Lassen,35,31185,5287,5277,123,5400,20
2021-07-04,Los Angeles,37,10098052,1212531,1208705,44562,1253267,24506
2021-07-04,Madera,39,155013,16776,16696,978,17674,240
2021-07-04,Marin,41,260295,14232,14143,275,14418,233
2021-07-04,Mariposa,43,17540,442,441,11,452,5
2021-07-04,Mendocino,45,87422,4218,4122,81,4203,49
2021-07-04,Merced,47,269075,31359,31297,1006,32303,469
2021-07-04,Modoc,49,8938,415,410,147,557,4
2021-07-04,Mono,51,14174,1257,1275,13,1288,3
2021-07-04,Monterey,53,433212,43247,43212,1949,45161,492
2021-07-04,Napa,55,140530,10084,10045,37,10082,81
2021-07-04,Nevada,57,99092,5028,4966,201,5167,72
2021-07-04,Orange,59,3164182,256646,255823,11977,267800,5126
2021-07-04,Placer,61,380077,23933,23764,1646,25410,299
2021-07-04,Plumas,63,18699,725,707,15,722,4
2021-07-04,Riverside,65,2383286,293469,293260,14938,308198,4536
2021-07-04,Sacramento,67,1510023,109157,108257,1943,110200,1676
2021-07-04,San Benito,69,59416,6143,6108,119,6227,63
2021-07-04,San Bernardino,71,2135413,294840,294294,9169,303463,5003
2021-07-04,San Diego,73,3302833,283924,282692,0,282692,3780
2021-07-04,San Francisco,75,870044,37392,37107,1429,38536,558
2021-07-04,San Joaquin,77,732212,74259,73841,3859,77700,1409
2021-07-04,San Luis Obispo,79,281455,21418,21330,802,22132,256
2021-07-04,San Mateo,81,765935,42994,42691,511,43202,541
2021-07-04,Santa Barbara,83,443738,34720,34526,1262,35788,456
2021-07-04,Santa Clara,85,1922200,119406,118966,819,119785,2090
2021-07-04,Santa Cruz,87,273765,16305,16254,878,17132,208
2021-07-04,Shasta,89,179085,12634,12582,1710,14292,204
2021-07-04,Sierra,91,2930,62,60,14,74,0
2021-07-04,Siskiyou,93,43540,1959,1899,404,2303,29
2021-07-04,Solano,95,438530,33729,33486,589,34075,268
2021-07-04,Sonoma,97,501317,31276,31000,379,31379,316
2021-07-04,Stanislaus,99,539301,57212,57018,6297,63315,1018
2021-07-04,Sutter,101,95872,9692,9644,95,9739,114
2021-07-04,Tehama,103,63373,5128,5124,622,5746,63
2021-07-04,Trinity,105,12862,373,341,71,412,3
2021-07-04,Tulare,107,460477,49874,49789,9719,59508,853
2021-07-04,Tuolumne,109,53932,4148,4113,38,4151,64
2021-07-04,Ventura,111,848112,81757,81425,3202,84627,1033
2021-07-04,Yolo,113,214977,14280,14188,387,14575,213
2021-07-04,Yuba,115,75493,6255,6197,135,6332,51
2021-07-03,Alameda,1,1643700,90096,89683,2108,91791,1253
2021-07-03,Alpine,3,1148,89,89,0,89,0
2021-07-03,Amador,5,37829,3773,3758,35,3793,46
2021-07-03,Butte,7,227075,12783,12684,1972,14656,201
2021-07-03,Calaveras,9,45235,2222,2200,15,2215,55
2021-07-03,Colusa,11,21464,1969,1969,336,2305,15
2021-07-03,Contra Costa,13,1133247,71488,70941,1403,72344,818
2021-07-03,Del Norte,15,27424,1448,1439,9,1448,8
2021-07-03,El Dorado,17,186661,10501,10433,813,11246,113
2021-07-03,Fresno,19,978130,102933,102512,9105,111617,1727
2021-07-03,Glenn,21,27897,2441,2442,589,3031,20
2021-07-03,Humboldt,23,135768,4568,4530,53,4583,49
2021-07-03,Imperial,25,180216,28759,28661,2935,31596,739
2021-07-03,Inyo,27,18085,1415,1412,4,1416,35
2021-07-03,Kern,29,883053,97529,97421,11669,109090,1347
2021-07-03,Kings,31,150075,23138,23051,1212,24263,245
2021-07-03,Lake,33,64148,3658,3623,13,3636,62
2021-07-03,Lassen,35,31185,5286,5277,123,5400,20
2021-07-03,Los Angeles,37,10098052,1212106,1208705,44532,1253237,24506
2021-07-03,Madera,39,155013,16768,16696,975,17671,240
2021-07-03,Marin,41,260295,14228,14143,275,14418,233
2021-07-03,Mariposa,43,17540,442,441,11,452,5
2021-07-03,Mendocino,45,87422,4217,4122,81,4203,49
2021-07-03,Merced,47,269075,31346,31297,1005,32302,469
2021-07-03,Modoc,49,8938,414,410,147,557,4
2021-07-03,Mono,51,14174,1256,1275,13,1288,3
2021-07-03,Monterey,53,433212,43235,43212,1946,45158,492
2021-07-03,Napa,55,140530,10079,10045,37,10082,81
2021-07-03,Nevada,57,99092,5014,4966,201,5167,72
2021-07-03,Orange,59,3164182,256562,255823,11970,267793,5126
2021-07-03,Placer,61,380077,23914,23764,1643,25407,299
2021-07-03,Plumas,63,18699,725,707,15,722,4
2021-07-03,Riverside,65,2383286,293378,293260,14933,308193,4536
2021-07-03,Sacramento,67,1510023,109082,108257,1940,110197,1676
2021-07-03,San Benito,69,59416,6136,6108,119,6227,63
2021-07-03,San Bernardino,71,2135413,294753,294294,9166,303460,5003
2021-07-03,San Diego,73,3302833,283792,282692,0,282692,3780
2021-07-03,San Francisco,75,870044,37351,37107,1426,38533,558
2021-07-03,San Joaquin,77,732212,74224,73841,3853,77694,1409
2021-07-03,San Luis Obispo,79,281455,21406,21330,802,22132,256
2021-07-03,San Mateo,81,765935,42969,42691,510,43201,541
2021-07-03,Santa Barbara,83,443738,34710,34526,1261,35787,456
2021-07-03,Santa Clara,85,1922200,119360,118966,819,119785,2090
2021-07-03,Santa Cruz,87,273765,16298,16254,878,17132,208
2021-07-03,Shasta,89,179085,12630,12582,1708,14290,204
2021-07-03,Sierra,91,2930,62,60,14,74,0
2021-07-03,Siskiyou,93,43540,1958,1899,403,2302,29
2021-07-03,Solano,95,438530,33687,33486,589,34075,268
2021-07-03,Sonoma,97,501317,31242,31000,379,31379,316
2021-07-03,Stanislaus,99,539301,57198,57018,6289,63307,1018
2021-07-03,Sutter,101,95872,9682,9644,95,9739,114
2021-07-03,Tehama,103,63373,5126,5124,622,5746,63
2021-07-03,Trinity,105,12862,373,341,71,412,3
2021-07-03,Tulare,107,460477,49868,49789,9713,59502,853
2021-07-03,Tuolumne,109,53932,4147,4113,38,4151,64
2021-07-03,Ventura,111,848112,81727,81425,3194,84619,1033
2021-07-03,Yolo,113,214977,14270,14188,384,14572,213
2021-07-03,Yuba,115,75493,6249,6197,135,6332,51
2021-07-02,Alameda,1,1643700,90014,89683,2107,91790,1253
2021-07-02,Alpine,3,1148,89,89,0,89,0
2021-07-02,Amador,5,37829,3771,3758,35,3793,46
2021-07-02,Butte,7,227075,12776,12684,1972,14656,201
2021-07-02,Calaveras,9,45235,2221,2200,15,2215,55
2021-07-02,Colusa,11,21464,1968,1969,335,2304,15
2021-07-02,Contra Costa,13,1133247,71418,70941,1399,72340,818
2021-07-02,Del Norte,15,27424,1448,1439,9,1448,8
2021-07-02,El Dorado,17,186661,10493,10433,813,11246,113
2021-07-02,Fresno,19,978130,102904,102512,9099,111611,1727
2021-07-02,Glenn,21,27897,2440,2442,588,3030,20
2021-07-02,Humboldt,23,135768,4565,4530,52,4582,49
2021-07-02,Imperial,25,180216,28753,28661,2934,31595,739
2021-07-02,Inyo,27,18085,1415,1412,4,1416,35
2021-07-02,Kern,29,883053,97511,97421,11660,109081,1347
2021-07-02,Kings,31,150075,23128,23051,1212,24263,245
2021-07-02,Lake,33,64148,3652,3623,13,3636,62
2021-07-02,Lassen,35,31185,5286,5277,123,5400,20
2021-07-02,Los Angeles,37,10098052,1211632,1208705,44493,1253198,24506
2021-07-02,Madera,39,155013,16759,16696,974,17670,240
2021-07-02,Marin,41,260295,14223,14143,275,14418,233
2021-07-02,Mariposa,43,17540,442,441,11,452,5
2021-07-02,Mendocino,45,87422,4213,4122,80,4202,49
2021-07-02,Merced,47,269075,31337,31297,1005,32302,469
2021-07-02,Modoc,49,8938,414,410,147,557,4
2021-07-02,Mono,51,14174,1255,1275,13,1288,3
2021-07-02,Monterey,53,433212,43227,43212,1945,45157,492
2021-07-02,Napa,55,140530,10074,10045,37,10082,81
2021-07-02,Nevada,57,99092,5005,4966,201,5167,72
2021-07-02,Orange,59,3164182,256449,255823,11963,267786,5126
2021-07-02,Placer,61,380077,23897,23764,1636,25400,299
2021-07-02,Plumas,63,18699,725,707,15,722,4
2021-07-02,Riverside,65,2383286,293281,293260,14928,308188,4536
2021-07-02,Sacramento,67,1510023,109001,108257,1939,110196,1676
2021-07-02,San Benito,69,59416,6133,6108,119,6227,63
2021-07-02,San Bernardino,71,2135413,294660,294294,9164,303458,5003
2021-07-02,San Diego,73,3302833,283647,282692,0,282692,3780
2021-07-02,San Francisco,75,870044,37304,37107,1424,38531,558
2021-07-02,San Joaquin,77,732212,74192,73841,3847,77688,1409
2021-07-02,San Luis Obispo,79,281455,21400,21330,801,22131,256
2021-07-02,San Mateo,81,765935,42933,42691,510,43201,541
2021-07-02,Santa Barbara,83,443738,34700,34526,1261,35787,456
2021-07-02,Santa Clara,85,1922200,119282,118966,819,119785,2090
2021-07-02,Santa Cruz,87,273765,16294,16254,878,17132,208
2021-07-02,Shasta,89,179085,12626,12582,1708,14290,204
2021-07-02,Sierra,91,2930,61,60,14,74,0
2021-07-02,Siskiyou,93,43540,1955,1899,402,2301,29
2021-07-02,Solano,95,438530,33662,33486,589,34075,268
2021-07-02,Sonoma,97,501317,31219,31000,379,31379,316
2021-07-02,Stanislaus,99,539301,57176,57018,6288,63306,1018
2021-07-02,Sutter,101,95872,9677,9644,95,9739,114
2021-07-02,Tehama,103,63373,5124,5124,620,5744,63
2021-07-02,Trinity,105,12862,373,341,71,412,3
2021-07-02,Tulare,107,460477,49858,49789,9705,59494,853
2021-07-02,Tuolumne,109,53932,4144,4113,38,4151,64
2021-07-02,Ventura,111,848112,81685,81425,3186,84611,1033
2021-07-02,Yolo,113,214977,14255,14188,382,14570,213
2021-07-02,Yuba,115,75493,6241,6197,135,6332,51
2021-07-01,Alameda,1,1643700,89909,89683,2105,91788,1253
2021-07-01,Alpine,3,1148,89,89,0,89,0
2021-07-01,Amador,5,37829,3770,3758,35,3793,46
2021-07-01,Butte,7,227075,12764,12684,1970,14654,201
2021-07-01,Calaveras,9,45235,2219,2200,15,2215,55
2021-07-01,Colusa,11,21464,1968,1969,333,2302,15
2021-07-01,Contra Costa,13,1133247,71347,70941,1398,72339,818
2021-07-01,Del Norte,15,27424,1447,1439,9,1448,8
2021-07-01,El Dorado,17,186661,10481,10433,813,11246,113
2021-07-01,Fresno,19,978130,102865,102512,9094,111606,1727
2021-07-01,Glenn,21,27897,2440,2442,588,3030,20
2021-07-01,Humboldt,23,135768,4563,4530,52,4582,49
2021-07-01,Imperial,25,180216,28736,28661,2934,31595,739
2021-07-01,Inyo,27,18085,1415,1412,4,1416,35
2021-07-01,Kern,29,883053,97485,97421,11649,109070,1347
2021-07-01,Kings,31,150075,23114,23051,1212,24263,245
2021-07-01,Lake,33,64148,3649,3623,13,3636,62
2021-07-01,Lassen,35,31185,5284,5277,123,5400,20
2021-07-01,Los Angeles,37,10098052,1211035,1208705,44437,1253142,24506
2021-07-01,Madera,39,155013,16750,16696,973,17669,240
2021-07-01,Marin,41,260295,14219,14143,275,14418,233
2021-07-01,Mariposa,43,17540,442,441,11,452,5
2021-07-01,Mendocino,45,87422,4209,4122,79,4201,49
2021-07-01,Merced,47,269075,31331,31297,1005,32302,469
2021-07-01,Modoc,49,8938,414,410,147,557,4
2021-07-01,Mono,51,14174,1254,1275,13,1288,3
2021-07-01,Monterey,53,433212,43219,43212,1941,45153,492
2021-07-01,Napa,55,140530,10068,10045,37,10082,81
2021-07-01,Nevada,57,99092,5000,4966,201,5167,72
2021-07-01,Orange,59,3164182,256331,255823,11943,267766,5126
2021-07-01,Placer,61,380077,23879,23764,1633,25397,299
2021-07-01,Plumas,63,18699,722,707,13,720,4
2021-07-01,Riverside,65,2383286,293173,293260,14920,308180,4536
2021-07-01,Sacramento,67,1510023,108880,108257,1932,110189,1676
2021-07-01,San Benito,69,59416,6129,6108,119,6227,63
2021-07-01,San Bernardino,71,2135413,294538,294294,9158,303452,5003
2021-07-01,San Diego,73,3302833,283470,282692,0,282692,3780
2021-07-01,San Francisco,75,870044,37268,37107,1422,38529,558
2021-07-01,San Joaquin,77,732212,74141,73841,3843,77684,1409
2021-07-01,San Luis Obispo,79,281455,21385,21330,800,22130,256
2021-07-01,San Mateo,81,765935,42904,42691,509,43200,541
2021-07-01,Santa Barbara,83,443738,34689,34526,1261,35787,456
2021-07-01,Santa Clara,85,1922200,119233,118966,819,119785,2090
2021-07-01,Santa Cruz,87,273765,16290,16254,877,17131,208
2021-07-01,Shasta,89,179085,12618,12582,1707,14289,204
2021-07-01,Sierra,91,2930,61,60,14,74,0
2021-07-01,Siskiyou,93,43540,1955,1899,402,2301,29
2021-07-01,Solano,95,438530,33621,33486,588,34074,268
2021-07-01,Sonoma,97,501317,31174,31000,379,31379,316
2021-07-01,Stanislaus,99,539301,57153,57018,6284,63302,1018
2021-07-01,Sutter,101,95872,9668,9644,95,9739,114
2021-07-01,Tehama,103,63373,5124,5124,619,5743,63
2021-07-01,Trinity,105,12862,373,341,71,412,3
2021-07-01,Tulare,107,460477,49849,49789,9698,59487,853
2021-07-01,Tuolumne,109,53932,4137,4113,38,4151,64
2021-07-01,Ventura,111,848112,81654,81425,3175,84600,1033
2021-07-01,Yolo,113,214977,14240,14188,380,14568,213
2021-07-01,Yuba,115,75493,6234,6197,135,6332,51
2021-06-30,Alameda,1,1643700,89823,89597,2099,91696,1256
2021-06-30,Alpine,3,1148,89,89,0,89,0
2021-06-30,Amador,5,37829,3768,3756,35,3791,46
2021-06-30,Butte,7,227075,12757,12676,1961,14637,201
2021-06-30,Calaveras,9,45235,2215,2198,15,2213,55
2021-06-30,Colusa,11,21464,1966,1967,330,2297,15
2021-06-30,Contra Costa,13,1133247,71283,70869,1395,72264,818
2021-06-30,Del Norte,15,27424,1442,1435,9,1444,8
2021-06-30,El Dorado,17,186661,10462,10420,813,11233,113
2021-06-30,Fresno,19,978130,102829,102490,9091,111581,1727
2021-06-30,Glenn,21,27897,2438,2440,588,3028,20
2021-06-30,Humboldt,23,135768,4547,4522,50,4572,49
2021-06-30,Imperial,25,180216,28728,28651,2934,31585,739
2021-06-30,Inyo,27,18085,1415,1409,4,1413,35
2021-06-30,Kern,29,883053,97447,97267,11637,108904,1348
2021-06-30,Kings,31,150075,23109,23038,1211,24249,245
2021-06-30,Lake,33,64148,3636,3601,13,3614,56
2021-06-30,Lassen,35,31185,5279,5269,123,5392,20
2021-06-30,Los Angeles,37,10098052,1210367,1208246,44392,1252638,24499
2021-06-30,Madera,39,155013,16743,16688,971,17659,240
2021-06-30,Marin,41,260295,14211,14133,273,14406,232
2021-06-30,Mariposa,43,17540,441,441,11,452,5
2021-06-30,Mendocino,45,87422,4199,4115,79,4194,49
2021-06-30,Merced,47,269075,31321,31286,1005,32291,469
2021-06-30,Modoc,49,8938,414,410,147,557,4
2021-06-30,Mono,51,14174,1254,1275,13,1288,3
2021-06-30,Monterey,53,433212,43214,43209,1939,45148,492
2021-06-30,Napa,55,140530,10060,10039,37,10076,81
2021-06-30,Nevada,57,99092,4989,4958,201,5159,72
2021-06-30,Orange,59,3164182,256203,255764,11933,267697,5125
2021-06-30,Placer,61,380077,23855,23721,1629,25350,299
2021-06-30,Plumas,63,18699,722,705,13,718,4
2021-06-30,Riverside,65,2383286,293061,293280,14908,308188,4535
2021-06-30,Sacramento,67,1510023,108742,108137,1927,110064,1676
2021-06-30,San Benito,69,59416,6125,6105,119,6224,63
2021-06-30,San Bernardino,71,2135413,294388,294211,9153,303364,4975
2021-06-30,San Diego,73,3302833,283334,282583,0,282583,3780
2021-06-30,San Francisco,75,870044,37219,37065,1417,38482,558
2021-06-30,San Joaquin,77,732212,74080,73777,3841,77618,1409
2021-06-30,San Luis Obispo,79,281455,21372,21326,799,22125,256
2021-06-30,San Mateo,81,765935,42867,42599,508,43107,537
2021-06-30,Santa Barbara,83,443738,34673,34521,1261,35782,456
2021-06-30,Santa Clara,85,1922200,119186,118930,816,119746,2090
2021-06-30,Santa Cruz,87,273765,16284,16250,877,17127,208
2021-06-30,Shasta,89,179085,12612,12564,1707,14271,204
2021-06-30,Sierra,91,2930,61,60,14,74,0
2021-06-30,Siskiyou,93,43540,1953,1900,399,2299,29
2021-06-30,Solano,95,438530,33583,33453,586,34039,268
2021-06-30,Sonoma,97,501317,31144,30947,379,31326,316
2021-06-30,Stanislaus,99,539301,57131,56997,6283,63280,1018
2021-06-30,Sutter,101,95872,9658,9638,95,9733,114
2021-06-30,Tehama,103,63373,5122,5124,619,5743,63
2021-06-30,Trinity,105,12862,373,341,71,412,3
2021-06-30,Tulare,107,460477,49838,49764,9687,59451,853
2021-06-30,Tuolumne,109,53932,4134,4112,38,4150,64
2021-06-30,Ventura,111,848112,81611,81392,3170,84562,1032
2021-06-30,Yolo,113,214977,14234,14178,377,14555,213
2021-06-30,Yuba,115,75493,6226,6191,135,6326,51
2021-06-29,Alameda,1,1643700,89720,89519,2098,91617,1257
2021-06-29,Alpine,3,1148,89,89,0,89,0
2021-06-29,Amador,5,37829,3764,3754,35,3789,46
2021-06-29,Butte,7,227075,12749,12669,1961,14630,201
2021-06-29,Calaveras,9,45235,2210,2198,15,2213,55
2021-06-29,Colusa,11,21464,1964,1967,330,2297,15
2021-06-29,Contra Costa,13,1133247,71209,70775,1395,72170,817
2021-06-29,Del Norte,15,27424,1441,1435,9,1444,8
2021-06-29,El Dorado,17,186661,10449,10403,809,11212,113
2021-06-29,Fresno,19,978130,102795,102464,9088,111552,1725
2021-06-29,Glenn,21,27897,2437,2439,588,3027,20
2021-06-29,Humboldt,23,135768,4543,4514,49,4563,49
2021-06-29,Imperial,25,180216,28719,28645,2933,31578,737
2021-06-29,Inyo,27,18085,1415,1408,4,1412,35
2021-06-29,Kern,29,883053,97426,97173,11631,108804,1347
2021-06-29,Kings,31,150075,23100,23035,1210,24245,245
2021-06-29,Lake,33,64148,3630,3594,13,3607,56
2021-06-29,Lassen,35,31185,5272,5268,123,5391,20
2021-06-29,Los Angeles,37,10098052,1209765,1207895,44356,1252251,24498
2021-06-29,Madera,39,155013,16738,16680,970,17650,240
2021-06-29,Marin,41,260295,14199,14127,273,14400,232
2021-06-29,Mariposa,43,17540,441,441,11,452,5
2021-06-29,Mendocino,45,87422,4196,4107,78,4185,49
2021-06-29,Merced,47,269075,31309,31277,1005,32282,469
2021-06-29,Modoc,49,8938,413,408,147,555,3
2021-06-29,Mono,51,14174,1254,1275,13,1288,3
2021-06-29,Monterey,53,433212,43204,43196,1937,45133,471
2021-06-29,Napa,55,140530,10054,10033,37,10070,81
2021-06-29,Nevada,57,99092,4982,4952,201,5153,72
2021-06-29,Orange,59,3164182,256105,255686,11918,267604,5124
2021-06-29,Placer,61,380077,23836,23693,1627,25320,299
2021-06-29,Plumas,63,18699,722,704,13,717,4
2021-06-29,Riverside,65,2383286,292962,292962,14901,307863,4524
2021-06-29,Sacramento,67,1510023,108589,108067,1924,109991,1677
2021-06-29,San Benito,69,59416,6114,6099,119,6218,63
2021-06-29,San Bernardino,71,2135413,294278,294118,9151,303269,4940
2021-06-29,San Diego,73,3302833,283180,282499,0,282499,3780
2021-06-29,San Francisco,75,870044,37181,37041,1414,38455,558
2021-06-29,San Joaquin,77,732212,74032,73724,3838,77562,1409
2021-06-29,San Luis Obispo,79,281455,21363,21324,797,22121,256
2021-06-29,San Mateo,81,765935,42835,42540,506,43046,540
2021-06-29,Santa Barbara,83,443738,34663,34507,1260,35767,455
2021-06-29,Santa Clara,85,1922200,119131,118893,815,119708,2090
2021-06-29,Santa Cruz,87,273765,16279,16249,877,17126,208
2021-06-29,Shasta,89,179085,12600,12564,1706,14270,204
2021-06-29,Sierra,91,2930,61,59,14,73,0
2021-06-29,Siskiyou,93,43540,1950,1897,395,2292,29
2021-06-29,Solano,95,438530,33550,33440,584,34024,268
2021-06-29,Sonoma,97,501317,31102,30950,377,31327,316
2021-06-29,Stanislaus,99,539301,57103,56980,6276,63256,1018
2021-06-29,Sutter,101,95872,9647,9634,95,9729,114
2021-06-29,Tehama,103,63373,5122,5124,619,5743,63
2021-06-29,Trinity,105,12862,373,341,71,412,3
2021-06-29,Tulare,107,460477,49825,49751,9682,59433,852
2021-06-29,Tuolumne,109,53932,4132,4111,38,4149,64
2021-06-29,Ventura,111,848112,81575,81363,3164,84527,1032
2021-06-29,Yolo,113,214977,14222,14171,376,14547,213
2021-06-29,Yuba,115,75493,6216,6188,135,6323,51
2021-06-28,Alameda,1,1643700,89627,89638,2096,91734,1259
2021-06-28,Alpine,3,1148,89,89,0,89,0
2021-06-28,Amador,5,37829,3763,3753,35,3788,46
2021-06-28,Butte,7,227075,12740,12697,1959,14656,198
2021-06-28,Calaveras,9,45235,2207,2203,15,2218,55
2021-06-28,Colusa,11,21464,1963,1974,329,2303,15
2021-06-28,Contra Costa,13,1133247,71135,70807,1393,72200,816
2021-06-28,Del Norte,15,27424,1441,1436,9,1445,8
2021-06-28,El Dorado,17,186661,10439,10422,805,11227,115
2021-06-28,Fresno,19,978130,102765,103121,9086,112207,1727
2021-06-28,Glenn,21,27897,2437,2439,588,3027,20
2021-06-28,Humboldt,23,135768,4536,4520,48,4568,49
2021-06-28,Imperial,25,180216,28711,28981,2932,31913,741
2021-06-28,Inyo,27,18085,1412,1407,4,1411,35
2021-06-28,Kern,29,883053,97407,97252,11626,108878,1348
2021-06-28,Kings,31,150075,23094,23134,1210,24344,246
2021-06-28,Lake,33,64148,3622,3591,13,3604,56
2021-06-28,Lassen,35,31185,5270,5268,123,5391,20
2021-06-28,Los Angeles,37,10098052,1209250,1207714,44318,1252032,24496
2021-06-28,Madera,39,155013,16728,16683,969,17652,240
2021-06-28,Marin,41,260295,14184,14186,273,14459,232
2021-06-28,Mariposa,43,17540,441,440,11,451,5
2021-06-28,Mendocino,45,87422,4187,4102,77,4179,49
2021-06-28,Merced,47,269075,31297,31277,1005,32282,469
2021-06-28,Modoc,49,8938,413,411,146,557,3
2021-06-28,Mono,51,14174,1254,1276,13,1289,3
2021-06-28,Monterey,53,433212,43200,43202,1936,45138,462
2021-06-28,Napa,55,140530,10045,10050,36,10086,81
2021-06-28,Nevada,57,99092,4978,4951,201,5152,72
2021-06-28,Orange,59,3164182,256017,255755,11904,267659,5123
2021-06-28,Placer,61,380077,23816,23756,1622,25378,299
2021-06-28,Plumas,63,18699,720,704,13,717,4
2021-06-28,Riverside,65,2383286,292836,292647,14888,307535,4507
2021-06-28,Sacramento,67,1510023,108455,108342,1920,110262,1675
2021-06-28,San Benito,69,59416,6112,6101,119,6220,63
2021-06-28,San Bernardino,71,2135413,294176,294151,9146,303297,4928
2021-06-28,San Diego,73,3302833,283018,282417,0,282417,3780
2021-06-28,San Francisco,75,870044,37145,37372,1412,38784,559
2021-06-28,San Joaquin,77,732212,73983,73973,3833,77806,1411
2021-06-28,San Luis Obispo,79,281455,21359,21340,796,22136,256
2021-06-28,San Mateo,81,765935,42802,42927,505,43432,540
2021-06-28,Santa Barbara,83,443738,34656,34534,1258,35792,455
2021-06-28,Santa Clara,85,1922200,119067,120377,814,121191,2103
2021-06-28,Santa Cruz,87,273765,16274,16245,877,17122,208
2021-06-28,Shasta,89,179085,12596,12642,1704,14346,203
2021-06-28,Sierra,91,2930,61,58,14,72,0
2021-06-28,Siskiyou,93,43540,1949,1896,395,2291,29
2021-06-28,Solano,95,438530,33514,33524,582,34106,267
2021-06-28,Sonoma,97,501317,31065,31137,376,31513,315
2021-06-28,Stanislaus,99,539301,57084,57047,6272,63319,1018
2021-06-28,Sutter,101,95872,9643,9682,95,9777,114
2021-06-28,Tehama,103,63373,5120,5122,619,5741,63
2021-06-28,Trinity,105,12862,373,341,71,412,3
2021-06-28,Tulare,107,460477,49816,49751,9677,59428,850
2021-06-28,Tuolumne,109,53932,4125,4121,38,4159,64
2021-06-28,Ventura,111,848112,81518,81393,3159,84552,1032
2021-06-28,Yolo,113,214977,14213,14199,373,14572,213
2021-06-28,Yuba,115,75493,6211,6207,135,6342,51
2021-06-27,Alameda,1,1643700,89542,89611,2092,91703,1259
2021-06-27,Alpine,3,1148,89,89,0,89,0
2021-06-27,Amador,5,37829,3762,3752,35,3787,46
2021-06-27,Butte,7,227075,12731,12696,1958,14654,198
2021-06-27,Calaveras,9,45235,2206,2203,15,2218,55
2021-06-27,Colusa,11,21464,1963,1974,329,2303,15
2021-06-27,Contra Costa,13,1133247,71048,70762,1389,72151,816
2021-06-27,Del Norte,15,27424,1438,1436,9,1445,8
2021-06-27,El Dorado,17,186661,10427,10418,802,11220,115
2021-06-27,Fresno,19,978130,102736,103110,9084,112194,1727
2021-06-27,Glenn,21,27897,2436,2439,587,3026,20
2021-06-27,Humboldt,23,135768,4524,4513,45,4558,49
2021-06-27,Imperial,25,180216,28697,28987,2932,31919,741
2021-06-27,Inyo,27,18085,1412,1407,4,1411,35
2021-06-27,Kern,29,883053,97382,97249,11619,108868,1348
2021-06-27,Kings,31,150075,23084,23132,1210,24342,246
2021-06-27,Lake,33,64148,3615,3581,13,3594,56
2021-06-27,Lassen,35,31185,5269,5265,123,5388,20
2021-06-27,Los Angeles,37,10098052,1208706,1207461,44278,1251739,24493
2021-06-27,Madera,39,155013,16720,16680,969,17649,240
2021-06-27,Marin,41,260295,14175,14182,273,14455,232
2021-06-27,Mariposa,43,17540,441,440,11,451,5
2021-06-27,Mendocino,45,87422,4180,4100,77,4177,49
2021-06-27,Merced,47,269075,31285,31266,1005,32271,469
2021-06-27,Modoc,49,8938,413,411,146,557,3
2021-06-27,Mono,51,14174,1254,1279,13,1292,3
2021-06-27,Monterey,53,433212,43187,43199,1936,45135,462
2021-06-27,Napa,55,140530,10039,10046,36,10082,81
2021-06-27,Nevada,57,99092,4972,4946,201,5147,72
2021-06-27,Orange,59,3164182,255904,255710,11893,267603,5123
2021-06-27,Placer,61,380077,23783,23731,1619,25350,299
2021-06-27,Plumas,63,18699,720,704,13,717,4
2021-06-27,Riverside,65,2383286,292734,292641,14882,307523,4507
2021-06-27,Sacramento,67,1510023,108322,108279,1916,110195,1675
2021-06-27,San Benito,69,59416,6106,6101,119,6220,63
2021-06-27,San Bernardino,71,2135413,294065,294115,9144,303259,4927
2021-06-27,San Diego,73,3302833,282879,282359,0,282359,3780
2021-06-27,San Francisco,75,870044,37108,37360,1411,38771,559
2021-06-27,San Joaquin,77,732212,73947,73960,3831,77791,1411
2021-06-27,San Luis Obispo,79,281455,21352,21340,795,22135,256
2021-06-27,San Mateo,81,765935,42774,42925,502,43427,539
2021-06-27,Santa Barbara,83,443738,34642,34533,1255,35788,455
2021-06-27,Santa Clara,85,1922200,119015,120352,812,121164,2103
2021-06-27,Santa Cruz,87,273765,16265,16241,877,17118,208
2021-06-27,Shasta,89,179085,12590,12640,1703,14343,203
2021-06-27,Sierra,91,2930,61,58,14,72,0
2021-06-27,Siskiyou,93,43540,1947,1896,394,2290,29
2021-06-27,Solano,95,438530,33486,33516,582,34098,267
2021-06-27,Sonoma,97,501317,31027,31129,376,31505,315
2021-06-27,Stanislaus,99,539301,57037,57021,6269,63290,1018
2021-06-27,Sutter,101,95872,9637,9678,95,9773,114
2021-06-27,Tehama,103,63373,5116,5122,619,5741,63
2021-06-27,Trinity,105,12862,373,341,70,411,3
2021-06-27,Tulare,107,460477,49804,49749,9670,59419,850
2021-06-27,Tuolumne,109,53932,4123,4121,38,4159,64
2021-06-27,Ventura,111,848112,81484,81361,3150,84511,1032
2021-06-27,Yolo,113,214977,14198,14194,370,14564,213
2021-06-27,Yuba,115,75493,6205,6205,135,6340,51
2021-06-26,Alameda,1,1643700,89485,89560,2091,91651,1259
2021-06-26,Alpine,3,1148,89,89,0,89,0
2021-06-26,Amador,5,37829,3762,3748,35,3783,46
2021-06-26,Butte,7,227075,12727,12693,1955,14648,198
2021-06-26,Calaveras,9,45235,2204,2202,15,2217,55
2021-06-26,Colusa,11,21464,1963,1973,329,2302,15
2021-06-26,Contra Costa,13,1133247,71005,70712,1388,72100,816
2021-06-26,Del Norte,15,27424,1437,1432,9,1441,8
2021-06-26,El Dorado,17,186661,10419,10414,801,11215,115
2021-06-26,Fresno,19,978130,102716,103091,9082,112173,1727
2021-06-26,Glenn,21,27897,2434,2441,587,3028,20
2021-06-26,Humboldt,23,135768,4521,4509,45,4554,49
2021-06-26,Imperial,25,180216,28693,28970,2932,31902,741
2021-06-26,Inyo,27,18085,1412,1407,4,1411,35
2021-06-26,Kern,29,883053,97356,97239,11610,108849,1348
2021-06-26,Kings,31,150075,23080,23128,1209,24337,246
2021-06-26,Lake,33,64148,3605,3576,13,3589,56
2021-06-26,Lassen,35,31185,5266,5263,123,5386,20
2021-06-26,Los Angeles,37,10098052,1208404,1207198,44242,1251440,24490
2021-06-26,Madera,39,155013,16713,16679,968,17647,240
2021-06-26,Marin,41,260295,14166,14180,273,14453,232
2021-06-26,Mariposa,43,17540,441,440,11,451,5
2021-06-26,Mendocino,45,87422,4178,4096,77,4173,49
2021-06-26,Merced,47,269075,31279,31259,1004,32263,469
2021-06-26,Modoc,49,8938,413,411,146,557,3
2021-06-26,Mono,51,14174,1254,1279,13,1292,3
2021-06-26,Monterey,53,433212,43184,43192,1936,45128,462
2021-06-26,Napa,55,140530,10033,10043,36,10079,81
2021-06-26,Nevada,57,99092,4967,4939,201,5140,72
2021-06-26,Orange,59,3164182,255828,255640,11886,267526,5123
2021-06-26,Placer,61,380077,23769,23702,1617,25319,299
2021-06-26,Plumas,63,18699,720,704,13,717,4
2021-06-26,Riverside,65,2383286,292677,292480,14876,307356,4505
2021-06-26,Sacramento,67,1510023,108253,108179,1914,110093,1675
2021-06-26,San Benito,69,59416,6102,6100,119,6219,63
2021-06-26,San Bernardino,71,2135413,293972,294034,9139,303173,4928
2021-06-26,San Diego,73,3302833,282794,282263,0,282263,3780
2021-06-26,San Francisco,75,870044,37076,37348,1410,38758,559
2021-06-26,San Joaquin,77,732212,73918,73928,3830,77758,1411
2021-06-26,San Luis Obispo,79,281455,21351,21330,794,22124,256
2021-06-26,San Mateo,81,765935,42753,42898,502,43400,539
2021-06-26,Santa Barbara,83,443738,34633,34525,1255,35780,455
2021-06-26,Santa Clara,85,1922200,118982,120321,812,121133,2103
2021-06-26,Santa Cruz,87,273765,16262,16239,877,17116,208
2021-06-26,Shasta,89,179085,12586,12635,1699,14334,203
2021-06-26,Sierra,91,2930,61,58,14,72,0
2021-06-26,Siskiyou,93,43540,1946,1896,393,2289,29
2021-06-26,Solano,95,438530,33468,33489,580,34069,267
2021-06-26,Sonoma,97,501317,30999,31088,376,31464,315
2021-06-26,Stanislaus,99,539301,57016,57006,6267,63273,1018
2021-06-26,Sutter,101,95872,9636,9669,95,9764,114
2021-06-26,Tehama,103,63373,5116,5119,619,5738,63
2021-06-26,Trinity,105,12862,373,341,70,411,3
2021-06-26,Tulare,107,460477,49798,49745,9670,59415,850
2021-06-26,Tuolumne,109,53932,4123,4121,38,4159,64
2021-06-26,Ventura,111,848112,81460,81352,3149,84501,1032
2021-06-26,Yolo,113,214977,14189,14184,370,14554,213
2021-06-26,Yuba,115,75493,6202,6200,135,6335,51
2021-06-25,Alameda,1,1643700,89419,89453,2088,91541,1271
2021-06-25,Alpine,3,1148,89,89,0,89,0
2021-06-25,Amador,5,37829,3761,3746,35,3781,46
2021-06-25,Butte,7,227075,12722,12682,1952,14634,198
2021-06-25,Calaveras,9,45235,2203,2201,15,2216,55
2021-06-25,Colusa,11,21464,1963,1972,329,2301,15
2021-06-25,Contra Costa,13,1133247,70969,70659,1388,72047,815
2021-06-25,Del Norte,15,27424,1437,1426,9,1435,8
2021-06-25,El Dorado,17,186661,10411,10406,798,11204,115
2021-06-25,Fresno,19,978130,102699,103073,9078,112151,1727
2021-06-25,Glenn,21,27897,2434,2441,587,3028,20
2021-06-25,Humboldt,23,135768,4515,4503,43,4546,49
2021-06-25,Imperial,25,180216,28690,28968,2932,31900,740
2021-06-25,Inyo,27,18085,1411,1406,4,1410,35
2021-06-25,Kern,29,883053,97337,97182,11606,108788,1347
2021-06-25,Kings,31,150075,23074,23118,1209,24327,246
2021-06-25,Lake,33,64148,3599,3571,13,3584,56
2021-06-25,Lassen,35,31185,5265,5259,123,5382,20
2021-06-25,Los Angeles,37,10098052,1208128,1206909,44224,1251133,24483
2021-06-25,Madera,39,155013,16710,16670,968,17638,240
2021-06-25,Marin,41,260295,14163,14179,273,14452,232
2021-06-25,Mariposa,43,17540,441,440,11,451,5
2021-06-25,Mendocino,45,87422,4175,4089,77,4166,49
2021-06-25,Merced,47,269075,31271,31256,1004,32260,467
2021-06-25,Modoc,49,8938,413,411,146,557,3
2021-06-25,Mono,51,14174,1254,1279,13,1292,3
2021-06-25,Monterey,53,433212,43179,43184,1935,45119,462
2021-06-25,Napa,55,140530,10028,10037,36,10073,81
2021-06-25,Nevada,57,99092,4964,4932,201,5133,72
2021-06-25,Orange,59,3164182,255758,255574,11883,267457,5119
2021-06-25,Placer,61,380077,23750,23672,1616,25288,299
2021-06-25,Plumas,63,18699,720,702,12,714,4
2021-06-25,Riverside,65,2383286,292610,291663,14870,306533,4490
2021-06-25,Sacramento,67,1510023,108179,108034,1911,109945,1673
2021-06-25,San Benito,69,59416,6098,6098,119,6217,63
2021-06-25,San Bernardino,71,2135413,293917,293941,9137,303078,4911
2021-06-25,San Diego,73,3302833,282734,282157,0,282157,3779
2021-06-25,San Francisco,75,870044,37053,37338,1409,38747,559
2021-06-25,San Joaquin,77,732212,73885,73860,3828,77688,1410
2021-06-25,San Luis Obispo,79,281455,21348,21325,793,22118,256
2021-06-25,San Mateo,81,765935,42735,42849,502,43351,537
2021-06-25,Santa Barbara,83,443738,34625,34518,1254,35772,454
2021-06-25,Santa Clara,85,1922200,118962,120272,812,121084,2103
2021-06-25,Santa Cruz,87,273765,16259,16230,875,17105,208
2021-06-25,Shasta,89,179085,12576,12633,1698,14331,202
2021-06-25,Sierra,91,2930,61,58,14,72,0
2021-06-25,Siskiyou,93,43540,1945,1894,393,2287,29
2021-06-25,Solano,95,438530,33448,33449,580,34029,267
2021-06-25,Sonoma,97,501317,30976,31043,376,31419,314
2021-06-25,Stanislaus,99,539301,56997,56973,6260,63233,1018
2021-06-25,Sutter,101,95872,9629,9664,95,9759,114
2021-06-25,Tehama,103,63373,5115,5119,619,5738,63
2021-06-25,Trinity,105,12862,373,338,70,408,3
2021-06-25,Tulare,107,460477,49792,49731,9666,59397,850
2021-06-25,Tuolumne,109,53932,4122,4121,38,4159,64
2021-06-25,Ventura,111,848112,81431,81342,3143,84485,1032
2021-06-25,Yolo,113,214977,14183,14172,370,14542,213
2021-06-25,Yuba,115,75493,6198,6195,135,6330,51
2021-06-24,Alameda,1,1643700,89346,89358,2084,91442,1268
2021-06-24,Alpine,3,1148,89,89,0,89,0
2021-06-24,Amador,5,37829,3757,3745,35,3780,46
2021-06-24,Butte,7,227075,12716,12673,1950,14623,198
2021-06-24,Calaveras,9,45235,2199,2202,15,2217,55
2021-06-24,Colusa,11,21464,1962,1972,329,2301,15
2021-06-24,Contra Costa,13,1133247,70910,70590,1388,71978,813
2021-06-24,Del Norte,15,27424,1436,1421,9,1430,8
2021-06-24,El Dorado,17,186661,10404,10402,798,11200,115
2021-06-24,Fresno,19,978130,102680,103061,9075,112136,1727
2021-06-24,Glenn,21,27897,2433,2439,587,3026,20
2021-06-24,Humboldt,23,135768,4510,4493,43,4536,49
2021-06-24,Imperial,25,180216,28687,28981,2932,31913,740
2021-06-24,Inyo,27,18085,1410,1406,4,1410,35
2021-06-24,Kern,29,883053,97318,97129,11593,108722,1346
2021-06-24,Kings,31,150075,23070,23114,1207,24321,246
2021-06-24,Lake,33,64148,3593,3571,13,3584,56
2021-06-24,Lassen,35,31185,5264,5258,123,5381,20
2021-06-24,Los Angeles,37,10098052,1207805,1206590,44200,1250790,24480
2021-06-24,Madera,39,155013,16699,16662,968,17630,240
2021-06-24,Marin,41,260295,14159,14180,273,14453,232
2021-06-24,Mariposa,43,17540,441,440,11,451,5
2021-06-24,Mendocino,45,87422,4167,4085,77,4162,49
2021-06-24,Merced,47,269075,31260,31248,1004,32252,466
2021-06-24,Modoc,49,8938,413,411,146,557,3
2021-06-24,Mono,51,14174,1254,1276,13,1289,3
2021-06-24,Monterey,53,433212,43172,43180,1935,45115,451
2021-06-24,Napa,55,140530,10026,10036,36,10072,80
2021-06-24,Nevada,57,99092,4962,4927,201,5128,72
2021-06-24,Orange,59,3164182,255694,255520,11875,267395,5117
2021-06-24,Placer,61,380077,23725,23659,1614,25273,299
2021-06-24,Plumas,63,18699,719,702,12,714,4
2021-06-24,Riverside,65,2383286,292530,291067,14859,305926,4473
2021-06-24,Sacramento,67,1510023,108091,107965,1909,109874,1672
2021-06-24,San Benito,69,59416,6095,6098,119,6217,63
2021-06-24,San Bernardino,71,2135413,293848,293895,9132,303027,4898
2021-06-24,San Diego,73,3302833,282629,282053,0,282053,3778
2021-06-24,San Francisco,75,870044,37031,37320,1407,38727,559
2021-06-24,San Joaquin,77,732212,73837,73814,3828,77642,1408
2021-06-24,San Luis Obispo,79,281455,21342,21326,793,22119,256
2021-06-24,San Mateo,81,765935,42709,42814,501,43315,542
2021-06-24,Santa Barbara,83,443738,34619,34512,1253,35765,454
2021-06-24,Santa Clara,85,1922200,118932,120274,811,121085,2103
2021-06-24,Santa Cruz,87,273765,16258,16227,875,17102,208
2021-06-24,Shasta,89,179085,12571,12629,1694,14323,202
2021-06-24,Sierra,91,2930,61,58,14,72,0
2021-06-24,Siskiyou,93,43540,1945,1892,393,2285,28
2021-06-24,Solano,95,438530,33426,33432,578,34010,267
2021-06-24,Sonoma,97,501317,30947,31020,376,31396,314
2021-06-24,Stanislaus,99,539301,56966,56946,6259,63205,1018
2021-06-24,Sutter,101,95872,9622,9660,95,9755,113
2021-06-24,Tehama,103,63373,5112,5115,619,5734,63
2021-06-24,Trinity,105,12862,372,338,70,408,3
2021-06-24,Tulare,107,460477,49782,49730,9663,59393,850
2021-06-24,Tuolumne,109,53932,4120,4120,38,4158,64
2021-06-24,Ventura,111,848112,81403,81332,3142,84474,1032
2021-06-24,Yolo,113,214977,14175,14169,366,14535,213
2021-06-24,Yuba,115,75493,6193,6195,135,6330,51
2021-06-23,Alameda,1,1643700,89274,89338,2083,91421,1266
2021-06-23,Alpine,3,1148,89,88,0,88,0
2021-06-23,Amador,5,37829,3755,3743,35,3778,46
2021-06-23,Butte,7,227075,12709,12666,1950,14616,198
2021-06-23,Calaveras,9,45235,2198,2199,15,2214,55
2021-06-23,Colusa,11,21464,1961,1972,329,2301,15
2021-06-23,Contra Costa,13,1133247,70845,70526,1387,71913,813
2021-06-23,Del Norte,15,27424,1432,1418,9,1427,8
2021-06-23,El Dorado,17,186661,10395,10395,795,11190,115
2021-06-23,Fresno,19,978130,102650,103020,9073,112093,1724
2021-06-23,Glenn,21,27897,2433,2437,586,3023,20
2021-06-23,Humboldt,23,135768,4501,4490,43,4533,48
2021-06-23,Imperial,25,180216,28680,28908,2932,31840,740
2021-06-23,Inyo,27,18085,1410,1406,4,1410,35
2021-06-23,Kern,29,883053,97291,97078,11580,108658,1345
2021-06-23,Kings,31,150075,23063,23105,1205,24310,245
2021-06-23,Lake,33,64148,3584,3566,13,3579,53
2021-06-23,Lassen,35,31185,5261,5257,123,5380,20
2021-06-23,Los Angeles,37,10098052,1207469,1206358,44189,1250547,24472
2021-06-23,Madera,39,155013,16694,16660,968,17628,240
2021-06-23,Marin,41,260295,14153,14177,273,14450,230
2021-06-23,Mariposa,43,17540,441,439,11,450,5
2021-06-23,Mendocino,45,87422,4163,4078,77,4155,49
2021-06-23,Merced,47,269075,31251,31260,1004,32264,465
2021-06-23,Modoc,49,8938,411,407,146,553,3
2021-06-23,Mono,51,14174,1254,1279,13,1292,3
2021-06-23,Monterey,53,433212,43163,43166,1935,45101,439
2021-06-23,Napa,55,140530,10017,10032,36,10068,80
2021-06-23,Nevada,57,99092,4959,4924,201,5125,72
2021-06-23,Orange,59,3164182,255629,255479,11867,267346,5116
2021-06-23,Placer,61,380077,23697,23630,1607,25237,299
2021-06-23,Plumas,63,18699,718,701,12,713,4
2021-06-23,Riverside,65,2383286,292447,290343,14857,305200,4462
2021-06-23,Sacramento,67,1510023,107997,107868,1904,109772,1671
2021-06-23,San Benito,69,59416,6091,6097,119,6216,63
2021-06-23,San Bernardino,71,2135413,293771,293816,9127,302943,4886
2021-06-23,San Diego,73,3302833,282529,281937,0,281937,3777
2021-06-23,San Francisco,75,870044,37007,37304,1406,38710,559
2021-06-23,San Joaquin,77,732212,73798,73764,3826,77590,1405
2021-06-23,San Luis Obispo,79,281455,21338,21323,792,22115,257
2021-06-23,San Mateo,81,765935,42693,42756,500,43256,542
2021-06-23,Santa Barbara,83,443738,34609,34505,1253,35758,454
2021-06-23,Santa Clara,85,1922200,118903,120233,811,121044,2098
2021-06-23,Santa Cruz,87,273765,16254,16215,875,17090,209
2021-06-23,Shasta,89,179085,12564,12604,1692,14296,202
2021-06-23,Sierra,91,2930,61,57,14,71,0
2021-06-23,Siskiyou,93,43540,1943,1892,393,2285,28
2021-06-23,Solano,95,438530,33382,33408,578,33986,267
2021-06-23,Sonoma,97,501317,30907,30959,374,31333,314
2021-06-23,Stanislaus,99,539301,56933,56926,6258,63184,1017
2021-06-23,Sutter,101,95872,9616,9653,95,9748,113
2021-06-23,Tehama,103,63373,5112,5119,618,5737,63
2021-06-23,Trinity,105,12862,372,338,70,408,3
2021-06-23,Tulare,107,460477,49776,49711,9658,59369,850
2021-06-23,Tuolumne,109,53932,4117,4120,38,4158,64
2021-06-23,Ventura,111,848112,81380,81312,3139,84451,1032
2021-06-23,Yolo,113,214977,14165,14161,366,14527,212
2021-06-23,Yuba,115,75493,6190,6190,135,6325,51
2021-06-22,Alameda,1,1643700,89206,89308,2083,91391,1263
2021-06-22,Alpine,3,1148,89,88,0,88,0
2021-06-22,Amador,5,37829,3752,3743,35,3778,46
2021-06-22,Butte,7,227075,12705,12662,1948,14610,198
2021-06-22,Calaveras,9,45235,2197,2198,15,2213,55
2021-06-22,Colusa,11,21464,1960,1971,329,2300,15
2021-06-22,Contra Costa,13,1133247,70789,70480,1386,71866,813
2021-06-22,Del Norte,15,27424,1429,1417,9,1426,8
2021-06-22,El Dorado,17,186661,10390,10380,794,11174,113
2021-06-22,Fresno,19,978130,102631,102996,9069,112065,1724
2021-06-22,Glenn,21,27897,2432,2435,584,3019,19
2021-06-22,Humboldt,23,135768,4491,4483,43,4526,42
2021-06-22,Imperial,25,180216,28675,28880,2932,31812,740
2021-06-22,Inyo,27,18085,1410,1405,4,1409,35
2021-06-22,Kern,29,883053,97277,97013,11576,108589,1342
2021-06-22,Kings,31,150075,23055,23098,1204,24302,245
2021-06-22,Lake,33,64148,3582,3564,13,3577,45
2021-06-22,Lassen,35,31185,5256,5254,123,5377,20
2021-06-22,Los Angeles,37,10098052,1207157,1206146,44177,1250323,24461
2021-06-22,Madera,39,155013,16689,16652,968,17620,240
2021-06-22,Marin,41,260295,14151,14174,273,14447,230
2021-06-22,Mariposa,43,17540,441,439,11,450,5
2021-06-22,Mendocino,45,87422,4157,4072,77,4149,49
2021-06-22,Merced,47,269075,31240,31267,1004,32271,464
2021-06-22,Modoc,49,8938,410,405,145,550,3
2021-06-22,Mono,51,14174,1254,1277,13,1290,3
2021-06-22,Monterey,53,433212,43160,43162,1934,45096,427
2021-06-22,Napa,55,140530,10012,10029,36,10065,80
2021-06-22,Nevada,57,99092,4953,4923,201,5124,72
2021-06-22,Orange,59,3164182,255562,255452,11856,267308,5114
2021-06-22,Placer,61,380077,23676,23603,1607,25210,299
2021-06-22,Plumas,63,18699,718,697,12,709,4
2021-06-22,Riverside,65,2383286,292386,289839,14853,304692,4456
2021-06-22,Sacramento,67,1510023,107896,107801,1899,109700,1670
2021-06-22,San Benito,69,59416,6090,6098,119,6217,63
2021-06-22,San Bernardino,71,2135413,293692,293770,9121,302891,4873
2021-06-22,San Diego,73,3302833,282425,281867,0,281867,3771
2021-06-22,San Francisco,75,870044,36993,37287,1406,38693,556
2021-06-22,San Joaquin,77,732212,73768,73723,3825,77548,1405
2021-06-22,San Luis Obispo,79,281455,21335,21321,791,22112,257
2021-06-22,San Mateo,81,765935,42680,42725,494,43219,542
2021-06-22,Santa Barbara,83,443738,34598,34500,1252,35752,454
2021-06-22,Santa Clara,85,1922200,118871,120194,811,121005,2095
2021-06-22,Santa Cruz,87,273765,16249,16218,875,17093,209
2021-06-22,Shasta,89,179085,12554,12616,1688,14304,202
2021-06-22,Sierra,91,2930,60,57,14,71,0
2021-06-22,Siskiyou,93,43540,1943,1892,393,2285,28
2021-06-22,Solano,95,438530,33364,33397,577,33974,267
2021-06-22,Sonoma,97,501317,30867,30933,374,31307,314
2021-06-22,Stanislaus,99,539301,56913,56915,6256,63171,1017
2021-06-22,Sutter,101,95872,9609,9649,95,9744,113
2021-06-22,Tehama,103,63373,5110,5118,617,5735,63
2021-06-22,Trinity,105,12862,370,337,70,407,3
2021-06-22,Tulare,107,460477,49768,49706,9653,59359,850
2021-06-22,Tuolumne,109,53932,4115,4119,38,4157,64
2021-06-22,Ventura,111,848112,81366,81300,3138,84438,1032
2021-06-22,Yolo,113,214977,14160,14157,364,14521,212
2021-06-22,Yuba,115,75493,6186,6181,135,6316,51
2021-06-21,Alameda,1,1643700,89145,89281,2082,91363,1262
2021-06-21,Alpine,3,1148,89,88,0,88,0
2021-06-21,Amador,5,37829,3746,3742,35,3777,46
2021-06-21,Butte,7,227075,12699,12668,1946,14614,195
2021-06-21,Calaveras,9,45235,2196,2194,15,2209,55
2021-06-21,Colusa,11,21464,1959,1970,328,2298,15
2021-06-21,Contra Costa,13,1133247,70719,70439,1384,71823,813
2021-06-21,Del Norte,15,27424,1425,1416,9,1425,8
2021-06-21,El Dorado,17,186661,10384,10375,793,11168,113
2021-06-21,Fresno,19,978130,102612,102971,9066,112037,1724
2021-06-21,Glenn,21,27897,2431,2433,584,3017,19
2021-06-21,Humboldt,23,135768,4482,4478,42,4520,42
2021-06-21,Imperial,25,180216,28671,28855,2932,31787,740
2021-06-21,Inyo,27,18085,1409,1405,4,1409,35
2021-06-21,Kern,29,883053,97248,96995,11567,108562,1342
2021-06-21,Kings,31,150075,23048,23091,1201,24292,245
2021-06-21,Lake,33,64148,3576,3563,13,3576,45
2021-06-21,Lassen,35,31185,5254,5233,123,5356,19
2021-06-21,Los Angeles,37,10098052,1206870,1205994,44152,1250146,24459
2021-06-21,Madera,39,155013,16680,16647,967,17614,240
2021-06-21,Marin,41,260295,14147,14173,273,14446,230
2021-06-21,Mariposa,43,17540,441,439,11,450,5
2021-06-21,Mendocino,45,87422,4154,4085,77,4162,49
2021-06-21,Merced,47,269075,31230,31264,1003,32267,465
2021-06-21,Modoc,49,8938,410,405,145,550,3
2021-06-21,Mono,51,14174,1254,1277,13,1290,3
2021-06-21,Monterey,53,433212,43157,43157,1934,45091,427
2021-06-21,Napa,55,140530,10008,10028,36,10064,80
2021-06-21,Nevada,57,99092,4949,4921,201,5122,72
2021-06-21,Orange,59,3164182,255492,255400,11848,267248,5113
2021-06-21,Placer,61,380077,23651,23577,1607,25184,298
2021-06-21,Plumas,63,18699,716,697,12,709,4
2021-06-21,Riverside,65,2383286,292312,289797,14848,304645,4456
2021-06-21,Sacramento,67,1510023,107785,107757,1898,109655,1669
2021-06-21,San Benito,69,59416,6086,6098,119,6217,63
2021-06-21,San Bernardino,71,2135413,293604,293736,9116,302852,4850
2021-06-21,San Diego,73,3302833,282319,281811,0,281811,3771
2021-06-21,San Francisco,75,870044,36977,37275,1405,38680,556
2021-06-21,San Joaquin,77,732212,73727,73687,3824,77511,1405
2021-06-21,San Luis Obispo,79,281455,21326,21316,791,22107,257
2021-06-21,San Mateo,81,765935,42662,42685,493,43178,542
2021-06-21,Santa Barbara,83,443738,34593,34492,1252,35744,455
2021-06-21,Santa Clara,85,1922200,118838,120192,810,121002,2093
2021-06-21,Santa Cruz,87,273765,16247,16212,875,17087,208
2021-06-21,Shasta,89,179085,12541,12617,1685,14302,201
2021-06-21,Sierra,91,2930,60,57,14,71,0
2021-06-21,Siskiyou,93,43540,1943,1892,393,2285,27
2021-06-21,Solano,95,438530,33341,33383,575,33958,266
2021-06-21,Sonoma,97,501317,30846,30912,374,31286,314
2021-06-21,Stanislaus,99,539301,56883,56891,6251,63142,1017
2021-06-21,Sutter,101,95872,9608,9649,95,9744,113
2021-06-21,Tehama,103,63373,5110,5115,616,5731,63
2021-06-21,Trinity,105,12862,370,337,70,407,3
2021-06-21,Tulare,107,460477,49760,49689,9646,59335,849
2021-06-21,Tuolumne,109,53932,4111,4119,38,4157,63
2021-06-21,Ventura,111,848112,81338,81291,3134,84425,1031
2021-06-21,Yolo,113,214977,14154,14165,364,14529,212
2021-06-21,Yuba,115,75493,6185,6172,135,6307,51
2021-06-20,Alameda,1,1643700,89082,89255,2082,91337,1263
2021-06-20,Alpine,3,1148,89,88,0,88,0
2021-06-20,Amador,5,37829,3743,3740,35,3775,46
2021-06-20,Butte,7,227075,12692,12668,1945,14613,194
2021-06-20,Calaveras,9,45235,2194,2193,15,2208,55
2021-06-20,Colusa,11,21464,1959,1970,328,2298,15
2021-06-20,Contra Costa,13,1133247,70662,70401,1382,71783,813
2021-06-20,Del Norte,15,27424,1421,1416,9,1425,8
2021-06-20,El Dorado,17,186661,10370,10372,791,11163,113
2021-06-20,Fresno,19,978130,102572,102947,9062,112009,1724
2021-06-20,Glenn,21,27897,2431,2434,584,3018,19
2021-06-20,Humboldt,23,135768,4476,4472,42,4514,42
2021-06-20,Imperial,25,180216,28662,28855,2932,31787,740
2021-06-20,Inyo,27,18085,1408,1405,4,1409,35
2021-06-20,Kern,29,883053,97227,96985,11556,108541,1342
2021-06-20,Kings,31,150075,23043,23088,1199,24287,245
2021-06-20,Lake,33,64148,3574,3563,13,3576,45
2021-06-20,Lassen,35,31185,5251,5230,123,5353,19
2021-06-20,Los Angeles,37,10098052,1206574,1205874,44142,1250016,24456
2021-06-20,Madera,39,155013,16672,16638,965,17603,240
2021-06-20,Marin,41,260295,14144,14166,273,14439,230
2021-06-20,Mariposa,43,17540,439,439,11,450,5
2021-06-20,Mendocino,45,87422,4147,4080,77,4157,49
2021-06-20,Merced,47,269075,31217,31265,1003,32268,465
2021-06-20,Modoc,49,8938,410,405,145,550,3
2021-06-20,Mono,51,14174,1254,1275,13,1288,3
2021-06-20,Monterey,53,433212,43148,43156,1933,45089,427
2021-06-20,Napa,55,140530,10001,10026,35,10061,80
2021-06-20,Nevada,57,99092,4942,4919,201,5120,72
2021-06-20,Orange,59,3164182,255430,255377,11837,267214,5113
2021-06-20,Placer,61,380077,23618,23562,1603,25165,298
2021-06-20,Plumas,63,18699,715,697,12,709,4
2021-06-20,Riverside,65,2383286,292237,289770,14838,304608,4456
2021-06-20,Sacramento,67,1510023,107677,107700,1895,109595,1669
2021-06-20,San Benito,69,59416,6086,6098,119,6217,63
2021-06-20,San Bernardino,71,2135413,293506,293713,9112,302825,4845
2021-06-20,San Diego,73,3302833,282213,281750,0,281750,3771
2021-06-20,San Francisco,75,870044,36956,37269,1405,38674,556
2021-06-20,San Joaquin,77,732212,73684,73676,3816,77492,1405
2021-06-20,San Luis Obispo,79,281455,21324,21313,791,22104,257
2021-06-20,San Mateo,81,765935,42634,42681,493,43174,542
2021-06-20,Santa Barbara,83,443738,34584,34487,1252,35739,455
2021-06-20,Santa Clara,85,1922200,118803,120163,810,120973,2093
2021-06-20,Santa Cruz,87,273765,16240,16210,875,17085,208
2021-06-20,Shasta,89,179085,12536,12617,1683,14300,201
2021-06-20,Sierra,91,2930,60,57,14,71,0
2021-06-20,Siskiyou,93,43540,1942,1891,393,2284,27
2021-06-20,Solano,95,438530,33319,33361,573,33934,266
2021-06-20,Sonoma,97,501317,30800,30884,370,31254,314
2021-06-20,Stanislaus,99,539301,56848,56868,6250,63118,1017
2021-06-20,Sutter,101,95872,9605,9645,95,9740,113
2021-06-20,Tehama,103,63373,5106,5115,616,5731,63
2021-06-20,Trinity,105,12862,370,337,70,407,3
2021-06-20,Tulare,107,460477,49751,49685,9644,59329,849
2021-06-20,Tuolumne,109,53932,4108,4117,38,4155,63
2021-06-20,Ventura,111,848112,81322,81282,3132,84414,1031
2021-06-20,Yolo,113,214977,14147,14160,364,14524,212
2021-06-20,Yuba,115,75493,6178,6167,135,6302,51
2021-06-19,Alameda,1,1643700,89049,89202,2082,91284,1263
2021-06-19,Alpine,3,1148,89,88,0,88,0
2021-06-19,Amador,5,37829,3741,3739,35,3774,46
2021-06-19,Butte,7,227075,12688,12659,1945,14604,194
2021-06-19,Calaveras,9,45235,2194,2192,15,2207,55
2021-06-19,Colusa,11,21464,1959,1969,328,2297,15
2021-06-19,Contra Costa,13,1133247,70628,70334,1381,71715,813
2021-06-19,Del Norte,15,27424,1420,1416,9,1425,8
2021-06-19,El Dorado,17,186661,10369,10363,790,11153,113
2021-06-19,Fresno,19,978130,102559,102922,9059,111981,1724
2021-06-19,Glenn,21,27897,2430,2434,583,3017,19
2021-06-19,Humboldt,23,135768,4465,4463,42,4505,42
2021-06-19,Imperial,25,180216,28661,28813,2932,31745,740
2021-06-19,Inyo,27,18085,1408,1405,4,1409,35
2021-06-19,Kern,29,883053,97211,96966,11552,108518,1342
2021-06-19,Kings,31,150075,23040,23086,1199,24285,245
2021-06-19,Lake,33,64148,3570,3563,13,3576,45
2021-06-19,Lassen,35,31185,5250,5225,123,5348,19
2021-06-19,Los Angeles,37,10098052,1206377,1205602,44127,1249729,24454
2021-06-19,Madera,39,155013,16670,16632,965,17597,240
2021-06-19,Marin,41,260295,14136,14152,273,14425,230
2021-06-19,Mariposa,43,17540,439,439,11,450,5
2021-06-19,Mendocino,45,87422,4141,4077,77,4154,49
2021-06-19,Merced,47,269075,31215,31256,1003,32259,465
2021-06-19,Modoc,49,8938,409,402,145,547,3
2021-06-19,Mono,51,14174,1254,1275,13,1288,3
2021-06-19,Monterey,53,433212,43142,43153,1933,45086,427
2021-06-19,Napa,55,140530,9997,10025,35,10060,80
2021-06-19,Nevada,57,99092,4937,4910,201,5111,72
2021-06-19,Orange,59,3164182,255385,255329,11833,267162,5112
2021-06-19,Placer,61,380077,23601,23537,1600,25137,298
2021-06-19,Plumas,63,18699,714,697,12,709,4
2021-06-19,Riverside,65,2383286,292191,289720,14838,304558,4456
2021-06-19,Sacramento,67,1510023,107634,107631,1892,109523,1669
2021-06-19,San Benito,69,59416,6085,6098,119,6217,63
2021-06-19,San Bernardino,71,2135413,293463,293673,9109,302782,4844
2021-06-19,San Diego,73,3302833,282153,281682,0,281682,3771
2021-06-19,San Francisco,75,870044,36944,37256,1404,38660,556
2021-06-19,San Joaquin,77,732212,73668,73652,3812,77464,1405
2021-06-19,San Luis Obispo,79,281455,21322,21308,791,22099,257
2021-06-19,San Mateo,81,765935,42620,42646,491,43137,542
2021-06-19,Santa Barbara,83,443738,34582,34472,1252,35724,455
2021-06-19,Santa Clara,85,1922200,118780,120110,809,120919,2093
2021-06-19,Santa Cruz,87,273765,16236,16206,875,17081,208
2021-06-19,Shasta,89,179085,12534,12615,1682,14297,201
2021-06-19,Sierra,91,2930,60,57,14,71,0
2021-06-19,Siskiyou,93,43540,1942,1891,392,2283,27
2021-06-19,Solano,95,438530,33309,33341,572,33913,266
2021-06-19,Sonoma,97,501317,30759,30841,369,31210,314
2021-06-19,Stanislaus,99,539301,56829,56847,6247,63094,1017
2021-06-19,Sutter,101,95872,9602,9645,95,9740,113
2021-06-19,Tehama,103,63373,5105,5115,616,5731,63
2021-06-19,Trinity,105,12862,370,337,70,407,3
2021-06-19,Tulare,107,460477,49744,49681,9639,59320,849
2021-06-19,Tuolumne,109,53932,4108,4117,38,4155,63
2021-06-19,Ventura,111,848112,81309,81270,3131,84401,1031
2021-06-19,Yolo,113,214977,14143,14156,363,14519,212
2021-06-19,Yuba,115,75493,6177,6157,135,6292,51
2021-06-18,Alameda,1,1643700,89012,89123,2082,91205,1263
2021-06-18,Alpine,3,1148,89,88,0,88,0
2021-06-18,Amador,5,37829,3741,3739,35,3774,46
2021-06-18,Butte,7,227075,12685,12653,1942,14595,194
2021-06-18,Calaveras,9,45235,2194,2191,15,2206,55
2021-06-18,Colusa,11,21464,1958,1969,328,2297,15
2021-06-18,Contra Costa,13,1133247,70586,70271,1379,71650,813
2021-06-18,Del Norte,15,27424,1420,1415,9,1424,8
2021-06-18,El Dorado,17,186661,10367,10348,788,11136,113
2021-06-18,Fresno,19,978130,102543,102894,9057,111951,1722
2021-06-18,Glenn,21,27897,2429,2430,583,3013,19
2021-06-18,Humboldt,23,135768,4457,4450,42,4492,42
2021-06-18,Imperial,25,180216,28659,28809,2932,31741,740
2021-06-18,Inyo,27,18085,1408,1405,4,1409,35
2021-06-18,Kern,29,883053,97200,96948,11546,108494,1341
2021-06-18,Kings,31,150075,23035,23082,1199,24281,245
2021-06-18,Lake,33,64148,3566,3563,13,3576,45
2021-06-18,Lassen,35,31185,5249,5224,123,5347,19
2021-06-18,Los Angeles,37,10098052,1206222,1205472,44109,1249581,24451
2021-06-18,Madera,39,155013,16664,16625,965,17590,241
2021-06-18,Marin,41,260295,14133,14147,273,14420,230
2021-06-18,Mariposa,43,17540,439,439,11,450,5
2021-06-18,Mendocino,45,87422,4136,4068,77,4145,49
2021-06-18,Merced,47,269075,31213,31262,1003,32265,464
2021-06-18,Modoc,49,8938,409,402,145,547,3
2021-06-18,Mono,51,14174,1253,1275,12,1287,3
2021-06-18,Monterey,53,433212,43139,43148,1933,45081,427
2021-06-18,Napa,55,140530,9993,10021,35,10056,80
2021-06-18,Nevada,57,99092,4929,4903,201,5104,72
2021-06-18,Orange,59,3164182,255349,255274,11830,267104,5108
2021-06-18,Placer,61,380077,23592,23500,1597,25097,298
2021-06-18,Plumas,63,18699,714,697,12,709,4
2021-06-18,Riverside,65,2383286,292142,289676,14837,304513,4457
2021-06-18,Sacramento,67,1510023,107586,107570,1892,109462,1669
2021-06-18,San Benito,69,59416,6084,6097,119,6216,63
2021-06-18,San Bernardino,71,2135413,293421,293629,9104,302733,4826
2021-06-18,San Diego,73,3302833,282077,281608,0,281608,3771
2021-06-18,San Francisco,75,870044,36935,37246,1404,38650,556
2021-06-18,San Joaquin,77,732212,73650,73623,3810,77433,1403
2021-06-18,San Luis Obispo,79,281455,21318,21301,790,22091,257
2021-06-18,San Mateo,81,765935,42609,42630,490,43120,542
2021-06-18,Santa Barbara,83,443738,34572,34469,1252,35721,455
2021-06-18,Santa Clara,85,1922200,118759,120081,808,120889,2093
2021-06-18,Santa Cruz,87,273765,16232,16202,875,17077,208
2021-06-18,Shasta,89,179085,12530,12607,1680,14287,201
2021-06-18,Sierra,91,2930,59,57,14,71,0
2021-06-18,Siskiyou,93,43540,1942,1890,392,2282,27
2021-06-18,Solano,95,438530,33295,33323,572,33895,266
2021-06-18,Sonoma,97,501317,30742,30816,367,31183,313
2021-06-18,Stanislaus,99,539301,56814,56803,6245,63048,1012
2021-06-18,Sutter,101,95872,9599,9643,95,9738,113
2021-06-18,Tehama,103,63373,5103,5114,616,5730,63
2021-06-18,Trinity,105,12862,370,337,69,406,3
2021-06-18,Tulare,107,460477,49742,49664,9632,59296,849
2021-06-18,Tuolumne,109,53932,4106,4116,38,4154,63
2021-06-18,Ventura,111,848112,81299,81256,3127,84383,1031
2021-06-18,Yolo,113,214977,14140,14148,361,14509,212
2021-06-18,Yuba,115,75493,6171,6150,135,6285,51
2021-06-17,Alameda,1,1643700,88965,89087,2082,91169,1262
2021-06-17,Alpine,3,1148,89,88,0,88,0
2021-06-17,Amador,5,37829,3739,3731,35,3766,46
2021-06-17,Butte,7,227075,12675,12644,1941,14585,194
2021-06-17,Calaveras,9,45235,2193,2189,15,2204,55
2021-06-17,Colusa,11,21464,1957,1969,328,2297,15
2021-06-17,Contra Costa,13,1133247,70547,70190,1376,71566,810
2021-06-17,Del Norte,15,27424,1418,1413,9,1422,8
2021-06-17,El Dorado,17,186661,10357,10341,788,11129,113
2021-06-17,Fresno,19,978130,102517,102867,9053,111920,1722
2021-06-17,Glenn,21,27897,2429,2430,583,3013,19
2021-06-17,Humboldt,23,135768,4448,4438,42,4480,42
2021-06-17,Imperial,25,180216,28651,28801,2932,31733,741
2021-06-17,Inyo,27,18085,1408,1405,4,1409,35
2021-06-17,Kern,29,883053,97185,96840,11539,108379,1340
2021-06-17,Kings,31,150075,23031,23078,1198,24276,245
2021-06-17,Lake,33,64148,3563,3563,9,3572,45
2021-06-17,Lassen,35,31185,5245,5223,123,5346,19
2021-06-17,Los Angeles,37,10098052,1206012,1205301,44079,1249380,24444
2021-06-17,Madera,39,155013,16659,16618,965,17583,241
2021-06-17,Marin,41,260295,14133,14141,273,14414,229
2021-06-17,Mariposa,43,17540,439,439,11,450,5
2021-06-17,Mendocino,45,87422,4129,4054,77,4131,49
2021-06-17,Merced,47,269075,31208,31262,1003,32265,464
2021-06-17,Modoc,49,8938,408,401,145,546,3
2021-06-17,Mono,51,14174,1252,1275,12,1287,3
2021-06-17,Monterey,53,433212,43132,43140,1933,45073,416
2021-06-17,Napa,55,140530,9993,10014,35,10049,80
2021-06-17,Nevada,57,99092,4925,4898,201,5099,72
2021-06-17,Orange,59,3164182,255305,255240,11818,267058,5109
2021-06-17,Placer,61,380077,23576,23461,1595,25056,298
2021-06-17,Plumas,63,18699,713,697,12,709,4
2021-06-17,Riverside,65,2383286,292089,289627,14834,304461,4458
2021-06-17,Sacramento,67,1510023,107522,107492,1890,109382,1666
2021-06-17,San Benito,69,59416,6084,6097,119,6216,63
2021-06-17,San Bernardino,71,2135413,293384,293560,9104,302664,4811
2021-06-17,San Diego,73,3302833,282000,281531,0,281531,3771
2021-06-17,San Francisco,75,870044,36924,37243,1403,38646,556
2021-06-17,San Joaquin,77,732212,73627,73560,3805,77365,1403
2021-06-17,San Luis Obispo,79,281455,21316,21297,790,22087,257
2021-06-17,San Mateo,81,765935,42602,42615,490,43105,542
2021-06-17,Santa Barbara,83,443738,34566,34466,1252,35718,453
2021-06-17,Santa Clara,85,1922200,118734,120032,807,120839,2093
2021-06-17,Santa Cruz,87,273765,16228,16197,875,17072,208
2021-06-17,Shasta,89,179085,12522,12597,1680,14277,201
2021-06-17,Sierra,91,2930,59,56,14,70,0
2021-06-17,Siskiyou,93,43540,1941,1889,392,2281,27
2021-06-17,Solano,95,438530,33275,33296,570,33866,266
2021-06-17,Sonoma,97,501317,30711,30793,367,31160,323
2021-06-17,Stanislaus,99,539301,56783,56752,6239,62991,1012
2021-06-17,Sutter,101,95872,9596,9629,95,9724,113
2021-06-17,Tehama,103,63373,5102,5112,614,5726,63
2021-06-17,Trinity,105,12862,369,337,69,406,3
2021-06-17,Tulare,107,460477,49737,49649,9624,59273,849
2021-06-17,Tuolumne,109,53932,4105,4116,38,4154,63
2021-06-17,Ventura,111,848112,81290,81248,3124,84372,1030
2021-06-17,Yolo,113,214977,14132,14141,361,14502,212
2021-06-17,Yuba,115,75493,6162,6140,135,6275,51
2021-06-16,Alameda,1,1643700,88914,89045,2078,91123,1265
2021-06-16,Alpine,3,1148,89,88,0,88,0
2021-06-16,Amador,5,37829,3738,3730,35,3765,46
2021-06-16,Butte,7,227075,12673,12635,1939,14574,194
2021-06-16,Calaveras,9,45235,2191,2188,15,2203,55
2021-06-16,Colusa,11,21464,1957,1967,328,2295,15
2021-06-16,Contra Costa,13,1133247,70495,70136,1375,71511,810
2021-06-16,Del Norte,15,27424,1415,1413,9,1422,8
2021-06-16,El Dorado,17,186661,10351,10334,787,11121,113
2021-06-16,Fresno,19,978130,102487,102842,9049,111891,1722
2021-06-16,Glenn,21,27897,2429,2430,583,3013,19
2021-06-16,Humboldt,23,135768,4439,4427,41,4468,42
2021-06-16,Imperial,25,180216,28648,28796,2932,31728,741
2021-06-16,Inyo,27,18085,1407,1405,4,1409,35
2021-06-16,Kern,29,883053,97164,96789,11530,108319,1339
2021-06-16,Kings,31,150075,23030,23072,1197,24269,245
2021-06-16,Lake,33,64148,3563,3562,9,3571,45
2021-06-16,Lassen,35,31185,5242,5216,123,5339,19
2021-06-16,Los Angeles,37,10098052,1205789,1205102,44067,1249169,24439
2021-06-16,Madera,39,155013,16655,16603,965,17568,240
2021-06-16,Marin,41,260295,14131,14137,273,14410,229
2021-06-16,Mariposa,43,17540,439,437,11,448,5
2021-06-16,Mendocino,45,87422,4121,4041,77,4118,49
2021-06-16,Merced,47,269075,31200,31250,1003,32253,463
2021-06-16,Modoc,49,8938,407,383,144,527,3
2021-06-16,Mono,51,14174,1252,1275,12,1287,3
2021-06-16,Monterey,53,433212,43129,43122,1933,45055,416
2021-06-16,Napa,55,140530,9989,10011,35,10046,80
2021-06-16,Nevada,57,99092,4920,4894,201,5095,72
2021-06-16,Orange,59,3164182,255256,255188,11811,266999,5109
2021-06-16,Placer,61,380077,23566,23425,1591,25016,298
2021-06-16,Plumas,63,18699,713,697,12,709,4
2021-06-16,Riverside,65,2383286,292028,289539,14832,304371,4457
2021-06-16,Sacramento,67,1510023,107451,107422,1886,109308,1665
2021-06-16,San Benito,69,59416,6084,6090,119,6209,63
2021-06-16,San Bernardino,71,2135413,293335,293499,9102,302601,4797
2021-06-16,San Diego,73,3302833,281922,281423,0,281423,3770
2021-06-16,San Francisco,75,870044,36911,37222,1401,38623,555
2021-06-16,San Joaquin,77,732212,73590,73530,3801,77331,1399
2021-06-16,San Luis Obispo,79,281455,21311,21294,790,22084,257
2021-06-16,San Mateo,81,765935,42586,42601,490,43091,542
2021-06-16,Santa Barbara,83,443738,34560,34459,1252,35711,460
2021-06-16,Santa Clara,85,1922200,118702,119982,807,120789,2087
2021-06-16,Santa Cruz,87,273765,16225,16187,875,17062,208
2021-06-16,Shasta,89,179085,12517,12592,1679,14271,200
2021-06-16,Sierra,91,2930,59,56,14,70,0
2021-06-16,Siskiyou,93,43540,1940,1886,392,2278,26
2021-06-16,Solano,95,438530,33247,33276,570,33846,266
2021-06-16,Sonoma,97,501317,30675,30741,367,31108,323
2021-06-16,Stanislaus,99,539301,56752,56738,6237,62975,984
2021-06-16,Sutter,101,95872,9592,9620,95,9715,113
2021-06-16,Tehama,103,63373,5100,5106,614,5720,63
2021-06-16,Trinity,105,12862,368,332,69,401,3
2021-06-16,Tulare,107,460477,49732,49578,9620,59198,849
2021-06-16,Tuolumne,109,53932,4105,4110,38,4148,63
2021-06-16,Ventura,111,848112,81276,81229,3122,84351,1029
2021-06-16,Yolo,113,214977,14123,14135,360,14495,212
2021-06-16,Yuba,115,75493,6152,6134,135,6269,51
2021-06-15,Alameda,1,1643700,88871,89008,2078,91086,1262
2021-06-15,Alpine,3,1148,89,88,0,88,0
2021-06-15,Amador,5,37829,3735,3723,35,3758,46
2021-06-15,Butte,7,227075,12665,12620,1938,14558,194
2021-06-15,Calaveras,9,45235,2190,2188,15,2203,55
2021-06-15,Colusa,11,21464,1957,1967,326,2293,15
2021-06-15,Contra Costa,13,1133247,70433,70101,1375,71476,810
2021-06-15,Del Norte,15,27424,1414,1411,9,1420,8
2021-06-15,El Dorado,17,186661,10342,10330,787,11117,113
2021-06-15,Fresno,19,978130,102457,102828,9048,111876,1722
2021-06-15,Glenn,21,27897,2428,2426,583,3009,19
2021-06-15,Humboldt,23,135768,4430,4414,40,4454,42
2021-06-15,Imperial,25,180216,28642,28789,2932,31721,741
2021-06-15,Inyo,27,18085,1407,1405,4,1409,35
2021-06-15,Kern,29,883053,97136,96782,11521,108303,1338
2021-06-15,Kings,31,150075,23024,23070,1196,24266,245
2021-06-15,Lake,33,64148,3562,3559,9,3568,45
2021-06-15,Lassen,35,31185,5241,5211,123,5334,19
2021-06-15,Los Angeles,37,10098052,1205561,1204926,44058,1248984,24435
2021-06-15,Madera,39,155013,16648,16600,964,17564,240
2021-06-15,Marin,41,260295,14123,14135,273,14408,229
2021-06-15,Mariposa,43,17540,439,437,11,448,5
2021-06-15,Mendocino,45,87422,4114,4034,77,4111,49
2021-06-15,Merced,47,269075,31194,31244,1003,32247,461
2021-06-15,Modoc,49,8938,406,383,144,527,3
2021-06-15,Mono,51,14174,1252,1275,12,1287,3
2021-06-15,Monterey,53,433212,43123,43118,1933,45051,416
2021-06-15,Napa,55,140530,9987,10010,35,10045,80
2021-06-15,Nevada,57,99092,4917,4888,201,5089,72
2021-06-15,Orange,59,3164182,255219,255127,11802,266929,5105
2021-06-15,Placer,61,380077,23544,23396,1590,24986,298
2021-06-15,Plumas,63,18699,712,697,12,709,4
2021-06-15,Riverside,65,2383286,291971,289508,14828,304336,4455
2021-06-15,Sacramento,67,1510023,107377,107370,1879,109249,1662
2021-06-15,San Benito,69,59416,6083,6089,119,6208,63
2021-06-15,San Bernardino,71,2135413,293283,293463,9098,302561,4790
2021-06-15,San Diego,73,3302833,281838,281375,0,281375,3770
2021-06-15,San Francisco,75,870044,36902,37210,1400,38610,555
2021-06-15,San Joaquin,77,732212,73551,73494,3797,77291,1399
2021-06-15,San Luis Obispo,79,281455,21306,21293,789,22082,257
2021-06-15,San Mateo,81,765935,42573,42593,490,43083,543
2021-06-15,Santa Barbara,83,443738,34555,34451,1252,35703,460
2021-06-15,Santa Clara,85,1922200,118664,119963,807,120770,2086
2021-06-15,Santa Cruz,87,273765,16218,16180,875,17055,208
2021-06-15,Shasta,89,179085,12511,12583,1679,14262,201
2021-06-15,Sierra,91,2930,58,55,14,69,0
2021-06-15,Siskiyou,93,43540,1939,1887,392,2279,26
2021-06-15,Solano,95,438530,33227,33264,570,33834,266
2021-06-15,Sonoma,97,501317,30636,30707,366,31073,323
2021-06-15,Stanislaus,99,539301,56723,56724,6234,62958,979
2021-06-15,Sutter,101,95872,9583,9616,95,9711,113
2021-06-15,Tehama,103,63373,5098,5102,614,5716,63
2021-06-15,Trinity,105,12862,367,332,69,401,3
2021-06-15,Tulare,107,460477,49726,49561,9616,59177,848
2021-06-15,Tuolumne,109,53932,4105,4111,38,4149,63
2021-06-15,Ventura,111,848112,81265,81215,3119,84334,1029
2021-06-15,Yolo,113,214977,14119,14127,358,14485,212
2021-06-15,Yuba,115,75493,6141,6130,135,6265,51
2021-06-14,Alameda,1,1643700,88820,88966,2077,91043,1264
2021-06-14,Alpine,3,1148,89,88,0,88,0
2021-06-14,Amador,5,37829,3734,3722,35,3757,46
2021-06-14,Butte,7,227075,12654,12613,1934,14547,194
2021-06-14,Calaveras,9,45235,2188,2190,15,2205,55
2021-06-14,Colusa,11,21464,1956,1966,326,2292,15
2021-06-14,Contra Costa,13,1133247,70380,70069,1373,71442,810
2021-06-14,Del Norte,15,27424,1414,1411,9,1420,8
2021-06-14,El Dorado,17,186661,10333,10327,786,11113,113
2021-06-14,Fresno,19,978130,102435,102812,9047,111859,1719
2021-06-14,Glenn,21,27897,2428,2426,583,3009,19
2021-06-14,Humboldt,23,135768,4422,4407,39,4446,42
2021-06-14,Imperial,25,180216,28630,28836,2932,31768,741
2021-06-14,Inyo,27,18085,1406,1405,4,1409,35
2021-06-14,Kern,29,883053,97118,96760,11510,108270,1337
2021-06-14,Kings,31,150075,23022,23071,1194,24265,245
2021-06-14,Lake,33,64148,3561,3557,9,3566,45
2021-06-14,Lassen,35,31185,5238,5209,122,5331,19
2021-06-14,Los Angeles,37,10098052,1205329,1204748,44048,1248796,24434
2021-06-14,Madera,39,155013,16643,16597,963,17560,240
2021-06-14,Marin,41,260295,14121,14133,273,14406,229
2021-06-14,Mariposa,43,17540,438,437,11,448,5
2021-06-14,Mendocino,45,87422,4108,4028,77,4105,49
2021-06-14,Merced,47,269075,31185,31241,1002,32243,461
2021-06-14,Modoc,49,8938,397,382,142,524,3
2021-06-14,Mono,51,14174,1252,1275,12,1287,3
2021-06-14,Monterey,53,433212,43120,43110,1933,45043,415
2021-06-14,Napa,55,140530,9983,10000,35,10035,80
2021-06-14,Nevada,57,99092,4910,4885,201,5086,72
2021-06-14,Orange,59,3164182,255181,255069,11798,266867,5103
2021-06-14,Placer,61,380077,23519,23379,1589,24968,298
2021-06-14,Plumas,63,18699,712,696,12,708,4
2021-06-14,Riverside,65,2383286,291920,289476,14826,304302,4453
2021-06-14,Sacramento,67,1510023,107325,107334,1873,109207,1661
2021-06-14,San Benito,69,59416,6083,6087,119,6206,63
2021-06-14,San Bernardino,71,2135413,293229,293446,9094,302540,4790
2021-06-14,San Diego,73,3302833,281733,281314,0,281314,3770
2021-06-14,San Francisco,75,870044,36889,37206,1400,38606,555
2021-06-14,San Joaquin,77,732212,73522,73453,3797,77250,1398
2021-06-14,San Luis Obispo,79,281455,21304,21302,789,22091,256
2021-06-14,San Mateo,81,765935,42558,42619,489,43108,543
2021-06-14,Santa Barbara,83,443738,34552,34449,1252,35701,460
2021-06-14,Santa Clara,85,1922200,118633,119957,806,120763,2085
2021-06-14,Santa Cruz,87,273765,16216,16175,875,17050,208
2021-06-14,Shasta,89,179085,12501,12561,1676,14237,201
2021-06-14,Sierra,91,2930,57,55,14,69,0
2021-06-14,Siskiyou,93,43540,1939,1886,392,2278,26
2021-06-14,Solano,95,438530,33209,33243,569,33812,266
2021-06-14,Sonoma,97,501317,30604,30679,365,31044,323
2021-06-14,Stanislaus,99,539301,56686,56689,6233,62922,975
2021-06-14,Sutter,101,95872,9580,9607,95,9702,112
2021-06-14,Tehama,103,63373,5096,5102,614,5716,63
2021-06-14,Trinity,105,12862,367,332,69,401,3
2021-06-14,Tulare,107,460477,49722,49538,9612,59150,848
2021-06-14,Tuolumne,109,53932,4102,4108,38,4146,63
2021-06-14,Ventura,111,848112,81255,81209,3119,84328,1028
2021-06-14,Yolo,113,214977,14111,14123,358,14481,212
2021-06-14,Yuba,115,75493,6134,6127,135,6262,50
2021-06-13,Alameda,1,1643700,88764,88947,2075,91022,1264
2021-06-13,Alpine,3,1148,88,88,0,88,0
2021-06-13,Amador,5,37829,3730,3721,35,3756,46
2021-06-13,Butte,7,227075,12643,12586,1931,14517,194
2021-06-13,Calaveras,9,45235,2188,2189,15,2204,55
2021-06-13,Colusa,11,21464,1956,1965,325,2290,15
2021-06-13,Contra Costa,13,1133247,70326,70040,1371,71411,810
2021-06-13,Del Norte,15,27424,1412,1412,9,1421,8
2021-06-13,El Dorado,17,186661,10324,10324,786,11110,113
2021-06-13,Fresno,19,978130,102405,102795,9042,111837,1719
2021-06-13,Glenn,21,27897,2427,2425,581,3006,19
2021-06-13,Humboldt,23,135768,4409,4401,39,4440,42
2021-06-13,Imperial,25,180216,28621,28800,2932,31732,741
2021-06-13,Inyo,27,18085,1406,1405,4,1409,35
2021-06-13,Kern,29,883053,97095,96743,11497,108240,1337
2021-06-13,Kings,31,150075,23017,23069,1193,24262,245
2021-06-13,Lake,33,64148,3561,3556,9,3565,45
2021-06-13,Lassen,35,31185,5233,5209,122,5331,19
2021-06-13,Los Angeles,37,10098052,1205069,1204614,44035,1248649,24433
2021-06-13,Madera,39,155013,16629,16590,963,17553,240
2021-06-13,Marin,41,260295,14115,14126,273,14399,229
2021-06-13,Mariposa,43,17540,438,434,11,445,5
2021-06-13,Mendocino,45,87422,4101,4026,77,4103,49
2021-06-13,Merced,47,269075,31178,31240,1002,32242,461
2021-06-13,Modoc,49,8938,395,382,140,522,3
2021-06-13,Mono,51,14174,1252,1275,12,1287,3
2021-06-13,Monterey,53,433212,43112,43108,1933,45041,415
2021-06-13,Napa,55,140530,9977,9995,35,10030,80
2021-06-13,Nevada,57,99092,4905,4883,201,5084,72
2021-06-13,Orange,59,3164182,255128,255043,11796,266839,5103
2021-06-13,Placer,61,380077,23492,23365,1587,24952,295
2021-06-13,Plumas,63,18699,711,696,12,708,4
2021-06-13,Riverside,65,2383286,291853,289447,14823,304270,4453
2021-06-13,Sacramento,67,1510023,107252,107289,1870,109159,1658
2021-06-13,San Benito,69,59416,6083,6086,119,6205,63
2021-06-13,San Bernardino,71,2135413,293177,293416,9088,302504,4788
2021-06-13,San Diego,73,3302833,281654,281268,0,281268,3770
2021-06-13,San Francisco,75,870044,36878,37197,1400,38597,555
2021-06-13,San Joaquin,77,732212,73491,73438,3795,77233,1398
2021-06-13,San Luis Obispo,79,281455,21298,21298,788,22086,256
2021-06-13,San Mateo,81,765935,42544,42611,489,43100,542
2021-06-13,Santa Barbara,83,443738,34541,34449,1251,35700,460
2021-06-13,Santa Clara,85,1922200,118609,119946,806,120752,2085
2021-06-13,Santa Cruz,87,273765,16209,16172,875,17047,208
2021-06-13,Shasta,89,179085,12492,12560,1675,14235,201
2021-06-13,Sierra,91,2930,57,55,14,69,0
2021-06-13,Siskiyou,93,43540,1938,1885,392,2277,26
2021-06-13,Solano,95,438530,33187,33234,569,33803,266
2021-06-13,Sonoma,97,501317,30569,30663,363,31026,323
2021-06-13,Stanislaus,99,539301,56659,56671,6232,62903,975
2021-06-13,Sutter,101,95872,9573,9603,95,9698,112
2021-06-13,Tehama,103,63373,5094,5100,614,5714,63
2021-06-13,Trinity,105,12862,366,332,69,401,3
2021-06-13,Tulare,107,460477,49713,49537,9607,59144,848
2021-06-13,Tuolumne,109,53932,4100,4107,37,4144,63
2021-06-13,Ventura,111,848112,81241,81201,3119,84320,1028
2021-06-13,Yolo,113,214977,14104,14120,356,14476,212
2021-06-13,Yuba,115,75493,6127,6125,135,6260,50
2021-06-12,Alameda,1,1643700,88735,88901,2075,90976,1271
2021-06-12,Alpine,3,1148,88,88,0,88,0
2021-06-12,Amador,5,37829,3729,3721,35,3756,46
2021-06-12,Butte,7,227075,12639,12576,1931,14507,194
2021-06-12,Calaveras,9,45235,2188,2189,15,2204,55
2021-06-12,Colusa,11,21464,1956,1965,325,2290,15
2021-06-12,Contra Costa,13,1133247,70295,69989,1368,71357,810
2021-06-12,Del Norte,15,27424,1412,1412,9,1421,8
2021-06-12,El Dorado,17,186661,10319,10320,785,11105,113
2021-06-12,Fresno,19,978130,102395,102783,9041,111824,1720
2021-06-12,Glenn,21,27897,2425,2425,581,3006,19
2021-06-12,Humboldt,23,135768,4401,4396,39,4435,42
2021-06-12,Imperial,25,180216,28618,28799,2932,31731,741
2021-06-12,Inyo,27,18085,1406,1405,4,1409,35
2021-06-12,Kern,29,883053,97080,96731,11493,108224,1337
2021-06-12,Kings,31,150075,23015,23067,1193,24260,245
2021-06-12,Lake,33,64148,3560,3552,9,3561,45
2021-06-12,Lassen,35,31185,5233,5208,122,5330,19
2021-06-12,Los Angeles,37,10098052,1204933,1204439,44026,1248465,24434
2021-06-12,Madera,39,155013,16625,16586,963,17549,240
2021-06-12,Marin,41,260295,14112,14121,273,14394,229
2021-06-12,Mariposa,43,17540,438,434,11,445,5
2021-06-12,Mendocino,45,87422,4098,4024,77,4101,49
2021-06-12,Merced,47,269075,31175,31236,1002,32238,461
2021-06-12,Modoc,49,8938,394,382,140,522,3
2021-06-12,Mono,51,14174,1252,1275,12,1287,3
2021-06-12,Monterey,53,433212,43107,43103,1933,45036,415
2021-06-12,Napa,55,140530,9973,9986,35,10021,80
2021-06-12,Nevada,57,99092,4899,4878,201,5079,72
2021-06-12,Orange,59,3164182,255099,255004,11794,266798,5103
2021-06-12,Placer,61,380077,23474,23345,1587,24932,295
2021-06-12,Plumas,63,18699,711,696,12,708,4
2021-06-12,Riverside,65,2383286,291811,289413,14820,304233,4453
2021-06-12,Sacramento,67,1510023,107192,107199,1867,109066,1658
2021-06-12,San Benito,69,59416,6081,6083,119,6202,63
2021-06-12,San Bernardino,71,2135413,293145,293375,9086,302461,4788
2021-06-12,San Diego,73,3302833,281597,281203,0,281203,3770
2021-06-12,San Francisco,75,870044,36868,37189,1400,38589,555
2021-06-12,San Joaquin,77,732212,73472,73413,3794,77207,1398
2021-06-12,San Luis Obispo,79,281455,21295,21293,788,22081,256
2021-06-12,San Mateo,81,765935,42538,42604,489,43093,542
2021-06-12,Santa Barbara,83,443738,34537,34450,1251,35701,460
2021-06-12,Santa Clara,85,1922200,118569,119894,806,120700,2085
2021-06-12,Santa Cruz,87,273765,16201,16170,875,17045,208
2021-06-12,Shasta,89,179085,12489,12556,1674,14230,201
2021-06-12,Sierra,91,2930,57,55,14,69,0
2021-06-12,Siskiyou,93,43540,1937,1884,392,2276,25
2021-06-12,Solano,95,438530,33178,33219,569,33788,266
2021-06-12,Sonoma,97,501317,30541,30647,362,31009,323
2021-06-12,Stanislaus,99,539301,56642,56649,6231,62880,974
2021-06-12,Sutter,101,95872,9569,9603,95,9698,112
2021-06-12,Tehama,103,63373,5094,5099,613,5712,63
2021-06-12,Trinity,105,12862,366,332,69,401,3
2021-06-12,Tulare,107,460477,49708,49533,9600,59133,848
2021-06-12,Tuolumne,109,53932,4099,4105,37,4142,63
2021-06-12,Ventura,111,848112,81229,81197,3119,84316,1028
2021-06-12,Yolo,113,214977,14101,14118,354,14472,212
2021-06-12,Yuba,115,75493,6122,6120,135,6255,50
2021-06-11,Alameda,1,1643700,88706,88844,2075,90919,1278
2021-06-11,Alpine,3,1148,88,88,0,88,0
2021-06-11,Amador,5,37829,3729,3710,35,3745,46
2021-06-11,Butte,7,227075,12635,12576,1929,14505,194
2021-06-11,Calaveras,9,45235,2188,2188,15,2203,55
2021-06-11,Colusa,11,21464,1955,1964,325,2289,15
2021-06-11,Contra Costa,13,1133247,70262,69940,1366,71306,808
2021-06-11,Del Norte,15,27424,1412,1409,9,1418,8
2021-06-11,El Dorado,17,186661,10316,10316,785,11101,113
2021-06-11,Fresno,19,978130,102377,102770,9040,111810,1720
2021-06-11,Glenn,21,27897,2425,2425,581,3006,19
2021-06-11,Humboldt,23,135768,4397,4389,39,4428,42
2021-06-11,Imperial,25,180216,28613,28793,2932,31725,741
2021-06-11,Inyo,27,18085,1406,1405,4,1409,35
2021-06-11,Kern,29,883053,97068,96718,11489,108207,1340
2021-06-11,Kings,31,150075,23011,23069,1192,24261,245
2021-06-11,Lake,33,64148,3559,3550,9,3559,45
2021-06-11,Lassen,35,31185,5232,5204,122,5326,18
2021-06-11,Los Angeles,37,10098052,1204788,1204259,44012,1248271,24434
2021-06-11,Madera,39,155013,16622,16582,963,17545,240
2021-06-11,Marin,41,260295,14109,14116,273,14389,229
2021-06-11,Mariposa,43,17540,438,434,11,445,5
2021-06-11,Mendocino,45,87422,4095,4022,77,4099,49
2021-06-11,Merced,47,269075,31170,31231,1002,32233,461
2021-06-11,Modoc,49,8938,394,382,139,521,3
2021-06-11,Mono,51,14174,1252,1274,12,1286,3
2021-06-11,Monterey,53,433212,43103,43097,1933,45030,415
2021-06-11,Napa,55,140530,9970,9977,35,10012,80
2021-06-11,Nevada,57,99092,4897,4873,201,5074,72
2021-06-11,Orange,59,3164182,255073,254975,11790,266765,5101
2021-06-11,Placer,61,380077,23469,23330,1587,24917,294
2021-06-11,Plumas,63,18699,711,696,12,708,4
2021-06-11,Riverside,65,2383286,291773,289376,14817,304193,4451
2021-06-11,Sacramento,67,1510023,107132,107119,1866,108985,1659
2021-06-11,San Benito,69,59416,6080,6082,119,6201,63
2021-06-11,San Bernardino,71,2135413,293108,293335,9082,302417,4788
2021-06-11,San Diego,73,3302833,281557,281144,0,281144,3768
2021-06-11,San Francisco,75,870044,36863,37177,1400,38577,555
2021-06-11,San Joaquin,77,732212,73455,73347,3791,77138,1397
2021-06-11,San Luis Obispo,79,281455,21294,21288,788,22076,256
2021-06-11,San Mateo,81,765935,42524,42585,489,43074,542
2021-06-11,Santa Barbara,83,443738,34534,34438,1251,35689,460
2021-06-11,Santa Clara,85,1922200,118550,119860,806,120666,2083
2021-06-11,Santa Cruz,87,273765,16193,16164,875,17039,208
2021-06-11,Shasta,89,179085,12481,12550,1672,14222,201
2021-06-11,Sierra,91,2930,57,55,14,69,0
2021-06-11,Siskiyou,93,43540,1936,1882,392,2274,25
2021-06-11,Solano,95,438530,33158,33179,568,33747,266
2021-06-11,Sonoma,97,501317,30523,30624,362,30986,323
2021-06-11,Stanislaus,99,539301,56616,56617,6227,62844,974
2021-06-11,Sutter,101,95872,9566,9600,94,9694,112
2021-06-11,Tehama,103,63373,5093,5099,613,5712,63
2021-06-11,Trinity,105,12862,366,331,69,400,3
2021-06-11,Tulare,107,460477,49702,49516,9599,59115,848
2021-06-11,Tuolumne,109,53932,4096,4104,37,4141,63
2021-06-11,Ventura,111,848112,81219,81189,3119,84308,1026
2021-06-11,Yolo,113,214977,14094,14111,350,14461,212
2021-06-11,Yuba,115,75493,6118,6113,135,6248,50
2021-06-10,Alameda,1,1643700,88662,88806,2074,90880,1275
2021-06-10,Alpine,3,1148,88,88,0,88,0
2021-06-10,Amador,5,37829,3725,3709,35,3744,46
2021-06-10,Butte,7,227075,12618,12565,1929,14494,194
2021-06-10,Calaveras,9,45235,2188,2188,15,2203,55
2021-06-10,Colusa,11,21464,1953,1964,325,2289,15
2021-06-10,Contra Costa,13,1133247,70208,69876,1366,71242,807
2021-06-10,Del Norte,15,27424,1412,1405,9,1414,8
2021-06-10,El Dorado,17,186661,10309,10314,781,11095,113
2021-06-10,Fresno,19,978130,102352,102724,9039,111763,1717
2021-06-10,Glenn,21,27897,2425,2425,581,3006,19
2021-06-10,Humboldt,23,135768,4389,4384,39,4423,42
2021-06-10,Imperial,25,180216,28607,28779,2932,31711,739
2021-06-10,Inyo,27,18085,1406,1405,4,1409,35
2021-06-10,Kern,29,883053,97054,96706,11484,108190,1336
2021-06-10,Kings,31,150075,23010,23067,1192,24259,245
2021-06-10,Lake,33,64148,3554,3550,9,3559,45
2021-06-10,Lassen,35,31185,5230,5201,122,5323,18
2021-06-10,Los Angeles,37,10098052,1204625,1204110,43995,1248105,24440
2021-06-10,Madera,39,155013,16615,16581,963,17544,240
2021-06-10,Marin,41,260295,14106,14118,273,14391,229
2021-06-10,Mariposa,43,17540,436,434,11,445,5
2021-06-10,Mendocino,45,87422,4090,4016,77,4093,48
2021-06-10,Merced,47,269075,31162,31231,999,32230,461
2021-06-10,Modoc,49,8938,393,381,139,520,3
2021-06-10,Mono,51,14174,1251,1274,12,1286,3
2021-06-10,Monterey,53,433212,43097,43090,1933,45023,415
2021-06-10,Napa,55,140530,9969,9974,35,10009,80
2021-06-10,Nevada,57,99092,4892,4866,201,5067,72
2021-06-10,Orange,59,3164182,255045,254950,11783,266733,5097
2021-06-10,Placer,61,380077,23455,23296,1587,24883,293
2021-06-10,Plumas,63,18699,711,696,12,708,4
2021-06-10,Riverside,65,2383286,291732,289335,14811,304146,4450
2021-06-10,Sacramento,67,1510023,107070,107049,1866,108915,1658
2021-06-10,San Benito,69,59416,6080,6079,119,6198,63
2021-06-10,San Bernardino,71,2135413,293067,293281,9079,302360,4782
2021-06-10,San Diego,73,3302833,281499,281052,0,281052,3766
2021-06-10,San Francisco,75,870044,36853,37159,1398,38557,552
2021-06-10,San Joaquin,77,732212,73422,73276,3790,77066,1393
2021-06-10,San Luis Obispo,79,281455,21291,21280,788,22068,256
2021-06-10,San Mateo,81,765935,42518,42562,489,43051,666
2021-06-10,Santa Barbara,83,443738,34530,34434,1251,35685,460
2021-06-10,Santa Clara,85,1922200,118515,119832,805,120637,2075
2021-06-10,Santa Cruz,87,273765,16192,16159,875,17034,208
2021-06-10,Shasta,89,179085,12471,12536,1671,14207,201
2021-06-10,Sierra,91,2930,56,55,14,69,0
2021-06-10,Siskiyou,93,43540,1936,1881,392,2273,25
2021-06-10,Solano,95,438530,33141,33150,567,33717,265
2021-06-10,Sonoma,97,501317,30487,30571,360,30931,323
2021-06-10,Stanislaus,99,539301,56595,56588,6223,62811,974
2021-06-10,Sutter,101,95872,9559,9594,94,9688,112
2021-06-10,Tehama,103,63373,5093,5096,613,5709,63
2021-06-10,Trinity,105,12862,366,331,69,400,3
2021-06-10,Tulare,107,460477,49694,49503,9599,59102,848
2021-06-10,Tuolumne,109,53932,4096,4100,37,4137,63
2021-06-10,Ventura,111,848112,81208,81172,3118,84290,1026
2021-06-10,Yolo,113,214977,14091,14107,350,14457,212
2021-06-10,Yuba,115,75493,6114,6112,135,6247,50
2021-06-09,Alameda,1,1643700,88616,88762,2072,90834,1271
2021-06-09,Alpine,3,1148,88,88,0,88,0
2021-06-09,Amador,5,37829,3721,3706,35,3741,46
2021-06-09,Butte,7,227075,12612,12555,1927,14482,194
2021-06-09,Calaveras,9,45235,2186,2184,15,2199,55
2021-06-09,Colusa,11,21464,1953,1962,324,2286,15
2021-06-09,Contra Costa,13,1133247,70171,69829,1365,71194,803
2021-06-09,Del Norte,15,27424,1409,1403,9,1412,8
2021-06-09,El Dorado,17,186661,10306,10312,780,11092,113
2021-06-09,Fresno,19,978130,102333,102690,9034,111724,1717
2021-06-09,Glenn,21,27897,2424,2424,581,3005,19
2021-06-09,Humboldt,23,135768,4384,4379,38,4417,42
2021-06-09,Imperial,25,180216,28604,28754,2932,31686,739
2021-06-09,Inyo,27,18085,1406,1405,4,1409,35
2021-06-09,Kern,29,883053,97041,96697,11474,108171,1328
2021-06-09,Kings,31,150075,23008,23061,1192,24253,245
2021-06-09,Lake,33,64148,3551,3541,9,3550,45
2021-06-09,Lassen,35,31185,5229,5200,122,5322,18
2021-06-09,Los Angeles,37,10098052,1204441,1203955,43984,1247939,24432
2021-06-09,Madera,39,155013,16610,16580,963,17543,240
2021-06-09,Marin,41,260295,14101,14114,273,14387,229
2021-06-09,Mariposa,43,17540,436,434,11,445,5
2021-06-09,Mendocino,45,87422,4084,4008,77,4085,47
2021-06-09,Merced,47,269075,31158,31225,999,32224,461
2021-06-09,Modoc,49,8938,391,377,138,515,3
2021-06-09,Mono,51,14174,1251,1274,12,1286,3
2021-06-09,Monterey,53,433212,43090,43082,1933,45015,415
2021-06-09,Napa,55,140530,9963,9971,35,10006,80
2021-06-09,Nevada,57,99092,4882,4863,200,5063,72
2021-06-09,Orange,59,3164182,255001,254893,11779,266672,5080
2021-06-09,Placer,61,380077,23437,23237,1587,24824,293
2021-06-09,Plumas,63,18699,710,697,12,709,4
2021-06-09,Riverside,65,2383286,291688,289299,14809,304108,4450
2021-06-09,Sacramento,67,1510023,107007,106971,1863,108834,1657
2021-06-09,San Benito,69,59416,6076,6078,119,6197,63
2021-06-09,San Bernardino,71,2135413,293024,293222,9079,302301,4782
2021-06-09,San Diego,73,3302833,281434,280941,0,280941,3765
2021-06-09,San Francisco,75,870044,36840,37143,1397,38540,552
2021-06-09,San Joaquin,77,732212,73397,73232,3789,77021,1392
2021-06-09,San Luis Obispo,79,281455,21290,21259,788,22047,256
2021-06-09,San Mateo,81,765935,42502,42502,488,42990,666
2021-06-09,Santa Barbara,83,443738,34519,34422,1251,35673,460
2021-06-09,Santa Clara,85,1922200,118477,119793,804,120597,2068
2021-06-09,Santa Cruz,87,273765,16189,16155,875,17030,208
2021-06-09,Shasta,89,179085,12461,12521,1669,14190,201
2021-06-09,Sierra,91,2930,55,55,14,69,0
2021-06-09,Siskiyou,93,43540,1935,1871,392,2263,25
2021-06-09,Solano,95,438530,33125,33137,566,33703,264
2021-06-09,Sonoma,97,501317,30465,30540,360,30900,323
2021-06-09,Stanislaus,99,539301,56575,56560,6220,62780,974
2021-06-09,Sutter,101,95872,9550,9586,93,9679,111
2021-06-09,Tehama,103,63373,5092,5093,613,5706,63
2021-06-09,Trinity,105,12862,365,331,69,400,3
2021-06-09,Tulare,107,460477,49690,49496,9597,59093,847
2021-06-09,Tuolumne,109,53932,4093,4100,37,4137,63
2021-06-09,Ventura,111,848112,81198,81154,3117,84271,1026
2021-06-09,Yolo,113,214977,14089,14102,349,14451,212
2021-06-09,Yuba,115,75493,6110,6109,135,6244,50
2021-06-08,Alameda,1,1643700,88568,88731,2072,90803,1267
2021-06-08,Alpine,3,1148,88,88,0,88,0
2021-06-08,Amador,5,37829,3720,3704,35,3739,46
2021-06-08,Butte,7,227075,12606,12540,1924,14464,194
2021-06-08,Calaveras,9,45235,2185,2181,15,2196,55
2021-06-08,Colusa,11,21464,1953,1961,324,2285,15
2021-06-08,Contra Costa,13,1133247,70122,69762,1364,71126,803
2021-06-08,Del Norte,15,27424,1407,1402,9,1411,8
2021-06-08,El Dorado,17,186661,10301,10306,778,11084,113
2021-06-08,Fresno,19,978130,102308,102680,9032,111712,1717
2021-06-08,Glenn,21,27897,2423,2423,581,3004,19
2021-06-08,Humboldt,23,135768,4379,4363,38,4401,42
2021-06-08,Imperial,25,180216,28595,28752,2932,31684,738
2021-06-08,Inyo,27,18085,1406,1405,4,1409,35
2021-06-08,Kern,29,883053,97021,96671,11467,108138,1325
2021-06-08,Kings,31,150075,23007,23036,1192,24228,245
2021-06-08,Lake,33,64148,3550,3540,9,3549,45
2021-06-08,Lassen,35,31185,5229,5200,122,5322,18
2021-06-08,Los Angeles,37,10098052,1204247,1203794,43972,1247766,24426
2021-06-08,Madera,39,155013,16604,16579,962,17541,240
2021-06-08,Marin,41,260295,14099,14111,272,14383,229
2021-06-08,Mariposa,43,17540,436,434,11,445,5
2021-06-08,Mendocino,45,87422,4077,4002,77,4079,47
2021-06-08,Merced,47,269075,31150,31225,999,32224,461
2021-06-08,Modoc,49,8938,386,377,137,514,3
2021-06-08,Mono,51,14174,1251,1274,12,1286,3
2021-06-08,Monterey,53,433212,43084,43078,1932,45010,415
2021-06-08,Napa,55,140530,9959,9962,35,9997,80
2021-06-08,Nevada,57,99092,4877,4861,200,5061,72
2021-06-08,Orange,59,3164182,254961,254852,11772,266624,5078
2021-06-08,Placer,61,380077,23419,23209,1583,24792,293
2021-06-08,Plumas,63,18699,710,692,12,704,4
2021-06-08,Riverside,65,2383286,291654,289268,14800,304068,4452
2021-06-08,Sacramento,67,1510023,106946,106901,1861,108762,1654
2021-06-08,San Benito,69,59416,6074,6076,119,6195,63
2021-06-08,San Bernardino,71,2135413,292975,293186,9075,302261,4778
2021-06-08,San Diego,73,3302833,281372,280879,0,280879,3764
2021-06-08,San Francisco,75,870044,36825,37134,1396,38530,552
2021-06-08,San Joaquin,77,732212,73353,73186,3784,76970,1390
2021-06-08,San Luis Obispo,79,281455,21284,21251,787,22038,255
2021-06-08,San Mateo,81,765935,42489,42488,488,42976,663
2021-06-08,Santa Barbara,83,443738,34515,34418,1251,35669,459
2021-06-08,Santa Clara,85,1922200,118458,119770,803,120573,2068
2021-06-08,Santa Cruz,87,273765,16186,16160,875,17035,208
2021-06-08,Shasta,89,179085,12446,12498,1669,14167,201
2021-06-08,Sierra,91,2930,55,55,14,69,0
2021-06-08,Siskiyou,93,43540,1933,1870,390,2260,21
2021-06-08,Solano,95,438530,33104,33130,566,33696,259
2021-06-08,Sonoma,97,501317,30438,30523,358,30881,323
2021-06-08,Stanislaus,99,539301,56548,56548,6218,62766,973
2021-06-08,Sutter,101,95872,9547,9581,93,9674,111
2021-06-08,Tehama,103,63373,5089,5093,613,5706,63
2021-06-08,Trinity,105,12862,365,330,68,398,3
2021-06-08,Tulare,107,460477,49679,49485,9591,59076,847
2021-06-08,Tuolumne,109,53932,4090,4099,37,4136,63
2021-06-08,Ventura,111,848112,81182,81142,3116,84258,1026
2021-06-08,Yolo,113,214977,14084,14099,348,14447,212
2021-06-08,Yuba,115,75493,6107,6103,135,6238,50
2021-06-07,Alameda,1,1643700,88510,88688,2072,90760,1267
2021-06-07,Alpine,3,1148,88,88,0,88,0
2021-06-07,Amador,5,37829,3710,3697,35,3732,46
2021-06-07,Butte,7,227075,12599,12533,1923,14456,194
2021-06-07,Calaveras,9,45235,2184,2181,15,2196,55
2021-06-07,Colusa,11,21464,1952,1960,324,2284,15
2021-06-07,Contra Costa,13,1133247,70066,69718,1363,71081,817
2021-06-07,Del Norte,15,27424,1407,1401,9,1410,8
2021-06-07,El Dorado,17,186661,10296,10305,778,11083,113
2021-06-07,Fresno,19,978130,102280,102659,9025,111684,1717
2021-06-07,Glenn,21,27897,2423,2423,581,3004,19
2021-06-07,Humboldt,23,135768,4371,4354,38,4392,42
2021-06-07,Imperial,25,180216,28593,28754,2932,31686,738
2021-06-07,Inyo,27,18085,1406,1404,4,1408,35
2021-06-07,Kern,29,883053,97005,96645,11460,108105,1324
2021-06-07,Kings,31,150075,23003,23023,1192,24215,244
2021-06-07,Lake,33,64148,3548,3540,9,3549,45
2021-06-07,Lassen,35,31185,5224,5198,122,5320,18
2021-06-07,Los Angeles,37,10098052,1204026,1203664,43957,1247621,24413
2021-06-07,Madera,39,155013,16597,16572,962,17534,240
2021-06-07,Marin,41,260295,14095,14108,271,14379,229
2021-06-07,Mariposa,43,17540,436,434,11,445,5
2021-06-07,Mendocino,45,87422,4071,3998,77,4075,47
2021-06-07,Merced,47,269075,31138,31212,998,32210,459
2021-06-07,Modoc,49,8938,385,375,134,509,3
2021-06-07,Mono,51,14174,1251,1275,12,1287,3
2021-06-07,Monterey,53,433212,43077,43077,1932,45009,415
2021-06-07,Napa,55,140530,9950,9962,35,9997,80
2021-06-07,Nevada,57,99092,4875,4860,200,5060,72
2021-06-07,Orange,59,3164182,254921,254808,11765,266573,5073
2021-06-07,Placer,61,380077,23401,23176,1581,24757,293
2021-06-07,Plumas,63,18699,710,692,12,704,4
2021-06-07,Riverside,65,2383286,291611,289232,14797,304029,4451
2021-06-07,Sacramento,67,1510023,106867,106841,1857,108698,1655
2021-06-07,San Benito,69,59416,6073,6074,119,6193,63
2021-06-07,San Bernardino,71,2135413,292937,293129,9074,302203,4775
2021-06-07,San Diego,73,3302833,281290,280808,0,280808,3764
2021-06-07,San Francisco,75,870044,36809,37122,1396,38518,552
2021-06-07,San Joaquin,77,732212,73308,73130,3777,76907,1388
2021-06-07,San Luis Obispo,79,281455,21271,21252,787,22039,255
2021-06-07,San Mateo,81,765935,42472,42479,488,42967,664
2021-06-07,Santa Barbara,83,443738,34509,34407,1251,35658,459
2021-06-07,Santa Clara,85,1922200,118431,119743,803,120546,2066
2021-06-07,Santa Cruz,87,273765,16184,16159,875,17034,208
2021-06-07,Shasta,89,179085,12432,12483,1664,14147,200
2021-06-07,Sierra,91,2930,55,55,14,69,0
2021-06-07,Siskiyou,93,43540,1933,1869,390,2259,21
2021-06-07,Solano,95,438530,33082,33124,565,33689,258
2021-06-07,Sonoma,97,501317,30402,30504,357,30861,323
2021-06-07,Stanislaus,99,539301,56515,56521,6215,62736,972
2021-06-07,Sutter,101,95872,9543,9571,93,9664,111
2021-06-07,Tehama,103,63373,5085,5092,613,5705,63
2021-06-07,Trinity,105,12862,365,329,68,397,3
2021-06-07,Tulare,107,460477,49673,49471,9591,59062,847
2021-06-07,Tuolumne,109,53932,4089,4098,37,4135,63
2021-06-07,Ventura,111,848112,81165,81137,3115,84252,1025
2021-06-07,Yolo,113,214977,14079,14097,347,14444,211
2021-06-07,Yuba,115,75493,6105,6099,132,6231,49
2021-06-06,Alameda,1,1643700,88469,88636,2071,90707,1267
2021-06-06,Alpine,3,1148,88,88,0,88,0
2021-06-06,Amador,5,37829,3707,3696,35,3731,46
2021-06-06,Butte,7,227075,12588,12527,1922,14449,194
2021-06-06,Calaveras,9,45235,2183,2181,15,2196,55
2021-06-06,Colusa,11,21464,1950,1959,324,2283,15
2021-06-06,Contra Costa,13,1133247,70001,69659,1361,71020,817
2021-06-06,Del Norte,15,27424,1402,1401,8,1409,8
2021-06-06,El Dorado,17,186661,10289,10294,778,11072,113
2021-06-06,Fresno,19,978130,102247,102642,9022,111664,1717
2021-06-06,Glenn,21,27897,2422,2423,581,3004,19
2021-06-06,Humboldt,23,135768,4360,4353,38,4391,42
2021-06-06,Imperial,25,180216,28587,28762,2932,31694,738
2021-06-06,Inyo,27,18085,1405,1404,4,1408,35
2021-06-06,Kern,29,883053,96987,96623,11453,108076,1324
2021-06-06,Kings,31,150075,22997,23021,1192,24213,244
2021-06-06,Lake,33,64148,3548,3535,9,3544,45
2021-06-06,Lassen,35,31185,5222,5191,122,5313,18
2021-06-06,Los Angeles,37,10098052,1203829,1203539,43945,1247484,24410
2021-06-06,Madera,39,155013,16591,16567,962,17529,240
2021-06-06,Marin,41,260295,14089,14106,270,14376,229
2021-06-06,Mariposa,43,17540,435,435,11,446,5
2021-06-06,Mendocino,45,87422,4067,3993,77,4070,47
2021-06-06,Merced,47,269075,31130,31215,998,32213,459
2021-06-06,Modoc,49,8938,385,375,133,508,3
2021-06-06,Mono,51,14174,1251,1275,12,1287,3
2021-06-06,Monterey,53,433212,43072,43078,1932,45010,415
2021-06-06,Napa,55,140530,9944,9963,35,9998,80
2021-06-06,Nevada,57,99092,4868,4854,199,5053,72
2021-06-06,Orange,59,3164182,254887,254782,11760,266542,5073
2021-06-06,Placer,61,380077,23376,23156,1577,24733,293
2021-06-06,Plumas,63,18699,710,692,12,704,4
2021-06-06,Riverside,65,2383286,291577,289201,14792,303993,4451
2021-06-06,Sacramento,67,1510023,106781,106749,1856,108605,1655
2021-06-06,San Benito,69,59416,6067,6074,119,6193,63
2021-06-06,San Bernardino,71,2135413,292889,293117,9065,302182,4773
2021-06-06,San Diego,73,3302833,281210,280743,0,280743,3764
2021-06-06,San Francisco,75,870044,36797,37118,1395,38513,552
2021-06-06,San Joaquin,77,732212,73276,73105,3773,76878,1388
2021-06-06,San Luis Obispo,79,281455,21268,21246,787,22033,255
2021-06-06,San Mateo,81,765935,42454,42457,488,42945,664
2021-06-06,Santa Barbara,83,443738,34505,34403,1250,35653,459
2021-06-06,Santa Clara,85,1922200,118409,119711,803,120514,2066
2021-06-06,Santa Cruz,87,273765,16183,16158,875,17033,208
2021-06-06,Shasta,89,179085,12417,12478,1660,14138,200
2021-06-06,Sierra,91,2930,55,55,14,69,0
2021-06-06,Siskiyou,93,43540,1930,1869,390,2259,21
2021-06-06,Solano,95,438530,33055,33093,565,33658,258
2021-06-06,Sonoma,97,501317,30371,30478,356,30834,323
2021-06-06,Stanislaus,99,539301,56472,56486,6212,62698,972
2021-06-06,Sutter,101,95872,9536,9567,93,9660,111
2021-06-06,Tehama,103,63373,5081,5092,612,5704,63
2021-06-06,Trinity,105,12862,365,328,68,396,3
2021-06-06,Tulare,107,460477,49666,49466,9585,59051,847
2021-06-06,Tuolumne,109,53932,4087,4097,37,4134,63
2021-06-06,Ventura,111,848112,81154,81130,3112,84242,1025
2021-06-06,Yolo,113,214977,14071,14089,346,14435,210
2021-06-06,Yuba,115,75493,6097,6096,132,6228,49
2021-06-05,Alameda,1,1643700,88437,88612,2070,90682,1268
2021-06-05,Alpine,3,1148,88,88,0,88,0
2021-06-05,Amador,5,37829,3707,3694,35,3729,46
2021-06-05,Butte,7,227075,12582,12514,1921,14435,194
2021-06-05,Calaveras,9,45235,2183,2181,15,2196,55
2021-06-05,Colusa,11,21464,1950,1959,324,2283,15
2021-06-05,Contra Costa,13,1133247,69972,69601,1361,70962,817
2021-06-05,Del Norte,15,27424,1402,1400,8,1408,8
2021-06-05,El Dorado,17,186661,10287,10288,777,11065,113
2021-06-05,Fresno,19,978130,102238,102626,9022,111648,1717
2021-06-05,Glenn,21,27897,2421,2423,581,3004,19
2021-06-05,Humboldt,23,135768,4355,4346,38,4384,42
2021-06-05,Imperial,25,180216,28584,28764,2932,31696,738
2021-06-05,Inyo,27,18085,1405,1405,4,1409,35
2021-06-05,Kern,29,883053,96975,96597,11448,108045,1324
2021-06-05,Kings,31,150075,22994,23017,1192,24209,244
2021-06-05,Lake,33,64148,3545,3534,9,3543,45
2021-06-05,Lassen,35,31185,5221,5191,122,5313,18
2021-06-05,Los Angeles,37,10098052,1203703,1203338,43935,1247273,24411
2021-06-05,Madera,39,155013,16587,16563,962,17525,240
2021-06-05,Marin,41,260295,14087,14101,270,14371,229
2021-06-05,Mariposa,43,17540,435,435,11,446,5
2021-06-05,Mendocino,45,87422,4064,3989,77,4066,47
2021-06-05,Merced,47,269075,31128,31212,998,32210,459
2021-06-05,Modoc,49,8938,385,375,132,507,3
2021-06-05,Mono,51,14174,1251,1274,12,1286,3
2021-06-05,Monterey,53,433212,43068,43071,1931,45002,415
2021-06-05,Napa,55,140530,9939,9960,35,9995,80
2021-06-05,Nevada,57,99092,4866,4849,199,5048,72
2021-06-05,Orange,59,3164182,254863,254752,11757,266509,5069
2021-06-05,Placer,61,380077,23361,23133,1576,24709,293
2021-06-05,Plumas,63,18699,710,692,12,704,4
2021-06-05,Riverside,65,2383286,291542,289157,14788,303945,4451
2021-06-05,Sacramento,67,1510023,106730,106688,1853,108541,1655
2021-06-05,San Benito,69,59416,6065,6074,119,6193,63
2021-06-05,San Bernardino,71,2135413,292854,293081,9063,302144,4772
2021-06-05,San Diego,73,3302833,281169,280676,0,280676,3764
2021-06-05,San Francisco,75,870044,36788,37111,1395,38506,552
2021-06-05,San Joaquin,77,732212,73260,73078,3766,76844,1388
2021-06-05,San Luis Obispo,79,281455,21265,21236,787,22023,255
2021-06-05,San Mateo,81,765935,42445,42433,488,42921,664
2021-06-05,Santa Barbara,83,443738,34502,34399,1249,35648,459
2021-06-05,Santa Clara,85,1922200,118387,119676,801,120477,2066
2021-06-05,Santa Cruz,87,273765,16183,16154,875,17029,208
2021-06-05,Shasta,89,179085,12408,12472,1659,14131,200
2021-06-05,Sierra,91,2930,55,55,14,69,0
2021-06-05,Siskiyou,93,43540,1930,1867,390,2257,21
2021-06-05,Solano,95,438530,33040,33074,565,33639,257
2021-06-05,Sonoma,97,501317,30344,30450,354,30804,323
2021-06-05,Stanislaus,99,539301,56451,56463,6210,62673,973
2021-06-05,Sutter,101,95872,9533,9559,93,9652,111
2021-06-05,Tehama,103,63373,5080,5092,611,5703,63
2021-06-05,Trinity,105,12862,365,328,68,396,3
2021-06-05,Tulare,107,460477,49661,49463,9584,59047,847
2021-06-05,Tuolumne,109,53932,4085,4098,37,4135,63
2021-06-05,Ventura,111,848112,81145,81119,3110,84229,1025
2021-06-05,Yolo,113,214977,14069,14088,346,14434,210
2021-06-05,Yuba,115,75493,6096,6087,132,6219,49
2021-06-04,Alameda,1,1643700,88410,88585,2068,90653,1263
2021-06-04,Alpine,3,1148,88,88,0,88,0
2021-06-04,Amador,5,37829,3707,3690,35,3725,46
2021-06-04,Butte,7,227075,12571,12494,1918,14412,193
2021-06-04,Calaveras,9,45235,2183,2179,15,2194,55
2021-06-04,Colusa,11,21464,1950,1959,324,2283,15
2021-06-04,Contra Costa,13,1133247,69937,69540,1358,70898,816
2021-06-04,Del Norte,15,27424,1402,1398,8,1406,8
2021-06-04,El Dorado,17,186661,10283,10284,775,11059,112
2021-06-04,Fresno,19,978130,102222,102601,9022,111623,1712
2021-06-04,Glenn,21,27897,2421,2423,580,3003,19
2021-06-04,Humboldt,23,135768,4350,4327,38,4365,42
2021-06-04,Imperial,25,180216,28580,28753,2932,31685,738
2021-06-04,Inyo,27,18085,1405,1404,4,1408,35
2021-06-04,Kern,29,883053,96957,96573,11446,108019,1327
2021-06-04,Kings,31,150075,22994,23002,1192,24194,244
2021-06-04,Lake,33,64148,3543,3528,9,3537,45
2021-06-04,Lassen,35,31185,5221,5180,122,5302,18
2021-06-04,Los Angeles,37,10098052,1203582,1203106,43925,1247031,24400
2021-06-04,Madera,39,155013,16585,16557,962,17519,240
2021-06-04,Marin,41,260295,14086,14099,269,14368,229
2021-06-04,Mariposa,43,17540,435,435,11,446,5
2021-06-04,Mendocino,45,87422,4055,3983,77,4060,47
2021-06-04,Merced,47,269075,31123,31204,997,32201,459
2021-06-04,Modoc,49,8938,383,375,132,507,3
2021-06-04,Mono,51,14174,1251,1275,12,1287,3
2021-06-04,Monterey,53,433212,43064,43068,1931,44999,415
2021-06-04,Napa,55,140530,9935,9958,35,9993,80
2021-06-04,Nevada,57,99092,4862,4844,199,5043,72
2021-06-04,Orange,59,3164182,254827,254730,11754,266484,5059
2021-06-04,Placer,61,380077,23346,23110,1575,24685,293
2021-06-04,Plumas,63,18699,710,691,12,703,4
2021-06-04,Riverside,65,2383286,291516,289098,14784,303882,4452
2021-06-04,Sacramento,67,1510023,106678,106616,1851,108467,1654
2021-06-04,San Benito,69,59416,6063,6073,119,6192,63
2021-06-04,San Bernardino,71,2135413,292830,293056,9061,302117,4768
2021-06-04,San Diego,73,3302833,281127,280556,0,280556,3763
2021-06-04,San Francisco,75,870044,36783,37079,1394,38473,551
2021-06-04,San Joaquin,77,732212,73241,73039,3764,76803,1388
2021-06-04,San Luis Obispo,79,281455,21262,21234,786,22020,255
2021-06-04,San Mateo,81,765935,42433,42413,488,42901,478
2021-06-04,Santa Barbara,83,443738,34496,34402,1248,35650,459
2021-06-04,Santa Clara,85,1922200,118358,119619,801,120420,2065
2021-06-04,Santa Cruz,87,273765,16181,16150,875,17025,207
2021-06-04,Shasta,89,179085,12402,12458,1654,14112,200
2021-06-04,Sierra,91,2930,55,55,14,69,0
2021-06-04,Siskiyou,93,43540,1929,1865,390,2255,21
2021-06-04,Solano,95,438530,33029,33058,565,33623,256
2021-06-04,Sonoma,97,501317,30323,30411,354,30765,323
2021-06-04,Stanislaus,99,539301,56428,56442,6207,62649,973
2021-06-04,Sutter,101,95872,9528,9554,93,9647,111
2021-06-04,Tehama,103,63373,5075,5090,611,5701,63
2021-06-04,Trinity,105,12862,365,328,68,396,3
2021-06-04,Tulare,107,460477,49652,49452,9582,59034,847
2021-06-04,Tuolumne,109,53932,4084,4095,37,4132,63
2021-06-04,Ventura,111,848112,81138,81104,3108,84212,1023
2021-06-04,Yolo,113,214977,14067,14083,346,14429,210
2021-06-04,Yuba,115,75493,6093,6084,132,6216,49
2021-06-03,Alameda,1,1643700,88372,88555,2065,90620,1257
2021-06-03,Alpine,3,1148,88,88,0,88,0
2021-06-03,Amador,5,37829,3699,3688,35,3723,46
2021-06-03,Butte,7,227075,12567,12478,1917,14395,193
2021-06-03,Calaveras,9,45235,2183,2179,15,2194,55
2021-06-03,Colusa,11,21464,1950,1957,324,2281,15
2021-06-03,Contra Costa,13,1133247,69882,69500,1353,70853,816
2021-06-03,Del Norte,15,27424,1400,1397,8,1405,8
2021-06-03,El Dorado,17,186661,10277,10284,772,11056,112
2021-06-03,Fresno,19,978130,102206,102566,9022,111588,1709
2021-06-03,Glenn,21,27897,2421,2421,580,3001,19
2021-06-03,Humboldt,23,135768,4342,4314,38,4352,42
2021-06-03,Imperial,25,180216,28568,28737,2932,31669,738
2021-06-03,Inyo,27,18085,1405,1404,4,1408,35
2021-06-03,Kern,29,883053,96930,96507,11432,107939,1326
2021-06-03,Kings,31,150075,22990,22982,1192,24174,244
2021-06-03,Lake,33,64148,3541,3526,9,3535,45
2021-06-03,Lassen,35,31185,5212,5177,122,5299,12
2021-06-03,Los Angeles,37,10098052,1203408,1202923,43917,1246840,24386
2021-06-03,Madera,39,155013,16579,16554,962,17516,240
2021-06-03,Marin,41,260295,14081,14095,269,14364,230
2021-06-03,Mariposa,43,17540,435,435,11,446,5
2021-06-03,Mendocino,45,87422,4048,3978,77,4055,47
2021-06-03,Merced,47,269075,31119,31199,997,32196,459
2021-06-03,Modoc,49,8938,382,376,131,507,3
2021-06-03,Mono,51,14174,1251,1275,12,1287,3
2021-06-03,Monterey,53,433212,43061,43063,1931,44994,415
2021-06-03,Napa,55,140530,9928,9957,35,9992,81
2021-06-03,Nevada,57,99092,4858,4837,199,5036,72
2021-06-03,Orange,59,3164182,254799,254676,11744,266420,5056
2021-06-03,Placer,61,380077,23337,23100,1574,24674,293
2021-06-03,Plumas,63,18699,710,691,12,703,4
2021-06-03,Riverside,65,2383286,291462,289035,14780,303815,4447
2021-06-03,Sacramento,67,1510023,106599,106526,1849,108375,1654
2021-06-03,San Benito,69,59416,6063,6073,119,6192,63
2021-06-03,San Bernardino,71,2135413,292799,293021,9060,302081,4762
2021-06-03,San Diego,73,3302833,281064,280430,0,280430,3761
2021-06-03,San Francisco,75,870044,36777,37072,1394,38466,551
2021-06-03,San Joaquin,77,732212,73213,72989,3760,76749,1388
2021-06-03,San Luis Obispo,79,281455,21257,21224,786,22010,255
2021-06-03,San Mateo,81,765935,42420,42396,488,42884,467
2021-06-03,Santa Barbara,83,443738,34493,34391,1248,35639,459
2021-06-03,Santa Clara,85,1922200,118336,119592,799,120391,2058
2021-06-03,Santa Cruz,87,273765,16179,16144,875,17019,207
2021-06-03,Shasta,89,179085,12387,12441,1652,14093,199
2021-06-03,Sierra,91,2930,55,55,14,69,0
2021-06-03,Siskiyou,93,43540,1929,1862,389,2251,21
2021-06-03,Solano,95,438530,33016,33019,565,33584,256
2021-06-03,Sonoma,97,501317,30301,30383,353,30736,322
2021-06-03,Stanislaus,99,539301,56398,56401,6200,62601,973
2021-06-03,Sutter,101,95872,9519,9539,93,9632,111
2021-06-03,Tehama,103,63373,5075,5087,611,5698,63
2021-06-03,Trinity,105,12862,365,328,68,396,3
2021-06-03,Tulare,107,460477,49649,49442,9578,59020,848
2021-06-03,Tuolumne,109,53932,4082,4095,37,4132,63
2021-06-03,Ventura,111,848112,81126,81078,3106,84184,1023
2021-06-03,Yolo,113,214977,14063,14078,343,14421,210
2021-06-03,Yuba,115,75493,6086,6077,132,6209,49
2021-06-02,Alameda,1,1643700,88327,88525,2063,90588,1254
2021-06-02,Alpine,3,1148,88,88,0,88,0
2021-06-02,Amador,5,37829,3697,3687,35,3722,46
2021-06-02,Butte,7,227075,12547,12432,1914,14346,193
2021-06-02,Calaveras,9,45235,2181,2174,14,2188,55
2021-06-02,Colusa,11,21464,1949,1957,324,2281,15
2021-06-02,Contra Costa,13,1133247,69831,69455,1351,70806,814
2021-06-02,Del Norte,15,27424,1398,1395,8,1403,8
2021-06-02,El Dorado,17,186661,10273,10275,772,11047,110
2021-06-02,Fresno,19,978130,102183,102547,9019,111566,1707
2021-06-02,Glenn,21,27897,2421,2421,580,3001,19
2021-06-02,Humboldt,23,135768,4327,4302,38,4340,42
2021-06-02,Imperial,25,180216,28563,28737,2930,31667,738
2021-06-02,Inyo,27,18085,1404,1403,4,1407,35
2021-06-02,Kern,29,883053,96904,96481,11423,107904,1326
2021-06-02,Kings,31,150075,22988,22981,1192,24173,244
2021-06-02,Lake,33,64148,3536,3522,9,3531,45
2021-06-02,Lassen,35,31185,5211,5177,122,5299,6
2021-06-02,Los Angeles,37,10098052,1203207,1202760,43908,1246668,24375
2021-06-02,Madera,39,155013,16571,16550,962,17512,240
2021-06-02,Marin,41,260295,14079,14091,269,14360,229
2021-06-02,Mariposa,43,17540,435,434,11,445,5
2021-06-02,Mendocino,45,87422,4042,3970,77,4047,47
2021-06-02,Merced,47,269075,31106,31195,996,32191,458
2021-06-02,Modoc,49,8938,381,375,130,505,3
2021-06-02,Mono,51,14174,1251,1275,12,1287,3
2021-06-02,Monterey,53,433212,43059,43056,1931,44987,380
2021-06-02,Napa,55,140530,9927,9953,35,9988,82
2021-06-02,Nevada,57,99092,4855,4833,199,5032,72
2021-06-02,Orange,59,3164182,254754,254637,11740,266377,5055
2021-06-02,Placer,61,380077,23316,23058,1572,24630,293
2021-06-02,Plumas,63,18699,710,690,12,702,4
2021-06-02,Riverside,65,2383286,291407,289012,14770,303782,4445
2021-06-02,Sacramento,67,1510023,106535,106435,1842,108277,1649
2021-06-02,San Benito,69,59416,6062,6073,119,6192,63
2021-06-02,San Bernardino,71,2135413,292753,293004,9055,302059,4760
2021-06-02,San Diego,73,3302833,280984,280347,0,280347,3760
2021-06-02,San Francisco,75,870044,36757,37050,1393,38443,550
2021-06-02,San Joaquin,77,732212,73182,72893,3757,76650,1387
2021-06-02,San Luis Obispo,79,281455,21250,21214,785,21999,255
2021-06-02,San Mateo,81,765935,42410,42383,487,42870,464
2021-06-02,Santa Barbara,83,443738,34486,34381,1248,35629,456
2021-06-02,Santa Clara,85,1922200,118308,119553,798,120351,2058
2021-06-02,Santa Cruz,87,273765,16176,16144,875,17019,207
2021-06-02,Shasta,89,179085,12370,12426,1648,14074,199
2021-06-02,Sierra,91,2930,55,55,14,69,0
2021-06-02,Siskiyou,93,43540,1929,1861,387,2248,21
2021-06-02,Solano,95,438530,33004,33007,564,33571,256
2021-06-02,Sonoma,97,501317,30282,30359,348,30707,322
2021-06-02,Stanislaus,99,539301,56369,56377,6195,62572,973
2021-06-02,Sutter,101,95872,9516,9533,93,9626,111
2021-06-02,Tehama,103,63373,5072,5081,611,5692,63
2021-06-02,Trinity,105,12862,363,328,68,396,3
2021-06-02,Tulare,107,460477,49641,49434,9574,59008,846
2021-06-02,Tuolumne,109,53932,4082,4095,37,4132,63
2021-06-02,Ventura,111,848112,81101,81033,3106,84139,1020
2021-06-02,Yolo,113,214977,14060,14074,342,14416,210
2021-06-02,Yuba,115,75493,6080,6072,132,6204,48
2021-06-01,Alameda,1,1643700,88294,88472,2061,90533,1253
2021-06-01,Alpine,3,1148,88,88,0,88,0
2021-06-01,Amador,5,37829,3695,3687,35,3722,46
2021-06-01,Butte,7,227075,12533,12427,1913,14340,193
2021-06-01,Calaveras,9,45235,2179,2173,14,2187,55
2021-06-01,Colusa,11,21464,1948,1955,323,2278,15
2021-06-01,Contra Costa,13,1133247,69774,69404,1351,70755,813
2021-06-01,Del Norte,15,27424,1397,1394,8,1402,8
2021-06-01,El Dorado,17,186661,10267,10271,772,11043,110
2021-06-01,Fresno,19,978130,102160,102534,9016,111550,1706
2021-06-01,Glenn,21,27897,2421,2422,580,3002,18
2021-06-01,Humboldt,23,135768,4317,4299,38,4337,42
2021-06-01,Imperial,25,180216,28559,28722,2929,31651,736
2021-06-01,Inyo,27,18085,1404,1403,4,1407,35
2021-06-01,Kern,29,883053,96877,96477,11415,107892,1319
2021-06-01,Kings,31,150075,22984,22977,1192,24169,244
2021-06-01,Lake,33,64148,3535,3523,9,3532,45
2021-06-01,Lassen,35,31185,5204,5172,122,5294,6
2021-06-01,Los Angeles,37,10098052,1202974,1202673,43895,1246568,24367
2021-06-01,Madera,39,155013,16562,16549,961,17510,240
2021-06-01,Marin,41,260295,14077,14081,269,14350,229
2021-06-01,Mariposa,43,17540,435,431,11,442,5
2021-06-01,Mendocino,45,87422,4035,3966,77,4043,47
2021-06-01,Merced,47,269075,31097,31195,996,32191,456
2021-06-01,Modoc,49,8938,380,375,130,505,3
2021-06-01,Mono,51,14174,1251,1275,12,1287,3
2021-06-01,Monterey,53,433212,43053,43051,1931,44982,379
2021-06-01,Napa,55,140530,9925,9949,35,9984,82
2021-06-01,Nevada,57,99092,4850,4825,199,5024,72
2021-06-01,Orange,59,3164182,254719,254603,11732,266335,5051
2021-06-01,Placer,61,380077,23286,23021,1570,24591,293
2021-06-01,Plumas,63,18699,709,690,12,702,4
2021-06-01,Riverside,65,2383286,291356,288996,14764,303760,4442
2021-06-01,Sacramento,67,1510023,106463,106330,1840,108170,1644
2021-06-01,San Benito,69,59416,6061,6073,118,6191,63
2021-06-01,San Bernardino,71,2135413,292731,292990,9054,302044,4758
2021-06-01,San Diego,73,3302833,280881,280305,0,280305,3756
2021-06-01,San Francisco,75,870044,36741,37031,1393,38424,550
2021-06-01,San Joaquin,77,732212,73150,72858,3755,76613,1383
2021-06-01,San Luis Obispo,79,281455,21245,21217,785,22002,256
2021-06-01,San Mateo,81,765935,42394,42383,486,42869,462
2021-06-01,Santa Barbara,83,443738,34483,34374,1248,35622,456
2021-06-01,Santa Clara,85,1922200,118280,119528,798,120326,2057
2021-06-01,Santa Cruz,87,273765,16172,16143,874,17017,207
2021-06-01,Shasta,89,179085,12361,12409,1643,14052,199
2021-06-01,Sierra,91,2930,55,55,14,69,0
2021-06-01,Siskiyou,93,43540,1923,1860,386,2246,21
2021-06-01,Solano,95,438530,32979,32974,563,33537,256
2021-06-01,Sonoma,97,501317,30243,30324,347,30671,322
2021-06-01,Stanislaus,99,539301,56345,56348,6193,62541,973
2021-06-01,Sutter,101,95872,9509,9528,93,9621,111
2021-06-01,Tehama,103,63373,5070,5079,611,5690,63
2021-06-01,Trinity,105,12862,362,328,67,395,3
2021-06-01,Tulare,107,460477,49633,49419,9570,58989,845
2021-06-01,Tuolumne,109,53932,4082,4094,37,4131,63
2021-06-01,Ventura,111,848112,81085,81018,3105,84123,1021
2021-06-01,Yolo,113,214977,14055,14067,341,14408,210
2021-06-01,Yuba,115,75493,6076,6067,132,6199,48
2021-05-31,Alameda,1,1643700,88256,88458,2057,90515,1253
2021-05-31,Alpine,3,1148,88,88,0,88,0
2021-05-31,Amador,5,37829,3689,3687,35,3722,46
2021-05-31,Butte,7,227075,12520,12429,1913,14342,193
2021-05-31,Calaveras,9,45235,2178,2171,14,2185,55
2021-05-31,Colusa,11,21464,1948,1956,322,2278,15
2021-05-31,Contra Costa,13,1133247,69737,69390,1349,70739,813
2021-05-31,Del Norte,15,27424,1394,1394,8,1402,8
2021-05-31,El Dorado,17,186661,10261,10271,770,11041,110
2021-05-31,Fresno,19,978130,102124,102507,9015,111522,1706
2021-05-31,Glenn,21,27897,2420,2422,579,3001,18
2021-05-31,Humboldt,23,135768,4305,4295,38,4333,42
2021-05-31,Imperial,25,180216,28553,28732,2926,31658,736
2021-05-31,Inyo,27,18085,1403,1403,4,1407,35
2021-05-31,Kern,29,883053,96841,96457,11406,107863,1319
2021-05-31,Kings,31,150075,22980,22977,1192,24169,244
2021-05-31,Lake,33,64148,3530,3523,9,3532,45
2021-05-31,Lassen,35,31185,5202,5172,121,5293,6
2021-05-31,Los Angeles,37,10098052,1202733,1202567,43887,1246454,24364
2021-05-31,Madera,39,155013,16561,16543,960,17503,240
2021-05-31,Marin,41,260295,14075,14080,268,14348,229
2021-05-31,Mariposa,43,17540,435,430,11,441,5
2021-05-31,Mendocino,45,87422,4026,3961,77,4038,47
2021-05-31,Merced,47,269075,31092,31194,996,32190,456
2021-05-31,Modoc,49,8938,379,374,130,504,3
2021-05-31,Mono,51,14174,1251,1275,12,1287,3
2021-05-31,Monterey,53,433212,43049,43051,1931,44982,379
2021-05-31,Napa,55,140530,9918,9948,35,9983,82
2021-05-31,Nevada,57,99092,4840,4823,198,5021,72
2021-05-31,Orange,59,3164182,254692,254572,11725,266297,5051
2021-05-31,Placer,61,380077,23259,23019,1565,24584,293
2021-05-31,Plumas,63,18699,708,690,12,702,4
2021-05-31,Riverside,65,2383286,291299,288970,14752,303722,4442
2021-05-31,Sacramento,67,1510023,106366,106278,1834,108112,1644
2021-05-31,San Benito,69,59416,6061,6072,118,6190,63
2021-05-31,San Bernardino,71,2135413,292683,292973,9053,302026,4758
2021-05-31,San Diego,73,3302833,280777,280254,0,280254,3756
2021-05-31,San Francisco,75,870044,36726,37022,1392,38414,550
2021-05-31,San Joaquin,77,732212,73103,72856,3748,76604,1383
2021-05-31,San Luis Obispo,79,281455,21237,21215,785,22000,256
2021-05-31,San Mateo,81,765935,42378,42389,486,42875,442
2021-05-31,Santa Barbara,83,443738,34470,34369,1246,35615,456
2021-05-31,Santa Clara,85,1922200,118236,119515,798,120313,2057
2021-05-31,Santa Cruz,87,273765,16169,16139,874,17013,207
2021-05-31,Shasta,89,179085,12345,12408,1640,14048,199
2021-05-31,Sierra,91,2930,55,55,14,69,0
2021-05-31,Siskiyou,93,43540,1922,1856,385,2241,21
2021-05-31,Solano,95,438530,32928,32973,563,33536,256
2021-05-31,Sonoma,97,501317,30200,30314,347,30661,322
2021-05-31,Stanislaus,99,539301,56294,56335,6190,62525,973
2021-05-31,Sutter,101,95872,9490,9523,93,9616,111
2021-05-31,Tehama,103,63373,5068,5076,610,5686,63
2021-05-31,Trinity,105,12862,362,328,67,395,3
2021-05-31,Tulare,107,460477,49622,49404,9565,58969,845
2021-05-31,Tuolumne,109,53932,4080,4095,37,4132,63
2021-05-31,Ventura,111,848112,81070,81017,3102,84119,1021
2021-05-31,Yolo,113,214977,14051,14064,341,14405,210
2021-05-31,Yuba,115,75493,6070,6063,129,6192,48
2021-05-30,Alameda,1,1643700,88231,88429,2057,90486,1253
2021-05-30,Alpine,3,1148,88,88,0,88,0
2021-05-30,Amador,5,37829,3685,3685,35,3720,46
2021-05-30,Butte,7,227075,12510,12427,1911,14338,190
2021-05-30,Calaveras,9,45235,2174,2166,14,2180,55
2021-05-30,Colusa,11,21464,1948,1954,322,2276,15
2021-05-30,Contra Costa,13,1133247,69703,69381,1347,70728,813
2021-05-30,Del Norte,15,27424,1393,1393,8,1401,8
2021-05-30,El Dorado,17,186661,10258,10271,770,11041,110
2021-05-30,Fresno,19,978130,102107,102499,9011,111510,1706
2021-05-30,Glenn,21,27897,2420,2422,578,3000,18
2021-05-30,Humboldt,23,135768,4296,4291,38,4329,42
2021-05-30,Imperial,25,180216,28548,28732,2925,31657,736
2021-05-30,Inyo,27,18085,1403,1403,4,1407,35
2021-05-30,Kern,29,883053,96825,96443,11403,107846,1319
2021-05-30,Kings,31,150075,22979,22974,1191,24165,244
2021-05-30,Lake,33,64148,3530,3517,9,3526,45
2021-05-30,Lassen,35,31185,5200,5171,121,5292,6
2021-05-30,Los Angeles,37,10098052,1202629,1202425,43880,1246305,24360
2021-05-30,Madera,39,155013,16557,16538,960,17498,240
2021-05-30,Marin,41,260295,14071,14083,267,14350,229
2021-05-30,Mariposa,43,17540,435,430,11,441,5
2021-05-30,Mendocino,45,87422,4019,3955,77,4032,47
2021-05-30,Merced,47,269075,31088,31189,995,32184,456
2021-05-30,Modoc,49,8938,379,374,130,504,3
2021-05-30,Mono,51,14174,1251,1275,12,1287,3
2021-05-30,Monterey,53,433212,43046,43049,1931,44980,379
2021-05-30,Napa,55,140530,9917,9948,35,9983,82
2021-05-30,Nevada,57,99092,4834,4818,198,5016,72
2021-05-30,Orange,59,3164182,254668,254559,11724,266283,5051
2021-05-30,Placer,61,380077,23253,23016,1565,24581,293
2021-05-30,Plumas,63,18699,706,690,12,702,4
2021-05-30,Riverside,65,2383286,291278,288961,14750,303711,4442
2021-05-30,Sacramento,67,1510023,106321,106252,1832,108084,1644
2021-05-30,San Benito,69,59416,6061,6072,118,6190,63
2021-05-30,San Bernardino,71,2135413,292658,292981,9052,302033,4758
2021-05-30,San Diego,73,3302833,280721,280209,0,280209,3756
2021-05-30,San Francisco,75,870044,36708,37016,1391,38407,550
2021-05-30,San Joaquin,77,732212,73086,72853,3747,76600,1383
2021-05-30,San Luis Obispo,79,281455,21229,21211,784,21995,256
2021-05-30,San Mateo,81,765935,42370,42386,486,42872,439
2021-05-30,Santa Barbara,83,443738,34466,34369,1245,35614,456
2021-05-30,Santa Clara,85,1922200,118214,119510,794,120304,2057
2021-05-30,Santa Cruz,87,273765,16167,16140,874,17014,207
2021-05-30,Shasta,89,179085,12343,12408,1637,14045,199
2021-05-30,Sierra,91,2930,55,55,14,69,0
2021-05-30,Siskiyou,93,43540,1922,1856,385,2241,21
2021-05-30,Solano,95,438530,32917,32952,562,33514,256
2021-05-30,Sonoma,97,501317,30184,30310,345,30655,322
2021-05-30,Stanislaus,99,539301,56275,56323,6189,62512,973
2021-05-30,Sutter,101,95872,9489,9519,92,9611,111
2021-05-30,Tehama,103,63373,5068,5073,610,5683,63
2021-05-30,Trinity,105,12862,362,328,67,395,3
2021-05-30,Tulare,107,460477,49615,49397,9557,58954,845
2021-05-30,Tuolumne,109,53932,4080,4094,37,4131,63
2021-05-30,Ventura,111,848112,81067,81012,3100,84112,1021
2021-05-30,Yolo,113,214977,14046,14059,340,14399,210
2021-05-30,Yuba,115,75493,6063,6063,128,6191,48
2021-05-29,Alameda,1,1643700,88208,88433,2055,90488,1253
2021-05-29,Alpine,3,1148,88,88,0,88,0
2021-05-29,Amador,5,37829,3684,3683,35,3718,46
2021-05-29,Butte,7,227075,12504,12425,1911,14336,190
2021-05-29,Calaveras,9,45235,2173,2166,14,2180,55
2021-05-29,Colusa,11,21464,1945,1954,322,2276,15
2021-05-29,Contra Costa,13,1133247,69670,69351,1347,70698,813
2021-05-29,Del Norte,15,27424,1393,1391,8,1399,8
2021-05-29,El Dorado,17,186661,10257,10269,768,11037,110
2021-05-29,Fresno,19,978130,102095,102470,9008,111478,1706
2021-05-29,Glenn,21,27897,2420,2422,577,2999,18
2021-05-29,Humboldt,23,135768,4290,4283,38,4321,42
2021-05-29,Imperial,25,180216,28545,28729,2924,31653,736
2021-05-29,Inyo,27,18085,1403,1404,4,1408,35
2021-05-29,Kern,29,883053,96815,96424,11389,107813,1319
2021-05-29,Kings,31,150075,22978,22970,1190,24160,244
2021-05-29,Lake,33,64148,3530,3515,9,3524,45
2021-05-29,Lassen,35,31185,5200,5171,121,5292,6
2021-05-29,Los Angeles,37,10098052,1202505,1202264,43877,1246141,24359
2021-05-29,Madera,39,155013,16555,16535,960,17495,240
2021-05-29,Marin,41,260295,14067,14071,266,14337,229
2021-05-29,Mariposa,43,17540,434,428,11,439,5
2021-05-29,Mendocino,45,87422,4013,3952,77,4029,47
2021-05-29,Merced,47,269075,31077,31187,995,32182,456
2021-05-29,Modoc,49,8938,379,374,130,504,3
2021-05-29,Mono,51,14174,1251,1275,12,1287,3
2021-05-29,Monterey,53,433212,43044,43042,1931,44973,379
2021-05-29,Napa,55,140530,9914,9948,35,9983,82
2021-05-29,Nevada,57,99092,4833,4816,198,5014,72
2021-05-29,Orange,59,3164182,254646,254537,11714,266251,5049
2021-05-29,Placer,61,380077,23239,23009,1564,24573,293
2021-05-29,Plumas,63,18699,706,689,12,701,4
2021-05-29,Riverside,65,2383286,291258,288908,14749,303657,4442
2021-05-29,Sacramento,67,1510023,106292,106218,1831,108049,1643
2021-05-29,San Benito,69,59416,6060,6072,118,6190,63
2021-05-29,San Bernardino,71,2135413,292626,292961,9051,302012,4757
2021-05-29,San Diego,73,3302833,280662,280151,0,280151,3756
2021-05-29,San Francisco,75,870044,36699,37008,1391,38399,550
2021-05-29,San Joaquin,77,732212,73070,72827,3745,76572,1383
2021-05-29,San Luis Obispo,79,281455,21227,21201,784,21985,256
2021-05-29,San Mateo,81,765935,42362,42375,485,42860,439
2021-05-29,Santa Barbara,83,443738,34462,34367,1245,35612,456
2021-05-29,Santa Clara,85,1922200,118190,119498,793,120291,2056
2021-05-29,Santa Cruz,87,273765,16166,16137,874,17011,207
2021-05-29,Shasta,89,179085,12335,12401,1636,14037,199
2021-05-29,Sierra,91,2930,55,55,14,69,0
2021-05-29,Siskiyou,93,43540,1917,1856,385,2241,21
2021-05-29,Solano,95,438530,32908,32917,562,33479,256
2021-05-29,Sonoma,97,501317,30161,30298,344,30642,322
2021-05-29,Stanislaus,99,539301,56255,56305,6187,62492,974
2021-05-29,Sutter,101,95872,9485,9516,92,9608,111
2021-05-29,Tehama,103,63373,5067,5070,610,5680,63
2021-05-29,Trinity,105,12862,362,328,67,395,3
2021-05-29,Tulare,107,460477,49605,49392,9553,58945,845
2021-05-29,Tuolumne,109,53932,4080,4093,37,4130,63
2021-05-29,Ventura,111,848112,81059,81008,3100,84108,1021
2021-05-29,Yolo,113,214977,14045,14055,340,14395,210
2021-05-29,Yuba,115,75493,6063,6059,128,6187,48
2021-05-28,Alameda,1,1643700,88184,88391,2051,90442,1261
2021-05-28,Alpine,3,1148,88,88,0,88,0
2021-05-28,Amador,5,37829,3684,3680,35,3715,46
2021-05-28,Butte,7,227075,12501,12407,1910,14317,190
2021-05-28,Calaveras,9,45235,2172,2165,14,2179,55
2021-05-28,Colusa,11,21464,1945,1954,320,2274,15
2021-05-28,Contra Costa,13,1133247,69634,69290,1346,70636,813
2021-05-28,Del Norte,15,27424,1392,1390,8,1398,8
2021-05-28,El Dorado,17,186661,10254,10265,768,11033,110
2021-05-28,Fresno,19,978130,102081,102437,9008,111445,1705
2021-05-28,Glenn,21,27897,2420,2419,577,2996,18
2021-05-28,Humboldt,23,135768,4284,4265,38,4303,42
2021-05-28,Imperial,25,180216,28542,28722,2924,31646,736
2021-05-28,Inyo,27,18085,1403,1404,4,1408,35
2021-05-28,Kern,29,883053,96798,96396,11381,107777,1320
2021-05-28,Kings,31,150075,22976,22962,1190,24152,244
2021-05-28,Lake,33,64148,3528,3515,9,3524,45
2021-05-28,Lassen,35,31185,5200,5169,121,5290,6
2021-05-28,Los Angeles,37,10098052,1202397,1202103,43865,1245968,24357
2021-05-28,Madera,39,155013,16553,16530,960,17490,240
2021-05-28,Marin,41,260295,14066,14063,265,14328,229
2021-05-28,Mariposa,43,17540,434,428,11,439,5
2021-05-28,Mendocino,45,87422,4008,3947,77,4024,47
2021-05-28,Merced,47,269075,31074,31176,995,32171,455
2021-05-28,Modoc,49,8938,379,374,130,504,3
2021-05-28,Mono,51,14174,1251,1274,12,1286,3
2021-05-28,Monterey,53,433212,43043,43036,1931,44967,379
2021-05-28,Napa,55,140530,9914,9941,35,9976,82
2021-05-28,Nevada,57,99092,4831,4813,198,5011,71
2021-05-28,Orange,59,3164182,254628,254494,11712,266206,5047
2021-05-28,Placer,61,380077,23229,22987,1562,24549,293
2021-05-28,Plumas,63,18699,704,688,12,700,4
2021-05-28,Riverside,65,2383286,291236,288872,14747,303619,4442
2021-05-28,Sacramento,67,1510023,106234,106131,1830,107961,1642
2021-05-28,San Benito,69,59416,6060,6074,118,6192,63
2021-05-28,San Bernardino,71,2135413,292602,292905,9051,301956,4757
2021-05-28,San Diego,73,3302833,280599,280043,0,280043,3756
2021-05-28,San Francisco,75,870044,36693,36987,1391,38378,546
2021-05-28,San Joaquin,77,732212,73040,72793,3743,76536,1383
2021-05-28,San Luis Obispo,79,281455,21223,21190,782,21972,256
2021-05-28,San Mateo,81,765935,42356,42364,485,42849,439
2021-05-28,Santa Barbara,83,443738,34461,34371,1244,35615,455
2021-05-28,Santa Clara,85,1922200,118166,119462,793,120255,2056
2021-05-28,Santa Cruz,87,273765,16165,16129,874,17003,207
2021-05-28,Shasta,89,179085,12326,12383,1634,14017,198
2021-05-28,Sierra,91,2930,55,54,14,68,0
2021-05-28,Siskiyou,93,43540,1915,1850,385,2235,19
2021-05-28,Solano,95,438530,32893,32892,562,33454,256
2021-05-28,Sonoma,97,501317,30142,30270,344,30614,321
2021-05-28,Stanislaus,99,539301,56232,56278,6184,62462,974
2021-05-28,Sutter,101,95872,9481,9511,92,9603,111
2021-05-28,Tehama,103,63373,5061,5064,610,5674,63
2021-05-28,Trinity,105,12862,362,328,67,395,3
2021-05-28,Tulare,107,460477,49599,49375,9543,58918,846
2021-05-28,Tuolumne,109,53932,4080,4090,37,4127,63
2021-05-28,Ventura,111,848112,81048,80985,3099,84084,1021
2021-05-28,Yolo,113,214977,14041,14050,339,14389,210
2021-05-28,Yuba,115,75493,6061,6050,127,6177,48
2021-05-27,Alameda,1,1643700,88148,88342,2050,90392,1274
2021-05-27,Alpine,3,1148,88,88,0,88,0
2021-05-27,Amador,5,37829,3682,3680,35,3715,46
2021-05-27,Butte,7,227075,12496,12401,1909,14310,190
2021-05-27,Calaveras,9,45235,2171,2163,14,2177,55
2021-05-27,Colusa,11,21464,1942,1952,320,2272,15
2021-05-27,Contra Costa,13,1133247,69593,69245,1344,70589,813
2021-05-27,Del Norte,15,27424,1392,1388,8,1396,8
2021-05-27,El Dorado,17,186661,10253,10248,768,11016,112
2021-05-27,Fresno,19,978130,102065,102413,9005,111418,1704
2021-05-27,Glenn,21,27897,2420,2415,577,2992,18
2021-05-27,Humboldt,23,135768,4276,4260,38,4298,42
2021-05-27,Imperial,25,180216,28531,28728,2924,31652,736
2021-05-27,Inyo,27,18085,1403,1404,4,1408,35
2021-05-27,Kern,29,883053,96782,96364,11373,107737,1322
2021-05-27,Kings,31,150075,22973,22953,1190,24143,245
2021-05-27,Lake,33,64148,3523,3509,9,3518,45
2021-05-27,Lassen,35,31185,5199,5170,120,5290,6
2021-05-27,Los Angeles,37,10098052,1202236,1201927,43849,1245776,24348
2021-05-27,Madera,39,155013,16544,16527,960,17487,240
2021-05-27,Marin,41,260295,14062,14061,265,14326,229
2021-05-27,Mariposa,43,17540,432,427,11,438,5
2021-05-27,Mendocino,45,87422,4002,3945,77,4022,47
2021-05-27,Merced,47,269075,31062,31161,995,32156,455
2021-05-27,Modoc,49,8938,378,374,130,504,3
2021-05-27,Mono,51,14174,1251,1276,12,1288,3
2021-05-27,Monterey,53,433212,43037,43032,1931,44963,379
2021-05-27,Napa,55,140530,9913,9934,35,9969,82
2021-05-27,Nevada,57,99092,4827,4807,196,5003,71
2021-05-27,Orange,59,3164182,254592,254438,11707,266145,5059
2021-05-27,Placer,61,380077,23220,22966,1562,24528,293
2021-05-27,Plumas,63,18699,704,687,12,699,4
2021-05-27,Riverside,65,2383286,291201,288835,14742,303577,4443
2021-05-27,Sacramento,67,1510023,106160,106015,1828,107843,1642
2021-05-27,San Benito,69,59416,6059,6074,118,6192,63
2021-05-27,San Bernardino,71,2135413,292563,292755,9049,301804,4756
2021-05-27,San Diego,73,3302833,280525,279960,0,279960,3756
2021-05-27,San Francisco,75,870044,36688,36980,1387,38367,546
2021-05-27,San Joaquin,77,732212,73008,72714,3739,76453,1388
2021-05-27,San Luis Obispo,79,281455,21220,21171,782,21953,256
2021-05-27,San Mateo,81,765935,42347,42345,485,42830,436
2021-05-27,Santa Barbara,83,443738,34457,34355,1244,35599,456
2021-05-27,Santa Clara,85,1922200,118147,119452,793,120245,2053
2021-05-27,Santa Cruz,87,273765,16162,16134,874,17008,207
2021-05-27,Shasta,89,179085,12315,12380,1634,14014,202
2021-05-27,Sierra,91,2930,55,54,14,68,0
2021-05-27,Siskiyou,93,43540,1912,1846,385,2231,18
2021-05-27,Solano,95,438530,32852,32855,561,33416,257
2021-05-27,Sonoma,97,501317,30115,30253,340,30593,321
2021-05-27,Stanislaus,99,539301,56204,56207,6183,62390,974
2021-05-27,Sutter,101,95872,9477,9501,92,9593,111
2021-05-27,Tehama,103,63373,5058,5064,609,5673,63
2021-05-27,Trinity,105,12862,362,328,67,395,3
2021-05-27,Tulare,107,460477,49585,49366,9534,58900,840
2021-05-27,Tuolumne,109,53932,4079,4090,37,4127,66
2021-05-27,Ventura,111,848112,81035,80965,3096,84061,1023
2021-05-27,Yolo,113,214977,14038,14036,338,14374,213
2021-05-27,Yuba,115,75493,6056,6040,126,6166,48
2021-05-26,Alameda,1,1643700,88119,88297,2050,90347,1266
2021-05-26,Alpine,3,1148,88,88,0,88,0
2021-05-26,Amador,5,37829,3682,3679,35,3714,46
2021-05-26,Butte,7,227075,12487,12332,1908,14240,190
2021-05-26,Calaveras,9,45235,2169,2154,14,2168,55
2021-05-26,Colusa,11,21464,1941,1952,320,2272,15
2021-05-26,Contra Costa,13,1133247,69556,69210,1344,70554,812
2021-05-26,Del Norte,15,27424,1392,1386,7,1393,8
2021-05-26,El Dorado,17,186661,10249,10242,767,11009,112
2021-05-26,Fresno,19,978130,102033,102374,9000,111374,1702
2021-05-26,Glenn,21,27897,2419,2415,577,2992,18
2021-05-26,Humboldt,23,135768,4271,4246,38,4284,42
2021-05-26,Imperial,25,180216,28526,28712,2922,31634,734
2021-05-26,Inyo,27,18085,1403,1403,4,1407,36
2021-05-26,Kern,29,883053,96758,96343,11365,107708,1320
2021-05-26,Kings,31,150075,22969,22950,1189,24139,245
2021-05-26,Lake,33,64148,3522,3508,9,3517,45
2021-05-26,Lassen,35,31185,5198,5164,120,5284,6
2021-05-26,Los Angeles,37,10098052,1202072,1198100,43831,1241931,24221
2021-05-26,Madera,39,155013,16542,16520,960,17480,240
2021-05-26,Marin,41,260295,14059,14061,264,14325,227
2021-05-26,Mariposa,43,17540,432,427,11,438,5
2021-05-26,Mendocino,45,87422,3996,3938,77,4015,47
2021-05-26,Merced,47,269075,31053,31139,995,32134,455
2021-05-26,Modoc,49,8938,378,371,129,500,3
2021-05-26,Mono,51,14174,1251,1274,12,1286,3
2021-05-26,Monterey,53,433212,43031,43018,1930,44948,379
2021-05-26,Napa,55,140530,9906,9932,33,9965,82
2021-05-26,Nevada,57,99092,4822,4803,196,4999,70
2021-05-26,Orange,59,3164182,254557,254368,11703,266071,5058
2021-05-26,Placer,61,380077,23196,22940,1562,24502,293
2021-05-26,Plumas,63,18699,703,685,12,697,4
2021-05-26,Riverside,65,2383286,291155,288782,14735,303517,4443
2021-05-26,Sacramento,67,1510023,106074,105919,1824,107743,1637
2021-05-26,San Benito,69,59416,6059,6074,118,6192,63
2021-05-26,San Bernardino,71,2135413,292525,292662,9048,301710,4755
2021-05-26,San Diego,73,3302833,280451,279859,0,279859,3755
2021-05-26,San Francisco,75,870044,36676,36954,1387,38341,546
2021-05-26,San Joaquin,77,732212,72967,72681,3736,76417,1388
2021-05-26,San Luis Obispo,79,281455,21215,21163,782,21945,256
2021-05-26,San Mateo,81,765935,42338,42331,484,42815,436
2021-05-26,Santa Barbara,83,443738,34448,34348,1244,35592,459
2021-05-26,Santa Clara,85,1922200,118120,119421,792,120213,2031
2021-05-26,Santa Cruz,87,273765,16161,16139,874,17013,207
2021-05-26,Shasta,89,179085,12301,12357,1631,13988,202
2021-05-26,Sierra,91,2930,55,54,14,68,0
2021-05-26,Siskiyou,93,43540,1910,1847,383,2230,18
2021-05-26,Solano,95,438530,32816,32831,561,33392,257
2021-05-26,Sonoma,97,501317,30089,30230,340,30570,321
2021-05-26,Stanislaus,99,539301,56182,56193,6180,62373,974
2021-05-26,Sutter,101,95872,9472,9495,92,9587,112
2021-05-26,Tehama,103,63373,5057,5054,606,5660,63
2021-05-26,Trinity,105,12862,362,328,67,395,3
2021-05-26,Tulare,107,460477,49578,49352,9530,58882,839
2021-05-26,Tuolumne,109,53932,4075,4088,36,4124,66
2021-05-26,Ventura,111,848112,81012,80944,3094,84038,1023
2021-05-26,Yolo,113,214977,14035,14025,338,14363,213
2021-05-26,Yuba,115,75493,6051,6036,126,6162,49
2021-05-25,Alameda,1,1643700,88090,88237,2050,90287,1263
2021-05-25,Alpine,3,1148,88,88,0,88,0
2021-05-25,Amador,5,37829,3677,3676,35,3711,46
2021-05-25,Butte,7,227075,12476,12295,1907,14202,189
2021-05-25,Calaveras,9,45235,2167,2148,14,2162,55
2021-05-25,Colusa,11,21464,1940,1949,320,2269,15
2021-05-25,Contra Costa,13,1133247,69504,69167,1339,70506,809
2021-05-25,Del Norte,15,27424,1392,1385,7,1392,8
2021-05-25,El Dorado,17,186661,10242,10240,766,11006,112
2021-05-25,Fresno,19,978130,102011,102329,9000,111329,1701
2021-05-25,Glenn,21,27897,2418,2414,576,2990,17
2021-05-25,Humboldt,23,135768,4264,4231,36,4267,42
2021-05-25,Imperial,25,180216,28519,28586,2922,31508,735
2021-05-25,Inyo,27,18085,1403,1402,4,1406,36
2021-05-25,Kern,29,883053,96727,96319,11351,107670,1319
2021-05-25,Kings,31,150075,22963,22944,1188,24132,245
2021-05-25,Lake,33,64148,3521,3508,9,3517,44
2021-05-25,Lassen,35,31185,5194,5164,120,5284,6
2021-05-25,Los Angeles,37,10098052,1201898,1197940,43812,1241752,24212
2021-05-25,Madera,39,155013,16537,16519,959,17478,240
2021-05-25,Marin,41,260295,14053,14053,264,14317,227
2021-05-25,Mariposa,43,17540,431,427,11,438,5
2021-05-25,Mendocino,45,87422,3991,3928,77,4005,47
2021-05-25,Merced,47,269075,31032,31132,995,32127,455
2021-05-25,Modoc,49,8938,377,367,129,496,3
2021-05-25,Mono,51,14174,1251,1274,12,1286,3
2021-05-25,Monterey,53,433212,43027,43012,1929,44941,379
2021-05-25,Napa,55,140530,9904,9926,33,9959,82
2021-05-25,Nevada,57,99092,4816,4795,196,4991,70
2021-05-25,Orange,59,3164182,254528,254321,11702,266023,5057
2021-05-25,Placer,61,380077,23185,22920,1560,24480,292
2021-05-25,Plumas,63,18699,703,684,12,696,4
2021-05-25,Riverside,65,2383286,291116,288725,14732,303457,4443
2021-05-25,Sacramento,67,1510023,105994,105828,1820,107648,1633
2021-05-25,San Benito,69,59416,6059,6073,118,6191,63
2021-05-25,San Bernardino,71,2135413,292473,292485,9047,301532,4755
2021-05-25,San Diego,73,3302833,280372,279786,0,279786,3753
2021-05-25,San Francisco,75,870044,36653,36939,1387,38326,546
2021-05-25,San Joaquin,77,732212,72927,72628,3732,76360,1387
2021-05-25,San Luis Obispo,79,281455,21212,21153,782,21935,256
2021-05-25,San Mateo,81,765935,42328,42268,484,42752,435
2021-05-25,Santa Barbara,83,443738,34445,34337,1244,35581,459
2021-05-25,Santa Clara,85,1922200,118095,119393,791,120184,2032
2021-05-25,Santa Cruz,87,273765,16156,16141,874,17015,207
2021-05-25,Shasta,89,179085,12291,12328,1628,13956,202
2021-05-25,Sierra,91,2930,54,54,14,68,0
2021-05-25,Siskiyou,93,43540,1909,1845,382,2227,18
2021-05-25,Solano,95,438530,32798,32817,560,33377,256
2021-05-25,Sonoma,97,501317,30060,30207,339,30546,321
2021-05-25,Stanislaus,99,539301,56145,56168,6178,62346,974
2021-05-25,Sutter,101,95872,9468,9495,92,9587,112
2021-05-25,Tehama,103,63373,5055,5048,605,5653,63
2021-05-25,Trinity,105,12862,362,328,66,394,3
2021-05-25,Tulare,107,460477,49568,49326,9522,58848,838
2021-05-25,Tuolumne,109,53932,4075,4084,36,4120,66
2021-05-25,Ventura,111,848112,80994,80905,3094,83999,1022
2021-05-25,Yolo,113,214977,14028,14018,336,14354,213
2021-05-25,Yuba,115,75493,6044,6028,126,6154,49
2021-05-24,Alameda,1,1643700,88028,88182,2049,90231,1263
2021-05-24,Alpine,3,1148,88,88,0,88,0
2021-05-24,Amador,5,37829,3675,3675,35,3710,46
2021-05-24,Butte,7,227075,12463,12279,1904,14183,189
2021-05-24,Calaveras,9,45235,2166,2146,14,2160,54
2021-05-24,Colusa,11,21464,1940,1949,320,2269,15
2021-05-24,Contra Costa,13,1133247,69465,69107,1335,70442,809
2021-05-24,Del Norte,15,27424,1391,1384,7,1391,8
2021-05-24,El Dorado,17,186661,10232,10227,765,10992,112
2021-05-24,Fresno,19,978130,101971,102289,8998,111287,1698
2021-05-24,Glenn,21,27897,2418,2413,576,2989,17
2021-05-24,Humboldt,23,135768,4257,4225,36,4261,42
2021-05-24,Imperial,25,180216,28517,28575,2922,31497,735
2021-05-24,Inyo,27,18085,1403,1402,4,1406,36
2021-05-24,Kern,29,883053,96700,96296,11346,107642,1319
2021-05-24,Kings,31,150075,22959,22940,1188,24128,246
2021-05-24,Lake,33,64148,3519,3506,9,3515,43
2021-05-24,Lassen,35,31185,5190,5163,120,5283,6
2021-05-24,Los Angeles,37,10098052,1201726,1197782,43797,1241579,24201
2021-05-24,Madera,39,155013,16534,16513,958,17471,239
2021-05-24,Marin,41,260295,14051,14051,264,14315,227
2021-05-24,Mariposa,43,17540,430,427,11,438,5
2021-05-24,Mendocino,45,87422,3989,3919,77,3996,47
2021-05-24,Merced,47,269075,31022,31128,994,32122,455
2021-05-24,Modoc,49,8938,377,366,128,494,3
2021-05-24,Mono,51,14174,1251,1270,12,1282,3
2021-05-24,Monterey,53,433212,43022,43005,1928,44933,379
2021-05-24,Napa,55,140530,9904,9924,33,9957,82
2021-05-24,Nevada,57,99092,4813,4790,196,4986,70
2021-05-24,Orange,59,3164182,254494,254287,11692,265979,5056
2021-05-24,Placer,61,380077,23165,22895,1559,24454,292
2021-05-24,Plumas,63,18699,702,683,12,695,4
2021-05-24,Riverside,65,2383286,291063,288669,14721,303390,4442
2021-05-24,Sacramento,67,1510023,105879,105716,1819,107535,1632
2021-05-24,San Benito,69,59416,6059,6072,118,6190,63
2021-05-24,San Bernardino,71,2135413,292435,292343,9046,301389,4747
2021-05-24,San Diego,73,3302833,280263,279715,0,279715,3749
2021-05-24,San Francisco,75,870044,36634,36934,1386,38320,547
2021-05-24,San Joaquin,77,732212,72895,72586,3731,76317,1371
2021-05-24,San Luis Obispo,79,281455,21194,21146,781,21927,256
2021-05-24,San Mateo,81,765935,42319,42249,484,42733,433
2021-05-24,Santa Barbara,83,443738,34440,34322,1244,35566,459
2021-05-24,Santa Clara,85,1922200,118063,119358,791,120149,2030
2021-05-24,Santa Cruz,87,273765,16151,16135,874,17009,207
2021-05-24,Shasta,89,179085,12275,12315,1625,13940,201
2021-05-24,Sierra,91,2930,54,54,14,68,0
2021-05-24,Siskiyou,93,43540,1906,1840,382,2222,17
2021-05-24,Solano,95,438530,32774,32792,559,33351,254
2021-05-24,Sonoma,97,501317,30045,30187,339,30526,321
2021-05-24,Stanislaus,99,539301,56111,56128,6174,62302,974
2021-05-24,Sutter,101,95872,9462,9486,92,9578,113
2021-05-24,Tehama,103,63373,5052,5043,603,5646,63
2021-05-24,Trinity,105,12862,362,328,66,394,3
2021-05-24,Tulare,107,460477,49561,49318,9518,58836,838
2021-05-24,Tuolumne,109,53932,4075,4083,36,4119,65
2021-05-24,Ventura,111,848112,80981,80876,3092,83968,1022
2021-05-24,Yolo,113,214977,14011,14012,333,14345,213
2021-05-24,Yuba,115,75493,6035,6022,126,6148,49
2021-05-23,Alameda,1,1643700,87957,88157,2046,90203,1263
2021-05-23,Alpine,3,1148,88,88,0,88,0
2021-05-23,Amador,5,37829,3674,3673,35,3708,46
2021-05-23,Butte,7,227075,12449,12271,1903,14174,189
2021-05-23,Calaveras,9,45235,2156,2144,14,2158,54
2021-05-23,Colusa,11,21464,1940,1949,318,2267,15
2021-05-23,Contra Costa,13,1133247,69419,69075,1333,70408,809
2021-05-23,Del Norte,15,27424,1387,1383,7,1390,8
2021-05-23,El Dorado,17,186661,10226,10222,765,10987,112
2021-05-23,Fresno,19,978130,101927,102270,8993,111263,1698
2021-05-23,Glenn,21,27897,2416,2413,576,2989,17
2021-05-23,Humboldt,23,135768,4239,4216,36,4252,42
2021-05-23,Imperial,25,180216,28511,28569,2921,31490,735
2021-05-23,Inyo,27,18085,1403,1402,4,1406,36
2021-05-23,Kern,29,883053,96678,96282,11337,107619,1319
2021-05-23,Kings,31,150075,22946,22939,1186,24125,246
2021-05-23,Lake,33,64148,3516,3504,9,3513,43
2021-05-23,Lassen,35,31185,5186,5163,119,5282,6
2021-05-23,Los Angeles,37,10098052,1201544,1197633,43783,1241416,24197
2021-05-23,Madera,39,155013,16529,16504,957,17461,239
2021-05-23,Marin,41,260295,14042,14048,264,14312,227
2021-05-23,Mariposa,43,17540,430,427,11,438,5
2021-05-23,Mendocino,45,87422,3983,3913,76,3989,47
2021-05-23,Merced,47,269075,31012,31118,994,32112,455
2021-05-23,Modoc,49,8938,373,366,128,494,3
2021-05-23,Mono,51,14174,1250,1270,12,1282,3
2021-05-23,Monterey,53,433212,43012,43003,1928,44931,379
2021-05-23,Napa,55,140530,9900,9923,33,9956,82
2021-05-23,Nevada,57,99092,4803,4790,196,4986,70
2021-05-23,Orange,59,3164182,254456,254277,11685,265962,5050
2021-05-23,Placer,61,380077,23146,22888,1559,24447,292
2021-05-23,Plumas,63,18699,701,683,12,695,4
2021-05-23,Riverside,65,2383286,290996,288641,14717,303358,4442
2021-05-23,Sacramento,67,1510023,105762,105663,1817,107480,1632
2021-05-23,San Benito,69,59416,6058,6072,118,6190,63
2021-05-23,San Bernardino,71,2135413,292383,292327,9044,301371,4747
2021-05-23,San Diego,73,3302833,280173,279690,0,279690,3751
2021-05-23,San Francisco,75,870044,36623,36927,1385,38312,547
2021-05-23,San Joaquin,77,732212,72846,72571,3729,76300,1371
2021-05-23,San Luis Obispo,79,281455,21184,21141,780,21921,256
2021-05-23,San Mateo,81,765935,42302,42248,484,42732,433
2021-05-23,Santa Barbara,83,443738,34433,34319,1244,35563,459
2021-05-23,Santa Clara,85,1922200,118039,119333,791,120124,2030
2021-05-23,Santa Cruz,87,273765,16148,16130,874,17004,207
2021-05-23,Shasta,89,179085,12258,12313,1622,13935,201
2021-05-23,Sierra,91,2930,54,54,14,68,0
2021-05-23,Siskiyou,93,43540,1901,1826,375,2201,17
2021-05-23,Solano,95,438530,32756,32780,558,33338,254
2021-05-23,Sonoma,97,501317,30015,30168,338,30506,321
2021-05-23,Stanislaus,99,539301,56060,56104,6171,62275,974
2021-05-23,Sutter,101,95872,9453,9479,92,9571,113
2021-05-23,Tehama,103,63373,5045,5041,601,5642,63
2021-05-23,Trinity,105,12862,362,328,65,393,3
2021-05-23,Tulare,107,460477,49546,49310,9514,58824,838
2021-05-23,Tuolumne,109,53932,4072,4081,36,4117,65
2021-05-23,Ventura,111,848112,80951,80872,3091,83963,1022
2021-05-23,Yolo,113,214977,13999,14004,330,14334,213
2021-05-23,Yuba,115,75493,6030,6017,126,6143,49
2021-05-22,Alameda,1,1643700,87932,88101,2045,90146,1263
2021-05-22,Alpine,3,1148,88,88,0,88,0
2021-05-22,Amador,5,37829,3673,3672,35,3707,46
2021-05-22,Butte,7,227075,12437,12265,1902,14167,189
2021-05-22,Calaveras,9,45235,2154,2141,14,2155,54
2021-05-22,Colusa,11,21464,1936,1949,317,2266,15
2021-05-22,Contra Costa,13,1133247,69386,69004,1332,70336,809
2021-05-22,Del Norte,15,27424,1386,1381,7,1388,8
2021-05-22,El Dorado,17,186661,10221,10215,765,10980,112
2021-05-22,Fresno,19,978130,101913,102238,8991,111229,1698
2021-05-22,Glenn,21,27897,2416,2412,576,2988,17
2021-05-22,Humboldt,23,135768,4230,4194,35,4229,42
2021-05-22,Imperial,25,180216,28502,28574,2921,31495,735
2021-05-22,Inyo,27,18085,1403,1402,4,1406,36
2021-05-22,Kern,29,883053,96666,96260,11330,107590,1319
2021-05-22,Kings,31,150075,22946,22936,1186,24122,246
2021-05-22,Lake,33,64148,3513,3502,9,3511,43
2021-05-22,Lassen,35,31185,5186,5163,119,5282,6
2021-05-22,Los Angeles,37,10098052,1201439,1197454,43774,1241228,24192
2021-05-22,Madera,39,155013,16526,16503,957,17460,239
2021-05-22,Marin,41,260295,14039,14043,264,14307,227
2021-05-22,Mariposa,43,17540,430,427,11,438,5
2021-05-22,Mendocino,45,87422,3977,3908,76,3984,47
2021-05-22,Merced,47,269075,31002,31099,994,32093,455
2021-05-22,Modoc,49,8938,373,366,128,494,3
2021-05-22,Mono,51,14174,1248,1270,12,1282,3
2021-05-22,Monterey,53,433212,43006,42998,1928,44926,379
2021-05-22,Napa,55,140530,9898,9918,33,9951,82
2021-05-22,Nevada,57,99092,4796,4787,195,4982,70
2021-05-22,Orange,59,3164182,254435,254238,11679,265917,5048
2021-05-22,Placer,61,380077,23132,22865,1558,24423,292
2021-05-22,Plumas,63,18699,700,683,12,695,4
2021-05-22,Riverside,65,2383286,290966,288580,14716,303296,4442
2021-05-22,Sacramento,67,1510023,105689,105551,1814,107365,1632
2021-05-22,San Benito,69,59416,6058,6071,118,6189,63
2021-05-22,San Bernardino,71,2135413,292359,292292,9044,301336,4747
2021-05-22,San Diego,73,3302833,280114,279614,0,279614,3751
2021-05-22,San Francisco,75,870044,36613,36906,1383,38289,547
2021-05-22,San Joaquin,77,732212,72824,72528,3726,76254,1371
2021-05-22,San Luis Obispo,79,281455,21176,21134,779,21913,256
2021-05-22,San Mateo,81,765935,42292,42218,484,42702,433
2021-05-22,Santa Barbara,83,443738,34429,34313,1243,35556,459
2021-05-22,Santa Clara,85,1922200,118016,119292,791,120083,2030
2021-05-22,Santa Cruz,87,273765,16148,16125,874,16999,207
2021-05-22,Shasta,89,179085,12252,12307,1619,13926,201
2021-05-22,Sierra,91,2930,54,54,14,68,0
2021-05-22,Siskiyou,93,43540,1900,1824,374,2198,17
2021-05-22,Solano,95,438530,32743,32753,558,33311,254
2021-05-22,Sonoma,97,501317,30001,30154,338,30492,321
2021-05-22,Stanislaus,99,539301,56035,56069,6169,62238,974
2021-05-22,Sutter,101,95872,9448,9476,92,9568,113
2021-05-22,Tehama,103,63373,5044,5036,601,5637,63
2021-05-22,Trinity,105,12862,362,328,65,393,3
2021-05-22,Tulare,107,460477,49540,49299,9509,58808,838
2021-05-22,Tuolumne,109,53932,4072,4078,36,4114,65
2021-05-22,Ventura,111,848112,80947,80859,3091,83950,1022
2021-05-22,Yolo,113,214977,13997,13997,330,14327,213
2021-05-22,Yuba,115,75493,6027,6010,126,6136,49
2021-05-21,Alameda,1,1643700,87905,88041,2044,90085,1263
2021-05-21,Alpine,3,1148,88,88,0,88,0
2021-05-21,Amador,5,37829,3670,3672,35,3707,46
2021-05-21,Butte,7,227075,12431,12236,1900,14136,188
2021-05-21,Calaveras,9,45235,2152,2138,14,2152,54
2021-05-21,Colusa,11,21464,1936,1947,317,2264,15
2021-05-21,Contra Costa,13,1133247,69343,68965,1331,70296,810
2021-05-21,Del Norte,15,27424,1385,1376,7,1383,8
2021-05-21,El Dorado,17,186661,10217,10204,765,10969,112
2021-05-21,Fresno,19,978130,101885,102189,8989,111178,1698
2021-05-21,Glenn,21,27897,2416,2408,576,2984,17
2021-05-21,Humboldt,23,135768,4223,4175,35,4210,42
2021-05-21,Imperial,25,180216,28495,28572,2920,31492,732
2021-05-21,Inyo,27,18085,1403,1402,4,1406,36
2021-05-21,Kern,29,883053,96652,96233,11323,107556,1318
2021-05-21,Kings,31,150075,22946,22927,1186,24113,246
2021-05-21,Lake,33,64148,3511,3500,9,3509,43
2021-05-21,Lassen,35,31185,5185,5161,119,5280,6
2021-05-21,Los Angeles,37,10098052,1201329,1197263,43765,1241028,24180
2021-05-21,Madera,39,155013,16525,16500,956,17456,238
2021-05-21,Marin,41,260295,14034,14042,264,14306,227
2021-05-21,Mariposa,43,17540,429,427,11,438,5
2021-05-21,Mendocino,45,87422,3971,3897,76,3973,47
2021-05-21,Merced,47,269075,30994,31076,994,32070,455
2021-05-21,Modoc,49,8938,373,365,128,493,3
2021-05-21,Mono,51,14174,1248,1269,12,1281,3
2021-05-21,Monterey,53,433212,43004,42995,1928,44923,379
2021-05-21,Napa,55,140530,9894,9913,33,9946,82
2021-05-21,Nevada,57,99092,4795,4779,195,4974,70
2021-05-21,Orange,59,3164182,254416,254171,11676,265847,5042
2021-05-21,Placer,61,380077,23124,22853,1558,24411,292
2021-05-21,Plumas,63,18699,700,683,11,694,4
2021-05-21,Riverside,65,2383286,290939,288499,14709,303208,4442
2021-05-21,Sacramento,67,1510023,105622,105476,1811,107287,1632
2021-05-21,San Benito,69,59416,6058,6068,118,6186,63
2021-05-21,San Bernardino,71,2135413,292330,292205,9041,301246,4744
2021-05-21,San Diego,73,3302833,280043,279554,0,279554,3748
2021-05-21,San Francisco,75,870044,36607,36879,1383,38262,546
2021-05-21,San Joaquin,77,732212,72805,72467,3724,76191,1371
2021-05-21,San Luis Obispo,79,281455,21170,21128,776,21904,256
2021-05-21,San Mateo,81,765935,42279,42163,483,42646,432
2021-05-21,Santa Barbara,83,443738,34424,34302,1243,35545,459
2021-05-21,Santa Clara,85,1922200,117989,119247,791,120038,2029
2021-05-21,Santa Cruz,87,273765,16144,16120,874,16994,207
2021-05-21,Shasta,89,179085,12235,12289,1617,13906,201
2021-05-21,Sierra,91,2930,54,54,14,68,0
2021-05-21,Siskiyou,93,43540,1899,1815,374,2189,16
2021-05-21,Solano,95,438530,32728,32742,558,33300,254
2021-05-21,Sonoma,97,501317,29988,30126,338,30464,321
2021-05-21,Stanislaus,99,539301,56003,56036,6167,62203,975
2021-05-21,Sutter,101,95872,9446,9470,92,9562,113
2021-05-21,Tehama,103,63373,5038,5030,601,5631,63
2021-05-21,Trinity,105,12862,362,329,64,393,3
2021-05-21,Tulare,107,460477,49535,49271,9507,58778,838
2021-05-21,Tuolumne,109,53932,4070,4079,36,4115,65
2021-05-21,Ventura,111,848112,80939,80821,3088,83909,1021
2021-05-21,Yolo,113,214977,13990,13983,330,14313,213
2021-05-21,Yuba,115,75493,6021,6006,126,6132,49
2021-05-20,Alameda,1,1643700,87858,87975,2043,90018,1264
2021-05-20,Alpine,3,1148,88,88,0,88,0
2021-05-20,Amador,5,37829,3669,3671,35,3706,46
2021-05-20,Butte,7,227075,12424,12220,1897,14117,188
2021-05-20,Calaveras,9,45235,2148,2138,14,2152,54
2021-05-20,Colusa,11,21464,1935,1946,315,2261,15
2021-05-20,Contra Costa,13,1133247,69298,68913,1329,70242,809
2021-05-20,Del Norte,15,27424,1385,1373,7,1380,8
2021-05-20,El Dorado,17,186661,10208,10188,765,10953,112
2021-05-20,Fresno,19,978130,101865,102135,8987,111122,1696
2021-05-20,Glenn,21,27897,2413,2406,576,2982,17
2021-05-20,Humboldt,23,135768,4206,4162,35,4197,42
2021-05-20,Imperial,25,180216,28490,28551,2920,31471,732
2021-05-20,Inyo,27,18085,1403,1402,4,1406,36
2021-05-20,Kern,29,883053,96631,96204,11316,107520,1317
2021-05-20,Kings,31,150075,22944,22922,1186,24108,246
2021-05-20,Lake,33,64148,3508,3500,9,3509,43
2021-05-20,Lassen,35,31185,5183,5160,118,5278,6
2021-05-20,Los Angeles,37,10098052,1201175,1197073,43754,1240827,24168
2021-05-20,Madera,39,155013,16519,16499,954,17453,238
2021-05-20,Marin,41,260295,14030,14036,263,14299,227
2021-05-20,Mariposa,43,17540,429,426,11,437,5
2021-05-20,Mendocino,45,87422,3964,3897,76,3973,47
2021-05-20,Merced,47,269075,30980,31046,993,32039,454
2021-05-20,Modoc,49,8938,373,365,128,493,3
2021-05-20,Mono,51,14174,1247,1269,12,1281,3
2021-05-20,Monterey,53,433212,42998,42984,1927,44911,379
2021-05-20,Napa,55,140530,9891,9913,33,9946,82
2021-05-20,Nevada,57,99092,4794,4775,195,4970,70
2021-05-20,Orange,59,3164182,254372,254127,11673,265800,5038
2021-05-20,Placer,61,380077,23112,22823,1556,24379,292
2021-05-20,Plumas,63,18699,698,682,11,693,4
2021-05-20,Riverside,65,2383286,290894,288453,14704,303157,4442
2021-05-20,Sacramento,67,1510023,105527,105414,1807,107221,1629
2021-05-20,San Benito,69,59416,6057,6067,118,6185,63
2021-05-20,San Bernardino,71,2135413,292284,292153,9040,301193,4728
2021-05-20,San Diego,73,3302833,279955,279490,0,279490,3749
2021-05-20,San Francisco,75,870044,36598,36860,1383,38243,546
2021-05-20,San Joaquin,77,732212,72767,72388,3723,76111,1371
2021-05-20,San Luis Obispo,79,281455,21158,21095,774,21869,256
2021-05-20,San Mateo,81,765935,42265,42152,481,42633,432
2021-05-20,Santa Barbara,83,443738,34420,34293,1243,35536,459
2021-05-20,Santa Clara,85,1922200,117968,119222,791,120013,2029
2021-05-20,Santa Cruz,87,273765,16139,16119,874,16993,207
2021-05-20,Shasta,89,179085,12223,12266,1613,13879,200
2021-05-20,Sierra,91,2930,54,54,14,68,0
2021-05-20,Siskiyou,93,43540,1892,1811,373,2184,16
2021-05-20,Solano,95,438530,32713,32725,558,33283,253
2021-05-20,Sonoma,97,501317,29971,30107,337,30444,321
2021-05-20,Stanislaus,99,539301,55972,55979,6165,62144,970
2021-05-20,Sutter,101,95872,9442,9467,92,9559,113
2021-05-20,Tehama,103,63373,5036,5029,601,5630,63
2021-05-20,Trinity,105,12862,362,329,63,392,3
2021-05-20,Tulare,107,460477,49524,49217,9504,58721,837
2021-05-20,Tuolumne,109,53932,4069,4077,36,4113,65
2021-05-20,Ventura,111,848112,80928,80800,3088,83888,1019
2021-05-20,Yolo,113,214977,13985,13973,330,14303,211
2021-05-20,Yuba,115,75493,6012,6002,126,6128,49
2021-05-19,Alameda,1,1643700,87817,87889,2041,89930,1260
2021-05-19,Alpine,3,1148,88,88,0,88,0
2021-05-19,Amador,5,37829,3669,3669,35,3704,46
2021-05-19,Butte,7,227075,12414,12198,1897,14095,188
2021-05-19,Calaveras,9,45235,2144,2132,14,2146,54
2021-05-19,Colusa,11,21464,1935,1945,313,2258,15
2021-05-19,Contra Costa,13,1133247,69251,68836,1329,70165,808
2021-05-19,Del Norte,15,27424,1383,1371,7,1378,8
2021-05-19,El Dorado,17,186661,10203,10179,764,10943,112
2021-05-19,Fresno,19,978130,101836,102085,8983,111068,1693
2021-05-19,Glenn,21,27897,2413,2404,576,2980,17
2021-05-19,Humboldt,23,135768,4196,4143,35,4178,42
2021-05-19,Imperial,25,180216,28481,28550,2920,31470,732
2021-05-19,Inyo,27,18085,1403,1402,4,1406,36
2021-05-19,Kern,29,883053,96604,96173,11308,107481,1316
2021-05-19,Kings,31,150075,22938,22919,1186,24105,246
2021-05-19,Lake,33,64148,3508,3497,9,3506,43
2021-05-19,Lassen,35,31185,5182,5157,118,5275,6
2021-05-19,Los Angeles,37,10098052,1200983,1196856,43739,1240595,24143
2021-05-19,Madera,39,155013,16516,16496,954,17450,238
2021-05-19,Marin,41,260295,14026,14033,261,14294,227
2021-05-19,Mariposa,43,17540,429,425,11,436,5
2021-05-19,Mendocino,45,87422,3960,3886,76,3962,47
2021-05-19,Merced,47,269075,30964,31044,993,32037,452
2021-05-19,Modoc,49,8938,373,364,126,490,3
2021-05-19,Mono,51,14174,1247,1266,12,1278,3
2021-05-19,Monterey,53,433212,42993,42973,1926,44899,379
2021-05-19,Napa,55,140530,9888,9906,33,9939,82
2021-05-19,Nevada,57,99092,4792,4769,195,4964,70
2021-05-19,Orange,59,3164182,254336,254087,11663,265750,5035
2021-05-19,Placer,61,380077,23094,22784,1550,24334,291
2021-05-19,Plumas,63,18699,698,682,11,693,4
2021-05-19,Riverside,65,2383286,290849,288398,14702,303100,4442
2021-05-19,Sacramento,67,1510023,105450,105225,1806,107031,1629
2021-05-19,San Benito,69,59416,6056,6064,118,6182,63
2021-05-19,San Bernardino,71,2135413,292238,292078,9037,301115,4725
2021-05-19,San Diego,73,3302833,279871,279345,0,279345,3746
2021-05-19,San Francisco,75,870044,36585,36835,1382,38217,546
2021-05-19,San Joaquin,77,732212,72724,72338,3718,76056,1369
2021-05-19,San Luis Obispo,79,281455,21150,21085,773,21858,256
2021-05-19,San Mateo,81,765935,42258,42126,481,42607,429
2021-05-19,Santa Barbara,83,443738,34412,34292,1243,35535,459
2021-05-19,Santa Clara,85,1922200,117929,119176,790,119966,2015
2021-05-19,Santa Cruz,87,273765,16135,16121,873,16994,207
2021-05-19,Shasta,89,179085,12205,12233,1609,13842,200
2021-05-19,Sierra,91,2930,54,54,14,68,0
2021-05-19,Siskiyou,93,43540,1889,1803,372,2175,16
2021-05-19,Solano,95,438530,32686,32678,556,33234,253
2021-05-19,Sonoma,97,501317,29958,30080,337,30417,321
2021-05-19,Stanislaus,99,539301,55950,55912,6160,62072,967
2021-05-19,Sutter,101,95872,9435,9459,91,9550,113
2021-05-19,Tehama,103,63373,5028,5026,598,5624,63
2021-05-19,Trinity,105,12862,362,329,63,392,3
2021-05-19,Tulare,107,460477,49512,49163,9499,58662,837
2021-05-19,Tuolumne,109,53932,4069,4074,36,4110,64
2021-05-19,Ventura,111,848112,80912,80747,3087,83834,1019
2021-05-19,Yolo,113,214977,13980,13961,329,14290,211
2021-05-19,Yuba,115,75493,6008,5993,126,6119,49
2021-05-18,Alameda,1,1643700,87744,87816,2041,89857,1254
2021-05-18,Alpine,3,1148,88,88,0,88,0
2021-05-18,Amador,5,37829,3669,3669,35,3704,46
2021-05-18,Butte,7,227075,12402,12164,1894,14058,191
2021-05-18,Calaveras,9,45235,2140,2131,14,2145,54
2021-05-18,Colusa,11,21464,1935,1943,313,2256,14
2021-05-18,Contra Costa,13,1133247,69194,68750,1328,70078,808
2021-05-18,Del Norte,15,27424,1380,1371,7,1378,8
2021-05-18,El Dorado,17,186661,10192,10169,763,10932,112
2021-05-18,Fresno,19,978130,101800,102056,8980,111036,1690
2021-05-18,Glenn,21,27897,2407,2403,575,2978,17
2021-05-18,Humboldt,23,135768,4178,4132,35,4167,42
2021-05-18,Imperial,25,180216,28475,28538,2918,31456,730
2021-05-18,Inyo,27,18085,1403,1401,4,1405,36
2021-05-18,Kern,29,883053,96570,96128,11294,107422,1315
2021-05-18,Kings,31,150075,22932,22916,1186,24102,247
2021-05-18,Lake,33,64148,3506,3495,9,3504,43
2021-05-18,Lassen,35,31185,5181,5157,117,5274,6
2021-05-18,Los Angeles,37,10098052,1200806,1196668,43726,1240394,24133
2021-05-18,Madera,39,155013,16506,16491,954,17445,238
2021-05-18,Marin,41,260295,14023,14026,261,14287,227
2021-05-18,Mariposa,43,17540,429,424,11,435,5
2021-05-18,Mendocino,45,87422,3949,3877,76,3953,47
2021-05-18,Merced,47,269075,30946,31036,993,32029,452
2021-05-18,Modoc,49,8938,372,364,126,490,3
2021-05-18,Mono,51,14174,1246,1265,12,1277,3
2021-05-18,Monterey,53,433212,42987,43001,1926,44927,379
2021-05-18,Napa,55,140530,9888,9905,33,9938,82
2021-05-18,Nevada,57,99092,4785,4762,195,4957,70
2021-05-18,Orange,59,3164182,254295,254041,11653,265694,5031
2021-05-18,Placer,61,380077,23062,22726,1546,24272,291
2021-05-18,Plumas,63,18699,698,682,11,693,4
2021-05-18,Riverside,65,2383286,290797,288354,14695,303049,4438
2021-05-18,Sacramento,67,1510023,105351,105083,1804,106887,1629
2021-05-18,San Benito,69,59416,6055,6065,118,6183,63
2021-05-18,San Bernardino,71,2135413,292189,292014,9032,301046,4722
2021-05-18,San Diego,73,3302833,279763,279254,0,279254,3742
2021-05-18,San Francisco,75,870044,36565,36818,1382,38200,546
2021-05-18,San Joaquin,77,732212,72678,72282,3714,75996,1368
2021-05-18,San Luis Obispo,79,281455,21140,21080,771,21851,256
2021-05-18,San Mateo,81,765935,42247,42099,480,42579,428
2021-05-18,Santa Barbara,83,443738,34403,34278,1243,35521,459
2021-05-18,Santa Clara,85,1922200,117902,119171,790,119961,2014
2021-05-18,Santa Cruz,87,273765,16127,16137,873,17010,207
2021-05-18,Shasta,89,179085,12187,12197,1603,13800,200
2021-05-18,Sierra,91,2930,54,54,14,68,0
2021-05-18,Siskiyou,93,43540,1888,1799,372,2171,16
2021-05-18,Solano,95,438530,32661,32644,556,33200,253
2021-05-18,Sonoma,97,501317,29938,30054,336,30390,321
2021-05-18,Stanislaus,99,539301,55912,55860,6160,62020,959
2021-05-18,Sutter,101,95872,9427,9453,91,9544,113
2021-05-18,Tehama,103,63373,5024,5020,595,5615,63
2021-05-18,Trinity,105,12862,362,329,62,391,3
2021-05-18,Tulare,107,460477,49504,49142,9494,58636,836
2021-05-18,Tuolumne,109,53932,4067,4073,36,4109,64
2021-05-18,Ventura,111,848112,80897,80726,3084,83810,1017
2021-05-18,Yolo,113,214977,13973,13951,328,14279,211
2021-05-18,Yuba,115,75493,6004,5989,125,6114,49
2021-05-17,Alameda,1,1643700,87692,87766,2038,89804,1253
2021-05-17,Alpine,3,1148,88,88,0,88,0
2021-05-17,Amador,5,37829,3666,3668,35,3703,46
2021-05-17,Butte,7,227075,12394,12144,1894,14038,192
2021-05-17,Calaveras,9,45235,2140,2131,14,2145,53
2021-05-17,Colusa,11,21464,1935,1943,313,2256,14
2021-05-17,Contra Costa,13,1133247,69139,68720,1327,70047,805
2021-05-17,Del Norte,15,27424,1375,1369,7,1376,8
2021-05-17,El Dorado,17,186661,10175,10163,763,10926,112
2021-05-17,Fresno,19,978130,101757,102013,8973,110986,1690
2021-05-17,Glenn,21,27897,2407,2401,575,2976,17
2021-05-17,Humboldt,23,135768,4167,4112,35,4147,42
2021-05-17,Imperial,25,180216,28470,28533,2916,31449,729
2021-05-17,Inyo,27,18085,1403,1401,4,1405,36
2021-05-17,Kern,29,883053,96541,96095,11277,107372,1315
2021-05-17,Kings,31,150075,22929,22918,1186,24104,246
2021-05-17,Lake,33,64148,3501,3489,9,3498,43
2021-05-17,Lassen,35,31185,5178,5156,116,5272,6
2021-05-17,Los Angeles,37,10098052,1200633,1196556,43720,1240276,24123
2021-05-17,Madera,39,155013,16502,16486,954,17440,238
2021-05-17,Marin,41,260295,14017,14021,261,14282,227
2021-05-17,Mariposa,43,17540,428,423,11,434,5
2021-05-17,Mendocino,45,87422,3940,3868,76,3944,46
2021-05-17,Merced,47,269075,30931,31031,993,32024,450
2021-05-17,Modoc,49,8938,371,362,126,488,3
2021-05-17,Mono,51,14174,1242,1265,12,1277,3
2021-05-17,Monterey,53,433212,42980,42995,1926,44921,379
2021-05-17,Napa,55,140530,9887,9894,33,9927,82
2021-05-17,Nevada,57,99092,4781,4761,194,4955,70
2021-05-17,Orange,59,3164182,254250,253993,11646,265639,5031
2021-05-17,Placer,61,380077,23037,22706,1539,24245,289
2021-05-17,Plumas,63,18699,698,682,11,693,4
2021-05-17,Riverside,65,2383286,290732,288304,14691,302995,4433
2021-05-17,Sacramento,67,1510023,105245,105035,1802,106837,1629
2021-05-17,San Benito,69,59416,6052,6067,118,6185,63
2021-05-17,San Bernardino,71,2135413,292142,291989,9025,301014,4724
2021-05-17,San Diego,73,3302833,279631,279146,0,279146,3742
2021-05-17,San Francisco,75,870044,36553,36816,1380,38196,546
2021-05-17,San Joaquin,77,732212,72640,72234,3711,75945,1359
2021-05-17,San Luis Obispo,79,281455,21131,21079,769,21848,256
2021-05-17,San Mateo,81,765935,42219,42083,480,42563,428
2021-05-17,Santa Barbara,83,443738,34396,34275,1243,35518,459
2021-05-17,Santa Clara,85,1922200,117865,119116,788,119904,2015
2021-05-17,Santa Cruz,87,273765,16124,16151,873,17024,206
2021-05-17,Shasta,89,179085,12165,12163,1602,13765,200
2021-05-17,Sierra,91,2930,54,54,14,68,0
2021-05-17,Siskiyou,93,43540,1879,1795,369,2164,15
2021-05-17,Solano,95,438530,32643,32627,556,33183,253
2021-05-17,Sonoma,97,501317,29917,30043,335,30378,321
2021-05-17,Stanislaus,99,539301,55861,55839,6153,61992,951
2021-05-17,Sutter,101,95872,9420,9447,91,9538,113
2021-05-17,Tehama,103,63373,5021,5016,594,5610,63
2021-05-17,Trinity,105,12862,362,328,62,390,3
2021-05-17,Tulare,107,460477,49482,49107,9487,58594,836
2021-05-17,Tuolumne,109,53932,4067,4071,36,4107,64
2021-05-17,Ventura,111,848112,80877,80699,3084,83783,1017
2021-05-17,Yolo,113,214977,13967,13941,328,14269,211
2021-05-17,Yuba,115,75493,5996,5987,125,6112,49
2021-05-16,Alameda,1,1643700,87629,87743,2038,89781,1253
2021-05-16,Alpine,3,1148,88,88,0,88,0
2021-05-16,Amador,5,37829,3665,3667,35,3702,46
2021-05-16,Butte,7,227075,12380,12140,1894,14034,192
2021-05-16,Calaveras,9,45235,2138,2129,14,2143,53
2021-05-16,Colusa,11,21464,1933,1943,313,2256,14
2021-05-16,Contra Costa,13,1133247,69071,68694,1324,70018,805
2021-05-16,Del Norte,15,27424,1372,1365,7,1372,8
2021-05-16,El Dorado,17,186661,10159,10159,762,10921,112
2021-05-16,Fresno,19,978130,101713,101987,8968,110955,1690
2021-05-16,Glenn,21,27897,2407,2401,574,2975,17
2021-05-16,Humboldt,23,135768,4153,4104,35,4139,42
2021-05-16,Imperial,25,180216,28459,28516,2915,31431,729
2021-05-16,Inyo,27,18085,1403,1401,4,1405,36
2021-05-16,Kern,29,883053,96508,96083,11256,107339,1315
2021-05-16,Kings,31,150075,22925,22918,1183,24101,246
2021-05-16,Lake,33,64148,3498,3489,9,3498,43
2021-05-16,Lassen,35,31185,5177,5156,116,5272,6
2021-05-16,Los Angeles,37,10098052,1200415,1196397,43703,1240100,24120
2021-05-16,Madera,39,155013,16498,16483,951,17434,238
2021-05-16,Marin,41,260295,14014,14015,261,14276,227
2021-05-16,Mariposa,43,17540,428,423,11,434,5
2021-05-16,Mendocino,45,87422,3930,3863,76,3939,46
2021-05-16,Merced,47,269075,30908,31023,993,32016,450
2021-05-16,Modoc,49,8938,371,362,126,488,3
2021-05-16,Mono,51,14174,1242,1265,12,1277,3
2021-05-16,Monterey,53,433212,42975,42991,1926,44917,379
2021-05-16,Napa,55,140530,9884,9891,33,9924,82
2021-05-16,Nevada,57,99092,4777,4755,194,4949,70
2021-05-16,Orange,59,3164182,254217,253962,11643,265605,5031
2021-05-16,Placer,61,380077,23005,22696,1533,24229,289
2021-05-16,Plumas,63,18699,697,682,11,693,4
2021-05-16,Riverside,65,2383286,290661,288259,14681,302940,4433
2021-05-16,Sacramento,67,1510023,105130,105013,1800,106813,1628
2021-05-16,San Benito,69,59416,6051,6067,117,6184,63
2021-05-16,San Bernardino,71,2135413,292065,291940,9023,300963,4724
2021-05-16,San Diego,73,3302833,279513,279099,0,279099,3742
2021-05-16,San Francisco,75,870044,36532,36808,1379,38187,546
2021-05-16,San Joaquin,77,732212,72592,72218,3706,75924,1359
2021-05-16,San Luis Obispo,79,281455,21124,21072,768,21840,256
2021-05-16,San Mateo,81,765935,42207,42063,479,42542,428
2021-05-16,Santa Barbara,83,443738,34389,34270,1243,35513,459
2021-05-16,Santa Clara,85,1922200,117836,119098,787,119885,2015
2021-05-16,Santa Cruz,87,273765,16122,16143,873,17016,206
2021-05-16,Shasta,89,179085,12149,12156,1598,13754,200
2021-05-16,Sierra,91,2930,54,54,14,68,0
2021-05-16,Siskiyou,93,43540,1875,1790,368,2158,15
2021-05-16,Solano,95,438530,32609,32619,554,33173,253
2021-05-16,Sonoma,97,501317,29898,30033,335,30368,321
2021-05-16,Stanislaus,99,539301,55806,55814,6141,61955,951
2021-05-16,Sutter,101,95872,9413,9445,91,9536,113
2021-05-16,Tehama,103,63373,5017,5013,593,5606,63
2021-05-16,Trinity,105,12862,362,328,62,390,3
2021-05-16,Tulare,107,460477,49466,49091,9483,58574,837
2021-05-16,Tuolumne,109,53932,4063,4070,36,4106,64
2021-05-16,Ventura,111,848112,80846,80689,3084,83773,1017
2021-05-16,Yolo,113,214977,13952,13938,328,14266,211
2021-05-16,Yuba,115,75493,5993,5987,125,6112,49
2021-05-15,Alameda,1,1643700,87603,87677,2037,89714,1252
2021-05-15,Alpine,3,1148,88,88,0,88,0
2021-05-15,Amador,5,37829,3665,3666,35,3701,46
2021-05-15,Butte,7,227075,12373,12095,1893,13988,192
2021-05-15,Calaveras,9,45235,2137,2126,14,2140,53
2021-05-15,Colusa,11,21464,1933,1941,311,2252,14
2021-05-15,Contra Costa,13,1133247,69025,68658,1324,69982,805
2021-05-15,Del Norte,15,27424,1367,1359,7,1366,8
2021-05-15,El Dorado,17,186661,10147,10156,761,10917,112
2021-05-15,Fresno,19,978130,101677,101957,8965,110922,1690
2021-05-15,Glenn,21,27897,2407,2400,574,2974,17
2021-05-15,Humboldt,23,135768,4143,4080,35,4115,42
2021-05-15,Imperial,25,180216,28456,28504,2914,31418,729
2021-05-15,Inyo,27,18085,1403,1402,4,1406,36
2021-05-15,Kern,29,883053,96495,96061,11240,107301,1315
2021-05-15,Kings,31,150075,22924,22913,1183,24096,246
2021-05-15,Lake,33,64148,3497,3485,9,3494,43
2021-05-15,Lassen,35,31185,5173,5156,115,5271,6
2021-05-15,Los Angeles,37,10098052,1200294,1196255,43689,1239944,24115
2021-05-15,Madera,39,155013,16495,16482,951,17433,238
2021-05-15,Marin,41,260295,14010,14012,261,14273,227
2021-05-15,Mariposa,43,17540,428,423,11,434,5
2021-05-15,Mendocino,45,87422,3927,3861,76,3937,46
2021-05-15,Merced,47,269075,30887,31012,993,32005,450
2021-05-15,Modoc,49,8938,371,362,126,488,3
2021-05-15,Mono,51,14174,1242,1265,12,1277,3
2021-05-15,Monterey,53,433212,42971,42982,1926,44908,379
2021-05-15,Napa,55,140530,9881,9887,33,9920,82
2021-05-15,Nevada,57,99092,4776,4755,194,4949,70
2021-05-15,Orange,59,3164182,254190,253919,11636,265555,5030
2021-05-15,Placer,61,380077,22984,22688,1533,24221,289
2021-05-15,Plumas,63,18699,697,681,11,692,4
2021-05-15,Riverside,65,2383286,290619,288203,14676,302879,4433
2021-05-15,Sacramento,67,1510023,105057,104929,1797,106726,1628
2021-05-15,San Benito,69,59416,6051,6066,117,6183,63
2021-05-15,San Bernardino,71,2135413,292025,291892,9021,300913,4724
2021-05-15,San Diego,73,3302833,279442,278991,0,278991,3737
2021-05-15,San Francisco,75,870044,36516,36795,1377,38172,546
2021-05-15,San Joaquin,77,732212,72566,72197,3704,75901,1359
2021-05-15,San Luis Obispo,79,281455,21121,21061,767,21828,256
2021-05-15,San Mateo,81,765935,42191,42059,479,42538,428
2021-05-15,Santa Barbara,83,443738,34382,34259,1243,35502,459
2021-05-15,Santa Clara,85,1922200,117816,119060,787,119847,2016
2021-05-15,Santa Cruz,87,273765,16118,16137,873,17010,206
2021-05-15,Shasta,89,179085,12137,12152,1595,13747,200
2021-05-15,Sierra,91,2930,54,54,14,68,0
2021-05-15,Siskiyou,93,43540,1869,1788,366,2154,15
2021-05-15,Solano,95,438530,32599,32604,553,33157,253
2021-05-15,Sonoma,97,501317,29879,30020,335,30355,321
2021-05-15,Stanislaus,99,539301,55774,55795,6134,61929,952
2021-05-15,Sutter,101,95872,9411,9436,91,9527,113
2021-05-15,Tehama,103,63373,5013,5012,591,5603,63
2021-05-15,Trinity,105,12862,362,328,62,390,3
2021-05-15,Tulare,107,460477,49457,49080,9478,58558,837
2021-05-15,Tuolumne,109,53932,4061,4064,36,4100,63
2021-05-15,Ventura,111,848112,80835,80662,3084,83746,1017
2021-05-15,Yolo,113,214977,13945,13932,327,14259,211
2021-05-15,Yuba,115,75493,5990,5979,125,6104,49
2021-05-14,Alameda,1,1643700,87568,87621,2035,89656,1249
2021-05-14,Alpine,3,1148,88,88,0,88,0
2021-05-14,Amador,5,37829,3665,3665,35,3700,46
2021-05-14,Butte,7,227075,12364,12076,1890,13966,192
2021-05-14,Calaveras,9,45235,2133,2121,14,2135,53
2021-05-14,Colusa,11,21464,1932,1940,310,2250,14
2021-05-14,Contra Costa,13,1133247,68983,68589,1322,69911,806
2021-05-14,Del Norte,15,27424,1367,1355,7,1362,8
2021-05-14,El Dorado,17,186661,10140,10143,760,10903,113
2021-05-14,Fresno,19,978130,101648,101917,8959,110876,1688
2021-05-14,Glenn,21,27897,2406,2398,574,2972,17
2021-05-14,Humboldt,23,135768,4135,4050,35,4085,37
2021-05-14,Imperial,25,180216,28449,28485,2913,31398,728
2021-05-14,Inyo,27,18085,1403,1400,4,1404,36
2021-05-14,Kern,29,883053,96465,96033,11231,107264,1311
2021-05-14,Kings,31,150075,22923,22910,1183,24093,246
2021-05-14,Lake,33,64148,3493,3483,9,3492,43
2021-05-14,Lassen,35,31185,5173,5154,115,5269,6
2021-05-14,Los Angeles,37,10098052,1200162,1196038,43684,1239722,24101
2021-05-14,Madera,39,155013,16492,16474,951,17425,238
2021-05-14,Marin,41,260295,14006,14010,261,14271,227
2021-05-14,Mariposa,43,17540,428,422,11,433,5
2021-05-14,Mendocino,45,87422,3925,3855,76,3931,46
2021-05-14,Merced,47,269075,30877,31010,993,32003,450
2021-05-14,Modoc,49,8938,371,362,126,488,3
2021-05-14,Mono,51,14174,1241,1265,12,1277,3
2021-05-14,Monterey,53,433212,42966,42973,1926,44899,380
2021-05-14,Napa,55,140530,9878,9883,33,9916,82
2021-05-14,Nevada,57,99092,4771,4745,194,4939,70
2021-05-14,Orange,59,3164182,254157,253855,11629,265484,5028
2021-05-14,Placer,61,380077,22965,22660,1527,24187,287
2021-05-14,Plumas,63,18699,696,680,11,691,4
2021-05-14,Riverside,65,2383286,290568,288140,14673,302813,4433
2021-05-14,Sacramento,67,1510023,104969,104828,1796,106624,1627
2021-05-14,San Benito,69,59416,6051,6064,117,6181,63
2021-05-14,San Bernardino,71,2135413,291976,291834,9021,300855,4721
2021-05-14,San Diego,73,3302833,279370,278853,0,278853,3732
2021-05-14,San Francisco,75,870044,36507,36771,1373,38144,545
2021-05-14,San Joaquin,77,732212,72533,72160,3697,75857,1359
2021-05-14,San Luis Obispo,79,281455,21118,21051,766,21817,256
2021-05-14,San Mateo,81,765935,42180,42041,479,42520,428
2021-05-14,Santa Barbara,83,443738,34372,34243,1243,35486,456
2021-05-14,Santa Clara,85,1922200,117787,119006,787,119793,2014
2021-05-14,Santa Cruz,87,273765,16113,16130,873,17003,207
2021-05-14,Shasta,89,179085,12131,12130,1590,13720,200
2021-05-14,Sierra,91,2930,54,54,14,68,0
2021-05-14,Siskiyou,93,43540,1862,1779,365,2144,14
2021-05-14,Solano,95,438530,32579,32585,552,33137,252
2021-05-14,Sonoma,97,501317,29861,30007,335,30342,321
2021-05-14,Stanislaus,99,539301,55738,55752,6128,61880,950
2021-05-14,Sutter,101,95872,9402,9433,89,9522,113
2021-05-14,Tehama,103,63373,5006,5005,591,5596,63
2021-05-14,Trinity,105,12862,362,328,62,390,3
2021-05-14,Tulare,107,460477,49441,49060,9472,58532,836
2021-05-14,Tuolumne,109,53932,4061,4060,36,4096,63
2021-05-14,Ventura,111,848112,80821,80628,3084,83712,1014
2021-05-14,Yolo,113,214977,13940,13922,323,14245,210
2021-05-14,Yuba,115,75493,5986,5970,125,6095,47
2021-05-13,Alameda,1,1643700,87523,87557,2034,89591,1250
2021-05-13,Alpine,3,1148,88,88,0,88,0
2021-05-13,Amador,5,37829,3665,3662,35,3697,46
2021-05-13,Butte,7,227075,12351,12051,1889,13940,196
2021-05-13,Calaveras,9,45235,2133,2120,14,2134,53
2021-05-13,Colusa,11,21464,1931,1939,306,2245,14
2021-05-13,Contra Costa,13,1133247,68935,68522,1321,69843,806
2021-05-13,Del Norte,15,27424,1365,1354,7,1361,8
2021-05-13,El Dorado,17,186661,10138,10133,760,10893,112
2021-05-13,Fresno,19,978130,101619,101862,8958,110820,1687
2021-05-13,Glenn,21,27897,2405,2395,574,2969,17
2021-05-13,Humboldt,23,135768,4117,4027,35,4062,37
2021-05-13,Imperial,25,180216,28434,28468,2911,31379,729
2021-05-13,Inyo,27,18085,1403,1400,4,1404,36
2021-05-13,Kern,29,883053,96442,95996,11212,107208,1311
2021-05-13,Kings,31,150075,22922,22904,1183,24087,246
2021-05-13,Lake,33,64148,3491,3479,9,3488,43
2021-05-13,Lassen,35,31185,5173,5152,114,5266,6
2021-05-13,Los Angeles,37,10098052,1199973,1195504,43670,1239174,24083
2021-05-13,Madera,39,155013,16485,16467,951,17418,238
2021-05-13,Marin,41,260295,14001,14004,259,14263,227
2021-05-13,Mariposa,43,17540,428,422,11,433,5
2021-05-13,Mendocino,45,87422,3921,3846,76,3922,46
2021-05-13,Merced,47,269075,30869,30989,993,31982,450
2021-05-13,Modoc,49,8938,371,362,126,488,3
2021-05-13,Mono,51,14174,1241,1265,12,1277,3
2021-05-13,Monterey,53,433212,42952,42966,1925,44891,380
2021-05-13,Napa,55,140530,9871,9877,33,9910,82
2021-05-13,Nevada,57,99092,4767,4743,193,4936,70
2021-05-13,Orange,59,3164182,254115,253778,11627,265405,5026
2021-05-13,Placer,61,380077,22940,22668,1520,24188,288
2021-05-13,Plumas,63,18699,696,680,11,691,4
2021-05-13,Riverside,65,2383286,290508,288067,14670,302737,4433
2021-05-13,Sacramento,67,1510023,104884,104711,1793,106504,1626
2021-05-13,San Benito,69,59416,6049,6062,117,6179,63
2021-05-13,San Bernardino,71,2135413,291912,291765,9021,300786,4722
2021-05-13,San Diego,73,3302833,279256,278592,0,278592,3729
2021-05-13,San Francisco,75,870044,36483,36741,1371,38112,544
2021-05-13,San Joaquin,77,732212,72492,72096,3693,75789,1357
2021-05-13,San Luis Obispo,79,281455,21103,21043,765,21808,255
2021-05-13,San Mateo,81,765935,42161,42059,479,42538,426
2021-05-13,Santa Barbara,83,443738,34360,34242,1243,35485,456
2021-05-13,Santa Clara,85,1922200,117761,118952,787,119739,2013
2021-05-13,Santa Cruz,87,273765,16107,16129,873,17002,208
2021-05-13,Shasta,89,179085,12111,12111,1586,13697,200
2021-05-13,Sierra,91,2930,54,54,14,68,0
2021-05-13,Siskiyou,93,43540,1855,1769,362,2131,14
2021-05-13,Solano,95,438530,32566,32548,550,33098,252
2021-05-13,Sonoma,97,501317,29836,29991,335,30326,321
2021-05-13,Stanislaus,99,539301,55701,55678,6122,61800,949
2021-05-13,Sutter,101,95872,9398,9431,87,9518,112
2021-05-13,Tehama,103,63373,5001,4997,591,5588,63
2021-05-13,Trinity,105,12862,362,327,61,388,3
2021-05-13,Tulare,107,460477,49416,49032,9463,58495,837
2021-05-13,Tuolumne,109,53932,4060,4059,36,4095,63
2021-05-13,Ventura,111,848112,80791,80615,3083,83698,1012
2021-05-13,Yolo,113,214977,13931,13914,321,14235,210
2021-05-13,Yuba,115,75493,5977,5962,125,6087,47
2021-05-12,Alameda,1,1643700,87489,87482,2032,89514,1261
2021-05-12,Alpine,3,1148,88,88,0,88,0
2021-05-12,Amador,5,37829,3665,3658,35,3693,46
2021-05-12,Butte,7,227075,12341,12026,1889,13915,199
2021-05-12,Calaveras,9,45235,2130,2119,14,2133,53
2021-05-12,Colusa,11,21464,1929,1939,305,2244,14
2021-05-12,Contra Costa,13,1133247,68876,68462,1315,69777,805
2021-05-12,Del Norte,15,27424,1363,1352,7,1359,8
2021-05-12,El Dorado,17,186661,10129,10123,760,10883,112
2021-05-12,Fresno,19,978130,101571,101838,8947,110785,1688
2021-05-12,Glenn,21,27897,2402,2391,574,2965,17
2021-05-12,Humboldt,23,135768,4089,3982,35,4017,37
2021-05-12,Imperial,25,180216,28416,28443,2908,31351,726
2021-05-12,Inyo,27,18085,1403,1400,4,1404,36
2021-05-12,Kern,29,883053,96407,95955,11204,107159,1310
2021-05-12,Kings,31,150075,22920,22896,1183,24079,246
2021-05-12,Lake,33,64148,3489,3476,9,3485,43
2021-05-12,Lassen,35,31185,5171,5151,114,5265,6
2021-05-12,Los Angeles,37,10098052,1199792,1195318,43653,1238971,24067
2021-05-12,Madera,39,155013,16481,16462,950,17412,238
2021-05-12,Marin,41,260295,13996,13997,259,14256,227
2021-05-12,Mariposa,43,17540,428,422,11,433,5
2021-05-12,Mendocino,45,87422,3911,3836,76,3912,46
2021-05-12,Merced,47,269075,30853,30941,993,31934,450
2021-05-12,Modoc,49,8938,370,362,126,488,3
2021-05-12,Mono,51,14174,1241,1265,12,1277,3
2021-05-12,Monterey,53,433212,42940,42950,1924,44874,380
2021-05-12,Napa,55,140530,9865,9870,33,9903,82
2021-05-12,Nevada,57,99092,4763,4738,193,4931,70
2021-05-12,Orange,59,3164182,254064,253587,11624,265211,5024
2021-05-12,Placer,61,380077,22922,22652,1513,24165,288
2021-05-12,Plumas,63,18699,696,681,11,692,4
2021-05-12,Riverside,65,2383286,290438,287830,14665,302495,4431
2021-05-12,Sacramento,67,1510023,104788,104592,1792,106384,1621
2021-05-12,San Benito,69,59416,6049,6062,117,6179,63
2021-05-12,San Bernardino,71,2135413,291868,291505,9016,300521,4715
2021-05-12,San Diego,73,3302833,279152,278402,0,278402,3729
2021-05-12,San Francisco,75,870044,36464,36720,1370,38090,544
2021-05-12,San Joaquin,77,732212,72438,72043,3689,75732,1356
2021-05-12,San Luis Obispo,79,281455,21093,21021,765,21786,255
2021-05-12,San Mateo,81,765935,42152,42038,477,42515,426
2021-05-12,Santa Barbara,83,443738,34353,34218,1243,35461,456
2021-05-12,Santa Clara,85,1922200,117718,118897,787,119684,2005
2021-05-12,Santa Cruz,87,273765,16101,16123,873,16996,207
2021-05-12,Shasta,89,179085,12091,12092,1584,13676,200
2021-05-12,Sierra,91,2930,54,54,14,68,0
2021-05-12,Siskiyou,93,43540,1851,1760,360,2120,13
2021-05-12,Solano,95,438530,32542,32519,550,33069,252
2021-05-12,Sonoma,97,501317,29824,29976,335,30311,320
2021-05-12,Stanislaus,99,539301,55662,55632,6113,61745,919
2021-05-12,Sutter,101,95872,9395,9427,87,9514,112
2021-05-12,Tehama,103,63373,4997,4989,591,5580,62
2021-05-12,Trinity,105,12862,362,327,61,388,3
2021-05-12,Tulare,107,460477,49400,49001,9455,58456,838
2021-05-12,Tuolumne,109,53932,4059,4056,36,4092,63
2021-05-12,Ventura,111,848112,80772,80577,3083,83660,1010
2021-05-12,Yolo,113,214977,13924,13910,320,14230,210
2021-05-12,Yuba,115,75493,5974,5956,125,6081,47
2021-05-11,Alameda,1,1643700,87425,87413,2028,89441,1290
2021-05-11,Alpine,3,1148,88,88,0,88,0
2021-05-11,Amador,5,37829,3663,3657,35,3692,46
2021-05-11,Butte,7,227075,12326,12008,1886,13894,199
2021-05-11,Calaveras,9,45235,2130,2118,14,2132,52
2021-05-11,Colusa,11,21464,1928,1939,305,2244,14
2021-05-11,Contra Costa,13,1133247,68816,68406,1314,69720,806
2021-05-11,Del Norte,15,27424,1361,1347,7,1354,8
2021-05-11,El Dorado,17,186661,10123,10108,759,10867,112
2021-05-11,Fresno,19,978130,101526,101792,8941,110733,1686
2021-05-11,Glenn,21,27897,2401,2387,573,2960,17
2021-05-11,Humboldt,23,135768,4068,3964,34,3998,37
2021-05-11,Imperial,25,180216,28408,28413,2904,31317,722
2021-05-11,Inyo,27,18085,1402,1402,4,1406,36
2021-05-11,Kern,29,883053,96381,95938,11190,107128,1310
2021-05-11,Kings,31,150075,22912,22887,1183,24070,246
2021-05-11,Lake,33,64148,3489,3473,9,3482,43
2021-05-11,Lassen,35,31185,5169,5148,114,5262,6
2021-05-11,Los Angeles,37,10098052,1199559,1195100,43640,1238740,24048
2021-05-11,Madera,39,155013,16478,16459,950,17409,238
2021-05-11,Marin,41,260295,13989,13987,259,14246,227
2021-05-11,Mariposa,43,17540,428,421,11,432,5
2021-05-11,Mendocino,45,87422,3903,3821,76,3897,46
2021-05-11,Merced,47,269075,30844,30893,993,31886,449
2021-05-11,Modoc,49,8938,370,362,125,487,3
2021-05-11,Mono,51,14174,1241,1265,12,1277,3
2021-05-11,Monterey,53,433212,42932,42934,1923,44857,380
2021-05-11,Napa,55,140530,9858,9870,33,9903,81
2021-05-11,Nevada,57,99092,4759,4737,193,4930,70
2021-05-11,Orange,59,3164182,254001,253545,11616,265161,5017
2021-05-11,Placer,61,380077,22901,22615,1509,24124,287
2021-05-11,Plumas,63,18699,694,679,11,690,4
2021-05-11,Riverside,65,2383286,290378,287757,14660,302417,4429
2021-05-11,Sacramento,67,1510023,104691,104496,1789,106285,1616
2021-05-11,San Benito,69,59416,6046,6058,117,6175,63
2021-05-11,San Bernardino,71,2135413,291806,291421,9014,300435,4707
2021-05-11,San Diego,73,3302833,279017,278308,0,278308,3725
2021-05-11,San Francisco,75,870044,36444,36707,1370,38077,543
2021-05-11,San Joaquin,77,732212,72391,71999,3685,75684,1356
2021-05-11,San Luis Obispo,79,281455,21086,21008,763,21771,255
2021-05-11,San Mateo,81,765935,42133,41985,476,42461,425
2021-05-11,Santa Barbara,83,443738,34344,34207,1243,35450,456
2021-05-11,Santa Clara,85,1922200,117672,118857,786,119643,2005
2021-05-11,Santa Cruz,87,273765,16097,16113,873,16986,206
2021-05-11,Shasta,89,179085,12068,12050,1578,13628,200
2021-05-11,Sierra,91,2930,54,54,14,68,0
2021-05-11,Siskiyou,93,43540,1842,1756,358,2114,13
2021-05-11,Solano,95,438530,32525,32499,548,33047,250
2021-05-11,Sonoma,97,501317,29808,29966,335,30301,318
2021-05-11,Stanislaus,99,539301,55614,55589,6109,61698,909
2021-05-11,Sutter,101,95872,9388,9417,87,9504,112
2021-05-11,Tehama,103,63373,4993,4985,590,5575,62
2021-05-11,Trinity,105,12862,362,327,60,387,3
2021-05-11,Tulare,107,460477,49374,48974,9440,58414,837
2021-05-11,Tuolumne,109,53932,4058,4056,36,4092,63
2021-05-11,Ventura,111,848112,80748,80544,3080,83624,1008
2021-05-11,Yolo,113,214977,13911,13902,317,14219,210
2021-05-11,Yuba,115,75493,5965,5950,125,6075,46
2021-05-10,Alameda,1,1643700,87354,87366,2027,89393,1284
2021-05-10,Alpine,3,1148,88,88,0,88,0
2021-05-10,Amador,5,37829,3662,3657,35,3692,46
2021-05-10,Butte,7,227075,12311,11993,1880,13873,199
2021-05-10,Calaveras,9,45235,2124,2118,14,2132,52
2021-05-10,Colusa,11,21464,1928,1939,305,2244,14
2021-05-10,Contra Costa,13,1133247,68753,68357,1314,69671,806
2021-05-10,Del Norte,15,27424,1358,1339,7,1346,8
2021-05-10,El Dorado,17,186661,10109,10093,759,10852,113
2021-05-10,Fresno,19,978130,101495,101755,8935,110690,1682
2021-05-10,Glenn,21,27897,2400,2384,571,2955,17
2021-05-10,Humboldt,23,135768,4038,3961,34,3995,36
2021-05-10,Imperial,25,180216,28394,28397,2900,31297,722
2021-05-10,Inyo,27,18085,1402,1401,4,1405,36
2021-05-10,Kern,29,883053,96339,95920,11176,107096,1310
2021-05-10,Kings,31,150075,22901,22884,1182,24066,246
2021-05-10,Lake,33,64148,3481,3471,9,3480,43
2021-05-10,Lassen,35,31185,5166,5148,113,5261,5
2021-05-10,Los Angeles,37,10098052,1199305,1194976,43622,1238598,24030
2021-05-10,Madera,39,155013,16468,16450,950,17400,238
2021-05-10,Marin,41,260295,13986,13981,259,14240,228
2021-05-10,Mariposa,43,17540,427,420,11,431,5
2021-05-10,Mendocino,45,87422,3897,3818,76,3894,46
2021-05-10,Merced,47,269075,30834,30880,993,31873,448
2021-05-10,Modoc,49,8938,370,361,125,486,3
2021-05-10,Mono,51,14174,1241,1265,12,1277,3
2021-05-10,Monterey,53,433212,42926,42927,1918,44845,380
2021-05-10,Napa,55,140530,9856,9860,33,9893,81
2021-05-10,Nevada,57,99092,4752,4735,193,4928,70
2021-05-10,Orange,59,3164182,253949,253484,11610,265094,5008
2021-05-10,Placer,61,380077,22880,22590,1506,24096,286
2021-05-10,Plumas,63,18699,693,679,11,690,4
2021-05-10,Riverside,65,2383286,290313,287689,14654,302343,4427
2021-05-10,Sacramento,67,1510023,104578,104378,1784,106162,1613
2021-05-10,San Benito,69,59416,6045,6058,117,6175,63
2021-05-10,San Bernardino,71,2135413,291754,291360,9013,300373,4707
2021-05-10,San Diego,73,3302833,278852,278183,0,278183,3725
2021-05-10,San Francisco,75,870044,36425,36683,1370,38053,543
2021-05-10,San Joaquin,77,732212,72354,71954,3670,75624,1356
2021-05-10,San Luis Obispo,79,281455,21068,20993,762,21755,256
2021-05-10,San Mateo,81,765935,42115,41926,476,42402,424
2021-05-10,Santa Barbara,83,443738,34337,34201,1243,35444,456
2021-05-10,Santa Clara,85,1922200,117614,118822,785,119607,2003
2021-05-10,Santa Cruz,87,273765,16091,16114,873,16987,206
2021-05-10,Shasta,89,179085,12054,12036,1574,13610,200
2021-05-10,Sierra,91,2930,54,54,14,68,0
2021-05-10,Siskiyou,93,43540,1832,1752,356,2108,13
2021-05-10,Solano,95,438530,32505,32466,546,33012,250
2021-05-10,Sonoma,97,501317,29793,29955,334,30289,318
2021-05-10,Stanislaus,99,539301,55539,55541,6103,61644,898
2021-05-10,Sutter,101,95872,9382,9412,87,9499,111
2021-05-10,Tehama,103,63373,4989,4980,590,5570,62
2021-05-10,Trinity,105,12862,362,327,58,385,3
2021-05-10,Tulare,107,460477,49350,48956,9434,58390,837
2021-05-10,Tuolumne,109,53932,4054,4054,36,4090,63
2021-05-10,Ventura,111,848112,80732,80501,3078,83579,1008
2021-05-10,Yolo,113,214977,13899,13898,315,14213,209
2021-05-10,Yuba,115,75493,5963,5942,125,6067,46
2021-05-09,Alameda,1,1643700,87282,87292,2024,89316,1284
2021-05-09,Alpine,3,1148,88,88,0,88,0
2021-05-09,Amador,5,37829,3660,3655,35,3690,46
2021-05-09,Butte,7,227075,12292,11985,1876,13861,199
2021-05-09,Calaveras,9,45235,2123,2116,14,2130,52
2021-05-09,Colusa,11,21464,1927,1940,305,2245,14
2021-05-09,Contra Costa,13,1133247,68689,68302,1312,69614,806
2021-05-09,Del Norte,15,27424,1351,1338,7,1345,8
2021-05-09,El Dorado,17,186661,10095,10089,756,10845,113
2021-05-09,Fresno,19,978130,101457,101729,8926,110655,1682
2021-05-09,Glenn,21,27897,2393,2382,568,2950,17
2021-05-09,Humboldt,23,135768,4018,3950,34,3984,36
2021-05-09,Imperial,25,180216,28371,28388,2893,31281,722
2021-05-09,Inyo,27,18085,1402,1401,3,1404,36
2021-05-09,Kern,29,883053,96311,95903,11165,107068,1310
2021-05-09,Kings,31,150075,22892,22878,1182,24060,246
2021-05-09,Lake,33,64148,3477,3471,9,3480,43
2021-05-09,Lassen,35,31185,5164,5147,113,5260,5
2021-05-09,Los Angeles,37,10098052,1199048,1194820,43607,1238427,24026
2021-05-09,Madera,39,155013,16459,16444,944,17388,238
2021-05-09,Marin,41,260295,13975,13979,258,14237,228
2021-05-09,Mariposa,43,17540,424,420,11,431,5
2021-05-09,Mendocino,45,87422,3887,3814,76,3890,46
2021-05-09,Merced,47,269075,30811,30883,993,31876,448
2021-05-09,Modoc,49,8938,370,360,125,485,3
2021-05-09,Mono,51,14174,1241,1264,12,1276,3
2021-05-09,Monterey,53,433212,42909,42918,1918,44836,380
2021-05-09,Napa,55,140530,9845,9857,33,9890,81
2021-05-09,Nevada,57,99092,4745,4727,193,4920,70
2021-05-09,Orange,59,3164182,253897,253451,11602,265053,5008
2021-05-09,Placer,61,380077,22854,22566,1503,24069,286
2021-05-09,Plumas,63,18699,692,679,11,690,4
2021-05-09,Riverside,65,2383286,290235,287644,14648,302292,4427
2021-05-09,Sacramento,67,1510023,104434,104309,1777,106086,1612
2021-05-09,San Benito,69,59416,6043,6056,117,6173,63
2021-05-09,San Bernardino,71,2135413,291671,291337,9007,300344,4707
2021-05-09,San Diego,73,3302833,278685,277950,0,277950,3725
2021-05-09,San Francisco,75,870044,36399,36669,1368,38037,543
2021-05-09,San Joaquin,77,732212,72310,71927,3669,75596,1356
2021-05-09,San Luis Obispo,79,281455,21058,20999,762,21761,256
2021-05-09,San Mateo,81,765935,42086,41903,476,42379,424
2021-05-09,Santa Barbara,83,443738,34324,34196,1242,35438,456
2021-05-09,Santa Clara,85,1922200,117560,118798,784,119582,2003
2021-05-09,Santa Cruz,87,273765,16085,16094,873,16967,206
2021-05-09,Shasta,89,179085,12024,12034,1569,13603,200
2021-05-09,Sierra,91,2930,54,54,14,68,0
2021-05-09,Siskiyou,93,43540,1826,1741,353,2094,13
2021-05-09,Solano,95,438530,32466,32434,543,32977,250
2021-05-09,Sonoma,97,501317,29778,29953,333,30286,318
2021-05-09,Stanislaus,99,539301,55472,55511,6099,61610,898
2021-05-09,Sutter,101,95872,9376,9413,87,9500,111
2021-05-09,Tehama,103,63373,4984,4979,590,5569,62
2021-05-09,Trinity,105,12862,362,327,58,385,3
2021-05-09,Tulare,107,460477,49323,48948,9429,58377,837
2021-05-09,Tuolumne,109,53932,4053,4053,36,4089,63
2021-05-09,Ventura,111,848112,80717,80487,3077,83564,1008
2021-05-09,Yolo,113,214977,13888,13897,314,14211,209
2021-05-09,Yuba,115,75493,5957,5934,125,6059,46
2021-05-08,Alameda,1,1643700,87240,87213,2020,89233,1284
2021-05-08,Alpine,3,1148,88,88,0,88,0
2021-05-08,Amador,5,37829,3658,3652,35,3687,46
2021-05-08,Butte,7,227075,12280,11962,1875,13837,199
2021-05-08,Calaveras,9,45235,2122,2114,14,2128,52
2021-05-08,Colusa,11,21464,1927,1939,305,2244,14
2021-05-08,Contra Costa,13,1133247,68656,68223,1310,69533,803
2021-05-08,Del Norte,15,27424,1348,1335,7,1342,8
2021-05-08,El Dorado,17,186661,10081,10079,756,10835,113
2021-05-08,Fresno,19,978130,101422,101676,8921,110597,1682
2021-05-08,Glenn,21,27897,2391,2382,566,2948,17
2021-05-08,Humboldt,23,135768,4002,3939,34,3973,36
2021-05-08,Imperial,25,180216,28363,28373,2893,31266,721
2021-05-08,Inyo,27,18085,1402,1402,3,1405,36
2021-05-08,Kern,29,883053,96287,95880,11152,107032,1310
2021-05-08,Kings,31,150075,22889,22872,1181,24053,246
2021-05-08,Lake,33,64148,3476,3470,9,3479,43
2021-05-08,Lassen,35,31185,5163,5145,113,5258,5
2021-05-08,Los Angeles,37,10098052,1198900,1194584,43591,1238175,24022
2021-05-08,Madera,39,155013,16455,16442,944,17386,238
2021-05-08,Marin,41,260295,13972,13974,257,14231,228
2021-05-08,Mariposa,43,17540,424,420,11,431,5
2021-05-08,Mendocino,45,87422,3882,3810,75,3885,46
2021-05-08,Merced,47,269075,30802,30876,993,31869,448
2021-05-08,Modoc,49,8938,370,360,124,484,3
2021-05-08,Mono,51,14174,1241,1262,12,1274,3
2021-05-08,Monterey,53,433212,42904,42914,1917,44831,380
2021-05-08,Napa,55,140530,9838,9853,33,9886,81
2021-05-08,Nevada,57,99092,4742,4716,193,4909,70
2021-05-08,Orange,59,3164182,253861,253412,11599,265011,5006
2021-05-08,Placer,61,380077,22836,22547,1501,24048,286
2021-05-08,Plumas,63,18699,691,679,11,690,4
2021-05-08,Riverside,65,2383286,290193,287574,14646,302220,4427
2021-05-08,Sacramento,67,1510023,104350,104208,1773,105981,1610
2021-05-08,San Benito,69,59416,6042,6048,117,6165,63
2021-05-08,San Bernardino,71,2135413,291628,291296,9007,300303,4707
2021-05-08,San Diego,73,3302833,278601,277760,0,277760,3725
2021-05-08,San Francisco,75,870044,36376,36642,1368,38010,543
2021-05-08,San Joaquin,77,732212,72281,71869,3660,75529,1356
2021-05-08,San Luis Obispo,79,281455,21047,20992,762,21754,256
2021-05-08,San Mateo,81,765935,42075,41871,476,42347,424
2021-05-08,Santa Barbara,83,443738,34311,34185,1242,35427,456
2021-05-08,Santa Clara,85,1922200,117529,118751,784,119535,2003
2021-05-08,Santa Cruz,87,273765,16082,16089,873,16962,206
2021-05-08,Shasta,89,179085,12014,12030,1565,13595,200
2021-05-08,Sierra,91,2930,54,54,14,68,0
2021-05-08,Siskiyou,93,43540,1825,1741,349,2090,13
2021-05-08,Solano,95,438530,32441,32395,541,32936,249
2021-05-08,Sonoma,97,501317,29765,29942,333,30275,318
2021-05-08,Stanislaus,99,539301,55439,55467,6095,61562,898
2021-05-08,Sutter,101,95872,9373,9413,87,9500,111
2021-05-08,Tehama,103,63373,4982,4977,590,5567,62
2021-05-08,Trinity,105,12862,362,327,58,385,3
2021-05-08,Tulare,107,460477,49309,48929,9419,58348,837
2021-05-08,Tuolumne,109,53932,4052,4050,36,4086,63
2021-05-08,Ventura,111,848112,80706,80481,3074,83555,1008
2021-05-08,Yolo,113,214977,13885,13894,313,14207,209
2021-05-08,Yuba,115,75493,5949,5928,125,6053,46
2021-05-07,Alameda,1,1643700,87189,87128,2020,89148,1280
2021-05-07,Alpine,3,1148,88,88,0,88,0
2021-05-07,Amador,5,37829,3655,3651,35,3686,46
2021-05-07,Butte,7,227075,12262,11943,1870,13813,199
2021-05-07,Calaveras,9,45235,2120,2114,14,2128,52
2021-05-07,Colusa,11,21464,1927,1937,305,2242,14
2021-05-07,Contra Costa,13,1133247,68610,68156,1308,69464,804
2021-05-07,Del Norte,15,27424,1343,1329,7,1336,8
2021-05-07,El Dorado,17,186661,10068,10065,754,10819,112
2021-05-07,Fresno,19,978130,101390,101625,8920,110545,1684
2021-05-07,Glenn,21,27897,2388,2381,565,2946,17
2021-05-07,Humboldt,23,135768,3987,3919,34,3953,36
2021-05-07,Imperial,25,180216,28355,28352,2892,31244,721
2021-05-07,Inyo,27,18085,1402,1402,3,1405,36
2021-05-07,Kern,29,883053,96274,95839,11140,106979,1308
2021-05-07,Kings,31,150075,22888,22857,1180,24037,246
2021-05-07,Lake,33,64148,3474,3467,9,3476,43
2021-05-07,Lassen,35,31185,5162,5144,112,5256,5
2021-05-07,Los Angeles,37,10098052,1198730,1194294,43581,1237875,24008
2021-05-07,Madera,39,155013,16450,16439,944,17383,238
2021-05-07,Marin,41,260295,13968,13968,257,14225,228
2021-05-07,Mariposa,43,17540,423,419,11,430,5
2021-05-07,Mendocino,45,87422,3876,3805,75,3880,46
2021-05-07,Merced,47,269075,30799,30862,993,31855,446
2021-05-07,Modoc,49,8938,370,360,124,484,3
2021-05-07,Mono,51,14174,1240,1261,12,1273,3
2021-05-07,Monterey,53,433212,42898,42909,1915,44824,380
2021-05-07,Napa,55,140530,9837,9849,33,9882,81
2021-05-07,Nevada,57,99092,4738,4704,193,4897,70
2021-05-07,Orange,59,3164182,253824,253338,11589,264927,5000
2021-05-07,Placer,61,380077,22816,22524,1498,24022,286
2021-05-07,Plumas,63,18699,691,678,11,689,4
2021-05-07,Riverside,65,2383286,290136,287479,14645,302124,4426
2021-05-07,Sacramento,67,1510023,104277,104068,1768,105836,1609
2021-05-07,San Benito,69,59416,6041,6048,117,6165,63
2021-05-07,San Bernardino,71,2135413,291589,291185,9002,300187,4697
2021-05-07,San Diego,73,3302833,278517,277534,0,277534,3718
2021-05-07,San Francisco,75,870044,36363,36616,1367,37983,543
2021-05-07,San Joaquin,77,732212,72241,71804,3658,75462,1351
2021-05-07,San Luis Obispo,79,281455,21040,20979,762,21741,256
2021-05-07,San Mateo,81,765935,42059,41844,476,42320,424
2021-05-07,Santa Barbara,83,443738,34301,34166,1242,35408,453
2021-05-07,Santa Clara,85,1922200,117496,118691,783,119474,2002
2021-05-07,Santa Cruz,87,273765,16079,16074,873,16947,206
2021-05-07,Shasta,89,179085,11992,12005,1563,13568,200
2021-05-07,Sierra,91,2930,54,54,14,68,0
2021-05-07,Siskiyou,93,43540,1822,1723,349,2072,13
2021-05-07,Solano,95,438530,32414,32352,539,32891,249
2021-05-07,Sonoma,97,501317,29748,29925,331,30256,318
2021-05-07,Stanislaus,99,539301,55398,55407,6089,61496,896
2021-05-07,Sutter,101,95872,9373,9407,86,9493,111
2021-05-07,Tehama,103,63373,4975,4974,590,5564,57
2021-05-07,Trinity,105,12862,362,327,58,385,3
2021-05-07,Tulare,107,460477,49292,48913,9414,58327,837
2021-05-07,Tuolumne,109,53932,4050,4048,36,4084,63
2021-05-07,Ventura,111,848112,80682,80444,3074,83518,1008
2021-05-07,Yolo,113,214977,13880,13875,312,14187,209
2021-05-07,Yuba,115,75493,5939,5910,125,6035,46
2021-05-06,Alameda,1,1643700,87111,87028,2016,89044,1278
2021-05-06,Alpine,3,1148,88,88,0,88,0
2021-05-06,Amador,5,37829,3653,3650,35,3685,46
2021-05-06,Butte,7,227075,12242,11929,1865,13794,198
2021-05-06,Calaveras,9,45235,2119,2111,14,2125,52
2021-05-06,Colusa,11,21464,1927,1935,305,2240,14
2021-05-06,Contra Costa,13,1133247,68555,68076,1305,69381,802
2021-05-06,Del Norte,15,27424,1335,1324,7,1331,6
2021-05-06,El Dorado,17,186661,10061,10048,754,10802,112
2021-05-06,Fresno,19,978130,101349,101536,8914,110450,1680
2021-05-06,Glenn,21,27897,2387,2380,564,2944,17
2021-05-06,Humboldt,23,135768,3963,3898,33,3931,36
2021-05-06,Imperial,25,180216,28344,28311,2891,31202,720
2021-05-06,Inyo,27,18085,1402,1401,3,1404,36
2021-05-06,Kern,29,883053,96249,95801,11123,106924,1307
2021-05-06,Kings,31,150075,22881,22848,1179,24027,246
2021-05-06,Lake,33,64148,3473,3465,9,3474,43
2021-05-06,Lassen,35,31185,5161,5143,112,5255,1
2021-05-06,Los Angeles,37,10098052,1198490,1193954,43564,1237518,23991
2021-05-06,Madera,39,155013,16442,16430,944,17374,238
2021-05-06,Marin,41,260295,13964,13956,257,14213,228
2021-05-06,Mariposa,43,17540,422,419,11,430,5
2021-05-06,Mendocino,45,87422,3865,3802,75,3877,46
2021-05-06,Merced,47,269075,30784,30863,992,31855,444
2021-05-06,Modoc,49,8938,370,360,124,484,3
2021-05-06,Mono,51,14174,1238,1261,12,1273,3
2021-05-06,Monterey,53,433212,42883,42899,1915,44814,379
2021-05-06,Napa,55,140530,9831,9843,33,9876,81
2021-05-06,Nevada,57,99092,4737,4687,193,4880,70
2021-05-06,Orange,59,3164182,253757,253286,11582,264868,4991
2021-05-06,Placer,61,380077,22795,22493,1498,23991,286
2021-05-06,Plumas,63,18699,691,678,11,689,4
2021-05-06,Riverside,65,2383286,290063,287399,14640,302039,4422
2021-05-06,Sacramento,67,1510023,104161,103956,1765,105721,1609
2021-05-06,San Benito,69,59416,6040,6045,117,6162,63
2021-05-06,San Bernardino,71,2135413,291519,291085,9001,300086,4683
2021-05-06,San Diego,73,3302833,278393,277324,0,277324,3716
2021-05-06,San Francisco,75,870044,36348,36599,1367,37966,543
2021-05-06,San Joaquin,77,732212,72186,71729,3655,75384,1350
2021-05-06,San Luis Obispo,79,281455,21028,20965,760,21725,256
2021-05-06,San Mateo,81,765935,42041,41802,475,42277,424
2021-05-06,Santa Barbara,83,443738,34288,34152,1242,35394,453
2021-05-06,Santa Clara,85,1922200,117455,118591,783,119374,2001
2021-05-06,Santa Cruz,87,273765,16072,16050,873,16923,206
2021-05-06,Shasta,89,179085,11970,11983,1557,13540,199
2021-05-06,Sierra,91,2930,54,54,14,68,0
2021-05-06,Siskiyou,93,43540,1813,1711,347,2058,12
2021-05-06,Solano,95,438530,32388,32320,531,32851,249
2021-05-06,Sonoma,97,501317,29740,29911,331,30242,318
2021-05-06,Stanislaus,99,539301,55342,55323,6086,61409,834
2021-05-06,Sutter,101,95872,9367,9396,86,9482,111
2021-05-06,Tehama,103,63373,4970,4970,590,5560,53
2021-05-06,Trinity,105,12862,362,327,58,385,3
2021-05-06,Tulare,107,460477,49269,48890,9399,58289,836
2021-05-06,Tuolumne,109,53932,4046,4047,36,4083,63
2021-05-06,Ventura,111,848112,80651,80411,3071,83482,1005
2021-05-06,Yolo,113,214977,13872,13871,308,14179,209
2021-05-06,Yuba,115,75493,5927,5901,125,6026,46
2021-05-05,Alameda,1,1643700,87050,86950,2014,88964,1278
2021-05-05,Alpine,3,1148,88,88,0,88,0
2021-05-05,Amador,5,37829,3650,3650,35,3685,46
2021-05-05,Butte,7,227075,12224,11907,1862,13769,198
2021-05-05,Calaveras,9,45235,2115,2103,14,2117,52
2021-05-05,Colusa,11,21464,1926,1933,305,2238,14
2021-05-05,Contra Costa,13,1133247,68490,67997,1300,69297,803
2021-05-05,Del Norte,15,27424,1332,1317,7,1324,6
2021-05-05,El Dorado,17,186661,10050,10020,753,10773,111
2021-05-05,Fresno,19,978130,101300,101491,8905,110396,1680
2021-05-05,Glenn,21,27897,2384,2380,563,2943,17
2021-05-05,Humboldt,23,135768,3944,3886,32,3918,36
2021-05-05,Imperial,25,180216,28303,28295,2884,31179,720
2021-05-05,Inyo,27,18085,1401,1401,3,1404,36
2021-05-05,Kern,29,883053,96208,95753,11118,106871,1304
2021-05-05,Kings,31,150075,22875,22840,1178,24018,246
2021-05-05,Lake,33,64148,3470,3458,9,3467,43
2021-05-05,Lassen,35,31185,5161,5143,111,5254,1
2021-05-05,Los Angeles,37,10098052,1198225,1193608,43551,1237159,23977
2021-05-05,Madera,39,155013,16440,16423,944,17367,235
2021-05-05,Marin,41,260295,13956,13950,256,14206,228
2021-05-05,Mariposa,43,17540,422,418,11,429,5
2021-05-05,Mendocino,45,87422,3861,3799,75,3874,46
2021-05-05,Merced,47,269075,30763,30844,992,31836,444
2021-05-05,Modoc,49,8938,369,361,123,484,3
2021-05-05,Mono,51,14174,1238,1260,12,1272,3
2021-05-05,Monterey,53,433212,42870,42870,1912,44782,379
2021-05-05,Napa,55,140530,9825,9833,33,9866,81
2021-05-05,Nevada,57,99092,4734,4666,193,4859,70
2021-05-05,Orange,59,3164182,253702,253237,11577,264814,4978
2021-05-05,Placer,61,380077,22763,22362,1494,23856,287
2021-05-05,Plumas,63,18699,691,677,11,688,4
2021-05-05,Riverside,65,2383286,289974,287353,14630,301983,4414
2021-05-05,Sacramento,67,1510023,104071,103476,1760,105236,1607
2021-05-05,San Benito,69,59416,6031,6046,117,6163,63
2021-05-05,San Bernardino,71,2135413,291445,291008,8997,300005,4677
2021-05-05,San Diego,73,3302833,278256,277098,0,277098,3716
2021-05-05,San Francisco,75,870044,36333,36577,1366,37943,543
2021-05-05,San Joaquin,77,732212,72134,71638,3652,75290,1345
2021-05-05,San Luis Obispo,79,281455,21020,20958,760,21718,256
2021-05-05,San Mateo,81,765935,42010,41755,474,42229,415
2021-05-05,Santa Barbara,83,443738,34274,34139,1241,35380,453
2021-05-05,Santa Clara,85,1922200,117425,118482,779,119261,1992
2021-05-05,Santa Cruz,87,273765,16066,16013,873,16886,207
2021-05-05,Shasta,89,179085,11954,11939,1553,13492,200
2021-05-05,Sierra,91,2930,54,54,14,68,0
2021-05-05,Siskiyou,93,43540,1796,1706,339,2045,11
2021-05-05,Solano,95,438530,32353,32250,529,32779,249
2021-05-05,Sonoma,97,501317,29727,29879,331,30210,318
2021-05-05,Stanislaus,99,539301,55284,55231,6084,61315,807
2021-05-05,Sutter,101,95872,9361,9387,86,9473,111
2021-05-05,Tehama,103,63373,4967,4968,590,5558,53
2021-05-05,Trinity,105,12862,362,326,58,384,3
2021-05-05,Tulare,107,460477,49248,48875,9389,58264,835
2021-05-05,Tuolumne,109,53932,4043,4040,36,4076,63
2021-05-05,Ventura,111,848112,80622,80372,3067,83439,1005
2021-05-05,Yolo,113,214977,13868,13846,306,14152,209
2021-05-05,Yuba,115,75493,5917,5895,124,6019,44
2021-05-04,Alameda,1,1643700,86958,86894,2014,88908,1277
2021-05-04,Alpine,3,1148,88,88,0,88,0
2021-05-04,Amador,5,37829,3650,3650,35,3685,46
2021-05-04,Butte,7,227075,12200,11883,1860,13743,198
2021-05-04,Calaveras,9,45235,2110,2100,14,2114,52
2021-05-04,Colusa,11,21464,1925,1933,305,2238,14
2021-05-04,Contra Costa,13,1133247,68411,67931,1296,69227,799
2021-05-04,Del Norte,15,27424,1332,1314,7,1321,6
2021-05-04,El Dorado,17,186661,10039,10009,749,10758,110
2021-05-04,Fresno,19,978130,101246,101451,8898,110349,1677
2021-05-04,Glenn,21,27897,2381,2379,560,2939,17
2021-05-04,Humboldt,23,135768,3918,3877,32,3909,36
2021-05-04,Imperial,25,180216,28283,28276,2880,31156,720
2021-05-04,Inyo,27,18085,1401,1399,3,1402,36
2021-05-04,Kern,29,883053,96175,95720,11099,106819,1301
2021-05-04,Kings,31,150075,22861,22822,1175,23997,246
2021-05-04,Lake,33,64148,3469,3454,9,3463,43
2021-05-04,Lassen,35,31185,5160,5142,111,5253,1
2021-05-04,Los Angeles,37,10098052,1197936,1193453,43539,1236992,23957
2021-05-04,Madera,39,155013,16439,16418,944,17362,235
2021-05-04,Marin,41,260295,13949,13935,256,14191,228
2021-05-04,Mariposa,43,17540,422,418,11,429,5
2021-05-04,Mendocino,45,87422,3856,3794,75,3869,46
2021-05-04,Merced,47,269075,30746,30829,992,31821,444
2021-05-04,Modoc,49,8938,368,360,122,482,3
2021-05-04,Mono,51,14174,1238,1260,12,1272,3
2021-05-04,Monterey,53,433212,42858,42845,1911,44756,380
2021-05-04,Napa,55,140530,9816,9824,33,9857,81
2021-05-04,Nevada,57,99092,4727,4656,193,4849,70
2021-05-04,Orange,59,3164182,253635,253177,11567,264744,4977
2021-05-04,Placer,61,380077,22734,22326,1491,23817,287
2021-05-04,Plumas,63,18699,690,675,11,686,4
2021-05-04,Riverside,65,2383286,289890,287285,14623,301908,4411
2021-05-04,Sacramento,67,1510023,103942,103383,1755,105138,1604
2021-05-04,San Benito,69,59416,6030,6039,117,6156,63
2021-05-04,San Bernardino,71,2135413,291363,290934,8990,299924,4668
2021-05-04,San Diego,73,3302833,278090,276879,0,276879,3713
2021-05-04,San Francisco,75,870044,36315,36550,1366,37916,541
2021-05-04,San Joaquin,77,732212,72073,71582,3648,75230,1342
2021-05-04,San Luis Obispo,79,281455,21015,20923,758,21681,255
2021-05-04,San Mateo,81,765935,41984,41708,474,42182,415
2021-05-04,Santa Barbara,83,443738,34258,34131,1241,35372,453
2021-05-04,Santa Clara,85,1922200,117362,118431,778,119209,1988
2021-05-04,Santa Cruz,87,273765,16060,16005,873,16878,207
2021-05-04,Shasta,89,179085,11934,11923,1547,13470,198
2021-05-04,Sierra,91,2930,54,54,14,68,0
2021-05-04,Siskiyou,93,43540,1789,1694,337,2031,11
2021-05-04,Solano,95,438530,32312,32220,527,32747,249
2021-05-04,Sonoma,97,501317,29708,29867,330,30197,318
2021-05-04,Stanislaus,99,539301,55229,55165,6081,61246,807
2021-05-04,Sutter,101,95872,9356,9375,86,9461,111
2021-05-04,Tehama,103,63373,4965,4959,589,5548,53
2021-05-04,Trinity,105,12862,362,326,58,384,3
2021-05-04,Tulare,107,460477,49222,48857,9379,58236,835
2021-05-04,Tuolumne,109,53932,4041,4041,36,4077,61
2021-05-04,Ventura,111,848112,80593,80351,3065,83416,1005
2021-05-04,Yolo,113,214977,13855,13820,304,14124,208
2021-05-04,Yuba,115,75493,5911,5891,124,6015,44
2021-05-03,Alameda,1,1643700,86881,86845,2008,88853,1272
2021-05-03,Alpine,3,1148,88,88,0,88,0
2021-05-03,Amador,5,37829,3650,3651,35,3686,46
2021-05-03,Butte,7,227075,12190,11864,1857,13721,198
2021-05-03,Calaveras,9,45235,2109,2099,14,2113,50
2021-05-03,Colusa,11,21464,1924,1931,303,2234,14
2021-05-03,Contra Costa,13,1133247,68352,67895,1292,69187,799
2021-05-03,Del Norte,15,27424,1327,1306,6,1312,6
2021-05-03,El Dorado,17,186661,10021,9984,744,10728,110
2021-05-03,Fresno,19,978130,101193,101405,8887,110292,1678
2021-05-03,Glenn,21,27897,2381,2375,559,2934,17
2021-05-03,Humboldt,23,135768,3903,3865,32,3897,36
2021-05-03,Imperial,25,180216,28261,28280,2877,31157,720
2021-05-03,Inyo,27,18085,1400,1398,3,1401,36
2021-05-03,Kern,29,883053,96141,95693,11086,106779,1299
2021-05-03,Kings,31,150075,22852,22821,1175,23996,246
2021-05-03,Lake,33,64148,3467,3446,9,3455,43
2021-05-03,Lassen,35,31185,5159,5142,111,5253,1
2021-05-03,Los Angeles,37,10098052,1197672,1193261,43510,1236771,23942
2021-05-03,Madera,39,155013,16435,16414,943,17357,235
2021-05-03,Marin,41,260295,13943,13927,256,14183,228
2021-05-03,Mariposa,43,17540,422,418,11,429,5
2021-05-03,Mendocino,45,87422,3849,3792,75,3867,46
2021-05-03,Merced,47,269075,30735,30814,990,31804,444
2021-05-03,Modoc,49,8938,368,360,122,482,3
2021-05-03,Mono,51,14174,1238,1259,12,1271,3
2021-05-03,Monterey,53,433212,42848,42837,1909,44746,380
2021-05-03,Napa,55,140530,9811,9815,33,9848,81
2021-05-03,Nevada,57,99092,4719,4650,193,4843,70
2021-05-03,Orange,59,3164182,253576,253107,11558,264665,4968
2021-05-03,Placer,61,380077,22703,22289,1485,23774,287
2021-05-03,Plumas,63,18699,689,675,11,686,4
2021-05-03,Riverside,65,2383286,289818,287233,14622,301855,4412
2021-05-03,Sacramento,67,1510023,103789,103303,1747,105050,1602
2021-05-03,San Benito,69,59416,6029,6038,117,6155,63
2021-05-03,San Bernardino,71,2135413,291295,290886,8987,299873,4659
2021-05-03,San Diego,73,3302833,277927,276693,0,276693,3712
2021-05-03,San Francisco,75,870044,36290,36538,1365,37903,541
2021-05-03,San Joaquin,77,732212,72022,71504,3645,75149,1325
2021-05-03,San Luis Obispo,79,281455,20999,20915,755,21670,254
2021-05-03,San Mateo,81,765935,41961,41689,473,42162,413
2021-05-03,Santa Barbara,83,443738,34246,34119,1241,35360,453
2021-05-03,Santa Clara,85,1922200,117308,118373,777,119150,1988
2021-05-03,Santa Cruz,87,273765,16057,16000,873,16873,207
2021-05-03,Shasta,89,179085,11911,11890,1542,13432,197
2021-05-03,Sierra,91,2930,54,54,14,68,0
2021-05-03,Siskiyou,93,43540,1783,1683,331,2014,11
2021-05-03,Solano,95,438530,32271,32201,526,32727,249
2021-05-03,Sonoma,97,501317,29696,29855,327,30182,318
2021-05-03,Stanislaus,99,539301,55165,55116,6070,61186,774
2021-05-03,Sutter,101,95872,9344,9370,86,9456,111
2021-05-03,Tehama,103,63373,4956,4952,589,5541,53
2021-05-03,Trinity,105,12862,362,326,58,384,3
2021-05-03,Tulare,107,460477,49205,48844,9369,58213,835
2021-05-03,Tuolumne,109,53932,4040,4038,36,4074,61
2021-05-03,Ventura,111,848112,80571,80291,3065,83356,1005
2021-05-03,Yolo,113,214977,13842,13809,302,14111,208
2021-05-03,Yuba,115,75493,5906,5880,124,6004,44
2021-05-02,Alameda,1,1643700,86795,86784,2007,88791,1272
2021-05-02,Alpine,3,1148,88,88,0,88,0
2021-05-02,Amador,5,37829,3650,3650,35,3685,46
2021-05-02,Butte,7,227075,12166,11859,1854,13713,198
2021-05-02,Calaveras,9,45235,2105,2098,14,2112,50
2021-05-02,Colusa,11,21464,1923,1931,302,2233,14
2021-05-02,Contra Costa,13,1133247,68266,67843,1289,69132,800
2021-05-02,Del Norte,15,27424,1320,1305,6,1311,6
2021-05-02,El Dorado,17,186661,10006,9962,743,10705,110
2021-05-02,Fresno,19,978130,101122,101372,8878,110250,1678
2021-05-02,Glenn,21,27897,2380,2374,557,2931,17
2021-05-02,Humboldt,23,135768,3891,3858,31,3889,36
2021-05-02,Imperial,25,180216,28227,28275,2868,31143,721
2021-05-02,Inyo,27,18085,1398,1398,3,1401,36
2021-05-02,Kern,29,883053,96083,95668,11079,106747,1299
2021-05-02,Kings,31,150075,22834,22816,1174,23990,246
2021-05-02,Lake,33,64148,3465,3443,9,3452,43
2021-05-02,Lassen,35,31185,5158,5142,110,5252,1
2021-05-02,Los Angeles,37,10098052,1197325,1193056,43486,1236542,23943
2021-05-02,Madera,39,155013,16429,16410,943,17353,235
2021-05-02,Marin,41,260295,13933,13917,256,14173,228
2021-05-02,Mariposa,43,17540,422,419,11,430,5
2021-05-02,Mendocino,45,87422,3844,3787,75,3862,46
2021-05-02,Merced,47,269075,30713,30793,988,31781,444
2021-05-02,Modoc,49,8938,368,360,122,482,3
2021-05-02,Mono,51,14174,1237,1259,12,1271,3
2021-05-02,Monterey,53,433212,42835,42837,1907,44744,380
2021-05-02,Napa,55,140530,9807,9805,33,9838,81
2021-05-02,Nevada,57,99092,4703,4635,193,4828,70
2021-05-02,Orange,59,3164182,253502,253025,11545,264570,4968
2021-05-02,Placer,61,380077,22674,22264,1482,23746,287
2021-05-02,Plumas,63,18699,689,675,11,686,4
2021-05-02,Riverside,65,2383286,289719,287197,14612,301809,4412
2021-05-02,Sacramento,67,1510023,103654,103153,1740,104893,1602
2021-05-02,San Benito,69,59416,6024,6037,117,6154,63
2021-05-02,San Bernardino,71,2135413,291195,290859,8985,299844,4655
2021-05-02,San Diego,73,3302833,277731,276521,0,276521,3712
2021-05-02,San Francisco,75,870044,36264,36522,1365,37887,541
2021-05-02,San Joaquin,77,732212,71958,71447,3638,75085,1325
2021-05-02,San Luis Obispo,79,281455,20979,20910,754,21664,254
2021-05-02,San Mateo,81,765935,41945,41656,472,42128,412
2021-05-02,Santa Barbara,83,443738,34232,34106,1241,35347,453
2021-05-02,Santa Clara,85,1922200,117235,118321,777,119098,1988
2021-05-02,Santa Cruz,87,273765,16052,15995,872,16867,207
2021-05-02,Shasta,89,179085,11895,11885,1534,13419,197
2021-05-02,Sierra,91,2930,54,54,14,68,0
2021-05-02,Siskiyou,93,43540,1772,1661,330,1991,11
2021-05-02,Solano,95,438530,32232,32151,522,32673,249
2021-05-02,Sonoma,97,501317,29673,29842,327,30169,318
2021-05-02,Stanislaus,99,539301,55092,55057,6063,61120,774
2021-05-02,Sutter,101,95872,9337,9363,86,9449,111
2021-05-02,Tehama,103,63373,4951,4950,587,5537,53
2021-05-02,Trinity,105,12862,362,326,58,384,3
2021-05-02,Tulare,107,460477,49187,48834,9361,58195,835
2021-05-02,Tuolumne,109,53932,4037,4038,36,4074,61
2021-05-02,Ventura,111,848112,80534,80284,3064,83348,1005
2021-05-02,Yolo,113,214977,13830,13799,301,14100,208
2021-05-02,Yuba,115,75493,5896,5879,124,6003,44
2021-05-01,Alameda,1,1643700,86752,86704,2004,88708,1270
2021-05-01,Alpine,3,1148,88,88,0,88,0
2021-05-01,Amador,5,37829,3650,3650,35,3685,46
2021-05-01,Butte,7,227075,12152,11845,1849,13694,198
2021-05-01,Calaveras,9,45235,2103,2096,14,2110,50
2021-05-01,Colusa,11,21464,1922,1931,302,2233,14
2021-05-01,Contra Costa,13,1133247,68214,67779,1286,69065,800
2021-05-01,Del Norte,15,27424,1319,1292,6,1298,6
2021-05-01,El Dorado,17,186661,9992,9944,741,10685,110
2021-05-01,Fresno,19,978130,101077,101326,8872,110198,1678
2021-05-01,Glenn,21,27897,2377,2369,556,2925,17
2021-05-01,Humboldt,23,135768,3877,3845,31,3876,36
2021-05-01,Imperial,25,180216,28220,28262,2868,31130,721
2021-05-01,Inyo,27,18085,1398,1397,3,1400,36
2021-05-01,Kern,29,883053,96056,95645,11067,106712,1299
2021-05-01,Kings,31,150075,22832,22797,1172,23969,246
2021-05-01,Lake,33,64148,3463,3441,9,3450,43
2021-05-01,Lassen,35,31185,5156,5142,110,5252,1
2021-05-01,Los Angeles,37,10098052,1197158,1192781,43471,1236252,23946
2021-05-01,Madera,39,155013,16425,16408,943,17351,235
2021-05-01,Marin,41,260295,13926,13902,256,14158,228
2021-05-01,Mariposa,43,17540,422,418,11,429,5
2021-05-01,Mendocino,45,87422,3842,3782,75,3857,46
2021-05-01,Merced,47,269075,30695,30771,988,31759,444
2021-05-01,Modoc,49,8938,368,361,122,483,3
2021-05-01,Mono,51,14174,1237,1258,12,1270,3
2021-05-01,Monterey,53,433212,42829,42828,1907,44735,379
2021-05-01,Napa,55,140530,9804,9800,33,9833,81
2021-05-01,Nevada,57,99092,4698,4625,193,4818,70
2021-05-01,Orange,59,3164182,253459,252969,11534,264503,4964
2021-05-01,Placer,61,380077,22648,22240,1480,23720,287
2021-05-01,Plumas,63,18699,688,675,11,686,4
2021-05-01,Riverside,65,2383286,289680,287129,14610,301739,4412
2021-05-01,Sacramento,67,1510023,103575,103043,1739,104782,1602
2021-05-01,San Benito,69,59416,6021,6030,117,6147,63
2021-05-01,San Bernardino,71,2135413,291152,290802,8984,299786,4652
2021-05-01,San Diego,73,3302833,277607,276367,0,276367,3706
2021-05-01,San Francisco,75,870044,36249,36496,1365,37861,541
2021-05-01,San Joaquin,77,732212,71910,71389,3636,75025,1325
2021-05-01,San Luis Obispo,79,281455,20974,20896,754,21650,254
2021-05-01,San Mateo,81,765935,41916,41617,471,42088,411
2021-05-01,Santa Barbara,83,443738,34227,34085,1240,35325,453
2021-05-01,Santa Clara,85,1922200,117184,118265,775,119040,1988
2021-05-01,Santa Cruz,87,273765,16049,15984,872,16856,207
2021-05-01,Shasta,89,179085,11875,11878,1526,13404,197
2021-05-01,Sierra,91,2930,54,53,14,67,0
2021-05-01,Siskiyou,93,43540,1764,1653,329,1982,11
2021-05-01,Solano,95,438530,32202,32124,514,32638,249
2021-05-01,Sonoma,97,501317,29670,29835,327,30162,318
2021-05-01,Stanislaus,99,539301,55057,55005,6057,61062,774
2021-05-01,Sutter,101,95872,9334,9358,86,9444,110
2021-05-01,Tehama,103,63373,4950,4950,586,5536,53
2021-05-01,Trinity,105,12862,362,326,57,383,3
2021-05-01,Tulare,107,460477,49180,48818,9355,58173,835
2021-05-01,Tuolumne,109,53932,4031,4035,36,4071,61
2021-05-01,Ventura,111,848112,80516,80268,3064,83332,1005
2021-05-01,Yolo,113,214977,13823,13784,299,14083,208
2021-05-01,Yuba,115,75493,5894,5875,124,5999,44
2021-04-30,Alameda,1,1643700,86690,86602,2001,88603,1268
2021-04-30,Alpine,3,1148,88,88,0,88,0
2021-04-30,Amador,5,37829,3648,3650,35,3685,46
2021-04-30,Butte,7,227075,12133,11812,1845,13657,197
2021-04-30,Calaveras,9,45235,2102,2087,14,2101,50
2021-04-30,Colusa,11,21464,1922,1931,301,2232,14
2021-04-30,Contra Costa,13,1133247,68166,67684,1283,68967,800
2021-04-30,Del Norte,15,27424,1307,1276,6,1282,6
2021-04-30,El Dorado,17,186661,9978,9906,741,10647,110
2021-04-30,Fresno,19,978130,101031,101263,8868,110131,1670
2021-04-30,Glenn,21,27897,2376,2369,556,2925,17
2021-04-30,Humboldt,23,135768,3864,3834,31,3865,36
2021-04-30,Imperial,25,180216,28211,28244,2865,31109,721
2021-04-30,Inyo,27,18085,1398,1397,3,1400,36
2021-04-30,Kern,29,883053,96040,95605,11062,106667,1298
2021-04-30,Kings,31,150075,22829,22793,1171,23964,246
2021-04-30,Lake,33,64148,3459,3440,9,3449,43
2021-04-30,Lassen,35,31185,5155,5140,110,5250,1
2021-04-30,Los Angeles,37,10098052,1196951,1192393,43457,1235850,23919
2021-04-30,Madera,39,155013,16419,16395,943,17338,235
2021-04-30,Marin,41,260295,13918,13895,254,14149,228
2021-04-30,Mariposa,43,17540,422,417,11,428,5
2021-04-30,Mendocino,45,87422,3838,3777,75,3852,46
2021-04-30,Merced,47,269075,30682,30740,987,31727,444
2021-04-30,Modoc,49,8938,367,360,122,482,3
2021-04-30,Mono,51,14174,1237,1258,12,1270,3
2021-04-30,Monterey,53,433212,42815,42810,1906,44716,379
2021-04-30,Napa,55,140530,9800,9792,33,9825,81
2021-04-30,Nevada,57,99092,4690,4608,193,4801,70
2021-04-30,Orange,59,3164182,253404,252883,11528,264411,4956
2021-04-30,Placer,61,380077,22629,22190,1476,23666,287
2021-04-30,Plumas,63,18699,688,677,11,688,4
2021-04-30,Riverside,65,2383286,289627,287030,14603,301633,4412
2021-04-30,Sacramento,67,1510023,103474,102864,1735,104599,1596
2021-04-30,San Benito,69,59416,6017,6024,116,6140,63
2021-04-30,San Bernardino,71,2135413,291098,290704,8983,299687,4640
2021-04-30,San Diego,73,3302833,277513,276157,0,276157,3702
2021-04-30,San Francisco,75,870044,36238,36453,1364,37817,538
2021-04-30,San Joaquin,77,732212,71859,71311,3633,74944,1306
2021-04-30,San Luis Obispo,79,281455,20968,20884,754,21638,255
2021-04-30,San Mateo,81,765935,41901,41583,470,42053,380
2021-04-30,Santa Barbara,83,443738,34214,34061,1240,35301,451
2021-04-30,Santa Clara,85,1922200,117126,118170,771,118941,1988
2021-04-30,Santa Cruz,87,273765,16044,15975,872,16847,207
2021-04-30,Shasta,89,179085,11854,11848,1523,13371,197
2021-04-30,Sierra,91,2930,54,53,14,67,0
2021-04-30,Siskiyou,93,43540,1753,1628,326,1954,11
2021-04-30,Solano,95,438530,32170,32050,511,32561,249
2021-04-30,Sonoma,97,501317,29660,29816,325,30141,318
2021-04-30,Stanislaus,99,539301,55006,54938,6054,60992,774
2021-04-30,Sutter,101,95872,9332,9353,86,9439,110
2021-04-30,Tehama,103,63373,4948,4944,586,5530,53
2021-04-30,Trinity,105,12862,362,326,57,383,3
2021-04-30,Tulare,107,460477,49171,48797,9338,58135,836
2021-04-30,Tuolumne,109,53932,4030,4033,36,4069,61
2021-04-30,Ventura,111,848112,80477,80232,3059,83291,1004
2021-04-30,Yolo,113,214977,13810,13756,299,14055,208
2021-04-30,Yuba,115,75493,5886,5870,124,5994,44
2021-04-29,Alameda,1,1643700,86625,86490,1999,88489,1263
2021-04-29,Alpine,3,1148,88,88,0,88,0
2021-04-29,Amador,5,37829,3648,3649,35,3684,46
2021-04-29,Butte,7,227075,12118,11787,1843,13630,196
2021-04-29,Calaveras,9,45235,2099,2082,14,2096,50
2021-04-29,Colusa,11,21464,1922,1929,301,2230,14
2021-04-29,Contra Costa,13,1133247,68111,67606,1280,68886,795
2021-04-29,Del Norte,15,27424,1303,1271,6,1277,6
2021-04-29,El Dorado,17,186661,9959,9884,738,10622,107
2021-04-29,Fresno,19,978130,100977,101189,8857,110046,1667
2021-04-29,Glenn,21,27897,2373,2369,556,2925,17
2021-04-29,Humboldt,23,135768,3850,3815,31,3846,36
2021-04-29,Imperial,25,180216,28198,28235,2864,31099,720
2021-04-29,Inyo,27,18085,1398,1396,3,1399,36
2021-04-29,Kern,29,883053,96007,95547,11058,106605,1295
2021-04-29,Kings,31,150075,22819,22777,1166,23943,245
2021-04-29,Lake,33,64148,3451,3438,9,3447,43
2021-04-29,Lassen,35,31185,5155,5140,110,5250,1
2021-04-29,Los Angeles,37,10098052,1196676,1192068,43436,1235504,23899
2021-04-29,Madera,39,155013,16414,16383,942,17325,235
2021-04-29,Marin,41,260295,13914,13884,246,14130,228
2021-04-29,Mariposa,43,17540,421,416,11,427,5
2021-04-29,Mendocino,45,87422,3832,3774,75,3849,46
2021-04-29,Merced,47,269075,30662,30706,987,31693,444
2021-04-29,Modoc,49,8938,367,360,122,482,3
2021-04-29,Mono,51,14174,1235,1259,12,1271,3
2021-04-29,Monterey,53,433212,42799,42797,1905,44702,379
2021-04-29,Napa,55,140530,9786,9789,33,9822,81
2021-04-29,Nevada,57,99092,4679,4590,193,4783,70
2021-04-29,Orange,59,3164182,253335,252823,11513,264336,4934
2021-04-29,Placer,61,380077,22604,22161,1474,23635,286
2021-04-29,Plumas,63,18699,687,676,11,687,4
2021-04-29,Riverside,65,2383286,289561,286947,14600,301547,4409
2021-04-29,Sacramento,67,1510023,103342,102686,1725,104411,1593
2021-04-29,San Benito,69,59416,6016,6023,116,6139,63
2021-04-29,San Bernardino,71,2135413,291025,290606,8978,299584,4609
2021-04-29,San Diego,73,3302833,277364,275961,0,275961,3700
2021-04-29,San Francisco,75,870044,36212,36412,1364,37776,537
2021-04-29,San Joaquin,77,732212,71794,71225,3628,74853,1301
2021-04-29,San Luis Obispo,79,281455,20957,20876,754,21630,255
2021-04-29,San Mateo,81,765935,41872,41538,469,42007,358
2021-04-29,Santa Barbara,83,443738,34198,34039,1238,35277,448
2021-04-29,Santa Clara,85,1922200,117071,118082,769,118851,1984
2021-04-29,Santa Cruz,87,273765,16038,15961,872,16833,205
2021-04-29,Shasta,89,179085,11824,11836,1514,13350,193
2021-04-29,Sierra,91,2930,54,53,14,67,0
2021-04-29,Siskiyou,93,43540,1744,1615,323,1938,11
2021-04-29,Solano,95,438530,32130,32002,506,32508,248
2021-04-29,Sonoma,97,501317,29645,29785,322,30107,318
2021-04-29,Stanislaus,99,539301,54939,54836,6049,60885,774
2021-04-29,Sutter,101,95872,9325,9346,86,9432,110
2021-04-29,Tehama,103,63373,4940,4939,586,5525,53
2021-04-29,Trinity,105,12862,362,326,57,383,3
2021-04-29,Tulare,107,460477,49155,48785,9325,58110,832
2021-04-29,Tuolumne,109,53932,4029,4030,36,4066,58
2021-04-29,Ventura,111,848112,80443,80188,3057,83245,1002
2021-04-29,Yolo,113,214977,13790,13745,298,14043,205
2021-04-29,Yuba,115,75493,5876,5865,124,5989,44
2021-04-28,Alameda,1,1643700,86554,86390,1994,88384,1260
2021-04-28,Alpine,3,1148,88,88,0,88,0
2021-04-28,Amador,5,37829,3648,3646,35,3681,46
2021-04-28,Butte,7,227075,12098,11762,1838,13600,196
2021-04-28,Calaveras,9,45235,2095,2078,13,2091,50
2021-04-28,Colusa,11,21464,1919,1927,300,2227,14
2021-04-28,Contra Costa,13,1133247,68051,67539,1279,68818,795
2021-04-28,Del Norte,15,27424,1295,1267,6,1273,6
2021-04-28,El Dorado,17,186661,9935,9873,738,10611,107
2021-04-28,Fresno,19,978130,100931,101161,8846,110007,1666
2021-04-28,Glenn,21,27897,2370,2368,556,2924,17
2021-04-28,Humboldt,23,135768,3834,3796,31,3827,36
2021-04-28,Imperial,25,180216,28184,28177,2863,31040,720
2021-04-28,Inyo,27,18085,1398,1396,2,1398,36
2021-04-28,Kern,29,883053,95977,95494,11049,106543,1295
2021-04-28,Kings,31,150075,22808,22767,1163,23930,245
2021-04-28,Lake,33,64148,3448,3433,9,3442,43
2021-04-28,Lassen,35,31185,5155,5138,110,5248,1
2021-04-28,Los Angeles,37,10098052,1196382,1191729,43409,1235138,23858
2021-04-28,Madera,39,155013,16410,16372,942,17314,235
2021-04-28,Marin,41,260295,13903,13866,246,14112,227
2021-04-28,Mariposa,43,17540,418,415,11,426,5
2021-04-28,Mendocino,45,87422,3826,3770,73,3843,46
2021-04-28,Merced,47,269075,30643,30649,987,31636,443
2021-04-28,Modoc,49,8938,367,360,122,482,3
2021-04-28,Mono,51,14174,1235,1258,12,1270,3
2021-04-28,Monterey,53,433212,42794,42776,1905,44681,379
2021-04-28,Napa,55,140530,9775,9777,33,9810,81
2021-04-28,Nevada,57,99092,4660,4570,193,4763,70
2021-04-28,Orange,59,3164182,253257,252747,11498,264245,4931
2021-04-28,Placer,61,380077,22577,22115,1473,23588,285
2021-04-28,Plumas,63,18699,687,676,11,687,4
2021-04-28,Riverside,65,2383286,289505,286868,14595,301463,4407
2021-04-28,Sacramento,67,1510023,103219,102613,1721,104334,1591
2021-04-28,San Benito,69,59416,6014,6021,116,6137,63
2021-04-28,San Bernardino,71,2135413,290952,290548,8967,299515,4582
2021-04-28,San Diego,73,3302833,277209,275821,0,275821,3698
2021-04-28,San Francisco,75,870044,36183,36382,1363,37745,534
2021-04-28,San Joaquin,77,732212,71714,71171,3620,74791,1301
2021-04-28,San Luis Obispo,79,281455,20949,20851,754,21605,255
2021-04-28,San Mateo,81,765935,41847,41498,467,41965,358
2021-04-28,Santa Barbara,83,443738,34184,34003,1238,35241,448
2021-04-28,Santa Clara,85,1922200,117002,117997,766,118763,1969
2021-04-28,Santa Cruz,87,273765,16034,15943,871,16814,205
2021-04-28,Shasta,89,179085,11809,11815,1506,13321,192
2021-04-28,Sierra,91,2930,54,51,14,65,0
2021-04-28,Siskiyou,93,43540,1731,1603,321,1924,11
2021-04-28,Solano,95,438530,32098,31982,502,32484,248
2021-04-28,Sonoma,97,501317,29631,29773,318,30091,318
2021-04-28,Stanislaus,99,539301,54885,54745,6045,60790,774
2021-04-28,Sutter,101,95872,9320,9343,86,9429,110
2021-04-28,Tehama,103,63373,4934,4930,585,5515,53
2021-04-28,Trinity,105,12862,362,326,57,383,3
2021-04-28,Tulare,107,460477,49138,48754,9309,58063,832
2021-04-28,Tuolumne,109,53932,4026,4029,36,4065,58
2021-04-28,Ventura,111,848112,80408,80172,3055,83227,1000
2021-04-28,Yolo,113,214977,13775,13721,297,14018,205
2021-04-28,Yuba,115,75493,5870,5857,124,5981,44
2021-04-27,Alameda,1,1643700,86457,86301,1989,88290,1260
2021-04-27,Alpine,3,1148,88,88,0,88,0
2021-04-27,Amador,5,37829,3648,3645,35,3680,46
2021-04-27,Butte,7,227075,12073,11738,1832,13570,196
2021-04-27,Calaveras,9,45235,2092,2076,13,2089,50
2021-04-27,Colusa,11,21464,1918,1926,300,2226,14
2021-04-27,Contra Costa,13,1133247,67982,67470,1275,68745,791
2021-04-27,Del Norte,15,27424,1283,1266,6,1272,6
2021-04-27,El Dorado,17,186661,9906,9866,735,10601,106
2021-04-27,Fresno,19,978130,100868,101138,8834,109972,1663
2021-04-27,Glenn,21,27897,2370,2368,556,2924,17
2021-04-27,Humboldt,23,135768,3822,3780,31,3811,35
2021-04-27,Imperial,25,180216,28168,28149,2857,31006,720
2021-04-27,Inyo,27,18085,1398,1396,2,1398,36
2021-04-27,Kern,29,883053,95922,95466,11036,106502,1295
2021-04-27,Kings,31,150075,22794,22759,1160,23919,244
2021-04-27,Lake,33,64148,3447,3431,9,3440,43
2021-04-27,Lassen,35,31185,5155,5137,110,5247,1
2021-04-27,Los Angeles,37,10098052,1196063,1191504,43378,1234882,23825
2021-04-27,Madera,39,155013,16403,16365,942,17307,235
2021-04-27,Marin,41,260295,13882,13855,245,14100,227
2021-04-27,Mariposa,43,17540,417,413,11,424,5
2021-04-27,Mendocino,45,87422,3822,3765,73,3838,46
2021-04-27,Merced,47,269075,30603,30620,987,31607,443
2021-04-27,Modoc,49,8938,366,360,122,482,3
2021-04-27,Mono,51,14174,1235,1257,12,1269,3
2021-04-27,Monterey,53,433212,42776,42752,1902,44654,379
2021-04-27,Napa,55,140530,9768,9774,33,9807,81
2021-04-27,Nevada,57,99092,4645,4557,193,4750,70
2021-04-27,Orange,59,3164182,253189,252667,11492,264159,4925
2021-04-27,Placer,61,380077,22546,22050,1470,23520,285
2021-04-27,Plumas,63,18699,686,675,11,686,4
2021-04-27,Riverside,65,2383286,289432,286820,14590,301410,4405
2021-04-27,Sacramento,67,1510023,103092,102595,1711,104306,1589
2021-04-27,San Benito,69,59416,6009,6016,116,6132,63
2021-04-27,San Bernardino,71,2135413,290882,290461,8962,299423,4575
2021-04-27,San Diego,73,3302833,277053,275685,0,275685,3692
2021-04-27,San Francisco,75,870044,36155,36358,1362,37720,533
2021-04-27,San Joaquin,77,732212,71661,71104,3615,74719,1301
2021-04-27,San Luis Obispo,79,281455,20942,20841,754,21595,255
2021-04-27,San Mateo,81,765935,41813,41474,466,41940,358
2021-04-27,Santa Barbara,83,443738,34160,33973,1237,35210,448
2021-04-27,Santa Clara,85,1922200,116952,117945,765,118710,1969
2021-04-27,Santa Cruz,87,273765,16027,15905,870,16775,205
2021-04-27,Shasta,89,179085,11782,11802,1499,13301,192
2021-04-27,Sierra,91,2930,54,51,14,65,0
2021-04-27,Siskiyou,93,43540,1716,1597,320,1917,11
2021-04-27,Solano,95,438530,32050,31964,501,32465,248
2021-04-27,Sonoma,97,501317,29612,29761,317,30078,318
2021-04-27,Stanislaus,99,539301,54815,54695,6037,60732,752
2021-04-27,Sutter,101,95872,9315,9342,86,9428,110
2021-04-27,Tehama,103,63373,4931,4922,581,5503,53
2021-04-27,Trinity,105,12862,362,326,57,383,3
2021-04-27,Tulare,107,460477,49122,48744,9299,58043,832
2021-04-27,Tuolumne,109,53932,4023,4028,36,4064,58
2021-04-27,Ventura,111,848112,80379,80152,3053,83205,1000
2021-04-27,Yolo,113,214977,13762,13697,295,13992,205
2021-04-27,Yuba,115,75493,5870,5853,124,5977,44
2021-04-26,Alameda,1,1643700,86366,86230,1985,88215,1256
2021-04-26,Alpine,3,1148,88,88,0,88,0
2021-04-26,Amador,5,37829,3647,3645,35,3680,46
2021-04-26,Butte,7,227075,12049,11720,1828,13548,196
2021-04-26,Calaveras,9,45235,2083,2074,13,2087,50
2021-04-26,Colusa,11,21464,1918,1925,299,2224,14
2021-04-26,Contra Costa,13,1133247,67914,67392,1271,68663,789
2021-04-26,Del Norte,15,27424,1274,1263,6,1269,6
2021-04-26,El Dorado,17,186661,9885,9849,734,10583,106
2021-04-26,Fresno,19,978130,100813,101099,8821,109920,1662
2021-04-26,Glenn,21,27897,2368,2367,556,2923,17
2021-04-26,Humboldt,23,135768,3812,3764,30,3794,35
2021-04-26,Imperial,25,180216,28155,28148,2854,31002,720
2021-04-26,Inyo,27,18085,1397,1396,2,1398,36
2021-04-26,Kern,29,883053,95896,95429,11029,106458,1295
2021-04-26,Kings,31,150075,22791,22756,1157,23913,244
2021-04-26,Lake,33,64148,3442,3428,9,3437,43
2021-04-26,Lassen,35,31185,5155,5138,110,5248,1
2021-04-26,Los Angeles,37,10098052,1195740,1191253,43357,1234610,23802
2021-04-26,Madera,39,155013,16391,16353,941,17294,231
2021-04-26,Marin,41,260295,13867,13849,245,14094,227
2021-04-26,Mariposa,43,17540,416,410,11,421,5
2021-04-26,Mendocino,45,87422,3820,3757,73,3830,46
2021-04-26,Merced,47,269075,30586,30611,984,31595,443
2021-04-26,Modoc,49,8938,366,360,122,482,3
2021-04-26,Mono,51,14174,1235,1258,12,1270,3
2021-04-26,Monterey,53,433212,42760,42740,1901,44641,379
2021-04-26,Napa,55,140530,9756,9769,33,9802,79
2021-04-26,Nevada,57,99092,4624,4548,193,4741,70
2021-04-26,Orange,59,3164182,253104,252592,11481,264073,4919
2021-04-26,Placer,61,380077,22517,22032,1465,23497,285
2021-04-26,Plumas,63,18699,686,670,11,681,4
2021-04-26,Riverside,65,2383286,289371,286724,14581,301305,4401
2021-04-26,Sacramento,67,1510023,102920,102459,1697,104156,1587
2021-04-26,San Benito,69,59416,6007,6013,116,6129,63
2021-04-26,San Bernardino,71,2135413,290832,290394,8960,299354,4572
2021-04-26,San Diego,73,3302833,276879,275541,0,275541,3692
2021-04-26,San Francisco,75,870044,36128,36330,1360,37690,532
2021-04-26,San Joaquin,77,732212,71595,71050,3607,74657,1301
2021-04-26,San Luis Obispo,79,281455,20934,20830,753,21583,255
2021-04-26,San Mateo,81,765935,41783,41457,466,41923,357
2021-04-26,Santa Barbara,83,443738,34129,33948,1237,35185,448
2021-04-26,Santa Clara,85,1922200,116853,117874,761,118635,1968
2021-04-26,Santa Cruz,87,273765,16018,15877,870,16747,205
2021-04-26,Shasta,89,179085,11765,11787,1492,13279,192
2021-04-26,Sierra,91,2930,53,51,14,65,0
2021-04-26,Siskiyou,93,43540,1706,1592,316,1908,11
2021-04-26,Solano,95,438530,32005,31913,499,32412,247
2021-04-26,Sonoma,97,501317,29589,29755,315,30070,318
2021-04-26,Stanislaus,99,539301,54725,54638,6031,60669,744
2021-04-26,Sutter,101,95872,9310,9328,86,9414,110
2021-04-26,Tehama,103,63373,4926,4920,578,5498,53
2021-04-26,Trinity,105,12862,362,326,57,383,3
2021-04-26,Tulare,107,460477,49102,48735,9290,58025,831
2021-04-26,Tuolumne,109,53932,4022,4024,36,4060,58
2021-04-26,Ventura,111,848112,80354,80137,3050,83187,999
2021-04-26,Yolo,113,214977,13742,13684,292,13976,205
2021-04-26,Yuba,115,75493,5868,5851,124,5975,44
2021-04-25,Alameda,1,1643700,86259,86162,1978,88140,1256
2021-04-25,Alpine,3,1148,88,87,0,87,0
2021-04-25,Amador,5,37829,3646,3643,35,3678,46
2021-04-25,Butte,7,227075,12020,11709,1821,13530,196
2021-04-25,Calaveras,9,45235,2077,2072,12,2084,50
2021-04-25,Colusa,11,21464,1917,1924,299,2223,14
2021-04-25,Contra Costa,13,1133247,67822,67316,1270,68586,789
2021-04-25,Del Norte,15,27424,1268,1259,6,1265,6
2021-04-25,El Dorado,17,186661,9869,9837,732,10569,106
2021-04-25,Fresno,19,978130,100755,101061,8809,109870,1662
2021-04-25,Glenn,21,27897,2368,2366,556,2922,17
2021-04-25,Humboldt,23,135768,3799,3751,30,3781,35
2021-04-25,Imperial,25,180216,28130,28136,2850,30986,720
2021-04-25,Inyo,27,18085,1397,1396,2,1398,36
2021-04-25,Kern,29,883053,95834,95398,11015,106413,1295
2021-04-25,Kings,31,150075,22777,22755,1155,23910,244
2021-04-25,Lake,33,64148,3440,3427,9,3436,43
2021-04-25,Lassen,35,31185,5153,5138,110,5248,1
2021-04-25,Los Angeles,37,10098052,1195409,1190970,43335,1234305,23799
2021-04-25,Madera,39,155013,16379,16346,941,17287,231
2021-04-25,Marin,41,260295,13858,13852,245,14097,227
2021-04-25,Mariposa,43,17540,416,410,11,421,5
2021-04-25,Mendocino,45,87422,3813,3757,73,3830,46
2021-04-25,Merced,47,269075,30551,30586,984,31570,443
2021-04-25,Modoc,49,8938,366,360,122,482,3
2021-04-25,Mono,51,14174,1235,1257,12,1269,3
2021-04-25,Monterey,53,433212,42747,42737,1899,44636,379
2021-04-25,Napa,55,140530,9751,9762,33,9795,79
2021-04-25,Nevada,57,99092,4612,4536,193,4729,70
2021-04-25,Orange,59,3164182,253027,252531,11474,264005,4919
2021-04-25,Placer,61,380077,22470,22011,1457,23468,285
2021-04-25,Plumas,63,18699,685,670,11,681,4
2021-04-25,Riverside,65,2383286,289278,286651,14575,301226,4401
2021-04-25,Sacramento,67,1510023,102751,102319,1687,104006,1587
2021-04-25,San Benito,69,59416,6005,6014,115,6129,63
2021-04-25,San Bernardino,71,2135413,290755,290357,8952,299309,4571
2021-04-25,San Diego,73,3302833,276666,275412,0,275412,3692
2021-04-25,San Francisco,75,870044,36098,36310,1360,37670,532
2021-04-25,San Joaquin,77,732212,71500,70987,3596,74583,1301
2021-04-25,San Luis Obispo,79,281455,20915,20820,751,21571,255
2021-04-25,San Mateo,81,765935,41749,41465,465,41930,356
2021-04-25,Santa Barbara,83,443738,34103,33931,1237,35168,448
2021-04-25,Santa Clara,85,1922200,116774,117778,759,118537,1968
2021-04-25,Santa Cruz,87,273765,16012,15868,868,16736,205
2021-04-25,Shasta,89,179085,11742,11784,1487,13271,192
2021-04-25,Sierra,91,2930,53,51,14,65,0
2021-04-25,Siskiyou,93,43540,1695,1580,314,1894,11
2021-04-25,Solano,95,438530,31958,31864,491,32355,247
2021-04-25,Sonoma,97,501317,29571,29756,315,30071,318
2021-04-25,Stanislaus,99,539301,54630,54543,6022,60565,744
2021-04-25,Sutter,101,95872,9304,9326,86,9412,110
2021-04-25,Tehama,103,63373,4922,4916,576,5492,53
2021-04-25,Trinity,105,12862,362,326,57,383,3
2021-04-25,Tulare,107,460477,49087,48728,9276,58004,831
2021-04-25,Tuolumne,109,53932,4020,4022,36,4058,58
2021-04-25,Ventura,111,848112,80330,80110,3050,83160,999
2021-04-25,Yolo,113,214977,13720,13667,290,13957,205
2021-04-25,Yuba,115,75493,5865,5849,123,5972,44
2021-04-24,Alameda,1,1643700,86204,86016,1976,87992,1257
2021-04-24,Alpine,3,1148,88,86,0,86,0
2021-04-24,Amador,5,37829,3645,3640,35,3675,46
2021-04-24,Butte,7,227075,12004,11678,1819,13497,196
2021-04-24,Calaveras,9,45235,2074,2067,12,2079,50
2021-04-24,Colusa,11,21464,1916,1921,299,2220,14
2021-04-24,Contra Costa,13,1133247,67753,67222,1268,68490,789
2021-04-24,Del Norte,15,27424,1263,1255,6,1261,6
2021-04-24,El Dorado,17,186661,9858,9814,731,10545,106
2021-04-24,Fresno,19,978130,100724,100991,8803,109794,1662
2021-04-24,Glenn,21,27897,2368,2363,556,2919,17
2021-04-24,Humboldt,23,135768,3785,3722,30,3752,35
2021-04-24,Imperial,25,180216,28123,28124,2849,30973,720
2021-04-24,Inyo,27,18085,1396,1396,2,1398,36
2021-04-24,Kern,29,883053,95816,95365,11004,106369,1295
2021-04-24,Kings,31,150075,22774,22749,1155,23904,244
2021-04-24,Lake,33,64148,3439,3426,9,3435,43
2021-04-24,Lassen,35,31185,5152,5137,110,5247,1
2021-04-24,Los Angeles,37,10098052,1195187,1190603,43315,1233918,23802
2021-04-24,Madera,39,155013,16376,16338,941,17279,231
2021-04-24,Marin,41,260295,13850,13847,245,14092,227
2021-04-24,Mariposa,43,17540,416,409,11,420,5
2021-04-24,Mendocino,45,87422,3811,3754,72,3826,46
2021-04-24,Merced,47,269075,30531,30559,984,31543,443
2021-04-24,Modoc,49,8938,366,360,122,482,3
2021-04-24,Mono,51,14174,1235,1256,12,1268,3
2021-04-24,Monterey,53,433212,42735,42727,1898,44625,379
2021-04-24,Napa,55,140530,9745,9756,33,9789,79
2021-04-24,Nevada,57,99092,4605,4522,193,4715,70
2021-04-24,Orange,59,3164182,252983,252441,11469,263910,4910
2021-04-24,Placer,61,380077,22458,21983,1456,23439,285
2021-04-24,Plumas,63,18699,684,670,11,681,4
2021-04-24,Riverside,65,2383286,289210,286552,14571,301123,4400
2021-04-24,Sacramento,67,1510023,102667,102179,1680,103859,1587
2021-04-24,San Benito,69,59416,6003,6007,115,6122,63
2021-04-24,San Bernardino,71,2135413,290706,290264,8950,299214,4568
2021-04-24,San Diego,73,3302833,276562,275252,0,275252,3688
2021-04-24,San Francisco,75,870044,36069,36285,1356,37641,532
2021-04-24,San Joaquin,77,732212,71457,70911,3592,74503,1301
2021-04-24,San Luis Obispo,79,281455,20905,20797,750,21547,255
2021-04-24,San Mateo,81,765935,41736,41424,463,41887,355
2021-04-24,Santa Barbara,83,443738,34088,33911,1236,35147,448
2021-04-24,Santa Clara,85,1922200,116719,117674,757,118431,1968
2021-04-24,Santa Cruz,87,273765,16004,15840,868,16708,205
2021-04-24,Shasta,89,179085,11724,11770,1484,13254,192
2021-04-24,Sierra,91,2930,53,51,14,65,0
2021-04-24,Siskiyou,93,43540,1685,1574,313,1887,11
2021-04-24,Solano,95,438530,31935,31821,489,32310,247
2021-04-24,Sonoma,97,501317,29569,29739,315,30054,318
2021-04-24,Stanislaus,99,539301,54581,54455,6019,60474,744
2021-04-24,Sutter,101,95872,9301,9316,86,9402,110
2021-04-24,Tehama,103,63373,4917,4907,576,5483,53
2021-04-24,Trinity,105,12862,362,326,57,383,3
2021-04-24,Tulare,107,460477,49076,48705,9266,57971,830
2021-04-24,Tuolumne,109,53932,4016,4020,36,4056,58
2021-04-24,Ventura,111,848112,80317,80097,3048,83145,999
2021-04-24,Yolo,113,214977,13709,13653,290,13943,205
2021-04-24,Yuba,115,75493,5863,5837,123,5960,44
2021-04-23,Alameda,1,1643700,86133,85935,1974,87909,1256
2021-04-23,Alpine,3,1148,87,86,0,86,0
2021-04-23,Amador,5,37829,3644,3637,35,3672,46
2021-04-23,Butte,7,227075,11983,11672,1814,13486,196
2021-04-23,Calaveras,9,45235,2072,2064,12,2076,50
2021-04-23,Colusa,11,21464,1915,1921,299,2220,14
2021-04-23,Contra Costa,13,1133247,67699,67164,1264,68428,785
2021-04-23,Del Norte,15,27424,1262,1254,6,1260,6
2021-04-23,El Dorado,17,186661,9841,9788,728,10516,106
2021-04-23,Fresno,19,978130,100684,100928,8796,109724,1662
2021-04-23,Glenn,21,27897,2368,2361,555,2916,17
2021-04-23,Humboldt,23,135768,3774,3698,30,3728,35
2021-04-23,Imperial,25,180216,28108,28108,2848,30956,720
2021-04-23,Inyo,27,18085,1396,1395,2,1397,36
2021-04-23,Kern,29,883053,95791,95330,10999,106329,1295
2021-04-23,Kings,31,150075,22771,22735,1155,23890,244
2021-04-23,Lake,33,64148,3437,3425,9,3434,43
2021-04-23,Lassen,35,31185,5152,5141,110,5251,1
2021-04-23,Los Angeles,37,10098052,1194925,1190264,43289,1233553,23785
2021-04-23,Madera,39,155013,16367,16328,941,17269,231
2021-04-23,Marin,41,260295,13845,13838,245,14083,227
2021-04-23,Mariposa,43,17540,415,405,11,416,5
2021-04-23,Mendocino,45,87422,3809,3745,71,3816,46
2021-04-23,Merced,47,269075,30513,30530,984,31514,443
2021-04-23,Modoc,49,8938,366,360,122,482,3
2021-04-23,Mono,51,14174,1233,1256,12,1268,3
2021-04-23,Monterey,53,433212,42729,42722,1898,44620,377
2021-04-23,Napa,55,140530,9739,9752,33,9785,79
2021-04-23,Nevada,57,99092,4596,4510,193,4703,70
2021-04-23,Orange,59,3164182,252940,252399,11462,263861,4904
2021-04-23,Placer,61,380077,22435,21959,1455,23414,282
2021-04-23,Plumas,63,18699,683,670,11,681,4
2021-04-23,Riverside,65,2383286,289153,286456,14566,301022,4399
2021-04-23,Sacramento,67,1510023,102580,102041,1677,103718,1586
2021-04-23,San Benito,69,59416,6001,6005,115,6120,63
2021-04-23,San Bernardino,71,2135413,290657,290189,8948,299137,4568
2021-04-23,San Diego,73,3302833,276423,275097,0,275097,3684
2021-04-23,San Francisco,75,870044,36052,36252,1355,37607,532
2021-04-23,San Joaquin,77,732212,71401,70840,3589,74429,1295
2021-04-23,San Luis Obispo,79,281455,20896,20781,749,21530,255
2021-04-23,San Mateo,81,765935,41710,41386,463,41849,355
2021-04-23,Santa Barbara,83,443738,34078,33895,1234,35129,447
2021-04-23,Santa Clara,85,1922200,116658,117593,756,118349,1965
2021-04-23,Santa Cruz,87,273765,15997,15802,868,16670,205
2021-04-23,Shasta,89,179085,11717,11759,1483,13242,192
2021-04-23,Sierra,91,2930,53,51,14,65,0
2021-04-23,Siskiyou,93,43540,1673,1567,311,1878,11
2021-04-23,Solano,95,438530,31903,31784,485,32269,247
2021-04-23,Sonoma,97,501317,29556,29727,315,30042,318
2021-04-23,Stanislaus,99,539301,54518,54391,6011,60402,744
2021-04-23,Sutter,101,95872,9299,9312,86,9398,110
2021-04-23,Tehama,103,63373,4914,4906,576,5482,53
2021-04-23,Trinity,105,12862,362,326,57,383,3
2021-04-23,Tulare,107,460477,49059,48694,9258,57952,829
2021-04-23,Tuolumne,109,53932,4015,4020,36,4056,58
2021-04-23,Ventura,111,848112,80298,80095,3048,83143,996
2021-04-23,Yolo,113,214977,13698,13647,289,13936,205
2021-04-23,Yuba,115,75493,5860,5828,123,5951,44
2021-04-22,Alameda,1,1643700,86041,85829,1973,87802,1253
2021-04-22,Alpine,3,1148,87,86,0,86,0
2021-04-22,Amador,5,37829,3643,3633,35,3668,46
2021-04-22,Butte,7,227075,11969,11656,1811,13467,196
2021-04-22,Calaveras,9,45235,2070,2059,12,2071,50
2021-04-22,Colusa,11,21464,1913,1920,297,2217,14
2021-04-22,Contra Costa,13,1133247,67628,67029,1258,68287,782
2021-04-22,Del Norte,15,27424,1257,1252,6,1258,6
2021-04-22,El Dorado,17,186661,9830,9773,725,10498,106
2021-04-22,Fresno,19,978130,100640,100864,8786,109650,1657
2021-04-22,Glenn,21,27897,2367,2361,555,2916,17
2021-04-22,Humboldt,23,135768,3765,3680,30,3710,35
2021-04-22,Imperial,25,180216,28086,28096,2845,30941,720
2021-04-22,Inyo,27,18085,1395,1394,2,1396,36
2021-04-22,Kern,29,883053,95749,95292,10984,106276,1299
2021-04-22,Kings,31,150075,22761,22725,1155,23880,243
2021-04-22,Lake,33,64148,3435,3423,9,3432,43
2021-04-22,Lassen,35,31185,5152,5155,110,5265,1
2021-04-22,Los Angeles,37,10098052,1194608,1189878,43266,1233144,23762
2021-04-22,Madera,39,155013,16348,16316,941,17257,231
2021-04-22,Marin,41,260295,13837,13832,245,14077,227
2021-04-22,Mariposa,43,17540,414,403,11,414,5
2021-04-22,Mendocino,45,87422,3803,3729,71,3800,46
2021-04-22,Merced,47,269075,30478,30490,983,31473,443
2021-04-22,Modoc,49,8938,366,360,122,482,3
2021-04-22,Mono,51,14174,1233,1254,12,1266,3
2021-04-22,Monterey,53,433212,42722,42708,1896,44604,377
2021-04-22,Napa,55,140530,9729,9734,33,9767,79
2021-04-22,Nevada,57,99092,4587,4504,191,4695,70
2021-04-22,Orange,59,3164182,252869,252307,11450,263757,4898
2021-04-22,Placer,61,380077,22405,21916,1451,23367,282
2021-04-22,Plumas,63,18699,682,670,11,681,4
2021-04-22,Riverside,65,2383286,289058,286362,14557,300919,4398
2021-04-22,Sacramento,67,1510023,102431,101870,1667,103537,1585
2021-04-22,San Benito,69,59416,5997,5998,115,6113,63
2021-04-22,San Bernardino,71,2135413,290584,290125,8940,299065,4571
2021-04-22,San Diego,73,3302833,276257,275913,0,275913,3684
2021-04-22,San Francisco,75,870044,36030,36218,1352,37570,532
2021-04-22,San Joaquin,77,732212,71342,70751,3583,74334,1295
2021-04-22,San Luis Obispo,79,281455,20882,20761,749,21510,255
2021-04-22,San Mateo,81,765935,41682,41345,461,41806,355
2021-04-22,Santa Barbara,83,443738,34055,33870,1233,35103,446
2021-04-22,Santa Clara,85,1922200,116570,117457,752,118209,1954
2021-04-22,Santa Cruz,87,273765,15994,15737,867,16604,205
2021-04-22,Shasta,89,179085,11702,11738,1480,13218,192
2021-04-22,Sierra,91,2930,53,51,14,65,0
2021-04-22,Siskiyou,93,43540,1669,1564,310,1874,11
2021-04-22,Solano,95,438530,31857,31731,482,32213,247
2021-04-22,Sonoma,97,501317,29542,29705,311,30016,318
2021-04-22,Stanislaus,99,539301,54445,54313,6005,60318,744
2021-04-22,Sutter,101,95872,9295,9302,86,9388,110
2021-04-22,Tehama,103,63373,4908,4896,572,5468,53
2021-04-22,Trinity,105,12862,362,326,57,383,3
2021-04-22,Tulare,107,460477,49040,48669,9248,57917,828
2021-04-22,Tuolumne,109,53932,4011,4020,36,4056,58
2021-04-22,Ventura,111,848112,80273,80073,3046,83119,996
2021-04-22,Yolo,113,214977,13677,13616,289,13905,205
2021-04-22,Yuba,115,75493,5849,5825,123,5948,44
2021-04-21,Alameda,1,1643700,85959,85762,1971,87733,1249
2021-04-21,Alpine,3,1148,87,86,0,86,0
2021-04-21,Amador,5,37829,3640,3632,35,3667,46
2021-04-21,Butte,7,227075,11949,11643,1809,13452,196
2021-04-21,Calaveras,9,45235,2059,2057,12,2069,50
2021-04-21,Colusa,11,21464,1911,1920,296,2216,14
2021-04-21,Contra Costa,13,1133247,67562,66981,1257,68238,782
2021-04-21,Del Norte,15,27424,1253,1252,6,1258,6
2021-04-21,El Dorado,17,186661,9813,9760,723,10483,106
2021-04-21,Fresno,19,978130,100585,100838,8780,109618,1654
2021-04-21,Glenn,21,27897,2366,2361,555,2916,17
2021-04-21,Humboldt,23,135768,3745,3642,30,3672,35
2021-04-21,Imperial,25,180216,28074,28052,2844,30896,719
2021-04-21,Inyo,27,18085,1395,1392,2,1394,36
2021-04-21,Kern,29,883053,95705,95257,10974,106231,1297
2021-04-21,Kings,31,150075,22754,22713,1154,23867,243
2021-04-21,Lake,33,64148,3432,3421,9,3430,43
2021-04-21,Lassen,35,31185,5151,5156,110,5266,1
2021-04-21,Los Angeles,37,10098052,1194272,1189530,43242,1232772,23729
2021-04-21,Madera,39,155013,16343,16309,941,17250,231
2021-04-21,Marin,41,260295,13822,13822,245,14067,227
2021-04-21,Mariposa,43,17540,413,402,11,413,5
2021-04-21,Mendocino,45,87422,3801,3729,71,3800,46
2021-04-21,Merced,47,269075,30457,30471,982,31453,442
2021-04-21,Modoc,49,8938,366,360,122,482,3
2021-04-21,Mono,51,14174,1233,1254,12,1266,3
2021-04-21,Monterey,53,433212,42707,42699,1894,44593,377
2021-04-21,Napa,55,140530,9723,9727,33,9760,79
2021-04-21,Nevada,57,99092,4573,4499,191,4690,70
2021-04-21,Orange,59,3164182,252794,252243,11437,263680,4889
2021-04-21,Placer,61,380077,22376,21896,1446,23342,282
2021-04-21,Plumas,63,18699,682,670,11,681,4
2021-04-21,Riverside,65,2383286,288963,286299,14550,300849,4388
2021-04-21,Sacramento,67,1510023,102305,101803,1661,103464,1579
2021-04-21,San Benito,69,59416,5994,5998,115,6113,63
2021-04-21,San Bernardino,71,2135413,290509,290049,8938,298987,4572
2021-04-21,San Diego,73,3302833,276049,275632,0,275632,3681
2021-04-21,San Francisco,75,870044,36010,36194,1351,37545,529
2021-04-21,San Joaquin,77,732212,71288,70687,3572,74259,1295
2021-04-21,San Luis Obispo,79,281455,20867,20724,748,21472,255
2021-04-21,San Mateo,81,765935,41651,41318,460,41778,355
2021-04-21,Santa Barbara,83,443738,34036,33830,1232,35062,445
2021-04-21,Santa Clara,85,1922200,116494,117318,746,118064,1946
2021-04-21,Santa Cruz,87,273765,15985,15698,867,16565,204
2021-04-21,Shasta,89,179085,11683,11722,1478,13200,192
2021-04-21,Sierra,91,2930,53,51,14,65,0
2021-04-21,Siskiyou,93,43540,1662,1557,310,1867,11
2021-04-21,Solano,95,438530,31818,31712,481,32193,244
2021-04-21,Sonoma,97,501317,29530,29697,309,30006,318
2021-04-21,Stanislaus,99,539301,54384,54290,5999,60289,742
2021-04-21,Sutter,101,95872,9287,9297,86,9383,110
2021-04-21,Tehama,103,63373,4901,4893,571,5464,53
2021-04-21,Trinity,105,12862,362,326,57,383,3
2021-04-21,Tulare,107,460477,49025,48653,9235,57888,828
2021-04-21,Tuolumne,109,53932,4008,4019,36,4055,58
2021-04-21,Ventura,111,848112,80241,80039,3043,83082,996
2021-04-21,Yolo,113,214977,13657,13606,288,13894,200
2021-04-21,Yuba,115,75493,5842,5822,122,5944,44
2021-04-20,Alameda,1,1643700,85865,85652,1969,87621,1248
2021-04-20,Alpine,3,1148,86,85,0,85,0
2021-04-20,Amador,5,37829,3639,3631,35,3666,46
2021-04-20,Butte,7,227075,11931,11619,1807,13426,196
2021-04-20,Calaveras,9,45235,2057,2053,12,2065,50
2021-04-20,Colusa,11,21464,1911,1915,295,2210,14
2021-04-20,Contra Costa,13,1133247,67479,66889,1254,68143,782
2021-04-20,Del Norte,15,27424,1252,1250,6,1256,6
2021-04-20,El Dorado,17,186661,9785,9743,721,10464,106
2021-04-20,Fresno,19,978130,100527,100768,8770,109538,1650
2021-04-20,Glenn,21,27897,2364,2359,554,2913,17
2021-04-20,Humboldt,23,135768,3724,3612,30,3642,35
2021-04-20,Imperial,25,180216,28055,28024,2841,30865,719
2021-04-20,Inyo,27,18085,1395,1393,2,1395,36
2021-04-20,Kern,29,883053,95670,95223,10957,106180,1295
2021-04-20,Kings,31,150075,22748,22693,1151,23844,243
2021-04-20,Lake,33,64148,3430,3418,9,3427,43
2021-04-20,Lassen,35,31185,5151,5155,110,5265,1
2021-04-20,Los Angeles,37,10098052,1193929,1189256,43212,1232468,23694
2021-04-20,Madera,39,155013,16337,16301,941,17242,231
2021-04-20,Marin,41,260295,13808,13807,245,14052,227
2021-04-20,Mariposa,43,17540,412,402,11,413,5
2021-04-20,Mendocino,45,87422,3800,3726,71,3797,46
2021-04-20,Merced,47,269075,30429,30439,982,31421,441
2021-04-20,Modoc,49,8938,366,359,122,481,3
2021-04-20,Mono,51,14174,1232,1254,12,1266,3
2021-04-20,Monterey,53,433212,42696,42663,1891,44554,363
2021-04-20,Napa,55,140530,9719,9711,33,9744,79
2021-04-20,Nevada,57,99092,4556,4485,190,4675,70
2021-04-20,Orange,59,3164182,252704,252134,11426,263560,4887
2021-04-20,Placer,61,380077,22342,21846,1442,23288,282
2021-04-20,Plumas,63,18699,681,670,11,681,4
2021-04-20,Riverside,65,2383286,288870,286194,14544,300738,4388
2021-04-20,Sacramento,67,1510023,102167,101629,1653,103282,1574
2021-04-20,San Benito,69,59416,5991,5988,115,6103,63
2021-04-20,San Bernardino,71,2135413,290429,289905,8935,298840,4569
2021-04-20,San Diego,73,3302833,275819,275369,0,275369,3674
2021-04-20,San Francisco,75,870044,35991,36117,1350,37467,529
2021-04-20,San Joaquin,77,732212,71215,70590,3563,74153,1289
2021-04-20,San Luis Obispo,79,281455,20844,20691,740,21431,254
2021-04-20,San Mateo,81,765935,41620,41251,460,41711,355
2021-04-20,Santa Barbara,83,443738,34018,33803,1232,35035,445
2021-04-20,Santa Clara,85,1922200,116397,117228,741,117969,1944
2021-04-20,Santa Cruz,87,273765,15973,15647,867,16514,204
2021-04-20,Shasta,89,179085,11667,11677,1475,13152,189
2021-04-20,Sierra,91,2930,53,51,14,65,0
2021-04-20,Siskiyou,93,43540,1654,1551,309,1860,10
2021-04-20,Solano,95,438530,31763,31673,477,32150,243
2021-04-20,Sonoma,97,501317,29520,29676,307,29983,311
2021-04-20,Stanislaus,99,539301,54319,54236,5986,60222,735
2021-04-20,Sutter,101,95872,9283,9279,86,9365,109
2021-04-20,Tehama,103,63373,4896,4887,570,5457,52
2021-04-20,Trinity,105,12862,362,326,57,383,3
2021-04-20,Tulare,107,460477,49005,48650,9224,57874,831
2021-04-20,Tuolumne,109,53932,4008,4014,36,4050,58
2021-04-20,Ventura,111,848112,80213,80018,3041,83059,995
2021-04-20,Yolo,113,214977,13638,13581,286,13867,200
2021-04-20,Yuba,115,75493,5832,5814,122,5936,44
2021-04-19,Alameda,1,1643700,85743,85583,1966,87549,1247
2021-04-19,Alpine,3,1148,86,85,0,85,0
2021-04-19,Amador,5,37829,3638,3629,35,3664,46
2021-04-19,Butte,7,227075,11912,11601,1802,13403,196
2021-04-19,Calaveras,9,45235,2054,2050,12,2062,50
2021-04-19,Colusa,11,21464,1911,1913,294,2207,14
2021-04-19,Contra Costa,13,1133247,67402,66833,1251,68084,782
2021-04-19,Del Norte,15,27424,1250,1247,6,1253,6
2021-04-19,El Dorado,17,186661,9768,9726,716,10442,106
2021-04-19,Fresno,19,978130,100459,100702,8758,109460,1646
2021-04-19,Glenn,21,27897,2364,2358,553,2911,17
2021-04-19,Humboldt,23,135768,3704,3602,28,3630,35
2021-04-19,Imperial,25,180216,28035,27995,2841,30836,719
2021-04-19,Inyo,27,18085,1395,1392,2,1394,36
2021-04-19,Kern,29,883053,95641,95162,10942,106104,1290
2021-04-19,Kings,31,150075,22732,22688,1151,23839,243
2021-04-19,Lake,33,64148,3429,3416,9,3425,43
2021-04-19,Lassen,35,31185,5150,5156,110,5266,1
2021-04-19,Los Angeles,37,10098052,1193554,1188945,43185,1232130,23666
2021-04-19,Madera,39,155013,16326,16289,940,17229,231
2021-04-19,Marin,41,260295,13797,13804,244,14048,226
2021-04-19,Mariposa,43,17540,411,401,11,412,5
2021-04-19,Mendocino,45,87422,3798,3722,71,3793,46
2021-04-19,Merced,47,269075,30400,30422,981,31403,441
2021-04-19,Modoc,49,8938,366,359,122,481,3
2021-04-19,Mono,51,14174,1231,1254,12,1266,3
2021-04-19,Monterey,53,433212,42683,42642,1886,44528,356
2021-04-19,Napa,55,140530,9711,9680,33,9713,79
2021-04-19,Nevada,57,99092,4540,4477,190,4667,70
2021-04-19,Orange,59,3164182,252587,252013,11412,263425,4883
2021-04-19,Placer,61,380077,22319,21814,1438,23252,282
2021-04-19,Plumas,63,18699,681,665,11,676,4
2021-04-19,Riverside,65,2383286,288779,286087,14534,300621,4371
2021-04-19,Sacramento,67,1510023,102034,101482,1641,103123,1572
2021-04-19,San Benito,69,59416,5983,5989,115,6104,63
2021-04-19,San Bernardino,71,2135413,290345,289738,8929,298667,4561
2021-04-19,San Diego,73,3302833,275571,275113,0,275113,3674
2021-04-19,San Francisco,75,870044,35956,36094,1347,37441,529
2021-04-19,San Joaquin,77,732212,71136,70514,3555,74069,1289
2021-04-19,San Luis Obispo,79,281455,20818,20669,734,21403,254
2021-04-19,San Mateo,81,765935,41588,41226,459,41685,355
2021-04-19,Santa Barbara,83,443738,34004,33786,1232,35018,446
2021-04-19,Santa Clara,85,1922200,116287,117099,737,117836,1944
2021-04-19,Santa Cruz,87,273765,15961,15600,867,16467,204
2021-04-19,Shasta,89,179085,11652,11662,1467,13129,189
2021-04-19,Sierra,91,2930,53,51,14,65,0
2021-04-19,Siskiyou,93,43540,1644,1544,309,1853,10
2021-04-19,Solano,95,438530,31725,31643,472,32115,239
2021-04-19,Sonoma,97,501317,29501,29667,307,29974,311
2021-04-19,Stanislaus,99,539301,54243,54179,5982,60161,728
2021-04-19,Sutter,101,95872,9272,9269,86,9355,109
2021-04-19,Tehama,103,63373,4891,4878,570,5448,52
2021-04-19,Trinity,105,12862,362,326,57,383,3
2021-04-19,Tulare,107,460477,48989,48630,9211,57841,831
2021-04-19,Tuolumne,109,53932,4007,4010,36,4046,58
2021-04-19,Ventura,111,848112,80187,80000,3039,83039,996
2021-04-19,Yolo,113,214977,13626,13572,283,13855,200
2021-04-19,Yuba,115,75493,5825,5804,121,5925,44
2021-04-18,Alameda,1,1643700,85629,85481,1959,87440,1247
2021-04-18,Alpine,3,1148,86,85,0,85,0
2021-04-18,Amador,5,37829,3635,3627,35,3662,46
2021-04-18,Butte,7,227075,11894,11591,1797,13388,196
2021-04-18,Calaveras,9,45235,2050,2047,12,2059,50
2021-04-18,Colusa,11,21464,1907,1912,293,2205,14
2021-04-18,Contra Costa,13,1133247,67298,66750,1246,67996,782
2021-04-18,Del Norte,15,27424,1250,1240,6,1246,6
2021-04-18,El Dorado,17,186661,9745,9710,714,10424,106
2021-04-18,Fresno,19,978130,100402,100621,8752,109373,1646
2021-04-18,Glenn,21,27897,2359,2358,553,2911,17
2021-04-18,Humboldt,23,135768,3676,3590,28,3618,35
2021-04-18,Imperial,25,180216,28020,27991,2836,30827,719
2021-04-18,Inyo,27,18085,1394,1392,2,1394,36
2021-04-18,Kern,29,883053,95608,95129,10925,106054,1290
2021-04-18,Kings,31,150075,22723,22685,1151,23836,243
2021-04-18,Lake,33,64148,3428,3413,9,3422,43
2021-04-18,Lassen,35,31185,5147,5156,110,5266,1
2021-04-18,Los Angeles,37,10098052,1193102,1188620,43159,1231779,23648
2021-04-18,Madera,39,155013,16315,16277,939,17216,231
2021-04-18,Marin,41,260295,13790,13801,243,14044,226
2021-04-18,Mariposa,43,17540,410,400,10,410,5
2021-04-18,Mendocino,45,87422,3795,3722,71,3793,46
2021-04-18,Merced,47,269075,30363,30405,979,31384,441
2021-04-18,Modoc,49,8938,366,359,122,481,3
2021-04-18,Mono,51,14174,1231,1254,12,1266,3
2021-04-18,Monterey,53,433212,42671,42638,1885,44523,356
2021-04-18,Napa,55,140530,9695,9674,33,9707,79
2021-04-18,Nevada,57,99092,4525,4464,190,4654,70
2021-04-18,Orange,59,3164182,252473,251940,11404,263344,4883
2021-04-18,Placer,61,380077,22276,21783,1431,23214,282
2021-04-18,Plumas,63,18699,680,665,11,676,4
2021-04-18,Riverside,65,2383286,288690,286043,14529,300572,4371
2021-04-18,Sacramento,67,1510023,101858,101354,1635,102989,1572
2021-04-18,San Benito,69,59416,5981,5989,115,6104,63
2021-04-18,San Bernardino,71,2135413,290254,289691,8920,298611,4556
2021-04-18,San Diego,73,3302833,275292,274961,0,274961,3674
2021-04-18,San Francisco,75,870044,35921,36073,1343,37416,525
2021-04-18,San Joaquin,77,732212,71055,70466,3546,74012,1289
2021-04-18,San Luis Obispo,79,281455,20797,20656,727,21383,254
2021-04-18,San Mateo,81,765935,41559,41201,458,41659,352
2021-04-18,Santa Barbara,83,443738,33970,33769,1231,35000,446
2021-04-18,Santa Clara,85,1922200,116161,116996,722,117718,1944
2021-04-18,Santa Cruz,87,273765,15951,15580,866,16446,204
2021-04-18,Shasta,89,179085,11631,11658,1464,13122,189
2021-04-18,Sierra,91,2930,53,51,14,65,0
2021-04-18,Siskiyou,93,43540,1633,1538,307,1845,10
2021-04-18,Solano,95,438530,31675,31606,471,32077,239
2021-04-18,Sonoma,97,501317,29485,29660,305,29965,311
2021-04-18,Stanislaus,99,539301,54163,54132,5973,60105,728
2021-04-18,Sutter,101,95872,9258,9261,86,9347,109
2021-04-18,Tehama,103,63373,4882,4877,569,5446,52
2021-04-18,Trinity,105,12862,362,326,57,383,3
2021-04-18,Tulare,107,460477,48977,48618,9205,57823,829
2021-04-18,Tuolumne,109,53932,4006,4008,35,4043,58
2021-04-18,Ventura,111,848112,80157,79984,3035,83019,996
2021-04-18,Yolo,113,214977,13614,13562,281,13843,200
2021-04-18,Yuba,115,75493,5818,5804,121,5925,44
2021-04-17,Alameda,1,1643700,85556,85367,1955,87322,1247
2021-04-17,Alpine,3,1148,86,85,0,85,0
2021-04-17,Amador,5,37829,3633,3625,35,3660,46
2021-04-17,Butte,7,227075,11874,11573,1793,13366,196
2021-04-17,Calaveras,9,45235,2047,2045,12,2057,50
2021-04-17,Colusa,11,21464,1907,1912,293,2205,14
2021-04-17,Contra Costa,13,1133247,67250,66657,1238,67895,782
2021-04-17,Del Norte,15,27424,1250,1238,6,1244,6
2021-04-17,El Dorado,17,186661,9730,9692,711,10403,106
2021-04-17,Fresno,19,978130,100370,100562,8745,109307,1646
2021-04-17,Glenn,21,27897,2359,2357,553,2910,17
2021-04-17,Humboldt,23,135768,3653,3579,28,3607,35
2021-04-17,Imperial,25,180216,28009,27987,2835,30822,719
2021-04-17,Inyo,27,18085,1391,1392,2,1394,36
2021-04-17,Kern,29,883053,95590,95102,10922,106024,1290
2021-04-17,Kings,31,150075,22718,22678,1150,23828,243
2021-04-17,Lake,33,64148,3427,3409,9,3418,43
2021-04-17,Lassen,35,31185,5147,5154,110,5264,1
2021-04-17,Los Angeles,37,10098052,1192847,1188262,43127,1231389,23653
2021-04-17,Madera,39,155013,16311,16260,938,17198,231
2021-04-17,Marin,41,260295,13786,13797,242,14039,226
2021-04-17,Mariposa,43,17540,409,398,10,408,5
2021-04-17,Mendocino,45,87422,3792,3721,71,3792,46
2021-04-17,Merced,47,269075,30348,30392,977,31369,441
2021-04-17,Modoc,49,8938,366,357,122,479,3
2021-04-17,Mono,51,14174,1231,1253,12,1265,3
2021-04-17,Monterey,53,433212,42662,42630,1883,44513,356
2021-04-17,Napa,55,140530,9691,9666,33,9699,79
2021-04-17,Nevada,57,99092,4517,4457,190,4647,70
2021-04-17,Orange,59,3164182,252404,251873,11392,263265,4878
2021-04-17,Placer,61,380077,22254,21736,1426,23162,282
2021-04-17,Plumas,63,18699,679,666,11,677,4
2021-04-17,Riverside,65,2383286,288621,285963,14521,300484,4371
2021-04-17,Sacramento,67,1510023,101748,101172,1623,102795,1572
2021-04-17,San Benito,69,59416,5975,5986,115,6101,63
2021-04-17,San Bernardino,71,2135413,290201,289624,8917,298541,4555
2021-04-17,San Diego,73,3302833,275145,274812,0,274812,3674
2021-04-17,San Francisco,75,870044,35900,36032,1340,37372,523
2021-04-17,San Joaquin,77,732212,71015,70372,3535,73907,1288
2021-04-17,San Luis Obispo,79,281455,20786,20642,722,21364,254
2021-04-17,San Mateo,81,765935,41536,41157,458,41615,352
2021-04-17,Santa Barbara,83,443738,33939,33738,1229,34967,446
2021-04-17,Santa Clara,85,1922200,116070,116887,719,117606,1944
2021-04-17,Santa Cruz,87,273765,15945,15571,866,16437,204
2021-04-17,Shasta,89,179085,11616,11647,1463,13110,189
2021-04-17,Sierra,91,2930,53,51,14,65,0
2021-04-17,Siskiyou,93,43540,1628,1539,306,1845,10
2021-04-17,Solano,95,438530,31644,31541,468,32009,239
2021-04-17,Sonoma,97,501317,29478,29637,305,29942,311
2021-04-17,Stanislaus,99,539301,54126,54058,5968,60026,728
2021-04-17,Sutter,101,95872,9252,9252,86,9338,109
2021-04-17,Tehama,103,63373,4876,4875,568,5443,52
2021-04-17,Trinity,105,12862,362,326,57,383,3
2021-04-17,Tulare,107,460477,48965,48603,9201,57804,829
2021-04-17,Tuolumne,109,53932,4004,4005,35,4040,58
2021-04-17,Ventura,111,848112,80137,79964,3035,82999,996
2021-04-17,Yolo,113,214977,13604,13580,281,13861,200
2021-04-17,Yuba,115,75493,5813,5802,120,5922,44
2021-04-16,Alameda,1,1643700,85477,85243,1953,87196,1245
2021-04-16,Alpine,3,1148,86,85,0,85,0
2021-04-16,Amador,5,37829,3628,3621,35,3656,46
2021-04-16,Butte,7,227075,11862,11549,1791,13340,196
2021-04-16,Calaveras,9,45235,2045,2042,12,2054,50
2021-04-16,Colusa,11,21464,1905,1911,293,2204,14
2021-04-16,Contra Costa,13,1133247,67196,66569,1235,67804,782
2021-04-16,Del Norte,15,27424,1249,1237,6,1243,6
2021-04-16,El Dorado,17,186661,9710,9665,707,10372,106
2021-04-16,Fresno,19,978130,100321,100500,8738,109238,1643
2021-04-16,Glenn,21,27897,2359,2355,553,2908,17
2021-04-16,Humboldt,23,135768,3632,3570,27,3597,35
2021-04-16,Imperial,25,180216,27999,27962,2834,30796,719
2021-04-16,Inyo,27,18085,1391,1392,2,1394,36
2021-04-16,Kern,29,883053,95561,95066,10919,105985,1288
2021-04-16,Kings,31,150075,22715,22667,1148,23815,243
2021-04-16,Lake,33,64148,3421,3406,9,3415,43
2021-04-16,Lassen,35,31185,5146,5155,110,5265,1
2021-04-16,Los Angeles,37,10098052,1192549,1187818,43088,1230906,23627
2021-04-16,Madera,39,155013,16306,16250,936,17186,231
2021-04-16,Marin,41,260295,13783,13788,242,14030,226
2021-04-16,Mariposa,43,17540,408,396,9,405,5
2021-04-16,Mendocino,45,87422,3790,3719,71,3790,46
2021-04-16,Merced,47,269075,30333,30355,977,31332,438
2021-04-16,Modoc,49,8938,366,355,122,477,3
2021-04-16,Mono,51,14174,1231,1253,12,1265,3
2021-04-16,Monterey,53,433212,42651,42620,1881,44501,351
2021-04-16,Napa,55,140530,9683,9653,33,9686,79
2021-04-16,Nevada,57,99092,4508,4443,190,4633,70
2021-04-16,Orange,59,3164182,252341,251770,11383,263153,4873
2021-04-16,Placer,61,380077,22226,21680,1420,23100,282
2021-04-16,Plumas,63,18699,678,665,11,676,4
2021-04-16,Riverside,65,2383286,288545,285818,14519,300337,4369
2021-04-16,Sacramento,67,1510023,101649,100993,1618,102611,1572
2021-04-16,San Benito,69,59416,5973,5982,115,6097,63
2021-04-16,San Bernardino,71,2135413,290153,289424,8915,298339,4550
2021-04-16,San Diego,73,3302833,274991,274567,0,274567,3662
2021-04-16,San Francisco,75,870044,35875,35993,1336,37329,517
2021-04-16,San Joaquin,77,732212,70949,70280,3526,73806,1288
2021-04-16,San Luis Obispo,79,281455,20774,20623,721,21344,253
2021-04-16,San Mateo,81,765935,41506,41107,457,41564,352
2021-04-16,Santa Barbara,83,443738,33921,33703,1229,34932,446
2021-04-16,Santa Clara,85,1922200,115970,116693,716,117409,1941
2021-04-16,Santa Cruz,87,273765,15943,15539,866,16405,204
2021-04-16,Shasta,89,179085,11604,11623,1461,13084,189
2021-04-16,Sierra,91,2930,53,51,14,65,0
2021-04-16,Siskiyou,93,43540,1624,1530,304,1834,10
2021-04-16,Solano,95,438530,31605,31470,465,31935,239
2021-04-16,Sonoma,97,501317,29467,29617,305,29922,311
2021-04-16,Stanislaus,99,539301,54078,53983,5966,59949,728
2021-04-16,Sutter,101,95872,9246,9247,86,9333,109
2021-04-16,Tehama,103,63373,4875,4866,568,5434,52
2021-04-16,Trinity,105,12862,362,326,57,383,3
2021-04-16,Tulare,107,460477,48954,48583,9198,57781,830
2021-04-16,Tuolumne,109,53932,4001,4005,35,4040,58
2021-04-16,Ventura,111,848112,80112,79942,3030,82972,994
2021-04-16,Yolo,113,214977,13591,13559,279,13838,198
2021-04-16,Yuba,115,75493,5810,5795,119,5914,44
2021-04-15,Alameda,1,1643700,85370,85089,1951,87040,1246
2021-04-15,Alpine,3,1148,86,85,0,85,0
2021-04-15,Amador,5,37829,3627,3616,35,3651,46
2021-04-15,Butte,7,227075,11847,11529,1787,13316,196
2021-04-15,Calaveras,9,45235,2044,2039,12,2051,50
2021-04-15,Colusa,11,21464,1903,1909,292,2201,14
2021-04-15,Contra Costa,13,1133247,67122,66480,1231,67711,781
2021-04-15,Del Norte,15,27424,1242,1235,6,1241,6
2021-04-15,El Dorado,17,186661,9696,9639,705,10344,106
2021-04-15,Fresno,19,978130,100262,100431,8731,109162,1642
2021-04-15,Glenn,21,27897,2359,2354,553,2907,17
2021-04-15,Humboldt,23,135768,3610,3561,27,3588,35
2021-04-15,Imperial,25,180216,27971,27920,2831,30751,718
2021-04-15,Inyo,27,18085,1391,1393,2,1395,36
2021-04-15,Kern,29,883053,95531,94989,10904,105893,1289
2021-04-15,Kings,31,150075,22701,22648,1148,23796,242
2021-04-15,Lake,33,64148,3420,3399,9,3408,43
2021-04-15,Lassen,35,31185,5145,5152,110,5262,1
2021-04-15,Los Angeles,37,10098052,1192156,1187274,43048,1230322,23598
2021-04-15,Madera,39,155013,16291,16234,936,17170,231
2021-04-15,Marin,41,260295,13779,13783,241,14024,226
2021-04-15,Mariposa,43,17540,406,395,9,404,5
2021-04-15,Mendocino,45,87422,3789,3714,71,3785,46
2021-04-15,Merced,47,269075,30307,30325,976,31301,437
2021-04-15,Modoc,49,8938,366,355,122,477,3
2021-04-15,Mono,51,14174,1230,1253,12,1265,3
2021-04-15,Monterey,53,433212,42641,42604,1879,44483,347
2021-04-15,Napa,55,140530,9675,9645,33,9678,79
2021-04-15,Nevada,57,99092,4496,4434,189,4623,70
2021-04-15,Orange,59,3164182,252246,251679,11370,263049,4857
2021-04-15,Placer,61,380077,22197,21614,1413,23027,281
2021-04-15,Plumas,63,18699,676,665,11,676,4
2021-04-15,Riverside,65,2383286,288445,285698,14512,300210,4363
2021-04-15,Sacramento,67,1510023,101521,100782,1604,102386,1570
2021-04-15,San Benito,69,59416,5970,5969,114,6083,63
2021-04-15,San Bernardino,71,2135413,290064,289288,8907,298195,4544
2021-04-15,San Diego,73,3302833,274745,274250,0,274250,3653
2021-04-15,San Francisco,75,870044,35857,35947,1333,37280,510
2021-04-15,San Joaquin,77,732212,70868,70189,3518,73707,1288
2021-04-15,San Luis Obispo,79,281455,20758,20591,718,21309,253
2021-04-15,San Mateo,81,765935,41467,41050,456,41506,352
2021-04-15,Santa Barbara,83,443738,33903,33672,1225,34897,446
2021-04-15,Santa Clara,85,1922200,115864,116602,712,117314,1927
2021-04-15,Santa Cruz,87,273765,15933,15509,866,16375,203
2021-04-15,Shasta,89,179085,11590,11597,1457,13054,191
2021-04-15,Sierra,91,2930,53,51,14,65,0
2021-04-15,Siskiyou,93,43540,1618,1524,304,1828,10
2021-04-15,Solano,95,438530,31567,31394,464,31858,239
2021-04-15,Sonoma,97,501317,29453,29587,305,29892,311
2021-04-15,Stanislaus,99,539301,54024,53918,5958,59876,728
2021-04-15,Sutter,101,95872,9239,9237,86,9323,109
2021-04-15,Tehama,103,63373,4873,4854,567,5421,52
2021-04-15,Trinity,105,12862,362,326,57,383,3
2021-04-15,Tulare,107,460477,48933,48556,9198,57754,829
2021-04-15,Tuolumne,109,53932,4001,4003,35,4038,57
2021-04-15,Ventura,111,848112,80093,79917,3028,82945,989
2021-04-15,Yolo,113,214977,13572,13547,276,13823,198
2021-04-15,Yuba,115,75493,5807,5788,119,5907,44
2021-04-14,Alameda,1,1643700,85271,85009,1950,86959,1247
2021-04-14,Alpine,3,1148,86,85,0,85,0
2021-04-14,Amador,5,37829,3626,3613,35,3648,46
2021-04-14,Butte,7,227075,11834,11513,1786,13299,196
2021-04-14,Calaveras,9,45235,2042,2037,12,2049,50
2021-04-14,Colusa,11,21464,1903,1905,292,2197,14
2021-04-14,Contra Costa,13,1133247,67036,66400,1225,67625,781
2021-04-14,Del Norte,15,27424,1242,1228,6,1234,6
2021-04-14,El Dorado,17,186661,9681,9625,700,10325,106
2021-04-14,Fresno,19,978130,100205,100376,8718,109094,1640
2021-04-14,Glenn,21,27897,2359,2353,553,2906,17
2021-04-14,Humboldt,23,135768,3589,3551,26,3577,35
2021-04-14,Imperial,25,180216,27950,27907,2828,30735,718
2021-04-14,Inyo,27,18085,1391,1392,2,1394,36
2021-04-14,Kern,29,883053,95506,94947,10897,105844,1287
2021-04-14,Kings,31,150075,22693,22641,1147,23788,243
2021-04-14,Lake,33,64148,3415,3396,9,3405,43
2021-04-14,Lassen,35,31185,5144,5151,110,5261,1
2021-04-14,Los Angeles,37,10098052,1191761,1186821,42998,1229819,23579
2021-04-14,Madera,39,155013,16282,16218,936,17154,231
2021-04-14,Marin,41,260295,13777,13768,240,14008,226
2021-04-14,Mariposa,43,17540,405,394,9,403,5
2021-04-14,Mendocino,45,87422,3784,3711,71,3782,46
2021-04-14,Merced,47,269075,30289,30296,976,31272,436
2021-04-14,Modoc,49,8938,366,355,122,477,3
2021-04-14,Mono,51,14174,1230,1252,12,1264,3
2021-04-14,Monterey,53,433212,42625,42595,1875,44470,347
2021-04-14,Napa,55,140530,9664,9643,33,9676,79
2021-04-14,Nevada,57,99092,4489,4421,189,4610,70
2021-04-14,Orange,59,3164182,252140,251568,11350,262918,4849
2021-04-14,Placer,61,380077,22164,21575,1412,22987,280
2021-04-14,Plumas,63,18699,676,665,11,676,4
2021-04-14,Riverside,65,2383286,288335,285583,14506,300089,4358
2021-04-14,Sacramento,67,1510023,101348,100645,1590,102235,1570
2021-04-14,San Benito,69,59416,5968,5960,114,6074,62
2021-04-14,San Bernardino,71,2135413,289994,289078,8904,297982,4523
2021-04-14,San Diego,73,3302833,274534,273969,0,273969,3648
2021-04-14,San Francisco,75,870044,35819,35898,1332,37230,510
2021-04-14,San Joaquin,77,732212,70798,70095,3512,73607,1288
2021-04-14,San Luis Obispo,79,281455,20735,20561,708,21269,253
2021-04-14,San Mateo,81,765935,41428,40982,453,41435,352
2021-04-14,Santa Barbara,83,443738,33874,33650,1225,34875,445
2021-04-14,Santa Clara,85,1922200,115747,116488,709,117197,1922
2021-04-14,Santa Cruz,87,273765,15923,15481,866,16347,203
2021-04-14,Shasta,89,179085,11564,11581,1455,13036,190
2021-04-14,Sierra,91,2930,53,51,14,65,0
2021-04-14,Siskiyou,93,43540,1610,1518,303,1821,10
2021-04-14,Solano,95,438530,31515,31357,456,31813,239
2021-04-14,Sonoma,97,501317,29445,29572,303,29875,311
2021-04-14,Stanislaus,99,539301,53953,53836,5949,59785,727
2021-04-14,Sutter,101,95872,9231,9230,86,9316,106
2021-04-14,Tehama,103,63373,4868,4853,565,5418,52
2021-04-14,Trinity,105,12862,362,326,57,383,3
2021-04-14,Tulare,107,460477,48907,48527,9195,57722,827
2021-04-14,Tuolumne,109,53932,4000,3997,35,4032,57
2021-04-14,Ventura,111,848112,80057,79891,3026,82917,986
2021-04-14,Yolo,113,214977,13556,13530,274,13804,198
2021-04-14,Yuba,115,75493,5805,5778,119,5897,44
2021-04-13,Alameda,1,1643700,85165,84921,1945,86866,1239
2021-04-13,Alpine,3,1148,86,85,0,85,0
2021-04-13,Amador,5,37829,3623,3609,35,3644,46
2021-04-13,Butte,7,227075,11816,11497,1783,13280,196
2021-04-13,Calaveras,9,45235,2039,2035,12,2047,50
2021-04-13,Colusa,11,21464,1901,1905,290,2195,14
2021-04-13,Contra Costa,13,1133247,66947,66304,1225,67529,778
2021-04-13,Del Norte,15,27424,1237,1221,6,1227,6
2021-04-13,El Dorado,17,186661,9655,9609,698,10307,106
2021-04-13,Fresno,19,978130,100125,100357,8713,109070,1636
2021-04-13,Glenn,21,27897,2358,2351,553,2904,17
2021-04-13,Humboldt,23,135768,3572,3540,26,3566,35
2021-04-13,Imperial,25,180216,27932,27887,2819,30706,718
2021-04-13,Inyo,27,18085,1391,1391,2,1393,36
2021-04-13,Kern,29,883053,95464,94908,10885,105793,1285
2021-04-13,Kings,31,150075,22677,22636,1146,23782,243
2021-04-13,Lake,33,64148,3412,3390,9,3399,43
2021-04-13,Lassen,35,31185,5143,5147,110,5257,1
2021-04-13,Los Angeles,37,10098052,1191311,1186482,42952,1229434,23526
2021-04-13,Madera,39,155013,16272,16207,934,17141,231
2021-04-13,Marin,41,260295,13769,13760,239,13999,224
2021-04-13,Mariposa,43,17540,404,394,6,400,5
2021-04-13,Mendocino,45,87422,3778,3702,71,3773,46
2021-04-13,Merced,47,269075,30258,30276,974,31250,435
2021-04-13,Modoc,49,8938,366,355,122,477,3
2021-04-13,Mono,51,14174,1230,1251,12,1263,3
2021-04-13,Monterey,53,433212,42614,42577,1875,44452,347
2021-04-13,Napa,55,140530,9654,9627,33,9660,79
2021-04-13,Nevada,57,99092,4477,4415,189,4604,69
2021-04-13,Orange,59,3164182,252044,251491,11332,262823,4836
2021-04-13,Placer,61,380077,22127,21534,1409,22943,280
2021-04-13,Plumas,63,18699,675,665,11,676,4
2021-04-13,Riverside,65,2383286,288218,285505,14499,300004,4348
2021-04-13,Sacramento,67,1510023,101173,100551,1585,102136,1569
2021-04-13,San Benito,69,59416,5965,5946,114,6060,62
2021-04-13,San Bernardino,71,2135413,289876,288929,8898,297827,4521
2021-04-13,San Diego,73,3302833,274280,273709,0,273709,3623
2021-04-13,San Francisco,75,870044,35783,35869,1328,37197,506
2021-04-13,San Joaquin,77,732212,70690,70034,3504,73538,1288
2021-04-13,San Luis Obispo,79,281455,20708,20536,698,21234,253
2021-04-13,San Mateo,81,765935,41383,40955,453,41408,353
2021-04-13,Santa Barbara,83,443738,33852,33613,1222,34835,444
2021-04-13,Santa Clara,85,1922200,115618,116363,707,117070,1923
2021-04-13,Santa Cruz,87,273765,15916,15449,866,16315,203
2021-04-13,Shasta,89,179085,11544,11536,1452,12988,189
2021-04-13,Sierra,91,2930,53,51,14,65,0
2021-04-13,Siskiyou,93,43540,1602,1511,299,1810,10
2021-04-13,Solano,95,438530,31467,31335,452,31787,239
2021-04-13,Sonoma,97,501317,29438,29544,302,29846,311
2021-04-13,Stanislaus,99,539301,53881,53797,5939,59736,722
2021-04-13,Sutter,101,95872,9227,9226,86,9312,106
2021-04-13,Tehama,103,63373,4861,4850,562,5412,52
2021-04-13,Trinity,105,12862,362,326,57,383,3
2021-04-13,Tulare,107,460477,48895,48511,9191,57702,825
2021-04-13,Tuolumne,109,53932,3998,3995,35,4030,57
2021-04-13,Ventura,111,848112,80025,79854,3024,82878,986
2021-04-13,Yolo,113,214977,13544,13516,273,13789,198
2021-04-13,Yuba,115,75493,5796,5776,119,5895,44
2021-04-12,Alameda,1,1643700,85062,84817,1943,86760,1238
2021-04-12,Alpine,3,1148,86,85,0,85,0
2021-04-12,Amador,5,37829,3622,3607,35,3642,46
2021-04-12,Butte,7,227075,11801,11488,1779,13267,193
2021-04-12,Calaveras,9,45235,2037,2033,12,2045,50
2021-04-12,Colusa,11,21464,1899,1904,288,2192,14
2021-04-12,Contra Costa,13,1133247,66867,66176,1225,67401,777
2021-04-12,Del Norte,15,27424,1234,1216,6,1222,6
2021-04-12,El Dorado,17,186661,9638,9588,696,10284,106
2021-04-12,Fresno,19,978130,100064,100277,8689,108966,1633
2021-04-12,Glenn,21,27897,2357,2349,553,2902,17
2021-04-12,Humboldt,23,135768,3558,3533,25,3558,35
2021-04-12,Imperial,25,180216,27903,27851,2813,30664,717
2021-04-12,Inyo,27,18085,1391,1390,2,1392,36
2021-04-12,Kern,29,883053,95430,94861,10873,105734,1283
2021-04-12,Kings,31,150075,22669,22621,1145,23766,241
2021-04-12,Lake,33,64148,3408,3380,9,3389,43
2021-04-12,Lassen,35,31185,5142,5147,110,5257,1
2021-04-12,Los Angeles,37,10098052,1190815,1186145,42910,1229055,23505
2021-04-12,Madera,39,155013,16261,16174,932,17106,231
2021-04-12,Marin,41,260295,13757,13751,236,13987,224
2021-04-12,Mariposa,43,17540,403,394,6,400,5
2021-04-12,Mendocino,45,87422,3777,3699,71,3770,46
2021-04-12,Merced,47,269075,30226,30261,972,31233,435
2021-04-12,Modoc,49,8938,364,352,122,474,3
2021-04-12,Mono,51,14174,1230,1251,12,1263,3
2021-04-12,Monterey,53,433212,42600,42555,1873,44428,346
2021-04-12,Napa,55,140530,9640,9603,33,9636,80
2021-04-12,Nevada,57,99092,4466,4408,189,4597,69
2021-04-12,Orange,59,3164182,251958,251350,11311,262661,4826
2021-04-12,Placer,61,380077,22079,21475,1403,22878,278
2021-04-12,Plumas,63,18699,673,666,11,677,4
2021-04-12,Riverside,65,2383286,288111,285361,14493,299854,4336
2021-04-12,Sacramento,67,1510023,101000,100394,1580,101974,1566
2021-04-12,San Benito,69,59416,5957,5942,113,6055,62
2021-04-12,San Bernardino,71,2135413,289765,288736,8886,297622,4493
2021-04-12,San Diego,73,3302833,274021,273431,0,273431,3621
2021-04-12,San Francisco,75,870044,35751,35841,1326,37167,506
2021-04-12,San Joaquin,77,732212,70619,69968,3495,73463,1288
2021-04-12,San Luis Obispo,79,281455,20664,20515,684,21199,253
2021-04-12,San Mateo,81,765935,41341,40920,449,41369,353
2021-04-12,Santa Barbara,83,443738,33821,33606,1222,34828,444
2021-04-12,Santa Clara,85,1922200,115490,116252,705,116957,1923
2021-04-12,Santa Cruz,87,273765,15897,15406,866,16272,203
2021-04-12,Shasta,89,179085,11527,11509,1448,12957,189
2021-04-12,Sierra,91,2930,53,51,14,65,0
2021-04-12,Siskiyou,93,43540,1591,1511,297,1808,7
2021-04-12,Solano,95,438530,31426,31305,449,31754,238
2021-04-12,Sonoma,97,501317,29410,29500,302,29802,310
2021-04-12,Stanislaus,99,539301,53816,53722,5932,59654,707
2021-04-12,Sutter,101,95872,9216,9221,86,9307,106
2021-04-12,Tehama,103,63373,4852,4834,558,5392,52
2021-04-12,Trinity,105,12862,362,324,57,381,3
2021-04-12,Tulare,107,460477,48876,48495,9181,57676,824
2021-04-12,Tuolumne,109,53932,3994,3993,35,4028,57
2021-04-12,Ventura,111,848112,79992,79818,3022,82840,985
2021-04-12,Yolo,113,214977,13530,13510,272,13782,198
2021-04-12,Yuba,115,75493,5790,5773,119,5892,43
2021-04-11,Alameda,1,1643700,84924,84756,1938,86694,1238
2021-04-11,Alpine,3,1148,86,85,0,85,0
2021-04-11,Amador,5,37829,3620,3605,35,3640,46
2021-04-11,Butte,7,227075,11766,11487,1776,13263,193
2021-04-11,Calaveras,9,45235,2032,2036,12,2048,50
2021-04-11,Colusa,11,21464,1898,1904,287,2191,14
2021-04-11,Contra Costa,13,1133247,66758,66107,1222,67329,777
2021-04-11,Del Norte,15,27424,1228,1214,6,1220,6
2021-04-11,El Dorado,17,186661,9624,9575,693,10268,106
2021-04-11,Fresno,19,978130,99998,100230,8677,108907,1633
2021-04-11,Glenn,21,27897,2353,2348,552,2900,17
2021-04-11,Humboldt,23,135768,3549,3523,25,3548,35
2021-04-11,Imperial,25,180216,27879,27841,2811,30652,717
2021-04-11,Inyo,27,18085,1391,1390,2,1392,36
2021-04-11,Kern,29,883053,95372,94830,10864,105694,1283
2021-04-11,Kings,31,150075,22660,22618,1142,23760,241
2021-04-11,Lake,33,64148,3404,3377,9,3386,43
2021-04-11,Lassen,35,31185,5138,5147,110,5257,1
2021-04-11,Los Angeles,37,10098052,1190307,1185757,42866,1228623,23503
2021-04-11,Madera,39,155013,16243,16166,930,17096,231
2021-04-11,Marin,41,260295,13751,13741,234,13975,226
2021-04-11,Mariposa,43,17540,403,394,6,400,5
2021-04-11,Mendocino,45,87422,3775,3696,71,3767,46
2021-04-11,Merced,47,269075,30188,30249,971,31220,435
2021-04-11,Modoc,49,8938,363,352,120,472,3
2021-04-11,Mono,51,14174,1229,1250,12,1262,3
2021-04-11,Monterey,53,433212,42593,42547,1866,44413,346
2021-04-11,Napa,55,140530,9629,9592,33,9625,80
2021-04-11,Nevada,57,99092,4452,4394,189,4583,69
2021-04-11,Orange,59,3164182,251833,251233,11298,262531,4826
2021-04-11,Placer,61,380077,22022,21458,1398,22856,278
2021-04-11,Plumas,63,18699,673,666,11,677,4
2021-04-11,Riverside,65,2383286,287984,285269,14482,299751,4336
2021-04-11,Sacramento,67,1510023,100831,100296,1567,101863,1566
2021-04-11,San Benito,69,59416,5949,5941,112,6053,62
2021-04-11,San Bernardino,71,2135413,289651,288686,8879,297565,4492
2021-04-11,San Diego,73,3302833,273724,273287,0,273287,3621
2021-04-11,San Francisco,75,870044,35715,35815,1323,37138,498
2021-04-11,San Joaquin,77,732212,70531,69939,3484,73423,1288
2021-04-11,San Luis Obispo,79,281455,20638,20501,681,21182,253
2021-04-11,San Mateo,81,765935,41282,40901,448,41349,353
2021-04-11,Santa Barbara,83,443738,33787,33591,1221,34812,444
2021-04-11,Santa Clara,85,1922200,115356,116161,702,116863,1923
2021-04-11,Santa Cruz,87,273765,15885,15382,866,16248,203
2021-04-11,Shasta,89,179085,11483,11504,1447,12951,189
2021-04-11,Sierra,91,2930,53,51,14,65,0
2021-04-11,Siskiyou,93,43540,1585,1509,293,1802,7
2021-04-11,Solano,95,438530,31374,31268,445,31713,238
2021-04-11,Sonoma,97,501317,29384,29496,298,29794,310
2021-04-11,Stanislaus,99,539301,53734,53683,5922,59605,707
2021-04-11,Sutter,101,95872,9207,9222,86,9308,106
2021-04-11,Tehama,103,63373,4849,4832,556,5388,52
2021-04-11,Trinity,105,12862,362,324,57,381,3
2021-04-11,Tulare,107,460477,48862,48479,9174,57653,824
2021-04-11,Tuolumne,109,53932,3992,3993,35,4028,57
2021-04-11,Ventura,111,848112,79946,79800,3015,82815,985
2021-04-11,Yolo,113,214977,13509,13496,270,13766,198
2021-04-11,Yuba,115,75493,5780,5768,119,5887,43
2021-04-10,Alameda,1,1643700,84859,84626,1938,86564,1238
2021-04-10,Alpine,3,1148,86,85,0,85,0
2021-04-10,Amador,5,37829,3618,3603,35,3638,46
2021-04-10,Butte,7,227075,11755,11482,1775,13257,193
2021-04-10,Calaveras,9,45235,2032,2032,12,2044,50
2021-04-10,Colusa,11,21464,1898,1902,287,2189,14
2021-04-10,Contra Costa,13,1133247,66697,66001,1219,67220,778
2021-04-10,Del Norte,15,27424,1225,1212,6,1218,6
2021-04-10,El Dorado,17,186661,9612,9549,690,10239,106
2021-04-10,Fresno,19,978130,99965,100135,8670,108805,1633
2021-04-10,Glenn,21,27897,2353,2343,552,2895,17
2021-04-10,Humboldt,23,135768,3539,3508,25,3533,35
2021-04-10,Imperial,25,180216,27865,27816,2811,30627,717
2021-04-10,Inyo,27,18085,1391,1387,2,1389,36
2021-04-10,Kern,29,883053,95358,94802,10858,105660,1284
2021-04-10,Kings,31,150075,22656,22614,1140,23754,241
2021-04-10,Lake,33,64148,3399,3368,9,3377,43
2021-04-10,Lassen,35,31185,5138,5146,109,5255,1
2021-04-10,Los Angeles,37,10098052,1190037,1185246,42846,1228092,23493
2021-04-10,Madera,39,155013,16235,16143,929,17072,231
2021-04-10,Marin,41,260295,13746,13731,234,13965,226
2021-04-10,Mariposa,43,17540,400,393,6,399,5
2021-04-10,Mendocino,45,87422,3773,3696,71,3767,46
2021-04-10,Merced,47,269075,30167,30225,971,31196,435
2021-04-10,Modoc,49,8938,363,352,120,472,3
2021-04-10,Mono,51,14174,1229,1249,12,1261,3
2021-04-10,Monterey,53,433212,42582,42527,1865,44392,346
2021-04-10,Napa,55,140530,9622,9569,33,9602,79
2021-04-10,Nevada,57,99092,4445,4379,189,4568,69
2021-04-10,Orange,59,3164182,251740,251139,11290,262429,4818
2021-04-10,Placer,61,380077,21991,21402,1392,22794,278
2021-04-10,Plumas,63,18699,673,666,11,677,4
2021-04-10,Riverside,65,2383286,287906,285082,14474,299556,4336
2021-04-10,Sacramento,67,1510023,100729,100048,1565,101613,1566
2021-04-10,San Benito,69,59416,5938,5932,111,6043,62
2021-04-10,San Bernardino,71,2135413,289590,288590,8872,297462,4489
2021-04-10,San Diego,73,3302833,273508,273058,0,273058,3613
2021-04-10,San Francisco,75,870044,35685,35774,1319,37093,498
2021-04-10,San Joaquin,77,732212,70496,69852,3474,73326,1288
2021-04-10,San Luis Obispo,79,281455,20623,20461,679,21140,253
2021-04-10,San Mateo,81,765935,41249,40878,448,41326,350
2021-04-10,Santa Barbara,83,443738,33759,33541,1219,34760,444
2021-04-10,Santa Clara,85,1922200,115260,116015,701,116716,1923
2021-04-10,Santa Cruz,87,273765,15879,15360,866,16226,203
2021-04-10,Shasta,89,179085,11475,11492,1443,12935,189
2021-04-10,Sierra,91,2930,53,51,14,65,0
2021-04-10,Siskiyou,93,43540,1582,1512,293,1805,7
2021-04-10,Solano,95,438530,31340,31218,441,31659,238
2021-04-10,Sonoma,97,501317,29369,29469,297,29766,310
2021-04-10,Stanislaus,99,539301,53700,53596,5915,59511,707
2021-04-10,Sutter,101,95872,9205,9214,86,9300,106
2021-04-10,Tehama,103,63373,4847,4820,554,5374,52
2021-04-10,Trinity,105,12862,362,324,57,381,3
2021-04-10,Tulare,107,460477,48853,48470,9168,57638,824
2021-04-10,Tuolumne,109,53932,3989,3991,35,4026,57
2021-04-10,Ventura,111,848112,79918,79758,3013,82771,985
2021-04-10,Yolo,113,214977,13500,13494,269,13763,198
2021-04-10,Yuba,115,75493,5777,5757,118,5875,43
2021-04-09,Alameda,1,1643700,84786,84404,1930,86334,1237
2021-04-09,Alpine,3,1148,86,85,0,85,0
2021-04-09,Amador,5,37829,3617,3600,35,3635,46
2021-04-09,Butte,7,227075,11745,11454,1774,13228,193
2021-04-09,Calaveras,9,45235,2031,2028,12,2040,50
2021-04-09,Colusa,11,21464,1898,1898,287,2185,14
2021-04-09,Contra Costa,13,1133247,66604,65857,1213,67070,777
2021-04-09,Del Norte,15,27424,1224,1207,6,1213,6
2021-04-09,El Dorado,17,186661,9590,9528,685,10213,106
2021-04-09,Fresno,19,978130,99931,100027,8665,108692,1630
2021-04-09,Glenn,21,27897,2353,2337,552,2889,17
2021-04-09,Humboldt,23,135768,3529,3496,25,3521,35
2021-04-09,Imperial,25,180216,27850,27764,2809,30573,717
2021-04-09,Inyo,27,18085,1390,1386,2,1388,36
2021-04-09,Kern,29,883053,95320,94675,10856,105531,1282
2021-04-09,Kings,31,150075,22647,22595,1137,23732,242
2021-04-09,Lake,33,64148,3395,3362,9,3371,43
2021-04-09,Lassen,35,31185,5138,5140,109,5249,1
2021-04-09,Los Angeles,37,10098052,1189672,1184501,42814,1227315,23458
2021-04-09,Madera,39,155013,16232,16118,929,17047,231
2021-04-09,Marin,41,260295,13739,13721,234,13955,226
2021-04-09,Mariposa,43,17540,400,393,6,399,5
2021-04-09,Mendocino,45,87422,3771,3693,71,3764,46
2021-04-09,Merced,47,269075,30138,30179,970,31149,435
2021-04-09,Modoc,49,8938,362,352,120,472,3
2021-04-09,Mono,51,14174,1229,1247,12,1259,3
2021-04-09,Monterey,53,433212,42573,42481,1861,44342,344
2021-04-09,Napa,55,140530,9603,9574,33,9607,80
2021-04-09,Nevada,57,99092,4437,4373,189,4562,69
2021-04-09,Orange,59,3164182,251667,250852,11285,262137,4813
2021-04-09,Placer,61,380077,21960,21327,1384,22711,278
2021-04-09,Plumas,63,18699,672,666,11,677,4
2021-04-09,Riverside,65,2383286,287823,284562,14468,299030,4325
2021-04-09,Sacramento,67,1510023,100574,99722,1557,101279,1564
2021-04-09,San Benito,69,59416,5933,5925,110,6035,62
2021-04-09,San Bernardino,71,2135413,289519,288000,8869,296869,4467
2021-04-09,San Diego,73,3302833,273310,272697,0,272697,3600
2021-04-09,San Francisco,75,870044,35643,35716,1314,37030,497
2021-04-09,San Joaquin,77,732212,70433,69675,3462,73137,1281
2021-04-09,San Luis Obispo,79,281455,20610,20427,678,21105,252
2021-04-09,San Mateo,81,765935,41213,40800,447,41247,350
2021-04-09,Santa Barbara,83,443738,33736,33424,1216,34640,444
2021-04-09,Santa Clara,85,1922200,115176,115749,699,116448,1923
2021-04-09,Santa Cruz,87,273765,15874,15331,866,16197,203
2021-04-09,Shasta,89,179085,11465,11478,1440,12918,188
2021-04-09,Sierra,91,2930,53,51,14,65,0
2021-04-09,Siskiyou,93,43540,1579,1510,292,1802,7
2021-04-09,Solano,95,438530,31307,31166,436,31602,238
2021-04-09,Sonoma,97,501317,29355,29433,297,29730,310
2021-04-09,Stanislaus,99,539301,53645,53504,5906,59410,705
2021-04-09,Sutter,101,95872,9198,9201,86,9287,106
2021-04-09,Tehama,103,63373,4841,4806,554,5360,52
2021-04-09,Trinity,105,12862,361,324,57,381,3
2021-04-09,Tulare,107,460477,48849,48430,9162,57592,824
2021-04-09,Tuolumne,109,53932,3988,3986,35,4021,57
2021-04-09,Ventura,111,848112,79890,79698,3013,82711,987
2021-04-09,Yolo,113,214977,13489,13478,267,13745,198
2021-04-09,Yuba,115,75493,5770,5754,118,5872,43
2021-04-08,Alameda,1,1643700,84685,84213,1926,86139,1232
2021-04-08,Alpine,3,1148,86,85,0,85,0
2021-04-08,Amador,5,37829,3613,3595,35,3630,46
2021-04-08,Butte,7,227075,11734,11414,1773,13187,193
2021-04-08,Calaveras,9,45235,2029,2027,12,2039,50
2021-04-08,Colusa,11,21464,1897,1897,287,2184,14
2021-04-08,Contra Costa,13,1133247,66494,65706,1210,66916,775
2021-04-08,Del Norte,15,27424,1218,1201,6,1207,6
2021-04-08,El Dorado,17,186661,9574,9513,679,10192,106
2021-04-08,Fresno,19,978130,99868,99935,8658,108593,1627
2021-04-08,Glenn,21,27897,2351,2337,552,2889,17
2021-04-08,Humboldt,23,135768,3519,3486,25,3511,35
2021-04-08,Imperial,25,180216,27823,27744,2806,30550,713
2021-04-08,Inyo,27,18085,1389,1386,2,1388,36
2021-04-08,Kern,29,883053,95277,94493,10842,105335,1281
2021-04-08,Kings,31,150075,22641,22589,1134,23723,243
2021-04-08,Lake,33,64148,3389,3360,9,3369,43
2021-04-08,Lassen,35,31185,5137,5136,109,5245,1
2021-04-08,Los Angeles,37,10098052,1189175,1184443,42775,1227218,23416
2021-04-08,Madera,39,155013,16220,16103,929,17032,231
2021-04-08,Marin,41,260295,13732,13704,234,13938,226
2021-04-08,Mariposa,43,17540,399,393,6,399,5
2021-04-08,Mendocino,45,87422,3769,3690,71,3761,45
2021-04-08,Merced,47,269075,30116,30163,970,31133,430
2021-04-08,Modoc,49,8938,362,352,120,472,3
2021-04-08,Mono,51,14174,1227,1247,12,1259,3
2021-04-08,Monterey,53,433212,42552,42437,1856,44293,342
2021-04-08,Napa,55,140530,9586,9569,33,9602,80
2021-04-08,Nevada,57,99092,4426,4367,189,4556,69
2021-04-08,Orange,59,3164182,251560,250529,11269,261798,4797
2021-04-08,Placer,61,380077,21920,21258,1375,22633,277
2021-04-08,Plumas,63,18699,672,665,11,676,4
2021-04-08,Riverside,65,2383286,287712,283853,14463,298316,4296
2021-04-08,Sacramento,67,1510023,100431,99319,1545,100864,1561
2021-04-08,San Benito,69,59416,5930,5914,108,6022,62
2021-04-08,San Bernardino,71,2135413,289420,287190,8866,296056,4445
2021-04-08,San Diego,73,3302833,273081,272495,0,272495,3592
2021-04-08,San Francisco,75,870044,35620,35657,1313,36970,494
2021-04-08,San Joaquin,77,732212,70363,69479,3456,72935,1279
2021-04-08,San Luis Obispo,79,281455,20591,20402,675,21077,252
2021-04-08,San Mateo,81,765935,41174,40749,447,41196,350
2021-04-08,Santa Barbara,83,443738,33712,33309,1215,34524,444
2021-04-08,Santa Clara,85,1922200,115070,115487,698,116185,1905
2021-04-08,Santa Cruz,87,273765,15868,15296,866,16162,203
2021-04-08,Shasta,89,179085,11455,11466,1436,12902,186
2021-04-08,Sierra,91,2930,53,51,14,65,0
2021-04-08,Siskiyou,93,43540,1576,1511,292,1803,7
2021-04-08,Solano,95,438530,31258,31120,436,31556,238
2021-04-08,Sonoma,97,501317,29336,29410,296,29706,310
2021-04-08,Stanislaus,99,539301,53567,53401,5896,59297,706
2021-04-08,Sutter,101,95872,9194,9195,86,9281,106
2021-04-08,Tehama,103,63373,4837,4802,554,5356,52
2021-04-08,Trinity,105,12862,361,324,57,381,3
2021-04-08,Tulare,107,460477,48836,48409,9151,57560,821
2021-04-08,Tuolumne,109,53932,3988,3986,35,4021,57
2021-04-08,Ventura,111,848112,79853,79626,3009,82635,986
2021-04-08,Yolo,113,214977,13480,13468,266,13734,198
2021-04-08,Yuba,115,75493,5766,5743,118,5861,43
2021-04-07,Alameda,1,1643700,84601,84130,1922,86052,1224
2021-04-07,Alpine,3,1148,86,85,0,85,0
2021-04-07,Amador,5,37829,3610,3590,35,3625,46
2021-04-07,Butte,7,227075,11730,11405,1770,13175,193
2021-04-07,Calaveras,9,45235,2025,2022,12,2034,50
2021-04-07,Colusa,11,21464,1893,1894,286,2180,14
2021-04-07,Contra Costa,13,1133247,66408,65619,1209,66828,775
2021-04-07,Del Norte,15,27424,1216,1198,6,1204,6
2021-04-07,El Dorado,17,186661,9553,9500,674,10174,106
2021-04-07,Fresno,19,978130,99803,99865,8648,108513,1627
2021-04-07,Glenn,21,27897,2348,2337,551,2888,17
2021-04-07,Humboldt,23,135768,3507,3484,25,3509,35
2021-04-07,Imperial,25,180216,27799,27704,2800,30504,713
2021-04-07,Inyo,27,18085,1388,1386,2,1388,36
2021-04-07,Kern,29,883053,95242,94456,10827,105283,1275
2021-04-07,Kings,31,150075,22639,22589,1134,23723,243
2021-04-07,Lake,33,64148,3387,3358,9,3367,43
2021-04-07,Lassen,35,31185,5137,5137,109,5246,1
2021-04-07,Los Angeles,37,10098052,1188743,1183862,42750,1226612,23372
2021-04-07,Madera,39,155013,16201,16090,928,17018,231
2021-04-07,Marin,41,260295,13721,13688,232,13920,225
2021-04-07,Mariposa,43,17540,398,391,6,397,5
2021-04-07,Mendocino,45,87422,3768,3691,71,3762,45
2021-04-07,Merced,47,269075,30093,30132,965,31097,430
2021-04-07,Modoc,49,8938,362,351,120,471,3
2021-04-07,Mono,51,14174,1227,1246,12,1258,3
2021-04-07,Monterey,53,433212,42534,42427,1855,44282,341
2021-04-07,Napa,55,140530,9572,9556,33,9589,80
2021-04-07,Nevada,57,99092,4420,4364,189,4553,69
2021-04-07,Orange,59,3164182,251438,250378,11245,261623,4778
2021-04-07,Placer,61,380077,21874,21227,1367,22594,276
2021-04-07,Plumas,63,18699,672,665,11,676,4
2021-04-07,Riverside,65,2383286,287603,283749,14453,298202,4285
2021-04-07,Sacramento,67,1510023,100265,99202,1539,100741,1544
2021-04-07,San Benito,69,59416,5925,5912,107,6019,62
2021-04-07,San Bernardino,71,2135413,289303,286978,8861,295839,4433
2021-04-07,San Diego,73,3302833,272856,272195,0,272195,3588
2021-04-07,San Francisco,75,870044,35580,35618,1309,36927,493
2021-04-07,San Joaquin,77,732212,70295,69375,3451,72826,1278
2021-04-07,San Luis Obispo,79,281455,20565,20373,672,21045,252
2021-04-07,San Mateo,81,765935,41131,40693,447,41140,350
2021-04-07,Santa Barbara,83,443738,33687,33289,1212,34501,444
2021-04-07,Santa Clara,85,1922200,114940,115311,696,116007,1900
2021-04-07,Santa Cruz,87,273765,15858,15275,865,16140,203
2021-04-07,Shasta,89,179085,11443,11456,1431,12887,184
2021-04-07,Sierra,91,2930,53,51,14,65,0
2021-04-07,Siskiyou,93,43540,1570,1512,291,1803,7
2021-04-07,Solano,95,438530,31208,31097,435,31532,238
2021-04-07,Sonoma,97,501317,29317,29394,295,29689,310
2021-04-07,Stanislaus,99,539301,53499,53344,5886,59230,686
2021-04-07,Sutter,101,95872,9191,9188,86,9274,106
2021-04-07,Tehama,103,63373,4830,4802,551,5353,52
2021-04-07,Trinity,105,12862,361,322,57,379,3
2021-04-07,Tulare,107,460477,48823,48386,9139,57525,820
2021-04-07,Tuolumne,109,53932,3987,3982,35,4017,57
2021-04-07,Ventura,111,848112,79819,79595,3007,82602,986
2021-04-07,Yolo,113,214977,13464,13450,264,13714,198
2021-04-07,Yuba,115,75493,5762,5737,118,5855,43
2021-04-06,Alameda,1,1643700,84489,84091,1917,86008,1223
2021-04-06,Alpine,3,1148,86,85,0,85,0
2021-04-06,Amador,5,37829,3609,3587,35,3622,45
2021-04-06,Butte,7,227075,11715,11396,1769,13165,193
2021-04-06,Calaveras,9,45235,2022,2021,12,2033,50
2021-04-06,Colusa,11,21464,1891,1894,284,2178,14
2021-04-06,Contra Costa,13,1133247,66331,65575,1208,66783,774
2021-04-06,Del Norte,15,27424,1211,1197,6,1203,6
2021-04-06,El Dorado,17,186661,9523,9489,672,10161,106
2021-04-06,Fresno,19,978130,99739,99814,8642,108456,1626
2021-04-06,Glenn,21,27897,2347,2335,551,2886,17
2021-04-06,Humboldt,23,135768,3498,3477,25,3502,35
2021-04-06,Imperial,25,180216,27766,27661,2790,30451,713
2021-04-06,Inyo,27,18085,1388,1379,2,1381,36
2021-04-06,Kern,29,883053,95199,94422,10821,105243,1259
2021-04-06,Kings,31,150075,22633,22587,1134,23721,240
2021-04-06,Lake,33,64148,3384,3358,9,3367,43
2021-04-06,Lassen,35,31185,5135,5137,109,5246,1
2021-04-06,Los Angeles,37,10098052,1188239,1183499,42705,1226204,23323
2021-04-06,Madera,39,155013,16182,16085,923,17008,230
2021-04-06,Marin,41,260295,13712,13675,229,13904,224
2021-04-06,Mariposa,43,17540,398,390,6,396,5
2021-04-06,Mendocino,45,87422,3766,3686,71,3757,45
2021-04-06,Merced,47,269075,30064,30100,960,31060,430
2021-04-06,Modoc,49,8938,361,351,120,471,3
2021-04-06,Mono,51,14174,1227,1246,12,1258,3
2021-04-06,Monterey,53,433212,42525,42412,1854,44266,341
2021-04-06,Napa,55,140530,9553,9509,33,9542,78
2021-04-06,Nevada,57,99092,4410,4356,187,4543,69
2021-04-06,Orange,59,3164182,251330,250304,11230,261534,4771
2021-04-06,Placer,61,380077,21827,21184,1364,22548,276
2021-04-06,Plumas,63,18699,672,665,11,676,4
2021-04-06,Riverside,65,2383286,287426,283622,14442,298064,4264
2021-04-06,Sacramento,67,1510023,100056,99110,1530,100640,1537
2021-04-06,San Benito,69,59416,5916,5907,107,6014,62
2021-04-06,San Bernardino,71,2135413,289190,286792,8851,295643,4428
2021-04-06,San Diego,73,3302833,272594,271867,0,271867,3585
2021-04-06,San Francisco,75,870044,35537,35572,1309,36881,488
2021-04-06,San Joaquin,77,732212,70212,69316,3438,72754,1278
2021-04-06,San Luis Obispo,79,281455,20544,20350,668,21018,252
2021-04-06,San Mateo,81,765935,41083,40649,446,41095,350
2021-04-06,Santa Barbara,83,443738,33669,33257,1211,34468,443
2021-04-06,Santa Clara,85,1922200,114770,115184,694,115878,1900
2021-04-06,Santa Cruz,87,273765,15848,15252,865,16117,203
2021-04-06,Shasta,89,179085,11422,11443,1429,12872,184
2021-04-06,Sierra,91,2930,53,51,14,65,0
2021-04-06,Siskiyou,93,43540,1566,1510,288,1798,7
2021-04-06,Solano,95,438530,31161,31078,434,31512,237
2021-04-06,Sonoma,97,501317,29292,29386,293,29679,311
2021-04-06,Stanislaus,99,539301,53441,53304,5880,59184,686
2021-04-06,Sutter,101,95872,9181,9179,86,9265,106
2021-04-06,Tehama,103,63373,4821,4798,551,5349,52
2021-04-06,Trinity,105,12862,361,321,57,378,3
2021-04-06,Tulare,107,460477,48780,48372,9135,57507,819
2021-04-06,Tuolumne,109,53932,3987,3981,35,4016,57
2021-04-06,Ventura,111,848112,79782,79556,3005,82561,983
2021-04-06,Yolo,113,214977,13451,13443,263,13706,198
2021-04-06,Yuba,115,75493,5758,5733,117,5850,43
2021-04-05,Alameda,1,1643700,84372,84007,1912,85919,1219
2021-04-05,Alpine,3,1148,86,85,0,85,0
2021-04-05,Amador,5,37829,3606,3584,35,3619,45
2021-04-05,Butte,7,227075,11700,11384,1767,13151,193
2021-04-05,Calaveras,9,45235,2019,2019,12,2031,50
2021-04-05,Colusa,11,21464,1891,1894,283,2177,14
2021-04-05,Contra Costa,13,1133247,66264,65457,1206,66663,774
2021-04-05,Del Norte,15,27424,1209,1189,6,1195,6
2021-04-05,El Dorado,17,186661,9508,9463,672,10135,106
2021-04-05,Fresno,19,978130,99652,99755,8633,108388,1622
2021-04-05,Glenn,21,27897,2346,2335,551,2886,17
2021-04-05,Humboldt,23,135768,3489,3475,25,3500,35
2021-04-05,Imperial,25,180216,27735,27604,2784,30388,710
2021-04-05,Inyo,27,18085,1385,1377,2,1379,36
2021-04-05,Kern,29,883053,95145,94401,10795,105196,1249
2021-04-05,Kings,31,150075,22629,22580,1134,23714,239
2021-04-05,Lake,33,64148,3376,3359,9,3368,43
2021-04-05,Lassen,35,31185,5135,5138,108,5246,1
2021-04-05,Los Angeles,37,10098052,1187705,1183200,42653,1225853,23302
2021-04-05,Madera,39,155013,16168,16065,922,16987,230
2021-04-05,Marin,41,260295,13698,13666,225,13891,221
2021-04-05,Mariposa,43,17540,398,390,6,396,5
2021-04-05,Mendocino,45,87422,3764,3687,71,3758,45
2021-04-05,Merced,47,269075,30037,30068,959,31027,427
2021-04-05,Modoc,49,8938,359,346,120,466,3
2021-04-05,Mono,51,14174,1227,1246,12,1258,3
2021-04-05,Monterey,53,433212,42512,42396,1850,44246,341
2021-04-05,Napa,55,140530,9530,9492,33,9525,78
2021-04-05,Nevada,57,99092,4399,4346,187,4533,69
2021-04-05,Orange,59,3164182,251217,250177,11206,261383,4759
2021-04-05,Placer,61,380077,21781,21133,1356,22489,276
2021-04-05,Plumas,63,18699,672,666,11,677,4
2021-04-05,Riverside,65,2383286,287295,283549,14430,297979,4237
2021-04-05,Sacramento,67,1510023,99895,98908,1522,100430,1533
2021-04-05,San Benito,69,59416,5910,5904,107,6011,61
2021-04-05,San Bernardino,71,2135413,289079,286597,8848,295445,4425
2021-04-05,San Diego,73,3302833,272346,271655,0,271655,3583
2021-04-05,San Francisco,75,870044,35507,35538,1309,36847,488
2021-04-05,San Joaquin,77,732212,70125,69214,3428,72642,1268
2021-04-05,San Luis Obispo,79,281455,20507,20333,668,21001,252
2021-04-05,San Mateo,81,765935,41040,40609,445,41054,350
2021-04-05,Santa Barbara,83,443738,33637,33235,1211,34446,443
2021-04-05,Santa Clara,85,1922200,114605,115091,691,115782,1893
2021-04-05,Santa Cruz,87,273765,15841,15228,865,16093,201
2021-04-05,Shasta,89,179085,11403,11435,1424,12859,184
2021-04-05,Sierra,91,2930,53,50,14,64,0
2021-04-05,Siskiyou,93,43540,1563,1509,286,1795,7
2021-04-05,Solano,95,438530,31121,31026,432,31458,237
2021-04-05,Sonoma,97,501317,29261,29361,291,29652,311
2021-04-05,Stanislaus,99,539301,53361,53238,5877,59115,686
2021-04-05,Sutter,101,95872,9174,9169,86,9255,106
2021-04-05,Tehama,103,63373,4815,4794,551,5345,52
2021-04-05,Trinity,105,12862,360,321,57,378,3
2021-04-05,Tulare,107,460477,48768,48356,9128,57484,818
2021-04-05,Tuolumne,109,53932,3986,3980,35,4015,57
2021-04-05,Ventura,111,848112,79752,79549,3001,82550,983
2021-04-05,Yolo,113,214977,13437,13427,262,13689,198
2021-04-05,Yuba,115,75493,5753,5728,116,5844,43
2021-04-04,Alameda,1,1643700,84254,83951,1908,85859,1219
2021-04-04,Alpine,3,1148,86,85,0,85,0
2021-04-04,Amador,5,37829,3600,3582,35,3617,45
2021-04-04,Butte,7,227075,11685,11375,1766,13141,193
2021-04-04,Calaveras,9,45235,2015,2020,12,2032,50
2021-04-04,Colusa,11,21464,1890,1893,283,2176,14
2021-04-04,Contra Costa,13,1133247,66158,65408,1201,66609,774
2021-04-04,Del Norte,15,27424,1201,1186,6,1192,6
2021-04-04,El Dorado,17,186661,9489,9455,668,10123,106
2021-04-04,Fresno,19,978130,99578,99702,8620,108322,1622
2021-04-04,Glenn,21,27897,2343,2335,550,2885,17
2021-04-04,Humboldt,23,135768,3478,3472,25,3497,35
2021-04-04,Imperial,25,180216,27679,27588,2782,30370,710
2021-04-04,Inyo,27,18085,1381,1377,2,1379,36
2021-04-04,Kern,29,883053,95104,94388,10771,105159,1247
2021-04-04,Kings,31,150075,22627,22580,1133,23713,239
2021-04-04,Lake,33,64148,3370,3355,8,3363,43
2021-04-04,Lassen,35,31185,5134,5138,108,5246,1
2021-04-04,Los Angeles,37,10098052,1187166,1182872,42605,1225477,23301
2021-04-04,Madera,39,155013,16142,16052,918,16970,230
2021-04-04,Marin,41,260295,13685,13663,224,13887,221
2021-04-04,Mariposa,43,17540,398,390,6,396,5
2021-04-04,Mendocino,45,87422,3761,3684,71,3755,45
2021-04-04,Merced,47,269075,29994,30048,956,31004,427
2021-04-04,Modoc,49,8938,359,346,120,466,3
2021-04-04,Mono,51,14174,1226,1245,12,1257,3
2021-04-04,Monterey,53,433212,42495,42391,1849,44240,341
2021-04-04,Napa,55,140530,9518,9486,33,9519,78
2021-04-04,Nevada,57,99092,4387,4337,186,4523,69
2021-04-04,Orange,59,3164182,251081,250117,11191,261308,4759
2021-04-04,Placer,61,380077,21736,21104,1337,22441,276
2021-04-04,Plumas,63,18699,672,666,11,677,4
2021-04-04,Riverside,65,2383286,287170,283537,14426,297963,4237
2021-04-04,Sacramento,67,1510023,99695,98821,1514,100335,1531
2021-04-04,San Benito,69,59416,5900,5901,103,6004,61
2021-04-04,San Bernardino,71,2135413,288937,286561,8840,295401,4423
2021-04-04,San Diego,73,3302833,272035,271528,0,271528,3583
2021-04-04,San Francisco,75,870044,35453,35525,1306,36831,488
2021-04-04,San Joaquin,77,732212,70024,69147,3416,72563,1268
2021-04-04,San Luis Obispo,79,281455,20475,20328,660,20988,252
2021-04-04,San Mateo,81,765935,40998,40587,442,41029,350
2021-04-04,Santa Barbara,83,443738,33601,33213,1211,34424,443
2021-04-04,Santa Clara,85,1922200,114439,114976,684,115660,1893
2021-04-04,Santa Cruz,87,273765,15832,15219,865,16084,201
2021-04-04,Shasta,89,179085,11377,11433,1423,12856,184
2021-04-04,Sierra,91,2930,53,50,14,64,0
2021-04-04,Siskiyou,93,43540,1560,1509,282,1791,7
2021-04-04,Solano,95,438530,31074,31002,430,31432,237
2021-04-04,Sonoma,97,501317,29229,29340,289,29629,311
2021-04-04,Stanislaus,99,539301,53268,53181,5869,59050,686
2021-04-04,Sutter,101,95872,9167,9164,86,9250,106
2021-04-04,Tehama,103,63373,4804,4792,550,5342,52
2021-04-04,Trinity,105,12862,358,321,57,378,3
2021-04-04,Tulare,107,460477,48753,48343,9120,57463,818
2021-04-04,Tuolumne,109,53932,3978,3980,35,4015,57
2021-04-04,Ventura,111,848112,79709,79526,3000,82526,983
2021-04-04,Yolo,113,214977,13416,13425,261,13686,198
2021-04-04,Yuba,115,75493,5746,5722,116,5838,43
2021-04-03,Alameda,1,1643700,84186,83861,1906,85767,1218
2021-04-03,Alpine,3,1148,86,85,0,85,0
2021-04-03,Amador,5,37829,3597,3577,35,3612,45
2021-04-03,Butte,7,227075,11681,11359,1762,13121,193
2021-04-03,Calaveras,9,45235,2013,2019,12,2031,50
2021-04-03,Colusa,11,21464,1890,1891,283,2174,14
2021-04-03,Contra Costa,13,1133247,66086,65338,1201,66539,774
2021-04-03,Del Norte,15,27424,1196,1183,6,1189,6
2021-04-03,El Dorado,17,186661,9480,9448,667,10115,106
2021-04-03,Fresno,19,978130,99521,99602,8615,108217,1622
2021-04-03,Glenn,21,27897,2343,2334,549,2883,17
2021-04-03,Humboldt,23,135768,3476,3467,25,3492,35
2021-04-03,Imperial,25,180216,27664,27572,2778,30350,710
2021-04-03,Inyo,27,18085,1380,1376,2,1378,36
2021-04-03,Kern,29,883053,95081,94369,10753,105122,1243
2021-04-03,Kings,31,150075,22625,22580,1133,23713,239
2021-04-03,Lake,33,64148,3369,3350,8,3358,43
2021-04-03,Lassen,35,31185,5133,5136,108,5244,1
2021-04-03,Los Angeles,37,10098052,1186868,1182402,42586,1224988,23301
2021-04-03,Madera,39,155013,16133,16051,916,16967,230
2021-04-03,Marin,41,260295,13677,13658,223,13881,221
2021-04-03,Mariposa,43,17540,398,390,5,395,5
2021-04-03,Mendocino,45,87422,3760,3684,71,3755,45
2021-04-03,Merced,47,269075,29979,30031,956,30987,427
2021-04-03,Modoc,49,8938,359,346,120,466,3
2021-04-03,Mono,51,14174,1226,1245,12,1257,3
2021-04-03,Monterey,53,433212,42482,42376,1847,44223,341
2021-04-03,Napa,55,140530,9509,9473,33,9506,78
2021-04-03,Nevada,57,99092,4383,4323,186,4509,69
2021-04-03,Orange,59,3164182,251002,249982,11172,261154,4755
2021-04-03,Placer,61,380077,21705,21060,1333,22393,276
2021-04-03,Plumas,63,18699,672,666,11,677,4
2021-04-03,Riverside,65,2383286,287092,283423,14423,297846,4237
2021-04-03,Sacramento,67,1510023,99587,98660,1508,100168,1531
2021-04-03,San Benito,69,59416,5897,5893,102,5995,61
2021-04-03,San Bernardino,71,2135413,288873,286473,8834,295307,4422
2021-04-03,San Diego,73,3302833,271866,271335,0,271335,3571
2021-04-03,San Francisco,75,870044,35435,35488,1304,36792,489
2021-04-03,San Joaquin,77,732212,69983,69100,3400,72500,1268
2021-04-03,San Luis Obispo,79,281455,20456,20301,660,20961,252
2021-04-03,San Mateo,81,765935,40973,40560,442,41002,350
2021-04-03,Santa Barbara,83,443738,33575,33172,1210,34382,443
2021-04-03,Santa Clara,85,1922200,114331,114865,682,115547,1893
2021-04-03,Santa Cruz,87,273765,15825,15205,865,16070,201
2021-04-03,Shasta,89,179085,11369,11418,1423,12841,184
2021-04-03,Sierra,91,2930,53,50,14,64,0
2021-04-03,Siskiyou,93,43540,1559,1509,282,1791,7
2021-04-03,Solano,95,438530,31053,30970,427,31397,237
2021-04-03,Sonoma,97,501317,29213,29315,288,29603,311
2021-04-03,Stanislaus,99,539301,53233,53137,5863,59000,686
2021-04-03,Sutter,101,95872,9161,9158,86,9244,106
2021-04-03,Tehama,103,63373,4797,4788,550,5338,52
2021-04-03,Trinity,105,12862,358,321,57,378,3
2021-04-03,Tulare,107,460477,48743,48327,9116,57443,818
2021-04-03,Tuolumne,109,53932,3978,3980,35,4015,57
2021-04-03,Ventura,111,848112,79688,79489,2998,82487,983
2021-04-03,Yolo,113,214977,13410,13414,261,13675,198
2021-04-03,Yuba,115,75493,5740,5716,116,5832,43
2021-04-02,Alameda,1,1643700,84113,83776,1901,85677,1217
2021-04-02,Alpine,3,1148,86,85,0,85,0
2021-04-02,Amador,5,37829,3593,3573,34,3607,45
2021-04-02,Butte,7,227075,11672,11350,1762,13112,193
2021-04-02,Calaveras,9,45235,2013,2010,12,2022,50
2021-04-02,Colusa,11,21464,1890,1891,283,2174,14
2021-04-02,Contra Costa,13,1133247,66022,65299,1200,66499,774
2021-04-02,Del Norte,15,27424,1193,1174,6,1180,6
2021-04-02,El Dorado,17,186661,9467,9437,664,10101,106
2021-04-02,Fresno,19,978130,99467,99551,8604,108155,1620
2021-04-02,Glenn,21,27897,2343,2331,549,2880,17
2021-04-02,Humboldt,23,135768,3472,3465,25,3490,35
2021-04-02,Imperial,25,180216,27653,27553,2770,30323,710
2021-04-02,Inyo,27,18085,1380,1377,2,1379,36
2021-04-02,Kern,29,883053,95064,94348,10749,105097,1233
2021-04-02,Kings,31,150075,22625,22571,1130,23701,239
2021-04-02,Lake,33,64148,3367,3348,8,3356,43
2021-04-02,Lassen,35,31185,5133,5134,108,5242,1
2021-04-02,Los Angeles,37,10098052,1186559,1181682,42562,1224244,23264
2021-04-02,Madera,39,155013,16124,16036,915,16951,230
2021-04-02,Marin,41,260295,13669,13649,223,13872,221
2021-04-02,Mariposa,43,17540,396,390,5,395,5
2021-04-02,Mendocino,45,87422,3757,3682,71,3753,45
2021-04-02,Merced,47,269075,29955,29998,956,30954,426
2021-04-02,Modoc,49,8938,356,346,120,466,3
2021-04-02,Mono,51,14174,1226,1246,12,1258,3
2021-04-02,Monterey,53,433212,42472,42359,1844,44203,341
2021-04-02,Napa,55,140530,9494,9453,33,9486,78
2021-04-02,Nevada,57,99092,4379,4323,186,4509,69
2021-04-02,Orange,59,3164182,250906,249891,11158,261049,4748
2021-04-02,Placer,61,380077,21670,21035,1326,22361,275
2021-04-02,Plumas,63,18699,672,666,11,677,4
2021-04-02,Riverside,65,2383286,287008,283328,14415,297743,4213
2021-04-02,Sacramento,67,1510023,99480,98648,1501,100149,1527
2021-04-02,San Benito,69,59416,5895,5888,100,5988,61
2021-04-02,San Bernardino,71,2135413,288800,286308,8830,295138,4417
2021-04-02,San Diego,73,3302833,271679,271036,0,271036,3568
2021-04-02,San Francisco,75,870044,35401,35451,1301,36752,488
2021-04-02,San Joaquin,77,732212,69919,68996,3384,72380,1268
2021-04-02,San Luis Obispo,79,281455,20439,20271,659,20930,252
2021-04-02,San Mateo,81,765935,40931,40514,442,40956,350
2021-04-02,Santa Barbara,83,443738,33547,33145,1210,34355,443
2021-04-02,Santa Clara,85,1922200,114220,114777,680,115457,1882
2021-04-02,Santa Cruz,87,273765,15817,15216,865,16081,202
2021-04-02,Shasta,89,179085,11364,11377,1415,12792,181
2021-04-02,Sierra,91,2930,53,50,14,64,0
2021-04-02,Siskiyou,93,43540,1559,1508,281,1789,7
2021-04-02,Solano,95,438530,31025,30951,424,31375,237
2021-04-02,Sonoma,97,501317,29192,29288,287,29575,311
2021-04-02,Stanislaus,99,539301,53188,53073,5856,58929,687
2021-04-02,Sutter,101,95872,9153,9131,86,9217,106
2021-04-02,Tehama,103,63373,4790,4775,549,5324,52
2021-04-02,Trinity,105,12862,358,320,57,377,3
2021-04-02,Tulare,107,460477,48737,48306,9110,57416,818
2021-04-02,Tuolumne,109,53932,3975,3980,35,4015,57
2021-04-02,Ventura,111,848112,79660,79434,2996,82430,982
2021-04-02,Yolo,113,214977,13400,13381,261,13642,197
2021-04-02,Yuba,115,75493,5737,5709,116,5825,44
2021-04-01,Alameda,1,1643700,84030,83574,1897,85471,1216
2021-04-01,Alpine,3,1148,86,85,0,85,0
2021-04-01,Amador,5,37829,3589,3558,34,3592,45
2021-04-01,Butte,7,227075,11654,11328,1760,13088,193
2021-04-01,Calaveras,9,45235,2012,2006,12,2018,50
2021-04-01,Colusa,11,21464,1887,1890,283,2173,14
2021-04-01,Contra Costa,13,1133247,65962,65176,1198,66374,771
2021-04-01,Del Norte,15,27424,1188,1138,6,1144,6
2021-04-01,El Dorado,17,186661,9458,9393,660,10053,106
2021-04-01,Fresno,19,978130,99415,99317,8596,107913,1616
2021-04-01,Glenn,21,27897,2343,2322,548,2870,17
2021-04-01,Humboldt,23,135768,3468,3464,25,3489,35
2021-04-01,Imperial,25,180216,27623,27520,2764,30284,710
2021-04-01,Inyo,27,18085,1379,1374,2,1376,36
2021-04-01,Kern,29,883053,95032,94244,10735,104979,1233
2021-04-01,Kings,31,150075,22618,22560,1129,23689,239
2021-04-01,Lake,33,64148,3362,3337,8,3345,43
2021-04-01,Lassen,35,31185,5132,5132,108,5240,1
2021-04-01,Los Angeles,37,10098052,1186072,1181101,42535,1223636,23220
2021-04-01,Madera,39,155013,16108,16023,915,16938,230
2021-04-01,Marin,41,260295,13659,13635,223,13858,221
2021-04-01,Mariposa,43,17540,394,389,5,394,5
2021-04-01,Mendocino,45,87422,3757,3680,71,3751,45
2021-04-01,Merced,47,269075,29921,29820,956,30776,425
2021-04-01,Modoc,49,8938,355,346,120,466,3
2021-04-01,Mono,51,14174,1226,1245,12,1257,3
2021-04-01,Monterey,53,433212,42464,42324,1842,44166,339
2021-04-01,Napa,55,140530,9482,9410,33,9443,78
2021-04-01,Nevada,57,99092,4369,4288,185,4473,68
2021-04-01,Orange,59,3164182,250787,249617,11140,260757,4742
2021-04-01,Placer,61,380077,21634,20909,1313,22222,274
2021-04-01,Plumas,63,18699,672,664,11,675,4
2021-04-01,Riverside,65,2383286,286906,283128,14413,297541,4193
2021-04-01,Sacramento,67,1510023,99337,97952,1487,99439,1521
2021-04-01,San Benito,69,59416,5887,5878,99,5977,61
2021-04-01,San Bernardino,71,2135413,288684,286086,8822,294908,4404
2021-04-01,San Diego,73,3302833,271455,270540,0,270540,3555
2021-04-01,San Francisco,75,870044,35381,35386,1297,36683,488
2021-04-01,San Joaquin,77,732212,69836,68802,3376,72178,1262
2021-04-01,San Luis Obispo,79,281455,20411,20235,658,20893,252
2021-04-01,San Mateo,81,765935,40890,40454,442,40896,350
2021-04-01,Santa Barbara,83,443738,33502,33096,1205,34301,443
2021-04-01,Santa Clara,85,1922200,114107,114606,679,115285,1874
2021-04-01,Santa Cruz,87,273765,15802,15271,865,16136,202
2021-04-01,Shasta,89,179085,11349,11355,1409,12764,181
2021-04-01,Sierra,91,2930,53,50,14,64,0
2021-04-01,Siskiyou,93,43540,1557,1507,280,1787,7
2021-04-01,Solano,95,438530,30992,30850,421,31271,237
2021-04-01,Sonoma,97,501317,29160,29241,280,29521,311
2021-04-01,Stanislaus,99,539301,53125,52825,5850,58675,687
2021-04-01,Sutter,101,95872,9141,9105,86,9191,106
2021-04-01,Tehama,103,63373,4784,4764,546,5310,52
2021-04-01,Trinity,105,12862,358,319,57,376,3
2021-04-01,Tulare,107,460477,48714,48279,9100,57379,817
2021-04-01,Tuolumne,109,53932,3974,3978,35,4013,57
2021-04-01,Ventura,111,848112,79636,79369,2995,82364,977
2021-04-01,Yolo,113,214977,13387,13342,261,13603,197
2021-04-01,Yuba,115,75493,5732,5694,116,5810,44
2021-03-31,Alameda,1,1643700,83949,83475,1892,85367,1215
2021-03-31,Alpine,3,1148,86,85,0,85,0
2021-03-31,Amador,5,37829,3586,3556,34,3590,45
2021-03-31,Butte,7,227075,11644,11321,1757,13078,193
2021-03-31,Calaveras,9,45235,2008,2005,12,2017,50
2021-03-31,Colusa,11,21464,1887,1890,283,2173,14
2021-03-31,Contra Costa,13,1133247,65877,65109,1197,66306,769
2021-03-31,Del Norte,15,27424,1179,1129,6,1135,6
2021-03-31,El Dorado,17,186661,9441,9390,660,10050,106
2021-03-31,Fresno,19,978130,99325,99240,8580,107820,1616
2021-03-31,Glenn,21,27897,2338,2318,546,2864,17
2021-03-31,Humboldt,23,135768,3462,3460,25,3485,35
2021-03-31,Imperial,25,180216,27603,27506,2763,30269,710
2021-03-31,Inyo,27,18085,1376,1373,2,1375,35
2021-03-31,Kern,29,883053,94993,94205,10726,104931,1229
2021-03-31,Kings,31,150075,22615,22540,1129,23669,239
2021-03-31,Lake,33,64148,3358,3332,8,3340,43
2021-03-31,Lassen,35,31185,5128,5132,108,5240,1
2021-03-31,Los Angeles,37,10098052,1185611,1180538,42493,1223031,23171
2021-03-31,Madera,39,155013,16094,16015,913,16928,229
2021-03-31,Marin,41,260295,13649,13624,223,13847,221
2021-03-31,Mariposa,43,17540,394,389,5,394,5
2021-03-31,Mendocino,45,87422,3751,3675,71,3746,45
2021-03-31,Merced,47,269075,29892,29780,956,30736,423
2021-03-31,Modoc,49,8938,355,346,120,466,3
2021-03-31,Mono,51,14174,1226,1245,12,1257,3
2021-03-31,Monterey,53,433212,42447,42309,1840,44149,338
2021-03-31,Napa,55,140530,9464,9401,33,9434,78
2021-03-31,Nevada,57,99092,4363,4283,185,4468,68
2021-03-31,Orange,59,3164182,250676,249518,11125,260643,4731
2021-03-31,Placer,61,380077,21584,20885,1305,22190,271
2021-03-31,Plumas,63,18699,671,663,11,674,4
2021-03-31,Riverside,65,2383286,286807,283006,14402,297408,4171
2021-03-31,Sacramento,67,1510023,99160,97760,1479,99239,1519
2021-03-31,San Benito,69,59416,5877,5875,99,5974,61
2021-03-31,San Bernardino,71,2135413,288588,285916,8819,294735,4356
2021-03-31,San Diego,73,3302833,271224,270288,0,270288,3555
2021-03-31,San Francisco,75,870044,35337,35347,1295,36642,474
2021-03-31,San Joaquin,77,732212,69748,68685,3359,72044,1259
2021-03-31,San Luis Obispo,79,281455,20390,20215,657,20872,251
2021-03-31,San Mateo,81,765935,40860,40423,442,40865,350
2021-03-31,Santa Barbara,83,443738,33471,33052,1203,34255,443
2021-03-31,Santa Clara,85,1922200,113981,114499,679,115178,1874
2021-03-31,Santa Cruz,87,273765,15790,15295,864,16159,201
2021-03-31,Shasta,89,179085,11337,11327,1401,12728,179
2021-03-31,Sierra,91,2930,53,50,14,64,0
2021-03-31,Siskiyou,93,43540,1556,1505,280,1785,7
2021-03-31,Solano,95,438530,30946,30824,420,31244,235
2021-03-31,Sonoma,97,501317,29134,29216,280,29496,311
2021-03-31,Stanislaus,99,539301,53057,52782,5838,58620,687
2021-03-31,Sutter,101,95872,9130,9111,86,9197,106
2021-03-31,Tehama,103,63373,4779,4762,543,5305,52
2021-03-31,Trinity,105,12862,358,319,57,376,3
2021-03-31,Tulare,107,460477,48695,48261,9083,57344,816
2021-03-31,Tuolumne,109,53932,3974,3976,35,4011,57
2021-03-31,Ventura,111,848112,79604,79326,2991,82317,969
2021-03-31,Yolo,113,214977,13369,13359,260,13619,197
2021-03-31,Yuba,115,75493,5725,5686,116,5802,44
2021-03-30,Alameda,1,1643700,83849,83395,1889,85284,1211
2021-03-30,Alpine,3,1148,86,85,0,85,0
2021-03-30,Amador,5,37829,3583,3551,34,3585,45
2021-03-30,Butte,7,227075,11631,11296,1754,13050,193
2021-03-30,Calaveras,9,45235,2004,1997,12,2009,50
2021-03-30,Colusa,11,21464,1886,1890,282,2172,14
2021-03-30,Contra Costa,13,1133247,65789,65041,1195,66236,767
2021-03-30,Del Norte,15,27424,1171,1118,5,1123,6
2021-03-30,El Dorado,17,186661,9422,9381,657,10038,105
2021-03-30,Fresno,19,978130,99262,99156,8568,107724,1609
2021-03-30,Glenn,21,27897,2338,2310,544,2854,17
2021-03-30,Humboldt,23,135768,3459,3461,25,3486,35
2021-03-30,Imperial,25,180216,27574,27471,2761,30232,706
2021-03-30,Inyo,27,18085,1376,1374,2,1376,35
2021-03-30,Kern,29,883053,94952,94151,10717,104868,1221
2021-03-30,Kings,31,150075,22611,22530,1127,23657,238
2021-03-30,Lake,33,64148,3352,3330,8,3338,43
2021-03-30,Lassen,35,31185,5128,5132,108,5240,1
2021-03-30,Los Angeles,37,10098052,1185121,1180044,42469,1222513,23136
2021-03-30,Madera,39,155013,16084,16003,910,16913,229
2021-03-30,Marin,41,260295,13640,13611,215,13826,221
2021-03-30,Mariposa,43,17540,394,388,5,393,5
2021-03-30,Mendocino,45,87422,3749,3670,71,3741,45
2021-03-30,Merced,47,269075,29856,29731,956,30687,423
2021-03-30,Modoc,49,8938,354,346,120,466,3
2021-03-30,Mono,51,14174,1225,1245,12,1257,3
2021-03-30,Monterey,53,433212,42421,42308,1837,44145,338
2021-03-30,Napa,55,140530,9449,9391,33,9424,78
2021-03-30,Nevada,57,99092,4351,4266,184,4450,68
2021-03-30,Orange,59,3164182,250548,249412,11097,260509,4727
2021-03-30,Placer,61,380077,21544,20866,1298,22164,271
2021-03-30,Plumas,63,18699,671,661,11,672,4
2021-03-30,Riverside,65,2383286,286688,282930,14393,297323,4154
2021-03-30,Sacramento,67,1510023,99024,97718,1475,99193,1516
2021-03-30,San Benito,69,59416,5871,5870,99,5969,61
2021-03-30,San Bernardino,71,2135413,288479,285758,8810,294568,4343
2021-03-30,San Diego,73,3302833,270987,269998,0,269998,3555
2021-03-30,San Francisco,75,870044,35287,35325,1294,36619,474
2021-03-30,San Joaquin,77,732212,69661,68613,3348,71961,1232
2021-03-30,San Luis Obispo,79,281455,20370,20194,657,20851,251
2021-03-30,San Mateo,81,765935,40815,40377,442,40819,349
2021-03-30,Santa Barbara,83,443738,33446,33016,1203,34219,441
2021-03-30,Santa Clara,85,1922200,113858,114413,678,115091,1873
2021-03-30,Santa Cruz,87,273765,15784,15278,864,16142,201
2021-03-30,Shasta,89,179085,11329,11316,1400,12716,184
2021-03-30,Sierra,91,2930,53,50,14,64,0
2021-03-30,Siskiyou,93,43540,1555,1501,280,1781,7
2021-03-30,Solano,95,438530,30917,30802,419,31221,232
2021-03-30,Sonoma,97,501317,29102,29198,280,29478,311
2021-03-30,Stanislaus,99,539301,52979,52690,5830,58520,677
2021-03-30,Sutter,101,95872,9126,9107,85,9192,106
2021-03-30,Tehama,103,63373,4770,4748,542,5290,52
2021-03-30,Trinity,105,12862,358,316,57,373,3
2021-03-30,Tulare,107,460477,48682,48249,9073,57322,815
2021-03-30,Tuolumne,109,53932,3969,3972,35,4007,57
2021-03-30,Ventura,111,848112,79560,79282,2988,82270,958
2021-03-30,Yolo,113,214977,13356,13353,260,13613,195
2021-03-30,Yuba,115,75493,5714,5679,110,5789,42
2021-03-29,Alameda,1,1643700,83747,83338,1888,85226,1211
2021-03-29,Alpine,3,1148,86,85,0,85,0
2021-03-29,Amador,5,37829,3577,3549,34,3583,45
2021-03-29,Butte,7,227075,11622,11291,1751,13042,191
2021-03-29,Calaveras,9,45235,2000,1998,12,2010,50
2021-03-29,Colusa,11,21464,1886,1889,281,2170,14
2021-03-29,Contra Costa,13,1133247,65721,64971,1194,66165,767
2021-03-29,Del Norte,15,27424,1166,1116,4,1120,6
2021-03-29,El Dorado,17,186661,9402,9374,651,10025,105
2021-03-29,Fresno,19,978130,99179,99085,8556,107641,1606
2021-03-29,Glenn,21,27897,2332,2310,544,2854,17
2021-03-29,Humboldt,23,135768,3454,3459,25,3484,34
2021-03-29,Imperial,25,180216,27554,27442,2757,30199,704
2021-03-29,Inyo,27,18085,1376,1372,2,1374,35
2021-03-29,Kern,29,883053,94905,94098,10696,104794,1220
2021-03-29,Kings,31,150075,22599,22522,1126,23648,238
2021-03-29,Lake,33,64148,3349,3325,8,3333,43
2021-03-29,Lassen,35,31185,5128,5131,108,5239,1
2021-03-29,Los Angeles,37,10098052,1184631,1179736,42427,1222163,23108
2021-03-29,Madera,39,155013,16064,15987,908,16895,210
2021-03-29,Marin,41,260295,13628,13600,211,13811,220
2021-03-29,Mariposa,43,17540,393,388,5,393,5
2021-03-29,Mendocino,45,87422,3746,3667,71,3738,45
2021-03-29,Merced,47,269075,29832,29699,956,30655,422
2021-03-29,Modoc,49,8938,353,344,120,464,3
2021-03-29,Mono,51,14174,1224,1243,12,1255,3
2021-03-29,Monterey,53,433212,42405,42305,1832,44137,337
2021-03-29,Napa,55,140530,9433,9379,33,9412,78
2021-03-29,Nevada,57,99092,4344,4258,184,4442,68
2021-03-29,Orange,59,3164182,250435,249295,11085,260380,4713
2021-03-29,Placer,61,380077,21509,20827,1291,22118,267
2021-03-29,Plumas,63,18699,670,660,11,671,4
2021-03-29,Riverside,65,2383286,286599,282867,14391,297258,4133
2021-03-29,Sacramento,67,1510023,98831,97577,1467,99044,1514
2021-03-29,San Benito,69,59416,5864,5865,99,5964,61
2021-03-29,San Bernardino,71,2135413,288379,285615,8806,294421,4335
2021-03-29,San Diego,73,3302833,270721,269771,0,269771,3547
2021-03-29,San Francisco,75,870044,35254,35291,1290,36581,474
2021-03-29,San Joaquin,77,732212,69575,68537,3334,71871,1211
2021-03-29,San Luis Obispo,79,281455,20335,20176,655,20831,250
2021-03-29,San Mateo,81,765935,40773,40357,441,40798,348
2021-03-29,Santa Barbara,83,443738,33412,32983,1202,34185,439
2021-03-29,Santa Clara,85,1922200,113752,114335,673,115008,1871
2021-03-29,Santa Cruz,87,273765,15773,15249,863,16112,201
2021-03-29,Shasta,89,179085,11311,11313,1398,12711,183
2021-03-29,Sierra,91,2930,53,50,14,64,0
2021-03-29,Siskiyou,93,43540,1554,1497,279,1776,6
2021-03-29,Solano,95,438530,30878,30762,417,31179,232
2021-03-29,Sonoma,97,501317,29078,29184,277,29461,310
2021-03-29,Stanislaus,99,539301,52895,52614,5822,58436,677
2021-03-29,Sutter,101,95872,9119,9105,85,9190,106
2021-03-29,Tehama,103,63373,4762,4742,541,5283,52
2021-03-29,Trinity,105,12862,358,314,57,371,3
2021-03-29,Tulare,107,460477,48655,48226,9062,57288,815
2021-03-29,Tuolumne,109,53932,3967,3969,35,4004,57
2021-03-29,Ventura,111,848112,79519,79252,2987,82239,956
2021-03-29,Yolo,113,214977,13338,13346,260,13606,195
2021-03-29,Yuba,115,75493,5707,5671,109,5780,42
2021-03-28,Alameda,1,1643700,83625,83239,1886,85125,1212
2021-03-28,Alpine,3,1148,86,85,0,85,0
2021-03-28,Amador,5,37829,3573,3541,34,3575,45
2021-03-28,Butte,7,227075,11609,11285,1749,13034,191
2021-03-28,Calaveras,9,45235,1997,1995,12,2007,50
2021-03-28,Colusa,11,21464,1885,1889,281,2170,14
2021-03-28,Contra Costa,13,1133247,65647,64878,1190,66068,767
2021-03-28,Del Norte,15,27424,1159,1107,2,1109,6
2021-03-28,El Dorado,17,186661,9387,9371,649,10020,105
2021-03-28,Fresno,19,978130,99097,99004,8544,107548,1606
2021-03-28,Glenn,21,27897,2329,2309,542,2851,17
2021-03-28,Humboldt,23,135768,3451,3452,24,3476,34
2021-03-28,Imperial,25,180216,27526,27426,2754,30180,704
2021-03-28,Inyo,27,18085,1375,1372,2,1374,35
2021-03-28,Kern,29,883053,94863,94084,10684,104768,1219
2021-03-28,Kings,31,150075,22595,22514,1122,23636,238
2021-03-28,Lake,33,64148,3344,3320,8,3328,43
2021-03-28,Lassen,35,31185,5128,5131,107,5238,1
2021-03-28,Los Angeles,37,10098052,1184081,1179316,42365,1221681,23101
2021-03-28,Madera,39,155013,16049,15973,907,16880,210
2021-03-28,Marin,41,260295,13615,13594,209,13803,221
2021-03-28,Mariposa,43,17540,393,388,5,393,5
2021-03-28,Mendocino,45,87422,3744,3666,71,3737,45
2021-03-28,Merced,47,269075,29775,29679,956,30635,422
2021-03-28,Modoc,49,8938,353,344,120,464,3
2021-03-28,Mono,51,14174,1223,1242,12,1254,3
2021-03-28,Monterey,53,433212,42382,42294,1828,44122,337
2021-03-28,Napa,55,140530,9419,9368,33,9401,78
2021-03-28,Nevada,57,99092,4330,4239,184,4423,68
2021-03-28,Orange,59,3164182,250282,249238,11074,260312,4713
2021-03-28,Placer,61,380077,21466,20796,1284,22080,267
2021-03-28,Plumas,63,18699,668,657,11,668,4
2021-03-28,Riverside,65,2383286,286496,282811,14383,297194,4132
2021-03-28,Sacramento,67,1510023,98657,97425,1461,98886,1514
2021-03-28,San Benito,69,59416,5859,5862,99,5961,61
2021-03-28,San Bernardino,71,2135413,288261,285570,8795,294365,4332
2021-03-28,San Diego,73,3302833,270448,269476,0,269476,3547
2021-03-28,San Francisco,75,870044,35207,35286,1286,36572,474
2021-03-28,San Joaquin,77,732212,69450,68459,3314,71773,1211
2021-03-28,San Luis Obispo,79,281455,20300,20172,652,20824,250
2021-03-28,San Mateo,81,765935,40728,40305,440,40745,348
2021-03-28,Santa Barbara,83,443738,33373,32953,1201,34154,439
2021-03-28,Santa Clara,85,1922200,113653,114232,669,114901,1871
2021-03-28,Santa Cruz,87,273765,15759,15238,862,16100,201
2021-03-28,Shasta,89,179085,11285,11308,1387,12695,183
2021-03-28,Sierra,91,2930,53,50,14,64,0
2021-03-28,Siskiyou,93,43540,1554,1497,278,1775,6
2021-03-28,Solano,95,438530,30841,30719,415,31134,232
2021-03-28,Sonoma,97,501317,29043,29161,274,29435,310
2021-03-28,Stanislaus,99,539301,52810,52567,5807,58374,678
2021-03-28,Sutter,101,95872,9110,9094,85,9179,106
2021-03-28,Tehama,103,63373,4753,4740,536,5276,52
2021-03-28,Trinity,105,12862,356,314,56,370,3
2021-03-28,Tulare,107,460477,48626,48218,9056,57274,815
2021-03-28,Tuolumne,109,53932,3965,3969,34,4003,57
2021-03-28,Ventura,111,848112,79467,79222,2982,82204,956
2021-03-28,Yolo,113,214977,13320,13325,259,13584,194
2021-03-28,Yuba,115,75493,5703,5662,109,5771,42
2021-03-27,Alameda,1,1643700,83553,83169,1882,85051,1211
2021-03-27,Alpine,3,1148,86,85,0,85,0
2021-03-27,Amador,5,37829,3568,3538,34,3572,45
2021-03-27,Butte,7,227075,11602,11278,1748,13026,191
2021-03-27,Calaveras,9,45235,1997,1992,12,2004,50
2021-03-27,Colusa,11,21464,1885,1889,281,2170,14
2021-03-27,Contra Costa,13,1133247,65578,64804,1187,65991,767
2021-03-27,Del Norte,15,27424,1149,1104,2,1106,6
2021-03-27,El Dorado,17,186661,9373,9367,649,10016,105
2021-03-27,Fresno,19,978130,99045,98901,8539,107440,1606
2021-03-27,Glenn,21,27897,2328,2308,542,2850,17
2021-03-27,Humboldt,23,135768,3446,3442,24,3466,34
2021-03-27,Imperial,25,180216,27514,27406,2751,30157,704
2021-03-27,Inyo,27,18085,1373,1372,2,1374,35
2021-03-27,Kern,29,883053,94845,94041,10670,104711,1217
2021-03-27,Kings,31,150075,22592,22502,1122,23624,238
2021-03-27,Lake,33,64148,3342,3317,8,3325,43
2021-03-27,Lassen,35,31185,5128,5129,107,5236,1
2021-03-27,Los Angeles,37,10098052,1183768,1178831,42336,1221167,23103
2021-03-27,Madera,39,155013,16042,15968,905,16873,210
2021-03-27,Marin,41,260295,13610,13579,209,13788,222
2021-03-27,Mariposa,43,17540,393,386,5,391,5
2021-03-27,Mendocino,45,87422,3743,3666,71,3737,45
2021-03-27,Merced,47,269075,29742,29647,954,30601,422
2021-03-27,Modoc,49,8938,353,344,120,464,3
2021-03-27,Mono,51,14174,1221,1241,12,1253,3
2021-03-27,Monterey,53,433212,42372,42271,1828,44099,337
2021-03-27,Napa,55,140530,9407,9360,33,9393,78
2021-03-27,Nevada,57,99092,4320,4231,184,4415,68
2021-03-27,Orange,59,3164182,250188,249160,11058,260218,4698
2021-03-27,Placer,61,380077,21446,20717,1277,21994,267
2021-03-27,Plumas,63,18699,667,655,11,666,4
2021-03-27,Riverside,65,2383286,286434,282707,14375,297082,4132
2021-03-27,Sacramento,67,1510023,98567,97247,1459,98706,1513
2021-03-27,San Benito,69,59416,5857,5862,97,5959,61
2021-03-27,San Bernardino,71,2135413,288199,285480,8793,294273,4325
2021-03-27,San Diego,73,3302833,270278,269271,0,269271,3540
2021-03-27,San Francisco,75,870044,35183,35244,1284,36528,474
2021-03-27,San Joaquin,77,732212,69390,68365,3305,71670,1211
2021-03-27,San Luis Obispo,79,281455,20289,20153,649,20802,250
2021-03-27,San Mateo,81,765935,40704,40264,440,40704,348
2021-03-27,Santa Barbara,83,443738,33350,32921,1201,34122,439
2021-03-27,Santa Clara,85,1922200,113556,114124,667,114791,1871
2021-03-27,Santa Cruz,87,273765,15753,15215,862,16077,201
2021-03-27,Shasta,89,179085,11274,11288,1385,12673,183
2021-03-27,Sierra,91,2930,53,50,14,64,0
2021-03-27,Siskiyou,93,43540,1554,1497,278,1775,6
2021-03-27,Solano,95,438530,30813,30669,414,31083,232
2021-03-27,Sonoma,97,501317,29028,29133,272,29405,310
2021-03-27,Stanislaus,99,539301,52747,52497,5798,58295,678
2021-03-27,Sutter,101,95872,9102,9093,85,9178,106
2021-03-27,Tehama,103,63373,4747,4738,534,5272,52
2021-03-27,Trinity,105,12862,356,313,56,369,3
2021-03-27,Tulare,107,460477,48610,48203,9048,57251,813
2021-03-27,Tuolumne,109,53932,3962,3968,34,4002,57
2021-03-27,Ventura,111,848112,79440,79184,2980,82164,956
2021-03-27,Yolo,113,214977,13315,13317,258,13575,194
2021-03-27,Yuba,115,75493,5701,5657,109,5766,42
2021-03-26,Alameda,1,1643700,83492,83043,1880,84923,1208
2021-03-26,Alpine,3,1148,86,85,0,85,0
2021-03-26,Amador,5,37829,3563,3532,34,3566,45
2021-03-26,Butte,7,227075,11592,11278,1748,13026,191
2021-03-26,Calaveras,9,45235,1996,1989,12,2001,50
2021-03-26,Colusa,11,21464,1885,1889,281,2170,14
2021-03-26,Contra Costa,13,1133247,65518,64699,1185,65884,761
2021-03-26,Del Norte,15,27424,1146,1101,2,1103,6
2021-03-26,El Dorado,17,186661,9368,9353,649,10002,105
2021-03-26,Fresno,19,978130,98984,98731,8527,107258,1601
2021-03-26,Glenn,21,27897,2328,2307,541,2848,17
2021-03-26,Humboldt,23,135768,3444,3431,24,3455,34
2021-03-26,Imperial,25,180216,27490,27374,2751,30125,701
2021-03-26,Inyo,27,18085,1372,1369,2,1371,35
2021-03-26,Kern,29,883053,94819,93949,10664,104613,1211
2021-03-26,Kings,31,150075,22584,22493,1120,23613,239
2021-03-26,Lake,33,64148,3341,3314,8,3322,43
2021-03-26,Lassen,35,31185,5127,5131,107,5238,1
2021-03-26,Los Angeles,37,10098052,1183433,1178213,42321,1220534,23080
2021-03-26,Madera,39,155013,16032,15952,905,16857,210
2021-03-26,Marin,41,260295,13604,13553,204,13757,221
2021-03-26,Mariposa,43,17540,393,386,5,391,5
2021-03-26,Mendocino,45,87422,3742,3664,71,3735,45
2021-03-26,Merced,47,269075,29719,29613,952,30565,419
2021-03-26,Modoc,49,8938,353,344,120,464,3
2021-03-26,Mono,51,14174,1220,1236,12,1248,3
2021-03-26,Monterey,53,433212,42359,42241,1824,44065,338
2021-03-26,Napa,55,140530,9397,9349,33,9382,78
2021-03-26,Nevada,57,99092,4300,4222,184,4406,83
2021-03-26,Orange,59,3164182,250125,248995,11044,260039,4671
2021-03-26,Placer,61,380077,21420,20679,1275,21954,259
2021-03-26,Plumas,63,18699,666,654,11,665,4
2021-03-26,Riverside,65,2383286,286356,282602,14369,296971,4109
2021-03-26,Sacramento,67,1510023,98467,97040,1454,98494,1509
2021-03-26,San Benito,69,59416,5854,5855,97,5952,61
2021-03-26,San Bernardino,71,2135413,288141,285313,8790,294103,4288
2021-03-26,San Diego,73,3302833,270100,269045,0,269045,3525
2021-03-26,San Francisco,75,870044,35158,35186,1284,36470,472
2021-03-26,San Joaquin,77,732212,69328,68249,3300,71549,1202
2021-03-26,San Luis Obispo,79,281455,20276,20118,649,20767,250
2021-03-26,San Mateo,81,765935,40669,40199,440,40639,348
2021-03-26,Santa Barbara,83,443738,33320,32895,1201,34096,439
2021-03-26,Santa Clara,85,1922200,113458,113959,666,114625,1868
2021-03-26,Santa Cruz,87,273765,15739,15199,861,16060,201
2021-03-26,Shasta,89,179085,11265,11276,1379,12655,182
2021-03-26,Sierra,91,2930,53,50,14,64,0
2021-03-26,Siskiyou,93,43540,1554,1493,277,1770,6
2021-03-26,Solano,95,438530,30788,30640,414,31054,205
2021-03-26,Sonoma,97,501317,29012,29101,269,29370,310
2021-03-26,Stanislaus,99,539301,52679,52420,5794,58214,678
2021-03-26,Sutter,101,95872,9100,9082,85,9167,104
2021-03-26,Tehama,103,63373,4746,4722,533,5255,51
2021-03-26,Trinity,105,12862,356,311,56,367,3
2021-03-26,Tulare,107,460477,48596,48179,9039,57218,813
2021-03-26,Tuolumne,109,53932,3961,3965,34,3999,57
2021-03-26,Ventura,111,848112,79407,79122,2978,82100,953
2021-03-26,Yolo,113,214977,13307,13299,256,13555,194
2021-03-26,Yuba,115,75493,5691,5653,109,5762,42
2021-03-25,Alameda,1,1643700,83393,82945,1878,84823,1206
2021-03-25,Alpine,3,1148,86,84,0,84,0
2021-03-25,Amador,5,37829,3561,3530,34,3564,45
2021-03-25,Butte,7,227075,11582,11270,1748,13018,188
2021-03-25,Calaveras,9,45235,1991,1982,12,1994,50
2021-03-25,Colusa,11,21464,1885,1888,281,2169,14
2021-03-25,Contra Costa,13,1133247,65451,64606,1181,65787,757
2021-03-25,Del Norte,15,27424,1140,1095,2,1097,6
2021-03-25,El Dorado,17,186661,9358,9331,649,9980,105
2021-03-25,Fresno,19,978130,98868,98602,8512,107114,1593
2021-03-25,Glenn,21,27897,2327,2302,540,2842,17
2021-03-25,Humboldt,23,135768,3439,3423,24,3447,34
2021-03-25,Imperial,25,180216,27474,27352,2750,30102,699
2021-03-25,Inyo,27,18085,1372,1369,2,1371,35
2021-03-25,Kern,29,883053,94787,93857,10659,104516,1206
2021-03-25,Kings,31,150075,22574,22472,1120,23592,237
2021-03-25,Lake,33,64148,3336,3312,8,3320,43
2021-03-25,Lassen,35,31185,5127,5129,107,5236,1
2021-03-25,Los Angeles,37,10098052,1183007,1177490,42283,1219773,23051
2021-03-25,Madera,39,155013,16013,15937,902,16839,210
2021-03-25,Marin,41,260295,13595,13538,201,13739,219
2021-03-25,Mariposa,43,17540,393,386,5,391,5
2021-03-25,Mendocino,45,87422,3741,3664,71,3735,45
2021-03-25,Merced,47,269075,29685,29576,943,30519,416
2021-03-25,Modoc,49,8938,353,343,120,463,3
2021-03-25,Mono,51,14174,1220,1235,12,1247,3
2021-03-25,Monterey,53,433212,42338,42220,1819,44039,336
2021-03-25,Napa,55,140530,9378,9321,33,9354,78
2021-03-25,Nevada,57,99092,4282,4202,182,4384,84
2021-03-25,Orange,59,3164182,250014,248871,11022,259893,4655
2021-03-25,Placer,61,380077,21381,20639,1268,21907,252
2021-03-25,Plumas,63,18699,666,654,11,665,4
2021-03-25,Riverside,65,2383286,286260,282492,14358,296850,4078
2021-03-25,Sacramento,67,1510023,98323,96823,1451,98274,1505
2021-03-25,San Benito,69,59416,5851,5850,97,5947,61
2021-03-25,San Bernardino,71,2135413,288057,285134,8785,293919,4222
2021-03-25,San Diego,73,3302833,269873,268623,0,268623,3520
2021-03-25,San Francisco,75,870044,35119,35154,1282,36436,468
2021-03-25,San Joaquin,77,732212,69232,68089,3251,71340,1196
2021-03-25,San Luis Obispo,79,281455,20259,20076,648,20724,250
2021-03-25,San Mateo,81,765935,40629,40147,440,40587,348
2021-03-25,Santa Barbara,83,443738,33293,32857,1200,34057,439
2021-03-25,Santa Clara,85,1922200,113356,113877,664,114541,1868
2021-03-25,Santa Cruz,87,273765,15718,15170,861,16031,201
2021-03-25,Shasta,89,179085,11248,11262,1377,12639,181
2021-03-25,Sierra,91,2930,53,50,14,64,0
2021-03-25,Siskiyou,93,43540,1552,1491,276,1767,6
2021-03-25,Solano,95,438530,30728,30583,412,30995,193
2021-03-25,Sonoma,97,501317,28978,29060,265,29325,310
2021-03-25,Stanislaus,99,539301,52613,52321,5787,58108,678
2021-03-25,Sutter,101,95872,9091,9069,85,9154,104
2021-03-25,Tehama,103,63373,4744,4719,532,5251,52
2021-03-25,Trinity,105,12862,356,310,56,366,3
2021-03-25,Tulare,107,460477,48571,48148,9026,57174,811
2021-03-25,Tuolumne,109,53932,3960,3962,34,3996,57
2021-03-25,Ventura,111,848112,79367,79045,2974,82019,952
2021-03-25,Yolo,113,214977,13300,13287,256,13543,194
2021-03-25,Yuba,115,75493,5685,5647,102,5749,42
2021-03-24,Alameda,1,1643700,83299,82871,1875,84746,1199
2021-03-24,Alpine,3,1148,86,84,0,84,0
2021-03-24,Amador,5,37829,3555,3529,34,3563,45
2021-03-24,Butte,7,227075,11572,11252,1744,12996,187
2021-03-24,Calaveras,9,45235,1987,1975,12,1987,50
2021-03-24,Colusa,11,21464,1885,1886,280,2166,14
2021-03-24,Contra Costa,13,1133247,65371,64539,1180,65719,755
2021-03-24,Del Norte,15,27424,1135,1087,2,1089,6
2021-03-24,El Dorado,17,186661,9352,9319,648,9967,105
2021-03-24,Fresno,19,978130,98779,98437,8497,106934,1585
2021-03-24,Glenn,21,27897,2326,2297,539,2836,17
2021-03-24,Humboldt,23,135768,3436,3414,24,3438,34
2021-03-24,Imperial,25,180216,27465,27325,2750,30075,699
2021-03-24,Inyo,27,18085,1372,1368,2,1370,35
2021-03-24,Kern,29,883053,94739,93800,10650,104450,1198
2021-03-24,Kings,31,150075,22560,22456,1118,23574,237
2021-03-24,Lake,33,64148,3332,3307,8,3315,43
2021-03-24,Lassen,35,31185,5125,5130,106,5236,1
2021-03-24,Los Angeles,37,10098052,1182535,1177015,42246,1219261,22993
2021-03-24,Madera,39,155013,16004,15918,901,16819,210
2021-03-24,Marin,41,260295,13582,13526,199,13725,219
2021-03-24,Mariposa,43,17540,393,384,5,389,5
2021-03-24,Mendocino,45,87422,3738,3660,71,3731,45
2021-03-24,Merced,47,269075,29644,29525,943,30468,415
2021-03-24,Modoc,49,8938,352,341,120,461,3
2021-03-24,Mono,51,14174,1219,1243,12,1255,3
2021-03-24,Monterey,53,433212,42316,42201,1816,44017,335
2021-03-24,Napa,55,140530,9358,9310,33,9343,78
2021-03-24,Nevada,57,99092,4268,4191,181,4372,85
2021-03-24,Orange,59,3164182,249898,248775,11003,259778,4638
2021-03-24,Placer,61,380077,21351,20606,1260,21866,250
2021-03-24,Plumas,63,18699,664,652,11,663,4
2021-03-24,Riverside,65,2383286,286177,282410,14356,296766,4058
2021-03-24,Sacramento,67,1510023,98149,96628,1439,98067,1500
2021-03-24,San Benito,69,59416,5850,5847,97,5944,61
2021-03-24,San Bernardino,71,2135413,287968,284983,8784,293767,4170
2021-03-24,San Diego,73,3302833,269658,268413,0,268413,3509
2021-03-24,San Francisco,75,870044,35091,35103,1279,36382,462
2021-03-24,San Joaquin,77,732212,69161,67978,3239,71217,1196
2021-03-24,San Luis Obispo,79,281455,20229,20021,647,20668,250
2021-03-24,San Mateo,81,765935,40580,40083,440,40523,348
2021-03-24,Santa Barbara,83,443738,33266,32810,1200,34010,438
2021-03-24,Santa Clara,85,1922200,113243,113757,660,114417,1851
2021-03-24,Santa Cruz,87,273765,15705,15138,859,15997,202
2021-03-24,Shasta,89,179085,11229,11243,1375,12618,181
2021-03-24,Sierra,91,2930,53,50,14,64,0
2021-03-24,Siskiyou,93,43540,1550,1490,276,1766,6
2021-03-24,Solano,95,438530,30691,30552,411,30963,178
2021-03-24,Sonoma,97,501317,28959,29034,260,29294,310
2021-03-24,Stanislaus,99,539301,52537,52259,5779,58038,677
2021-03-24,Sutter,101,95872,9075,9049,85,9134,104
2021-03-24,Tehama,103,63373,4738,4719,531,5250,49
2021-03-24,Trinity,105,12862,355,310,56,366,3
2021-03-24,Tulare,107,460477,48561,48109,9013,57122,808
2021-03-24,Tuolumne,109,53932,3959,3961,34,3995,57
2021-03-24,Ventura,111,848112,79315,78993,2967,81960,944
2021-03-24,Yolo,113,214977,13289,13269,256,13525,194
2021-03-24,Yuba,115,75493,5679,5634,99,5733,42
2021-03-23,Alameda,1,1643700,83197,82799,1871,84670,1190
2021-03-23,Alpine,3,1148,86,84,0,84,0
2021-03-23,Amador,5,37829,3549,3524,34,3558,45
2021-03-23,Butte,7,227075,11561,11227,1743,12970,187
2021-03-23,Calaveras,9,45235,1987,1971,12,1983,50
2021-03-23,Colusa,11,21464,1883,1885,279,2164,14
2021-03-23,Contra Costa,13,1133247,65272,64491,1179,65670,750
2021-03-23,Del Norte,15,27424,1130,1082,2,1084,6
2021-03-23,El Dorado,17,186661,9342,9318,646,9964,105
2021-03-23,Fresno,19,978130,98668,98362,8472,106834,1575
2021-03-23,Glenn,21,27897,2321,2293,537,2830,17
2021-03-23,Humboldt,23,135768,3427,3405,24,3429,34
2021-03-23,Imperial,25,180216,27457,27320,2750,30070,699
2021-03-23,Inyo,27,18085,1370,1364,2,1366,35
2021-03-23,Kern,29,883053,94633,93728,10643,104371,1191
2021-03-23,Kings,31,150075,22549,22439,1116,23555,237
2021-03-23,Lake,33,64148,3330,3294,8,3302,43
2021-03-23,Lassen,35,31185,5125,5130,106,5236,1
2021-03-23,Los Angeles,37,10098052,1182023,1176572,42206,1218778,22904
2021-03-23,Madera,39,155013,15988,15908,900,16808,210
2021-03-23,Marin,41,260295,13559,13514,197,13711,221
2021-03-23,Mariposa,43,17540,392,384,5,389,5
2021-03-23,Mendocino,45,87422,3736,3652,71,3723,45
2021-03-23,Merced,47,269075,29612,29485,943,30428,415
2021-03-23,Modoc,49,8938,351,342,120,462,3
2021-03-23,Mono,51,14174,1218,1263,12,1275,3
2021-03-23,Monterey,53,433212,42305,42180,1814,43994,335
2021-03-23,Napa,55,140530,9333,9299,33,9332,78
2021-03-23,Nevada,57,99092,4249,4179,180,4359,89
2021-03-23,Orange,59,3164182,249772,248661,10984,259645,4626
2021-03-23,Placer,61,380077,21316,20567,1256,21823,248
2021-03-23,Plumas,63,18699,664,652,11,663,4
2021-03-23,Riverside,65,2383286,286083,282317,14348,296665,4035
2021-03-23,Sacramento,67,1510023,97957,96521,1434,97955,1496
2021-03-23,San Benito,69,59416,5845,5845,96,5941,61
2021-03-23,San Bernardino,71,2135413,287884,284875,8776,293651,4134
2021-03-23,San Diego,73,3302833,269413,268156,0,268156,3498
2021-03-23,San Francisco,75,870044,35034,35071,1272,36343,462
2021-03-23,San Joaquin,77,732212,69065,67903,3221,71124,1182
2021-03-23,San Luis Obispo,79,281455,20189,20009,646,20655,250
2021-03-23,San Mateo,81,765935,40522,40032,439,40471,348
2021-03-23,Santa Barbara,83,443738,33228,32771,1199,33970,438
2021-03-23,Santa Clara,85,1922200,113126,113645,657,114302,1848
2021-03-23,Santa Cruz,87,273765,15690,15106,859,15965,201
2021-03-23,Shasta,89,179085,11216,11234,1374,12608,175
2021-03-23,Sierra,91,2930,53,50,14,64,0
2021-03-23,Siskiyou,93,43540,1545,1485,274,1759,6
2021-03-23,Solano,95,438530,30650,30524,410,30934,178
2021-03-23,Sonoma,97,501317,28924,29020,258,29278,310
2021-03-23,Stanislaus,99,539301,52437,52148,5771,57919,677
2021-03-23,Sutter,101,95872,9067,9039,85,9124,104
2021-03-23,Tehama,103,63373,4727,4707,530,5237,46
2021-03-23,Trinity,105,12862,355,310,56,366,3
2021-03-23,Tulare,107,460477,48534,48095,8997,57092,808
2021-03-23,Tuolumne,109,53932,3956,3957,34,3991,57
2021-03-23,Ventura,111,848112,79254,78930,2964,81894,932
2021-03-23,Yolo,113,214977,13278,13255,256,13511,194
2021-03-23,Yuba,115,75493,5674,5628,99,5727,42
2021-03-22,Alameda,1,1643700,83105,82748,1866,84614,1189
2021-03-22,Alpine,3,1148,85,83,0,83,0
2021-03-22,Amador,5,37829,3541,3522,34,3556,44
2021-03-22,Butte,7,227075,11552,11211,1741,12952,185
2021-03-22,Calaveras,9,45235,1985,1963,12,1975,49
2021-03-22,Colusa,11,21464,1882,1885,278,2163,13
2021-03-22,Contra Costa,13,1133247,65177,64432,1177,65609,740
2021-03-22,Del Norte,15,27424,1124,1082,2,1084,6
2021-03-22,El Dorado,17,186661,9326,9310,643,9953,105
2021-03-22,Fresno,19,978130,98572,98276,8458,106734,1556
2021-03-22,Glenn,21,27897,2313,2291,537,2828,17
2021-03-22,Humboldt,23,135768,3422,3403,24,3427,34
2021-03-22,Imperial,25,180216,27442,27302,2746,30048,699
2021-03-22,Inyo,27,18085,1367,1363,2,1365,35
2021-03-22,Kern,29,883053,94564,93675,10626,104301,1178
2021-03-22,Kings,31,150075,22536,22433,1111,23544,236
2021-03-22,Lake,33,64148,3329,3290,8,3298,43
2021-03-22,Lassen,35,31185,5123,5129,106,5235,1
2021-03-22,Los Angeles,37,10098052,1181518,1176205,42171,1218376,22843
2021-03-22,Madera,39,155013,15973,15904,900,16804,210
2021-03-22,Marin,41,260295,13550,13501,196,13697,221
2021-03-22,Mariposa,43,17540,391,381,5,386,5
2021-03-22,Mendocino,45,87422,3734,3653,71,3724,45
2021-03-22,Merced,47,269075,29569,29468,940,30408,413
2021-03-22,Modoc,49,8938,349,342,120,462,3
2021-03-22,Mono,51,14174,1213,1263,12,1275,3
2021-03-22,Monterey,53,433212,42288,42161,1812,43973,335
2021-03-22,Napa,55,140530,9322,9288,33,9321,77
2021-03-22,Nevada,57,99092,4239,4174,175,4349,89
2021-03-22,Orange,59,3164182,249622,248517,10949,259466,4599
2021-03-22,Placer,61,380077,21280,20543,1251,21794,242
2021-03-22,Plumas,63,18699,664,652,11,663,4
2021-03-22,Riverside,65,2383286,285990,282242,14337,296579,4009
2021-03-22,Sacramento,67,1510023,97780,96385,1424,97809,1493
2021-03-22,San Benito,69,59416,5842,5844,95,5939,61
2021-03-22,San Bernardino,71,2135413,287796,284771,8763,293534,4107
2021-03-22,San Diego,73,3302833,269202,267913,0,267913,3494
2021-03-22,San Francisco,75,870044,34992,35040,1268,36308,462
2021-03-22,San Joaquin,77,732212,68974,67815,3202,71017,1182
2021-03-22,San Luis Obispo,79,281455,20165,20000,645,20645,250
2021-03-22,San Mateo,81,765935,40472,40024,437,40461,348
2021-03-22,Santa Barbara,83,443738,33183,32756,1196,33952,437
2021-03-22,Santa Clara,85,1922200,113007,113575,657,114232,1845
2021-03-22,Santa Cruz,87,273765,15678,15077,858,15935,201
2021-03-22,Shasta,89,179085,11202,11218,1373,12591,150
2021-03-22,Sierra,91,2930,53,50,14,64,0
2021-03-22,Siskiyou,93,43540,1544,1487,273,1760,5
2021-03-22,Solano,95,438530,30611,30490,406,30896,171
2021-03-22,Sonoma,97,501317,28895,29010,254,29264,310
2021-03-22,Stanislaus,99,539301,52353,52083,5766,57849,677
2021-03-22,Sutter,101,95872,9054,9024,85,9109,104
2021-03-22,Tehama,103,63373,4719,4704,530,5234,45
2021-03-22,Trinity,105,12862,355,310,56,366,3
2021-03-22,Tulare,107,460477,48519,48074,8976,57050,807
2021-03-22,Tuolumne,109,53932,3953,3954,34,3988,57
2021-03-22,Ventura,111,848112,79206,78890,2961,81851,927
2021-03-22,Yolo,113,214977,13266,13243,255,13498,190
2021-03-22,Yuba,115,75493,5663,5627,97,5724,42
2021-03-21,Alameda,1,1643700,83017,82684,1863,84547,1187
2021-03-21,Alpine,3,1148,85,83,0,83,0
2021-03-21,Amador,5,37829,3537,3519,34,3553,44
2021-03-21,Butte,7,227075,11536,11208,1735,12943,185
2021-03-21,Calaveras,9,45235,1982,1962,12,1974,49
2021-03-21,Colusa,11,21464,1882,1885,278,2163,13
2021-03-21,Contra Costa,13,1133247,65095,64382,1173,65555,740
2021-03-21,Del Norte,15,27424,1109,1076,2,1078,6
2021-03-21,El Dorado,17,186661,9316,9302,638,9940,105
2021-03-21,Fresno,19,978130,98460,98211,8434,106645,1556
2021-03-21,Glenn,21,27897,2310,2288,536,2824,17
2021-03-21,Humboldt,23,135768,3417,3402,24,3426,34
2021-03-21,Imperial,25,180216,27425,27267,2737,30004,699
2021-03-21,Inyo,27,18085,1367,1363,2,1365,35
2021-03-21,Kern,29,883053,94500,93649,10615,104264,1170
2021-03-21,Kings,31,150075,22519,22422,1110,23532,236
2021-03-21,Lake,33,64148,3325,3286,8,3294,43
2021-03-21,Lassen,35,31185,5123,5129,106,5235,1
2021-03-21,Los Angeles,37,10098052,1180996,1175684,42119,1217803,22834
2021-03-21,Madera,39,155013,15954,15895,898,16793,210
2021-03-21,Marin,41,260295,13534,13495,195,13690,220
2021-03-21,Mariposa,43,17540,391,381,5,386,5
2021-03-21,Mendocino,45,87422,3731,3651,71,3722,45
2021-03-21,Merced,47,269075,29509,29446,934,30380,413
2021-03-21,Modoc,49,8938,349,341,120,461,3
2021-03-21,Mono,51,14174,1208,1263,12,1275,3
2021-03-21,Monterey,53,433212,42263,42153,1809,43962,335
2021-03-21,Napa,55,140530,9302,9282,33,9315,77
2021-03-21,Nevada,57,99092,4226,4169,175,4344,89
2021-03-21,Orange,59,3164182,249490,248442,10921,259363,4598
2021-03-21,Placer,61,380077,21244,20520,1243,21763,242
2021-03-21,Plumas,63,18699,664,653,11,664,4
2021-03-21,Riverside,65,2383286,285885,282187,14325,296512,4009
2021-03-21,Sacramento,67,1510023,97585,96269,1416,97685,1489
2021-03-21,San Benito,69,59416,5836,5842,95,5937,61
2021-03-21,San Bernardino,71,2135413,287704,284732,8756,293488,4094
2021-03-21,San Diego,73,3302833,268942,267724,0,267724,3494
2021-03-21,San Francisco,75,870044,34945,35012,1261,36273,460
2021-03-21,San Joaquin,77,732212,68852,67729,3184,70913,1182
2021-03-21,San Luis Obispo,79,281455,20133,19979,643,20622,250
2021-03-21,San Mateo,81,765935,40428,39988,436,40424,344
2021-03-21,Santa Barbara,83,443738,33144,32743,1194,33937,437
2021-03-21,Santa Clara,85,1922200,112878,113487,654,114141,1840
2021-03-21,Santa Cruz,87,273765,15671,15064,858,15922,199
2021-03-21,Shasta,89,179085,11182,11215,1372,12587,150
2021-03-21,Sierra,91,2930,53,50,14,64,0
2021-03-21,Siskiyou,93,43540,1544,1486,272,1758,5
2021-03-21,Solano,95,438530,30571,30474,403,30877,171
2021-03-21,Sonoma,97,501317,28867,28986,253,29239,310
2021-03-21,Stanislaus,99,539301,52263,52014,5765,57779,677
2021-03-21,Sutter,101,95872,9041,9021,85,9106,104
2021-03-21,Tehama,103,63373,4715,4701,530,5231,45
2021-03-21,Trinity,105,12862,353,310,56,366,3
2021-03-21,Tulare,107,460477,48503,48060,8964,57024,807
2021-03-21,Tuolumne,109,53932,3951,3953,34,3987,57
2021-03-21,Ventura,111,848112,79142,78863,2956,81819,927
2021-03-21,Yolo,113,214977,13245,13235,255,13490,190
2021-03-21,Yuba,115,75493,5653,5624,97,5721,42
2021-03-20,Alameda,1,1643700,82948,82614,1861,84475,1178
2021-03-20,Alpine,3,1148,85,83,0,83,0
2021-03-20,Amador,5,37829,3535,3518,34,3552,44
2021-03-20,Butte,7,227075,11530,11199,1733,12932,185
2021-03-20,Calaveras,9,45235,1978,1961,12,1973,49
2021-03-20,Colusa,11,21464,1882,1883,278,2161,12
2021-03-20,Contra Costa,13,1133247,65035,64313,1173,65486,713
2021-03-20,Del Norte,15,27424,1108,1075,2,1077,6
2021-03-20,El Dorado,17,186661,9310,9290,638,9928,105
2021-03-20,Fresno,19,978130,98400,98112,8427,106539,1532
2021-03-20,Glenn,21,27897,2309,2288,534,2822,17
2021-03-20,Humboldt,23,135768,3410,3399,24,3423,33
2021-03-20,Imperial,25,180216,27419,27239,2735,29974,695
2021-03-20,Inyo,27,18085,1367,1362,2,1364,35
2021-03-20,Kern,29,883053,94471,93606,10610,104216,1155
2021-03-20,Kings,31,150075,22513,22415,1109,23524,236
2021-03-20,Lake,33,64148,3321,3280,8,3288,43
2021-03-20,Lassen,35,31185,5123,5128,106,5234,1
2021-03-20,Los Angeles,37,10098052,1180701,1175290,42091,1217381,22810
2021-03-20,Madera,39,155013,15946,15891,897,16788,210
2021-03-20,Marin,41,260295,13522,13470,191,13661,220
2021-03-20,Mariposa,43,17540,390,381,5,386,5
2021-03-20,Mendocino,45,87422,3730,3639,71,3710,43
2021-03-20,Merced,47,269075,29478,29411,931,30342,412
2021-03-20,Modoc,49,8938,348,341,120,461,3
2021-03-20,Mono,51,14174,1208,1256,12,1268,3
2021-03-20,Monterey,53,433212,42254,42146,1808,43954,334
2021-03-20,Napa,55,140530,9294,9274,33,9307,77
2021-03-20,Nevada,57,99092,4215,4164,174,4338,89
2021-03-20,Orange,59,3164182,249408,248348,10908,259256,4522
2021-03-20,Placer,61,380077,21222,20505,1241,21746,242
2021-03-20,Plumas,63,18699,661,652,11,663,4
2021-03-20,Riverside,65,2383286,285812,282081,14321,296402,4000
2021-03-20,Sacramento,67,1510023,97475,96126,1412,97538,1488
2021-03-20,San Benito,69,59416,5832,5840,95,5935,61
2021-03-20,San Bernardino,71,2135413,287640,284690,8752,293442,3965
2021-03-20,San Diego,73,3302833,268771,267532,0,267532,3493
2021-03-20,San Francisco,75,870044,34922,34968,1254,36222,453
2021-03-20,San Joaquin,77,732212,68811,67662,3177,70839,1161
2021-03-20,San Luis Obispo,79,281455,20117,19951,637,20588,250
2021-03-20,San Mateo,81,765935,40394,39958,435,40393,344
2021-03-20,Santa Barbara,83,443738,33120,32723,1193,33916,434
2021-03-20,Santa Clara,85,1922200,112786,113384,653,114037,1799
2021-03-20,Santa Cruz,87,273765,15655,15053,858,15911,199
2021-03-20,Shasta,89,179085,11176,11211,1372,12583,147
2021-03-20,Sierra,91,2930,53,50,14,64,0
2021-03-20,Siskiyou,93,43540,1544,1483,272,1755,5
2021-03-20,Solano,95,438530,30541,30439,403,30842,170
2021-03-20,Sonoma,97,501317,28852,28962,252,29214,309
2021-03-20,Stanislaus,99,539301,52207,51925,5757,57682,673
2021-03-20,Sutter,101,95872,9033,9014,85,9099,103
2021-03-20,Tehama,103,63373,4710,4696,528,5224,33
2021-03-20,Trinity,105,12862,352,310,56,366,3
2021-03-20,Tulare,107,460477,48488,48030,8947,56977,804
2021-03-20,Tuolumne,109,53932,3948,3950,34,3984,57
2021-03-20,Ventura,111,848112,79105,78818,2954,81772,922
2021-03-20,Yolo,113,214977,13241,13226,255,13481,190
2021-03-20,Yuba,115,75493,5650,5621,96,5717,42
2021-03-19,Alameda,1,1643700,82875,82499,1859,84358,1187
2021-03-19,Alpine,3,1148,84,82,0,82,0
2021-03-19,Amador,5,37829,3532,3515,34,3549,44
2021-03-19,Butte,7,227075,11521,11191,1730,12921,185
2021-03-19,Calaveras,9,45235,1977,1957,12,1969,49
2021-03-19,Colusa,11,21464,1881,1883,278,2161,12
2021-03-19,Contra Costa,13,1133247,64976,64195,1170,65365,737
2021-03-19,Del Norte,15,27424,1102,1071,0,1071,6
2021-03-19,El Dorado,17,186661,9301,9274,638,9912,105
2021-03-19,Fresno,19,978130,98319,97969,8412,106381,1527
2021-03-19,Glenn,21,27897,2309,2282,534,2816,17
2021-03-19,Humboldt,23,135768,3401,3388,24,3412,33
2021-03-19,Imperial,25,180216,27408,27218,2730,29948,695
2021-03-19,Inyo,27,18085,1365,1356,2,1358,35
2021-03-19,Kern,29,883053,94438,93534,10597,104131,1152
2021-03-19,Kings,31,150075,22504,22369,1106,23475,235
2021-03-19,Lake,33,64148,3315,3262,8,3270,43
2021-03-19,Lassen,35,31185,5123,5126,106,5232,1
2021-03-19,Los Angeles,37,10098052,1180366,1174818,42075,1216893,22752
2021-03-19,Madera,39,155013,15939,15877,896,16773,210
2021-03-19,Marin,41,260295,13510,13441,191,13632,220
2021-03-19,Mariposa,43,17540,389,380,5,385,5
2021-03-19,Mendocino,45,87422,3729,3639,71,3710,45
2021-03-19,Merced,47,269075,29449,29376,930,30306,412
2021-03-19,Modoc,49,8938,348,341,120,461,3
2021-03-19,Mono,51,14174,1206,1244,12,1256,3
2021-03-19,Monterey,53,433212,42245,42125,1806,43931,335
2021-03-19,Napa,55,140530,9282,9256,33,9289,77
2021-03-19,Nevada,57,99092,4204,4156,174,4330,88
2021-03-19,Orange,59,3164182,249309,248146,10895,259041,4501
2021-03-19,Placer,61,380077,21204,20451,1239,21690,242
2021-03-19,Plumas,63,18699,661,650,11,661,4
2021-03-19,Riverside,65,2383286,285730,281937,14316,296253,3989
2021-03-19,Sacramento,67,1510023,97373,95934,1409,97343,1486
2021-03-19,San Benito,69,59416,5832,5845,95,5940,61
2021-03-19,San Bernardino,71,2135413,287575,284501,8750,293251,4017
2021-03-19,San Diego,73,3302833,268636,267173,0,267173,3491
2021-03-19,San Francisco,75,870044,34876,34936,1251,36187,461
2021-03-19,San Joaquin,77,732212,68741,67515,3163,70678,1180
2021-03-19,San Luis Obispo,79,281455,20097,19913,635,20548,249
2021-03-19,San Mateo,81,765935,40370,39893,435,40328,344
2021-03-19,Santa Barbara,83,443738,33091,32685,1192,33877,435
2021-03-19,Santa Clara,85,1922200,112712,113232,652,113884,1797
2021-03-19,Santa Cruz,87,273765,15648,15026,858,15884,199
2021-03-19,Shasta,89,179085,11169,11104,1370,12474,103
2021-03-19,Sierra,91,2930,52,49,14,63,0
2021-03-19,Siskiyou,93,43540,1544,1480,271,1751,5
2021-03-19,Solano,95,438530,30511,30395,401,30796,172
2021-03-19,Sonoma,97,501317,28831,28932,250,29182,292
2021-03-19,Stanislaus,99,539301,52149,51755,5754,57509,679
2021-03-19,Sutter,101,95872,9031,9005,85,9090,103
2021-03-19,Tehama,103,63373,4702,4685,528,5213,33
2021-03-19,Trinity,105,12862,352,310,56,366,3
2021-03-19,Tulare,107,460477,48465,47989,8924,56913,805
2021-03-19,Tuolumne,109,53932,3945,3946,34,3980,57
2021-03-19,Ventura,111,848112,79067,78753,2949,81702,920
2021-03-19,Yolo,113,214977,13233,13197,255,13452,189
2021-03-19,Yuba,115,75493,5647,5615,95,5710,42
2021-03-18,Alameda,1,1643700,82791,82419,1856,84275,1189
2021-03-18,Alpine,3,1148,84,82,0,82,0
2021-03-18,Amador,5,37829,3528,3513,34,3547,44
2021-03-18,Butte,7,227075,11510,11179,1728,12907,185
2021-03-18,Calaveras,9,45235,1975,1954,12,1966,49
2021-03-18,Colusa,11,21464,1881,1882,278,2160,12
2021-03-18,Contra Costa,13,1133247,64903,64103,1167,65270,739
2021-03-18,Del Norte,15,27424,1093,1059,0,1059,6
2021-03-18,El Dorado,17,186661,9288,9261,637,9898,105
2021-03-18,Fresno,19,978130,98224,97856,8397,106253,1527
2021-03-18,Glenn,21,27897,2305,2275,533,2808,17
2021-03-18,Humboldt,23,135768,3394,3381,24,3405,34
2021-03-18,Imperial,25,180216,27392,27190,2724,29914,695
2021-03-18,Inyo,27,18085,1362,1354,2,1356,35
2021-03-18,Kern,29,883053,94381,93458,10583,104041,1158
2021-03-18,Kings,31,150075,22498,22354,1105,23459,235
2021-03-18,Lake,33,64148,3312,3260,8,3268,43
2021-03-18,Lassen,35,31185,5122,5126,106,5232,1
2021-03-18,Los Angeles,37,10098052,1179937,1174205,42044,1216249,22689
2021-03-18,Madera,39,155013,15929,15860,894,16754,211
2021-03-18,Marin,41,260295,13492,13435,190,13625,219
2021-03-18,Mariposa,43,17540,387,380,5,385,5
2021-03-18,Mendocino,45,87422,3719,3630,71,3701,45
2021-03-18,Merced,47,269075,29414,29317,930,30247,410
2021-03-18,Modoc,49,8938,348,341,120,461,3
2021-03-18,Mono,51,14174,1202,1215,12,1227,3
2021-03-18,Monterey,53,433212,42231,42105,1806,43911,335
2021-03-18,Napa,55,140530,9273,9243,33,9276,77
2021-03-18,Nevada,57,99092,4197,4154,174,4328,74
2021-03-18,Orange,59,3164182,249206,248050,10882,258932,4514
2021-03-18,Placer,61,380077,21171,20421,1236,21657,243
2021-03-18,Plumas,63,18699,659,648,11,659,4
2021-03-18,Riverside,65,2383286,285651,281789,14309,296098,3957
2021-03-18,Sacramento,67,1510023,97222,95819,1405,97224,1481
2021-03-18,San Benito,69,59416,5830,5842,95,5937,61
2021-03-18,San Bernardino,71,2135413,287496,284294,8720,293014,4076
2021-03-18,San Diego,73,3302833,268484,266752,0,266752,3478
2021-03-18,San Francisco,75,870044,34838,34904,1250,36154,461
2021-03-18,San Joaquin,77,732212,68641,67301,3151,70452,1169
2021-03-18,San Luis Obispo,79,281455,20068,19894,634,20528,249
2021-03-18,San Mateo,81,765935,40329,39874,435,40309,344
2021-03-18,Santa Barbara,83,443738,33049,32640,1192,33832,434
2021-03-18,Santa Clara,85,1922200,112595,113119,648,113767,1808
2021-03-18,Santa Cruz,87,273765,15638,14998,858,15856,198
2021-03-18,Shasta,89,179085,11155,11059,1368,12427,100
2021-03-18,Sierra,91,2930,52,49,14,63,0
2021-03-18,Siskiyou,93,43540,1541,1480,270,1750,5
2021-03-18,Solano,95,438530,30469,30352,398,30750,172
2021-03-18,Sonoma,97,501317,28809,28915,248,29163,292
2021-03-18,Stanislaus,99,539301,52078,51615,5750,57365,682
2021-03-18,Sutter,101,95872,9019,8999,85,9084,103
2021-03-18,Tehama,103,63373,4696,4683,527,5210,35
2021-03-18,Trinity,105,12862,352,310,56,366,3
2021-03-18,Tulare,107,460477,48446,47964,8909,56873,805
2021-03-18,Tuolumne,109,53932,3945,3942,34,3976,57
2021-03-18,Ventura,111,848112,79011,78697,2949,81646,918
2021-03-18,Yolo,113,214977,13220,13183,255,13438,191
2021-03-18,Yuba,115,75493,5643,5612,95,5707,42
2021-03-17,Alameda,1,1643700,82716,82353,1851,84204,1185
2021-03-17,Alpine,3,1148,84,82,0,82,0
2021-03-17,Amador,5,37829,3526,3511,34,3545,44
2021-03-17,Butte,7,227075,11501,11170,1726,12896,185
2021-03-17,Calaveras,9,45235,1974,1946,12,1958,49
2021-03-17,Colusa,11,21464,1880,1882,278,2160,12
2021-03-17,Contra Costa,13,1133247,64833,64026,1166,65192,737
2021-03-17,Del Norte,15,27424,1089,1053,0,1053,6
2021-03-17,El Dorado,17,186661,9278,9252,637,9889,105
2021-03-17,Fresno,19,978130,98114,97727,8378,106105,1507
2021-03-17,Glenn,21,27897,2298,2269,532,2801,17
2021-03-17,Humboldt,23,135768,3386,3365,24,3389,33
2021-03-17,Imperial,25,180216,27375,27168,2722,29890,691
2021-03-17,Inyo,27,18085,1360,1351,2,1353,35
2021-03-17,Kern,29,883053,94325,93392,10570,103962,1149
2021-03-17,Kings,31,150075,22482,22336,1104,23440,233
2021-03-17,Lake,33,64148,3305,3251,8,3259,43
2021-03-17,Lassen,35,31185,5121,5125,106,5231,1
2021-03-17,Los Angeles,37,10098052,1179490,1173416,42010,1215426,22602
2021-03-17,Madera,39,155013,15922,15835,893,16728,214
2021-03-17,Marin,41,260295,13474,13428,189,13617,218
2021-03-17,Mariposa,43,17540,387,379,5,384,5
2021-03-17,Mendocino,45,87422,3715,3625,71,3696,44
2021-03-17,Merced,47,269075,29386,29250,926,30176,408
2021-03-17,Modoc,49,8938,348,341,120,461,3
2021-03-17,Mono,51,14174,1200,1212,12,1224,3
2021-03-17,Monterey,53,433212,42212,42061,1803,43864,334
2021-03-17,Napa,55,140530,9258,9219,33,9252,76
2021-03-17,Nevada,57,99092,4187,4145,174,4319,74
2021-03-17,Orange,59,3164182,249089,247943,10854,258797,4502
2021-03-17,Placer,61,380077,21144,20369,1234,21603,243
2021-03-17,Plumas,63,18699,658,645,11,656,4
2021-03-17,Riverside,65,2383286,285539,281649,14301,295950,3925
2021-03-17,Sacramento,67,1510023,97095,95650,1399,97049,1477
2021-03-17,San Benito,69,59416,5827,5841,95,5936,61
2021-03-17,San Bernardino,71,2135413,287380,284170,8715,292885,4049
2021-03-17,San Diego,73,3302833,268273,266313,0,266313,3470
2021-03-17,San Francisco,75,870044,34803,34873,1249,36122,457
2021-03-17,San Joaquin,77,732212,68559,67093,3135,70228,1164
2021-03-17,San Luis Obispo,79,281455,20045,19858,630,20488,249
2021-03-17,San Mateo,81,765935,40298,39838,434,40272,344
2021-03-17,Santa Barbara,83,443738,33029,32585,1191,33776,433
2021-03-17,Santa Clara,85,1922200,112502,112983,647,113630,1805
2021-03-17,Santa Cruz,87,273765,15630,14967,858,15825,199
2021-03-17,Shasta,89,179085,11150,11045,1365,12410,100
2021-03-17,Sierra,91,2930,52,49,14,63,0
2021-03-17,Siskiyou,93,43540,1540,1479,268,1747,5
2021-03-17,Solano,95,438530,30443,30320,396,30716,171
2021-03-17,Sonoma,97,501317,28785,28877,247,29124,292
2021-03-17,Stanislaus,99,539301,52005,51524,5743,57267,682
2021-03-17,Sutter,101,95872,9009,8982,85,9067,103
2021-03-17,Tehama,103,63373,4690,4670,527,5197,34
2021-03-17,Trinity,105,12862,352,308,56,364,3
2021-03-17,Tulare,107,460477,48426,47929,8899,56828,805
2021-03-17,Tuolumne,109,53932,3942,3938,34,3972,57
2021-03-17,Ventura,111,848112,78956,78648,2946,81594,916
2021-03-17,Yolo,113,214977,13205,13169,254,13423,190
2021-03-17,Yuba,115,75493,5640,5603,95,5698,42
2021-03-16,Alameda,1,1643700,82606,82259,1849,84108,1177
2021-03-16,Alpine,3,1148,84,82,0,82,0
2021-03-16,Amador,5,37829,3524,3510,34,3544,44
2021-03-16,Butte,7,227075,11489,11154,1725,12879,184
2021-03-16,Calaveras,9,45235,1969,1945,12,1957,49
2021-03-16,Colusa,11,21464,1879,1882,278,2160,12
2021-03-16,Contra Costa,13,1133247,64752,63951,1162,65113,736
2021-03-16,Del Norte,15,27424,1081,1048,0,1048,6
2021-03-16,El Dorado,17,186661,9261,9249,637,9886,105
2021-03-16,Fresno,19,978130,97982,97638,8354,105992,1498
2021-03-16,Glenn,21,27897,2290,2267,528,2795,17
2021-03-16,Humboldt,23,135768,3382,3351,24,3375,33
2021-03-16,Imperial,25,180216,27364,27143,2720,29863,689
2021-03-16,Inyo,27,18085,1359,1346,2,1348,35
2021-03-16,Kern,29,883053,94260,93340,10554,103894,1144
2021-03-16,Kings,31,150075,22448,22320,1103,23423,233
2021-03-16,Lake,33,64148,3297,3246,8,3254,43
2021-03-16,Lassen,35,31185,5120,5126,106,5232,1
2021-03-16,Los Angeles,37,10098052,1178964,1172676,41970,1214646,22527
2021-03-16,Madera,39,155013,15906,15822,891,16713,214
2021-03-16,Marin,41,260295,13456,13419,189,13608,218
2021-03-16,Mariposa,43,17540,384,379,5,384,5
2021-03-16,Mendocino,45,87422,3710,3623,71,3694,44
2021-03-16,Merced,47,269075,29333,29198,925,30123,407
2021-03-16,Modoc,49,8938,348,341,120,461,3
2021-03-16,Mono,51,14174,1199,1207,12,1219,3
2021-03-16,Monterey,53,433212,42193,42023,1803,43826,334
2021-03-16,Napa,55,140530,9248,9209,33,9242,75
2021-03-16,Nevada,57,99092,4178,4132,173,4305,67
2021-03-16,Orange,59,3164182,248956,247843,10834,258677,4479
2021-03-16,Placer,61,380077,21111,20339,1229,21568,240
2021-03-16,Plumas,63,18699,657,643,11,654,4
2021-03-16,Riverside,65,2383286,285435,281540,14289,295829,3893
2021-03-16,Sacramento,67,1510023,96960,95522,1396,96918,1466
2021-03-16,San Benito,69,59416,5822,5831,95,5926,61
2021-03-16,San Bernardino,71,2135413,287264,283980,8707,292687,4032
2021-03-16,San Diego,73,3302833,268042,265903,0,265903,3462
2021-03-16,San Francisco,75,870044,34774,34833,1244,36077,456
2021-03-16,San Joaquin,77,732212,68457,66856,3122,69978,1163
2021-03-16,San Luis Obispo,79,281455,20016,19832,628,20460,248
2021-03-16,San Mateo,81,765935,40264,39806,433,40239,344
2021-03-16,Santa Barbara,83,443738,32997,32556,1190,33746,433
2021-03-16,Santa Clara,85,1922200,112385,112845,644,113489,1797
2021-03-16,Santa Cruz,87,273765,15624,14926,858,15784,199
2021-03-16,Shasta,89,179085,11137,11035,1362,12397,100
2021-03-16,Sierra,91,2930,51,49,14,63,0
2021-03-16,Siskiyou,93,43540,1536,1477,268,1745,5
2021-03-16,Solano,95,438530,30409,30298,395,30693,171
2021-03-16,Sonoma,97,501317,28754,28850,245,29095,291
2021-03-16,Stanislaus,99,539301,51925,51410,5736,57146,683
2021-03-16,Sutter,101,95872,9001,8970,85,9055,102
2021-03-16,Tehama,103,63373,4686,4660,526,5186,34
2021-03-16,Trinity,105,12862,352,308,55,363,3
2021-03-16,Tulare,107,460477,48378,47895,8891,56786,803
2021-03-16,Tuolumne,109,53932,3939,3938,34,3972,57
2021-03-16,Ventura,111,848112,78889,78671,2939,81610,916
2021-03-16,Yolo,113,214977,13190,13162,254,13416,190
2021-03-16,Yuba,115,75493,5637,5596,94,5690,42
2021-03-15,Alameda,1,1643700,82519,82159,1849,84008,1167
2021-03-15,Alpine,3,1148,84,82,0,82,0
2021-03-15,Amador,5,37829,3523,3506,34,3540,44
2021-03-15,Butte,7,227075,11476,11141,1721,12862,185
2021-03-15,Calaveras,9,45235,1965,1941,12,1953,49
2021-03-15,Colusa,11,21464,1879,1883,278,2161,12
2021-03-15,Contra Costa,13,1133247,64692,63847,1161,65008,732
2021-03-15,Del Norte,15,27424,1078,1048,0,1048,6
2021-03-15,El Dorado,17,186661,9255,9235,636,9871,103
2021-03-15,Fresno,19,978130,97856,97520,8338,105858,1496
2021-03-15,Glenn,21,27897,2285,2261,525,2786,15
2021-03-15,Humboldt,23,135768,3376,3337,24,3361,32
2021-03-15,Imperial,25,180216,27343,27122,2718,29840,684
2021-03-15,Inyo,27,18085,1359,1346,2,1348,35
2021-03-15,Kern,29,883053,94200,93266,10547,103813,1141
2021-03-15,Kings,31,150075,22431,22294,1098,23392,233
2021-03-15,Lake,33,64148,3285,3237,8,3245,43
2021-03-15,Lassen,35,31185,5120,5125,106,5231,1
2021-03-15,Los Angeles,37,10098052,1178405,1172445,41929,1214374,22477
2021-03-15,Madera,39,155013,15895,15806,889,16695,214
2021-03-15,Marin,41,260295,13450,13408,188,13596,218
2021-03-15,Mariposa,43,17540,384,376,5,381,5
2021-03-15,Mendocino,45,87422,3706,3615,71,3686,44
2021-03-15,Merced,47,269075,29293,29169,924,30093,407
2021-03-15,Modoc,49,8938,348,340,120,460,3
2021-03-15,Mono,51,14174,1198,1206,12,1218,3
2021-03-15,Monterey,53,433212,42165,42011,1800,43811,333
2021-03-15,Napa,55,140530,9237,9196,33,9229,75
2021-03-15,Nevada,57,99092,4173,4123,172,4295,66
2021-03-15,Orange,59,3164182,248844,247697,10814,258511,4481
2021-03-15,Placer,61,380077,21088,20308,1229,21537,238
2021-03-15,Plumas,63,18699,657,642,11,653,4
2021-03-15,Riverside,65,2383286,285292,281367,14277,295644,3856
2021-03-15,Sacramento,67,1510023,96806,95414,1390,96804,1463
2021-03-15,San Benito,69,59416,5819,5831,95,5926,61
2021-03-15,San Bernardino,71,2135413,287168,283815,8699,292514,4004
2021-03-15,San Diego,73,3302833,267791,265646,0,265646,3452
2021-03-15,San Francisco,75,870044,34738,34820,1240,36060,456
2021-03-15,San Joaquin,77,732212,68353,66622,3109,69731,1140
2021-03-15,San Luis Obispo,79,281455,19986,19813,623,20436,247
2021-03-15,San Mateo,81,765935,40211,39765,433,40198,344
2021-03-15,Santa Barbara,83,443738,32975,32529,1187,33716,431
2021-03-15,Santa Clara,85,1922200,112284,112729,642,113371,1798
2021-03-15,Santa Cruz,87,273765,15618,14899,856,15755,200
2021-03-15,Shasta,89,179085,11121,11019,1357,12376,92
2021-03-15,Sierra,91,2930,51,49,14,63,0
2021-03-15,Siskiyou,93,43540,1536,1475,268,1743,5
2021-03-15,Solano,95,438530,30380,30258,394,30652,171
2021-03-15,Sonoma,97,501317,28736,28814,242,29056,285
2021-03-15,Stanislaus,99,539301,51848,51357,5729,57086,683
2021-03-15,Sutter,101,95872,8995,8962,85,9047,102
2021-03-15,Tehama,103,63373,4676,4650,525,5175,34
2021-03-15,Trinity,105,12862,352,308,55,363,3
2021-03-15,Tulare,107,460477,48348,47857,8876,56733,800
2021-03-15,Tuolumne,109,53932,3937,3937,33,3970,57
2021-03-15,Ventura,111,848112,78835,78626,2938,81564,910
2021-03-15,Yolo,113,214977,13171,13131,252,13383,190
2021-03-15,Yuba,115,75493,5632,5585,93,5678,42
2021-03-14,Alameda,1,1643700,82433,82116,1846,83962,1168
2021-03-14,Alpine,3,1148,84,82,0,82,0
2021-03-14,Amador,5,37829,3518,3504,34,3538,44
2021-03-14,Butte,7,227075,11463,11140,1717,12857,185
2021-03-14,Calaveras,9,45235,1961,1939,12,1951,49
2021-03-14,Colusa,11,21464,1879,1883,278,2161,12
2021-03-14,Contra Costa,13,1133247,64588,63808,1159,64967,731
2021-03-14,Del Norte,15,27424,1064,1048,0,1048,6
2021-03-14,El Dorado,17,186661,9245,9231,636,9867,103
2021-03-14,Fresno,19,978130,97749,97461,8319,105780,1496
2021-03-14,Glenn,21,27897,2280,2260,522,2782,15
2021-03-14,Humboldt,23,135768,3362,3335,24,3359,32
2021-03-14,Imperial,25,180216,27325,27122,2714,29836,685
2021-03-14,Inyo,27,18085,1355,1346,2,1348,35
2021-03-14,Kern,29,883053,94120,93252,10526,103778,1141
2021-03-14,Kings,31,150075,22413,22292,1095,23387,232
2021-03-14,Lake,33,64148,3280,3237,8,3245,43
2021-03-14,Lassen,35,31185,5118,5125,106,5231,1
2021-03-14,Los Angeles,37,10098052,1177838,1172100,41890,1213990,22476
2021-03-14,Madera,39,155013,15870,15804,889,16693,214
2021-03-14,Marin,41,260295,13434,13405,186,13591,218
2021-03-14,Mariposa,43,17540,382,376,5,381,5
2021-03-14,Mendocino,45,87422,3701,3613,71,3684,44
2021-03-14,Merced,47,269075,29225,29149,920,30069,407
2021-03-14,Modoc,49,8938,348,340,120,460,3
2021-03-14,Mono,51,14174,1192,1206,12,1218,3
2021-03-14,Monterey,53,433212,42143,42007,1796,43803,333
2021-03-14,Napa,55,140530,9219,9194,33,9227,75
2021-03-14,Nevada,57,99092,4167,4122,170,4292,66
2021-03-14,Orange,59,3164182,248709,247656,10792,258448,4460
2021-03-14,Placer,61,380077,21055,20288,1221,21509,238
2021-03-14,Plumas,63,18699,655,642,11,653,4
2021-03-14,Riverside,65,2383286,285140,281332,14268,295600,3845
2021-03-14,Sacramento,67,1510023,96630,95343,1385,96728,1462
2021-03-14,San Benito,69,59416,5810,5829,95,5924,61
2021-03-14,San Bernardino,71,2135413,287039,283791,8688,292479,3996
2021-03-14,San Diego,73,3302833,267556,265468,0,265468,3452
2021-03-14,San Francisco,75,870044,34700,34810,1236,36046,455
2021-03-14,San Joaquin,77,732212,68225,66563,3092,69655,1140
2021-03-14,San Luis Obispo,79,281455,19958,19806,621,20427,247
2021-03-14,San Mateo,81,765935,40172,39744,433,40177,342
2021-03-14,Santa Barbara,83,443738,32931,32514,1185,33699,431
2021-03-14,Santa Clara,85,1922200,112157,112648,641,113289,1796
2021-03-14,Santa Cruz,87,273765,15601,14887,854,15741,200
2021-03-14,Shasta,89,179085,11105,11019,1350,12369,92
2021-03-14,Sierra,91,2930,51,49,14,63,0
2021-03-14,Siskiyou,93,43540,1532,1473,267,1740,5
2021-03-14,Solano,95,438530,30348,30230,389,30619,171
2021-03-14,Sonoma,97,501317,28702,28798,238,29036,284
2021-03-14,Stanislaus,99,539301,51729,51306,5720,57026,690
2021-03-14,Sutter,101,95872,8979,8958,85,9043,102
2021-03-14,Tehama,103,63373,4664,4650,524,5174,34
2021-03-14,Trinity,105,12862,351,308,54,362,3
2021-03-14,Tulare,107,460477,48315,47845,8855,56700,800
2021-03-14,Tuolumne,109,53932,3935,3937,33,3970,57
2021-03-14,Ventura,111,848112,78782,78611,2932,81543,910
2021-03-14,Yolo,113,214977,13149,13128,248,13376,189
2021-03-14,Yuba,115,75493,5622,5583,93,5676,42
2021-03-13,Alameda,1,1643700,82373,82010,1846,83856,1168
2021-03-13,Alpine,3,1148,84,82,0,82,0
2021-03-13,Amador,5,37829,3515,3504,34,3538,44
2021-03-13,Butte,7,227075,11453,11131,1716,12847,185
2021-03-13,Calaveras,9,45235,1957,1939,12,1951,49
2021-03-13,Colusa,11,21464,1879,1882,278,2160,12
2021-03-13,Contra Costa,13,1133247,64528,63689,1159,64848,731
2021-03-13,Del Norte,15,27424,1060,1041,0,1041,6
2021-03-13,El Dorado,17,186661,9237,9221,636,9857,103
2021-03-13,Fresno,19,978130,97690,97324,8299,105623,1495
2021-03-13,Glenn,21,27897,2279,2260,521,2781,15
2021-03-13,Humboldt,23,135768,3355,3325,24,3349,32
2021-03-13,Imperial,25,180216,27320,27099,2709,29808,677
2021-03-13,Inyo,27,18085,1354,1344,2,1346,35
2021-03-13,Kern,29,883053,94081,93197,10519,103716,1140
2021-03-13,Kings,31,150075,22397,22265,1094,23359,232
2021-03-13,Lake,33,64148,3273,3234,7,3241,43
2021-03-13,Lassen,35,31185,5118,5125,106,5231,1
2021-03-13,Los Angeles,37,10098052,1177523,1171505,41846,1213351,22451
2021-03-13,Madera,39,155013,15858,15780,889,16669,214
2021-03-13,Marin,41,260295,13428,13391,184,13575,218
2021-03-13,Mariposa,43,17540,381,376,5,381,5
2021-03-13,Mendocino,45,87422,3697,3611,71,3682,44
2021-03-13,Merced,47,269075,29194,29106,920,30026,406
2021-03-13,Modoc,49,8938,348,340,119,459,3
2021-03-13,Mono,51,14174,1192,1207,12,1219,3
2021-03-13,Monterey,53,433212,42133,41989,1794,43783,332
2021-03-13,Napa,55,140530,9213,9190,33,9223,75
2021-03-13,Nevada,57,99092,4160,4111,169,4280,66
2021-03-13,Orange,59,3164182,248629,247514,10776,258290,4423
2021-03-13,Placer,61,380077,21035,20238,1218,21456,239
2021-03-13,Plumas,63,18699,653,642,11,653,4
2021-03-13,Riverside,65,2383286,285053,281191,14260,295451,3848
2021-03-13,Sacramento,67,1510023,96544,95192,1383,96575,1461
2021-03-13,San Benito,69,59416,5807,5823,95,5918,61
2021-03-13,San Bernardino,71,2135413,286989,283727,8682,292409,3972
2021-03-13,San Diego,73,3302833,267401,265270,0,265270,3444
2021-03-13,San Francisco,75,870044,34683,34784,1227,36011,455
2021-03-13,San Joaquin,77,732212,68169,66480,3070,69550,1141
2021-03-13,San Luis Obispo,79,281455,19940,19789,620,20409,247
2021-03-13,San Mateo,81,765935,40145,39689,432,40121,341
2021-03-13,Santa Barbara,83,443738,32906,32486,1184,33670,431
2021-03-13,Santa Clara,85,1922200,112072,112531,640,113171,1790
2021-03-13,Santa Cruz,87,273765,15594,14875,854,15729,199
2021-03-13,Shasta,89,179085,11097,11021,1347,12368,108
2021-03-13,Sierra,91,2930,50,49,14,63,0
2021-03-13,Siskiyou,93,43540,1531,1470,267,1737,5
2021-03-13,Solano,95,438530,30331,30198,389,30587,171
2021-03-13,Sonoma,97,501317,28682,28762,234,28996,285
2021-03-13,Stanislaus,99,539301,51679,51257,5715,56972,695
2021-03-13,Sutter,101,95872,8972,8948,85,9033,102
2021-03-13,Tehama,103,63373,4662,4647,524,5171,33
2021-03-13,Trinity,105,12862,351,306,54,360,3
2021-03-13,Tulare,107,460477,48290,47818,8846,56664,798
2021-03-13,Tuolumne,109,53932,3932,3937,33,3970,57
2021-03-13,Ventura,111,848112,78733,78693,2932,81625,906
2021-03-13,Yolo,113,214977,13141,13087,247,13334,189
2021-03-13,Yuba,115,75493,5621,5577,93,5670,42
2021-03-12,Alameda,1,1643700,82295,81898,1845,83743,1164
2021-03-12,Alpine,3,1148,84,82,0,82,0
2021-03-12,Amador,5,37829,3512,3503,34,3537,44
2021-03-12,Butte,7,227075,11443,11126,1714,12840,184
2021-03-12,Calaveras,9,45235,1955,1916,12,1928,49
2021-03-12,Colusa,11,21464,1879,1883,278,2161,12
2021-03-12,Contra Costa,13,1133247,64453,63583,1158,64741,728
2021-03-12,Del Norte,15,27424,1054,1033,0,1033,6
2021-03-12,El Dorado,17,186661,9228,9219,636,9855,103
2021-03-12,Fresno,19,978130,97596,97185,8287,105472,1489
2021-03-12,Glenn,21,27897,2278,2258,520,2778,15
2021-03-12,Humboldt,23,135768,3350,3315,24,3339,32
2021-03-12,Imperial,25,180216,27309,27071,2707,29778,677
2021-03-12,Inyo,27,18085,1352,1339,2,1341,35
2021-03-12,Kern,29,883053,94046,93142,10503,103645,1132
2021-03-12,Kings,31,150075,22378,22233,1094,23327,232
2021-03-12,Lake,33,64148,3267,3226,6,3232,43
2021-03-12,Lassen,35,31185,5118,5125,105,5230,1
2021-03-12,Los Angeles,37,10098052,1177127,1170860,41829,1212689,22409
2021-03-12,Madera,39,155013,15846,15761,886,16647,214
2021-03-12,Marin,41,260295,13421,13375,184,13559,218
2021-03-12,Mariposa,43,17540,379,376,5,381,5
2021-03-12,Mendocino,45,87422,3694,3605,71,3676,43
2021-03-12,Merced,47,269075,29163,29064,920,29984,403
2021-03-12,Modoc,49,8938,348,340,119,459,3
2021-03-12,Mono,51,14174,1191,1206,12,1218,3
2021-03-12,Monterey,53,433212,42119,41964,1789,43753,329
2021-03-12,Napa,55,140530,9204,9180,33,9213,75
2021-03-12,Nevada,57,99092,4149,4101,169,4270,66
2021-03-12,Orange,59,3164182,248538,247388,10765,258153,4401
2021-03-12,Placer,61,380077,21002,20210,1213,21423,239
2021-03-12,Plumas,63,18699,652,641,11,652,4
2021-03-12,Riverside,65,2383286,284955,281037,14252,295289,3854
2021-03-12,Sacramento,67,1510023,96421,95061,1376,96437,1460
2021-03-12,San Benito,69,59416,5804,5817,95,5912,61
2021-03-12,San Bernardino,71,2135413,286936,283558,8677,292235,3917
2021-03-12,San Diego,73,3302833,267238,264886,0,264886,3434
2021-03-12,San Francisco,75,870044,34662,34758,1224,35982,452
2021-03-12,San Joaquin,77,732212,68099,66482,3060,69542,1144
2021-03-12,San Luis Obispo,79,281455,19926,19769,618,20387,247
2021-03-12,San Mateo,81,765935,40109,39638,430,40068,341
2021-03-12,Santa Barbara,83,443738,32883,32457,1181,33638,429
2021-03-12,Santa Clara,85,1922200,111978,112396,639,113035,1766
2021-03-12,Santa Cruz,87,273765,15582,14846,852,15698,195
2021-03-12,Shasta,89,179085,11089,11143,1345,12488,153
2021-03-12,Sierra,91,2930,50,49,14,63,0
2021-03-12,Siskiyou,93,43540,1531,1468,266,1734,5
2021-03-12,Solano,95,438530,30312,30180,388,30568,171
2021-03-12,Sonoma,97,501317,28655,28714,234,28948,285
2021-03-12,Stanislaus,99,539301,51620,51146,5708,56854,701
2021-03-12,Sutter,101,95872,8966,8940,85,9025,101
2021-03-12,Tehama,103,63373,4658,4638,523,5161,33
2021-03-12,Trinity,105,12862,350,306,53,359,3
2021-03-12,Tulare,107,460477,48266,47772,8839,56611,798
2021-03-12,Tuolumne,109,53932,3931,3936,33,3969,57
2021-03-12,Ventura,111,848112,78691,78698,2928,81626,899
2021-03-12,Yolo,113,214977,13131,13061,240,13301,189
2021-03-12,Yuba,115,75493,5614,5563,92,5655,42
2021-03-11,Alameda,1,1643700,82203,81809,1840,83649,1164
2021-03-11,Alpine,3,1148,84,78,0,78,0
2021-03-11,Amador,5,37829,3511,3498,34,3532,42
2021-03-11,Butte,7,227075,11432,11110,1712,12822,185
2021-03-11,Calaveras,9,45235,1952,1915,12,1927,49
2021-03-11,Colusa,11,21464,1879,1883,278,2161,12
2021-03-11,Contra Costa,13,1133247,64380,63469,1156,64625,728
2021-03-11,Del Norte,15,27424,1049,1027,0,1027,6
2021-03-11,El Dorado,17,186661,9214,9211,636,9847,101
2021-03-11,Fresno,19,978130,97481,97026,8259,105285,1481
2021-03-11,Glenn,21,27897,2275,2255,520,2775,15
2021-03-11,Humboldt,23,135768,3333,3302,24,3326,32
2021-03-11,Imperial,25,180216,27302,27045,2703,29748,675
2021-03-11,Inyo,27,18085,1347,1335,2,1337,35
2021-03-11,Kern,29,883053,93991,93052,10464,103516,1121
2021-03-11,Kings,31,150075,22363,22183,1091,23274,230
2021-03-11,Lake,33,64148,3263,3214,6,3220,42
2021-03-11,Lassen,35,31185,5117,5124,105,5229,1
2021-03-11,Los Angeles,37,10098052,1176598,1170111,41795,1211906,22316
2021-03-11,Madera,39,155013,15835,15725,885,16610,214
2021-03-11,Marin,41,260295,13409,13356,183,13539,217
2021-03-11,Mariposa,43,17540,379,376,5,381,5
2021-03-11,Mendocino,45,87422,3687,3604,71,3675,42
2021-03-11,Merced,47,269075,29114,29001,919,29920,401
2021-03-11,Modoc,49,8938,348,340,119,459,3
2021-03-11,Mono,51,14174,1190,1206,12,1218,3
2021-03-11,Monterey,53,433212,42096,41936,1783,43719,329
2021-03-11,Napa,55,140530,9191,9173,33,9206,75
2021-03-11,Nevada,57,99092,4137,4085,167,4252,66
2021-03-11,Orange,59,3164182,248400,247217,10749,257966,4373
2021-03-11,Placer,61,380077,20958,20178,1209,21387,239
2021-03-11,Plumas,63,18699,651,640,11,651,4
2021-03-11,Riverside,65,2383286,284791,280881,14239,295120,3842
2021-03-11,Sacramento,67,1510023,96281,94912,1373,96285,1455
2021-03-11,San Benito,69,59416,5801,5816,95,5911,61
2021-03-11,San Bernardino,71,2135413,286842,283312,8671,291983,3869
2021-03-11,San Diego,73,3302833,267074,264524,0,264524,3422
2021-03-11,San Francisco,75,870044,34626,34722,1218,35940,452
2021-03-11,San Joaquin,77,732212,67987,66522,3052,69574,1157
2021-03-11,San Luis Obispo,79,281455,19901,19748,617,20365,247
2021-03-11,San Mateo,81,765935,40071,39590,429,40019,341
2021-03-11,Santa Barbara,83,443738,32857,32408,1178,33586,430
2021-03-11,Santa Clara,85,1922200,111848,112246,636,112882,1765
2021-03-11,Santa Cruz,87,273765,15570,14812,851,15663,193
2021-03-11,Shasta,89,179085,11079,11139,1340,12479,158
2021-03-11,Sierra,91,2930,50,48,14,62,0
2021-03-11,Siskiyou,93,43540,1528,1466,266,1732,5
2021-03-11,Solano,95,438530,30285,30138,387,30525,171
2021-03-11,Sonoma,97,501317,28625,28677,234,28911,285
2021-03-11,Stanislaus,99,539301,51536,51038,5700,56738,707
2021-03-11,Sutter,101,95872,8960,8933,85,9018,101
2021-03-11,Tehama,103,63373,4649,4632,522,5154,33
2021-03-11,Trinity,105,12862,349,304,52,356,3
2021-03-11,Tulare,107,460477,48230,47709,8827,56536,797
2021-03-11,Tuolumne,109,53932,3929,3934,33,3967,57
2021-03-11,Ventura,111,848112,78641,78697,2924,81621,889
2021-03-11,Yolo,113,214977,13113,13041,238,13279,190
2021-03-11,Yuba,115,75493,5610,5553,92,5645,42
2021-03-10,Alameda,1,1643700,82095,81701,1834,83535,1160
2021-03-10,Alpine,3,1148,83,78,0,78,0
2021-03-10,Amador,5,37829,3509,3496,34,3530,42
2021-03-10,Butte,7,227075,11422,11096,1712,12808,185
2021-03-10,Calaveras,9,45235,1948,1913,12,1925,48
2021-03-10,Colusa,11,21464,1879,1882,278,2160,12
2021-03-10,Contra Costa,13,1133247,64282,63372,1152,64524,725
2021-03-10,Del Norte,15,27424,1047,1020,0,1020,5
2021-03-10,El Dorado,17,186661,9202,9203,636,9839,100
2021-03-10,Fresno,19,978130,97376,96866,8242,105108,1471
2021-03-10,Glenn,21,27897,2272,2253,518,2771,15
2021-03-10,Humboldt,23,135768,3323,3296,23,3319,32
2021-03-10,Imperial,25,180216,27287,27051,2703,29754,675
2021-03-10,Inyo,27,18085,1347,1328,2,1330,35
2021-03-10,Kern,29,883053,93925,92965,10441,103406,1102
2021-03-10,Kings,31,150075,22344,22166,1089,23255,226
2021-03-10,Lake,33,64148,3253,3207,6,3213,42
2021-03-10,Lassen,35,31185,5117,5120,105,5225,1
2021-03-10,Los Angeles,37,10098052,1176054,1169079,41765,1210844,22199
2021-03-10,Madera,39,155013,15814,15705,882,16587,212
2021-03-10,Marin,41,260295,13399,13348,182,13530,216
2021-03-10,Mariposa,43,17540,379,376,5,381,5
2021-03-10,Mendocino,45,87422,3682,3602,71,3673,42
2021-03-10,Merced,47,269075,29077,28927,917,29844,401
2021-03-10,Modoc,49,8938,347,338,119,457,3
2021-03-10,Mono,51,14174,1187,1204,12,1216,3
2021-03-10,Monterey,53,433212,42074,41920,1779,43699,329
2021-03-10,Napa,55,140530,9182,9165,33,9198,75
2021-03-10,Nevada,57,99092,4133,4074,167,4241,66
2021-03-10,Orange,59,3164182,248256,247075,10729,257804,4342
2021-03-10,Placer,61,380077,20923,20144,1203,21347,239
2021-03-10,Plumas,63,18699,650,639,11,650,4
2021-03-10,Riverside,65,2383286,284654,280708,14225,294933,3822
2021-03-10,Sacramento,67,1510023,96151,94796,1367,96163,1452
2021-03-10,San Benito,69,59416,5792,5811,95,5906,61
2021-03-10,San Bernardino,71,2135413,286745,283140,8664,291804,3841
2021-03-10,San Diego,73,3302833,266853,264094,0,264094,3413
2021-03-10,San Francisco,75,870044,34592,34688,1209,35897,450
2021-03-10,San Joaquin,77,732212,67886,66483,3034,69517,1156
2021-03-10,San Luis Obispo,79,281455,19877,19710,613,20323,247
2021-03-10,San Mateo,81,765935,40046,39571,429,40000,338
2021-03-10,Santa Barbara,83,443738,32830,32356,1175,33531,429
2021-03-10,Santa Clara,85,1922200,111742,112103,632,112735,1759
2021-03-10,Santa Cruz,87,273765,15555,14790,850,15640,192
2021-03-10,Shasta,89,179085,11069,11125,1337,12462,155
2021-03-10,Sierra,91,2930,50,48,14,62,0
2021-03-10,Siskiyou,93,43540,1526,1458,266,1724,5
2021-03-10,Solano,95,438530,30255,30111,386,30497,170
2021-03-10,Sonoma,97,501317,28590,28638,233,28871,286
2021-03-10,Stanislaus,99,539301,51447,50968,5686,56654,706
2021-03-10,Sutter,101,95872,8949,8918,85,9003,101
2021-03-10,Tehama,103,63373,4639,4623,522,5145,33
2021-03-10,Trinity,105,12862,349,304,52,356,3
2021-03-10,Tulare,107,460477,48182,47659,8808,56467,793
2021-03-10,Tuolumne,109,53932,3928,3931,33,3964,57
2021-03-10,Ventura,111,848112,78564,78609,2922,81531,878
2021-03-10,Yolo,113,214977,13090,13021,237,13258,189
2021-03-10,Yuba,115,75493,5596,5545,91,5636,42
2021-03-09,Alameda,1,1643700,82009,81618,1834,83452,1151
2021-03-09,Alpine,3,1148,83,78,0,78,0
2021-03-09,Amador,5,37829,3507,3494,34,3528,42
2021-03-09,Butte,7,227075,11409,11092,1710,12802,185
2021-03-09,Calaveras,9,45235,1946,1913,12,1925,48
2021-03-09,Colusa,11,21464,1879,1880,278,2158,11
2021-03-09,Contra Costa,13,1133247,64189,63314,1150,64464,723
2021-03-09,Del Norte,15,27424,1039,1017,0,1017,5
2021-03-09,El Dorado,17,186661,9195,9198,636,9834,98
2021-03-09,Fresno,19,978130,97257,96744,8216,104960,1463
2021-03-09,Glenn,21,27897,2268,2251,516,2767,15
2021-03-09,Humboldt,23,135768,3312,3288,22,3310,32
2021-03-09,Imperial,25,180216,27278,27045,2699,29744,675
2021-03-09,Inyo,27,18085,1345,1324,2,1326,35
2021-03-09,Kern,29,883053,93846,92924,10423,103347,1088
2021-03-09,Kings,31,150075,22319,22143,1087,23230,226
2021-03-09,Lake,33,64148,3247,3202,6,3208,42
2021-03-09,Lassen,35,31185,5117,5120,105,5225,1
2021-03-09,Los Angeles,37,10098052,1175459,1167967,41729,1209696,22080
2021-03-09,Madera,39,155013,15803,15701,879,16580,211
2021-03-09,Marin,41,260295,13381,13335,180,13515,214
2021-03-09,Mariposa,43,17540,379,376,5,381,5
2021-03-09,Mendocino,45,87422,3678,3595,71,3666,42
2021-03-09,Merced,47,269075,29016,28876,916,29792,399
2021-03-09,Modoc,49,8938,347,338,118,456,3
2021-03-09,Mono,51,14174,1186,1203,12,1215,3
2021-03-09,Monterey,53,433212,42057,41894,1770,43664,329
2021-03-09,Napa,55,140530,9168,9155,33,9188,75
2021-03-09,Nevada,57,99092,4125,4062,167,4229,66
2021-03-09,Orange,59,3164182,248114,246989,10708,257697,4310
2021-03-09,Placer,61,380077,20880,20122,1199,21321,239
2021-03-09,Plumas,63,18699,647,639,11,650,4
2021-03-09,Riverside,65,2383286,284526,280562,14219,294781,3821
2021-03-09,Sacramento,67,1510023,95983,94720,1361,96081,1442
2021-03-09,San Benito,69,59416,5788,5800,95,5895,61
2021-03-09,San Bernardino,71,2135413,286627,282971,8657,291628,3823
2021-03-09,San Diego,73,3302833,266620,263745,0,263745,3405
2021-03-09,San Francisco,75,870044,34562,34654,1205,35859,450
2021-03-09,San Joaquin,77,732212,67758,66383,3024,69407,1150
2021-03-09,San Luis Obispo,79,281455,19859,19672,606,20278,245
2021-03-09,San Mateo,81,765935,39998,39535,427,39962,336
2021-03-09,Santa Barbara,83,443738,32789,32314,1173,33487,428
2021-03-09,Santa Clara,85,1922200,111631,111963,627,112590,1756
2021-03-09,Santa Cruz,87,273765,15534,14764,848,15612,188
2021-03-09,Shasta,89,179085,11063,11113,1331,12444,155
2021-03-09,Sierra,91,2930,50,48,14,62,0
2021-03-09,Siskiyou,93,43540,1522,1447,264,1711,5
2021-03-09,Solano,95,438530,30219,30090,384,30474,169
2021-03-09,Sonoma,97,501317,28540,28601,230,28831,284
2021-03-09,Stanislaus,99,539301,51353,50884,5677,56561,703
2021-03-09,Sutter,101,95872,8936,8914,85,8999,101
2021-03-09,Tehama,103,63373,4631,4620,521,5141,33
2021-03-09,Trinity,105,12862,349,304,52,356,3
2021-03-09,Tulare,107,460477,48156,47637,8785,56422,792
2021-03-09,Tuolumne,109,53932,3926,3929,33,3962,56
2021-03-09,Ventura,111,848112,78495,78526,2920,81446,863
2021-03-09,Yolo,113,214977,13079,13015,236,13251,189
2021-03-09,Yuba,115,75493,5589,5539,91,5630,42
2021-03-08,Alameda,1,1643700,81895,81543,1833,83376,1142
2021-03-08,Alpine,3,1148,83,78,0,78,0
2021-03-08,Amador,5,37829,3504,3490,34,3524,42
2021-03-08,Butte,7,227075,11394,11082,1709,12791,185
2021-03-08,Calaveras,9,45235,1945,1909,12,1921,48
2021-03-08,Colusa,11,21464,1879,1877,278,2155,11
2021-03-08,Contra Costa,13,1133247,64096,63240,1150,64390,719
2021-03-08,Del Norte,15,27424,1034,1012,0,1012,5
2021-03-08,El Dorado,17,186661,9192,9188,635,9823,97
2021-03-08,Fresno,19,978130,97162,96665,8192,104857,1442
2021-03-08,Glenn,21,27897,2267,2249,516,2765,15
2021-03-08,Humboldt,23,135768,3298,3278,22,3300,31
2021-03-08,Imperial,25,180216,27271,27033,2696,29729,663
2021-03-08,Inyo,27,18085,1343,1320,2,1322,35
2021-03-08,Kern,29,883053,93779,92857,10402,103259,1087
2021-03-08,Kings,31,150075,22299,22130,1084,23214,226
2021-03-08,Lake,33,64148,3235,3195,6,3201,42
2021-03-08,Lassen,35,31185,5117,5119,105,5224,1
2021-03-08,Los Angeles,37,10098052,1174847,1163409,41695,1205104,21868
2021-03-08,Madera,39,155013,15793,15691,877,16568,211
2021-03-08,Marin,41,260295,13361,13328,178,13506,214
2021-03-08,Mariposa,43,17540,379,376,5,381,5
2021-03-08,Mendocino,45,87422,3676,3590,70,3660,42
2021-03-08,Merced,47,269075,28955,28841,915,29756,398
2021-03-08,Modoc,49,8938,347,338,118,456,3
2021-03-08,Mono,51,14174,1185,1200,12,1212,3
2021-03-08,Monterey,53,433212,42036,41863,1769,43632,328
2021-03-08,Napa,55,140530,9165,9146,33,9179,75
2021-03-08,Nevada,57,99092,4117,4059,167,4226,66
2021-03-08,Orange,59,3164182,247943,246900,10676,257576,4243
2021-03-08,Placer,61,380077,20847,20102,1188,21290,239
2021-03-08,Plumas,63,18699,646,635,11,646,4
2021-03-08,Riverside,65,2383286,284388,280463,14210,294673,3783
2021-03-08,Sacramento,67,1510023,95811,94654,1356,96010,1438
2021-03-08,San Benito,69,59416,5785,5797,95,5892,61
2021-03-08,San Bernardino,71,2135413,286521,282894,8649,291543,3811
2021-03-08,San Diego,73,3302833,266379,263272,0,263272,3390
2021-03-08,San Francisco,75,870044,34535,34634,1201,35835,446
2021-03-08,San Joaquin,77,732212,67643,66307,3015,69322,1139
2021-03-08,San Luis Obispo,79,281455,19819,19656,602,20258,245
2021-03-08,San Mateo,81,765935,39951,39492,425,39917,335
2021-03-08,Santa Barbara,83,443738,32757,32293,1173,33466,427
2021-03-08,Santa Clara,85,1922200,111505,111882,625,112507,1756
2021-03-08,Santa Cruz,87,273765,15514,14729,848,15577,188
2021-03-08,Shasta,89,179085,11055,11088,1326,12414,155
2021-03-08,Sierra,91,2930,50,48,14,62,0
2021-03-08,Siskiyou,93,43540,1521,1440,264,1704,5
2021-03-08,Solano,95,438530,30179,30068,382,30450,169
2021-03-08,Sonoma,97,501317,28496,28571,229,28800,284
2021-03-08,Stanislaus,99,539301,51273,50825,5672,56497,690
2021-03-08,Sutter,101,95872,8933,8905,85,8990,100
2021-03-08,Tehama,103,63373,4628,4615,520,5135,33
2021-03-08,Trinity,105,12862,348,302,52,354,3
2021-03-08,Tulare,107,460477,48118,47587,8758,56345,791
2021-03-08,Tuolumne,109,53932,3925,3921,33,3954,56
2021-03-08,Ventura,111,848112,78424,78526,2912,81438,852
2021-03-08,Yolo,113,214977,13056,13000,235,13235,189
2021-03-08,Yuba,115,75493,5579,5530,91,5621,42
2021-03-07,Alameda,1,1643700,81776,81413,1832,83245,1145
2021-03-07,Alpine,3,1148,83,78,0,78,0
2021-03-07,Amador,5,37829,3501,3489,34,3523,42
2021-03-07,Butte,7,227075,11379,11075,1708,12783,185
2021-03-07,Calaveras,9,45235,1944,1906,12,1918,48
2021-03-07,Colusa,11,21464,1878,1876,278,2154,11
2021-03-07,Contra Costa,13,1133247,63999,63148,1147,64295,719
2021-03-07,Del Norte,15,27424,1029,1010,0,1010,5
2021-03-07,El Dorado,17,186661,9190,9184,634,9818,97
2021-03-07,Fresno,19,978130,96988,96549,8167,104716,1442
2021-03-07,Glenn,21,27897,2265,2244,516,2760,15
2021-03-07,Humboldt,23,135768,3288,3274,22,3296,31
2021-03-07,Imperial,25,180216,27262,27019,2694,29713,658
2021-03-07,Inyo,27,18085,1340,1320,2,1322,35
2021-03-07,Kern,29,883053,93693,92746,10370,103116,1086
2021-03-07,Kings,31,150075,22279,22103,1082,23185,224
2021-03-07,Lake,33,64148,3229,3192,6,3198,42
2021-03-07,Lassen,35,31185,5116,5119,105,5224,1
2021-03-07,Los Angeles,37,10098052,1174127,1162749,41655,1204404,21857
2021-03-07,Madera,39,155013,15774,15675,877,16552,211
2021-03-07,Marin,41,260295,13353,13313,176,13489,214
2021-03-07,Mariposa,43,17540,378,376,5,381,5
2021-03-07,Mendocino,45,87422,3673,3581,70,3651,42
2021-03-07,Merced,47,269075,28883,28829,911,29740,399
2021-03-07,Modoc,49,8938,347,338,118,456,3
2021-03-07,Mono,51,14174,1183,1199,12,1211,3
2021-03-07,Monterey,53,433212,42015,41858,1766,43624,328
2021-03-07,Napa,55,140530,9155,9137,33,9170,75
2021-03-07,Nevada,57,99092,4103,4052,166,4218,66
2021-03-07,Orange,59,3164182,247754,246771,10649,257420,4218
2021-03-07,Placer,61,380077,20809,20070,1184,21254,239
2021-03-07,Plumas,63,18699,645,635,11,646,4
2021-03-07,Riverside,65,2383286,284244,280379,14200,294579,3779
2021-03-07,Sacramento,67,1510023,95634,94513,1348,95861,1437
2021-03-07,San Benito,69,59416,5778,5795,95,5890,61
2021-03-07,San Bernardino,71,2135413,286356,282860,8643,291503,3810
2021-03-07,San Diego,73,3302833,266097,262965,0,262965,3390
2021-03-07,San Francisco,75,870044,34501,34594,1196,35790,445
2021-03-07,San Joaquin,77,732212,67509,66252,3001,69253,1139
2021-03-07,San Luis Obispo,79,281455,19781,19614,600,20214,245
2021-03-07,San Mateo,81,765935,39912,39436,422,39858,329
2021-03-07,Santa Barbara,83,443738,32710,32218,1172,33390,425
2021-03-07,Santa Clara,85,1922200,111358,111745,621,112366,1752
2021-03-07,Santa Cruz,87,273765,15492,14715,847,15562,189
2021-03-07,Shasta,89,179085,11042,11083,1318,12401,156
2021-03-07,Sierra,91,2930,49,48,14,62,0
2021-03-07,Siskiyou,93,43540,1518,1435,260,1695,5
2021-03-07,Solano,95,438530,30143,30027,382,30409,169
2021-03-07,Sonoma,97,501317,28445,28533,227,28760,284
2021-03-07,Stanislaus,99,539301,51141,50783,5654,56437,699
2021-03-07,Sutter,101,95872,8923,8900,85,8985,100
2021-03-07,Tehama,103,63373,4618,4614,517,5131,33
2021-03-07,Trinity,105,12862,348,302,52,354,3
2021-03-07,Tulare,107,460477,48061,47569,8725,56294,790
2021-03-07,Tuolumne,109,53932,3924,3922,33,3955,56
2021-03-07,Ventura,111,848112,78326,78487,2908,81395,851
2021-03-07,Yolo,113,214977,13037,12988,235,13223,189
2021-03-07,Yuba,115,75493,5575,5516,91,5607,42
2021-03-06,Alameda,1,1643700,81723,81310,1831,83141,1143
2021-03-06,Alpine,3,1148,83,78,0,78,0
2021-03-06,Amador,5,37829,3497,3487,34,3521,42
2021-03-06,Butte,7,227075,11375,11065,1707,12772,185
2021-03-06,Calaveras,9,45235,1940,1904,12,1916,48
2021-03-06,Colusa,11,21464,1876,1874,278,2152,11
2021-03-06,Contra Costa,13,1133247,63939,63040,1143,64183,719
2021-03-06,Del Norte,15,27424,1024,1000,0,1000,5
2021-03-06,El Dorado,17,186661,9186,9166,634,9800,97
2021-03-06,Fresno,19,978130,96897,96366,8152,104518,1440
2021-03-06,Glenn,21,27897,2265,2241,516,2757,15
2021-03-06,Humboldt,23,135768,3278,3260,22,3282,31
2021-03-06,Imperial,25,180216,27258,27009,2689,29698,658
2021-03-06,Inyo,27,18085,1337,1312,2,1314,35
2021-03-06,Kern,29,883053,93647,92684,10349,103033,1082
2021-03-06,Kings,31,150075,22262,22094,1082,23176,224
2021-03-06,Lake,33,64148,3227,3189,6,3195,42
2021-03-06,Lassen,35,31185,5116,5119,105,5224,1
2021-03-06,Los Angeles,37,10098052,1173694,1161745,41623,1203368,21843
2021-03-06,Madera,39,155013,15765,15646,875,16521,211
2021-03-06,Marin,41,260295,13344,13289,176,13465,213
2021-03-06,Mariposa,43,17540,378,376,5,381,5
2021-03-06,Mendocino,45,87422,3671,3579,70,3649,42
2021-03-06,Merced,47,269075,28841,28771,911,29682,399
2021-03-06,Modoc,49,8938,346,338,118,456,3
2021-03-06,Mono,51,14174,1182,1198,12,1210,3
2021-03-06,Monterey,53,433212,42010,41838,1763,43601,327
2021-03-06,Napa,55,140530,9147,9129,33,9162,75
2021-03-06,Nevada,57,99092,4097,4044,166,4210,66
2021-03-06,Orange,59,3164182,247663,246634,10635,257269,4165
2021-03-06,Placer,61,380077,20786,20030,1182,21212,239
2021-03-06,Plumas,63,18699,645,634,11,645,4
2021-03-06,Riverside,65,2383286,284153,280225,14191,294416,3781
2021-03-06,Sacramento,67,1510023,95546,94332,1339,95671,1436
2021-03-06,San Benito,69,59416,5773,5793,95,5888,61
2021-03-06,San Bernardino,71,2135413,286283,282737,8641,291378,3791
2021-03-06,San Diego,73,3302833,265910,262778,0,262778,3385
2021-03-06,San Francisco,75,870044,34471,34560,1191,35751,435
2021-03-06,San Joaquin,77,732212,67435,66162,2990,69152,1138
2021-03-06,San Luis Obispo,79,281455,19762,19592,597,20189,245
2021-03-06,San Mateo,81,765935,39889,39384,422,39806,329
2021-03-06,Santa Barbara,83,443738,32679,32176,1171,33347,424
2021-03-06,Santa Clara,85,1922200,111263,111570,619,112189,1749
2021-03-06,Santa Cruz,87,273765,15481,14701,847,15548,188
2021-03-06,Shasta,89,179085,11033,11076,1316,12392,158
2021-03-06,Sierra,91,2930,49,48,14,62,0
2021-03-06,Siskiyou,93,43540,1516,1432,260,1692,5
2021-03-06,Solano,95,438530,30114,30000,381,30381,169
2021-03-06,Sonoma,97,501317,28423,28484,225,28709,284
2021-03-06,Stanislaus,99,539301,51072,50691,5647,56338,711
2021-03-06,Sutter,101,95872,8917,8887,85,8972,100
2021-03-06,Tehama,103,63373,4618,4610,515,5125,33
2021-03-06,Trinity,105,12862,348,302,52,354,3
2021-03-06,Tulare,107,460477,48030,47515,8695,56210,789
2021-03-06,Tuolumne,109,53932,3922,3920,33,3953,56
2021-03-06,Ventura,111,848112,78271,78439,2907,81346,848
2021-03-06,Yolo,113,214977,13031,12951,235,13186,189
2021-03-06,Yuba,115,75493,5566,5504,91,5595,42
2021-03-05,Alameda,1,1643700,81637,81215,1829,83044,1141
2021-03-05,Alpine,3,1148,83,78,0,78,0
2021-03-05,Amador,5,37829,3496,3484,34,3518,42
2021-03-05,Butte,7,227075,11364,11050,1706,12756,185
2021-03-05,Calaveras,9,45235,1936,1902,12,1914,48
2021-03-05,Colusa,11,21464,1876,1874,278,2152,11
2021-03-05,Contra Costa,13,1133247,63859,62886,1140,64026,711
2021-03-05,Del Norte,15,27424,1020,995,0,995,5
2021-03-05,El Dorado,17,186661,9181,9150,633,9783,97
2021-03-05,Fresno,19,978130,96791,96184,8131,104315,1432
2021-03-05,Glenn,21,27897,2260,2241,516,2757,15
2021-03-05,Humboldt,23,135768,3271,3234,22,3256,31
2021-03-05,Imperial,25,180216,27248,26970,2680,29650,651
2021-03-05,Inyo,27,18085,1333,1309,2,1311,35
2021-03-05,Kern,29,883053,93609,92601,10335,102936,1076
2021-03-05,Kings,31,150075,22245,22063,1080,23143,224
2021-03-05,Lake,33,64148,3225,3185,6,3191,42
2021-03-05,Lassen,35,31185,5116,5117,103,5220,1
2021-03-05,Los Angeles,37,10098052,1173208,1160688,41589,1202277,21745
2021-03-05,Madera,39,155013,15755,15624,873,16497,211
2021-03-05,Marin,41,260295,13331,13275,175,13450,215
2021-03-05,Mariposa,43,17540,378,375,5,380,4
2021-03-05,Mendocino,45,87422,3668,3577,70,3647,42
2021-03-05,Merced,47,269075,28807,28734,910,29644,399
2021-03-05,Modoc,49,8938,346,337,118,455,3
2021-03-05,Mono,51,14174,1181,1197,12,1209,3
2021-03-05,Monterey,53,433212,41997,41802,1763,43565,325
2021-03-05,Napa,55,140530,9139,9109,33,9142,75
2021-03-05,Nevada,57,99092,4093,4033,166,4199,66
2021-03-05,Orange,59,3164182,247549,246489,10622,257111,4108
2021-03-05,Placer,61,380077,20760,19973,1178,21151,239
2021-03-05,Plumas,63,18699,645,635,11,646,4
2021-03-05,Riverside,65,2383286,284043,280075,14185,294260,3781
2021-03-05,Sacramento,67,1510023,95447,94182,1332,95514,1430
2021-03-05,San Benito,69,59416,5770,5790,95,5885,61
2021-03-05,San Bernardino,71,2135413,286191,282640,8637,291277,3774
2021-03-05,San Diego,73,3302833,265678,262357,0,262357,3371
2021-03-05,San Francisco,75,870044,34431,34526,1187,35713,430
2021-03-05,San Joaquin,77,732212,67357,66041,2979,69020,1133
2021-03-05,San Luis Obispo,79,281455,19740,19557,595,20152,244
2021-03-05,San Mateo,81,765935,39857,39305,422,39727,326
2021-03-05,Santa Barbara,83,443738,32644,32139,1166,33305,424
2021-03-05,Santa Clara,85,1922200,111167,111384,619,112003,1745
2021-03-05,Santa Cruz,87,273765,15470,14694,847,15541,188
2021-03-05,Shasta,89,179085,11021,11062,1310,12372,148
2021-03-05,Sierra,91,2930,49,48,14,62,0
2021-03-05,Siskiyou,93,43540,1512,1429,259,1688,5
2021-03-05,Solano,95,438530,30097,29951,379,30330,168
2021-03-05,Sonoma,97,501317,28396,28417,225,28642,279
2021-03-05,Stanislaus,99,539301,51021,50606,5637,56243,721
2021-03-05,Sutter,101,95872,8910,8876,85,8961,100
2021-03-05,Tehama,103,63373,4609,4606,515,5121,33
2021-03-05,Trinity,105,12862,348,302,52,354,3
2021-03-05,Tulare,107,460477,48003,47469,8674,56143,789
2021-03-05,Tuolumne,109,53932,3920,3917,33,3950,56
2021-03-05,Ventura,111,848112,78204,78368,2905,81273,839
2021-03-05,Yolo,113,214977,13019,12920,234,13154,188
2021-03-05,Yuba,115,75493,5554,5496,91,5587,42
2021-03-04,Alameda,1,1643700,81525,81115,1829,82944,1136
2021-03-04,Alpine,3,1148,83,78,0,78,0
2021-03-04,Amador,5,37829,3495,3480,34,3514,42
2021-03-04,Butte,7,227075,11357,11033,1705,12738,185
2021-03-04,Calaveras,9,45235,1935,1896,12,1908,48
2021-03-04,Colusa,11,21464,1874,1873,273,2146,11
2021-03-04,Contra Costa,13,1133247,63761,62789,1137,63926,708
2021-03-04,Del Norte,15,27424,1012,989,0,989,5
2021-03-04,El Dorado,17,186661,9166,9133,633,9766,97
2021-03-04,Fresno,19,978130,96630,96023,8113,104136,1422
2021-03-04,Glenn,21,27897,2256,2236,513,2749,15
2021-03-04,Humboldt,23,135768,3258,3212,22,3234,31
2021-03-04,Imperial,25,180216,27237,26946,2676,29622,646
2021-03-04,Inyo,27,18085,1330,1300,2,1302,35
2021-03-04,Kern,29,883053,93522,92525,10315,102840,1070
2021-03-04,Kings,31,150075,22220,22025,1077,23102,224
2021-03-04,Lake,33,64148,3217,3181,6,3187,42
2021-03-04,Lassen,35,31185,5116,5116,103,5219,1
2021-03-04,Los Angeles,37,10098052,1172598,1159405,41538,1200943,21610
2021-03-04,Madera,39,155013,15721,15596,869,16465,208
2021-03-04,Marin,41,260295,13314,13240,172,13412,215
2021-03-04,Mariposa,43,17540,378,376,5,381,4
2021-03-04,Mendocino,45,87422,3665,3569,70,3639,42
2021-03-04,Merced,47,269075,28757,28671,908,29579,396
2021-03-04,Modoc,49,8938,345,336,118,454,3
2021-03-04,Mono,51,14174,1181,1197,12,1209,3
2021-03-04,Monterey,53,433212,41977,41771,1760,43531,325
2021-03-04,Napa,55,140530,9131,9094,33,9127,74
2021-03-04,Nevada,57,99092,4083,4020,166,4186,66
2021-03-04,Orange,59,3164182,247396,246354,10604,256958,4096
2021-03-04,Placer,61,380077,20728,19900,1172,21072,239
2021-03-04,Plumas,63,18699,645,634,11,645,4
2021-03-04,Riverside,65,2383286,283918,279871,14172,294043,3766
2021-03-04,Sacramento,67,1510023,95314,93982,1329,95311,1426
2021-03-04,San Benito,69,59416,5770,5781,95,5876,61
2021-03-04,San Bernardino,71,2135413,286057,282407,8633,291040,3757
2021-03-04,San Diego,73,3302833,265419,261858,0,261858,3359
2021-03-04,San Francisco,75,870044,34397,34480,1184,35664,426
2021-03-04,San Joaquin,77,732212,67265,65931,2969,68900,1129
2021-03-04,San Luis Obispo,79,281455,19702,19520,593,20113,243
2021-03-04,San Mateo,81,765935,39813,39225,421,39646,322
2021-03-04,Santa Barbara,83,443738,32607,32090,1165,33255,423
2021-03-04,Santa Clara,85,1922200,111034,111194,616,111810,1723
2021-03-04,Santa Cruz,87,273765,15451,14669,847,15516,186
2021-03-04,Shasta,89,179085,11018,11050,1301,12351,150
2021-03-04,Sierra,91,2930,49,48,14,62,0
2021-03-04,Siskiyou,93,43540,1506,1427,259,1686,5
2021-03-04,Solano,95,438530,30070,29905,378,30283,168
2021-03-04,Sonoma,97,501317,28341,28379,224,28603,279
2021-03-04,Stanislaus,99,539301,50932,50521,5629,56150,731
2021-03-04,Sutter,101,95872,8898,8849,85,8934,100
2021-03-04,Tehama,103,63373,4603,4604,515,5119,33
2021-03-04,Trinity,105,12862,348,302,52,354,3
2021-03-04,Tulare,107,460477,47959,47398,8648,56046,784
2021-03-04,Tuolumne,109,53932,3914,3916,33,3949,56
2021-03-04,Ventura,111,848112,78117,78184,2903,81087,831
2021-03-04,Yolo,113,214977,12999,12895,234,13129,189
2021-03-04,Yuba,115,75493,5542,5483,91,5574,41
2021-03-03,Alameda,1,1643700,81404,80972,1827,82799,1127
2021-03-03,Alpine,3,1148,83,77,0,77,0
2021-03-03,Amador,5,37829,3493,3478,33,3511,42
2021-03-03,Butte,7,227075,11350,11014,1704,12718,184
2021-03-03,Calaveras,9,45235,1932,1893,12,1905,48
2021-03-03,Colusa,11,21464,1873,1873,273,2146,11
2021-03-03,Contra Costa,13,1133247,63663,62668,1134,63802,708
2021-03-03,Del Norte,15,27424,1009,988,0,988,5
2021-03-03,El Dorado,17,186661,9156,9121,633,9754,97
2021-03-03,Fresno,19,978130,96487,95893,8095,103988,1415
2021-03-03,Glenn,21,27897,2256,2233,513,2746,15
2021-03-03,Humboldt,23,135768,3246,3196,22,3218,30
2021-03-03,Imperial,25,180216,27219,26939,2671,29610,640
2021-03-03,Inyo,27,18085,1322,1294,2,1296,35
2021-03-03,Kern,29,883053,93449,92434,10297,102731,1063
2021-03-03,Kings,31,150075,22204,22009,1076,23085,223
2021-03-03,Lake,33,64148,3210,3175,6,3181,40
2021-03-03,Lassen,35,31185,5116,5115,103,5218,1
2021-03-03,Los Angeles,37,10098052,1171961,1157911,41495,1199406,21500
2021-03-03,Madera,39,155013,15702,15553,863,16416,203
2021-03-03,Marin,41,260295,13301,13216,172,13388,214
2021-03-03,Mariposa,43,17540,377,376,5,381,4
2021-03-03,Mendocino,45,87422,3657,3564,70,3634,42
2021-03-03,Merced,47,269075,28704,28625,908,29533,393
2021-03-03,Modoc,49,8938,345,333,117,450,3
2021-03-03,Mono,51,14174,1181,1191,12,1203,3
2021-03-03,Monterey,53,433212,41944,41731,1757,43488,325
2021-03-03,Napa,55,140530,9123,9090,33,9123,72
2021-03-03,Nevada,57,99092,4073,4009,166,4175,66
2021-03-03,Orange,59,3164182,247252,246120,10588,256708,4072
2021-03-03,Placer,61,380077,20702,19851,1169,21020,239
2021-03-03,Plumas,63,18699,644,631,11,642,4
2021-03-03,Riverside,65,2383286,283789,279626,14167,293793,3735
2021-03-03,Sacramento,67,1510023,95155,93819,1320,95139,1419
2021-03-03,San Benito,69,59416,5769,5774,95,5869,61
2021-03-03,San Bernardino,71,2135413,285918,282138,8626,290764,3664
2021-03-03,San Diego,73,3302833,265157,261350,0,261350,3342
2021-03-03,San Francisco,75,870044,34366,34443,1181,35624,426
2021-03-03,San Joaquin,77,732212,67154,65855,2962,68817,1115
2021-03-03,San Luis Obispo,79,281455,19677,19479,589,20068,241
2021-03-03,San Mateo,81,765935,39766,39189,420,39609,319
2021-03-03,Santa Barbara,83,443738,32570,32027,1165,33192,421
2021-03-03,Santa Clara,85,1922200,110879,110991,614,111605,1720
2021-03-03,Santa Cruz,87,273765,15440,14645,847,15492,185
2021-03-03,Shasta,89,179085,11008,11023,1294,12317,150
2021-03-03,Sierra,91,2930,49,48,14,62,0
2021-03-03,Siskiyou,93,43540,1504,1424,259,1683,5
2021-03-03,Solano,95,438530,30034,29866,377,30243,167
2021-03-03,Sonoma,97,501317,28301,28307,223,28530,279
2021-03-03,Stanislaus,99,539301,50855,50438,5621,56059,730
2021-03-03,Sutter,101,95872,8889,8840,85,8925,99
2021-03-03,Tehama,103,63373,4600,4601,515,5116,32
2021-03-03,Trinity,105,12862,348,302,52,354,3
2021-03-03,Tulare,107,460477,47909,47348,8617,55965,778
2021-03-03,Tuolumne,109,53932,3912,3914,32,3946,56
2021-03-03,Ventura,111,848112,78034,78057,2897,80954,822
2021-03-03,Yolo,113,214977,12986,12890,234,13124,189
2021-03-03,Yuba,115,75493,5529,5479,91,5570,41
2021-03-02,Alameda,1,1643700,81287,80904,1825,82729,1116
2021-03-02,Alpine,3,1148,83,77,0,77,0
2021-03-02,Amador,5,37829,3491,3474,33,3507,42
2021-03-02,Butte,7,227075,11340,11007,1702,12709,182
2021-03-02,Calaveras,9,45235,1926,1890,12,1902,48
2021-03-02,Colusa,11,21464,1873,1872,272,2144,11
2021-03-02,Contra Costa,13,1133247,63552,62557,1129,63686,694
2021-03-02,Del Norte,15,27424,1002,983,0,983,5
2021-03-02,El Dorado,17,186661,9148,9116,633,9749,98
2021-03-02,Fresno,19,978130,96343,95785,8067,103852,1410
2021-03-02,Glenn,21,27897,2250,2232,512,2744,15
2021-03-02,Humboldt,23,135768,3227,3184,22,3206,30
2021-03-02,Imperial,25,180216,27209,26926,2669,29595,637
2021-03-02,Inyo,27,18085,1318,1292,2,1294,35
2021-03-02,Kern,29,883053,93344,92313,10268,102581,1046
2021-03-02,Kings,31,150075,22152,21999,1074,23073,217
2021-03-02,Lake,33,64148,3204,3169,6,3175,40
2021-03-02,Lassen,35,31185,5111,5115,102,5217,1
2021-03-02,Los Angeles,37,10098052,1171322,1156826,41448,1198274,21395
2021-03-02,Madera,39,155013,15682,15523,861,16384,194
2021-03-02,Marin,41,260295,13278,13186,171,13357,214
2021-03-02,Mariposa,43,17540,377,376,5,381,4
2021-03-02,Mendocino,45,87422,3654,3562,69,3631,41
2021-03-02,Merced,47,269075,28647,28598,908,29506,389
2021-03-02,Modoc,49,8938,345,332,117,449,3
2021-03-02,Mono,51,14174,1180,1191,12,1203,3
2021-03-02,Monterey,53,433212,41917,41716,1755,43471,325
2021-03-02,Napa,55,140530,9111,9080,33,9113,71
2021-03-02,Nevada,57,99092,4064,3983,164,4147,66
2021-03-02,Orange,59,3164182,247106,246004,10572,256576,4037
2021-03-02,Placer,61,380077,20647,19828,1166,20994,239
2021-03-02,Plumas,63,18699,642,628,11,639,4
2021-03-02,Riverside,65,2383286,283623,279486,14159,293645,3721
2021-03-02,Sacramento,67,1510023,94988,93690,1319,95009,1411
2021-03-02,San Benito,69,59416,5762,5770,95,5865,60
2021-03-02,San Bernardino,71,2135413,285786,281919,8619,290538,3604
2021-03-02,San Diego,73,3302833,264914,260998,0,260998,3317
2021-03-02,San Francisco,75,870044,34325,34387,1177,35564,424
2021-03-02,San Joaquin,77,732212,67048,65769,2942,68711,1111
2021-03-02,San Luis Obispo,79,281455,19645,19452,588,20040,241
2021-03-02,San Mateo,81,765935,39715,39148,419,39567,317
2021-03-02,Santa Barbara,83,443738,32522,31964,1161,33125,416
2021-03-02,Santa Clara,85,1922200,110701,110832,613,111445,1706
2021-03-02,Santa Cruz,87,273765,15426,14611,845,15456,185
2021-03-02,Shasta,89,179085,10994,11012,1283,12295,149
2021-03-02,Sierra,91,2930,49,48,14,62,0
2021-03-02,Siskiyou,93,43540,1500,1412,257,1669,5
2021-03-02,Solano,95,438530,30001,29827,375,30202,167
2021-03-02,Sonoma,97,501317,28247,28261,223,28484,279
2021-03-02,Stanislaus,99,539301,50768,50359,5607,55966,724
2021-03-02,Sutter,101,95872,8880,8832,85,8917,99
2021-03-02,Tehama,103,63373,4598,4597,515,5112,32
2021-03-02,Trinity,105,12862,348,301,52,353,3
2021-03-02,Tulare,107,460477,47852,47326,8592,55918,783
2021-03-02,Tuolumne,109,53932,3908,3908,32,3940,53
2021-03-02,Ventura,111,848112,77943,77952,2893,80845,780
2021-03-02,Yolo,113,214977,12969,12867,234,13101,189
2021-03-02,Yuba,115,75493,5521,5475,91,5566,41
2021-03-01,Alameda,1,1643700,81161,80805,1823,82628,1105
2021-03-01,Alpine,3,1148,81,77,0,77,0
2021-03-01,Amador,5,37829,3488,3469,33,3502,42
2021-03-01,Butte,7,227075,11324,10981,1697,12678,180
2021-03-01,Calaveras,9,45235,1920,1885,12,1897,46
2021-03-01,Colusa,11,21464,1872,1871,272,2143,11
2021-03-01,Contra Costa,13,1133247,63445,62458,1128,63586,694
2021-03-01,Del Norte,15,27424,997,982,0,982,5
2021-03-01,El Dorado,17,186661,9124,9085,633,9718,98
2021-03-01,Fresno,19,978130,96206,95677,8044,103721,1405
2021-03-01,Glenn,21,27897,2245,2232,511,2743,15
2021-03-01,Humboldt,23,135768,3208,3179,22,3201,30
2021-03-01,Imperial,25,180216,27199,26913,2661,29574,636
2021-03-01,Inyo,27,18085,1315,1285,2,1287,35
2021-03-01,Kern,29,883053,93257,92219,10241,102460,1041
2021-03-01,Kings,31,150075,22135,21988,1068,23056,217
2021-03-01,Lake,33,64148,3199,3164,6,3170,40
2021-03-01,Lassen,35,31185,5109,5111,102,5213,1
2021-03-01,Los Angeles,37,10098052,1170672,1155984,41403,1197387,21293
2021-03-01,Madera,39,155013,15653,15505,850,16355,194
2021-03-01,Marin,41,260295,13252,13161,170,13331,214
2021-03-01,Mariposa,43,17540,377,375,5,380,4
2021-03-01,Mendocino,45,87422,3647,3561,69,3630,41
2021-03-01,Merced,47,269075,28602,28575,904,29479,385
2021-03-01,Modoc,49,8938,342,331,116,447,3
2021-03-01,Mono,51,14174,1179,1192,12,1204,3
2021-03-01,Monterey,53,433212,41892,41697,1753,43450,324
2021-03-01,Napa,55,140530,9102,9056,33,9089,70
2021-03-01,Nevada,57,99092,4045,3979,164,4143,66
2021-03-01,Orange,59,3164182,246913,245852,10558,256410,3976
2021-03-01,Placer,61,380077,20609,19803,1163,20966,239
2021-03-01,Plumas,63,18699,642,628,11,639,4
2021-03-01,Riverside,65,2383286,283408,279323,14151,293474,3680
2021-03-01,Sacramento,67,1510023,94843,93546,1317,94863,1401
2021-03-01,San Benito,69,59416,5757,5772,95,5867,57
2021-03-01,San Bernardino,71,2135413,285635,281685,8615,290300,3603
2021-03-01,San Diego,73,3302833,264599,260622,0,260622,3303
2021-03-01,San Francisco,75,870044,34281,34318,1169,35487,424
2021-03-01,San Joaquin,77,732212,66941,65699,2930,68629,1097
2021-03-01,San Luis Obispo,79,281455,19623,19429,586,20015,239
2021-03-01,San Mateo,81,765935,39665,39096,418,39514,314
2021-03-01,Santa Barbara,83,443738,32480,31909,1160,33069,413
2021-03-01,Santa Clara,85,1922200,110543,110684,610,111294,1704
2021-03-01,Santa Cruz,87,273765,15407,14575,844,15419,185
2021-03-01,Shasta,89,179085,10982,10990,1280,12270,149
2021-03-01,Sierra,91,2930,49,48,14,62,0
2021-03-01,Siskiyou,93,43540,1496,1408,255,1663,5
2021-03-01,Solano,95,438530,29958,29779,374,30153,166
2021-03-01,Sonoma,97,501317,28200,28222,221,28443,278
2021-03-01,Stanislaus,99,539301,50694,50293,5600,55893,722
2021-03-01,Sutter,101,95872,8868,8825,85,8910,99
2021-03-01,Tehama,103,63373,4594,4595,515,5110,32
2021-03-01,Trinity,105,12862,348,298,51,349,3
2021-03-01,Tulare,107,460477,47815,47275,8557,55832,781
2021-03-01,Tuolumne,109,53932,3905,3907,32,3939,53
2021-03-01,Ventura,111,848112,77861,77849,2892,80741,775
2021-03-01,Yolo,113,214977,12952,12854,232,13086,188
2021-03-01,Yuba,115,75493,5509,5466,91,5557,41
2021-02-28,Alameda,1,1643700,81038,80727,1821,82548,1105
2021-02-28,Alpine,3,1148,81,77,0,77,0
2021-02-28,Amador,5,37829,3483,3466,32,3498,42
2021-02-28,Butte,7,227075,11309,10970,1697,12667,180
2021-02-28,Calaveras,9,45235,1914,1881,12,1893,46
2021-02-28,Colusa,11,21464,1872,1871,271,2142,11
2021-02-28,Contra Costa,13,1133247,63318,62386,1123,63509,694
2021-02-28,Del Norte,15,27424,995,981,0,981,5
2021-02-28,El Dorado,17,186661,9113,9082,633,9715,98
2021-02-28,Fresno,19,978130,96028,95548,8009,103557,1405
2021-02-28,Glenn,21,27897,2243,2230,509,2739,15
2021-02-28,Humboldt,23,135768,3185,3179,22,3201,30
2021-02-28,Imperial,25,180216,27173,26909,2654,29563,636
2021-02-28,Inyo,27,18085,1310,1282,2,1284,35
2021-02-28,Kern,29,883053,93143,92169,10219,102388,1012
2021-02-28,Kings,31,150075,22114,21967,1067,23034,217
2021-02-28,Lake,33,64148,3194,3164,6,3170,40
2021-02-28,Lassen,35,31185,5108,5106,102,5208,1
2021-02-28,Los Angeles,37,10098052,1169896,1155141,41339,1196480,21261
2021-02-28,Madera,39,155013,15611,15496,847,16343,199
2021-02-28,Marin,41,260295,13229,13152,168,13320,214
2021-02-28,Mariposa,43,17540,377,374,5,379,4
2021-02-28,Mendocino,45,87422,3641,3558,69,3627,41
2021-02-28,Merced,47,269075,28540,28546,903,29449,384
2021-02-28,Modoc,49,8938,342,331,116,447,3
2021-02-28,Mono,51,14174,1176,1192,12,1204,3
2021-02-28,Monterey,53,433212,41860,41683,1752,43435,323
2021-02-28,Napa,55,140530,9083,9053,33,9086,70
2021-02-28,Nevada,57,99092,4032,3972,164,4136,66
2021-02-28,Orange,59,3164182,246713,245706,10550,256256,3970
2021-02-28,Placer,61,380077,20563,19775,1161,20936,239
2021-02-28,Plumas,63,18699,642,628,11,639,4
2021-02-28,Riverside,65,2383286,283189,279214,14140,293354,3661
2021-02-28,Sacramento,67,1510023,94659,93463,1312,94775,1398
2021-02-28,San Benito,69,59416,5746,5772,95,5867,57
2021-02-28,San Bernardino,71,2135413,285505,281620,8602,290222,3595
2021-02-28,San Diego,73,3302833,264303,260353,0,260353,3303
2021-02-28,San Francisco,75,870044,34240,34291,1162,35453,417
2021-02-28,San Joaquin,77,732212,66833,65662,2921,68583,1097
2021-02-28,San Luis Obispo,79,281455,19588,19422,583,20005,237
2021-02-28,San Mateo,81,765935,39611,39059,417,39476,314
2021-02-28,Santa Barbara,83,443738,32428,31877,1160,33037,413
2021-02-28,Santa Clara,85,1922200,110345,110556,607,111163,1704
2021-02-28,Santa Cruz,87,273765,15378,14571,841,15412,185
2021-02-28,Shasta,89,179085,10961,10990,1276,12266,149
2021-02-28,Sierra,91,2930,49,48,14,62,0
2021-02-28,Siskiyou,93,43540,1488,1408,254,1662,5
2021-02-28,Solano,95,438530,29902,29758,369,30127,166
2021-02-28,Sonoma,97,501317,28138,28193,220,28413,279
2021-02-28,Stanislaus,99,539301,50604,50228,5586,55814,728
2021-02-28,Sutter,101,95872,8853,8825,85,8910,99
2021-02-28,Tehama,103,63373,4587,4590,515,5105,32
2021-02-28,Trinity,105,12862,348,298,51,349,3
2021-02-28,Tulare,107,460477,47753,47258,8526,55784,780
2021-02-28,Tuolumne,109,53932,3900,3905,32,3937,53
2021-02-28,Ventura,111,848112,77750,77749,2889,80638,775
2021-02-28,Yolo,113,214977,12930,12851,232,13083,188
2021-02-28,Yuba,115,75493,5499,5461,91,5552,41
2021-02-27,Alameda,1,1643700,80964,80565,1819,82384,1108
2021-02-27,Alpine,3,1148,81,77,0,77,0
2021-02-27,Amador,5,37829,3481,3463,32,3495,42
2021-02-27,Butte,7,227075,11297,10962,1697,12659,180
2021-02-27,Calaveras,9,45235,1912,1875,12,1887,46
2021-02-27,Colusa,11,21464,1871,1869,271,2140,11
2021-02-27,Contra Costa,13,1133247,63247,62248,1120,63368,693
2021-02-27,Del Norte,15,27424,993,978,0,978,5
2021-02-27,El Dorado,17,186661,9109,9072,633,9705,98
2021-02-27,Fresno,19,978130,95955,95393,7995,103388,1400
2021-02-27,Glenn,21,27897,2243,2225,508,2733,15
2021-02-27,Humboldt,23,135768,3179,3167,22,3189,30
2021-02-27,Imperial,25,180216,27165,26903,2653,29556,633
2021-02-27,Inyo,27,18085,1307,1275,2,1277,35
2021-02-27,Kern,29,883053,93083,92053,10204,102257,996
2021-02-27,Kings,31,150075,22104,21955,1064,23019,216
2021-02-27,Lake,33,64148,3191,3156,6,3162,40
2021-02-27,Lassen,35,31185,5108,5106,102,5208,1
2021-02-27,Los Angeles,37,10098052,1169406,1154275,41309,1195584,21158
2021-02-27,Madera,39,155013,15594,15467,846,16313,199
2021-02-27,Marin,41,260295,13205,13134,168,13302,214
2021-02-27,Mariposa,43,17540,377,374,5,379,4
2021-02-27,Mendocino,45,87422,3638,3555,69,3624,41
2021-02-27,Merced,47,269075,28499,28501,894,29395,384
2021-02-27,Modoc,49,8938,342,331,115,446,3
2021-02-27,Mono,51,14174,1174,1191,12,1203,3
2021-02-27,Monterey,53,433212,41851,41665,1752,43417,322
2021-02-27,Napa,55,140530,9072,9038,33,9071,71
2021-02-27,Nevada,57,99092,4026,3960,164,4124,66
2021-02-27,Orange,59,3164182,246587,245542,10538,256080,3960
2021-02-27,Placer,61,380077,20527,19726,1158,20884,239
2021-02-27,Plumas,63,18699,642,628,11,639,4
2021-02-27,Riverside,65,2383286,283080,279048,14130,293178,3663
2021-02-27,Sacramento,67,1510023,94577,93281,1301,94582,1396
2021-02-27,San Benito,69,59416,5745,5767,94,5861,57
2021-02-27,San Bernardino,71,2135413,285434,281471,8595,290066,3527
2021-02-27,San Diego,73,3302833,264114,260091,0,260091,3284
2021-02-27,San Francisco,75,870044,34207,34260,1159,35419,413
2021-02-27,San Joaquin,77,732212,66787,65578,2919,68497,1100
2021-02-27,San Luis Obispo,79,281455,19567,19411,582,19993,237
2021-02-27,San Mateo,81,765935,39568,38998,416,39414,313
2021-02-27,Santa Barbara,83,443738,32394,31805,1159,32964,411
2021-02-27,Santa Clara,85,1922200,110198,110361,605,110966,1703
2021-02-27,Santa Cruz,87,273765,15369,14552,840,15392,185
2021-02-27,Shasta,89,179085,10955,10985,1272,12257,149
2021-02-27,Sierra,91,2930,49,48,14,62,0
2021-02-27,Siskiyou,93,43540,1486,1407,253,1660,5
2021-02-27,Solano,95,438530,29874,29718,368,30086,165
2021-02-27,Sonoma,97,501317,28094,28141,214,28355,281
2021-02-27,Stanislaus,99,539301,50550,50147,5576,55723,733
2021-02-27,Sutter,101,95872,8848,8820,85,8905,99
2021-02-27,Tehama,103,63373,4584,4584,515,5099,32
2021-02-27,Trinity,105,12862,348,298,51,349,3
2021-02-27,Tulare,107,460477,47717,47209,8499,55708,770
2021-02-27,Tuolumne,109,53932,3897,3899,32,3931,53
2021-02-27,Ventura,111,848112,77678,77623,2886,80509,771
2021-02-27,Yolo,113,214977,12918,12834,232,13066,188
2021-02-27,Yuba,115,75493,5496,5450,91,5541,39
2021-02-26,Alameda,1,1643700,80868,80387,1814,82201,1106
2021-02-26,Alpine,3,1148,81,77,0,77,0
2021-02-26,Amador,5,37829,3475,3457,32,3489,42
2021-02-26,Butte,7,227075,11287,10941,1696,12637,180
2021-02-26,Calaveras,9,45235,1911,1873,12,1885,46
2021-02-26,Colusa,11,21464,1871,1865,271,2136,11
2021-02-26,Contra Costa,13,1133247,63165,62114,1120,63234,685
2021-02-26,Del Norte,15,27424,989,968,0,968,5
2021-02-26,El Dorado,17,186661,9104,9038,631,9669,98
2021-02-26,Fresno,19,978130,95852,95202,7987,103189,1391
2021-02-26,Glenn,21,27897,2240,2220,508,2728,15
2021-02-26,Humboldt,23,135768,3173,3152,22,3174,30
2021-02-26,Imperial,25,180216,27157,26888,2651,29539,631
2021-02-26,Inyo,27,18085,1305,1271,2,1273,34
2021-02-26,Kern,29,883053,93004,91884,10188,102072,997
2021-02-26,Kings,31,150075,22088,21917,1061,22978,216
2021-02-26,Lake,33,64148,3186,3153,6,3159,40
2021-02-26,Lassen,35,31185,5108,5102,102,5204,1
2021-02-26,Los Angeles,37,10098052,1168837,1153131,41246,1194377,21070
2021-02-26,Madera,39,155013,15578,15436,844,16280,199
2021-02-26,Marin,41,260295,13191,13091,168,13259,214
2021-02-26,Mariposa,43,17540,377,375,5,380,4
2021-02-26,Mendocino,45,87422,3633,3549,69,3618,41
2021-02-26,Merced,47,269075,28467,28455,893,29348,382
2021-02-26,Modoc,49,8938,341,330,115,445,3
2021-02-26,Mono,51,14174,1172,1191,12,1203,3
2021-02-26,Monterey,53,433212,41825,41607,1752,43359,322
2021-02-26,Napa,55,140530,9066,9014,33,9047,70
2021-02-26,Nevada,57,99092,4015,3952,164,4116,66
2021-02-26,Orange,59,3164182,246449,245278,10528,255806,3918
2021-02-26,Placer,61,380077,20501,19712,1152,20864,239
2021-02-26,Plumas,63,18699,642,628,11,639,4
2021-02-26,Riverside,65,2383286,282936,278772,14124,292896,3653
2021-02-26,Sacramento,67,1510023,94454,93180,1298,94478,1390
2021-02-26,San Benito,69,59416,5744,5759,94,5853,57
2021-02-26,San Bernardino,71,2135413,285327,281132,8593,289725,3461
2021-02-26,San Diego,73,3302833,263887,259641,0,259641,3271
2021-02-26,San Francisco,75,870044,34177,34213,1154,35367,413
2021-02-26,San Joaquin,77,732212,66706,65492,2913,68405,1070
2021-02-26,San Luis Obispo,79,281455,19551,19359,580,19939,234
2021-02-26,San Mateo,81,765935,39522,38922,416,39338,313
2021-02-26,Santa Barbara,83,443738,32351,31724,1158,32882,410
2021-02-26,Santa Clara,85,1922200,110068,110168,603,110771,1700
2021-02-26,Santa Cruz,87,273765,15357,14528,839,15367,185
2021-02-26,Shasta,89,179085,10949,10972,1262,12234,149
2021-02-26,Sierra,91,2930,49,47,14,61,0
2021-02-26,Siskiyou,93,43540,1486,1401,253,1654,5
2021-02-26,Solano,95,438530,29840,29651,367,30018,165
2021-02-26,Sonoma,97,501317,28066,28063,213,28276,280
2021-02-26,Stanislaus,99,539301,50494,50054,5568,55622,737
2021-02-26,Sutter,101,95872,8839,8806,85,8891,99
2021-02-26,Tehama,103,63373,4582,4581,515,5096,32
2021-02-26,Trinity,105,12862,347,298,51,349,3
2021-02-26,Tulare,107,460477,47682,47135,8468,55603,770
2021-02-26,Tuolumne,109,53932,3896,3896,32,3928,53
2021-02-26,Ventura,111,848112,77578,77534,2884,80418,765
2021-02-26,Yolo,113,214977,12911,12816,232,13048,188
2021-02-26,Yuba,115,75493,5491,5438,91,5529,39
2021-02-25,Alameda,1,1643700,80747,80181,1813,81994,1093
2021-02-25,Alpine,3,1148,81,77,0,77,0
2021-02-25,Amador,5,37829,3472,3448,32,3480,41
2021-02-25,Butte,7,227075,11266,10922,1691,12613,178
2021-02-25,Calaveras,9,45235,1903,1868,12,1880,46
2021-02-25,Colusa,11,21464,1868,1863,270,2133,11
2021-02-25,Contra Costa,13,1133247,63063,61910,1120,63030,686
2021-02-25,Del Norte,15,27424,979,966,0,966,5
2021-02-25,El Dorado,17,186661,9088,9012,631,9643,98
2021-02-25,Fresno,19,978130,95709,95015,7965,102980,1377
2021-02-25,Glenn,21,27897,2237,2219,507,2726,15
2021-02-25,Humboldt,23,135768,3166,3129,21,3150,30
2021-02-25,Imperial,25,180216,27151,26855,2647,29502,628
2021-02-25,Inyo,27,18085,1299,1264,2,1266,33
2021-02-25,Kern,29,883053,92890,91735,10162,101897,992
2021-02-25,Kings,31,150075,22079,21900,1058,22958,216
2021-02-25,Lake,33,64148,3177,3141,6,3147,40
2021-02-25,Lassen,35,31185,5107,5097,100,5197,1
2021-02-25,Los Angeles,37,10098052,1168100,1151846,41186,1193032,20931
2021-02-25,Madera,39,155013,15543,15414,840,16254,194
2021-02-25,Marin,41,260295,13167,13067,168,13235,214
2021-02-25,Mariposa,43,17540,377,375,5,380,4
2021-02-25,Mendocino,45,87422,3628,3542,69,3611,41
2021-02-25,Merced,47,269075,28417,28383,892,29275,382
2021-02-25,Modoc,49,8938,341,329,115,444,3
2021-02-25,Mono,51,14174,1171,1190,12,1202,3
2021-02-25,Monterey,53,433212,41800,41564,1747,43311,321
2021-02-25,Napa,55,140530,9040,8998,33,9031,70
2021-02-25,Nevada,57,99092,3998,3940,163,4103,66
2021-02-25,Orange,59,3164182,246275,245000,10518,255518,3882
2021-02-25,Placer,61,380077,20460,19661,1150,20811,239
2021-02-25,Plumas,63,18699,642,626,11,637,4
2021-02-25,Riverside,65,2383286,282751,278544,14100,292644,3646
2021-02-25,Sacramento,67,1510023,94295,92961,1285,94246,1386
2021-02-25,San Benito,69,59416,5739,5752,94,5846,58
2021-02-25,San Bernardino,71,2135413,285190,280946,8584,289530,3409
2021-02-25,San Diego,73,3302833,263592,258979,0,258979,3260
2021-02-25,San Francisco,75,870044,34135,34138,1151,35289,408
2021-02-25,San Joaquin,77,732212,66623,65389,2901,68290,1047
2021-02-25,San Luis Obispo,79,281455,19530,19335,578,19913,234
2021-02-25,San Mateo,81,765935,39477,38872,416,39288,300
2021-02-25,Santa Barbara,83,443738,32275,31631,1157,32788,408
2021-02-25,Santa Clara,85,1922200,109904,109923,602,110525,1677
2021-02-25,Santa Cruz,87,273765,15339,14492,837,15329,185
2021-02-25,Shasta,89,179085,10937,10947,1257,12204,148
2021-02-25,Sierra,91,2930,49,47,14,61,0
2021-02-25,Siskiyou,93,43540,1482,1390,250,1640,4
2021-02-25,Solano,95,438530,29808,29616,367,29983,161
2021-02-25,Sonoma,97,501317,28012,28004,210,28214,278
2021-02-25,Stanislaus,99,539301,50405,49964,5557,55521,738
2021-02-25,Sutter,101,95872,8825,8789,84,8873,99
2021-02-25,Tehama,103,63373,4578,4578,513,5091,32
2021-02-25,Trinity,105,12862,347,297,51,348,3
2021-02-25,Tulare,107,460477,47634,47052,8440,55492,765
2021-02-25,Tuolumne,109,53932,3893,3894,32,3926,53
2021-02-25,Ventura,111,848112,77473,77395,2878,80273,751
2021-02-25,Yolo,113,214977,12894,12787,232,13019,188
2021-02-25,Yuba,115,75493,5483,5429,91,5520,39
2021-02-24,Alameda,1,1643700,80624,80070,1809,81879,1082
2021-02-24,Alpine,3,1148,80,77,0,77,0
2021-02-24,Amador,5,37829,3467,3444,32,3476,41
2021-02-24,Butte,7,227075,11254,10915,1687,12602,178
2021-02-24,Calaveras,9,45235,1900,1864,12,1876,31
2021-02-24,Colusa,11,21464,1866,1863,270,2133,11
2021-02-24,Contra Costa,13,1133247,62955,61776,1120,62896,663
2021-02-24,Del Norte,15,27424,978,960,0,960,5
2021-02-24,El Dorado,17,186661,9076,8993,631,9624,98
2021-02-24,Fresno,19,978130,95563,94794,7948,102742,1369
2021-02-24,Glenn,21,27897,2235,2210,507,2717,14
2021-02-24,Humboldt,23,135768,3154,3123,21,3144,29
2021-02-24,Imperial,25,180216,27136,26843,2643,29486,596
2021-02-24,Inyo,27,18085,1294,1253,2,1255,32
2021-02-24,Kern,29,883053,92758,91525,10146,101671,992
2021-02-24,Kings,31,150075,22056,21871,1054,22925,216
2021-02-24,Lake,33,64148,3170,3134,6,3140,40
2021-02-24,Lassen,35,31185,5103,5095,99,5194,1
2021-02-24,Los Angeles,37,10098052,1167346,1150322,41136,1191458,20817
2021-02-24,Madera,39,155013,15516,15390,840,16230,194
2021-02-24,Marin,41,260295,13144,13044,167,13211,214
2021-02-24,Mariposa,43,17540,377,374,5,379,4
2021-02-24,Mendocino,45,87422,3621,3540,69,3609,41
2021-02-24,Merced,47,269075,28378,28295,889,29184,383
2021-02-24,Modoc,49,8938,340,329,115,444,3
2021-02-24,Mono,51,14174,1169,1189,12,1201,3
2021-02-24,Monterey,53,433212,41774,41495,1745,43240,320
2021-02-24,Napa,55,140530,9023,8976,32,9008,70
2021-02-24,Nevada,57,99092,3988,3927,163,4090,66
2021-02-24,Orange,59,3164182,246058,244743,10504,255247,3835
2021-02-24,Placer,61,380077,20422,19648,1144,20792,239
2021-02-24,Plumas,63,18699,640,626,11,637,4
2021-02-24,Riverside,65,2383286,282530,278293,14090,292383,3603
2021-02-24,Sacramento,67,1510023,94142,92742,1279,94021,1375
2021-02-24,San Benito,69,59416,5738,5743,94,5837,57
2021-02-24,San Bernardino,71,2135413,285045,280583,8580,289163,3360
2021-02-24,San Diego,73,3302833,263299,258460,0,258460,3230
2021-02-24,San Francisco,75,870044,34090,34061,1147,35208,406
2021-02-24,San Joaquin,77,732212,66513,65274,2898,68172,1019
2021-02-24,San Luis Obispo,79,281455,19507,19309,576,19885,233
2021-02-24,San Mateo,81,765935,39440,38763,415,39178,300
2021-02-24,Santa Barbara,83,443738,32224,31563,1154,32717,405
2021-02-24,Santa Clara,85,1922200,109752,109671,601,110272,1674
2021-02-24,Santa Cruz,87,273765,15318,14458,837,15295,185
2021-02-24,Shasta,89,179085,10922,10922,1254,12176,148
2021-02-24,Sierra,91,2930,49,47,14,61,0
2021-02-24,Siskiyou,93,43540,1475,1385,246,1631,4
2021-02-24,Solano,95,438530,29769,29577,364,29941,158
2021-02-24,Sonoma,97,501317,27947,27954,206,28160,278
2021-02-24,Stanislaus,99,539301,50336,49851,5548,55399,732
2021-02-24,Sutter,101,95872,8815,8778,84,8862,99
2021-02-24,Tehama,103,63373,4574,4566,513,5079,31
2021-02-24,Trinity,105,12862,347,294,50,344,3
2021-02-24,Tulare,107,460477,47580,46976,8410,55386,759
2021-02-24,Tuolumne,109,53932,3890,3887,32,3919,53
2021-02-24,Ventura,111,848112,77367,77238,2876,80114,718
2021-02-24,Yolo,113,214977,12882,12760,227,12987,188
2021-02-24,Yuba,115,75493,5472,5425,89,5514,39
2021-02-23,Alameda,1,1643700,80486,79948,1805,81753,1070
2021-02-23,Alpine,3,1148,79,77,0,77,0
2021-02-23,Amador,5,37829,3465,3440,32,3472,41
2021-02-23,Butte,7,227075,11239,10887,1683,12570,176
2021-02-23,Calaveras,9,45235,1899,1863,12,1875,21
2021-02-23,Colusa,11,21464,1863,1862,270,2132,11
2021-02-23,Contra Costa,13,1133247,62822,61613,1118,62731,661
2021-02-23,Del Norte,15,27424,976,953,0,953,3
2021-02-23,El Dorado,17,186661,9063,8969,631,9600,96
2021-02-23,Fresno,19,978130,95402,94741,7934,102675,1356
2021-02-23,Glenn,21,27897,2233,2209,507,2716,14
2021-02-23,Humboldt,23,135768,3137,3108,21,3129,29
2021-02-23,Imperial,25,180216,27116,26816,2638,29454,591
2021-02-23,Inyo,27,18085,1290,1250,2,1252,32
2021-02-23,Kern,29,883053,92622,91390,10117,101507,982
2021-02-23,Kings,31,150075,22041,21839,1050,22889,216
2021-02-23,Lake,33,64148,3162,3121,6,3127,40
2021-02-23,Lassen,35,31185,5100,5092,99,5191,1
2021-02-23,Los Angeles,37,10098052,1166484,1148965,41079,1190044,19887
2021-02-23,Madera,39,155013,15502,15352,834,16186,193
2021-02-23,Marin,41,260295,13124,13015,166,13181,214
2021-02-23,Mariposa,43,17540,377,374,5,379,4
2021-02-23,Mendocino,45,87422,3619,3540,68,3608,41
2021-02-23,Merced,47,269075,28290,28209,888,29097,381
2021-02-23,Modoc,49,8938,339,328,114,442,3
2021-02-23,Mono,51,14174,1169,1189,12,1201,3
2021-02-23,Monterey,53,433212,41733,41439,1739,43178,317
2021-02-23,Napa,55,140530,9012,8967,32,8999,70
2021-02-23,Nevada,57,99092,3980,3912,163,4075,66
2021-02-23,Orange,59,3164182,245862,244566,10487,255053,3843
2021-02-23,Placer,61,380077,20396,19608,1140,20748,238
2021-02-23,Plumas,63,18699,639,626,11,637,4
2021-02-23,Riverside,65,2383286,282298,278075,14077,292152,3599
2021-02-23,Sacramento,67,1510023,93985,92632,1273,93905,1370
2021-02-23,San Benito,69,59416,5732,5731,93,5824,57
2021-02-23,San Bernardino,71,2135413,284861,280279,8573,288852,3283
2021-02-23,San Diego,73,3302833,262924,257802,0,257802,3218
2021-02-23,San Francisco,75,870044,34041,33994,1146,35140,405
2021-02-23,San Joaquin,77,732212,66415,65141,2890,68031,1004
2021-02-23,San Luis Obispo,79,281455,19478,19233,575,19808,230
2021-02-23,San Mateo,81,765935,39379,38662,415,39077,299
2021-02-23,Santa Barbara,83,443738,32171,31483,1152,32635,402
2021-02-23,Santa Clara,85,1922200,109556,109449,597,110046,1661
2021-02-23,Santa Cruz,87,273765,15291,14435,833,15268,178
2021-02-23,Shasta,89,179085,10910,10903,1250,12153,146
2021-02-23,Sierra,91,2930,49,47,14,61,0
2021-02-23,Siskiyou,93,43540,1470,1380,244,1624,4
2021-02-23,Solano,95,438530,29729,29545,361,29906,154
2021-02-23,Sonoma,97,501317,27904,27882,203,28085,278
2021-02-23,Stanislaus,99,539301,50260,49749,5530,55279,722
2021-02-23,Sutter,101,95872,8802,8766,84,8850,98
2021-02-23,Tehama,103,63373,4570,4556,512,5068,30
2021-02-23,Trinity,105,12862,347,292,49,341,3
2021-02-23,Tulare,107,460477,47501,46937,8374,55311,757
2021-02-23,Tuolumne,109,53932,3886,3864,32,3896,53
2021-02-23,Ventura,111,848112,77252,77093,2867,79960,689
2021-02-23,Yolo,113,214977,12853,12729,227,12956,188
2021-02-23,Yuba,115,75493,5459,5417,88,5505,38
2021-02-22,Alameda,1,1643700,80334,79796,1802,81598,1062
2021-02-22,Alpine,3,1148,79,77,0,77,0
2021-02-22,Amador,5,37829,3460,3438,32,3470,39
2021-02-22,Butte,7,227075,11227,10855,1677,12532,176
2021-02-22,Calaveras,9,45235,1896,1862,12,1874,21
2021-02-22,Colusa,11,21464,1863,1860,270,2130,11
2021-02-22,Contra Costa,13,1133247,62687,61478,1116,62594,661
2021-02-22,Del Norte,15,27424,975,948,0,948,3
2021-02-22,El Dorado,17,186661,9046,8940,631,9571,96
2021-02-22,Fresno,19,978130,95239,94584,7915,102499,1351
2021-02-22,Glenn,21,27897,2227,2207,505,2712,14
2021-02-22,Humboldt,23,135768,3125,3095,21,3116,29
2021-02-22,Imperial,25,180216,27093,26778,2630,29408,590
2021-02-22,Inyo,27,18085,1285,1248,2,1250,32
2021-02-22,Kern,29,883053,92508,91201,10094,101295,982
2021-02-22,Kings,31,150075,22020,21801,1047,22848,214
2021-02-22,Lake,33,64148,3156,3107,6,3113,40
2021-02-22,Lassen,35,31185,5100,5088,98,5186,1
2021-02-22,Los Angeles,37,10098052,1165613,1147541,41021,1188562,19730
2021-02-22,Madera,39,155013,15477,15325,830,16155,193
2021-02-22,Marin,41,260295,13100,12991,163,13154,213
2021-02-22,Mariposa,43,17540,376,374,5,379,4
2021-02-22,Mendocino,45,87422,3613,3535,68,3603,41
2021-02-22,Merced,47,269075,28222,28166,886,29052,379
2021-02-22,Modoc,49,8938,339,329,114,443,3
2021-02-22,Mono,51,14174,1165,1189,12,1201,3
2021-02-22,Monterey,53,433212,41682,41397,1732,43129,311
2021-02-22,Napa,55,140530,8985,8950,32,8982,69
2021-02-22,Nevada,57,99092,3971,3900,161,4061,66
2021-02-22,Orange,59,3164182,245625,244118,10469,254587,3843
2021-02-22,Placer,61,380077,20359,19587,1132,20719,238
2021-02-22,Plumas,63,18699,639,625,11,636,4
2021-02-22,Riverside,65,2383286,282040,277730,14068,291798,3567
2021-02-22,Sacramento,67,1510023,93819,92476,1263,93739,1359
2021-02-22,San Benito,69,59416,5730,5723,93,5816,57
2021-02-22,San Bernardino,71,2135413,284680,279984,8560,288544,3259
2021-02-22,San Diego,73,3302833,262515,257348,0,257348,3189
2021-02-22,San Francisco,75,870044,33982,33947,1140,35087,405
2021-02-22,San Joaquin,77,732212,66314,65060,2877,67937,1001
2021-02-22,San Luis Obispo,79,281455,19441,19198,573,19771,229
2021-02-22,San Mateo,81,765935,39322,38542,412,38954,282
2021-02-22,Santa Barbara,83,443738,32106,31421,1149,32570,399
2021-02-22,Santa Clara,85,1922200,109345,109213,585,109798,1655
2021-02-22,Santa Cruz,87,273765,15265,14417,833,15250,176
2021-02-22,Shasta,89,179085,10895,10872,1245,12117,145
2021-02-22,Sierra,91,2930,49,47,14,61,0
2021-02-22,Siskiyou,93,43540,1464,1373,243,1616,4
2021-02-22,Solano,95,438530,29690,29508,360,29868,150
2021-02-22,Sonoma,97,501317,27859,27845,202,28047,278
2021-02-22,Stanislaus,99,539301,50156,49630,5509,55139,722
2021-02-22,Sutter,101,95872,8794,8698,84,8782,98
2021-02-22,Tehama,103,63373,4561,4550,512,5062,30
2021-02-22,Trinity,105,12862,347,287,48,335,3
2021-02-22,Tulare,107,460477,47440,46879,8341,55220,751
2021-02-22,Tuolumne,109,53932,3882,3856,32,3888,53
2021-02-22,Ventura,111,848112,77125,76947,2861,79808,677
2021-02-22,Yolo,113,214977,12827,12689,226,12915,183
2021-02-22,Yuba,115,75493,5456,5404,87,5491,38
2021-02-21,Alameda,1,1643700,80136,79649,1797,81446,1061
2021-02-21,Alpine,3,1148,79,77,0,77,0
2021-02-21,Amador,5,37829,3452,3435,32,3467,39
2021-02-21,Butte,7,227075,11204,10855,1675,12530,176
2021-02-21,Calaveras,9,45235,1895,1860,12,1872,21
2021-02-21,Colusa,11,21464,1862,1860,266,2126,11
2021-02-21,Contra Costa,13,1133247,62523,61364,1113,62477,661
2021-02-21,Del Norte,15,27424,969,942,0,942,3
2021-02-21,El Dorado,17,186661,9028,8927,630,9557,96
2021-02-21,Fresno,19,978130,95093,94374,7896,102270,1349
2021-02-21,Glenn,21,27897,2225,2201,503,2704,14
2021-02-21,Humboldt,23,135768,3113,3096,21,3117,29
2021-02-21,Imperial,25,180216,27074,26779,2626,29405,590
2021-02-21,Inyo,27,18085,1279,1232,2,1234,32
2021-02-21,Kern,29,883053,92383,91141,10055,101196,980
2021-02-21,Kings,31,150075,21986,21784,1044,22828,213
2021-02-21,Lake,33,64148,3148,3100,6,3106,40
2021-02-21,Lassen,35,31185,5092,5077,98,5175,1
2021-02-21,Los Angeles,37,10098052,1164587,1146756,40966,1187722,19711
2021-02-21,Madera,39,155013,15446,15298,827,16125,192
2021-02-21,Marin,41,260295,13070,12968,163,13131,212
2021-02-21,Mariposa,43,17540,376,373,5,378,4
2021-02-21,Mendocino,45,87422,3608,3535,68,3603,41
2021-02-21,Merced,47,269075,28132,28106,874,28980,379
2021-02-21,Modoc,49,8938,336,329,114,443,3
2021-02-21,Mono,51,14174,1165,1189,12,1201,3
2021-02-21,Monterey,53,433212,41627,41373,1721,43094,309
2021-02-21,Napa,55,140530,8970,8929,32,8961,69
2021-02-21,Nevada,57,99092,3958,3895,161,4056,66
2021-02-21,Orange,59,3164182,245323,243985,10449,254434,3801
2021-02-21,Placer,61,380077,20322,19553,1128,20681,238
2021-02-21,Plumas,63,18699,639,625,11,636,4
2021-02-21,Riverside,65,2383286,281809,277555,14055,291610,3564
2021-02-21,Sacramento,67,1510023,93607,92288,1249,93537,1354
2021-02-21,San Benito,69,59416,5720,5716,90,5806,57
2021-02-21,San Bernardino,71,2135413,284431,279870,8546,288416,3247
2021-02-21,San Diego,73,3302833,262081,257027,0,257027,3190
2021-02-21,San Francisco,75,870044,33917,33891,1136,35027,405
2021-02-21,San Joaquin,77,732212,66165,64997,2864,67861,1001
2021-02-21,San Luis Obispo,79,281455,19409,19178,571,19749,229
2021-02-21,San Mateo,81,765935,39261,38448,408,38856,282
2021-02-21,Santa Barbara,83,443738,32044,31374,1146,32520,399
2021-02-21,Santa Clara,85,1922200,109120,108992,575,109567,1654
2021-02-21,Santa Cruz,87,273765,15241,14401,832,15233,176
2021-02-21,Shasta,89,179085,10880,10867,1240,12107,145
2021-02-21,Sierra,91,2930,49,47,14,61,0
2021-02-21,Siskiyou,93,43540,1458,1371,243,1614,4
2021-02-21,Solano,95,438530,29633,29471,359,29830,150
2021-02-21,Sonoma,97,501317,27793,27793,194,27987,278
2021-02-21,Stanislaus,99,539301,50032,49527,5492,55019,726
2021-02-21,Sutter,101,95872,8776,8687,83,8770,97
2021-02-21,Tehama,103,63373,4549,4547,512,5059,30
2021-02-21,Trinity,105,12862,345,286,48,334,3
2021-02-21,Tulare,107,460477,47373,46830,8304,55134,749
2021-02-21,Tuolumne,109,53932,3868,3828,32,3860,53
2021-02-21,Ventura,111,848112,76979,76862,2847,79709,677
2021-02-21,Yolo,113,214977,12796,12670,226,12896,183
2021-02-21,Yuba,115,75493,5448,5396,86,5482,38
2021-02-20,Alameda,1,1643700,80042,79496,1793,81289,1055
2021-02-20,Alpine,3,1148,79,77,0,77,0
2021-02-20,Amador,5,37829,3450,3432,32,3464,39
2021-02-20,Butte,7,227075,11196,10838,1673,12511,176
2021-02-20,Calaveras,9,45235,1894,1858,12,1870,21
2021-02-20,Colusa,11,21464,1861,1858,266,2124,11
2021-02-20,Contra Costa,13,1133247,62434,61205,1111,62316,663
2021-02-20,Del Norte,15,27424,965,937,0,937,3
2021-02-20,El Dorado,17,186661,9017,8911,630,9541,96
2021-02-20,Fresno,19,978130,95006,94234,7877,102111,1341
2021-02-20,Glenn,21,27897,2222,2199,502,2701,14
2021-02-20,Humboldt,23,135768,3105,3073,21,3094,29
2021-02-20,Imperial,25,180216,27066,26771,2626,29397,590
2021-02-20,Inyo,27,18085,1275,1226,2,1228,32
2021-02-20,Kern,29,883053,92312,91025,10021,101046,968
2021-02-20,Kings,31,150075,21968,21773,1043,22816,212
2021-02-20,Lake,33,64148,3141,3089,6,3095,40
2021-02-20,Lassen,35,31185,5090,5067,98,5165,1
2021-02-20,Los Angeles,37,10098052,1164024,1145594,40922,1186516,19630
2021-02-20,Madera,39,155013,15426,15274,826,16100,191
2021-02-20,Marin,41,260295,13049,12945,161,13106,211
2021-02-20,Mariposa,43,17540,376,372,5,377,4
2021-02-20,Mendocino,45,87422,3606,3533,68,3601,40
2021-02-20,Merced,47,269075,28087,28066,872,28938,379
2021-02-20,Modoc,49,8938,336,328,114,442,3
2021-02-20,Mono,51,14174,1164,1187,12,1199,3
2021-02-20,Monterey,53,433212,41607,41313,1719,43032,309
2021-02-20,Napa,55,140530,8961,8910,32,8942,69
2021-02-20,Nevada,57,99092,3948,3887,160,4047,66
2021-02-20,Orange,59,3164182,245160,243761,10433,254194,3755
2021-02-20,Placer,61,380077,20281,19509,1124,20633,236
2021-02-20,Plumas,63,18699,639,626,11,637,4
2021-02-20,Riverside,65,2383286,281658,277267,14043,291310,3559
2021-02-20,Sacramento,67,1510023,93482,92057,1247,93304,1352
2021-02-20,San Benito,69,59416,5708,5709,90,5799,57
2021-02-20,San Bernardino,71,2135413,284333,279608,8541,288149,3203
2021-02-20,San Diego,73,3302833,261839,256510,0,256510,3188
2021-02-20,San Francisco,75,870044,33874,33820,1127,34947,399
2021-02-20,San Joaquin,77,732212,66093,64916,2859,67775,1001
2021-02-20,San Luis Obispo,79,281455,19386,19138,569,19707,229
2021-02-20,San Mateo,81,765935,39219,38371,407,38778,282
2021-02-20,Santa Barbara,83,443738,32010,31289,1144,32433,396
2021-02-20,Santa Clara,85,1922200,108944,108728,572,109300,1649
2021-02-20,Santa Cruz,87,273765,15230,14378,830,15208,176
2021-02-20,Shasta,89,179085,10866,10850,1235,12085,146
2021-02-20,Sierra,91,2930,49,47,14,61,0
2021-02-20,Siskiyou,93,43540,1455,1366,243,1609,4
2021-02-20,Solano,95,438530,29618,29440,357,29797,150
2021-02-20,Sonoma,97,501317,27764,27703,191,27894,278
2021-02-20,Stanislaus,99,539301,49977,49445,5479,54924,733
2021-02-20,Sutter,101,95872,8770,8681,83,8764,97
2021-02-20,Tehama,103,63373,4548,4545,512,5057,30
2021-02-20,Trinity,105,12862,344,285,47,332,3
2021-02-20,Tulare,107,460477,47338,46769,8281,55050,739
2021-02-20,Tuolumne,109,53932,3863,3823,32,3855,53
2021-02-20,Ventura,111,848112,76883,76757,2844,79601,671
2021-02-20,Yolo,113,214977,12782,12639,225,12864,183
2021-02-20,Yuba,115,75493,5445,5386,86,5472,38
2021-02-19,Alameda,1,1643700,79935,79318,1789,81107,1047
2021-02-19,Alpine,3,1148,79,77,0,77,0
2021-02-19,Amador,5,37829,3446,3427,32,3459,39
2021-02-19,Butte,7,227075,11186,10823,1668,12491,176
2021-02-19,Calaveras,9,45235,1893,1856,12,1868,21
2021-02-19,Colusa,11,21464,1861,1858,266,2124,11
2021-02-19,Contra Costa,13,1133247,62327,61017,1109,62126,651
2021-02-19,Del Norte,15,27424,960,932,0,932,2
2021-02-19,El Dorado,17,186661,9008,8882,629,9511,96
2021-02-19,Fresno,19,978130,94876,93973,7858,101831,1330
2021-02-19,Glenn,21,27897,2217,2199,501,2700,14
2021-02-19,Humboldt,23,135768,3093,3037,21,3058,29
2021-02-19,Imperial,25,180216,27061,26751,2623,29374,589
2021-02-19,Inyo,27,18085,1270,1212,2,1214,32
2021-02-19,Kern,29,883053,92243,90807,9979,100786,963
2021-02-19,Kings,31,150075,21954,21724,1040,22764,211
2021-02-19,Lake,33,64148,3135,3078,6,3084,40
2021-02-19,Lassen,35,31185,5089,5057,98,5155,1
2021-02-19,Los Angeles,37,10098052,1163278,1143828,40878,1184706,19498
2021-02-19,Madera,39,155013,15409,15222,824,16046,188
2021-02-19,Marin,41,260295,13025,12919,159,13078,210
2021-02-19,Mariposa,43,17540,376,371,5,376,4
2021-02-19,Mendocino,45,87422,3604,3526,68,3594,39
2021-02-19,Merced,47,269075,28056,27985,868,28853,376
2021-02-19,Modoc,49,8938,336,328,114,442,3
2021-02-19,Mono,51,14174,1164,1186,12,1198,3
2021-02-19,Monterey,53,433212,41578,41209,1715,42924,309
2021-02-19,Napa,55,140530,8950,8899,32,8931,69
2021-02-19,Nevada,57,99092,3942,3863,160,4023,66
2021-02-19,Orange,59,3164182,244982,243397,10418,253815,3715
2021-02-19,Placer,61,380077,20260,19457,1124,20581,236
2021-02-19,Plumas,63,18699,637,624,11,635,4
2021-02-19,Riverside,65,2383286,281487,276941,14026,290967,3541
2021-02-19,Sacramento,67,1510023,93361,91815,1243,93058,1351
2021-02-19,San Benito,69,59416,5703,5699,90,5789,57
2021-02-19,San Bernardino,71,2135413,284211,279209,8535,287744,3117
2021-02-19,San Diego,73,3302833,261549,255799,0,255799,3169
2021-02-19,San Francisco,75,870044,33826,33746,1121,34867,387
2021-02-19,San Joaquin,77,732212,66022,64774,2850,67624,988
2021-02-19,San Luis Obispo,79,281455,19356,19061,567,19628,230
2021-02-19,San Mateo,81,765935,39161,38256,405,38661,282
2021-02-19,Santa Barbara,83,443738,31946,31204,1143,32347,392
2021-02-19,Santa Clara,85,1922200,108731,108400,570,108970,1634
2021-02-19,Santa Cruz,87,273765,15215,14354,830,15184,176
2021-02-19,Shasta,89,179085,10854,10833,1232,12065,140
2021-02-19,Sierra,91,2930,49,47,14,61,0
2021-02-19,Siskiyou,93,43540,1451,1363,241,1604,4
2021-02-19,Solano,95,438530,29587,29383,356,29739,150
2021-02-19,Sonoma,97,501317,27717,27595,189,27784,280
2021-02-19,Stanislaus,99,539301,49916,49282,5463,54745,739
2021-02-19,Sutter,101,95872,8760,8665,83,8748,96
2021-02-19,Tehama,103,63373,4546,4535,512,5047,30
2021-02-19,Trinity,105,12862,343,282,44,326,3
2021-02-19,Tulare,107,460477,47294,46662,8253,54915,736
2021-02-19,Tuolumne,109,53932,3857,3817,31,3848,52
2021-02-19,Ventura,111,848112,76803,76582,2841,79423,667
2021-02-19,Yolo,113,214977,12766,12606,225,12831,183
2021-02-19,Yuba,115,75493,5435,5376,86,5462,38
2021-02-18,Alameda,1,1643700,79788,79111,1782,80893,1012
2021-02-18,Alpine,3,1148,79,77,0,77,0
2021-02-18,Amador,5,37829,3442,3417,31,3448,38
2021-02-18,Butte,7,227075,11167,10791,1665,12456,175
2021-02-18,Calaveras,9,45235,1888,1873,12,1885,21
2021-02-18,Colusa,11,21464,1859,1856,264,2120,11
2021-02-18,Contra Costa,13,1133247,62216,60868,1108,61976,640
2021-02-18,Del Norte,15,27424,955,929,0,929,2
2021-02-18,El Dorado,17,186661,8994,8850,628,9478,94
2021-02-18,Fresno,19,978130,94707,93734,7830,101564,1323
2021-02-18,Glenn,21,27897,2211,2195,501,2696,14
2021-02-18,Humboldt,23,135768,3081,3023,21,3044,29
2021-02-18,Imperial,25,180216,27035,26731,2618,29349,591
2021-02-18,Inyo,27,18085,1266,1213,1,1214,32
2021-02-18,Kern,29,883053,92086,90655,9949,100604,961
2021-02-18,Kings,31,150075,21933,21648,1038,22686,211
2021-02-18,Lake,33,64148,3127,3066,6,3072,40
2021-02-18,Lassen,35,31185,5080,5052,98,5150,1
2021-02-18,Los Angeles,37,10098052,1162324,1141930,40808,1182738,19358
2021-02-18,Madera,39,155013,15388,15175,819,15994,188
2021-02-18,Marin,41,260295,13011,12895,159,13054,209
2021-02-18,Mariposa,43,17540,375,369,5,374,4
2021-02-18,Mendocino,45,87422,3601,3519,67,3586,39
2021-02-18,Merced,47,269075,28006,27870,862,28732,372
2021-02-18,Modoc,49,8938,334,327,113,440,3
2021-02-18,Mono,51,14174,1164,1182,12,1194,3
2021-02-18,Monterey,53,433212,41515,41091,1706,42797,307
2021-02-18,Napa,55,140530,8933,8877,32,8909,68
2021-02-18,Nevada,57,99092,3933,3836,159,3995,66
2021-02-18,Orange,59,3164182,244762,243098,10399,253497,3673
2021-02-18,Placer,61,380077,20234,19429,1123,20552,232
2021-02-18,Plumas,63,18699,637,624,11,635,4
2021-02-18,Riverside,65,2383286,281208,276595,14005,290600,3510
2021-02-18,Sacramento,67,1510023,93198,91476,1237,92713,1334
2021-02-18,San Benito,69,59416,5700,5697,89,5786,58
2021-02-18,San Bernardino,71,2135413,283999,278887,8521,287408,3066
2021-02-18,San Diego,73,3302833,261196,254987,0,254987,3135
2021-02-18,San Francisco,75,870044,33768,33650,1118,34768,386
2021-02-18,San Joaquin,77,732212,65937,64634,2839,67473,982
2021-02-18,San Luis Obispo,79,281455,19314,18987,564,19551,230
2021-02-18,San Mateo,81,765935,39099,38185,401,38586,282
2021-02-18,Santa Barbara,83,443738,31867,31054,1135,32189,387
2021-02-18,Santa Clara,85,1922200,108506,108210,567,108777,1605
2021-02-18,Santa Cruz,87,273765,15189,14314,830,15144,176
2021-02-18,Shasta,89,179085,10834,10811,1229,12040,139
2021-02-18,Sierra,91,2930,48,47,14,61,0
2021-02-18,Siskiyou,93,43540,1446,1359,240,1599,4
2021-02-18,Solano,95,438530,29560,29349,355,29704,150
2021-02-18,Sonoma,97,501317,27649,27512,188,27700,281
2021-02-18,Stanislaus,99,539301,49819,49150,5448,54598,738
2021-02-18,Sutter,101,95872,8752,8654,83,8737,96
2021-02-18,Tehama,103,63373,4543,4528,511,5039,30
2021-02-18,Trinity,105,12862,342,282,44,326,3
2021-02-18,Tulare,107,460477,47235,46591,8211,54802,728
2021-02-18,Tuolumne,109,53932,3820,3811,31,3842,52
2021-02-18,Ventura,111,848112,76672,76442,2831,79273,659
2021-02-18,Yolo,113,214977,12739,12549,222,12771,183
2021-02-18,Yuba,115,75493,5418,5358,86,5444,38
2021-02-17,Alameda,1,1643700,79626,78895,1780,80675,1002
2021-02-17,Alpine,3,1148,79,77,0,77,0
2021-02-17,Amador,5,37829,3438,3415,31,3446,38
2021-02-17,Butte,7,227075,11149,10770,1662,12432,174
2021-02-17,Calaveras,9,45235,1888,1876,12,1888,21
2021-02-17,Colusa,11,21464,1856,1854,264,2118,10
2021-02-17,Contra Costa,13,1133247,62077,60723,1105,61828,635
2021-02-17,Del Norte,15,27424,949,920,0,920,2
2021-02-17,El Dorado,17,186661,8983,8847,628,9475,94
2021-02-17,Fresno,19,978130,94575,93555,7804,101359,1307
2021-02-17,Glenn,21,27897,2211,2189,500,2689,14
2021-02-17,Humboldt,23,135768,3066,3006,21,3027,29
2021-02-17,Imperial,25,180216,27020,26726,2616,29342,580
2021-02-17,Inyo,27,18085,1258,1197,1,1198,32
2021-02-17,Kern,29,883053,91967,90454,9902,100356,962
2021-02-17,Kings,31,150075,21896,21617,1034,22651,211
2021-02-17,Lake,33,64148,3116,3057,2,3059,38
2021-02-17,Lassen,35,31185,5075,5052,97,5149,1
2021-02-17,Los Angeles,37,10098052,1161279,1139786,40741,1180527,19213
2021-02-17,Madera,39,155013,15362,15135,810,15945,177
2021-02-17,Marin,41,260295,12985,12881,159,13040,207
2021-02-17,Mariposa,43,17540,375,368,4,372,4
2021-02-17,Mendocino,45,87422,3599,3494,66,3560,39
2021-02-17,Merced,47,269075,27952,27824,853,28677,372
2021-02-17,Modoc,49,8938,334,327,113,440,3
2021-02-17,Mono,51,14174,1164,1180,12,1192,3
2021-02-17,Monterey,53,433212,41461,41014,1694,42708,304
2021-02-17,Napa,55,140530,8919,8865,32,8897,68
2021-02-17,Nevada,57,99092,3914,3822,156,3978,52
2021-02-17,Orange,59,3164182,244494,242716,10366,253082,3626
2021-02-17,Placer,61,380077,20201,19405,1118,20523,230
2021-02-17,Plumas,63,18699,636,623,11,634,4
2021-02-17,Riverside,65,2383286,280933,276289,13982,290271,3491
2021-02-17,Sacramento,67,1510023,93043,91309,1230,92539,1326
2021-02-17,San Benito,69,59416,5694,5661,89,5750,57
2021-02-17,San Bernardino,71,2135413,283795,278461,8501,286962,3020
2021-02-17,San Diego,73,3302833,260820,254177,0,254177,3099
2021-02-17,San Francisco,75,870044,33691,33558,1113,34671,379
2021-02-17,San Joaquin,77,732212,65836,64556,2832,67388,979
2021-02-17,San Luis Obispo,79,281455,19269,18964,564,19528,230
2021-02-17,San Mateo,81,765935,39032,38124,399,38523,282
2021-02-17,Santa Barbara,83,443738,31800,30927,1134,32061,384
2021-02-17,Santa Clara,85,1922200,108274,107949,565,108514,1592
2021-02-17,Santa Cruz,87,273765,15156,14268,827,15095,174
2021-02-17,Shasta,89,179085,10814,10770,1228,11998,139
2021-02-17,Sierra,91,2930,48,47,14,61,0
2021-02-17,Siskiyou,93,43540,1440,1352,237,1589,4
2021-02-17,Solano,95,438530,29505,29288,355,29643,149
2021-02-17,Sonoma,97,501317,27576,27408,183,27591,281
2021-02-17,Stanislaus,99,539301,49710,49050,5431,54481,730
2021-02-17,Sutter,101,95872,8742,8681,83,8764,95
2021-02-17,Tehama,103,63373,4539,4511,510,5021,30
2021-02-17,Trinity,105,12862,342,277,42,319,3
2021-02-17,Tulare,107,460477,47174,46495,8180,54675,726
2021-02-17,Tuolumne,109,53932,3811,3806,31,3837,49
2021-02-17,Ventura,111,848112,76547,76234,2824,79058,646
2021-02-17,Yolo,113,214977,12722,12506,220,12726,182
2021-02-17,Yuba,115,75493,5409,5345,86,5431,38
2021-02-16,Alameda,1,1643700,79451,78756,1776,80532,997
2021-02-16,Alpine,3,1148,79,76,0,76,0
2021-02-16,Amador,5,37829,3431,3413,31,3444,39
2021-02-16,Butte,7,227075,11123,10748,1659,12407,164
2021-02-16,Calaveras,9,45235,1886,1872,12,1884,21
2021-02-16,Colusa,11,21464,1853,1852,262,2114,10
2021-02-16,Contra Costa,13,1133247,61930,60564,1100,61664,631
2021-02-16,Del Norte,15,27424,941,913,0,913,2
2021-02-16,El Dorado,17,186661,8973,8836,627,9463,94
2021-02-16,Fresno,19,978130,94403,93363,7773,101136,1293
2021-02-16,Glenn,21,27897,2202,2189,495,2684,14
2021-02-16,Humboldt,23,135768,3042,2994,21,3015,29
2021-02-16,Imperial,25,180216,27007,26711,2612,29323,580
2021-02-16,Inyo,27,18085,1250,1191,1,1192,32
2021-02-16,Kern,29,883053,91836,90267,9869,100136,959
2021-02-16,Kings,31,150075,21850,21583,1030,22613,206
2021-02-16,Lake,33,64148,3107,3041,2,3043,38
2021-02-16,Lassen,35,31185,5063,5047,97,5144,1
2021-02-16,Los Angeles,37,10098052,1160035,1138262,40677,1178939,19044
2021-02-16,Madera,39,155013,15323,15120,806,15926,172
2021-02-16,Marin,41,260295,12961,12832,159,12991,205
2021-02-16,Mariposa,43,17540,375,367,4,371,4
2021-02-16,Mendocino,45,87422,3595,3489,66,3555,39
2021-02-16,Merced,47,269075,27880,27724,846,28570,368
2021-02-16,Modoc,49,8938,334,326,113,439,3
2021-02-16,Mono,51,14174,1164,1180,12,1192,3
2021-02-16,Monterey,53,433212,41387,40962,1685,42647,303
2021-02-16,Napa,55,140530,8906,8854,32,8886,66
2021-02-16,Nevada,57,99092,3901,3774,155,3929,47
2021-02-16,Orange,59,3164182,244172,242382,10351,252733,3612
2021-02-16,Placer,61,380077,20169,19367,1115,20482,230
2021-02-16,Plumas,63,18699,636,619,11,630,4
2021-02-16,Riverside,65,2383286,280632,275954,13959,289913,3471
2021-02-16,Sacramento,67,1510023,92788,91246,1223,92469,1305
2021-02-16,San Benito,69,59416,5686,5659,88,5747,56
2021-02-16,San Bernardino,71,2135413,283572,277947,8490,286437,2978
2021-02-16,San Diego,73,3302833,260357,253638,0,253638,3042
2021-02-16,San Francisco,75,870044,33621,33491,1108,34599,373
2021-02-16,San Joaquin,77,732212,65716,64448,2828,67276,979
2021-02-16,San Luis Obispo,79,281455,19224,18925,561,19486,229
2021-02-16,San Mateo,81,765935,38973,38041,397,38438,277
2021-02-16,Santa Barbara,83,443738,31727,30865,1130,31995,378
2021-02-16,Santa Clara,85,1922200,108021,107754,562,108316,1591
2021-02-16,Santa Cruz,87,273765,15137,14256,825,15081,174
2021-02-16,Shasta,89,179085,10798,10736,1226,11962,139
2021-02-16,Sierra,91,2930,48,47,14,61,0
2021-02-16,Siskiyou,93,43540,1436,1351,237,1588,4
2021-02-16,Solano,95,438530,29465,29246,354,29600,148
2021-02-16,Sonoma,97,501317,27513,27380,177,27557,279
2021-02-16,Stanislaus,99,539301,49592,48927,5414,54341,716
2021-02-16,Sutter,101,95872,8719,8671,83,8754,95
2021-02-16,Tehama,103,63373,4530,4501,509,5010,30
2021-02-16,Trinity,105,12862,338,275,42,317,3
2021-02-16,Tulare,107,460477,47110,46444,8134,54578,716
2021-02-16,Tuolumne,109,53932,3809,3796,31,3827,49
2021-02-16,Ventura,111,848112,76403,76043,2820,78863,631
2021-02-16,Yolo,113,214977,12691,12457,220,12677,175
2021-02-16,Yuba,115,75493,5402,5332,85,5417,38
2021-02-15,Alameda,1,1643700,79251,78647,1765,80412,996
2021-02-15,Alpine,3,1148,79,76,0,76,0
2021-02-15,Amador,5,37829,3427,3409,31,3440,39
2021-02-15,Butte,7,227075,11105,10723,1655,12378,155
2021-02-15,Calaveras,9,45235,1883,1871,12,1883,21
2021-02-15,Colusa,11,21464,1853,1849,258,2107,10
2021-02-15,Contra Costa,13,1133247,61755,60444,1093,61537,631
2021-02-15,Del Norte,15,27424,937,913,0,913,2
2021-02-15,El Dorado,17,186661,8957,8816,627,9443,94
2021-02-15,Fresno,19,978130,94204,93231,7735,100966,1288
2021-02-15,Glenn,21,27897,2199,2185,492,2677,14
2021-02-15,Humboldt,23,135768,3035,2997,21,3018,29
2021-02-15,Imperial,25,180216,26989,26700,2607,29307,580
2021-02-15,Inyo,27,18085,1231,1184,1,1185,32
2021-02-15,Kern,29,883053,91693,90181,9836,100017,959
2021-02-15,Kings,31,150075,21805,21574,1026,22600,205
2021-02-15,Lake,33,64148,3093,3030,1,3031,38
2021-02-15,Lassen,35,31185,5061,5047,96,5143,1
2021-02-15,Los Angeles,37,10098052,1158646,1137164,40614,1177778,18925
2021-02-15,Madera,39,155013,15292,15108,805,15913,106
2021-02-15,Marin,41,260295,12941,12810,156,12966,203
2021-02-15,Mariposa,43,17540,373,367,4,371,4
2021-02-15,Mendocino,45,87422,3583,3481,66,3547,39
2021-02-15,Merced,47,269075,27805,27656,839,28495,368
2021-02-15,Modoc,49,8938,334,326,113,439,3
2021-02-15,Mono,51,14174,1161,1178,12,1190,3
2021-02-15,Monterey,53,433212,41325,40911,1671,42582,302
2021-02-15,Napa,55,140530,8892,8837,32,8869,57
2021-02-15,Nevada,57,99092,3884,3767,154,3921,47
2021-02-15,Orange,59,3164182,243853,242176,10324,252500,3586
2021-02-15,Placer,61,380077,20142,19361,1114,20475,230
2021-02-15,Plumas,63,18699,636,620,11,631,4
2021-02-15,Riverside,65,2383286,280286,275771,13944,289715,3468
2021-02-15,Sacramento,67,1510023,92461,91091,1218,92309,1304
2021-02-15,San Benito,69,59416,5677,5649,88,5737,56
2021-02-15,San Bernardino,71,2135413,283313,277869,8482,286351,2945
2021-02-15,San Diego,73,3302833,259845,252940,0,252940,3037
2021-02-15,San Francisco,75,870044,33548,33454,1100,34554,373
2021-02-15,San Joaquin,77,732212,65551,64382,2821,67203,979
2021-02-15,San Luis Obispo,79,281455,19171,18891,559,19450,227
2021-02-15,San Mateo,81,765935,38893,37969,394,38363,277
2021-02-15,Santa Barbara,83,443738,31627,30810,1127,31937,378
2021-02-15,Santa Clara,85,1922200,107787,107630,560,108190,1588
2021-02-15,Santa Cruz,87,273765,15105,14239,822,15061,175
2021-02-15,Shasta,89,179085,10778,10730,1221,11951,139
2021-02-15,Sierra,91,2930,48,47,14,61,0
2021-02-15,Siskiyou,93,43540,1428,1345,236,1581,4
2021-02-15,Solano,95,438530,29410,29225,354,29579,148
2021-02-15,Sonoma,97,501317,27426,27359,173,27532,276
2021-02-15,Stanislaus,99,539301,49468,48808,5400,54208,716
2021-02-15,Sutter,101,95872,8704,8652,83,8735,95
2021-02-15,Tehama,103,63373,4519,4492,507,4999,30
2021-02-15,Trinity,105,12862,337,274,42,316,3
2021-02-15,Tulare,107,460477,47038,46344,8093,54437,715
2021-02-15,Tuolumne,109,53932,3799,3794,31,3825,49
2021-02-15,Ventura,111,848112,76247,75889,2817,78706,629
2021-02-15,Yolo,113,214977,12656,12412,213,12625,175
2021-02-15,Yuba,115,75493,5385,5320,84,5404,38
2021-02-14,Alameda,1,1643700,79094,78442,1764,80206,995
2021-02-14,Alpine,3,1148,79,76,0,76,0
2021-02-14,Amador,5,37829,3422,3398,31,3429,39
2021-02-14,Butte,7,227075,11081,10717,1650,12367,155
2021-02-14,Calaveras,9,45235,1880,1866,12,1878,21
2021-02-14,Colusa,11,21464,1849,1845,255,2100,10
2021-02-14,Contra Costa,13,1133247,61607,60272,1090,61362,631
2021-02-14,Del Norte,15,27424,933,911,0,911,2
2021-02-14,El Dorado,17,186661,8929,8790,625,9415,94
2021-02-14,Fresno,19,978130,94040,93065,7710,100775,1287
2021-02-14,Glenn,21,27897,2197,2184,492,2676,14
2021-02-14,Humboldt,23,135768,3022,2992,21,3013,29
2021-02-14,Imperial,25,180216,26981,26696,2606,29302,580
2021-02-14,Inyo,27,18085,1225,1177,1,1178,32
2021-02-14,Kern,29,883053,91536,90038,9781,99819,959
2021-02-14,Kings,31,150075,21780,21538,1023,22561,205
2021-02-14,Lake,33,64148,3084,3030,1,3031,38
2021-02-14,Lassen,35,31185,5057,5037,96,5133,1
2021-02-14,Los Angeles,37,10098052,1157308,1135450,40526,1175976,18898
2021-02-14,Madera,39,155013,15260,15089,801,15890,106
2021-02-14,Marin,41,260295,12917,12784,156,12940,201
2021-02-14,Mariposa,43,17540,373,365,4,369,4
2021-02-14,Mendocino,45,87422,3578,3475,66,3541,39
2021-02-14,Merced,47,269075,27728,27601,833,28434,368
2021-02-14,Modoc,49,8938,334,326,113,439,3
2021-02-14,Mono,51,14174,1160,1180,12,1192,3
2021-02-14,Monterey,53,433212,41276,40842,1667,42509,302
2021-02-14,Napa,55,140530,8872,8826,32,8858,57
2021-02-14,Nevada,57,99092,3868,3761,154,3915,47
2021-02-14,Orange,59,3164182,243544,241859,10303,252162,3564
2021-02-14,Placer,61,380077,20104,19313,1109,20422,230
2021-02-14,Plumas,63,18699,635,620,11,631,4
2021-02-14,Riverside,65,2383286,279972,275518,13923,289441,3471
2021-02-14,Sacramento,67,1510023,92254,90856,1214,92070,1304
2021-02-14,San Benito,69,59416,5669,5641,87,5728,56
2021-02-14,San Bernardino,71,2135413,282997,277664,8463,286127,2929
2021-02-14,San Diego,73,3302833,259353,252247,0,252247,3037
2021-02-14,San Francisco,75,870044,33476,33374,1090,34464,372
2021-02-14,San Joaquin,77,732212,65452,64243,2807,67050,979
2021-02-14,San Luis Obispo,79,281455,19133,18868,556,19424,225
2021-02-14,San Mateo,81,765935,38811,37859,394,38253,277
2021-02-14,Santa Barbara,83,443738,31535,30744,1123,31867,377
2021-02-14,Santa Clara,85,1922200,107587,107412,556,107968,1582
2021-02-14,Santa Cruz,87,273765,15077,14225,817,15042,175
2021-02-14,Shasta,89,179085,10748,10720,1215,11935,139
2021-02-14,Sierra,91,2930,48,47,14,61,0
2021-02-14,Siskiyou,93,43540,1424,1340,236,1576,4
2021-02-14,Solano,95,438530,29372,29150,350,29500,148
2021-02-14,Sonoma,97,501317,27349,27266,171,27437,276
2021-02-14,Stanislaus,99,539301,49362,48672,5384,54056,716
2021-02-14,Sutter,101,95872,8681,8642,83,8725,95
2021-02-14,Tehama,103,63373,4511,4490,505,4995,30
2021-02-14,Trinity,105,12862,337,272,42,314,3
2021-02-14,Tulare,107,460477,46963,46263,8038,54301,715
2021-02-14,Tuolumne,109,53932,3798,3764,31,3795,49
2021-02-14,Ventura,111,848112,76073,75742,2806,78548,629
2021-02-14,Yolo,113,214977,12626,12399,212,12611,175
2021-02-14,Yuba,115,75493,5375,5314,84,5398,38
2021-02-13,Alameda,1,1643700,78976,78246,1761,80007,995
2021-02-13,Alpine,3,1148,79,76,0,76,0
2021-02-13,Amador,5,37829,3419,3387,31,3418,38
2021-02-13,Butte,7,227075,11065,10699,1649,12348,155
2021-02-13,Calaveras,9,45235,1876,1863,12,1875,21
2021-02-13,Colusa,11,21464,1849,1837,255,2092,10
2021-02-13,Contra Costa,13,1133247,61487,60100,1090,61190,629
2021-02-13,Del Norte,15,27424,931,908,0,908,2
2021-02-13,El Dorado,17,186661,8918,8758,624,9382,93
2021-02-13,Fresno,19,978130,93933,92807,7686,100493,1287
2021-02-13,Glenn,21,27897,2196,2182,492,2674,14
2021-02-13,Humboldt,23,135768,3009,2974,20,2994,29
2021-02-13,Imperial,25,180216,26974,26680,2604,29284,580
2021-02-13,Inyo,27,18085,1221,1168,1,1169,32
2021-02-13,Kern,29,883053,91448,89915,9755,99670,957
2021-02-13,Kings,31,150075,21765,21513,1021,22534,205
2021-02-13,Lake,33,64148,3078,3025,1,3026,37
2021-02-13,Lassen,35,31185,5054,5028,96,5124,1
2021-02-13,Los Angeles,37,10098052,1156450,1133752,40476,1174228,18822
2021-02-13,Madera,39,155013,15251,15053,796,15849,106
2021-02-13,Marin,41,260295,12896,12757,156,12913,201
2021-02-13,Mariposa,43,17540,373,365,4,369,4
2021-02-13,Mendocino,45,87422,3568,3466,66,3532,38
2021-02-13,Merced,47,269075,27684,27541,830,28371,368
2021-02-13,Modoc,49,8938,334,325,113,438,3
2021-02-13,Mono,51,14174,1160,1176,12,1188,3
2021-02-13,Monterey,53,433212,41245,40731,1665,42396,301
2021-02-13,Napa,55,140530,8863,8809,32,8841,57
2021-02-13,Nevada,57,99092,3859,3742,153,3895,47
2021-02-13,Orange,59,3164182,243341,241545,10282,251827,3520
2021-02-13,Placer,61,380077,20083,19214,1109,20323,230
2021-02-13,Plumas,63,18699,635,616,11,627,4
2021-02-13,Riverside,65,2383286,279744,275276,13913,289189,3462
2021-02-13,Sacramento,67,1510023,92085,90401,1211,91612,1302
2021-02-13,San Benito,69,59416,5655,5633,87,5720,56
2021-02-13,San Bernardino,71,2135413,282848,277405,8451,285856,2899
2021-02-13,San Diego,73,3302833,259023,251679,0,251679,3009
2021-02-13,San Francisco,75,870044,33427,33291,1079,34370,364
2021-02-13,San Joaquin,77,732212,65384,64105,2797,66902,977
2021-02-13,San Luis Obispo,79,281455,19105,18803,550,19353,225
2021-02-13,San Mateo,81,765935,38758,37745,394,38139,277
2021-02-13,Santa Barbara,83,443738,31484,30594,1121,31715,374
2021-02-13,Santa Clara,85,1922200,107403,107125,552,107677,1570
2021-02-13,Santa Cruz,87,273765,15050,14198,816,15014,173
2021-02-13,Shasta,89,179085,10736,10713,1210,11923,139
2021-02-13,Sierra,91,2930,48,47,14,61,0
2021-02-13,Siskiyou,93,43540,1421,1336,236,1572,4
2021-02-13,Solano,95,438530,29336,29084,350,29434,148
2021-02-13,Sonoma,97,501317,27303,27157,169,27326,276
2021-02-13,Stanislaus,99,539301,49293,48568,5378,53946,697
2021-02-13,Sutter,101,95872,8669,8626,83,8709,94
2021-02-13,Tehama,103,63373,4502,4484,504,4988,30
2021-02-13,Trinity,105,12862,336,272,41,313,3
2021-02-13,Tulare,107,460477,46919,46162,8001,54163,709
2021-02-13,Tuolumne,109,53932,3797,3752,31,3783,49
2021-02-13,Ventura,111,848112,75936,75481,2800,78281,618
2021-02-13,Yolo,113,214977,12614,12374,211,12585,175
2021-02-13,Yuba,115,75493,5367,5289,84,5373,38
2021-02-12,Alameda,1,1643700,78841,77958,1755,79713,974
2021-02-12,Alpine,3,1148,79,76,0,76,0
2021-02-12,Amador,5,37829,3415,3381,31,3412,38
2021-02-12,Butte,7,227075,11050,10655,1642,12297,155
2021-02-12,Calaveras,9,45235,1873,1860,12,1872,21
2021-02-12,Colusa,11,21464,1849,1836,255,2091,10
2021-02-12,Contra Costa,13,1133247,61337,59878,1086,60964,620
2021-02-12,Del Norte,15,27424,921,901,0,901,2
2021-02-12,El Dorado,17,186661,8902,8725,621,9346,92
2021-02-12,Fresno,19,978130,93786,92520,7665,100185,1273
2021-02-12,Glenn,21,27897,2193,2175,492,2667,14
2021-02-12,Humboldt,23,135768,3001,2961,20,2981,29
2021-02-12,Imperial,25,180216,26965,26646,2602,29248,585
2021-02-12,Inyo,27,18085,1215,1156,1,1157,32
2021-02-12,Kern,29,883053,91338,89532,9719,99251,949
2021-02-12,Kings,31,150075,21734,21462,1015,22477,202
2021-02-12,Lake,33,64148,3074,3012,1,3013,36
2021-02-12,Lassen,35,31185,5052,5015,96,5111,1
2021-02-12,Los Angeles,37,10098052,1155247,1131185,40405,1171590,18637
2021-02-12,Madera,39,155013,15224,15022,793,15815,106
2021-02-12,Marin,41,260295,12870,12720,156,12876,200
2021-02-12,Mariposa,43,17540,372,365,4,369,4
2021-02-12,Mendocino,45,87422,3566,3447,66,3513,38
2021-02-12,Merced,47,269075,27633,27453,827,28280,367
2021-02-12,Modoc,49,8938,334,324,113,437,3
2021-02-12,Mono,51,14174,1159,1172,12,1184,3
2021-02-12,Monterey,53,433212,41198,40633,1656,42289,297
2021-02-12,Napa,55,140530,8851,8785,32,8817,55
2021-02-12,Nevada,57,99092,3854,3728,153,3881,47
2021-02-12,Orange,59,3164182,243104,241075,10266,251341,3505
2021-02-12,Placer,61,380077,20043,19174,1104,20278,230
2021-02-12,Plumas,63,18699,634,614,11,625,4
2021-02-12,Riverside,65,2383286,279470,274792,13895,288687,3438
2021-02-12,Sacramento,67,1510023,91881,90252,1210,91462,1295
2021-02-12,San Benito,69,59416,5639,5622,86,5708,56
2021-02-12,San Bernardino,71,2135413,282658,276890,8439,285329,2827
2021-02-12,San Diego,73,3302833,258641,250788,0,250788,2979
2021-02-12,San Francisco,75,870044,33367,33179,1075,34254,359
2021-02-12,San Joaquin,77,732212,65290,63966,2789,66755,975
2021-02-12,San Luis Obispo,79,281455,19064,18687,549,19236,224
2021-02-12,San Mateo,81,765935,38686,37560,394,37954,254
2021-02-12,Santa Barbara,83,443738,31413,30454,1116,31570,372
2021-02-12,Santa Clara,85,1922200,107234,106759,549,107308,1543
2021-02-12,Santa Cruz,87,273765,15030,14147,816,14963,170
2021-02-12,Shasta,89,179085,10718,10693,1200,11893,142
2021-02-12,Sierra,91,2930,47,45,14,59,0
2021-02-12,Siskiyou,93,43540,1417,1324,233,1557,4
2021-02-12,Solano,95,438530,29304,28996,347,29343,147
2021-02-12,Sonoma,97,501317,27247,27064,165,27229,275
2021-02-12,Stanislaus,99,539301,49210,48418,5353,53771,697
2021-02-12,Sutter,101,95872,8655,8609,83,8692,93
2021-02-12,Tehama,103,63373,4494,4470,503,4973,27
2021-02-12,Trinity,105,12862,336,269,41,310,3
2021-02-12,Tulare,107,460477,46841,46016,7974,53990,710
2021-02-12,Tuolumne,109,53932,3795,3736,30,3766,49
2021-02-12,Ventura,111,848112,75769,75210,2792,78002,605
2021-02-12,Yolo,113,214977,12594,12340,211,12551,175
2021-02-12,Yuba,115,75493,5359,5274,84,5358,38
2021-02-11,Alameda,1,1643700,78614,77564,1750,79314,960
2021-02-11,Alpine,3,1148,78,76,0,76,0
2021-02-11,Amador,5,37829,3411,3368,31,3399,35
2021-02-11,Butte,7,227075,11026,10624,1640,12264,155
2021-02-11,Calaveras,9,45235,1871,1856,12,1868,21
2021-02-11,Colusa,11,21464,1844,1823,253,2076,10
2021-02-11,Contra Costa,13,1133247,61170,59633,1082,60715,605
2021-02-11,Del Norte,15,27424,916,894,0,894,2
2021-02-11,El Dorado,17,186661,8881,8698,621,9319,92
2021-02-11,Fresno,19,978130,93634,92168,7638,99806,1255
2021-02-11,Glenn,21,27897,2191,2166,490,2656,14
2021-02-11,Humboldt,23,135768,2988,2954,19,2973,29
2021-02-11,Imperial,25,180216,26941,26545,2600,29145,578
2021-02-11,Inyo,27,18085,1206,1144,1,1145,32
2021-02-11,Kern,29,883053,91151,89224,9672,98896,941
2021-02-11,Kings,31,150075,21704,21373,1012,22385,202
2021-02-11,Lake,33,64148,3064,3002,1,3003,36
2021-02-11,Lassen,35,31185,5041,5004,93,5097,1
2021-02-11,Los Angeles,37,10098052,1153620,1128437,40333,1168770,18500
2021-02-11,Madera,39,155013,15203,14984,791,15775,106
2021-02-11,Marin,41,260295,12833,12682,156,12838,200
2021-02-11,Mariposa,43,17540,372,361,4,365,4
2021-02-11,Mendocino,45,87422,3559,3420,66,3486,38
2021-02-11,Merced,47,269075,27568,27325,823,28148,363
2021-02-11,Modoc,49,8938,333,317,113,430,3
2021-02-11,Mono,51,14174,1155,1173,12,1185,3
2021-02-11,Monterey,53,433212,41090,40469,1649,42118,295
2021-02-11,Napa,55,140530,8830,8777,32,8809,55
2021-02-11,Nevada,57,99092,3838,3720,153,3873,47
2021-02-11,Orange,59,3164182,242738,240590,10242,250832,3476
2021-02-11,Placer,61,380077,20003,19118,1103,20221,224
2021-02-11,Plumas,63,18699,633,592,11,603,4
2021-02-11,Riverside,65,2383286,279106,274313,13880,288193,3394
2021-02-11,Sacramento,67,1510023,91635,89988,1204,91192,1286
2021-02-11,San Benito,69,59416,5630,5609,86,5695,56
2021-02-11,San Bernardino,71,2135413,282341,276349,8425,284774,2774
2021-02-11,San Diego,73,3302833,258090,249971,0,249971,2955
2021-02-11,San Francisco,75,870044,33284,33076,1063,34139,356
2021-02-11,San Joaquin,77,732212,65120,63719,2778,66497,971
2021-02-11,San Luis Obispo,79,281455,18999,18615,545,19160,219
2021-02-11,San Mateo,81,765935,38593,37439,391,37830,253
2021-02-11,Santa Barbara,83,443738,31320,30375,1111,31486,370
2021-02-11,Santa Clara,85,1922200,106978,106392,543,106935,1507
2021-02-11,Santa Cruz,87,273765,15008,14088,810,14898,165
2021-02-11,Shasta,89,179085,10694,10672,1196,11868,140
2021-02-11,Sierra,91,2930,47,45,14,59,0
2021-02-11,Siskiyou,93,43540,1402,1320,233,1553,4
2021-02-11,Solano,95,438530,29252,28885,347,29232,138
2021-02-11,Sonoma,97,501317,27164,26971,162,27133,272
2021-02-11,Stanislaus,99,539301,49066,48205,5342,53547,697
2021-02-11,Sutter,101,95872,8641,8590,82,8672,93
2021-02-11,Tehama,103,63373,4488,4463,503,4966,26
2021-02-11,Trinity,105,12862,336,269,41,310,3
2021-02-11,Tulare,107,460477,46749,45897,7929,53826,706
2021-02-11,Tuolumne,109,53932,3758,3716,30,3746,48
2021-02-11,Ventura,111,848112,75568,74959,2783,77742,590
2021-02-11,Yolo,113,214977,12571,12303,209,12512,173
2021-02-11,Yuba,115,75493,5345,5261,82,5343,38
2021-02-10,Alameda,1,1643700,78410,77344,1748,79092,944
2021-02-10,Alpine,3,1148,78,76,0,76,0
2021-02-10,Amador,5,37829,3399,3348,31,3379,35
2021-02-10,Butte,7,227075,11000,10594,1639,12233,155
2021-02-10,Calaveras,9,45235,1869,1850,12,1862,21
2021-02-10,Colusa,11,21464,1837,1815,251,2066,10
2021-02-10,Contra Costa,13,1133247,60998,59488,1080,60568,590
2021-02-10,Del Norte,15,27424,910,888,0,888,2
2021-02-10,El Dorado,17,186661,8851,8682,617,9299,87
2021-02-10,Fresno,19,978130,93462,91876,7612,99488,1247
2021-02-10,Glenn,21,27897,2189,2160,488,2648,14
2021-02-10,Humboldt,23,135768,2980,2924,19,2943,29
2021-02-10,Imperial,25,180216,26901,26522,2597,29119,578
2021-02-10,Inyo,27,18085,1194,1138,1,1139,30
2021-02-10,Kern,29,883053,90948,88933,9615,98548,926
2021-02-10,Kings,31,150075,21662,21294,1008,22302,197
2021-02-10,Lake,33,64148,3051,2975,1,2976,36
2021-02-10,Lassen,35,31185,5037,4993,93,5086,1
2021-02-10,Los Angeles,37,10098052,1151880,1125437,40199,1165636,18338
2021-02-10,Madera,39,155013,15165,14925,789,15714,105
2021-02-10,Marin,41,260295,12796,12651,156,12807,199
2021-02-10,Mariposa,43,17540,370,360,4,364,4
2021-02-10,Mendocino,45,87422,3544,3395,66,3461,38
2021-02-10,Merced,47,269075,27486,27246,812,28058,359
2021-02-10,Modoc,49,8938,332,315,111,426,3
2021-02-10,Mono,51,14174,1151,1170,12,1182,3
2021-02-10,Monterey,53,433212,41011,40366,1635,42001,288
2021-02-10,Napa,55,140530,8811,8769,32,8801,55
2021-02-10,Nevada,57,99092,3823,3693,151,3844,47
2021-02-10,Orange,59,3164182,242322,239974,10209,250183,3439
2021-02-10,Placer,61,380077,19963,19062,1098,20160,220
2021-02-10,Plumas,63,18699,630,589,11,600,2
2021-02-10,Riverside,65,2383286,278694,273721,13870,287591,3374
2021-02-10,Sacramento,67,1510023,91387,89653,1199,90852,1275
2021-02-10,San Benito,69,59416,5616,5591,86,5677,55
2021-02-10,San Bernardino,71,2135413,281982,275616,8407,284023,2696
2021-02-10,San Diego,73,3302833,257509,248858,0,248858,2904
2021-02-10,San Francisco,75,870044,33202,32955,1060,34015,351
2021-02-10,San Joaquin,77,732212,64979,63484,2764,66248,954
2021-02-10,San Luis Obispo,79,281455,18920,18549,543,19092,216
2021-02-10,San Mateo,81,765935,38502,37323,391,37714,245
2021-02-10,Santa Barbara,83,443738,31231,30216,1106,31322,359
2021-02-10,Santa Clara,85,1922200,106740,106048,540,106588,1489
2021-02-10,Santa Cruz,87,273765,14973,14007,807,14814,165
2021-02-10,Shasta,89,179085,10670,10645,1193,11838,142
2021-02-10,Sierra,91,2930,47,45,14,59,0
2021-02-10,Siskiyou,93,43540,1397,1314,232,1546,4
2021-02-10,Solano,95,438530,29177,28835,345,29180,137
2021-02-10,Sonoma,97,501317,27073,26881,160,27041,271
2021-02-10,Stanislaus,99,539301,48952,48016,5324,53340,696
2021-02-10,Sutter,101,95872,8624,8571,82,8653,93
2021-02-10,Tehama,103,63373,4480,4445,503,4948,23
2021-02-10,Trinity,105,12862,334,268,41,309,3
2021-02-10,Tulare,107,460477,46634,45782,7889,53671,696
2021-02-10,Tuolumne,109,53932,3750,3691,30,3721,48
2021-02-10,Ventura,111,848112,75342,74651,2765,77416,580
2021-02-10,Yolo,113,214977,12545,12276,208,12484,174
2021-02-10,Yuba,115,75493,5327,5241,82,5323,38
2021-02-09,Alameda,1,1643700,78144,77018,1745,78763,936
2021-02-09,Alpine,3,1148,78,76,0,76,0
2021-02-09,Amador,5,37829,3391,3347,31,3378,35
2021-02-09,Butte,7,227075,10973,10563,1637,12200,153
2021-02-09,Calaveras,9,45235,1862,1847,12,1859,21
2021-02-09,Colusa,11,21464,1828,1812,246,2058,10
2021-02-09,Contra Costa,13,1133247,60810,59307,1074,60381,583
2021-02-09,Del Norte,15,27424,904,886,0,886,2
2021-02-09,El Dorado,17,186661,8826,8663,616,9279,87
2021-02-09,Fresno,19,978130,93227,91730,7578,99308,1211
2021-02-09,Glenn,21,27897,2185,2156,487,2643,14
2021-02-09,Humboldt,23,135768,2972,2904,19,2923,29
2021-02-09,Imperial,25,180216,26873,26509,2594,29103,568
2021-02-09,Inyo,27,18085,1186,1137,1,1138,30
2021-02-09,Kern,29,883053,90701,88684,9567,98251,920
2021-02-09,Kings,31,150075,21621,21275,1006,22281,196
2021-02-09,Lake,33,64148,3040,2955,1,2956,36
2021-02-09,Lassen,35,31185,5030,4983,93,5076,1
2021-02-09,Los Angeles,37,10098052,1149918,1122745,40108,1162853,18198
2021-02-09,Madera,39,155013,15145,14912,786,15698,105
2021-02-09,Marin,41,260295,12764,12623,155,12778,197
2021-02-09,Mariposa,43,17540,368,355,4,359,4
2021-02-09,Mendocino,45,87422,3526,3369,66,3435,38
2021-02-09,Merced,47,269075,27388,27166,807,27973,354
2021-02-09,Modoc,49,8938,331,316,111,427,3
2021-02-09,Mono,51,14174,1150,1167,12,1179,3
2021-02-09,Monterey,53,433212,40902,40279,1624,41903,285
2021-02-09,Napa,55,140530,8798,8749,32,8781,55
2021-02-09,Nevada,57,99092,3807,3687,151,3838,44
2021-02-09,Orange,59,3164182,241906,239169,10176,249345,3406
2021-02-09,Placer,61,380077,19900,19008,1090,20098,220
2021-02-09,Plumas,63,18699,630,584,11,595,2
2021-02-09,Riverside,65,2383286,278208,273465,13855,287320,3334
2021-02-09,Sacramento,67,1510023,91077,89378,1196,90574,1265
2021-02-09,San Benito,69,59416,5604,5566,85,5651,54
2021-02-09,San Bernardino,71,2135413,281608,274998,8393,283391,2613
2021-02-09,San Diego,73,3302833,256853,248048,0,248048,2853
2021-02-09,San Francisco,75,870044,33123,32782,1050,33832,349
2021-02-09,San Joaquin,77,732212,64805,63341,2759,66100,937
2021-02-09,San Luis Obispo,79,281455,18861,18489,542,19031,216
2021-02-09,San Mateo,81,765935,38372,37227,390,37617,235
2021-02-09,Santa Barbara,83,443738,31121,30118,1099,31217,351
2021-02-09,Santa Clara,85,1922200,106433,105762,537,106299,1463
2021-02-09,Santa Cruz,87,273765,14923,13958,802,14760,162
2021-02-09,Shasta,89,179085,10644,10595,1191,11786,139
2021-02-09,Sierra,91,2930,47,44,14,58,0
2021-02-09,Siskiyou,93,43540,1390,1306,229,1535,4
2021-02-09,Solano,95,438530,29101,28769,341,29110,131
2021-02-09,Sonoma,97,501317,26981,26826,158,26984,267
2021-02-09,Stanislaus,99,539301,48791,47906,5307,53213,679
2021-02-09,Sutter,101,95872,8607,8541,82,8623,92
2021-02-09,Tehama,103,63373,4473,4416,501,4917,22
2021-02-09,Trinity,105,12862,334,266,41,307,3
2021-02-09,Tulare,107,460477,46504,45704,7830,53534,686
2021-02-09,Tuolumne,109,53932,3730,3673,30,3703,48
2021-02-09,Ventura,111,848112,75093,74333,2757,77090,567
2021-02-09,Yolo,113,214977,12502,12220,207,12427,174
2021-02-09,Yuba,115,75493,5318,5235,82,5317,35
2021-02-08,Alameda,1,1643700,77877,76735,1740,78475,924
2021-02-08,Alpine,3,1148,78,73,0,73,0
2021-02-08,Amador,5,37829,3384,3344,30,3374,33
2021-02-08,Butte,7,227075,10950,10524,1634,12158,152
2021-02-08,Calaveras,9,45235,1857,1840,12,1852,21
2021-02-08,Colusa,11,21464,1820,1802,242,2044,10
2021-02-08,Contra Costa,13,1133247,60602,59039,1072,60111,567
2021-02-08,Del Norte,15,27424,901,885,0,885,2
2021-02-08,El Dorado,17,186661,8795,8627,614,9241,86
2021-02-08,Fresno,19,978130,93015,91430,7551,98981,1207
2021-02-08,Glenn,21,27897,2178,2148,485,2633,14
2021-02-08,Humboldt,23,135768,2964,2902,19,2921,29
2021-02-08,Imperial,25,180216,26854,26526,2592,29118,567
2021-02-08,Inyo,27,18085,1173,1126,1,1127,30
2021-02-08,Kern,29,883053,90486,88380,9508,97888,920
2021-02-08,Kings,31,150075,21559,21232,1003,22235,195
2021-02-08,Lake,33,64148,3021,2949,1,2950,36
2021-02-08,Lassen,35,31185,5017,4976,93,5069,1
2021-02-08,Los Angeles,37,10098052,1147830,1120179,39985,1160164,17977
2021-02-08,Madera,39,155013,15109,14887,779,15666,93
2021-02-08,Marin,41,260295,12735,12591,155,12746,194
2021-02-08,Mariposa,43,17540,368,355,4,359,4
2021-02-08,Mendocino,45,87422,3512,3355,66,3421,38
2021-02-08,Merced,47,269075,27304,27082,802,27884,346
2021-02-08,Modoc,49,8938,329,318,111,429,3
2021-02-08,Mono,51,14174,1150,1165,12,1177,3
2021-02-08,Monterey,53,433212,40779,40186,1605,41791,283
2021-02-08,Napa,55,140530,8783,8719,32,8751,55
2021-02-08,Nevada,57,99092,3795,3671,151,3822,44
2021-02-08,Orange,59,3164182,241439,238715,10151,248866,3361
2021-02-08,Placer,61,380077,19857,18944,1083,20027,211
2021-02-08,Plumas,63,18699,629,584,11,595,2
2021-02-08,Riverside,65,2383286,277649,272904,13831,286735,3301
2021-02-08,Sacramento,67,1510023,90788,89267,1193,90460,1247
2021-02-08,San Benito,69,59416,5599,5553,84,5637,52
2021-02-08,San Bernardino,71,2135413,281208,274661,8387,283048,2587
2021-02-08,San Diego,73,3302833,256111,247259,0,247259,2821
2021-02-08,San Francisco,75,870044,33028,32679,1042,33721,348
2021-02-08,San Joaquin,77,732212,64644,63148,2749,65897,929
2021-02-08,San Luis Obispo,79,281455,18804,18421,537,18958,214
2021-02-08,San Mateo,81,765935,38267,37084,390,37474,232
2021-02-08,Santa Barbara,83,443738,31008,29978,1092,31070,340
2021-02-08,Santa Clara,85,1922200,106108,105413,529,105942,1456
2021-02-08,Santa Cruz,87,273765,14884,13921,795,14716,161
2021-02-08,Shasta,89,179085,10618,10574,1185,11759,137
2021-02-08,Sierra,91,2930,47,44,14,58,0
2021-02-08,Siskiyou,93,43540,1387,1303,229,1532,4
2021-02-08,Solano,95,438530,29038,28644,339,28983,130
2021-02-08,Sonoma,97,501317,26893,26760,157,26917,259
2021-02-08,Stanislaus,99,539301,48639,47704,5278,52982,679
2021-02-08,Sutter,101,95872,8588,8526,82,8608,92
2021-02-08,Tehama,103,63373,4458,4403,499,4902,22
2021-02-08,Trinity,105,12862,332,266,41,307,3
2021-02-08,Tulare,107,460477,46398,45617,7789,53406,673
2021-02-08,Tuolumne,109,53932,3722,3647,30,3677,48
2021-02-08,Ventura,111,848112,74836,74068,2751,76819,565
2021-02-08,Yolo,113,214977,12470,12169,206,12375,162
2021-02-08,Yuba,115,75493,5302,5215,82,5297,35
2021-02-07,Alameda,1,1643700,77575,76500,1731,78231,924
2021-02-07,Alpine,3,1148,75,72,0,72,0
2021-02-07,Amador,5,37829,3363,3343,30,3373,33
2021-02-07,Butte,7,227075,10917,10513,1624,12137,152
2021-02-07,Calaveras,9,45235,1849,1837,12,1849,21
2021-02-07,Colusa,11,21464,1809,1795,240,2035,10
2021-02-07,Contra Costa,13,1133247,60366,58836,1066,59902,566
2021-02-07,Del Norte,15,27424,897,881,0,881,2
2021-02-07,El Dorado,17,186661,8766,8596,612,9208,86
2021-02-07,Fresno,19,978130,92791,91184,7511,98695,1207
2021-02-07,Glenn,21,27897,2174,2141,481,2622,14
2021-02-07,Humboldt,23,135768,2943,2895,19,2914,28
2021-02-07,Imperial,25,180216,26828,26518,2585,29103,567
2021-02-07,Inyo,27,18085,1162,1124,1,1125,27
2021-02-07,Kern,29,883053,90243,88146,9451,97597,920
2021-02-07,Kings,31,150075,21499,21180,1000,22180,192
2021-02-07,Lake,33,64148,3005,2940,1,2941,36
2021-02-07,Lassen,35,31185,5006,4973,93,5066,1
2021-02-07,Los Angeles,37,10098052,1145085,1117551,39852,1157403,17889
2021-02-07,Madera,39,155013,15075,14850,775,15625,93
2021-02-07,Marin,41,260295,12701,12571,153,12724,194
2021-02-07,Mariposa,43,17540,367,355,4,359,4
2021-02-07,Mendocino,45,87422,3495,3348,66,3414,38
2021-02-07,Merced,47,269075,27193,26977,790,27767,346
2021-02-07,Modoc,49,8938,329,317,107,424,3
2021-02-07,Mono,51,14174,1147,1165,12,1177,3
2021-02-07,Monterey,53,433212,40643,40113,1584,41697,283
2021-02-07,Napa,55,140530,8760,8701,32,8733,55
2021-02-07,Nevada,57,99092,3784,3643,151,3794,44
2021-02-07,Orange,59,3164182,240842,238155,10119,248274,3336
2021-02-07,Placer,61,380077,19810,18903,1070,19973,211
2021-02-07,Plumas,63,18699,629,584,11,595,2
2021-02-07,Riverside,65,2383286,277137,272301,13809,286110,3267
2021-02-07,Sacramento,67,1510023,90454,88919,1184,90103,1246
2021-02-07,San Benito,69,59416,5580,5548,83,5631,52
2021-02-07,San Bernardino,71,2135413,280624,274316,8364,282680,2587
2021-02-07,San Diego,73,3302833,255325,246561,0,246561,2821
2021-02-07,San Francisco,75,870044,32908,32609,1030,33639,348
2021-02-07,San Joaquin,77,732212,64373,63051,2733,65784,929
2021-02-07,San Luis Obispo,79,281455,18732,18349,530,18879,214
2021-02-07,San Mateo,81,765935,38133,36984,388,37372,232
2021-02-07,Santa Barbara,83,443738,30872,29815,1081,30896,340
2021-02-07,Santa Clara,85,1922200,105768,105118,519,105637,1450
2021-02-07,Santa Cruz,87,273765,14830,13887,791,14678,161
2021-02-07,Shasta,89,179085,10598,10570,1177,11747,137
2021-02-07,Sierra,91,2930,47,43,14,57,0
2021-02-07,Siskiyou,93,43540,1380,1295,227,1522,4
2021-02-07,Solano,95,438530,28928,28567,338,28905,130
2021-02-07,Sonoma,97,501317,26788,26684,153,26837,257
2021-02-07,Stanislaus,99,539301,48449,47551,5246,52797,679
2021-02-07,Sutter,101,95872,8561,8515,82,8597,92
2021-02-07,Tehama,103,63373,4444,4396,497,4893,22
2021-02-07,Trinity,105,12862,329,264,39,303,3
2021-02-07,Tulare,107,460477,46277,45520,7709,53229,671
2021-02-07,Tuolumne,109,53932,3698,3619,29,3648,48
2021-02-07,Ventura,111,848112,74528,73759,2738,76497,561
2021-02-07,Yolo,113,214977,12425,12135,206,12341,162
2021-02-07,Yuba,115,75493,5287,5198,80,5278,35
2021-02-06,Alameda,1,1643700,77416,76170,1720,77890,922
2021-02-06,Alpine,3,1148,75,72,0,72,0
2021-02-06,Amador,5,37829,3357,3306,30,3336,33
2021-02-06,Butte,7,227075,10900,10480,1620,12100,150
2021-02-06,Calaveras,9,45235,1847,1832,12,1844,21
2021-02-06,Colusa,11,21464,1807,1791,239,2030,10
2021-02-06,Contra Costa,13,1133247,60220,58567,1060,59627,566
2021-02-06,Del Norte,15,27424,893,879,0,879,2
2021-02-06,El Dorado,17,186661,8759,8575,608,9183,86
2021-02-06,Fresno,19,978130,92681,90944,7489,98433,1207
2021-02-06,Glenn,21,27897,2173,2136,479,2615,14
2021-02-06,Humboldt,23,135768,2932,2880,19,2899,28
2021-02-06,Imperial,25,180216,26818,26514,2584,29098,567
2021-02-06,Inyo,27,18085,1159,1113,1,1114,27
2021-02-06,Kern,29,883053,90093,87919,9404,97323,912
2021-02-06,Kings,31,150075,21469,21156,1000,22156,190
2021-02-06,Lake,33,64148,3000,2920,1,2921,34
2021-02-06,Lassen,35,31185,5002,4964,92,5056,1
2021-02-06,Los Angeles,37,10098052,1143734,1114718,39751,1154469,17793
2021-02-06,Madera,39,155013,15054,14807,773,15580,93
2021-02-06,Marin,41,260295,12682,12531,152,12683,194
2021-02-06,Mariposa,43,17540,366,355,3,358,4
2021-02-06,Mendocino,45,87422,3477,3316,65,3381,38
2021-02-06,Merced,47,269075,27109,26881,782,27663,346
2021-02-06,Modoc,49,8938,329,313,107,420,3
2021-02-06,Mono,51,14174,1146,1159,12,1171,3
2021-02-06,Monterey,53,433212,40587,39995,1576,41571,282
2021-02-06,Napa,55,140530,8747,8639,32,8671,55
2021-02-06,Nevada,57,99092,3772,3624,151,3775,43
2021-02-06,Orange,59,3164182,240482,237391,10084,247475,3293
2021-02-06,Placer,61,380077,19773,18836,1067,19903,211
2021-02-06,Plumas,63,18699,629,584,11,595,2
2021-02-06,Riverside,65,2383286,276778,271741,13790,285531,3243
2021-02-06,Sacramento,67,1510023,90236,88532,1175,89707,1237
2021-02-06,San Benito,69,59416,5562,5516,83,5599,52
2021-02-06,San Bernardino,71,2135413,280320,273718,8341,282059,2564
2021-02-06,San Diego,73,3302833,254829,245331,0,245331,2812
2021-02-06,San Francisco,75,870044,32837,32437,1019,33456,346
2021-02-06,San Joaquin,77,732212,64296,62840,2720,65560,906
2021-02-06,San Luis Obispo,79,281455,18690,18284,526,18810,214
2021-02-06,San Mateo,81,765935,38065,36824,385,37209,232
2021-02-06,Santa Barbara,83,443738,30798,29645,1079,30724,337
2021-02-06,Santa Clara,85,1922200,105547,104639,514,105153,1439
2021-02-06,Santa Cruz,87,273765,14799,13845,787,14632,161
2021-02-06,Shasta,89,179085,10587,10561,1175,11736,137
2021-02-06,Sierra,91,2930,47,43,14,57,0
2021-02-06,Siskiyou,93,43540,1377,1289,226,1515,4
2021-02-06,Solano,95,438530,28892,28446,337,28783,129
2021-02-06,Sonoma,97,501317,26752,26564,151,26715,257
2021-02-06,Stanislaus,99,539301,48351,47325,5230,52555,679
2021-02-06,Sutter,101,95872,8553,8485,82,8567,92
2021-02-06,Tehama,103,63373,4437,4380,495,4875,22
2021-02-06,Trinity,105,12862,329,263,39,302,3
2021-02-06,Tulare,107,460477,46212,45349,7659,53008,664
2021-02-06,Tuolumne,109,53932,3691,3612,29,3641,48
2021-02-06,Ventura,111,848112,74347,73431,2732,76163,552
2021-02-06,Yolo,113,214977,12402,12061,206,12267,161
2021-02-06,Yuba,115,75493,5279,5177,79,5256,35
2021-02-05,Alameda,1,1643700,77190,75716,1717,77433,916
2021-02-05,Alpine,3,1148,75,72,0,72,0
2021-02-05,Amador,5,37829,3352,3299,29,3328,33
2021-02-05,Butte,7,227075,10882,10421,1614,12035,150
2021-02-05,Calaveras,9,45235,1842,1818,12,1830,21
2021-02-05,Colusa,11,21464,1803,1785,239,2024,10
2021-02-05,Contra Costa,13,1133247,60059,58195,1058,59253,560
2021-02-05,Del Norte,15,27424,892,874,0,874,2
2021-02-05,El Dorado,17,186661,8739,8527,606,9133,86
2021-02-05,Fresno,19,978130,92478,90513,7468,97981,1194
2021-02-05,Glenn,21,27897,2167,2122,474,2596,14
2021-02-05,Humboldt,23,135768,2922,2857,19,2876,28
2021-02-05,Imperial,25,180216,26799,26474,2584,29058,557
2021-02-05,Inyo,27,18085,1155,1104,1,1105,27
2021-02-05,Kern,29,883053,89926,87470,9336,96806,906
2021-02-05,Kings,31,150075,21432,21021,996,22017,190
2021-02-05,Lake,33,64148,2988,2906,1,2907,33
2021-02-05,Lassen,35,31185,4998,4936,92,5028,1
2021-02-05,Los Angeles,37,10098052,1141643,1110384,39609,1149993,17608
2021-02-05,Madera,39,155013,15020,14752,768,15520,95
2021-02-05,Marin,41,260295,12647,12479,152,12631,193
2021-02-05,Mariposa,43,17540,366,352,3,355,4
2021-02-05,Mendocino,45,87422,3463,3272,65,3337,38
2021-02-05,Merced,47,269075,27049,26760,781,27541,345
2021-02-05,Modoc,49,8938,329,312,107,419,3
2021-02-05,Mono,51,14174,1145,1157,12,1169,3
2021-02-05,Monterey,53,433212,40523,39840,1565,41405,281
2021-02-05,Napa,55,140530,8733,8598,32,8630,55
2021-02-05,Nevada,57,99092,3769,3607,151,3758,43
2021-02-05,Orange,59,3164182,240060,236335,10055,246390,3260
2021-02-05,Placer,61,380077,19738,18756,1065,19821,211
2021-02-05,Plumas,63,18699,627,578,11,589,2
2021-02-05,Riverside,65,2383286,276372,270666,13771,284437,3235
2021-02-05,Sacramento,67,1510023,90057,87992,1168,89160,1231
2021-02-05,San Benito,69,59416,5551,5502,83,5585,51
2021-02-05,San Bernardino,71,2135413,279982,272938,8323,281261,2495
2021-02-05,San Diego,73,3302833,254253,244066,0,244066,2777
2021-02-05,San Francisco,75,870044,32748,32229,1007,33236,337
2021-02-05,San Joaquin,77,732212,64148,62565,2712,65277,902
2021-02-05,San Luis Obispo,79,281455,18629,18152,522,18674,213
2021-02-05,San Mateo,81,765935,37981,36582,384,36966,227
2021-02-05,Santa Barbara,83,443738,30705,29455,1064,30519,334
2021-02-05,Santa Clara,85,1922200,105298,104112,512,104624,1421
2021-02-05,Santa Cruz,87,273765,14778,13776,785,14561,161
2021-02-05,Shasta,89,179085,10571,10507,1168,11675,136
2021-02-05,Sierra,91,2930,47,42,14,56,0
2021-02-05,Siskiyou,93,43540,1370,1276,224,1500,4
2021-02-05,Solano,95,438530,28842,28283,337,28620,127
2021-02-05,Sonoma,97,501317,26684,26423,148,26571,252
2021-02-05,Stanislaus,99,539301,48209,47024,5212,52236,678
2021-02-05,Sutter,101,95872,8533,8443,82,8525,92
2021-02-05,Tehama,103,63373,4429,4355,495,4850,22
2021-02-05,Trinity,105,12862,328,260,39,299,3
2021-02-05,Tulare,107,460477,46136,45138,7608,52746,663
2021-02-05,Tuolumne,109,53932,3665,3595,29,3624,45
2021-02-05,Ventura,111,848112,74103,72953,2721,75674,546
2021-02-05,Yolo,113,214977,12383,12025,201,12226,162
2021-02-05,Yuba,115,75493,5262,5145,79,5224,35
2021-02-04,Alameda,1,1643700,76905,75422,1711,77133,899
2021-02-04,Alpine,3,1148,74,72,0,72,0
2021-02-04,Amador,5,37829,3349,3288,29,3317,33
2021-02-04,Butte,7,227075,10850,10386,1604,11990,147
2021-02-04,Calaveras,9,45235,1842,1808,12,1820,21
2021-02-04,Colusa,11,21464,1799,1777,237,2014,10
2021-02-04,Contra Costa,13,1133247,59869,57991,1054,59045,550
2021-02-04,Del Norte,15,27424,886,870,0,870,2
2021-02-04,El Dorado,17,186661,8713,8490,603,9093,86
2021-02-04,Fresno,19,978130,92265,90126,7440,97566,1114
2021-02-04,Glenn,21,27897,2163,2102,474,2576,14
2021-02-04,Humboldt,23,135768,2912,2827,19,2846,28
2021-02-04,Imperial,25,180216,26753,26411,2581,28992,556
2021-02-04,Inyo,27,18085,1143,1084,1,1085,27
2021-02-04,Kern,29,883053,89655,87156,9257,96413,898
2021-02-04,Kings,31,150075,21382,20918,988,21906,187
2021-02-04,Lake,33,64148,2976,2882,1,2883,34
2021-02-04,Lassen,35,31185,4995,4927,92,5019,1
2021-02-04,Los Angeles,37,10098052,1138856,1106323,39478,1145801,17396
2021-02-04,Madera,39,155013,14991,14706,764,15470,95
2021-02-04,Marin,41,260295,12612,12431,152,12583,192
2021-02-04,Mariposa,43,17540,366,348,3,351,4
2021-02-04,Mendocino,45,87422,3445,3240,63,3303,38
2021-02-04,Merced,47,269075,26956,26629,778,27407,345
2021-02-04,Modoc,49,8938,329,309,107,416,3
2021-02-04,Mono,51,14174,1143,1153,12,1165,3
2021-02-04,Monterey,53,433212,40415,39619,1547,41166,279
2021-02-04,Napa,55,140530,8704,8573,32,8605,55
2021-02-04,Nevada,57,99092,3749,3590,150,3740,37
2021-02-04,Orange,59,3164182,239419,235677,10014,245691,3238
2021-02-04,Placer,61,380077,19678,18711,1056,19767,210
2021-02-04,Plumas,63,18699,624,562,11,573,2
2021-02-04,Riverside,65,2383286,275633,269851,13731,283582,3230
2021-02-04,Sacramento,67,1510023,89754,87658,1156,88814,1222
2021-02-04,San Benito,69,59416,5537,5488,82,5570,51
2021-02-04,San Bernardino,71,2135413,279435,272223,8303,280526,2409
2021-02-04,San Diego,73,3302833,253465,242613,0,242613,2738
2021-02-04,San Francisco,75,870044,32635,32116,997,33113,326
2021-02-04,San Joaquin,77,732212,63922,62374,2704,65078,883
2021-02-04,San Luis Obispo,79,281455,18563,18058,519,18577,211
2021-02-04,San Mateo,81,765935,37859,36437,381,36818,226
2021-02-04,Santa Barbara,83,443738,30573,29344,1045,30389,322
2021-02-04,Santa Clara,85,1922200,104949,103781,509,104290,1404
2021-02-04,Santa Cruz,87,273765,14745,13713,777,14490,156
2021-02-04,Shasta,89,179085,10544,10466,1163,11629,131
2021-02-04,Sierra,91,2930,47,42,14,56,0
2021-02-04,Siskiyou,93,43540,1361,1273,224,1497,4
2021-02-04,Solano,95,438530,28739,28192,336,28528,120
2021-02-04,Sonoma,97,501317,26602,26276,144,26420,249
2021-02-04,Stanislaus,99,539301,48049,46822,5190,52012,678
2021-02-04,Sutter,101,95872,8513,8401,82,8483,92
2021-02-04,Tehama,103,63373,4413,4327,495,4822,21
2021-02-04,Trinity,105,12862,327,260,38,298,3
2021-02-04,Tulare,107,460477,46012,44983,7541,52524,656
2021-02-04,Tuolumne,109,53932,3625,3585,29,3614,45
2021-02-04,Ventura,111,848112,73771,72595,2708,75303,537
2021-02-04,Yolo,113,214977,12349,11982,200,12182,161
2021-02-04,Yuba,115,75493,5236,5135,79,5214,34
2021-02-03,Alameda,1,1643700,76570,74968,1707,76675,880
2021-02-03,Alpine,3,1148,74,72,0,72,0
2021-02-03,Amador,5,37829,3345,3281,29,3310,33
2021-02-03,Butte,7,227075,10814,10355,1597,11952,144
2021-02-03,Calaveras,9,45235,1832,1799,11,1810,21
2021-02-03,Colusa,11,21464,1794,1773,236,2009,10
2021-02-03,Contra Costa,13,1133247,59630,57762,1042,58804,537
2021-02-03,Del Norte,15,27424,881,869,0,869,2
2021-02-03,El Dorado,17,186661,8693,8428,602,9030,86
2021-02-03,Fresno,19,978130,92048,89748,7400,97148,1015
2021-02-03,Glenn,21,27897,2154,2098,472,2570,14
2021-02-03,Humboldt,23,135768,2902,2800,19,2819,27
2021-02-03,Imperial,25,180216,26719,26363,2575,28938,547
2021-02-03,Inyo,27,18085,1133,1071,1,1072,27
2021-02-03,Kern,29,883053,89414,86771,9216,95987,877
2021-02-03,Kings,31,150075,21323,20831,984,21815,172
2021-02-03,Lake,33,64148,2959,2869,1,2870,33
2021-02-03,Lassen,35,31185,4984,4910,92,5002,1
2021-02-03,Los Angeles,37,10098052,1135791,1101890,39345,1141235,17163
2021-02-03,Madera,39,155013,14953,14605,762,15367,94
2021-02-03,Marin,41,260295,12578,12406,152,12558,190
2021-02-03,Mariposa,43,17540,365,347,3,350,4
2021-02-03,Mendocino,45,87422,3419,3236,62,3298,38
2021-02-03,Merced,47,269075,26841,26520,773,27293,343
2021-02-03,Modoc,49,8938,328,308,107,415,3
2021-02-03,Mono,51,14174,1136,1146,12,1158,3
2021-02-03,Monterey,53,433212,40288,39500,1529,41029,279
2021-02-03,Napa,55,140530,8669,8534,32,8566,54
2021-02-03,Nevada,57,99092,3735,3572,150,3722,35
2021-02-03,Orange,59,3164182,238675,234738,9982,244720,3189
2021-02-03,Placer,61,380077,19622,18646,1054,19700,210
2021-02-03,Plumas,63,18699,624,559,11,570,2
2021-02-03,Riverside,65,2383286,274909,269019,13699,282718,3195
2021-02-03,Sacramento,67,1510023,89431,87415,1151,88566,1212
2021-02-03,San Benito,69,59416,5519,5463,79,5542,51
2021-02-03,San Bernardino,71,2135413,278954,271477,8278,279755,2308
2021-02-03,San Diego,73,3302833,252564,241015,0,241015,2683
2021-02-03,San Francisco,75,870044,32505,31983,992,32975,325
2021-02-03,San Joaquin,77,732212,63697,61976,2693,64669,880
2021-02-03,San Luis Obispo,79,281455,18486,17922,516,18438,206
2021-02-03,San Mateo,81,765935,37720,36227,377,36604,225
2021-02-03,Santa Barbara,83,443738,30427,29121,1035,30156,315
2021-02-03,Santa Clara,85,1922200,104634,103278,505,103783,1364
2021-02-03,Santa Cruz,87,273765,14691,13611,769,14380,154
2021-02-03,Shasta,89,179085,10501,10422,1158,11580,130
2021-02-03,Sierra,91,2930,47,42,14,56,0
2021-02-03,Siskiyou,93,43540,1350,1268,223,1491,4
2021-02-03,Solano,95,438530,28617,28057,336,28393,119
2021-02-03,Sonoma,97,501317,26519,26155,143,26298,248
2021-02-03,Stanislaus,99,539301,47875,46598,5170,51768,662
2021-02-03,Sutter,101,95872,8488,8379,82,8461,90
2021-02-03,Tehama,103,63373,4391,4309,492,4801,21
2021-02-03,Trinity,105,12862,327,260,37,297,3
2021-02-03,Tulare,107,460477,45845,44838,7480,52318,640
2021-02-03,Tuolumne,109,53932,3614,3568,29,3597,45
2021-02-03,Ventura,111,848112,73436,72124,2696,74820,526
2021-02-03,Yolo,113,214977,12325,11933,199,12132,161
2021-02-03,Yuba,115,75493,5218,5124,79,5203,34
2021-02-02,Alameda,1,1643700,76224,74642,1692,76334,869
2021-02-02,Alpine,3,1148,74,72,0,72,0
2021-02-02,Amador,5,37829,3314,3275,29,3304,33
2021-02-02,Butte,7,227075,10787,10307,1589,11896,141
2021-02-02,Calaveras,9,45235,1824,1786,11,1797,21
2021-02-02,Colusa,11,21464,1786,1769,231,2000,9
2021-02-02,Contra Costa,13,1133247,59351,57551,1037,58588,536
2021-02-02,Del Norte,15,27424,875,868,0,868,2
2021-02-02,El Dorado,17,186661,8653,8405,602,9007,84
2021-02-02,Fresno,19,978130,91746,89542,7365,96907,1009
2021-02-02,Glenn,21,27897,2143,2090,468,2558,14
2021-02-02,Humboldt,23,135768,2891,2784,19,2803,25
2021-02-02,Imperial,25,180216,26668,26317,2570,28887,535
2021-02-02,Inyo,27,18085,1130,1074,1,1075,27
2021-02-02,Kern,29,883053,89114,86485,9139,95624,867
2021-02-02,Kings,31,150075,21246,20785,975,21760,172
2021-02-02,Lake,33,64148,2939,2857,1,2858,33
2021-02-02,Lassen,35,31185,4977,4908,92,5000,1
2021-02-02,Los Angeles,37,10098052,1132423,1097573,39175,1136748,16913
2021-02-02,Madera,39,155013,14903,14595,757,15352,94
2021-02-02,Marin,41,260295,12549,12367,152,12519,189
2021-02-02,Mariposa,43,17540,362,345,3,348,4
2021-02-02,Mendocino,45,87422,3386,3210,62,3272,38
2021-02-02,Merced,47,269075,26745,26427,765,27192,340
2021-02-02,Modoc,49,8938,323,306,107,413,3
2021-02-02,Mono,51,14174,1134,1147,12,1159,3
2021-02-02,Monterey,53,433212,40152,39371,1515,40886,278
2021-02-02,Napa,55,140530,8640,8505,32,8537,53
2021-02-02,Nevada,57,99092,3720,3548,150,3698,20
2021-02-02,Orange,59,3164182,237876,233783,9946,243729,3152
2021-02-02,Placer,61,380077,19563,18615,1050,19665,205
2021-02-02,Plumas,63,18699,624,560,11,571,2
2021-02-02,Riverside,65,2383286,274075,267901,13665,281566,3169
2021-02-02,Sacramento,67,1510023,89139,87107,1140,88247,1202
2021-02-02,San Benito,69,59416,5506,5444,78,5522,50
2021-02-02,San Bernardino,71,2135413,278283,270486,8246,278732,2244
2021-02-02,San Diego,73,3302833,251527,240047,0,240047,2629
2021-02-02,San Francisco,75,870044,32349,31788,981,32769,324
2021-02-02,San Joaquin,77,732212,63478,61708,2678,64386,878
2021-02-02,San Luis Obispo,79,281455,18392,17811,514,18325,201
2021-02-02,San Mateo,81,765935,37553,36004,371,36375,225
2021-02-02,Santa Barbara,83,443738,30258,28951,1028,29979,304
2021-02-02,Santa Clara,85,1922200,104171,102872,500,103372,1349
2021-02-02,Santa Cruz,87,273765,14632,13572,765,14337,150
2021-02-02,Shasta,89,179085,10476,10371,1146,11517,128
2021-02-02,Sierra,91,2930,47,42,14,56,0
2021-02-02,Siskiyou,93,43540,1343,1252,220,1472,4
2021-02-02,Solano,95,438530,28521,27963,332,28295,118
2021-02-02,Sonoma,97,501317,26402,26054,143,26197,247
2021-02-02,Stanislaus,99,539301,47656,46306,5137,51443,641
2021-02-02,Sutter,101,95872,8465,8340,82,8422,89
2021-02-02,Tehama,103,63373,4378,4289,490,4779,21
2021-02-02,Trinity,105,12862,327,260,37,297,3
2021-02-02,Tulare,107,460477,45691,44720,7412,52132,625
2021-02-02,Tuolumne,109,53932,3602,3548,29,3577,39
2021-02-02,Ventura,111,848112,73018,71557,2686,74243,514
2021-02-02,Yolo,113,214977,12278,11886,192,12078,158
2021-02-02,Yuba,115,75493,5200,5111,79,5190,34
2021-02-01,Alameda,1,1643700,75868,74374,1686,76060,858
2021-02-01,Alpine,3,1148,74,72,0,72,0
2021-02-01,Amador,5,37829,3303,3234,29,3263,32
2021-02-01,Butte,7,227075,10745,10263,1585,11848,141
2021-02-01,Calaveras,9,45235,1805,1785,11,1796,21
2021-02-01,Colusa,11,21464,1781,1763,222,1985,9
2021-02-01,Contra Costa,13,1133247,59106,57324,1036,58360,531
2021-02-01,Del Norte,15,27424,872,865,0,865,2
2021-02-01,El Dorado,17,186661,8614,8337,602,8939,83
2021-02-01,Fresno,19,978130,91417,89272,7327,96599,994
2021-02-01,Glenn,21,27897,2128,2086,460,2546,14
2021-02-01,Humboldt,23,135768,2869,2773,18,2791,25
2021-02-01,Imperial,25,180216,26625,26224,2568,28792,530
2021-02-01,Inyo,27,18085,1120,1072,1,1073,27
2021-02-01,Kern,29,883053,88720,86170,9068,95238,862
2021-02-01,Kings,31,150075,21157,20746,966,21712,172
2021-02-01,Lake,33,64148,2923,2843,1,2844,33
2021-02-01,Lassen,35,31185,4957,4907,92,4999,1
2021-02-01,Los Angeles,37,10098052,1128616,1094341,38997,1133338,16695
2021-02-01,Madera,39,155013,14868,14572,754,15326,94
2021-02-01,Marin,41,260295,12511,12341,151,12492,188
2021-02-01,Mariposa,43,17540,360,344,3,347,4
2021-02-01,Mendocino,45,87422,3353,3192,62,3254,37
2021-02-01,Merced,47,269075,26619,26282,757,27039,337
2021-02-01,Modoc,49,8938,317,303,103,406,1
2021-02-01,Mono,51,14174,1131,1145,12,1157,3
2021-02-01,Monterey,53,433212,39972,39196,1493,40689,278
2021-02-01,Napa,55,140530,8608,8449,32,8481,52
2021-02-01,Nevada,57,99092,3703,3535,149,3684,20
2021-02-01,Orange,59,3164182,236967,233155,9900,243055,3100
2021-02-01,Placer,61,380077,19496,18574,1043,19617,204
2021-02-01,Plumas,63,18699,622,554,11,565,2
2021-02-01,Riverside,65,2383286,273168,267025,13626,280651,3092
2021-02-01,Sacramento,67,1510023,88742,86856,1128,87984,1193
2021-02-01,San Benito,69,59416,5488,5432,78,5510,48
2021-02-01,San Bernardino,71,2135413,277594,270012,8203,278215,2172
2021-02-01,San Diego,73,3302833,250305,239121,0,239121,2619
2021-02-01,San Francisco,75,870044,32217,31703,968,32671,324
2021-02-01,San Joaquin,77,732212,63274,61542,2667,64209,877
2021-02-01,San Luis Obispo,79,281455,18274,17690,506,18196,199
2021-02-01,San Mateo,81,765935,37405,35843,371,36214,220
2021-02-01,Santa Barbara,83,443738,30088,28837,1020,29857,297
2021-02-01,Santa Clara,85,1922200,103756,102462,499,102961,1343
2021-02-01,Santa Cruz,87,273765,14578,13524,763,14287,149
2021-02-01,Shasta,89,179085,10451,10329,1140,11469,112
2021-02-01,Sierra,91,2930,47,42,14,56,0
2021-02-01,Siskiyou,93,43540,1336,1238,217,1455,4
2021-02-01,Solano,95,438530,28416,27844,331,28175,117
2021-02-01,Sonoma,97,501317,26313,26011,142,26153,243
2021-02-01,Stanislaus,99,539301,47398,46112,5109,51221,642
2021-02-01,Sutter,101,95872,8425,8313,82,8395,89
2021-02-01,Tehama,103,63373,4354,4263,490,4753,21
2021-02-01,Trinity,105,12862,325,260,37,297,3
2021-02-01,Tulare,107,460477,45547,44569,7330,51899,618
2021-02-01,Tuolumne,109,53932,3594,3534,29,3563,39
2021-02-01,Ventura,111,848112,72611,71104,2670,73774,502
2021-02-01,Yolo,113,214977,12234,11824,184,12008,151
2021-02-01,Yuba,115,75493,5187,5084,78,5162,33
2021-01-31,Alameda,1,1643700,75440,73979,1678,75657,857
2021-01-31,Alpine,3,1148,74,72,0,72,0
2021-01-31,Amador,5,37829,3293,3212,27,3239,32
2021-01-31,Butte,7,227075,10703,10215,1574,11789,140
2021-01-31,Calaveras,9,45235,1784,1778,11,1789,21
2021-01-31,Colusa,11,21464,1774,1754,217,1971,9
2021-01-31,Contra Costa,13,1133247,58775,57079,1036,58115,531
2021-01-31,Del Norte,15,27424,870,865,0,865,2
2021-01-31,El Dorado,17,186661,8578,8317,599,8916,83
2021-01-31,Fresno,19,978130,91103,88852,7275,96127,994
2021-01-31,Glenn,21,27897,2117,2083,459,2542,14
2021-01-31,Humboldt,23,135768,2853,2767,18,2785,25
2021-01-31,Imperial,25,180216,26554,26206,2558,28764,530
2021-01-31,Inyo,27,18085,1107,1072,1,1073,27
2021-01-31,Kern,29,883053,88226,85872,8979,94851,861
2021-01-31,Kings,31,150075,21075,20709,953,21662,172
2021-01-31,Lake,33,64148,2902,2826,1,2827,33
2021-01-31,Lassen,35,31185,4941,4900,92,4992,1
2021-01-31,Los Angeles,37,10098052,1124014,1090304,38784,1129088,16609
2021-01-31,Madera,39,155013,14814,14496,746,15242,94
2021-01-31,Marin,41,260295,12464,12297,147,12444,185
2021-01-31,Mariposa,43,17540,358,344,3,347,4
2021-01-31,Mendocino,45,87422,3330,3181,61,3242,37
2021-01-31,Merced,47,269075,26475,26222,752,26974,337
2021-01-31,Modoc,49,8938,314,304,101,405,1
2021-01-31,Mono,51,14174,1128,1146,12,1158,3
2021-01-31,Monterey,53,433212,39793,39035,1465,40500,278
2021-01-31,Napa,55,140530,8566,8404,32,8436,52
2021-01-31,Nevada,57,99092,3681,3518,147,3665,20
2021-01-31,Orange,59,3164182,235957,232347,9859,242206,3053
2021-01-31,Placer,61,380077,19422,18506,1031,19537,204
2021-01-31,Plumas,63,18699,621,554,11,565,2
2021-01-31,Riverside,65,2383286,272199,266145,13578,279723,3074
2021-01-31,Sacramento,67,1510023,88301,86560,1112,87672,1186
2021-01-31,San Benito,69,59416,5466,5425,76,5501,48
2021-01-31,San Bernardino,71,2135413,276557,269533,8170,277703,2156
2021-01-31,San Diego,73,3302833,248992,238039,0,238039,2619
2021-01-31,San Francisco,75,870044,32030,31563,956,32519,323
2021-01-31,San Joaquin,77,732212,62870,61379,2657,64036,877
2021-01-31,San Luis Obispo,79,281455,18140,17615,501,18116,199
2021-01-31,San Mateo,81,765935,37214,35659,368,36027,219
2021-01-31,Santa Barbara,83,443738,29849,28570,1011,29581,297
2021-01-31,Santa Clara,85,1922200,103207,101986,490,102476,1330
2021-01-31,Santa Cruz,87,273765,14484,13469,749,14218,149
2021-01-31,Shasta,89,179085,10406,10313,1131,11444,112
2021-01-31,Sierra,91,2930,46,43,14,57,0
2021-01-31,Siskiyou,93,43540,1326,1238,217,1455,4
2021-01-31,Solano,95,438530,28286,27678,331,28009,118
2021-01-31,Sonoma,97,501317,26212,25925,141,26066,243
2021-01-31,Stanislaus,99,539301,47115,45971,5068,51039,642
2021-01-31,Sutter,101,95872,8380,8289,82,8371,89
2021-01-31,Tehama,103,63373,4334,4256,489,4745,21
2021-01-31,Trinity,105,12862,323,260,37,297,3
2021-01-31,Tulare,107,460477,45380,44440,7248,51688,618
2021-01-31,Tuolumne,109,53932,3555,3519,29,3548,39
2021-01-31,Ventura,111,848112,72018,70635,2657,73292,502
2021-01-31,Yolo,113,214977,12173,11771,178,11949,151
2021-01-31,Yuba,115,75493,5167,5071,77,5148,33
2021-01-30,Alameda,1,1643700,75237,73622,1673,75295,850
2021-01-30,Alpine,3,1148,74,72,0,72,0
2021-01-30,Amador,5,37829,3289,3181,27,3208,32
2021-01-30,Butte,7,227075,10668,10177,1565,11742,139
2021-01-30,Calaveras,9,45235,1772,1763,11,1774,21
2021-01-30,Colusa,11,21464,1772,1748,217,1965,9
2021-01-30,Contra Costa,13,1133247,58590,56763,1032,57795,531
2021-01-30,Del Norte,15,27424,869,865,0,865,2
2021-01-30,El Dorado,17,186661,8558,8299,598,8897,83
2021-01-30,Fresno,19,978130,90926,88476,7255,95731,964
2021-01-30,Glenn,21,27897,2114,2074,457,2531,14
2021-01-30,Humboldt,23,135768,2842,2742,18,2760,24
2021-01-30,Imperial,25,180216,26533,26160,2557,28717,530
2021-01-30,Inyo,27,18085,1103,1068,1,1069,27
2021-01-30,Kern,29,883053,88025,85572,8913,94485,848
2021-01-30,Kings,31,150075,21005,20605,947,21552,169
2021-01-30,Lake,33,64148,2896,2809,1,2810,33
2021-01-30,Lassen,35,31185,4938,4890,92,4982,1
2021-01-30,Los Angeles,37,10098052,1121651,1084763,38637,1123400,16484
2021-01-30,Madera,39,155013,14772,14443,741,15184,94
2021-01-30,Marin,41,260295,12436,12225,146,12371,185
2021-01-30,Mariposa,43,17540,356,344,3,347,4
2021-01-30,Mendocino,45,87422,3316,3153,60,3213,36
2021-01-30,Merced,47,269075,26400,26078,751,26829,335
2021-01-30,Modoc,49,8938,314,303,101,404,1
2021-01-30,Mono,51,14174,1128,1143,12,1155,3
2021-01-30,Monterey,53,433212,39732,38847,1462,40309,277
2021-01-30,Napa,55,140530,8550,8342,32,8374,52
2021-01-30,Nevada,57,99092,3662,3499,147,3646,20
2021-01-30,Orange,59,3164182,235413,231358,9820,241178,3013
2021-01-30,Placer,61,380077,19371,18430,1025,19455,205
2021-01-30,Plumas,63,18699,619,554,11,565,2
2021-01-30,Riverside,65,2383286,271609,265137,13545,278682,3061
2021-01-30,Sacramento,67,1510023,88107,86388,1106,87494,1184
2021-01-30,San Benito,69,59416,5448,5401,75,5476,48
2021-01-30,San Bernardino,71,2135413,276144,268660,8151,276811,2122
2021-01-30,San Diego,73,3302833,248234,236765,0,236765,2603
2021-01-30,San Francisco,75,870044,31930,31427,952,32379,316
2021-01-30,San Joaquin,77,732212,62736,61120,2647,63767,864
2021-01-30,San Luis Obispo,79,281455,18062,17522,498,18020,198
2021-01-30,San Mateo,81,765935,37076,35451,367,35818,219
2021-01-30,Santa Barbara,83,443738,29708,28342,1007,29349,296
2021-01-30,Santa Clara,85,1922200,102856,101471,487,101958,1307
2021-01-30,Santa Cruz,87,273765,14444,13383,748,14131,149
2021-01-30,Shasta,89,179085,10388,10283,1127,11410,112
2021-01-30,Sierra,91,2930,46,43,14,57,0
2021-01-30,Siskiyou,93,43540,1324,1236,215,1451,4
2021-01-30,Solano,95,438530,28203,27511,329,27840,118
2021-01-30,Sonoma,97,501317,26162,25810,138,25948,243
2021-01-30,Stanislaus,99,539301,46986,45697,5044,50741,642
2021-01-30,Sutter,101,95872,8364,8226,82,8308,87
2021-01-30,Tehama,103,63373,4320,4229,488,4717,21
2021-01-30,Trinity,105,12862,323,259,37,296,3
2021-01-30,Tulare,107,460477,45246,44203,7210,51413,615
2021-01-30,Tuolumne,109,53932,3551,3508,29,3537,36
2021-01-30,Ventura,111,848112,71707,69931,2640,72571,493
2021-01-30,Yolo,113,214977,12160,11698,176,11874,151
2021-01-30,Yuba,115,75493,5157,5042,76,5118,33
2021-01-29,Alameda,1,1643700,74959,73210,1666,74876,841
2021-01-29,Alpine,3,1148,74,72,0,72,0
2021-01-29,Amador,5,37829,3277,3134,26,3160,32
2021-01-29,Butte,7,227075,10637,10122,1555,11677,138
2021-01-29,Calaveras,9,45235,1768,1757,11,1768,21
2021-01-29,Colusa,11,21464,1768,1734,216,1950,8
2021-01-29,Contra Costa,13,1133247,58416,56318,1030,57348,529
2021-01-29,Del Norte,15,27424,868,865,0,865,2
2021-01-29,El Dorado,17,186661,8541,8231,597,8828,83
2021-01-29,Fresno,19,978130,90715,87936,7216,95152,962
2021-01-29,Glenn,21,27897,2109,2061,456,2517,14
2021-01-29,Humboldt,23,135768,2829,2707,18,2725,24
2021-01-29,Imperial,25,180216,26518,26045,2554,28599,521
2021-01-29,Inyo,27,18085,1091,1048,1,1049,27
2021-01-29,Kern,29,883053,87800,85044,8860,93904,836
2021-01-29,Kings,31,150075,20966,20466,942,21408,169
2021-01-29,Lake,33,64148,2887,2792,1,2793,32
2021-01-29,Lassen,35,31185,4935,4874,92,4966,1
2021-01-29,Los Angeles,37,10098052,1118184,1078329,38480,1116809,16190
2021-01-29,Madera,39,155013,14721,14377,741,15118,94
2021-01-29,Marin,41,260295,12392,12145,145,12290,185
2021-01-29,Mariposa,43,17540,355,342,3,345,4
2021-01-29,Mendocino,45,87422,3307,3131,59,3190,36
2021-01-29,Merced,47,269075,26325,25865,747,26612,334
2021-01-29,Modoc,49,8938,313,297,101,398,1
2021-01-29,Mono,51,14174,1126,1139,12,1151,3
2021-01-29,Monterey,53,433212,39611,38539,1453,39992,277
2021-01-29,Napa,55,140530,8518,8276,32,8308,52
2021-01-29,Nevada,57,99092,3653,3487,146,3633,20
2021-01-29,Orange,59,3164182,234723,229917,9781,239698,2967
2021-01-29,Placer,61,380077,19315,18367,1021,19388,203
2021-01-29,Plumas,63,18699,618,548,11,559,2
2021-01-29,Riverside,65,2383286,270818,263504,13510,277014,3008
2021-01-29,Sacramento,67,1510023,87853,86320,1102,87422,1169
2021-01-29,San Benito,69,59416,5440,5386,75,5461,48
2021-01-29,San Bernardino,71,2135413,275631,267490,8109,275599,2095
2021-01-29,San Diego,73,3302833,247293,234637,0,234637,2571
2021-01-29,San Francisco,75,870044,31790,31294,943,32237,307
2021-01-29,San Joaquin,77,732212,62588,60899,2632,63531,858
2021-01-29,San Luis Obispo,79,281455,18002,17440,493,17933,193
2021-01-29,San Mateo,81,765935,36943,35223,364,35587,218
2021-01-29,Santa Barbara,83,443738,29578,28105,1001,29106,291
2021-01-29,Santa Clara,85,1922200,102489,101010,485,101495,1273
2021-01-29,Santa Cruz,87,273765,14390,13311,745,14056,148
2021-01-29,Shasta,89,179085,10371,10220,1123,11343,112
2021-01-29,Sierra,91,2930,46,43,14,57,0
2021-01-29,Siskiyou,93,43540,1323,1227,215,1442,4
2021-01-29,Solano,95,438530,28117,27352,326,27678,116
2021-01-29,Sonoma,97,501317,26099,25710,137,25847,243
2021-01-29,Stanislaus,99,539301,46837,45466,5024,50490,642
2021-01-29,Sutter,101,95872,8345,8181,82,8263,87
2021-01-29,Tehama,103,63373,4307,4191,486,4677,20
2021-01-29,Trinity,105,12862,323,260,37,297,3
2021-01-29,Tulare,107,460477,45141,43925,7168,51093,606
2021-01-29,Tuolumne,109,53932,3541,3483,29,3512,36
2021-01-29,Ventura,111,848112,71283,69511,2626,72137,484
2021-01-29,Yolo,113,214977,12124,11612,175,11787,151
2021-01-29,Yuba,115,75493,5141,5018,76,5094,32
2021-01-28,Alameda,1,1643700,74523,72758,1658,74416,833
2021-01-28,Alpine,3,1148,74,72,0,72,0
2021-01-28,Amador,5,37829,3240,3124,26,3150,31
2021-01-28,Butte,7,227075,10596,10037,1544,11581,138
2021-01-28,Calaveras,9,45235,1759,1747,10,1757,21
2021-01-28,Colusa,11,21464,1761,1731,212,1943,8
2021-01-28,Contra Costa,13,1133247,58172,55999,1020,57019,525
2021-01-28,Del Norte,15,27424,867,862,0,862,2
2021-01-28,El Dorado,17,186661,8528,8198,592,8790,79
2021-01-28,Fresno,19,978130,90429,87401,7166,94567,949
2021-01-28,Glenn,21,27897,2104,2043,447,2490,14
2021-01-28,Humboldt,23,135768,2812,2686,18,2704,24
2021-01-28,Imperial,25,180216,26474,25984,2547,28531,517
2021-01-28,Inyo,27,18085,1086,1039,1,1040,27
2021-01-28,Kern,29,883053,87473,84708,8773,93481,817
2021-01-28,Kings,31,150075,20907,20328,937,21265,167
2021-01-28,Lake,33,64148,2872,2772,1,2773,32
2021-01-28,Lassen,35,31185,4929,4865,92,4957,1
2021-01-28,Los Angeles,37,10098052,1114300,1072412,38277,1110689,15967
2021-01-28,Madera,39,155013,14665,14301,737,15038,94
2021-01-28,Marin,41,260295,12339,12079,144,12223,183
2021-01-28,Mariposa,43,17540,355,334,3,337,4
2021-01-28,Mendocino,45,87422,3290,3110,59,3169,36
2021-01-28,Merced,47,269075,26201,25620,738,26358,328
2021-01-28,Modoc,49,8938,312,297,101,398,0
2021-01-28,Mono,51,14174,1124,1131,12,1143,3
2021-01-28,Monterey,53,433212,39408,38312,1435,39747,274
2021-01-28,Napa,55,140530,8470,8233,32,8265,50
2021-01-28,Nevada,57,99092,3638,3452,145,3597,19
2021-01-28,Orange,59,3164182,233741,228636,9749,238385,2860
2021-01-28,Placer,61,380077,19246,18246,1018,19264,198
2021-01-28,Plumas,63,18699,617,547,11,558,2
2021-01-28,Riverside,65,2383286,270055,262342,13460,275802,2981
2021-01-28,Sacramento,67,1510023,87487,85698,1091,86789,1149
2021-01-28,San Benito,69,59416,5422,5344,74,5418,47
2021-01-28,San Bernardino,71,2135413,274937,266456,8087,274543,2057
2021-01-28,San Diego,73,3302833,246144,232967,0,232967,2534
2021-01-28,San Francisco,75,870044,31652,31193,927,32120,290
2021-01-28,San Joaquin,77,732212,62323,60627,2616,63243,854
2021-01-28,San Luis Obispo,79,281455,17903,17279,491,17770,189
2021-01-28,San Mateo,81,765935,36774,34931,348,35279,218
2021-01-28,Santa Barbara,83,443738,29359,27674,988,28662,284
2021-01-28,Santa Clara,85,1922200,102024,100470,482,100952,1219
2021-01-28,Santa Cruz,87,273765,14301,13188,739,13927,145
2021-01-28,Shasta,89,179085,10337,10176,1115,11291,110
2021-01-28,Sierra,91,2930,46,43,14,57,0
2021-01-28,Siskiyou,93,43540,1316,1218,213,1431,4
2021-01-28,Solano,95,438530,27956,27163,325,27488,114
2021-01-28,Sonoma,97,501317,26006,25564,137,25701,236
2021-01-28,Stanislaus,99,539301,46619,45162,4999,50161,640
2021-01-28,Sutter,101,95872,8297,8136,82,8218,85
2021-01-28,Tehama,103,63373,4288,4163,483,4646,20
2021-01-28,Trinity,105,12862,321,260,37,297,3
2021-01-28,Tulare,107,460477,44985,43742,7087,50829,595
2021-01-28,Tuolumne,109,53932,3527,3472,29,3501,32
2021-01-28,Ventura,111,848112,70774,68896,2607,71503,475
2021-01-28,Yolo,113,214977,12082,11500,170,11670,151
2021-01-28,Yuba,115,75493,5125,4994,75,5069,32
2021-01-27,Alameda,1,1643700,74091,72188,1649,73837,815
2021-01-27,Alpine,3,1148,74,72,0,72,0
2021-01-27,Amador,5,37829,3224,3116,26,3142,31
2021-01-27,Butte,7,227075,10557,9988,1532,11520,138
2021-01-27,Calaveras,9,45235,1751,1737,10,1747,21
2021-01-27,Colusa,11,21464,1755,1724,210,1934,8
2021-01-27,Contra Costa,13,1133247,57873,55578,1017,56595,507
2021-01-27,Del Norte,15,27424,866,859,0,859,2
2021-01-27,El Dorado,17,186661,8503,8141,591,8732,76
2021-01-27,Fresno,19,978130,90135,86886,7124,94010,938
2021-01-27,Glenn,21,27897,2101,2042,445,2487,14
2021-01-27,Humboldt,23,135768,2790,2630,18,2648,24
2021-01-27,Imperial,25,180216,26420,25861,2534,28395,504
2021-01-27,Inyo,27,18085,1082,1023,1,1024,27
2021-01-27,Kern,29,883053,87161,84244,8703,92947,809
2021-01-27,Kings,31,150075,20801,20211,929,21140,167
2021-01-27,Lake,33,64148,2852,2750,1,2751,32
2021-01-27,Lassen,35,31185,4923,4851,92,4943,1
2021-01-27,Los Angeles,37,10098052,1109542,1066569,38060,1104629,15757
2021-01-27,Madera,39,155013,14625,14194,732,14926,86
2021-01-27,Marin,41,260295,12302,12028,143,12171,180
2021-01-27,Mariposa,43,17540,355,333,3,336,4
2021-01-27,Mendocino,45,87422,3270,3095,59,3154,36
2021-01-27,Merced,47,269075,26042,25439,727,26166,315
2021-01-27,Modoc,49,8938,312,297,98,395,0
2021-01-27,Mono,51,14174,1122,1131,12,1143,3
2021-01-27,Monterey,53,433212,39206,38139,1416,39555,268
2021-01-27,Napa,55,140530,8399,8187,32,8219,46
2021-01-27,Nevada,57,99092,3617,3431,145,3576,18
2021-01-27,Orange,59,3164182,232622,227110,9694,236804,2832
2021-01-27,Placer,61,380077,19175,18106,1007,19113,198
2021-01-27,Plumas,63,18699,617,544,11,555,2
2021-01-27,Riverside,65,2383286,268884,260796,13407,274203,2931
2021-01-27,Sacramento,67,1510023,87120,85428,1080,86508,1142
2021-01-27,San Benito,69,59416,5407,5284,74,5358,47
2021-01-27,San Bernardino,71,2135413,274088,265153,8058,273211,2019
2021-01-27,San Diego,73,3302833,244815,231478,0,231478,2465
2021-01-27,San Francisco,75,870044,31510,31082,920,32002,287
2021-01-27,San Joaquin,77,732212,62054,60131,2592,62723,853
2021-01-27,San Luis Obispo,79,281455,17796,17119,487,17606,188
2021-01-27,San Mateo,81,765935,36619,34619,344,34963,216
2021-01-27,Santa Barbara,83,443738,29185,27435,982,28417,282
2021-01-27,Santa Clara,85,1922200,101621,99732,478,100210,1184
2021-01-27,Santa Cruz,87,273765,14231,13111,736,13847,143
2021-01-27,Shasta,89,179085,10303,10106,1109,11215,105
2021-01-27,Sierra,91,2930,46,44,14,58,0
2021-01-27,Siskiyou,93,43540,1310,1214,210,1424,4
2021-01-27,Solano,95,438530,27780,26982,318,27300,112
2021-01-27,Sonoma,97,501317,25908,25361,137,25498,237
2021-01-27,Stanislaus,99,539301,46435,44874,4971,49845,624
2021-01-27,Sutter,101,95872,8254,8093,82,8175,83
2021-01-27,Tehama,103,63373,4263,4133,479,4612,20
2021-01-27,Trinity,105,12862,321,260,37,297,3
2021-01-27,Tulare,107,460477,44800,43462,7012,50474,583
2021-01-27,Tuolumne,109,53932,3517,3464,29,3493,32
2021-01-27,Ventura,111,848112,70302,68291,2582,70873,468
2021-01-27,Yolo,113,214977,12035,11427,166,11593,151
2021-01-27,Yuba,115,75493,5109,4968,75,5043,32
2021-01-26,Alameda,1,1643700,73711,71851,1631,73482,789
2021-01-26,Alpine,3,1148,74,72,0,72,0
2021-01-26,Amador,5,37829,3213,3113,26,3139,31
2021-01-26,Butte,7,227075,10515,9943,1526,11469,136
2021-01-26,Calaveras,9,45235,1740,1723,10,1733,21
2021-01-26,Colusa,11,21464,1748,1719,207,1926,8
2021-01-26,Contra Costa,13,1133247,57593,55337,1009,56346,491
2021-01-26,Del Norte,15,27424,865,856,0,856,2
2021-01-26,El Dorado,17,186661,8478,8115,588,8703,71
2021-01-26,Fresno,19,978130,89780,86673,7079,93752,923
2021-01-26,Glenn,21,27897,2091,2034,441,2475,13
2021-01-26,Humboldt,23,135768,2768,2612,17,2629,24
2021-01-26,Imperial,25,180216,26350,25812,2519,28331,498
2021-01-26,Inyo,27,18085,1075,1018,1,1019,27
2021-01-26,Kern,29,883053,86736,83868,8624,92492,790
2021-01-26,Kings,31,150075,20743,20156,924,21080,159
2021-01-26,Lake,33,64148,2843,2748,1,2749,32
2021-01-26,Lassen,35,31185,4917,4844,92,4936,1
2021-01-26,Los Angeles,37,10098052,1104291,1060492,37843,1098335,15458
2021-01-26,Madera,39,155013,14568,14130,726,14856,86
2021-01-26,Marin,41,260295,12256,11993,141,12134,179
2021-01-26,Mariposa,43,17540,353,332,3,335,3
2021-01-26,Mendocino,45,87422,3244,3076,58,3134,36
2021-01-26,Merced,47,269075,25902,25359,720,26079,309
2021-01-26,Modoc,49,8938,305,291,97,388,0
2021-01-26,Mono,51,14174,1121,1120,12,1132,3
2021-01-26,Monterey,53,433212,39008,37963,1395,39358,255
2021-01-26,Napa,55,140530,8342,8145,32,8177,43
2021-01-26,Nevada,57,99092,3610,3410,144,3554,18
2021-01-26,Orange,59,3164182,231493,225987,9650,235637,2760
2021-01-26,Placer,61,380077,19101,18016,1005,19021,193
2021-01-26,Plumas,63,18699,615,536,11,547,2
2021-01-26,Riverside,65,2383286,267552,259399,13345,272744,2898
2021-01-26,Sacramento,67,1510023,86766,85062,1073,86135,1127
2021-01-26,San Benito,69,59416,5393,5251,73,5324,45
2021-01-26,San Bernardino,71,2135413,273098,263736,8013,271749,1970
2021-01-26,San Diego,73,3302833,243324,230063,0,230063,2421
2021-01-26,San Francisco,75,870044,31380,30874,899,31773,286
2021-01-26,San Joaquin,77,732212,61800,59889,2575,62464,847
2021-01-26,San Luis Obispo,79,281455,17715,17016,484,17500,186
2021-01-26,San Mateo,81,765935,36427,34441,333,34774,213
2021-01-26,Santa Barbara,83,443738,29013,27321,970,28291,273
2021-01-26,Santa Clara,85,1922200,101145,99215,473,99688,1171
2021-01-26,Santa Cruz,87,273765,14166,13045,730,13775,134
2021-01-26,Shasta,89,179085,10268,10036,1101,11137,103
2021-01-26,Sierra,91,2930,46,43,14,57,0
2021-01-26,Siskiyou,93,43540,1296,1208,208,1416,4
2021-01-26,Solano,95,438530,27624,26858,312,27170,110
2021-01-26,Sonoma,97,501317,25787,25273,135,25408,236
2021-01-26,Stanislaus,99,539301,46252,44703,4928,49631,599
2021-01-26,Sutter,101,95872,8212,8067,82,8149,83
2021-01-26,Tehama,103,63373,4232,4115,479,4594,20
2021-01-26,Trinity,105,12862,321,260,37,297,3
2021-01-26,Tulare,107,460477,44599,43394,6940,50334,579
2021-01-26,Tuolumne,109,53932,3507,3451,29,3480,30
2021-01-26,Ventura,111,848112,69772,67526,2555,70081,448
2021-01-26,Yolo,113,214977,11990,11361,163,11524,148
2021-01-26,Yuba,115,75493,5084,4944,73,5017,31
2021-01-25,Alameda,1,1643700,73269,71255,1621,72876,780
2021-01-25,Alpine,3,1148,74,72,0,72,0
2021-01-25,Amador,5,37829,3173,3074,26,3100,30
2021-01-25,Butte,7,227075,10450,9865,1518,11383,133
2021-01-25,Calaveras,9,45235,1723,1713,10,1723,21
2021-01-25,Colusa,11,21464,1736,1709,203,1912,8
2021-01-25,Contra Costa,13,1133247,57231,54989,1002,55991,488
2021-01-25,Del Norte,15,27424,864,855,0,855,2
2021-01-25,El Dorado,17,186661,8454,8060,588,8648,66
2021-01-25,Fresno,19,978130,89412,86336,7046,93382,913
2021-01-25,Glenn,21,27897,2080,2028,441,2469,13
2021-01-25,Humboldt,23,135768,2734,2587,17,2604,24
2021-01-25,Imperial,25,180216,26300,25745,2510,28255,491
2021-01-25,Inyo,27,18085,1069,1015,1,1016,27
2021-01-25,Kern,29,883053,86347,83401,8531,91932,787
2021-01-25,Kings,31,150075,20623,20067,920,20987,159
2021-01-25,Lake,33,64148,2824,2729,1,2730,32
2021-01-25,Lassen,35,31185,4892,4835,92,4927,1
2021-01-25,Los Angeles,37,10098052,1098364,1055181,37609,1092790,15163
2021-01-25,Madera,39,155013,14514,14068,722,14790,86
2021-01-25,Marin,41,260295,12203,11923,137,12060,177
2021-01-25,Mariposa,43,17540,350,331,3,334,3
2021-01-25,Mendocino,45,87422,3233,3054,58,3112,35
2021-01-25,Merced,47,269075,25763,25181,711,25892,305
2021-01-25,Modoc,49,8938,304,288,93,381,0
2021-01-25,Mono,51,14174,1118,1114,11,1125,3
2021-01-25,Monterey,53,433212,38751,37726,1374,39100,255
2021-01-25,Napa,55,140530,8309,8057,31,8088,43
2021-01-25,Nevada,57,99092,3596,3365,144,3509,18
2021-01-25,Orange,59,3164182,230291,225105,9609,234714,2696
2021-01-25,Placer,61,380077,19008,17936,990,18926,193
2021-01-25,Plumas,63,18699,612,533,11,544,2
2021-01-25,Riverside,65,2383286,265873,258082,13290,271372,2789
2021-01-25,Sacramento,67,1510023,86314,84653,1065,85718,1118
2021-01-25,San Benito,69,59416,5356,5238,72,5310,43
2021-01-25,San Bernardino,71,2135413,272147,263174,7975,271149,1947
2021-01-25,San Diego,73,3302833,241714,228630,0,228630,2375
2021-01-25,San Francisco,75,870044,31232,30734,876,31610,288
2021-01-25,San Joaquin,77,732212,61507,59291,2545,61836,838
2021-01-25,San Luis Obispo,79,281455,17580,16868,479,17347,179
2021-01-25,San Mateo,81,765935,36195,34187,326,34513,213
2021-01-25,Santa Barbara,83,443738,28783,27065,959,28024,269
2021-01-25,Santa Clara,85,1922200,100574,98647,465,99112,1143
2021-01-25,Santa Cruz,87,273765,14080,12973,724,13697,133
2021-01-25,Shasta,89,179085,10227,9991,1090,11081,103
2021-01-25,Sierra,91,2930,46,42,14,56,0
2021-01-25,Siskiyou,93,43540,1288,1205,205,1410,4
2021-01-25,Solano,95,438530,27455,26648,311,26959,109
2021-01-25,Sonoma,97,501317,25677,25160,133,25293,233
2021-01-25,Stanislaus,99,539301,46009,44293,4885,49178,599
2021-01-25,Sutter,101,95872,8169,8023,82,8105,83
2021-01-25,Tehama,103,63373,4204,4082,475,4557,20
2021-01-25,Trinity,105,12862,321,262,37,299,3
2021-01-25,Tulare,107,460477,44385,43124,6833,49957,578
2021-01-25,Tuolumne,109,53932,3498,3422,29,3451,29
2021-01-25,Ventura,111,848112,69129,66910,2537,69447,439
2021-01-25,Yolo,113,214977,11904,11276,161,11437,140
2021-01-25,Yuba,115,75493,5060,4900,71,4971,31
2021-01-24,Alameda,1,1643700,72762,70823,1609,72432,780
2021-01-24,Alpine,3,1148,74,72,0,72,0
2021-01-24,Amador,5,37829,3140,3054,26,3080,30
2021-01-24,Butte,7,227075,10366,9820,1499,11319,133
2021-01-24,Calaveras,9,45235,1707,1704,10,1714,21
2021-01-24,Colusa,11,21464,1725,1689,197,1886,8
2021-01-24,Contra Costa,13,1133247,56842,54694,989,55683,488
2021-01-24,Del Norte,15,27424,859,855,0,855,2
2021-01-24,El Dorado,17,186661,8420,8003,584,8587,66
2021-01-24,Fresno,19,978130,88975,85808,7006,92814,911
2021-01-24,Glenn,21,27897,2073,2026,439,2465,13
2021-01-24,Humboldt,23,135768,2695,2562,17,2579,24
2021-01-24,Imperial,25,180216,26206,25707,2480,28187,488
2021-01-24,Inyo,27,18085,1053,1007,1,1008,27
2021-01-24,Kern,29,883053,85909,83125,8418,91543,785
2021-01-24,Kings,31,150075,20497,19988,902,20890,159
2021-01-24,Lake,33,64148,2806,2724,0,2724,32
2021-01-24,Lassen,35,31185,4881,4828,89,4917,1
2021-01-24,Los Angeles,37,10098052,1092001,1048757,37289,1086046,15119
2021-01-24,Madera,39,155013,14422,14000,716,14716,86
2021-01-24,Marin,41,260295,12137,11872,135,12007,177
2021-01-24,Mariposa,43,17540,346,322,3,325,3
2021-01-24,Mendocino,45,87422,3212,3037,57,3094,33
2021-01-24,Merced,47,269075,25550,25047,703,25750,305
2021-01-24,Modoc,49,8938,304,285,93,378,0
2021-01-24,Mono,51,14174,1111,1113,11,1124,3
2021-01-24,Monterey,53,433212,38479,37527,1341,38868,254
2021-01-24,Napa,55,140530,8267,8005,31,8036,43
2021-01-24,Nevada,57,99092,3554,3349,142,3491,18
2021-01-24,Orange,59,3164182,228862,223853,9543,233396,2632
2021-01-24,Placer,61,380077,18897,17839,970,18809,193
2021-01-24,Plumas,63,18699,609,532,11,543,2
2021-01-24,Riverside,65,2383286,264275,256767,13211,269978,2761
2021-01-24,Sacramento,67,1510023,85741,84110,1058,85168,1112
2021-01-24,San Benito,69,59416,5314,5223,69,5292,43
2021-01-24,San Bernardino,71,2135413,270828,262370,7917,270287,1935
2021-01-24,San Diego,73,3302833,240024,227193,0,227193,2375
2021-01-24,San Francisco,75,870044,31043,30559,853,31412,275
2021-01-24,San Joaquin,77,732212,61083,59021,2529,61550,838
2021-01-24,San Luis Obispo,79,281455,17459,16758,476,17234,179
2021-01-24,San Mateo,81,765935,35952,33956,321,34277,213
2021-01-24,Santa Barbara,83,443738,28470,26735,949,27684,269
2021-01-24,Santa Clara,85,1922200,99922,98103,461,98564,1109
2021-01-24,Santa Cruz,87,273765,13995,12905,715,13620,133
2021-01-24,Shasta,89,179085,10156,9978,1081,11059,103
2021-01-24,Sierra,91,2930,45,42,14,56,0
2021-01-24,Siskiyou,93,43540,1281,1195,205,1400,4
2021-01-24,Solano,95,438530,27267,26515,307,26822,109
2021-01-24,Sonoma,97,501317,25487,25045,132,25177,233
2021-01-24,Stanislaus,99,539301,45699,44031,4826,48857,599
2021-01-24,Sutter,101,95872,8101,7980,81,8061,83
2021-01-24,Tehama,103,63373,4164,4062,467,4529,20
2021-01-24,Trinity,105,12862,321,262,37,299,3
2021-01-24,Tulare,107,460477,44173,43006,6734,49740,577
2021-01-24,Tuolumne,109,53932,3488,3416,29,3445,29
2021-01-24,Ventura,111,848112,68415,66347,2512,68859,439
2021-01-24,Yolo,113,214977,11819,11210,157,11367,140
2021-01-24,Yuba,115,75493,5020,4875,70,4945,31
2021-01-23,Alameda,1,1643700,72520,70080,1600,71680,780
2021-01-23,Alpine,3,1148,74,72,0,72,0
2021-01-23,Amador,5,37829,3137,3049,26,3075,30
2021-01-23,Butte,7,227075,10336,9757,1494,11251,133
2021-01-23,Calaveras,9,45235,1701,1695,10,1705,21
2021-01-23,Colusa,11,21464,1721,1672,196,1868,8
2021-01-23,Contra Costa,13,1133247,56631,54162,981,55143,487
2021-01-23,Del Norte,15,27424,858,855,0,855,2
2021-01-23,El Dorado,17,186661,8404,7984,582,8566,66
2021-01-23,Fresno,19,978130,88792,85274,6975,92249,910
2021-01-23,Glenn,21,27897,2070,2015,435,2450,13
2021-01-23,Humboldt,23,135768,2676,2493,16,2509,23
2021-01-23,Imperial,25,180216,26175,25581,2471,28052,487
2021-01-23,Inyo,27,18085,1044,987,1,988,27
2021-01-23,Kern,29,883053,85668,82602,8342,90944,783
2021-01-23,Kings,31,150075,20453,19904,900,20804,159
2021-01-23,Lake,33,64148,2798,2673,0,2673,32
2021-01-23,Lassen,35,31185,4880,4816,86,4902,1
2021-01-23,Los Angeles,37,10098052,1088803,1040961,37120,1078081,15034
2021-01-23,Madera,39,155013,14386,13858,714,14572,86
2021-01-23,Marin,41,260295,12081,11796,133,11929,177
2021-01-23,Mariposa,43,17540,346,323,3,326,3
2021-01-23,Mendocino,45,87422,3198,2991,57,3048,32
2021-01-23,Merced,47,269075,25458,24787,689,25476,303
2021-01-23,Modoc,49,8938,304,285,93,378,0
2021-01-23,Mono,51,14174,1109,1111,11,1122,3
2021-01-23,Monterey,53,433212,38397,37165,1336,38501,253
2021-01-23,Napa,55,140530,8242,7893,31,7924,43
2021-01-23,Nevada,57,99092,3543,3332,141,3473,18
2021-01-23,Orange,59,3164182,228096,221722,9500,231222,2618
2021-01-23,Placer,61,380077,18848,17617,965,18582,193
2021-01-23,Plumas,63,18699,608,528,11,539,2
2021-01-23,Riverside,65,2383286,263402,253636,13155,266791,2733
2021-01-23,Sacramento,67,1510023,85514,83408,1055,84463,1108
2021-01-23,San Benito,69,59416,5290,5166,68,5234,43
2021-01-23,San Bernardino,71,2135413,270284,260381,7883,268264,1922
2021-01-23,San Diego,73,3302833,238966,225556,0,225556,2344
2021-01-23,San Francisco,75,870044,30938,30308,823,31131,268
2021-01-23,San Joaquin,77,732212,60961,58164,2517,60681,836
2021-01-23,San Luis Obispo,79,281455,17396,16652,473,17125,176
2021-01-23,San Mateo,81,765935,35776,33696,310,34006,213
2021-01-23,Santa Barbara,83,443738,28289,26234,940,27174,264
2021-01-23,Santa Clara,85,1922200,99567,97189,460,97649,1086
2021-01-23,Santa Cruz,87,273765,13937,12771,712,13483,127
2021-01-23,Shasta,89,179085,10126,9951,1080,11031,103
2021-01-23,Sierra,91,2930,45,41,14,55,0
2021-01-23,Siskiyou,93,43540,1271,1190,204,1394,4
2021-01-23,Solano,95,438530,27173,26261,305,26566,107
2021-01-23,Sonoma,97,501317,25411,24790,132,24922,232
2021-01-23,Stanislaus,99,539301,45538,43723,4796,48519,599
2021-01-23,Sutter,101,95872,8083,7943,80,8023,80
2021-01-23,Tehama,103,63373,4145,4006,466,4472,20
2021-01-23,Trinity,105,12862,321,262,37,299,3
2021-01-23,Tulare,107,460477,44026,42661,6668,49329,575
2021-01-23,Tuolumne,109,53932,3481,3407,29,3436,29
2021-01-23,Ventura,111,848112,67969,65581,2487,68068,438
2021-01-23,Yolo,113,214977,11777,11087,153,11240,141
2021-01-23,Yuba,115,75493,5009,4831,68,4899,30
2021-01-22,Alameda,1,1643700,72195,69693,1594,71287,751
2021-01-22,Alpine,3,1148,74,71,0,71,0
2021-01-22,Amador,5,37829,3132,3042,26,3068,30
2021-01-22,Butte,7,227075,10288,9711,1480,11191,133
2021-01-22,Calaveras,9,45235,1692,1672,10,1682,21
2021-01-22,Colusa,11,21464,1719,1668,196,1864,7
2021-01-22,Contra Costa,13,1133247,56391,53887,975,54862,485
2021-01-22,Del Norte,15,27424,857,852,0,852,2
2021-01-22,El Dorado,17,186661,8371,7877,579,8456,64
2021-01-22,Fresno,19,978130,88457,84744,6944,91688,892
2021-01-22,Glenn,21,27897,2066,1985,430,2415,13
2021-01-22,Humboldt,23,135768,2652,2452,16,2468,23
2021-01-22,Imperial,25,180216,26140,25562,2456,28018,474
2021-01-22,Inyo,27,18085,1033,961,1,962,26
2021-01-22,Kern,29,883053,85373,82101,8267,90368,771
2021-01-22,Kings,31,150075,20377,19760,896,20656,159
2021-01-22,Lake,33,64148,2786,2681,0,2681,32
2021-01-22,Lassen,35,31185,4872,4765,85,4850,1
2021-01-22,Los Angeles,37,10098052,1084370,1031177,36919,1068096,14777
2021-01-22,Madera,39,155013,14325,13781,713,14494,86
2021-01-22,Marin,41,260295,12044,11769,131,11900,177
2021-01-22,Mariposa,43,17540,346,323,3,326,3
2021-01-22,Mendocino,45,87422,3173,2994,56,3050,32
2021-01-22,Merced,47,269075,25335,24616,681,25297,290
2021-01-22,Modoc,49,8938,304,285,93,378,0
2021-01-22,Mono,51,14174,1109,1108,11,1119,3
2021-01-22,Monterey,53,433212,38243,36909,1330,38239,253
2021-01-22,Napa,55,140530,8196,7828,31,7859,40
2021-01-22,Nevada,57,99092,3518,3296,140,3436,18
2021-01-22,Orange,59,3164182,227149,220384,9451,229835,2542
2021-01-22,Placer,61,380077,18794,17636,950,18586,193
2021-01-22,Plumas,63,18699,606,522,11,533,2
2021-01-22,Riverside,65,2383286,262279,252440,13087,265527,2710
2021-01-22,Sacramento,67,1510023,85184,82861,1047,83908,1094
2021-01-22,San Benito,69,59416,5265,5143,68,5211,43
2021-01-22,San Bernardino,71,2135413,269459,259121,7848,266969,1849
2021-01-22,San Diego,73,3302833,237727,222576,0,222576,2301
2021-01-22,San Francisco,75,870044,30827,30027,802,30829,266
2021-01-22,San Joaquin,77,732212,60779,58485,2504,60989,812
2021-01-22,San Luis Obispo,79,281455,17307,16336,470,16806,172
2021-01-22,San Mateo,81,765935,35553,33401,307,33708,211
2021-01-22,Santa Barbara,83,443738,28089,25989,929,26918,256
2021-01-22,Santa Clara,85,1922200,99126,96435,457,96892,1062
2021-01-22,Santa Cruz,87,273765,13880,12687,707,13394,123
2021-01-22,Shasta,89,179085,10107,9866,1078,10944,103
2021-01-22,Sierra,91,2930,45,40,14,54,0
2021-01-22,Siskiyou,93,43540,1267,1182,202,1384,4
2021-01-22,Solano,95,438530,27084,26048,303,26351,107
2021-01-22,Sonoma,97,501317,25332,24659,132,24791,232
2021-01-22,Stanislaus,99,539301,45384,43489,4759,48248,599
2021-01-22,Sutter,101,95872,8057,7878,80,7958,80
2021-01-22,Tehama,103,63373,4126,3993,465,4458,19
2021-01-22,Trinity,105,12862,320,263,37,300,3
2021-01-22,Tulare,107,460477,43849,42307,6595,48902,573
2021-01-22,Tuolumne,109,53932,3452,3379,29,3408,29
2021-01-22,Ventura,111,848112,67463,64404,2470,66874,426
2021-01-22,Yolo,113,214977,11743,11014,145,11159,141
2021-01-22,Yuba,115,75493,4985,4789,66,4855,29
2021-01-21,Alameda,1,1643700,71752,69314,1577,70891,739
2021-01-21,Alpine,3,1148,74,71,0,71,0
2021-01-21,Amador,5,37829,3110,3038,26,3064,29
2021-01-21,Butte,7,227075,10217,9643,1473,11116,130
2021-01-21,Calaveras,9,45235,1685,1647,10,1657,21
2021-01-21,Colusa,11,21464,1712,1662,193,1855,7
2021-01-21,Contra Costa,13,1133247,55976,53595,961,54556,478
2021-01-21,Del Norte,15,27424,855,850,0,850,2
2021-01-21,El Dorado,17,186661,8322,7823,576,8399,58
2021-01-21,Fresno,19,978130,88054,84137,6903,91040,889
2021-01-21,Glenn,21,27897,2057,1964,426,2390,13
2021-01-21,Humboldt,23,135768,2630,2423,16,2439,23
2021-01-21,Imperial,25,180216,26049,25509,2438,27947,463
2021-01-21,Inyo,27,18085,1024,946,1,947,26
2021-01-21,Kern,29,883053,84963,81328,8146,89474,769
2021-01-21,Kings,31,150075,20307,19633,877,20510,158
2021-01-21,Lake,33,64148,2770,2669,0,2669,32
2021-01-21,Lassen,35,31185,4866,4763,85,4848,1
2021-01-21,Los Angeles,37,10098052,1077736,1023055,36581,1059636,14537
2021-01-21,Madera,39,155013,14258,13664,705,14369,86
2021-01-21,Marin,41,260295,11987,11732,129,11861,173
2021-01-21,Mariposa,43,17540,342,322,3,325,3
2021-01-21,Mendocino,45,87422,3150,2967,54,3021,32
2021-01-21,Merced,47,269075,25181,24426,675,25101,245
2021-01-21,Modoc,49,8938,301,284,92,376,0
2021-01-21,Mono,51,14174,1104,1104,11,1115,3
2021-01-21,Monterey,53,433212,37963,36149,1319,37468,253
2021-01-21,Napa,55,140530,8132,7774,31,7805,40
2021-01-21,Nevada,57,99092,3489,3274,139,3413,18
2021-01-21,Orange,59,3164182,225773,218867,9393,228260,2540
2021-01-21,Placer,61,380077,18710,17553,946,18499,190
2021-01-21,Plumas,63,18699,602,518,11,529,2
2021-01-21,Riverside,65,2383286,260566,251007,13004,264011,2676
2021-01-21,Sacramento,67,1510023,84705,82303,1027,83330,1084
2021-01-21,San Benito,69,59416,5232,5100,62,5162,43
2021-01-21,San Bernardino,71,2135413,268113,257754,7780,265534,1832
2021-01-21,San Diego,73,3302833,235953,219729,0,219729,2222
2021-01-21,San Francisco,75,870044,30651,29801,768,30569,266
2021-01-21,San Joaquin,77,732212,60471,58270,2483,60753,806
2021-01-21,San Luis Obispo,79,281455,17221,16153,462,16615,169
2021-01-21,San Mateo,81,765935,35309,33156,293,33449,210
2021-01-21,Santa Barbara,83,443738,27806,25654,915,26569,253
2021-01-21,Santa Clara,85,1922200,98505,96028,449,96477,1062
2021-01-21,Santa Cruz,87,273765,13796,12548,697,13245,119
2021-01-21,Shasta,89,179085,10065,9795,1060,10855,98
2021-01-21,Sierra,91,2930,45,40,14,54,0
2021-01-21,Siskiyou,93,43540,1264,1178,199,1377,4
2021-01-21,Solano,95,438530,26903,25885,299,26184,106
2021-01-21,Sonoma,97,501317,25190,24440,130,24570,230
2021-01-21,Stanislaus,99,539301,45082,43223,4713,47936,599
2021-01-21,Sutter,101,95872,8023,7822,80,7902,80
2021-01-21,Tehama,103,63373,4091,3938,465,4403,19
2021-01-21,Trinity,105,12862,320,261,37,298,3
2021-01-21,Tulare,107,460477,43644,42082,6513,48595,569
2021-01-21,Tuolumne,109,53932,3442,3365,29,3394,29
2021-01-21,Ventura,111,848112,66773,63995,2448,66443,420
2021-01-21,Yolo,113,214977,11651,10940,137,11077,141
2021-01-21,Yuba,115,75493,4953,4757,65,4822,29
2021-01-20,Alameda,1,1643700,71234,68785,1562,70347,702
2021-01-20,Alpine,3,1148,74,71,0,71,0
2021-01-20,Amador,5,37829,3079,3036,26,3062,29
2021-01-20,Butte,7,227075,10160,9582,1462,11044,130
2021-01-20,Calaveras,9,45235,1663,1637,9,1646,21
2021-01-20,Colusa,11,21464,1696,1630,188,1818,7
2021-01-20,Contra Costa,13,1133247,55522,53108,955,54063,461
2021-01-20,Del Norte,15,27424,854,848,0,848,2
2021-01-20,El Dorado,17,186661,8276,7785,572,8357,53
2021-01-20,Fresno,19,978130,87633,83591,6850,90441,872
2021-01-20,Glenn,21,27897,2039,1955,423,2378,13
2021-01-20,Humboldt,23,135768,2588,2390,16,2406,22
2021-01-20,Imperial,25,180216,25982,25380,2400,27780,461
2021-01-20,Inyo,27,18085,1014,901,1,902,26
2021-01-20,Kern,29,883053,84513,80701,8039,88740,754
2021-01-20,Kings,31,150075,20218,19522,868,20390,146
2021-01-20,Lake,33,64148,2747,2646,0,2646,31
2021-01-20,Lassen,35,31185,4858,4758,83,4841,1
2021-01-20,Los Angeles,37,10098052,1070266,1015608,36286,1051894,14299
2021-01-20,Madera,39,155013,14193,13585,700,14285,86
2021-01-20,Marin,41,260295,11934,11684,127,11811,171
2021-01-20,Mariposa,43,17540,340,322,3,325,3
2021-01-20,Mendocino,45,87422,3135,2957,54,3011,32
2021-01-20,Merced,47,269075,25007,24220,654,24874,243
2021-01-20,Modoc,49,8938,300,282,92,374,0
2021-01-20,Mono,51,14174,1097,1105,10,1115,3
2021-01-20,Monterey,53,433212,37647,35960,1296,37256,249
2021-01-20,Napa,55,140530,8063,7731,30,7761,40
2021-01-20,Nevada,57,99092,3457,3238,139,3377,18
2021-01-20,Orange,59,3164182,224234,216893,9327,226220,2500
2021-01-20,Placer,61,380077,18607,17455,927,18382,186
2021-01-20,Plumas,63,18699,600,512,11,523,2
2021-01-20,Riverside,65,2383286,258559,248686,12916,261602,2615
2021-01-20,Sacramento,67,1510023,84140,81687,1016,82703,1072
2021-01-20,San Benito,69,59416,5202,5036,61,5097,35
2021-01-20,San Bernardino,71,2135413,266753,255921,7727,263648,1801
2021-01-20,San Diego,73,3302833,234100,218553,0,218553,2174
2021-01-20,San Francisco,75,870044,30455,29665,747,30412,262
2021-01-20,San Joaquin,77,732212,60068,58025,2474,60499,783
2021-01-20,San Luis Obispo,79,281455,17039,15936,453,16389,164
2021-01-20,San Mateo,81,765935,35085,32929,292,33221,210
2021-01-20,Santa Barbara,83,443738,27492,25312,902,26214,248
2021-01-20,Santa Clara,85,1922200,97825,94995,448,95443,1040
2021-01-20,Santa Cruz,87,273765,13690,12460,683,13143,107
2021-01-20,Shasta,89,179085,10013,9697,1049,10746,98
2021-01-20,Sierra,91,2930,45,40,14,54,0
2021-01-20,Siskiyou,93,43540,1258,1163,198,1361,4
2021-01-20,Solano,95,438530,26709,25659,295,25954,106
2021-01-20,Sonoma,97,501317,25043,24262,128,24390,223
2021-01-20,Stanislaus,99,539301,44792,42955,4666,47621,585
2021-01-20,Sutter,101,95872,7972,7772,78,7850,80
2021-01-20,Tehama,103,63373,4066,3892,464,4356,19
2021-01-20,Trinity,105,12862,320,260,37,297,3
2021-01-20,Tulare,107,460477,43394,41799,6413,48212,559
2021-01-20,Tuolumne,109,53932,3428,3355,28,3383,29
2021-01-20,Ventura,111,848112,65818,63413,2419,65832,395
2021-01-20,Yolo,113,214977,11580,10852,134,10986,141
2021-01-20,Yuba,115,75493,4926,4729,65,4794,29
2021-01-19,Alameda,1,1643700,70568,68434,1552,69986,680
2021-01-19,Alpine,3,1148,74,71,0,71,0
2021-01-19,Amador,5,37829,3070,3024,26,3050,28
2021-01-19,Butte,7,227075,10095,9528,1448,10976,129
2021-01-19,Calaveras,9,45235,1648,1621,8,1629,21
2021-01-19,Colusa,11,21464,1674,1617,180,1797,7
2021-01-19,Contra Costa,13,1133247,55025,52730,942,53672,448
2021-01-19,Del Norte,15,27424,853,843,0,843,2
2021-01-19,El Dorado,17,186661,8215,7743,564,8307,47
2021-01-19,Fresno,19,978130,87118,83200,6798,89998,857
2021-01-19,Glenn,21,27897,2028,1948,417,2365,13
2021-01-19,Humboldt,23,135768,2564,2359,13,2372,22
2021-01-19,Imperial,25,180216,25903,25333,2382,27715,452
2021-01-19,Inyo,27,18085,1007,891,1,892,26
2021-01-19,Kern,29,883053,83927,80272,7932,88204,742
2021-01-19,Kings,31,150075,20079,19375,856,20231,143
2021-01-19,Lake,33,64148,2733,2625,0,2625,31
2021-01-19,Lassen,35,31185,4851,4753,83,4836,1
2021-01-19,Los Angeles,37,10098052,1061623,1010375,35999,1046374,14014
2021-01-19,Madera,39,155013,14076,13528,692,14220,86
2021-01-19,Marin,41,260295,11876,11654,123,11777,169
2021-01-19,Mariposa,43,17540,340,322,3,325,3
2021-01-19,Mendocino,45,87422,3118,2930,54,2984,32
2021-01-19,Merced,47,269075,24793,24108,648,24756,242
2021-01-19,Modoc,49,8938,299,281,92,373,0
2021-01-19,Mono,51,14174,1096,1106,10,1116,3
2021-01-19,Monterey,53,433212,37321,35840,1272,37112,248
2021-01-19,Napa,55,140530,8004,7672,30,7702,38
2021-01-19,Nevada,57,99092,3439,3216,137,3353,18
2021-01-19,Orange,59,3164182,222483,215244,9259,224503,2468
2021-01-19,Placer,61,380077,18507,17348,917,18265,182
2021-01-19,Plumas,63,18699,593,509,11,520,2
2021-01-19,Riverside,65,2383286,256500,246248,12837,259085,2585
2021-01-19,Sacramento,67,1510023,83608,81183,996,82179,1053
2021-01-19,San Benito,69,59416,5156,4988,60,5048,35
2021-01-19,San Bernardino,71,2135413,264991,253651,7667,261318,1777
2021-01-19,San Diego,73,3302833,231681,216833,0,216833,2109
2021-01-19,San Francisco,75,870044,30238,29502,714,30216,261
2021-01-19,San Joaquin,77,732212,59686,57655,2459,60114,782
2021-01-19,San Luis Obispo,79,281455,16776,15855,450,16305,161
2021-01-19,San Mateo,81,765935,34800,32730,280,33010,208
2021-01-19,Santa Barbara,83,443738,27112,24991,883,25874,236
2021-01-19,Santa Clara,85,1922200,97040,94483,446,94929,1010
2021-01-19,Santa Cruz,87,273765,13575,12410,673,13083,106
2021-01-19,Shasta,89,179085,9977,9614,1039,10653,93
2021-01-19,Sierra,91,2930,45,40,12,52,0
2021-01-19,Siskiyou,93,43540,1250,1149,197,1346,4
2021-01-19,Solano,95,438530,26462,25520,295,25815,106
2021-01-19,Sonoma,97,501317,24864,24133,126,24259,223
2021-01-19,Stanislaus,99,539301,44441,42723,4608,47331,561
2021-01-19,Sutter,101,95872,7921,7709,72,7781,80
2021-01-19,Tehama,103,63373,4032,3876,462,4338,19
2021-01-19,Trinity,105,12862,319,260,37,297,3
2021-01-19,Tulare,107,460477,43122,41559,6310,47869,549
2021-01-19,Tuolumne,109,53932,3401,3328,28,3356,29
2021-01-19,Ventura,111,848112,65140,62656,2392,65048,383
2021-01-19,Yolo,113,214977,11500,10789,134,10923,134
2021-01-19,Yuba,115,75493,4892,4695,64,4759,29
2021-01-18,Alameda,1,1643700,69888,67938,1534,69472,680
2021-01-18,Alpine,3,1148,74,71,0,71,0
2021-01-18,Amador,5,37829,3056,3016,26,3042,28
2021-01-18,Butte,7,227075,10008,9474,1435,10909,129
2021-01-18,Calaveras,9,45235,1630,1617,7,1624,21
2021-01-18,Colusa,11,21464,1657,1608,175,1783,7
2021-01-18,Contra Costa,13,1133247,54505,52323,934,53257,448
2021-01-18,Del Norte,15,27424,852,840,0,840,2
2021-01-18,El Dorado,17,186661,8146,7707,562,8269,47
2021-01-18,Fresno,19,978130,86509,82485,6729,89214,857
2021-01-18,Glenn,21,27897,2011,1935,413,2348,13
2021-01-18,Humboldt,23,135768,2526,2343,13,2356,22
2021-01-18,Imperial,25,180216,25835,25317,2355,27672,452
2021-01-18,Inyo,27,18085,995,872,1,873,26
2021-01-18,Kern,29,883053,83289,79930,7839,87769,740
2021-01-18,Kings,31,150075,19911,19267,843,20110,141
2021-01-18,Lake,33,64148,2716,2591,0,2591,30
2021-01-18,Lassen,35,31185,4815,4749,82,4831,1
2021-01-18,Los Angeles,37,10098052,1052142,1002614,35699,1038313,13828
2021-01-18,Madera,39,155013,13962,13443,684,14127,85
2021-01-18,Marin,41,260295,11826,11607,121,11728,165
2021-01-18,Mariposa,43,17540,337,320,2,322,3
2021-01-18,Mendocino,45,87422,3095,2919,54,2973,31
2021-01-18,Merced,47,269075,24549,23927,631,24558,242
2021-01-18,Modoc,49,8938,296,281,89,370,0
2021-01-18,Mono,51,14174,1093,1101,10,1111,3
2021-01-18,Monterey,53,433212,36848,35549,1254,36803,247
2021-01-18,Napa,55,140530,7930,7601,30,7631,38
2021-01-18,Nevada,57,99092,3401,3199,136,3335,17
2021-01-18,Orange,59,3164182,220555,213866,9199,223065,2405
2021-01-18,Placer,61,380077,18390,17263,907,18170,182
2021-01-18,Plumas,63,18699,589,506,11,517,2
2021-01-18,Riverside,65,2383286,254224,244151,12745,256896,2568
2021-01-18,Sacramento,67,1510023,82931,80546,980,81526,1046
2021-01-18,San Benito,69,59416,5105,4963,58,5021,35
2021-01-18,San Bernardino,71,2135413,263199,252808,7609,260417,1775
2021-01-18,San Diego,73,3302833,229039,214335,0,214335,2103
2021-01-18,San Francisco,75,870044,30031,29321,690,30011,259
2021-01-18,San Joaquin,77,732212,59163,57405,2436,59841,782
2021-01-18,San Luis Obispo,79,281455,16589,15742,440,16182,158
2021-01-18,San Mateo,81,765935,34490,32515,261,32776,208
2021-01-18,Santa Barbara,83,443738,26739,24638,869,25507,235
2021-01-18,Santa Clara,85,1922200,96142,93688,442,94130,992
2021-01-18,Santa Cruz,87,273765,13443,12298,660,12958,106
2021-01-18,Shasta,89,179085,9939,9600,1027,10627,92
2021-01-18,Sierra,91,2930,44,40,12,52,0
2021-01-18,Siskiyou,93,43540,1238,1144,195,1339,4
2021-01-18,Solano,95,438530,26176,25344,290,25634,105
2021-01-18,Sonoma,97,501317,24589,24068,125,24193,223
2021-01-18,Stanislaus,99,539301,44084,42413,4558,46971,562
2021-01-18,Sutter,101,95872,7864,7680,69,7749,78
2021-01-18,Tehama,103,63373,3984,3854,455,4309,19
2021-01-18,Trinity,105,12862,319,260,37,297,3
2021-01-18,Tulare,107,460477,42837,41196,6191,47387,549
2021-01-18,Tuolumne,109,53932,3378,3318,27,3345,28
2021-01-18,Ventura,111,848112,64712,61859,2369,64228,379
2021-01-18,Yolo,113,214977,11368,10620,131,10751,134
2021-01-18,Yuba,115,75493,4864,4671,62,4733,29
2021-01-17,Alameda,1,1643700,69313,67375,1514,68889,676
2021-01-17,Alpine,3,1148,74,71,0,71,0
2021-01-17,Amador,5,37829,3049,3001,26,3027,28
2021-01-17,Butte,7,227075,9936,9411,1413,10824,129
2021-01-17,Calaveras,9,45235,1618,1608,7,1615,21
2021-01-17,Colusa,11,21464,1644,1588,169,1757,7
2021-01-17,Contra Costa,13,1133247,54013,51932,927,52859,447
2021-01-17,Del Norte,15,27424,852,838,0,838,2
2021-01-17,El Dorado,17,186661,8090,7659,549,8208,47
2021-01-17,Fresno,19,978130,85954,82039,6652,88691,857
2021-01-17,Glenn,21,27897,1999,1924,408,2332,9
2021-01-17,Humboldt,23,135768,2488,2322,11,2333,22
2021-01-17,Imperial,25,180216,25764,25253,2310,27563,451
2021-01-17,Inyo,27,18085,989,864,1,865,26
2021-01-17,Kern,29,883053,82741,79489,7753,87242,738
2021-01-17,Kings,31,150075,19775,19201,829,20030,131
2021-01-17,Lake,33,64148,2698,2572,0,2572,30
2021-01-17,Lassen,35,31185,4807,4740,81,4821,1
2021-01-17,Los Angeles,37,10098052,1045542,993028,35270,1028298,13741
2021-01-17,Madera,39,155013,13870,13328,678,14006,85
2021-01-17,Marin,41,260295,11774,11552,119,11671,164
2021-01-17,Mariposa,43,17540,337,319,2,321,3
2021-01-17,Mendocino,45,87422,3067,2912,53,2965,31
2021-01-17,Merced,47,269075,24334,23800,618,24418,242
2021-01-17,Modoc,49,8938,295,279,89,368,0
2021-01-17,Mono,51,14174,1087,1091,9,1100,3
2021-01-17,Monterey,53,433212,36616,35340,1229,36569,244
2021-01-17,Napa,55,140530,7874,7521,30,7551,38
2021-01-17,Nevada,57,99092,3376,3176,134,3310,17
2021-01-17,Orange,59,3164182,218540,212389,9119,221508,2359
2021-01-17,Placer,61,380077,18270,17194,891,18085,181
2021-01-17,Plumas,63,18699,588,505,10,515,2
2021-01-17,Riverside,65,2383286,252137,242206,12620,254826,2534
2021-01-17,Sacramento,67,1510023,82338,80154,966,81120,1045
2021-01-17,San Benito,69,59416,5067,4941,58,4999,35
2021-01-17,San Bernardino,71,2135413,261067,251487,7519,259006,1775
2021-01-17,San Diego,73,3302833,226846,211785,0,211785,2103
2021-01-17,San Francisco,75,870044,29842,29139,650,29789,255
2021-01-17,San Joaquin,77,732212,58797,57094,2420,59514,780
2021-01-17,San Luis Obispo,79,281455,16467,15658,431,16089,157
2021-01-17,San Mateo,81,765935,34238,32186,236,32422,208
2021-01-17,Santa Barbara,83,443738,26292,24401,853,25254,235
2021-01-17,Santa Clara,85,1922200,95383,92752,440,93192,976
2021-01-17,Santa Cruz,87,273765,13331,12196,657,12853,106
2021-01-17,Shasta,89,179085,9881,9588,1019,10607,92
2021-01-17,Sierra,91,2930,44,38,11,49,0
2021-01-17,Siskiyou,93,43540,1231,1136,192,1328,4
2021-01-17,Solano,95,438530,25945,25216,288,25504,105
2021-01-17,Sonoma,97,501317,24415,23871,125,23996,223
2021-01-17,Stanislaus,99,539301,43767,42221,4506,46727,562
2021-01-17,Sutter,101,95872,7801,7604,67,7671,77
2021-01-17,Tehama,103,63373,3955,3837,450,4287,18
2021-01-17,Trinity,105,12862,319,261,37,298,3
2021-01-17,Tulare,107,460477,42552,41016,6062,47078,549
2021-01-17,Tuolumne,109,53932,3361,3287,27,3314,27
2021-01-17,Ventura,111,848112,63870,61257,2321,63578,376
2021-01-17,Yolo,113,214977,11267,10519,130,10649,134
2021-01-17,Yuba,115,75493,4813,4640,60,4700,28
2021-01-16,Alameda,1,1643700,69006,66583,1500,68083,673
2021-01-16,Alpine,3,1148,74,71,0,71,0
2021-01-16,Amador,5,37829,3046,2986,26,3012,28
2021-01-16,Butte,7,227075,9906,9359,1393,10752,129
2021-01-16,Calaveras,9,45235,1607,1596,7,1603,21
2021-01-16,Colusa,11,21464,1632,1578,169,1747,7
2021-01-16,Contra Costa,13,1133247,53756,51363,918,52281,443
2021-01-16,Del Norte,15,27424,847,833,0,833,2
2021-01-16,El Dorado,17,186661,8068,7575,548,8123,47
2021-01-16,Fresno,19,978130,85683,81294,6598,87892,846
2021-01-16,Glenn,21,27897,1995,1894,404,2298,9
2021-01-16,Humboldt,23,135768,2468,2294,9,2303,22
2021-01-16,Imperial,25,180216,25731,25140,2302,27442,451
2021-01-16,Inyo,27,18085,985,845,1,846,25
2021-01-16,Kern,29,883053,82378,78865,7697,86562,733
2021-01-16,Kings,31,150075,19719,19072,826,19898,131
2021-01-16,Lake,33,64148,2689,2504,0,2504,30
2021-01-16,Lassen,35,31185,4797,4719,81,4800,1
2021-01-16,Los Angeles,37,10098052,1041477,982684,35021,1017705,13654
2021-01-16,Madera,39,155013,13806,13193,674,13867,85
2021-01-16,Marin,41,260295,11730,11482,119,11601,164
2021-01-16,Mariposa,43,17540,336,317,2,319,3
2021-01-16,Mendocino,45,87422,3053,2890,51,2941,31
2021-01-16,Merced,47,269075,24245,23478,606,24084,242
2021-01-16,Modoc,49,8938,295,278,89,367,0
2021-01-16,Mono,51,14174,1086,1079,9,1088,3
2021-01-16,Monterey,53,433212,36519,34972,1211,36183,243
2021-01-16,Napa,55,140530,7835,7356,30,7386,39
2021-01-16,Nevada,57,99092,3343,3144,134,3278,17
2021-01-16,Orange,59,3164182,217506,210111,9060,219171,2312
2021-01-16,Placer,61,380077,18211,16995,889,17884,177
2021-01-16,Plumas,63,18699,586,502,10,512,2
2021-01-16,Riverside,65,2383286,250787,239412,12498,251910,2506
2021-01-16,Sacramento,67,1510023,81966,79122,948,80070,1033
2021-01-16,San Benito,69,59416,5031,4875,58,4933,35
2021-01-16,San Bernardino,71,2135413,260304,249401,7453,256854,1755
2021-01-16,San Diego,73,3302833,225550,209895,0,209895,2065
2021-01-16,San Francisco,75,870044,29716,28853,618,29471,244
2021-01-16,San Joaquin,77,732212,58556,56642,2387,59029,776
2021-01-16,San Luis Obispo,79,281455,16367,15466,429,15895,152
2021-01-16,San Mateo,81,765935,34070,31805,230,32035,208
2021-01-16,Santa Barbara,83,443738,26098,24088,845,24933,229
2021-01-16,Santa Clara,85,1922200,94922,91584,433,92017,954
2021-01-16,Santa Cruz,87,273765,13272,12026,655,12681,106
2021-01-16,Shasta,89,179085,9848,9547,1015,10562,92
2021-01-16,Sierra,91,2930,43,38,11,49,0
2021-01-16,Siskiyou,93,43540,1226,1124,192,1316,4
2021-01-16,Solano,95,438530,25840,24732,281,25013,103
2021-01-16,Sonoma,97,501317,24331,23607,124,23731,223
2021-01-16,Stanislaus,99,539301,43578,41809,4456,46265,562
2021-01-16,Sutter,101,95872,7769,7560,67,7627,76
2021-01-16,Tehama,103,63373,3942,3783,450,4233,18
2021-01-16,Trinity,105,12862,319,261,37,298,3
2021-01-16,Tulare,107,460477,42366,40655,5986,46641,542
2021-01-16,Tuolumne,109,53932,3354,3269,27,3296,27
2021-01-16,Ventura,111,848112,63317,60368,2291,62659,369
2021-01-16,Yolo,113,214977,11218,10406,129,10535,134
2021-01-16,Yuba,115,75493,4782,4602,60,4662,27
2021-01-15,Alameda,1,1643700,68583,65416,1489,66905,672
2021-01-15,Alpine,3,1148,74,71,0,71,0
2021-01-15,Amador,5,37829,3039,2953,26,2979,28
2021-01-15,Butte,7,227075,9868,9233,1375,10608,129
2021-01-15,Calaveras,9,45235,1600,1538,7,1545,21
2021-01-15,Colusa,11,21464,1621,1541,165,1706,7
2021-01-15,Contra Costa,13,1133247,53431,50408,911,51319,428
2021-01-15,Del Norte,15,27424,843,828,0,828,2
2021-01-15,El Dorado,17,186661,8020,7439,539,7978,47
2021-01-15,Fresno,19,978130,85145,79950,6564,86514,832
2021-01-15,Glenn,21,27897,1990,1824,402,2226,9
2021-01-15,Humboldt,23,135768,2441,2218,8,2226,22
2021-01-15,Imperial,25,180216,25697,24944,2296,27240,446
2021-01-15,Inyo,27,18085,967,814,1,815,25
2021-01-15,Kern,29,883053,81969,77873,7632,85505,719
2021-01-15,Kings,31,150075,19612,18661,818,19479,131
2021-01-15,Lake,33,64148,2661,2434,0,2434,28
2021-01-15,Lassen,35,31185,4786,4693,79,4772,1
2021-01-15,Los Angeles,37,10098052,1034458,968979,34718,1003697,13404
2021-01-15,Madera,39,155013,13717,12883,671,13554,85
2021-01-15,Marin,41,260295,11680,11310,119,11429,160
2021-01-15,Mariposa,43,17540,334,307,2,309,3
2021-01-15,Mendocino,45,87422,3042,2835,51,2886,31
2021-01-15,Merced,47,269075,24132,23060,602,23662,239
2021-01-15,Modoc,49,8938,295,278,87,365,0
2021-01-15,Mono,51,14174,1083,1057,9,1066,3
2021-01-15,Monterey,53,433212,36310,34460,1151,35611,243
2021-01-15,Napa,55,140530,7773,7231,30,7261,38
2021-01-15,Nevada,57,99092,3330,3099,130,3229,17
2021-01-15,Orange,59,3164182,216143,207129,9007,216136,2254
2021-01-15,Placer,61,380077,18110,16712,879,17591,173
2021-01-15,Plumas,63,18699,583,499,10,509,2
2021-01-15,Riverside,65,2383286,248956,235235,12419,247654,2458
2021-01-15,Sacramento,67,1510023,81548,80279,940,81219,1023
2021-01-15,San Benito,69,59416,4987,4766,56,4822,35
2021-01-15,San Bernardino,71,2135413,259154,246182,7395,253577,1726
2021-01-15,San Diego,73,3302833,223802,206868,0,206868,2037
2021-01-15,San Francisco,75,870044,29546,28574,596,29170,242
2021-01-15,San Joaquin,77,732212,58326,55885,2372,58257,748
2021-01-15,San Luis Obispo,79,281455,16233,15129,423,15552,148
2021-01-15,San Mateo,81,765935,33826,31291,226,31517,208
2021-01-15,Santa Barbara,83,443738,25823,23487,833,24320,226
2021-01-15,Santa Clara,85,1922200,94273,90103,428,90531,942
2021-01-15,Santa Cruz,87,273765,13163,11776,640,12416,105
2021-01-15,Shasta,89,179085,9809,9459,1007,10466,91
2021-01-15,Sierra,91,2930,42,36,10,46,0
2021-01-15,Siskiyou,93,43540,1222,1119,191,1310,4
2021-01-15,Solano,95,438530,25691,24222,278,24500,103
2021-01-15,Sonoma,97,501317,24201,23204,123,23327,222
2021-01-15,Stanislaus,99,539301,43335,41178,4418,45596,562
2021-01-15,Sutter,101,95872,7722,7484,66,7550,75
2021-01-15,Tehama,103,63373,3921,3714,449,4163,17
2021-01-15,Trinity,105,12862,319,262,37,299,3
2021-01-15,Tulare,107,460477,42116,39951,5902,45853,535
2021-01-15,Tuolumne,109,53932,3338,3231,27,3258,27
2021-01-15,Ventura,111,848112,62573,59061,2257,61318,353
2021-01-15,Yolo,113,214977,11159,10240,128,10368,134
2021-01-15,Yuba,115,75493,4761,4549,60,4609,27
2021-01-14,Alameda,1,1643700,67944,64364,1474,65838,686
2021-01-14,Alpine,3,1148,74,71,0,71,0
2021-01-14,Amador,5,37829,3033,2940,26,2966,28
2021-01-14,Butte,7,227075,9784,9127,1353,10480,129
2021-01-14,Calaveras,9,45235,1583,1513,7,1520,21
2021-01-14,Colusa,11,21464,1606,1535,162,1697,7
2021-01-14,Contra Costa,13,1133247,52877,49545,894,50439,415
2021-01-14,Del Norte,15,27424,837,821,0,821,2
2021-01-14,El Dorado,17,186661,7947,7321,530,7851,45
2021-01-14,Fresno,19,978130,84513,79033,6490,85523,814
2021-01-14,Glenn,21,27897,1977,1798,397,2195,9
2021-01-14,Humboldt,23,135768,2398,2169,8,2177,22
2021-01-14,Imperial,25,180216,25590,24882,2257,27139,447
2021-01-14,Inyo,27,18085,960,790,1,791,25
2021-01-14,Kern,29,883053,81306,77070,7528,84598,705
2021-01-14,Kings,31,150075,19483,18405,812,19217,108
2021-01-14,Lake,33,64148,2619,2378,0,2378,27
2021-01-14,Lassen,35,31185,4776,4673,77,4750,1
2021-01-14,Los Angeles,37,10098052,1024430,954652,34318,988970,13147
2021-01-14,Madera,39,155013,13601,12742,659,13401,85
2021-01-14,Marin,41,260295,11605,11155,118,11273,159
2021-01-14,Mariposa,43,17540,331,302,2,304,3
2021-01-14,Mendocino,45,87422,3028,2801,49,2850,31
2021-01-14,Merced,47,269075,23904,22780,592,23372,239
2021-01-14,Modoc,49,8938,295,273,87,360,0
2021-01-14,Mono,51,14174,1075,1020,9,1029,3
2021-01-14,Monterey,53,433212,35903,34105,1133,35238,242
2021-01-14,Napa,55,140530,7688,7117,30,7147,38
2021-01-14,Nevada,57,99092,3303,3075,128,3203,17
2021-01-14,Orange,59,3164182,214220,204442,8914,213356,2162
2021-01-14,Placer,61,380077,17949,16488,871,17359,169
2021-01-14,Plumas,63,18699,575,496,10,506,2
2021-01-14,Riverside,65,2383286,246339,231684,12315,243999,2357
2021-01-14,Sacramento,67,1510023,80911,79137,915,80052,1007
2021-01-14,San Benito,69,59416,4953,4678,55,4733,35
2021-01-14,San Bernardino,71,2135413,257198,243379,7319,250698,1750
2021-01-14,San Diego,73,3302833,221412,204173,0,204173,2005
2021-01-14,San Francisco,75,870044,29302,28200,543,28743,238
2021-01-14,San Joaquin,77,732212,57814,55058,2357,57415,739
2021-01-14,San Luis Obispo,79,281455,16074,14851,413,15264,146
2021-01-14,San Mateo,81,765935,33461,30694,217,30911,208
2021-01-14,Santa Barbara,83,443738,25416,23126,806,23932,219
2021-01-14,Santa Clara,85,1922200,93381,88505,421,88926,910
2021-01-14,Santa Cruz,87,273765,13016,11583,624,12207,109
2021-01-14,Shasta,89,179085,9761,9334,990,10324,90
2021-01-14,Sierra,91,2930,42,35,9,44,0
2021-01-14,Siskiyou,93,43540,1211,1108,188,1296,3
2021-01-14,Solano,95,438530,25430,23782,274,24056,103
2021-01-14,Sonoma,97,501317,23949,22910,123,23033,202
2021-01-14,Stanislaus,99,539301,43016,40597,4376,44973,574
2021-01-14,Sutter,101,95872,7663,7416,63,7479,74
2021-01-14,Tehama,103,63373,3891,3664,445,4109,17
2021-01-14,Trinity,105,12862,319,261,36,297,3
2021-01-14,Tulare,107,460477,41736,39565,5789,45354,533
2021-01-14,Tuolumne,109,53932,3317,3215,27,3242,28
2021-01-14,Ventura,111,848112,61702,57941,2219,60160,347
2021-01-14,Yolo,113,214977,11048,10097,122,10219,135
2021-01-14,Yuba,115,75493,4729,4496,60,4556,27
2021-01-13,Alameda,1,1643700,67198,63568,1455,65023,690
2021-01-13,Alpine,3,1148,74,71,0,71,0
2021-01-13,Amador,5,37829,3019,2914,26,2940,26
2021-01-13,Butte,7,227075,9705,9013,1338,10351,126
2021-01-13,Calaveras,9,45235,1562,1493,7,1500,21
2021-01-13,Colusa,11,21464,1594,1524,157,1681,7
2021-01-13,Contra Costa,13,1133247,52302,48877,881,49758,403
2021-01-13,Del Norte,15,27424,833,820,0,820,2
2021-01-13,El Dorado,17,186661,7854,7247,522,7769,43
2021-01-13,Fresno,19,978130,83806,78278,6437,84715,804
2021-01-13,Glenn,21,27897,1963,1792,389,2181,9
2021-01-13,Humboldt,23,135768,2366,2114,8,2122,22
2021-01-13,Imperial,25,180216,25462,24717,2224,26941,463
2021-01-13,Inyo,27,18085,948,785,1,786,25
2021-01-13,Kern,29,883053,80642,76049,7437,83486,704
2021-01-13,Kings,31,150075,19318,18121,786,18907,108
2021-01-13,Lake,33,64148,2575,2305,0,2305,27
2021-01-13,Lassen,35,31185,4769,4663,76,4739,1
2021-01-13,Los Angeles,37,10098052,1013793,937985,33887,971872,12873
2021-01-13,Madera,39,155013,13477,12570,653,13223,85
2021-01-13,Marin,41,260295,11548,11039,118,11157,161
2021-01-13,Mariposa,43,17540,329,304,2,306,3
2021-01-13,Mendocino,45,87422,3008,2790,49,2839,31
2021-01-13,Merced,47,269075,23664,22497,580,23077,241
2021-01-13,Modoc,49,8938,294,274,84,358,0
2021-01-13,Mono,51,14174,1071,1017,9,1026,3
2021-01-13,Monterey,53,433212,35487,33748,1108,34856,241
2021-01-13,Napa,55,140530,7574,7028,30,7058,36
2021-01-13,Nevada,57,99092,3280,3037,124,3161,17
2021-01-13,Orange,59,3164182,212148,201158,8845,210003,2172
2021-01-13,Placer,61,380077,17823,16272,857,17129,172
2021-01-13,Plumas,63,18699,573,490,10,500,2
2021-01-13,Riverside,65,2383286,243244,228192,12190,240382,2278
2021-01-13,Sacramento,67,1510023,80258,78268,908,79176,996
2021-01-13,San Benito,69,59416,4898,4583,54,4637,35
2021-01-13,San Bernardino,71,2135413,254831,240191,7243,247434,1759
2021-01-13,San Diego,73,3302833,218799,201578,0,201578,1952
2021-01-13,San Francisco,75,870044,29063,27863,519,28382,238
2021-01-13,San Joaquin,77,732212,57189,54373,2325,56698,738
2021-01-13,San Luis Obispo,79,281455,15921,14625,402,15027,140
2021-01-13,San Mateo,81,765935,33118,30195,215,30410,207
2021-01-13,Santa Barbara,83,443738,24986,22714,780,23494,216
2021-01-13,Santa Clara,85,1922200,92406,87187,418,87605,911
2021-01-13,Santa Cruz,87,273765,12844,11423,610,12033,110
2021-01-13,Shasta,89,179085,9698,9180,975,10155,93
2021-01-13,Sierra,91,2930,42,33,9,42,0
2021-01-13,Siskiyou,93,43540,1205,1102,184,1286,3
2021-01-13,Solano,95,438530,25151,23503,273,23776,105
2021-01-13,Sonoma,97,501317,23698,22610,122,22732,206
2021-01-13,Stanislaus,99,539301,42619,40167,4320,44487,574
2021-01-13,Sutter,101,95872,7617,7350,62,7412,73
2021-01-13,Tehama,103,63373,3842,3589,440,4029,17
2021-01-13,Trinity,105,12862,319,260,36,296,3
2021-01-13,Tulare,107,460477,41333,39129,5679,44808,522
2021-01-13,Tuolumne,109,53932,3303,3196,27,3223,28
2021-01-13,Ventura,111,848112,60692,56453,2181,58634,338
2021-01-13,Yolo,113,214977,10947,9933,118,10051,135
2021-01-13,Yuba,115,75493,4687,4448,57,4505,27
2021-01-12,Alameda,1,1643700,66392,62642,1435,64077,677
2021-01-12,Alpine,3,1148,74,71,0,71,0
2021-01-12,Amador,5,37829,3002,2897,26,2923,26
2021-01-12,Butte,7,227075,9622,8883,1317,10200,124
2021-01-12,Calaveras,9,45235,1525,1475,7,1482,21
2021-01-12,Colusa,11,21464,1582,1510,153,1663,7
2021-01-12,Contra Costa,13,1133247,51657,48242,865,49107,399
2021-01-12,Del Norte,15,27424,829,816,0,816,2
2021-01-12,El Dorado,17,186661,7771,7156,511,7667,41
2021-01-12,Fresno,19,978130,82942,77651,6367,84018,796
2021-01-12,Glenn,21,27897,1935,1781,383,2164,9
2021-01-12,Humboldt,23,135768,2312,2077,7,2084,22
2021-01-12,Imperial,25,180216,25375,24566,2181,26747,457
2021-01-12,Inyo,27,18085,931,773,1,774,25
2021-01-12,Kern,29,883053,79942,75320,7334,82654,689
2021-01-12,Kings,31,150075,19111,18072,773,18845,108
2021-01-12,Lake,33,64148,2527,2260,0,2260,27
2021-01-12,Lassen,35,31185,4747,4659,74,4733,1
2021-01-12,Los Angeles,37,10098052,1002180,926295,33461,959756,12610
2021-01-12,Madera,39,155013,13336,12485,645,13130,85
2021-01-12,Marin,41,260295,11439,10960,118,11078,157
2021-01-12,Mariposa,43,17540,327,302,2,304,3
2021-01-12,Mendocino,45,87422,2988,2762,45,2807,31
2021-01-12,Merced,47,269075,23414,22172,557,22729,239
2021-01-12,Modoc,49,8938,292,274,84,358,0
2021-01-12,Mono,51,14174,1062,1008,9,1017,3
2021-01-12,Monterey,53,433212,34988,33381,1086,34467,240
2021-01-12,Napa,55,140530,7491,6936,30,6966,36
2021-01-12,Nevada,57,99092,3252,3014,122,3136,17
2021-01-12,Orange,59,3164182,209852,198260,8758,207018,2142
2021-01-12,Placer,61,380077,17642,16087,851,16938,163
2021-01-12,Plumas,63,18699,567,483,10,493,2
2021-01-12,Riverside,65,2383286,240131,225580,12045,237625,2266
2021-01-12,Sacramento,67,1510023,79514,77201,899,78100,985
2021-01-12,San Benito,69,59416,4831,4515,54,4569,35
2021-01-12,San Bernardino,71,2135413,252264,237008,7168,244176,1739
2021-01-12,San Diego,73,3302833,215889,198317,0,198317,1898
2021-01-12,San Francisco,75,870044,28787,27531,483,28014,238
2021-01-12,San Joaquin,77,732212,56539,53630,2294,55924,725
2021-01-12,San Luis Obispo,79,281455,15675,14367,394,14761,132
2021-01-12,San Mateo,81,765935,32730,29747,203,29950,206
2021-01-12,Santa Barbara,83,443738,24578,22182,750,22932,209
2021-01-12,Santa Clara,85,1922200,91346,86075,409,86484,904
2021-01-12,Santa Cruz,87,273765,12629,11267,593,11860,110
2021-01-12,Shasta,89,179085,9625,9086,962,10048,84
2021-01-12,Sierra,91,2930,40,33,8,41,0
2021-01-12,Siskiyou,93,43540,1195,1091,178,1269,3
2021-01-12,Solano,95,438530,24847,23160,268,23428,102
2021-01-12,Sonoma,97,501317,23397,22403,122,22525,205
2021-01-12,Stanislaus,99,539301,42168,39615,4284,43899,571
2021-01-12,Sutter,101,95872,7554,7276,61,7337,73
2021-01-12,Tehama,103,63373,3807,3567,436,4003,17
2021-01-12,Trinity,105,12862,319,258,36,294,3
2021-01-12,Tulare,107,460477,40884,38797,5557,44354,509
2021-01-12,Tuolumne,109,53932,3269,3178,27,3205,28
2021-01-12,Ventura,111,848112,59721,55342,2148,57490,324
2021-01-12,Yolo,113,214977,10810,9857,107,9964,133
2021-01-12,Yuba,115,75493,4647,4389,57,4446,27
2021-01-11,Alameda,1,1643700,65543,61949,1417,63366,652
2021-01-11,Alpine,3,1148,74,70,0,70,0
2021-01-11,Amador,5,37829,2988,2867,26,2893,24
2021-01-11,Butte,7,227075,9510,8757,1299,10056,119
2021-01-11,Calaveras,9,45235,1507,1460,7,1467,21
2021-01-11,Colusa,11,21464,1564,1494,149,1643,7
2021-01-11,Contra Costa,13,1133247,50984,47728,855,48583,398
2021-01-11,Del Norte,15,27424,825,810,0,810,2
2021-01-11,El Dorado,17,186661,7679,6987,501,7488,36
2021-01-11,Fresno,19,978130,82066,76581,6287,82868,775
2021-01-11,Glenn,21,27897,1906,1763,374,2137,9
2021-01-11,Humboldt,23,135768,2272,2069,7,2076,22
2021-01-11,Imperial,25,180216,25262,24418,2144,26562,453
2021-01-11,Inyo,27,18085,913,763,1,764,25
2021-01-11,Kern,29,883053,79091,74489,7230,81719,682
2021-01-11,Kings,31,150075,18847,17909,765,18674,108
2021-01-11,Lake,33,64148,2477,2205,0,2205,26
2021-01-11,Lassen,35,31185,4724,4647,73,4720,1
2021-01-11,Los Angeles,37,10098052,989032,914434,32968,947402,12304
2021-01-11,Madera,39,155013,13203,12366,634,13000,85
2021-01-11,Marin,41,260295,11343,10814,115,10929,156
2021-01-11,Mariposa,43,17540,320,296,2,298,3
2021-01-11,Mendocino,45,87422,2961,2728,45,2773,31
2021-01-11,Merced,47,269075,23090,21884,543,22427,238
2021-01-11,Modoc,49,8938,291,271,83,354,0
2021-01-11,Mono,51,14174,1056,1006,9,1015,3
2021-01-11,Monterey,53,433212,34453,32858,1022,33880,239
2021-01-11,Napa,55,140530,7389,6822,30,6852,36
2021-01-11,Nevada,57,99092,3225,2980,122,3102,17
2021-01-11,Orange,59,3164182,207299,196340,8657,204997,2113
2021-01-11,Placer,61,380077,17463,15919,838,16757,163
2021-01-11,Plumas,63,18699,563,477,10,487,2
2021-01-11,Riverside,65,2383286,236638,222907,11888,234795,2222
2021-01-11,Sacramento,67,1510023,78596,76009,882,76891,974
2021-01-11,San Benito,69,59416,4754,4482,47,4529,34
2021-01-11,San Bernardino,71,2135413,249442,235543,7066,242609,1739
2021-01-11,San Diego,73,3302833,212625,194793,0,194793,1857
2021-01-11,San Francisco,75,870044,28517,27264,459,27723,238
2021-01-11,San Joaquin,77,732212,55926,53002,2264,55266,725
2021-01-11,San Luis Obispo,79,281455,15305,14213,386,14599,126
2021-01-11,San Mateo,81,765935,32283,29355,190,29545,206
2021-01-11,Santa Barbara,83,443738,24141,21740,733,22473,200
2021-01-11,Santa Clara,85,1922200,90149,84851,400,85251,877
2021-01-11,Santa Cruz,87,273765,12452,11093,566,11659,106
2021-01-11,Shasta,89,179085,9527,8977,948,9925,81
2021-01-11,Sierra,91,2930,39,33,8,41,0
2021-01-11,Siskiyou,93,43540,1187,1087,175,1262,3
2021-01-11,Solano,95,438530,24527,22893,263,23156,101
2021-01-11,Sonoma,97,501317,23158,22191,122,22313,205
2021-01-11,Stanislaus,99,539301,41679,39149,4230,43379,571
2021-01-11,Sutter,101,95872,7496,7204,60,7264,71
2021-01-11,Tehama,103,63373,3743,3524,413,3937,17
2021-01-11,Trinity,105,12862,319,256,36,292,2
2021-01-11,Tulare,107,460477,40488,38380,5464,43844,497
2021-01-11,Tuolumne,109,53932,3258,3165,27,3192,27
2021-01-11,Ventura,111,848112,58587,54202,2122,56324,320
2021-01-11,Yolo,113,214977,10596,9699,105,9804,129
2021-01-11,Yuba,115,75493,4609,4349,50,4399,27
2021-01-10,Alameda,1,1643700,64567,61111,1388,62499,650
2021-01-10,Alpine,3,1148,74,70,0,70,0
2021-01-10,Amador,5,37829,2964,2861,26,2887,24
2021-01-10,Butte,7,227075,9394,8665,1272,9937,119
2021-01-10,Calaveras,9,45235,1481,1449,7,1456,21
2021-01-10,Colusa,11,21464,1540,1478,147,1625,7
2021-01-10,Contra Costa,13,1133247,50198,47109,837,47946,398
2021-01-10,Del Norte,15,27424,822,809,0,809,2
2021-01-10,El Dorado,17,186661,7592,6904,483,7387,36
2021-01-10,Fresno,19,978130,81256,75621,6165,81786,775
2021-01-10,Glenn,21,27897,1882,1746,366,2112,9
2021-01-10,Humboldt,23,135768,2210,2049,7,2056,22
2021-01-10,Imperial,25,180216,25102,24233,2087,26320,453
2021-01-10,Inyo,27,18085,885,748,1,749,25
2021-01-10,Kern,29,883053,78267,73712,7095,80807,679
2021-01-10,Kings,31,150075,18629,17812,757,18569,108
2021-01-10,Lake,33,64148,2426,2174,0,2174,26
2021-01-10,Lassen,35,31185,4702,4642,72,4714,1
2021-01-10,Los Angeles,37,10098052,974498,901783,32308,934091,12170
2021-01-10,Madera,39,155013,13016,12179,619,12798,85
2021-01-10,Marin,41,260295,11224,10737,113,10850,155
2021-01-10,Mariposa,43,17540,320,291,2,293,3
2021-01-10,Mendocino,45,87422,2930,2706,42,2748,31
2021-01-10,Merced,47,269075,22815,21691,533,22224,238
2021-01-10,Modoc,49,8938,291,271,81,352,0
2021-01-10,Mono,51,14174,1039,965,9,974,3
2021-01-10,Monterey,53,433212,34013,32571,990,33561,237
2021-01-10,Napa,55,140530,7287,6687,28,6715,36
2021-01-10,Nevada,57,99092,3206,2959,118,3077,17
2021-01-10,Orange,59,3164182,204557,193766,8534,202300,2104
2021-01-10,Placer,61,380077,17287,15779,816,16595,163
2021-01-10,Plumas,63,18699,553,477,10,487,2
2021-01-10,Riverside,65,2383286,233303,219486,11695,231181,2216
2021-01-10,Sacramento,67,1510023,77642,75394,852,76246,965
2021-01-10,San Benito,69,59416,4660,4434,46,4480,34
2021-01-10,San Bernardino,71,2135413,245838,232171,6962,239133,1736
2021-01-10,San Diego,73,3302833,208971,191886,0,191886,1857
2021-01-10,San Francisco,75,870044,28136,27054,423,27477,238
2021-01-10,San Joaquin,77,732212,55067,52535,2230,54765,725
2021-01-10,San Luis Obispo,79,281455,14977,13968,372,14340,122
2021-01-10,San Mateo,81,765935,31794,28972,175,29147,206
2021-01-10,Santa Barbara,83,443738,23598,21290,708,21998,200
2021-01-10,Santa Clara,85,1922200,88973,83779,389,84168,858
2021-01-10,Santa Cruz,87,273765,12241,10951,542,11493,106
2021-01-10,Shasta,89,179085,9417,8936,931,9867,81
2021-01-10,Sierra,91,2930,38,32,8,40,0
2021-01-10,Siskiyou,93,43540,1181,1075,172,1247,3
2021-01-10,Solano,95,438530,24126,22621,260,22881,101
2021-01-10,Sonoma,97,501317,22888,21925,122,22047,204
2021-01-10,Stanislaus,99,539301,41120,38809,4147,42956,571
2021-01-10,Sutter,101,95872,7435,7133,57,7190,71
2021-01-10,Tehama,103,63373,3671,3504,400,3904,17
2021-01-10,Trinity,105,12862,319,253,35,288,2
2021-01-10,Tulare,107,460477,40077,38012,5327,43339,497
2021-01-10,Tuolumne,109,53932,3224,3143,26,3169,27
2021-01-10,Ventura,111,848112,57319,53095,2076,55171,319
2021-01-10,Yolo,113,214977,10447,9610,104,9714,129
2021-01-10,Yuba,115,75493,4557,4300,47,4347,27
2021-01-09,Alameda,1,1643700,64061,60125,1370,61495,649
2021-01-09,Alpine,3,1148,74,70,0,70,0
2021-01-09,Amador,5,37829,2957,2809,26,2835,24
2021-01-09,Butte,7,227075,9313,8552,1248,9800,118
2021-01-09,Calaveras,9,45235,1471,1425,7,1432,21
2021-01-09,Colusa,11,21464,1534,1468,146,1614,7
2021-01-09,Contra Costa,13,1133247,49852,46406,823,47229,393
2021-01-09,Del Norte,15,27424,820,802,0,802,2
2021-01-09,El Dorado,17,186661,7560,6800,480,7280,36
2021-01-09,Fresno,19,978130,80848,74816,6123,80939,773
2021-01-09,Glenn,21,27897,1867,1707,361,2068,9
2021-01-09,Humboldt,23,135768,2192,2026,7,2033,22
2021-01-09,Imperial,25,180216,25035,24028,2072,26100,448
2021-01-09,Inyo,27,18085,875,734,1,735,25
2021-01-09,Kern,29,883053,77810,73015,7014,80029,677
2021-01-09,Kings,31,150075,18534,17679,753,18432,108
2021-01-09,Lake,33,64148,2392,2144,0,2144,26
2021-01-09,Lassen,35,31185,4690,4613,71,4684,1
2021-01-09,Los Angeles,37,10098052,968973,887949,31847,919796,12011
2021-01-09,Madera,39,155013,12931,12063,614,12677,85
2021-01-09,Marin,41,260295,11160,10634,112,10746,154
2021-01-09,Mariposa,43,17540,317,287,2,289,3
2021-01-09,Mendocino,45,87422,2912,2664,42,2706,31
2021-01-09,Merced,47,269075,22674,21357,523,21880,237
2021-01-09,Modoc,49,8938,291,271,80,351,0
2021-01-09,Mono,51,14174,1034,964,9,973,3
2021-01-09,Monterey,53,433212,33870,31948,981,32929,235
2021-01-09,Napa,55,140530,7217,6594,25,6619,36
2021-01-09,Nevada,57,99092,3184,2932,115,3047,17
2021-01-09,Orange,59,3164182,203061,191004,8442,199446,2034
2021-01-09,Placer,61,380077,17186,15609,814,16423,162
2021-01-09,Plumas,63,18699,551,477,10,487,2
2021-01-09,Riverside,65,2383286,231600,216076,11547,227623,2201
2021-01-09,Sacramento,67,1510023,77118,74482,847,75329,953
2021-01-09,San Benito,69,59416,4611,4335,46,4381,34
2021-01-09,San Bernardino,71,2135413,244662,228857,6892,235749,1714
2021-01-09,San Diego,73,3302833,207279,188598,0,188598,1824
2021-01-09,San Francisco,75,870044,27961,26708,378,27086,235
2021-01-09,San Joaquin,77,732212,54722,51927,2209,54136,724
2021-01-09,San Luis Obispo,79,281455,14854,13647,361,14008,121
2021-01-09,San Mateo,81,765935,31494,28512,168,28680,205
2021-01-09,Santa Barbara,83,443738,23390,20971,699,21670,197
2021-01-09,Santa Clara,85,1922200,88132,82269,377,82646,808
2021-01-09,Santa Cruz,87,273765,12144,10717,537,11254,107
2021-01-09,Shasta,89,179085,9384,8893,927,9820,81
2021-01-09,Sierra,91,2930,36,32,8,40,0
2021-01-09,Siskiyou,93,43540,1178,1062,168,1230,3
2021-01-09,Solano,95,438530,23971,22226,259,22485,101
2021-01-09,Sonoma,97,501317,22776,21393,122,21515,202
2021-01-09,Stanislaus,99,539301,40828,38403,4105,42508,567
2021-01-09,Sutter,101,95872,7399,7072,56,7128,69
2021-01-09,Tehama,103,63373,3642,3451,388,3839,15
2021-01-09,Trinity,105,12862,319,252,35,287,2
2021-01-09,Tulare,107,460477,39835,37684,5253,42937,496
2021-01-09,Tuolumne,109,53932,3216,3117,25,3142,26
2021-01-09,Ventura,111,848112,56493,51988,2049,54037,306
2021-01-09,Yolo,113,214977,10377,9524,101,9625,129
2021-01-09,Yuba,115,75493,4529,4265,47,4312,27
2021-01-08,Alameda,1,1643700,63494,59172,1359,60531,646
2021-01-08,Alpine,3,1148,74,70,0,70,0
2021-01-08,Amador,5,37829,2950,2792,26,2818,24
2021-01-08,Butte,7,227075,9254,8430,1232,9662,115
2021-01-08,Calaveras,9,45235,1458,1385,7,1392,21
2021-01-08,Colusa,11,21464,1521,1448,145,1593,7
2021-01-08,Contra Costa,13,1133247,49326,45667,819,46486,381
2021-01-08,Del Norte,15,27424,818,795,0,795,2
2021-01-08,El Dorado,17,186661,7490,6690,468,7158,36
2021-01-08,Fresno,19,978130,80035,73689,6058,79747,771
2021-01-08,Glenn,21,27897,1851,1680,357,2037,9
2021-01-08,Humboldt,23,135768,2168,1988,7,1995,22
2021-01-08,Imperial,25,180216,24967,23751,2057,25808,446
2021-01-08,Inyo,27,18085,861,682,1,683,24
2021-01-08,Kern,29,883053,77250,71978,6941,78919,674
2021-01-08,Kings,31,150075,18406,17441,748,18189,108
2021-01-08,Lake,33,64148,2365,2098,0,2098,26
2021-01-08,Lassen,35,31185,4682,4598,69,4667,1
2021-01-08,Los Angeles,37,10098052,958216,871188,31392,902580,11796
2021-01-08,Madera,39,155013,12779,11846,605,12451,85
2021-01-08,Marin,41,260295,11065,10531,111,10642,153
2021-01-08,Mariposa,43,17540,316,273,2,275,3
2021-01-08,Mendocino,45,87422,2893,2634,39,2673,31
2021-01-08,Merced,47,269075,22479,20862,518,21380,236
2021-01-08,Modoc,49,8938,291,266,80,346,0
2021-01-08,Mono,51,14174,1024,951,9,960,3
2021-01-08,Monterey,53,433212,33605,31543,968,32511,224
2021-01-08,Napa,55,140530,7147,6544,25,6569,32
2021-01-08,Nevada,57,99092,3162,2888,115,3003,17
2021-01-08,Orange,59,3164182,201081,186608,8355,194963,1991
2021-01-08,Placer,61,380077,17059,15401,807,16208,161
2021-01-08,Plumas,63,18699,545,465,10,475,2
2021-01-08,Riverside,65,2383286,229243,212122,11409,223531,2184
2021-01-08,Sacramento,67,1510023,76542,73245,841,74086,939
2021-01-08,San Benito,69,59416,4572,4225,45,4270,33
2021-01-08,San Bernardino,71,2135413,242776,224267,6819,231086,1703
2021-01-08,San Diego,73,3302833,204745,185060,0,185060,1771
2021-01-08,San Francisco,75,870044,27714,26378,353,26731,207
2021-01-08,San Joaquin,77,732212,54384,50990,2178,53168,710
2021-01-08,San Luis Obispo,79,281455,14721,13286,347,13633,119
2021-01-08,San Mateo,81,765935,31145,28072,165,28237,204
2021-01-08,Santa Barbara,83,443738,23112,20461,690,21151,189
2021-01-08,Santa Clara,85,1922200,87107,80561,374,80935,789
2021-01-08,Santa Cruz,87,273765,12005,10486,527,11013,106
2021-01-08,Shasta,89,179085,9334,8772,912,9684,81
2021-01-08,Sierra,91,2930,36,31,8,39,0
2021-01-08,Siskiyou,93,43540,1175,1027,167,1194,3
2021-01-08,Solano,95,438530,23803,21832,259,22091,100
2021-01-08,Sonoma,97,501317,22638,21178,122,21300,201
2021-01-08,Stanislaus,99,539301,40527,37858,4068,41926,566
2021-01-08,Sutter,101,95872,7349,6982,56,7038,68
2021-01-08,Tehama,103,63373,3619,3406,383,3789,15
2021-01-08,Trinity,105,12862,319,247,35,282,2
2021-01-08,Tulare,107,460477,39571,36946,5136,42082,491
2021-01-08,Tuolumne,109,53932,3207,3099,25,3124,19
2021-01-08,Ventura,111,848112,55630,50553,2024,52577,294
2021-01-08,Yolo,113,214977,10289,9391,97,9488,129
2021-01-08,Yuba,115,75493,4487,4195,46,4241,26
2021-01-07,Alameda,1,1643700,62524,57921,1331,59252,632
2021-01-07,Alpine,3,1148,72,70,0,70,0
2021-01-07,Amador,5,37829,2937,2740,25,2765,24
2021-01-07,Butte,7,227075,9158,8278,1203,9481,112
2021-01-07,Calaveras,9,45235,1441,1342,6,1348,21
2021-01-07,Colusa,11,21464,1509,1420,138,1558,7
2021-01-07,Contra Costa,13,1133247,48549,44756,802,45558,376
2021-01-07,Del Norte,15,27424,816,791,0,791,2
2021-01-07,El Dorado,17,186661,7391,6545,454,6999,36
2021-01-07,Fresno,19,978130,79084,72557,5953,78510,765
2021-01-07,Glenn,21,27897,1835,1639,348,1987,9
2021-01-07,Humboldt,23,135768,2141,1954,7,1961,22
2021-01-07,Imperial,25,180216,24773,23608,2004,25612,431
2021-01-07,Inyo,27,18085,848,656,1,657,20
2021-01-07,Kern,29,883053,76398,70953,6788,77741,660
2021-01-07,Kings,31,150075,18278,17238,739,17977,108
2021-01-07,Lake,33,64148,2310,2054,0,2054,26
2021-01-07,Lassen,35,31185,4677,4581,67,4648,1
2021-01-07,Los Angeles,37,10098052,943357,853187,30829,884016,11480
2021-01-07,Madera,39,155013,12623,11644,593,12237,76
2021-01-07,Marin,41,260295,10973,10364,109,10473,153
2021-01-07,Mariposa,43,17540,314,264,2,266,3
2021-01-07,Mendocino,45,87422,2838,2585,35,2620,30
2021-01-07,Merced,47,269075,22158,20510,503,21013,234
2021-01-07,Modoc,49,8938,291,265,80,345,0
2021-01-07,Mono,51,14174,1013,905,9,914,3
2021-01-07,Monterey,53,433212,33076,30903,946,31849,222
2021-01-07,Napa,55,140530,7037,6408,25,6433,32
2021-01-07,Nevada,57,99092,3128,2847,110,2957,17
2021-01-07,Orange,59,3164182,198252,181922,8251,190173,1974
2021-01-07,Placer,61,380077,16876,15155,777,15932,144
2021-01-07,Plumas,63,18699,543,454,10,464,2
2021-01-07,Riverside,65,2383286,225909,208177,11219,219396,2156
2021-01-07,Sacramento,67,1510023,75637,72342,820,73162,919
2021-01-07,San Benito,69,59416,4510,4112,41,4153,33
2021-01-07,San Bernardino,71,2135413,239244,219691,6735,226426,1666
2021-01-07,San Diego,73,3302833,201441,180510,0,180510,1738
2021-01-07,San Francisco,75,870044,27380,25885,336,26221,202
2021-01-07,San Joaquin,77,732212,53700,50156,2146,52302,689
2021-01-07,San Luis Obispo,79,281455,14483,12810,333,13143,118
2021-01-07,San Mateo,81,765935,30635,27494,161,27655,201
2021-01-07,Santa Barbara,83,443738,22694,19931,676,20607,187
2021-01-07,Santa Clara,85,1922200,85888,78808,370,79178,775
2021-01-07,Santa Cruz,87,273765,11796,10228,520,10748,104
2021-01-07,Shasta,89,179085,9247,8612,904,9516,81
2021-01-07,Sierra,91,2930,36,31,8,39,0
2021-01-07,Siskiyou,93,43540,1170,1010,165,1175,3
2021-01-07,Solano,95,438530,23408,21384,255,21639,100
2021-01-07,Sonoma,97,501317,22379,20857,121,20978,200
2021-01-07,Stanislaus,99,539301,40102,37296,4016,41312,553
2021-01-07,Sutter,101,95872,7290,6890,55,6945,65
2021-01-07,Tehama,103,63373,3595,3330,376,3706,15
2021-01-07,Trinity,105,12862,319,247,35,282,2
2021-01-07,Tulare,107,460477,39166,36397,4992,41389,482
2021-01-07,Tuolumne,109,53932,3187,3068,24,3092,14
2021-01-07,Ventura,111,848112,54469,49083,1995,51078,288
2021-01-07,Yolo,113,214977,10152,9207,95,9302,128
2021-01-07,Yuba,115,75493,4445,4128,46,4174,25
2021-01-06,Alameda,1,1643700,61640,57081,1301,58382,616
2021-01-06,Alpine,3,1148,72,70,0,70,0
2021-01-06,Amador,5,37829,2916,2717,24,2741,24
2021-01-06,Butte,7,227075,9047,8147,1184,9331,110
2021-01-06,Calaveras,9,45235,1416,1321,6,1327,21
2021-01-06,Colusa,11,21464,1489,1385,132,1517,7
2021-01-06,Contra Costa,13,1133247,47747,44054,784,44838,358
2021-01-06,Del Norte,15,27424,810,780,0,780,2
2021-01-06,El Dorado,17,186661,7280,6397,441,6838,35
2021-01-06,Fresno,19,978130,78242,71404,5850,77254,752
2021-01-06,Glenn,21,27897,1811,1622,342,1964,9
2021-01-06,Humboldt,23,135768,2115,1912,7,1919,22
2021-01-06,Imperial,25,180216,24521,23400,1962,25362,431
2021-01-06,Inyo,27,18085,832,630,1,631,20
2021-01-06,Kern,29,883053,75459,69893,6650,76543,646
2021-01-06,Kings,31,150075,18084,17019,716,17735,108
2021-01-06,Lake,33,64148,2272,2033,0,2033,26
2021-01-06,Lassen,35,31185,4665,4560,63,4623,1
2021-01-06,Los Angeles,37,10098052,927470,835052,30101,865153,11285
2021-01-06,Madera,39,155013,12489,11407,587,11994,67
2021-01-06,Marin,41,260295,10846,10282,108,10390,153
2021-01-06,Mariposa,43,17540,311,259,2,261,3
2021-01-06,Mendocino,45,87422,2808,2561,35,2596,30
2021-01-06,Merced,47,269075,21815,20258,487,20745,232
2021-01-06,Modoc,49,8938,291,263,80,343,0
2021-01-06,Mono,51,14174,982,905,9,914,3
2021-01-06,Monterey,53,433212,32487,30387,909,31296,222
2021-01-06,Napa,55,140530,6907,6342,25,6367,32
2021-01-06,Nevada,57,99092,3108,2805,110,2915,15
2021-01-06,Orange,59,3164182,194792,177686,8107,185793,1935
2021-01-06,Placer,61,380077,16690,14940,758,15698,134
2021-01-06,Plumas,63,18699,535,445,10,455,2
2021-01-06,Riverside,65,2383286,221903,203714,11000,214714,2121
2021-01-06,Sacramento,67,1510023,74618,71572,803,72375,909
2021-01-06,San Benito,69,59416,4434,4031,40,4071,32
2021-01-06,San Bernardino,71,2135413,235540,215286,6620,221906,1634
2021-01-06,San Diego,73,3302833,197946,176660,0,176660,1691
2021-01-06,San Francisco,75,870044,27009,25424,326,25750,199
2021-01-06,San Joaquin,77,732212,52938,49286,2103,51389,673
2021-01-06,San Luis Obispo,79,281455,14086,12305,326,12631,115
2021-01-06,San Mateo,81,765935,30211,27050,158,27208,200
2021-01-06,Santa Barbara,83,443738,22214,19453,664,20117,177
2021-01-06,Santa Clara,85,1922200,84487,77485,363,77848,746
2021-01-06,Santa Cruz,87,273765,11578,9954,500,10454,97
2021-01-06,Shasta,89,179085,9176,8482,897,9379,78
2021-01-06,Sierra,91,2930,35,31,8,39,0
2021-01-06,Siskiyou,93,43540,1158,998,161,1159,3
2021-01-06,Solano,95,438530,23020,21102,252,21354,99
2021-01-06,Sonoma,97,501317,22075,20558,121,20679,196
2021-01-06,Stanislaus,99,539301,39507,36751,3953,40704,553
2021-01-06,Sutter,101,95872,7208,6839,54,6893,59
2021-01-06,Tehama,103,63373,3568,3306,370,3676,15
2021-01-06,Trinity,105,12862,319,246,35,281,2
2021-01-06,Tulare,107,460477,38603,35882,4881,40763,465
2021-01-06,Tuolumne,109,53932,3167,3008,24,3032,14
2021-01-06,Ventura,111,848112,53227,47428,1970,49398,280
2021-01-06,Yolo,113,214977,9991,9083,92,9175,127
2021-01-06,Yuba,115,75493,4398,4097,46,4143,25
2021-01-05,Alameda,1,1643700,60493,56432,1264,57696,602
2021-01-05,Alpine,3,1148,72,70,0,70,0
2021-01-05,Amador,5,37829,2876,2695,24,2719,24
2021-01-05,Butte,7,227075,8908,8008,1157,9165,107
2021-01-05,Calaveras,9,45235,1367,1292,6,1298,21
2021-01-05,Colusa,11,21464,1464,1376,126,1502,7
2021-01-05,Contra Costa,13,1133247,46867,43442,773,44215,353
2021-01-05,Del Norte,15,27424,803,770,0,770,2
2021-01-05,El Dorado,17,186661,7162,6270,420,6690,32
2021-01-05,Fresno,19,978130,77014,70971,5754,76725,741
2021-01-05,Glenn,21,27897,1786,1608,330,1938,9
2021-01-05,Humboldt,23,135768,2078,1884,7,1891,22
2021-01-05,Imperial,25,180216,24359,23165,1913,25078,421
2021-01-05,Inyo,27,18085,818,627,1,628,20
2021-01-05,Kern,29,883053,74388,68257,6504,74761,624
2021-01-05,Kings,31,150075,17886,16860,692,17552,108
2021-01-05,Lake,33,64148,2224,2015,0,2015,25
2021-01-05,Lassen,35,31185,4651,4554,59,4613,1
2021-01-05,Los Angeles,37,10098052,908809,823783,29410,853193,11028
2021-01-05,Madera,39,155013,12313,11359,574,11933,67
2021-01-05,Marin,41,260295,10696,10214,106,10320,151
2021-01-05,Mariposa,43,17540,305,257,2,259,3
2021-01-05,Mendocino,45,87422,2773,2501,35,2536,30
2021-01-05,Merced,47,269075,21465,20051,474,20525,230
2021-01-05,Modoc,49,8938,291,254,80,334,0
2021-01-05,Mono,51,14174,976,896,9,905,3
2021-01-05,Monterey,53,433212,31915,30045,871,30916,213
2021-01-05,Napa,55,140530,6820,6264,25,6289,29
2021-01-05,Nevada,57,99092,3080,2781,109,2890,15
2021-01-05,Orange,59,3164182,191137,174869,7908,182777,1918
2021-01-05,Placer,61,380077,16459,14723,734,15457,133
2021-01-05,Plumas,63,18699,528,428,10,438,2
2021-01-05,Riverside,65,2383286,217794,200439,10796,211235,2069
2021-01-05,Sacramento,67,1510023,73688,70677,775,71452,888
2021-01-05,San Benito,69,59416,4331,3961,38,3999,28
2021-01-05,San Bernardino,71,2135413,231615,212522,6503,219025,1615
2021-01-05,San Diego,73,3302833,193810,172845,0,172845,1654
2021-01-05,San Francisco,75,870044,26641,24989,307,25296,196
2021-01-05,San Joaquin,77,732212,52066,48969,2060,51029,663
2021-01-05,San Luis Obispo,79,281455,13687,12027,316,12343,106
2021-01-05,San Mateo,81,765935,29721,26486,156,26642,198
2021-01-05,Santa Barbara,83,443738,21781,19063,653,19716,172
2021-01-05,Santa Clara,85,1922200,82954,76355,349,76704,729
2021-01-05,Santa Cruz,87,273765,11306,9753,475,10228,93
2021-01-05,Shasta,89,179085,9070,8345,877,9222,73
2021-01-05,Sierra,91,2930,35,31,8,39,0
2021-01-05,Siskiyou,93,43540,1146,985,159,1144,3
2021-01-05,Solano,95,438530,22614,20860,247,21107,97
2021-01-05,Sonoma,97,501317,21711,20247,120,20367,194
2021-01-05,Stanislaus,99,539301,38964,36363,3905,40268,553
2021-01-05,Sutter,101,95872,7109,6769,53,6822,59
2021-01-05,Tehama,103,63373,3511,3255,365,3620,9
2021-01-05,Trinity,105,12862,319,246,35,281,2
2021-01-05,Tulare,107,460477,37987,35585,4739,40324,455
2021-01-05,Tuolumne,109,53932,3143,2996,19,3015,13
2021-01-05,Ventura,111,848112,51981,46456,1947,48403,264
2021-01-05,Yolo,113,214977,9817,8980,91,9071,127
2021-01-05,Yuba,115,75493,4340,4053,45,4098,21
2021-01-04,Alameda,1,1643700,59270,55899,1230,57129,583
2021-01-04,Alpine,3,1148,72,68,0,68,0
2021-01-04,Amador,5,37829,2836,2596,24,2620,24
2021-01-04,Butte,7,227075,8749,7893,1133,9026,105
2021-01-04,Calaveras,9,45235,1327,1276,5,1281,21
2021-01-04,Colusa,11,21464,1439,1368,112,1480,7
2021-01-04,Contra Costa,13,1133247,46015,43019,747,43766,353
2021-01-04,Del Norte,15,27424,794,770,0,770,2
2021-01-04,El Dorado,17,186661,7028,6152,404,6556,27
2021-01-04,Fresno,19,978130,75756,69871,5652,75523,726
2021-01-04,Glenn,21,27897,1755,1590,322,1912,9
2021-01-04,Humboldt,23,135768,2042,1845,7,1852,22
2021-01-04,Imperial,25,180216,24208,23035,1859,24894,420
2021-01-04,Inyo,27,18085,791,623,1,624,20
2021-01-04,Kern,29,883053,73313,67418,6298,73716,623
2021-01-04,Kings,31,150075,17615,16801,665,17466,108
2021-01-04,Lake,33,64148,2182,1984,0,1984,25
2021-01-04,Lassen,35,31185,4629,4550,58,4608,1
2021-01-04,Los Angeles,37,10098052,888796,813022,28493,841515,10790
2021-01-04,Madera,39,155013,12092,11204,552,11756,67
2021-01-04,Marin,41,260295,10562,10115,103,10218,151
2021-01-04,Mariposa,43,17540,299,253,2,255,3
2021-01-04,Mendocino,45,87422,2733,2460,31,2491,28
2021-01-04,Merced,47,269075,21051,19804,455,20259,230
2021-01-04,Modoc,49,8938,275,250,78,328,0
2021-01-04,Mono,51,14174,966,895,9,904,3
2021-01-04,Monterey,53,433212,31262,29659,848,30507,212
2021-01-04,Napa,55,140530,6679,6187,25,6212,29
2021-01-04,Nevada,57,99092,3043,2765,104,2869,15
2021-01-04,Orange,59,3164182,187249,172458,7775,180233,1918
2021-01-04,Placer,61,380077,16185,14622,720,15342,133
2021-01-04,Plumas,63,18699,518,419,10,429,1
2021-01-04,Riverside,65,2383286,213320,196809,10581,207390,2066
2021-01-04,Sacramento,67,1510023,72628,70164,765,70929,870
2021-01-04,San Benito,69,59416,4218,3914,38,3952,28
2021-01-04,San Bernardino,71,2135413,227408,210868,6338,217206,1615
2021-01-04,San Diego,73,3302833,189242,171031,0,171031,1598
2021-01-04,San Francisco,75,870044,26256,24753,300,25053,191
2021-01-04,San Joaquin,77,732212,51167,48644,2018,50662,661
2021-01-04,San Luis Obispo,79,281455,13201,11945,308,12253,96
2021-01-04,San Mateo,81,765935,29163,26150,151,26301,198
2021-01-04,Santa Barbara,83,443738,21266,18735,620,19355,165
2021-01-04,Santa Clara,85,1922200,81201,75297,342,75639,727
2021-01-04,Santa Cruz,87,273765,11019,9680,458,10138,85
2021-01-04,Shasta,89,179085,8965,8224,861,9085,72
2021-01-04,Sierra,91,2930,34,30,8,38,0
2021-01-04,Siskiyou,93,43540,1130,980,154,1134,3
2021-01-04,Solano,95,438530,22109,20588,240,20828,97
2021-01-04,Sonoma,97,501317,21371,20210,119,20329,194
2021-01-04,Stanislaus,99,539301,38404,36141,3846,39987,553
2021-01-04,Sutter,101,95872,7011,6712,52,6764,56
2021-01-04,Tehama,103,63373,3438,3190,359,3549,9
2021-01-04,Trinity,105,12862,316,245,35,280,2
2021-01-04,Tulare,107,460477,37428,35060,4631,39691,455
2021-01-04,Tuolumne,109,53932,3118,2987,19,3006,13
2021-01-04,Ventura,111,848112,50480,45014,1928,46942,255
2021-01-04,Yolo,113,214977,9621,8834,85,8919,121
2021-01-04,Yuba,115,75493,4281,4023,45,4068,21
2021-01-03,Alameda,1,1643700,58049,55082,1199,56281,580
2021-01-03,Alpine,3,1148,70,68,0,68,0
2021-01-03,Amador,5,37829,2772,2565,24,2589,24
2021-01-03,Butte,7,227075,8559,7837,1078,8915,105
2021-01-03,Calaveras,9,45235,1292,1249,3,1252,21
2021-01-03,Colusa,11,21464,1410,1337,106,1443,7
2021-01-03,Contra Costa,13,1133247,45123,42432,722,43154,352
2021-01-03,Del Norte,15,27424,782,768,0,768,2
2021-01-03,El Dorado,17,186661,6900,6034,387,6421,27
2021-01-03,Fresno,19,978130,74612,69326,5527,74853,719
2021-01-03,Glenn,21,27897,1730,1581,311,1892,9
2021-01-03,Humboldt,23,135768,2005,1833,7,1840,21
2021-01-03,Imperial,25,180216,23956,22951,1773,24724,419
2021-01-03,Inyo,27,18085,774,615,1,616,20
2021-01-03,Kern,29,883053,72064,66895,6114,73009,609
2021-01-03,Kings,31,150075,17348,16593,631,17224,108
2021-01-03,Lake,33,64148,2129,1976,0,1976,24
2021-01-03,Lassen,35,31185,4596,4531,57,4588,1
2021-01-03,Los Angeles,37,10098052,866897,792168,27386,819554,10633
2021-01-03,Madera,39,155013,11867,11152,528,11680,67
2021-01-03,Marin,41,260295,10412,10034,98,10132,150
2021-01-03,Mariposa,43,17540,292,248,2,250,3
2021-01-03,Mendocino,45,87422,2693,2445,30,2475,24
2021-01-03,Merced,47,269075,20581,19600,428,20028,230
2021-01-03,Modoc,49,8938,271,245,77,322,0
2021-01-03,Mono,51,14174,941,893,9,902,3
2021-01-03,Monterey,53,433212,30673,29357,811,30168,191
2021-01-03,Napa,55,140530,6578,6094,25,6119,29
2021-01-03,Nevada,57,99092,2984,2742,101,2843,15
2021-01-03,Orange,59,3164182,183086,169881,7580,177461,1919
2021-01-03,Placer,61,380077,15938,14319,695,15014,133
2021-01-03,Plumas,63,18699,505,416,10,426,1
2021-01-03,Riverside,65,2383286,208546,195048,10303,205351,2005
2021-01-03,Sacramento,67,1510023,71426,68558,744,69302,859
2021-01-03,San Benito,69,59416,4119,3882,37,3919,28
2021-01-03,San Bernardino,71,2135413,222124,208294,6158,214452,1592
2021-01-03,San Diego,73,3302833,183987,168018,0,168018,1592
2021-01-03,San Francisco,75,870044,25757,24588,282,24870,193
2021-01-03,San Joaquin,77,732212,50066,47899,1955,49854,661
2021-01-03,San Luis Obispo,79,281455,12732,11636,298,11934,95
2021-01-03,San Mateo,81,765935,28574,25770,145,25915,196
2021-01-03,Santa Barbara,83,443738,20549,18267,603,18870,164
2021-01-03,Santa Clara,85,1922200,79648,74534,336,74870,720
2021-01-03,Santa Cruz,87,273765,10719,9528,439,9967,84
2021-01-03,Shasta,89,179085,8839,8192,819,9011,72
2021-01-03,Sierra,91,2930,34,30,8,38,0
2021-01-03,Siskiyou,93,43540,1098,976,144,1120,3
2021-01-03,Solano,95,438530,21576,20105,235,20340,97
2021-01-03,Sonoma,97,501317,20983,19982,115,20097,193
2021-01-03,Stanislaus,99,539301,37717,35762,3762,39524,553
2021-01-03,Sutter,101,95872,6913,6664,51,6715,53
2021-01-03,Tehama,103,63373,3378,3176,350,3526,9
2021-01-03,Trinity,105,12862,313,243,34,277,2
2021-01-03,Tulare,107,460477,36877,34747,4485,39232,455
2021-01-03,Tuolumne,109,53932,3056,2978,16,2994,13
2021-01-03,Ventura,111,848112,48657,43748,1910,45658,254
2021-01-03,Yolo,113,214977,9460,8674,81,8755,121
2021-01-03,Yuba,115,75493,4227,3966,44,4010,20
2021-01-02,Alameda,1,1643700,57458,54518,1169,55687,581
2021-01-02,Alpine,3,1148,70,68,0,68,0
2021-01-02,Amador,5,37829,2753,2540,24,2564,24
2021-01-02,Butte,7,227075,8452,7750,1057,8807,105
2021-01-02,Calaveras,9,45235,1273,1230,3,1233,21
2021-01-02,Colusa,11,21464,1400,1332,105,1437,7
2021-01-02,Contra Costa,13,1133247,44600,41993,710,42703,352
2021-01-02,Del Norte,15,27424,780,764,0,764,2
2021-01-02,El Dorado,17,186661,6845,5959,383,6342,27
2021-01-02,Fresno,19,978130,74081,68740,5412,74152,717
2021-01-02,Glenn,21,27897,1715,1546,310,1856,9
2021-01-02,Humboldt,23,135768,1981,1815,7,1822,21
2021-01-02,Imperial,25,180216,23878,22867,1733,24600,420
2021-01-02,Inyo,27,18085,761,609,1,610,20
2021-01-02,Kern,29,883053,71350,66457,6004,72461,610
2021-01-02,Kings,31,150075,17256,16515,627,17142,108
2021-01-02,Lake,33,64148,2093,1925,0,1925,24
2021-01-02,Lassen,35,31185,4585,4457,56,4513,1
2021-01-02,Los Angeles,37,10098052,858628,791892,26647,818539,10633
2021-01-02,Madera,39,155013,11758,11039,516,11555,67
2021-01-02,Marin,41,260295,10367,9924,95,10019,151
2021-01-02,Mariposa,43,17540,285,243,2,245,3
2021-01-02,Mendocino,45,87422,2651,2428,29,2457,24
2021-01-02,Merced,47,269075,20439,19395,411,19806,230
2021-01-02,Modoc,49,8938,270,245,77,322,0
2021-01-02,Mono,51,14174,931,884,9,893,3
2021-01-02,Monterey,53,433212,30466,28991,800,29791,191
2021-01-02,Napa,55,140530,6519,5994,25,6019,29
2021-01-02,Nevada,57,99092,2957,2706,97,2803,15
2021-01-02,Orange,59,3164182,180919,168457,7423,175880,1918
2021-01-02,Placer,61,380077,15765,14182,685,14867,133
2021-01-02,Plumas,63,18699,502,413,10,423,1
2021-01-02,Riverside,65,2383286,205993,192069,10056,202125,2008
2021-01-02,Sacramento,67,1510023,70784,67810,729,68539,858
2021-01-02,San Benito,69,59416,4039,3829,37,3866,28
2021-01-02,San Bernardino,71,2135413,220512,206939,6024,212963,1597
2021-01-02,San Diego,73,3302833,181395,164498,0,164498,1592
2021-01-02,San Francisco,75,870044,25497,24414,275,24689,194
2021-01-02,San Joaquin,77,732212,49703,47310,1923,49233,662
2021-01-02,San Luis Obispo,79,281455,12598,11467,293,11760,95
2021-01-02,San Mateo,81,765935,28237,25483,137,25620,196
2021-01-02,Santa Barbara,83,443738,20265,18135,599,18734,164
2021-01-02,Santa Clara,85,1922200,78480,73662,329,73991,720
2021-01-02,Santa Cruz,87,273765,10568,9340,430,9770,85
2021-01-02,Shasta,89,179085,8773,8154,807,8961,72
2021-01-02,Sierra,91,2930,34,28,8,36,0
2021-01-02,Siskiyou,93,43540,1087,949,142,1091,3
2021-01-02,Solano,95,438530,21380,19805,225,20030,97
2021-01-02,Sonoma,97,501317,20825,19761,115,19876,194
2021-01-02,Stanislaus,99,539301,37405,35431,3693,39124,553
2021-01-02,Sutter,101,95872,6858,6621,51,6672,53
2021-01-02,Tehama,103,63373,3353,3146,346,3492,9
2021-01-02,Trinity,105,12862,310,243,34,277,2
2021-01-02,Tulare,107,460477,36561,34479,4415,38894,455
2021-01-02,Tuolumne,109,53932,3042,2942,14,2956,13
2021-01-02,Ventura,111,848112,47507,43397,1875,45272,254
2021-01-02,Yolo,113,214977,9366,8571,79,8650,122
2021-01-02,Yuba,115,75493,4189,3930,43,3973,21
2021-01-01,Alameda,1,1643700,56825,53518,1152,54670,579
2021-01-01,Alpine,3,1148,70,68,0,68,0
2021-01-01,Amador,5,37829,2727,2513,22,2535,24
2021-01-01,Butte,7,227075,8351,7589,1032,8621,105
2021-01-01,Calaveras,9,45235,1258,1186,3,1189,21
2021-01-01,Colusa,11,21464,1391,1314,103,1417,7
2021-01-01,Contra Costa,13,1133247,44126,41412,688,42100,351
2021-01-01,Del Norte,15,27424,774,758,0,758,2
2021-01-01,El Dorado,17,186661,6756,5832,372,6204,27
2021-01-01,Fresno,19,978130,73015,67484,5324,72808,717
2021-01-01,Glenn,21,27897,1699,1520,307,1827,9
2021-01-01,Humboldt,23,135768,1943,1783,7,1790,21
2021-01-01,Imperial,25,180216,23794,22715,1681,24396,418
2021-01-01,Inyo,27,18085,737,606,1,607,20
2021-01-01,Kern,29,883053,70528,65571,5892,71463,609
2021-01-01,Kings,31,150075,17073,16358,621,16979,108
2021-01-01,Lake,33,64148,2063,1888,0,1888,24
2021-01-01,Lassen,35,31185,4579,4377,56,4433,1
2021-01-01,Los Angeles,37,10098052,844504,775578,25917,801495,10515
2021-01-01,Madera,39,155013,11599,10752,507,11259,66
2021-01-01,Marin,41,260295,10260,9821,95,9916,148
2021-01-01,Mariposa,43,17540,277,236,2,238,3
2021-01-01,Mendocino,45,87422,2597,2400,29,2429,24
2021-01-01,Merced,47,269075,20256,19118,395,19513,229
2021-01-01,Modoc,49,8938,270,241,77,318,0
2021-01-01,Mono,51,14174,913,884,9,893,3
2021-01-01,Monterey,53,433212,30236,28465,792,29257,191
2021-01-01,Napa,55,140530,6433,5899,25,5924,28
2021-01-01,Nevada,57,99092,2933,2663,97,2760,15
2021-01-01,Orange,59,3164182,178138,165440,7273,172713,1893
2021-01-01,Placer,61,380077,15601,13987,667,14654,133
2021-01-01,Plumas,63,18699,497,412,10,422,1
2021-01-01,Riverside,65,2383286,202768,188674,9774,198448,1990
2021-01-01,Sacramento,67,1510023,70184,66956,711,67667,848
2021-01-01,San Benito,69,59416,4003,3773,37,3810,28
2021-01-01,San Bernardino,71,2135413,217694,203651,5885,209536,1590
2021-01-01,San Diego,73,3302833,178334,160071,0,160071,1592
2021-01-01,San Francisco,75,870044,25222,24145,263,24408,187
2021-01-01,San Joaquin,77,732212,49422,46640,1875,48515,657
2021-01-01,San Luis Obispo,79,281455,12376,11160,285,11445,94
2021-01-01,San Mateo,81,765935,27787,25041,133,25174,194
2021-01-01,Santa Barbara,83,443738,19946,17759,589,18348,164
2021-01-01,Santa Clara,85,1922200,77212,71904,324,72228,680
2021-01-01,Santa Cruz,87,273765,10391,9146,418,9564,84
2021-01-01,Shasta,89,179085,8691,8102,790,8892,72
2021-01-01,Sierra,91,2930,34,26,8,34,0
2021-01-01,Siskiyou,93,43540,1073,944,137,1081,3
2021-01-01,Solano,95,438530,21168,19393,223,19616,97
2021-01-01,Sonoma,97,501317,20637,19513,115,19628,189
2021-01-01,Stanislaus,99,539301,37129,34978,3625,38603,553
2021-01-01,Sutter,101,95872,6802,6553,50,6603,52
2021-01-01,Tehama,103,63373,3297,3079,337,3416,9
2021-01-01,Trinity,105,12862,310,243,34,277,2
2021-01-01,Tulare,107,460477,36156,33994,4313,38307,454
2021-01-01,Tuolumne,109,53932,3026,2909,14,2923,13
2021-01-01,Ventura,111,848112,46016,42026,1847,43873,253
2021-01-01,Yolo,113,214977,9253,8461,77,8538,120
2021-01-01,Yuba,115,75493,4130,3845,42,3887,19
2020-12-31,Alameda,1,1643700,56324,52475,1120,53595,579
2020-12-31,Alpine,3,1148,70,66,0,66,0
2020-12-31,Amador,5,37829,2713,2493,22,2515,24
2020-12-31,Butte,7,227075,8278,7405,1013,8418,105
2020-12-31,Calaveras,9,45235,1247,1161,3,1164,21
2020-12-31,Colusa,11,21464,1383,1301,100,1401,7
2020-12-31,Contra Costa,13,1133247,43754,40512,674,41186,336
2020-12-31,Del Norte,15,27424,773,748,0,748,2
2020-12-31,El Dorado,17,186661,6704,5662,363,6025,26
2020-12-31,Fresno,19,978130,72598,66442,5260,71702,711
2020-12-31,Glenn,21,27897,1679,1484,302,1786,9
2020-12-31,Humboldt,23,135768,1926,1713,7,1720,21
2020-12-31,Imperial,25,180216,23730,22494,1665,24159,417
2020-12-31,Inyo,27,18085,729,591,1,592,20
2020-12-31,Kern,29,883053,70063,64904,5797,70701,609
2020-12-31,Kings,31,150075,16998,16077,613,16690,108
2020-12-31,Lake,33,64148,2051,1848,0,1848,23
2020-12-31,Lassen,35,31185,4573,4340,55,4395,1
2020-12-31,Los Angeles,37,10098052,839231,755844,25422,781266,10320
2020-12-31,Madera,39,155013,11532,10609,496,11105,64
2020-12-31,Marin,41,260295,10219,9731,94,9825,148
2020-12-31,Mariposa,43,17540,275,217,2,219,3
2020-12-31,Mendocino,45,87422,2582,2367,25,2392,24
2020-12-31,Merced,47,269075,20169,18808,385,19193,226
2020-12-31,Modoc,49,8938,270,238,77,315,0
2020-12-31,Mono,51,14174,906,868,9,877,3
2020-12-31,Monterey,53,433212,30048,27720,780,28500,188
2020-12-31,Napa,55,140530,6370,5801,25,5826,28
2020-12-31,Nevada,57,99092,2910,2619,95,2714,15
2020-12-31,Orange,59,3164182,176281,161586,7138,168724,1866
2020-12-31,Placer,61,380077,15451,13708,664,14372,126
2020-12-31,Plumas,63,18699,492,401,9,410,1
2020-12-31,Riverside,65,2383286,201271,184193,9609,193802,1958
2020-12-31,Sacramento,67,1510023,69667,65817,699,66516,830
2020-12-31,San Benito,69,59416,3981,3673,37,3710,28
2020-12-31,San Bernardino,71,2135413,216141,199115,5812,204927,1586
2020-12-31,San Diego,73,3302833,176572,155593,0,155593,1534
2020-12-31,San Francisco,75,870044,24997,23740,255,23995,183
2020-12-31,San Joaquin,77,732212,49119,45764,1834,47598,646
2020-12-31,San Luis Obispo,79,281455,12266,10846,285,11131,89
2020-12-31,San Mateo,81,765935,27463,24570,127,24697,192
2020-12-31,Santa Barbara,83,443738,19704,17434,582,18016,161
2020-12-31,Santa Clara,85,1922200,76449,70032,319,70351,665
2020-12-31,Santa Cruz,87,273765,10273,8909,405,9314,84
2020-12-31,Shasta,89,179085,8626,7996,780,8776,69
2020-12-31,Sierra,91,2930,34,26,8,34,0
2020-12-31,Siskiyou,93,43540,1057,940,134,1074,3
2020-12-31,Solano,95,438530,20941,18942,222,19164,97
2020-12-31,Sonoma,97,501317,20522,19129,114,19243,188
2020-12-31,Stanislaus,99,539301,36835,34398,3569,37967,552
2020-12-31,Sutter,101,95872,6772,6432,49,6481,51
2020-12-31,Tehama,103,63373,3268,3036,336,3372,9
2020-12-31,Trinity,105,12862,309,241,34,275,2
2020-12-31,Tulare,107,460477,35997,33412,4259,37671,446
2020-12-31,Tuolumne,109,53932,3018,2902,14,2916,12
2020-12-31,Ventura,111,848112,45510,40854,1829,42683,251
2020-12-31,Yolo,113,214977,9169,8295,76,8371,117
2020-12-31,Yuba,115,75493,4091,3799,41,3840,18
2020-12-30,Alameda,1,1643700,55563,50158,1069,51227,573
2020-12-30,Alpine,3,1148,70,66,0,66,0
2020-12-30,Amador,5,37829,2693,2418,21,2439,24
2020-12-30,Butte,7,227075,8118,7140,996,8136,103
2020-12-30,Calaveras,9,45235,1222,1135,3,1138,21
2020-12-30,Colusa,11,21464,1367,1289,94,1383,7
2020-12-30,Contra Costa,13,1133247,43172,39601,662,40263,337
2020-12-30,Del Norte,15,27424,768,726,0,726,2
2020-12-30,El Dorado,17,186661,6605,5595,351,5946,27
2020-12-30,Fresno,19,978130,71757,65566,5096,70662,711
2020-12-30,Glenn,21,27897,1650,1471,289,1760,9
2020-12-30,Humboldt,23,135768,1893,1654,7,1661,22
2020-12-30,Imperial,25,180216,23564,22098,1587,23685,412
2020-12-30,Inyo,27,18085,722,572,1,573,20
2020-12-30,Kern,29,883053,69342,63292,5646,68938,604
2020-12-30,Kings,31,150075,16879,15862,605,16467,108
2020-12-30,Lake,33,64148,2028,1731,0,1731,23
2020-12-30,Lassen,35,31185,4564,4300,55,4355,1
2020-12-30,Los Angeles,37,10098052,828399,741907,24693,766600,10046
2020-12-30,Madera,39,155013,11422,10249,485,10734,65
2020-12-30,Marin,41,260295,10131,9569,87,9656,148
2020-12-30,Mariposa,43,17540,271,214,2,216,3
2020-12-30,Mendocino,45,87422,2564,2291,22,2313,24
2020-12-30,Merced,47,269075,19876,18519,375,18894,225
2020-12-30,Modoc,49,8938,267,234,77,311,0
2020-12-30,Mono,51,14174,903,868,9,877,3
2020-12-30,Monterey,53,433212,29441,26977,757,27734,186
2020-12-30,Napa,55,140530,6265,5754,25,5779,28
2020-12-30,Nevada,57,99092,2875,2595,93,2688,15
2020-12-30,Orange,59,3164182,173628,153951,6943,160894,1863
2020-12-30,Placer,61,380077,15199,13540,652,14192,127
2020-12-30,Plumas,63,18699,487,397,9,406,1
2020-12-30,Riverside,65,2383286,198331,176402,9418,185820,1919
2020-12-30,Sacramento,67,1510023,68796,64119,681,64800,847
2020-12-30,San Benito,69,59416,3900,3464,33,3497,29
2020-12-30,San Bernardino,71,2135413,213568,192648,5723,198371,1591
2020-12-30,San Diego,73,3302833,172941,152510,0,152510,1472
2020-12-30,San Francisco,75,870044,24706,23099,249,23348,182
2020-12-30,San Joaquin,77,732212,48432,44465,1791,46256,634
2020-12-30,San Luis Obispo,79,281455,11998,10542,277,10819,89
2020-12-30,San Mateo,81,765935,27032,24150,123,24273,190
2020-12-30,Santa Barbara,83,443738,19313,16895,558,17453,161
2020-12-30,Santa Clara,85,1922200,75184,67218,315,67533,661
2020-12-30,Santa Cruz,87,273765,10080,8787,395,9182,86
2020-12-30,Shasta,89,179085,8514,7818,766,8584,69
2020-12-30,Sierra,91,2930,34,25,8,33,0
2020-12-30,Siskiyou,93,43540,1050,913,124,1037,3
2020-12-30,Solano,95,438530,20545,18300,219,18519,96
2020-12-30,Sonoma,97,501317,20263,18947,114,19061,191
2020-12-30,Stanislaus,99,539301,36354,33730,3494,37224,526
2020-12-30,Sutter,101,95872,6711,6328,48,6376,51
2020-12-30,Tehama,103,63373,3224,2969,332,3301,9
2020-12-30,Trinity,105,12862,308,231,34,265,2
2020-12-30,Tulare,107,460477,35444,32413,4193,36606,430
2020-12-30,Tuolumne,109,53932,3005,2772,12,2784,12
2020-12-30,Ventura,111,848112,44222,39039,1804,40843,251
2020-12-30,Yolo,113,214977,9063,8067,73,8140,117
2020-12-30,Yuba,115,75493,4023,3612,41,3653,18
2020-12-29,Alameda,1,1643700,54508,50946,1032,51978,552
2020-12-29,Alpine,3,1148,70,65,0,65,0
2020-12-29,Amador,5,37829,2641,2388,20,2408,23
2020-12-29,Butte,7,227075,7947,7178,972,8150,98
2020-12-29,Calaveras,9,45235,1176,1111,2,1113,21
2020-12-29,Colusa,11,21464,1346,1272,89,1361,7
2020-12-29,Contra Costa,13,1133247,42369,39225,631,39856,325
2020-12-29,Del Norte,15,27424,761,724,0,724,2
2020-12-29,El Dorado,17,186661,6477,5551,336,5887,22
2020-12-29,Fresno,19,978130,70388,65149,4934,70083,688
2020-12-29,Glenn,21,27897,1616,1454,282,1736,9
2020-12-29,Humboldt,23,135768,1845,1616,7,1623,19
2020-12-29,Imperial,25,180216,23355,22105,1496,23601,407
2020-12-29,Inyo,27,18085,705,571,1,572,19
2020-12-29,Kern,29,883053,68187,63096,5468,68564,589
2020-12-29,Kings,31,150075,16711,15777,593,16370,108
2020-12-29,Lake,33,64148,1996,1805,0,1805,22
2020-12-29,Lassen,35,31185,4549,4288,55,4343,1
2020-12-29,Los Angeles,37,10098052,808275,731907,23788,755695,9786
2020-12-29,Madera,39,155013,11108,10251,469,10720,64
2020-12-29,Marin,41,260295,9980,9595,84,9679,146
2020-12-29,Mariposa,43,17540,263,212,2,214,3
2020-12-29,Mendocino,45,87422,2521,2249,21,2270,24
2020-12-29,Merced,47,269075,19526,18464,360,18824,221
2020-12-29,Modoc,49,8938,264,232,77,309,0
2020-12-29,Mono,51,14174,894,868,9,877,3
2020-12-29,Monterey,53,433212,28806,26894,729,27623,185
2020-12-29,Napa,55,140530,6145,5663,25,5688,28
2020-12-29,Nevada,57,99092,2827,2550,92,2642,15
2020-12-29,Orange,59,3164182,169830,154411,6769,161180,1839
2020-12-29,Placer,61,380077,14961,13392,629,14021,126
2020-12-29,Plumas,63,18699,478,395,9,404,1
2020-12-29,Riverside,65,2383286,193735,177624,9152,186776,1904
2020-12-29,Sacramento,67,1510023,67760,65078,666,65744,820
2020-12-29,San Benito,69,59416,3781,3474,32,3506,25
2020-12-29,San Bernardino,71,2135413,208748,190476,5582,196058,1557
2020-12-29,San Diego,73,3302833,168720,150062,0,150062,1435
2020-12-29,San Francisco,75,870044,24370,22996,240,23236,178
2020-12-29,San Joaquin,77,732212,47517,44699,1735,46434,622
2020-12-29,San Luis Obispo,79,281455,11704,10387,269,10656,80
2020-12-29,San Mateo,81,765935,26494,23773,112,23885,189
2020-12-29,Santa Barbara,83,443738,18850,16797,532,17329,155
2020-12-29,Santa Clara,85,1922200,73639,67581,312,67893,621
2020-12-29,Santa Cruz,87,273765,9810,8492,386,8878,84
2020-12-29,Shasta,89,179085,8409,7782,751,8533,65
2020-12-29,Sierra,91,2930,31,24,7,31,0
2020-12-29,Siskiyou,93,43540,1035,926,122,1048,3
2020-12-29,Solano,95,438530,20164,18412,214,18626,96
2020-12-29,Sonoma,97,501317,19926,18790,112,18902,187
2020-12-29,Stanislaus,99,539301,35856,33775,3430,37205,508
2020-12-29,Sutter,101,95872,6643,6302,48,6350,50
2020-12-29,Tehama,103,63373,3157,2962,317,3279,9
2020-12-29,Trinity,105,12862,308,241,34,275,2
2020-12-29,Tulare,107,460477,34786,32545,4061,36606,419
2020-12-29,Tuolumne,109,53932,2963,2797,12,2809,12
2020-12-29,Ventura,111,848112,42971,38669,1776,40445,235
2020-12-29,Yolo,113,214977,8933,8124,71,8195,111
2020-12-29,Yuba,115,75493,3943,3723,41,3764,18
2020-12-28,Alameda,1,1643700,53476,50405,1009,51414,551
2020-12-28,Alpine,3,1148,69,65,0,65,0
2020-12-28,Amador,5,37829,2571,2255,20,2275,23
2020-12-28,Butte,7,227075,7781,7053,942,7995,86
2020-12-28,Calaveras,9,45235,1154,1102,2,1104,21
2020-12-28,Colusa,11,21464,1322,1255,74,1329,7
2020-12-28,Contra Costa,13,1133247,41438,38872,604,39476,324
2020-12-28,Del Norte,15,27424,751,718,0,718,2
2020-12-28,El Dorado,17,186661,6321,5441,323,5764,18
2020-12-28,Fresno,19,978130,69122,64274,4777,69051,679
2020-12-28,Glenn,21,27897,1582,1435,270,1705,9
2020-12-28,Humboldt,23,135768,1810,1579,7,1586,19
2020-12-28,Imperial,25,180216,23093,22003,1419,23422,405
2020-12-28,Inyo,27,18085,698,569,1,570,19
2020-12-28,Kern,29,883053,67129,62392,5259,67651,579
2020-12-28,Kings,31,150075,16495,15733,575,16308,108
2020-12-28,Lake,33,64148,1954,1785,0,1785,22
2020-12-28,Lassen,35,31185,4442,4284,54,4338,1
2020-12-28,Los Angeles,37,10098052,786013,720699,22935,743634,9544
2020-12-28,Madera,39,155013,10934,10123,446,10569,64
2020-12-28,Marin,41,260295,9871,9546,77,9623,145
2020-12-28,Mariposa,43,17540,239,211,2,213,3
2020-12-28,Mendocino,45,87422,2486,2214,21,2235,23
2020-12-28,Merced,47,269075,19205,18245,342,18587,213
2020-12-28,Modoc,49,8938,259,220,76,296,0
2020-12-28,Mono,51,14174,890,848,9,857,3
2020-12-28,Monterey,53,433212,27973,26529,716,27245,182
2020-12-28,Napa,55,140530,6036,5576,25,5601,26
2020-12-28,Nevada,57,99092,2780,2532,87,2619,15
2020-12-28,Orange,59,3164182,165719,152089,6588,158677,1839
2020-12-28,Placer,61,380077,14620,13234,601,13835,126
2020-12-28,Plumas,63,18699,474,391,9,400,0
2020-12-28,Riverside,65,2383286,188904,174029,8843,182872,1855
2020-12-28,Sacramento,67,1510023,66533,64322,641,64963,813
2020-12-28,San Benito,69,59416,3710,3429,31,3460,24
2020-12-28,San Bernardino,71,2135413,203664,188919,5459,194378,1552
2020-12-28,San Diego,73,3302833,163982,147528,0,147528,1404
2020-12-28,San Francisco,75,870044,24010,22726,234,22960,178
2020-12-28,San Joaquin,77,732212,46582,44172,1704,45876,618
2020-12-28,San Luis Obispo,79,281455,11354,10260,264,10524,76
2020-12-28,San Mateo,81,765935,26024,23467,109,23576,189
2020-12-28,Santa Barbara,83,443738,18393,16579,518,17097,155
2020-12-28,Santa Clara,85,1922200,72150,66418,305,66723,619
2020-12-28,Santa Cruz,87,273765,9544,8310,376,8686,81
2020-12-28,Shasta,89,179085,8290,7688,738,8426,65
2020-12-28,Sierra,91,2930,29,24,7,31,0
2020-12-28,Siskiyou,93,43540,1020,915,116,1031,3
2020-12-28,Solano,95,438530,19590,18171,208,18379,96
2020-12-28,Sonoma,97,501317,19581,18667,110,18777,185
2020-12-28,Stanislaus,99,539301,35311,33473,3364,36837,507
2020-12-28,Sutter,101,95872,6560,6253,48,6301,49
2020-12-28,Tehama,103,63373,3104,2934,308,3242,9
2020-12-28,Trinity,105,12862,306,240,34,274,2
2020-12-28,Tulare,107,460477,34105,32010,3949,35959,404
2020-12-28,Tuolumne,109,53932,2947,2777,12,2789,12
2020-12-28,Ventura,111,848112,41305,37151,1726,38877,230
2020-12-28,Yolo,113,214977,8778,8031,70,8101,111
2020-12-28,Yuba,115,75493,3881,3679,40,3719,18
2020-12-27,Alameda,1,1643700,52243,49764,980,50744,551
2020-12-27,Alpine,3,1148,67,65,0,65,0
2020-12-27,Amador,5,37829,2450,2218,20,2238,23
2020-12-27,Butte,7,227075,7627,7016,905,7921,86
2020-12-27,Calaveras,9,45235,1109,1097,2,1099,21
2020-12-27,Colusa,11,21464,1297,1253,71,1324,7
2020-12-27,Contra Costa,13,1133247,40519,38428,574,39002,324
2020-12-27,Del Norte,15,27424,728,712,0,712,2
2020-12-27,El Dorado,17,186661,6108,5388,297,5685,18
2020-12-27,Fresno,19,978130,67881,63811,4562,68373,679
2020-12-27,Glenn,21,27897,1556,1434,255,1689,9
2020-12-27,Humboldt,23,135768,1767,1575,7,1582,17
2020-12-27,Imperial,25,180216,22807,21934,1300,23234,405
2020-12-27,Inyo,27,18085,676,565,1,566,18
2020-12-27,Kern,29,883053,65858,61914,5086,67000,568
2020-12-27,Kings,31,150075,16259,15593,540,16133,108
2020-12-27,Lake,33,64148,1900,1769,0,1769,22
2020-12-27,Lassen,35,31185,4365,4230,47,4277,1
2020-12-27,Los Angeles,37,10098052,764621,707260,21989,729249,9476
2020-12-27,Madera,39,155013,10676,10005,436,10441,64
2020-12-27,Marin,41,260295,9748,9477,71,9548,144
2020-12-27,Mariposa,43,17540,232,208,2,210,3
2020-12-27,Mendocino,45,87422,2438,2209,21,2230,23
2020-12-27,Merced,47,269075,18837,18075,326,18401,213
2020-12-27,Modoc,49,8938,250,221,72,293,0
2020-12-27,Mono,51,14174,871,849,9,858,3
2020-12-27,Monterey,53,433212,27432,26322,699,27021,181
2020-12-27,Napa,55,140530,5901,5496,25,5521,26
2020-12-27,Nevada,57,99092,2744,2519,87,2606,15
2020-12-27,Orange,59,3164182,161336,149276,6393,155669,1839
2020-12-27,Placer,61,380077,14332,13017,568,13585,126
2020-12-27,Plumas,63,18699,468,390,9,399,0
2020-12-27,Riverside,65,2383286,184093,171995,8526,180521,1836
2020-12-27,Sacramento,67,1510023,65333,63416,615,64031,811
2020-12-27,San Benito,69,59416,3624,3394,31,3425,24
2020-12-27,San Bernardino,71,2135413,198612,186776,5311,192087,1551
2020-12-27,San Diego,73,3302833,159577,145777,0,145777,1402
2020-12-27,San Francisco,75,870044,23661,22514,225,22739,178
2020-12-27,San Joaquin,77,732212,45545,43529,1651,45180,618
2020-12-27,San Luis Obispo,79,281455,10947,10154,259,10413,76
2020-12-27,San Mateo,81,765935,25459,23136,105,23241,187
2020-12-27,Santa Barbara,83,443738,17875,16364,489,16853,155
2020-12-27,Santa Clara,85,1922200,70530,65288,299,65587,619
2020-12-27,Santa Cruz,87,273765,9277,8234,367,8601,81
2020-12-27,Shasta,89,179085,8166,7671,714,8385,65
2020-12-27,Sierra,91,2930,29,24,6,30,0
2020-12-27,Siskiyou,93,43540,1009,914,111,1025,3
2020-12-27,Solano,95,438530,19097,17840,202,18042,96
2020-12-27,Sonoma,97,501317,19292,18487,109,18596,185
2020-12-27,Stanislaus,99,539301,34710,33076,3268,36344,506
2020-12-27,Sutter,101,95872,6478,6218,46,6264,48
2020-12-27,Tehama,103,63373,3033,2922,290,3212,9
2020-12-27,Trinity,105,12862,302,240,32,272,2
2020-12-27,Tulare,107,460477,33514,31864,3828,35692,400
2020-12-27,Tuolumne,109,53932,2840,2750,10,2760,12
2020-12-27,Ventura,111,848112,40245,36661,1671,38332,230
2020-12-27,Yolo,113,214977,8588,7919,64,7983,111
2020-12-27,Yuba,115,75493,3819,3665,38,3703,18
2020-12-26,Alameda,1,1643700,51636,49084,967,50051,551
2020-12-26,Alpine,3,1148,67,65,0,65,0
2020-12-26,Amador,5,37829,2436,2189,20,2209,23
2020-12-26,Butte,7,227075,7533,6968,883,7851,86
2020-12-26,Calaveras,9,45235,1103,1084,2,1086,21
2020-12-26,Colusa,11,21464,1287,1240,71,1311,7
2020-12-26,Contra Costa,13,1133247,40057,38008,560,38568,324
2020-12-26,Del Norte,15,27424,722,709,0,709,2
2020-12-26,El Dorado,17,186661,6053,5279,293,5572,18
2020-12-26,Fresno,19,978130,67414,63080,4497,67577,679
2020-12-26,Glenn,21,27897,1535,1413,249,1662,9
2020-12-26,Humboldt,23,135768,1729,1545,7,1552,17
2020-12-26,Imperial,25,180216,22718,21734,1247,22981,405
2020-12-26,Inyo,27,18085,663,554,1,555,18
2020-12-26,Kern,29,883053,65196,61174,4926,66100,564
2020-12-26,Kings,31,150075,16141,15517,535,16052,108
2020-12-26,Lake,33,64148,1857,1710,0,1710,22
2020-12-26,Lassen,35,31185,4344,3981,47,4028,1
2020-12-26,Los Angeles,37,10098052,756119,694149,21449,715598,9424
2020-12-26,Madera,39,155013,10602,9908,422,10330,64
2020-12-26,Marin,41,260295,9713,9413,70,9483,143
2020-12-26,Mariposa,43,17540,231,206,2,208,3
2020-12-26,Mendocino,45,87422,2392,2194,21,2215,23
2020-12-26,Merced,47,269075,18680,17890,321,18211,213
2020-12-26,Modoc,49,8938,247,222,72,294,0
2020-12-26,Mono,51,14174,865,850,9,859,3
2020-12-26,Monterey,53,433212,27299,26010,690,26700,182
2020-12-26,Napa,55,140530,5843,5427,25,5452,26
2020-12-26,Nevada,57,99092,2716,2480,87,2567,15
2020-12-26,Orange,59,3164182,159150,147304,6295,153599,1838
2020-12-26,Placer,61,380077,14167,12816,552,13368,122
2020-12-26,Plumas,63,18699,465,381,9,390,0
2020-12-26,Riverside,65,2383286,181665,169360,8361,177721,1834
2020-12-26,Sacramento,67,1510023,64711,62435,605,63040,807
2020-12-26,San Benito,69,59416,3551,3330,31,3361,24
2020-12-26,San Bernardino,71,2135413,196969,185111,5223,190334,1551
2020-12-26,San Diego,73,3302833,157056,142644,0,142644,1402
2020-12-26,San Francisco,75,870044,23428,22319,224,22543,177
2020-12-26,San Joaquin,77,732212,45159,42887,1602,44489,618
2020-12-26,San Luis Obispo,79,281455,10861,9945,253,10198,76
2020-12-26,San Mateo,81,765935,25121,22908,99,23007,187
2020-12-26,Santa Barbara,83,443738,17638,16159,483,16642,155
2020-12-26,Santa Clara,85,1922200,69469,64185,296,64481,618
2020-12-26,Santa Cruz,87,273765,9153,8113,357,8470,81
2020-12-26,Shasta,89,179085,8107,7641,701,8342,65
2020-12-26,Sierra,91,2930,29,24,6,30,0
2020-12-26,Siskiyou,93,43540,1003,909,106,1015,2
2020-12-26,Solano,95,438530,18857,17528,202,17730,96
2020-12-26,Sonoma,97,501317,19092,18261,107,18368,184
2020-12-26,Stanislaus,99,539301,34420,32678,3217,35895,505
2020-12-26,Sutter,101,95872,6419,6121,46,6167,48
2020-12-26,Tehama,103,63373,3006,2884,285,3169,9
2020-12-26,Trinity,105,12862,302,237,31,268,2
2020-12-26,Tulare,107,460477,33217,31665,3774,35439,398
2020-12-26,Tuolumne,109,53932,2829,2703,10,2713,12
2020-12-26,Ventura,111,848112,39283,36064,1636,37700,230
2020-12-26,Yolo,113,214977,8486,7785,61,7846,111
2020-12-26,Yuba,115,75493,3792,3599,38,3637,18
2020-12-25,Alameda,1,1643700,51077,48365,952,49317,542
2020-12-25,Alpine,3,1148,67,64,0,64,0
2020-12-25,Amador,5,37829,2393,2172,20,2192,23
2020-12-25,Butte,7,227075,7436,6873,862,7735,85
2020-12-25,Calaveras,9,45235,1100,1062,2,1064,21
2020-12-25,Colusa,11,21464,1275,1219,70,1289,7
2020-12-25,Contra Costa,13,1133247,39585,37480,534,38014,324
2020-12-25,Del Norte,15,27424,719,692,0,692,2
2020-12-25,El Dorado,17,186661,5989,5170,278,5448,16
2020-12-25,Fresno,19,978130,66556,62251,4409,66660,679
2020-12-25,Glenn,21,27897,1520,1390,241,1631,9
2020-12-25,Humboldt,23,135768,1691,1532,7,1539,16
2020-12-25,Imperial,25,180216,22628,21646,1235,22881,405
2020-12-25,Inyo,27,18085,654,546,1,547,18
2020-12-25,Kern,29,883053,64474,60417,4774,65191,562
2020-12-25,Kings,31,150075,16031,15460,530,15990,108
2020-12-25,Lake,33,64148,1837,1669,0,1669,20
2020-12-25,Lassen,35,31185,4329,3926,47,3973,1
2020-12-25,Los Angeles,37,10098052,742512,665600,20738,686338,9292
2020-12-25,Madera,39,155013,10432,9770,414,10184,64
2020-12-25,Marin,41,260295,9665,9375,67,9442,143
2020-12-25,Mariposa,43,17540,225,203,2,205,3
2020-12-25,Mendocino,45,87422,2350,2176,21,2197,23
2020-12-25,Merced,47,269075,18520,17726,314,18040,213
2020-12-25,Modoc,49,8938,246,221,72,293,0
2020-12-25,Mono,51,14174,863,843,9,852,3
2020-12-25,Monterey,53,433212,27028,25788,681,26469,182
2020-12-25,Napa,55,140530,5763,5351,25,5376,26
2020-12-25,Nevada,57,99092,2690,2458,85,2543,15
2020-12-25,Orange,59,3164182,156481,144542,6092,150634,1814
2020-12-25,Placer,61,380077,13986,12660,529,13189,122
2020-12-25,Plumas,63,18699,458,381,9,390,0
2020-12-25,Riverside,65,2383286,178421,166690,8032,174722,1825
2020-12-25,Sacramento,67,1510023,64017,61630,578,62208,796
2020-12-25,San Benito,69,59416,3513,3281,29,3310,24
2020-12-25,San Bernardino,71,2135413,194334,181812,5102,186914,1546
2020-12-25,San Diego,73,3302833,154576,139958,0,139958,1402
2020-12-25,San Francisco,75,870044,23152,22130,219,22349,175
2020-12-25,San Joaquin,77,732212,44855,42089,1543,43632,614
2020-12-25,San Luis Obispo,79,281455,10678,9749,246,9995,76
2020-12-25,San Mateo,81,765935,24798,22568,96,22664,187
2020-12-25,Santa Barbara,83,443738,17415,15936,474,16410,155
2020-12-25,Santa Clara,85,1922200,68353,63173,287,63460,612
2020-12-25,Santa Cruz,87,273765,9013,8018,333,8351,81
2020-12-25,Shasta,89,179085,8034,7612,678,8290,65
2020-12-25,Sierra,91,2930,29,24,5,29,0
2020-12-25,Siskiyou,93,43540,997,905,103,1008,2
2020-12-25,Solano,95,438530,18687,17280,200,17480,96
2020-12-25,Sonoma,97,501317,18915,18035,105,18140,184
2020-12-25,Stanislaus,99,539301,34131,32290,3168,35458,498
2020-12-25,Sutter,101,95872,6360,6051,45,6096,47
2020-12-25,Tehama,103,63373,2961,2839,271,3110,9
2020-12-25,Trinity,105,12862,299,236,31,267,2
2020-12-25,Tulare,107,460477,32837,31323,3706,35029,398
2020-12-25,Tuolumne,109,53932,2810,2674,10,2684,12
2020-12-25,Ventura,111,848112,38131,35514,1585,37099,230
2020-12-25,Yolo,113,214977,8389,7700,59,7759,111
2020-12-25,Yuba,115,75493,3757,3549,37,3586,17
2020-12-24,Alameda,1,1643700,50749,47527,931,48458,541
2020-12-24,Alpine,3,1148,67,64,0,64,0
2020-12-24,Amador,5,37829,2381,2145,20,2165,23
2020-12-24,Butte,7,227075,7398,6716,847,7563,84
2020-12-24,Calaveras,9,45235,1096,1032,2,1034,21
2020-12-24,Colusa,11,21464,1270,1188,69,1257,7
2020-12-24,Contra Costa,13,1133247,39340,36623,522,37145,311
2020-12-24,Del Norte,15,27424,719,678,0,678,2
2020-12-24,El Dorado,17,186661,5963,5042,270,5312,16
2020-12-24,Fresno,19,978130,66333,61435,4395,65830,663
2020-12-24,Glenn,21,27897,1509,1363,233,1596,9
2020-12-24,Humboldt,23,135768,1668,1516,7,1523,16
2020-12-24,Imperial,25,180216,22579,21545,1226,22771,402
2020-12-24,Inyo,27,18085,652,532,1,533,17
2020-12-24,Kern,29,883053,64188,59601,4761,64362,556
2020-12-24,Kings,31,150075,15991,15211,529,15740,108
2020-12-24,Lake,33,64148,1822,1629,0,1629,20
2020-12-24,Lassen,35,31185,4316,3894,47,3941,1
2020-12-24,Los Angeles,37,10098052,738369,664840,20467,685307,9288
2020-12-24,Madera,39,155013,10394,9547,407,9954,63
2020-12-24,Marin,41,260295,9632,9287,67,9354,143
2020-12-24,Mariposa,43,17540,221,197,2,199,3
2020-12-24,Mendocino,45,87422,2340,2150,21,2171,23
2020-12-24,Merced,47,269075,18450,17485,310,17795,212
2020-12-24,Modoc,49,8938,246,220,71,291,0
2020-12-24,Mono,51,14174,861,817,9,826,3
2020-12-24,Monterey,53,433212,26924,25131,674,25805,180
2020-12-24,Napa,55,140530,5709,5265,25,5290,26
2020-12-24,Nevada,57,99092,2666,2429,85,2514,15
2020-12-24,Orange,59,3164182,155011,141205,6041,147246,1775
2020-12-24,Placer,61,380077,13908,12457,522,12979,121
2020-12-24,Plumas,63,18699,455,376,9,385,0
2020-12-24,Riverside,65,2383286,177517,162435,7993,170428,1816
2020-12-24,Sacramento,67,1510023,63742,60596,576,61172,788
2020-12-24,San Benito,69,59416,3483,3183,29,3212,24
2020-12-24,San Bernardino,71,2135413,193328,176866,5067,181933,1533
2020-12-24,San Diego,73,3302833,153494,136952,0,136952,1382
2020-12-24,San Francisco,75,870044,22987,21830,216,22046,175
2020-12-24,San Joaquin,77,732212,44695,41324,1524,42848,611
2020-12-24,San Luis Obispo,79,281455,10609,9504,244,9748,77
2020-12-24,San Mateo,81,765935,24600,22093,96,22189,186
2020-12-24,Santa Barbara,83,443738,17311,15644,466,16110,153
2020-12-24,Santa Clara,85,1922200,67751,61742,280,62022,591
2020-12-24,Santa Cruz,87,273765,8942,7856,321,8177,82
2020-12-24,Shasta,89,179085,7994,7540,660,8200,65
2020-12-24,Sierra,91,2930,27,23,2,25,0
2020-12-24,Siskiyou,93,43540,993,900,96,996,2
2020-12-24,Solano,95,438530,18546,16872,195,17067,96
2020-12-24,Sonoma,97,501317,18817,17710,105,17815,183
2020-12-24,Stanislaus,99,539301,33937,31848,3143,34991,498
2020-12-24,Sutter,101,95872,6319,5960,44,6004,47
2020-12-24,Tehama,103,63373,2945,2779,271,3050,9
2020-12-24,Trinity,105,12862,298,235,31,266,2
2020-12-24,Tulare,107,460477,32723,30827,3679,34506,390
2020-12-24,Tuolumne,109,53932,2802,2653,10,2663,12
2020-12-24,Ventura,111,848112,37853,34400,1578,35978,224
2020-12-24,Yolo,113,214977,8349,7566,59,7625,113
2020-12-24,Yuba,115,75493,3732,3483,37,3520,16
2020-12-23,Alameda,1,1643700,50184,46753,903,47656,537
2020-12-23,Alpine,3,1148,67,64,0,64,0
2020-12-23,Amador,5,37829,2313,2108,19,2127,23
2020-12-23,Butte,7,227075,7312,6588,819,7407,84
2020-12-23,Calaveras,9,45235,1089,1002,1,1003,21
2020-12-23,Colusa,11,21464,1259,1167,69,1236,7
2020-12-23,Contra Costa,13,1133247,38942,36190,508,36698,311
2020-12-23,Del Norte,15,27424,712,670,0,670,2
2020-12-23,El Dorado,17,186661,5889,4967,261,5228,14
2020-12-23,Fresno,19,978130,65727,60488,4327,64815,654
2020-12-23,Glenn,21,27897,1495,1349,229,1578,9
2020-12-23,Humboldt,23,135768,1643,1458,7,1465,16
2020-12-23,Imperial,25,180216,22485,21323,1196,22519,399
2020-12-23,Inyo,27,18085,640,517,1,518,17
2020-12-23,Kern,29,883053,63676,58656,4662,63318,549
2020-12-23,Kings,31,150075,15913,14923,526,15449,105
2020-12-23,Lake,33,64148,1808,1595,0,1595,20
2020-12-23,Lassen,35,31185,4306,3865,44,3909,1
2020-12-23,Los Angeles,37,10098052,729379,651958,19894,671852,9146
2020-12-23,Madera,39,155013,10238,9371,392,9763,63
2020-12-23,Marin,41,260295,9574,9199,64,9263,142
2020-12-23,Mariposa,43,17540,219,194,2,196,3
2020-12-23,Mendocino,45,87422,2328,2121,21,2142,23
2020-12-23,Merced,47,269075,18294,17250,303,17553,203
2020-12-23,Modoc,49,8938,242,197,70,267,0
2020-12-23,Mono,51,14174,859,814,9,823,3
2020-12-23,Monterey,53,433212,26626,24856,668,25524,176
2020-12-23,Napa,55,140530,5641,5172,25,5197,25
2020-12-23,Nevada,57,99092,2621,2406,84,2490,15
2020-12-23,Orange,59,3164182,152565,138050,5869,143919,1771
2020-12-23,Placer,61,380077,13702,12213,514,12727,111
2020-12-23,Plumas,63,18699,448,369,9,378,0
2020-12-23,Riverside,65,2383286,175293,158110,7825,165935,1790
2020-12-23,Sacramento,67,1510023,63097,59661,561,60222,779
2020-12-23,San Benito,69,59416,3428,3073,27,3100,24
2020-12-23,San Bernardino,71,2135413,191301,172888,4998,177886,1509
2020-12-23,San Diego,73,3302833,151073,134695,0,134695,1350
2020-12-23,San Francisco,75,870044,22764,21498,213,21711,174
2020-12-23,San Joaquin,77,732212,44172,35664,1482,37146,602
2020-12-23,San Luis Obispo,79,281455,10468,9267,238,9505,74
2020-12-23,San Mateo,81,765935,24297,21780,94,21874,186
2020-12-23,Santa Barbara,83,443738,17104,15399,436,15835,152
2020-12-23,Santa Clara,85,1922200,66844,60455,275,60730,579
2020-12-23,Santa Cruz,87,273765,8782,7637,303,7940,75
2020-12-23,Shasta,89,179085,7922,7487,653,8140,66
2020-12-23,Sierra,91,2930,27,23,0,23,0
2020-12-23,Siskiyou,93,43540,973,891,93,984,2
2020-12-23,Solano,95,438530,18339,16626,190,16816,95
2020-12-23,Sonoma,97,501317,18613,17397,105,17502,182
2020-12-23,Stanislaus,99,539301,33596,31492,3086,34578,499
2020-12-23,Sutter,101,95872,6254,5871,44,5915,46
2020-12-23,Tehama,103,63373,2924,2737,267,3004,9
2020-12-23,Trinity,105,12862,298,234,31,265,2
2020-12-23,Tulare,107,460477,32429,30315,3637,33952,385
2020-12-23,Tuolumne,109,53932,2762,2540,10,2550,12
2020-12-23,Ventura,111,848112,37464,33377,1544,34921,216
2020-12-23,Yolo,113,214977,8270,7508,57,7565,112
2020-12-23,Yuba,115,75493,3681,3438,36,3474,14
2020-12-22,Alameda,1,1643700,49299,45751,870,46621,534
2020-12-22,Alpine,3,1148,67,64,0,64,0
2020-12-22,Amador,5,37829,2302,1839,19,1858,23
2020-12-22,Butte,7,227075,7185,6467,802,7269,85
2020-12-22,Calaveras,9,45235,1062,988,0,988,21
2020-12-22,Colusa,11,21464,1236,1150,65,1215,7
2020-12-22,Contra Costa,13,1133247,38319,35681,495,36176,301
2020-12-22,Del Norte,15,27424,706,666,0,666,2
2020-12-22,El Dorado,17,186661,5768,4885,247,5132,12
2020-12-22,Fresno,19,978130,64700,59640,4214,63854,640
2020-12-22,Glenn,21,27897,1472,1337,218,1555,9
2020-12-22,Humboldt,23,135768,1609,1440,7,1447,16
2020-12-22,Imperial,25,180216,22298,21128,1152,22280,398
2020-12-22,Inyo,27,18085,619,506,1,507,17
2020-12-22,Kern,29,883053,62736,57816,4515,62331,547
2020-12-22,Kings,31,150075,15774,14855,519,15374,102
2020-12-22,Lake,33,64148,1784,1569,0,1569,20
2020-12-22,Lassen,35,31185,4164,3848,42,3890,1
2020-12-22,Los Angeles,37,10098052,712194,635931,19162,655093,9013
2020-12-22,Madera,39,155013,10120,9187,376,9563,63
2020-12-22,Marin,41,260295,9511,9115,63,9178,142
2020-12-22,Mariposa,43,17540,216,194,2,196,3
2020-12-22,Mendocino,45,87422,2295,2092,21,2113,23
2020-12-22,Merced,47,269075,18049,17012,299,17311,201
2020-12-22,Modoc,49,8938,234,182,69,251,0
2020-12-22,Mono,51,14174,849,786,9,795,3
2020-12-22,Monterey,53,433212,25963,24152,648,24800,176
2020-12-22,Napa,55,140530,5554,5059,25,5084,23
2020-12-22,Nevada,57,99092,2594,2367,83,2450,14
2020-12-22,Orange,59,3164182,149220,134850,5695,140545,1774
2020-12-22,Placer,61,380077,13471,11943,493,12436,105
2020-12-22,Plumas,63,18699,442,360,9,369,0
2020-12-22,Riverside,65,2383286,171524,155059,7543,162602,1777
2020-12-22,Sacramento,67,1510023,62172,57966,541,58507,772
2020-12-22,San Benito,69,59416,3351,2998,27,3025,24
2020-12-22,San Bernardino,71,2135413,186741,169266,4844,174110,1500
2020-12-22,San Diego,73,3302833,147720,132097,0,132097,1311
2020-12-22,San Francisco,75,870044,22495,21232,209,21441,174
2020-12-22,San Joaquin,77,732212,43419,39423,1434,40857,592
2020-12-22,San Luis Obispo,79,281455,10125,9174,233,9407,69
2020-12-22,San Mateo,81,765935,23969,21382,78,21460,186
2020-12-22,Santa Barbara,83,443738,16843,15189,426,15615,150
2020-12-22,Santa Clara,85,1922200,65678,59192,268,59460,569
2020-12-22,Santa Cruz,87,273765,8604,7471,276,7747,72
2020-12-22,Shasta,89,179085,7843,7371,636,8007,64
2020-12-22,Sierra,91,2930,27,23,0,23,0
2020-12-22,Siskiyou,93,43540,968,880,90,970,2
2020-12-22,Solano,95,438530,17935,16229,187,16416,95
2020-12-22,Sonoma,97,501317,18295,17216,105,17321,180
2020-12-22,Stanislaus,99,539301,33220,30914,3011,33925,499
2020-12-22,Sutter,101,95872,6193,5791,43,5834,46
2020-12-22,Tehama,103,63373,2877,2688,259,2947,9
2020-12-22,Trinity,105,12862,298,231,31,262,2
2020-12-22,Tulare,107,460477,31968,30025,3565,33590,377
2020-12-22,Tuolumne,109,53932,2707,2526,10,2536,12
2020-12-22,Ventura,111,848112,36703,32488,1497,33985,213
2020-12-22,Yolo,113,214977,8156,7388,56,7444,113
2020-12-22,Yuba,115,75493,3631,3379,36,3415,14
2020-12-21,Alameda,1,1643700,48401,44756,841,45597,518
2020-12-21,Alpine,3,1148,66,64,0,64,0
2020-12-21,Amador,5,37829,2225,1815,19,1834,23
2020-12-21,Butte,7,227075,7030,6335,778,7113,81
2020-12-21,Calaveras,9,45235,1032,963,0,963,21
2020-12-21,Colusa,11,21464,1209,1135,60,1195,7
2020-12-21,Contra Costa,13,1133247,37572,35207,458,35665,300
2020-12-21,Del Norte,15,27424,695,660,0,660,2
2020-12-21,El Dorado,17,186661,5622,4805,233,5038,10
2020-12-21,Fresno,19,978130,63554,58568,4062,62630,634
2020-12-21,Glenn,21,27897,1440,1323,210,1533,9
2020-12-21,Humboldt,23,135768,1585,1419,7,1426,16
2020-12-21,Imperial,25,180216,22027,20994,1108,22102,395
2020-12-21,Inyo,27,18085,598,482,1,483,17
2020-12-21,Kern,29,883053,61847,56836,4375,61211,541
2020-12-21,Kings,31,150075,15525,14760,503,15263,100
2020-12-21,Lake,33,64148,1730,1538,0,1538,20
2020-12-21,Lassen,35,31185,4004,3798,40,3838,1
2020-12-21,Los Angeles,37,10098052,693195,624129,18442,642571,8918
2020-12-21,Madera,39,155013,9928,9069,356,9425,63
2020-12-21,Marin,41,260295,9442,9035,63,9098,142
2020-12-21,Mariposa,43,17540,211,186,2,188,3
2020-12-21,Mendocino,45,87422,2265,2066,20,2086,23
2020-12-21,Merced,47,269075,17801,16710,282,16992,198
2020-12-21,Modoc,49,8938,220,181,68,249,0
2020-12-21,Mono,51,14174,837,781,9,790,3
2020-12-21,Monterey,53,433212,25431,23673,634,24307,174
2020-12-21,Napa,55,140530,5466,4952,25,4977,23
2020-12-21,Nevada,57,99092,2561,2337,83,2420,13
2020-12-21,Orange,59,3164182,145828,130444,5536,135980,1772
2020-12-21,Placer,61,380077,13246,11715,473,12188,105
2020-12-21,Plumas,63,18699,438,353,9,362,0
2020-12-21,Riverside,65,2383286,167332,151713,7199,158912,1743
2020-12-21,Sacramento,67,1510023,61156,57064,524,57588,759
2020-12-21,San Benito,69,59416,3282,2921,27,2948,22
2020-12-21,San Bernardino,71,2135413,181974,165086,4668,169754,1476
2020-12-21,San Diego,73,3302833,144274,129716,0,129716,1284
2020-12-21,San Francisco,75,870044,22213,21086,205,21291,174
2020-12-21,San Joaquin,77,732212,42624,38811,1381,40192,586
2020-12-21,San Luis Obispo,79,281455,9937,9006,228,9234,64
2020-12-21,San Mateo,81,765935,23564,21035,74,21109,185
2020-12-21,Santa Barbara,83,443738,16572,14988,421,15409,149
2020-12-21,Santa Clara,85,1922200,64486,57699,256,57955,570
2020-12-21,Santa Cruz,87,273765,8391,7315,262,7577,69
2020-12-21,Shasta,89,179085,7778,7299,626,7925,64
2020-12-21,Sierra,91,2930,24,23,0,23,0
2020-12-21,Siskiyou,93,43540,960,878,89,967,2
2020-12-21,Solano,95,438530,17464,15878,182,16060,95
2020-12-21,Sonoma,97,501317,18020,17075,101,17176,176
2020-12-21,Stanislaus,99,539301,32763,30437,2936,33373,499
2020-12-21,Sutter,101,95872,6098,5708,43,5751,46
2020-12-21,Tehama,103,63373,2811,2656,251,2907,9
2020-12-21,Trinity,105,12862,296,226,30,256,2
2020-12-21,Tulare,107,460477,31481,29482,3471,32953,373
2020-12-21,Tuolumne,109,53932,2682,2423,8,2431,12
2020-12-21,Ventura,111,848112,35622,31759,1460,33219,212
2020-12-21,Yolo,113,214977,8010,7266,52,7318,109
2020-12-21,Yuba,115,75493,3572,3329,36,3365,14
2020-12-20,Alameda,1,1643700,47518,44004,819,44823,516
2020-12-20,Alpine,3,1148,66,64,0,64,0
2020-12-20,Amador,5,37829,2167,1771,18,1789,23
2020-12-20,Butte,7,227075,6883,6228,740,6968,81
2020-12-20,Calaveras,9,45235,1008,926,0,926,21
2020-12-20,Colusa,11,21464,1182,1121,52,1173,7
2020-12-20,Contra Costa,13,1133247,36986,34798,439,35237,301
2020-12-20,Del Norte,15,27424,673,652,0,652,2
2020-12-20,El Dorado,17,186661,5494,4697,224,4921,10
2020-12-20,Fresno,19,978130,62572,57616,3919,61535,634
2020-12-20,Glenn,21,27897,1431,1295,203,1498,9
2020-12-20,Humboldt,23,135768,1548,1386,6,1392,15
2020-12-20,Imperial,25,180216,21784,20882,1001,21883,395
2020-12-20,Inyo,27,18085,584,476,1,477,17
2020-12-20,Kern,29,883053,60752,55983,4215,60198,540
2020-12-20,Kings,31,150075,15307,14629,483,15112,100
2020-12-20,Lake,33,64148,1684,1463,0,1463,20
2020-12-20,Lassen,35,31185,3950,3669,38,3707,1
2020-12-20,Los Angeles,37,10098052,675200,612975,17664,630639,8862
2020-12-20,Madera,39,155013,9718,8871,347,9218,63
2020-12-20,Marin,41,260295,9345,8948,59,9007,142
2020-12-20,Mariposa,43,17540,210,179,2,181,3
2020-12-20,Mendocino,45,87422,2240,2033,20,2053,23
2020-12-20,Merced,47,269075,17485,16435,275,16710,198
2020-12-20,Modoc,49,8938,220,181,66,247,0
2020-12-20,Mono,51,14174,816,774,9,783,3
2020-12-20,Monterey,53,433212,24957,23250,590,23840,173
2020-12-20,Napa,55,140530,5344,4865,23,4888,23
2020-12-20,Nevada,57,99092,2515,2289,77,2366,13
2020-12-20,Orange,59,3164182,142352,128780,5381,134161,1763
2020-12-20,Placer,61,380077,13014,11496,454,11950,105
2020-12-20,Plumas,63,18699,430,347,9,356,0
2020-12-20,Riverside,65,2383286,163155,148714,6898,155612,1742
2020-12-20,Sacramento,67,1510023,60163,56017,505,56522,755
2020-12-20,San Benito,69,59416,3210,2885,26,2911,21
2020-12-20,San Bernardino,71,2135413,177016,162810,4505,167315,1458
2020-12-20,San Diego,73,3302833,140561,126465,0,126465,1280
2020-12-20,San Francisco,75,870044,21898,20937,201,21138,174
2020-12-20,San Joaquin,77,732212,41788,38268,1316,39584,587
2020-12-20,San Luis Obispo,79,281455,9644,8881,221,9102,63
2020-12-20,San Mateo,81,765935,23128,20764,70,20834,185
2020-12-20,Santa Barbara,83,443738,16258,14817,400,15217,148
2020-12-20,Santa Clara,85,1922200,63084,56860,250,57110,566
2020-12-20,Santa Cruz,87,273765,8186,7178,249,7427,69
2020-12-20,Shasta,89,179085,7663,7256,612,7868,64
2020-12-20,Sierra,91,2930,24,22,0,22,0
2020-12-20,Siskiyou,93,43540,950,870,88,958,2
2020-12-20,Solano,95,438530,17086,15533,171,15704,95
2020-12-20,Sonoma,97,501317,17745,16802,100,16902,175
2020-12-20,Stanislaus,99,539301,32242,29995,2832,32827,498
2020-12-20,Sutter,101,95872,6011,5601,43,5644,43
2020-12-20,Tehama,103,63373,2764,2602,231,2833,9
2020-12-20,Trinity,105,12862,291,221,29,250,2
2020-12-20,Tulare,107,460477,30967,29078,3370,32448,373
2020-12-20,Tuolumne,109,53932,2570,2152,7,2159,12
2020-12-20,Ventura,111,848112,34920,31335,1425,32760,210
2020-12-20,Yolo,113,214977,7856,7121,49,7170,109
2020-12-20,Yuba,115,75493,3524,3254,34,3288,12
2020-12-19,Alameda,1,1643700,47078,43109,812,43921,516
2020-12-19,Alpine,3,1148,66,64,0,64,0
2020-12-19,Amador,5,37829,2143,1754,18,1772,23
2020-12-19,Butte,7,227075,6783,6118,716,6834,81
2020-12-19,Calaveras,9,45235,990,900,0,900,21
2020-12-19,Colusa,11,21464,1174,1096,50,1146,7
2020-12-19,Contra Costa,13,1133247,36676,34321,423,34744,301
2020-12-19,Del Norte,15,27424,671,641,0,641,2
2020-12-19,El Dorado,17,186661,5428,4588,215,4803,10
2020-12-19,Fresno,19,978130,62251,55428,3849,59277,634
2020-12-19,Glenn,21,27897,1396,1286,202,1488,9
2020-12-19,Humboldt,23,135768,1531,1357,6,1363,15
2020-12-19,Imperial,25,180216,21697,20711,950,21661,395
2020-12-19,Inyo,27,18085,577,475,1,476,17
2020-12-19,Kern,29,883053,60272,55118,4103,59221,540
2020-12-19,Kings,31,150075,15228,14474,481,14955,100
2020-12-19,Lake,33,64148,1650,1438,0,1438,20
2020-12-19,Lassen,35,31185,3922,3595,38,3633,1
2020-12-19,Los Angeles,37,10098052,668163,599888,17106,616994,8804
2020-12-19,Madera,39,155013,9627,8717,335,9052,63
2020-12-19,Marin,41,260295,9306,8864,59,8923,142
2020-12-19,Mariposa,43,17540,208,177,2,179,3
2020-12-19,Mendocino,45,87422,2215,2008,20,2028,23
2020-12-19,Merced,47,269075,17347,16230,266,16496,198
2020-12-19,Modoc,49,8938,217,181,66,247,0
2020-12-19,Mono,51,14174,812,766,9,775,3
2020-12-19,Monterey,53,433212,24846,22799,584,23383,172
2020-12-19,Napa,55,140530,5282,4772,23,4795,23
2020-12-19,Nevada,57,99092,2493,2260,77,2337,13
2020-12-19,Orange,59,3164182,140450,125574,5225,130799,1733
2020-12-19,Placer,61,380077,12861,11246,448,11694,105
2020-12-19,Plumas,63,18699,427,343,9,352,0
2020-12-19,Riverside,65,2383286,161193,146703,6655,153358,1737
2020-12-19,Sacramento,67,1510023,59632,55169,490,55659,746
2020-12-19,San Benito,69,59416,3164,2820,25,2845,21
2020-12-19,San Bernardino,71,2135413,175471,159883,4393,164276,1433
2020-12-19,San Diego,73,3302833,138795,122972,0,122972,1280
2020-12-19,San Francisco,75,870044,21748,20643,200,20843,174
2020-12-19,San Joaquin,77,732212,41389,37340,1260,38600,586
2020-12-19,San Luis Obispo,79,281455,9574,8788,218,9006,63
2020-12-19,San Mateo,81,765935,22918,20393,63,20456,182
2020-12-19,Santa Barbara,83,443738,16103,14667,392,15059,148
2020-12-19,Santa Clara,85,1922200,62277,55540,245,55785,558
2020-12-19,Santa Cruz,87,273765,8084,7054,243,7297,68
2020-12-19,Shasta,89,179085,7610,7221,600,7821,63
2020-12-19,Sierra,91,2930,24,23,0,23,0
2020-12-19,Siskiyou,93,43540,947,853,87,940,2
2020-12-19,Solano,95,438530,16920,15204,167,15371,95
2020-12-19,Sonoma,97,501317,17638,16553,100,16653,175
2020-12-19,Stanislaus,99,539301,31924,29555,2758,32313,498
2020-12-19,Sutter,101,95872,5953,5506,43,5549,41
2020-12-19,Tehama,103,63373,2713,2574,228,2802,9
2020-12-19,Trinity,105,12862,291,219,29,248,2
2020-12-19,Tulare,107,460477,30750,28734,3301,32035,375
2020-12-19,Tuolumne,109,53932,2557,2107,7,2114,12
2020-12-19,Ventura,111,848112,34640,30843,1395,32238,209
2020-12-19,Yolo,113,214977,7787,7025,48,7073,109
2020-12-19,Yuba,115,75493,3492,3168,34,3202,11
2020-12-18,Alameda,1,1643700,46542,42196,795,42991,515
2020-12-18,Alpine,3,1148,66,64,0,64,0
2020-12-18,Amador,5,37829,2126,1727,16,1743,20
2020-12-18,Butte,7,227075,6700,5891,689,6580,81
2020-12-18,Calaveras,9,45235,981,870,0,870,21
2020-12-18,Colusa,11,21464,1165,1068,50,1118,7
2020-12-18,Contra Costa,13,1133247,36395,33610,409,34019,300
2020-12-18,Del Norte,15,27424,666,627,0,627,2
2020-12-18,El Dorado,17,186661,5367,4494,204,4698,10
2020-12-18,Fresno,19,978130,61425,52643,3785,56428,613
2020-12-18,Glenn,21,27897,1380,1264,196,1460,9
2020-12-18,Humboldt,23,135768,1516,1331,6,1337,15
2020-12-18,Imperial,25,180216,21619,20430,903,21333,393
2020-12-18,Inyo,27,18085,557,454,1,455,17
2020-12-18,Kern,29,883053,59616,54220,4017,58237,533
2020-12-18,Kings,31,150075,15103,14284,475,14759,98
2020-12-18,Lake,33,64148,1639,1397,0,1397,20
2020-12-18,Lassen,35,31185,3914,3486,38,3524,1
2020-12-18,Los Angeles,37,10098052,656094,586413,16583,602996,8744
2020-12-18,Madera,39,155013,9525,8609,330,8939,63
2020-12-18,Marin,41,260295,9223,8799,59,8858,142
2020-12-18,Mariposa,43,17540,205,176,2,178,3
2020-12-18,Mendocino,45,87422,2197,1977,20,1997,24
2020-12-18,Merced,47,269075,17266,15956,263,16219,195
2020-12-18,Modoc,49,8938,217,179,66,245,0
2020-12-18,Mono,51,14174,806,731,9,740,3
2020-12-18,Monterey,53,433212,24554,22336,578,22914,165
2020-12-18,Napa,55,140530,5234,4688,23,4711,23
2020-12-18,Nevada,57,99092,2476,2220,76,2296,13
2020-12-18,Orange,59,3164182,138024,121681,5066,126747,1725
2020-12-18,Placer,61,380077,12697,10995,439,11434,104
2020-12-18,Plumas,63,18699,421,336,9,345,0
2020-12-18,Riverside,65,2383286,158376,142375,6380,148755,1733
2020-12-18,Sacramento,67,1510023,59004,53980,472,54452,736
2020-12-18,San Benito,69,59416,3116,2744,25,2769,21
2020-12-18,San Bernardino,71,2135413,173182,154272,4258,158530,1430
2020-12-18,San Diego,73,3302833,136621,120463,0,120463,1253
2020-12-18,San Francisco,75,870044,21581,20315,194,20509,173
2020-12-18,San Joaquin,77,732212,41033,36484,1224,37708,559
2020-12-18,San Luis Obispo,79,281455,9475,8598,213,8811,62
2020-12-18,San Mateo,81,765935,22603,19971,59,20030,182
2020-12-18,Santa Barbara,83,443738,15963,14361,379,14740,148
2020-12-18,Santa Clara,85,1922200,61409,53992,232,54224,539
2020-12-18,Santa Cruz,87,273765,7969,6838,235,7073,68
2020-12-18,Shasta,89,179085,7574,7114,588,7702,62
2020-12-18,Sierra,91,2930,24,23,0,23,0
2020-12-18,Siskiyou,93,43540,945,840,87,927,2
2020-12-18,Solano,95,438530,16768,14667,163,14830,95
2020-12-18,Sonoma,97,501317,17518,16261,100,16361,173
2020-12-18,Stanislaus,99,539301,31655,28967,2719,31686,490
2020-12-18,Sutter,101,95872,5869,5399,43,5442,39
2020-12-18,Tehama,103,63373,2696,2523,219,2742,9
2020-12-18,Trinity,105,12862,290,215,29,244,2
2020-12-18,Tulare,107,460477,30484,28322,3215,31537,370
2020-12-18,Tuolumne,109,53932,2546,2067,7,2074,12
2020-12-18,Ventura,111,848112,34139,29907,1351,31258,209
2020-12-18,Yolo,113,214977,7719,6901,47,6948,109
2020-12-18,Yuba,115,75493,3434,3097,34,3131,11
2020-12-17,Alameda,1,1643700,45742,41548,762,42310,508
2020-12-17,Alpine,3,1148,66,64,0,64,0
2020-12-17,Amador,5,37829,2078,1703,14,1717,19
2020-12-17,Butte,7,227075,6576,5746,669,6415,78
2020-12-17,Calaveras,9,45235,958,848,0,848,21
2020-12-17,Colusa,11,21464,1154,1053,48,1101,7
2020-12-17,Contra Costa,13,1133247,35874,33006,374,33380,293
2020-12-17,Del Norte,15,27424,661,583,0,583,1
2020-12-17,El Dorado,17,186661,5224,4327,191,4518,9
2020-12-17,Fresno,19,978130,60567,49918,3656,53574,597
2020-12-17,Glenn,21,27897,1356,1244,189,1433,9
2020-12-17,Humboldt,23,135768,1483,1322,6,1328,14
2020-12-17,Imperial,25,180216,21461,20208,825,21033,391
2020-12-17,Inyo,27,18085,539,450,1,451,16
2020-12-17,Kern,29,883053,58668,53683,3876,57559,526
2020-12-17,Kings,31,150075,15004,14057,459,14516,98
2020-12-17,Lake,33,64148,1614,1374,0,1374,20
2020-12-17,Lassen,35,31185,3878,3417,38,3455,1
2020-12-17,Los Angeles,37,10098052,640533,571093,15995,587088,8657
2020-12-17,Madera,39,155013,9409,8465,325,8790,62
2020-12-17,Marin,41,260295,9166,8721,56,8777,142
2020-12-17,Mariposa,43,17540,201,172,2,174,3
2020-12-17,Mendocino,45,87422,2163,1942,20,1962,23
2020-12-17,Merced,47,269075,17003,15648,255,15903,192
2020-12-17,Modoc,49,8938,214,179,66,245,0
2020-12-17,Mono,51,14174,797,718,9,727,3
2020-12-17,Monterey,53,433212,24035,21951,563,22514,163
2020-12-17,Napa,55,140530,5122,4612,23,4635,23
2020-12-17,Nevada,57,99092,2435,2173,73,2246,13
2020-12-17,Orange,59,3164182,134647,118367,4930,123297,1725
2020-12-17,Placer,61,380077,12429,10756,425,11181,99
2020-12-17,Plumas,63,18699,412,324,9,333,0
2020-12-17,Riverside,65,2383286,154535,139325,6156,145481,1696
2020-12-17,Sacramento,67,1510023,58102,53189,449,53638,721
2020-12-17,San Benito,69,59416,3047,2645,24,2669,20
2020-12-17,San Bernardino,71,2135413,169266,149838,4133,153971,1425
2020-12-17,San Diego,73,3302833,133827,116852,0,116852,1239
2020-12-17,San Francisco,75,870044,21292,19939,189,20128,170
2020-12-17,San Joaquin,77,732212,40305,35894,1187,37081,554
2020-12-17,San Luis Obispo,79,281455,9355,8365,211,8576,59
2020-12-17,San Mateo,81,765935,22231,19647,59,19706,181
2020-12-17,Santa Barbara,83,443738,15730,14207,372,14579,147
2020-12-17,Santa Clara,85,1922200,60241,52559,225,52784,527
2020-12-17,Santa Cruz,87,273765,7814,6687,220,6907,64
2020-12-17,Shasta,89,179085,7498,7000,569,7569,62
2020-12-17,Sierra,91,2930,23,23,0,23,0
2020-12-17,Siskiyou,93,43540,938,827,86,913,2
2020-12-17,Solano,95,438530,16461,14361,161,14522,96
2020-12-17,Sonoma,97,501317,17246,15993,99,16092,171
2020-12-17,Stanislaus,99,539301,31232,28582,2658,31240,489
2020-12-17,Sutter,101,95872,5770,5309,42,5351,39
2020-12-17,Tehama,103,63373,2648,2480,213,2693,9
2020-12-17,Trinity,105,12862,286,213,29,242,2
2020-12-17,Tulare,107,460477,30092,27852,3134,30986,358
2020-12-17,Tuolumne,109,53932,2235,1992,7,1999,11
2020-12-17,Ventura,111,848112,33532,29404,1313,30717,208
2020-12-17,Yolo,113,214977,7595,6800,46,6846,105
2020-12-17,Yuba,115,75493,3375,3035,32,3067,12
2020-12-16,Alameda,1,1643700,44889,40751,734,41485,497
2020-12-16,Alpine,3,1148,66,64,0,64,0
2020-12-16,Amador,5,37829,2031,1693,13,1706,19
2020-12-16,Butte,7,227075,6385,5659,639,6298,76
2020-12-16,Calaveras,9,45235,923,821,0,821,21
2020-12-16,Colusa,11,21464,1141,1038,43,1081,7
2020-12-16,Contra Costa,13,1133247,35320,32429,351,32780,293
2020-12-16,Del Norte,15,27424,659,575,0,575,1
2020-12-16,El Dorado,17,186661,5103,4237,180,4417,9
2020-12-16,Fresno,19,978130,59614,49173,3552,52725,584
2020-12-16,Glenn,21,27897,1338,1236,178,1414,9
2020-12-16,Humboldt,23,135768,1451,1308,5,1313,12
2020-12-16,Imperial,25,180216,21281,19980,754,20734,388
2020-12-16,Inyo,27,18085,526,444,1,445,16
2020-12-16,Kern,29,883053,57798,52896,3739,56635,522
2020-12-16,Kings,31,150075,14825,13734,441,14175,99
2020-12-16,Lake,33,64148,1574,1363,0,1363,20
2020-12-16,Lassen,35,31185,3845,3396,37,3433,1
2020-12-16,Los Angeles,37,10098052,624074,557907,15288,573195,8561
2020-12-16,Madera,39,155013,9284,8278,317,8595,62
2020-12-16,Marin,41,260295,9096,8641,56,8697,142
2020-12-16,Mariposa,43,17540,198,175,2,177,3
2020-12-16,Mendocino,45,87422,2127,1929,20,1949,23
2020-12-16,Merced,47,269075,16716,15443,251,15694,190
2020-12-16,Modoc,49,8938,211,178,66,244,0
2020-12-16,Mono,51,14174,780,702,9,711,3
2020-12-16,Monterey,53,433212,23478,21107,552,21659,163
2020-12-16,Napa,55,140530,5024,4544,23,4567,23
2020-12-16,Nevada,57,99092,2399,2149,71,2220,13
2020-12-16,Orange,59,3164182,131185,115260,4750,120010,1712
2020-12-16,Placer,61,380077,12198,10554,403,10957,96
2020-12-16,Plumas,63,18699,403,319,9,328,0
2020-12-16,Riverside,65,2383286,150425,135751,5898,141649,1664
2020-12-16,Sacramento,67,1510023,57131,52166,422,52588,715
2020-12-16,San Benito,69,59416,2957,2582,24,2606,20
2020-12-16,San Bernardino,71,2135413,164665,143565,3994,147559,1403
2020-12-16,San Diego,73,3302833,130727,114248,0,114248,1217
2020-12-16,San Francisco,75,870044,21034,19624,188,19812,170
2020-12-16,San Joaquin,77,732212,39481,35010,1145,36155,547
2020-12-16,San Luis Obispo,79,281455,9160,8252,202,8454,58
2020-12-16,San Mateo,81,765935,21905,19292,55,19347,179
2020-12-16,Santa Barbara,83,443738,15488,13966,359,14325,144
2020-12-16,Santa Clara,85,1922200,59002,51502,222,51724,523
2020-12-16,Santa Cruz,87,273765,7629,6536,208,6744,63
2020-12-16,Shasta,89,179085,7426,6914,547,7461,62
2020-12-16,Sierra,91,2930,23,23,0,23,0
2020-12-16,Siskiyou,93,43540,930,818,86,904,2
2020-12-16,Solano,95,438530,15996,14157,156,14313,96
2020-12-16,Sonoma,97,501317,16990,15768,99,15867,170
2020-12-16,Stanislaus,99,539301,30729,28279,2584,30863,489
2020-12-16,Sutter,101,95872,5690,5223,42,5265,39
2020-12-16,Tehama,103,63373,2617,2441,187,2628,9
2020-12-16,Trinity,105,12862,281,212,29,241,2
2020-12-16,Tulare,107,460477,29681,27500,3027,30527,352
2020-12-16,Tuolumne,109,53932,2189,1941,7,1948,11
2020-12-16,Ventura,111,848112,32760,28566,1268,29834,203
2020-12-16,Yolo,113,214977,7466,6649,45,6694,103
2020-12-16,Yuba,115,75493,3289,2980,31,3011,11
2020-12-15,Alameda,1,1643700,44035,40026,711,40737,492
2020-12-15,Alpine,3,1148,66,64,0,64,0
2020-12-15,Amador,5,37829,1918,1669,11,1680,19
2020-12-15,Butte,7,227075,6249,5565,607,6172,75
2020-12-15,Calaveras,9,45235,891,799,0,799,21
2020-12-15,Colusa,11,21464,1128,1026,41,1067,7
2020-12-15,Contra Costa,13,1133247,34667,31423,335,31758,281
2020-12-15,Del Norte,15,27424,648,564,0,564,1
2020-12-15,El Dorado,17,186661,4998,4113,164,4277,9
2020-12-15,Fresno,19,978130,58248,47316,3413,50729,574
2020-12-15,Glenn,21,27897,1325,1207,161,1368,9
2020-12-15,Humboldt,23,135768,1431,1276,5,1281,12
2020-12-15,Imperial,25,180216,21064,19756,671,20427,380
2020-12-15,Inyo,27,18085,513,394,1,395,16
2020-12-15,Kern,29,883053,56786,52002,3634,55636,511
2020-12-15,Kings,31,150075,14661,13652,422,14074,97
2020-12-15,Lake,33,64148,1549,1341,0,1341,21
2020-12-15,Lassen,35,31185,3673,3378,36,3414,1
2020-12-15,Los Angeles,37,10098052,607779,536258,14613,550871,8429
2020-12-15,Madera,39,155013,9128,8118,308,8426,60
2020-12-15,Marin,41,260295,8989,8528,54,8582,141
2020-12-15,Mariposa,43,17540,194,171,2,173,3
2020-12-15,Mendocino,45,87422,2100,1883,20,1903,24
2020-12-15,Merced,47,269075,16413,15120,247,15367,190
2020-12-15,Modoc,49,8938,209,179,66,245,0
2020-12-15,Mono,51,14174,764,702,9,711,3
2020-12-15,Monterey,53,433212,22879,19905,489,20394,161
2020-12-15,Napa,55,140530,4920,4440,23,4463,23
2020-12-15,Nevada,57,99092,2366,2117,69,2186,11
2020-12-15,Orange,59,3164182,127535,112893,4593,117486,1689
2020-12-15,Placer,61,380077,11969,10301,381,10682,95
2020-12-15,Plumas,63,18699,398,313,9,322,0
2020-12-15,Riverside,65,2383286,146389,131822,5611,137433,1624
2020-12-15,Sacramento,67,1510023,56116,51076,409,51485,703
2020-12-15,San Benito,69,59416,2877,2520,23,2543,19
2020-12-15,San Bernardino,71,2135413,160225,137548,3829,141377,1351
2020-12-15,San Diego,73,3302833,127167,111441,0,111441,1194
2020-12-15,San Francisco,75,870044,20725,19283,185,19468,171
2020-12-15,San Joaquin,77,732212,38557,33849,1108,34957,537
2020-12-15,San Luis Obispo,79,281455,9051,8074,199,8273,55
2020-12-15,San Mateo,81,765935,21496,18907,53,18960,178
2020-12-15,Santa Barbara,83,443738,15269,13782,350,14132,144
2020-12-15,Santa Clara,85,1922200,57568,50311,218,50529,505
2020-12-15,Santa Cruz,87,273765,7445,6361,192,6553,59
2020-12-15,Shasta,89,179085,7369,6794,521,7315,54
2020-12-15,Sierra,91,2930,23,23,0,23,0
2020-12-15,Siskiyou,93,43540,921,812,85,897,2
2020-12-15,Solano,95,438530,15647,13796,156,13952,95
2020-12-15,Sonoma,97,501317,16768,15406,99,15505,167
2020-12-15,Stanislaus,99,539301,30219,27823,2497,30320,485
2020-12-15,Sutter,101,95872,5593,5080,41,5121,36
2020-12-15,Tehama,103,63373,2580,2392,182,2574,9
2020-12-15,Trinity,105,12862,276,213,27,240,1
2020-12-15,Tulare,107,460477,29185,27026,2936,29962,342
2020-12-15,Tuolumne,109,53932,2158,1874,7,1881,8
2020-12-15,Ventura,111,848112,32139,27936,1220,29156,201
2020-12-15,Yolo,113,214977,7344,6531,43,6574,104
2020-12-15,Yuba,115,75493,3195,2891,30,2921,11
2020-12-14,Alameda,1,1643700,43141,39252,691,39943,487
2020-12-14,Alpine,3,1148,66,63,0,63,0
2020-12-14,Amador,5,37829,1846,1609,11,1620,19
2020-12-14,Butte,7,227075,6081,5202,590,5792,75
2020-12-14,Calaveras,9,45235,853,718,0,718,21
2020-12-14,Colusa,11,21464,1104,949,40,989,7
2020-12-14,Contra Costa,13,1133247,33969,30594,320,30914,281
2020-12-14,Del Norte,15,27424,642,560,0,560,1
2020-12-14,El Dorado,17,186661,4843,4018,147,4165,9
2020-12-14,Fresno,19,978130,57230,44726,3226,47952,560
2020-12-14,Glenn,21,27897,1299,1186,153,1339,9
2020-12-14,Humboldt,23,135768,1418,1256,5,1261,9
2020-12-14,Imperial,25,180216,20826,19608,589,20197,379
2020-12-14,Inyo,27,18085,499,382,1,383,16
2020-12-14,Kern,29,883053,55755,50538,3507,54045,510
2020-12-14,Kings,31,150075,14478,13491,393,13884,97
2020-12-14,Lake,33,64148,1498,1301,0,1301,21
2020-12-14,Lassen,35,31185,3574,2905,33,2938,1
2020-12-14,Los Angeles,37,10098052,590214,524668,13947,538615,8340
2020-12-14,Madera,39,155013,8855,8011,299,8310,60
2020-12-14,Marin,41,260295,8904,8475,52,8527,141
2020-12-14,Mariposa,43,17540,193,171,2,173,3
2020-12-14,Mendocino,45,87422,2079,1845,20,1865,24
2020-12-14,Merced,47,269075,16011,14572,233,14805,189
2020-12-14,Modoc,49,8938,204,180,64,244,0
2020-12-14,Mono,51,14174,756,685,9,694,3
2020-12-14,Monterey,53,433212,22362,19154,482,19636,155
2020-12-14,Napa,55,140530,4827,4289,23,4312,22
2020-12-14,Nevada,57,99092,2327,2070,66,2136,11
2020-12-14,Orange,59,3164182,123666,108602,4453,113055,1688
2020-12-14,Placer,61,380077,11676,9551,370,9921,95
2020-12-14,Plumas,63,18699,386,309,9,318,0
2020-12-14,Riverside,65,2383286,142279,123715,5341,129056,1588
2020-12-14,Sacramento,67,1510023,55008,50304,383,50687,691
2020-12-14,San Benito,69,59416,2810,2467,22,2489,19
2020-12-14,San Bernardino,71,2135413,155803,129151,3691,132842,1347
2020-12-14,San Diego,73,3302833,123436,109578,0,109578,1162
2020-12-14,San Francisco,75,870044,20350,18904,183,19087,171
2020-12-14,San Joaquin,77,732212,37717,32522,1059,33581,534
2020-12-14,San Luis Obispo,79,281455,8804,7791,193,7984,52
2020-12-14,San Mateo,81,765935,20996,18361,51,18412,178
2020-12-14,Santa Barbara,83,443738,14998,13587,343,13930,144
2020-12-14,Santa Clara,85,1922200,56009,49180,206,49386,502
2020-12-14,Santa Cruz,87,273765,7259,6049,176,6225,54
2020-12-14,Shasta,89,179085,7281,6665,503,7168,54
2020-12-14,Sierra,91,2930,23,21,0,21,0
2020-12-14,Siskiyou,93,43540,898,764,79,843,2
2020-12-14,Solano,95,438530,15283,13352,154,13506,93
2020-12-14,Sonoma,97,501317,16462,14807,98,14905,167
2020-12-14,Stanislaus,99,539301,29689,27311,2446,29757,485
2020-12-14,Sutter,101,95872,5485,5001,34,5035,35
2020-12-14,Tehama,103,63373,2533,2344,179,2523,9
2020-12-14,Trinity,105,12862,273,205,25,230,1
2020-12-14,Tulare,107,460477,28713,25735,2837,28572,341
2020-12-14,Tuolumne,109,53932,2101,1647,7,1654,8
2020-12-14,Ventura,111,848112,31219,27436,1157,28593,202
2020-12-14,Yolo,113,214977,7183,6389,42,6431,95
2020-12-14,Yuba,115,75493,3133,2851,30,2881,11
2020-12-13,Alameda,1,1643700,41950,38064,664,38728,486
2020-12-13,Alpine,3,1148,66,63,0,63,0
2020-12-13,Amador,5,37829,1790,1457,10,1467,19
2020-12-13,Butte,7,227075,5932,5103,545,5648,75
2020-12-13,Calaveras,9,45235,817,710,0,710,21
2020-12-13,Colusa,11,21464,1088,945,36,981,7
2020-12-13,Contra Costa,13,1133247,33242,29667,312,29979,281
2020-12-13,Del Norte,15,27424,589,542,0,542,1
2020-12-13,El Dorado,17,186661,4745,3770,135,3905,9
2020-12-13,Fresno,19,978130,56128,44114,3058,47172,559
2020-12-13,Glenn,21,27897,1286,1171,142,1313,9
2020-12-13,Humboldt,23,135768,1395,1238,4,1242,9
2020-12-13,Imperial,25,180216,20543,19472,449,19921,379
2020-12-13,Inyo,27,18085,478,380,1,381,16
2020-12-13,Kern,29,883053,54736,49051,3345,52396,510
2020-12-13,Kings,31,150075,14201,13357,372,13729,97
2020-12-13,Lake,33,64148,1455,1271,0,1271,21
2020-12-13,Lassen,35,31185,3467,2867,28,2895,1
2020-12-13,Los Angeles,37,10098052,572703,517472,13198,530670,8294
2020-12-13,Madera,39,155013,8671,7909,284,8193,60
2020-12-13,Marin,41,260295,8782,8409,52,8461,141
2020-12-13,Mariposa,43,17540,189,167,2,169,3
2020-12-13,Mendocino,45,87422,2045,1793,20,1813,24
2020-12-13,Merced,47,269075,15661,14384,230,14614,189
2020-12-13,Modoc,49,8938,192,179,58,237,0
2020-12-13,Mono,51,14174,740,675,9,684,3
2020-12-13,Monterey,53,433212,21940,18913,466,19379,153
2020-12-13,Napa,55,140530,4721,4194,23,4217,22
2020-12-13,Nevada,57,99092,2276,2030,64,2094,11
2020-12-13,Orange,59,3164182,119762,104768,4264,109032,1688
2020-12-13,Placer,61,380077,11364,9405,352,9757,95
2020-12-13,Plumas,63,18699,380,291,9,300,0
2020-12-13,Riverside,65,2383286,138175,119691,5063,124754,1581
2020-12-13,Sacramento,67,1510023,53746,49480,352,49832,682
2020-12-13,San Benito,69,59416,2738,2408,21,2429,19
2020-12-13,San Bernardino,71,2135413,150924,126718,3522,130240,1333
2020-12-13,San Diego,73,3302833,119841,107372,0,107372,1162
2020-12-13,San Francisco,75,870044,20007,18686,173,18859,167
2020-12-13,San Joaquin,77,732212,36917,32170,1016,33186,534
2020-12-13,San Luis Obispo,79,281455,8612,7625,185,7810,52
2020-12-13,San Mateo,81,765935,20505,18090,45,18135,177
2020-12-13,Santa Barbara,83,443738,14733,13249,326,13575,144
2020-12-13,Santa Clara,85,1922200,54582,47920,197,48117,499
2020-12-13,Santa Cruz,87,273765,7011,5986,165,6151,54
2020-12-13,Shasta,89,179085,7207,6647,477,7124,54
2020-12-13,Sierra,91,2930,23,21,0,21,0
2020-12-13,Siskiyou,93,43540,886,762,74,836,2
2020-12-13,Solano,95,438530,14844,13276,151,13427,93
2020-12-13,Sonoma,97,501317,16147,14495,97,14592,167
2020-12-13,Stanislaus,99,539301,29128,26569,2379,28948,485
2020-12-13,Sutter,101,95872,5358,4798,29,4827,34
2020-12-13,Tehama,103,63373,2489,2325,162,2487,9
2020-12-13,Trinity,105,12862,269,204,24,228,1
2020-12-13,Tulare,107,460477,28221,25496,2742,28238,340
2020-12-13,Tuolumne,109,53932,2038,1611,7,1618,8
2020-12-13,Ventura,111,848112,30220,26588,1091,27679,202
2020-12-13,Yolo,113,214977,7001,6265,35,6300,95
2020-12-13,Yuba,115,75493,3068,2754,27,2781,11
2020-12-12,Alameda,1,1643700,41514,37027,643,37670,486
2020-12-12,Alpine,3,1148,66,63,0,63,0
2020-12-12,Amador,5,37829,1762,1236,9,1245,19
2020-12-12,Butte,7,227075,5860,4972,531,5503,73
2020-12-12,Calaveras,9,45235,807,708,0,708,21
2020-12-12,Colusa,11,21464,1068,945,34,979,7
2020-12-12,Contra Costa,13,1133247,32899,29506,302,29808,281
2020-12-12,Del Norte,15,27424,581,529,0,529,1
2020-12-12,El Dorado,17,186661,4670,3706,117,3823,9
2020-12-12,Fresno,19,978130,55778,43756,2997,46753,559
2020-12-12,Glenn,21,27897,1278,1143,138,1281,8
2020-12-12,Humboldt,23,135768,1376,1208,4,1212,9
2020-12-12,Imperial,25,180216,20462,18947,388,19335,379
2020-12-12,Inyo,27,18085,474,380,1,381,16
2020-12-12,Kern,29,883053,54221,48194,3253,51447,507
2020-12-12,Kings,31,150075,14114,13205,367,13572,96
2020-12-12,Lake,33,64148,1438,1232,0,1232,21
2020-12-12,Lassen,35,31185,3445,2866,24,2890,1
2020-12-12,Los Angeles,37,10098052,565958,504317,12660,516977,8269
2020-12-12,Madera,39,155013,8548,7765,281,8046,59
2020-12-12,Marin,41,260295,8726,8363,51,8414,141
2020-12-12,Mariposa,43,17540,188,164,2,166,3
2020-12-12,Mendocino,45,87422,2009,1771,20,1791,24
2020-12-12,Merced,47,269075,15571,14181,226,14407,188
2020-12-12,Modoc,49,8938,191,169,55,224,0
2020-12-12,Mono,51,14174,733,640,9,649,3
2020-12-12,Monterey,53,433212,21829,18596,437,19033,151
2020-12-12,Napa,55,140530,4677,4113,23,4136,22
2020-12-12,Nevada,57,99092,2258,1981,62,2043,10
2020-12-12,Orange,59,3164182,117898,100468,4106,104574,1674
2020-12-12,Placer,61,380077,11206,9390,346,9736,95
2020-12-12,Plumas,63,18699,374,291,9,300,0
2020-12-12,Riverside,65,2383286,136130,118335,4845,123180,1579
2020-12-12,Sacramento,67,1510023,53164,48319,337,48656,673
2020-12-12,San Benito,69,59416,2682,2355,21,2376,19
2020-12-12,San Bernardino,71,2135413,149306,125741,3410,129151,1321
2020-12-12,San Diego,73,3302833,118221,104958,0,104958,1151
2020-12-12,San Francisco,75,870044,19818,18413,169,18582,167
2020-12-12,San Joaquin,77,732212,36592,32200,983,33183,534
2020-12-12,San Luis Obispo,79,281455,8517,7462,176,7638,50
2020-12-12,San Mateo,81,765935,20285,17574,44,17618,177
2020-12-12,Santa Barbara,83,443738,14581,13174,318,13492,144
2020-12-12,Santa Clara,85,1922200,53628,45892,194,46086,498
2020-12-12,Santa Cruz,87,273765,6912,5905,155,6060,54
2020-12-12,Shasta,89,179085,7172,6551,459,7010,54
2020-12-12,Sierra,91,2930,23,21,0,21,0
2020-12-12,Siskiyou,93,43540,884,762,71,833,2
2020-12-12,Solano,95,438530,14647,12748,144,12892,93
2020-12-12,Sonoma,97,501317,16028,14466,97,14563,166
2020-12-12,Stanislaus,99,539301,28827,26246,2322,28568,483
2020-12-12,Sutter,101,95872,5296,4717,29,4746,32
2020-12-12,Tehama,103,63373,2473,2252,156,2408,9
2020-12-12,Trinity,105,12862,267,204,22,226,1
2020-12-12,Tulare,107,460477,27959,25333,2683,28016,341
2020-12-12,Tuolumne,109,53932,1995,1536,7,1543,8
2020-12-12,Ventura,111,848112,29776,25955,1058,27013,202
2020-12-12,Yolo,113,214977,6918,6116,33,6149,95
2020-12-12,Yuba,115,75493,3041,2692,26,2718,10
2020-12-11,Alameda,1,1643700,40946,36281,631,36912,482
2020-12-11,Alpine,3,1148,66,63,0,63,0
2020-12-11,Amador,5,37829,1747,1213,8,1221,19
2020-12-11,Butte,7,227075,5789,4941,510,5451,73
2020-12-11,Calaveras,9,45235,791,697,0,697,21
2020-12-11,Colusa,11,21464,1058,923,32,955,7
2020-12-11,Contra Costa,13,1133247,32470,29036,298,29334,282
2020-12-11,Del Norte,15,27424,575,505,0,505,1
2020-12-11,El Dorado,17,186661,4589,3669,102,3771,9
2020-12-11,Fresno,19,978130,54769,43071,2930,46001,550
2020-12-11,Glenn,21,27897,1262,1135,133,1268,8
2020-12-11,Humboldt,23,135768,1359,1190,4,1194,9
2020-12-11,Imperial,25,180216,20374,18599,340,18939,377
2020-12-11,Inyo,27,18085,462,372,1,373,16
2020-12-11,Kern,29,883053,53549,47664,3186,50850,502
2020-12-11,Kings,31,150075,13972,13118,361,13479,94
2020-12-11,Lake,33,64148,1426,1205,0,1205,21
2020-12-11,Lassen,35,31185,3434,2790,22,2812,1
2020-12-11,Los Angeles,37,10098052,554204,493592,12228,505820,8198
2020-12-11,Madera,39,155013,8458,7648,271,7919,59
2020-12-11,Marin,41,260295,8631,8317,50,8367,141
2020-12-11,Mariposa,43,17540,187,164,2,166,3
2020-12-11,Mendocino,45,87422,1986,1769,20,1789,24
2020-12-11,Merced,47,269075,15452,14038,218,14256,186
2020-12-11,Modoc,49,8938,191,168,54,222,0
2020-12-11,Mono,51,14174,724,631,9,640,3
2020-12-11,Monterey,53,433212,21528,18421,432,18853,150
2020-12-11,Napa,55,140530,4621,4054,23,4077,22
2020-12-11,Nevada,57,99092,2241,1959,59,2018,10
2020-12-11,Orange,59,3164182,115599,98357,4002,102359,1656
2020-12-11,Placer,61,380077,11050,8904,330,9234,93
2020-12-11,Plumas,63,18699,366,286,9,295,0
2020-12-11,Riverside,65,2383286,133080,115329,4613,119942,1573
2020-12-11,Sacramento,67,1510023,52499,47468,328,47796,669
2020-12-11,San Benito,69,59416,2631,2319,21,2340,19
2020-12-11,San Bernardino,71,2135413,146628,123092,3284,126376,1313
2020-12-11,San Diego,73,3302833,116264,102468,0,102468,1137
2020-12-11,San Francisco,75,870044,19588,18246,168,18414,165
2020-12-11,San Joaquin,77,732212,36249,32044,954,32998,534
2020-12-11,San Luis Obispo,79,281455,8357,7415,173,7588,49
2020-12-11,San Mateo,81,765935,20013,17240,33,17273,177
2020-12-11,Santa Barbara,83,443738,14439,12997,310,13307,144
2020-12-11,Santa Clara,85,1922200,52621,45101,184,45285,494
2020-12-11,Santa Cruz,87,273765,6800,5764,144,5908,50
2020-12-11,Shasta,89,179085,7127,6459,452,6911,54
2020-12-11,Sierra,91,2930,23,19,0,19,0
2020-12-11,Siskiyou,93,43540,877,753,68,821,2
2020-12-11,Solano,95,438530,14461,12554,140,12694,92
2020-12-11,Sonoma,97,501317,15863,14298,94,14392,166
2020-12-11,Stanislaus,99,539301,28561,25928,2276,28204,464
2020-12-11,Sutter,101,95872,5232,4600,28,4628,30
2020-12-11,Tehama,103,63373,2444,2232,152,2384,9
2020-12-11,Trinity,105,12862,265,204,21,225,1
2020-12-11,Tulare,107,460477,27604,24953,2633,27586,338
2020-12-11,Tuolumne,109,53932,1980,1510,7,1517,8
2020-12-11,Ventura,111,848112,29170,24999,1035,26034,202
2020-12-11,Yolo,113,214977,6813,6006,31,6037,95
2020-12-11,Yuba,115,75493,2980,2649,25,2674,10
2020-12-10,Alameda,1,1643700,40178,35686,609,36295,477
2020-12-10,Alpine,3,1148,66,63,0,63,0
2020-12-10,Amador,5,37829,1690,1191,8,1199,18
2020-12-10,Butte,7,227075,5673,4863,483,5346,72
2020-12-10,Calaveras,9,45235,772,684,0,684,21
2020-12-10,Colusa,11,21464,1035,909,27,936,7
2020-12-10,Contra Costa,13,1133247,31788,28413,292,28705,276
2020-12-10,Del Norte,15,27424,566,501,0,501,1
2020-12-10,El Dorado,17,186661,4470,3557,97,3654,9
2020-12-10,Fresno,19,978130,53791,42461,2783,45244,540
2020-12-10,Glenn,21,27897,1242,1126,124,1250,8
2020-12-10,Humboldt,23,135768,1339,1140,4,1144,9
2020-12-10,Imperial,25,180216,20160,18333,259,18592,370
2020-12-10,Inyo,27,18085,441,365,1,366,15
2020-12-10,Kern,29,883053,52570,47176,3016,50192,499
2020-12-10,Kings,31,150075,13821,12993,355,13348,92
2020-12-10,Lake,33,64148,1385,1167,0,1167,21
2020-12-10,Lassen,35,31185,3412,2764,18,2782,0
2020-12-10,Los Angeles,37,10098052,540294,480354,11672,492026,8149
2020-12-10,Madera,39,155013,8353,7445,256,7701,59
2020-12-10,Marin,41,260295,8585,8245,49,8294,140
2020-12-10,Mariposa,43,17540,186,160,2,162,3
2020-12-10,Mendocino,45,87422,1960,1748,17,1765,24
2020-12-10,Merced,47,269075,15206,13756,215,13971,186
2020-12-10,Modoc,49,8938,186,165,52,217,0
2020-12-10,Mono,51,14174,718,601,9,610,3
2020-12-10,Monterey,53,433212,21051,18266,422,18688,145
2020-12-10,Napa,55,140530,4535,3974,22,3996,22
2020-12-10,Nevada,57,99092,2204,1919,59,1978,10
2020-12-10,Orange,59,3164182,112513,95297,3829,99126,1651
2020-12-10,Placer,61,380077,10799,8906,311,9217,90
2020-12-10,Plumas,63,18699,355,281,9,290,0
2020-12-10,Riverside,65,2383286,129409,112794,4334,117128,1552
2020-12-10,Sacramento,67,1510023,51606,46471,307,46778,664
2020-12-10,San Benito,69,59416,2572,2268,20,2288,19
2020-12-10,San Bernardino,71,2135413,142420,120186,3095,123281,1306
2020-12-10,San Diego,73,3302833,113740,99601,0,99601,1114
2020-12-10,San Francisco,75,870044,19274,17945,160,18105,164
2020-12-10,San Joaquin,77,732212,35617,31228,923,32151,534
2020-12-10,San Luis Obispo,79,281455,8193,7245,162,7407,49
2020-12-10,San Mateo,81,765935,19571,16701,23,16724,177
2020-12-10,Santa Barbara,83,443738,14263,12788,300,13088,143
2020-12-10,Santa Clara,85,1922200,51485,43939,168,44107,491
2020-12-10,Santa Cruz,87,273765,6627,5645,130,5775,48
2020-12-10,Shasta,89,179085,7058,6312,426,6738,53
2020-12-10,Sierra,91,2930,23,18,0,18,0
2020-12-10,Siskiyou,93,43540,867,712,67,779,2
2020-12-10,Solano,95,438530,14094,12017,134,12151,90
2020-12-10,Sonoma,97,501317,15608,14282,93,14375,167
2020-12-10,Stanislaus,99,539301,28093,25582,2206,27788,464
2020-12-10,Sutter,101,95872,5101,4528,26,4554,27
2020-12-10,Tehama,103,63373,2396,2190,141,2331,9
2020-12-10,Trinity,105,12862,262,202,20,222,1
2020-12-10,Tulare,107,460477,27158,24506,2568,27074,337
2020-12-10,Tuolumne,109,53932,1721,1451,7,1458,8
2020-12-10,Ventura,111,848112,28318,24075,991,25066,202
2020-12-10,Yolo,113,214977,6692,5896,30,5926,95
2020-12-10,Yuba,115,75493,2916,2604,24,2628,10
2020-12-09,Alameda,1,1643700,39335,35047,587,35634,470
2020-12-09,Alpine,3,1148,66,58,0,58,0
2020-12-09,Amador,5,37829,1647,1121,8,1129,19
2020-12-09,Butte,7,227075,5532,4733,460,5193,70
2020-12-09,Calaveras,9,45235,744,670,0,670,21
2020-12-09,Colusa,11,21464,1020,896,26,922,7
2020-12-09,Contra Costa,13,1133247,31084,28308,280,28588,273
2020-12-09,Del Norte,15,27424,552,481,0,481,2
2020-12-09,El Dorado,17,186661,4334,3449,89,3538,8
2020-12-09,Fresno,19,978130,52795,41954,2624,44578,533
2020-12-09,Glenn,21,27897,1228,1107,118,1225,8
2020-12-09,Humboldt,23,135768,1307,1086,4,1090,10
2020-12-09,Imperial,25,180216,19901,17757,220,17977,368
2020-12-09,Inyo,27,18085,427,356,1,357,15
2020-12-09,Kern,29,883053,51417,46379,2868,49247,494
2020-12-09,Kings,31,150075,13676,12716,346,13062,92
2020-12-09,Lake,33,64148,1358,1158,0,1158,20
2020-12-09,Lassen,35,31185,3343,2331,16,2347,0
2020-12-09,Los Angeles,37,10098052,526870,467971,11098,479069,8075
2020-12-09,Madera,39,155013,8241,7216,251,7467,59
2020-12-09,Marin,41,260295,8526,8182,48,8230,138
2020-12-09,Mariposa,43,17540,184,154,2,156,3
2020-12-09,Mendocino,45,87422,1934,1703,16,1719,24
2020-12-09,Merced,47,269075,14967,13588,207,13795,183
2020-12-09,Modoc,49,8938,181,146,43,189,0
2020-12-09,Mono,51,14174,703,601,9,610,3
2020-12-09,Monterey,53,433212,20657,17891,413,18304,143
2020-12-09,Napa,55,140530,4450,3858,21,3879,21
2020-12-09,Nevada,57,99092,2151,1864,59,1923,10
2020-12-09,Orange,59,3164182,109427,93763,3658,97421,1629
2020-12-09,Placer,61,380077,10531,8588,297,8885,85
2020-12-09,Plumas,63,18699,347,271,9,280,0
2020-12-09,Riverside,65,2383286,125725,110376,4122,114498,1543
2020-12-09,Sacramento,67,1510023,50545,45284,280,45564,659
2020-12-09,San Benito,69,59416,2493,2217,17,2234,19
2020-12-09,San Bernardino,71,2135413,138159,114516,2888,117404,1305
2020-12-09,San Diego,73,3302833,110764,97551,0,97551,1103
2020-12-09,San Francisco,75,870044,18973,17628,159,17787,163
2020-12-09,San Joaquin,77,732212,34795,30539,897,31436,531
2020-12-09,San Luis Obispo,79,281455,7975,7105,154,7259,47
2020-12-09,San Mateo,81,765935,19121,16422,22,16444,175
2020-12-09,Santa Barbara,83,443738,14063,12630,291,12921,142
2020-12-09,Santa Clara,85,1922200,50343,42912,152,43064,489
2020-12-09,Santa Cruz,87,273765,6469,5527,114,5641,47
2020-12-09,Shasta,89,179085,6993,6105,412,6517,52
2020-12-09,Sierra,91,2930,23,18,0,18,0
2020-12-09,Siskiyou,93,43540,856,713,66,779,2
2020-12-09,Solano,95,438530,13748,11862,125,11987,90
2020-12-09,Sonoma,97,501317,15352,13994,90,14084,164
2020-12-09,Stanislaus,99,539301,27594,25157,2144,27301,463
2020-12-09,Sutter,101,95872,4992,4418,22,4440,24
2020-12-09,Tehama,103,63373,2361,2102,138,2240,9
2020-12-09,Trinity,105,12862,254,199,19,218,0
2020-12-09,Tulare,107,460477,26562,24124,2487,26611,334
2020-12-09,Tuolumne,109,53932,1680,1319,7,1326,8
2020-12-09,Ventura,111,848112,27459,23830,947,24777,201
2020-12-09,Yolo,113,214977,6566,5760,28,5788,95
2020-12-09,Yuba,115,75493,2848,2513,23,2536,10
2020-12-08,Alameda,1,1643700,38439,34373,570,34943,469
2020-12-08,Alpine,3,1148,65,53,0,53,0
2020-12-08,Amador,5,37829,1360,1043,8,1051,17
2020-12-08,Butte,7,227075,5376,4651,416,5067,70
2020-12-08,Calaveras,9,45235,720,657,0,657,21
2020-12-08,Colusa,11,21464,1003,875,25,900,6
2020-12-08,Contra Costa,13,1133247,30382,27926,264,28190,270
2020-12-08,Del Norte,15,27424,537,465,0,465,2
2020-12-08,El Dorado,17,186661,4210,3296,77,3373,8
2020-12-08,Fresno,19,978130,51540,41574,2455,44029,529
2020-12-08,Glenn,21,27897,1208,1094,110,1204,8
2020-12-08,Humboldt,23,135768,1281,1059,4,1063,10
2020-12-08,Imperial,25,180216,19382,17568,211,17779,363
2020-12-08,Inyo,27,18085,404,333,1,334,15
2020-12-08,Kern,29,883053,50126,45116,2709,47825,487
2020-12-08,Kings,31,150075,13524,12623,335,12958,90
2020-12-08,Lake,33,64148,1318,1127,0,1127,20
2020-12-08,Lassen,35,31185,3187,2165,16,2181,0
2020-12-08,Los Angeles,37,10098052,514225,459738,10596,470334,8004
2020-12-08,Madera,39,155013,8109,7082,238,7320,59
2020-12-08,Marin,41,260295,8444,8099,47,8146,137
2020-12-08,Mariposa,43,17540,180,150,2,152,2
2020-12-08,Mendocino,45,87422,1892,1666,16,1682,23
2020-12-08,Merced,47,269075,14659,13380,206,13586,181
2020-12-08,Modoc,49,8938,173,138,40,178,0
2020-12-08,Mono,51,14174,684,597,9,606,3
2020-12-08,Monterey,53,433212,20090,17752,406,18158,134
2020-12-08,Napa,55,140530,4362,3778,20,3798,22
2020-12-08,Nevada,57,99092,2097,1809,56,1865,11
2020-12-08,Orange,59,3164182,106228,91406,3487,94893,1629
2020-12-08,Placer,61,380077,10262,8224,291,8515,82
2020-12-08,Plumas,63,18699,337,258,9,267,0
2020-12-08,Riverside,65,2383286,122392,107620,3934,111554,1514
2020-12-08,Sacramento,67,1510023,49478,44635,262,44897,649
2020-12-08,San Benito,69,59416,2437,2180,17,2197,18
2020-12-08,San Bernardino,71,2135413,133817,110676,2759,113435,1301
2020-12-08,San Diego,73,3302833,107394,95447,0,95447,1088
2020-12-08,San Francisco,75,870044,18664,17384,155,17539,162
2020-12-08,San Joaquin,77,732212,33903,30225,863,31088,530
2020-12-08,San Luis Obispo,79,281455,7846,6903,143,7046,45
2020-12-08,San Mateo,81,765935,18723,16305,22,16327,175
2020-12-08,Santa Barbara,83,443738,13879,12516,281,12797,141
2020-12-08,Santa Clara,85,1922200,49040,41309,141,41450,484
2020-12-08,Santa Cruz,87,273765,6292,5374,110,5484,45
2020-12-08,Shasta,89,179085,6884,5946,404,6350,50
2020-12-08,Sierra,91,2930,22,18,0,18,0
2020-12-08,Siskiyou,93,43540,842,704,64,768,2
2020-12-08,Solano,95,438530,13345,11669,123,11792,89
2020-12-08,Sonoma,97,501317,15091,13601,89,13690,164
2020-12-08,Stanislaus,99,539301,27110,24793,2079,26872,461
2020-12-08,Sutter,101,95872,4895,4342,21,4363,24
2020-12-08,Tehama,103,63373,2278,2057,128,2185,9
2020-12-08,Trinity,105,12862,249,198,18,216,0
2020-12-08,Tulare,107,460477,25966,23607,2421,26028,330
2020-12-08,Tuolumne,109,53932,1651,1264,7,1271,7
2020-12-08,Ventura,111,848112,26797,23665,903,24568,195
2020-12-08,Yolo,113,214977,6435,5560,28,5588,90
2020-12-08,Yuba,115,75493,2772,2477,23,2500,10
2020-12-07,Alameda,1,1643700,37575,33887,534,34421,466
2020-12-07,Alpine,3,1148,64,53,0,53,0
2020-12-07,Amador,5,37829,1285,993,7,1000,17
2020-12-07,Butte,7,227075,5240,4604,394,4998,67
2020-12-07,Calaveras,9,45235,688,606,0,606,21
2020-12-07,Colusa,11,21464,978,825,23,848,6
2020-12-07,Contra Costa,13,1133247,29769,27307,251,27558,270
2020-12-07,Del Norte,15,27424,525,424,0,424,2
2020-12-07,El Dorado,17,186661,4030,3275,70,3345,8
2020-12-07,Fresno,19,978130,50075,41098,2327,43425,526
2020-12-07,Glenn,21,27897,1189,1085,104,1189,8
2020-12-07,Humboldt,23,135768,1246,1023,4,1027,9
2020-12-07,Imperial,25,180216,18962,17234,199,17433,364
2020-12-07,Inyo,27,18085,389,333,1,334,15
2020-12-07,Kern,29,883053,49107,44409,2564,46973,486
2020-12-07,Kings,31,150075,13384,12412,322,12734,90
2020-12-07,Lake,33,64148,1289,1090,0,1090,20
2020-12-07,Lassen,35,31185,3090,2167,16,2183,0
2020-12-07,Los Angeles,37,10098052,500603,451052,10129,461181,7937
2020-12-07,Madera,39,155013,7845,6935,232,7167,59
2020-12-07,Marin,41,260295,8387,8049,46,8095,136
2020-12-07,Mariposa,43,17540,177,146,2,148,2
2020-12-07,Mendocino,45,87422,1857,1638,14,1652,23
2020-12-07,Merced,47,269075,14301,13250,196,13446,179
2020-12-07,Modoc,49,8938,166,128,37,165,0
2020-12-07,Mono,51,14174,674,590,9,599,3
2020-12-07,Monterey,53,433212,19609,17746,394,18140,132
2020-12-07,Napa,55,140530,4271,3684,20,3704,21
2020-12-07,Nevada,57,99092,2048,1777,55,1832,11
2020-12-07,Orange,59,3164182,102977,89793,3369,93162,1628
2020-12-07,Placer,61,380077,9937,7911,277,8188,82
2020-12-07,Plumas,63,18699,326,256,5,261,0
2020-12-07,Riverside,65,2383286,119210,102363,3741,106104,1491
2020-12-07,Sacramento,67,1510023,48386,43419,244,43663,638
2020-12-07,San Benito,69,59416,2386,2165,16,2181,18
2020-12-07,San Bernardino,71,2135413,129882,108161,2631,110792,1295
2020-12-07,San Diego,73,3302833,104606,94171,0,94171,1062
2020-12-07,San Francisco,75,870044,18374,17220,147,17367,161
2020-12-07,San Joaquin,77,732212,33028,28188,836,29024,530
2020-12-07,San Luis Obispo,79,281455,7664,6782,136,6918,45
2020-12-07,San Mateo,81,765935,18284,16029,21,16050,175
2020-12-07,Santa Barbara,83,443738,13638,12362,270,12632,141
2020-12-07,Santa Clara,85,1922200,47658,40621,131,40752,484
2020-12-07,Santa Cruz,87,273765,6128,5152,103,5255,41
2020-12-07,Shasta,89,179085,6761,5742,389,6131,50
2020-12-07,Sierra,91,2930,20,18,0,18,0
2020-12-07,Siskiyou,93,43540,816,652,63,715,2
2020-12-07,Solano,95,438530,13006,11354,119,11473,89
2020-12-07,Sonoma,97,501317,14804,13376,89,13465,164
2020-12-07,Stanislaus,99,539301,26557,24479,2025,26504,454
2020-12-07,Sutter,101,95872,4761,4106,21,4127,24
2020-12-07,Tehama,103,63373,2226,2030,122,2152,9
2020-12-07,Trinity,105,12862,246,194,18,212,0
2020-12-07,Tulare,107,460477,25444,22760,2359,25119,328
2020-12-07,Tuolumne,109,53932,1567,1256,6,1262,7
2020-12-07,Ventura,111,848112,26213,23354,866,24220,191
2020-12-07,Yolo,113,214977,6273,5537,27,5564,90
2020-12-07,Yuba,115,75493,2703,2428,21,2449,10
2020-12-06,Alameda,1,1643700,36608,33477,511,33988,465
2020-12-06,Alpine,3,1148,60,53,0,53,0
2020-12-06,Amador,5,37829,1223,952,6,958,17
2020-12-06,Butte,7,227075,5090,4527,358,4885,67
2020-12-06,Calaveras,9,45235,669,606,0,606,21
2020-12-06,Colusa,11,21464,961,824,20,844,6
2020-12-06,Contra Costa,13,1133247,29163,26566,243,26809,270
2020-12-06,Del Norte,15,27424,488,414,0,414,2
2020-12-06,El Dorado,17,186661,3892,3086,65,3151,8
2020-12-06,Fresno,19,978130,49126,40869,2206,43075,526
2020-12-06,Glenn,21,27897,1179,1067,100,1167,8
2020-12-06,Humboldt,23,135768,1221,1004,4,1008,9
2020-12-06,Imperial,25,180216,18649,16922,189,17111,364
2020-12-06,Inyo,27,18085,376,333,1,334,15
2020-12-06,Kern,29,883053,48124,43899,2385,46284,486
2020-12-06,Kings,31,150075,13115,12056,304,12360,90
2020-12-06,Lake,33,64148,1250,1075,0,1075,20
2020-12-06,Lassen,35,31185,2986,2168,14,2182,0
2020-12-06,Los Angeles,37,10098052,487075,443230,9656,452886,7910
2020-12-06,Madera,39,155013,7674,6826,224,7050,59
2020-12-06,Marin,41,260295,8308,8013,44,8057,136
2020-12-06,Mariposa,43,17540,176,144,2,146,2
2020-12-06,Mendocino,45,87422,1816,1614,14,1628,23
2020-12-06,Merced,47,269075,13966,12928,187,13115,179
2020-12-06,Modoc,49,8938,153,125,29,154,0
2020-12-06,Mono,51,14174,651,586,8,594,3
2020-12-06,Monterey,53,433212,18991,17426,384,17810,130
2020-12-06,Napa,55,140530,4159,3644,20,3664,21
2020-12-06,Nevada,57,99092,1990,1710,52,1762,10
2020-12-06,Orange,59,3164182,99924,87737,3234,90971,1627
2020-12-06,Placer,61,380077,9663,7837,255,8092,82
2020-12-06,Plumas,63,18699,313,254,4,258,0
2020-12-06,Riverside,65,2383286,116138,100088,3505,103593,1482
2020-12-06,Sacramento,67,1510023,47145,42808,229,43037,638
2020-12-06,San Benito,69,59416,2348,2135,16,2151,18
2020-12-06,San Bernardino,71,2135413,125754,106927,2467,109394,1286
2020-12-06,San Diego,73,3302833,101576,92173,0,92173,1062
2020-12-06,San Francisco,75,870044,18052,17107,139,17246,161
2020-12-06,San Joaquin,77,732212,32198,28188,808,28996,530
2020-12-06,San Luis Obispo,79,281455,7497,6723,132,6855,45
2020-12-06,San Mateo,81,765935,17781,15855,18,15873,175
2020-12-06,Santa Barbara,83,443738,13408,12252,262,12514,141
2020-12-06,Santa Clara,85,1922200,46286,39112,125,39237,482
2020-12-06,Santa Cruz,87,273765,5956,5069,97,5166,40
2020-12-06,Shasta,89,179085,6620,5743,367,6110,49
2020-12-06,Sierra,91,2930,20,17,0,17,0
2020-12-06,Siskiyou,93,43540,798,652,61,713,2
2020-12-06,Solano,95,438530,12718,11354,109,11463,88
2020-12-06,Sonoma,97,501317,14514,13238,88,13326,164
2020-12-06,Stanislaus,99,539301,26006,24036,1959,25995,454
2020-12-06,Sutter,101,95872,4647,4009,20,4029,21
2020-12-06,Tehama,103,63373,2170,1982,111,2093,9
2020-12-06,Trinity,105,12862,241,181,17,198,0
2020-12-06,Tulare,107,460477,24927,22756,2287,25043,327
2020-12-06,Tuolumne,109,53932,1470,1210,6,1216,7
2020-12-06,Ventura,111,848112,25670,23035,839,23874,191
2020-12-06,Yolo,113,214977,6114,5465,22,5487,90
2020-12-06,Yuba,115,75493,2659,2340,20,2360,10
2020-12-05,Alameda,1,1643700,36249,32781,500,33281,465
2020-12-05,Alpine,3,1148,59,53,0,53,0
2020-12-05,Amador,5,37829,1199,847,6,853,17
2020-12-05,Butte,7,227075,5021,4455,339,4794,66
2020-12-05,Calaveras,9,45235,658,606,0,606,21
2020-12-05,Colusa,11,21464,944,825,17,842,6
2020-12-05,Contra Costa,13,1133247,28870,26217,236,26453,270
2020-12-05,Del Norte,15,27424,482,408,0,408,2
2020-12-05,El Dorado,17,186661,3828,3061,60,3121,8
2020-12-05,Fresno,19,978130,48806,40568,2150,42718,525
2020-12-05,Glenn,21,27897,1166,1056,94,1150,8
2020-12-05,Humboldt,23,135768,1188,979,4,983,9
2020-12-05,Imperial,25,180216,18487,16544,187,16731,362
2020-12-05,Inyo,27,18085,371,332,1,333,15
2020-12-05,Kern,29,883053,47665,43332,2294,45626,484
2020-12-05,Kings,31,150075,13036,11898,301,12199,90
2020-12-05,Lake,33,64148,1225,1069,0,1069,20
2020-12-05,Lassen,35,31185,2795,2168,12,2180,0
2020-12-05,Los Angeles,37,10098052,481304,433120,9314,442434,7888
2020-12-05,Madera,39,155013,7585,6619,217,6836,59
2020-12-05,Marin,41,260295,8282,7961,44,8005,136
2020-12-05,Mariposa,43,17540,171,143,2,145,2
2020-12-05,Mendocino,45,87422,1777,1585,14,1599,23
2020-12-05,Merced,47,269075,13860,12747,176,12923,180
2020-12-05,Modoc,49,8938,153,118,28,146,0
2020-12-05,Mono,51,14174,647,554,8,562,3
2020-12-05,Monterey,53,433212,18845,17077,380,17457,127
2020-12-05,Napa,55,140530,4089,3565,20,3585,21
2020-12-05,Nevada,57,99092,1976,1642,50,1692,10
2020-12-05,Orange,59,3164182,98474,85735,3138,88873,1612
2020-12-05,Placer,61,380077,9545,7811,246,8057,78
2020-12-05,Plumas,63,18699,306,246,1,247,0
2020-12-05,Riverside,65,2383286,114542,98612,3316,101928,1477
2020-12-05,Sacramento,67,1510023,46481,41878,214,42092,625
2020-12-05,San Benito,69,59416,2307,2073,16,2089,18
2020-12-05,San Bernardino,71,2135413,124236,105382,2329,107711,1283
2020-12-05,San Diego,73,3302833,100228,90470,0,90470,1055
2020-12-05,San Francisco,75,870044,17868,16786,135,16921,161
2020-12-05,San Joaquin,77,732212,31939,28105,773,28878,523
2020-12-05,San Luis Obispo,79,281455,7430,6623,129,6752,44
2020-12-05,San Mateo,81,765935,17524,15512,18,15530,175
2020-12-05,Santa Barbara,83,443738,13309,12107,256,12363,141
2020-12-05,Santa Clara,85,1922200,45552,38339,120,38459,474
2020-12-05,Santa Cruz,87,273765,5882,4997,95,5092,40
2020-12-05,Shasta,89,179085,6559,5653,356,6009,49
2020-12-05,Sierra,91,2930,20,17,0,17,0
2020-12-05,Siskiyou,93,43540,790,649,60,709,2
2020-12-05,Solano,95,438530,12549,11351,107,11458,87
2020-12-05,Sonoma,97,501317,14418,13137,88,13225,164
2020-12-05,Stanislaus,99,539301,25701,23662,1923,25585,454
2020-12-05,Sutter,101,95872,4580,3937,20,3957,20
2020-12-05,Tehama,103,63373,2156,1926,109,2035,9
2020-12-05,Trinity,105,12862,240,177,17,194,0
2020-12-05,Tulare,107,460477,24718,22660,2225,24885,324
2020-12-05,Tuolumne,109,53932,1415,1180,6,1186,7
2020-12-05,Ventura,111,848112,25303,22710,823,23533,191
2020-12-05,Yolo,113,214977,6037,5351,21,5372,90
2020-12-05,Yuba,115,75493,2623,2275,20,2295,10
2020-12-04,Alameda,1,1643700,35701,31871,487,32358,465
2020-12-04,Alpine,3,1148,59,53,0,53,0
2020-12-04,Amador,5,37829,1185,766,3,769,16
2020-12-04,Butte,7,227075,4950,4336,317,4653,65
2020-12-04,Calaveras,9,45235,654,585,0,585,21
2020-12-04,Colusa,11,21464,930,790,16,806,6
2020-12-04,Contra Costa,13,1133247,28529,25705,224,25929,264
2020-12-04,Del Norte,15,27424,471,401,0,401,2
2020-12-04,El Dorado,17,186661,3741,2933,57,2990,7
2020-12-04,Fresno,19,978130,48099,40108,2081,42189,522
2020-12-04,Glenn,21,27897,1160,1017,86,1103,8
2020-12-04,Humboldt,23,135768,1170,960,4,964,9
2020-12-04,Imperial,25,180216,18244,16484,187,16671,362
2020-12-04,Inyo,27,18085,363,324,1,325,15
2020-12-04,Kern,29,883053,47119,42497,2188,44685,485
2020-12-04,Kings,31,150075,12943,11767,295,12062,88
2020-12-04,Lake,33,64148,1197,1018,0,1018,20
2020-12-04,Lassen,35,31185,2788,2167,10,2177,0
2020-12-04,Los Angeles,37,10098052,472718,424164,9002,433166,7845
2020-12-04,Madera,39,155013,7496,6479,214,6693,58
2020-12-04,Marin,41,260295,8232,7896,42,7938,136
2020-12-04,Mariposa,43,17540,171,136,2,138,2
2020-12-04,Mendocino,45,87422,1758,1563,13,1576,23
2020-12-04,Merced,47,269075,13745,12474,168,12642,177
2020-12-04,Modoc,49,8938,153,115,28,143,0
2020-12-04,Mono,51,14174,642,549,8,557,3
2020-12-04,Monterey,53,433212,18640,16737,371,17108,127
2020-12-04,Napa,55,140530,4036,3432,20,3452,19
2020-12-04,Nevada,57,99092,1951,1560,47,1607,10
2020-12-04,Orange,59,3164182,96559,83738,3069,86807,1597
2020-12-04,Placer,61,380077,9419,7461,232,7693,76
2020-12-04,Plumas,63,18699,299,232,0,232,0
2020-12-04,Riverside,65,2383286,112353,95255,3153,98408,1475
2020-12-04,Sacramento,67,1510023,45720,41061,197,41258,618
2020-12-04,San Benito,69,59416,2279,2006,16,2022,17
2020-12-04,San Bernardino,71,2135413,121971,102418,2218,104636,1290
2020-12-04,San Diego,73,3302833,98746,88183,0,88183,1047
2020-12-04,San Francisco,75,870044,17679,16499,134,16633,161
2020-12-04,San Joaquin,77,732212,31503,27806,735,28541,522
2020-12-04,San Luis Obispo,79,281455,7345,6473,126,6599,42
2020-12-04,San Mateo,81,765935,17236,15112,17,15129,173
2020-12-04,Santa Barbara,83,443738,13203,11947,248,12195,141
2020-12-04,Santa Clara,85,1922200,44634,37465,114,37579,468
2020-12-04,Santa Cruz,87,273765,5797,4985,93,5078,32
2020-12-04,Shasta,89,179085,6471,5439,346,5785,49
2020-12-04,Sierra,91,2930,19,17,0,17,0
2020-12-04,Siskiyou,93,43540,783,639,57,696,2
2020-12-04,Solano,95,438530,12403,11037,104,11141,87
2020-12-04,Sonoma,97,501317,14270,12962,87,13049,164
2020-12-04,Stanislaus,99,539301,25436,23206,1877,25083,448
2020-12-04,Sutter,101,95872,4508,3791,15,3806,20
2020-12-04,Tehama,103,63373,2117,1876,103,1979,9
2020-12-04,Trinity,105,12862,238,172,17,189,0
2020-12-04,Tulare,107,460477,24438,22273,2150,24423,322
2020-12-04,Tuolumne,109,53932,1384,1134,6,1140,7
2020-12-04,Ventura,111,848112,24928,22024,805,22829,189
2020-12-04,Yolo,113,214977,5963,5294,20,5314,87
2020-12-04,Yuba,115,75493,2580,2225,19,2244,10
2020-12-03,Alameda,1,1643700,34945,31184,468,31652,465
2020-12-03,Alpine,3,1148,58,53,0,53,0
2020-12-03,Amador,5,37829,1134,653,3,656,16
2020-12-03,Butte,7,227075,4856,4305,296,4601,65
2020-12-03,Calaveras,9,45235,635,572,0,572,21
2020-12-03,Colusa,11,21464,917,774,16,790,6
2020-12-03,Contra Costa,13,1133247,28031,25464,216,25680,265
2020-12-03,Del Norte,15,27424,467,388,0,388,2
2020-12-03,El Dorado,17,186661,3615,2740,55,2795,6
2020-12-03,Fresno,19,978130,47353,39680,2006,41686,516
2020-12-03,Glenn,21,27897,1143,997,77,1074,8
2020-12-03,Humboldt,23,135768,1140,923,4,927,9
2020-12-03,Imperial,25,180216,18039,16436,176,16612,359
2020-12-03,Inyo,27,18085,360,321,1,322,15
2020-12-03,Kern,29,883053,46280,42062,2081,44143,483
2020-12-03,Kings,31,150075,12844,11658,282,11940,87
2020-12-03,Lake,33,64148,1183,991,0,991,20
2020-12-03,Lassen,35,31185,2748,2128,9,2137,0
2020-12-03,Los Angeles,37,10098052,462641,415805,8621,424426,7787
2020-12-03,Madera,39,155013,7375,6398,210,6608,58
2020-12-03,Marin,41,260295,8173,7861,38,7899,136
2020-12-03,Mariposa,43,17540,167,132,2,134,2
2020-12-03,Mendocino,45,87422,1742,1547,9,1556,23
2020-12-03,Merced,47,269075,13499,12310,160,12470,177
2020-12-03,Modoc,49,8938,151,114,28,142,0
2020-12-03,Mono,51,14174,621,527,8,535,3
2020-12-03,Monterey,53,433212,18178,16218,360,16578,125
2020-12-03,Napa,55,140530,3923,3360,20,3380,19
2020-12-03,Nevada,57,99092,1874,1472,46,1518,10
2020-12-03,Orange,59,3164182,94052,82187,2996,85183,1591
2020-12-03,Placer,61,380077,9213,7270,216,7486,73
2020-12-03,Plumas,63,18699,285,223,0,223,0
2020-12-03,Riverside,65,2383286,109610,92489,2979,95468,1461
2020-12-03,Sacramento,67,1510023,44672,40280,184,40464,614
2020-12-03,San Benito,69,59416,2235,1967,16,1983,16
2020-12-03,San Bernardino,71,2135413,118653,100787,2129,102916,1283
2020-12-03,San Diego,73,3302833,96938,86144,0,86144,1040
2020-12-03,San Francisco,75,870044,17457,16236,133,16369,161
2020-12-03,San Joaquin,77,732212,30783,27239,686,27925,522
2020-12-03,San Luis Obispo,79,281455,7177,6388,125,6513,42
2020-12-03,San Mateo,81,765935,16885,14909,16,14925,173
2020-12-03,Santa Barbara,83,443738,13075,11829,242,12071,141
2020-12-03,Santa Clara,85,1922200,43439,36621,108,36729,465
2020-12-03,Santa Cruz,87,273765,5655,4850,89,4939,28
2020-12-03,Shasta,89,179085,6362,5330,339,5669,48
2020-12-03,Sierra,91,2930,19,17,0,17,0
2020-12-03,Siskiyou,93,43540,768,629,54,683,2
2020-12-03,Solano,95,438530,12192,10857,101,10958,87
2020-12-03,Sonoma,97,501317,14026,12772,86,12858,164
2020-12-03,Stanislaus,99,539301,25031,22821,1824,24645,447
2020-12-03,Sutter,101,95872,4425,3727,14,3741,20
2020-12-03,Tehama,103,63373,2066,1832,94,1926,9
2020-12-03,Trinity,105,12862,236,166,17,183,0
2020-12-03,Tulare,107,460477,24043,21993,2054,24047,321
2020-12-03,Tuolumne,109,53932,1343,1105,6,1111,7
2020-12-03,Ventura,111,848112,24225,21555,790,22345,187
2020-12-03,Yolo,113,214977,5825,5069,20,5089,87
2020-12-03,Yuba,115,75493,2511,2182,17,2199,10
2020-12-02,Alameda,1,1643700,34324,30697,456,31153,463
2020-12-02,Alpine,3,1148,57,52,0,52,0
2020-12-02,Amador,5,37829,1062,585,3,588,16
2020-12-02,Butte,7,227075,4734,4243,286,4529,65
2020-12-02,Calaveras,9,45235,618,553,0,553,21
2020-12-02,Colusa,11,21464,901,756,15,771,6
2020-12-02,Contra Costa,13,1133247,27574,25147,203,25350,264
2020-12-02,Del Norte,15,27424,453,384,0,384,2
2020-12-02,El Dorado,17,186661,3515,2638,49,2687,5
2020-12-02,Fresno,19,978130,46607,39324,1896,41220,507
2020-12-02,Glenn,21,27897,1126,995,69,1064,7
2020-12-02,Humboldt,23,135768,1114,899,4,903,9
2020-12-02,Imperial,25,180216,17615,16360,167,16527,356
2020-12-02,Inyo,27,18085,353,314,1,315,15
2020-12-02,Kern,29,883053,45390,41660,1976,43636,479
2020-12-02,Kings,31,150075,12491,11531,268,11799,86
2020-12-02,Lake,33,64148,1154,971,0,971,20
2020-12-02,Lassen,35,31185,2689,2115,9,2124,0
2020-12-02,Los Angeles,37,10098052,452626,408289,8262,416551,7739
2020-12-02,Madera,39,155013,7252,6370,202,6572,57
2020-12-02,Marin,41,260295,8127,7819,36,7855,136
2020-12-02,Mariposa,43,17540,164,131,2,133,2
2020-12-02,Mendocino,45,87422,1709,1524,9,1533,23
2020-12-02,Merced,47,269075,13257,12168,153,12321,173
2020-12-02,Modoc,49,8938,148,113,28,141,0
2020-12-02,Mono,51,14174,612,520,8,528,3
2020-12-02,Monterey,53,433212,17701,16064,321,16385,121
2020-12-02,Napa,55,140530,3820,3298,19,3317,19
2020-12-02,Nevada,57,99092,1812,1430,45,1475,9
2020-12-02,Orange,59,3164182,91865,81046,2915,83961,1569
2020-12-02,Placer,61,380077,8981,6941,201,7142,73
2020-12-02,Plumas,63,18699,272,218,0,218,0
2020-12-02,Riverside,65,2383286,106900,90089,2790,92879,1451
2020-12-02,Sacramento,67,1510023,43642,39334,173,39507,597
2020-12-02,San Benito,69,59416,2171,1921,16,1937,16
2020-12-02,San Bernardino,71,2135413,115100,98567,2011,100578,1240
2020-12-02,San Diego,73,3302833,95024,84640,0,84640,1035
2020-12-02,San Francisco,75,870044,17219,16058,131,16189,157
2020-12-02,San Joaquin,77,732212,30163,26740,662,27402,519
2020-12-02,San Luis Obispo,79,281455,7079,6324,122,6446,42
2020-12-02,San Mateo,81,765935,16523,14757,15,14772,170
2020-12-02,Santa Barbara,83,443738,12924,11705,229,11934,140
2020-12-02,Santa Clara,85,1922200,42322,35878,107,35985,458
2020-12-02,Santa Cruz,87,273765,5523,4766,86,4852,27
2020-12-02,Shasta,89,179085,6238,5188,322,5510,47
2020-12-02,Sierra,91,2930,19,17,0,17,0
2020-12-02,Siskiyou,93,43540,752,624,52,676,1
2020-12-02,Solano,95,438530,11947,10701,96,10797,87
2020-12-02,Sonoma,97,501317,13786,12635,85,12720,163
2020-12-02,Stanislaus,99,539301,24536,22615,1764,24379,448
2020-12-02,Sutter,101,95872,4272,3604,14,3618,18
2020-12-02,Tehama,103,63373,2023,1800,78,1878,9
2020-12-02,Trinity,105,12862,229,165,17,182,0
2020-12-02,Tulare,107,460477,23667,21789,1967,23756,321
2020-12-02,Tuolumne,109,53932,1303,1076,6,1082,7
2020-12-02,Ventura,111,848112,23817,21208,771,21979,186
2020-12-02,Yolo,113,214977,5714,5053,19,5072,87
2020-12-02,Yuba,115,75493,2434,2119,16,2135,10
2020-12-01,Alameda,1,1643700,33639,30252,444,30696,460
2020-12-01,Alpine,3,1148,57,41,0,41,0
2020-12-01,Amador,5,37829,915,575,2,577,16
2020-12-01,Butte,7,227075,4630,4177,270,4447,65
2020-12-01,Calaveras,9,45235,600,544,0,544,21
2020-12-01,Colusa,11,21464,884,747,15,762,6
2020-12-01,Contra Costa,13,1133247,27001,24788,195,24983,264
2020-12-01,Del Norte,15,27424,425,357,0,357,2
2020-12-01,El Dorado,17,186661,3370,2542,44,2586,4
2020-12-01,Fresno,19,978130,45710,39004,1812,40816,505
2020-12-01,Glenn,21,27897,1105,989,65,1054,7
2020-12-01,Humboldt,23,135768,1083,886,4,890,9
2020-12-01,Imperial,25,180216,17302,16278,164,16442,356
2020-12-01,Inyo,27,18085,346,304,1,305,15
2020-12-01,Kern,29,883053,44591,41345,1840,43185,478
2020-12-01,Kings,31,150075,12178,11415,252,11667,86
2020-12-01,Lake,33,64148,1136,969,0,969,19
2020-12-01,Lassen,35,31185,2523,2047,8,2055,0
2020-12-01,Los Angeles,37,10098052,442285,403266,7920,411186,7704
2020-12-01,Madera,39,155013,7136,6270,193,6463,57
2020-12-01,Marin,41,260295,8057,7787,35,7822,136
2020-12-01,Mariposa,43,17540,159,128,2,130,2
2020-12-01,Mendocino,45,87422,1675,1497,9,1506,23
2020-12-01,Merced,47,269075,13014,12032,144,12176,172
2020-12-01,Modoc,49,8938,143,113,24,137,0
2020-12-01,Mono,51,14174,602,520,8,528,3
2020-12-01,Monterey,53,433212,17195,15835,311,16146,121
2020-12-01,Napa,55,140530,3736,3124,18,3142,19
2020-12-01,Nevada,57,99092,1750,1411,44,1455,9
2020-12-01,Orange,59,3164182,89774,79468,2824,82292,1567
2020-12-01,Placer,61,380077,8654,6794,194,6988,72
2020-12-01,Plumas,63,18699,260,201,0,201,0
2020-12-01,Riverside,65,2383286,104106,88530,2622,91152,1448
2020-12-01,Sacramento,67,1510023,42595,38966,168,39134,589
2020-12-01,San Benito,69,59416,2116,1888,16,1904,15
2020-12-01,San Bernardino,71,2135413,111636,95854,1880,97734,1220
2020-12-01,San Diego,73,3302833,92767,83423,0,83423,1019
2020-12-01,San Francisco,75,870044,16938,15797,127,15924,157
2020-12-01,San Joaquin,77,732212,29361,26432,640,27072,514
2020-12-01,San Luis Obispo,79,281455,6939,6264,117,6381,40
2020-12-01,San Mateo,81,765935,16198,14495,15,14510,170
2020-12-01,Santa Barbara,83,443738,12784,11611,219,11830,140
2020-12-01,Santa Clara,85,1922200,41068,35397,102,35499,452
2020-12-01,Santa Cruz,87,273765,5367,4638,78,4716,27
2020-12-01,Shasta,89,179085,6110,5077,300,5377,47
2020-12-01,Sierra,91,2930,19,17,0,17,0
2020-12-01,Siskiyou,93,43540,738,608,48,656,1
2020-12-01,Solano,95,438530,11689,10604,90,10694,87
2020-12-01,Sonoma,97,501317,13581,12491,82,12573,163
2020-12-01,Stanislaus,99,539301,24081,22351,1706,24057,447
2020-12-01,Sutter,101,95872,4131,3538,14,3552,17
2020-12-01,Tehama,103,63373,1964,1773,69,1842,9
2020-12-01,Trinity,105,12862,220,165,16,181,0
2020-12-01,Tulare,107,460477,23215,21645,1892,23537,319
2020-12-01,Tuolumne,109,53932,1267,1052,3,1055,7
2020-12-01,Ventura,111,848112,23204,20604,749,21353,186
2020-12-01,Yolo,113,214977,5574,4928,19,4947,86
2020-12-01,Yuba,115,75493,2368,2088,15,2103,10
2020-11-30,Alameda,1,1643700,32826,29972,426,30398,457
2020-11-30,Alpine,3,1148,55,41,0,41,0
2020-11-30,Amador,5,37829,874,559,2,561,16
2020-11-30,Butte,7,227075,4513,4148,253,4401,65
2020-11-30,Calaveras,9,45235,578,478,0,478,21
2020-11-30,Colusa,11,21464,857,737,11,748,6
2020-11-30,Contra Costa,13,1133247,26425,24365,191,24556,264
2020-11-30,Del Norte,15,27424,402,339,0,339,2
2020-11-30,El Dorado,17,186661,3196,2488,39,2527,4
2020-11-30,Fresno,19,978130,44604,38712,1692,40404,500
2020-11-30,Glenn,21,27897,1082,954,60,1014,5
2020-11-30,Humboldt,23,135768,1036,870,4,874,9
2020-11-30,Imperial,25,180216,17049,16212,140,16352,356
2020-11-30,Inyo,27,18085,341,304,1,305,15
2020-11-30,Kern,29,883053,43837,40941,1696,42637,473
2020-11-30,Kings,31,150075,12032,11346,235,11581,85
2020-11-30,Lake,33,64148,1105,939,0,939,18
2020-11-30,Lassen,35,31185,2430,1793,8,1801,0
2020-11-30,Los Angeles,37,10098052,431634,396202,7572,403774,7658
2020-11-30,Madera,39,155013,6968,6210,179,6389,57
2020-11-30,Marin,41,260295,8015,7764,34,7798,136
2020-11-30,Mariposa,43,17540,152,123,2,125,2
2020-11-30,Mendocino,45,87422,1648,1482,9,1491,23
2020-11-30,Merced,47,269075,12740,11913,133,12046,172
2020-11-30,Modoc,49,8938,133,113,24,137,0
2020-11-30,Mono,51,14174,580,519,8,527,3
2020-11-30,Monterey,53,433212,16766,15837,303,16140,119
2020-11-30,Napa,55,140530,3637,3091,17,3108,18
2020-11-30,Nevada,57,99092,1663,1347,41,1388,9
2020-11-30,Orange,59,3164182,87673,78711,2726,81437,1568
2020-11-30,Placer,61,380077,8358,6575,181,6756,72
2020-11-30,Plumas,63,18699,249,192,0,192,0
2020-11-30,Riverside,65,2383286,101120,87722,2467,90189,1446
2020-11-30,Sacramento,67,1510023,41518,37834,160,37994,586
2020-11-30,San Benito,69,59416,2067,1875,15,1890,15
2020-11-30,San Bernardino,71,2135413,107910,92704,1761,94465,1220
2020-11-30,San Diego,73,3302833,90407,82045,0,82045,997
2020-11-30,San Francisco,75,870044,16640,15638,124,15762,157
2020-11-30,San Joaquin,77,732212,28657,25742,613,26355,509
2020-11-30,San Luis Obispo,79,281455,6804,6224,115,6339,36
2020-11-30,San Mateo,81,765935,15837,14276,15,14291,170
2020-11-30,Santa Barbara,83,443738,12606,11572,212,11784,140
2020-11-30,Santa Clara,85,1922200,39861,35019,101,35120,451
2020-11-30,Santa Cruz,87,273765,5228,4558,74,4632,26
2020-11-30,Shasta,89,179085,5969,4933,266,5199,44
2020-11-30,Sierra,91,2930,19,16,0,16,0
2020-11-30,Siskiyou,93,43540,729,605,44,649,1
2020-11-30,Solano,95,438530,11428,10392,85,10477,87
2020-11-30,Sonoma,97,501317,13335,12232,78,12310,163
2020-11-30,Stanislaus,99,539301,23625,22110,1660,23770,446
2020-11-30,Sutter,101,95872,3977,3430,13,3443,16
2020-11-30,Tehama,103,63373,1916,1724,63,1787,9
2020-11-30,Trinity,105,12862,214,162,16,178,0
2020-11-30,Tulare,107,460477,22831,20833,1795,22628,319
2020-11-30,Tuolumne,109,53932,1222,1027,3,1030,7
2020-11-30,Ventura,111,848112,22445,20308,733,21041,180
2020-11-30,Yolo,113,214977,5462,4894,19,4913,81
2020-11-30,Yuba,115,75493,2308,2028,13,2041,10
2020-11-29,Alameda,1,1643700,32042,29918,404,30322,457
2020-11-29,Alpine,3,1148,52,41,0,41,0
2020-11-29,Amador,5,37829,723,548,2,550,16
2020-11-29,Butte,7,227075,4415,4008,231,4239,65
2020-11-29,Calaveras,9,45235,546,478,0,478,21
2020-11-29,Colusa,11,21464,828,723,7,730,6
2020-11-29,Contra Costa,13,1133247,25922,24165,185,24350,264
2020-11-29,Del Norte,15,27424,396,339,0,339,2
2020-11-29,El Dorado,17,186661,3067,2447,38,2485,4
2020-11-29,Fresno,19,978130,43658,38568,1616,40184,500
2020-11-29,Glenn,21,27897,1059,951,58,1009,4
2020-11-29,Humboldt,23,135768,1007,856,4,860,9
2020-11-29,Imperial,25,180216,16822,16138,111,16249,356
2020-11-29,Inyo,27,18085,326,289,1,290,15
2020-11-29,Kern,29,883053,43080,40596,1545,42141,473
2020-11-29,Kings,31,150075,11884,11247,215,11462,85
2020-11-29,Lake,33,64148,1081,927,0,927,18
2020-11-29,Lassen,35,31185,2327,1793,8,1801,0
2020-11-29,Los Angeles,37,10098052,421256,391162,7253,398415,7642
2020-11-29,Madera,39,155013,6825,6184,173,6357,57
2020-11-29,Marin,41,260295,7949,7739,32,7771,135
2020-11-29,Mariposa,43,17540,148,123,2,125,2
2020-11-29,Mendocino,45,87422,1613,1473,9,1482,23
2020-11-29,Merced,47,269075,12503,11773,124,11897,172
2020-11-29,Modoc,49,8938,129,105,22,127,0
2020-11-29,Mono,51,14174,558,515,8,523,3
2020-11-29,Monterey,53,433212,16455,15621,296,15917,119
2020-11-29,Napa,55,140530,3532,3090,16,3106,18
2020-11-29,Nevada,57,99092,1582,1311,39,1350,9
2020-11-29,Orange,59,3164182,85654,78057,2677,80734,1567
2020-11-29,Placer,61,380077,8070,6535,167,6702,72
2020-11-29,Plumas,63,18699,244,191,0,191,0
2020-11-29,Riverside,65,2383286,98740,87383,2311,89694,1442
2020-11-29,Sacramento,67,1510023,40443,37415,152,37567,585
2020-11-29,San Benito,69,59416,2023,1860,15,1875,15
2020-11-29,San Bernardino,71,2135413,104570,92052,1656,93708,1223
2020-11-29,San Diego,73,3302833,87996,81086,0,81086,997
2020-11-29,San Francisco,75,870044,16360,15571,117,15688,153
2020-11-29,San Joaquin,77,732212,27916,25740,607,26347,509
2020-11-29,San Luis Obispo,79,281455,6682,6145,115,6260,36
2020-11-29,San Mateo,81,765935,15504,14177,15,14192,169
2020-11-29,Santa Barbara,83,443738,12452,11520,208,11728,140
2020-11-29,Santa Clara,85,1922200,38656,34234,95,34329,451
2020-11-29,Santa Cruz,87,273765,5069,4490,72,4562,26
2020-11-29,Shasta,89,179085,5798,4935,234,5169,43
2020-11-29,Sierra,91,2930,19,16,0,16,0
2020-11-29,Siskiyou,93,43540,706,590,42,632,1
2020-11-29,Solano,95,438530,11196,10393,81,10474,87
2020-11-29,Sonoma,97,501317,13083,12052,74,12126,163
2020-11-29,Stanislaus,99,539301,23134,21701,1620,23321,446
2020-11-29,Sutter,101,95872,3860,3297,13,3310,16
2020-11-29,Tehama,103,63373,1865,1710,47,1757,9
2020-11-29,Trinity,105,12862,211,159,16,175,0
2020-11-29,Tulare,107,460477,22473,20793,1710,22503,319
2020-11-29,Tuolumne,109,53932,1186,988,3,991,7
2020-11-29,Ventura,111,848112,21761,19952,720,20672,179
2020-11-29,Yolo,113,214977,5324,4830,18,4848,80
2020-11-29,Yuba,115,75493,2252,1959,13,1972,10
2020-11-28,Alameda,1,1643700,31733,29368,399,29767,456
2020-11-28,Alpine,3,1148,52,41,0,41,0
2020-11-28,Amador,5,37829,646,536,2,538,16
2020-11-28,Butte,7,227075,4357,3894,227,4121,65
2020-11-28,Calaveras,9,45235,542,478,0,478,21
2020-11-28,Colusa,11,21464,819,711,5,716,6
2020-11-28,Contra Costa,13,1133247,25588,23798,181,23979,264
2020-11-28,Del Norte,15,27424,386,328,0,328,2
2020-11-28,El Dorado,17,186661,2999,2415,32,2447,4
2020-11-28,Fresno,19,978130,43314,38288,1575,39863,500
2020-11-28,Glenn,21,27897,1048,925,54,979,4
2020-11-28,Humboldt,23,135768,973,844,4,848,9
2020-11-28,Imperial,25,180216,16758,16019,109,16128,356
2020-11-28,Inyo,27,18085,318,289,1,290,15
2020-11-28,Kern,29,883053,42719,40255,1456,41711,473
2020-11-28,Kings,31,150075,11820,11070,206,11276,85
2020-11-28,Lake,33,64148,1066,920,0,920,18
2020-11-28,Lassen,35,31185,2261,1714,8,1722,0
2020-11-28,Los Angeles,37,10098052,416346,386194,7091,393285,7625
2020-11-28,Madera,39,155013,6723,6119,166,6285,57
2020-11-28,Marin,41,260295,7920,7696,28,7724,135
2020-11-28,Mariposa,43,17540,145,120,2,122,2
2020-11-28,Mendocino,45,87422,1582,1458,9,1467,22
2020-11-28,Merced,47,269075,12406,11688,117,11805,172
2020-11-28,Modoc,49,8938,126,103,22,125,0
2020-11-28,Mono,51,14174,552,505,8,513,3
2020-11-28,Monterey,53,433212,16289,15328,292,15620,118
2020-11-28,Napa,55,140530,3481,3033,15,3048,18
2020-11-28,Nevada,57,99092,1554,1272,37,1309,9
2020-11-28,Orange,59,3164182,84559,76882,2629,79511,1568
2020-11-28,Placer,61,380077,7916,6497,164,6661,70
2020-11-28,Plumas,63,18699,237,188,0,188,0
2020-11-28,Riverside,65,2383286,97339,86854,2205,89059,1440
2020-11-28,Sacramento,67,1510023,39862,36905,148,37053,580
2020-11-28,San Benito,69,59416,1978,1835,15,1850,15
2020-11-28,San Bernardino,71,2135413,103176,91183,1552,92735,1224
2020-11-28,San Diego,73,3302833,86743,80020,0,80020,997
2020-11-28,San Francisco,75,870044,16183,15450,109,15559,153
2020-11-28,San Joaquin,77,732212,27721,25742,592,26334,509
2020-11-28,San Luis Obispo,79,281455,6612,6106,111,6217,36
2020-11-28,San Mateo,81,765935,15314,14040,15,14055,169
2020-11-28,Santa Barbara,83,443738,12350,11481,203,11684,140
2020-11-28,Santa Clara,85,1922200,37910,33701,93,33794,449
2020-11-28,Santa Cruz,87,273765,4992,4426,72,4498,26
2020-11-28,Shasta,89,179085,5720,4882,227,5109,43
2020-11-28,Sierra,91,2930,19,16,0,16,0
2020-11-28,Siskiyou,93,43540,696,558,39,597,1
2020-11-28,Solano,95,438530,11077,10252,79,10331,87
2020-11-28,Sonoma,97,501317,12980,12008,64,12072,162
2020-11-28,Stanislaus,99,539301,22900,21574,1582,23156,446
2020-11-28,Sutter,101,95872,3776,3244,13,3257,15
2020-11-28,Tehama,103,63373,1849,1678,43,1721,9
2020-11-28,Trinity,105,12862,209,157,14,171,0
2020-11-28,Tulare,107,460477,22284,20701,1662,22363,319
2020-11-28,Tuolumne,109,53932,1164,976,3,979,7
2020-11-28,Ventura,111,848112,21463,19510,710,20220,179
2020-11-28,Yolo,113,214977,5250,4739,16,4755,80
2020-11-28,Yuba,115,75493,2198,1912,13,1925,10
2020-11-27,Alameda,1,1643700,31295,29064,388,29452,450
2020-11-27,Alpine,3,1148,52,41,0,41,0
2020-11-27,Amador,5,37829,599,498,1,499,16
2020-11-27,Butte,7,227075,4316,3894,221,4115,65
2020-11-27,Calaveras,9,45235,534,478,0,478,21
2020-11-27,Colusa,11,21464,802,694,3,697,6
2020-11-27,Contra Costa,13,1133247,25329,23463,175,23638,264
2020-11-27,Del Norte,15,27424,380,307,0,307,2
2020-11-27,El Dorado,17,186661,2927,2238,29,2267,4
2020-11-27,Fresno,19,978130,42908,37994,1515,39509,500
2020-11-27,Glenn,21,27897,1035,891,49,940,4
2020-11-27,Humboldt,23,135768,954,795,3,798,9
2020-11-27,Imperial,25,180216,16691,15960,99,16059,356
2020-11-27,Inyo,27,18085,312,289,1,290,15
2020-11-27,Kern,29,883053,42301,39707,1380,41087,473
2020-11-27,Kings,31,150075,11734,10667,188,10855,85
2020-11-27,Lake,33,64148,1030,909,0,909,18
2020-11-27,Lassen,35,31185,2249,1714,8,1722,0
2020-11-27,Los Angeles,37,10098052,409847,382740,6924,389664,7606
2020-11-27,Madera,39,155013,6651,6050,160,6210,57
2020-11-27,Marin,41,260295,7877,7660,28,7688,135
2020-11-27,Mariposa,43,17540,143,118,2,120,2
2020-11-27,Mendocino,45,87422,1567,1387,8,1395,22
2020-11-27,Merced,47,269075,12300,11550,110,11660,172
2020-11-27,Modoc,49,8938,125,100,22,122,0
2020-11-27,Mono,51,14174,548,498,8,506,3
2020-11-27,Monterey,53,433212,16122,14753,292,15045,113
2020-11-27,Napa,55,140530,3441,2988,15,3003,18
2020-11-27,Nevada,57,99092,1524,1184,35,1219,9
2020-11-27,Orange,59,3164182,83277,75151,2589,77740,1568
2020-11-27,Placer,61,380077,7757,6283,154,6437,68
2020-11-27,Plumas,63,18699,234,188,0,188,0
2020-11-27,Riverside,65,2383286,95740,85769,2043,87812,1440
2020-11-27,Sacramento,67,1510023,39242,36579,144,36723,579
2020-11-27,San Benito,69,59416,1944,1805,14,1819,15
2020-11-27,San Bernardino,71,2135413,101673,90254,1467,91721,1224
2020-11-27,San Diego,73,3302833,85550,78161,0,78161,996
2020-11-27,San Francisco,75,870044,16028,15377,107,15484,153
2020-11-27,San Joaquin,77,732212,27501,25741,571,26312,509
2020-11-27,San Luis Obispo,79,281455,6529,6039,108,6147,36
2020-11-27,San Mateo,81,765935,15111,13872,14,13886,169
2020-11-27,Santa Barbara,83,443738,12257,11340,200,11540,140
2020-11-27,Santa Clara,85,1922200,37234,32935,86,33021,449
2020-11-27,Santa Cruz,87,273765,4921,4358,70,4428,26
2020-11-27,Shasta,89,179085,5643,4710,214,4924,43
2020-11-27,Sierra,91,2930,18,16,0,16,0
2020-11-27,Siskiyou,93,43540,681,554,36,590,1
2020-11-27,Solano,95,438530,10958,10044,76,10120,87
2020-11-27,Sonoma,97,501317,12848,11924,62,11986,162
2020-11-27,Stanislaus,99,539301,22674,21185,1551,22736,446
2020-11-27,Sutter,101,95872,3710,3101,12,3113,15
2020-11-27,Tehama,103,63373,1821,1649,39,1688,9
2020-11-27,Trinity,105,12862,205,151,14,165,0
2020-11-27,Tulare,107,460477,22098,20634,1603,22237,319
2020-11-27,Tuolumne,109,53932,1133,881,3,884,7
2020-11-27,Ventura,111,848112,21141,19379,688,20067,179
2020-11-27,Yolo,113,214977,5201,4737,16,4753,79
2020-11-27,Yuba,115,75493,2169,1864,12,1876,10
2020-11-26,Alameda,1,1643700,30883,28797,369,29166,447
2020-11-26,Alpine,3,1148,52,41,0,41,0
2020-11-26,Amador,5,37829,591,488,1,489,16
2020-11-26,Butte,7,227075,4253,3894,215,4109,65
2020-11-26,Calaveras,9,45235,506,478,0,478,21
2020-11-26,Colusa,11,21464,788,694,3,697,6
2020-11-26,Contra Costa,13,1133247,24995,23468,169,23637,264
2020-11-26,Del Norte,15,27424,369,307,0,307,2
2020-11-26,El Dorado,17,186661,2846,2217,27,2244,4
2020-11-26,Fresno,19,978130,42508,37724,1468,39192,500
2020-11-26,Glenn,21,27897,1020,892,46,938,4
2020-11-26,Humboldt,23,135768,931,795,2,797,9
2020-11-26,Imperial,25,180216,16583,15722,94,15816,355
2020-11-26,Inyo,27,18085,311,289,1,290,15
2020-11-26,Kern,29,883053,41864,39123,1308,40431,471
2020-11-26,Kings,31,150075,11679,10475,175,10650,85
2020-11-26,Lake,33,64148,1017,890,0,890,18
2020-11-26,Lassen,35,31185,2234,1714,8,1722,0
2020-11-26,Los Angeles,37,10098052,404713,378340,6674,385014,7581
2020-11-26,Madera,39,155013,6577,6003,154,6157,57
2020-11-26,Marin,41,260295,7840,7610,28,7638,135
2020-11-26,Mariposa,43,17540,138,116,2,118,2
2020-11-26,Mendocino,45,87422,1553,1387,6,1393,22
2020-11-26,Merced,47,269075,12153,11440,108,11548,172
2020-11-26,Modoc,49,8938,123,100,22,122,0
2020-11-26,Mono,51,14174,540,485,8,493,2
2020-11-26,Monterey,53,433212,15886,14750,284,15034,113
2020-11-26,Napa,55,140530,3376,2988,15,3003,18
2020-11-26,Nevada,57,99092,1478,1184,35,1219,9
2020-11-26,Orange,59,3164182,81917,74264,2522,76786,1563
2020-11-26,Placer,61,380077,7597,6278,145,6423,68
2020-11-26,Plumas,63,18699,226,188,0,188,0
2020-11-26,Riverside,65,2383286,94152,85774,1909,87683,1440
2020-11-26,Sacramento,67,1510023,38598,35854,136,35990,580
2020-11-26,San Benito,69,59416,1917,1769,14,1783,15
2020-11-26,San Bernardino,71,2135413,100033,89727,1371,91098,1223
2020-11-26,San Diego,73,3302833,83940,76359,0,76359,996
2020-11-26,San Francisco,75,870044,15891,15156,104,15260,153
2020-11-26,San Joaquin,77,732212,27248,25738,556,26294,509
2020-11-26,San Luis Obispo,79,281455,6436,5964,105,6069,36
2020-11-26,San Mateo,81,765935,14924,13715,12,13727,169
2020-11-26,Santa Barbara,83,443738,12176,11277,199,11476,139
2020-11-26,Santa Clara,85,1922200,36594,32411,77,32488,446
2020-11-26,Santa Cruz,87,273765,4791,4269,64,4333,26
2020-11-26,Shasta,89,179085,5562,4712,202,4914,43
2020-11-26,Sierra,91,2930,18,15,0,15,0
2020-11-26,Siskiyou,93,43540,671,526,35,561,1
2020-11-26,Solano,95,438530,10815,9941,74,10015,87
2020-11-26,Sonoma,97,501317,12700,11922,60,11982,162
2020-11-26,Stanislaus,99,539301,22446,21186,1507,22693,445
2020-11-26,Sutter,101,95872,3616,3101,11,3112,15
2020-11-26,Tehama,103,63373,1780,1612,35,1647,9
2020-11-26,Trinity,105,12862,202,139,14,153,0
2020-11-26,Tulare,107,460477,21864,20649,1534,22183,319
2020-11-26,Tuolumne,109,53932,1105,871,3,874,7
2020-11-26,Ventura,111,848112,20645,19058,673,19731,179
2020-11-26,Yolo,113,214977,5112,4566,16,4582,76
2020-11-26,Yuba,115,75493,2111,1865,10,1875,10
2020-11-25,Alameda,1,1643700,30667,28378,361,28739,447
2020-11-25,Alpine,3,1148,52,41,0,41,0
2020-11-25,Amador,5,37829,581,484,1,485,16
2020-11-25,Butte,7,227075,4223,3848,212,4060,64
2020-11-25,Calaveras,9,45235,503,475,0,475,21
2020-11-25,Colusa,11,21464,771,693,3,696,6
2020-11-25,Contra Costa,13,1133247,24840,23307,168,23475,263
2020-11-25,Del Norte,15,27424,368,304,0,304,2
2020-11-25,El Dorado,17,186661,2810,2154,27,2181,4
2020-11-25,Fresno,19,978130,42276,37349,1446,38795,494
2020-11-25,Glenn,21,27897,1003,891,44,935,4
2020-11-25,Humboldt,23,135768,923,777,2,779,9
2020-11-25,Imperial,25,180216,16513,15640,92,15732,355
2020-11-25,Inyo,27,18085,309,289,1,290,15
2020-11-25,Kern,29,883053,41710,38878,1289,40167,467
2020-11-25,Kings,31,150075,11644,10417,171,10588,85
2020-11-25,Lake,33,64148,1000,878,0,878,18
2020-11-25,Lassen,35,31185,2192,1701,8,1709,0
2020-11-25,Los Angeles,37,10098052,401694,373919,6562,380481,7545
2020-11-25,Madera,39,155013,6555,5989,151,6140,57
2020-11-25,Marin,41,260295,7813,7601,27,7628,135
2020-11-25,Mariposa,43,17540,137,114,2,116,2
2020-11-25,Mendocino,45,87422,1534,1373,6,1379,22
2020-11-25,Merced,47,269075,12095,11346,108,11454,172
2020-11-25,Modoc,49,8938,123,96,22,118,0
2020-11-25,Mono,51,14174,535,487,8,495,2
2020-11-25,Monterey,53,433212,15769,14695,282,14977,113
2020-11-25,Napa,55,140530,3343,2945,15,2960,17
2020-11-25,Nevada,57,99092,1460,1170,33,1203,9
2020-11-25,Orange,59,3164182,81170,73014,2502,75516,1551
2020-11-25,Placer,61,380077,7522,6221,144,6365,68
2020-11-25,Plumas,63,18699,221,183,0,183,0
2020-11-25,Riverside,65,2383286,93615,85077,1887,86964,1438
2020-11-25,Sacramento,67,1510023,38258,35687,133,35820,574
2020-11-25,San Benito,69,59416,1895,1764,14,1778,15
2020-11-25,San Bernardino,71,2135413,99196,88469,1341,89810,1225
2020-11-25,San Diego,73,3302833,83287,75307,0,75307,988
2020-11-25,San Francisco,75,870044,15786,15053,102,15155,153
2020-11-25,San Joaquin,77,732212,27123,25556,544,26100,515
2020-11-25,San Luis Obispo,79,281455,6393,5913,104,6017,34
2020-11-25,San Mateo,81,765935,14809,13614,12,13626,170
2020-11-25,Santa Barbara,83,443738,12126,11183,199,11382,138
2020-11-25,Santa Clara,85,1922200,36147,32032,76,32108,442
2020-11-25,Santa Cruz,87,273765,4740,4202,62,4264,25
2020-11-25,Shasta,89,179085,5516,4588,195,4783,43
2020-11-25,Sierra,91,2930,18,15,0,15,0
2020-11-25,Siskiyou,93,43540,664,499,35,534,1
2020-11-25,Solano,95,438530,10710,9832,73,9905,87
2020-11-25,Sonoma,97,501317,12637,11775,59,11834,162
2020-11-25,Stanislaus,99,539301,22317,21022,1478,22500,445
2020-11-25,Sutter,101,95872,3572,3064,11,3075,14
2020-11-25,Tehama,103,63373,1768,1587,31,1618,9
2020-11-25,Trinity,105,12862,200,135,14,149,0
2020-11-25,Tulare,107,460477,21774,20528,1502,22030,318
2020-11-25,Tuolumne,109,53932,1088,842,3,845,7
2020-11-25,Ventura,111,848112,20552,18914,667,19581,179
2020-11-25,Yolo,113,214977,5076,4527,16,4543,76
2020-11-25,Yuba,115,75493,2085,1840,10,1850,10
2020-11-24,Alameda,1,1643700,30189,28030,350,28380,444
2020-11-24,Alpine,3,1148,52,41,0,41,0
2020-11-24,Amador,5,37829,556,470,1,471,16
2020-11-24,Butte,7,227075,4137,3798,204,4002,63
2020-11-24,Calaveras,9,45235,496,466,0,466,21
2020-11-24,Colusa,11,21464,753,682,3,685,6
2020-11-24,Contra Costa,13,1133247,24486,23072,162,23234,259
2020-11-24,Del Norte,15,27424,358,298,0,298,2
2020-11-24,El Dorado,17,186661,2705,2005,26,2031,4
2020-11-24,Fresno,19,978130,41875,37021,1367,38388,493
2020-11-24,Glenn,21,27897,985,883,40,923,4
2020-11-24,Humboldt,23,135768,904,774,2,776,9
2020-11-24,Imperial,25,180216,16411,15600,85,15685,355
2020-11-24,Inyo,27,18085,308,282,1,283,15
2020-11-24,Kern,29,883053,41240,38551,1210,39761,465
2020-11-24,Kings,31,150075,11377,10338,158,10496,85
2020-11-24,Lake,33,64148,984,872,0,872,18
2020-11-24,Lassen,35,31185,2170,1657,8,1665,0
2020-11-24,Los Angeles,37,10098052,395390,370008,6321,376329,7501
2020-11-24,Madera,39,155013,6472,5881,144,6025,57
2020-11-24,Marin,41,260295,7766,7591,27,7618,135
2020-11-24,Mariposa,43,17540,127,114,1,115,2
2020-11-24,Mendocino,45,87422,1512,1346,5,1351,22
2020-11-24,Merced,47,269075,11906,11268,103,11371,171
2020-11-24,Modoc,49,8938,119,91,22,113,0
2020-11-24,Mono,51,14174,531,483,8,491,2
2020-11-24,Monterey,53,433212,15511,14354,270,14624,113
2020-11-24,Napa,55,140530,3277,2904,15,2919,17
2020-11-24,Nevada,57,99092,1397,1156,30,1186,9
2020-11-24,Orange,59,3164182,79731,71975,2417,74392,1547
2020-11-24,Placer,61,380077,7341,6147,137,6284,67
2020-11-24,Plumas,63,18699,218,180,0,180,0
2020-11-24,Riverside,65,2383286,91864,83685,1754,85439,1420
2020-11-24,Sacramento,67,1510023,37578,35097,126,35223,568
2020-11-24,San Benito,69,59416,1864,1740,13,1753,15
2020-11-24,San Bernardino,71,2135413,96868,86645,1234,87879,1226
2020-11-24,San Diego,73,3302833,81881,74363,0,74363,984
2020-11-24,San Francisco,75,870044,15591,14874,99,14973,153
2020-11-24,San Joaquin,77,732212,26809,25318,513,25831,517
2020-11-24,San Luis Obispo,79,281455,6330,5805,103,5908,34
2020-11-24,San Mateo,81,765935,14600,13558,11,13569,170
2020-11-24,Santa Barbara,83,443738,12020,11154,197,11351,138
2020-11-24,Santa Clara,85,1922200,35361,31564,72,31636,438
2020-11-24,Santa Cruz,87,273765,4628,4132,61,4193,25
2020-11-24,Shasta,89,179085,5416,4410,176,4586,43
2020-11-24,Sierra,91,2930,18,15,0,15,0
2020-11-24,Siskiyou,93,43540,646,473,32,505,1
2020-11-24,Solano,95,438530,10539,9716,72,9788,86
2020-11-24,Sonoma,97,501317,12457,11644,56,11700,162
2020-11-24,Stanislaus,99,539301,22077,20830,1434,22264,438
2020-11-24,Sutter,101,95872,3466,2974,11,2985,14
2020-11-24,Tehama,103,63373,1718,1565,26,1591,9
2020-11-24,Trinity,105,12862,194,129,14,143,0
2020-11-24,Tulare,107,460477,21528,20319,1436,21755,315
2020-11-24,Tuolumne,109,53932,1060,832,3,835,7
2020-11-24,Ventura,111,848112,20171,18637,655,19292,179
2020-11-24,Yolo,113,214977,4992,4420,16,4436,76
2020-11-24,Yuba,115,75493,2034,1804,8,1812,10
2020-11-23,Alameda,1,1643700,29775,27718,337,28055,444
2020-11-23,Alpine,3,1148,50,41,0,41,0
2020-11-23,Amador,5,37829,515,457,1,458,16
2020-11-23,Butte,7,227075,4073,3765,198,3963,61
2020-11-23,Calaveras,9,45235,478,434,0,434,21
2020-11-23,Colusa,11,21464,739,662,3,665,6
2020-11-23,Contra Costa,13,1133247,24215,22674,156,22830,260
2020-11-23,Del Norte,15,27424,336,296,0,296,2
2020-11-23,El Dorado,17,186661,2584,2005,25,2030,4
2020-11-23,Fresno,19,978130,41429,36688,1305,37993,488
2020-11-23,Glenn,21,27897,959,853,40,893,4
2020-11-23,Humboldt,23,135768,891,746,2,748,9
2020-11-23,Imperial,25,180216,16241,15104,79,15183,355
2020-11-23,Inyo,27,18085,301,279,1,280,15
2020-11-23,Kern,29,883053,40729,38245,1145,39390,463
2020-11-23,Kings,31,150075,10958,10204,150,10354,85
2020-11-23,Lake,33,64148,961,840,0,840,18
2020-11-23,Lassen,35,31185,2090,1271,7,1278,0
2020-11-23,Los Angeles,37,10098052,389307,366374,6062,372436,7447
2020-11-23,Madera,39,155013,6347,5787,139,5926,56
2020-11-23,Marin,41,260295,7724,7543,27,7570,135
2020-11-23,Mariposa,43,17540,126,97,1,98,2
2020-11-23,Mendocino,45,87422,1482,1330,5,1335,22
2020-11-23,Merced,47,269075,11719,11148,100,11248,169
2020-11-23,Modoc,49,8938,105,91,21,112,0
2020-11-23,Mono,51,14174,518,480,8,488,2
2020-11-23,Monterey,53,433212,15233,14265,263,14528,112
2020-11-23,Napa,55,140530,3211,2811,14,2825,17
2020-11-23,Nevada,57,99092,1308,1087,30,1117,9
2020-11-23,Orange,59,3164182,78336,71074,2369,73443,1546
2020-11-23,Placer,61,380077,7137,5999,136,6135,66
2020-11-23,Plumas,63,18699,214,172,0,172,0
2020-11-23,Riverside,65,2383286,90085,82175,1692,83867,1415
2020-11-23,Sacramento,67,1510023,37019,34141,117,34258,556
2020-11-23,San Benito,69,59416,1835,1729,12,1741,15
2020-11-23,San Bernardino,71,2135413,94763,84387,1170,85557,1224
2020-11-23,San Diego,73,3302833,80419,72817,0,72817,968
2020-11-23,San Francisco,75,870044,15433,14646,97,14743,153
2020-11-23,San Joaquin,77,732212,26460,24622,509,25131,517
2020-11-23,San Luis Obispo,79,281455,6248,5772,101,5873,34
2020-11-23,San Mateo,81,765935,14408,13364,11,13375,170
2020-11-23,Santa Barbara,83,443738,11912,10944,193,11137,137
2020-11-23,Santa Clara,85,1922200,34712,31064,68,31132,435
2020-11-23,Santa Cruz,87,273765,4519,4003,56,4059,25
2020-11-23,Shasta,89,179085,5299,4100,163,4263,43
2020-11-23,Sierra,91,2930,17,15,0,15,0
2020-11-23,Siskiyou,93,43540,619,460,31,491,0
2020-11-23,Solano,95,438530,10382,9394,69,9463,86
2020-11-23,Sonoma,97,501317,12284,11507,52,11559,160
2020-11-23,Stanislaus,99,539301,21785,20487,1401,21888,436
2020-11-23,Sutter,101,95872,3328,2840,10,2850,14
2020-11-23,Tehama,103,63373,1670,1526,23,1549,9
2020-11-23,Trinity,105,12862,188,120,12,132,0
2020-11-23,Tulare,107,460477,21242,19818,1362,21180,315
2020-11-23,Tuolumne,109,53932,1020,774,3,777,7
2020-11-23,Ventura,111,848112,19797,18480,643,19123,179
2020-11-23,Yolo,113,214977,4912,4265,15,4280,75
2020-11-23,Yuba,115,75493,1967,1702,8,1710,10
2020-11-22,Alameda,1,1643700,29342,27472,325,27797,444
2020-11-22,Alpine,3,1148,47,41,0,41,0
2020-11-22,Amador,5,37829,503,450,1,451,16
2020-11-22,Butte,7,227075,4024,3712,188,3900,61
2020-11-22,Calaveras,9,45235,466,434,0,434,21
2020-11-22,Colusa,11,21464,721,642,2,644,6
2020-11-22,Contra Costa,13,1133247,23910,22407,151,22558,260
2020-11-22,Del Norte,15,27424,312,271,0,271,2
2020-11-22,El Dorado,17,186661,2473,1917,22,1939,4
2020-11-22,Fresno,19,978130,40949,36315,1246,37561,488
2020-11-22,Glenn,21,27897,939,832,34,866,4
2020-11-22,Humboldt,23,135768,875,729,2,731,9
2020-11-22,Imperial,25,180216,16037,15109,33,15142,355
2020-11-22,Inyo,27,18085,294,279,1,280,15
2020-11-22,Kern,29,883053,40153,37904,1108,39012,463
2020-11-22,Kings,31,150075,10857,10035,141,10176,85
2020-11-22,Lake,33,64148,939,834,0,834,18
2020-11-22,Lassen,35,31185,1925,1211,6,1217,0
2020-11-22,Los Angeles,37,10098052,383036,360341,5800,366141,7438
2020-11-22,Madera,39,155013,6267,5745,128,5873,56
2020-11-22,Marin,41,260295,7689,7506,26,7532,135
2020-11-22,Mariposa,43,17540,125,95,1,96,2
2020-11-22,Mendocino,45,87422,1458,1285,3,1288,22
2020-11-22,Merced,47,269075,11570,10939,100,11039,169
2020-11-22,Modoc,49,8938,104,87,19,106,0
2020-11-22,Mono,51,14174,503,481,8,489,2
2020-11-22,Monterey,53,433212,14992,13887,257,14144,111
2020-11-22,Napa,55,140530,3131,2778,14,2792,17
2020-11-22,Nevada,57,99092,1250,1052,30,1082,9
2020-11-22,Orange,59,3164182,76925,69913,2329,72242,1546
2020-11-22,Placer,61,380077,6921,5880,125,6005,66
2020-11-22,Plumas,63,18699,201,172,0,172,0
2020-11-22,Riverside,65,2383286,88498,81565,1629,83194,1409
2020-11-22,Sacramento,67,1510023,36288,33421,104,33525,555
2020-11-22,San Benito,69,59416,1806,1704,12,1716,15
2020-11-22,San Bernardino,71,2135413,92424,83505,1095,84600,1224
2020-11-22,San Diego,73,3302833,78684,71649,0,71649,968
2020-11-22,San Francisco,75,870044,15262,14515,96,14611,153
2020-11-22,San Joaquin,77,732212,26164,24619,496,25115,517
2020-11-22,San Luis Obispo,79,281455,6146,5664,100,5764,34
2020-11-22,San Mateo,81,765935,14204,13228,11,13239,170
2020-11-22,Santa Barbara,83,443738,11777,10946,187,11133,137
2020-11-22,Santa Clara,85,1922200,34035,30633,66,30699,434
2020-11-22,Santa Cruz,87,273765,4437,3896,49,3945,25
2020-11-22,Shasta,89,179085,5142,4100,144,4244,43
2020-11-22,Sierra,91,2930,17,13,0,13,0
2020-11-22,Siskiyou,93,43540,587,411,31,442,0
2020-11-22,Solano,95,438530,10212,9363,65,9428,86
2020-11-22,Sonoma,97,501317,12126,11415,50,11465,159
2020-11-22,Stanislaus,99,539301,21461,20223,1367,21590,436
2020-11-22,Sutter,101,95872,3210,2677,10,2687,13
2020-11-22,Tehama,103,63373,1636,1457,18,1475,9
2020-11-22,Trinity,105,12862,184,114,12,126,0
2020-11-22,Tulare,107,460477,20994,19818,1289,21107,314
2020-11-22,Tuolumne,109,53932,994,689,3,692,7
2020-11-22,Ventura,111,848112,19436,18105,631,18736,179
2020-11-22,Yolo,113,214977,4812,4206,15,4221,75
2020-11-22,Yuba,115,75493,1914,1672,8,1680,10
2020-11-21,Alameda,1,1643700,29159,27424,323,27747,444
2020-11-21,Alpine,3,1148,47,41,0,41,0
2020-11-21,Amador,5,37829,489,450,1,451,16
2020-11-21,Butte,7,227075,3976,3664,185,3849,61
2020-11-21,Calaveras,9,45235,460,434,0,434,21
2020-11-21,Colusa,11,21464,712,642,2,644,6
2020-11-21,Contra Costa,13,1133247,23756,22338,149,22487,260
2020-11-21,Del Norte,15,27424,307,271,0,271,2
2020-11-21,El Dorado,17,186661,2424,1900,21,1921,4
2020-11-21,Fresno,19,978130,40694,35973,1213,37186,482
2020-11-21,Glenn,21,27897,934,829,32,861,4
2020-11-21,Humboldt,23,135768,865,728,2,730,9
2020-11-21,Imperial,25,180216,15959,15053,33,15086,355
2020-11-21,Inyo,27,18085,292,283,1,284,15
2020-11-21,Kern,29,883053,39903,37403,1070,38473,463
2020-11-21,Kings,31,150075,10809,10019,137,10156,85
2020-11-21,Lake,33,64148,926,832,0,832,18
2020-11-21,Lassen,35,31185,1857,1211,6,1217,0
2020-11-21,Los Angeles,37,10098052,379870,357754,5645,363399,7428
2020-11-21,Madera,39,155013,6230,5706,128,5834,56
2020-11-21,Marin,41,260295,7666,7488,25,7513,134
2020-11-21,Mariposa,43,17540,125,92,1,93,2
2020-11-21,Mendocino,45,87422,1427,1282,3,1285,22
2020-11-21,Merced,47,269075,11509,10849,99,10948,169
2020-11-21,Modoc,49,8938,100,87,18,105,0
2020-11-21,Mono,51,14174,498,469,8,477,2
2020-11-21,Monterey,53,433212,14894,13886,251,14137,110
2020-11-21,Napa,55,140530,3097,2757,14,2771,17
2020-11-21,Nevada,57,99092,1238,1018,29,1047,9
2020-11-21,Orange,59,3164182,76123,69021,2298,71319,1543
2020-11-21,Placer,61,380077,6810,5778,122,5900,65
2020-11-21,Plumas,63,18699,196,172,0,172,0
2020-11-21,Riverside,65,2383286,87726,80676,1580,82256,1407
2020-11-21,Sacramento,67,1510023,35896,33133,96,33229,548
2020-11-21,San Benito,69,59416,1787,1691,12,1703,15
2020-11-21,San Bernardino,71,2135413,91554,83206,1014,84220,1222
2020-11-21,San Diego,73,3302833,77905,70711,0,70711,966
2020-11-21,San Francisco,75,870044,15159,14445,95,14540,153
2020-11-21,San Joaquin,77,732212,26032,24620,480,25100,517
2020-11-21,San Luis Obispo,79,281455,6094,5618,97,5715,34
2020-11-21,San Mateo,81,765935,14102,13138,11,13149,170
2020-11-21,Santa Barbara,83,443738,11726,10922,184,11106,137
2020-11-21,Santa Clara,85,1922200,33654,30377,63,30440,433
2020-11-21,Santa Cruz,87,273765,4381,3898,48,3946,25
2020-11-21,Shasta,89,179085,5069,4095,141,4236,42
2020-11-21,Sierra,91,2930,17,13,0,13,0
2020-11-21,Siskiyou,93,43540,571,403,31,434,0
2020-11-21,Solano,95,438530,10123,9290,61,9351,86
2020-11-21,Sonoma,97,501317,12051,11394,48,11442,158
2020-11-21,Stanislaus,99,539301,21318,20111,1342,21453,435
2020-11-21,Sutter,101,95872,3150,2615,9,2624,13
2020-11-21,Tehama,103,63373,1616,1435,17,1452,9
2020-11-21,Trinity,105,12862,181,110,11,121,0
2020-11-21,Tulare,107,460477,20869,19752,1255,21007,313
2020-11-21,Tuolumne,109,53932,975,690,3,693,7
2020-11-21,Ventura,111,848112,19273,18040,621,18661,177
2020-11-21,Yolo,113,214977,4736,4147,14,4161,75
2020-11-21,Yuba,115,75493,1882,1643,8,1651,10
2020-11-20,Alameda,1,1643700,28949,27221,315,27536,444
2020-11-20,Alpine,3,1148,47,20,0,20,0
2020-11-20,Amador,5,37829,485,446,1,447,16
2020-11-20,Butte,7,227075,3944,3618,181,3799,60
2020-11-20,Calaveras,9,45235,448,424,0,424,21
2020-11-20,Colusa,11,21464,704,631,1,632,6
2020-11-20,Contra Costa,13,1133247,23570,22116,144,22260,260
2020-11-20,Del Norte,15,27424,303,264,0,264,2
2020-11-20,El Dorado,17,186661,2329,1868,19,1887,4
2020-11-20,Fresno,19,978130,40403,35635,1180,36815,480
2020-11-20,Glenn,21,27897,922,826,30,856,4
2020-11-20,Humboldt,23,135768,856,714,1,715,9
2020-11-20,Imperial,25,180216,15897,14864,29,14893,353
2020-11-20,Inyo,27,18085,290,262,1,263,15
2020-11-20,Kern,29,883053,39611,37143,1044,38187,462
2020-11-20,Kings,31,150075,10762,9903,135,10038,85
2020-11-20,Lake,33,64148,917,820,0,820,18
2020-11-20,Lassen,35,31185,1772,1212,5,1217,0
2020-11-20,Los Angeles,37,10098052,375995,353554,5478,359032,7398
2020-11-20,Madera,39,155013,6138,5635,126,5761,54
2020-11-20,Marin,41,260295,7642,7467,24,7491,134
2020-11-20,Mariposa,43,17540,117,89,1,90,2
2020-11-20,Mendocino,45,87422,1407,1269,3,1272,22
2020-11-20,Merced,47,269075,11423,10729,99,10828,167
2020-11-20,Modoc,49,8938,100,83,18,101,0
2020-11-20,Mono,51,14174,496,469,8,477,2
2020-11-20,Monterey,53,433212,14769,13738,242,13980,110
2020-11-20,Napa,55,140530,3067,2718,14,2732,17
2020-11-20,Nevada,57,99092,1220,990,28,1018,9
2020-11-20,Orange,59,3164182,75294,68212,2257,70469,1532
2020-11-20,Placer,61,380077,6680,5687,106,5793,66
2020-11-20,Plumas,63,18699,193,163,0,163,0
2020-11-20,Riverside,65,2383286,86720,79613,1512,81125,1405
2020-11-20,Sacramento,67,1510023,35515,32832,86,32918,549
2020-11-20,San Benito,69,59416,1775,1668,12,1680,15
2020-11-20,San Bernardino,71,2135413,90190,81203,930,82133,1220
2020-11-20,San Diego,73,3302833,76907,69233,0,69233,960
2020-11-20,San Francisco,75,870044,15055,14327,94,14421,153
2020-11-20,San Joaquin,77,732212,25880,24460,466,24926,515
2020-11-20,San Luis Obispo,79,281455,6040,5524,94,5618,34
2020-11-20,San Mateo,81,765935,13969,12980,10,12990,169
2020-11-20,Santa Barbara,83,443738,11669,10825,178,11003,136
2020-11-20,Santa Clara,85,1922200,33233,30002,57,30059,431
2020-11-20,Santa Cruz,87,273765,4315,3815,48,3863,25
2020-11-20,Shasta,89,179085,4995,3861,136,3997,42
2020-11-20,Sierra,91,2930,17,12,0,12,0
2020-11-20,Siskiyou,93,43540,558,387,29,416,0
2020-11-20,Solano,95,438530,10032,9216,58,9274,85
2020-11-20,Sonoma,97,501317,11967,11316,47,11363,158
2020-11-20,Stanislaus,99,539301,21165,19889,1314,21203,433
2020-11-20,Sutter,101,95872,3100,2580,9,2589,13
2020-11-20,Tehama,103,63373,1602,1410,13,1423,9
2020-11-20,Trinity,105,12862,180,102,11,113,0
2020-11-20,Tulare,107,460477,20738,19568,1214,20782,311
2020-11-20,Tuolumne,109,53932,936,662,3,665,7
2020-11-20,Ventura,111,848112,19106,17741,593,18334,175
2020-11-20,Yolo,113,214977,4658,4081,13,4094,74
2020-11-20,Yuba,115,75493,1854,1611,8,1619,10
2020-11-19,Alameda,1,1643700,28605,26971,306,27277,441
2020-11-19,Alpine,3,1148,44,20,0,20,0
2020-11-19,Amador,5,37829,481,436,1,437,16
2020-11-19,Butte,7,227075,3895,3576,174,3750,60
2020-11-19,Calaveras,9,45235,439,417,0,417,21
2020-11-19,Colusa,11,21464,686,621,1,622,6
2020-11-19,Contra Costa,13,1133247,23300,21886,141,22027,259
2020-11-19,Del Norte,15,27424,295,251,0,251,2
2020-11-19,El Dorado,17,186661,2255,1825,18,1843,4
2020-11-19,Fresno,19,978130,39958,35278,1120,36398,478
2020-11-19,Glenn,21,27897,900,806,29,835,4
2020-11-19,Humboldt,23,135768,836,693,1,694,9
2020-11-19,Imperial,25,180216,15687,14507,29,14536,349
2020-11-19,Inyo,27,18085,288,262,1,263,15
2020-11-19,Kern,29,883053,39192,36779,1000,37779,459
2020-11-19,Kings,31,150075,10615,9763,127,9890,85
2020-11-19,Lake,33,64148,903,809,0,809,18
2020-11-19,Lassen,35,31185,1655,1201,3,1204,0
2020-11-19,Los Angeles,37,10098052,370928,349493,5300,354793,7365
2020-11-19,Madera,39,155013,6066,5540,119,5659,54
2020-11-19,Marin,41,260295,7611,7451,24,7475,134
2020-11-19,Mariposa,43,17540,110,88,0,88,2
2020-11-19,Mendocino,45,87422,1386,1237,3,1240,23
2020-11-19,Merced,47,269075,11282,10634,93,10727,167
2020-11-19,Modoc,49,8938,97,82,18,100,0
2020-11-19,Mono,51,14174,488,468,8,476,2
2020-11-19,Monterey,53,433212,14554,13369,231,13600,108
2020-11-19,Napa,55,140530,3013,2641,14,2655,17
2020-11-19,Nevada,57,99092,1179,945,27,972,9
2020-11-19,Orange,59,3164182,74031,66998,2210,69208,1530
2020-11-19,Placer,61,380077,6490,5612,105,5717,65
2020-11-19,Plumas,63,18699,188,158,0,158,0
2020-11-19,Riverside,65,2383286,85250,78535,1440,79975,1402
2020-11-19,Sacramento,67,1510023,34998,32367,84,32451,546
2020-11-19,San Benito,69,59416,1752,1643,12,1655,15
2020-11-19,San Bernardino,71,2135413,88300,79244,846,80090,1215
2020-11-19,San Diego,73,3302833,75659,68142,0,68142,952
2020-11-19,San Francisco,75,870044,14898,14178,88,14266,153
2020-11-19,San Joaquin,77,732212,25561,24270,454,24724,516
2020-11-19,San Luis Obispo,79,281455,5964,5410,91,5501,34
2020-11-19,San Mateo,81,765935,13831,12714,10,12724,169
2020-11-19,Santa Barbara,83,443738,11589,10741,175,10916,136
2020-11-19,Santa Clara,85,1922200,32675,29630,56,29686,424
2020-11-19,Santa Cruz,87,273765,4224,3679,46,3725,25
2020-11-19,Shasta,89,179085,4858,3685,125,3810,42
2020-11-19,Sierra,91,2930,17,11,0,11,0
2020-11-19,Siskiyou,93,43540,533,360,28,388,0
2020-11-19,Solano,95,438530,9895,9093,54,9147,84
2020-11-19,Sonoma,97,501317,11797,11205,45,11250,156
2020-11-19,Stanislaus,99,539301,20923,19736,1272,21008,433
2020-11-19,Sutter,101,95872,3003,2509,9,2518,13
2020-11-19,Tehama,103,63373,1569,1373,10,1383,9
2020-11-19,Trinity,105,12862,174,97,11,108,0
2020-11-19,Tulare,107,460477,20516,19384,1147,20531,304
2020-11-19,Tuolumne,109,53932,904,602,3,605,7
2020-11-19,Ventura,111,848112,18753,17300,580,17880,174
2020-11-19,Yolo,113,214977,4563,3973,13,3986,72
2020-11-19,Yuba,115,75493,1814,1568,8,1576,10
2020-11-18,Alameda,1,1643700,28343,26610,301,26911,440
2020-11-18,Alpine,3,1148,43,16,0,16,0
2020-11-18,Amador,5,37829,476,430,1,431,16
2020-11-18,Butte,7,227075,3842,3537,161,3698,59
2020-11-18,Calaveras,9,45235,433,409,0,409,21
2020-11-18,Colusa,11,21464,673,611,1,612,6
2020-11-18,Contra Costa,13,1133247,23033,21685,137,21822,258
2020-11-18,Del Norte,15,27424,281,240,0,240,2
2020-11-18,El Dorado,17,186661,2168,1799,17,1816,4
2020-11-18,Fresno,19,978130,39521,34997,1066,36063,474
2020-11-18,Glenn,21,27897,884,803,27,830,4
2020-11-18,Humboldt,23,135768,822,690,1,691,9
2020-11-18,Imperial,25,180216,15464,14428,28,14456,348
2020-11-18,Inyo,27,18085,286,262,1,263,15
2020-11-18,Kern,29,883053,38806,36537,947,37484,456
2020-11-18,Kings,31,150075,10467,9696,124,9820,85
2020-11-18,Lake,33,64148,890,802,0,802,18
2020-11-18,Lassen,35,31185,1555,1124,3,1127,0
2020-11-18,Los Angeles,37,10098052,366213,344675,5107,349782,7338
2020-11-18,Madera,39,155013,5979,5519,107,5626,54
2020-11-18,Marin,41,260295,7587,7435,24,7459,134
2020-11-18,Mariposa,43,17540,107,88,0,88,2
2020-11-18,Mendocino,45,87422,1366,1237,3,1240,23
2020-11-18,Merced,47,269075,11167,10536,91,10627,166
2020-11-18,Modoc,49,8938,94,77,18,95,0
2020-11-18,Mono,51,14174,483,468,8,476,2
2020-11-18,Monterey,53,433212,14362,13340,216,13556,108
2020-11-18,Napa,55,140530,2966,2607,14,2621,17
2020-11-18,Nevada,57,99092,1140,933,25,958,9
2020-11-18,Orange,59,3164182,72941,66381,2186,68567,1521
2020-11-18,Placer,61,380077,6314,5543,100,5643,64
2020-11-18,Plumas,63,18699,183,143,0,143,0
2020-11-18,Riverside,65,2383286,83829,77739,1338,79077,1387
2020-11-18,Sacramento,67,1510023,34374,31816,76,31892,541
2020-11-18,San Benito,69,59416,1727,1632,11,1643,15
2020-11-18,San Bernardino,71,2135413,86548,77400,763,78163,1206
2020-11-18,San Diego,73,3302833,74369,67243,0,67243,945
2020-11-18,San Francisco,75,870044,14754,14057,86,14143,153
2020-11-18,San Joaquin,77,732212,25295,24146,439,24585,517
2020-11-18,San Luis Obispo,79,281455,5889,5322,90,5412,34
2020-11-18,San Mateo,81,765935,13680,12631,9,12640,169
2020-11-18,Santa Barbara,83,443738,11510,10684,168,10852,136
2020-11-18,Santa Clara,85,1922200,32210,29285,51,29336,421
2020-11-18,Santa Cruz,87,273765,4132,3618,44,3662,25
2020-11-18,Shasta,89,179085,4722,3547,121,3668,42
2020-11-18,Sierra,91,2930,17,11,0,11,0
2020-11-18,Siskiyou,93,43540,501,351,27,378,0
2020-11-18,Solano,95,438530,9763,8994,52,9046,84
2020-11-18,Sonoma,97,501317,11690,11129,42,11171,155
2020-11-18,Stanislaus,99,539301,20681,19609,1247,20856,431
2020-11-18,Sutter,101,95872,2887,2442,9,2451,13
2020-11-18,Tehama,103,63373,1530,1338,10,1348,8
2020-11-18,Trinity,105,12862,164,95,11,106,0
2020-11-18,Tulare,107,460477,20310,19286,1092,20378,306
2020-11-18,Tuolumne,109,53932,868,590,3,593,7
2020-11-18,Ventura,111,848112,18428,17169,566,17735,173
2020-11-18,Yolo,113,214977,4489,3929,13,3942,71
2020-11-18,Yuba,115,75493,1761,1540,8,1548,10
2020-11-17,Alameda,1,1643700,28019,26425,291,26716,439
2020-11-17,Alpine,3,1148,41,12,0,12,0
2020-11-17,Amador,5,37829,465,423,1,424,16
2020-11-17,Butte,7,227075,3800,3500,151,3651,59
2020-11-17,Calaveras,9,45235,418,405,0,405,21
2020-11-17,Colusa,11,21464,662,606,0,606,6
2020-11-17,Contra Costa,13,1133247,22760,21557,132,21689,256
2020-11-17,Del Norte,15,27424,276,233,0,233,2
2020-11-17,El Dorado,17,186661,2109,1758,17,1775,4
2020-11-17,Fresno,19,978130,38926,34765,1006,35771,472
2020-11-17,Glenn,21,27897,873,795,26,821,4
2020-11-17,Humboldt,23,135768,800,685,1,686,9
2020-11-17,Imperial,25,180216,15229,14204,27,14231,346
2020-11-17,Inyo,27,18085,285,263,1,264,15
2020-11-17,Kern,29,883053,38356,36164,893,37057,455
2020-11-17,Kings,31,150075,10394,9653,117,9770,85
2020-11-17,Lake,33,64148,870,792,0,792,18
2020-11-17,Lassen,35,31185,1476,1124,3,1127,0
2020-11-17,Los Angeles,37,10098052,361274,340933,4940,345873,7302
2020-11-17,Madera,39,155013,5890,5485,100,5585,54
2020-11-17,Marin,41,260295,7555,7404,23,7427,134
2020-11-17,Mariposa,43,17540,104,87,0,87,2
2020-11-17,Mendocino,45,87422,1345,1216,3,1219,23
2020-11-17,Merced,47,269075,11023,10457,85,10542,162
2020-11-17,Modoc,49,8938,88,71,17,88,0
2020-11-17,Mono,51,14174,478,459,8,467,2
2020-11-17,Monterey,53,433212,14134,13220,206,13426,108
2020-11-17,Napa,55,140530,2912,2568,14,2582,17
2020-11-17,Nevada,57,99092,1098,918,24,942,9
2020-11-17,Orange,59,3164182,71796,65757,2155,67912,1519
2020-11-17,Placer,61,380077,6157,5435,94,5529,63
2020-11-17,Plumas,63,18699,175,142,0,142,0
2020-11-17,Riverside,65,2383286,82453,77079,1245,78324,1379
2020-11-17,Sacramento,67,1510023,33781,31341,72,31413,538
2020-11-17,San Benito,69,59416,1712,1611,4,1615,15
2020-11-17,San Bernardino,71,2135413,84737,76134,671,76805,1188
2020-11-17,San Diego,73,3302833,73117,66321,0,66321,933
2020-11-17,San Francisco,75,870044,14588,13952,85,14037,153
2020-11-17,San Joaquin,77,732212,25023,23997,420,24417,516
2020-11-17,San Luis Obispo,79,281455,5794,5235,90,5325,34
2020-11-17,San Mateo,81,765935,13518,12491,8,12499,169
2020-11-17,Santa Barbara,83,443738,11423,10597,162,10759,136
2020-11-17,Santa Clara,85,1922200,31661,29013,50,29063,419
2020-11-17,Santa Cruz,87,273765,4048,3548,41,3589,25
2020-11-17,Shasta,89,179085,4562,3457,108,3565,40
2020-11-17,Sierra,91,2930,15,11,0,11,0
2020-11-17,Siskiyou,93,43540,453,333,26,359,0
2020-11-17,Solano,95,438530,9618,8905,51,8956,84
2020-11-17,Sonoma,97,501317,11556,11084,40,11124,155
2020-11-17,Stanislaus,99,539301,20458,19466,1218,20684,425
2020-11-17,Sutter,101,95872,2804,2370,8,2378,12
2020-11-17,Tehama,103,63373,1480,1290,10,1300,7
2020-11-17,Trinity,105,12862,151,83,11,94,0
2020-11-17,Tulare,107,460477,20093,19176,1027,20203,305
2020-11-17,Tuolumne,109,53932,830,568,3,571,7
2020-11-17,Ventura,111,848112,18155,16797,547,17344,173
2020-11-17,Yolo,113,214977,4312,3887,12,3899,70
2020-11-17,Yuba,115,75493,1713,1519,8,1527,10
2020-11-16,Alameda,1,1643700,27672,26063,286,26349,436
2020-11-16,Alpine,3,1148,38,12,0,12,0
2020-11-16,Amador,5,37829,457,414,1,415,16
2020-11-16,Butte,7,227075,3761,3490,142,3632,58
2020-11-16,Calaveras,9,45235,411,402,0,402,21
2020-11-16,Colusa,11,21464,653,601,0,601,6
2020-11-16,Contra Costa,13,1133247,22493,21386,127,21513,256
2020-11-16,Del Norte,15,27424,269,225,0,225,2
2020-11-16,El Dorado,17,186661,2048,1694,15,1709,4
2020-11-16,Fresno,19,978130,38442,34593,948,35541,471
2020-11-16,Glenn,21,27897,861,786,25,811,4
2020-11-16,Humboldt,23,135768,782,660,1,661,9
2020-11-16,Imperial,25,180216,14982,14111,27,14138,346
2020-11-16,Inyo,27,18085,282,263,1,264,15
2020-11-16,Kern,29,883053,37965,36049,849,36898,455
2020-11-16,Kings,31,150075,10128,9569,113,9682,85
2020-11-16,Lake,33,64148,858,784,0,784,18
2020-11-16,Lassen,35,31185,1295,1124,3,1127,0
2020-11-16,Los Angeles,37,10098052,356547,338778,4750,343528,7277
2020-11-16,Madera,39,155013,5804,5433,93,5526,54
2020-11-16,Marin,41,260295,7526,7359,23,7382,134
2020-11-16,Mariposa,43,17540,101,86,0,86,2
2020-11-16,Mendocino,45,87422,1320,1209,3,1212,23
2020-11-16,Merced,47,269075,10885,10399,82,10481,162
2020-11-16,Modoc,49,8938,86,71,17,88,0
2020-11-16,Mono,51,14174,476,453,8,461,2
2020-11-16,Monterey,53,433212,13891,13089,193,13282,107
2020-11-16,Napa,55,140530,2836,2536,14,2550,17
2020-11-16,Nevada,57,99092,1055,889,22,911,9
2020-11-16,Orange,59,3164182,70701,65396,2140,67536,1519
2020-11-16,Placer,61,380077,6037,5387,86,5473,63
2020-11-16,Plumas,63,18699,168,127,0,127,0
2020-11-16,Riverside,65,2383286,81086,76449,1177,77626,1379
2020-11-16,Sacramento,67,1510023,33141,30954,65,31019,534
2020-11-16,San Benito,69,59416,1694,1603,3,1606,15
2020-11-16,San Bernardino,71,2135413,82914,74401,599,75000,1186
2020-11-16,San Diego,73,3302833,71809,65603,0,65603,926
2020-11-16,San Francisco,75,870044,14429,13847,82,13929,153
2020-11-16,San Joaquin,77,732212,24736,23515,410,23925,513
2020-11-16,San Luis Obispo,79,281455,5690,5161,85,5246,34
2020-11-16,San Mateo,81,765935,13359,12398,8,12406,169
2020-11-16,Santa Barbara,83,443738,11359,10565,158,10723,135
2020-11-16,Santa Clara,85,1922200,31094,28673,48,28721,419
2020-11-16,Santa Cruz,87,273765,3975,3520,41,3561,25
2020-11-16,Shasta,89,179085,4412,3284,103,3387,37
2020-11-16,Sierra,91,2930,15,11,0,11,0
2020-11-16,Siskiyou,93,43540,426,294,26,320,0
2020-11-16,Solano,95,438530,9420,8827,51,8878,84
2020-11-16,Sonoma,97,501317,11465,10961,39,11000,155
2020-11-16,Stanislaus,99,539301,20222,19333,1190,20523,425
2020-11-16,Sutter,101,95872,2697,2322,8,2330,12
2020-11-16,Tehama,103,63373,1435,1261,6,1267,7
2020-11-16,Trinity,105,12862,143,67,11,78,0
2020-11-16,Tulare,107,460477,19918,18891,970,19861,305
2020-11-16,Tuolumne,109,53932,794,543,3,546,7
2020-11-16,Ventura,111,848112,17818,16691,539,17230,172
2020-11-16,Yolo,113,214977,4215,3858,12,3870,70
2020-11-16,Yuba,115,75493,1677,1500,7,1507,10
2020-11-15,Alameda,1,1643700,27354,25879,280,26159,436
2020-11-15,Alpine,3,1148,36,12,0,12,0
2020-11-15,Amador,5,37829,445,409,1,410,16
2020-11-15,Butte,7,227075,3708,3452,132,3584,58
2020-11-15,Calaveras,9,45235,398,386,0,386,21
2020-11-15,Colusa,11,21464,644,601,0,601,6
2020-11-15,Contra Costa,13,1133247,22194,21179,126,21305,256
2020-11-15,Del Norte,15,27424,253,224,0,224,2
2020-11-15,El Dorado,17,186661,1986,1683,14,1697,4
2020-11-15,Fresno,19,978130,37934,34297,908,35205,471
2020-11-15,Glenn,21,27897,849,783,24,807,4
2020-11-15,Humboldt,23,135768,754,653,1,654,9
2020-11-15,Imperial,25,180216,14745,13940,27,13967,346
2020-11-15,Inyo,27,18085,272,263,1,264,15
2020-11-15,Kern,29,883053,37562,35911,812,36723,455
2020-11-15,Kings,31,150075,9935,9533,109,9642,85
2020-11-15,Lake,33,64148,849,777,0,777,17
2020-11-15,Lassen,35,31185,1248,1124,3,1127,0
2020-11-15,Los Angeles,37,10098052,351515,336035,4569,340604,7271
2020-11-15,Madera,39,155013,5707,5391,87,5478,54
2020-11-15,Marin,41,260295,7500,7347,23,7370,133
2020-11-15,Mariposa,43,17540,98,86,0,86,2
2020-11-15,Mendocino,45,87422,1301,1197,3,1200,22
2020-11-15,Merced,47,269075,10752,10350,82,10432,162
2020-11-15,Modoc,49,8938,85,68,17,85,0
2020-11-15,Mono,51,14174,474,453,8,461,2
2020-11-15,Monterey,53,433212,13694,12999,180,13179,107
2020-11-15,Napa,55,140530,2777,2509,12,2521,17
2020-11-15,Nevada,57,99092,1000,859,22,881,9
2020-11-15,Orange,59,3164182,69661,65008,2121,67129,1519
2020-11-15,Placer,61,380077,5884,5330,78,5408,63
2020-11-15,Plumas,63,18699,162,127,0,127,0
2020-11-15,Riverside,65,2383286,79768,75531,1116,76647,1374
2020-11-15,Sacramento,67,1510023,32517,30601,61,30662,534
2020-11-15,San Benito,69,59416,1669,1589,2,1591,15
2020-11-15,San Bernardino,71,2135413,80772,73769,516,74285,1185
2020-11-15,San Diego,73,3302833,70310,64770,0,64770,926
2020-11-15,San Francisco,75,870044,14252,13757,81,13838,153
2020-11-15,San Joaquin,77,732212,24527,23516,394,23910,513
2020-11-15,San Luis Obispo,79,281455,5567,5120,82,5202,34
2020-11-15,San Mateo,81,765935,13182,12348,8,12356,169
2020-11-15,Santa Barbara,83,443738,11264,10516,156,10672,135
2020-11-15,Santa Clara,85,1922200,30640,28289,47,28336,418
2020-11-15,Santa Cruz,87,273765,3837,3439,40,3479,25
2020-11-15,Shasta,89,179085,4238,3290,94,3384,37
2020-11-15,Sierra,91,2930,15,11,0,11,0
2020-11-15,Siskiyou,93,43540,407,294,26,320,0
2020-11-15,Solano,95,438530,9259,8713,48,8761,84
2020-11-15,Sonoma,97,501317,11345,10833,38,10871,154
2020-11-15,Stanislaus,99,539301,19952,19228,1163,20391,425
2020-11-15,Sutter,101,95872,2608,2230,8,2238,12
2020-11-15,Tehama,103,63373,1384,1222,5,1227,7
2020-11-15,Trinity,105,12862,135,67,10,77,0
2020-11-15,Tulare,107,460477,19703,18891,915,19806,305
2020-11-15,Tuolumne,109,53932,753,486,3,489,7
2020-11-15,Ventura,111,848112,17545,16564,531,17095,172
2020-11-15,Yolo,113,214977,4112,3819,11,3830,67
2020-11-15,Yuba,115,75493,1636,1470,6,1476,10
2020-11-14,Alameda,1,1643700,27088,25714,277,25991,435
2020-11-14,Alpine,3,1148,36,12,0,12,0
2020-11-14,Amador,5,37829,436,404,0,404,16
2020-11-14,Butte,7,227075,3672,3434,118,3552,58
2020-11-14,Calaveras,9,45235,397,386,0,386,21
2020-11-14,Colusa,11,21464,632,601,0,601,6
2020-11-14,Contra Costa,13,1133247,22055,20975,119,21094,256
2020-11-14,Del Norte,15,27424,247,219,0,219,2
2020-11-14,El Dorado,17,186661,1942,1648,14,1662,4
2020-11-14,Fresno,19,978130,37684,33969,873,34842,471
2020-11-14,Glenn,21,27897,840,772,21,793,3
2020-11-14,Humboldt,23,135768,739,643,1,644,9
2020-11-14,Imperial,25,180216,14652,13932,26,13958,346
2020-11-14,Inyo,27,18085,271,263,1,264,15
2020-11-14,Kern,29,883053,37352,35626,793,36419,454
2020-11-14,Kings,31,150075,9900,9490,106,9596,85
2020-11-14,Lake,33,64148,840,773,0,773,17
2020-11-14,Lassen,35,31185,1234,833,3,836,0
2020-11-14,Los Angeles,37,10098052,348815,333021,4455,337476,7269
2020-11-14,Madera,39,155013,5677,5371,85,5456,54
2020-11-14,Marin,41,260295,7484,7325,23,7348,133
2020-11-14,Mariposa,43,17540,97,86,0,86,2
2020-11-14,Mendocino,45,87422,1285,1181,3,1184,22
2020-11-14,Merced,47,269075,10696,10286,80,10366,161
2020-11-14,Modoc,49,8938,84,64,16,80,0
2020-11-14,Mono,51,14174,474,453,8,461,2
2020-11-14,Monterey,53,433212,13598,12854,170,13024,105
2020-11-14,Napa,55,140530,2743,2473,12,2485,17
2020-11-14,Nevada,57,99092,984,835,22,857,9
2020-11-14,Orange,59,3164182,69042,64340,2108,66448,1517
2020-11-14,Placer,61,380077,5808,5215,72,5287,63
2020-11-14,Plumas,63,18699,157,128,0,128,0
2020-11-14,Riverside,65,2383286,79030,74910,1075,75985,1373
2020-11-14,Sacramento,67,1510023,32191,30298,60,30358,532
2020-11-14,San Benito,69,59416,1654,1573,2,1575,15
2020-11-14,San Bernardino,71,2135413,79839,72868,483,73351,1184
2020-11-14,San Diego,73,3302833,69545,63715,0,63715,926
2020-11-14,San Francisco,75,870044,14165,13661,80,13741,153
2020-11-14,San Joaquin,77,732212,24436,23516,386,23902,511
2020-11-14,San Luis Obispo,79,281455,5504,5073,76,5149,34
2020-11-14,San Mateo,81,765935,13074,12293,8,12301,169
2020-11-14,Santa Barbara,83,443738,11210,10482,154,10636,135
2020-11-14,Santa Clara,85,1922200,30355,27962,45,28007,416
2020-11-14,Santa Cruz,87,273765,3782,3402,40,3442,25
2020-11-14,Shasta,89,179085,4153,3195,92,3287,37
2020-11-14,Sierra,91,2930,15,11,0,11,0
2020-11-14,Siskiyou,93,43540,394,292,26,318,0
2020-11-14,Solano,95,438530,9179,8655,47,8702,84
2020-11-14,Sonoma,97,501317,11292,10769,38,10807,154
2020-11-14,Stanislaus,99,539301,19810,19068,1141,20209,424
2020-11-14,Sutter,101,95872,2564,2182,8,2190,12
2020-11-14,Tehama,103,63373,1363,1206,4,1210,7
2020-11-14,Trinity,105,12862,130,67,10,77,0
2020-11-14,Tulare,107,460477,19609,18853,886,19739,305
2020-11-14,Tuolumne,109,53932,725,448,3,451,7
2020-11-14,Ventura,111,848112,17400,16297,519,16816,172
2020-11-14,Yolo,113,214977,4070,3765,9,3774,65
2020-11-14,Yuba,115,75493,1607,1453,6,1459,10
2020-11-13,Alameda,1,1643700,26872,25515,272,25787,434
2020-11-13,Alpine,3,1148,36,12,0,12,0
2020-11-13,Amador,5,37829,433,397,0,397,16
2020-11-13,Butte,7,227075,3648,3402,109,3511,58
2020-11-13,Calaveras,9,45235,393,378,0,378,21
2020-11-13,Colusa,11,21464,624,598,0,598,6
2020-11-13,Contra Costa,13,1133247,21883,20799,119,20918,256
2020-11-13,Del Norte,15,27424,245,208,0,208,2
2020-11-13,El Dorado,17,186661,1897,1611,13,1624,4
2020-11-13,Fresno,19,978130,37437,33693,859,34552,470
2020-11-13,Glenn,21,27897,826,755,17,772,3
2020-11-13,Humboldt,23,135768,724,638,1,639,9
2020-11-13,Imperial,25,180216,14582,13790,25,13815,341
2020-11-13,Inyo,27,18085,270,262,1,263,15
2020-11-13,Kern,29,883053,37151,35431,776,36207,453
2020-11-13,Kings,31,150075,9841,9428,105,9533,85
2020-11-13,Lake,33,64148,834,770,0,770,17
2020-11-13,Lassen,35,31185,1225,832,3,835,0
2020-11-13,Los Angeles,37,10098052,345695,329364,4341,333705,7248
2020-11-13,Madera,39,155013,5637,5340,84,5424,54
2020-11-13,Marin,41,260295,7471,7307,22,7329,133
2020-11-13,Mariposa,43,17540,95,86,0,86,2
2020-11-13,Mendocino,45,87422,1273,1173,3,1176,22
2020-11-13,Merced,47,269075,10641,10185,77,10262,159
2020-11-13,Modoc,49,8938,84,63,14,77,0
2020-11-13,Mono,51,14174,474,448,7,455,2
2020-11-13,Monterey,53,433212,13403,12681,158,12839,104
2020-11-13,Napa,55,140530,2704,2440,12,2452,17
2020-11-13,Nevada,57,99092,965,798,22,820,9
2020-11-13,Orange,59,3164182,68441,63804,2089,65893,1514
2020-11-13,Placer,61,380077,5704,5122,66,5188,63
2020-11-13,Plumas,63,18699,151,125,0,125,0
2020-11-13,Riverside,65,2383286,78292,74138,1047,75185,1372
2020-11-13,Sacramento,67,1510023,31874,29787,55,29842,524
2020-11-13,San Benito,69,59416,1642,1553,1,1554,15
2020-11-13,San Bernardino,71,2135413,78794,71895,461,72356,1184
2020-11-13,San Diego,73,3302833,68698,62978,0,62978,921
2020-11-13,San Francisco,75,870044,14072,13516,78,13594,146
2020-11-13,San Joaquin,77,732212,24341,23314,379,23693,510
2020-11-13,San Luis Obispo,79,281455,5437,4960,73,5033,34
2020-11-13,San Mateo,81,765935,12981,12182,8,12190,169
2020-11-13,Santa Barbara,83,443738,11158,10405,152,10557,134
2020-11-13,Santa Clara,85,1922200,30030,27609,43,27652,415
2020-11-13,Santa Cruz,87,273765,3709,3343,40,3383,25
2020-11-13,Shasta,89,179085,4068,2983,88,3071,37
2020-11-13,Sierra,91,2930,15,11,0,11,0
2020-11-13,Siskiyou,93,43540,389,280,25,305,0
2020-11-13,Solano,95,438530,9088,8525,47,8572,84
2020-11-13,Sonoma,97,501317,11232,10685,36,10721,151
2020-11-13,Stanislaus,99,539301,19687,18936,1111,20047,422
2020-11-13,Sutter,101,95872,2518,2121,7,2128,12
2020-11-13,Tehama,103,63373,1335,1167,4,1171,7
2020-11-13,Trinity,105,12862,128,64,10,74,0
2020-11-13,Tulare,107,460477,19487,18714,843,19557,305
2020-11-13,Tuolumne,109,53932,692,427,3,430,7
2020-11-13,Ventura,111,848112,17255,16172,504,16676,171
2020-11-13,Yolo,113,214977,4019,3716,9,3725,65
2020-11-13,Yuba,115,75493,1580,1435,6,1441,10
2020-11-12,Alameda,1,1643700,26605,25345,272,25617,432
2020-11-12,Alpine,3,1148,35,12,0,12,0
2020-11-12,Amador,5,37829,432,392,0,392,16
2020-11-12,Butte,7,227075,3599,3347,106,3453,58
2020-11-12,Calaveras,9,45235,388,373,0,373,21
2020-11-12,Colusa,11,21464,619,591,0,591,6
2020-11-12,Contra Costa,13,1133247,21675,20619,117,20736,255
2020-11-12,Del Norte,15,27424,238,203,0,203,2
2020-11-12,El Dorado,17,186661,1851,1573,9,1582,4
2020-11-12,Fresno,19,978130,37093,33459,816,34275,468
2020-11-12,Glenn,21,27897,807,727,17,744,3
2020-11-12,Humboldt,23,135768,711,625,1,626,9
2020-11-12,Imperial,25,180216,14417,13619,25,13644,341
2020-11-12,Inyo,27,18085,269,255,1,256,15
2020-11-12,Kern,29,883053,36887,35207,759,35966,451
2020-11-12,Kings,31,150075,9775,9335,103,9438,85
2020-11-12,Lake,33,64148,825,764,0,764,17
2020-11-12,Lassen,35,31185,1156,832,2,834,0
2020-11-12,Los Angeles,37,10098052,341955,327001,4238,331239,7223
2020-11-12,Madera,39,155013,5603,5273,79,5352,54
2020-11-12,Marin,41,260295,7442,7268,22,7290,133
2020-11-12,Mariposa,43,17540,93,84,0,84,2
2020-11-12,Mendocino,45,87422,1254,1142,3,1145,22
2020-11-12,Merced,47,269075,10527,10107,74,10181,158
2020-11-12,Modoc,49,8938,84,63,14,77,0
2020-11-12,Mono,51,14174,473,442,7,449,2
2020-11-12,Monterey,53,433212,13283,12489,143,12632,100
2020-11-12,Napa,55,140530,2642,2398,12,2410,16
2020-11-12,Nevada,57,99092,942,780,21,801,9
2020-11-12,Orange,59,3164182,67698,63232,2068,65300,1514
2020-11-12,Placer,61,380077,5595,5044,56,5100,62
2020-11-12,Plumas,63,18699,147,121,0,121,0
2020-11-12,Riverside,65,2383286,77367,73381,1001,74382,1362
2020-11-12,Sacramento,67,1510023,31385,29459,48,29507,520
2020-11-12,San Benito,69,59416,1622,1525,1,1526,15
2020-11-12,San Bernardino,71,2135413,77431,70758,422,71180,1183
2020-11-12,San Diego,73,3302833,67719,62336,0,62336,918
2020-11-12,San Francisco,75,870044,13973,13289,77,13366,146
2020-11-12,San Joaquin,77,732212,24148,23002,357,23359,509
2020-11-12,San Luis Obispo,79,281455,5373,4898,72,4970,33
2020-11-12,San Mateo,81,765935,12858,12086,7,12093,169
2020-11-12,Santa Barbara,83,443738,11096,10325,146,10471,134
2020-11-12,Santa Clara,85,1922200,29655,27261,42,27303,414
2020-11-12,Santa Cruz,87,273765,3626,3317,38,3355,25
2020-11-12,Shasta,89,179085,3930,2825,77,2902,37
2020-11-12,Sierra,91,2930,15,11,0,11,0
2020-11-12,Siskiyou,93,43540,372,275,20,295,0
2020-11-12,Solano,95,438530,8988,8417,46,8463,85
2020-11-12,Sonoma,97,501317,11130,10602,35,10637,151
2020-11-12,Stanislaus,99,539301,19523,18787,1079,19866,422
2020-11-12,Sutter,101,95872,2434,2075,7,2082,12
2020-11-12,Tehama,103,63373,1308,1117,4,1121,7
2020-11-12,Trinity,105,12862,121,62,10,72,0
2020-11-12,Tulare,107,460477,19375,18545,806,19351,305
2020-11-12,Tuolumne,109,53932,653,353,3,356,7
2020-11-12,Ventura,111,848112,17006,16013,497,16510,158
2020-11-12,Yolo,113,214977,3975,3646,9,3655,63
2020-11-12,Yuba,115,75493,1545,1410,6,1416,10
2020-11-11,Alameda,1,1643700,26363,25140,270,25410,429
2020-11-11,Alpine,3,1148,30,12,0,12,0
2020-11-11,Amador,5,37829,425,389,0,389,16
2020-11-11,Butte,7,227075,3574,3348,92,3440,58
2020-11-11,Calaveras,9,45235,378,373,0,373,21
2020-11-11,Colusa,11,21464,613,591,0,591,6
2020-11-11,Contra Costa,13,1133247,21456,20452,115,20567,255
2020-11-11,Del Norte,15,27424,231,203,0,203,2
2020-11-11,El Dorado,17,186661,1805,1564,8,1572,4
2020-11-11,Fresno,19,978130,36774,33287,782,34069,468
2020-11-11,Glenn,21,27897,791,722,16,738,3
2020-11-11,Humboldt,23,135768,697,623,1,624,9
2020-11-11,Imperial,25,180216,14246,13623,23,13646,340
2020-11-11,Inyo,27,18085,267,255,1,256,15
2020-11-11,Kern,29,883053,36614,35014,741,35755,449
2020-11-11,Kings,31,150075,9669,9263,100,9363,85
2020-11-11,Lake,33,64148,815,763,0,763,17
2020-11-11,Lassen,35,31185,1131,831,2,833,0
2020-11-11,Los Angeles,37,10098052,338601,324567,4144,328711,7220
2020-11-11,Madera,39,155013,5569,5248,76,5324,54
2020-11-11,Marin,41,260295,7419,7268,22,7290,133
2020-11-11,Mariposa,43,17540,93,84,0,84,2
2020-11-11,Mendocino,45,87422,1242,1142,3,1145,22
2020-11-11,Merced,47,269075,10456,10074,72,10146,157
2020-11-11,Modoc,49,8938,80,62,13,75,0
2020-11-11,Mono,51,14174,471,443,7,450,2
2020-11-11,Monterey,53,433212,13141,12417,139,12556,100
2020-11-11,Napa,55,140530,2593,2365,9,2374,15
2020-11-11,Nevada,57,99092,900,741,21,762,9
2020-11-11,Orange,59,3164182,67061,62929,2045,64974,1506
2020-11-11,Placer,61,380077,5512,4981,48,5029,60
2020-11-11,Plumas,63,18699,145,111,0,111,0
2020-11-11,Riverside,65,2383286,76466,72953,954,73907,1361
2020-11-11,Sacramento,67,1510023,30931,28968,46,29014,520
2020-11-11,San Benito,69,59416,1608,1512,1,1513,15
2020-11-11,San Bernardino,71,2135413,76147,70374,393,70767,1182
2020-11-11,San Diego,73,3302833,66784,61746,0,61746,918
2020-11-11,San Francisco,75,870044,13865,13287,75,13362,146
2020-11-11,San Joaquin,77,732212,23989,23001,351,23352,509
2020-11-11,San Luis Obispo,79,281455,5298,4832,69,4901,33
2020-11-11,San Mateo,81,765935,12743,12008,7,12015,169
2020-11-11,Santa Barbara,83,443738,11031,10278,146,10424,134
2020-11-11,Santa Clara,85,1922200,29301,27075,40,27115,413
2020-11-11,Santa Cruz,87,273765,3558,3247,38,3285,25
2020-11-11,Shasta,89,179085,3807,2766,67,2833,36
2020-11-11,Sierra,91,2930,13,11,0,11,0
2020-11-11,Siskiyou,93,43540,341,261,17,278,0
2020-11-11,Solano,95,438530,8871,8353,43,8396,85
2020-11-11,Sonoma,97,501317,11056,10498,35,10533,150
2020-11-11,Stanislaus,99,539301,19385,18671,1047,19718,422
2020-11-11,Sutter,101,95872,2387,2049,6,2055,12
2020-11-11,Tehama,103,63373,1266,1105,3,1108,7
2020-11-11,Trinity,105,12862,112,62,10,72,0
2020-11-11,Tulare,107,460477,19247,18500,774,19274,305
2020-11-11,Tuolumne,109,53932,597,354,3,357,7
2020-11-11,Ventura,111,848112,16791,15801,483,16284,158
2020-11-11,Yolo,113,214977,3924,3606,9,3615,63
2020-11-11,Yuba,115,75493,1530,1400,6,1406,10
2020-11-10,Alameda,1,1643700,26133,25008,267,25275,424
2020-11-10,Alpine,3,1148,30,9,0,9,0
2020-11-10,Amador,5,37829,419,384,0,384,16
2020-11-10,Butte,7,227075,3538,3327,88,3415,58
2020-11-10,Calaveras,9,45235,373,367,0,367,21
2020-11-10,Colusa,11,21464,606,590,0,590,6
2020-11-10,Contra Costa,13,1133247,21250,20326,112,20438,255
2020-11-10,Del Norte,15,27424,225,196,0,196,2
2020-11-10,El Dorado,17,186661,1744,1551,8,1559,4
2020-11-10,Fresno,19,978130,36507,33024,744,33768,465
2020-11-10,Glenn,21,27897,783,719,12,731,3
2020-11-10,Humboldt,23,135768,680,610,1,611,9
2020-11-10,Imperial,25,180216,14116,13570,23,13593,338
2020-11-10,Inyo,27,18085,266,252,1,253,14
2020-11-10,Kern,29,883053,36337,34858,722,35580,448
2020-11-10,Kings,31,150075,9622,9236,93,9329,85
2020-11-10,Lake,33,64148,805,762,0,762,16
2020-11-10,Lassen,35,31185,1117,830,2,832,0
2020-11-10,Los Angeles,37,10098052,335356,322569,4024,326593,7205
2020-11-10,Madera,39,155013,5527,5229,70,5299,54
2020-11-10,Marin,41,260295,7400,7259,22,7281,133
2020-11-10,Mariposa,43,17540,91,84,0,84,2
2020-11-10,Mendocino,45,87422,1234,1137,3,1140,22
2020-11-10,Merced,47,269075,10395,9992,66,10058,157
2020-11-10,Modoc,49,8938,78,61,13,74,0
2020-11-10,Mono,51,14174,469,443,7,450,2
2020-11-10,Monterey,53,433212,13003,12335,131,12466,100
2020-11-10,Napa,55,140530,2555,2341,7,2348,15
2020-11-10,Nevada,57,99092,884,734,21,755,9
2020-11-10,Orange,59,3164182,66512,62597,2034,64631,1504
2020-11-10,Placer,61,380077,5432,4902,47,4949,60
2020-11-10,Plumas,63,18699,141,108,0,108,0
2020-11-10,Riverside,65,2383286,75825,72316,928,73244,1359
2020-11-10,Sacramento,67,1510023,30521,28677,43,28720,519
2020-11-10,San Benito,69,59416,1593,1508,1,1509,15
2020-11-10,San Bernardino,71,2135413,74980,69666,358,70024,1182
2020-11-10,San Diego,73,3302833,65895,61085,0,61085,915
2020-11-10,San Francisco,75,870044,13748,13210,75,13285,146
2020-11-10,San Joaquin,77,732212,23825,22865,344,23209,508
2020-11-10,San Luis Obispo,79,281455,5236,4780,65,4845,33
2020-11-10,San Mateo,81,765935,12642,11939,7,11946,169
2020-11-10,Santa Barbara,83,443738,10964,10252,142,10394,134
2020-11-10,Santa Clara,85,1922200,28961,26917,38,26955,409
2020-11-10,Santa Cruz,87,273765,3494,3221,38,3259,25
2020-11-10,Shasta,89,179085,3666,2686,59,2745,36
2020-11-10,Sierra,91,2930,12,10,0,10,0
2020-11-10,Siskiyou,93,43540,325,263,16,279,0
2020-11-10,Solano,95,438530,8773,8299,43,8342,85
2020-11-10,Sonoma,97,501317,10970,10414,35,10449,150
2020-11-10,Stanislaus,99,539301,19252,18592,1023,19615,420
2020-11-10,Sutter,101,95872,2292,2035,5,2040,12
2020-11-10,Tehama,103,63373,1240,1099,2,1101,7
2020-11-10,Trinity,105,12862,103,62,9,71,0
2020-11-10,Tulare,107,460477,19133,18430,750,19180,305
2020-11-10,Tuolumne,109,53932,550,353,2,355,7
2020-11-10,Ventura,111,848112,16608,15625,481,16106,158
2020-11-10,Yolo,113,214977,3862,3573,9,3582,63
2020-11-10,Yuba,115,75493,1507,1392,6,1398,10
2020-11-09,Alameda,1,1643700,25884,24899,263,25162,424
2020-11-09,Alpine,3,1148,28,6,0,6,0
2020-11-09,Amador,5,37829,410,380,0,380,16
2020-11-09,Butte,7,227075,3493,3301,79,3380,57
2020-11-09,Calaveras,9,45235,369,360,0,360,21
2020-11-09,Colusa,11,21464,600,583,0,583,6
2020-11-09,Contra Costa,13,1133247,21077,20193,110,20303,255
2020-11-09,Del Norte,15,27424,219,195,0,195,2
2020-11-09,El Dorado,17,186661,1703,1515,8,1523,4
2020-11-09,Fresno,19,978130,36199,32755,699,33454,465
2020-11-09,Glenn,21,27897,777,714,9,723,3
2020-11-09,Humboldt,23,135768,667,607,1,608,9
2020-11-09,Imperial,25,180216,13999,13508,22,13530,338
2020-11-09,Inyo,27,18085,266,252,1,253,14
2020-11-09,Kern,29,883053,36109,34764,683,35447,448
2020-11-09,Kings,31,150075,9552,9141,91,9232,84
2020-11-09,Lake,33,64148,796,755,0,755,16
2020-11-09,Lassen,35,31185,1022,799,2,801,0
2020-11-09,Los Angeles,37,10098052,332265,320370,3943,324313,7180
2020-11-09,Madera,39,155013,5481,5209,67,5276,54
2020-11-09,Marin,41,260295,7374,7237,21,7258,131
2020-11-09,Mariposa,43,17540,91,84,0,84,2
2020-11-09,Mendocino,45,87422,1222,1132,3,1135,22
2020-11-09,Merced,47,269075,10292,9922,63,9985,157
2020-11-09,Modoc,49,8938,74,54,12,66,0
2020-11-09,Mono,51,14174,466,352,7,359,2
2020-11-09,Monterey,53,433212,12857,12148,123,12271,98
2020-11-09,Napa,55,140530,2512,2309,7,2316,15
2020-11-09,Nevada,57,99092,847,729,20,749,9
2020-11-09,Orange,59,3164182,65871,62335,2022,64357,1501
2020-11-09,Placer,61,380077,5348,4843,36,4879,60
2020-11-09,Plumas,63,18699,134,102,0,102,0
2020-11-09,Riverside,65,2383286,75044,72059,894,72953,1346
2020-11-09,Sacramento,67,1510023,30050,28200,43,28243,516
2020-11-09,San Benito,69,59416,1584,1506,1,1507,15
2020-11-09,San Bernardino,71,2135413,73929,69015,317,69332,1182
2020-11-09,San Diego,73,3302833,65040,60572,0,60572,908
2020-11-09,San Francisco,75,870044,13629,12984,72,13056,146
2020-11-09,San Joaquin,77,732212,23660,22512,339,22851,505
2020-11-09,San Luis Obispo,79,281455,5152,4746,62,4808,32
2020-11-09,San Mateo,81,765935,12535,11857,7,11864,169
2020-11-09,Santa Barbara,83,443738,10907,10214,136,10350,134
2020-11-09,Santa Clara,85,1922200,28566,26693,38,26731,409
2020-11-09,Santa Cruz,87,273765,3436,3194,38,3232,25
2020-11-09,Shasta,89,179085,3511,2581,50,2631,36
2020-11-09,Sierra,91,2930,10,10,0,10,0
2020-11-09,Siskiyou,93,43540,314,257,14,271,0
2020-11-09,Solano,95,438530,8657,8254,42,8296,85
2020-11-09,Sonoma,97,501317,10862,10310,35,10345,150
2020-11-09,Stanislaus,99,539301,19102,18482,1004,19486,418
2020-11-09,Sutter,101,95872,2224,2010,4,2014,12
2020-11-09,Tehama,103,63373,1204,1071,1,1072,7
2020-11-09,Trinity,105,12862,99,46,9,55,0
2020-11-09,Tulare,107,460477,19013,18272,718,18990,304
2020-11-09,Tuolumne,109,53932,496,346,2,348,7
2020-11-09,Ventura,111,848112,16406,15568,478,16046,156
2020-11-09,Yolo,113,214977,3801,3522,9,3531,62
2020-11-09,Yuba,115,75493,1474,1380,6,1386,10
2020-11-08,Alameda,1,1643700,25656,24731,263,24994,424
2020-11-08,Alpine,3,1148,25,6,0,6,0
2020-11-08,Amador,5,37829,403,376,0,376,16
2020-11-08,Butte,7,227075,3455,3285,73,3358,57
2020-11-08,Calaveras,9,45235,367,360,0,360,21
2020-11-08,Colusa,11,21464,597,583,0,583,6
2020-11-08,Contra Costa,13,1133247,20907,20031,108,20139,254
2020-11-08,Del Norte,15,27424,210,195,0,195,2
2020-11-08,El Dorado,17,186661,1665,1502,8,1510,4
2020-11-08,Fresno,19,978130,35866,32619,661,33280,465
2020-11-08,Glenn,21,27897,771,707,8,715,3
2020-11-08,Humboldt,23,135768,651,605,1,606,9
2020-11-08,Imperial,25,180216,13883,13428,22,13450,338
2020-11-08,Inyo,27,18085,262,252,1,253,14
2020-11-08,Kern,29,883053,35891,34644,665,35309,448
2020-11-08,Kings,31,150075,9419,9026,88,9114,84
2020-11-08,Lake,33,64148,788,754,0,754,16
2020-11-08,Lassen,35,31185,874,799,2,801,0
2020-11-08,Los Angeles,37,10098052,329144,318960,3869,322829,7176
2020-11-08,Madera,39,155013,5413,5196,64,5260,54
2020-11-08,Marin,41,260295,7354,7227,21,7248,131
2020-11-08,Mariposa,43,17540,91,83,0,83,2
2020-11-08,Mendocino,45,87422,1213,1129,3,1132,22
2020-11-08,Merced,47,269075,10217,9885,61,9946,157
2020-11-08,Modoc,49,8938,70,54,12,66,0
2020-11-08,Mono,51,14174,460,352,7,359,2
2020-11-08,Monterey,53,433212,12713,12122,111,12233,98
2020-11-08,Napa,55,140530,2472,2274,7,2281,15
2020-11-08,Nevada,57,99092,831,715,20,735,9
2020-11-08,Orange,59,3164182,65284,62034,2008,64042,1501
2020-11-08,Placer,61,380077,5247,4800,31,4831,60
2020-11-08,Plumas,63,18699,129,102,0,102,0
2020-11-08,Riverside,65,2383286,74394,71442,850,72292,1345
2020-11-08,Sacramento,67,1510023,29490,28059,39,28098,515
2020-11-08,San Benito,69,59416,1569,1496,1,1497,15
2020-11-08,San Bernardino,71,2135413,72689,68412,278,68690,1182
2020-11-08,San Diego,73,3302833,64195,60199,0,60199,908
2020-11-08,San Francisco,75,870044,13498,12985,67,13052,146
2020-11-08,San Joaquin,77,732212,23468,22514,334,22848,505
2020-11-08,San Luis Obispo,79,281455,5086,4698,57,4755,32
2020-11-08,San Mateo,81,765935,12416,11783,7,11790,169
2020-11-08,Santa Barbara,83,443738,10837,10180,134,10314,134
2020-11-08,Santa Clara,85,1922200,28192,26442,37,26479,410
2020-11-08,Santa Cruz,87,273765,3379,3134,38,3172,25
2020-11-08,Shasta,89,179085,3375,2582,44,2626,36
2020-11-08,Sierra,91,2930,10,7,0,7,0
2020-11-08,Siskiyou,93,43540,302,246,13,259,0
2020-11-08,Solano,95,438530,8536,8132,41,8173,85
2020-11-08,Sonoma,97,501317,10755,10229,35,10264,149
2020-11-08,Stanislaus,99,539301,18930,18413,981,19394,418
2020-11-08,Sutter,101,95872,2167,1980,4,1984,12
2020-11-08,Tehama,103,63373,1180,1054,1,1055,7
2020-11-08,Trinity,105,12862,96,46,9,55,0
2020-11-08,Tulare,107,460477,18873,18272,685,18957,304
2020-11-08,Tuolumne,109,53932,469,341,2,343,7
2020-11-08,Ventura,111,848112,16212,15504,470,15974,156
2020-11-08,Yolo,113,214977,3738,3492,9,3501,61
2020-11-08,Yuba,115,75493,1453,1369,6,1375,10
2020-11-07,Alameda,1,1643700,25546,24578,261,24839,424
2020-11-07,Alpine,3,1148,25,6,0,6,0
2020-11-07,Amador,5,37829,400,375,0,375,16
2020-11-07,Butte,7,227075,3443,3277,68,3345,57
2020-11-07,Calaveras,9,45235,365,360,0,360,21
2020-11-07,Colusa,11,21464,597,583,0,583,6
2020-11-07,Contra Costa,13,1133247,20805,19943,107,20050,254
2020-11-07,Del Norte,15,27424,206,194,0,194,2
2020-11-07,El Dorado,17,186661,1640,1495,7,1502,4
2020-11-07,Fresno,19,978130,35713,32497,639,33136,465
2020-11-07,Glenn,21,27897,763,707,8,715,3
2020-11-07,Humboldt,23,135768,640,590,1,591,9
2020-11-07,Imperial,25,180216,13825,13388,21,13409,338
2020-11-07,Inyo,27,18085,260,252,1,253,14
2020-11-07,Kern,29,883053,35737,34513,654,35167,448
2020-11-07,Kings,31,150075,9386,9005,82,9087,84
2020-11-07,Lake,33,64148,784,751,0,751,16
2020-11-07,Lassen,35,31185,858,799,2,801,0
2020-11-07,Los Angeles,37,10098052,327644,316756,3793,320549,7174
2020-11-07,Madera,39,155013,5391,5177,62,5239,54
2020-11-07,Marin,41,260295,7343,7215,21,7236,131
2020-11-07,Mariposa,43,17540,91,81,0,81,2
2020-11-07,Mendocino,45,87422,1203,1118,3,1121,22
2020-11-07,Merced,47,269075,10185,9855,57,9912,157
2020-11-07,Modoc,49,8938,70,51,12,63,0
2020-11-07,Mono,51,14174,457,352,7,359,2
2020-11-07,Monterey,53,433212,12644,12030,107,12137,98
2020-11-07,Napa,55,140530,2442,2260,6,2266,15
2020-11-07,Nevada,57,99092,815,710,20,730,9
2020-11-07,Orange,59,3164182,64998,62038,2001,64039,1505
2020-11-07,Placer,61,380077,5185,4745,31,4776,60
2020-11-07,Plumas,63,18699,127,94,0,94,0
2020-11-07,Riverside,65,2383286,74001,71153,820,71973,1345
2020-11-07,Sacramento,67,1510023,29239,27773,39,27812,515
2020-11-07,San Benito,69,59416,1557,1489,1,1490,15
2020-11-07,San Bernardino,71,2135413,72174,67935,267,68202,1182
2020-11-07,San Diego,73,3302833,63683,59682,0,59682,909
2020-11-07,San Francisco,75,870044,13438,12980,66,13046,146
2020-11-07,San Joaquin,77,732212,23360,22517,327,22844,505
2020-11-07,San Luis Obispo,79,281455,5037,4668,54,4722,32
2020-11-07,San Mateo,81,765935,12353,11711,7,11718,169
2020-11-07,Santa Barbara,83,443738,10795,10157,132,10289,134
2020-11-07,Santa Clara,85,1922200,27987,26244,36,26280,410
2020-11-07,Santa Cruz,87,273765,3341,3130,38,3168,25
2020-11-07,Shasta,89,179085,3306,2547,42,2589,36
2020-11-07,Sierra,91,2930,10,7,0,7,0
2020-11-07,Siskiyou,93,43540,298,241,13,254,0
2020-11-07,Solano,95,438530,8484,8066,41,8107,85
2020-11-07,Sonoma,97,501317,10709,10200,35,10235,149
2020-11-07,Stanislaus,99,539301,18822,18386,963,19349,418
2020-11-07,Sutter,101,95872,2127,1973,4,1977,12
2020-11-07,Tehama,103,63373,1156,1043,1,1044,7
2020-11-07,Trinity,105,12862,96,42,8,50,0
2020-11-07,Tulare,107,460477,18818,18229,667,18896,304
2020-11-07,Tuolumne,109,53932,458,327,2,329,7
2020-11-07,Ventura,111,848112,16152,15364,465,15829,156
2020-11-07,Yolo,113,214977,3707,3486,9,3495,61
2020-11-07,Yuba,115,75493,1438,1349,6,1355,10
2020-11-06,Alameda,1,1643700,25414,24389,259,24648,420
2020-11-06,Alpine,3,1148,25,6,0,6,0
2020-11-06,Amador,5,37829,398,369,0,369,16
2020-11-06,Butte,7,227075,3418,3254,60,3314,57
2020-11-06,Calaveras,9,45235,364,359,0,359,21
2020-11-06,Colusa,11,21464,595,580,0,580,6
2020-11-06,Contra Costa,13,1133247,20656,19744,107,19851,252
2020-11-06,Del Norte,15,27424,203,194,0,194,2
2020-11-06,El Dorado,17,186661,1614,1475,7,1482,4
2020-11-06,Fresno,19,978130,35525,32278,622,32900,460
2020-11-06,Glenn,21,27897,757,707,7,714,3
2020-11-06,Humboldt,23,135768,637,587,1,588,9
2020-11-06,Imperial,25,180216,13772,13230,21,13251,338
2020-11-06,Inyo,27,18085,258,246,1,247,14
2020-11-06,Kern,29,883053,35574,34360,635,34995,443
2020-11-06,Kings,31,150075,9363,8883,79,8962,83
2020-11-06,Lake,33,64148,783,741,0,741,16
2020-11-06,Lassen,35,31185,850,794,2,796,0
2020-11-06,Los Angeles,37,10098052,325676,314356,3737,318093,7160
2020-11-06,Madera,39,155013,5375,5136,61,5197,54
2020-11-06,Marin,41,260295,7322,7184,21,7205,131
2020-11-06,Mariposa,43,17540,90,79,0,79,2
2020-11-06,Mendocino,45,87422,1198,1113,3,1116,22
2020-11-06,Merced,47,269075,10146,9778,53,9831,157
2020-11-06,Modoc,49,8938,70,48,12,60,0
2020-11-06,Mono,51,14174,452,308,7,315,1
2020-11-06,Monterey,53,433212,12527,11914,106,12020,96
2020-11-06,Napa,55,140530,2417,2189,6,2195,15
2020-11-06,Nevada,57,99092,802,692,19,711,9
2020-11-06,Orange,59,3164182,64695,61049,1992,63041,1494
2020-11-06,Placer,61,380077,5110,4680,31,4711,60
2020-11-06,Plumas,63,18699,122,90,0,90,0
2020-11-06,Riverside,65,2383286,73554,70409,776,71185,1341
2020-11-06,Sacramento,67,1510023,28949,27489,37,27526,514
2020-11-06,San Benito,69,59416,1548,1479,1,1480,15
2020-11-06,San Bernardino,71,2135413,71580,66740,246,66986,1179
2020-11-06,San Diego,73,3302833,63160,59143,0,59143,907
2020-11-06,San Francisco,75,870044,13369,12825,64,12889,146
2020-11-06,San Joaquin,77,732212,23274,22424,317,22741,502
2020-11-06,San Luis Obispo,79,281455,4973,4531,48,4579,32
2020-11-06,San Mateo,81,765935,12279,11587,7,11594,168
2020-11-06,Santa Barbara,83,443738,10759,10118,127,10245,133
2020-11-06,Santa Clara,85,1922200,27744,25831,36,25867,402
2020-11-06,Santa Cruz,87,273765,3304,3063,38,3101,25
2020-11-06,Shasta,89,179085,3234,2475,40,2515,35
2020-11-06,Sierra,91,2930,9,7,0,7,0
2020-11-06,Siskiyou,93,43540,285,237,12,249,0
2020-11-06,Solano,95,438530,8419,7959,41,8000,85
2020-11-06,Sonoma,97,501317,10659,10142,35,10177,149
2020-11-06,Stanislaus,99,539301,18734,18250,954,19204,417
2020-11-06,Sutter,101,95872,2100,1937,2,1939,12
2020-11-06,Tehama,103,63373,1135,1024,1,1025,6
2020-11-06,Trinity,105,12862,93,41,8,49,0
2020-11-06,Tulare,107,460477,18756,18136,640,18776,300
2020-11-06,Tuolumne,109,53932,437,316,2,318,5
2020-11-06,Ventura,111,848112,16066,15222,462,15684,154
2020-11-06,Yolo,113,214977,3678,3420,9,3429,62
2020-11-06,Yuba,115,75493,1425,1335,6,1341,10
2020-11-05,Alameda,1,1643700,25236,24270,259,24529,420
2020-11-05,Alpine,3,1148,25,6,0,6,0
2020-11-05,Amador,5,37829,395,363,0,363,16
2020-11-05,Butte,7,227075,3395,3239,54,3293,57
2020-11-05,Calaveras,9,45235,357,333,0,333,19
2020-11-05,Colusa,11,21464,591,574,0,574,6
2020-11-05,Contra Costa,13,1133247,20474,19656,105,19761,252
2020-11-05,Del Norte,15,27424,201,192,0,192,2
2020-11-05,El Dorado,17,186661,1590,1466,7,1473,4
2020-11-05,Fresno,19,978130,35290,32056,599,32655,460
2020-11-05,Glenn,21,27897,737,702,7,709,3
2020-11-05,Humboldt,23,135768,626,581,1,582,9
2020-11-05,Imperial,25,180216,13680,13178,20,13198,337
2020-11-05,Inyo,27,18085,258,247,1,248,14
2020-11-05,Kern,29,883053,35374,34232,621,34853,443
2020-11-05,Kings,31,150075,9208,8846,76,8922,83
2020-11-05,Lake,33,64148,779,739,0,739,16
2020-11-05,Lassen,35,31185,819,782,2,784,0
2020-11-05,Los Angeles,37,10098052,323324,312381,3681,316062,7146
2020-11-05,Madera,39,155013,5337,5129,58,5187,54
2020-11-05,Marin,41,260295,7300,7171,21,7192,131
2020-11-05,Mariposa,43,17540,89,79,0,79,2
2020-11-05,Mendocino,45,87422,1186,1112,3,1115,22
2020-11-05,Merced,47,269075,10087,9753,48,9801,155
2020-11-05,Modoc,49,8938,69,47,11,58,0
2020-11-05,Mono,51,14174,450,307,7,314,1
2020-11-05,Monterey,53,433212,12419,11784,102,11886,96
2020-11-05,Napa,55,140530,2390,2158,6,2164,15
2020-11-05,Nevada,57,99092,780,687,18,705,9
2020-11-05,Orange,59,3164182,64250,60740,1982,62722,1484
2020-11-05,Placer,61,380077,5043,4627,26,4653,60
2020-11-05,Plumas,63,18699,114,90,0,90,0
2020-11-05,Riverside,65,2383286,72844,70094,716,70810,1338
2020-11-05,Sacramento,67,1510023,28566,27232,36,27268,512
2020-11-05,San Benito,69,59416,1533,1477,1,1478,15
2020-11-05,San Bernardino,71,2135413,70754,66407,231,66638,1174
2020-11-05,San Diego,73,3302833,62534,58659,0,58659,904
2020-11-05,San Francisco,75,870044,13257,12726,63,12789,146
2020-11-05,San Joaquin,77,732212,23111,22318,312,22630,502
2020-11-05,San Luis Obispo,79,281455,4905,4459,46,4505,32
2020-11-05,San Mateo,81,765935,12185,11535,7,11542,168
2020-11-05,Santa Barbara,83,443738,10715,10080,122,10202,133
2020-11-05,Santa Clara,85,1922200,27476,25651,36,25687,402
2020-11-05,Santa Cruz,87,273765,3266,3023,38,3061,25
2020-11-05,Shasta,89,179085,3144,2401,39,2440,34
2020-11-05,Sierra,91,2930,9,6,0,6,0
2020-11-05,Siskiyou,93,43540,274,228,12,240,0
2020-11-05,Solano,95,438530,8336,7842,41,7883,85
2020-11-05,Sonoma,97,501317,10547,10064,34,10098,145
2020-11-05,Stanislaus,99,539301,18621,18194,941,19135,417
2020-11-05,Sutter,101,95872,2068,1925,2,1927,12
2020-11-05,Tehama,103,63373,1113,1015,1,1016,6
2020-11-05,Trinity,105,12862,79,41,8,49,0
2020-11-05,Tulare,107,460477,18672,18049,607,18656,301
2020-11-05,Tuolumne,109,53932,408,312,2,314,5
2020-11-05,Ventura,111,848112,15900,15113,451,15564,155
2020-11-05,Yolo,113,214977,3628,3391,9,3400,61
2020-11-05,Yuba,115,75493,1407,1322,6,1328,10
2020-11-04,Alameda,1,1643700,25058,24172,257,24429,418
2020-11-04,Alpine,3,1148,21,5,0,5,0
2020-11-04,Amador,5,37829,392,362,0,362,16
2020-11-04,Butte,7,227075,3369,3218,51,3269,57
2020-11-04,Calaveras,9,45235,354,290,0,290,19
2020-11-04,Colusa,11,21464,589,571,0,571,6
2020-11-04,Contra Costa,13,1133247,20309,19472,101,19573,251
2020-11-04,Del Norte,15,27424,197,188,0,188,2
2020-11-04,El Dorado,17,186661,1575,1448,4,1452,4
2020-11-04,Fresno,19,978130,35060,31952,570,32522,457
2020-11-04,Glenn,21,27897,733,701,6,707,3
2020-11-04,Humboldt,23,135768,617,571,1,572,9
2020-11-04,Imperial,25,180216,13582,13087,20,13107,335
2020-11-04,Inyo,27,18085,257,247,1,248,14
2020-11-04,Kern,29,883053,35221,34027,609,34636,439
2020-11-04,Kings,31,150075,9174,8817,74,8891,83
2020-11-04,Lake,33,64148,772,735,0,735,16
2020-11-04,Lassen,35,31185,814,781,2,783,0
2020-11-04,Los Angeles,37,10098052,321024,310456,3592,314048,7124
2020-11-04,Madera,39,155013,5317,5083,54,5137,54
2020-11-04,Marin,41,260295,7289,7157,21,7178,131
2020-11-04,Mariposa,43,17540,89,79,0,79,2
2020-11-04,Mendocino,45,87422,1168,1089,3,1092,22
2020-11-04,Merced,47,269075,10037,9717,46,9763,153
2020-11-04,Modoc,49,8938,59,47,11,58,0
2020-11-04,Mono,51,14174,447,237,6,243,1
2020-11-04,Monterey,53,433212,12215,11743,95,11838,96
2020-11-04,Napa,55,140530,2336,2133,6,2139,15
2020-11-04,Nevada,57,99092,761,675,18,693,9
2020-11-04,Orange,59,3164182,63818,60463,1958,62421,1483
2020-11-04,Placer,61,380077,4965,4526,23,4549,60
2020-11-04,Plumas,63,18699,112,88,0,88,0
2020-11-04,Riverside,65,2383286,72229,69562,655,70217,1335
2020-11-04,Sacramento,67,1510023,28219,27005,35,27040,510
2020-11-04,San Benito,69,59416,1518,1464,1,1465,15
2020-11-04,San Bernardino,71,2135413,69959,65891,206,66097,1169
2020-11-04,San Diego,73,3302833,61889,58126,0,58126,904
2020-11-04,San Francisco,75,870044,13173,12649,60,12709,146
2020-11-04,San Joaquin,77,732212,22974,22197,299,22496,500
2020-11-04,San Luis Obispo,79,281455,4838,4389,44,4433,32
2020-11-04,San Mateo,81,765935,12090,11456,7,11463,168
2020-11-04,Santa Barbara,83,443738,10677,10026,121,10147,132
2020-11-04,Santa Clara,85,1922200,27215,25487,36,25523,393
2020-11-04,Santa Cruz,87,273765,3229,2997,38,3035,25
2020-11-04,Shasta,89,179085,3013,2321,34,2355,34
2020-11-04,Sierra,91,2930,9,6,0,6,0
2020-11-04,Siskiyou,93,43540,265,222,12,234,0
2020-11-04,Solano,95,438530,8237,7733,41,7774,85
2020-11-04,Sonoma,97,501317,10453,9965,34,9999,142
2020-11-04,Stanislaus,99,539301,18505,18114,925,19039,416
2020-11-04,Sutter,101,95872,2034,1916,2,1918,12
2020-11-04,Tehama,103,63373,1089,997,1,998,6
2020-11-04,Trinity,105,12862,77,37,8,45,0
2020-11-04,Tulare,107,460477,18564,17952,579,18531,298
2020-11-04,Tuolumne,109,53932,386,310,2,312,5
2020-11-04,Ventura,111,848112,15760,14936,447,15383,155
2020-11-04,Yolo,113,214977,3587,3361,9,3370,62
2020-11-04,Yuba,115,75493,1386,1312,6,1318,10
2020-11-03,Alameda,1,1643700,24874,24055,255,24310,418
2020-11-03,Alpine,3,1148,20,4,0,4,0
2020-11-03,Amador,5,37829,387,361,0,361,16
2020-11-03,Butte,7,227075,3346,3211,45,3256,57
2020-11-03,Calaveras,9,45235,350,287,0,287,19
2020-11-03,Colusa,11,21464,584,572,0,572,6
2020-11-03,Contra Costa,13,1133247,20154,19416,101,19517,250
2020-11-03,Del Norte,15,27424,196,187,0,187,2
2020-11-03,El Dorado,17,186661,1553,1445,3,1448,4
2020-11-03,Fresno,19,978130,34795,31856,545,32401,457
2020-11-03,Glenn,21,27897,727,698,6,704,3
2020-11-03,Humboldt,23,135768,611,570,1,571,8
2020-11-03,Imperial,25,180216,13493,13044,19,13063,335
2020-11-03,Inyo,27,18085,256,244,1,245,14
2020-11-03,Kern,29,883053,35031,33957,597,34554,439
2020-11-03,Kings,31,150075,9011,8783,69,8852,83
2020-11-03,Lake,33,64148,762,732,0,732,16
2020-11-03,Lassen,35,31185,805,782,2,784,0
2020-11-03,Los Angeles,37,10098052,318574,308812,3517,312329,7104
2020-11-03,Madera,39,155013,5281,5058,53,5111,54
2020-11-03,Marin,41,260295,7269,7147,20,7167,131
2020-11-03,Mariposa,43,17540,88,79,0,79,2
2020-11-03,Mendocino,45,87422,1153,1084,3,1087,22
2020-11-03,Merced,47,269075,9985,9713,45,9758,153
2020-11-03,Modoc,49,8938,57,47,9,56,0
2020-11-03,Mono,51,14174,443,210,6,216,1
2020-11-03,Monterey,53,433212,12147,11703,88,11791,94
2020-11-03,Napa,55,140530,2300,2130,6,2136,15
2020-11-03,Nevada,57,99092,741,670,17,687,9
2020-11-03,Orange,59,3164182,63391,60283,1947,62230,1477
2020-11-03,Placer,61,380077,4891,4514,23,4537,60
2020-11-03,Plumas,63,18699,109,86,0,86,0
2020-11-03,Riverside,65,2383286,71614,69300,627,69927,1325
2020-11-03,Sacramento,67,1510023,27837,26841,34,26875,510
2020-11-03,San Benito,69,59416,1508,1463,1,1464,15
2020-11-03,San Bernardino,71,2135413,69152,65320,202,65522,1159
2020-11-03,San Diego,73,3302833,61213,57722,0,57722,901
2020-11-03,San Francisco,75,870044,13050,12585,59,12644,146
2020-11-03,San Joaquin,77,732212,22840,22109,293,22402,500
2020-11-03,San Luis Obispo,79,281455,4755,4371,42,4413,32
2020-11-03,San Mateo,81,765935,11996,11406,7,11413,162
2020-11-03,Santa Barbara,83,443738,10623,10008,115,10123,132
2020-11-03,Santa Clara,85,1922200,26940,25386,35,25421,393
2020-11-03,Santa Cruz,87,273765,3179,2980,37,3017,25
2020-11-03,Shasta,89,179085,2918,2288,28,2316,33
2020-11-03,Sierra,91,2930,7,6,0,6,0
2020-11-03,Siskiyou,93,43540,261,219,11,230,0
2020-11-03,Solano,95,438530,8154,7691,41,7732,85
2020-11-03,Sonoma,97,501317,10351,9906,34,9940,142
2020-11-03,Stanislaus,99,539301,18387,18080,912,18992,416
2020-11-03,Sutter,101,95872,2001,1914,2,1916,12
2020-11-03,Tehama,103,63373,1068,988,1,989,6
2020-11-03,Trinity,105,12862,71,36,7,43,0
2020-11-03,Tulare,107,460477,18461,17890,551,18441,297
2020-11-03,Tuolumne,109,53932,363,302,2,304,5
2020-11-03,Ventura,111,848112,15633,14816,440,15256,155
2020-11-03,Yolo,113,214977,3536,3343,9,3352,61
2020-11-03,Yuba,115,75493,1373,1295,6,1301,10
2020-11-02,Alameda,1,1643700,24678,23991,252,24243,419
2020-11-02,Alpine,3,1148,17,4,0,4,0
2020-11-02,Amador,5,37829,379,357,0,357,16
2020-11-02,Butte,7,227075,3326,3198,42,3240,57
2020-11-02,Calaveras,9,45235,350,282,0,282,18
2020-11-02,Colusa,11,21464,579,571,0,571,6
2020-11-02,Contra Costa,13,1133247,20000,19339,100,19439,250
2020-11-02,Del Norte,15,27424,193,175,0,175,2
2020-11-02,El Dorado,17,186661,1529,1405,3,1408,4
2020-11-02,Fresno,19,978130,34529,31738,528,32266,451
2020-11-02,Glenn,21,27897,721,692,5,697,3
2020-11-02,Humboldt,23,135768,602,569,1,570,8
2020-11-02,Imperial,25,180216,13413,13004,18,13022,334
2020-11-02,Inyo,27,18085,253,243,1,244,14
2020-11-02,Kern,29,883053,34875,33834,587,34421,437
2020-11-02,Kings,31,150075,8981,8654,66,8720,82
2020-11-02,Lake,33,64148,756,728,0,728,17
2020-11-02,Lassen,35,31185,797,782,2,784,0
2020-11-02,Los Angeles,37,10098052,316231,307620,3436,311056,7079
2020-11-02,Madera,39,155013,5251,5033,52,5085,54
2020-11-02,Marin,41,260295,7251,7132,19,7151,125
2020-11-02,Mariposa,43,17540,88,79,0,79,2
2020-11-02,Mendocino,45,87422,1139,1076,3,1079,21
2020-11-02,Merced,47,269075,9923,9664,39,9703,152
2020-11-02,Modoc,49,8938,54,45,5,50,0
2020-11-02,Mono,51,14174,441,211,6,217,1
2020-11-02,Monterey,53,433212,12040,11602,85,11687,93
2020-11-02,Napa,55,140530,2258,2081,6,2087,15
2020-11-02,Nevada,57,99092,725,656,17,673,9
2020-11-02,Orange,59,3164182,62988,59996,1929,61925,1474
2020-11-02,Placer,61,380077,4822,4461,21,4482,60
2020-11-02,Plumas,63,18699,101,86,0,86,0
2020-11-02,Riverside,65,2383286,70983,68833,586,69419,1321
2020-11-02,Sacramento,67,1510023,27497,26676,32,26708,508
2020-11-02,San Benito,69,59416,1496,1459,1,1460,15
2020-11-02,San Bernardino,71,2135413,68297,64629,195,64824,1157
2020-11-02,San Diego,73,3302833,60490,57429,0,57429,891
2020-11-02,San Francisco,75,870044,12953,12436,58,12494,145
2020-11-02,San Joaquin,77,732212,22701,21919,284,22203,500
2020-11-02,San Luis Obispo,79,281455,4654,4303,39,4342,31
2020-11-02,San Mateo,81,765935,11887,11328,7,11335,161
2020-11-02,Santa Barbara,83,443738,10582,9985,110,10095,130
2020-11-02,Santa Clara,85,1922200,26651,25222,35,25257,387
2020-11-02,Santa Cruz,87,273765,3137,2943,37,2980,25
2020-11-02,Shasta,89,179085,2813,2174,24,2198,33
2020-11-02,Sierra,91,2930,7,6,0,6,0
2020-11-02,Siskiyou,93,43540,251,216,11,227,0
2020-11-02,Solano,95,438530,8036,7665,41,7706,84
2020-11-02,Sonoma,97,501317,10267,9796,33,9829,140
2020-11-02,Stanislaus,99,539301,18291,18005,903,18908,412
2020-11-02,Sutter,101,95872,1977,1895,2,1897,12
2020-11-02,Tehama,103,63373,1045,971,1,972,6
2020-11-02,Trinity,105,12862,67,30,7,37,0
2020-11-02,Tulare,107,460477,18371,17774,529,18303,299
2020-11-02,Tuolumne,109,53932,343,302,2,304,5
2020-11-02,Ventura,111,848112,15498,14767,420,15187,156
2020-11-02,Yolo,113,214977,3487,3318,9,3327,61
2020-11-02,Yuba,115,75493,1360,1280,6,1286,10
2020-11-01,Alameda,1,1643700,24516,23892,250,24142,419
2020-11-01,Alpine,3,1148,11,4,0,4,0
2020-11-01,Amador,5,37829,376,352,0,352,16
2020-11-01,Butte,7,227075,3303,3185,40,3225,57
2020-11-01,Calaveras,9,45235,349,282,0,282,18
2020-11-01,Colusa,11,21464,577,567,0,567,6
2020-11-01,Contra Costa,13,1133247,19826,19246,99,19345,250
2020-11-01,Del Norte,15,27424,189,175,0,175,2
2020-11-01,El Dorado,17,186661,1513,1394,3,1397,4
2020-11-01,Fresno,19,978130,34275,31613,510,32123,451
2020-11-01,Glenn,21,27897,712,688,3,691,3
2020-11-01,Humboldt,23,135768,594,568,1,569,8
2020-11-01,Imperial,25,180216,13322,12969,16,12985,334
2020-11-01,Inyo,27,18085,251,241,1,242,14
2020-11-01,Kern,29,883053,34695,33760,475,34235,437
2020-11-01,Kings,31,150075,8943,8641,65,8706,82
2020-11-01,Lake,33,64148,750,727,0,727,17
2020-11-01,Lassen,35,31185,797,782,2,784,0
2020-11-01,Los Angeles,37,10098052,313671,306217,3337,309554,7077
2020-11-01,Madera,39,155013,5204,5019,50,5069,54
2020-11-01,Marin,41,260295,7234,7124,19,7143,125
2020-11-01,Mariposa,43,17540,84,79,0,79,2
2020-11-01,Mendocino,45,87422,1126,1074,3,1077,21
2020-11-01,Merced,47,269075,9862,9626,39,9665,152
2020-11-01,Modoc,49,8938,53,45,5,50,0
2020-11-01,Mono,51,14174,411,211,5,216,1
2020-11-01,Monterey,53,433212,11932,11587,82,11669,93
2020-11-01,Napa,55,140530,2224,2067,6,2073,15
2020-11-01,Nevada,57,99092,709,646,16,662,9
2020-11-01,Orange,59,3164182,62586,59733,1901,61634,1475
2020-11-01,Placer,61,380077,4758,4422,20,4442,58
2020-11-01,Plumas,63,18699,96,86,0,86,0
2020-11-01,Riverside,65,2383286,70355,68493,550,69043,1319
2020-11-01,Sacramento,67,1510023,27179,26442,32,26474,508
2020-11-01,San Benito,69,59416,1481,1451,1,1452,15
2020-11-01,San Bernardino,71,2135413,67457,64339,175,64514,1157
2020-11-01,San Diego,73,3302833,59803,57122,0,57122,891
2020-11-01,San Francisco,75,870044,12831,12436,53,12489,145
2020-11-01,San Joaquin,77,732212,22574,21919,277,22196,500
2020-11-01,San Luis Obispo,79,281455,4574,4303,38,4341,31
2020-11-01,San Mateo,81,765935,11807,11280,7,11287,160
2020-11-01,Santa Barbara,83,443738,10531,9969,94,10063,130
2020-11-01,Santa Clara,85,1922200,26374,25090,35,25125,386
2020-11-01,Santa Cruz,87,273765,3084,2921,37,2958,25
2020-11-01,Shasta,89,179085,2677,2172,23,2195,33
2020-11-01,Sierra,91,2930,7,6,0,6,0
2020-11-01,Siskiyou,93,43540,246,205,11,216,0
2020-11-01,Solano,95,438530,7946,7591,41,7632,84
2020-11-01,Sonoma,97,501317,10175,9688,33,9721,140
2020-11-01,Stanislaus,99,539301,18190,17961,883,18844,412
2020-11-01,Sutter,101,95872,1951,1888,1,1889,12
2020-11-01,Tehama,103,63373,1028,965,1,966,5
2020-11-01,Trinity,105,12862,65,30,6,36,0
2020-11-01,Tulare,107,460477,18259,17774,498,18272,299
2020-11-01,Tuolumne,109,53932,321,295,2,297,5
2020-11-01,Ventura,111,848112,15352,14686,385,15071,156
2020-11-01,Yolo,113,214977,3438,3303,9,3312,60
2020-11-01,Yuba,115,75493,1343,1273,6,1279,10
2020-10-31,Alameda,1,1643700,24401,23780,246,24026,416
2020-10-31,Alpine,3,1148,11,4,0,4,0
2020-10-31,Amador,5,37829,372,347,0,347,16
2020-10-31,Butte,7,227075,3290,3172,38,3210,57
2020-10-31,Calaveras,9,45235,349,280,0,280,18
2020-10-31,Colusa,11,21464,575,555,0,555,6
2020-10-31,Contra Costa,13,1133247,19720,19161,99,19260,249
2020-10-31,Del Norte,15,27424,188,175,0,175,2
2020-10-31,El Dorado,17,186661,1504,1390,3,1393,4
2020-10-31,Fresno,19,978130,34139,31558,506,32064,451
2020-10-31,Glenn,21,27897,710,678,3,681,3
2020-10-31,Humboldt,23,135768,591,561,1,562,8
2020-10-31,Imperial,25,180216,13280,12912,16,12928,334
2020-10-31,Inyo,27,18085,250,241,1,242,14
2020-10-31,Kern,29,883053,34593,33666,465,34131,437
2020-10-31,Kings,31,150075,8922,8612,63,8675,82
2020-10-31,Lake,33,64148,746,724,0,724,16
2020-10-31,Lassen,35,31185,792,782,2,784,0
2020-10-31,Los Angeles,37,10098052,312303,304704,3292,307996,7073
2020-10-31,Madera,39,155013,5187,5013,47,5060,54
2020-10-31,Marin,41,260295,7218,7112,19,7131,125
2020-10-31,Mariposa,43,17540,84,79,0,79,2
2020-10-31,Mendocino,45,87422,1118,1066,3,1069,21
2020-10-31,Merced,47,269075,9829,9597,38,9635,151
2020-10-31,Modoc,49,8938,52,34,4,38,0
2020-10-31,Mono,51,14174,262,194,4,198,1
2020-10-31,Monterey,53,433212,11864,11539,78,11617,93
2020-10-31,Napa,55,140530,2205,2040,6,2046,15
2020-10-31,Nevada,57,99092,691,644,16,660,9
2020-10-31,Orange,59,3164182,62327,59488,1883,61371,1473
2020-10-31,Placer,61,380077,4709,4374,19,4393,58
2020-10-31,Plumas,63,18699,95,85,0,85,0
2020-10-31,Riverside,65,2383286,69999,68178,527,68705,1319
2020-10-31,Sacramento,67,1510023,26979,26316,30,26346,507
2020-10-31,San Benito,69,59416,1474,1448,1,1449,15
2020-10-31,San Bernardino,71,2135413,67032,64016,165,64181,1157
2020-10-31,San Diego,73,3302833,59350,56769,0,56769,891
2020-10-31,San Francisco,75,870044,12757,12438,52,12490,145
2020-10-31,San Joaquin,77,732212,22499,21918,267,22185,500
2020-10-31,San Luis Obispo,79,281455,4505,4285,35,4320,31
2020-10-31,San Mateo,81,765935,11755,11253,7,11260,160
2020-10-31,Santa Barbara,83,443738,10503,9957,86,10043,130
2020-10-31,Santa Clara,85,1922200,26206,24957,35,24992,379
2020-10-31,Santa Cruz,87,273765,3049,2895,36,2931,25
2020-10-31,Shasta,89,179085,2627,2122,22,2144,33
2020-10-31,Sierra,91,2930,7,6,0,6,0
2020-10-31,Siskiyou,93,43540,244,200,11,211,0
2020-10-31,Solano,95,438530,7882,7545,41,7586,84
2020-10-31,Sonoma,97,501317,10122,9648,33,9681,140
2020-10-31,Stanislaus,99,539301,18128,17920,866,18786,412
2020-10-31,Sutter,101,95872,1942,1876,1,1877,12
2020-10-31,Tehama,103,63373,1018,953,1,954,5
2020-10-31,Trinity,105,12862,62,30,6,36,0
2020-10-31,Tulare,107,460477,18210,17758,490,18248,299
2020-10-31,Tuolumne,109,53932,315,290,2,292,5
2020-10-31,Ventura,111,848112,15269,14635,366,15001,155
2020-10-31,Yolo,113,214977,3403,3290,9,3299,60
2020-10-31,Yuba,115,75493,1327,1260,5,1265,10
2020-10-30,Alameda,1,1643700,24322,23676,243,23919,401
2020-10-30,Alpine,3,1148,11,4,0,4,0
2020-10-30,Amador,5,37829,372,344,0,344,16
2020-10-30,Butte,7,227075,3285,3160,38,3198,57
2020-10-30,Calaveras,9,45235,348,279,0,279,18
2020-10-30,Colusa,11,21464,573,554,0,554,6
2020-10-30,Contra Costa,13,1133247,19648,19074,99,19173,249
2020-10-30,Del Norte,15,27424,187,175,0,175,2
2020-10-30,El Dorado,17,186661,1491,1386,3,1389,4
2020-10-30,Fresno,19,978130,34019,31409,498,31907,446
2020-10-30,Glenn,21,27897,704,674,2,676,3
2020-10-30,Humboldt,23,135768,590,561,1,562,7
2020-10-30,Imperial,25,180216,13239,12853,16,12869,334
2020-10-30,Inyo,27,18085,249,241,1,242,14
2020-10-30,Kern,29,883053,34500,33583,464,34047,437
2020-10-30,Kings,31,150075,8912,8564,61,8625,82
2020-10-30,Lake,33,64148,746,720,0,720,16
2020-10-30,Lassen,35,31185,786,777,2,779,0
2020-10-30,Los Angeles,37,10098052,310869,303425,3253,306678,7060
2020-10-30,Madera,39,155013,5175,4991,45,5036,54
2020-10-30,Marin,41,260295,7198,7097,19,7116,125
2020-10-30,Mariposa,43,17540,84,78,0,78,2
2020-10-30,Mendocino,45,87422,1116,1062,3,1065,21
2020-10-30,Merced,47,269075,9797,9539,38,9577,150
2020-10-30,Modoc,49,8938,51,34,3,37,0
2020-10-30,Mono,51,14174,261,193,4,197,1
2020-10-30,Monterey,53,433212,11802,11491,72,11563,92
2020-10-30,Napa,55,140530,2187,2028,6,2034,15
2020-10-30,Nevada,57,99092,685,634,16,650,9
2020-10-30,Orange,59,3164182,62086,59334,1870,61204,1469
2020-10-30,Placer,61,380077,4662,4335,19,4354,58
2020-10-30,Plumas,63,18699,92,80,0,80,0
2020-10-30,Riverside,65,2383286,69658,67752,507,68259,1317
2020-10-30,Sacramento,67,1510023,26832,26147,30,26177,505
2020-10-30,San Benito,69,59416,1468,1440,1,1441,15
2020-10-30,San Bernardino,71,2135413,66616,63512,164,63676,1156
2020-10-30,San Diego,73,3302833,58945,56387,0,56387,888
2020-10-30,San Francisco,75,870044,12702,12384,52,12436,145
2020-10-30,San Joaquin,77,732212,22433,21849,260,22109,500
2020-10-30,San Luis Obispo,79,281455,4462,4256,35,4291,31
2020-10-30,San Mateo,81,765935,11696,11207,7,11214,159
2020-10-30,Santa Barbara,83,443738,10480,9937,86,10023,128
2020-10-30,Santa Clara,85,1922200,26057,24811,35,24846,378
2020-10-30,Santa Cruz,87,273765,3031,2874,36,2910,25
2020-10-30,Shasta,89,179085,2583,2048,21,2069,32
2020-10-30,Sierra,91,2930,7,6,0,6,0
2020-10-30,Siskiyou,93,43540,244,192,11,203,0
2020-10-30,Solano,95,438530,7821,7497,41,7538,84
2020-10-30,Sonoma,97,501317,10048,9602,32,9634,140
2020-10-30,Stanislaus,99,539301,18082,17861,849,18710,410
2020-10-30,Sutter,101,95872,1929,1860,1,1861,12
2020-10-30,Tehama,103,63373,1014,932,1,933,5
2020-10-30,Trinity,105,12862,62,29,6,35,0
2020-10-30,Tulare,107,460477,18167,17682,472,18154,299
2020-10-30,Tuolumne,109,53932,308,286,2,288,4
2020-10-30,Ventura,111,848112,15198,14578,351,14929,154
2020-10-30,Yolo,113,214977,3386,3263,9,3272,60
2020-10-30,Yuba,115,75493,1319,1256,5,1261,10
2020-10-29,Alameda,1,1643700,24159,23530,242,23772,401
2020-10-29,Alpine,3,1148,8,4,0,4,0
2020-10-29,Amador,5,37829,368,338,0,338,16
2020-10-29,Butte,7,227075,3267,3143,37,3180,57
2020-10-29,Calaveras,9,45235,346,278,0,278,13
2020-10-29,Colusa,11,21464,569,552,0,552,6
2020-10-29,Contra Costa,13,1133247,19549,18933,98,19031,249
2020-10-29,Del Norte,15,27424,185,174,0,174,2
2020-10-29,El Dorado,17,186661,1469,1370,3,1373,4
2020-10-29,Fresno,19,978130,33864,31321,490,31811,445
2020-10-29,Glenn,21,27897,702,673,2,675,3
2020-10-29,Humboldt,23,135768,585,559,1,560,7
2020-10-29,Imperial,25,180216,13195,12769,16,12785,334
2020-10-29,Inyo,27,18085,247,238,1,239,14
2020-10-29,Kern,29,883053,34399,33460,459,33919,437
2020-10-29,Kings,31,150075,8758,8502,60,8562,82
2020-10-29,Lake,33,64148,743,702,0,702,16
2020-10-29,Lassen,35,31185,785,772,2,774,0
2020-10-29,Los Angeles,37,10098052,309249,302246,3200,305446,7046
2020-10-29,Madera,39,155013,5146,4970,43,5013,53
2020-10-29,Marin,41,260295,7185,7083,19,7102,125
2020-10-29,Mariposa,43,17540,82,78,0,78,2
2020-10-29,Mendocino,45,87422,1110,1058,3,1061,21
2020-10-29,Merced,47,269075,9744,9496,38,9534,150
2020-10-29,Modoc,49,8938,49,31,3,34,0
2020-10-29,Mono,51,14174,254,176,4,180,1
2020-10-29,Monterey,53,433212,11721,11425,70,11495,92
2020-10-29,Napa,55,140530,2163,2009,6,2015,15
2020-10-29,Nevada,57,99092,678,632,16,648,9
2020-10-29,Orange,59,3164182,61818,59046,1850,60896,1464
2020-10-29,Placer,61,380077,4617,4270,17,4287,58
2020-10-29,Plumas,63,18699,90,69,0,69,0
2020-10-29,Riverside,65,2383286,69283,67268,478,67746,1304
2020-10-29,Sacramento,67,1510023,26620,25978,29,26007,507
2020-10-29,San Benito,69,59416,1463,1431,1,1432,15
2020-10-29,San Bernardino,71,2135413,66048,62968,154,63122,1150
2020-10-29,San Diego,73,3302833,58481,55916,0,55916,885
2020-10-29,San Francisco,75,870044,12623,12312,52,12364,145
2020-10-29,San Joaquin,77,732212,22350,21736,247,21983,498
2020-10-29,San Luis Obispo,79,281455,4432,4223,33,4256,31
2020-10-29,San Mateo,81,765935,11650,11145,7,11152,157
2020-10-29,Santa Barbara,83,443738,10447,9902,84,9986,128
2020-10-29,Santa Clara,85,1922200,25905,24614,35,24649,377
2020-10-29,Santa Cruz,87,273765,3007,2850,36,2886,24
2020-10-29,Shasta,89,179085,2520,2008,21,2029,32
2020-10-29,Sierra,91,2930,6,6,0,6,0
2020-10-29,Siskiyou,93,43540,228,185,11,196,0
2020-10-29,Solano,95,438530,7758,7453,41,7494,78
2020-10-29,Sonoma,97,501317,9984,9533,32,9565,140
2020-10-29,Stanislaus,99,539301,18029,17790,827,18617,410
2020-10-29,Sutter,101,95872,1921,1852,1,1853,12
2020-10-29,Tehama,103,63373,996,925,1,926,5
2020-10-29,Trinity,105,12862,57,28,6,34,0
2020-10-29,Tulare,107,460477,18091,17627,452,18079,299
2020-10-29,Tuolumne,109,53932,303,279,2,281,4
2020-10-29,Ventura,111,848112,15108,14486,346,14832,154
2020-10-29,Yolo,113,214977,3357,3246,9,3255,60
2020-10-29,Yuba,115,75493,1308,1248,5,1253,10
2020-10-28,Alameda,1,1643700,24059,23468,241,23709,400
2020-10-28,Alpine,3,1148,7,4,0,4,0
2020-10-28,Amador,5,37829,365,337,0,337,16
2020-10-28,Butte,7,227075,3251,3134,34,3168,56
2020-10-28,Calaveras,9,45235,345,278,0,278,13
2020-10-28,Colusa,11,21464,566,551,0,551,6
2020-10-28,Contra Costa,13,1133247,19462,18828,97,18925,246
2020-10-28,Del Norte,15,27424,182,173,0,173,2
2020-10-28,El Dorado,17,186661,1457,1363,3,1366,4
2020-10-28,Fresno,19,978130,33745,31195,484,31679,444
2020-10-28,Glenn,21,27897,698,673,2,675,3
2020-10-28,Humboldt,23,135768,581,559,1,560,7
2020-10-28,Imperial,25,180216,13146,12730,16,12746,333
2020-10-28,Inyo,27,18085,247,238,1,239,14
2020-10-28,Kern,29,883053,34297,33424,440,33864,436
2020-10-28,Kings,31,150075,8736,8486,59,8545,82
2020-10-28,Lake,33,64148,740,700,0,700,15
2020-10-28,Lassen,35,31185,781,771,2,773,0
2020-10-28,Los Angeles,37,10098052,307790,300726,3158,303884,7031
2020-10-28,Madera,39,155013,5130,4954,42,4996,53
2020-10-28,Marin,41,260295,7174,7079,19,7098,126
2020-10-28,Mariposa,43,17540,82,78,0,78,2
2020-10-28,Mendocino,45,87422,1109,1037,3,1040,20
2020-10-28,Merced,47,269075,9718,9480,37,9517,150
2020-10-28,Modoc,49,8938,48,31,2,33,0
2020-10-28,Mono,51,14174,236,176,4,180,1
2020-10-28,Monterey,53,433212,11663,11330,68,11398,89
2020-10-28,Napa,55,140530,2137,1998,5,2003,15
2020-10-28,Nevada,57,99092,670,629,16,645,9
2020-10-28,Orange,59,3164182,61556,58801,1833,60634,1459
2020-10-28,Placer,61,380077,4561,4236,17,4253,57
2020-10-28,Plumas,63,18699,89,67,0,67,0
2020-10-28,Riverside,65,2383286,68885,67003,454,67457,1302
2020-10-28,Sacramento,67,1510023,26423,25838,28,25866,506
2020-10-28,San Benito,69,59416,1455,1429,1,1430,15
2020-10-28,San Bernardino,71,2135413,65589,62778,149,62927,1154
2020-10-28,San Diego,73,3302833,58098,55556,0,55556,881
2020-10-28,San Francisco,75,870044,12565,12261,51,12312,145
2020-10-28,San Joaquin,77,732212,22267,21707,235,21942,498
2020-10-28,San Luis Obispo,79,281455,4391,4197,30,4227,31
2020-10-28,San Mateo,81,765935,11586,11101,7,11108,157
2020-10-28,Santa Barbara,83,443738,10424,9872,82,9954,127
2020-10-28,Santa Clara,85,1922200,25761,24503,35,24538,375
2020-10-28,Santa Cruz,87,273765,2976,2836,36,2872,24
2020-10-28,Shasta,89,179085,2440,1996,20,2016,31
2020-10-28,Sierra,91,2930,6,6,0,6,0
2020-10-28,Siskiyou,93,43540,225,182,10,192,0
2020-10-28,Solano,95,438530,7699,7362,41,7403,77
2020-10-28,Sonoma,97,501317,9893,9457,27,9484,140
2020-10-28,Stanislaus,99,539301,17964,17765,818,18583,409
2020-10-28,Sutter,101,95872,1912,1840,1,1841,12
2020-10-28,Tehama,103,63373,985,921,1,922,5
2020-10-28,Trinity,105,12862,53,28,6,34,0
2020-10-28,Tulare,107,460477,18035,17569,434,18003,297
2020-10-28,Tuolumne,109,53932,300,277,2,279,4
2020-10-28,Ventura,111,848112,15035,14409,337,14746,153
2020-10-28,Yolo,113,214977,3333,3230,9,3239,60
2020-10-28,Yuba,115,75493,1296,1245,5,1250,10
2020-10-27,Alameda,1,1643700,23948,23365,238,23603,400
2020-10-27,Alpine,3,1148,7,3,0,3,0
2020-10-27,Amador,5,37829,362,335,0,335,16
2020-10-27,Butte,7,227075,3235,3107,31,3138,56
2020-10-27,Calaveras,9,45235,343,277,0,277,13
2020-10-27,Colusa,11,21464,561,549,0,549,6
2020-10-27,Contra Costa,13,1133247,19357,18766,97,18863,246
2020-10-27,Del Norte,15,27424,179,173,0,173,2
2020-10-27,El Dorado,17,186661,1444,1351,3,1354,4
2020-10-27,Fresno,19,978130,33629,31096,479,31575,442
2020-10-27,Glenn,21,27897,696,667,1,668,3
2020-10-27,Humboldt,23,135768,578,559,1,560,7
2020-10-27,Imperial,25,180216,13097,12680,16,12696,333
2020-10-27,Inyo,27,18085,247,231,1,232,14
2020-10-27,Kern,29,883053,34180,33328,436,33764,436
2020-10-27,Kings,31,150075,8705,8411,59,8470,83
2020-10-27,Lake,33,64148,737,700,0,700,15
2020-10-27,Lassen,35,31185,779,764,2,766,0
2020-10-27,Los Angeles,37,10098052,306412,299438,3127,302565,7008
2020-10-27,Madera,39,155013,5100,4942,41,4983,53
2020-10-27,Marin,41,260295,7158,7070,19,7089,126
2020-10-27,Mariposa,43,17540,81,78,0,78,2
2020-10-27,Mendocino,45,87422,1102,1033,2,1035,20
2020-10-27,Merced,47,269075,9678,9449,37,9486,150
2020-10-27,Modoc,49,8938,46,31,2,33,0
2020-10-27,Mono,51,14174,222,169,4,173,1
2020-10-27,Monterey,53,433212,11607,11261,66,11327,88
2020-10-27,Napa,55,140530,2121,1979,5,1984,15
2020-10-27,Nevada,57,99092,664,622,16,638,8
2020-10-27,Orange,59,3164182,61286,58550,1816,60366,1448
2020-10-27,Placer,61,380077,4513,4197,15,4212,57
2020-10-27,Plumas,63,18699,86,63,0,63,0
2020-10-27,Riverside,65,2383286,68532,66699,409,67108,1299
2020-10-27,Sacramento,67,1510023,26237,25701,27,25728,501
2020-10-27,San Benito,69,59416,1450,1428,1,1429,15
2020-10-27,San Bernardino,71,2135413,65129,62357,138,62495,1154
2020-10-27,San Diego,73,3302833,57625,55226,0,55226,877
2020-10-27,San Francisco,75,870044,12491,12218,50,12268,140
2020-10-27,San Joaquin,77,732212,22176,21637,226,21863,496
2020-10-27,San Luis Obispo,79,281455,4364,4148,26,4174,31
2020-10-27,San Mateo,81,765935,11537,11074,7,11081,156
2020-10-27,Santa Barbara,83,443738,10395,9874,81,9955,125
2020-10-27,Santa Clara,85,1922200,25619,24368,35,24403,367
2020-10-27,Santa Cruz,87,273765,2946,2815,35,2850,24
2020-10-27,Shasta,89,179085,2353,1962,20,1982,29
2020-10-27,Sierra,91,2930,6,6,0,6,0
2020-10-27,Siskiyou,93,43540,216,181,10,191,0
2020-10-27,Solano,95,438530,7630,7298,41,7339,77
2020-10-27,Sonoma,97,501317,9826,9389,27,9416,140
2020-10-27,Stanislaus,99,539301,17897,17720,810,18530,408
2020-10-27,Sutter,101,95872,1899,1832,1,1833,12
2020-10-27,Tehama,103,63373,971,913,1,914,5
2020-10-27,Trinity,105,12862,50,28,6,34,0
2020-10-27,Tulare,107,460477,17972,17520,411,17931,296
2020-10-27,Tuolumne,109,53932,296,275,2,277,4
2020-10-27,Ventura,111,848112,14952,14347,330,14677,153
2020-10-27,Yolo,113,214977,3319,3216,9,3225,58
2020-10-27,Yuba,115,75493,1283,1235,5,1240,10
2020-10-26,Alameda,1,1643700,23836,23284,237,23521,398
2020-10-26,Alpine,3,1148,5,3,0,3,0
2020-10-26,Amador,5,37829,358,331,0,331,16
2020-10-26,Butte,7,227075,3223,3095,29,3124,56
2020-10-26,Calaveras,9,45235,339,274,0,274,13
2020-10-26,Colusa,11,21464,559,548,0,548,6
2020-10-26,Contra Costa,13,1133247,19261,18718,96,18814,245
2020-10-26,Del Norte,15,27424,179,171,0,171,2
2020-10-26,El Dorado,17,186661,1430,1336,3,1339,4
2020-10-26,Fresno,19,978130,33517,30969,472,31441,441
2020-10-26,Glenn,21,27897,689,660,1,661,3
2020-10-26,Humboldt,23,135768,570,554,1,555,7
2020-10-26,Imperial,25,180216,13043,12654,12,12666,333
2020-10-26,Inyo,27,18085,247,226,1,227,14
2020-10-26,Kern,29,883053,34096,33233,431,33664,432
2020-10-26,Kings,31,150075,8683,8264,57,8321,82
2020-10-26,Lake,33,64148,735,697,0,697,15
2020-10-26,Lassen,35,31185,776,764,2,766,0
2020-10-26,Los Angeles,37,10098052,304986,297961,3084,301045,6979
2020-10-26,Madera,39,155013,5080,4922,40,4962,53
2020-10-26,Marin,41,260295,7152,7064,18,7082,104
2020-10-26,Mariposa,43,17540,81,77,0,77,2
2020-10-26,Mendocino,45,87422,1094,1026,2,1028,20
2020-10-26,Merced,47,269075,9631,9375,36,9411,150
2020-10-26,Modoc,49,8938,44,28,0,28,0
2020-10-26,Mono,51,14174,216,167,4,171,1
2020-10-26,Monterey,53,433212,11557,11207,62,11269,87
2020-10-26,Napa,55,140530,2089,1966,5,1971,14
2020-10-26,Nevada,57,99092,657,618,16,634,8
2020-10-26,Orange,59,3164182,61083,58377,1796,60173,1442
2020-10-26,Placer,61,380077,4470,4161,14,4175,57
2020-10-26,Plumas,63,18699,84,63,0,63,0
2020-10-26,Riverside,65,2383286,68078,66475,385,66860,1294
2020-10-26,Sacramento,67,1510023,26054,25555,25,25580,496
2020-10-26,San Benito,69,59416,1442,1424,1,1425,15
2020-10-26,San Bernardino,71,2135413,64657,61871,137,62008,1153
2020-10-26,San Diego,73,3302833,57234,54957,0,54957,870
2020-10-26,San Francisco,75,870044,12431,12072,50,12122,138
2020-10-26,San Joaquin,77,732212,22093,21459,220,21679,495
2020-10-26,San Luis Obispo,79,281455,4339,4133,26,4159,31
2020-10-26,San Mateo,81,765935,11493,11037,7,11044,156
2020-10-26,Santa Barbara,83,443738,10372,9827,81,9908,122
2020-10-26,Santa Clara,85,1922200,25429,24258,34,24292,365
2020-10-26,Santa Cruz,87,273765,2920,2808,35,2843,24
2020-10-26,Shasta,89,179085,2300,1889,20,1909,29
2020-10-26,Sierra,91,2930,6,6,0,6,0
2020-10-26,Siskiyou,93,43540,208,179,10,189,0
2020-10-26,Solano,95,438530,7550,7271,41,7312,62
2020-10-26,Sonoma,97,501317,9746,9315,27,9342,140
2020-10-26,Stanislaus,99,539301,17847,17666,800,18466,400
2020-10-26,Sutter,101,95872,1891,1817,1,1818,12
2020-10-26,Tehama,103,63373,951,892,1,893,5
2020-10-26,Trinity,105,12862,50,26,6,32,0
2020-10-26,Tulare,107,460477,17895,17432,388,17820,296
2020-10-26,Tuolumne,109,53932,287,271,2,273,4
2020-10-26,Ventura,111,848112,14882,14330,327,14657,154
2020-10-26,Yolo,113,214977,3299,3206,9,3215,58
2020-10-26,Yuba,115,75493,1267,1226,5,1231,10
2020-10-25,Alameda,1,1643700,23730,23192,237,23429,398
2020-10-25,Alpine,3,1148,4,3,0,3,0
2020-10-25,Amador,5,37829,347,330,0,330,16
2020-10-25,Butte,7,227075,3204,3087,29,3116,56
2020-10-25,Calaveras,9,45235,338,274,0,274,13
2020-10-25,Colusa,11,21464,555,548,0,548,6
2020-10-25,Contra Costa,13,1133247,19160,18640,96,18736,245
2020-10-25,Del Norte,15,27424,175,171,0,171,2
2020-10-25,El Dorado,17,186661,1415,1328,3,1331,4
2020-10-25,Fresno,19,978130,33388,30858,462,31320,441
2020-10-25,Glenn,21,27897,686,652,1,653,3
2020-10-25,Humboldt,23,135768,567,554,1,555,7
2020-10-25,Imperial,25,180216,12993,12572,12,12584,333
2020-10-25,Inyo,27,18085,244,226,1,227,14
2020-10-25,Kern,29,883053,33989,33185,427,33612,432
2020-10-25,Kings,31,150075,8650,8246,55,8301,82
2020-10-25,Lake,33,64148,718,695,0,695,15
2020-10-25,Lassen,35,31185,773,764,2,766,0
2020-10-25,Los Angeles,37,10098052,303415,297110,3044,300154,6973
2020-10-25,Madera,39,155013,5050,4909,35,4944,53
2020-10-25,Marin,41,260295,7142,7052,18,7070,102
2020-10-25,Mariposa,43,17540,81,77,0,77,2
2020-10-25,Mendocino,45,87422,1087,1024,2,1026,20
2020-10-25,Merced,47,269075,9566,9352,34,9386,150
2020-10-25,Modoc,49,8938,39,28,0,28,0
2020-10-25,Mono,51,14174,208,167,4,171,1
2020-10-25,Monterey,53,433212,11474,11182,57,11239,87
2020-10-25,Napa,55,140530,2059,1962,5,1967,14
2020-10-25,Nevada,57,99092,649,616,16,632,8
2020-10-25,Orange,59,3164182,60794,58185,1786,59971,1443
2020-10-25,Placer,61,380077,4418,4140,14,4154,57
2020-10-25,Plumas,63,18699,84,63,0,63,0
2020-10-25,Riverside,65,2383286,67626,66192,369,66561,1289
2020-10-25,Sacramento,67,1510023,25839,25445,22,25467,496
2020-10-25,San Benito,69,59416,1435,1423,1,1424,15
2020-10-25,San Bernardino,71,2135413,64118,61551,129,61680,1153
2020-10-25,San Diego,73,3302833,56771,54599,0,54599,870
2020-10-25,San Francisco,75,870044,12358,12072,50,12122,137
2020-10-25,San Joaquin,77,732212,21986,21459,211,21670,495
2020-10-25,San Luis Obispo,79,281455,4297,4126,24,4150,31
2020-10-25,San Mateo,81,765935,11448,10987,7,10994,156
2020-10-25,Santa Barbara,83,443738,10352,9814,81,9895,122
2020-10-25,Santa Clara,85,1922200,25242,24087,34,24121,365
2020-10-25,Santa Cruz,87,273765,2893,2789,35,2824,24
2020-10-25,Shasta,89,179085,2237,1889,20,1909,29
2020-10-25,Sierra,91,2930,6,6,0,6,0
2020-10-25,Siskiyou,93,43540,205,176,10,186,0
2020-10-25,Solano,95,438530,7473,7197,41,7238,60
2020-10-25,Sonoma,97,501317,9652,9235,26,9261,140
2020-10-25,Stanislaus,99,539301,17790,17641,790,18431,400
2020-10-25,Sutter,101,95872,1873,1811,1,1812,12
2020-10-25,Tehama,103,63373,934,880,1,881,5
2020-10-25,Trinity,105,12862,47,26,6,32,0
2020-10-25,Tulare,107,460477,17823,17431,378,17809,296
2020-10-25,Tuolumne,109,53932,282,271,2,273,4
2020-10-25,Ventura,111,848112,14789,14300,321,14621,154
2020-10-25,Yolo,113,214977,3278,3190,9,3199,58
2020-10-25,Yuba,115,75493,1259,1219,5,1224,10
2020-10-24,Alameda,1,1643700,23659,23099,234,23333,398
2020-10-24,Alpine,3,1148,4,3,0,3,0
2020-10-24,Amador,5,37829,346,328,0,328,16
2020-10-24,Butte,7,227075,3195,3078,29,3107,56
2020-10-24,Calaveras,9,45235,336,274,0,274,13
2020-10-24,Colusa,11,21464,550,548,0,548,6
2020-10-24,Contra Costa,13,1133247,19093,18567,96,18663,244
2020-10-24,Del Norte,15,27424,174,171,0,171,2
2020-10-24,El Dorado,17,186661,1399,1317,3,1320,4
2020-10-24,Fresno,19,978130,33327,30752,458,31210,441
2020-10-24,Glenn,21,27897,683,650,1,651,3
2020-10-24,Humboldt,23,135768,565,553,1,554,7
2020-10-24,Imperial,25,180216,12966,12469,12,12481,333
2020-10-24,Inyo,27,18085,244,226,1,227,14
2020-10-24,Kern,29,883053,33930,33105,422,33527,432
2020-10-24,Kings,31,150075,8640,8228,54,8282,82
2020-10-24,Lake,33,64148,713,696,0,696,15
2020-10-24,Lassen,35,31185,772,764,2,766,0
2020-10-24,Los Angeles,37,10098052,302598,296323,3020,299343,6969
2020-10-24,Madera,39,155013,5037,4898,34,4932,53
2020-10-24,Marin,41,260295,7133,7042,18,7060,102
2020-10-24,Mariposa,43,17540,81,77,0,77,2
2020-10-24,Mendocino,45,87422,1075,1022,2,1024,20
2020-10-24,Merced,47,269075,9542,9351,34,9385,150
2020-10-24,Modoc,49,8938,38,28,0,28,0
2020-10-24,Mono,51,14174,194,167,4,171,1
2020-10-24,Monterey,53,433212,11407,11153,56,11209,87
2020-10-24,Napa,55,140530,2042,1957,5,1962,14
2020-10-24,Nevada,57,99092,645,608,16,624,8
2020-10-24,Orange,59,3164182,60641,57928,1775,59703,1441
2020-10-24,Placer,61,380077,4388,4093,14,4107,57
2020-10-24,Plumas,63,18699,78,63,0,63,0
2020-10-24,Riverside,65,2383286,67417,65902,355,66257,1288
2020-10-24,Sacramento,67,1510023,25758,25372,22,25394,496
2020-10-24,San Benito,69,59416,1430,1417,1,1418,15
2020-10-24,San Bernardino,71,2135413,63878,61351,121,61472,1153
2020-10-24,San Diego,73,3302833,56494,54330,0,54330,868
2020-10-24,San Francisco,75,870044,12300,12073,49,12122,137
2020-10-24,San Joaquin,77,732212,21935,21458,206,21664,495
2020-10-24,San Luis Obispo,79,281455,4272,4119,23,4142,31
2020-10-24,San Mateo,81,765935,11409,10942,7,10949,155
2020-10-24,Santa Barbara,83,443738,10335,9781,81,9862,122
2020-10-24,Santa Clara,85,1922200,25155,23978,34,24012,365
2020-10-24,Santa Cruz,87,273765,2874,2775,35,2810,24
2020-10-24,Shasta,89,179085,2192,1878,20,1898,29
2020-10-24,Sierra,91,2930,6,6,0,6,0
2020-10-24,Siskiyou,93,43540,204,174,10,184,0
2020-10-24,Solano,95,438530,7420,7189,41,7230,60
2020-10-24,Sonoma,97,501317,9618,9179,26,9205,140
2020-10-24,Stanislaus,99,539301,17747,17574,773,18347,400
2020-10-24,Sutter,101,95872,1864,1804,1,1805,12
2020-10-24,Tehama,103,63373,926,872,1,873,5
2020-10-24,Trinity,105,12862,47,25,6,31,0
2020-10-24,Tulare,107,460477,17801,17406,366,17772,295
2020-10-24,Tuolumne,109,53932,279,269,2,271,4
2020-10-24,Ventura,111,848112,14736,14240,320,14560,154
2020-10-24,Yolo,113,214977,3267,3164,9,3173,57
2020-10-24,Yuba,115,75493,1256,1210,5,1215,10
2020-10-23,Alameda,1,1643700,23587,23047,232,23279,393
2020-10-23,Alpine,3,1148,4,3,0,3,0
2020-10-23,Amador,5,37829,345,324,0,324,16
2020-10-23,Butte,7,227075,3186,3059,29,3088,55
2020-10-23,Calaveras,9,45235,335,273,0,273,13
2020-10-23,Colusa,11,21464,550,547,0,547,6
2020-10-23,Contra Costa,13,1133247,19022,18483,95,18578,244
2020-10-23,Del Norte,15,27424,174,171,0,171,2
2020-10-23,El Dorado,17,186661,1390,1310,3,1313,4
2020-10-23,Fresno,19,978130,33260,30590,454,31044,441
2020-10-23,Glenn,21,27897,680,644,1,645,3
2020-10-23,Humboldt,23,135768,563,553,1,554,7
2020-10-23,Imperial,25,180216,12935,12398,12,12410,333
2020-10-23,Inyo,27,18085,243,226,1,227,14
2020-10-23,Kern,29,883053,33862,33077,417,33494,431
2020-10-23,Kings,31,150075,8631,8218,54,8272,82
2020-10-23,Lake,33,64148,711,689,0,689,15
2020-10-23,Lassen,35,31185,771,764,2,766,0
2020-10-23,Los Angeles,37,10098052,301519,294287,2989,297276,6956
2020-10-23,Madera,39,155013,5032,4888,34,4922,53
2020-10-23,Marin,41,260295,7120,7029,18,7047,102
2020-10-23,Mariposa,43,17540,81,77,0,77,2
2020-10-23,Mendocino,45,87422,1072,1019,2,1021,20
2020-10-23,Merced,47,269075,9528,9327,34,9361,149
2020-10-23,Modoc,49,8938,38,28,0,28,0
2020-10-23,Mono,51,14174,193,159,4,163,1
2020-10-23,Monterey,53,433212,11360,11099,52,11151,86
2020-10-23,Napa,55,140530,2034,1942,5,1947,14
2020-10-23,Nevada,57,99092,642,604,16,620,8
2020-10-23,Orange,59,3164182,60470,57595,1760,59355,1430
2020-10-23,Placer,61,380077,4342,4073,14,4087,57
2020-10-23,Plumas,63,18699,75,63,0,63,0
2020-10-23,Riverside,65,2383286,67178,65512,347,65859,1279
2020-10-23,Sacramento,67,1510023,25650,25224,22,25246,496
2020-10-23,San Benito,69,59416,1428,1412,1,1413,15
2020-10-23,San Bernardino,71,2135413,63594,60854,111,60965,1150
2020-10-23,San Diego,73,3302833,56188,53944,0,53944,867
2020-10-23,San Francisco,75,870044,12269,12015,49,12064,137
2020-10-23,San Joaquin,77,732212,21879,21361,200,21561,495
2020-10-23,San Luis Obispo,79,281455,4246,4102,23,4125,31
2020-10-23,San Mateo,81,765935,11360,10872,7,10879,155
2020-10-23,Santa Barbara,83,443738,10319,9751,81,9832,121
2020-10-23,Santa Clara,85,1922200,25053,23822,34,23856,364
2020-10-23,Santa Cruz,87,273765,2860,2757,35,2792,24
2020-10-23,Shasta,89,179085,2155,1846,19,1865,29
2020-10-23,Sierra,91,2930,6,6,0,6,0
2020-10-23,Siskiyou,93,43540,201,172,10,182,0
2020-10-23,Solano,95,438530,7389,7174,41,7215,59
2020-10-23,Sonoma,97,501317,9562,9112,26,9138,139
2020-10-23,Stanislaus,99,539301,17710,17496,765,18261,395
2020-10-23,Sutter,101,95872,1857,1797,1,1798,12
2020-10-23,Tehama,103,63373,917,862,1,863,5
2020-10-23,Trinity,105,12862,47,26,6,32,0
2020-10-23,Tulare,107,460477,17756,17334,354,17688,295
2020-10-23,Tuolumne,109,53932,277,254,2,256,4
2020-10-23,Ventura,111,848112,14707,14192,320,14512,155
2020-10-23,Yolo,113,214977,3254,3140,9,3149,57
2020-10-23,Yuba,115,75493,1252,1206,5,1211,10
2020-10-22,Alameda,1,1643700,23486,22915,232,23147,393
2020-10-22,Alpine,3,1148,4,3,0,3,0
2020-10-22,Amador,5,37829,341,317,0,317,16
2020-10-22,Butte,7,227075,3176,3046,27,3073,55
2020-10-22,Calaveras,9,45235,332,273,0,273,13
2020-10-22,Colusa,11,21464,550,547,0,547,6
2020-10-22,Contra Costa,13,1133247,18950,18393,95,18488,243
2020-10-22,Del Norte,15,27424,173,168,0,168,2
2020-10-22,El Dorado,17,186661,1380,1308,3,1311,4
2020-10-22,Fresno,19,978130,33152,30471,446,30917,438
2020-10-22,Glenn,21,27897,673,643,1,644,3
2020-10-22,Humboldt,23,135768,562,548,1,549,7
2020-10-22,Imperial,25,180216,12882,12311,12,12323,333
2020-10-22,Inyo,27,18085,240,220,1,221,14
2020-10-22,Kern,29,883053,33782,32991,414,33405,431
2020-10-22,Kings,31,150075,8380,8201,54,8255,82
2020-10-22,Lake,33,64148,707,678,0,678,15
2020-10-22,Lassen,35,31185,768,764,2,766,0
2020-10-22,Los Angeles,37,10098052,300146,291599,2929,294528,6935
2020-10-22,Madera,39,155013,5011,4847,34,4881,52
2020-10-22,Marin,41,260295,7114,7014,18,7032,102
2020-10-22,Mariposa,43,17540,81,77,0,77,2
2020-10-22,Mendocino,45,87422,1067,1016,2,1018,20
2020-10-22,Merced,47,269075,9500,9323,34,9357,149
2020-10-22,Modoc,49,8938,34,26,0,26,0
2020-10-22,Mono,51,14174,188,156,4,160,1
2020-10-22,Monterey,53,433212,11301,11059,49,11108,84
2020-10-22,Napa,55,140530,2020,1928,5,1933,14
2020-10-22,Nevada,57,99092,636,600,16,616,8
2020-10-22,Orange,59,3164182,60256,57418,1743,59161,1422
2020-10-22,Placer,61,380077,4292,4036,14,4050,57
2020-10-22,Plumas,63,18699,72,62,0,62,0
2020-10-22,Riverside,65,2383286,66844,65104,327,65431,1279
2020-10-22,Sacramento,67,1510023,25513,25054,22,25076,492
2020-10-22,San Benito,69,59416,1424,1403,1,1404,15
2020-10-22,San Bernardino,71,2135413,63194,60402,98,60500,1149
2020-10-22,San Diego,73,3302833,55803,53514,0,53514,866
2020-10-22,San Francisco,75,870044,12211,11991,47,12038,137
2020-10-22,San Joaquin,77,732212,21805,21282,194,21476,495
2020-10-22,San Luis Obispo,79,281455,4230,4081,23,4104,31
2020-10-22,San Mateo,81,765935,11304,10796,7,10803,155
2020-10-22,Santa Barbara,83,443738,10285,9710,79,9789,120
2020-10-22,Santa Clara,85,1922200,24898,23621,34,23655,363
2020-10-22,Santa Cruz,87,273765,2842,2738,34,2772,24
2020-10-22,Shasta,89,179085,2109,1799,19,1818,29
2020-10-22,Sierra,91,2930,6,6,0,6,0
2020-10-22,Siskiyou,93,43540,201,169,10,179,0
2020-10-22,Solano,95,438530,7343,7116,41,7157,59
2020-10-22,Sonoma,97,501317,9496,9052,25,9077,139
2020-10-22,Stanislaus,99,539301,17657,17440,752,18192,395
2020-10-22,Sutter,101,95872,1843,1794,1,1795,12
2020-10-22,Tehama,103,63373,906,852,1,853,5
2020-10-22,Trinity,105,12862,46,26,6,32,0
2020-10-22,Tulare,107,460477,17690,17265,341,17606,293
2020-10-22,Tuolumne,109,53932,275,252,2,254,4
2020-10-22,Ventura,111,848112,14660,14124,318,14442,154
2020-10-22,Yolo,113,214977,3242,3116,9,3125,58
2020-10-22,Yuba,115,75493,1245,1199,5,1204,10
2020-10-21,Alameda,1,1643700,23398,22853,230,23083,392
2020-10-21,Alpine,3,1148,4,3,0,3,0
2020-10-21,Amador,5,37829,336,313,0,313,16
2020-10-21,Butte,7,227075,3164,3041,27,3068,55
2020-10-21,Calaveras,9,45235,331,272,0,272,13
2020-10-21,Colusa,11,21464,550,546,0,546,6
2020-10-21,Contra Costa,13,1133247,18876,18299,95,18394,243
2020-10-21,Del Norte,15,27424,173,169,0,169,2
2020-10-21,El Dorado,17,186661,1368,1305,2,1307,4
2020-10-21,Fresno,19,978130,33057,30328,444,30772,433
2020-10-21,Glenn,21,27897,668,640,1,641,3
2020-10-21,Humboldt,23,135768,561,548,1,549,7
2020-10-21,Imperial,25,180216,12825,12210,12,12222,331
2020-10-21,Inyo,27,18085,236,220,1,221,14
2020-10-21,Kern,29,883053,33708,32956,412,33368,430
2020-10-21,Kings,31,150075,8353,8186,54,8240,80
2020-10-21,Lake,33,64148,706,676,0,676,15
2020-10-21,Lassen,35,31185,767,764,2,766,0
2020-10-21,Los Angeles,37,10098052,298810,288096,2886,290982,6923
2020-10-21,Madera,39,155013,4986,4831,34,4865,52
2020-10-21,Marin,41,260295,7105,7002,18,7020,102
2020-10-21,Mariposa,43,17540,81,77,0,77,2
2020-10-21,Mendocino,45,87422,1065,1011,2,1013,21
2020-10-21,Merced,47,269075,9476,9319,32,9351,149
2020-10-21,Modoc,49,8938,33,26,0,26,0
2020-10-21,Mono,51,14174,186,156,4,160,1
2020-10-21,Monterey,53,433212,11263,11005,48,11053,83
2020-10-21,Napa,55,140530,2004,1918,5,1923,13
2020-10-21,Nevada,57,99092,630,597,16,613,8
2020-10-21,Orange,59,3164182,60045,57189,1732,58921,1409
2020-10-21,Placer,61,380077,4256,4007,14,4021,56
2020-10-21,Plumas,63,18699,69,58,0,58,0
2020-10-21,Riverside,65,2383286,66551,64778,301,65079,1278
2020-10-21,Sacramento,67,1510023,25321,24908,22,24930,490
2020-10-21,San Benito,69,59416,1423,1401,1,1402,14
2020-10-21,San Bernardino,71,2135413,62789,59948,91,60039,1141
2020-10-21,San Diego,73,3302833,55451,53279,0,53279,863
2020-10-21,San Francisco,75,870044,12162,11976,46,12022,137
2020-10-21,San Joaquin,77,732212,21729,21201,188,21389,495
2020-10-21,San Luis Obispo,79,281455,4216,4055,21,4076,31
2020-10-21,San Mateo,81,765935,11255,10730,7,10737,155
2020-10-21,Santa Barbara,83,443738,10267,9681,78,9759,121
2020-10-21,Santa Clara,85,1922200,24773,23537,34,23571,361
2020-10-21,Santa Cruz,87,273765,2819,2729,34,2763,24
2020-10-21,Shasta,89,179085,2072,1777,19,1796,27
2020-10-21,Sierra,91,2930,6,6,0,6,0
2020-10-21,Siskiyou,93,43540,197,169,10,179,0
2020-10-21,Solano,95,438530,7298,7088,41,7129,59
2020-10-21,Sonoma,97,501317,9416,8987,25,9012,138
2020-10-21,Stanislaus,99,539301,17608,17419,743,18162,392
2020-10-21,Sutter,101,95872,1828,1786,1,1787,12
2020-10-21,Tehama,103,63373,890,824,1,825,5
2020-10-21,Trinity,105,12862,43,25,6,31,0
2020-10-21,Tulare,107,460477,17654,17204,327,17531,292
2020-10-21,Tuolumne,109,53932,274,251,2,253,4
2020-10-21,Ventura,111,848112,14597,14050,315,14365,153
2020-10-21,Yolo,113,214977,3223,3095,9,3104,58
2020-10-21,Yuba,115,75493,1236,1194,5,1199,10
2020-10-20,Alameda,1,1643700,23295,22750,226,22976,391
2020-10-20,Alpine,3,1148,4,3,0,3,0
2020-10-20,Amador,5,37829,335,313,0,313,16
2020-10-20,Butte,7,227075,3152,3027,27,3054,56
2020-10-20,Calaveras,9,45235,330,273,0,273,13
2020-10-20,Colusa,11,21464,547,546,0,546,6
2020-10-20,Contra Costa,13,1133247,18784,18246,95,18341,241
2020-10-20,Del Norte,15,27424,172,169,0,169,2
2020-10-20,El Dorado,17,186661,1362,1295,2,1297,4
2020-10-20,Fresno,19,978130,32955,30220,438,30658,431
2020-10-20,Glenn,21,27897,663,638,1,639,3
2020-10-20,Humboldt,23,135768,557,545,1,546,7
2020-10-20,Imperial,25,180216,12756,12114,12,12126,330
2020-10-20,Inyo,27,18085,236,218,1,219,14
2020-10-20,Kern,29,883053,33633,32889,399,33288,429
2020-10-20,Kings,31,150075,8335,8178,53,8231,80
2020-10-20,Lake,33,64148,704,675,0,675,15
2020-10-20,Lassen,35,31185,766,757,2,759,0
2020-10-20,Los Angeles,37,10098052,297321,287727,2833,290560,6891
2020-10-20,Madera,39,155013,4969,4823,34,4857,52
2020-10-20,Marin,41,260295,7090,6994,18,7012,101
2020-10-20,Mariposa,43,17540,80,77,0,77,2
2020-10-20,Mendocino,45,87422,1063,1004,2,1006,21
2020-10-20,Merced,47,269075,9454,9323,32,9355,149
2020-10-20,Modoc,49,8938,32,26,0,26,0
2020-10-20,Mono,51,14174,186,156,4,160,1
2020-10-20,Monterey,53,433212,11220,10942,45,10987,81
2020-10-20,Napa,55,140530,1985,1912,5,1917,13
2020-10-20,Nevada,57,99092,621,596,16,612,8
2020-10-20,Orange,59,3164182,59784,56914,1723,58637,1397
2020-10-20,Placer,61,380077,4218,3997,14,4011,56
2020-10-20,Plumas,63,18699,66,53,0,53,0
2020-10-20,Riverside,65,2383286,66170,64452,289,64741,1275
2020-10-20,Sacramento,67,1510023,25196,24767,21,24788,485
2020-10-20,San Benito,69,59416,1420,1398,1,1399,14
2020-10-20,San Bernardino,71,2135413,62411,59571,86,59657,1109
2020-10-20,San Diego,73,3302833,55115,53004,0,53004,857
2020-10-20,San Francisco,75,870044,12115,12013,45,12058,126
2020-10-20,San Joaquin,77,732212,21651,21173,177,21350,490
2020-10-20,San Luis Obispo,79,281455,4198,4043,20,4063,31
2020-10-20,San Mateo,81,765935,11209,10659,7,10666,155
2020-10-20,Santa Barbara,83,443738,10238,9664,76,9740,121
2020-10-20,Santa Clara,85,1922200,24637,23406,34,23440,358
2020-10-20,Santa Cruz,87,273765,2796,2710,34,2744,23
2020-10-20,Shasta,89,179085,2049,1747,19,1766,20
2020-10-20,Sierra,91,2930,6,6,0,6,0
2020-10-20,Siskiyou,93,43540,189,168,10,178,0
2020-10-20,Solano,95,438530,7249,7044,41,7085,57
2020-10-20,Sonoma,97,501317,9353,8904,23,8927,135
2020-10-20,Stanislaus,99,539301,17554,17367,739,18106,393
2020-10-20,Sutter,101,95872,1819,1783,1,1784,12
2020-10-20,Tehama,103,63373,875,813,1,814,5
2020-10-20,Trinity,105,12862,42,25,6,31,0
2020-10-20,Tulare,107,460477,17588,17156,321,17477,289
2020-10-20,Tuolumne,109,53932,272,250,2,252,4
2020-10-20,Ventura,111,848112,14533,13980,313,14293,152
2020-10-20,Yolo,113,214977,3200,3083,9,3092,56
2020-10-20,Yuba,115,75493,1226,1191,5,1196,10
2020-10-19,Alameda,1,1643700,23186,22647,225,22872,392
2020-10-19,Alpine,3,1148,4,3,0,3,0
2020-10-19,Amador,5,37829,329,313,0,313,16
2020-10-19,Butte,7,227075,3141,3026,27,3053,55
2020-10-19,Calaveras,9,45235,329,268,0,268,13
2020-10-19,Colusa,11,21464,547,544,0,544,6
2020-10-19,Contra Costa,13,1133247,18686,18173,95,18268,239
2020-10-19,Del Norte,15,27424,169,167,0,167,2
2020-10-19,El Dorado,17,186661,1341,1287,2,1289,4
2020-10-19,Fresno,19,978130,32847,30152,433,30585,431
2020-10-19,Glenn,21,27897,658,635,0,635,3
2020-10-19,Humboldt,23,135768,557,543,1,544,7
2020-10-19,Imperial,25,180216,12702,12036,11,12047,330
2020-10-19,Inyo,27,18085,235,218,1,219,14
2020-10-19,Kern,29,883053,33558,32840,396,33236,428
2020-10-19,Kings,31,150075,8317,8173,53,8226,80
2020-10-19,Lake,33,64148,701,673,0,673,15
2020-10-19,Lassen,35,31185,765,757,2,759,0
2020-10-19,Los Angeles,37,10098052,295839,287119,2793,289912,6858
2020-10-19,Madera,39,155013,4954,4787,34,4821,52
2020-10-19,Marin,41,260295,7072,6981,18,6999,100
2020-10-19,Mariposa,43,17540,80,77,0,77,2
2020-10-19,Mendocino,45,87422,1058,1001,2,1003,21
2020-10-19,Merced,47,269075,9430,9305,27,9332,148
2020-10-19,Modoc,49,8938,31,26,0,26,0
2020-10-19,Mono,51,14174,181,156,4,160,1
2020-10-19,Monterey,53,433212,11159,10907,45,10952,80
2020-10-19,Napa,55,140530,1971,1892,5,1897,12
2020-10-19,Nevada,57,99092,618,590,16,606,8
2020-10-19,Orange,59,3164182,59499,56652,1709,58361,1396
2020-10-19,Placer,61,380077,4170,3962,14,3976,49
2020-10-19,Plumas,63,18699,64,52,0,52,0
2020-10-19,Riverside,65,2383286,65742,64016,272,64288,1272
2020-10-19,Sacramento,67,1510023,25057,24542,21,24563,483
2020-10-19,San Benito,69,59416,1413,1395,1,1396,14
2020-10-19,San Bernardino,71,2135413,61962,59265,78,59343,1100
2020-10-19,San Diego,73,3302833,54729,52739,0,52739,853
2020-10-19,San Francisco,75,870044,12071,11879,45,11924,126
2020-10-19,San Joaquin,77,732212,21576,20930,169,21099,489
2020-10-19,San Luis Obispo,79,281455,4182,4016,20,4036,31
2020-10-19,San Mateo,81,765935,11163,10568,7,10575,154
2020-10-19,Santa Barbara,83,443738,10203,9632,76,9708,121
2020-10-19,Santa Clara,85,1922200,24486,23301,34,23335,352
2020-10-19,Santa Cruz,87,273765,2779,2705,34,2739,19
2020-10-19,Shasta,89,179085,2005,1709,18,1727,20
2020-10-19,Sierra,91,2930,6,6,0,6,0
2020-10-19,Siskiyou,93,43540,182,167,10,177,0
2020-10-19,Solano,95,438530,7208,7003,41,7044,57
2020-10-19,Sonoma,97,501317,9266,8830,23,8853,135
2020-10-19,Stanislaus,99,539301,17502,17342,729,18071,390
2020-10-19,Sutter,101,95872,1814,1773,1,1774,12
2020-10-19,Tehama,103,63373,872,793,1,794,5
2020-10-19,Trinity,105,12862,40,23,6,29,0
2020-10-19,Tulare,107,460477,17540,17047,313,17360,291
2020-10-19,Tuolumne,109,53932,270,247,2,249,4
2020-10-19,Ventura,111,848112,14467,13930,310,14240,152
2020-10-19,Yolo,113,214977,3187,3069,9,3078,56
2020-10-19,Yuba,115,75493,1219,1183,5,1188,10
2020-10-18,Alameda,1,1643700,23082,22546,224,22770,392
2020-10-18,Alpine,3,1148,4,3,0,3,0
2020-10-18,Amador,5,37829,317,313,0,313,16
2020-10-18,Butte,7,227075,3128,3019,27,3046,55
2020-10-18,Calaveras,9,45235,328,267,0,267,13
2020-10-18,Colusa,11,21464,545,544,0,544,6
2020-10-18,Contra Costa,13,1133247,18587,18120,95,18215,237
2020-10-18,Del Norte,15,27424,169,167,0,167,2
2020-10-18,El Dorado,17,186661,1332,1283,2,1285,4
2020-10-18,Fresno,19,978130,32723,30051,425,30476,430
2020-10-18,Glenn,21,27897,656,634,0,634,3
2020-10-18,Humboldt,23,135768,554,540,1,541,7
2020-10-18,Imperial,25,180216,12640,11987,10,11997,330
2020-10-18,Inyo,27,18085,232,215,1,216,14
2020-10-18,Kern,29,883053,33485,32799,389,33188,428
2020-10-18,Kings,31,150075,8302,8159,53,8212,80
2020-10-18,Lake,33,64148,694,670,0,670,15
2020-10-18,Lassen,35,31185,765,757,2,759,0
2020-10-18,Los Angeles,37,10098052,294136,286187,2745,288932,6857
2020-10-18,Madera,39,155013,4929,4770,33,4803,52
2020-10-18,Marin,41,260295,7051,6969,18,6987,99
2020-10-18,Mariposa,43,17540,80,77,0,77,2
2020-10-18,Mendocino,45,87422,1056,988,2,990,21
2020-10-18,Merced,47,269075,9395,9292,27,9319,148
2020-10-18,Modoc,49,8938,30,26,0,26,0
2020-10-18,Mono,51,14174,176,155,4,159,1
2020-10-18,Monterey,53,433212,11107,10872,45,10917,80
2020-10-18,Napa,55,140530,1958,1882,5,1887,12
2020-10-18,Nevada,57,99092,612,582,16,598,8
2020-10-18,Orange,59,3164182,59199,56394,1693,58087,1396
2020-10-18,Placer,61,380077,4122,3938,14,3952,49
2020-10-18,Plumas,63,18699,62,52,0,52,0
2020-10-18,Riverside,65,2383286,65432,63765,249,64014,1270
2020-10-18,Sacramento,67,1510023,24902,24425,21,24446,482
2020-10-18,San Benito,69,59416,1406,1395,1,1396,14
2020-10-18,San Bernardino,71,2135413,61463,58893,71,58964,1098
2020-10-18,San Diego,73,3302833,54340,52359,0,52359,853
2020-10-18,San Francisco,75,870044,12032,11878,45,11923,126
2020-10-18,San Joaquin,77,732212,21494,20931,156,21087,489
2020-10-18,San Luis Obispo,79,281455,4151,4009,18,4027,31
2020-10-18,San Mateo,81,765935,11104,10503,7,10510,154
2020-10-18,Santa Barbara,83,443738,10164,9608,75,9683,121
2020-10-18,Santa Clara,85,1922200,24312,23169,34,23203,352
2020-10-18,Santa Cruz,87,273765,2765,2692,34,2726,19
2020-10-18,Shasta,89,179085,1980,1708,18,1726,20
2020-10-18,Sierra,91,2930,6,6,0,6,0
2020-10-18,Siskiyou,93,43540,181,167,10,177,0
2020-10-18,Solano,95,438530,7161,6962,41,7003,57
2020-10-18,Sonoma,97,501317,9190,8781,21,8802,134
2020-10-18,Stanislaus,99,539301,17446,17290,720,18010,390
2020-10-18,Sutter,101,95872,1805,1764,1,1765,12
2020-10-18,Tehama,103,63373,840,774,1,775,5
2020-10-18,Trinity,105,12862,40,20,6,26,0
2020-10-18,Tulare,107,460477,17448,17048,303,17351,290
2020-10-18,Tuolumne,109,53932,265,245,2,247,4
2020-10-18,Ventura,111,848112,14388,13901,309,14210,151
2020-10-18,Yolo,113,214977,3148,3059,9,3068,55
2020-10-18,Yuba,115,75493,1208,1176,5,1181,10
2020-10-17,Alameda,1,1643700,23037,22394,222,22616,398
2020-10-17,Alpine,3,1148,4,3,0,3,0
2020-10-17,Amador,5,37829,315,309,0,309,16
2020-10-17,Butte,7,227075,3120,3012,25,3037,55
2020-10-17,Calaveras,9,45235,328,267,0,267,13
2020-10-17,Colusa,11,21464,544,544,0,544,6
2020-10-17,Contra Costa,13,1133247,18534,18005,95,18100,237
2020-10-17,Del Norte,15,27424,169,167,0,167,2
2020-10-17,El Dorado,17,186661,1328,1277,2,1279,4
2020-10-17,Fresno,19,978130,32669,29911,423,30334,430
2020-10-17,Glenn,21,27897,653,633,0,633,3
2020-10-17,Humboldt,23,135768,551,535,1,536,7
2020-10-17,Imperial,25,180216,12612,11962,10,11972,330
2020-10-17,Inyo,27,18085,227,212,1,213,14
2020-10-17,Kern,29,883053,33434,32710,386,33096,428
2020-10-17,Kings,31,150075,8296,8151,52,8203,80
2020-10-17,Lake,33,64148,691,663,0,663,15
2020-10-17,Lassen,35,31185,765,757,2,759,0
2020-10-17,Los Angeles,37,10098052,293385,285858,2717,288575,6844
2020-10-17,Madera,39,155013,4923,4759,33,4792,53
2020-10-17,Marin,41,260295,7048,6958,18,6976,99
2020-10-17,Mariposa,43,17540,79,77,0,77,2
2020-10-17,Mendocino,45,87422,1049,977,2,979,21
2020-10-17,Merced,47,269075,9381,9275,27,9302,148
2020-10-17,Modoc,49,8938,30,26,0,26,0
2020-10-17,Mono,51,14174,175,155,4,159,1
2020-10-17,Monterey,53,433212,11067,10807,44,10851,80
2020-10-17,Napa,55,140530,1951,1866,5,1871,12
2020-10-17,Nevada,57,99092,611,580,16,596,8
2020-10-17,Orange,59,3164182,59059,56197,1684,57881,1396
2020-10-17,Placer,61,380077,4095,3898,14,3912,49
2020-10-17,Plumas,63,18699,62,52,0,52,0
2020-10-17,Riverside,65,2383286,65235,63171,238,63409,1270
2020-10-17,Sacramento,67,1510023,24817,24304,21,24325,482
2020-10-17,San Benito,69,59416,1402,1389,1,1390,14
2020-10-17,San Bernardino,71,2135413,61193,58415,67,58482,1097
2020-10-17,San Diego,73,3302833,54115,51986,0,51986,853
2020-10-17,San Francisco,75,870044,12004,11877,44,11921,126
2020-10-17,San Joaquin,77,732212,21440,20932,150,21082,489
2020-10-17,San Luis Obispo,79,281455,4136,3979,18,3997,31
2020-10-17,San Mateo,81,765935,11076,10423,7,10430,153
2020-10-17,Santa Barbara,83,443738,10145,9588,73,9661,121
2020-10-17,Santa Clara,85,1922200,24223,22997,34,23031,349
2020-10-17,Santa Cruz,87,273765,2751,2680,34,2714,19
2020-10-17,Shasta,89,179085,1954,1679,18,1697,20
2020-10-17,Sierra,91,2930,6,6,0,6,0
2020-10-17,Siskiyou,93,43540,180,167,10,177,0
2020-10-17,Solano,95,438530,7135,6929,41,6970,57
2020-10-17,Sonoma,97,501317,9147,8725,21,8746,134
2020-10-17,Stanislaus,99,539301,17407,17232,710,17942,390
2020-10-17,Sutter,101,95872,1803,1762,1,1763,12
2020-10-17,Tehama,103,63373,824,764,1,765,5
2020-10-17,Trinity,105,12862,40,20,6,26,0
2020-10-17,Tulare,107,460477,17418,16995,294,17289,290
2020-10-17,Tuolumne,109,53932,265,241,2,243,4
2020-10-17,Ventura,111,848112,14343,13845,306,14151,151
2020-10-17,Yolo,113,214977,3133,3045,7,3052,55
2020-10-17,Yuba,115,75493,1203,1164,5,1169,10
2020-10-16,Alameda,1,1643700,22983,22315,222,22537,397
2020-10-16,Alpine,3,1148,4,3,0,3,0
2020-10-16,Amador,5,37829,315,309,0,309,16
2020-10-16,Butte,7,227075,3109,3004,25,3029,54
2020-10-16,Calaveras,9,45235,328,267,0,267,13
2020-10-16,Colusa,11,21464,543,544,0,544,6
2020-10-16,Contra Costa,13,1133247,18481,17956,95,18051,237
2020-10-16,Del Norte,15,27424,169,166,0,166,2
2020-10-16,El Dorado,17,186661,1322,1273,2,1275,4
2020-10-16,Fresno,19,978130,32594,29796,421,30217,427
2020-10-16,Glenn,21,27897,648,632,0,632,3
2020-10-16,Humboldt,23,135768,551,533,1,534,7
2020-10-16,Imperial,25,180216,12572,11885,10,11895,330
2020-10-16,Inyo,27,18085,223,212,1,213,14
2020-10-16,Kern,29,883053,33391,32660,384,33044,428
2020-10-16,Kings,31,150075,8287,8146,51,8197,80
2020-10-16,Lake,33,64148,689,644,0,644,14
2020-10-16,Lassen,35,31185,765,757,2,759,0
2020-10-16,Los Angeles,37,10098052,292325,284988,2694,287682,6835
2020-10-16,Madera,39,155013,4911,4736,32,4768,53
2020-10-16,Marin,41,260295,7038,6933,18,6951,99
2020-10-16,Mariposa,43,17540,79,76,0,76,2
2020-10-16,Mendocino,45,87422,1042,974,2,976,21
2020-10-16,Merced,47,269075,9364,9246,27,9273,148
2020-10-16,Modoc,49,8938,30,26,0,26,0
2020-10-16,Mono,51,14174,173,155,4,159,1
2020-10-16,Monterey,53,433212,11033,10727,44,10771,79
2020-10-16,Napa,55,140530,1942,1855,5,1860,12
2020-10-16,Nevada,57,99092,609,579,16,595,8
2020-10-16,Orange,59,3164182,58883,56091,1677,57768,1388
2020-10-16,Placer,61,380077,4075,3864,14,3878,49
2020-10-16,Plumas,63,18699,61,52,0,52,0
2020-10-16,Riverside,65,2383286,65010,62986,237,63223,1267
2020-10-16,Sacramento,67,1510023,24723,24144,21,24165,479
2020-10-16,San Benito,69,59416,1399,1388,1,1389,14
2020-10-16,San Bernardino,71,2135413,60925,58233,67,58300,1069
2020-10-16,San Diego,73,3302833,53874,51785,0,51785,850
2020-10-16,San Francisco,75,870044,11982,11840,43,11883,126
2020-10-16,San Joaquin,77,732212,21395,20910,149,21059,489
2020-10-16,San Luis Obispo,79,281455,4122,3952,18,3970,32
2020-10-16,San Mateo,81,765935,11051,10405,7,10412,153
2020-10-16,Santa Barbara,83,443738,10127,9549,73,9622,119
2020-10-16,Santa Clara,85,1922200,24137,22920,34,22954,345
2020-10-16,Santa Cruz,87,273765,2738,2666,34,2700,20
2020-10-16,Shasta,89,179085,1932,1660,18,1678,20
2020-10-16,Sierra,91,2930,6,6,0,6,0
2020-10-16,Siskiyou,93,43540,178,167,10,177,0
2020-10-16,Solano,95,438530,7112,6879,41,6920,55
2020-10-16,Sonoma,97,501317,9091,8652,21,8673,133
2020-10-16,Stanislaus,99,539301,17374,17201,701,17902,366
2020-10-16,Sutter,101,95872,1795,1756,1,1757,12
2020-10-16,Tehama,103,63373,823,737,1,738,3
2020-10-16,Trinity,105,12862,40,20,6,26,0
2020-10-16,Tulare,107,460477,17386,16965,286,17251,290
2020-10-16,Tuolumne,109,53932,262,237,2,239,4
2020-10-16,Ventura,111,848112,14300,13805,301,14106,152
2020-10-16,Yolo,113,214977,3124,3030,7,3037,55
2020-10-16,Yuba,115,75493,1203,1155,5,1160,10
2020-10-15,Alameda,1,1643700,22916,22267,221,22488,390
2020-10-15,Alpine,3,1148,4,3,0,3,0
2020-10-15,Amador,5,37829,315,309,0,309,16
2020-10-15,Butte,7,227075,3097,3000,24,3024,54
2020-10-15,Calaveras,9,45235,327,267,0,267,13
2020-10-15,Colusa,11,21464,542,543,0,543,6
2020-10-15,Contra Costa,13,1133247,18414,17893,94,17987,237
2020-10-15,Del Norte,15,27424,169,164,0,164,2
2020-10-15,El Dorado,17,186661,1317,1265,2,1267,4
2020-10-15,Fresno,19,978130,32501,29727,419,30146,425
2020-10-15,Glenn,21,27897,643,632,0,632,3
2020-10-15,Humboldt,23,135768,547,531,1,532,7
2020-10-15,Imperial,25,180216,12531,11820,9,11829,330
2020-10-15,Inyo,27,18085,223,210,1,211,14
2020-10-15,Kern,29,883053,33311,32593,381,32974,427
2020-10-15,Kings,31,150075,8272,8134,51,8185,80
2020-10-15,Lake,33,64148,687,642,0,642,14
2020-10-15,Lassen,35,31185,764,752,2,754,0
2020-10-15,Los Angeles,37,10098052,291048,284019,2655,286674,6807
2020-10-15,Madera,39,155013,4899,4723,31,4754,50
2020-10-15,Marin,41,260295,7030,6912,18,6930,99
2020-10-15,Mariposa,43,17540,79,76,0,76,2
2020-10-15,Mendocino,45,87422,1037,963,2,965,21
2020-10-15,Merced,47,269075,9337,9213,27,9240,147
2020-10-15,Modoc,49,8938,30,26,0,26,0
2020-10-15,Mono,51,14174,173,155,4,159,1
2020-10-15,Monterey,53,433212,10966,10677,43,10720,79
2020-10-15,Napa,55,140530,1929,1842,5,1847,12
2020-10-15,Nevada,57,99092,605,575,16,591,8
2020-10-15,Orange,59,3164182,58668,55952,1665,57617,1379
2020-10-15,Placer,61,380077,4047,3848,14,3862,48
2020-10-15,Plumas,63,18699,58,52,0,52,0
2020-10-15,Riverside,65,2383286,64679,62819,234,63053,1266
2020-10-15,Sacramento,67,1510023,24604,24068,21,24089,474
2020-10-15,San Benito,69,59416,1396,1384,1,1385,14
2020-10-15,San Bernardino,71,2135413,60588,58068,67,58135,1067
2020-10-15,San Diego,73,3302833,53590,51472,0,51472,847
2020-10-15,San Francisco,75,870044,11954,11808,40,11848,126
2020-10-15,San Joaquin,77,732212,21322,20880,143,21023,487
2020-10-15,San Luis Obispo,79,281455,4107,3934,18,3952,32
2020-10-15,San Mateo,81,765935,11011,10340,7,10347,152
2020-10-15,Santa Barbara,83,443738,10103,9526,72,9598,117
2020-10-15,Santa Clara,85,1922200,24020,22808,34,22842,343
2020-10-15,Santa Cruz,87,273765,2724,2656,34,2690,13
2020-10-15,Shasta,89,179085,1921,1635,18,1653,20
2020-10-15,Sierra,91,2930,6,6,0,6,0
2020-10-15,Siskiyou,93,43540,174,166,10,176,0
2020-10-15,Solano,95,438530,7073,6830,41,6871,55
2020-10-15,Sonoma,97,501317,8999,8571,21,8592,133
2020-10-15,Stanislaus,99,539301,17336,17151,687,17838,366
2020-10-15,Sutter,101,95872,1792,1752,1,1753,12
2020-10-15,Tehama,103,63373,796,726,1,727,3
2020-10-15,Trinity,105,12862,40,20,6,26,0
2020-10-15,Tulare,107,460477,17326,16918,270,17188,289
2020-10-15,Tuolumne,109,53932,260,236,2,238,4
2020-10-15,Ventura,111,848112,14244,13750,296,14046,152
2020-10-15,Yolo,113,214977,3104,3014,7,3021,55
2020-10-15,Yuba,115,75493,1196,1151,5,1156,10
2020-10-14,Alameda,1,1643700,22819,22227,220,22447,398
2020-10-14,Alpine,3,1148,4,3,0,3,0
2020-10-14,Amador,5,37829,313,308,0,308,16
2020-10-14,Butte,7,227075,3089,2995,24,3019,54
2020-10-14,Calaveras,9,45235,327,266,0,266,12
2020-10-14,Colusa,11,21464,542,543,0,543,6
2020-10-14,Contra Costa,13,1133247,18357,17820,92,17912,236
2020-10-14,Del Norte,15,27424,168,163,0,163,2
2020-10-14,El Dorado,17,186661,1311,1264,2,1266,4
2020-10-14,Fresno,19,978130,32389,29650,414,30064,424
2020-10-14,Glenn,21,27897,642,629,0,629,3
2020-10-14,Humboldt,23,135768,544,531,1,532,7
2020-10-14,Imperial,25,180216,12494,11765,8,11773,330
2020-10-14,Inyo,27,18085,222,209,1,210,14
2020-10-14,Kern,29,883053,33237,32528,378,32906,425
2020-10-14,Kings,31,150075,8255,8118,50,8168,80
2020-10-14,Lake,33,64148,686,642,0,642,14
2020-10-14,Lassen,35,31185,762,752,2,754,0
2020-10-14,Los Angeles,37,10098052,289737,282918,2608,285526,6786
2020-10-14,Madera,39,155013,4884,4713,30,4743,50
2020-10-14,Marin,41,260295,7024,6907,18,6925,99
2020-10-14,Mariposa,43,17540,78,76,0,76,2
2020-10-14,Mendocino,45,87422,1031,955,2,957,21
2020-10-14,Merced,47,269075,9312,9201,25,9226,147
2020-10-14,Modoc,49,8938,30,27,0,27,0
2020-10-14,Mono,51,14174,173,155,4,159,1
2020-10-14,Monterey,53,433212,10915,10616,43,10659,78
2020-10-14,Napa,55,140530,1912,1837,5,1842,12
2020-10-14,Nevada,57,99092,603,573,16,589,7
2020-10-14,Orange,59,3164182,58457,55756,1654,57410,1348
2020-10-14,Placer,61,380077,4024,3829,14,3843,48
2020-10-14,Plumas,63,18699,54,52,0,52,0
2020-10-14,Riverside,65,2383286,64396,62607,233,62840,1261
2020-10-14,Sacramento,67,1510023,24462,24013,21,24034,472
2020-10-14,San Benito,69,59416,1394,1381,0,1381,14
2020-10-14,San Bernardino,71,2135413,60263,57774,65,57839,1063
2020-10-14,San Diego,73,3302833,53272,51329,0,51329,844
2020-10-14,San Francisco,75,870044,11922,11783,39,11822,123
2020-10-14,San Joaquin,77,732212,21243,20845,129,20974,487
2020-10-14,San Luis Obispo,79,281455,4084,3901,17,3918,32
2020-10-14,San Mateo,81,765935,10960,10309,7,10316,132
2020-10-14,Santa Barbara,83,443738,10068,9509,72,9581,117
2020-10-14,Santa Clara,85,1922200,23872,22735,34,22769,343
2020-10-14,Santa Cruz,87,273765,2714,2618,34,2652,13
2020-10-14,Shasta,89,179085,1883,1553,18,1571,20
2020-10-14,Sierra,91,2930,6,6,0,6,0
2020-10-14,Siskiyou,93,43540,174,166,10,176,0
2020-10-14,Solano,95,438530,7017,6786,41,6827,55
2020-10-14,Sonoma,97,501317,8946,8514,21,8535,133
2020-10-14,Stanislaus,99,539301,17291,17105,684,17789,365
2020-10-14,Sutter,101,95872,1783,1747,1,1748,12
2020-10-14,Tehama,103,63373,785,721,1,722,3
2020-10-14,Trinity,105,12862,39,20,6,26,0
2020-10-14,Tulare,107,460477,17264,16863,257,17120,287
2020-10-14,Tuolumne,109,53932,259,236,2,238,4
2020-10-14,Ventura,111,848112,14191,13697,292,13989,152
2020-10-14,Yolo,113,214977,3086,3007,7,3014,55
2020-10-14,Yuba,115,75493,1188,1147,5,1152,10
2020-10-13,Alameda,1,1643700,22715,22185,218,22403,389
2020-10-13,Alpine,3,1148,4,3,0,3,0
2020-10-13,Amador,5,37829,311,306,0,306,16
2020-10-13,Butte,7,227075,3080,2992,24,3016,54
2020-10-13,Calaveras,9,45235,323,262,0,262,12
2020-10-13,Colusa,11,21464,542,541,0,541,6
2020-10-13,Contra Costa,13,1133247,18299,17783,92,17875,234
2020-10-13,Del Norte,15,27424,168,163,0,163,2
2020-10-13,El Dorado,17,186661,1302,1262,2,1264,4
2020-10-13,Fresno,19,978130,32269,29579,410,29989,424
2020-10-13,Glenn,21,27897,641,629,0,629,3
2020-10-13,Humboldt,23,135768,542,523,1,524,7
2020-10-13,Imperial,25,180216,12459,11727,8,11735,327
2020-10-13,Inyo,27,18085,219,207,1,208,14
2020-10-13,Kern,29,883053,33163,32497,376,32873,419
2020-10-13,Kings,31,150075,8246,8111,50,8161,80
2020-10-13,Lake,33,64148,683,639,0,639,12
2020-10-13,Lassen,35,31185,760,752,2,754,0
2020-10-13,Los Angeles,37,10098052,288464,281716,2565,284281,6767
2020-10-13,Madera,39,155013,4866,4700,30,4730,50
2020-10-13,Marin,41,260295,7002,6900,18,6918,97
2020-10-13,Mariposa,43,17540,78,76,0,76,2
2020-10-13,Mendocino,45,87422,1022,950,2,952,21
2020-10-13,Merced,47,269075,9295,9181,25,9206,146
2020-10-13,Modoc,49,8938,29,28,0,28,0
2020-10-13,Mono,51,14174,173,155,3,158,1
2020-10-13,Monterey,53,433212,10854,10574,42,10616,78
2020-10-13,Napa,55,140530,1903,1825,5,1830,12
2020-10-13,Nevada,57,99092,597,572,16,588,7
2020-10-13,Orange,59,3164182,58247,55515,1640,57155,1326
2020-10-13,Placer,61,380077,3987,3825,14,3839,48
2020-10-13,Plumas,63,18699,52,51,0,51,0
2020-10-13,Riverside,65,2383286,64078,62279,231,62510,1254
2020-10-13,Sacramento,67,1510023,24384,23930,21,23951,466
2020-10-13,San Benito,69,59416,1386,1380,0,1380,14
2020-10-13,San Bernardino,71,2135413,59925,57411,64,57475,1061
2020-10-13,San Diego,73,3302833,52980,51026,0,51026,840
2020-10-13,San Francisco,75,870044,11887,11659,39,11698,122
2020-10-13,San Joaquin,77,732212,21181,20822,125,20947,481
2020-10-13,San Luis Obispo,79,281455,4073,3892,16,3908,32
2020-10-13,San Mateo,81,765935,10917,10286,7,10293,130
2020-10-13,Santa Barbara,83,443738,10037,9489,72,9561,117
2020-10-13,Santa Clara,85,1922200,23746,22678,34,22712,343
2020-10-13,Santa Cruz,87,273765,2696,2603,34,2637,13
2020-10-13,Shasta,89,179085,1859,1606,17,1623,20
2020-10-13,Sierra,91,2930,6,6,0,6,0
2020-10-13,Siskiyou,93,43540,173,163,10,173,0
2020-10-13,Solano,95,438530,6982,6761,41,6802,55
2020-10-13,Sonoma,97,501317,8863,8456,21,8477,133
2020-10-13,Stanislaus,99,539301,17246,17082,679,17761,362
2020-10-13,Sutter,101,95872,1774,1748,1,1749,12
2020-10-13,Tehama,103,63373,777,717,1,718,3
2020-10-13,Trinity,105,12862,35,19,5,24,0
2020-10-13,Tulare,107,460477,17206,16822,249,17071,286
2020-10-13,Tuolumne,109,53932,257,235,2,237,4
2020-10-13,Ventura,111,848112,14138,13645,287,13932,151
2020-10-13,Yolo,113,214977,3078,2983,6,2989,55
2020-10-13,Yuba,115,75493,1183,1143,5,1148,10
2020-10-12,Alameda,1,1643700,22637,22126,217,22343,389
2020-10-12,Alpine,3,1148,4,3,0,3,0
2020-10-12,Amador,5,37829,310,305,0,305,16
2020-10-12,Butte,7,227075,3074,2975,24,2999,54
2020-10-12,Calaveras,9,45235,323,262,0,262,12
2020-10-12,Colusa,11,21464,542,541,0,541,6
2020-10-12,Contra Costa,13,1133247,18224,17728,92,17820,233
2020-10-12,Del Norte,15,27424,168,161,0,161,2
2020-10-12,El Dorado,17,186661,1299,1254,2,1256,4
2020-10-12,Fresno,19,978130,32136,29523,406,29929,421
2020-10-12,Glenn,21,27897,640,626,0,626,3
2020-10-12,Humboldt,23,135768,539,522,1,523,7
2020-10-12,Imperial,25,180216,12420,11689,8,11697,328
2020-10-12,Inyo,27,18085,216,201,1,202,14
2020-10-12,Kern,29,883053,33070,32425,373,32798,419
2020-10-12,Kings,31,150075,8240,8106,49,8155,80
2020-10-12,Lake,33,64148,677,633,0,633,12
2020-10-12,Lassen,35,31185,760,752,2,754,0
2020-10-12,Los Angeles,37,10098052,287251,280961,2534,283495,6747
2020-10-12,Madera,39,155013,4847,4689,30,4719,50
2020-10-12,Marin,41,260295,6985,6886,18,6904,97
2020-10-12,Mariposa,43,17540,78,76,0,76,2
2020-10-12,Mendocino,45,87422,1016,947,2,949,21
2020-10-12,Merced,47,269075,9274,9141,25,9166,146
2020-10-12,Modoc,49,8938,29,27,0,27,0
2020-10-12,Mono,51,14174,173,154,3,157,1
2020-10-12,Monterey,53,433212,10788,10473,42,10515,77
2020-10-12,Napa,55,140530,1895,1819,5,1824,11
2020-10-12,Nevada,57,99092,593,570,16,586,7
2020-10-12,Orange,59,3164182,58018,55373,1630,57003,1326
2020-10-12,Placer,61,380077,3954,3808,13,3821,48
2020-10-12,Plumas,63,18699,52,51,0,51,0
2020-10-12,Riverside,65,2383286,63766,62279,228,62507,1254
2020-10-12,Sacramento,67,1510023,24278,23807,21,23828,466
2020-10-12,San Benito,69,59416,1383,1376,0,1376,13
2020-10-12,San Bernardino,71,2135413,59555,57235,64,57299,1061
2020-10-12,San Diego,73,3302833,52690,50748,0,50748,826
2020-10-12,San Francisco,75,870044,11855,11659,39,11698,122
2020-10-12,San Joaquin,77,732212,21118,20701,119,20820,480
2020-10-12,San Luis Obispo,79,281455,4049,3874,16,3890,32
2020-10-12,San Mateo,81,765935,10869,10262,7,10269,130
2020-10-12,Santa Barbara,83,443738,10001,9462,72,9534,117
2020-10-12,Santa Clara,85,1922200,23631,22578,34,22612,343
2020-10-12,Santa Cruz,87,273765,2679,2590,34,2624,13
2020-10-12,Shasta,89,179085,1834,1515,17,1532,20
2020-10-12,Sierra,91,2930,6,6,0,6,0
2020-10-12,Siskiyou,93,43540,172,162,10,172,0
2020-10-12,Solano,95,438530,6943,6742,41,6783,55
2020-10-12,Sonoma,97,501317,8792,8377,21,8398,133
2020-10-12,Stanislaus,99,539301,17197,17051,670,17721,361
2020-10-12,Sutter,101,95872,1766,1741,1,1742,12
2020-10-12,Tehama,103,63373,761,708,1,709,3
2020-10-12,Trinity,105,12862,34,19,5,24,0
2020-10-12,Tulare,107,460477,17154,16742,242,16984,286
2020-10-12,Tuolumne,109,53932,252,234,2,236,4
2020-10-12,Ventura,111,848112,14076,13617,283,13900,151
2020-10-12,Yolo,113,214977,3063,2964,6,2970,55
2020-10-12,Yuba,115,75493,1172,1141,5,1146,10
2020-10-11,Alameda,1,1643700,22548,22057,213,22270,392
2020-10-11,Alpine,3,1148,4,3,0,3,0
2020-10-11,Amador,5,37829,308,305,0,305,16
2020-10-11,Butte,7,227075,3066,2967,23,2990,54
2020-10-11,Calaveras,9,45235,321,262,0,262,12
2020-10-11,Colusa,11,21464,540,541,0,541,6
2020-10-11,Contra Costa,13,1133247,18142,17678,92,17770,233
2020-10-11,Del Norte,15,27424,166,161,0,161,2
2020-10-11,El Dorado,17,186661,1290,1242,2,1244,4
2020-10-11,Fresno,19,978130,31999,29419,399,29818,421
2020-10-11,Glenn,21,27897,638,625,0,625,3
2020-10-11,Humboldt,23,135768,538,521,1,522,7
2020-10-11,Imperial,25,180216,12360,11614,8,11622,328
2020-10-11,Inyo,27,18085,212,201,1,202,14
2020-10-11,Kern,29,883053,32983,32399,366,32765,418
2020-10-11,Kings,31,150075,8223,8094,48,8142,80
2020-10-11,Lake,33,64148,664,631,0,631,12
2020-10-11,Lassen,35,31185,759,752,2,754,0
2020-10-11,Los Angeles,37,10098052,285815,280190,2492,282682,6745
2020-10-11,Madera,39,155013,4820,4680,29,4709,50
2020-10-11,Marin,41,260295,6976,6870,18,6888,97
2020-10-11,Mariposa,43,17540,78,76,0,76,2
2020-10-11,Mendocino,45,87422,1009,944,2,946,21
2020-10-11,Merced,47,269075,9256,9124,25,9149,146
2020-10-11,Modoc,49,8938,29,27,0,27,0
2020-10-11,Mono,51,14174,173,154,3,157,1
2020-10-11,Monterey,53,433212,10737,10445,40,10485,77
2020-10-11,Napa,55,140530,1879,1811,5,1816,11
2020-10-11,Nevada,57,99092,591,569,16,585,7
2020-10-11,Orange,59,3164182,57788,55202,1624,56826,1326
2020-10-11,Placer,61,380077,3933,3787,13,3800,48
2020-10-11,Plumas,63,18699,52,51,0,51,0
2020-10-11,Riverside,65,2383286,63477,62112,224,62336,1254
2020-10-11,Sacramento,67,1510023,24138,23778,21,23799,466
2020-10-11,San Benito,69,59416,1382,1374,0,1374,13
2020-10-11,San Bernardino,71,2135413,59102,56997,64,57061,1061
2020-10-11,San Diego,73,3302833,52341,50553,0,50553,826
2020-10-11,San Francisco,75,870044,11812,11659,39,11698,122
2020-10-11,San Joaquin,77,732212,21043,20700,109,20809,480
2020-10-11,San Luis Obispo,79,281455,4032,3874,15,3889,32
2020-10-11,San Mateo,81,765935,10838,10240,7,10247,130
2020-10-11,Santa Barbara,83,443738,9971,9440,71,9511,117
2020-10-11,Santa Clara,85,1922200,23489,22487,33,22520,336
2020-10-11,Santa Cruz,87,273765,2665,2578,34,2612,13
2020-10-11,Shasta,89,179085,1804,1515,16,1531,20
2020-10-11,Sierra,91,2930,6,6,0,6,0
2020-10-11,Siskiyou,93,43540,171,162,10,172,0
2020-10-11,Solano,95,438530,6889,6685,41,6726,53
2020-10-11,Sonoma,97,501317,8735,8319,21,8340,133
2020-10-11,Stanislaus,99,539301,17134,17007,653,17660,360
2020-10-11,Sutter,101,95872,1763,1742,1,1743,12
2020-10-11,Tehama,103,63373,737,702,1,703,3
2020-10-11,Trinity,105,12862,34,19,5,24,0
2020-10-11,Tulare,107,460477,17091,16741,234,16975,286
2020-10-11,Tuolumne,109,53932,248,234,2,236,4
2020-10-11,Ventura,111,848112,14016,13604,278,13882,151
2020-10-11,Yolo,113,214977,3033,2952,6,2958,55
2020-10-11,Yuba,115,75493,1160,1137,5,1142,10
2020-10-10,Alameda,1,1643700,22498,21979,212,22191,398
2020-10-10,Alpine,3,1148,4,3,0,3,0
2020-10-10,Amador,5,37829,307,304,0,304,16
2020-10-10,Butte,7,227075,3061,2962,22,2984,54
2020-10-10,Calaveras,9,45235,320,262,0,262,12
2020-10-10,Colusa,11,21464,540,541,0,541,6
2020-10-10,Contra Costa,13,1133247,18106,17566,91,17657,233
2020-10-10,Del Norte,15,27424,166,161,0,161,2
2020-10-10,El Dorado,17,186661,1288,1240,2,1242,4
2020-10-10,Fresno,19,978130,31936,29286,397,29683,421
2020-10-10,Glenn,21,27897,638,623,0,623,3
2020-10-10,Humboldt,23,135768,535,518,1,519,7
2020-10-10,Imperial,25,180216,12345,11591,8,11599,327
2020-10-10,Inyo,27,18085,209,201,1,202,14
2020-10-10,Kern,29,883053,32946,32338,366,32704,418
2020-10-10,Kings,31,150075,8219,8078,48,8126,80
2020-10-10,Lake,33,64148,663,630,0,630,11
2020-10-10,Lassen,35,31185,759,752,2,754,0
2020-10-10,Los Angeles,37,10098052,285096,279213,2458,281671,6743
2020-10-10,Madera,39,155013,4807,4662,29,4691,50
2020-10-10,Marin,41,260295,6967,6852,18,6870,97
2020-10-10,Mariposa,43,17540,78,76,0,76,2
2020-10-10,Mendocino,45,87422,1002,935,2,937,21
2020-10-10,Merced,47,269075,9250,9105,24,9129,146
2020-10-10,Modoc,49,8938,29,27,0,27,0
2020-10-10,Mono,51,14174,173,154,3,157,1
2020-10-10,Monterey,53,433212,10704,10410,40,10450,75
2020-10-10,Napa,55,140530,1872,1804,5,1809,11
2020-10-10,Nevada,57,99092,588,564,16,580,6
2020-10-10,Orange,59,3164182,57667,54965,1619,56584,1324
2020-10-10,Placer,61,380077,3916,3757,13,3770,48
2020-10-10,Plumas,63,18699,52,51,0,51,0
2020-10-10,Riverside,65,2383286,63275,61845,221,62066,1254
2020-10-10,Sacramento,67,1510023,24072,23689,21,23710,466
2020-10-10,San Benito,69,59416,1380,1370,0,1370,13
2020-10-10,San Bernardino,71,2135413,58940,56683,64,56747,1061
2020-10-10,San Diego,73,3302833,52111,50145,0,50145,825
2020-10-10,San Francisco,75,870044,11791,11663,39,11702,122
2020-10-10,San Joaquin,77,732212,21015,20700,105,20805,481
2020-10-10,San Luis Obispo,79,281455,4012,3832,15,3847,32
2020-10-10,San Mateo,81,765935,10801,10218,7,10225,130
2020-10-10,Santa Barbara,83,443738,9960,9417,71,9488,116
2020-10-10,Santa Clara,85,1922200,23397,22354,33,22387,330
2020-10-10,Santa Cruz,87,273765,2651,2572,34,2606,13
2020-10-10,Shasta,89,179085,1787,1473,16,1489,20
2020-10-10,Sierra,91,2930,6,6,0,6,0
2020-10-10,Siskiyou,93,43540,171,161,10,171,0
2020-10-10,Solano,95,438530,6863,6655,41,6696,53
2020-10-10,Sonoma,97,501317,8715,8235,21,8256,133
2020-10-10,Stanislaus,99,539301,17099,16960,645,17605,360
2020-10-10,Sutter,101,95872,1760,1735,1,1736,12
2020-10-10,Tehama,103,63373,730,693,1,694,3
2020-10-10,Trinity,105,12862,34,19,5,24,0
2020-10-10,Tulare,107,460477,17057,16709,229,16938,286
2020-10-10,Tuolumne,109,53932,248,233,2,235,4
2020-10-10,Ventura,111,848112,13992,13520,278,13798,151
2020-10-10,Yolo,113,214977,3024,2939,6,2945,55
2020-10-10,Yuba,115,75493,1158,1134,5,1139,10
2020-10-09,Alameda,1,1643700,22450,21924,212,22136,399
2020-10-09,Alpine,3,1148,4,3,0,3,0
2020-10-09,Amador,5,37829,307,303,0,303,16
2020-10-09,Butte,7,227075,3058,2956,22,2978,51
2020-10-09,Calaveras,9,45235,318,262,0,262,11
2020-10-09,Colusa,11,21464,540,541,0,541,6
2020-10-09,Contra Costa,13,1133247,18056,17487,91,17578,229
2020-10-09,Del Norte,15,27424,165,161,0,161,2
2020-10-09,El Dorado,17,186661,1284,1234,2,1236,4
2020-10-09,Fresno,19,978130,31863,29208,395,29603,417
2020-10-09,Glenn,21,27897,633,617,0,617,3
2020-10-09,Humboldt,23,135768,533,516,1,517,7
2020-10-09,Imperial,25,180216,12318,11516,8,11524,330
2020-10-09,Inyo,27,18085,206,200,1,201,14
2020-10-09,Kern,29,883053,32904,32237,364,32601,417
2020-10-09,Kings,31,150075,8212,7993,46,8039,80
2020-10-09,Lake,33,64148,653,610,0,610,11
2020-10-09,Lassen,35,31185,759,751,2,753,0
2020-10-09,Los Angeles,37,10098052,283964,278039,2433,280472,6715
2020-10-09,Madera,39,155013,4797,4646,29,4675,50
2020-10-09,Marin,41,260295,6953,6838,18,6856,96
2020-10-09,Mariposa,43,17540,78,76,0,76,2
2020-10-09,Mendocino,45,87422,992,933,2,935,20
2020-10-09,Merced,47,269075,9236,9095,24,9119,145
2020-10-09,Modoc,49,8938,29,27,0,27,0
2020-10-09,Mono,51,14174,173,154,3,157,1
2020-10-09,Monterey,53,433212,10670,10369,40,10409,75
2020-10-09,Napa,55,140530,1862,1795,5,1800,11
2020-10-09,Nevada,57,99092,583,561,16,577,6
2020-10-09,Orange,59,3164182,57500,54746,1613,56359,1305
2020-10-09,Placer,61,380077,3903,3737,13,3750,48
2020-10-09,Plumas,63,18699,52,50,0,50,0
2020-10-09,Riverside,65,2383286,63039,61529,220,61749,1252
2020-10-09,Sacramento,67,1510023,24002,23606,21,23627,457
2020-10-09,San Benito,69,59416,1375,1367,0,1367,13
2020-10-09,San Bernardino,71,2135413,58701,56434,64,56498,1057
2020-10-09,San Diego,73,3302833,51835,49825,0,49825,821
2020-10-09,San Francisco,75,870044,11761,11620,39,11659,120
2020-10-09,San Joaquin,77,732212,20986,20648,95,20743,481
2020-10-09,San Luis Obispo,79,281455,3993,3810,15,3825,32
2020-10-09,San Mateo,81,765935,10773,10140,7,10147,130
2020-10-09,Santa Barbara,83,443738,9932,9396,71,9467,116
2020-10-09,Santa Clara,85,1922200,23295,22251,32,22283,328
2020-10-09,Santa Cruz,87,273765,2642,2555,34,2589,13
2020-10-09,Shasta,89,179085,1760,1353,15,1368,20
2020-10-09,Sierra,91,2930,6,6,0,6,0
2020-10-09,Siskiyou,93,43540,169,156,10,166,0
2020-10-09,Solano,95,438530,6824,6614,41,6655,53
2020-10-09,Sonoma,97,501317,8661,8133,21,8154,133
2020-10-09,Stanislaus,99,539301,17076,16904,636,17540,362
2020-10-09,Sutter,101,95872,1756,1732,1,1733,12
2020-10-09,Tehama,103,63373,724,682,1,683,3
2020-10-09,Trinity,105,12862,34,25,5,30,0
2020-10-09,Tulare,107,460477,17017,16644,220,16864,286
2020-10-09,Tuolumne,109,53932,245,230,2,232,4
2020-10-09,Ventura,111,848112,13956,13469,275,13744,151
2020-10-09,Yolo,113,214977,3017,2928,6,2934,55
2020-10-09,Yuba,115,75493,1157,1129,5,1134,10
2020-10-08,Alameda,1,1643700,22370,21826,211,22037,395
2020-10-08,Alpine,3,1148,4,3,0,3,0
2020-10-08,Amador,5,37829,306,302,0,302,16
2020-10-08,Butte,7,227075,3048,2935,22,2957,51
2020-10-08,Calaveras,9,45235,317,262,0,262,11
2020-10-08,Colusa,11,21464,540,539,0,539,6
2020-10-08,Contra Costa,13,1133247,17996,17418,90,17508,228
2020-10-08,Del Norte,15,27424,165,151,0,151,2
2020-10-08,El Dorado,17,186661,1283,1230,2,1232,4
2020-10-08,Fresno,19,978130,31758,29111,395,29506,416
2020-10-08,Glenn,21,27897,630,616,0,616,3
2020-10-08,Humboldt,23,135768,529,515,1,516,7
2020-10-08,Imperial,25,180216,12279,11405,8,11413,330
2020-10-08,Inyo,27,18085,203,199,1,200,14
2020-10-08,Kern,29,883053,32846,32169,359,32528,411
2020-10-08,Kings,31,150075,8206,7968,46,8014,80
2020-10-08,Lake,33,64148,648,604,0,604,11
2020-10-08,Lassen,35,31185,754,751,2,753,0
2020-10-08,Los Angeles,37,10098052,282767,276763,2392,279155,6699
2020-10-08,Madera,39,155013,4778,4637,29,4666,50
2020-10-08,Marin,41,260295,6939,6810,18,6828,96
2020-10-08,Mariposa,43,17540,78,76,0,76,2
2020-10-08,Mendocino,45,87422,987,930,2,932,20
2020-10-08,Merced,47,269075,9216,9069,24,9093,144
2020-10-08,Modoc,49,8938,29,27,0,27,0
2020-10-08,Mono,51,14174,173,153,3,156,1
2020-10-08,Monterey,53,433212,10603,10343,40,10383,75
2020-10-08,Napa,55,140530,1847,1779,5,1784,11
2020-10-08,Nevada,57,99092,580,556,16,572,6
2020-10-08,Orange,59,3164182,57307,54523,1601,56124,1293
2020-10-08,Placer,61,380077,3885,3715,13,3728,48
2020-10-08,Plumas,63,18699,52,50,0,50,0
2020-10-08,Riverside,65,2383286,62771,61105,218,61323,1244
2020-10-08,Sacramento,67,1510023,23894,23482,21,23503,454
2020-10-08,San Benito,69,59416,1370,1367,0,1367,13
2020-10-08,San Bernardino,71,2135413,58338,56152,64,56216,1048
2020-10-08,San Diego,73,3302833,51555,49468,0,49468,819
2020-10-08,San Francisco,75,870044,11724,11608,39,11647,115
2020-10-08,San Joaquin,77,732212,20936,20576,90,20666,478
2020-10-08,San Luis Obispo,79,281455,3977,3785,15,3800,32
2020-10-08,San Mateo,81,765935,10741,10044,7,10051,130
2020-10-08,Santa Barbara,83,443738,9902,9374,71,9445,116
2020-10-08,Santa Clara,85,1922200,23193,22095,32,22127,323
2020-10-08,Santa Cruz,87,273765,2631,2535,34,2569,13
2020-10-08,Shasta,89,179085,1726,1305,15,1320,20
2020-10-08,Sierra,91,2930,6,6,0,6,0
2020-10-08,Siskiyou,93,43540,169,156,10,166,0
2020-10-08,Solano,95,438530,6800,6556,41,6597,53
2020-10-08,Sonoma,97,501317,8595,8063,21,8084,132
2020-10-08,Stanislaus,99,539301,17030,16821,628,17449,360
2020-10-08,Sutter,101,95872,1756,1725,1,1726,12
2020-10-08,Tehama,103,63373,715,676,1,677,3
2020-10-08,Trinity,105,12862,34,25,5,30,0
2020-10-08,Tulare,107,460477,16956,16573,211,16784,283
2020-10-08,Tuolumne,109,53932,244,230,2,232,4
2020-10-08,Ventura,111,848112,13909,13399,272,13671,151
2020-10-08,Yolo,113,214977,3000,2914,6,2920,55
2020-10-08,Yuba,115,75493,1152,1126,5,1131,10
2020-10-07,Alameda,1,1643700,22294,21736,211,21947,395
2020-10-07,Alpine,3,1148,4,3,0,3,0
2020-10-07,Amador,5,37829,306,302,0,302,16
2020-10-07,Butte,7,227075,3036,2927,22,2949,47
2020-10-07,Calaveras,9,45235,315,262,0,262,11
2020-10-07,Colusa,11,21464,539,539,0,539,6
2020-10-07,Contra Costa,13,1133247,17926,17346,89,17435,225
2020-10-07,Del Norte,15,27424,164,149,0,149,2
2020-10-07,El Dorado,17,186661,1275,1219,2,1221,4
2020-10-07,Fresno,19,978130,31636,29069,390,29459,413
2020-10-07,Glenn,21,27897,630,615,0,615,3
2020-10-07,Humboldt,23,135768,526,512,1,513,7
2020-10-07,Imperial,25,180216,12243,11289,8,11297,330
2020-10-07,Inyo,27,18085,203,199,1,200,14
2020-10-07,Kern,29,883053,32774,32068,358,32426,410
2020-10-07,Kings,31,150075,8191,7948,46,7994,80
2020-10-07,Lake,33,64148,647,599,0,599,11
2020-10-07,Lassen,35,31185,754,751,2,753,0
2020-10-07,Los Angeles,37,10098052,281594,275559,2354,277913,6681
2020-10-07,Madera,39,155013,4758,4618,29,4647,50
2020-10-07,Marin,41,260295,6912,6790,18,6808,95
2020-10-07,Mariposa,43,17540,78,75,0,75,2
2020-10-07,Mendocino,45,87422,981,927,2,929,19
2020-10-07,Merced,47,269075,9179,9045,23,9068,144
2020-10-07,Modoc,49,8938,29,27,0,27,0
2020-10-07,Mono,51,14174,172,153,2,155,1
2020-10-07,Monterey,53,433212,10544,10272,40,10312,75
2020-10-07,Napa,55,140530,1834,1774,5,1779,11
2020-10-07,Nevada,57,99092,576,552,16,568,6
2020-10-07,Orange,59,3164182,57088,54332,1591,55923,1277
2020-10-07,Placer,61,380077,3869,3693,13,3706,48
2020-10-07,Plumas,63,18699,52,50,0,50,0
2020-10-07,Riverside,65,2383286,62424,60857,214,61071,1241
2020-10-07,Sacramento,67,1510023,23798,23380,21,23401,452
2020-10-07,San Benito,69,59416,1367,1363,0,1363,13
2020-10-07,San Bernardino,71,2135413,57990,55738,63,55801,1043
2020-10-07,San Diego,73,3302833,51239,49177,0,49177,813
2020-10-07,San Francisco,75,870044,11689,11551,39,11590,115
2020-10-07,San Joaquin,77,732212,20884,20527,82,20609,478
2020-10-07,San Luis Obispo,79,281455,3947,3749,15,3764,32
2020-10-07,San Mateo,81,765935,10699,9980,7,9987,130
2020-10-07,Santa Barbara,83,443738,9874,9350,70,9420,116
2020-10-07,Santa Clara,85,1922200,23066,21993,32,22025,320
2020-10-07,Santa Cruz,87,273765,2619,2518,34,2552,14
2020-10-07,Shasta,89,179085,1683,1268,15,1283,20
2020-10-07,Sierra,91,2930,6,6,0,6,0
2020-10-07,Siskiyou,93,43540,167,154,10,164,0
2020-10-07,Solano,95,438530,6765,6526,41,6567,53
2020-10-07,Sonoma,97,501317,8518,7993,21,8014,130
2020-10-07,Stanislaus,99,539301,16996,16786,622,17408,357
2020-10-07,Sutter,101,95872,1752,1723,1,1724,12
2020-10-07,Tehama,103,63373,706,666,1,667,3
2020-10-07,Trinity,105,12862,32,25,5,30,0
2020-10-07,Tulare,107,460477,16915,16483,202,16685,282
2020-10-07,Tuolumne,109,53932,244,227,2,229,3
2020-10-07,Ventura,111,848112,13859,13333,266,13599,150
2020-10-07,Yolo,113,214977,2974,2904,6,2910,55
2020-10-07,Yuba,115,75493,1146,1120,5,1125,10
2020-10-06,Alameda,1,1643700,22204,21698,209,21907,385
2020-10-06,Alpine,3,1148,4,3,0,3,0
2020-10-06,Amador,5,37829,304,301,0,301,16
2020-10-06,Butte,7,227075,3029,2925,22,2947,47
2020-10-06,Calaveras,9,45235,315,261,0,261,11
2020-10-06,Colusa,11,21464,538,538,0,538,6
2020-10-06,Contra Costa,13,1133247,17847,17295,89,17384,219
2020-10-06,Del Norte,15,27424,164,144,0,144,2
2020-10-06,El Dorado,17,186661,1271,1211,2,1213,4
2020-10-06,Fresno,19,978130,31494,29022,387,29409,412
2020-10-06,Glenn,21,27897,627,604,0,604,3
2020-10-06,Humboldt,23,135768,523,508,1,509,7
2020-10-06,Imperial,25,180216,12205,11196,8,11204,327
2020-10-06,Inyo,27,18085,201,198,1,199,14
2020-10-06,Kern,29,883053,32697,32006,356,32362,407
2020-10-06,Kings,31,150075,8175,7943,46,7989,81
2020-10-06,Lake,33,64148,641,596,0,596,11
2020-10-06,Lassen,35,31185,754,743,2,745,0
2020-10-06,Los Angeles,37,10098052,280362,274115,2301,276416,6657
2020-10-06,Madera,39,155013,4746,4608,29,4637,50
2020-10-06,Marin,41,260295,6898,6766,18,6784,91
2020-10-06,Mariposa,43,17540,78,75,0,75,2
2020-10-06,Mendocino,45,87422,974,920,2,922,19
2020-10-06,Merced,47,269075,9143,9034,22,9056,143
2020-10-06,Modoc,49,8938,29,26,0,26,0
2020-10-06,Mono,51,14174,172,153,2,155,1
2020-10-06,Monterey,53,433212,10488,10235,39,10274,72
2020-10-06,Napa,55,140530,1828,1770,5,1775,11
2020-10-06,Nevada,57,99092,574,551,16,567,6
2020-10-06,Orange,59,3164182,56873,54203,1583,55786,1273
2020-10-06,Placer,61,380077,3847,3680,13,3693,48
2020-10-06,Plumas,63,18699,52,49,0,49,0
2020-10-06,Riverside,65,2383286,62160,60593,211,60804,1238
2020-10-06,Sacramento,67,1510023,23711,23322,21,23343,442
2020-10-06,San Benito,69,59416,1366,1358,0,1358,12
2020-10-06,San Bernardino,71,2135413,57675,55416,62,55478,1040
2020-10-06,San Diego,73,3302833,50902,48823,0,48823,806
2020-10-06,San Francisco,75,870044,11663,11513,38,11551,115
2020-10-06,San Joaquin,77,732212,20844,20481,79,20560,477
2020-10-06,San Luis Obispo,79,281455,3912,3723,15,3738,32
2020-10-06,San Mateo,81,765935,10666,9934,7,9941,129
2020-10-06,Santa Barbara,83,443738,9845,9331,69,9400,116
2020-10-06,Santa Clara,85,1922200,22971,21914,32,21946,320
2020-10-06,Santa Cruz,87,273765,2597,2510,34,2544,12
2020-10-06,Shasta,89,179085,1643,1242,15,1257,18
2020-10-06,Sierra,91,2930,6,6,0,6,0
2020-10-06,Siskiyou,93,43540,167,154,10,164,0
2020-10-06,Solano,95,438530,6719,6506,41,6547,52
2020-10-06,Sonoma,97,501317,8426,7895,21,7916,130
2020-10-06,Stanislaus,99,539301,16951,16759,616,17375,354
2020-10-06,Sutter,101,95872,1750,1722,1,1723,12
2020-10-06,Tehama,103,63373,697,660,1,661,3
2020-10-06,Trinity,105,12862,32,25,5,30,0
2020-10-06,Tulare,107,460477,16873,16456,194,16650,280
2020-10-06,Tuolumne,109,53932,243,227,2,229,2
2020-10-06,Ventura,111,848112,13792,13242,261,13503,150
2020-10-06,Yolo,113,214977,2960,2899,6,2905,56
2020-10-06,Yuba,115,75493,1145,1114,5,1119,10
2020-10-05,Alameda,1,1643700,22116,21637,206,21843,383
2020-10-05,Alpine,3,1148,4,2,0,2,0
2020-10-05,Amador,5,37829,304,299,0,299,16
2020-10-05,Butte,7,227075,3019,2910,22,2932,46
2020-10-05,Calaveras,9,45235,315,259,0,259,11
2020-10-05,Colusa,11,21464,538,537,0,537,6
2020-10-05,Contra Costa,13,1133247,17770,17250,89,17339,216
2020-10-05,Del Norte,15,27424,161,142,0,142,2
2020-10-05,El Dorado,17,186661,1267,1202,2,1204,4
2020-10-05,Fresno,19,978130,31377,29136,387,29523,408
2020-10-05,Glenn,21,27897,625,603,0,603,3
2020-10-05,Humboldt,23,135768,522,506,1,507,6
2020-10-05,Imperial,25,180216,12166,11169,8,11177,327
2020-10-05,Inyo,27,18085,201,197,1,198,14
2020-10-05,Kern,29,883053,32619,31933,352,32285,404
2020-10-05,Kings,31,150075,8078,7932,46,7978,80
2020-10-05,Lake,33,64148,637,592,0,592,10
2020-10-05,Lassen,35,31185,753,743,2,745,0
2020-10-05,Los Angeles,37,10098052,279283,273200,2257,275457,6632
2020-10-05,Madera,39,155013,4738,4598,27,4625,50
2020-10-05,Marin,41,260295,6882,6751,18,6769,91
2020-10-05,Mariposa,43,17540,78,75,0,75,2
2020-10-05,Mendocino,45,87422,966,913,2,915,19
2020-10-05,Merced,47,269075,9124,9021,21,9042,143
2020-10-05,Modoc,49,8938,29,26,0,26,0
2020-10-05,Mono,51,14174,172,152,2,154,1
2020-10-05,Monterey,53,433212,10441,10187,39,10226,72
2020-10-05,Napa,55,140530,1818,1760,5,1765,11
2020-10-05,Nevada,57,99092,571,550,15,565,6
2020-10-05,Orange,59,3164182,56659,54103,1568,55671,1271
2020-10-05,Placer,61,380077,3821,3670,13,3683,46
2020-10-05,Plumas,63,18699,51,49,0,49,0
2020-10-05,Riverside,65,2383286,61841,60454,207,60661,1232
2020-10-05,Sacramento,67,1510023,23609,23207,21,23228,438
2020-10-05,San Benito,69,59416,1363,1356,0,1356,12
2020-10-05,San Bernardino,71,2135413,57369,55100,62,55162,1031
2020-10-05,San Diego,73,3302833,50566,48662,0,48662,803
2020-10-05,San Francisco,75,870044,11624,11476,35,11511,110
2020-10-05,San Joaquin,77,732212,20773,20319,76,20395,476
2020-10-05,San Luis Obispo,79,281455,3886,3710,15,3725,32
2020-10-05,San Mateo,81,765935,10639,9896,7,9903,128
2020-10-05,Santa Barbara,83,443738,9823,9309,69,9378,116
2020-10-05,Santa Clara,85,1922200,22856,21861,32,21893,319
2020-10-05,Santa Cruz,87,273765,2585,2492,34,2526,9
2020-10-05,Shasta,89,179085,1610,1158,15,1173,18
2020-10-05,Sierra,91,2930,6,6,0,6,0
2020-10-05,Siskiyou,93,43540,167,153,10,163,0
2020-10-05,Solano,95,438530,6680,6475,41,6516,52
2020-10-05,Sonoma,97,501317,8334,7817,21,7838,130
2020-10-05,Stanislaus,99,539301,16916,16730,609,17339,351
2020-10-05,Sutter,101,95872,1742,1719,1,1720,12
2020-10-05,Tehama,103,63373,689,642,1,643,3
2020-10-05,Trinity,105,12862,32,22,5,27,0
2020-10-05,Tulare,107,460477,16815,16343,190,16533,278
2020-10-05,Tuolumne,109,53932,240,226,2,228,2
2020-10-05,Ventura,111,848112,13725,13224,239,13463,149
2020-10-05,Yolo,113,214977,2941,2889,6,2895,56
2020-10-05,Yuba,115,75493,1132,1108,5,1113,9
2020-10-04,Alameda,1,1643700,22021,21597,206,21803,383
2020-10-04,Alpine,3,1148,4,2,0,2,0
2020-10-04,Amador,5,37829,302,297,0,297,16
2020-10-04,Butte,7,227075,3005,2903,22,2925,46
2020-10-04,Calaveras,9,45235,315,259,0,259,11
2020-10-04,Colusa,11,21464,537,537,0,537,6
2020-10-04,Contra Costa,13,1133247,17705,17192,89,17281,214
2020-10-04,Del Norte,15,27424,157,142,0,142,2
2020-10-04,El Dorado,17,186661,1263,1196,2,1198,4
2020-10-04,Fresno,19,978130,31254,29065,387,29452,408
2020-10-04,Glenn,21,27897,623,601,0,601,3
2020-10-04,Humboldt,23,135768,521,506,1,507,6
2020-10-04,Imperial,25,180216,12126,11127,8,11135,327
2020-10-04,Inyo,27,18085,198,195,1,196,14
2020-10-04,Kern,29,883053,32545,31906,350,32256,404
2020-10-04,Kings,31,150075,8063,7919,46,7965,80
2020-10-04,Lake,33,64148,623,589,0,589,10
2020-10-04,Lassen,35,31185,753,743,2,745,0
2020-10-04,Los Angeles,37,10098052,277902,272822,2206,275028,6625
2020-10-04,Madera,39,155013,4722,4587,27,4614,50
2020-10-04,Marin,41,260295,6862,6741,18,6759,91
2020-10-04,Mariposa,43,17540,78,75,0,75,2
2020-10-04,Mendocino,45,87422,953,905,2,907,18
2020-10-04,Merced,47,269075,9099,9006,21,9027,140
2020-10-04,Modoc,49,8938,29,26,0,26,0
2020-10-04,Mono,51,14174,171,152,1,153,1
2020-10-04,Monterey,53,433212,10400,10141,38,10179,72
2020-10-04,Napa,55,140530,1806,1759,5,1764,11
2020-10-04,Nevada,57,99092,567,547,14,561,6
2020-10-04,Orange,59,3164182,56423,53966,1559,55525,1270
2020-10-04,Placer,61,380077,3800,3664,13,3677,46
2020-10-04,Plumas,63,18699,51,49,0,49,0
2020-10-04,Riverside,65,2383286,61555,60251,202,60453,1226
2020-10-04,Sacramento,67,1510023,23496,23162,21,23183,438
2020-10-04,San Benito,69,59416,1363,1355,0,1355,12
2020-10-04,San Bernardino,71,2135413,56925,55100,62,55162,1031
2020-10-04,San Diego,73,3302833,50200,48438,0,48438,803
2020-10-04,San Francisco,75,870044,11592,11474,33,11507,110
2020-10-04,San Joaquin,77,732212,20696,20320,70,20390,476
2020-10-04,San Luis Obispo,79,281455,3861,3688,15,3703,31
2020-10-04,San Mateo,81,765935,10578,9858,7,9865,128
2020-10-04,Santa Barbara,83,443738,9797,9276,67,9343,116
2020-10-04,Santa Clara,85,1922200,22720,21780,32,21812,316
2020-10-04,Santa Cruz,87,273765,2569,2483,34,2517,9
2020-10-04,Shasta,89,179085,1512,1158,14,1172,18
2020-10-04,Sierra,91,2930,6,6,0,6,0
2020-10-04,Siskiyou,93,43540,167,153,10,163,0
2020-10-04,Solano,95,438530,6629,6445,41,6486,52
2020-10-04,Sonoma,97,501317,8246,7794,21,7815,129
2020-10-04,Stanislaus,99,539301,16866,16711,600,17311,351
2020-10-04,Sutter,101,95872,1737,1711,1,1712,11
2020-10-04,Tehama,103,63373,674,637,1,638,3
2020-10-04,Trinity,105,12862,32,21,5,26,0
2020-10-04,Tulare,107,460477,16741,16343,178,16521,278
2020-10-04,Tuolumne,109,53932,238,226,2,228,2
2020-10-04,Ventura,111,848112,13643,13197,222,13419,149
2020-10-04,Yolo,113,214977,2930,2875,6,2881,56
2020-10-04,Yuba,115,75493,1128,1103,5,1108,9
2020-10-03,Alameda,1,1643700,21977,21510,205,21715,386
2020-10-03,Alpine,3,1148,4,2,0,2,0
2020-10-03,Amador,5,37829,301,296,0,296,16
2020-10-03,Butte,7,227075,2999,2894,22,2916,46
2020-10-03,Calaveras,9,45235,315,259,0,259,11
2020-10-03,Colusa,11,21464,536,537,0,537,6
2020-10-03,Contra Costa,13,1133247,17655,17087,87,17174,213
2020-10-03,Del Norte,15,27424,153,142,0,142,2
2020-10-03,El Dorado,17,186661,1256,1188,2,1190,4
2020-10-03,Fresno,19,978130,31195,28975,386,29361,408
2020-10-03,Glenn,21,27897,621,601,0,601,3
2020-10-03,Humboldt,23,135768,520,504,1,505,6
2020-10-03,Imperial,25,180216,12103,11090,8,11098,327
2020-10-03,Inyo,27,18085,198,194,1,195,14
2020-10-03,Kern,29,883053,32496,31864,347,32211,403
2020-10-03,Kings,31,150075,8059,7887,46,7933,80
2020-10-03,Lake,33,64148,613,588,0,588,10
2020-10-03,Lassen,35,31185,753,743,2,745,0
2020-10-03,Los Angeles,37,10098052,277198,271869,2176,274045,6620
2020-10-03,Madera,39,155013,4705,4565,27,4592,50
2020-10-03,Marin,41,260295,6856,6728,18,6746,91
2020-10-03,Mariposa,43,17540,78,75,0,75,2
2020-10-03,Mendocino,45,87422,951,898,2,900,18
2020-10-03,Merced,47,269075,9086,8986,21,9007,139
2020-10-03,Modoc,49,8938,29,26,0,26,0
2020-10-03,Mono,51,14174,171,152,1,153,1
2020-10-03,Monterey,53,433212,10366,10092,35,10127,72
2020-10-03,Napa,55,140530,1802,1752,5,1757,11
2020-10-03,Nevada,57,99092,565,544,14,558,6
2020-10-03,Orange,59,3164182,56307,53573,1554,55127,1268
2020-10-03,Placer,61,380077,3789,3648,13,3661,47
2020-10-03,Plumas,63,18699,51,48,0,48,0
2020-10-03,Riverside,65,2383286,61400,59991,201,60192,1226
2020-10-03,Sacramento,67,1510023,23445,23076,21,23097,437
2020-10-03,San Benito,69,59416,1363,1351,0,1351,12
2020-10-03,San Bernardino,71,2135413,56753,55004,62,55066,1031
2020-10-03,San Diego,73,3302833,49969,48202,0,48202,798
2020-10-03,San Francisco,75,870044,11567,11475,31,11506,110
2020-10-03,San Joaquin,77,732212,20670,20322,70,20392,476
2020-10-03,San Luis Obispo,79,281455,3837,3670,15,3685,31
2020-10-03,San Mateo,81,765935,10552,9822,6,9828,128
2020-10-03,Santa Barbara,83,443738,9784,9256,67,9323,116
2020-10-03,Santa Clara,85,1922200,22640,21672,32,21704,309
2020-10-03,Santa Cruz,87,273765,2561,2476,34,2510,9
2020-10-03,Shasta,89,179085,1484,1117,13,1130,18
2020-10-03,Sierra,91,2930,6,6,0,6,0
2020-10-03,Siskiyou,93,43540,167,152,10,162,0
2020-10-03,Solano,95,438530,6603,6419,41,6460,52
2020-10-03,Sonoma,97,501317,8203,7747,21,7768,129
2020-10-03,Stanislaus,99,539301,16833,16645,596,17241,351
2020-10-03,Sutter,101,95872,1733,1705,1,1706,11
2020-10-03,Tehama,103,63373,668,630,1,631,3
2020-10-03,Trinity,105,12862,32,15,5,20,0
2020-10-03,Tulare,107,460477,16699,16322,173,16495,278
2020-10-03,Tuolumne,109,53932,237,224,2,226,2
2020-10-03,Ventura,111,848112,13604,13150,218,13368,148
2020-10-03,Yolo,113,214977,2923,2863,6,2869,56
2020-10-03,Yuba,115,75493,1120,1097,5,1102,8
2020-10-02,Alameda,1,1643700,21923,21404,204,21608,382
2020-10-02,Alpine,3,1148,4,2,0,2,0
2020-10-02,Amador,5,37829,300,296,0,296,16
2020-10-02,Butte,7,227075,2989,2879,22,2901,46
2020-10-02,Calaveras,9,45235,314,259,0,259,11
2020-10-02,Colusa,11,21464,535,537,0,537,6
2020-10-02,Contra Costa,13,1133247,17612,17002,87,17089,213
2020-10-02,Del Norte,15,27424,152,141,0,141,2
2020-10-02,El Dorado,17,186661,1249,1168,2,1170,4
2020-10-02,Fresno,19,978130,31112,28855,386,29241,403
2020-10-02,Glenn,21,27897,616,594,0,594,3
2020-10-02,Humboldt,23,135768,519,503,1,504,6
2020-10-02,Imperial,25,180216,12081,11024,8,11032,327
2020-10-02,Inyo,27,18085,196,191,1,192,14
2020-10-02,Kern,29,883053,32444,31790,345,32135,399
2020-10-02,Kings,31,150075,8050,7716,46,7762,79
2020-10-02,Lake,33,64148,607,579,0,579,10
2020-10-02,Lassen,35,31185,753,742,2,744,0
2020-10-02,Los Angeles,37,10098052,276297,270935,2147,273082,6602
2020-10-02,Madera,39,155013,4696,4537,27,4564,49
2020-10-02,Marin,41,260295,6839,6717,18,6735,91
2020-10-02,Mariposa,43,17540,78,75,0,75,2
2020-10-02,Mendocino,45,87422,947,883,2,885,18
2020-10-02,Merced,47,269075,9076,8961,21,8982,139
2020-10-02,Modoc,49,8938,29,26,0,26,0
2020-10-02,Mono,51,14174,171,150,1,151,1
2020-10-02,Monterey,53,433212,10332,9997,35,10032,71
2020-10-02,Napa,55,140530,1796,1737,5,1742,11
2020-10-02,Nevada,57,99092,562,543,14,557,6
2020-10-02,Orange,59,3164182,56176,53299,1547,54846,1262
2020-10-02,Placer,61,380077,3769,3612,13,3625,46
2020-10-02,Plumas,63,18699,51,48,0,48,0
2020-10-02,Riverside,65,2383286,61179,59673,198,59871,1223
2020-10-02,Sacramento,67,1510023,23382,22818,21,22839,436
2020-10-02,San Benito,69,59416,1359,1347,0,1347,12
2020-10-02,San Bernardino,71,2135413,56566,54613,62,54675,1028
2020-10-02,San Diego,73,3302833,49717,47793,0,47793,794
2020-10-02,San Francisco,75,870044,11544,11398,31,11429,110
2020-10-02,San Joaquin,77,732212,20637,20235,68,20303,474
2020-10-02,San Luis Obispo,79,281455,3814,3654,15,3669,31
2020-10-02,San Mateo,81,765935,10511,9745,6,9751,128
2020-10-02,Santa Barbara,83,443738,9762,9234,67,9301,116
2020-10-02,Santa Clara,85,1922200,22559,21545,32,21577,305
2020-10-02,Santa Cruz,87,273765,2544,2463,34,2497,9
2020-10-02,Shasta,89,179085,1449,1046,13,1059,18
2020-10-02,Sierra,91,2930,6,6,0,6,0
2020-10-02,Siskiyou,93,43540,167,151,10,161,0
2020-10-02,Solano,95,438530,6573,6385,41,6426,52
2020-10-02,Sonoma,97,501317,8146,7662,21,7683,125
2020-10-02,Stanislaus,99,539301,16792,16609,587,17196,349
2020-10-02,Sutter,101,95872,1732,1693,1,1694,11
2020-10-02,Tehama,103,63373,663,619,1,620,3
2020-10-02,Trinity,105,12862,32,15,5,20,0
2020-10-02,Tulare,107,460477,16659,16245,166,16411,278
2020-10-02,Tuolumne,109,53932,235,225,2,227,2
2020-10-02,Ventura,111,848112,13567,13120,212,13332,146
2020-10-02,Yolo,113,214977,2918,2845,6,2851,55
2020-10-02,Yuba,115,75493,1118,1090,5,1095,8
2020-10-01,Alameda,1,1643700,21863,21349,200,21549,383
2020-10-01,Alpine,3,1148,4,2,0,2,0
2020-10-01,Amador,5,37829,300,294,0,294,16
2020-10-01,Butte,7,227075,2981,2865,22,2887,45
2020-10-01,Calaveras,9,45235,314,257,0,257,11
2020-10-01,Colusa,11,21464,535,536,0,536,6
2020-10-01,Contra Costa,13,1133247,17550,16898,87,16985,211
2020-10-01,Del Norte,15,27424,147,140,0,140,2
2020-10-01,El Dorado,17,186661,1245,1162,1,1163,4
2020-10-01,Fresno,19,978130,31032,28796,384,29180,397
2020-10-01,Glenn,21,27897,612,593,0,593,3
2020-10-01,Humboldt,23,135768,519,499,1,500,6
2020-10-01,Imperial,25,180216,12038,10928,8,10936,325
2020-10-01,Inyo,27,18085,196,191,1,192,14
2020-10-01,Kern,29,883053,32381,31678,340,32018,399
2020-10-01,Kings,31,150075,8039,7688,43,7731,79
2020-10-01,Lake,33,64148,601,572,0,572,11
2020-10-01,Lassen,35,31185,750,742,2,744,0
2020-10-01,Los Angeles,37,10098052,275258,271513,2110,273623,6621
2020-10-01,Madera,39,155013,4673,4508,27,4535,48
2020-10-01,Marin,41,260295,6825,6710,18,6728,92
2020-10-01,Mariposa,43,17540,78,76,0,76,2
2020-10-01,Mendocino,45,87422,942,874,2,876,19
2020-10-01,Merced,47,269075,9048,8942,21,8963,138
2020-10-01,Modoc,49,8938,29,26,0,26,0
2020-10-01,Mono,51,14174,169,150,1,151,1
2020-10-01,Monterey,53,433212,10256,9958,35,9993,71
2020-10-01,Napa,55,140530,1788,1729,5,1734,11
2020-10-01,Nevada,57,99092,561,543,14,557,6
2020-10-01,Orange,59,3164182,56011,53088,1534,54622,1257
2020-10-01,Placer,61,380077,3741,3599,13,3612,45
2020-10-01,Plumas,63,18699,51,48,0,48,0
2020-10-01,Riverside,65,2383286,60929,59293,191,59484,1223
2020-10-01,Sacramento,67,1510023,23272,22714,20,22734,433
2020-10-01,San Benito,69,59416,1357,1346,0,1346,12
2020-10-01,San Bernardino,71,2135413,56272,54350,60,54410,1021
2020-10-01,San Diego,73,3302833,49435,47487,0,47487,792
2020-10-01,San Francisco,75,870044,11513,11284,29,11313,110
2020-10-01,San Joaquin,77,732212,20589,20204,65,20269,471
2020-10-01,San Luis Obispo,79,281455,3787,3625,15,3640,31
2020-10-01,San Mateo,81,765935,10466,9681,6,9687,128
2020-10-01,Santa Barbara,83,443738,9720,9215,67,9282,118
2020-10-01,Santa Clara,85,1922200,22458,21398,32,21430,305
2020-10-01,Santa Cruz,87,273765,2529,2418,34,2452,10
2020-10-01,Shasta,89,179085,1398,991,13,1004,18
2020-10-01,Sierra,91,2930,6,6,0,6,0
2020-10-01,Siskiyou,93,43540,164,150,10,160,0
2020-10-01,Solano,95,438530,6535,6352,41,6393,52
2020-10-01,Sonoma,97,501317,8079,7569,21,7590,125
2020-10-01,Stanislaus,99,539301,16759,16555,581,17136,346
2020-10-01,Sutter,101,95872,1727,1684,1,1685,11
2020-10-01,Tehama,103,63373,653,606,1,607,3
2020-10-01,Trinity,105,12862,32,15,5,20,0
2020-10-01,Tulare,107,460477,16586,16182,163,16345,275
2020-10-01,Tuolumne,109,53932,235,223,2,225,2
2020-10-01,Ventura,111,848112,13518,13057,196,13253,146
2020-10-01,Yolo,113,214977,2900,2833,6,2839,55
2020-10-01,Yuba,115,75493,1114,1082,5,1087,8
2020-09-30,Alameda,1,1643700,21786,21271,196,21467,380
2020-09-30,Alpine,3,1148,4,2,0,2,0
2020-09-30,Amador,5,37829,300,294,0,294,16
2020-09-30,Butte,7,227075,2973,2858,22,2880,44
2020-09-30,Calaveras,9,45235,313,258,0,258,11
2020-09-30,Colusa,11,21464,534,534,0,534,6
2020-09-30,Contra Costa,13,1133247,17481,16819,87,16906,211
2020-09-30,Del Norte,15,27424,146,140,0,140,2
2020-09-30,El Dorado,17,186661,1233,1157,1,1158,4
2020-09-30,Fresno,19,978130,30941,28706,381,29087,395
2020-09-30,Glenn,21,27897,607,592,0,592,3
2020-09-30,Humboldt,23,135768,517,497,1,498,6
2020-09-30,Imperial,25,180216,12013,10868,8,10876,287
2020-09-30,Inyo,27,18085,196,189,0,189,14
2020-09-30,Kern,29,883053,32308,31601,339,31940,398
2020-09-30,Kings,31,150075,8010,7685,43,7728,79
2020-09-30,Lake,33,64148,595,567,0,567,10
2020-09-30,Lassen,35,31185,747,742,2,744,0
2020-09-30,Los Angeles,37,10098052,274021,270260,2076,272336,6568
2020-09-30,Madera,39,155013,4664,4477,27,4504,47
2020-09-30,Marin,41,260295,6801,6700,17,6717,91
2020-09-30,Mariposa,43,17540,78,76,0,76,2
2020-09-30,Mendocino,45,87422,936,867,2,869,17
2020-09-30,Merced,47,269075,9028,8926,21,8947,136
2020-09-30,Modoc,49,8938,29,26,0,26,0
2020-09-30,Mono,51,14174,169,150,1,151,1
2020-09-30,Monterey,53,433212,10206,9898,34,9932,70
2020-09-30,Napa,55,140530,1774,1728,5,1733,11
2020-09-30,Nevada,57,99092,559,540,14,554,6
2020-09-30,Orange,59,3164182,55820,52916,1518,54434,1251
2020-09-30,Placer,61,380077,3720,3585,13,3598,43
2020-09-30,Plumas,63,18699,51,48,0,48,0
2020-09-30,Riverside,65,2383286,60577,59074,186,59260,1220
2020-09-30,Sacramento,67,1510023,23170,22613,20,22633,429
2020-09-30,San Benito,69,59416,1354,1342,0,1342,12
2020-09-30,San Bernardino,71,2135413,55996,53988,60,54048,1018
2020-09-30,San Diego,73,3302833,49133,47182,0,47182,783
2020-09-30,San Francisco,75,870044,11483,11247,29,11276,106
2020-09-30,San Joaquin,77,732212,20506,20150,63,20213,461
2020-09-30,San Luis Obispo,79,281455,3762,3597,15,3612,31
2020-09-30,San Mateo,81,765935,10424,9634,6,9640,128
2020-09-30,Santa Barbara,83,443738,9695,9186,67,9253,115
2020-09-30,Santa Clara,85,1922200,22353,21318,32,21350,302
2020-09-30,Santa Cruz,87,273765,2516,2405,34,2439,10
2020-09-30,Shasta,89,179085,1342,976,13,989,17
2020-09-30,Sierra,91,2930,6,6,0,6,0
2020-09-30,Siskiyou,93,43540,162,150,10,160,0
2020-09-30,Solano,95,438530,6493,6315,41,6356,51
2020-09-30,Sonoma,97,501317,7991,7494,21,7515,125
2020-09-30,Stanislaus,99,539301,16712,16531,575,17106,343
2020-09-30,Sutter,101,95872,1711,1680,1,1681,10
2020-09-30,Tehama,103,63373,647,594,1,595,3
2020-09-30,Trinity,105,12862,29,15,5,20,0
2020-09-30,Tulare,107,460477,16520,16117,156,16273,274
2020-09-30,Tuolumne,109,53932,233,224,2,226,2
2020-09-30,Ventura,111,848112,13483,12968,180,13148,145
2020-09-30,Yolo,113,214977,2887,2822,6,2828,55
2020-09-30,Yuba,115,75493,1111,1075,5,1080,8
2020-09-29,Alameda,1,1643700,21710,21241,192,21433,374
2020-09-29,Alpine,3,1148,4,2,0,2,0
2020-09-29,Amador,5,37829,298,294,0,294,16
2020-09-29,Butte,7,227075,2959,2848,22,2870,44
2020-09-29,Calaveras,9,45235,311,261,0,261,11
2020-09-29,Colusa,11,21464,534,534,0,534,6
2020-09-29,Contra Costa,13,1133247,17426,16716,85,16801,209
2020-09-29,Del Norte,15,27424,142,142,0,142,2
2020-09-29,El Dorado,17,186661,1224,1151,1,1152,4
2020-09-29,Fresno,19,978130,30847,28621,380,29001,394
2020-09-29,Glenn,21,27897,603,589,0,589,3
2020-09-29,Humboldt,23,135768,515,497,1,498,6
2020-09-29,Imperial,25,180216,11979,10811,8,10819,283
2020-09-29,Inyo,27,18085,195,188,0,188,14
2020-09-29,Kern,29,883053,32253,31534,338,31872,397
2020-09-29,Kings,31,150075,7954,7681,42,7723,78
2020-09-29,Lake,33,64148,593,566,0,566,11
2020-09-29,Lassen,35,31185,747,741,2,743,0
2020-09-29,Los Angeles,37,10098052,272803,269246,2046,271292,6545
2020-09-29,Madera,39,155013,4640,4453,27,4480,47
2020-09-29,Marin,41,260295,6780,6692,17,6709,91
2020-09-29,Mariposa,43,17540,78,74,0,74,2
2020-09-29,Mendocino,45,87422,926,854,2,856,17
2020-09-29,Merced,47,269075,9015,8892,19,8911,136
2020-09-29,Modoc,49,8938,29,26,0,26,0
2020-09-29,Mono,51,14174,169,149,1,150,1
2020-09-29,Monterey,53,433212,10151,9826,32,9858,70
2020-09-29,Napa,55,140530,1771,1727,5,1732,11
2020-09-29,Nevada,57,99092,554,539,14,553,6
2020-09-29,Orange,59,3164182,55635,52755,1507,54262,1231
2020-09-29,Placer,61,380077,3699,3570,13,3583,42
2020-09-29,Plumas,63,18699,51,48,0,48,0
2020-09-29,Riverside,65,2383286,60248,58863,177,59040,1208
2020-09-29,Sacramento,67,1510023,23049,22547,20,22567,425
2020-09-29,San Benito,69,59416,1349,1341,0,1341,12
2020-09-29,San Bernardino,71,2135413,55689,53753,60,53813,1012
2020-09-29,San Diego,73,3302833,48858,46987,0,46987,781
2020-09-29,San Francisco,75,870044,11447,11142,29,11171,104
2020-09-29,San Joaquin,77,732212,20441,20094,61,20155,454
2020-09-29,San Luis Obispo,79,281455,3742,3581,15,3596,31
2020-09-29,San Mateo,81,765935,10378,9619,6,9625,127
2020-09-29,Santa Barbara,83,443738,9675,9149,66,9215,114
2020-09-29,Santa Clara,85,1922200,22219,21233,31,21264,302
2020-09-29,Santa Cruz,87,273765,2501,2383,33,2416,10
2020-09-29,Shasta,89,179085,1281,943,13,956,17
2020-09-29,Sierra,91,2930,6,6,0,6,0
2020-09-29,Siskiyou,93,43540,156,150,10,160,0
2020-09-29,Solano,95,438530,6459,6303,41,6344,51
2020-09-29,Sonoma,97,501317,7919,7426,21,7447,125
2020-09-29,Stanislaus,99,539301,16682,16505,569,17074,341
2020-09-29,Sutter,101,95872,1705,1677,1,1678,10
2020-09-29,Tehama,103,63373,629,585,1,586,2
2020-09-29,Trinity,105,12862,29,16,5,21,0
2020-09-29,Tulare,107,460477,16457,16055,147,16202,270
2020-09-29,Tuolumne,109,53932,233,224,2,226,2
2020-09-29,Ventura,111,848112,13428,12875,177,13052,145
2020-09-29,Yolo,113,214977,2874,2818,6,2824,55
2020-09-29,Yuba,115,75493,1109,1071,5,1076,8
2020-09-28,Alameda,1,1643700,21625,21133,192,21325,370
2020-09-28,Alpine,3,1148,4,2,0,2,0
2020-09-28,Amador,5,37829,296,294,0,294,16
2020-09-28,Butte,7,227075,2944,2837,22,2859,44
2020-09-28,Calaveras,9,45235,311,257,0,257,11
2020-09-28,Colusa,11,21464,533,531,0,531,6
2020-09-28,Contra Costa,13,1133247,17361,16653,85,16738,195
2020-09-28,Del Norte,15,27424,142,138,0,138,2
2020-09-28,El Dorado,17,186661,1217,1144,1,1145,4
2020-09-28,Fresno,19,978130,30765,28517,373,28890,389
2020-09-28,Glenn,21,27897,601,585,0,585,3
2020-09-28,Humboldt,23,135768,509,495,1,496,6
2020-09-28,Imperial,25,180216,11945,10777,8,10785,283
2020-09-28,Inyo,27,18085,194,188,0,188,14
2020-09-28,Kern,29,883053,32188,31481,334,31815,395
2020-09-28,Kings,31,150075,7813,7661,40,7701,78
2020-09-28,Lake,33,64148,589,559,0,559,10
2020-09-28,Lassen,35,31185,746,737,2,739,0
2020-09-28,Los Angeles,37,10098052,271689,268404,2015,270419,6508
2020-09-28,Madera,39,155013,4619,4438,27,4465,47
2020-09-28,Marin,41,260295,6764,6676,17,6693,91
2020-09-28,Mariposa,43,17540,78,74,0,74,2
2020-09-28,Mendocino,45,87422,911,850,2,852,17
2020-09-28,Merced,47,269075,8987,8869,19,8888,136
2020-09-28,Modoc,49,8938,29,26,0,26,0
2020-09-28,Mono,51,14174,169,148,1,149,1
2020-09-28,Monterey,53,433212,10087,9780,30,9810,69
2020-09-28,Napa,55,140530,1759,1705,5,1710,11
2020-09-28,Nevada,57,99092,546,538,14,552,6
2020-09-28,Orange,59,3164182,55430,52633,1498,54131,1196
2020-09-28,Placer,61,380077,3679,3572,13,3585,42
2020-09-28,Plumas,63,18699,50,48,0,48,0
2020-09-28,Riverside,65,2383286,59949,58570,168,58738,1198
2020-09-28,Sacramento,67,1510023,22901,22392,20,22412,423
2020-09-28,San Benito,69,59416,1346,1336,0,1336,11
2020-09-28,San Bernardino,71,2135413,55347,53501,60,53561,988
2020-09-28,San Diego,73,3302833,48540,46736,0,46736,776
2020-09-28,San Francisco,75,870044,11413,11114,29,11143,100
2020-09-28,San Joaquin,77,732212,20392,19982,60,20042,448
2020-09-28,San Luis Obispo,79,281455,3721,3567,15,3582,31
2020-09-28,San Mateo,81,765935,10328,9582,6,9588,127
2020-09-28,Santa Barbara,83,443738,9658,9121,66,9187,114
2020-09-28,Santa Clara,85,1922200,22103,21180,31,21211,271
2020-09-28,Santa Cruz,87,273765,2491,2359,33,2392,9
2020-09-28,Shasta,89,179085,1227,883,10,893,17
2020-09-28,Sierra,91,2930,6,6,0,6,0
2020-09-28,Siskiyou,93,43540,156,149,10,159,0
2020-09-28,Solano,95,438530,6423,6254,41,6295,51
2020-09-28,Sonoma,97,501317,7843,7369,21,7390,125
2020-09-28,Stanislaus,99,539301,16642,16467,562,17029,336
2020-09-28,Sutter,101,95872,1698,1676,1,1677,10
2020-09-28,Tehama,103,63373,621,579,1,580,2
2020-09-28,Trinity,105,12862,29,16,5,21,0
2020-09-28,Tulare,107,460477,16405,15918,141,16059,270
2020-09-28,Tuolumne,109,53932,233,225,2,227,2
2020-09-28,Ventura,111,848112,13352,12812,170,12982,139
2020-09-28,Yolo,113,214977,2857,2809,6,2815,55
2020-09-28,Yuba,115,75493,1106,1062,5,1067,7
2020-09-27,Alameda,1,1643700,21545,21077,187,21264,370
2020-09-27,Alpine,3,1148,4,2,0,2,0
2020-09-27,Amador,5,37829,296,291,0,291,16
2020-09-27,Butte,7,227075,2933,2833,21,2854,44
2020-09-27,Calaveras,9,45235,310,257,0,257,11
2020-09-27,Colusa,11,21464,532,531,0,531,6
2020-09-27,Contra Costa,13,1133247,17259,16596,84,16680,195
2020-09-27,Del Norte,15,27424,142,138,0,138,2
2020-09-27,El Dorado,17,186661,1202,1130,1,1131,4
2020-09-27,Fresno,19,978130,30660,28441,372,28813,389
2020-09-27,Glenn,21,27897,597,576,0,576,3
2020-09-27,Humboldt,23,135768,507,492,1,493,6
2020-09-27,Imperial,25,180216,11911,10743,8,10751,283
2020-09-27,Inyo,27,18085,192,188,0,188,14
2020-09-27,Kern,29,883053,32069,31462,331,31793,395
2020-09-27,Kings,31,150075,7793,7641,40,7681,78
2020-09-27,Lake,33,64148,585,555,0,555,10
2020-09-27,Lassen,35,31185,746,737,2,739,0
2020-09-27,Los Angeles,37,10098052,270515,267754,1993,269747,6507
2020-09-27,Madera,39,155013,4590,4416,27,4443,47
2020-09-27,Marin,41,260295,6754,6663,17,6680,91
2020-09-27,Mariposa,43,17540,78,74,0,74,2
2020-09-27,Mendocino,45,87422,905,846,2,848,17
2020-09-27,Merced,47,269075,8953,8853,19,8872,136
2020-09-27,Modoc,49,8938,29,26,0,26,0
2020-09-27,Mono,51,14174,169,148,1,149,1
2020-09-27,Monterey,53,433212,10027,9724,29,9753,69
2020-09-27,Napa,55,140530,1754,1690,5,1695,11
2020-09-27,Nevada,57,99092,545,537,14,551,6
2020-09-27,Orange,59,3164182,55158,52458,1488,53946,1195
2020-09-27,Placer,61,380077,3666,3562,13,3575,42
2020-09-27,Plumas,63,18699,50,48,0,48,0
2020-09-27,Riverside,65,2383286,59653,58509,160,58669,1191
2020-09-27,Sacramento,67,1510023,22805,22356,19,22375,422
2020-09-27,San Benito,69,59416,1346,1331,0,1331,11
2020-09-27,San Bernardino,71,2135413,54911,53127,60,53187,988
2020-09-27,San Diego,73,3302833,48196,46612,0,46612,776
2020-09-27,San Francisco,75,870044,11361,11114,29,11143,100
2020-09-27,San Joaquin,77,732212,20332,19981,60,20041,448
2020-09-27,San Luis Obispo,79,281455,3700,3562,15,3577,31
2020-09-27,San Mateo,81,765935,10260,9566,6,9572,127
2020-09-27,Santa Barbara,83,443738,9637,9090,65,9155,114
2020-09-27,Santa Clara,85,1922200,21994,21091,31,21122,271
2020-09-27,Santa Cruz,87,273765,2469,2359,33,2392,9
2020-09-27,Shasta,89,179085,1184,883,9,892,17
2020-09-27,Sierra,91,2930,6,6,0,6,0
2020-09-27,Siskiyou,93,43540,155,149,10,159,0
2020-09-27,Solano,95,438530,6388,6211,41,6252,51
2020-09-27,Sonoma,97,501317,7762,7336,21,7357,124
2020-09-27,Stanislaus,99,539301,16592,16448,555,17003,336
2020-09-27,Sutter,101,95872,1691,1672,1,1673,10
2020-09-27,Tehama,103,63373,604,573,1,574,2
2020-09-27,Trinity,105,12862,29,16,5,21,0
2020-09-27,Tulare,107,460477,16329,15918,131,16049,270
2020-09-27,Tuolumne,109,53932,232,224,2,226,2
2020-09-27,Ventura,111,848112,13267,12775,161,12936,139
2020-09-27,Yolo,113,214977,2843,2796,6,2802,55
2020-09-27,Yuba,115,75493,1096,1059,5,1064,7
2020-09-26,Alameda,1,1643700,21487,21019,186,21205,370
2020-09-26,Alpine,3,1148,4,2,0,2,0
2020-09-26,Amador,5,37829,295,291,0,291,16
2020-09-26,Butte,7,227075,2925,2827,21,2848,44
2020-09-26,Calaveras,9,45235,310,257,0,257,11
2020-09-26,Colusa,11,21464,532,529,0,529,6
2020-09-26,Contra Costa,13,1133247,17217,16508,84,16592,194
2020-09-26,Del Norte,15,27424,142,138,0,138,2
2020-09-26,El Dorado,17,186661,1197,1127,1,1128,4
2020-09-26,Fresno,19,978130,30593,28336,372,28708,389
2020-09-26,Glenn,21,27897,597,576,0,576,3
2020-09-26,Humboldt,23,135768,507,491,1,492,6
2020-09-26,Imperial,25,180216,11894,10721,8,10729,283
2020-09-26,Inyo,27,18085,191,187,0,187,14
2020-09-26,Kern,29,883053,32018,31410,331,31741,394
2020-09-26,Kings,31,150075,7781,7537,40,7577,78
2020-09-26,Lake,33,64148,582,549,0,549,10
2020-09-26,Lassen,35,31185,746,737,2,739,0
2020-09-26,Los Angeles,37,10098052,269880,266931,1976,268907,6497
2020-09-26,Madera,39,155013,4574,4410,27,4437,47
2020-09-26,Marin,41,260295,6741,6641,17,6658,91
2020-09-26,Mariposa,43,17540,77,74,0,74,2
2020-09-26,Mendocino,45,87422,900,836,2,838,17
2020-09-26,Merced,47,269075,8941,8841,18,8859,136
2020-09-26,Modoc,49,8938,29,26,0,26,0
2020-09-26,Mono,51,14174,169,148,1,149,1
2020-09-26,Monterey,53,433212,10000,9651,29,9680,68
2020-09-26,Napa,55,140530,1752,1681,5,1686,11
2020-09-26,Nevada,57,99092,545,534,14,548,6
2020-09-26,Orange,59,3164182,55018,52203,1482,53685,1194
2020-09-26,Placer,61,380077,3653,3551,13,3564,42
2020-09-26,Plumas,63,18699,49,48,0,48,0
2020-09-26,Riverside,65,2383286,59518,58076,158,58234,1190
2020-09-26,Sacramento,67,1510023,22748,22269,19,22288,421
2020-09-26,San Benito,69,59416,1344,1325,0,1325,11
2020-09-26,San Bernardino,71,2135413,54778,53122,60,53182,988
2020-09-26,San Diego,73,3302833,47991,46333,0,46333,775
2020-09-26,San Francisco,75,870044,11333,11113,29,11142,100
2020-09-26,San Joaquin,77,732212,20296,19982,58,20040,449
2020-09-26,San Luis Obispo,79,281455,3683,3546,15,3561,31
2020-09-26,San Mateo,81,765935,10226,9509,6,9515,127
2020-09-26,Santa Barbara,83,443738,9626,9061,65,9126,114
2020-09-26,Santa Clara,85,1922200,21923,20967,30,20997,270
2020-09-26,Santa Cruz,87,273765,2461,2336,33,2369,9
2020-09-26,Shasta,89,179085,1134,856,8,864,17
2020-09-26,Sierra,91,2930,6,6,0,6,0
2020-09-26,Siskiyou,93,43540,154,149,10,159,0
2020-09-26,Solano,95,438530,6369,6209,41,6250,51
2020-09-26,Sonoma,97,501317,7737,7285,20,7305,124
2020-09-26,Stanislaus,99,539301,16567,16421,546,16967,336
2020-09-26,Sutter,101,95872,1686,1662,1,1663,10
2020-09-26,Tehama,103,63373,592,560,1,561,2
2020-09-26,Trinity,105,12862,27,16,5,21,0
2020-09-26,Tulare,107,460477,16305,15881,129,16010,270
2020-09-26,Tuolumne,109,53932,232,223,2,225,2
2020-09-26,Ventura,111,848112,13235,12729,159,12888,137
2020-09-26,Yolo,113,214977,2841,2789,6,2795,55
2020-09-26,Yuba,115,75493,1092,1056,5,1061,7
2020-09-25,Alameda,1,1643700,21433,20911,186,21097,367
2020-09-25,Alpine,3,1148,4,2,0,2,0
2020-09-25,Amador,5,37829,295,289,0,289,16
2020-09-25,Butte,7,227075,2920,2819,21,2840,43
2020-09-25,Calaveras,9,45235,310,257,0,257,11
2020-09-25,Colusa,11,21464,532,528,0,528,6
2020-09-25,Contra Costa,13,1133247,17158,16401,84,16485,194
2020-09-25,Del Norte,15,27424,142,138,0,138,2
2020-09-25,El Dorado,17,186661,1193,1104,1,1105,4
2020-09-25,Fresno,19,978130,30535,28199,371,28570,385
2020-09-25,Glenn,21,27897,595,570,0,570,3
2020-09-25,Humboldt,23,135768,506,489,1,490,5
2020-09-25,Imperial,25,180216,11876,10681,8,10689,283
2020-09-25,Inyo,27,18085,189,187,0,187,14
2020-09-25,Kern,29,883053,31966,31333,329,31662,393
2020-09-25,Kings,31,150075,7776,7450,40,7490,77
2020-09-25,Lake,33,64148,581,539,0,539,9
2020-09-25,Lassen,35,31185,746,737,2,739,0
2020-09-25,Los Angeles,37,10098052,269092,265713,1962,267675,6483
2020-09-25,Madera,39,155013,4555,4369,27,4396,48
2020-09-25,Marin,41,260295,6738,6622,17,6639,90
2020-09-25,Mariposa,43,17540,77,74,0,74,2
2020-09-25,Mendocino,45,87422,885,819,2,821,17
2020-09-25,Merced,47,269075,8925,8830,18,8848,135
2020-09-25,Modoc,49,8938,29,26,0,26,0
2020-09-25,Mono,51,14174,169,149,1,150,1
2020-09-25,Monterey,53,433212,9948,9581,29,9610,68
2020-09-25,Napa,55,140530,1750,1669,5,1674,11
2020-09-25,Nevada,57,99092,543,529,14,543,6
2020-09-25,Orange,59,3164182,54891,52031,1473,53504,1184
2020-09-25,Placer,61,380077,3642,3527,13,3540,41
2020-09-25,Plumas,63,18699,49,48,0,48,0
2020-09-25,Riverside,65,2383286,59342,57783,153,57936,1183
2020-09-25,Sacramento,67,1510023,22670,22132,19,22151,418
2020-09-25,San Benito,69,59416,1343,1318,0,1318,11
2020-09-25,San Bernardino,71,2135413,54624,52814,60,52874,987
2020-09-25,San Diego,73,3302833,47789,46003,0,46003,775
2020-09-25,San Francisco,75,870044,11299,11066,28,11094,100
2020-09-25,San Joaquin,77,732212,20244,19909,58,19967,449
2020-09-25,San Luis Obispo,79,281455,3673,3512,15,3527,31
2020-09-25,San Mateo,81,765935,10190,9447,6,9453,127
2020-09-25,Santa Barbara,83,443738,9602,9026,65,9091,114
2020-09-25,Santa Clara,85,1922200,21860,20812,29,20841,265
2020-09-25,Santa Cruz,87,273765,2449,2309,32,2341,9
2020-09-25,Shasta,89,179085,1100,806,8,814,16
2020-09-25,Sierra,91,2930,6,6,0,6,0
2020-09-25,Siskiyou,93,43540,154,149,10,159,0
2020-09-25,Solano,95,438530,6353,6179,41,6220,50
2020-09-25,Sonoma,97,501317,7697,7202,20,7222,124
2020-09-25,Stanislaus,99,539301,16549,16381,544,16925,326
2020-09-25,Sutter,101,95872,1683,1655,1,1656,10
2020-09-25,Tehama,103,63373,584,546,1,547,2
2020-09-25,Trinity,105,12862,27,15,5,20,0
2020-09-25,Tulare,107,460477,16266,15815,126,15941,267
2020-09-25,Tuolumne,109,53932,232,223,2,225,2
2020-09-25,Ventura,111,848112,13193,12664,156,12820,137
2020-09-25,Yolo,113,214977,2833,2784,6,2790,55
2020-09-25,Yuba,115,75493,1087,1049,5,1054,5
2020-09-24,Alameda,1,1643700,21358,20838,183,21021,364
2020-09-24,Alpine,3,1148,4,2,0,2,0
2020-09-24,Amador,5,37829,295,288,0,288,16
2020-09-24,Butte,7,227075,2909,2803,21,2824,43
2020-09-24,Calaveras,9,45235,310,258,0,258,11
2020-09-24,Colusa,11,21464,532,523,0,523,6
2020-09-24,Contra Costa,13,1133247,17076,16252,84,16336,192
2020-09-24,Del Norte,15,27424,138,137,0,137,2
2020-09-24,El Dorado,17,186661,1184,1093,1,1094,4
2020-09-24,Fresno,19,978130,30431,28106,367,28473,375
2020-09-24,Glenn,21,27897,591,567,0,567,3
2020-09-24,Humboldt,23,135768,503,482,1,483,5
2020-09-24,Imperial,25,180216,11852,10622,8,10630,283
2020-09-24,Inyo,27,18085,189,187,0,187,13
2020-09-24,Kern,29,883053,31903,31273,327,31600,388
2020-09-24,Kings,31,150075,7760,7428,40,7468,76
2020-09-24,Lake,33,64148,572,531,0,531,9
2020-09-24,Lassen,35,31185,745,737,2,739,0
2020-09-24,Los Angeles,37,10098052,268047,264374,1943,266317,6452
2020-09-24,Madera,39,155013,4536,4344,27,4371,48
2020-09-24,Marin,41,260295,6710,6588,17,6605,85
2020-09-24,Mariposa,43,17540,77,74,0,74,2
2020-09-24,Mendocino,45,87422,881,810,2,812,17
2020-09-24,Merced,47,269075,8896,8813,17,8830,135
2020-09-24,Modoc,49,8938,29,24,0,24,0
2020-09-24,Mono,51,14174,169,149,1,150,1
2020-09-24,Monterey,53,433212,9882,9544,26,9570,67
2020-09-24,Napa,55,140530,1738,1661,5,1666,11
2020-09-24,Nevada,57,99092,542,527,14,541,6
2020-09-24,Orange,59,3164182,54683,51749,1455,53204,1164
2020-09-24,Placer,61,380077,3627,3514,13,3527,41
2020-09-24,Plumas,63,18699,49,48,0,48,0
2020-09-24,Riverside,65,2383286,59074,57491,147,57638,1172
2020-09-24,Sacramento,67,1510023,22544,21985,19,22004,417
2020-09-24,San Benito,69,59416,1341,1308,0,1308,11
2020-09-24,San Bernardino,71,2135413,54289,52455,60,52515,988
2020-09-24,San Diego,73,3302833,47520,45598,0,45598,773
2020-09-24,San Francisco,75,870044,11252,10992,28,11020,99
2020-09-24,San Joaquin,77,732212,20207,19851,57,19908,444
2020-09-24,San Luis Obispo,79,281455,3657,3480,15,3495,31
2020-09-24,San Mateo,81,765935,10142,9376,6,9382,127
2020-09-24,Santa Barbara,83,443738,9551,8988,64,9052,114
2020-09-24,Santa Clara,85,1922200,21772,20689,29,20718,262
2020-09-24,Santa Cruz,87,273765,2429,2300,30,2330,9
2020-09-24,Shasta,89,179085,1063,773,5,778,14
2020-09-24,Sierra,91,2930,6,6,0,6,0
2020-09-24,Siskiyou,93,43540,154,149,10,159,0
2020-09-24,Solano,95,438530,6320,6137,41,6178,49
2020-09-24,Sonoma,97,501317,7616,7163,20,7183,122
2020-09-24,Stanislaus,99,539301,16512,16326,539,16865,326
2020-09-24,Sutter,101,95872,1680,1646,1,1647,10
2020-09-24,Tehama,103,63373,581,540,1,541,2
2020-09-24,Trinity,105,12862,27,15,5,20,0
2020-09-24,Tulare,107,460477,16201,15754,125,15879,267
2020-09-24,Tuolumne,109,53932,232,224,2,226,2
2020-09-24,Ventura,111,848112,13111,12617,155,12772,138
2020-09-24,Yolo,113,214977,2826,2776,6,2782,55
2020-09-24,Yuba,115,75493,1082,1042,5,1047,5
2020-09-23,Alameda,1,1643700,21290,20718,181,20899,361
2020-09-23,Alpine,3,1148,4,2,0,2,0
2020-09-23,Amador,5,37829,294,288,0,288,16
2020-09-23,Butte,7,227075,2901,2790,21,2811,43
2020-09-23,Calaveras,9,45235,309,258,0,258,11
2020-09-23,Colusa,11,21464,531,521,0,521,6
2020-09-23,Contra Costa,13,1133247,17012,16167,83,16250,192
2020-09-23,Del Norte,15,27424,136,137,0,137,2
2020-09-23,El Dorado,17,186661,1170,1088,1,1089,4
2020-09-23,Fresno,19,978130,30337,28019,364,28383,371
2020-09-23,Glenn,21,27897,584,561,0,561,3
2020-09-23,Humboldt,23,135768,499,477,1,478,5
2020-09-23,Imperial,25,180216,11826,10587,8,10595,284
2020-09-23,Inyo,27,18085,188,177,0,177,13
2020-09-23,Kern,29,883053,31859,31172,325,31497,387
2020-09-23,Kings,31,150075,7738,7406,40,7446,76
2020-09-23,Lake,33,64148,567,519,0,519,9
2020-09-23,Lassen,35,31185,745,736,2,738,0
2020-09-23,Los Angeles,37,10098052,267002,263318,1913,265231,6421
2020-09-23,Madera,39,155013,4521,4311,27,4338,48
2020-09-23,Marin,41,260295,6691,6567,17,6584,85
2020-09-23,Mariposa,43,17540,77,74,0,74,2
2020-09-23,Mendocino,45,87422,880,801,1,802,17
2020-09-23,Merced,47,269075,8875,8785,16,8801,134
2020-09-23,Modoc,49,8938,29,24,0,24,0
2020-09-23,Mono,51,14174,169,149,1,150,1
2020-09-23,Monterey,53,433212,9813,9452,26,9478,67
2020-09-23,Napa,55,140530,1729,1653,5,1658,11
2020-09-23,Nevada,57,99092,541,523,14,537,6
2020-09-23,Orange,59,3164182,54455,51658,1448,53106,1155
2020-09-23,Placer,61,380077,3615,3506,13,3519,41
2020-09-23,Plumas,63,18699,49,48,0,48,0
2020-09-23,Riverside,65,2383286,58771,57257,144,57401,1165
2020-09-23,Sacramento,67,1510023,22467,21821,19,21840,415
2020-09-23,San Benito,69,59416,1335,1305,0,1305,10
2020-09-23,San Bernardino,71,2135413,53995,52132,59,52191,973
2020-09-23,San Diego,73,3302833,47244,45427,0,45427,767
2020-09-23,San Francisco,75,870044,11203,10926,28,10954,95
2020-09-23,San Joaquin,77,732212,20154,19785,57,19842,439
2020-09-23,San Luis Obispo,79,281455,3639,3447,15,3462,31
2020-09-23,San Mateo,81,765935,10102,9351,6,9357,127
2020-09-23,Santa Barbara,83,443738,9523,8952,64,9016,112
2020-09-23,Santa Clara,85,1922200,21662,20575,26,20601,260
2020-09-23,Santa Cruz,87,273765,2410,2283,30,2313,9
2020-09-23,Shasta,89,179085,1024,756,4,760,14
2020-09-23,Sierra,91,2930,6,6,0,6,0
2020-09-23,Siskiyou,93,43540,154,149,10,159,0
2020-09-23,Solano,95,438530,6295,6123,41,6164,50
2020-09-23,Sonoma,97,501317,7540,7091,20,7111,122
2020-09-23,Stanislaus,99,539301,16482,16271,536,16807,317
2020-09-23,Sutter,101,95872,1676,1646,1,1647,10
2020-09-23,Tehama,103,63373,575,533,1,534,2
2020-09-23,Trinity,105,12862,27,15,5,20,0
2020-09-23,Tulare,107,460477,16137,15664,123,15787,266
2020-09-23,Tuolumne,109,53932,232,223,2,225,2
2020-09-23,Ventura,111,848112,13056,12591,152,12743,137
2020-09-23,Yolo,113,214977,2808,2766,6,2772,55
2020-09-23,Yuba,115,75493,1080,1038,5,1043,5
2020-09-22,Alameda,1,1643700,21211,20607,179,20786,355
2020-09-22,Alpine,3,1148,3,2,0,2,0
2020-09-22,Amador,5,37829,293,287,0,287,16
2020-09-22,Butte,7,227075,2896,2776,21,2797,43
2020-09-22,Calaveras,9,45235,309,258,0,258,11
2020-09-22,Colusa,11,21464,529,518,0,518,6
2020-09-22,Contra Costa,13,1133247,16922,16090,83,16173,190
2020-09-22,Del Norte,15,27424,136,137,0,137,2
2020-09-22,El Dorado,17,186661,1151,1076,1,1077,4
2020-09-22,Fresno,19,978130,30243,27944,361,28305,369
2020-09-22,Glenn,21,27897,581,560,0,560,3
2020-09-22,Humboldt,23,135768,498,476,1,477,5
2020-09-22,Imperial,25,180216,11797,10529,8,10537,284
2020-09-22,Inyo,27,18085,188,177,0,177,13
2020-09-22,Kern,29,883053,31791,31110,318,31428,383
2020-09-22,Kings,31,150075,7681,7395,39,7434,76
2020-09-22,Lake,33,64148,559,516,0,516,9
2020-09-22,Lassen,35,31185,744,736,2,738,0
2020-09-22,Los Angeles,37,10098052,265925,262117,1884,264001,6394
2020-09-22,Madera,39,155013,4505,4303,27,4330,47
2020-09-22,Marin,41,260295,6677,6561,17,6578,84
2020-09-22,Mariposa,43,17540,77,74,0,74,2
2020-09-22,Mendocino,45,87422,860,794,1,795,18
2020-09-22,Merced,47,269075,8845,8769,16,8785,132
2020-09-22,Modoc,49,8938,29,24,0,24,0
2020-09-22,Mono,51,14174,168,149,1,150,1
2020-09-22,Monterey,53,433212,9755,9393,26,9419,67
2020-09-22,Napa,55,140530,1712,1652,5,1657,11
2020-09-22,Nevada,57,99092,541,523,14,537,6
2020-09-22,Orange,59,3164182,54205,51528,1440,52968,1132
2020-09-22,Placer,61,380077,3602,3492,13,3505,40
2020-09-22,Plumas,63,18699,49,48,0,48,0
2020-09-22,Riverside,65,2383286,58287,57066,140,57206,1162
2020-09-22,Sacramento,67,1510023,22348,21745,19,21764,410
2020-09-22,San Benito,69,59416,1330,1305,0,1305,10
2020-09-22,San Bernardino,71,2135413,53722,51899,59,51958,971
2020-09-22,San Diego,73,3302833,46937,45149,0,45149,765
2020-09-22,San Francisco,75,870044,11159,10893,27,10920,95
2020-09-22,San Joaquin,77,732212,20108,19755,55,19810,426
2020-09-22,San Luis Obispo,79,281455,3622,3420,15,3435,31
2020-09-22,San Mateo,81,765935,10064,9291,6,9297,127
2020-09-22,Santa Barbara,83,443738,9493,8927,63,8990,111
2020-09-22,Santa Clara,85,1922200,21545,20514,26,20540,253
2020-09-22,Santa Cruz,87,273765,2386,2264,30,2294,8
2020-09-22,Shasta,89,179085,989,723,4,727,14
2020-09-22,Sierra,91,2930,6,6,0,6,0
2020-09-22,Siskiyou,93,43540,154,149,10,159,0
2020-09-22,Solano,95,438530,6264,6107,41,6148,48
2020-09-22,Sonoma,97,501317,7461,7068,19,7087,117
2020-09-22,Stanislaus,99,539301,16460,16231,528,16759,316
2020-09-22,Sutter,101,95872,1670,1638,1,1639,10
2020-09-22,Tehama,103,63373,567,529,1,530,2
2020-09-22,Trinity,105,12862,27,15,5,20,0
2020-09-22,Tulare,107,460477,16071,15616,119,15735,263
2020-09-22,Tuolumne,109,53932,231,224,2,226,1
2020-09-22,Ventura,111,848112,13005,12507,148,12655,136
2020-09-22,Yolo,113,214977,2801,2763,6,2769,54
2020-09-22,Yuba,115,75493,1071,1035,5,1040,5
2020-09-21,Alameda,1,1643700,21132,20501,178,20679,343
2020-09-21,Alpine,3,1148,3,2,0,2,0
2020-09-21,Amador,5,37829,291,286,0,286,16
2020-09-21,Butte,7,227075,2883,2769,21,2790,41
2020-09-21,Calaveras,9,45235,307,256,0,256,10
2020-09-21,Colusa,11,21464,528,517,0,517,6
2020-09-21,Contra Costa,13,1133247,16834,16008,83,16091,189
2020-09-21,Del Norte,15,27424,136,132,0,132,2
2020-09-21,El Dorado,17,186661,1142,1074,1,1075,4
2020-09-21,Fresno,19,978130,30141,27843,354,28197,362
2020-09-21,Glenn,21,27897,577,556,0,556,3
2020-09-21,Humboldt,23,135768,494,473,1,474,5
2020-09-21,Imperial,25,180216,11766,10521,8,10529,284
2020-09-21,Inyo,27,18085,187,177,0,177,12
2020-09-21,Kern,29,883053,31720,31031,316,31347,379
2020-09-21,Kings,31,150075,7569,7297,37,7334,76
2020-09-21,Lake,33,64148,554,508,0,508,8
2020-09-21,Lassen,35,31185,742,735,2,737,0
2020-09-21,Los Angeles,37,10098052,264839,261418,1839,263257,6360
2020-09-21,Madera,39,155013,4494,4275,26,4301,47
2020-09-21,Marin,41,260295,6666,6538,16,6554,84
2020-09-21,Mariposa,43,17540,76,74,0,74,2
2020-09-21,Mendocino,45,87422,845,778,0,778,18
2020-09-21,Merced,47,269075,8826,8749,14,8763,128
2020-09-21,Modoc,49,8938,29,22,0,22,0
2020-09-21,Mono,51,14174,168,147,1,148,1
2020-09-21,Monterey,53,433212,9691,9331,23,9354,66
2020-09-21,Napa,55,140530,1701,1641,5,1646,11
2020-09-21,Nevada,57,99092,539,515,14,529,6
2020-09-21,Orange,59,3164182,53986,51363,1433,52796,1110
2020-09-21,Placer,61,380077,3592,3473,13,3486,40
2020-09-21,Plumas,63,18699,49,47,0,47,0
2020-09-21,Riverside,65,2383286,58014,57001,132,57133,1153
2020-09-21,Sacramento,67,1510023,22166,21568,19,21587,404
2020-09-21,San Benito,69,59416,1328,1298,0,1298,10
2020-09-21,San Bernardino,71,2135413,53436,51654,59,51713,970
2020-09-21,San Diego,73,3302833,46654,44927,0,44927,760
2020-09-21,San Francisco,75,870044,11111,10743,27,10770,95
2020-09-21,San Joaquin,77,732212,20050,19579,55,19634,423
2020-09-21,San Luis Obispo,79,281455,3595,3406,15,3421,27
2020-09-21,San Mateo,81,765935,10012,9239,6,9245,127
2020-09-21,Santa Barbara,83,443738,9465,8911,63,8974,110
2020-09-21,Santa Clara,85,1922200,21444,20432,26,20458,252
2020-09-21,Santa Cruz,87,273765,2369,2257,28,2285,8
2020-09-21,Shasta,89,179085,939,696,4,700,14
2020-09-21,Sierra,91,2930,6,6,0,6,0
2020-09-21,Siskiyou,93,43540,154,146,10,156,0
2020-09-21,Solano,95,438530,6240,6019,41,6060,46
2020-09-21,Sonoma,97,501317,7385,7017,19,7036,117
2020-09-21,Stanislaus,99,539301,16430,16186,528,16714,310
2020-09-21,Sutter,101,95872,1663,1634,1,1635,10
2020-09-21,Tehama,103,63373,548,513,1,514,2
2020-09-21,Trinity,105,12862,27,15,5,20,0
2020-09-21,Tulare,107,460477,15997,15528,110,15638,260
2020-09-21,Tuolumne,109,53932,231,221,2,223,1
2020-09-21,Ventura,111,848112,12923,12477,142,12619,133
2020-09-21,Yolo,113,214977,2795,2752,6,2758,54
2020-09-21,Yuba,115,75493,1067,1033,5,1038,1
2020-09-20,Alameda,1,1643700,21032,20425,175,20600,343
2020-09-20,Alpine,3,1148,3,2,0,2,0
2020-09-20,Amador,5,37829,290,286,0,286,16
2020-09-20,Butte,7,227075,2871,2764,21,2785,39
2020-09-20,Calaveras,9,45235,303,256,0,256,10
2020-09-20,Colusa,11,21464,526,510,0,510,6
2020-09-20,Contra Costa,13,1133247,16700,15917,82,15999,189
2020-09-20,Del Norte,15,27424,134,132,0,132,2
2020-09-20,El Dorado,17,186661,1127,1073,1,1074,4
2020-09-20,Fresno,19,978130,30027,27769,348,28117,362
2020-09-20,Glenn,21,27897,573,550,0,550,3
2020-09-20,Humboldt,23,135768,494,472,1,473,5
2020-09-20,Imperial,25,180216,11739,10496,7,10503,284
2020-09-20,Inyo,27,18085,187,177,0,177,12
2020-09-20,Kern,29,883053,31637,30992,312,31304,379
2020-09-20,Kings,31,150075,7522,7159,36,7195,76
2020-09-20,Lake,33,64148,542,492,0,492,8
2020-09-20,Lassen,35,31185,742,735,2,737,0
2020-09-20,Los Angeles,37,10098052,263607,260770,1810,262580,6347
2020-09-20,Madera,39,155013,4474,4257,26,4283,47
2020-09-20,Marin,41,260295,6641,6533,16,6549,83
2020-09-20,Mariposa,43,17540,76,74,0,74,2
2020-09-20,Mendocino,45,87422,833,765,0,765,18
2020-09-20,Merced,47,269075,8799,8745,14,8759,128
2020-09-20,Modoc,49,8938,27,22,0,22,0
2020-09-20,Mono,51,14174,167,147,1,148,1
2020-09-20,Monterey,53,433212,9613,9312,23,9335,65
2020-09-20,Napa,55,140530,1692,1626,5,1631,11
2020-09-20,Nevada,57,99092,536,511,14,525,6
2020-09-20,Orange,59,3164182,53748,51233,1421,52654,1110
2020-09-20,Placer,61,380077,3577,3452,13,3465,40
2020-09-20,Plumas,63,18699,49,47,0,47,0
2020-09-20,Riverside,65,2383286,57819,56783,126,56909,1147
2020-09-20,Sacramento,67,1510023,21979,21394,18,21412,401
2020-09-20,San Benito,69,59416,1317,1291,0,1291,9
2020-09-20,San Bernardino,71,2135413,53116,51559,57,51616,970
2020-09-20,San Diego,73,3302833,46281,44579,0,44579,760
2020-09-20,San Francisco,75,870044,11057,10743,27,10770,95
2020-09-20,San Joaquin,77,732212,19986,19578,47,19625,423
2020-09-20,San Luis Obispo,79,281455,3567,3393,15,3408,27
2020-09-20,San Mateo,81,765935,9945,9198,6,9204,127
2020-09-20,Santa Barbara,83,443738,9431,8880,62,8942,110
2020-09-20,Santa Clara,85,1922200,21324,20330,25,20355,252
2020-09-20,Santa Cruz,87,273765,2349,2199,28,2227,8
2020-09-20,Shasta,89,179085,898,696,3,699,14
2020-09-20,Sierra,91,2930,6,6,0,6,0
2020-09-20,Siskiyou,93,43540,154,146,10,156,0
2020-09-20,Solano,95,438530,6196,6020,41,6061,46
2020-09-20,Sonoma,97,501317,7281,6954,19,6973,117
2020-09-20,Stanislaus,99,539301,16399,16159,521,16680,310
2020-09-20,Sutter,101,95872,1657,1624,1,1625,10
2020-09-20,Tehama,103,63373,535,509,1,510,2
2020-09-20,Trinity,105,12862,27,15,5,20,0
2020-09-20,Tulare,107,460477,15914,15528,104,15632,260
2020-09-20,Tuolumne,109,53932,231,221,2,223,1
2020-09-20,Ventura,111,848112,12858,12406,138,12544,133
2020-09-20,Yolo,113,214977,2787,2745,6,2751,54
2020-09-20,Yuba,115,75493,1060,1029,5,1034,1
2020-09-19,Alameda,1,1643700,20981,20349,172,20521,343
2020-09-19,Alpine,3,1148,3,2,0,2,0
2020-09-19,Amador,5,37829,290,285,0,285,16
2020-09-19,Butte,7,227075,2865,2748,21,2769,38
2020-09-19,Calaveras,9,45235,303,256,0,256,10
2020-09-19,Colusa,11,21464,526,507,0,507,6
2020-09-19,Contra Costa,13,1133247,16637,15783,82,15865,186
2020-09-19,Del Norte,15,27424,133,132,0,132,2
2020-09-19,El Dorado,17,186661,1121,1068,0,1068,4
2020-09-19,Fresno,19,978130,29954,27668,348,28016,362
2020-09-19,Glenn,21,27897,570,547,0,547,3
2020-09-19,Humboldt,23,135768,493,471,1,472,5
2020-09-19,Imperial,25,180216,11724,10496,7,10503,284
2020-09-19,Inyo,27,18085,187,177,0,177,12
2020-09-19,Kern,29,883053,31583,30886,309,31195,379
2020-09-19,Kings,31,150075,7516,7130,36,7166,76
2020-09-19,Lake,33,64148,542,465,0,465,8
2020-09-19,Lassen,35,31185,742,731,2,733,0
2020-09-19,Los Angeles,37,10098052,262984,259801,1794,261595,6325
2020-09-19,Madera,39,155013,4451,4237,26,4263,47
2020-09-19,Marin,41,260295,6634,6513,15,6528,81
2020-09-19,Mariposa,43,17540,76,74,0,74,2
2020-09-19,Mendocino,45,87422,830,750,0,750,18
2020-09-19,Merced,47,269075,8788,8717,13,8730,128
2020-09-19,Modoc,49,8938,27,22,0,22,0
2020-09-19,Mono,51,14174,167,147,1,148,1
2020-09-19,Monterey,53,433212,9571,9237,23,9260,65
2020-09-19,Napa,55,140530,1684,1614,5,1619,11
2020-09-19,Nevada,57,99092,534,505,14,519,6
2020-09-19,Orange,59,3164182,53619,50999,1414,52413,1105
2020-09-19,Placer,61,380077,3569,3412,13,3425,40
2020-09-19,Plumas,63,18699,49,47,0,47,0
2020-09-19,Riverside,65,2383286,57698,56562,125,56687,1147
2020-09-19,Sacramento,67,1510023,21925,21297,18,21315,396
2020-09-19,San Benito,69,59416,1313,1276,0,1276,9
2020-09-19,San Bernardino,71,2135413,52960,51353,55,51408,971
2020-09-19,San Diego,73,3302833,46053,44295,0,44295,773
2020-09-19,San Francisco,75,870044,11024,10741,27,10768,95
2020-09-19,San Joaquin,77,732212,19949,19580,47,19627,424
2020-09-19,San Luis Obispo,79,281455,3546,3369,15,3384,27
2020-09-19,San Mateo,81,765935,9914,9158,6,9164,127
2020-09-19,Santa Barbara,83,443738,9410,8862,62,8924,106
2020-09-19,Santa Clara,85,1922200,21235,20170,25,20195,251
2020-09-19,Santa Cruz,87,273765,2335,2198,28,2226,8
2020-09-19,Shasta,89,179085,871,687,3,690,14
2020-09-19,Sierra,91,2930,6,6,0,6,0
2020-09-19,Siskiyou,93,43540,154,146,10,156,0
2020-09-19,Solano,95,438530,6180,5998,41,6039,46
2020-09-19,Sonoma,97,501317,7247,6905,19,6924,117
2020-09-19,Stanislaus,99,539301,16359,16109,514,16623,313
2020-09-19,Sutter,101,95872,1656,1602,1,1603,10
2020-09-19,Tehama,103,63373,530,498,1,499,2
2020-09-19,Trinity,105,12862,27,15,5,20,0
2020-09-19,Tulare,107,460477,15865,15485,101,15586,260
2020-09-19,Tuolumne,109,53932,231,217,2,219,1
2020-09-19,Ventura,111,848112,12826,12328,138,12466,133
2020-09-19,Yolo,113,214977,2779,2739,6,2745,54
2020-09-19,Yuba,115,75493,1053,1023,5,1028,1
2020-09-18,Alameda,1,1643700,20916,20222,166,20388,341
2020-09-18,Alpine,3,1148,3,2,0,2,0
2020-09-18,Amador,5,37829,290,285,0,285,16
2020-09-18,Butte,7,227075,2863,2738,21,2759,37
2020-09-18,Calaveras,9,45235,303,255,0,255,9
2020-09-18,Colusa,11,21464,526,504,0,504,6
2020-09-18,Contra Costa,13,1133247,16552,15667,82,15749,185
2020-09-18,Del Norte,15,27424,133,131,0,131,2
2020-09-18,El Dorado,17,186661,1108,1063,0,1063,4
2020-09-18,Fresno,19,978130,29890,27560,348,27908,359
2020-09-18,Glenn,21,27897,567,541,0,541,3
2020-09-18,Humboldt,23,135768,490,470,1,471,5
2020-09-18,Imperial,25,180216,11709,10460,7,10467,283
2020-09-18,Inyo,27,18085,187,177,0,177,12
2020-09-18,Kern,29,883053,31525,30742,306,31048,373
2020-09-18,Kings,31,150075,7506,7062,36,7098,74
2020-09-18,Lake,33,64148,536,458,0,458,8
2020-09-18,Lassen,35,31185,741,731,2,733,0
2020-09-18,Los Angeles,37,10098052,262210,258488,1774,260262,6324
2020-09-18,Madera,39,155013,4439,4211,26,4237,45
2020-09-18,Marin,41,260295,6619,6475,15,6490,81
2020-09-18,Mariposa,43,17540,76,74,0,74,2
2020-09-18,Mendocino,45,87422,822,739,0,739,18
2020-09-18,Merced,47,269075,8776,8691,12,8703,127
2020-09-18,Modoc,49,8938,27,22,0,22,0
2020-09-18,Mono,51,14174,165,147,1,148,1
2020-09-18,Monterey,53,433212,9531,9183,23,9206,64
2020-09-18,Napa,55,140530,1678,1604,5,1609,11
2020-09-18,Nevada,57,99092,531,504,14,518,6
2020-09-18,Orange,59,3164182,53472,50733,1402,52135,1107
2020-09-18,Placer,61,380077,3558,3389,13,3402,40
2020-09-18,Plumas,63,18699,49,45,0,45,0
2020-09-18,Riverside,65,2383286,57578,56248,121,56369,1143
2020-09-18,Sacramento,67,1510023,21840,21105,18,21123,391
2020-09-18,San Benito,69,59416,1305,1257,0,1257,8
2020-09-18,San Bernardino,71,2135413,52817,51106,54,51160,970
2020-09-18,San Diego,73,3302833,45803,44009,0,44009,757
2020-09-18,San Francisco,75,870044,10986,10644,26,10670,95
2020-09-18,San Joaquin,77,732212,19906,19531,45,19576,423
2020-09-18,San Luis Obispo,79,281455,3522,3328,15,3343,27
2020-09-18,San Mateo,81,765935,9874,9062,6,9068,127
2020-09-18,Santa Barbara,83,443738,9388,8824,62,8886,107
2020-09-18,Santa Clara,85,1922200,21138,20058,25,20083,252
2020-09-18,Santa Cruz,87,273765,2314,2180,27,2207,8
2020-09-18,Shasta,89,179085,836,668,3,671,14
2020-09-18,Sierra,91,2930,6,6,0,6,0
2020-09-18,Siskiyou,93,43540,153,146,10,156,0
2020-09-18,Solano,95,438530,6164,5961,41,6002,46
2020-09-18,Sonoma,97,501317,7200,6856,19,6875,114
2020-09-18,Stanislaus,99,539301,16331,16042,508,16550,277
2020-09-18,Sutter,101,95872,1648,1586,1,1587,10
2020-09-18,Tehama,103,63373,530,490,1,491,2
2020-09-18,Trinity,105,12862,27,15,4,19,0
2020-09-18,Tulare,107,460477,15832,15435,97,15532,259
2020-09-18,Tuolumne,109,53932,230,216,2,218,1
2020-09-18,Ventura,111,848112,12765,12236,134,12370,133
2020-09-18,Yolo,113,214977,2773,2732,6,2738,54
2020-09-18,Yuba,115,75493,1049,1020,5,1025,1
2020-09-17,Alameda,1,1643700,20818,20146,166,20312,339
2020-09-17,Alpine,3,1148,3,2,0,2,0
2020-09-17,Amador,5,37829,288,284,0,284,16
2020-09-17,Butte,7,227075,2845,2720,21,2741,38
2020-09-17,Calaveras,9,45235,303,254,0,254,9
2020-09-17,Colusa,11,21464,524,499,0,499,6
2020-09-17,Contra Costa,13,1133247,16462,15576,82,15658,184
2020-09-17,Del Norte,15,27424,133,131,0,131,2
2020-09-17,El Dorado,17,186661,1099,1057,0,1057,4
2020-09-17,Fresno,19,978130,29781,27487,343,27830,355
2020-09-17,Glenn,21,27897,566,541,0,541,3
2020-09-17,Humboldt,23,135768,484,466,1,467,5
2020-09-17,Imperial,25,180216,11692,10436,7,10443,281
2020-09-17,Inyo,27,18085,187,176,0,176,12
2020-09-17,Kern,29,883053,31464,30627,299,30926,372
2020-09-17,Kings,31,150075,7435,7015,36,7051,72
2020-09-17,Lake,33,64148,526,433,0,433,8
2020-09-17,Lassen,35,31185,739,731,2,733,0
2020-09-17,Los Angeles,37,10098052,261269,257246,1759,259005,6318
2020-09-17,Madera,39,155013,4405,4152,26,4178,45
2020-09-17,Marin,41,260295,6598,6457,15,6472,81
2020-09-17,Mariposa,43,17540,75,74,0,74,2
2020-09-17,Mendocino,45,87422,811,737,0,737,18
2020-09-17,Merced,47,269075,8757,8671,12,8683,119
2020-09-17,Modoc,49,8938,27,22,0,22,0
2020-09-17,Mono,51,14174,165,147,1,148,1
2020-09-17,Monterey,53,433212,9469,9113,22,9135,62
2020-09-17,Napa,55,140530,1667,1592,5,1597,11
2020-09-17,Nevada,57,99092,529,494,14,508,6
2020-09-17,Orange,59,3164182,53293,50537,1388,51925,1098
2020-09-17,Placer,61,380077,3538,3368,13,3381,40
2020-09-17,Plumas,63,18699,49,45,0,45,0
2020-09-17,Riverside,65,2383286,57354,56007,118,56125,1134
2020-09-17,Sacramento,67,1510023,21608,20895,18,20913,385
2020-09-17,San Benito,69,59416,1302,1252,0,1252,8
2020-09-17,San Bernardino,71,2135413,52616,50770,54,50824,904
2020-09-17,San Diego,73,3302833,45524,43621,0,43621,754
2020-09-17,San Francisco,75,870044,10892,10564,26,10590,95
2020-09-17,San Joaquin,77,732212,19847,19439,45,19484,416
2020-09-17,San Luis Obispo,79,281455,3495,3299,15,3314,27
2020-09-17,San Mateo,81,765935,9832,8984,6,8990,127
2020-09-17,Santa Barbara,83,443738,9364,8779,62,8841,107
2020-09-17,Santa Clara,85,1922200,21023,19825,25,19850,254
2020-09-17,Santa Cruz,87,273765,2298,2155,27,2182,7
2020-09-17,Shasta,89,179085,797,660,3,663,12
2020-09-17,Sierra,91,2930,6,6,0,6,0
2020-09-17,Siskiyou,93,43540,153,146,10,156,0
2020-09-17,Solano,95,438530,6141,5915,41,5956,44
2020-09-17,Sonoma,97,501317,7136,6754,19,6773,114
2020-09-17,Stanislaus,99,539301,16298,15984,504,16488,277
2020-09-17,Sutter,101,95872,1643,1572,1,1573,10
2020-09-17,Tehama,103,63373,516,487,1,488,2
2020-09-17,Trinity,105,12862,27,15,4,19,0
2020-09-17,Tulare,107,460477,15779,15344,95,15439,258
2020-09-17,Tuolumne,109,53932,229,214,2,216,1
2020-09-17,Ventura,111,848112,12680,12167,130,12297,130
2020-09-17,Yolo,113,214977,2764,2724,6,2730,53
2020-09-17,Yuba,115,75493,1045,1015,5,1020,1
2020-09-16,Alameda,1,1643700,20722,20009,164,20173,333
2020-09-16,Alpine,3,1148,3,2,0,2,0
2020-09-16,Amador,5,37829,288,284,0,284,16
2020-09-16,Butte,7,227075,2835,2704,21,2725,38
2020-09-16,Calaveras,9,45235,303,254,0,254,9
2020-09-16,Colusa,11,21464,522,497,0,497,6
2020-09-16,Contra Costa,13,1133247,16376,15473,82,15555,183
2020-09-16,Del Norte,15,27424,133,131,0,131,2
2020-09-16,El Dorado,17,186661,1091,1049,0,1049,4
2020-09-16,Fresno,19,978130,29676,27381,341,27722,343
2020-09-16,Glenn,21,27897,564,539,0,539,3
2020-09-16,Humboldt,23,135768,483,455,1,456,4
2020-09-16,Imperial,25,180216,11669,10401,7,10408,277
2020-09-16,Inyo,27,18085,186,176,0,176,12
2020-09-16,Kern,29,883053,31405,30570,298,30868,371
2020-09-16,Kings,31,150075,7410,7002,34,7036,71
2020-09-16,Lake,33,64148,515,417,0,417,6
2020-09-16,Lassen,35,31185,738,730,2,732,0
2020-09-16,Los Angeles,37,10098052,260272,256101,1740,257841,6299
2020-09-16,Madera,39,155013,4382,4138,26,4164,45
2020-09-16,Marin,41,260295,6571,6430,15,6445,77
2020-09-16,Mariposa,43,17540,75,74,0,74,2
2020-09-16,Mendocino,45,87422,802,727,0,727,18
2020-09-16,Merced,47,269075,8736,8646,12,8658,118
2020-09-16,Modoc,49,8938,27,22,0,22,0
2020-09-16,Mono,51,14174,165,147,1,148,1
2020-09-16,Monterey,53,433212,9415,8997,22,9019,62
2020-09-16,Napa,55,140530,1653,1587,5,1592,11
2020-09-16,Nevada,57,99092,524,495,13,508,6
2020-09-16,Orange,59,3164182,53093,50414,1379,51793,1096
2020-09-16,Placer,61,380077,3520,3351,13,3364,39
2020-09-16,Plumas,63,18699,49,45,0,45,0
2020-09-16,Riverside,65,2383286,57162,55811,110,55921,1127
2020-09-16,Sacramento,67,1510023,21513,20610,18,20628,377
2020-09-16,San Benito,69,59416,1294,1244,0,1244,8
2020-09-16,San Bernardino,71,2135413,52391,50509,54,50563,907
2020-09-16,San Diego,73,3302833,45234,43447,0,43447,748
2020-09-16,San Francisco,75,870044,10845,10502,26,10528,90
2020-09-16,San Joaquin,77,732212,19793,19377,44,19421,409
2020-09-16,San Luis Obispo,79,281455,3466,3285,15,3300,28
2020-09-16,San Mateo,81,765935,9767,8944,6,8950,127
2020-09-16,Santa Barbara,83,443738,9332,8764,62,8826,107
2020-09-16,Santa Clara,85,1922200,20904,19684,25,19709,253
2020-09-16,Santa Cruz,87,273765,2257,2089,26,2115,7
2020-09-16,Shasta,89,179085,771,635,3,638,11
2020-09-16,Sierra,91,2930,6,6,0,6,0
2020-09-16,Siskiyou,93,43540,152,145,10,155,0
2020-09-16,Solano,95,438530,6112,5899,41,5940,44
2020-09-16,Sonoma,97,501317,7075,6731,19,6750,104
2020-09-16,Stanislaus,99,539301,16251,15897,496,16393,263
2020-09-16,Sutter,101,95872,1630,1567,1,1568,10
2020-09-16,Tehama,103,63373,508,485,1,486,2
2020-09-16,Trinity,105,12862,27,15,4,19,0
2020-09-16,Tulare,107,460477,15737,15314,87,15401,258
2020-09-16,Tuolumne,109,53932,228,210,2,212,1
2020-09-16,Ventura,111,848112,12612,12073,129,12202,130
2020-09-16,Yolo,113,214977,2757,2709,6,2715,53
2020-09-16,Yuba,115,75493,1043,1000,5,1005,1
2020-09-15,Alameda,1,1643700,20616,19931,161,20092,327
2020-09-15,Alpine,3,1148,3,2,0,2,0
2020-09-15,Amador,5,37829,287,282,0,282,16
2020-09-15,Butte,7,227075,2822,2695,19,2714,38
2020-09-15,Calaveras,9,45235,303,248,0,248,5
2020-09-15,Colusa,11,21464,516,497,0,497,6
2020-09-15,Contra Costa,13,1133247,16273,15423,81,15504,180
2020-09-15,Del Norte,15,27424,133,129,0,129,2
2020-09-15,El Dorado,17,186661,1086,1046,0,1046,4
2020-09-15,Fresno,19,978130,29570,27312,336,27648,343
2020-09-15,Glenn,21,27897,563,531,0,531,3
2020-09-15,Humboldt,23,135768,481,456,1,457,4
2020-09-15,Imperial,25,180216,11644,10376,7,10383,277
2020-09-15,Inyo,27,18085,186,176,0,176,12
2020-09-15,Kern,29,883053,31293,30429,295,30724,368
2020-09-15,Kings,31,150075,7252,6977,34,7011,70
2020-09-15,Lake,33,64148,501,416,0,416,4
2020-09-15,Lassen,35,31185,734,719,2,721,0
2020-09-15,Los Angeles,37,10098052,259158,255048,1715,256763,6269
2020-09-15,Madera,39,155013,4363,4122,26,4148,45
2020-09-15,Marin,41,260295,6540,6423,15,6438,77
2020-09-15,Mariposa,43,17540,75,74,0,74,2
2020-09-15,Mendocino,45,87422,784,724,0,724,18
2020-09-15,Merced,47,269075,8706,8633,12,8645,114
2020-09-15,Modoc,49,8938,26,21,0,21,0
2020-09-15,Mono,51,14174,165,147,1,148,1
2020-09-15,Monterey,53,433212,9366,8943,22,8965,62
2020-09-15,Napa,55,140530,1639,1580,5,1585,11
2020-09-15,Nevada,57,99092,519,494,13,507,6
2020-09-15,Orange,59,3164182,52911,50294,1364,51658,1088
2020-09-15,Placer,61,380077,3496,3331,13,3344,38
2020-09-15,Plumas,63,18699,49,44,0,44,0
2020-09-15,Riverside,65,2383286,56871,55569,100,55669,1118
2020-09-15,Sacramento,67,1510023,21370,20487,18,20505,372
2020-09-15,San Benito,69,59416,1287,1237,0,1237,7
2020-09-15,San Bernardino,71,2135413,52176,50333,53,50386,904
2020-09-15,San Diego,73,3302833,44916,43183,0,43183,742
2020-09-15,San Francisco,75,870044,10787,10414,26,10440,90
2020-09-15,San Joaquin,77,732212,19741,19313,44,19357,401
2020-09-15,San Luis Obispo,79,281455,3445,3262,15,3277,28
2020-09-15,San Mateo,81,765935,9697,8895,6,8901,127
2020-09-15,Santa Barbara,83,443738,9307,8724,61,8785,104
2020-09-15,Santa Clara,85,1922200,20768,19610,25,19635,252
2020-09-15,Santa Cruz,87,273765,2231,2079,25,2104,7
2020-09-15,Shasta,89,179085,759,627,3,630,11
2020-09-15,Sierra,91,2930,6,6,0,6,0
2020-09-15,Siskiyou,93,43540,152,143,10,153,0
2020-09-15,Solano,95,438530,6078,5878,41,5919,45
2020-09-15,Sonoma,97,501317,7036,6701,19,6720,104
2020-09-15,Stanislaus,99,539301,16203,15880,494,16374,260
2020-09-15,Sutter,101,95872,1618,1556,1,1557,10
2020-09-15,Tehama,103,63373,496,484,1,485,2
2020-09-15,Trinity,105,12862,27,15,4,19,0
2020-09-15,Tulare,107,460477,15660,15203,85,15288,254
2020-09-15,Tuolumne,109,53932,228,209,2,211,1
2020-09-15,Ventura,111,848112,12560,11932,128,12060,128
2020-09-15,Yolo,113,214977,2753,2708,6,2714,53
2020-09-15,Yuba,115,75493,1037,991,4,995,1
2020-09-14,Alameda,1,1643700,20489,19851,160,20011,306
2020-09-14,Alpine,3,1148,3,2,0,2,0
2020-09-14,Amador,5,37829,285,281,0,281,16
2020-09-14,Butte,7,227075,2805,2642,19,2661,37
2020-09-14,Calaveras,9,45235,303,244,0,244,3
2020-09-14,Colusa,11,21464,515,486,0,486,6
2020-09-14,Contra Costa,13,1133247,16148,15354,80,15434,174
2020-09-14,Del Norte,15,27424,130,116,0,116,2
2020-09-14,El Dorado,17,186661,1082,1039,0,1039,3
2020-09-14,Fresno,19,978130,29485,27232,333,27565,344
2020-09-14,Glenn,21,27897,555,521,0,521,3
2020-09-14,Humboldt,23,135768,478,437,1,438,4
2020-09-14,Imperial,25,180216,11624,10340,7,10347,273
2020-09-14,Inyo,27,18085,186,176,0,176,12
2020-09-14,Kern,29,883053,31207,30344,292,30636,368
2020-09-14,Kings,31,150075,7170,6950,34,6984,70
2020-09-14,Lake,33,64148,481,407,0,407,4
2020-09-14,Lassen,35,31185,734,719,2,721,0
2020-09-14,Los Angeles,37,10098052,258126,254622,1686,256308,6226
2020-09-14,Madera,39,155013,4349,4104,26,4130,45
2020-09-14,Marin,41,260295,6519,6409,15,6424,70
2020-09-14,Mariposa,43,17540,75,74,0,74,2
2020-09-14,Mendocino,45,87422,767,710,0,710,17
2020-09-14,Merced,47,269075,8687,8593,12,8605,112
2020-09-14,Modoc,49,8938,26,21,0,21,0
2020-09-14,Mono,51,14174,165,147,1,148,1
2020-09-14,Monterey,53,433212,9295,8845,21,8866,61
2020-09-14,Napa,55,140530,1622,1576,5,1581,11
2020-09-14,Nevada,57,99092,514,489,13,502,6
2020-09-14,Orange,59,3164182,52752,50149,1348,51497,1079
2020-09-14,Placer,61,380077,3475,3302,13,3315,38
2020-09-14,Plumas,63,18699,48,42,0,42,0
2020-09-14,Riverside,65,2383286,56652,55488,94,55582,1113
2020-09-14,Sacramento,67,1510023,21177,20377,17,20394,367
2020-09-14,San Benito,69,59416,1272,1233,0,1233,7
2020-09-14,San Bernardino,71,2135413,51954,50163,52,50215,895
2020-09-14,San Diego,73,3302833,44605,42889,0,42889,734
2020-09-14,San Francisco,75,870044,10721,10255,23,10278,90
2020-09-14,San Joaquin,77,732212,19667,19111,43,19154,397
2020-09-14,San Luis Obispo,79,281455,3420,3248,15,3263,25
2020-09-14,San Mateo,81,765935,9634,8847,6,8853,127
2020-09-14,Santa Barbara,83,443738,9281,8692,61,8753,104
2020-09-14,Santa Clara,85,1922200,20580,19545,25,19570,247
2020-09-14,Santa Cruz,87,273765,2211,2016,22,2038,7
2020-09-14,Shasta,89,179085,737,584,3,587,10
2020-09-14,Sierra,91,2930,6,6,0,6,0
2020-09-14,Siskiyou,93,43540,151,143,10,153,0
2020-09-14,Solano,95,438530,6043,5834,41,5875,44
2020-09-14,Sonoma,97,501317,6973,6630,19,6649,102
2020-09-14,Stanislaus,99,539301,16158,15812,491,16303,253
2020-09-14,Sutter,101,95872,1607,1549,1,1550,10
2020-09-14,Tehama,103,63373,493,475,1,476,1
2020-09-14,Trinity,105,12862,26,14,4,18,0
2020-09-14,Tulare,107,460477,15591,15096,79,15175,254
2020-09-14,Tuolumne,109,53932,227,208,2,210,1
2020-09-14,Ventura,111,848112,12459,11903,125,12028,125
2020-09-14,Yolo,113,214977,2742,2687,6,2693,53
2020-09-14,Yuba,115,75493,1029,977,4,981,1
2020-09-13,Alameda,1,1643700,20383,19815,157,19972,306
2020-09-13,Alpine,3,1148,3,2,0,2,0
2020-09-13,Amador,5,37829,282,279,0,279,16
2020-09-13,Butte,7,227075,2783,2640,19,2659,37
2020-09-13,Calaveras,9,45235,302,246,0,246,3
2020-09-13,Colusa,11,21464,511,486,0,486,6
2020-09-13,Contra Costa,13,1133247,16042,15284,79,15363,172
2020-09-13,Del Norte,15,27424,127,116,0,116,1
2020-09-13,El Dorado,17,186661,1077,1035,0,1035,2
2020-09-13,Fresno,19,978130,29378,27196,325,27521,345
2020-09-13,Glenn,21,27897,551,517,0,517,3
2020-09-13,Humboldt,23,135768,478,434,1,435,4
2020-09-13,Imperial,25,180216,11587,10304,7,10311,273
2020-09-13,Inyo,27,18085,186,176,0,176,12
2020-09-13,Kern,29,883053,31114,30277,285,30562,368
2020-09-13,Kings,31,150075,7151,6937,34,6971,70
2020-09-13,Lake,33,64148,462,397,0,397,4
2020-09-13,Lassen,35,31185,731,719,2,721,0
2020-09-13,Los Angeles,37,10098052,256978,253950,1670,255620,6203
2020-09-13,Madera,39,155013,4292,4090,26,4116,45
2020-09-13,Marin,41,260295,6498,6395,15,6410,70
2020-09-13,Mariposa,43,17540,75,74,0,74,2
2020-09-13,Mendocino,45,87422,760,707,0,707,17
2020-09-13,Merced,47,269075,8654,8575,12,8587,112
2020-09-13,Modoc,49,8938,26,21,0,21,0
2020-09-13,Mono,51,14174,165,147,1,148,1
2020-09-13,Monterey,53,433212,9213,8826,20,8846,61
2020-09-13,Napa,55,140530,1615,1563,5,1568,11
2020-09-13,Nevada,57,99092,506,486,13,499,6
2020-09-13,Orange,59,3164182,52539,50061,1341,51402,1075
2020-09-13,Placer,61,380077,3445,3291,13,3304,38
2020-09-13,Plumas,63,18699,48,42,0,42,0
2020-09-13,Riverside,65,2383286,56445,55235,83,55318,1108
2020-09-13,Sacramento,67,1510023,20830,20279,17,20296,367
2020-09-13,San Benito,69,59416,1264,1217,0,1217,7
2020-09-13,San Bernardino,71,2135413,51669,49968,52,50020,895
2020-09-13,San Diego,73,3302833,44280,42681,0,42681,734
2020-09-13,San Francisco,75,870044,10643,10254,23,10277,90
2020-09-13,San Joaquin,77,732212,19595,19110,42,19152,396
2020-09-13,San Luis Obispo,79,281455,3384,3240,15,3255,24
2020-09-13,San Mateo,81,765935,9573,8811,6,8817,127
2020-09-13,Santa Barbara,83,443738,9244,8690,61,8751,104
2020-09-13,Santa Clara,85,1922200,20445,19456,24,19480,245
2020-09-13,Santa Cruz,87,273765,2178,2016,20,2036,7
2020-09-13,Shasta,89,179085,725,583,3,586,10
2020-09-13,Sierra,91,2930,6,6,0,6,0
2020-09-13,Siskiyou,93,43540,151,143,9,152,0
2020-09-13,Solano,95,438530,5997,5810,41,5851,43
2020-09-13,Sonoma,97,501317,6909,6592,19,6611,95
2020-09-13,Stanislaus,99,539301,16095,15759,479,16238,253
2020-09-13,Sutter,101,95872,1595,1539,1,1540,10
2020-09-13,Tehama,103,63373,489,476,1,477,1
2020-09-13,Trinity,105,12862,26,14,4,18,0
2020-09-13,Tulare,107,460477,15519,15098,78,15176,254
2020-09-13,Tuolumne,109,53932,224,208,2,210,1
2020-09-13,Ventura,111,848112,12354,11855,124,11979,123
2020-09-13,Yolo,113,214977,2730,2675,6,2681,53
2020-09-13,Yuba,115,75493,1024,967,4,971,1
2020-09-12,Alameda,1,1643700,20324,19758,157,19915,307
2020-09-12,Alpine,3,1148,3,2,0,2,0
2020-09-12,Amador,5,37829,281,278,0,278,16
2020-09-12,Butte,7,227075,2776,2629,18,2647,37
2020-09-12,Calaveras,9,45235,300,246,0,246,3
2020-09-12,Colusa,11,21464,507,486,0,486,6
2020-09-12,Contra Costa,13,1133247,15969,15135,78,15213,174
2020-09-12,Del Norte,15,27424,126,116,0,116,1
2020-09-12,El Dorado,17,186661,1070,1034,0,1034,2
2020-09-12,Fresno,19,978130,29308,27076,324,27400,345
2020-09-12,Glenn,21,27897,550,517,0,517,3
2020-09-12,Humboldt,23,135768,477,430,1,431,4
2020-09-12,Imperial,25,180216,11575,10305,7,10312,273
2020-09-12,Inyo,27,18085,186,177,0,177,12
2020-09-12,Kern,29,883053,31048,30202,285,30487,368
2020-09-12,Kings,31,150075,7141,6895,34,6929,70
2020-09-12,Lake,33,64148,456,393,0,393,4
2020-09-12,Lassen,35,31185,731,719,2,721,0
2020-09-12,Los Angeles,37,10098052,256419,253156,1649,254805,6193
2020-09-12,Madera,39,155013,4281,4058,26,4084,43
2020-09-12,Marin,41,260295,6489,6393,15,6408,69
2020-09-12,Mariposa,43,17540,75,72,0,72,2
2020-09-12,Mendocino,45,87422,757,700,0,700,17
2020-09-12,Merced,47,269075,8645,8533,12,8545,112
2020-09-12,Modoc,49,8938,25,21,0,21,0
2020-09-12,Mono,51,14174,165,147,1,148,1
2020-09-12,Monterey,53,433212,9177,8743,20,8763,61
2020-09-12,Napa,55,140530,1612,1556,5,1561,11
2020-09-12,Nevada,57,99092,505,482,13,495,6
2020-09-12,Orange,59,3164182,52425,49895,1337,51232,1078
2020-09-12,Placer,61,380077,3428,3280,13,3293,38
2020-09-12,Plumas,63,18699,48,42,0,42,0
2020-09-12,Riverside,65,2383286,56318,55058,78,55136,1108
2020-09-12,Sacramento,67,1510023,20762,20184,17,20201,367
2020-09-12,San Benito,69,59416,1261,1208,0,1208,7
2020-09-12,San Bernardino,71,2135413,51578,49945,51,49996,896
2020-09-12,San Diego,73,3302833,44086,42416,0,42416,747
2020-09-12,San Francisco,75,870044,10598,10257,23,10280,90
2020-09-12,San Joaquin,77,732212,19567,19108,42,19150,396
2020-09-12,San Luis Obispo,79,281455,3358,3220,15,3235,24
2020-09-12,San Mateo,81,765935,9528,8759,6,8765,127
2020-09-12,Santa Barbara,83,443738,9229,8642,61,8703,104
2020-09-12,Santa Clara,85,1922200,20361,19330,24,19354,237
2020-09-12,Santa Cruz,87,273765,2166,2016,20,2036,7
2020-09-12,Shasta,89,179085,713,569,3,572,10
2020-09-12,Sierra,91,2930,6,6,0,6,0
2020-09-12,Siskiyou,93,43540,151,141,9,150,0
2020-09-12,Solano,95,438530,5973,5772,41,5813,43
2020-09-12,Sonoma,97,501317,6885,6531,19,6550,95
2020-09-12,Stanislaus,99,539301,16063,15675,476,16151,253
2020-09-12,Sutter,101,95872,1589,1529,1,1530,10
2020-09-12,Tehama,103,63373,486,471,1,472,1
2020-09-12,Trinity,105,12862,26,15,4,19,0
2020-09-12,Tulare,107,460477,15474,15018,77,15095,254
2020-09-12,Tuolumne,109,53932,224,208,2,210,1
2020-09-12,Ventura,111,848112,12303,11759,122,11881,123
2020-09-12,Yolo,113,214977,2723,2646,6,2652,53
2020-09-12,Yuba,115,75493,1020,963,4,967,1
2020-09-11,Alameda,1,1643700,20268,19625,156,19781,298
2020-09-11,Alpine,3,1148,3,2,0,2,0
2020-09-11,Amador,5,37829,281,277,0,277,16
2020-09-11,Butte,7,227075,2765,2605,18,2623,37
2020-09-11,Calaveras,9,45235,299,242,0,242,1
2020-09-11,Colusa,11,21464,506,484,0,484,6
2020-09-11,Contra Costa,13,1133247,15916,15001,75,15076,173
2020-09-11,Del Norte,15,27424,126,115,0,115,1
2020-09-11,El Dorado,17,186661,1067,1024,0,1024,2
2020-09-11,Fresno,19,978130,29228,26917,323,27240,344
2020-09-11,Glenn,21,27897,545,515,0,515,3
2020-09-11,Humboldt,23,135768,475,426,1,427,4
2020-09-11,Imperial,25,180216,11557,10286,7,10293,273
2020-09-11,Inyo,27,18085,186,176,0,176,12
2020-09-11,Kern,29,883053,30981,30059,284,30343,365
2020-09-11,Kings,31,150075,7124,6770,34,6804,70
2020-09-11,Lake,33,64148,449,382,0,382,4
2020-09-11,Lassen,35,31185,731,719,2,721,0
2020-09-11,Los Angeles,37,10098052,255738,252057,1638,253695,6172
2020-09-11,Madera,39,155013,4262,4018,26,4044,43
2020-09-11,Marin,41,260295,6486,6364,15,6379,69
2020-09-11,Mariposa,43,17540,75,72,0,72,2
2020-09-11,Mendocino,45,87422,746,700,0,700,17
2020-09-11,Merced,47,269075,8624,8489,12,8501,109
2020-09-11,Modoc,49,8938,25,21,0,21,0
2020-09-11,Mono,51,14174,165,145,1,146,1
2020-09-11,Monterey,53,433212,9129,8595,20,8615,61
2020-09-11,Napa,55,140530,1601,1543,5,1548,11
2020-09-11,Nevada,57,99092,498,483,13,496,6
2020-09-11,Orange,59,3164182,52298,49755,1324,51079,1068
2020-09-11,Placer,61,380077,3413,3254,13,3267,37
2020-09-11,Plumas,63,18699,48,42,0,42,0
2020-09-11,Riverside,65,2383286,56185,54717,75,54792,1099
2020-09-11,Sacramento,67,1510023,20675,20012,17,20029,358
2020-09-11,San Benito,69,59416,1251,1202,0,1202,7
2020-09-11,San Bernardino,71,2135413,51478,49682,51,49733,871
2020-09-11,San Diego,73,3302833,43866,41971,0,41971,730
2020-09-11,San Francisco,75,870044,10549,10133,22,10155,89
2020-09-11,San Joaquin,77,732212,19520,19019,42,19061,391
2020-09-11,San Luis Obispo,79,281455,3340,3190,15,3205,24
2020-09-11,San Mateo,81,765935,9486,8611,6,8617,127
2020-09-11,Santa Barbara,83,443738,9195,8592,60,8652,103
2020-09-11,Santa Clara,85,1922200,20271,19065,24,19089,234
2020-09-11,Santa Cruz,87,273765,2149,1997,20,2017,7
2020-09-11,Shasta,89,179085,703,568,3,571,10
2020-09-11,Sierra,91,2930,6,6,0,6,0
2020-09-11,Siskiyou,93,43540,150,139,9,148,0
2020-09-11,Solano,95,438530,5956,5742,41,5783,42
2020-09-11,Sonoma,97,501317,6840,6469,19,6488,91
2020-09-11,Stanislaus,99,539301,16025,15613,473,16086,253
2020-09-11,Sutter,101,95872,1579,1505,1,1506,11
2020-09-11,Tehama,103,63373,483,466,1,467,1
2020-09-11,Trinity,105,12862,26,16,4,20,0
2020-09-11,Tulare,107,460477,15443,14932,75,15007,251
2020-09-11,Tuolumne,109,53932,224,208,2,210,1
2020-09-11,Ventura,111,848112,12249,11700,120,11820,123
2020-09-11,Yolo,113,214977,2712,2632,6,2638,53
2020-09-11,Yuba,115,75493,1012,946,4,950,1
2020-09-10,Alameda,1,1643700,20194,19509,156,19665,292
2020-09-10,Alpine,3,1148,3,2,0,2,0
2020-09-10,Amador,5,37829,280,277,0,277,16
2020-09-10,Butte,7,227075,2748,2590,18,2608,37
2020-09-10,Calaveras,9,45235,299,244,0,244,1
2020-09-10,Colusa,11,21464,504,482,0,482,6
2020-09-10,Contra Costa,13,1133247,15846,14909,75,14984,172
2020-09-10,Del Norte,15,27424,125,112,0,112,1
2020-09-10,El Dorado,17,186661,1064,1020,0,1020,2
2020-09-10,Fresno,19,978130,29107,26783,323,27106,338
2020-09-10,Glenn,21,27897,535,511,0,511,3
2020-09-10,Humboldt,23,135768,464,422,1,423,4
2020-09-10,Imperial,25,180216,11541,10251,7,10258,270
2020-09-10,Inyo,27,18085,185,176,0,176,11
2020-09-10,Kern,29,883053,30899,29988,280,30268,363
2020-09-10,Kings,31,150075,7094,6739,34,6773,70
2020-09-10,Lake,33,64148,442,377,0,377,4
2020-09-10,Lassen,35,31185,730,716,2,718,0
2020-09-10,Los Angeles,37,10098052,254759,251003,1616,252619,6132
2020-09-10,Madera,39,155013,4244,3979,26,4005,43
2020-09-10,Marin,41,260295,6475,6344,15,6359,68
2020-09-10,Mariposa,43,17540,75,72,0,72,2
2020-09-10,Mendocino,45,87422,736,697,0,697,16
2020-09-10,Merced,47,269075,8578,8461,12,8473,109
2020-09-10,Modoc,49,8938,25,21,0,21,0
2020-09-10,Mono,51,14174,165,145,1,146,1
2020-09-10,Monterey,53,433212,9059,8570,20,8590,59
2020-09-10,Napa,55,140530,1595,1536,5,1541,11
2020-09-10,Nevada,57,99092,494,478,13,491,6
2020-09-10,Orange,59,3164182,52135,49617,1317,50934,1057
2020-09-10,Placer,61,380077,3394,3233,13,3246,37
2020-09-10,Plumas,63,18699,48,42,0,42,0
2020-09-10,Riverside,65,2383286,55867,54417,72,54489,1091
2020-09-10,Sacramento,67,1510023,20555,19618,15,19633,354
2020-09-10,San Benito,69,59416,1245,1201,0,1201,5
2020-09-10,San Bernardino,71,2135413,51289,49467,50,49517,867
2020-09-10,San Diego,73,3302833,43600,41610,0,41610,725
2020-09-10,San Francisco,75,870044,10472,10082,22,10104,89
2020-09-10,San Joaquin,77,732212,19467,18854,42,18896,389
2020-09-10,San Luis Obispo,79,281455,3327,3161,15,3176,24
2020-09-10,San Mateo,81,765935,9440,8529,6,8535,125
2020-09-10,Santa Barbara,83,443738,9151,8552,60,8612,100
2020-09-10,Santa Clara,85,1922200,20157,18870,24,18894,231
2020-09-10,Santa Cruz,87,273765,2134,1986,18,2004,7
2020-09-10,Shasta,89,179085,692,566,3,569,10
2020-09-10,Sierra,91,2930,6,6,0,6,0
2020-09-10,Siskiyou,93,43540,150,137,9,146,0
2020-09-10,Solano,95,438530,5916,5696,41,5737,42
2020-09-10,Sonoma,97,501317,6791,6424,19,6443,91
2020-09-10,Stanislaus,99,539301,15971,15509,468,15977,243
2020-09-10,Sutter,101,95872,1567,1494,1,1495,11
2020-09-10,Tehama,103,63373,476,466,1,467,1
2020-09-10,Trinity,105,12862,26,15,4,19,0
2020-09-10,Tulare,107,460477,15388,14860,72,14932,250
2020-09-10,Tuolumne,109,53932,223,205,2,207,1
2020-09-10,Ventura,111,848112,12157,11600,113,11713,122
2020-09-10,Yolo,113,214977,2707,2612,6,2618,53
2020-09-10,Yuba,115,75493,1006,941,4,945,1
2020-09-09,Alameda,1,1643700,20115,19399,155,19554,289
2020-09-09,Alpine,3,1148,3,2,0,2,0
2020-09-09,Amador,5,37829,279,276,0,276,16
2020-09-09,Butte,7,227075,2731,2561,18,2579,37
2020-09-09,Calaveras,9,45235,299,242,0,242,1
2020-09-09,Colusa,11,21464,499,479,0,479,6
2020-09-09,Contra Costa,13,1133247,15760,14816,75,14891,171
2020-09-09,Del Norte,15,27424,121,109,0,109,1
2020-09-09,El Dorado,17,186661,1063,1020,0,1020,2
2020-09-09,Fresno,19,978130,29004,26724,318,27042,329
2020-09-09,Glenn,21,27897,532,508,0,508,3
2020-09-09,Humboldt,23,135768,462,420,1,421,4
2020-09-09,Imperial,25,180216,11520,10233,7,10240,268
2020-09-09,Inyo,27,18085,184,173,0,173,2
2020-09-09,Kern,29,883053,30802,29925,277,30202,355
2020-09-09,Kings,31,150075,7076,6721,34,6755,72
2020-09-09,Lake,33,64148,434,371,0,371,4
2020-09-09,Lassen,35,31185,729,714,2,716,0
2020-09-09,Los Angeles,37,10098052,253877,249876,1597,251473,6091
2020-09-09,Madera,39,155013,4219,3926,26,3952,43
2020-09-09,Marin,41,260295,6456,6321,15,6336,68
2020-09-09,Mariposa,43,17540,74,72,0,72,2
2020-09-09,Mendocino,45,87422,728,695,0,695,16
2020-09-09,Merced,47,269075,8552,8441,12,8453,107
2020-09-09,Modoc,49,8938,24,20,0,20,0
2020-09-09,Mono,51,14174,165,145,1,146,1
2020-09-09,Monterey,53,433212,8987,8527,20,8547,59
2020-09-09,Napa,55,140530,1585,1531,5,1536,11
2020-09-09,Nevada,57,99092,490,476,13,489,6
2020-09-09,Orange,59,3164182,51956,49394,1309,50703,1054
2020-09-09,Placer,61,380077,3375,3222,13,3235,36
2020-09-09,Plumas,63,18699,46,42,0,42,0
2020-09-09,Riverside,65,2383286,55637,54320,69,54389,1081
2020-09-09,Sacramento,67,1510023,20449,19474,15,19489,347
2020-09-09,San Benito,69,59416,1241,1199,0,1199,5
2020-09-09,San Bernardino,71,2135413,51091,49264,50,49314,866
2020-09-09,San Diego,73,3302833,43311,41326,0,41326,721
2020-09-09,San Francisco,75,870044,10422,9996,21,10017,86
2020-09-09,San Joaquin,77,732212,19403,18799,41,18840,388
2020-09-09,San Luis Obispo,79,281455,3309,3131,15,3146,24
2020-09-09,San Mateo,81,765935,9379,8478,6,8484,125
2020-09-09,Santa Barbara,83,443738,9108,8528,60,8588,97
2020-09-09,Santa Clara,85,1922200,20026,18759,24,18783,228
2020-09-09,Santa Cruz,87,273765,2111,1967,18,1985,7
2020-09-09,Shasta,89,179085,680,562,3,565,10
2020-09-09,Sierra,91,2930,6,6,0,6,0
2020-09-09,Siskiyou,93,43540,148,137,9,146,0
2020-09-09,Solano,95,438530,5884,5680,41,5721,36
2020-09-09,Sonoma,97,501317,6724,6397,19,6416,92
2020-09-09,Stanislaus,99,539301,15933,15469,455,15924,243
2020-09-09,Sutter,101,95872,1559,1487,1,1488,11
2020-09-09,Tehama,103,63373,473,462,1,463,1
2020-09-09,Trinity,105,12862,26,14,4,18,0
2020-09-09,Tulare,107,460477,15338,14787,67,14854,249
2020-09-09,Tuolumne,109,53932,222,204,2,206,1
2020-09-09,Ventura,111,848112,12069,11497,110,11607,121
2020-09-09,Yolo,113,214977,2696,2604,6,2610,53
2020-09-09,Yuba,115,75493,1001,936,4,940,1
2020-09-08,Alameda,1,1643700,20007,19293,155,19448,288
2020-09-08,Alpine,3,1148,3,2,0,2,0
2020-09-08,Amador,5,37829,279,276,0,276,16
2020-09-08,Butte,7,227075,2713,2453,18,2471,36
2020-09-08,Calaveras,9,45235,297,233,0,233,1
2020-09-08,Colusa,11,21464,497,475,0,475,6
2020-09-08,Contra Costa,13,1133247,15632,14740,72,14812,171
2020-09-08,Del Norte,15,27424,121,109,0,109,2
2020-09-08,El Dorado,17,186661,1060,1011,0,1011,2
2020-09-08,Fresno,19,978130,28885,26640,314,26954,329
2020-09-08,Glenn,21,27897,528,492,0,492,3
2020-09-08,Humboldt,23,135768,460,420,1,421,4
2020-09-08,Imperial,25,180216,11504,10198,7,10205,267
2020-09-08,Inyo,27,18085,184,169,0,169,2
2020-09-08,Kern,29,883053,30717,29850,275,30125,351
2020-09-08,Kings,31,150075,7038,6658,34,6692,72
2020-09-08,Lake,33,64148,424,370,0,370,4
2020-09-08,Lassen,35,31185,729,710,2,712,0
2020-09-08,Los Angeles,37,10098052,252942,249217,1569,250786,6034
2020-09-08,Madera,39,155013,4195,3904,26,3930,43
2020-09-08,Marin,41,260295,6425,6313,15,6328,68
2020-09-08,Mariposa,43,17540,74,72,0,72,2
2020-09-08,Mendocino,45,87422,721,690,0,690,16
2020-09-08,Merced,47,269075,8529,8381,12,8393,104
2020-09-08,Modoc,49,8938,24,20,0,20,0
2020-09-08,Mono,51,14174,165,145,1,146,1
2020-09-08,Monterey,53,433212,8902,8491,20,8511,59
2020-09-08,Napa,55,140530,1581,1518,5,1523,11
2020-09-08,Nevada,57,99092,490,470,13,483,6
2020-09-08,Orange,59,3164182,51815,49214,1305,50519,1044
2020-09-08,Placer,61,380077,3361,3205,13,3218,36
2020-09-08,Plumas,63,18699,46,42,0,42,0
2020-09-08,Riverside,65,2383286,55425,54168,66,54234,1069
2020-09-08,Sacramento,67,1510023,20214,19411,15,19426,347
2020-09-08,San Benito,69,59416,1234,1188,0,1188,5
2020-09-08,San Bernardino,71,2135413,50902,49034,49,49083,856
2020-09-08,San Diego,73,3302833,42995,41079,0,41079,709
2020-09-08,San Francisco,75,870044,10349,9821,21,9842,86
2020-09-08,San Joaquin,77,732212,19325,18550,41,18591,388
2020-09-08,San Luis Obispo,79,281455,3295,3120,15,3135,23
2020-09-08,San Mateo,81,765935,9304,8460,6,8466,125
2020-09-08,Santa Barbara,83,443738,9074,8488,59,8547,96
2020-09-08,Santa Clara,85,1922200,19849,18645,24,18669,228
2020-09-08,Santa Cruz,87,273765,2083,1903,18,1921,7
2020-09-08,Shasta,89,179085,672,556,3,559,10
2020-09-08,Sierra,91,2930,6,6,0,6,0
2020-09-08,Siskiyou,93,43540,146,136,9,145,0
2020-09-08,Solano,95,438530,5847,5654,41,5695,36
2020-09-08,Sonoma,97,501317,6655,6356,19,6375,92
2020-09-08,Stanislaus,99,539301,15869,15415,443,15858,238
2020-09-08,Sutter,101,95872,1544,1473,1,1474,11
2020-09-08,Tehama,103,63373,469,458,1,459,1
2020-09-08,Trinity,105,12862,25,13,4,17,0
2020-09-08,Tulare,107,460477,15258,14635,66,14701,249
2020-09-08,Tuolumne,109,53932,221,197,2,199,1
2020-09-08,Ventura,111,848112,12001,11475,108,11583,118
2020-09-08,Yolo,113,214977,2686,2580,6,2586,53
2020-09-08,Yuba,115,75493,989,923,4,927,1
2020-09-07,Alameda,1,1643700,19886,19188,150,19338,281
2020-09-07,Alpine,3,1148,3,2,0,2,0
2020-09-07,Amador,5,37829,279,276,0,276,16
2020-09-07,Butte,7,227075,2680,2450,17,2467,30
2020-09-07,Calaveras,9,45235,287,234,0,234,1
2020-09-07,Colusa,11,21464,496,475,0,475,6
2020-09-07,Contra Costa,13,1133247,15519,14637,69,14706,172
2020-09-07,Del Norte,15,27424,121,109,0,109,2
2020-09-07,El Dorado,17,186661,1049,1011,0,1011,2
2020-09-07,Fresno,19,978130,28792,26565,310,26875,329
2020-09-07,Glenn,21,27897,523,488,0,488,3
2020-09-07,Humboldt,23,135768,451,416,1,417,4
2020-09-07,Imperial,25,180216,11473,10199,7,10206,267
2020-09-07,Inyo,27,18085,184,169,0,169,2
2020-09-07,Kern,29,883053,30596,29790,270,30060,348
2020-09-07,Kings,31,150075,6914,6630,34,6664,72
2020-09-07,Lake,33,64148,401,367,0,367,2
2020-09-07,Lassen,35,31185,729,709,2,711,0
2020-09-07,Los Angeles,37,10098052,251897,248804,1546,250350,6030
2020-09-07,Madera,39,155013,4164,3889,26,3915,43
2020-09-07,Marin,41,260295,6395,6296,15,6311,67
2020-09-07,Mariposa,43,17540,74,72,0,72,2
2020-09-07,Mendocino,45,87422,713,687,0,687,16
2020-09-07,Merced,47,269075,8482,8381,12,8393,104
2020-09-07,Modoc,49,8938,23,20,0,20,0
2020-09-07,Mono,51,14174,165,145,1,146,1
2020-09-07,Monterey,53,433212,8823,8463,20,8483,57
2020-09-07,Napa,55,140530,1569,1514,5,1519,11
2020-09-07,Nevada,57,99092,488,469,13,482,6
2020-09-07,Orange,59,3164182,51645,49132,1301,50433,1042
2020-09-07,Placer,61,380077,3330,3188,12,3200,36
2020-09-07,Plumas,63,18699,45,42,0,42,0
2020-09-07,Riverside,65,2383286,55150,54178,60,54238,1069
2020-09-07,Sacramento,67,1510023,19972,19292,15,19307,345
2020-09-07,San Benito,69,59416,1228,1180,0,1180,4
2020-09-07,San Bernardino,71,2135413,50679,49043,49,49092,821
2020-09-07,San Diego,73,3302833,42595,40868,0,40868,708
2020-09-07,San Francisco,75,870044,10299,9813,20,9833,85
2020-09-07,San Joaquin,77,732212,19244,18552,39,18591,386
2020-09-07,San Luis Obispo,79,281455,3258,3116,15,3131,23
2020-09-07,San Mateo,81,765935,9222,8409,6,8415,125
2020-09-07,Santa Barbara,83,443738,9032,8479,59,8538,95
2020-09-07,Santa Clara,85,1922200,19691,18596,23,18619,226
2020-09-07,Santa Cruz,87,273765,2055,1902,18,1920,7
2020-09-07,Shasta,89,179085,662,556,3,559,10
2020-09-07,Sierra,91,2930,6,6,0,6,0
2020-09-07,Siskiyou,93,43540,145,133,9,142,0
2020-09-07,Solano,95,438530,5782,5640,41,5681,36
2020-09-07,Sonoma,97,501317,6588,6268,19,6287,85
2020-09-07,Stanislaus,99,539301,15804,15343,430,15773,236
2020-09-07,Sutter,101,95872,1527,1468,1,1469,11
2020-09-07,Tehama,103,63373,466,453,1,454,1
2020-09-07,Trinity,105,12862,25,13,4,17,0
2020-09-07,Tulare,107,460477,15152,14637,64,14701,249
2020-09-07,Tuolumne,109,53932,220,196,2,198,1
2020-09-07,Ventura,111,848112,11908,11463,106,11569,118
2020-09-07,Yolo,113,214977,2669,2565,5,2570,53
2020-09-07,Yuba,115,75493,973,923,3,926,1
2020-09-06,Alameda,1,1643700,19828,19029,148,19177,281
2020-09-06,Alpine,3,1148,3,2,0,2,0
2020-09-06,Amador,5,37829,277,275,0,275,16
2020-09-06,Butte,7,227075,2671,2446,17,2463,30
2020-09-06,Calaveras,9,45235,287,235,0,235,1
2020-09-06,Colusa,11,21464,492,475,0,475,6
2020-09-06,Contra Costa,13,1133247,15439,14565,68,14633,171
2020-09-06,Del Norte,15,27424,121,109,0,109,2
2020-09-06,El Dorado,17,186661,1047,1008,0,1008,2
2020-09-06,Fresno,19,978130,28728,26471,308,26779,329
2020-09-06,Glenn,21,27897,517,474,0,474,3
2020-09-06,Humboldt,23,135768,448,404,1,405,4
2020-09-06,Imperial,25,180216,11456,10152,7,10159,267
2020-09-06,Inyo,27,18085,184,169,0,169,2
2020-09-06,Kern,29,883053,30541,29699,266,29965,348
2020-09-06,Kings,31,150075,6894,6561,33,6594,72
2020-09-06,Lake,33,64148,398,362,0,362,2
2020-09-06,Lassen,35,31185,729,709,2,711,0
2020-09-06,Los Angeles,37,10098052,251269,248316,1530,249846,6004
2020-09-06,Madera,39,155013,4120,3867,26,3893,42
2020-09-06,Marin,41,260295,6383,6276,15,6291,67
2020-09-06,Mariposa,43,17540,74,72,0,72,2
2020-09-06,Mendocino,45,87422,712,672,0,672,16
2020-09-06,Merced,47,269075,8462,8327,12,8339,104
2020-09-06,Modoc,49,8938,23,20,0,20,0
2020-09-06,Mono,51,14174,164,145,1,146,1
2020-09-06,Monterey,53,433212,8784,8403,19,8422,56
2020-09-06,Napa,55,140530,1565,1501,3,1504,11
2020-09-06,Nevada,57,99092,488,467,13,480,6
2020-09-06,Orange,59,3164182,51533,48931,1296,50227,1042
2020-09-06,Placer,61,380077,3313,3169,12,3181,36
2020-09-06,Plumas,63,18699,44,42,0,42,0
2020-09-06,Riverside,65,2383286,55034,53970,58,54028,1069
2020-09-06,Sacramento,67,1510023,19877,19128,15,19143,340
2020-09-06,San Benito,69,59416,1226,1178,0,1178,4
2020-09-06,San Bernardino,71,2135413,50570,48923,49,48972,823
2020-09-06,San Diego,73,3302833,42347,40652,0,40652,707
2020-09-06,San Francisco,75,870044,10224,9813,20,9833,85
2020-09-06,San Joaquin,77,732212,19195,18558,39,18597,386
2020-09-06,San Luis Obispo,79,281455,3247,3101,15,3116,23
2020-09-06,San Mateo,81,765935,9169,8387,6,8393,125
2020-09-06,Santa Barbara,83,443738,9003,8434,59,8493,95
2020-09-06,Santa Clara,85,1922200,19590,18495,23,18518,207
2020-09-06,Santa Cruz,87,273765,2048,1902,18,1920,7
2020-09-06,Shasta,89,179085,656,550,3,553,10
2020-09-06,Sierra,91,2930,6,6,0,6,0
2020-09-06,Siskiyou,93,43540,145,132,9,141,0
2020-09-06,Solano,95,438530,5756,5619,41,5660,37
2020-09-06,Sonoma,97,501317,6559,6212,19,6231,85
2020-09-06,Stanislaus,99,539301,15761,15288,425,15713,236
2020-09-06,Sutter,101,95872,1514,1451,1,1452,11
2020-09-06,Tehama,103,63373,465,455,1,456,1
2020-09-06,Trinity,105,12862,24,13,4,17,0
2020-09-06,Tulare,107,460477,15109,14636,63,14699,249
2020-09-06,Tuolumne,109,53932,217,194,2,196,1
2020-09-06,Ventura,111,848112,11866,11315,105,11420,118
2020-09-06,Yolo,113,214977,2656,2556,5,2561,53
2020-09-06,Yuba,115,75493,965,913,3,916,1
2020-09-05,Alameda,1,1643700,19781,18973,146,19119,279
2020-09-05,Alpine,3,1148,3,2,0,2,0
2020-09-05,Amador,5,37829,277,274,0,274,16
2020-09-05,Butte,7,227075,2655,2406,16,2422,30
2020-09-05,Calaveras,9,45235,287,237,0,237,1
2020-09-05,Colusa,11,21464,488,472,0,472,6
2020-09-05,Contra Costa,13,1133247,15363,14456,66,14522,173
2020-09-05,Del Norte,15,27424,121,109,0,109,2
2020-09-05,El Dorado,17,186661,1047,1007,0,1007,2
2020-09-05,Fresno,19,978130,28660,26325,308,26633,331
2020-09-05,Glenn,21,27897,516,474,0,474,3
2020-09-05,Humboldt,23,135768,446,402,1,403,4
2020-09-05,Imperial,25,180216,11439,10151,7,10158,268
2020-09-05,Inyo,27,18085,184,169,0,169,2
2020-09-05,Kern,29,883053,30481,29645,262,29907,347
2020-09-05,Kings,31,150075,6885,6518,33,6551,66
2020-09-05,Lake,33,64148,395,359,0,359,2
2020-09-05,Lassen,35,31185,729,709,2,711,0
2020-09-05,Los Angeles,37,10098052,250735,247572,1517,249089,6001
2020-09-05,Madera,39,155013,4079,3851,26,3877,42
2020-09-05,Marin,41,260295,6376,6259,15,6274,66
2020-09-05,Mariposa,43,17540,74,72,0,72,2
2020-09-05,Mendocino,45,87422,711,658,0,658,16
2020-09-05,Merced,47,269075,8430,8297,10,8307,104
2020-09-05,Modoc,49,8938,23,19,0,19,0
2020-09-05,Mono,51,14174,164,145,1,146,1
2020-09-05,Monterey,53,433212,8754,8301,19,8320,56
2020-09-05,Napa,55,140530,1559,1484,3,1487,11
2020-09-05,Nevada,57,99092,485,461,13,474,6
2020-09-05,Orange,59,3164182,51431,48726,1291,50017,1039
2020-09-05,Placer,61,380077,3303,3141,12,3153,35
2020-09-05,Plumas,63,18699,44,42,0,42,0
2020-09-05,Riverside,65,2383286,54928,53780,58,53838,1066
2020-09-05,Sacramento,67,1510023,19788,18955,15,18970,339
2020-09-05,San Benito,69,59416,1224,1153,0,1153,4
2020-09-05,San Bernardino,71,2135413,50495,48800,48,48848,825
2020-09-05,San Diego,73,3302833,42155,40344,0,40344,717
2020-09-05,San Francisco,75,870044,10191,9812,19,9831,85
2020-09-05,San Joaquin,77,732212,19167,18557,39,18596,386
2020-09-05,San Luis Obispo,79,281455,3237,3083,15,3098,23
2020-09-05,San Mateo,81,765935,9124,8352,6,8358,124
2020-09-05,Santa Barbara,83,443738,8986,8404,59,8463,96
2020-09-05,Santa Clara,85,1922200,19505,18311,23,18334,207
2020-09-05,Santa Cruz,87,273765,2040,1904,18,1922,7
2020-09-05,Shasta,89,179085,655,544,3,547,10
2020-09-05,Sierra,91,2930,6,6,0,6,0
2020-09-05,Siskiyou,93,43540,144,131,9,140,0
2020-09-05,Solano,95,438530,5744,5579,41,5620,37
2020-09-05,Sonoma,97,501317,6526,6149,19,6168,85
2020-09-05,Stanislaus,99,539301,15713,15198,421,15619,236
2020-09-05,Sutter,101,95872,1507,1445,1,1446,11
2020-09-05,Tehama,103,63373,464,447,1,448,1
2020-09-05,Trinity,105,12862,24,13,4,17,0
2020-09-05,Tulare,107,460477,15053,14576,61,14637,249
2020-09-05,Tuolumne,109,53932,217,194,2,196,1
2020-09-05,Ventura,111,848112,11825,11254,105,11359,118
2020-09-05,Yolo,113,214977,2646,2534,5,2539,53
2020-09-05,Yuba,115,75493,959,902,3,905,1
2020-09-04,Alameda,1,1643700,19713,18843,144,18987,276
2020-09-04,Alpine,3,1148,3,2,0,2,0
2020-09-04,Amador,5,37829,276,274,0,274,16
2020-09-04,Butte,7,227075,2632,2325,16,2341,28
2020-09-04,Calaveras,9,45235,285,237,0,237,1
2020-09-04,Colusa,11,21464,486,467,0,467,6
2020-09-04,Contra Costa,13,1133247,15283,14355,65,14420,164
2020-09-04,Del Norte,15,27424,121,109,0,109,2
2020-09-04,El Dorado,17,186661,1043,992,0,992,2
2020-09-04,Fresno,19,978130,28555,26147,307,26454,321
2020-09-04,Glenn,21,27897,508,463,0,463,3
2020-09-04,Humboldt,23,135768,441,390,1,391,4
2020-09-04,Imperial,25,180216,11430,10136,7,10143,267
2020-09-04,Inyo,27,18085,184,169,0,169,2
2020-09-04,Kern,29,883053,30413,29526,259,29785,345
2020-09-04,Kings,31,150075,6872,6259,33,6292,66
2020-09-04,Lake,33,64148,395,347,0,347,2
2020-09-04,Lassen,35,31185,729,708,2,710,0
2020-09-04,Los Angeles,37,10098052,250164,246396,1496,247892,5977
2020-09-04,Madera,39,155013,4066,3838,26,3864,42
2020-09-04,Marin,41,260295,6364,6251,15,6266,66
2020-09-04,Mariposa,43,17540,74,72,0,72,2
2020-09-04,Mendocino,45,87422,709,646,0,646,16
2020-09-04,Merced,47,269075,8410,8214,10,8224,104
2020-09-04,Modoc,49,8938,23,15,0,15,0
2020-09-04,Mono,51,14174,164,145,1,146,1
2020-09-04,Monterey,53,433212,8709,8208,19,8227,56
2020-09-04,Napa,55,140530,1550,1475,3,1478,11
2020-09-04,Nevada,57,99092,482,455,13,468,6
2020-09-04,Orange,59,3164182,51307,48488,1284,49772,1031
2020-09-04,Placer,61,380077,3291,3101,12,3113,35
2020-09-04,Plumas,63,18699,44,42,0,42,0
2020-09-04,Riverside,65,2383286,54815,53606,53,53659,1066
2020-09-04,Sacramento,67,1510023,19700,18765,15,18780,337
2020-09-04,San Benito,69,59416,1215,1137,0,1137,4
2020-09-04,San Bernardino,71,2135413,50403,48497,48,48545,800
2020-09-04,San Diego,73,3302833,41925,39901,0,39901,701
2020-09-04,San Francisco,75,870044,10151,9694,18,9712,85
2020-09-04,San Joaquin,77,732212,19113,18438,39,18477,376
2020-09-04,San Luis Obispo,79,281455,3222,3049,14,3063,21
2020-09-04,San Mateo,81,765935,9080,8275,6,8281,122
2020-09-04,Santa Barbara,83,443738,8955,8340,59,8399,96
2020-09-04,Santa Clara,85,1922200,19397,18074,23,18097,209
2020-09-04,Santa Cruz,87,273765,2023,1896,17,1913,7
2020-09-04,Shasta,89,179085,652,536,3,539,10
2020-09-04,Sierra,91,2930,6,6,0,6,0
2020-09-04,Siskiyou,93,43540,144,129,9,138,0
2020-09-04,Solano,95,438530,5731,5552,41,5593,37
2020-09-04,Sonoma,97,501317,6461,6050,19,6069,85
2020-09-04,Stanislaus,99,539301,15678,15074,412,15486,233
2020-09-04,Sutter,101,95872,1491,1425,1,1426,11
2020-09-04,Tehama,103,63373,460,442,1,443,1
2020-09-04,Trinity,105,12862,24,13,4,17,0
2020-09-04,Tulare,107,460477,15025,14501,57,14558,247
2020-09-04,Tuolumne,109,53932,217,193,2,195,1
2020-09-04,Ventura,111,848112,11783,11171,105,11276,114
2020-09-04,Yolo,113,214977,2631,2495,5,2500,53
2020-09-04,Yuba,115,75493,954,884,3,887,1
2020-09-03,Alameda,1,1643700,19610,18687,144,18831,275
2020-09-03,Alpine,3,1148,3,2,0,2,0
2020-09-03,Amador,5,37829,276,274,0,274,16
2020-09-03,Butte,7,227075,2587,2274,16,2290,27
2020-09-03,Calaveras,9,45235,284,238,0,238,1
2020-09-03,Colusa,11,21464,484,464,0,464,6
2020-09-03,Contra Costa,13,1133247,15176,14206,62,14268,159
2020-09-03,Del Norte,15,27424,118,109,0,109,2
2020-09-03,El Dorado,17,186661,1039,983,0,983,2
2020-09-03,Fresno,19,978130,28437,25978,301,26279,313
2020-09-03,Glenn,21,27897,504,460,0,460,3
2020-09-03,Humboldt,23,135768,436,390,1,391,4
2020-09-03,Imperial,25,180216,11410,10083,7,10090,255
2020-09-03,Inyo,27,18085,182,171,0,171,3
2020-09-03,Kern,29,883053,30321,29426,244,29670,340
2020-09-03,Kings,31,150075,6792,6200,33,6233,64
2020-09-03,Lake,33,64148,386,347,0,347,2
2020-09-03,Lassen,35,31185,729,707,2,709,0
2020-09-03,Los Angeles,37,10098052,249288,245026,1474,246500,5931
2020-09-03,Madera,39,155013,4047,3780,26,3806,43
2020-09-03,Marin,41,260295,6345,6175,15,6190,66
2020-09-03,Mariposa,43,17540,74,71,0,71,2
2020-09-03,Mendocino,45,87422,700,638,0,638,16
2020-09-03,Merced,47,269075,8368,8136,10,8146,105
2020-09-03,Modoc,49,8938,23,14,0,14,0
2020-09-03,Mono,51,14174,163,144,1,145,1
2020-09-03,Monterey,53,433212,8655,8128,19,8147,56
2020-09-03,Napa,55,140530,1543,1466,3,1469,10
2020-09-03,Nevada,57,99092,479,453,13,466,6
2020-09-03,Orange,59,3164182,51121,48226,1268,49494,1009
2020-09-03,Placer,61,380077,3273,3069,12,3081,34
2020-09-03,Plumas,63,18699,44,39,0,39,0
2020-09-03,Riverside,65,2383286,54635,53341,49,53390,1052
2020-09-03,Sacramento,67,1510023,19572,18553,14,18567,328
2020-09-03,San Benito,69,59416,1204,1121,0,1121,4
2020-09-03,San Bernardino,71,2135413,50238,48165,48,48213,800
2020-09-03,San Diego,73,3302833,41610,39448,0,39448,700
2020-09-03,San Francisco,75,870044,10085,9636,16,9652,84
2020-09-03,San Joaquin,77,732212,19036,18331,39,18370,371
2020-09-03,San Luis Obispo,79,281455,3205,3023,14,3037,21
2020-09-03,San Mateo,81,765935,9006,8211,6,8217,122
2020-09-03,Santa Barbara,83,443738,8908,8277,59,8336,96
2020-09-03,Santa Clara,85,1922200,19217,17879,23,17902,208
2020-09-03,Santa Cruz,87,273765,2008,1870,17,1887,7
2020-09-03,Shasta,89,179085,647,535,3,538,10
2020-09-03,Sierra,91,2930,6,6,0,6,0
2020-09-03,Siskiyou,93,43540,144,128,9,137,0
2020-09-03,Solano,95,438530,5711,5499,40,5539,36
2020-09-03,Sonoma,97,501317,6399,5997,19,6016,62
2020-09-03,Stanislaus,99,539301,15626,14985,408,15393,217
2020-09-03,Sutter,101,95872,1481,1412,1,1413,11
2020-09-03,Tehama,103,63373,456,436,1,437,1
2020-09-03,Trinity,105,12862,23,13,4,17,0
2020-09-03,Tulare,107,460477,14959,14408,56,14464,244
2020-09-03,Tuolumne,109,53932,217,193,2,195,1
2020-09-03,Ventura,111,848112,11666,11109,102,11211,112
2020-09-03,Yolo,113,214977,2615,2475,5,2480,53
2020-09-03,Yuba,115,75493,947,867,3,870,1
2020-09-02,Alameda,1,1643700,19492,18522,141,18663,260
2020-09-02,Alpine,3,1148,3,2,0,2,0
2020-09-02,Amador,5,37829,276,245,0,245,14
2020-09-02,Butte,7,227075,2541,2241,16,2257,27
2020-09-02,Calaveras,9,45235,283,235,0,235,1
2020-09-02,Colusa,11,21464,480,460,0,460,6
2020-09-02,Contra Costa,13,1133247,15088,14097,59,14156,159
2020-09-02,Del Norte,15,27424,117,109,0,109,2
2020-09-02,El Dorado,17,186661,1035,975,0,975,2
2020-09-02,Fresno,19,978130,28290,25785,298,26083,292
2020-09-02,Glenn,21,27897,499,457,0,457,3
2020-09-02,Humboldt,23,135768,433,381,1,382,4
2020-09-02,Imperial,25,180216,11394,9832,7,9839,255
2020-09-02,Inyo,27,18085,182,171,0,171,3
2020-09-02,Kern,29,883053,30229,29288,238,29526,335
2020-09-02,Kings,31,150075,6707,6142,33,6175,64
2020-09-02,Lake,33,64148,382,342,0,342,2
2020-09-02,Lassen,35,31185,727,706,2,708,0
2020-09-02,Los Angeles,37,10098052,248346,243999,1447,245446,5887
2020-09-02,Madera,39,155013,4027,3735,26,3761,41
2020-09-02,Marin,41,260295,6330,6131,15,6146,66
2020-09-02,Mariposa,43,17540,74,71,0,71,2
2020-09-02,Mendocino,45,87422,690,636,0,636,15
2020-09-02,Merced,47,269075,8337,8097,9,8106,103
2020-09-02,Modoc,49,8938,22,11,0,11,0
2020-09-02,Mono,51,14174,163,145,1,146,1
2020-09-02,Monterey,53,433212,8591,8070,19,8089,56
2020-09-02,Napa,55,140530,1531,1454,3,1457,10
2020-09-02,Nevada,57,99092,473,452,12,464,6
2020-09-02,Orange,59,3164182,50939,47871,1259,49130,994
2020-09-02,Placer,61,380077,3248,3047,11,3058,33
2020-09-02,Plumas,63,18699,44,39,0,39,0
2020-09-02,Riverside,65,2383286,54433,52923,46,52969,1032
2020-09-02,Sacramento,67,1510023,19338,18355,14,18369,316
2020-09-02,San Benito,69,59416,1191,1107,0,1107,4
2020-09-02,San Bernardino,71,2135413,50075,47766,47,47813,794
2020-09-02,San Diego,73,3302833,41290,39123,0,39123,695
2020-09-02,San Francisco,75,870044,10016,9587,16,9603,84
2020-09-02,San Joaquin,77,732212,18955,18194,38,18232,352
2020-09-02,San Luis Obispo,79,281455,3179,3002,13,3015,21
2020-09-02,San Mateo,81,765935,8949,8148,6,8154,122
2020-09-02,Santa Barbara,83,443738,8853,8206,58,8264,94
2020-09-02,Santa Clara,85,1922200,19064,17673,23,17696,206
2020-09-02,Santa Cruz,87,273765,1985,1850,17,1867,7
2020-09-02,Shasta,89,179085,646,531,3,534,10
2020-09-02,Sierra,91,2930,6,6,0,6,0
2020-09-02,Siskiyou,93,43540,143,127,9,136,0
2020-09-02,Solano,95,438530,5683,5463,40,5503,36
2020-09-02,Sonoma,97,501317,6337,5846,19,5865,62
2020-09-02,Stanislaus,99,539301,15556,14854,401,15255,220
2020-09-02,Sutter,101,95872,1466,1401,1,1402,10
2020-09-02,Tehama,103,63373,453,429,1,430,1
2020-09-02,Trinity,105,12862,23,13,4,17,0
2020-09-02,Tulare,107,460477,14893,14298,55,14353,244
2020-09-02,Tuolumne,109,53932,217,190,2,192,1
2020-09-02,Ventura,111,848112,11579,11031,101,11132,111
2020-09-02,Yolo,113,214977,2594,2449,5,2454,54
2020-09-02,Yuba,115,75493,940,856,3,859,1
2020-09-01,Alameda,1,1643700,19353,18382,138,18520,248
2020-09-01,Alpine,3,1148,3,2,0,2,0
2020-09-01,Amador,5,37829,275,244,0,244,13
2020-09-01,Butte,7,227075,2485,2146,15,2161,26
2020-09-01,Calaveras,9,45235,275,228,0,228,1
2020-09-01,Colusa,11,21464,476,454,0,454,6
2020-09-01,Contra Costa,13,1133247,14994,13998,57,14055,158
2020-09-01,Del Norte,15,27424,116,108,0,108,2
2020-09-01,El Dorado,17,186661,1027,972,0,972,2
2020-09-01,Fresno,19,978130,28146,25542,294,25836,290
2020-09-01,Glenn,21,27897,492,449,0,449,3
2020-09-01,Humboldt,23,135768,427,378,1,379,4
2020-09-01,Imperial,25,180216,11368,9782,7,9789,250
2020-09-01,Inyo,27,18085,182,171,0,171,3
2020-09-01,Kern,29,883053,30139,29162,233,29395,332
2020-09-01,Kings,31,150075,6676,6088,33,6121,62
2020-09-01,Lake,33,64148,379,341,0,341,2
2020-09-01,Lassen,35,31185,724,706,2,708,0
2020-09-01,Los Angeles,37,10098052,247243,242633,1420,244053,5832
2020-09-01,Madera,39,155013,3998,3703,25,3728,41
2020-09-01,Marin,41,260295,6315,6102,15,6117,67
2020-09-01,Mariposa,43,17540,73,72,0,72,2
2020-09-01,Mendocino,45,87422,675,626,0,626,15
2020-09-01,Merced,47,269075,8284,8046,8,8054,103
2020-09-01,Modoc,49,8938,20,10,0,10,0
2020-09-01,Mono,51,14174,163,145,1,146,1
2020-09-01,Monterey,53,433212,8483,7926,19,7945,56
2020-09-01,Napa,55,140530,1516,1446,3,1449,10
2020-09-01,Nevada,57,99092,467,450,12,462,6
2020-09-01,Orange,59,3164182,50774,47671,1240,48911,976
2020-09-01,Placer,61,380077,3226,3013,11,3024,33
2020-09-01,Plumas,63,18699,44,39,0,39,0
2020-09-01,Riverside,65,2383286,54214,52785,45,52830,1027
2020-09-01,Sacramento,67,1510023,19154,18217,13,18230,305
2020-09-01,San Benito,69,59416,1179,1089,0,1089,4
2020-09-01,San Bernardino,71,2135413,49868,47371,47,47418,786
2020-09-01,San Diego,73,3302833,40932,38873,0,38873,688
2020-09-01,San Francisco,75,870044,9947,9492,16,9508,83
2020-09-01,San Joaquin,77,732212,18873,17915,37,17952,341
2020-09-01,San Luis Obispo,79,281455,3153,2970,13,2983,21
2020-09-01,San Mateo,81,765935,8870,8132,6,8138,122
2020-09-01,Santa Barbara,83,443738,8803,8142,57,8199,93
2020-09-01,Santa Clara,85,1922200,18886,17319,23,17342,204
2020-09-01,Santa Cruz,87,273765,1961,1752,17,1769,7
2020-09-01,Shasta,89,179085,638,527,3,530,9
2020-09-01,Sierra,91,2930,6,6,0,6,0
2020-09-01,Siskiyou,93,43540,140,128,8,136,0
2020-09-01,Solano,95,438530,5657,5438,40,5478,34
2020-09-01,Sonoma,97,501317,6247,5733,19,5752,60
2020-09-01,Stanislaus,99,539301,15482,14784,391,15175,212
2020-09-01,Sutter,101,95872,1455,1389,1,1390,10
2020-09-01,Tehama,103,63373,449,422,1,423,1
2020-09-01,Trinity,105,12862,23,13,4,17,0
2020-09-01,Tulare,107,460477,14811,14156,55,14211,241
2020-09-01,Tuolumne,109,53932,211,183,2,185,1
2020-09-01,Ventura,111,848112,11505,10899,95,10994,108
2020-09-01,Yolo,113,214977,2577,2440,5,2445,51
2020-09-01,Yuba,115,75493,931,841,3,844,1
2020-08-31,Alameda,1,1643700,19209,18148,138,18286,248
2020-08-31,Alpine,3,1148,3,2,0,2,0
2020-08-31,Amador,5,37829,275,243,0,243,13
2020-08-31,Butte,7,227075,2422,2069,15,2084,26
2020-08-31,Calaveras,9,45235,270,212,0,212,1
2020-08-31,Colusa,11,21464,475,443,0,443,6
2020-08-31,Contra Costa,13,1133247,14867,13902,54,13956,153
2020-08-31,Del Norte,15,27424,116,108,0,108,2
2020-08-31,El Dorado,17,186661,1020,965,0,965,2
2020-08-31,Fresno,19,978130,27927,25185,288,25473,290
2020-08-31,Glenn,21,27897,480,437,0,437,3
2020-08-31,Humboldt,23,135768,425,374,1,375,4
2020-08-31,Imperial,25,180216,11337,9759,7,9766,250
2020-08-31,Inyo,27,18085,181,160,0,160,3
2020-08-31,Kern,29,883053,30041,29067,232,29299,318
2020-08-31,Kings,31,150075,6408,6037,33,6070,62
2020-08-31,Lake,33,64148,363,341,0,341,2
2020-08-31,Lassen,35,31185,721,706,2,708,0
2020-08-31,Los Angeles,37,10098052,246128,241793,1392,243185,5787
2020-08-31,Madera,39,155013,3975,3662,24,3686,35
2020-08-31,Marin,41,260295,6278,6074,15,6089,67
2020-08-31,Mariposa,43,17540,73,69,0,69,2
2020-08-31,Mendocino,45,87422,663,618,0,618,15
2020-08-31,Merced,47,269075,8222,7991,8,7999,79
2020-08-31,Modoc,49,8938,18,10,0,10,0
2020-08-31,Mono,51,14174,163,145,1,146,1
2020-08-31,Monterey,53,433212,8376,7839,19,7858,56
2020-08-31,Napa,55,140530,1508,1434,3,1437,10
2020-08-31,Nevada,57,99092,465,447,12,459,6
2020-08-31,Orange,59,3164182,50576,47392,1211,48603,965
2020-08-31,Placer,61,380077,3175,2989,11,3000,33
2020-08-31,Plumas,63,18699,43,39,0,39,0
2020-08-31,Riverside,65,2383286,53994,52508,43,52551,1020
2020-08-31,Sacramento,67,1510023,18919,17999,13,18012,303
2020-08-31,San Benito,69,59416,1163,1080,0,1080,4
2020-08-31,San Bernardino,71,2135413,49659,47370,46,47416,755
2020-08-31,San Diego,73,3302833,40565,38606,0,38606,682
2020-08-31,San Francisco,75,870044,9868,9293,13,9306,83
2020-08-31,San Joaquin,77,732212,18786,17807,36,17843,338
2020-08-31,San Luis Obispo,79,281455,3130,2951,12,2963,21
2020-08-31,San Mateo,81,765935,8800,8065,6,8071,122
2020-08-31,Santa Barbara,83,443738,8756,8124,57,8181,94
2020-08-31,Santa Clara,85,1922200,18697,17211,23,17234,202
2020-08-31,Santa Cruz,87,273765,1936,1742,17,1759,7
2020-08-31,Shasta,89,179085,633,528,3,531,9
2020-08-31,Sierra,91,2930,6,6,0,6,0
2020-08-31,Siskiyou,93,43540,139,127,8,135,0
2020-08-31,Solano,95,438530,5625,5302,39,5341,34
2020-08-31,Sonoma,97,501317,6172,5650,19,5669,60
2020-08-31,Stanislaus,99,539301,15409,14685,381,15066,213
2020-08-31,Sutter,101,95872,1440,1365,1,1366,10
2020-08-31,Tehama,103,63373,446,421,1,422,1
2020-08-31,Trinity,105,12862,23,13,4,17,0
2020-08-31,Tulare,107,460477,14724,13985,54,14039,237
2020-08-31,Tuolumne,109,53932,211,178,2,180,1
2020-08-31,Ventura,111,848112,11422,10866,94,10960,108
2020-08-31,Yolo,113,214977,2559,2423,5,2428,51
2020-08-31,Yuba,115,75493,917,830,3,833,1
2020-08-30,Alameda,1,1643700,19085,18099,135,18234,248
2020-08-30,Alpine,3,1148,3,2,0,2,0
2020-08-30,Amador,5,37829,274,240,0,240,13
2020-08-30,Butte,7,227075,2342,1988,15,2003,26
2020-08-30,Calaveras,9,45235,261,211,0,211,1
2020-08-30,Colusa,11,21464,474,440,0,440,6
2020-08-30,Contra Costa,13,1133247,14728,13780,54,13834,150
2020-08-30,Del Norte,15,27424,115,108,0,108,2
2020-08-30,El Dorado,17,186661,1010,962,0,962,2
2020-08-30,Fresno,19,978130,27803,24963,287,25250,291
2020-08-30,Glenn,21,27897,473,437,0,437,3
2020-08-30,Humboldt,23,135768,414,362,1,363,4
2020-08-30,Imperial,25,180216,11318,9703,7,9710,250
2020-08-30,Inyo,27,18085,181,160,0,160,3
2020-08-30,Kern,29,883053,29948,28987,232,29219,317
2020-08-30,Kings,31,150075,6362,6000,33,6033,62
2020-08-30,Lake,33,64148,358,334,0,334,2
2020-08-30,Lassen,35,31185,719,706,2,708,0
2020-08-30,Los Angeles,37,10098052,244976,240775,1358,242133,5772
2020-08-30,Madera,39,155013,3946,3626,24,3650,33
2020-08-30,Marin,41,260295,6248,6060,15,6075,66
2020-08-30,Mariposa,43,17540,73,69,0,69,2
2020-08-30,Mendocino,45,87422,657,611,0,611,13
2020-08-30,Merced,47,269075,8147,7960,8,7968,79
2020-08-30,Modoc,49,8938,13,10,0,10,0
2020-08-30,Mono,51,14174,163,145,1,146,1
2020-08-30,Monterey,53,433212,8293,7816,19,7835,54
2020-08-30,Napa,55,140530,1496,1423,3,1426,10
2020-08-30,Nevada,57,99092,462,445,12,457,6
2020-08-30,Orange,59,3164182,50382,47283,1195,48478,965
2020-08-30,Placer,61,380077,3142,2961,11,2972,32
2020-08-30,Plumas,63,18699,42,39,0,39,0
2020-08-30,Riverside,65,2383286,53815,52227,41,52268,1017
2020-08-30,Sacramento,67,1510023,18739,17751,13,17764,300
2020-08-30,San Benito,69,59416,1153,1071,0,1071,4
2020-08-30,San Bernardino,71,2135413,49403,47201,46,47247,755
2020-08-30,San Diego,73,3302833,40167,38302,0,38302,682
2020-08-30,San Francisco,75,870044,9770,9294,10,9304,83
2020-08-30,San Joaquin,77,732212,18669,17637,35,17672,338
2020-08-30,San Luis Obispo,79,281455,3105,2934,12,2946,21
2020-08-30,San Mateo,81,765935,8723,8013,5,8018,122
2020-08-30,Santa Barbara,83,443738,8696,8088,57,8145,93
2020-08-30,Santa Clara,85,1922200,18521,17045,23,17068,202
2020-08-30,Santa Cruz,87,273765,1910,1743,17,1760,7
2020-08-30,Shasta,89,179085,630,525,3,528,9
2020-08-30,Sierra,91,2930,6,6,0,6,0
2020-08-30,Siskiyou,93,43540,137,125,8,133,0
2020-08-30,Solano,95,438530,5581,5303,39,5342,34
2020-08-30,Sonoma,97,501317,6114,5590,19,5609,60
2020-08-30,Stanislaus,99,539301,15338,14580,372,14952,209
2020-08-30,Sutter,101,95872,1418,1351,1,1352,10
2020-08-30,Tehama,103,63373,437,419,1,420,1
2020-08-30,Trinity,105,12862,23,13,4,17,0
2020-08-30,Tulare,107,460477,14629,13985,53,14038,236
2020-08-30,Tuolumne,109,53932,207,178,2,180,1
2020-08-30,Ventura,111,848112,11310,10775,89,10864,108
2020-08-30,Yolo,113,214977,2531,2391,4,2395,51
2020-08-30,Yuba,115,75493,903,832,3,835,1
2020-08-29,Alameda,1,1643700,19019,17888,135,18023,250
2020-08-29,Alpine,3,1148,3,2,0,2,0
2020-08-29,Amador,5,37829,274,239,0,239,13
2020-08-29,Butte,7,227075,2311,1948,15,1963,26
2020-08-29,Calaveras,9,45235,257,211,0,211,1
2020-08-29,Colusa,11,21464,471,440,0,440,6
2020-08-29,Contra Costa,13,1133247,14655,13663,53,13716,159
2020-08-29,Del Norte,15,27424,115,108,0,108,1
2020-08-29,El Dorado,17,186661,1007,958,0,958,2
2020-08-29,Fresno,19,978130,27748,24821,287,25108,291
2020-08-29,Glenn,21,27897,467,437,0,437,3
2020-08-29,Humboldt,23,135768,411,363,1,364,4
2020-08-29,Imperial,25,180216,11303,9698,7,9705,250
2020-08-29,Inyo,27,18085,181,160,0,160,3
2020-08-29,Kern,29,883053,29907,28947,231,29178,317
2020-08-29,Kings,31,150075,6347,5906,33,5939,62
2020-08-29,Lake,33,64148,357,329,0,329,2
2020-08-29,Lassen,35,31185,719,706,2,708,0
2020-08-29,Los Angeles,37,10098052,244321,239815,1345,241160,5762
2020-08-29,Madera,39,155013,3937,3605,23,3628,33
2020-08-29,Marin,41,260295,6236,6007,15,6022,64
2020-08-29,Mariposa,43,17540,73,69,0,69,2
2020-08-29,Mendocino,45,87422,652,596,0,596,13
2020-08-29,Merced,47,269075,8117,7867,8,7875,79
2020-08-29,Modoc,49,8938,13,9,0,9,0
2020-08-29,Mono,51,14174,163,145,1,146,1
2020-08-29,Monterey,53,433212,8248,7680,19,7699,53
2020-08-29,Napa,55,140530,1493,1413,3,1416,10
2020-08-29,Nevada,57,99092,462,442,12,454,5
2020-08-29,Orange,59,3164182,50277,47007,1184,48191,960
2020-08-29,Placer,61,380077,3126,2935,11,2946,32
2020-08-29,Plumas,63,18699,41,39,0,39,0
2020-08-29,Riverside,65,2383286,53704,51918,39,51957,1016
2020-08-29,Sacramento,67,1510023,18668,17588,13,17601,291
2020-08-29,San Benito,69,59416,1144,1045,0,1045,4
2020-08-29,San Bernardino,71,2135413,49289,46849,46,46895,755
2020-08-29,San Diego,73,3302833,39901,38049,0,38049,694
2020-08-29,San Francisco,75,870044,9742,9291,9,9300,83
2020-08-29,San Joaquin,77,732212,18625,17493,35,17528,335
2020-08-29,San Luis Obispo,79,281455,3081,2917,12,2929,21
2020-08-29,San Mateo,81,765935,8681,7928,5,7933,122
2020-08-29,Santa Barbara,83,443738,8670,8052,56,8108,93
2020-08-29,Santa Clara,85,1922200,18424,16898,22,16920,202
2020-08-29,Santa Cruz,87,273765,1898,1746,17,1763,7
2020-08-29,Shasta,89,179085,622,522,3,525,9
2020-08-29,Sierra,91,2930,6,6,0,6,0
2020-08-29,Siskiyou,93,43540,137,121,8,129,0
2020-08-29,Solano,95,438530,5560,5303,39,5342,34
2020-08-29,Sonoma,97,501317,6080,5537,19,5556,60
2020-08-29,Stanislaus,99,539301,15289,14479,362,14841,208
2020-08-29,Sutter,101,95872,1413,1333,1,1334,9
2020-08-29,Tehama,103,63373,436,417,1,418,1
2020-08-29,Trinity,105,12862,23,11,4,15,0
2020-08-29,Tulare,107,460477,14591,13890,52,13942,236
2020-08-29,Tuolumne,109,53932,207,178,2,180,1
2020-08-29,Ventura,111,848112,11270,10705,89,10794,108
2020-08-29,Yolo,113,214977,2513,2357,4,2361,51
2020-08-29,Yuba,115,75493,894,822,3,825,1
2020-08-28,Alameda,1,1643700,18935,17729,134,17863,237
2020-08-28,Alpine,3,1148,3,2,0,2,0
2020-08-28,Amador,5,37829,274,234,0,234,13
2020-08-28,Butte,7,227075,2281,1886,15,1901,25
2020-08-28,Calaveras,9,45235,255,207,0,207,1
2020-08-28,Colusa,11,21464,470,441,0,441,6
2020-08-28,Contra Costa,13,1133247,14584,13522,52,13574,158
2020-08-28,Del Norte,15,27424,115,107,0,107,1
2020-08-28,El Dorado,17,186661,1001,949,0,949,2
2020-08-28,Fresno,19,978130,27614,24612,287,24899,282
2020-08-28,Glenn,21,27897,460,429,0,429,3
2020-08-28,Humboldt,23,135768,407,362,1,363,4
2020-08-28,Imperial,25,180216,11289,9656,7,9663,241
2020-08-28,Inyo,27,18085,180,160,0,160,2
2020-08-28,Kern,29,883053,29860,28744,231,28975,306
2020-08-28,Kings,31,150075,6340,5829,32,5861,62
2020-08-28,Lake,33,64148,352,320,0,320,2
2020-08-28,Lassen,35,31185,719,704,2,706,0
2020-08-28,Los Angeles,37,10098052,243512,238544,1320,239864,5740
2020-08-28,Madera,39,155013,3918,3552,23,3575,33
2020-08-28,Marin,41,260295,6214,5991,15,6006,63
2020-08-28,Mariposa,43,17540,73,67,0,67,2
2020-08-28,Mendocino,45,87422,647,588,0,588,11
2020-08-28,Merced,47,269075,8087,7803,8,7811,77
2020-08-28,Modoc,49,8938,13,6,0,6,0
2020-08-28,Mono,51,14174,163,145,1,146,1
2020-08-28,Monterey,53,433212,8191,7591,19,7610,53
2020-08-28,Napa,55,140530,1485,1403,3,1406,10
2020-08-28,Nevada,57,99092,461,438,12,450,5
2020-08-28,Orange,59,3164182,50177,46696,1169,47865,942
2020-08-28,Placer,61,380077,3115,2891,11,2902,32
2020-08-28,Plumas,63,18699,41,39,0,39,0
2020-08-28,Riverside,65,2383286,53573,51510,36,51546,1008
2020-08-28,Sacramento,67,1510023,18570,17119,13,17132,283
2020-08-28,San Benito,69,59416,1128,1016,0,1016,3
2020-08-28,San Bernardino,71,2135413,49173,46553,46,46599,754
2020-08-28,San Diego,73,3302833,39671,37786,0,37786,676
2020-08-28,San Francisco,75,870044,9688,9135,9,9144,83
2020-08-28,San Joaquin,77,732212,18572,17114,34,17148,314
2020-08-28,San Luis Obispo,79,281455,3064,2849,12,2861,20
2020-08-28,San Mateo,81,765935,8634,7783,5,7788,121
2020-08-28,Santa Barbara,83,443738,8636,8001,56,8057,92
2020-08-28,Santa Clara,85,1922200,18293,16696,22,16718,201
2020-08-28,Santa Cruz,87,273765,1886,1747,17,1764,7
2020-08-28,Shasta,89,179085,618,516,3,519,9
2020-08-28,Sierra,91,2930,6,6,0,6,0
2020-08-28,Siskiyou,93,43540,135,119,8,127,0
2020-08-28,Solano,95,438530,5541,5219,39,5258,34
2020-08-28,Sonoma,97,501317,6045,5425,18,5443,58
2020-08-28,Stanislaus,99,539301,15247,14176,358,14534,190
2020-08-28,Sutter,101,95872,1403,1308,1,1309,9
2020-08-28,Tehama,103,63373,431,410,1,411,1
2020-08-28,Trinity,105,12862,23,11,4,15,0
2020-08-28,Tulare,107,460477,14545,13776,52,13828,236
2020-08-28,Tuolumne,109,53932,207,176,2,178,1
2020-08-28,Ventura,111,848112,11234,10606,87,10693,103
2020-08-28,Yolo,113,214977,2504,2323,4,2327,51
2020-08-28,Yuba,115,75493,885,810,3,813,1
2020-08-27,Alameda,1,1643700,18791,17584,131,17715,234
2020-08-27,Alpine,3,1148,3,2,0,2,0
2020-08-27,Amador,5,37829,273,233,0,233,13
2020-08-27,Butte,7,227075,2215,1803,14,1817,25
2020-08-27,Calaveras,9,45235,249,204,0,204,1
2020-08-27,Colusa,11,21464,468,438,0,438,6
2020-08-27,Contra Costa,13,1133247,14484,13379,51,13430,158
2020-08-27,Del Norte,15,27424,115,107,0,107,1
2020-08-27,El Dorado,17,186661,997,942,0,942,2
2020-08-27,Fresno,19,978130,27433,24367,283,24650,272
2020-08-27,Glenn,21,27897,452,429,0,429,3
2020-08-27,Humboldt,23,135768,399,358,1,359,4
2020-08-27,Imperial,25,180216,11262,9608,7,9615,235
2020-08-27,Inyo,27,18085,180,157,0,157,2
2020-08-27,Kern,29,883053,29788,28635,222,28857,294
2020-08-27,Kings,31,150075,6318,5759,32,5791,62
2020-08-27,Lake,33,64148,350,314,0,314,2
2020-08-27,Lassen,35,31185,719,703,2,705,0
2020-08-27,Los Angeles,37,10098052,242501,237103,1302,238405,5704
2020-08-27,Madera,39,155013,3892,3465,23,3488,33
2020-08-27,Marin,41,260295,6190,5929,15,5944,62
2020-08-27,Mariposa,43,17540,73,67,0,67,2
2020-08-27,Mendocino,45,87422,638,581,0,581,10
2020-08-27,Merced,47,269075,8043,7765,8,7773,75
2020-08-27,Modoc,49,8938,11,5,0,5,0
2020-08-27,Mono,51,14174,163,145,1,146,1
2020-08-27,Monterey,53,433212,8097,7501,19,7520,52
2020-08-27,Napa,55,140530,1479,1397,3,1400,10
2020-08-27,Nevada,57,99092,458,435,12,447,5
2020-08-27,Orange,59,3164182,50020,46449,1158,47607,935
2020-08-27,Placer,61,380077,3084,2869,11,2880,32
2020-08-27,Plumas,63,18699,40,39,0,39,0
2020-08-27,Riverside,65,2383286,53366,51306,33,51339,999
2020-08-27,Sacramento,67,1510023,18371,16875,13,16888,281
2020-08-27,San Benito,69,59416,1112,987,0,987,3
2020-08-27,San Bernardino,71,2135413,48947,46345,46,46391,751
2020-08-27,San Diego,73,3302833,39400,37501,0,37501,673
2020-08-27,San Francisco,75,870044,9622,9014,9,9023,83
2020-08-27,San Joaquin,77,732212,18492,16989,34,17023,314
2020-08-27,San Luis Obispo,79,281455,3039,2808,12,2820,20
2020-08-27,San Mateo,81,765935,8526,7728,5,7733,121
2020-08-27,Santa Barbara,83,443738,8598,7934,56,7990,92
2020-08-27,Santa Clara,85,1922200,18110,16495,22,16517,199
2020-08-27,Santa Cruz,87,273765,1869,1734,17,1751,7
2020-08-27,Shasta,89,179085,612,512,3,515,9
2020-08-27,Sierra,91,2930,6,6,0,6,0
2020-08-27,Siskiyou,93,43540,135,118,8,126,0
2020-08-27,Solano,95,438530,5503,5167,39,5206,34
2020-08-27,Sonoma,97,501317,5933,5357,18,5375,58
2020-08-27,Stanislaus,99,539301,15167,14080,354,14434,186
2020-08-27,Sutter,101,95872,1383,1296,1,1297,9
2020-08-27,Tehama,103,63373,426,398,1,399,1
2020-08-27,Trinity,105,12862,23,11,4,15,0
2020-08-27,Tulare,107,460477,14453,13666,51,13717,231
2020-08-27,Tuolumne,109,53932,202,174,2,176,1
2020-08-27,Ventura,111,848112,11171,10483,83,10566,102
2020-08-27,Yolo,113,214977,2480,2293,4,2297,51
2020-08-27,Yuba,115,75493,874,807,3,810,1
2020-08-26,Alameda,1,1643700,18630,17373,131,17504,233
2020-08-26,Alpine,3,1148,3,2,0,2,0
2020-08-26,Amador,5,37829,273,229,0,229,13
2020-08-26,Butte,7,227075,2148,1765,12,1777,25
2020-08-26,Calaveras,9,45235,241,201,0,201,1
2020-08-26,Colusa,11,21464,462,433,0,433,5
2020-08-26,Contra Costa,13,1133247,14346,13248,51,13299,157
2020-08-26,Del Norte,15,27424,114,86,0,86,1
2020-08-26,El Dorado,17,186661,995,938,0,938,2
2020-08-26,Fresno,19,978130,27285,24071,281,24352,255
2020-08-26,Glenn,21,27897,450,429,0,429,3
2020-08-26,Humboldt,23,135768,387,357,1,358,4
2020-08-26,Imperial,25,180216,11240,9453,7,9460,227
2020-08-26,Inyo,27,18085,177,157,0,157,2
2020-08-26,Kern,29,883053,29651,28507,218,28725,286
2020-08-26,Kings,31,150075,6298,5720,32,5752,62
2020-08-26,Lake,33,64148,346,308,0,308,2
2020-08-26,Lassen,35,31185,719,702,2,704,0
2020-08-26,Los Angeles,37,10098052,241466,235499,1269,236768,5665
2020-08-26,Madera,39,155013,3863,3458,23,3481,32
2020-08-26,Marin,41,260295,6173,5887,15,5902,56
2020-08-26,Mariposa,43,17540,73,68,0,68,2
2020-08-26,Mendocino,45,87422,627,581,0,581,10
2020-08-26,Merced,47,269075,8010,7720,8,7728,74
2020-08-26,Modoc,49,8938,8,5,0,5,0
2020-08-26,Mono,51,14174,163,141,1,142,1
2020-08-26,Monterey,53,433212,8004,7439,19,7458,51
2020-08-26,Napa,55,140530,1466,1382,3,1385,10
2020-08-26,Nevada,57,99092,455,432,12,444,2
2020-08-26,Orange,59,3164182,49836,46157,1143,47300,905
2020-08-26,Placer,61,380077,3062,2846,9,2855,32
2020-08-26,Plumas,63,18699,39,39,0,39,0
2020-08-26,Riverside,65,2383286,53124,51138,33,51171,987
2020-08-26,Sacramento,67,1510023,18208,16708,13,16721,271
2020-08-26,San Benito,69,59416,1097,978,0,978,3
2020-08-26,San Bernardino,71,2135413,48738,45840,46,45886,743
2020-08-26,San Diego,73,3302833,39062,37224,0,37224,668
2020-08-26,San Francisco,75,870044,9547,8938,9,8947,81
2020-08-26,San Joaquin,77,732212,18403,16845,33,16878,309
2020-08-26,San Luis Obispo,79,281455,3011,2761,12,2773,20
2020-08-26,San Mateo,81,765935,8459,7655,5,7660,121
2020-08-26,Santa Barbara,83,443738,8565,7904,56,7960,90
2020-08-26,Santa Clara,85,1922200,17933,16283,22,16305,198
2020-08-26,Santa Cruz,87,273765,1858,1726,17,1743,7
2020-08-26,Shasta,89,179085,607,511,3,514,9
2020-08-26,Sierra,91,2930,6,6,0,6,0
2020-08-26,Siskiyou,93,43540,132,109,8,117,0
2020-08-26,Solano,95,438530,5479,5131,38,5169,34
2020-08-26,Sonoma,97,501317,5859,5283,18,5301,58
2020-08-26,Stanislaus,99,539301,15090,13964,348,14312,186
2020-08-26,Sutter,101,95872,1365,1275,1,1276,9
2020-08-26,Tehama,103,63373,423,396,1,397,1
2020-08-26,Trinity,105,12862,23,10,4,14,0
2020-08-26,Tulare,107,460477,14386,13568,51,13619,232
2020-08-26,Tuolumne,109,53932,201,172,2,174,1
2020-08-26,Ventura,111,848112,11100,10412,76,10488,100
2020-08-26,Yolo,113,214977,2458,2279,4,2283,49
2020-08-26,Yuba,115,75493,859,779,3,782,1
2020-08-25,Alameda,1,1643700,18472,17278,131,17409,232
2020-08-25,Alpine,3,1148,3,2,0,2,0
2020-08-25,Amador,5,37829,273,227,0,227,13
2020-08-25,Butte,7,227075,2081,1718,12,1730,24
2020-08-25,Calaveras,9,45235,239,196,0,196,1
2020-08-25,Colusa,11,21464,455,430,0,430,5
2020-08-25,Contra Costa,13,1133247,14208,13181,50,13231,156
2020-08-25,Del Norte,15,27424,113,83,0,83,1
2020-08-25,El Dorado,17,186661,992,928,0,928,2
2020-08-25,Fresno,19,978130,27096,23932,280,24212,250
2020-08-25,Glenn,21,27897,447,429,0,429,3
2020-08-25,Humboldt,23,135768,382,342,1,343,4
2020-08-25,Imperial,25,180216,11212,9381,7,9388,217
2020-08-25,Inyo,27,18085,175,144,0,144,1
2020-08-25,Kern,29,883053,29514,28416,218,28634,285
2020-08-25,Kings,31,150075,6141,5702,32,5734,59
2020-08-25,Lake,33,64148,341,304,0,304,2
2020-08-25,Lassen,35,31185,718,692,2,694,0
2020-08-25,Los Angeles,37,10098052,240144,233961,1222,235183,5612
2020-08-25,Madera,39,155013,3848,3446,22,3468,32
2020-08-25,Marin,41,260295,6135,5860,15,5875,56
2020-08-25,Mariposa,43,17540,73,67,0,67,2
2020-08-25,Mendocino,45,87422,619,571,0,571,10
2020-08-25,Merced,47,269075,7943,7693,7,7700,69
2020-08-25,Modoc,49,8938,8,5,0,5,0
2020-08-25,Mono,51,14174,163,129,1,130,1
2020-08-25,Monterey,53,433212,7924,7333,19,7352,51
2020-08-25,Napa,55,140530,1459,1374,3,1377,10
2020-08-25,Nevada,57,99092,452,430,12,442,2
2020-08-25,Orange,59,3164182,49643,45737,1126,46863,902
2020-08-25,Placer,61,380077,3043,2829,6,2835,31
2020-08-25,Plumas,63,18699,39,39,0,39,0
2020-08-25,Riverside,65,2383286,52895,50889,33,50922,981
2020-08-25,Sacramento,67,1510023,18056,16601,13,16614,265
2020-08-25,San Benito,69,59416,1081,973,0,973,3
2020-08-25,San Bernardino,71,2135413,48503,45544,46,45590,727
2020-08-25,San Diego,73,3302833,38783,36996,0,36996,665
2020-08-25,San Francisco,75,870044,9470,8848,9,8857,81
2020-08-25,San Joaquin,77,732212,18276,16795,33,16828,306
2020-08-25,San Luis Obispo,79,281455,2953,2731,10,2741,20
2020-08-25,San Mateo,81,765935,8399,7636,5,7641,120
2020-08-25,Santa Barbara,83,443738,8513,7854,56,7910,90
2020-08-25,Santa Clara,85,1922200,17761,16199,22,16221,194
2020-08-25,Santa Cruz,87,273765,1839,1708,17,1725,7
2020-08-25,Shasta,89,179085,603,511,3,514,9
2020-08-25,Sierra,91,2930,6,6,0,6,0
2020-08-25,Siskiyou,93,43540,131,109,8,117,0
2020-08-25,Solano,95,438530,5418,5114,38,5152,34
2020-08-25,Sonoma,97,501317,5774,5148,18,5166,56
2020-08-25,Stanislaus,99,539301,14982,13886,337,14223,182
2020-08-25,Sutter,101,95872,1348,1259,1,1260,9
2020-08-25,Tehama,103,63373,420,394,1,395,1
2020-08-25,Trinity,105,12862,21,10,4,14,0
2020-08-25,Tulare,107,460477,14283,13514,50,13564,224
2020-08-25,Tuolumne,109,53932,199,172,2,174,1
2020-08-25,Ventura,111,848112,11015,10313,71,10384,99
2020-08-25,Yolo,113,214977,2445,2254,4,2258,50
2020-08-25,Yuba,115,75493,849,775,3,778,1
2020-08-24,Alameda,1,1643700,18278,16913,130,17043,231
2020-08-24,Alpine,3,1148,3,2,0,2,0
2020-08-24,Amador,5,37829,271,227,0,227,13
2020-08-24,Butte,7,227075,1997,1649,12,1661,23
2020-08-24,Calaveras,9,45235,229,187,0,187,1
2020-08-24,Colusa,11,21464,451,425,0,425,5
2020-08-24,Contra Costa,13,1133247,14092,12906,48,12954,153
2020-08-24,Del Norte,15,27424,113,80,0,80,1
2020-08-24,El Dorado,17,186661,984,908,0,908,2
2020-08-24,Fresno,19,978130,26911,23618,273,23891,235
2020-08-24,Glenn,21,27897,445,421,0,421,2
2020-08-24,Humboldt,23,135768,378,340,1,341,4
2020-08-24,Imperial,25,180216,11178,9323,7,9330,210
2020-08-24,Inyo,27,18085,171,144,0,144,2
2020-08-24,Kern,29,883053,29417,28157,212,28369,277
2020-08-24,Kings,31,150075,6053,5652,32,5684,60
2020-08-24,Lake,33,64148,327,302,0,302,2
2020-08-24,Lassen,35,31185,718,693,2,695,0
2020-08-24,Los Angeles,37,10098052,238779,233036,1200,234236,5562
2020-08-24,Madera,39,155013,3821,3418,22,3440,32
2020-08-24,Marin,41,260295,6072,5834,15,5849,56
2020-08-24,Mariposa,43,17540,71,66,0,66,2
2020-08-24,Mendocino,45,87422,604,550,0,550,10
2020-08-24,Merced,47,269075,7865,7605,7,7612,69
2020-08-24,Modoc,49,8938,8,5,0,5,0
2020-08-24,Mono,51,14174,163,129,1,130,1
2020-08-24,Monterey,53,433212,7815,7212,18,7230,50
2020-08-24,Napa,55,140530,1446,1358,3,1361,10
2020-08-24,Nevada,57,99092,447,423,12,435,2
2020-08-24,Orange,59,3164182,49452,45536,1115,46651,887
2020-08-24,Placer,61,380077,2997,2793,6,2799,31
2020-08-24,Plumas,63,18699,39,37,0,37,0
2020-08-24,Riverside,65,2383286,52618,50496,33,50529,975
2020-08-24,Sacramento,67,1510023,17858,16318,13,16331,249
2020-08-24,San Benito,69,59416,1060,961,0,961,3
2020-08-24,San Bernardino,71,2135413,48242,45199,45,45244,720
2020-08-24,San Diego,73,3302833,38496,36729,0,36729,660
2020-08-24,San Francisco,75,870044,9387,8621,9,8630,81
2020-08-24,San Joaquin,77,732212,18135,16565,32,16597,305
2020-08-24,San Luis Obispo,79,281455,2925,2705,10,2715,20
2020-08-24,San Mateo,81,765935,8333,7502,5,7507,120
2020-08-24,Santa Barbara,83,443738,8472,7784,56,7840,90
2020-08-24,Santa Clara,85,1922200,17557,16049,22,16071,192
2020-08-24,Santa Cruz,87,273765,1819,1627,16,1643,6
2020-08-24,Shasta,89,179085,601,505,3,508,9
2020-08-24,Sierra,91,2930,6,6,0,6,0
2020-08-24,Siskiyou,93,43540,127,107,8,115,0
2020-08-24,Solano,95,438530,5369,4979,36,5015,32
2020-08-24,Sonoma,97,501317,5672,5071,18,5089,56
2020-08-24,Stanislaus,99,539301,14884,13521,322,13843,171
2020-08-24,Sutter,101,95872,1329,1219,1,1220,9
2020-08-24,Tehama,103,63373,415,388,1,389,1
2020-08-24,Trinity,105,12862,21,10,4,14,0
2020-08-24,Tulare,107,460477,14176,13360,49,13409,223
2020-08-24,Tuolumne,109,53932,198,170,2,172,1
2020-08-24,Ventura,111,848112,10935,10261,68,10329,99
2020-08-24,Yolo,113,214977,2410,2239,4,2243,47
2020-08-24,Yuba,115,75493,832,750,3,753,1
2020-08-23,Alameda,1,1643700,18055,16786,130,16916,231
2020-08-23,Alpine,3,1148,3,2,0,2,0
2020-08-23,Amador,5,37829,268,227,0,227,13
2020-08-23,Butte,7,227075,1883,1637,12,1649,23
2020-08-23,Calaveras,9,45235,219,187,0,187,1
2020-08-23,Colusa,11,21464,444,424,0,424,5
2020-08-23,Contra Costa,13,1133247,13932,12642,48,12690,153
2020-08-23,Del Norte,15,27424,113,80,0,80,1
2020-08-23,El Dorado,17,186661,971,901,0,901,2
2020-08-23,Fresno,19,978130,26709,23414,268,23682,235
2020-08-23,Glenn,21,27897,438,421,0,421,2
2020-08-23,Humboldt,23,135768,376,341,1,342,4
2020-08-23,Imperial,25,180216,11150,9243,7,9250,210
2020-08-23,Inyo,27,18085,168,144,0,144,2
2020-08-23,Kern,29,883053,29269,28028,206,28234,277
2020-08-23,Kings,31,150075,6011,5628,32,5660,60
2020-08-23,Lake,33,64148,323,299,0,299,2
2020-08-23,Lassen,35,31185,717,693,2,695,0
2020-08-23,Los Angeles,37,10098052,237181,231833,1123,232956,5549
2020-08-23,Madera,39,155013,3789,3401,21,3422,32
2020-08-23,Marin,41,260295,6032,5807,14,5821,50
2020-08-23,Mariposa,43,17540,71,66,0,66,2
2020-08-23,Mendocino,45,87422,600,550,0,550,10
2020-08-23,Merced,47,269075,7796,7574,6,7580,69
2020-08-23,Modoc,49,8938,7,5,0,5,0
2020-08-23,Mono,51,14174,163,129,1,130,1
2020-08-23,Monterey,53,433212,7725,7173,18,7191,50
2020-08-23,Napa,55,140530,1434,1348,3,1351,10
2020-08-23,Nevada,57,99092,442,421,12,433,2
2020-08-23,Orange,59,3164182,49216,45267,1102,46369,887
2020-08-23,Placer,61,380077,2958,2772,6,2778,31
2020-08-23,Plumas,63,18699,39,37,0,37,0
2020-08-23,Riverside,65,2383286,52349,50293,31,50324,955
2020-08-23,Sacramento,67,1510023,17634,16084,12,16096,243
2020-08-23,San Benito,69,59416,1047,938,0,938,3
2020-08-23,San Bernardino,71,2135413,47973,45010,45,45055,719
2020-08-23,San Diego,73,3302833,38175,36542,0,36542,660
2020-08-23,San Francisco,75,870044,9292,8564,8,8572,80
2020-08-23,San Joaquin,77,732212,18003,16069,31,16100,305
2020-08-23,San Luis Obispo,79,281455,2883,2679,10,2689,20
2020-08-23,San Mateo,81,765935,8238,7450,5,7455,120
2020-08-23,Santa Barbara,83,443738,8404,7725,56,7781,90
2020-08-23,Santa Clara,85,1922200,17363,15912,20,15932,191
2020-08-23,Santa Cruz,87,273765,1793,1627,16,1643,6
2020-08-23,Shasta,89,179085,596,501,3,504,9
2020-08-23,Sierra,91,2930,6,6,0,6,0
2020-08-23,Siskiyou,93,43540,122,107,8,115,0
2020-08-23,Solano,95,438530,5311,4977,34,5011,32
2020-08-23,Sonoma,97,501317,5584,5018,18,5036,56
2020-08-23,Stanislaus,99,539301,14750,13483,298,13781,171
2020-08-23,Sutter,101,95872,1307,1203,1,1204,9
2020-08-23,Tehama,103,63373,405,381,1,382,1
2020-08-23,Trinity,105,12862,21,10,4,14,0
2020-08-23,Tulare,107,460477,14045,13303,45,13348,223
2020-08-23,Tuolumne,109,53932,194,164,2,166,1
2020-08-23,Ventura,111,848112,10835,10126,63,10189,99
2020-08-23,Yolo,113,214977,2382,2210,4,2214,47
2020-08-23,Yuba,115,75493,811,750,3,753,1
2020-08-22,Alameda,1,1643700,17961,16648,129,16777,231
2020-08-22,Alpine,3,1148,3,2,0,2,0
2020-08-22,Amador,5,37829,267,224,0,224,13
2020-08-22,Butte,7,227075,1833,1618,12,1630,22
2020-08-22,Calaveras,9,45235,216,187,0,187,1
2020-08-22,Colusa,11,21464,440,419,0,419,5
2020-08-22,Contra Costa,13,1133247,13845,12522,48,12570,153
2020-08-22,Del Norte,15,27424,112,80,0,80,1
2020-08-22,El Dorado,17,186661,969,900,0,900,2
2020-08-22,Fresno,19,978130,26612,23197,267,23464,235
2020-08-22,Glenn,21,27897,437,421,0,421,2
2020-08-22,Humboldt,23,135768,366,334,1,335,4
2020-08-22,Imperial,25,180216,11142,9244,7,9251,210
2020-08-22,Inyo,27,18085,168,144,0,144,1
2020-08-22,Kern,29,883053,29215,27807,206,28013,277
2020-08-22,Kings,31,150075,6002,5447,32,5479,60
2020-08-22,Lake,33,64148,321,291,0,291,2
2020-08-22,Lassen,35,31185,717,693,2,695,0
2020-08-22,Los Angeles,37,10098052,236524,230858,1104,231962,5540
2020-08-22,Madera,39,155013,3770,3330,21,3351,32
2020-08-22,Marin,41,260295,6020,5789,14,5803,49
2020-08-22,Mariposa,43,17540,71,66,0,66,2
2020-08-22,Mendocino,45,87422,597,529,0,529,10
2020-08-22,Merced,47,269075,7768,7493,6,7499,69
2020-08-22,Modoc,49,8938,7,5,0,5,0
2020-08-22,Mono,51,14174,163,129,1,130,1
2020-08-22,Monterey,53,433212,7677,7081,18,7099,50
2020-08-22,Napa,55,140530,1429,1328,3,1331,11
2020-08-22,Nevada,57,99092,442,411,12,423,2
2020-08-22,Orange,59,3164182,49074,45131,1096,46227,885
2020-08-22,Placer,61,380077,2944,2734,6,2740,30
2020-08-22,Plumas,63,18699,39,37,0,37,0
2020-08-22,Riverside,65,2383286,52201,49944,30,49974,953
2020-08-22,Sacramento,67,1510023,17523,15516,12,15528,239
2020-08-22,San Benito,69,59416,1031,912,0,912,3
2020-08-22,San Bernardino,71,2135413,47844,44803,44,44847,719
2020-08-22,San Diego,73,3302833,37993,36205,0,36205,673
2020-08-22,San Francisco,75,870044,9232,8568,8,8576,80
2020-08-22,San Joaquin,77,732212,17947,16068,31,16099,305
2020-08-22,San Luis Obispo,79,281455,2858,2660,10,2670,20
2020-08-22,San Mateo,81,765935,8191,7361,5,7366,120
2020-08-22,Santa Barbara,83,443738,8378,7685,56,7741,90
2020-08-22,Santa Clara,85,1922200,17256,15590,20,15610,190
2020-08-22,Santa Cruz,87,273765,1777,1628,15,1643,6
2020-08-22,Shasta,89,179085,594,493,3,496,9
2020-08-22,Sierra,91,2930,6,6,0,6,0
2020-08-22,Siskiyou,93,43540,122,106,8,114,0
2020-08-22,Solano,95,438530,5281,4944,33,4977,32
2020-08-22,Sonoma,97,501317,5538,4891,18,4909,57
2020-08-22,Stanislaus,99,539301,14702,13380,279,13659,170
2020-08-22,Sutter,101,95872,1300,1189,1,1190,8
2020-08-22,Tehama,103,63373,404,368,1,369,1
2020-08-22,Trinity,105,12862,21,8,4,12,0
2020-08-22,Tulare,107,460477,13978,13196,45,13241,222
2020-08-22,Tuolumne,109,53932,192,162,2,164,1
2020-08-22,Ventura,111,848112,10780,9959,61,10020,99
2020-08-22,Yolo,113,214977,2366,2188,4,2192,47
2020-08-22,Yuba,115,75493,799,738,3,741,1
2020-08-21,Alameda,1,1643700,17870,16413,129,16542,232
2020-08-21,Alpine,3,1148,3,2,0,2,0
2020-08-21,Amador,5,37829,266,223,0,223,11
2020-08-21,Butte,7,227075,1794,1582,12,1594,19
2020-08-21,Calaveras,9,45235,216,182,0,182,1
2020-08-21,Colusa,11,21464,438,418,0,418,5
2020-08-21,Contra Costa,13,1133247,13755,12333,47,12380,149
2020-08-21,Del Norte,15,27424,112,78,0,78,1
2020-08-21,El Dorado,17,186661,965,885,0,885,2
2020-08-21,Fresno,19,978130,26442,22840,266,23106,232
2020-08-21,Glenn,21,27897,433,418,0,418,2
2020-08-21,Humboldt,23,135768,363,331,1,332,4
2020-08-21,Imperial,25,180216,11126,9166,7,9173,204
2020-08-21,Inyo,27,18085,168,144,0,144,1
2020-08-21,Kern,29,883053,29156,27567,204,27771,269
2020-08-21,Kings,31,150075,5980,5391,32,5423,60
2020-08-21,Lake,33,64148,319,281,0,281,2
2020-08-21,Lassen,35,31185,717,693,2,695,0
2020-08-21,Los Angeles,37,10098052,235648,229235,1082,230317,5494
2020-08-21,Madera,39,155013,3740,3271,21,3292,31
2020-08-21,Marin,41,260295,6000,5762,14,5776,49
2020-08-21,Mariposa,43,17540,71,66,0,66,2
2020-08-21,Mendocino,45,87422,587,505,0,505,10
2020-08-21,Merced,47,269075,7739,7357,6,7363,69
2020-08-21,Modoc,49,8938,7,5,0,5,0
2020-08-21,Mono,51,14174,163,128,1,129,1
2020-08-21,Monterey,53,433212,7605,6974,18,6992,49
2020-08-21,Napa,55,140530,1420,1317,3,1320,10
2020-08-21,Nevada,57,99092,441,406,12,418,2
2020-08-21,Orange,59,3164182,48933,44625,1088,45713,875
2020-08-21,Placer,61,380077,2928,2698,5,2703,30
2020-08-21,Plumas,63,18699,39,36,0,36,0
2020-08-21,Riverside,65,2383286,52008,49409,30,49439,932
2020-08-21,Sacramento,67,1510023,17400,15247,12,15259,237
2020-08-21,San Benito,69,59416,1021,891,0,891,3
2020-08-21,San Bernardino,71,2135413,47724,44249,44,44293,668
2020-08-21,San Diego,73,3302833,37789,35914,0,35914,652
2020-08-21,San Francisco,75,870044,9182,8375,8,8383,80
2020-08-21,San Joaquin,77,732212,17864,15888,29,15917,301
2020-08-21,San Luis Obispo,79,281455,2835,2640,10,2650,19
2020-08-21,San Mateo,81,765935,8133,7253,5,7258,120
2020-08-21,Santa Barbara,83,443738,8337,7645,56,7701,86
2020-08-21,Santa Clara,85,1922200,17104,15399,20,15419,190
2020-08-21,Santa Cruz,87,273765,1765,1617,15,1632,6
2020-08-21,Shasta,89,179085,594,486,3,489,9
2020-08-21,Sierra,91,2930,6,6,0,6,0
2020-08-21,Siskiyou,93,43540,122,103,6,109,0
2020-08-21,Solano,95,438530,5258,4891,32,4923,32
2020-08-21,Sonoma,97,501317,5468,4816,18,4834,57
2020-08-21,Stanislaus,99,539301,14633,13282,264,13546,161
2020-08-21,Sutter,101,95872,1287,1173,1,1174,8
2020-08-21,Tehama,103,63373,402,357,1,358,1
2020-08-21,Trinity,105,12862,21,8,4,12,0
2020-08-21,Tulare,107,460477,13906,13002,44,13046,217
2020-08-21,Tuolumne,109,53932,184,161,2,163,1
2020-08-21,Ventura,111,848112,10716,9865,59,9924,98
2020-08-21,Yolo,113,214977,2351,2164,4,2168,46
2020-08-21,Yuba,115,75493,795,717,3,720,1
2020-08-20,Alameda,1,1643700,17711,16174,129,16303,229
2020-08-20,Alpine,3,1148,3,2,0,2,0
2020-08-20,Amador,5,37829,264,222,0,222,11
2020-08-20,Butte,7,227075,1743,1549,12,1561,18
2020-08-20,Calaveras,9,45235,213,179,0,179,1
2020-08-20,Colusa,11,21464,436,415,0,415,5
2020-08-20,Contra Costa,13,1133247,13627,12108,46,12154,144
2020-08-20,Del Norte,15,27424,112,78,0,78,1
2020-08-20,El Dorado,17,186661,961,881,0,881,2
2020-08-20,Fresno,19,978130,26260,22535,261,22796,228
2020-08-20,Glenn,21,27897,428,414,0,414,2
2020-08-20,Humboldt,23,135768,358,318,1,319,4
2020-08-20,Imperial,25,180216,11107,9086,7,9093,196
2020-08-20,Inyo,27,18085,167,144,0,144,1
2020-08-20,Kern,29,883053,28988,27337,193,27530,267
2020-08-20,Kings,31,150075,5940,5347,31,5378,59
2020-08-20,Lake,33,64148,314,280,0,280,2
2020-08-20,Lassen,35,31185,716,693,2,695,0
2020-08-20,Los Angeles,37,10098052,234413,227492,1063,228555,5445
2020-08-20,Madera,39,155013,3714,3197,21,3218,31
2020-08-20,Marin,41,260295,5982,5745,14,5759,47
2020-08-20,Mariposa,43,17540,71,67,0,67,2
2020-08-20,Mendocino,45,87422,576,497,0,497,10
2020-08-20,Merced,47,269075,7664,7173,6,7179,68
2020-08-20,Modoc,49,8938,7,5,0,5,0
2020-08-20,Mono,51,14174,163,128,1,129,1
2020-08-20,Monterey,53,433212,7534,6892,18,6910,47
2020-08-20,Napa,55,140530,1412,1306,3,1309,10
2020-08-20,Nevada,57,99092,440,401,12,413,2
2020-08-20,Orange,59,3164182,48706,44299,1077,45376,849
2020-08-20,Placer,61,380077,2912,2681,5,2686,30
2020-08-20,Plumas,63,18699,39,36,0,36,0
2020-08-20,Riverside,65,2383286,51791,48953,29,48982,927
2020-08-20,Sacramento,67,1510023,17157,14992,12,15004,231
2020-08-20,San Benito,69,59416,1008,866,0,866,3
2020-08-20,San Bernardino,71,2135413,47467,43627,44,43671,665
2020-08-20,San Diego,73,3302833,37569,35610,0,35610,644
2020-08-20,San Francisco,75,870044,9096,8262,8,8270,72
2020-08-20,San Joaquin,77,732212,17771,15778,29,15807,297
2020-08-20,San Luis Obispo,79,281455,2815,2590,10,2600,19
2020-08-20,San Mateo,81,765935,8067,7188,5,7193,120
2020-08-20,Santa Barbara,83,443738,8299,7571,56,7627,81
2020-08-20,Santa Clara,85,1922200,16933,15162,20,15182,190
2020-08-20,Santa Cruz,87,273765,1752,1581,15,1596,6
2020-08-20,Shasta,89,179085,593,478,3,481,9
2020-08-20,Sierra,91,2930,6,6,0,6,0
2020-08-20,Siskiyou,93,43540,121,102,1,103,0
2020-08-20,Solano,95,438530,5214,4843,32,4875,31
2020-08-20,Sonoma,97,501317,5396,4737,18,4755,54
2020-08-20,Stanislaus,99,539301,14537,13120,255,13375,161
2020-08-20,Sutter,101,95872,1263,1158,1,1159,8
2020-08-20,Tehama,103,63373,396,350,1,351,1
2020-08-20,Trinity,105,12862,21,8,4,12,0
2020-08-20,Tulare,107,460477,13798,12907,43,12950,217
2020-08-20,Tuolumne,109,53932,180,159,2,161,1
2020-08-20,Ventura,111,848112,10603,9744,58,9802,93
2020-08-20,Yolo,113,214977,2329,2150,4,2154,47
2020-08-20,Yuba,115,75493,778,709,3,712,1
2020-08-19,Alameda,1,1643700,17553,15874,128,16002,226
2020-08-19,Alpine,3,1148,3,2,0,2,0
2020-08-19,Amador,5,37829,263,219,0,219,9
2020-08-19,Butte,7,227075,1700,1517,12,1529,16
2020-08-19,Calaveras,9,45235,210,177,0,177,1
2020-08-19,Colusa,11,21464,435,415,0,415,5
2020-08-19,Contra Costa,13,1133247,13515,11895,44,11939,142
2020-08-19,Del Norte,15,27424,112,78,0,78,1
2020-08-19,El Dorado,17,186661,955,870,0,870,2
2020-08-19,Fresno,19,978130,26070,22167,254,22421,221
2020-08-19,Glenn,21,27897,426,414,0,414,2
2020-08-19,Humboldt,23,135768,355,316,1,317,4
2020-08-19,Imperial,25,180216,11079,9041,7,9048,192
2020-08-19,Inyo,27,18085,165,140,0,140,1
2020-08-19,Kern,29,883053,28872,27142,189,27331,263
2020-08-19,Kings,31,150075,5768,5301,31,5332,59
2020-08-19,Lake,33,64148,311,277,0,277,2
2020-08-19,Lassen,35,31185,708,693,2,695,0
2020-08-19,Los Angeles,37,10098052,233131,226006,1023,227029,5399
2020-08-19,Madera,39,155013,3680,3158,19,3177,30
2020-08-19,Marin,41,260295,5958,5723,13,5736,46
2020-08-19,Mariposa,43,17540,71,64,0,64,2
2020-08-19,Mendocino,45,87422,560,495,0,495,8
2020-08-19,Merced,47,269075,7537,7082,3,7085,66
2020-08-19,Modoc,49,8938,7,5,0,5,0
2020-08-19,Mono,51,14174,163,128,1,129,1
2020-08-19,Monterey,53,433212,7432,6693,18,6711,45
2020-08-19,Napa,55,140530,1407,1293,3,1296,10
2020-08-19,Nevada,57,99092,433,398,12,410,2
2020-08-19,Orange,59,3164182,48502,43938,1072,45010,829
2020-08-19,Placer,61,380077,2889,2659,5,2664,28
2020-08-19,Plumas,63,18699,39,36,0,36,0
2020-08-19,Riverside,65,2383286,51543,48741,28,48769,922
2020-08-19,Sacramento,67,1510023,16974,14764,12,14776,229
2020-08-19,San Benito,69,59416,991,853,0,853,3
2020-08-19,San Bernardino,71,2135413,47169,43224,43,43267,661
2020-08-19,San Diego,73,3302833,37320,35378,0,35378,638
2020-08-19,San Francisco,75,870044,9031,8236,8,8244,72
2020-08-19,San Joaquin,77,732212,17644,15677,28,15705,296
2020-08-19,San Luis Obispo,79,281455,2776,2553,10,2563,19
2020-08-19,San Mateo,81,765935,8000,7146,5,7151,119
2020-08-19,Santa Barbara,83,443738,8250,7499,56,7555,80
2020-08-19,Santa Clara,85,1922200,16788,14994,20,15014,189
2020-08-19,Santa Cruz,87,273765,1726,1554,15,1569,6
2020-08-19,Shasta,89,179085,589,475,3,478,9
2020-08-19,Sierra,91,2930,6,6,0,6,0
2020-08-19,Siskiyou,93,43540,120,103,1,104,0
2020-08-19,Solano,95,438530,5173,4807,32,4839,31
2020-08-19,Sonoma,97,501317,5317,4614,18,4632,54
2020-08-19,Stanislaus,99,539301,14435,13084,233,13317,160
2020-08-19,Sutter,101,95872,1229,1146,1,1147,8
2020-08-19,Tehama,103,63373,390,342,1,343,1
2020-08-19,Trinity,105,12862,20,8,4,12,0
2020-08-19,Tulare,107,460477,13700,12756,43,12799,217
2020-08-19,Tuolumne,109,53932,177,159,2,161,1
2020-08-19,Ventura,111,848112,10511,9587,56,9643,91
2020-08-19,Yolo,113,214977,2306,2126,4,2130,47
2020-08-19,Yuba,115,75493,766,701,3,704,1
2020-08-18,Alameda,1,1643700,17377,15627,125,15752,223
2020-08-18,Alpine,3,1148,3,2,0,2,0
2020-08-18,Amador,5,37829,262,215,0,215,9
2020-08-18,Butte,7,227075,1667,1491,12,1503,16
2020-08-18,Calaveras,9,45235,206,174,0,174,1
2020-08-18,Colusa,11,21464,434,415,0,415,5
2020-08-18,Contra Costa,13,1133247,13395,11689,42,11731,141
2020-08-18,Del Norte,15,27424,111,78,0,78,0
2020-08-18,El Dorado,17,186661,950,866,0,866,2
2020-08-18,Fresno,19,978130,25851,21798,248,22046,212
2020-08-18,Glenn,21,27897,426,407,0,407,2
2020-08-18,Humboldt,23,135768,353,315,1,316,4
2020-08-18,Imperial,25,180216,11045,8968,7,8975,189
2020-08-18,Inyo,27,18085,164,140,0,140,1
2020-08-18,Kern,29,883053,28720,26978,184,27162,263
2020-08-18,Kings,31,150075,5741,5269,30,5299,58
2020-08-18,Lake,33,64148,308,274,0,274,2
2020-08-18,Lassen,35,31185,708,693,2,695,0
2020-08-18,Los Angeles,37,10098052,231853,224218,984,225202,5339
2020-08-18,Madera,39,155013,3652,3125,19,3144,28
2020-08-18,Marin,41,260295,5928,5708,13,5721,47
2020-08-18,Mariposa,43,17540,71,61,0,61,2
2020-08-18,Mendocino,45,87422,551,468,0,468,8
2020-08-18,Merced,47,269075,7489,6940,3,6943,66
2020-08-18,Modoc,49,8938,7,5,0,5,0
2020-08-18,Mono,51,14174,162,129,1,130,1
2020-08-18,Monterey,53,433212,7341,6691,17,6708,44
2020-08-18,Napa,55,140530,1404,1274,3,1277,10
2020-08-18,Nevada,57,99092,426,389,12,401,2
2020-08-18,Orange,59,3164182,48276,43659,1056,44715,809
2020-08-18,Placer,61,380077,2863,2644,4,2648,28
2020-08-18,Plumas,63,18699,39,34,0,34,0
2020-08-18,Riverside,65,2383286,51214,48447,28,48475,917
2020-08-18,Sacramento,67,1510023,16746,14610,11,14621,222
2020-08-18,San Benito,69,59416,971,836,0,836,3
2020-08-18,San Bernardino,71,2135413,46888,42827,42,42869,648
2020-08-18,San Diego,73,3302833,37028,35164,0,35164,633
2020-08-18,San Francisco,75,870044,8946,8016,8,8024,72
2020-08-18,San Joaquin,77,732212,17527,15509,27,15536,290
2020-08-18,San Luis Obispo,79,281455,2752,2535,9,2544,18
2020-08-18,San Mateo,81,765935,7938,7074,5,7079,119
2020-08-18,Santa Barbara,83,443738,8208,7472,56,7528,81
2020-08-18,Santa Clara,85,1922200,16615,14786,19,14805,184
2020-08-18,Santa Cruz,87,273765,1713,1509,15,1524,6
2020-08-18,Shasta,89,179085,585,468,3,471,9
2020-08-18,Sierra,91,2930,6,6,0,6,0
2020-08-18,Siskiyou,93,43540,119,103,1,104,0
2020-08-18,Solano,95,438530,5146,4700,32,4732,31
2020-08-18,Sonoma,97,501317,5248,4506,18,4524,48
2020-08-18,Stanislaus,99,539301,14336,12935,217,13152,149
2020-08-18,Sutter,101,95872,1210,1126,1,1127,8
2020-08-18,Tehama,103,63373,380,333,1,334,1
2020-08-18,Trinity,105,12862,19,8,4,12,0
2020-08-18,Tulare,107,460477,13568,12637,40,12677,212
2020-08-18,Tuolumne,109,53932,174,159,2,161,1
2020-08-18,Ventura,111,848112,10421,9536,51,9587,89
2020-08-18,Yolo,113,214977,2283,2102,4,2106,47
2020-08-18,Yuba,115,75493,758,679,3,682,1
2020-08-17,Alameda,1,1643700,17187,15454,123,15577,221
2020-08-17,Alpine,3,1148,3,2,0,2,0
2020-08-17,Amador,5,37829,262,215,0,215,9
2020-08-17,Butte,7,227075,1622,1463,12,1475,15
2020-08-17,Calaveras,9,45235,202,167,0,167,1
2020-08-17,Colusa,11,21464,431,408,0,408,5
2020-08-17,Contra Costa,13,1133247,13257,11442,42,11484,141
2020-08-17,Del Norte,15,27424,107,77,0,77,0
2020-08-17,El Dorado,17,186661,947,846,0,846,2
2020-08-17,Fresno,19,978130,25645,21316,241,21557,211
2020-08-17,Glenn,21,27897,425,402,0,402,2
2020-08-17,Humboldt,23,135768,349,302,1,303,4
2020-08-17,Imperial,25,180216,11004,8897,7,8904,188
2020-08-17,Inyo,27,18085,156,124,0,124,1
2020-08-17,Kern,29,883053,28572,26773,173,26946,249
2020-08-17,Kings,31,150075,5704,5249,30,5279,58
2020-08-17,Lake,33,64148,303,270,0,270,2
2020-08-17,Lassen,35,31185,708,666,2,668,0
2020-08-17,Los Angeles,37,10098052,230338,223418,933,224351,5282
2020-08-17,Madera,39,155013,3609,3050,18,3068,26
2020-08-17,Marin,41,260295,5905,5683,12,5695,46
2020-08-17,Mariposa,43,17540,71,61,0,61,2
2020-08-17,Mendocino,45,87422,533,454,0,454,8
2020-08-17,Merced,47,269075,7393,6814,3,6817,66
2020-08-17,Modoc,49,8938,7,5,0,5,0
2020-08-17,Mono,51,14174,162,126,1,127,1
2020-08-17,Monterey,53,433212,7242,6553,17,6570,44
2020-08-17,Napa,55,140530,1383,1255,3,1258,10
2020-08-17,Nevada,57,99092,421,383,12,395,2
2020-08-17,Orange,59,3164182,48066,43621,1045,44666,804
2020-08-17,Placer,61,380077,2838,2609,4,2613,28
2020-08-17,Plumas,63,18699,39,33,0,33,0
2020-08-17,Riverside,65,2383286,50885,48062,26,48088,916
2020-08-17,Sacramento,67,1510023,16522,14333,11,14344,219
2020-08-17,San Benito,69,59416,956,822,0,822,2
2020-08-17,San Bernardino,71,2135413,46546,42005,42,42047,604
2020-08-17,San Diego,73,3302833,36762,34962,0,34962,626
2020-08-17,San Francisco,75,870044,8874,7600,8,7608,72
2020-08-17,San Joaquin,77,732212,17363,15323,26,15349,280
2020-08-17,San Luis Obispo,79,281455,2719,2527,9,2536,18
2020-08-17,San Mateo,81,765935,7881,6987,4,6991,118
2020-08-17,Santa Barbara,83,443738,8166,7438,56,7494,80
2020-08-17,Santa Clara,85,1922200,16395,14546,19,14565,183
2020-08-17,Santa Cruz,87,273765,1697,1453,14,1467,6
2020-08-17,Shasta,89,179085,579,467,3,470,9
2020-08-17,Sierra,91,2930,6,6,0,6,0
2020-08-17,Siskiyou,93,43540,118,103,0,103,0
2020-08-17,Solano,95,438530,5089,4479,32,4511,31
2020-08-17,Sonoma,97,501317,5159,4402,16,4418,48
2020-08-17,Stanislaus,99,539301,14211,12745,210,12955,148
2020-08-17,Sutter,101,95872,1194,1071,1,1072,8
2020-08-17,Tehama,103,63373,371,324,1,325,1
2020-08-17,Trinity,105,12862,19,8,4,12,0
2020-08-17,Tulare,107,460477,13455,12487,39,12526,210
2020-08-17,Tuolumne,109,53932,171,157,2,159,1
2020-08-17,Ventura,111,848112,10299,9490,46,9536,89
2020-08-17,Yolo,113,214977,2256,2083,4,2087,47
2020-08-17,Yuba,115,75493,743,647,3,650,1
2020-08-16,Alameda,1,1643700,16898,15338,123,15461,221
2020-08-16,Alpine,3,1148,3,2,0,2,0
2020-08-16,Amador,5,37829,259,215,0,215,9
2020-08-16,Butte,7,227075,1584,1432,12,1444,15
2020-08-16,Calaveras,9,45235,195,167,0,167,1
2020-08-16,Colusa,11,21464,429,407,0,407,5
2020-08-16,Contra Costa,13,1133247,13071,11255,42,11297,140
2020-08-16,Del Norte,15,27424,103,77,0,77,0
2020-08-16,El Dorado,17,186661,935,843,0,843,2
2020-08-16,Fresno,19,978130,25426,21010,236,21246,211
2020-08-16,Glenn,21,27897,423,400,0,400,2
2020-08-16,Humboldt,23,135768,347,301,1,302,4
2020-08-16,Imperial,25,180216,10960,8883,7,8890,188
2020-08-16,Inyo,27,18085,149,125,0,125,1
2020-08-16,Kern,29,883053,28373,26520,165,26685,249
2020-08-16,Kings,31,150075,5673,5146,30,5176,58
2020-08-16,Lake,33,64148,299,269,0,269,2
2020-08-16,Lassen,35,31185,708,666,2,668,0
2020-08-16,Los Angeles,37,10098052,228771,222236,902,223138,5263
2020-08-16,Madera,39,155013,3564,3013,18,3031,26
2020-08-16,Marin,41,260295,5879,5664,12,5676,46
2020-08-16,Mariposa,43,17540,71,61,0,61,2
2020-08-16,Mendocino,45,87422,525,451,0,451,8
2020-08-16,Merced,47,269075,7311,6744,3,6747,66
2020-08-16,Modoc,49,8938,7,5,0,5,0
2020-08-16,Mono,51,14174,162,126,1,127,1
2020-08-16,Monterey,53,433212,7144,6516,16,6532,44
2020-08-16,Napa,55,140530,1365,1241,2,1243,10
2020-08-16,Nevada,57,99092,410,379,12,391,2
2020-08-16,Orange,59,3164182,47816,43303,1034,44337,803
2020-08-16,Placer,61,380077,2809,2583,3,2586,28
2020-08-16,Plumas,63,18699,39,33,0,33,0
2020-08-16,Riverside,65,2383286,50555,47669,26,47695,910
2020-08-16,Sacramento,67,1510023,16281,14210,11,14221,219
2020-08-16,San Benito,69,59416,927,815,0,815,2
2020-08-16,San Bernardino,71,2135413,46123,41724,41,41765,603
2020-08-16,San Diego,73,3302833,36499,34680,0,34680,626
2020-08-16,San Francisco,75,870044,8786,7602,8,7610,72
2020-08-16,San Joaquin,77,732212,17161,15288,26,15314,280
2020-08-16,San Luis Obispo,79,281455,2690,2494,9,2503,17
2020-08-16,San Mateo,81,765935,7805,6942,4,6946,118
2020-08-16,Santa Barbara,83,443738,8117,7368,56,7424,79
2020-08-16,Santa Clara,85,1922200,16197,14329,19,14348,183
2020-08-16,Santa Cruz,87,273765,1670,1449,13,1462,6
2020-08-16,Shasta,89,179085,572,465,3,468,9
2020-08-16,Sierra,91,2930,6,6,0,6,0
2020-08-16,Siskiyou,93,43540,117,102,0,102,0
2020-08-16,Solano,95,438530,5029,4479,32,4511,31
2020-08-16,Sonoma,97,501317,5055,4329,16,4345,46
2020-08-16,Stanislaus,99,539301,14056,12668,197,12865,148
2020-08-16,Sutter,101,95872,1176,1071,1,1072,8
2020-08-16,Tehama,103,63373,362,318,1,319,1
2020-08-16,Trinity,105,12862,18,8,4,12,0
2020-08-16,Tulare,107,460477,13323,12334,35,12369,211
2020-08-16,Tuolumne,109,53932,171,156,2,158,1
2020-08-16,Ventura,111,848112,10190,9408,41,9449,89
2020-08-16,Yolo,113,214977,2237,2057,4,2061,47
2020-08-16,Yuba,115,75493,734,647,2,649,1
2020-08-15,Alameda,1,1643700,16821,15165,123,15288,221
2020-08-15,Alpine,3,1148,3,2,0,2,0
2020-08-15,Amador,5,37829,259,210,0,210,9
2020-08-15,Butte,7,227075,1562,1409,12,1421,15
2020-08-15,Calaveras,9,45235,193,167,0,167,1
2020-08-15,Colusa,11,21464,428,401,0,401,5
2020-08-15,Contra Costa,13,1133247,12975,11106,42,11148,138
2020-08-15,Del Norte,15,27424,103,77,0,77,0
2020-08-15,El Dorado,17,186661,930,838,0,838,2
2020-08-15,Fresno,19,978130,25310,20603,234,20837,211
2020-08-15,Glenn,21,27897,423,398,0,398,2
2020-08-15,Humboldt,23,135768,346,301,1,302,4
2020-08-15,Imperial,25,180216,10940,8794,7,8801,188
2020-08-15,Inyo,27,18085,149,123,0,123,1
2020-08-15,Kern,29,883053,28285,26338,165,26503,249
2020-08-15,Kings,31,150075,5655,5039,30,5069,56
2020-08-15,Lake,33,64148,297,268,0,268,2
2020-08-15,Lassen,35,31185,708,666,2,668,0
2020-08-15,Los Angeles,37,10098052,228018,221043,893,221936,5252
2020-08-15,Madera,39,155013,3514,2950,18,2968,26
2020-08-15,Marin,41,260295,5872,5628,12,5640,46
2020-08-15,Mariposa,43,17540,71,61,0,61,2
2020-08-15,Mendocino,45,87422,521,444,0,444,8
2020-08-15,Merced,47,269075,7277,6656,3,6659,66
2020-08-15,Modoc,49,8938,7,5,0,5,0
2020-08-15,Mono,51,14174,162,126,1,127,1
2020-08-15,Monterey,53,433212,7099,6162,16,6178,44
2020-08-15,Napa,55,140530,1355,1232,2,1234,10
2020-08-15,Nevada,57,99092,410,376,12,388,2
2020-08-15,Orange,59,3164182,47704,42811,1023,43834,801
2020-08-15,Placer,61,380077,2787,2551,3,2554,27
2020-08-15,Plumas,63,18699,39,33,0,33,0
2020-08-15,Riverside,65,2383286,50404,46720,26,46746,910
2020-08-15,Sacramento,67,1510023,16171,14018,11,14029,219
2020-08-15,San Benito,69,59416,914,805,0,805,2
2020-08-15,San Bernardino,71,2135413,45972,41231,39,41270,602
2020-08-15,San Diego,73,3302833,36333,34346,0,34346,639
2020-08-15,San Francisco,75,870044,8722,7601,8,7609,69
2020-08-15,San Joaquin,77,732212,17088,15113,26,15139,280
2020-08-15,San Luis Obispo,79,281455,2673,2461,9,2470,17
2020-08-15,San Mateo,81,765935,7768,6860,4,6864,118
2020-08-15,Santa Barbara,83,443738,8089,7338,56,7394,79
2020-08-15,Santa Clara,85,1922200,16101,14105,19,14124,183
2020-08-15,Santa Cruz,87,273765,1649,1449,13,1462,6
2020-08-15,Shasta,89,179085,569,458,3,461,9
2020-08-15,Sierra,91,2930,6,6,0,6,0
2020-08-15,Siskiyou,93,43540,116,100,0,100,0
2020-08-15,Solano,95,438530,5007,4477,32,4509,31
2020-08-15,Sonoma,97,501317,5000,4134,16,4150,45
2020-08-15,Stanislaus,99,539301,13993,12541,195,12736,149
2020-08-15,Sutter,101,95872,1165,1046,1,1047,8
2020-08-15,Tehama,103,63373,361,312,1,313,1
2020-08-15,Trinity,105,12862,16,6,4,10,0
2020-08-15,Tulare,107,460477,13285,12262,35,12297,211
2020-08-15,Tuolumne,109,53932,171,155,2,157,1
2020-08-15,Ventura,111,848112,10132,9379,39,9418,89
2020-08-15,Yolo,113,214977,2225,2031,4,2035,46
2020-08-15,Yuba,115,75493,730,623,2,625,1
2020-08-14,Alameda,1,1643700,16682,14909,123,15032,221
2020-08-14,Alpine,3,1148,3,2,0,2,0
2020-08-14,Amador,5,37829,259,209,0,209,9
2020-08-14,Butte,7,227075,1553,1384,12,1396,15
2020-08-14,Calaveras,9,45235,189,165,0,165,1
2020-08-14,Colusa,11,21464,426,399,0,399,5
2020-08-14,Contra Costa,13,1133247,12863,10893,42,10935,137
2020-08-14,Del Norte,15,27424,103,76,0,76,0
2020-08-14,El Dorado,17,186661,922,827,0,827,2
2020-08-14,Fresno,19,978130,25176,19900,234,20134,208
2020-08-14,Glenn,21,27897,421,395,0,395,2
2020-08-14,Humboldt,23,135768,340,294,1,295,4
2020-08-14,Imperial,25,180216,10916,8756,7,8763,185
2020-08-14,Inyo,27,18085,148,115,0,115,1
2020-08-14,Kern,29,883053,28181,25893,164,26057,249
2020-08-14,Kings,31,150075,5641,4953,30,4983,56
2020-08-14,Lake,33,64148,288,267,0,267,2
2020-08-14,Lassen,35,31185,708,665,2,667,0
2020-08-14,Los Angeles,37,10098052,226854,219083,875,219958,5222
2020-08-14,Madera,39,155013,3484,2876,18,2894,26
2020-08-14,Marin,41,260295,5861,5601,12,5613,46
2020-08-14,Mariposa,43,17540,70,61,0,61,2
2020-08-14,Mendocino,45,87422,512,432,0,432,8
2020-08-14,Merced,47,269075,7248,6466,3,6469,67
2020-08-14,Modoc,49,8938,7,5,0,5,0
2020-08-14,Mono,51,14174,162,126,1,127,1
2020-08-14,Monterey,53,433212,7048,6121,16,6137,41
2020-08-14,Napa,55,140530,1345,1230,2,1232,10
2020-08-14,Nevada,57,99092,406,377,12,389,2
2020-08-14,Orange,59,3164182,47555,42399,1009,43408,798
2020-08-14,Placer,61,380077,2768,2546,3,2549,26
2020-08-14,Plumas,63,18699,38,33,0,33,0
2020-08-14,Riverside,65,2383286,50175,46456,26,46482,891
2020-08-14,Sacramento,67,1510023,16021,13645,11,13656,212
2020-08-14,San Benito,69,59416,897,783,0,783,2
2020-08-14,San Bernardino,71,2135413,45786,40442,39,40481,594
2020-08-14,San Diego,73,3302833,36139,34067,0,34067,622
2020-08-14,San Francisco,75,870044,8663,7467,8,7475,69
2020-08-14,San Joaquin,77,732212,16989,14925,26,14951,276
2020-08-14,San Luis Obispo,79,281455,2658,2422,9,2431,17
2020-08-14,San Mateo,81,765935,7709,6655,4,6659,118
2020-08-14,Santa Barbara,83,443738,8039,7302,56,7358,77
2020-08-14,Santa Clara,85,1922200,15935,13785,18,13803,183
2020-08-14,Santa Cruz,87,273765,1627,1418,12,1430,6
2020-08-14,Shasta,89,179085,564,446,3,449,9
2020-08-14,Sierra,91,2930,6,5,0,5,0
2020-08-14,Siskiyou,93,43540,116,98,0,98,0
2020-08-14,Solano,95,438530,4986,4421,32,4453,31
2020-08-14,Sonoma,97,501317,4941,4087,13,4100,45
2020-08-14,Stanislaus,99,539301,13916,12379,191,12570,140
2020-08-14,Sutter,101,95872,1157,1039,1,1040,8
2020-08-14,Tehama,103,63373,357,305,1,306,1
2020-08-14,Trinity,105,12862,16,6,4,10,0
2020-08-14,Tulare,107,460477,13208,12009,35,12044,211
2020-08-14,Tuolumne,109,53932,170,155,2,157,1
2020-08-14,Ventura,111,848112,10057,9313,39,9352,89
2020-08-14,Yolo,113,214977,2211,1991,4,1995,45
2020-08-14,Yuba,115,75493,714,606,2,608,1
2020-08-13,Alameda,1,1643700,16408,14385,123,14508,218
2020-08-13,Alpine,3,1148,3,2,0,2,0
2020-08-13,Amador,5,37829,259,198,0,198,8
2020-08-13,Butte,7,227075,1528,1345,12,1357,15
2020-08-13,Calaveras,9,45235,187,162,0,162,1
2020-08-13,Colusa,11,21464,426,395,0,395,5
2020-08-13,Contra Costa,13,1133247,12709,10545,41,10586,136
2020-08-13,Del Norte,15,27424,102,74,0,74,0
2020-08-13,El Dorado,17,186661,917,803,0,803,2
2020-08-13,Fresno,19,978130,24952,19157,227,19384,201
2020-08-13,Glenn,21,27897,417,392,0,392,1
2020-08-13,Humboldt,23,135768,332,281,1,282,4
2020-08-13,Imperial,25,180216,10885,8640,7,8647,170
2020-08-13,Inyo,27,18085,144,97,0,97,1
2020-08-13,Kern,29,883053,28015,25472,161,25633,242
2020-08-13,Kings,31,150075,5607,4824,30,4854,52
2020-08-13,Lake,33,64148,283,263,0,263,2
2020-08-13,Lassen,35,31185,708,652,2,654,0
2020-08-13,Los Angeles,37,10098052,225445,216497,855,217352,5179
2020-08-13,Madera,39,155013,3441,2675,17,2692,25
2020-08-13,Marin,41,260295,5845,5503,12,5515,44
2020-08-13,Mariposa,43,17540,69,61,0,61,2
2020-08-13,Mendocino,45,87422,507,401,0,401,8
2020-08-13,Merced,47,269075,7130,5945,3,5948,63
2020-08-13,Modoc,49,8938,7,5,0,5,0
2020-08-13,Mono,51,14174,162,124,1,125,1
2020-08-13,Monterey,53,433212,6965,5925,16,5941,38
2020-08-13,Napa,55,140530,1336,1179,2,1181,10
2020-08-13,Nevada,57,99092,402,362,12,374,1
2020-08-13,Orange,59,3164182,47316,42019,997,43016,773
2020-08-13,Placer,61,380077,2747,2460,3,2463,26
2020-08-13,Plumas,63,18699,38,32,0,32,0
2020-08-13,Riverside,65,2383286,49881,45327,26,45353,885
2020-08-13,Sacramento,67,1510023,15821,13237,11,13248,197
2020-08-13,San Benito,69,59416,868,757,0,757,2
2020-08-13,San Bernardino,71,2135413,45392,39395,38,39433,591
2020-08-13,San Diego,73,3302833,35903,33661,0,33661,627
2020-08-13,San Francisco,75,870044,8569,7277,8,7285,69
2020-08-13,San Joaquin,77,732212,16835,14537,25,14562,261
2020-08-13,San Luis Obispo,79,281455,2637,2283,9,2292,16
2020-08-13,San Mateo,81,765935,7647,6503,4,6507,117
2020-08-13,Santa Barbara,83,443738,7995,7129,55,7184,74
2020-08-13,Santa Clara,85,1922200,15712,13257,18,13275,182
2020-08-13,Santa Cruz,87,273765,1602,1383,12,1395,6
2020-08-13,Shasta,89,179085,560,428,3,431,9
2020-08-13,Sierra,91,2930,6,5,0,5,0
2020-08-13,Siskiyou,93,43540,116,95,0,95,0
2020-08-13,Solano,95,438530,4949,4305,32,4337,31
2020-08-13,Sonoma,97,501317,4867,3902,13,3915,45
2020-08-13,Stanislaus,99,539301,13786,11953,175,12128,136
2020-08-13,Sutter,101,95872,1136,992,1,993,8
2020-08-13,Tehama,103,63373,348,302,1,303,1
2020-08-13,Trinity,105,12862,16,6,4,10,0
2020-08-13,Tulare,107,460477,13065,11692,32,11724,210
2020-08-13,Tuolumne,109,53932,169,152,2,154,1
2020-08-13,Ventura,111,848112,9968,9114,39,9153,90
2020-08-13,Yolo,113,214977,2184,1938,4,1942,44
2020-08-13,Yuba,115,75493,698,568,2,570,1
2020-08-12,Alameda,1,1643700,16196,14214,123,14337,215
2020-08-12,Alpine,3,1148,3,2,0,2,0
2020-08-12,Amador,5,37829,256,197,0,197,8
2020-08-12,Butte,7,227075,1500,1317,12,1329,15
2020-08-12,Calaveras,9,45235,184,157,0,157,1
2020-08-12,Colusa,11,21464,421,394,0,394,5
2020-08-12,Contra Costa,13,1133247,12565,10304,39,10343,134
2020-08-12,Del Norte,15,27424,101,74,0,74,0
2020-08-12,El Dorado,17,186661,899,794,0,794,2
2020-08-12,Fresno,19,978130,24722,18690,221,18911,194
2020-08-12,Glenn,21,27897,414,388,0,388,1
2020-08-12,Humboldt,23,135768,325,281,1,282,4
2020-08-12,Imperial,25,180216,10863,8566,7,8573,167
2020-08-12,Inyo,27,18085,127,97,0,97,1
2020-08-12,Kern,29,883053,27824,25191,159,25350,232
2020-08-12,Kings,31,150075,5568,4736,30,4766,50
2020-08-12,Lake,33,64148,281,253,0,253,2
2020-08-12,Lassen,35,31185,707,651,2,653,0
2020-08-12,Los Angeles,37,10098052,223988,214542,839,215381,5119
2020-08-12,Madera,39,155013,3407,2681,15,2696,23
2020-08-12,Marin,41,260295,5823,5423,12,5435,44
2020-08-12,Mariposa,43,17540,69,61,0,61,2
2020-08-12,Mendocino,45,87422,488,386,0,386,9
2020-08-12,Merced,47,269075,7068,5777,3,5780,66
2020-08-12,Modoc,49,8938,7,5,0,5,0
2020-08-12,Mono,51,14174,161,124,1,125,1
2020-08-12,Monterey,53,433212,6861,5919,16,5935,38
2020-08-12,Napa,55,140530,1326,1161,2,1163,10
2020-08-12,Nevada,57,99092,397,357,12,369,1
2020-08-12,Orange,59,3164182,47065,41576,972,42548,754
2020-08-12,Placer,61,380077,2714,2417,3,2420,25
2020-08-12,Plumas,63,18699,38,31,0,31,0
2020-08-12,Riverside,65,2383286,49532,44747,26,44773,867
2020-08-12,Sacramento,67,1510023,15606,12528,11,12539,189
2020-08-12,San Benito,69,59416,855,751,0,751,2
2020-08-12,San Bernardino,71,2135413,45050,38811,37,38848,589
2020-08-12,San Diego,73,3302833,35694,33395,0,33395,608
2020-08-12,San Francisco,75,870044,8485,7194,8,7202,66
2020-08-12,San Joaquin,77,732212,16692,14154,25,14179,253
2020-08-12,San Luis Obispo,79,281455,2612,2263,9,2272,15
2020-08-12,San Mateo,81,765935,7569,6427,4,6431,117
2020-08-12,Santa Barbara,83,443738,7935,7049,53,7102,74
2020-08-12,Santa Clara,85,1922200,15536,13002,18,13020,182
2020-08-12,Santa Cruz,87,273765,1573,1382,11,1393,6
2020-08-12,Shasta,89,179085,556,417,3,420,9
2020-08-12,Sierra,91,2930,5,4,0,4,0
2020-08-12,Siskiyou,93,43540,115,90,0,90,0
2020-08-12,Solano,95,438530,4904,4258,32,4290,31
2020-08-12,Sonoma,97,501317,4793,3847,13,3860,47
2020-08-12,Stanislaus,99,539301,13648,11682,166,11848,136
2020-08-12,Sutter,101,95872,1112,987,1,988,7
2020-08-12,Tehama,103,63373,338,289,1,290,1
2020-08-12,Trinity,105,12862,15,6,4,10,0
2020-08-12,Tulare,107,460477,12937,11460,32,11492,211
2020-08-12,Tuolumne,109,53932,168,150,2,152,1
2020-08-12,Ventura,111,848112,9883,9005,38,9043,87
2020-08-12,Yolo,113,214977,2161,1921,4,1925,44
2020-08-12,Yuba,115,75493,676,549,1,550,1
2020-08-11,Alameda,1,1643700,15938,13960,120,14080,204
2020-08-11,Alpine,3,1148,3,2,0,2,0
2020-08-11,Amador,5,37829,250,187,0,187,3
2020-08-11,Butte,7,227075,1473,1296,12,1308,15
2020-08-11,Calaveras,9,45235,182,161,0,161,1
2020-08-11,Colusa,11,21464,416,390,0,390,5
2020-08-11,Contra Costa,13,1133247,12376,10012,37,10049,131
2020-08-11,Del Norte,15,27424,100,73,0,73,0
2020-08-11,El Dorado,17,186661,892,786,0,786,2
2020-08-11,Fresno,19,978130,24402,18344,218,18562,187
2020-08-11,Glenn,21,27897,412,380,0,380,1
2020-08-11,Humboldt,23,135768,320,283,1,284,4
2020-08-11,Imperial,25,180216,10807,8518,7,8525,165
2020-08-11,Inyo,27,18085,122,97,0,97,1
2020-08-11,Kern,29,883053,27490,25042,156,25198,230
2020-08-11,Kings,31,150075,5383,4696,30,4726,50
2020-08-11,Lake,33,64148,278,243,0,243,2
2020-08-11,Lassen,35,31185,701,605,2,607,0
2020-08-11,Los Angeles,37,10098052,222487,212421,814,213235,5065
2020-08-11,Madera,39,155013,3353,2673,15,2688,22
2020-08-11,Marin,41,260295,5795,5287,11,5298,44
2020-08-11,Mariposa,43,17540,68,60,0,60,2
2020-08-11,Mendocino,45,87422,478,385,0,385,9
2020-08-11,Merced,47,269075,6973,5322,2,5324,65
2020-08-11,Modoc,49,8938,7,5,0,5,0
2020-08-11,Mono,51,14174,161,124,1,125,1
2020-08-11,Monterey,53,433212,6753,5624,16,5640,36
2020-08-11,Napa,55,140530,1315,1143,1,1144,11
2020-08-11,Nevada,57,99092,394,358,12,370,1
2020-08-11,Orange,59,3164182,46845,41205,949,42154,742
2020-08-11,Placer,61,380077,2682,2393,3,2396,24
2020-08-11,Plumas,63,18699,38,31,0,31,0
2020-08-11,Riverside,65,2383286,49173,44237,26,44263,836
2020-08-11,Sacramento,67,1510023,15319,12298,10,12308,182
2020-08-11,San Benito,69,59416,843,750,0,750,2
2020-08-11,San Bernardino,71,2135413,44709,38467,36,38503,584
2020-08-11,San Diego,73,3302833,35427,33159,0,33159,602
2020-08-11,San Francisco,75,870044,8389,6988,8,6996,66
2020-08-11,San Joaquin,77,732212,16515,13997,20,14017,251
2020-08-11,San Luis Obispo,79,281455,2555,2234,9,2243,15
2020-08-11,San Mateo,81,765935,7493,6339,4,6343,117
2020-08-11,Santa Barbara,83,443738,7885,6942,53,6995,70
2020-08-11,Santa Clara,85,1922200,15315,12920,18,12938,183
2020-08-11,Santa Cruz,87,273765,1550,1352,11,1363,4
2020-08-11,Shasta,89,179085,552,416,3,419,9
2020-08-11,Sierra,91,2930,5,4,0,4,0
2020-08-11,Siskiyou,93,43540,115,90,0,90,0
2020-08-11,Solano,95,438530,4856,4206,31,4237,31
2020-08-11,Sonoma,97,501317,4699,3752,13,3765,45
2020-08-11,Stanislaus,99,539301,13544,11592,154,11746,128
2020-08-11,Sutter,101,95872,1090,964,1,965,7
2020-08-11,Tehama,103,63373,334,289,1,290,1
2020-08-11,Trinity,105,12862,15,5,4,9,0
2020-08-11,Tulare,107,460477,12812,11392,31,11423,201
2020-08-11,Tuolumne,109,53932,164,146,2,148,1
2020-08-11,Ventura,111,848112,9815,8953,37,8990,88
2020-08-11,Yolo,113,214977,2139,1912,4,1916,44
2020-08-11,Yuba,115,75493,665,540,1,541,1
2020-08-10,Alameda,1,1643700,15698,13420,119,13539,203
2020-08-10,Alpine,3,1148,3,2,0,2,0
2020-08-10,Amador,5,37829,249,172,0,172,2
2020-08-10,Butte,7,227075,1449,1174,11,1185,15
2020-08-10,Calaveras,9,45235,172,121,0,121,1
2020-08-10,Colusa,11,21464,414,387,0,387,4
2020-08-10,Contra Costa,13,1133247,12223,9454,35,9489,130
2020-08-10,Del Norte,15,27424,98,69,0,69,0
2020-08-10,El Dorado,17,186661,880,771,0,771,2
2020-08-10,Fresno,19,978130,24121,17978,217,18195,183
2020-08-10,Glenn,21,27897,409,381,0,381,1
2020-08-10,Humboldt,23,135768,314,277,1,278,4
2020-08-10,Imperial,25,180216,10763,8465,7,8472,165
2020-08-10,Inyo,27,18085,122,97,0,97,1
2020-08-10,Kern,29,883053,27264,24499,155,24654,215
2020-08-10,Kings,31,150075,5277,4588,30,4618,50
2020-08-10,Lake,33,64148,271,239,0,239,2
2020-08-10,Lassen,35,31185,701,588,2,590,0
2020-08-10,Los Angeles,37,10098052,220905,211035,795,211830,5003
2020-08-10,Madera,39,155013,3320,2365,14,2379,22
2020-08-10,Marin,41,260295,5750,5242,10,5252,44
2020-08-10,Mariposa,43,17540,68,57,0,57,2
2020-08-10,Mendocino,45,87422,454,364,0,364,1
2020-08-10,Merced,47,269075,6892,4913,2,4915,51
2020-08-10,Modoc,49,8938,7,5,0,5,0
2020-08-10,Mono,51,14174,161,123,1,124,1
2020-08-10,Monterey,53,433212,6643,5358,16,5374,34
2020-08-10,Napa,55,140530,1297,1084,1,1085,8
2020-08-10,Nevada,57,99092,386,356,12,368,1
2020-08-10,Orange,59,3164182,46577,40445,931,41376,721
2020-08-10,Placer,61,380077,2643,2298,3,2301,21
2020-08-10,Plumas,63,18699,38,27,0,27,0
2020-08-10,Riverside,65,2383286,48787,43296,25,43321,830
2020-08-10,Sacramento,67,1510023,15006,12059,10,12069,168
2020-08-10,San Benito,69,59416,830,743,0,743,2
2020-08-10,San Bernardino,71,2135413,44332,37367,34,37401,579
2020-08-10,San Diego,73,3302833,35161,32977,0,32977,594
2020-08-10,San Francisco,75,870044,8298,6816,7,6823,66
2020-08-10,San Joaquin,77,732212,16333,13308,20,13328,240
2020-08-10,San Luis Obispo,79,281455,2456,2208,9,2217,15
2020-08-10,San Mateo,81,765935,7416,6222,4,6226,117
2020-08-10,Santa Barbara,83,443738,7830,6869,53,6922,66
2020-08-10,Santa Clara,85,1922200,15055,12615,18,12633,182
2020-08-10,Santa Cruz,87,273765,1530,1239,10,1249,4
2020-08-10,Shasta,89,179085,548,384,3,387,9
2020-08-10,Sierra,91,2930,5,3,0,3,0
2020-08-10,Siskiyou,93,43540,112,88,0,88,0
2020-08-10,Solano,95,438530,4796,4101,31,4132,31
2020-08-10,Sonoma,97,501317,4530,3640,9,3649,42
2020-08-10,Stanislaus,99,539301,13363,10855,137,10992,106
2020-08-10,Sutter,101,95872,1065,865,1,866,7
2020-08-10,Tehama,103,63373,327,282,1,283,1
2020-08-10,Trinity,105,12862,13,5,4,9,0
2020-08-10,Tulare,107,460477,12639,10750,29,10779,194
2020-08-10,Tuolumne,109,53932,164,143,1,144,1
2020-08-10,Ventura,111,848112,9731,8851,36,8887,85
2020-08-10,Yolo,113,214977,2116,1840,4,1844,45
2020-08-10,Yuba,115,75493,648,527,1,528,1
2020-08-09,Alameda,1,1643700,15420,13241,117,13358,203
2020-08-09,Alpine,3,1148,3,2,0,2,0
2020-08-09,Amador,5,37829,244,153,0,153,2
2020-08-09,Butte,7,227075,1405,1155,11,1166,15
2020-08-09,Calaveras,9,45235,167,122,0,122,1
2020-08-09,Colusa,11,21464,410,371,0,371,4
2020-08-09,Contra Costa,13,1133247,11996,9214,33,9247,130
2020-08-09,Del Norte,15,27424,98,69,0,69,0
2020-08-09,El Dorado,17,186661,872,748,0,748,2
2020-08-09,Fresno,19,978130,23813,17846,213,18059,183
2020-08-09,Glenn,21,27897,407,354,0,354,1
2020-08-09,Humboldt,23,135768,308,279,1,280,4
2020-08-09,Imperial,25,180216,10719,8310,6,8316,165
2020-08-09,Inyo,27,18085,117,86,0,86,1
2020-08-09,Kern,29,883053,27008,23680,155,23835,215
2020-08-09,Kings,31,150075,5234,4446,29,4475,50
2020-08-09,Lake,33,64148,264,225,0,225,2
2020-08-09,Lassen,35,31185,695,589,2,591,0
2020-08-09,Los Angeles,37,10098052,218843,208810,772,209582,4984
2020-08-09,Madera,39,155013,3261,2322,10,2332,22
2020-08-09,Marin,41,260295,5707,5204,10,5214,44
2020-08-09,Mariposa,43,17540,66,56,0,56,2
2020-08-09,Mendocino,45,87422,444,283,0,283,1
2020-08-09,Merced,47,269075,6794,4735,1,4736,51
2020-08-09,Modoc,49,8938,7,4,0,4,0
2020-08-09,Mono,51,14174,160,113,1,114,1
2020-08-09,Monterey,53,433212,6519,5199,16,5215,34
2020-08-09,Napa,55,140530,1278,1062,1,1063,8
2020-08-09,Nevada,57,99092,378,332,12,344,1
2020-08-09,Orange,59,3164182,46279,39244,916,40160,722
2020-08-09,Placer,61,380077,2615,2211,3,2214,20
2020-08-09,Plumas,63,18699,38,27,0,27,0
2020-08-09,Riverside,65,2383286,48444,41894,24,41918,828
2020-08-09,Sacramento,67,1510023,14729,11301,10,11311,167
2020-08-09,San Benito,69,59416,811,687,0,687,2
2020-08-09,San Bernardino,71,2135413,43857,36092,34,36126,579
2020-08-09,San Diego,73,3302833,34870,32749,0,32749,594
2020-08-09,San Francisco,75,870044,8183,6820,7,6827,66
2020-08-09,San Joaquin,77,732212,16128,12933,19,12952,240
2020-08-09,San Luis Obispo,79,281455,2420,2124,9,2133,15
2020-08-09,San Mateo,81,765935,7321,6094,4,6098,117
2020-08-09,Santa Barbara,83,443738,7743,6669,53,6722,66
2020-08-09,Santa Clara,85,1922200,14785,11878,18,11896,181
2020-08-09,Santa Cruz,87,273765,1506,1246,10,1256,4
2020-08-09,Shasta,89,179085,544,361,3,364,9
2020-08-09,Sierra,91,2930,5,3,0,3,0
2020-08-09,Siskiyou,93,43540,111,74,0,74,0
2020-08-09,Solano,95,438530,4743,3954,30,3984,31
2020-08-09,Sonoma,97,501317,4394,3531,7,3538,41
2020-08-09,Stanislaus,99,539301,13154,10264,124,10388,106
2020-08-09,Sutter,101,95872,1031,857,1,858,7
2020-08-09,Tehama,103,63373,319,265,1,266,1
2020-08-09,Trinity,105,12862,13,5,4,9,0
2020-08-09,Tulare,107,460477,12447,10630,26,10656,194
2020-08-09,Tuolumne,109,53932,161,143,1,144,1
2020-08-09,Ventura,111,848112,9584,8633,35,8668,85
2020-08-09,Yolo,113,214977,2085,1765,4,1769,44
2020-08-09,Yuba,115,75493,628,442,1,443,1
2020-08-08,Alameda,1,1643700,15310,13087,117,13204,204
2020-08-08,Alpine,3,1148,3,2,0,2,0
2020-08-08,Amador,5,37829,244,139,0,139,2
2020-08-08,Butte,7,227075,1387,1140,11,1151,15
2020-08-08,Calaveras,9,45235,166,122,0,122,1
2020-08-08,Colusa,11,21464,409,368,0,368,4
2020-08-08,Contra Costa,13,1133247,11887,9104,33,9137,129
2020-08-08,Del Norte,15,27424,97,69,0,69,0
2020-08-08,El Dorado,17,186661,865,734,0,734,2
2020-08-08,Fresno,19,978130,23677,17538,211,17749,183
2020-08-08,Glenn,21,27897,407,344,0,344,1
2020-08-08,Humboldt,23,135768,305,277,1,278,4
2020-08-08,Imperial,25,180216,10704,8213,6,8219,165
2020-08-08,Inyo,27,18085,113,86,0,86,1
2020-08-08,Kern,29,883053,26894,22803,155,22958,215
2020-08-08,Kings,31,150075,5220,4367,29,4396,49
2020-08-08,Lake,33,64148,262,221,0,221,2
2020-08-08,Lassen,35,31185,695,589,2,591,0
2020-08-08,Los Angeles,37,10098052,217954,206971,761,207732,4974
2020-08-08,Madera,39,155013,3230,2275,10,2285,22
2020-08-08,Marin,41,260295,5687,5118,10,5128,44
2020-08-08,Mariposa,43,17540,65,55,0,55,2
2020-08-08,Mendocino,45,87422,442,264,0,264,1
2020-08-08,Merced,47,269075,6754,4570,1,4571,51
2020-08-08,Modoc,49,8938,7,4,0,4,0
2020-08-08,Mono,51,14174,160,113,1,114,1
2020-08-08,Monterey,53,433212,6461,5101,16,5117,33
2020-08-08,Napa,55,140530,1270,1062,1,1063,8
2020-08-08,Nevada,57,99092,376,325,12,337,1
2020-08-08,Orange,59,3164182,46154,38688,907,39595,718
2020-08-08,Placer,61,380077,2598,2153,3,2156,20
2020-08-08,Plumas,63,18699,38,27,0,27,0
2020-08-08,Riverside,65,2383286,48241,41412,24,41436,823
2020-08-08,Sacramento,67,1510023,14599,11144,10,11154,166
2020-08-08,San Benito,69,59416,803,684,0,684,2
2020-08-08,San Bernardino,71,2135413,43661,35691,33,35724,531
2020-08-08,San Diego,73,3302833,34681,32332,0,32332,593
2020-08-08,San Francisco,75,870044,8117,6820,7,6827,66
2020-08-08,San Joaquin,77,732212,16047,12559,18,12577,240
2020-08-08,San Luis Obispo,79,281455,2397,2081,9,2090,15
2020-08-08,San Mateo,81,765935,7263,6021,4,6025,117
2020-08-08,Santa Barbara,83,443738,7705,6598,53,6651,66
2020-08-08,Santa Clara,85,1922200,14634,11615,18,11633,181
2020-08-08,Santa Cruz,87,273765,1492,1247,10,1257,4
2020-08-08,Shasta,89,179085,542,343,3,346,9
2020-08-08,Sierra,91,2930,5,3,0,3,0
2020-08-08,Siskiyou,93,43540,111,73,0,73,0
2020-08-08,Solano,95,438530,4722,3889,29,3918,31
2020-08-08,Sonoma,97,501317,4362,3399,7,3406,41
2020-08-08,Stanislaus,99,539301,13079,9963,118,10081,105
2020-08-08,Sutter,101,95872,1021,830,1,831,7
2020-08-08,Tehama,103,63373,318,251,1,252,1
2020-08-08,Trinity,105,12862,13,5,4,9,0
2020-08-08,Tulare,107,460477,12371,10505,26,10531,192
2020-08-08,Tuolumne,109,53932,161,143,1,144,1
2020-08-08,Ventura,111,848112,9530,8462,34,8496,85
2020-08-08,Yolo,113,214977,2072,1725,4,1729,44
2020-08-08,Yuba,115,75493,619,430,1,431,1
2020-08-07,Alameda,1,1643700,15201,12805,117,12922,204
2020-08-07,Alpine,3,1148,3,2,0,2,0
2020-08-07,Amador,5,37829,242,125,0,125,2
2020-08-07,Butte,7,227075,1369,1092,11,1103,13
2020-08-07,Calaveras,9,45235,166,119,0,119,1
2020-08-07,Colusa,11,21464,408,358,0,358,4
2020-08-07,Contra Costa,13,1133247,11738,8810,33,8843,126
2020-08-07,Del Norte,15,27424,97,69,0,69,0
2020-08-07,El Dorado,17,186661,860,724,0,724,2
2020-08-07,Fresno,19,978130,23517,17290,211,17501,171
2020-08-07,Glenn,21,27897,406,339,0,339,1
2020-08-07,Humboldt,23,135768,301,274,1,275,4
2020-08-07,Imperial,25,180216,10679,8085,6,8091,164
2020-08-07,Inyo,27,18085,112,81,0,81,1
2020-08-07,Kern,29,883053,26768,22143,152,22295,206
2020-08-07,Kings,31,150075,5203,4315,29,4344,48
2020-08-07,Lake,33,64148,260,215,0,215,1
2020-08-07,Lassen,35,31185,694,588,2,590,0
2020-08-07,Los Angeles,37,10098052,216497,204406,749,205155,4924
2020-08-07,Madera,39,155013,3198,2245,10,2255,20
2020-08-07,Marin,41,260295,5658,5094,10,5104,43
2020-08-07,Mariposa,43,17540,65,53,0,53,2
2020-08-07,Mendocino,45,87422,428,262,0,262,1
2020-08-07,Merced,47,269075,6711,4358,1,4359,30
2020-08-07,Modoc,49,8938,7,4,0,4,0
2020-08-07,Mono,51,14174,160,112,1,113,1
2020-08-07,Monterey,53,433212,6386,5041,16,5057,33
2020-08-07,Napa,55,140530,1265,1055,1,1056,8
2020-08-07,Nevada,57,99092,373,324,12,336,1
2020-08-07,Orange,59,3164182,45942,38459,890,39349,701
2020-08-07,Placer,61,380077,2581,2078,3,2081,20
2020-08-07,Plumas,63,18699,38,25,0,25,0
2020-08-07,Riverside,65,2383286,47977,40902,23,40925,810
2020-08-07,Sacramento,67,1510023,14454,10798,10,10808,160
2020-08-07,San Benito,69,59416,797,647,0,647,2
2020-08-07,San Bernardino,71,2135413,43415,35200,32,35232,524
2020-08-07,San Diego,73,3302833,34496,31781,0,31781,586
2020-08-07,San Francisco,75,870044,8039,6765,7,6772,66
2020-08-07,San Joaquin,77,732212,15963,12392,18,12410,223
2020-08-07,San Luis Obispo,79,281455,2366,2050,9,2059,14
2020-08-07,San Mateo,81,765935,7204,5948,4,5952,117
2020-08-07,Santa Barbara,83,443738,7654,6509,53,6562,66
2020-08-07,Santa Clara,85,1922200,14435,11409,18,11427,180
2020-08-07,Santa Cruz,87,273765,1474,1234,10,1244,5
2020-08-07,Shasta,89,179085,537,342,3,345,9
2020-08-07,Sierra,91,2930,5,3,0,3,0
2020-08-07,Siskiyou,93,43540,108,73,0,73,0
2020-08-07,Solano,95,438530,4690,3844,28,3872,31
2020-08-07,Sonoma,97,501317,4298,3329,7,3336,34
2020-08-07,Stanislaus,99,539301,12958,9665,107,9772,98
2020-08-07,Sutter,101,95872,1017,807,1,808,6
2020-08-07,Tehama,103,63373,314,246,1,247,1
2020-08-07,Trinity,105,12862,12,5,4,9,0
2020-08-07,Tulare,107,460477,12294,10292,26,10318,195
2020-08-07,Tuolumne,109,53932,160,136,1,137,1
2020-08-07,Ventura,111,848112,9470,8356,32,8388,84
2020-08-07,Yolo,113,214977,2046,1689,4,1693,37
2020-08-07,Yuba,115,75493,614,413,1,414,1
2020-08-06,Alameda,1,1643700,14980,12474,116,12590,200
2020-08-06,Alpine,3,1148,3,2,0,2,0
2020-08-06,Amador,5,37829,228,125,0,125,0
2020-08-06,Butte,7,227075,1350,1060,11,1071,13
2020-08-06,Calaveras,9,45235,164,117,0,117,1
2020-08-06,Colusa,11,21464,405,358,0,358,3
2020-08-06,Contra Costa,13,1133247,11544,8583,32,8615,124
2020-08-06,Del Norte,15,27424,97,69,0,69,0
2020-08-06,El Dorado,17,186661,849,703,0,703,1
2020-08-06,Fresno,19,978130,23222,17031,203,17234,161
2020-08-06,Glenn,21,27897,401,332,0,332,1
2020-08-06,Humboldt,23,135768,296,266,1,267,4
2020-08-06,Imperial,25,180216,10635,8064,6,8070,163
2020-08-06,Inyo,27,18085,104,83,0,83,1
2020-08-06,Kern,29,883053,26532,21843,151,21994,197
2020-08-06,Kings,31,150075,5143,4264,27,4291,47
2020-08-06,Lake,33,64148,257,209,0,209,1
2020-08-06,Lassen,35,31185,692,588,2,590,0
2020-08-06,Los Angeles,37,10098052,214419,201372,732,202104,4874
2020-08-06,Madera,39,155013,3150,2240,9,2249,19
2020-08-06,Marin,41,260295,5626,5058,10,5068,43
2020-08-06,Mariposa,43,17540,64,52,0,52,2
2020-08-06,Mendocino,45,87422,414,260,0,260,1
2020-08-06,Merced,47,269075,6610,4235,1,4236,30
2020-08-06,Modoc,49,8938,7,4,0,4,0
2020-08-06,Mono,51,14174,159,111,1,112,1
2020-08-06,Monterey,53,433212,6277,5001,15,5016,33
2020-08-06,Napa,55,140530,1251,1032,1,1033,8
2020-08-06,Nevada,57,99092,368,321,12,333,1
2020-08-06,Orange,59,3164182,45650,38399,885,39284,694
2020-08-06,Placer,61,380077,2554,2045,3,2048,20
2020-08-06,Plumas,63,18699,37,25,0,25,0
2020-08-06,Riverside,65,2383286,47582,40269,23,40292,781
2020-08-06,Sacramento,67,1510023,14223,10548,10,10558,153
2020-08-06,San Benito,69,59416,789,626,0,626,2
2020-08-06,San Bernardino,71,2135413,43012,34819,32,34851,516
2020-08-06,San Diego,73,3302833,34229,31129,0,31129,583
2020-08-06,San Francisco,75,870044,7946,6737,6,6743,60
2020-08-06,San Joaquin,77,732212,15804,12269,18,12287,203
2020-08-06,San Luis Obispo,79,281455,2342,2000,9,2009,13
2020-08-06,San Mateo,81,765935,7105,5885,4,5889,117
2020-08-06,Santa Barbara,83,443738,7594,6620,53,6673,65
2020-08-06,Santa Clara,85,1922200,14206,11280,18,11298,178
2020-08-06,Santa Cruz,87,273765,1453,1215,10,1225,4
2020-08-06,Shasta,89,179085,528,343,3,346,9
2020-08-06,Sierra,91,2930,5,3,0,3,0
2020-08-06,Siskiyou,93,43540,108,73,0,73,0
2020-08-06,Solano,95,438530,4647,3784,28,3812,29
2020-08-06,Sonoma,97,501317,4234,3259,7,3266,33
2020-08-06,Stanislaus,99,539301,12809,9566,90,9656,98
2020-08-06,Sutter,101,95872,986,797,1,798,6
2020-08-06,Tehama,103,63373,311,242,1,243,1
2020-08-06,Trinity,105,12862,10,5,4,9,0
2020-08-06,Tulare,107,460477,12135,10169,26,10195,195
2020-08-06,Tuolumne,109,53932,159,136,1,137,1
2020-08-06,Ventura,111,848112,9359,8245,29,8274,80
2020-08-06,Yolo,113,214977,2022,1662,4,1666,36
2020-08-06,Yuba,115,75493,605,407,0,407,1
2020-08-05,Alameda,1,1643700,14768,12140,115,12255,193
2020-08-05,Alpine,3,1148,3,2,0,2,0
2020-08-05,Amador,5,37829,218,123,0,123,0
2020-08-05,Butte,7,227075,1316,1038,11,1049,13
2020-08-05,Calaveras,9,45235,161,116,0,116,1
2020-08-05,Colusa,11,21464,401,354,0,354,3
2020-08-05,Contra Costa,13,1133247,11380,8362,32,8394,122
2020-08-05,Del Norte,15,27424,96,69,0,69,0
2020-08-05,El Dorado,17,186661,841,692,0,692,1
2020-08-05,Fresno,19,978130,22980,16625,196,16821,159
2020-08-05,Glenn,21,27897,398,330,0,330,1
2020-08-05,Humboldt,23,135768,294,249,1,250,4
2020-08-05,Imperial,25,180216,10600,8036,6,8042,163
2020-08-05,Inyo,27,18085,102,62,0,62,1
2020-08-05,Kern,29,883053,26344,21540,146,21686,194
2020-08-05,Kings,31,150075,5098,4192,25,4217,47
2020-08-05,Lake,33,64148,250,209,0,209,1
2020-08-05,Lassen,35,31185,645,557,2,559,0
2020-08-05,Los Angeles,37,10098052,212501,198355,711,199066,4832
2020-08-05,Madera,39,155013,3108,2172,9,2181,19
2020-08-05,Marin,41,260295,5594,5036,10,5046,43
2020-08-05,Mariposa,43,17540,64,52,0,52,2
2020-08-05,Mendocino,45,87422,402,248,0,248,1
2020-08-05,Merced,47,269075,6475,4119,1,4120,30
2020-08-05,Modoc,49,8938,7,3,0,3,0
2020-08-05,Mono,51,14174,159,104,1,105,1
2020-08-05,Monterey,53,433212,6162,4936,15,4951,32
2020-08-05,Napa,55,140530,1239,1020,1,1021,8
2020-08-05,Nevada,57,99092,359,327,12,339,2
2020-08-05,Orange,59,3164182,45341,37907,878,38785,663
2020-08-05,Placer,61,380077,2513,1989,3,1992,18
2020-08-05,Plumas,63,18699,36,25,0,25,0
2020-08-05,Riverside,65,2383286,47191,39454,21,39475,761
2020-08-05,Sacramento,67,1510023,14005,10261,9,10270,151
2020-08-05,San Benito,69,59416,780,613,0,613,2
2020-08-05,San Bernardino,71,2135413,42549,34442,30,34472,504
2020-08-05,San Diego,73,3302833,34005,30866,0,30866,578
2020-08-05,San Francisco,75,870044,7853,6701,6,6707,60
2020-08-05,San Joaquin,77,732212,15641,12148,18,12166,199
2020-08-05,San Luis Obispo,79,281455,2319,1928,9,1937,13
2020-08-05,San Mateo,81,765935,7009,5695,4,5699,116
2020-08-05,Santa Barbara,83,443738,7533,6597,53,6650,63
2020-08-05,Santa Clara,85,1922200,13971,11074,18,11092,176
2020-08-05,Santa Cruz,87,273765,1433,1192,9,1201,4
2020-08-05,Shasta,89,179085,522,338,3,341,9
2020-08-05,Sierra,91,2930,5,3,0,3,0
2020-08-05,Siskiyou,93,43540,104,72,0,72,0
2020-08-05,Solano,95,438530,4596,3750,27,3777,29
2020-08-05,Sonoma,97,501317,4152,3173,7,3180,33
2020-08-05,Stanislaus,99,539301,12650,9408,85,9493,97
2020-08-05,Sutter,101,95872,975,780,1,781,6
2020-08-05,Tehama,103,63373,308,231,1,232,1
2020-08-05,Trinity,105,12862,10,5,4,9,0
2020-08-05,Tulare,107,460477,11995,9924,26,9950,192
2020-08-05,Tuolumne,109,53932,159,137,1,138,0
2020-08-05,Ventura,111,848112,9252,8162,26,8188,75
2020-08-05,Yolo,113,214977,1994,1634,4,1638,36
2020-08-05,Yuba,115,75493,588,400,0,400,1
2020-08-04,Alameda,1,1643700,14551,11983,114,12097,192
2020-08-04,Alpine,3,1148,3,2,0,2,0
2020-08-04,Amador,5,37829,203,123,0,123,0
2020-08-04,Butte,7,227075,1292,1011,11,1022,10
2020-08-04,Calaveras,9,45235,157,116,0,116,1
2020-08-04,Colusa,11,21464,396,354,0,354,3
2020-08-04,Contra Costa,13,1133247,11214,8210,32,8242,122
2020-08-04,Del Norte,15,27424,94,69,0,69,0
2020-08-04,El Dorado,17,186661,831,668,0,668,1
2020-08-04,Fresno,19,978130,22697,16272,188,16460,154
2020-08-04,Glenn,21,27897,397,325,0,325,1
2020-08-04,Humboldt,23,135768,284,241,1,242,4
2020-08-04,Imperial,25,180216,10563,7974,6,7980,163
2020-08-04,Inyo,27,18085,88,59,0,59,1
2020-08-04,Kern,29,883053,26060,21403,146,21549,190
2020-08-04,Kings,31,150075,5037,4163,25,4188,47
2020-08-04,Lake,33,64148,250,206,0,206,1
2020-08-04,Lassen,35,31185,642,556,2,558,0
2020-08-04,Los Angeles,37,10098052,210537,196014,680,196694,4764
2020-08-04,Madera,39,155013,3065,2161,4,2165,19
2020-08-04,Marin,41,260295,5563,5020,9,5029,43
2020-08-04,Mariposa,43,17540,64,51,0,51,2
2020-08-04,Mendocino,45,87422,377,248,0,248,1
2020-08-04,Merced,47,269075,6361,4085,1,4086,30
2020-08-04,Modoc,49,8938,7,3,0,3,0
2020-08-04,Mono,51,14174,158,104,0,104,1
2020-08-04,Monterey,53,433212,6048,4892,15,4907,32
2020-08-04,Napa,55,140530,1226,994,0,994,8
2020-08-04,Nevada,57,99092,358,322,12,334,2
2020-08-04,Orange,59,3164182,44968,37844,873,38717,659
2020-08-04,Placer,61,380077,2474,1964,3,1967,17
2020-08-04,Plumas,63,18699,36,25,0,25,0
2020-08-04,Riverside,65,2383286,46806,38991,20,39011,743
2020-08-04,Sacramento,67,1510023,13786,10205,9,10214,146
2020-08-04,San Benito,69,59416,764,608,0,608,2
2020-08-04,San Bernardino,71,2135413,42004,34215,29,34244,495
2020-08-04,San Diego,73,3302833,33712,30518,0,30518,568
2020-08-04,San Francisco,75,870044,7766,6568,6,6574,60
2020-08-04,San Joaquin,77,732212,15512,12087,15,12102,189
2020-08-04,San Luis Obispo,79,281455,2289,1886,9,1895,13
2020-08-04,San Mateo,81,765935,6903,5690,4,5694,116
2020-08-04,Santa Barbara,83,443738,7473,6591,53,6644,61
2020-08-04,Santa Clara,85,1922200,13671,10986,18,11004,175
2020-08-04,Santa Cruz,87,273765,1414,1202,9,1211,4
2020-08-04,Shasta,89,179085,516,335,3,338,9
2020-08-04,Sierra,91,2930,5,1,0,1,0
2020-08-04,Siskiyou,93,43540,102,71,0,71,0
2020-08-04,Solano,95,438530,4525,3690,27,3717,29
2020-08-04,Sonoma,97,501317,4085,3108,7,3115,33
2020-08-04,Stanislaus,99,539301,12481,9359,77,9436,97
2020-08-04,Sutter,101,95872,961,761,1,762,6
2020-08-04,Tehama,103,63373,301,226,1,227,1
2020-08-04,Trinity,105,12862,10,5,4,9,0
2020-08-04,Tulare,107,460477,11815,9866,26,9892,192
2020-08-04,Tuolumne,109,53932,158,127,1,128,0
2020-08-04,Ventura,111,848112,9146,8134,24,8158,75
2020-08-04,Yolo,113,214977,1968,1626,4,1630,37
2020-08-04,Yuba,115,75493,573,398,0,398,1
2020-08-03,Alameda,1,1643700,14368,11817,110,11927,189
2020-08-03,Alpine,3,1148,3,2,0,2,0
2020-08-03,Amador,5,37829,199,119,0,119,0
2020-08-03,Butte,7,227075,1246,989,10,999,9
2020-08-03,Calaveras,9,45235,154,117,0,117,1
2020-08-03,Colusa,11,21464,392,336,0,336,2
2020-08-03,Contra Costa,13,1133247,11018,8069,28,8097,120
2020-08-03,Del Norte,15,27424,90,68,0,68,0
2020-08-03,El Dorado,17,186661,820,645,0,645,1
2020-08-03,Fresno,19,978130,22402,15945,182,16127,151
2020-08-03,Glenn,21,27897,390,316,0,316,1
2020-08-03,Humboldt,23,135768,277,234,1,235,4
2020-08-03,Imperial,25,180216,10509,7953,6,7959,161
2020-08-03,Inyo,27,18085,85,57,0,57,1
2020-08-03,Kern,29,883053,25693,21285,139,21424,176
2020-08-03,Kings,31,150075,4925,4107,25,4132,47
2020-08-03,Lake,33,64148,243,201,0,201,1
2020-08-03,Lassen,35,31185,642,555,2,557,0
2020-08-03,Los Angeles,37,10098052,208494,194103,649,194752,4706
2020-08-03,Madera,39,155013,3016,2143,3,2146,18
2020-08-03,Marin,41,260295,5516,5001,9,5010,43
2020-08-03,Mariposa,43,17540,63,52,0,52,2
2020-08-03,Mendocino,45,87422,354,248,0,248,1
2020-08-03,Merced,47,269075,6239,4028,1,4029,29
2020-08-03,Modoc,49,8938,7,2,0,2,0
2020-08-03,Mono,51,14174,158,104,0,104,1
2020-08-03,Monterey,53,433212,5897,4806,12,4818,28
2020-08-03,Napa,55,140530,1211,973,0,973,8
2020-08-03,Nevada,57,99092,353,315,12,327,2
2020-08-03,Orange,59,3164182,44574,37705,864,38569,651
2020-08-03,Placer,61,380077,2419,1947,2,1949,16
2020-08-03,Plumas,63,18699,36,25,0,25,0
2020-08-03,Riverside,65,2383286,46338,38642,20,38662,740
2020-08-03,Sacramento,67,1510023,13589,10143,9,10152,142
2020-08-03,San Benito,69,59416,752,603,0,603,2
2020-08-03,San Bernardino,71,2135413,41476,33979,28,34007,444
2020-08-03,San Diego,73,3302833,33399,30228,0,30228,565
2020-08-03,San Francisco,75,870044,7672,6319,6,6325,60
2020-08-03,San Joaquin,77,732212,15313,12007,14,12021,189
2020-08-03,San Luis Obispo,79,281455,2247,1863,6,1869,14
2020-08-03,San Mateo,81,765935,6822,5661,4,5665,115
2020-08-03,Santa Barbara,83,443738,7429,6580,53,6633,59
2020-08-03,Santa Clara,85,1922200,13395,10747,18,10765,172
2020-08-03,Santa Cruz,87,273765,1394,1154,9,1163,4
2020-08-03,Shasta,89,179085,509,322,3,325,9
2020-08-03,Sierra,91,2930,5,1,0,1,0
2020-08-03,Siskiyou,93,43540,98,67,0,67,0
2020-08-03,Solano,95,438530,4456,3610,26,3636,29
2020-08-03,Sonoma,97,501317,3986,3079,6,3085,33
2020-08-03,Stanislaus,99,539301,12274,9308,69,9377,96
2020-08-03,Sutter,101,95872,937,713,1,714,6
2020-08-03,Tehama,103,63373,293,225,1,226,1
2020-08-03,Trinity,105,12862,10,5,4,9,0
2020-08-03,Tulare,107,460477,11631,9703,26,9729,188
2020-08-03,Tuolumne,109,53932,158,123,1,124,0
2020-08-03,Ventura,111,848112,9060,8084,22,8106,74
2020-08-03,Yolo,113,214977,1933,1598,3,1601,37
2020-08-03,Yuba,115,75493,549,393,0,393,1
2020-08-02,Alameda,1,1643700,14124,11696,96,11792,188
2020-08-02,Alpine,3,1148,3,2,0,2,0
2020-08-02,Amador,5,37829,194,117,0,117,0
2020-08-02,Butte,7,227075,1211,987,10,997,9
2020-08-02,Calaveras,9,45235,151,116,0,116,1
2020-08-02,Colusa,11,21464,387,335,0,335,2
2020-08-02,Contra Costa,13,1133247,10780,7995,28,8023,118
2020-08-02,Del Norte,15,27424,89,68,0,68,0
2020-08-02,El Dorado,17,186661,810,643,0,643,1
2020-08-02,Fresno,19,978130,22127,15759,175,15934,151
2020-08-02,Glenn,21,27897,389,315,0,315,1
2020-08-02,Humboldt,23,135768,272,232,1,233,4
2020-08-02,Imperial,25,180216,10446,7919,6,7925,157
2020-08-02,Inyo,27,18085,84,45,0,45,1
2020-08-02,Kern,29,883053,25395,21162,137,21299,176
2020-08-02,Kings,31,150075,4863,3964,24,3988,47
2020-08-02,Lake,33,64148,238,201,0,201,1
2020-08-02,Lassen,35,31185,642,555,2,557,0
2020-08-02,Los Angeles,37,10098052,206394,192480,631,193111,4698
2020-08-02,Madera,39,155013,2950,2123,1,2124,18
2020-08-02,Marin,41,260295,5481,4985,9,4994,43
2020-08-02,Mariposa,43,17540,61,52,0,52,2
2020-08-02,Mendocino,45,87422,344,247,0,247,1
2020-08-02,Merced,47,269075,6098,4011,1,4012,29
2020-08-02,Modoc,49,8938,7,2,0,2,0
2020-08-02,Mono,51,14174,151,104,0,104,1
2020-08-02,Monterey,53,433212,5772,4698,12,4710,28
2020-08-02,Napa,55,140530,1196,956,0,956,8
2020-08-02,Nevada,57,99092,350,314,12,326,2
2020-08-02,Orange,59,3164182,44193,37266,853,38119,651
2020-08-02,Placer,61,380077,2379,1920,2,1922,15
2020-08-02,Plumas,63,18699,36,25,0,25,0
2020-08-02,Riverside,65,2383286,45905,38507,20,38527,735
2020-08-02,Sacramento,67,1510023,13304,10099,9,10108,142
2020-08-02,San Benito,69,59416,738,599,0,599,2
2020-08-02,San Bernardino,71,2135413,40877,33643,28,33671,443
2020-08-02,San Diego,73,3302833,33060,29885,0,29885,565
2020-08-02,San Francisco,75,870044,7554,6297,6,6303,60
2020-08-02,San Joaquin,77,732212,15027,11937,12,11949,189
2020-08-02,San Luis Obispo,79,281455,2185,1821,6,1827,14
2020-08-02,San Mateo,81,765935,6707,5618,4,5622,115
2020-08-02,Santa Barbara,83,443738,7338,6532,53,6585,59
2020-08-02,Santa Clara,85,1922200,13177,10577,18,10595,172
2020-08-02,Santa Cruz,87,273765,1374,1162,9,1171,4
2020-08-02,Shasta,89,179085,505,318,3,321,9
2020-08-02,Sierra,91,2930,4,1,0,1,0
2020-08-02,Siskiyou,93,43540,98,65,0,65,0
2020-08-02,Solano,95,438530,4397,3609,26,3635,29
2020-08-02,Sonoma,97,501317,3902,3005,6,3011,33
2020-08-02,Stanislaus,99,539301,12059,9277,63,9340,96
2020-08-02,Sutter,101,95872,902,714,1,715,6
2020-08-02,Tehama,103,63373,287,222,1,223,1
2020-08-02,Trinity,105,12862,10,5,4,9,0
2020-08-02,Tulare,107,460477,11422,9593,26,9619,188
2020-08-02,Tuolumne,109,53932,155,123,1,124,0
2020-08-02,Ventura,111,848112,8918,8014,22,8036,73
2020-08-02,Yolo,113,214977,1909,1588,3,1591,37
2020-08-02,Yuba,115,75493,529,393,0,393,1
2020-08-01,Alameda,1,1643700,14013,11590,96,11686,188
2020-08-01,Alpine,3,1148,3,2,0,2,0
2020-08-01,Amador,5,37829,190,109,0,109,0
2020-08-01,Butte,7,227075,1197,976,10,986,9
2020-08-01,Calaveras,9,45235,147,116,0,116,1
2020-08-01,Colusa,11,21464,386,327,0,327,2
2020-08-01,Contra Costa,13,1133247,10647,7867,27,7894,116
2020-08-01,Del Norte,15,27424,89,68,0,68,0
2020-08-01,El Dorado,17,186661,807,637,0,637,1
2020-08-01,Fresno,19,978130,21990,15448,175,15623,149
2020-08-01,Glenn,21,27897,388,311,0,311,1
2020-08-01,Humboldt,23,135768,271,232,1,233,4
2020-08-01,Imperial,25,180216,10410,7919,6,7925,156
2020-08-01,Inyo,27,18085,82,45,0,45,1
2020-08-01,Kern,29,883053,25235,20796,133,20929,176
2020-08-01,Kings,31,150075,4837,3948,24,3972,47
2020-08-01,Lake,33,64148,236,194,0,194,1
2020-08-01,Lassen,35,31185,641,555,2,557,0
2020-08-01,Los Angeles,37,10098052,205504,191023,603,191626,4674
2020-08-01,Madera,39,155013,2912,2103,1,2104,18
2020-08-01,Marin,41,260295,5467,4945,8,4953,43
2020-08-01,Mariposa,43,17540,61,50,0,50,2
2020-08-01,Mendocino,45,87422,337,243,0,243,1
2020-08-01,Merced,47,269075,6050,3972,1,3973,29
2020-08-01,Modoc,49,8938,7,2,0,2,0
2020-08-01,Mono,51,14174,150,104,0,104,1
2020-08-01,Monterey,53,433212,5705,4611,11,4622,28
2020-08-01,Napa,55,140530,1187,923,0,923,8
2020-08-01,Nevada,57,99092,346,305,12,317,2
2020-08-01,Orange,59,3164182,43966,36703,847,37550,648
2020-08-01,Placer,61,380077,2346,1891,2,1893,14
2020-08-01,Plumas,63,18699,35,25,0,25,0
2020-08-01,Riverside,65,2383286,45694,38216,19,38235,704
2020-08-01,Sacramento,67,1510023,13147,10044,9,10053,141
2020-08-01,San Benito,69,59416,727,579,0,579,2
2020-08-01,San Bernardino,71,2135413,40642,32947,28,32975,440
2020-08-01,San Diego,73,3302833,32843,29579,0,29579,565
2020-08-01,San Francisco,75,870044,7492,6296,6,6302,60
2020-08-01,San Joaquin,77,732212,14955,11807,11,11818,189
2020-08-01,San Luis Obispo,79,281455,2158,1798,6,1804,13
2020-08-01,San Mateo,81,765935,6652,5520,4,5524,115
2020-08-01,Santa Barbara,83,443738,7298,6465,53,6518,59
2020-08-01,Santa Clara,85,1922200,13026,10281,18,10299,171
2020-08-01,Santa Cruz,87,273765,1358,1164,9,1173,4
2020-08-01,Shasta,89,179085,500,312,3,315,9
2020-08-01,Sierra,91,2930,3,1,0,1,0
2020-08-01,Siskiyou,93,43540,98,64,0,64,0
2020-08-01,Solano,95,438530,4363,3591,25,3616,29
2020-08-01,Sonoma,97,501317,3856,2890,6,2896,29
2020-08-01,Stanislaus,99,539301,11941,9221,55,9276,96
2020-08-01,Sutter,101,95872,898,714,1,715,6
2020-08-01,Tehama,103,63373,284,220,1,221,1
2020-08-01,Trinity,105,12862,10,5,4,9,0
2020-08-01,Tulare,107,460477,11354,9520,26,9546,188
2020-08-01,Tuolumne,109,53932,155,123,1,124,0
2020-08-01,Ventura,111,848112,8872,7819,22,7841,73
2020-08-01,Yolo,113,214977,1899,1557,3,1560,37
2020-08-01,Yuba,115,75493,524,387,0,387,1
2020-07-31,Alameda,1,1643700,13881,11441,96,11537,187
2020-07-31,Alpine,3,1148,3,2,0,2,0
2020-07-31,Amador,5,37829,189,98,0,98,0
2020-07-31,Butte,7,227075,1174,925,10,935,7
2020-07-31,Calaveras,9,45235,147,112,0,112,1
2020-07-31,Colusa,11,21464,376,319,0,319,2
2020-07-31,Contra Costa,13,1133247,10499,7697,26,7723,113
2020-07-31,Del Norte,15,27424,88,68,0,68,0
2020-07-31,El Dorado,17,186661,796,616,0,616,1
2020-07-31,Fresno,19,978130,21771,15083,175,15258,133
2020-07-31,Glenn,21,27897,381,304,0,304,1
2020-07-31,Humboldt,23,135768,264,229,1,230,4
2020-07-31,Imperial,25,180216,10378,7886,6,7892,155
2020-07-31,Inyo,27,18085,72,45,0,45,1
2020-07-31,Kern,29,883053,24994,20061,128,20189,173
2020-07-31,Kings,31,150075,4809,3807,24,3831,45
2020-07-31,Lake,33,64148,235,191,0,191,1
2020-07-31,Lassen,35,31185,636,544,2,546,0
2020-07-31,Los Angeles,37,10098052,203896,188688,591,189279,4628
2020-07-31,Madera,39,155013,2865,2036,1,2037,19
2020-07-31,Marin,41,260295,5423,4885,5,4890,43
2020-07-31,Mariposa,43,17540,61,49,0,49,2
2020-07-31,Mendocino,45,87422,322,232,0,232,1
2020-07-31,Merced,47,269075,5967,3789,1,3790,30
2020-07-31,Modoc,49,8938,6,0,0,0,0
2020-07-31,Mono,51,14174,149,104,0,104,1
2020-07-31,Monterey,53,433212,5613,4493,11,4504,24
2020-07-31,Napa,55,140530,1175,897,0,897,7
2020-07-31,Nevada,57,99092,344,302,12,314,2
2020-07-31,Orange,59,3164182,43666,36196,831,37027,620
2020-07-31,Placer,61,380077,2322,1853,2,1855,14
2020-07-31,Plumas,63,18699,34,25,0,25,0
2020-07-31,Riverside,65,2383286,45304,37612,19,37631,694
2020-07-31,Sacramento,67,1510023,12966,9872,9,9881,132
2020-07-31,San Benito,69,59416,719,567,0,567,2
2020-07-31,San Bernardino,71,2135413,40313,32332,27,32359,434
2020-07-31,San Diego,73,3302833,32609,29050,0,29050,561
2020-07-31,San Francisco,75,870044,7393,6126,6,6132,60
2020-07-31,San Joaquin,77,732212,14819,11561,11,11572,177
2020-07-31,San Luis Obispo,79,281455,2088,1746,6,1752,12
2020-07-31,San Mateo,81,765935,6580,5416,4,5420,115
2020-07-31,Santa Barbara,83,443738,7231,6375,53,6428,58
2020-07-31,Santa Clara,85,1922200,12805,9863,18,9881,171
2020-07-31,Santa Cruz,87,273765,1335,1118,9,1127,4
2020-07-31,Shasta,89,179085,490,305,3,308,9
2020-07-31,Sierra,91,2930,3,1,0,1,0
2020-07-31,Siskiyou,93,43540,96,61,0,61,0
2020-07-31,Solano,95,438530,4316,3510,24,3534,29
2020-07-31,Sonoma,97,501317,3798,2745,6,2751,27
2020-07-31,Stanislaus,99,539301,11834,9061,50,9111,94
2020-07-31,Sutter,101,95872,893,714,1,715,6
2020-07-31,Tehama,103,63373,281,213,1,214,1
2020-07-31,Trinity,105,12862,10,5,4,9,0
2020-07-31,Tulare,107,460477,11233,9365,26,9391,184
2020-07-31,Tuolumne,109,53932,155,120,1,121,0
2020-07-31,Ventura,111,848112,8797,7521,22,7543,71
2020-07-31,Yolo,113,214977,1873,1522,3,1525,38
2020-07-31,Yuba,115,75493,515,369,0,369,1
2020-07-30,Alameda,1,1643700,13683,11303,52,11355,185
2020-07-30,Alpine,3,1148,3,2,0,2,0
2020-07-30,Amador,5,37829,171,97,0,97,0
2020-07-30,Butte,7,227075,1158,915,10,925,7
2020-07-30,Calaveras,9,45235,143,111,0,111,1
2020-07-30,Colusa,11,21464,373,315,0,315,2
2020-07-30,Contra Costa,13,1133247,10314,7615,25,7640,112
2020-07-30,Del Norte,15,27424,88,68,0,68,0
2020-07-30,El Dorado,17,186661,789,608,0,608,1
2020-07-30,Fresno,19,978130,21436,14793,169,14962,133
2020-07-30,Glenn,21,27897,374,297,0,297,1
2020-07-30,Humboldt,23,135768,262,228,1,229,4
2020-07-30,Imperial,25,180216,10319,7849,6,7855,151
2020-07-30,Inyo,27,18085,68,44,0,44,1
2020-07-30,Kern,29,883053,24701,19552,124,19676,171
2020-07-30,Kings,31,150075,4705,3785,24,3809,43
2020-07-30,Lake,33,64148,229,181,0,181,1
2020-07-30,Lassen,35,31185,633,544,2,546,0
2020-07-30,Los Angeles,37,10098052,201861,186177,558,186735,4564
2020-07-30,Madera,39,155013,2795,2007,1,2008,18
2020-07-30,Marin,41,260295,5381,4835,4,4839,39
2020-07-30,Mariposa,43,17540,61,49,0,49,1
2020-07-30,Mendocino,45,87422,315,232,0,232,1
2020-07-30,Merced,47,269075,5803,3695,1,3696,30
2020-07-30,Modoc,49,8938,6,0,0,0,0
2020-07-30,Mono,51,14174,148,104,0,104,1
2020-07-30,Monterey,53,433212,5501,4352,11,4363,24
2020-07-30,Napa,55,140530,1158,874,0,874,7
2020-07-30,Nevada,57,99092,339,292,12,304,2
2020-07-30,Orange,59,3164182,43252,36105,806,36911,607
2020-07-30,Placer,61,380077,2268,1821,2,1823,14
2020-07-30,Plumas,63,18699,33,25,0,25,0
2020-07-30,Riverside,65,2383286,44763,37308,19,37327,685
2020-07-30,Sacramento,67,1510023,12745,9704,9,9713,126
2020-07-30,San Benito,69,59416,706,558,0,558,2
2020-07-30,San Bernardino,71,2135413,39789,32010,27,32037,427
2020-07-30,San Diego,73,3302833,32262,28670,0,28670,558
2020-07-30,San Francisco,75,870044,7293,6107,6,6113,59
2020-07-30,San Joaquin,77,732212,14624,11435,11,11446,161
2020-07-30,San Luis Obispo,79,281455,2053,1703,6,1709,12
2020-07-30,San Mateo,81,765935,6485,5369,4,5373,115
2020-07-30,Santa Barbara,83,443738,7151,6273,53,6326,52
2020-07-30,Santa Clara,85,1922200,12567,9708,17,9725,170
2020-07-30,Santa Cruz,87,273765,1308,1087,9,1096,4
2020-07-30,Shasta,89,179085,486,306,3,309,8
2020-07-30,Sierra,91,2930,3,1,0,1,0
2020-07-30,Siskiyou,93,43540,95,60,0,60,0
2020-07-30,Solano,95,438530,4265,3463,24,3487,29
2020-07-30,Sonoma,97,501317,3726,2684,6,2690,25
2020-07-30,Stanislaus,99,539301,11621,8890,42,8932,94
2020-07-30,Sutter,101,95872,874,698,1,699,6
2020-07-30,Tehama,103,63373,278,208,1,209,1
2020-07-30,Trinity,105,12862,10,4,4,8,0
2020-07-30,Tulare,107,460477,11105,9167,26,9193,177
2020-07-30,Tuolumne,109,53932,154,119,1,120,0
2020-07-30,Ventura,111,848112,8685,7304,20,7324,69
2020-07-30,Yolo,113,214977,1852,1511,3,1514,37
2020-07-30,Yuba,115,75493,502,362,0,362,1
2020-07-29,Alameda,1,1643700,13463,11177,47,11224,180
2020-07-29,Alpine,3,1148,3,2,0,2,0
2020-07-29,Amador,5,37829,163,80,0,80,0
2020-07-29,Butte,7,227075,1132,889,8,897,7
2020-07-29,Calaveras,9,45235,137,107,0,107,1
2020-07-29,Colusa,11,21464,369,302,0,302,2
2020-07-29,Contra Costa,13,1133247,10111,7520,25,7545,108
2020-07-29,Del Norte,15,27424,88,68,0,68,0
2020-07-29,El Dorado,17,186661,779,588,0,588,1
2020-07-29,Fresno,19,978130,21145,14312,169,14481,125
2020-07-29,Glenn,21,27897,367,294,0,294,1
2020-07-29,Humboldt,23,135768,259,221,1,222,4
2020-07-29,Imperial,25,180216,10271,7825,6,7831,147
2020-07-29,Inyo,27,18085,63,44,0,44,1
2020-07-29,Kern,29,883053,24363,19073,121,19194,162
2020-07-29,Kings,31,150075,4657,3755,24,3779,43
2020-07-29,Lake,33,64148,227,179,0,179,1
2020-07-29,Lassen,35,31185,618,513,2,515,0
2020-07-29,Los Angeles,37,10098052,199827,183600,541,184141,4523
2020-07-29,Madera,39,155013,2741,1941,1,1942,18
2020-07-29,Marin,41,260295,5343,4747,4,4751,34
2020-07-29,Mariposa,43,17540,60,47,0,47,1
2020-07-29,Mendocino,45,87422,307,228,0,228,0
2020-07-29,Merced,47,269075,5663,3605,1,3606,25
2020-07-29,Modoc,49,8938,5,0,0,0,0
2020-07-29,Mono,51,14174,145,102,0,102,1
2020-07-29,Monterey,53,433212,5402,4252,11,4263,24
2020-07-29,Napa,55,140530,1130,866,0,866,7
2020-07-29,Nevada,57,99092,335,288,12,300,1
2020-07-29,Orange,59,3164182,42819,35339,794,36133,589
2020-07-29,Placer,61,380077,2236,1798,2,1800,14
2020-07-29,Plumas,63,18699,33,25,0,25,0
2020-07-29,Riverside,65,2383286,44172,36968,19,36987,678
2020-07-29,Sacramento,67,1510023,12502,9538,9,9547,122
2020-07-29,San Benito,69,59416,691,537,0,537,2
2020-07-29,San Bernardino,71,2135413,39301,31168,26,31194,417
2020-07-29,San Diego,73,3302833,31937,28289,0,28289,552
2020-07-29,San Francisco,75,870044,7199,6041,6,6047,56
2020-07-29,San Joaquin,77,732212,14376,11249,8,11257,154
2020-07-29,San Luis Obispo,79,281455,2033,1673,6,1679,11
2020-07-29,San Mateo,81,765935,6397,5305,4,5309,114
2020-07-29,Santa Barbara,83,443738,7081,6215,53,6268,31
2020-07-29,Santa Clara,85,1922200,12359,9567,17,9584,165
2020-07-29,Santa Cruz,87,273765,1284,1051,9,1060,4
2020-07-29,Shasta,89,179085,474,297,3,300,8
2020-07-29,Sierra,91,2930,2,1,0,1,0
2020-07-29,Siskiyou,93,43540,93,58,0,58,0
2020-07-29,Solano,95,438530,4211,3380,24,3404,29
2020-07-29,Sonoma,97,501317,3649,2598,6,2604,26
2020-07-29,Stanislaus,99,539301,11400,8745,36,8781,94
2020-07-29,Sutter,101,95872,846,678,1,679,6
2020-07-29,Tehama,103,63373,274,206,1,207,1
2020-07-29,Trinity,105,12862,10,4,4,8,0
2020-07-29,Tulare,107,460477,10934,9028,26,9054,156
2020-07-29,Tuolumne,109,53932,154,118,1,119,0
2020-07-29,Ventura,111,848112,8580,7161,20,7181,68
2020-07-29,Yolo,113,214977,1826,1488,3,1491,36
2020-07-29,Yuba,115,75493,486,350,0,350,1
2020-07-28,Alameda,1,1643700,13239,10875,46,10921,180
2020-07-28,Alpine,3,1148,3,2,0,2,0
2020-07-28,Amador,5,37829,153,77,0,77,0
2020-07-28,Butte,7,227075,1097,857,8,865,7
2020-07-28,Calaveras,9,45235,136,105,0,105,1
2020-07-28,Colusa,11,21464,363,290,0,290,2
2020-07-28,Contra Costa,13,1133247,9889,7426,25,7451,107
2020-07-28,Del Norte,15,27424,87,68,0,68,0
2020-07-28,El Dorado,17,186661,764,558,0,558,1
2020-07-28,Fresno,19,978130,20811,13933,163,14096,125
2020-07-28,Glenn,21,27897,365,289,0,289,1
2020-07-28,Humboldt,23,135768,258,218,1,219,4
2020-07-28,Imperial,25,180216,10235,7804,6,7810,145
2020-07-28,Inyo,27,18085,61,43,0,43,1
2020-07-28,Kern,29,883053,24000,18834,115,18949,155
2020-07-28,Kings,31,150075,4611,3721,24,3745,41
2020-07-28,Lake,33,64148,223,179,0,179,1
2020-07-28,Lassen,35,31185,612,508,2,510,0
2020-07-28,Los Angeles,37,10098052,197593,179107,519,179626,4435
2020-07-28,Madera,39,155013,2675,1889,1,1890,18
2020-07-28,Marin,41,260295,5274,4698,4,4702,23
2020-07-28,Mariposa,43,17540,58,45,0,45,1
2020-07-28,Mendocino,45,87422,296,222,0,222,0
2020-07-28,Merced,47,269075,5518,3446,1,3447,23
2020-07-28,Modoc,49,8938,4,0,0,0,0
2020-07-28,Mono,51,14174,144,102,0,102,1
2020-07-28,Monterey,53,433212,5281,4047,11,4058,22
2020-07-28,Napa,55,140530,1108,824,0,824,6
2020-07-28,Nevada,57,99092,330,278,12,290,1
2020-07-28,Orange,59,3164182,42361,34832,780,35612,582
2020-07-28,Placer,61,380077,2203,1759,2,1761,14
2020-07-28,Plumas,63,18699,33,22,0,22,0
2020-07-28,Riverside,65,2383286,43573,36458,19,36477,668
2020-07-28,Sacramento,67,1510023,12251,9429,9,9438,117
2020-07-28,San Benito,69,59416,681,503,0,503,2
2020-07-28,San Bernardino,71,2135413,38780,30493,26,30519,412
2020-07-28,San Diego,73,3302833,31587,28007,0,28007,547
2020-07-28,San Francisco,75,870044,7086,5888,6,5894,56
2020-07-28,San Joaquin,77,732212,14093,10958,6,10964,141
2020-07-28,San Luis Obispo,79,281455,2002,1636,6,1642,9
2020-07-28,San Mateo,81,765935,6323,5171,4,5175,114
2020-07-28,Santa Barbara,83,443738,7018,6110,51,6161,31
2020-07-28,Santa Clara,85,1922200,12124,9307,17,9324,165
2020-07-28,Santa Cruz,87,273765,1257,1018,9,1027,4
2020-07-28,Shasta,89,179085,462,275,3,278,8
2020-07-28,Sierra,91,2930,2,1,0,1,0
2020-07-28,Siskiyou,93,43540,89,57,0,57,0
2020-07-28,Solano,95,438530,4164,3292,23,3315,29
2020-07-28,Sonoma,97,501317,3576,2553,6,2559,20
2020-07-28,Stanislaus,99,539301,11180,8492,27,8519,92
2020-07-28,Sutter,101,95872,809,653,0,653,2
2020-07-28,Tehama,103,63373,269,199,1,200,1
2020-07-28,Trinity,105,12862,10,3,4,7,0
2020-07-28,Tulare,107,460477,10747,8787,26,8813,96
2020-07-28,Tuolumne,109,53932,153,116,1,117,0
2020-07-28,Ventura,111,848112,8454,7045,19,7064,68
2020-07-28,Yolo,113,214977,1798,1459,3,1462,36
2020-07-28,Yuba,115,75493,469,333,0,333,1
2020-07-27,Alameda,1,1643700,13012,10645,43,10688,176
2020-07-27,Alpine,3,1148,3,2,0,2,0
2020-07-27,Amador,5,37829,148,72,0,72,0
2020-07-27,Butte,7,227075,1070,843,8,851,7
2020-07-27,Calaveras,9,45235,132,103,0,103,1
2020-07-27,Colusa,11,21464,356,271,0,271,2
2020-07-27,Contra Costa,13,1133247,9667,7256,25,7281,104
2020-07-27,Del Norte,15,27424,86,67,0,67,0
2020-07-27,El Dorado,17,186661,752,548,0,548,1
2020-07-27,Fresno,19,978130,20465,13485,157,13642,117
2020-07-27,Glenn,21,27897,363,277,0,277,1
2020-07-27,Humboldt,23,135768,253,218,1,219,4
2020-07-27,Imperial,25,180216,10185,7789,6,7795,144
2020-07-27,Inyo,27,18085,61,43,0,43,1
2020-07-27,Kern,29,883053,23498,17994,109,18103,148
2020-07-27,Kings,31,150075,4362,3685,24,3709,39
2020-07-27,Lake,33,64148,219,176,0,176,1
2020-07-27,Lassen,35,31185,612,503,2,505,0
2020-07-27,Los Angeles,37,10098052,195142,176351,498,176849,4379
2020-07-27,Madera,39,155013,2610,1793,1,1794,17
2020-07-27,Marin,41,260295,5186,4669,4,4673,22
2020-07-27,Mariposa,43,17540,58,43,0,43,1
2020-07-27,Mendocino,45,87422,283,209,0,209,0
2020-07-27,Merced,47,269075,5378,3292,1,3293,23
2020-07-27,Modoc,49,8938,3,0,0,0,0
2020-07-27,Mono,51,14174,140,99,0,99,1
2020-07-27,Monterey,53,433212,5091,3960,11,3971,21
2020-07-27,Napa,55,140530,1093,769,0,769,6
2020-07-27,Nevada,57,99092,326,268,12,280,1
2020-07-27,Orange,59,3164182,41921,34649,764,35413,566
2020-07-27,Placer,61,380077,2153,1679,2,1681,12
2020-07-27,Plumas,63,18699,33,22,0,22,0
2020-07-27,Riverside,65,2383286,42895,35822,19,35841,667
2020-07-27,Sacramento,67,1510023,11956,9091,9,9100,114
2020-07-27,San Benito,69,59416,666,498,0,498,2
2020-07-27,San Bernardino,71,2135413,38189,29928,26,29954,401
2020-07-27,San Diego,73,3302833,31213,27509,0,27509,533
2020-07-27,San Francisco,75,870044,6999,5825,6,5831,55
2020-07-27,San Joaquin,77,732212,13802,10728,6,10734,129
2020-07-27,San Luis Obispo,79,281455,1957,1612,6,1618,9
2020-07-27,San Mateo,81,765935,6214,5108,4,5112,113
2020-07-27,Santa Barbara,83,443738,6937,6026,49,6075,30
2020-07-27,Santa Clara,85,1922200,11857,9157,16,9173,166
2020-07-27,Santa Cruz,87,273765,1235,984,9,993,4
2020-07-27,Shasta,89,179085,455,275,3,278,8
2020-07-27,Sierra,91,2930,2,1,0,1,0
2020-07-27,Siskiyou,93,43540,87,54,0,54,0
2020-07-27,Solano,95,438530,4097,3198,22,3220,29
2020-07-27,Sonoma,97,501317,3485,2504,6,2510,20
2020-07-27,Stanislaus,99,539301,10953,8288,19,8307,84
2020-07-27,Sutter,101,95872,783,620,0,620,2
2020-07-27,Tehama,103,63373,261,192,1,193,1
2020-07-27,Trinity,105,12862,10,3,4,7,0
2020-07-27,Tulare,107,460477,10529,8462,26,8488,172
2020-07-27,Tuolumne,109,53932,150,115,1,116,0
2020-07-27,Ventura,111,848112,8326,6998,19,7017,68
2020-07-27,Yolo,113,214977,1753,1439,3,1442,33
2020-07-27,Yuba,115,75493,449,328,0,328,1
2020-07-26,Alameda,1,1643700,12774,10489,43,10532,176
2020-07-26,Alpine,3,1148,3,2,0,2,0
2020-07-26,Amador,5,37829,142,67,0,67,0
2020-07-26,Butte,7,227075,1034,822,8,830,5
2020-07-26,Calaveras,9,45235,129,103,0,103,1
2020-07-26,Colusa,11,21464,347,270,0,270,2
2020-07-26,Contra Costa,13,1133247,9430,7095,25,7120,104
2020-07-26,Del Norte,15,27424,84,67,0,67,0
2020-07-26,El Dorado,17,186661,734,539,0,539,1
2020-07-26,Fresno,19,978130,20075,13209,149,13358,117
2020-07-26,Glenn,21,27897,355,265,0,265,1
2020-07-26,Humboldt,23,135768,247,214,1,215,4
2020-07-26,Imperial,25,180216,10112,7781,6,7787,144
2020-07-26,Inyo,27,18085,56,43,0,43,1
2020-07-26,Kern,29,883053,22974,17394,106,17500,148
2020-07-26,Kings,31,150075,4303,3591,24,3615,39
2020-07-26,Lake,33,64148,211,174,0,174,1
2020-07-26,Lassen,35,31185,571,503,2,505,0
2020-07-26,Los Angeles,37,10098052,192568,174322,478,174800,4364
2020-07-26,Madera,39,155013,2523,1744,1,1745,17
2020-07-26,Marin,41,260295,5140,4595,4,4599,22
2020-07-26,Mariposa,43,17540,56,43,0,43,1
2020-07-26,Mendocino,45,87422,274,206,0,206,0
2020-07-26,Merced,47,269075,5198,3251,1,3252,23
2020-07-26,Modoc,49,8938,3,0,0,0,0
2020-07-26,Mono,51,14174,136,82,0,82,1
2020-07-26,Monterey,53,433212,4925,3901,11,3912,21
2020-07-26,Napa,55,140530,1074,769,0,769,6
2020-07-26,Nevada,57,99092,323,261,12,273,1
2020-07-26,Orange,59,3164182,41396,34352,733,35085,564
2020-07-26,Placer,61,380077,2085,1628,2,1630,12
2020-07-26,Plumas,63,18699,33,22,0,22,0
2020-07-26,Riverside,65,2383286,42336,35636,19,35655,665
2020-07-26,Sacramento,67,1510023,11653,8972,9,8981,114
2020-07-26,San Benito,69,59416,654,495,0,495,2
2020-07-26,San Bernardino,71,2135413,37552,29545,24,29569,400
2020-07-26,San Diego,73,3302833,30818,26986,0,26986,533
2020-07-26,San Francisco,75,870044,6891,5823,6,5829,55
2020-07-26,San Joaquin,77,732212,13510,10637,6,10643,129
2020-07-26,San Luis Obispo,79,281455,1914,1565,6,1571,8
2020-07-26,San Mateo,81,765935,6108,5078,4,5082,113
2020-07-26,Santa Barbara,83,443738,6835,5939,49,5988,30
2020-07-26,Santa Clara,85,1922200,11627,8986,16,9002,166
2020-07-26,Santa Cruz,87,273765,1208,970,9,979,4
2020-07-26,Shasta,89,179085,448,265,3,268,8
2020-07-26,Sierra,91,2930,2,1,0,1,0
2020-07-26,Siskiyou,93,43540,85,54,0,54,0
2020-07-26,Solano,95,438530,4017,3197,20,3217,29
2020-07-26,Sonoma,97,501317,3396,2503,5,2508,20
2020-07-26,Stanislaus,99,539301,10693,8228,17,8245,84
2020-07-26,Sutter,101,95872,769,612,0,612,2
2020-07-26,Tehama,103,63373,254,175,1,176,1
2020-07-26,Trinity,105,12862,10,3,4,7,0
2020-07-26,Tulare,107,460477,10322,8392,26,8418,172
2020-07-26,Tuolumne,109,53932,145,113,1,114,0
2020-07-26,Ventura,111,848112,8120,6844,19,6863,67
2020-07-26,Yolo,113,214977,1722,1408,3,1411,33
2020-07-26,Yuba,115,75493,430,313,0,313,1
2020-07-25,Alameda,1,1643700,12677,10361,41,10402,176
2020-07-25,Alpine,3,1148,3,2,0,2,0
2020-07-25,Amador,5,37829,139,67,0,67,0
2020-07-25,Butte,7,227075,1025,810,8,818,5
2020-07-25,Calaveras,9,45235,125,103,0,103,1
2020-07-25,Colusa,11,21464,340,265,0,265,2
2020-07-25,Contra Costa,13,1133247,9285,6920,25,6945,104
2020-07-25,Del Norte,15,27424,84,67,0,67,0
2020-07-25,El Dorado,17,186661,723,528,0,528,1
2020-07-25,Fresno,19,978130,19889,12866,149,13015,117
2020-07-25,Glenn,21,27897,353,260,0,260,1
2020-07-25,Humboldt,23,135768,244,212,1,213,4
2020-07-25,Imperial,25,180216,10086,7727,6,7733,144
2020-07-25,Inyo,27,18085,55,43,0,43,1
2020-07-25,Kern,29,883053,22756,16910,105,17015,148
2020-07-25,Kings,31,150075,4286,3516,24,3540,39
2020-07-25,Lake,33,64148,209,173,0,173,1
2020-07-25,Lassen,35,31185,571,503,2,505,0
2020-07-25,Los Angeles,37,10098052,191437,172611,470,173081,4357
2020-07-25,Madera,39,155013,2491,1724,1,1725,17
2020-07-25,Marin,41,260295,5124,4562,4,4566,22
2020-07-25,Mariposa,43,17540,55,43,0,43,1
2020-07-25,Mendocino,45,87422,268,190,0,190,0
2020-07-25,Merced,47,269075,5119,3176,1,3177,23
2020-07-25,Modoc,49,8938,3,0,0,0,0
2020-07-25,Mono,51,14174,136,82,0,82,1
2020-07-25,Monterey,53,433212,4848,3805,11,3816,21
2020-07-25,Napa,55,140530,1061,746,0,746,6
2020-07-25,Nevada,57,99092,321,257,12,269,1
2020-07-25,Orange,59,3164182,41176,33978,711,34689,561
2020-07-25,Placer,61,380077,2068,1596,2,1598,12
2020-07-25,Plumas,63,18699,33,22,0,22,0
2020-07-25,Riverside,65,2383286,42067,34921,19,34940,655
2020-07-25,Sacramento,67,1510023,11505,8674,9,8683,113
2020-07-25,San Benito,69,59416,638,492,0,492,2
2020-07-25,San Bernardino,71,2135413,37273,29265,24,29289,394
2020-07-25,San Diego,73,3302833,30557,26703,0,26703,533
2020-07-25,San Francisco,75,870044,6833,5644,6,5650,55
2020-07-25,San Joaquin,77,732212,13384,10347,6,10353,129
2020-07-25,San Luis Obispo,79,281455,1894,1530,5,1535,8
2020-07-25,San Mateo,81,765935,6045,5023,4,5027,113
2020-07-25,Santa Barbara,83,443738,6800,5880,49,5929,30
2020-07-25,Santa Clara,85,1922200,11493,8767,16,8783,166
2020-07-25,Santa Cruz,87,273765,1191,939,9,948,4
2020-07-25,Shasta,89,179085,443,263,1,264,8
2020-07-25,Sierra,91,2930,2,1,0,1,0
2020-07-25,Siskiyou,93,43540,83,54,0,54,0
2020-07-25,Solano,95,438530,3977,3107,18,3125,29
2020-07-25,Sonoma,97,501317,3357,2412,5,2417,20
2020-07-25,Stanislaus,99,539301,10590,7994,14,8008,84
2020-07-25,Sutter,101,95872,750,603,0,603,2
2020-07-25,Tehama,103,63373,253,169,1,170,1
2020-07-25,Trinity,105,12862,10,3,4,7,0
2020-07-25,Tulare,107,460477,10222,8310,26,8336,172
2020-07-25,Tuolumne,109,53932,144,99,1,100,0
2020-07-25,Ventura,111,848112,8047,6662,19,6681,62
2020-07-25,Yolo,113,214977,1707,1357,3,1360,35
2020-07-25,Yuba,115,75493,424,312,0,312,1
2020-07-24,Alameda,1,1643700,12535,10216,38,10254,176
2020-07-24,Alpine,3,1148,3,2,0,2,0
2020-07-24,Amador,5,37829,137,66,0,66,0
2020-07-24,Butte,7,227075,1013,751,8,759,5
2020-07-24,Calaveras,9,45235,121,102,0,102,0
2020-07-24,Colusa,11,21464,337,255,0,255,2
2020-07-24,Contra Costa,13,1133247,9139,6814,25,6839,100
2020-07-24,Del Norte,15,27424,84,66,0,66,0
2020-07-24,El Dorado,17,186661,701,516,0,516,1
2020-07-24,Fresno,19,978130,19663,12564,149,12713,115
2020-07-24,Glenn,21,27897,350,251,0,251,1
2020-07-24,Humboldt,23,135768,241,210,1,211,4
2020-07-24,Imperial,25,180216,10064,7686,6,7692,141
2020-07-24,Inyo,27,18085,55,41,0,41,1
2020-07-24,Kern,29,883053,22515,16124,105,16229,143
2020-07-24,Kings,31,150075,4257,3471,24,3495,39
2020-07-24,Lake,33,64148,207,167,0,167,1
2020-07-24,Lassen,35,31185,571,503,2,505,0
2020-07-24,Los Angeles,37,10098052,189418,169078,457,169535,4302
2020-07-24,Madera,39,155013,2458,1679,1,1680,16
2020-07-24,Marin,41,260295,5097,4517,4,4521,22
2020-07-24,Mariposa,43,17540,55,41,0,41,1
2020-07-24,Mendocino,45,87422,261,188,0,188,0
2020-07-24,Merced,47,269075,5034,3100,1,3101,23
2020-07-24,Modoc,49,8938,3,0,0,0,0
2020-07-24,Mono,51,14174,135,82,0,82,1
2020-07-24,Monterey,53,433212,4776,3748,11,3759,21
2020-07-24,Napa,55,140530,1048,741,0,741,6
2020-07-24,Nevada,57,99092,318,255,12,267,1
2020-07-24,Orange,59,3164182,40889,33530,694,34224,557
2020-07-24,Placer,61,380077,2038,1551,2,1553,12
2020-07-24,Plumas,63,18699,33,22,0,22,0
2020-07-24,Riverside,65,2383286,41644,34513,18,34531,631
2020-07-24,Sacramento,67,1510023,11320,8570,9,8579,110
2020-07-24,San Benito,69,59416,631,485,0,485,2
2020-07-24,San Bernardino,71,2135413,36901,28990,24,29014,386
2020-07-24,San Diego,73,3302833,30257,26100,0,26100,524
2020-07-24,San Francisco,75,870044,6739,5611,6,5617,55
2020-07-24,San Joaquin,77,732212,13236,10190,6,10196,118
2020-07-24,San Luis Obispo,79,281455,1870,1476,5,1481,8
2020-07-24,San Mateo,81,765935,5982,4954,4,4958,112
2020-07-24,Santa Barbara,83,443738,6746,5776,47,5823,30
2020-07-24,Santa Clara,85,1922200,11329,8658,16,8674,165
2020-07-24,Santa Cruz,87,273765,1171,930,9,939,4
2020-07-24,Shasta,89,179085,435,262,1,263,8
2020-07-24,Sierra,91,2930,2,1,0,1,0
2020-07-24,Siskiyou,93,43540,83,53,0,53,0
2020-07-24,Solano,95,438530,3941,3062,15,3077,29
2020-07-24,Sonoma,97,501317,3304,2345,5,2350,20
2020-07-24,Stanislaus,99,539301,10418,7861,11,7872,82
2020-07-24,Sutter,101,95872,739,593,0,593,2
2020-07-24,Tehama,103,63373,245,170,1,171,1
2020-07-24,Trinity,105,12862,9,3,4,7,0
2020-07-24,Tulare,107,460477,10128,8167,24,8191,167
2020-07-24,Tuolumne,109,53932,138,99,1,100,0
2020-07-24,Ventura,111,848112,7962,6553,19,6572,60
2020-07-24,Yolo,113,214977,1693,1329,3,1332,35
2020-07-24,Yuba,115,75493,409,307,0,307,1
2020-07-23,Alameda,1,1643700,12296,9924,38,9962,171
2020-07-23,Alpine,3,1148,3,2,0,2,0
2020-07-23,Amador,5,37829,120,61,0,61,0
2020-07-23,Butte,7,227075,998,726,8,734,5
2020-07-23,Calaveras,9,45235,114,102,0,102,0
2020-07-23,Colusa,11,21464,329,242,0,242,2
2020-07-23,Contra Costa,13,1133247,8938,6619,23,6642,98
2020-07-23,Del Norte,15,27424,84,66,0,66,0
2020-07-23,El Dorado,17,186661,690,491,0,491,1
2020-07-23,Fresno,19,978130,19307,12164,146,12310,112
2020-07-23,Glenn,21,27897,345,246,0,246,1
2020-07-23,Humboldt,23,135768,240,208,1,209,4
2020-07-23,Imperial,25,180216,10014,7604,6,7610,138
2020-07-23,Inyo,27,18085,53,38,0,38,1
2020-07-23,Kern,29,883053,22108,14491,101,14592,128
2020-07-23,Kings,31,150075,4149,3371,24,3395,39
2020-07-23,Lake,33,64148,198,160,0,160,1
2020-07-23,Lassen,35,31185,568,503,2,505,0
2020-07-23,Los Angeles,37,10098052,186871,167198,431,167629,4265
2020-07-23,Madera,39,155013,2391,1659,1,1660,13
2020-07-23,Marin,41,260295,5045,4423,4,4427,22
2020-07-23,Mariposa,43,17540,55,40,0,40,1
2020-07-23,Mendocino,45,87422,251,178,0,178,0
2020-07-23,Merced,47,269075,4878,2972,1,2973,22
2020-07-23,Modoc,49,8938,3,0,0,0,0
2020-07-23,Mono,51,14174,131,82,0,82,1
2020-07-23,Monterey,53,433212,4659,3655,11,3666,21
2020-07-23,Napa,55,140530,1024,713,0,713,5
2020-07-23,Nevada,57,99092,315,247,12,259,1
2020-07-23,Orange,59,3164182,40393,32863,663,33526,544
2020-07-23,Placer,61,380077,1995,1519,2,1521,12
2020-07-23,Plumas,63,18699,32,21,0,21,0
2020-07-23,Riverside,65,2383286,41039,33833,18,33851,630
2020-07-23,Sacramento,67,1510023,11090,8222,9,8231,108
2020-07-23,San Benito,69,59416,616,478,0,478,2
2020-07-23,San Bernardino,71,2135413,36382,28121,23,28144,369
2020-07-23,San Diego,73,3302833,29883,25109,0,25109,505
2020-07-23,San Francisco,75,870044,6637,5543,6,5549,55
2020-07-23,San Joaquin,77,732212,13017,9861,6,9867,111
2020-07-23,San Luis Obispo,79,281455,1844,1438,5,1443,7
2020-07-23,San Mateo,81,765935,5877,4895,4,4899,113
2020-07-23,Santa Barbara,83,443738,6672,5628,47,5675,30
2020-07-23,Santa Clara,85,1922200,11111,8458,16,8474,165
2020-07-23,Santa Cruz,87,273765,1135,887,9,896,3
2020-07-23,Shasta,89,179085,424,254,1,255,9
2020-07-23,Sierra,91,2930,2,1,0,1,0
2020-07-23,Siskiyou,93,43540,81,53,0,53,0
2020-07-23,Solano,95,438530,3877,2962,13,2975,29
2020-07-23,Sonoma,97,501317,3228,2289,5,2294,18
2020-07-23,Stanislaus,99,539301,10176,7603,11,7614,71
2020-07-23,Sutter,101,95872,706,570,0,570,2
2020-07-23,Tehama,103,63373,239,158,1,159,1
2020-07-23,Trinity,105,12862,8,3,4,7,0
2020-07-23,Tulare,107,460477,9939,7898,24,7922,168
2020-07-23,Tuolumne,109,53932,138,93,1,94,0
2020-07-23,Ventura,111,848112,7838,6303,19,6322,56
2020-07-23,Yolo,113,214977,1675,1279,3,1282,35
2020-07-23,Yuba,115,75493,389,297,0,297,1
2020-07-22,Alameda,1,1643700,12077,9678,37,9715,169
2020-07-22,Alpine,3,1148,3,2,0,2,0
2020-07-22,Amador,5,37829,118,58,0,58,0
2020-07-22,Butte,7,227075,963,694,7,701,5
2020-07-22,Calaveras,9,45235,114,98,0,98,0
2020-07-22,Colusa,11,21464,322,236,0,236,0
2020-07-22,Contra Costa,13,1133247,8712,6401,23,6424,98
2020-07-22,Del Norte,15,27424,84,66,0,66,0
2020-07-22,El Dorado,17,186661,677,466,0,466,1
2020-07-22,Fresno,19,978130,18947,11756,140,11896,110
2020-07-22,Glenn,21,27897,339,236,0,236,1
2020-07-22,Humboldt,23,135768,238,201,1,202,4
2020-07-22,Imperial,25,180216,9955,7533,6,7539,134
2020-07-22,Inyo,27,18085,49,38,0,38,1
2020-07-22,Kern,29,883053,21676,13513,94,13607,127
2020-07-22,Kings,31,150075,4095,3271,24,3295,38
2020-07-22,Lake,33,64148,195,160,0,160,1
2020-07-22,Lassen,35,31185,565,500,2,502,0
2020-07-22,Los Angeles,37,10098052,184209,165242,407,165649,4218
2020-07-22,Madera,39,155013,2316,1578,1,1579,10
2020-07-22,Marin,41,260295,4989,4373,4,4377,23
2020-07-22,Mariposa,43,17540,55,38,0,38,1
2020-07-22,Mendocino,45,87422,244,166,0,166,0
2020-07-22,Merced,47,269075,4751,2828,1,2829,15
2020-07-22,Modoc,49,8938,3,0,0,0,0
2020-07-22,Mono,51,14174,128,82,0,82,1
2020-07-22,Monterey,53,433212,4558,3533,11,3544,20
2020-07-22,Napa,55,140530,1002,687,0,687,5
2020-07-22,Nevada,57,99092,309,239,11,250,1
2020-07-22,Orange,59,3164182,39894,32047,654,32701,522
2020-07-22,Placer,61,380077,1938,1469,2,1471,12
2020-07-22,Plumas,63,18699,31,20,0,20,0
2020-07-22,Riverside,65,2383286,40405,33093,18,33111,612
2020-07-22,Sacramento,67,1510023,10825,8028,8,8036,106
2020-07-22,San Benito,69,59416,602,465,0,465,2
2020-07-22,San Bernardino,71,2135413,35862,26820,23,26843,348
2020-07-22,San Diego,73,3302833,29495,25109,0,25109,505
2020-07-22,San Francisco,75,870044,6533,5473,5,5478,53
2020-07-22,San Joaquin,77,732212,12741,9628,6,9634,102
2020-07-22,San Luis Obispo,79,281455,1800,1373,5,1378,7
2020-07-22,San Mateo,81,765935,5788,4796,4,4800,112
2020-07-22,Santa Barbara,83,443738,6585,5508,45,5553,29
2020-07-22,Santa Clara,85,1922200,10866,8266,16,8282,166
2020-07-22,Santa Cruz,87,273765,1112,866,9,875,3
2020-07-22,Shasta,89,179085,414,246,1,247,9
2020-07-22,Sierra,91,2930,1,1,0,1,0
2020-07-22,Siskiyou,93,43540,80,52,0,52,0
2020-07-22,Solano,95,438530,3816,2839,12,2851,29
2020-07-22,Sonoma,97,501317,3151,2255,5,2260,17
2020-07-22,Stanislaus,99,539301,10004,7401,11,7412,71
2020-07-22,Sutter,101,95872,682,551,0,551,2
2020-07-22,Tehama,103,63373,231,155,1,156,1
2020-07-22,Trinity,105,12862,8,3,4,7,0
2020-07-22,Tulare,107,460477,9706,7640,24,7664,167
2020-07-22,Tuolumne,109,53932,134,91,1,92,0
2020-07-22,Ventura,111,848112,7711,6223,17,6240,56
2020-07-22,Yolo,113,214977,1632,1233,3,1236,34
2020-07-22,Yuba,115,75493,374,288,0,288,1
2020-07-21,Alameda,1,1643700,11863,9390,37,9427,166
2020-07-21,Alpine,3,1148,3,2,0,2,0
2020-07-21,Amador,5,37829,113,55,0,55,0
2020-07-21,Butte,7,227075,918,659,6,665,5
2020-07-21,Calaveras,9,45235,109,96,0,96,0
2020-07-21,Colusa,11,21464,298,227,0,227,0
2020-07-21,Contra Costa,13,1133247,8470,6210,23,6233,98
2020-07-21,Del Norte,15,27424,84,66,0,66,0
2020-07-21,El Dorado,17,186661,669,440,0,440,1
2020-07-21,Fresno,19,978130,18548,11412,134,11546,107
2020-07-21,Glenn,21,27897,332,229,0,229,1
2020-07-21,Humboldt,23,135768,236,198,1,199,4
2020-07-21,Imperial,25,180216,9906,7458,6,7464,128
2020-07-21,Inyo,27,18085,48,38,0,38,1
2020-07-21,Kern,29,883053,21254,11998,88,12086,119
2020-07-21,Kings,31,150075,4032,3187,24,3211,38
2020-07-21,Lake,33,64148,195,157,0,157,1
2020-07-21,Lassen,35,31185,563,474,2,476,0
2020-07-21,Los Angeles,37,10098052,181204,162205,385,162590,4159
2020-07-21,Madera,39,155013,2251,1508,1,1509,10
2020-07-21,Marin,41,260295,4918,4318,4,4322,21
2020-07-21,Mariposa,43,17540,54,37,0,37,1
2020-07-21,Mendocino,45,87422,233,160,0,160,0
2020-07-21,Merced,47,269075,4572,2725,1,2726,15
2020-07-21,Modoc,49,8938,3,0,0,0,0
2020-07-21,Mono,51,14174,124,79,0,79,1
2020-07-21,Monterey,53,433212,4426,3404,10,3414,20
2020-07-21,Napa,55,140530,975,660,0,660,5
2020-07-21,Nevada,57,99092,307,228,9,237,1
2020-07-21,Orange,59,3164182,39398,31356,620,31976,515
2020-07-21,Placer,61,380077,1898,1413,2,1415,11
2020-07-21,Plumas,63,18699,31,19,0,19,0
2020-07-21,Riverside,65,2383286,39704,32231,18,32249,583
2020-07-21,Sacramento,67,1510023,10553,7789,7,7796,102
2020-07-21,San Benito,69,59416,591,444,0,444,2
2020-07-21,San Bernardino,71,2135413,35217,25323,22,25345,343
2020-07-21,San Diego,73,3302833,29046,24522,0,24522,487
2020-07-21,San Francisco,75,870044,6424,5377,5,5382,53
2020-07-21,San Joaquin,77,732212,12416,9150,6,9156,99
2020-07-21,San Luis Obispo,79,281455,1752,1338,5,1343,7
2020-07-21,San Mateo,81,765935,5696,4733,4,4737,111
2020-07-21,Santa Barbara,83,443738,6503,5422,44,5466,29
2020-07-21,Santa Clara,85,1922200,10603,7989,16,8005,164
2020-07-21,Santa Cruz,87,273765,1079,835,9,844,3
2020-07-21,Shasta,89,179085,406,241,1,242,9
2020-07-21,Sierra,91,2930,1,1,0,1,0
2020-07-21,Siskiyou,93,43540,80,48,0,48,0
2020-07-21,Solano,95,438530,3743,2727,12,2739,27
2020-07-21,Sonoma,97,501317,3094,2200,5,2205,17
2020-07-21,Stanislaus,99,539301,9740,6984,11,6995,69
2020-07-21,Sutter,101,95872,666,533,0,533,2
2020-07-21,Tehama,103,63373,221,150,1,151,1
2020-07-21,Trinity,105,12862,8,2,4,6,0
2020-07-21,Tulare,107,460477,9503,7447,24,7471,167
2020-07-21,Tuolumne,109,53932,132,75,1,76,0
2020-07-21,Ventura,111,848112,7579,6131,17,6148,55
2020-07-21,Yolo,113,214977,1579,1204,3,1207,34
2020-07-21,Yuba,115,75493,368,269,0,269,1
2020-07-20,Alameda,1,1643700,11610,9244,36,9280,162
2020-07-20,Alpine,3,1148,3,2,0,2,0
2020-07-20,Amador,5,37829,110,53,0,53,0
2020-07-20,Butte,7,227075,880,586,6,592,4
2020-07-20,Calaveras,9,45235,106,90,0,90,0
2020-07-20,Colusa,11,21464,287,217,0,217,0
2020-07-20,Contra Costa,13,1133247,8262,5823,23,5846,97
2020-07-20,Del Norte,15,27424,84,61,0,61,0
2020-07-20,El Dorado,17,186661,646,407,0,407,0
2020-07-20,Fresno,19,978130,18107,10891,133,11024,106
2020-07-20,Glenn,21,27897,324,225,0,225,1
2020-07-20,Humboldt,23,135768,229,194,1,195,4
2020-07-20,Imperial,25,180216,9866,7337,6,7343,124
2020-07-20,Inyo,27,18085,46,38,0,38,1
2020-07-20,Kern,29,883053,20744,10908,84,10992,118
2020-07-20,Kings,31,150075,3984,3093,24,3117,37
2020-07-20,Lake,33,64148,192,147,0,147,1
2020-07-20,Lassen,35,31185,561,474,2,476,0
2020-07-20,Los Angeles,37,10098052,178234,159202,357,159559,4108
2020-07-20,Madera,39,155013,2176,1433,1,1434,10
2020-07-20,Marin,41,260295,4837,4255,4,4259,21
2020-07-20,Mariposa,43,17540,53,36,0,36,1
2020-07-20,Mendocino,45,87422,220,153,0,153,0
2020-07-20,Merced,47,269075,4402,2584,1,2585,15
2020-07-20,Modoc,49,8938,3,0,0,0,0
2020-07-20,Mono,51,14174,118,78,0,78,1
2020-07-20,Monterey,53,433212,4320,3205,10,3215,19
2020-07-20,Napa,55,140530,938,632,0,632,5
2020-07-20,Nevada,57,99092,299,218,9,227,1
2020-07-20,Orange,59,3164182,38791,30337,589,30926,507
2020-07-20,Placer,61,380077,1850,1364,2,1366,11
2020-07-20,Plumas,63,18699,30,17,0,17,0
2020-07-20,Riverside,65,2383286,38876,31163,18,31181,581
2020-07-20,Sacramento,67,1510023,10225,7369,7,7376,99
2020-07-20,San Benito,69,59416,573,433,0,433,2
2020-07-20,San Bernardino,71,2135413,34407,24226,21,24247,338
2020-07-20,San Diego,73,3302833,28604,24137,0,24137,478
2020-07-20,San Francisco,75,870044,6303,5090,5,5095,53
2020-07-20,San Joaquin,77,732212,12059,8583,6,8589,97
2020-07-20,San Luis Obispo,79,281455,1712,1282,5,1287,6
2020-07-20,San Mateo,81,765935,5595,4609,4,4613,111
2020-07-20,Santa Barbara,83,443738,6381,5266,42,5308,29
2020-07-20,Santa Clara,85,1922200,10375,7711,15,7726,164
2020-07-20,Santa Cruz,87,273765,1047,758,9,767,3
2020-07-20,Shasta,89,179085,391,233,1,234,9
2020-07-20,Sierra,91,2930,1,1,0,1,0
2020-07-20,Siskiyou,93,43540,76,42,0,42,0
2020-07-20,Solano,95,438530,3660,2537,12,2549,26
2020-07-20,Sonoma,97,501317,2987,2148,5,2153,17
2020-07-20,Stanislaus,99,539301,9457,6835,11,6846,58
2020-07-20,Sutter,101,95872,633,507,0,507,2
2020-07-20,Tehama,103,63373,211,146,1,147,1
2020-07-20,Trinity,105,12862,8,2,4,6,0
2020-07-20,Tulare,107,460477,9269,6974,24,6998,166
2020-07-20,Tuolumne,109,53932,131,75,1,76,0
2020-07-20,Ventura,111,848112,7446,5912,17,5929,52
2020-07-20,Yolo,113,214977,1539,1155,3,1158,30
2020-07-20,Yuba,115,75493,348,258,0,258,1
2020-07-19,Alameda,1,1643700,11373,9227,30,9257,162
2020-07-19,Alpine,3,1148,3,2,0,2,0
2020-07-19,Amador,5,37829,103,51,0,51,0
2020-07-19,Butte,7,227075,855,555,6,561,4
2020-07-19,Calaveras,9,45235,104,89,0,89,0
2020-07-19,Colusa,11,21464,279,187,0,187,0
2020-07-19,Contra Costa,13,1133247,7971,5691,21,5712,95
2020-07-19,Del Norte,15,27424,83,61,0,61,0
2020-07-19,El Dorado,17,186661,628,385,0,385,0
2020-07-19,Fresno,19,978130,17586,10639,121,10760,106
2020-07-19,Glenn,21,27897,310,215,0,215,0
2020-07-19,Humboldt,23,135768,221,195,1,196,4
2020-07-19,Imperial,25,180216,9775,7280,6,7286,124
2020-07-19,Inyo,27,18085,42,38,0,38,1
2020-07-19,Kern,29,883053,20127,10094,77,10171,115
2020-07-19,Kings,31,150075,3899,3035,24,3059,37
2020-07-19,Lake,33,64148,187,144,0,144,1
2020-07-19,Lassen,35,31185,542,474,2,476,0
2020-07-19,Los Angeles,37,10098052,174793,156039,334,156373,4100
2020-07-19,Madera,39,155013,2099,1301,1,1302,10
2020-07-19,Marin,41,260295,4782,4172,4,4176,21
2020-07-19,Mariposa,43,17540,49,35,0,35,1
2020-07-19,Mendocino,45,87422,215,137,0,137,0
2020-07-19,Merced,47,269075,4195,2460,1,2461,15
2020-07-19,Modoc,49,8938,3,0,0,0,0
2020-07-19,Mono,51,14174,107,63,0,63,1
2020-07-19,Monterey,53,433212,4200,3079,10,3089,18
2020-07-19,Napa,55,140530,909,612,0,612,5
2020-07-19,Nevada,57,99092,293,210,9,219,1
2020-07-19,Orange,59,3164182,38228,29941,576,30517,505
2020-07-19,Placer,61,380077,1802,1246,2,1248,11
2020-07-19,Plumas,63,18699,30,17,0,17,0
2020-07-19,Riverside,65,2383286,38173,30340,18,30358,581
2020-07-19,Sacramento,67,1510023,9839,6985,7,6992,97
2020-07-19,San Benito,69,59416,557,412,0,412,2
2020-07-19,San Bernardino,71,2135413,33637,23928,21,23949,337
2020-07-19,San Diego,73,3302833,28104,23684,0,23684,478
2020-07-19,San Francisco,75,870044,6156,5094,5,5099,52
2020-07-19,San Joaquin,77,732212,11654,8308,6,8314,93
2020-07-19,San Luis Obispo,79,281455,1668,1262,4,1266,6
2020-07-19,San Mateo,81,765935,5488,4522,4,4526,110
2020-07-19,Santa Barbara,83,443738,6276,5145,39,5184,29
2020-07-19,Santa Clara,85,1922200,10131,7403,15,7418,164
2020-07-19,Santa Cruz,87,273765,1003,753,9,762,3
2020-07-19,Shasta,89,179085,378,218,1,219,9
2020-07-19,Sierra,91,2930,1,1,0,1,0
2020-07-19,Siskiyou,93,43540,74,42,0,42,0
2020-07-19,Solano,95,438530,3556,2551,12,2563,26
2020-07-19,Sonoma,97,501317,2886,2074,5,2079,17
2020-07-19,Stanislaus,99,539301,9161,6508,11,6519,58
2020-07-19,Sutter,101,95872,602,480,0,480,2
2020-07-19,Tehama,103,63373,207,138,1,139,1
2020-07-19,Trinity,105,12862,8,2,4,6,0
2020-07-19,Tulare,107,460477,9020,6856,24,6880,166
2020-07-19,Tuolumne,109,53932,126,75,1,76,0
2020-07-19,Ventura,111,848112,7256,5706,17,5723,52
2020-07-19,Yolo,113,214977,1499,1127,3,1130,30
2020-07-19,Yuba,115,75493,328,240,0,240,1
2020-07-18,Alameda,1,1643700,11237,9089,28,9117,162
2020-07-18,Alpine,3,1148,3,2,0,2,0
2020-07-18,Amador,5,37829,99,49,0,49,0
2020-07-18,Butte,7,227075,846,551,6,557,4
2020-07-18,Calaveras,9,45235,100,89,0,89,0
2020-07-18,Colusa,11,21464,274,182,0,182,0
2020-07-18,Contra Costa,13,1133247,7836,5617,21,5638,95
2020-07-18,Del Norte,15,27424,83,61,0,61,0
2020-07-18,El Dorado,17,186661,625,385,0,385,0
2020-07-18,Fresno,19,978130,17337,10381,119,10500,106
2020-07-18,Glenn,21,27897,304,212,0,212,0
2020-07-18,Humboldt,23,135768,218,189,1,190,4
2020-07-18,Imperial,25,180216,9744,7268,6,7274,124
2020-07-18,Inyo,27,18085,42,38,0,38,1
2020-07-18,Kern,29,883053,19824,9250,74,9324,114
2020-07-18,Kings,31,150075,3861,2996,23,3019,37
2020-07-18,Lake,33,64148,184,142,0,142,1
2020-07-18,Lassen,35,31185,541,474,2,476,0
2020-07-18,Los Angeles,37,10098052,173347,153265,319,153584,4088
2020-07-18,Madera,39,155013,2053,1260,1,1261,9
2020-07-18,Marin,41,260295,4753,4089,4,4093,21
2020-07-18,Mariposa,43,17540,49,35,0,35,1
2020-07-18,Mendocino,45,87422,208,137,0,137,0
2020-07-18,Merced,47,269075,4076,2424,1,2425,15
2020-07-18,Modoc,49,8938,3,0,0,0,0
2020-07-18,Mono,51,14174,105,54,0,54,1
2020-07-18,Monterey,53,433212,4133,3020,10,3030,17
2020-07-18,Napa,55,140530,899,609,0,609,5
2020-07-18,Nevada,57,99092,289,204,8,212,1
2020-07-18,Orange,59,3164182,37909,29603,554,30157,493
2020-07-18,Placer,61,380077,1778,1233,2,1235,11
2020-07-18,Plumas,63,18699,30,17,0,17,0
2020-07-18,Riverside,65,2383286,37821,30245,17,30262,581
2020-07-18,Sacramento,67,1510023,9596,6739,7,6746,95
2020-07-18,San Benito,69,59416,542,407,0,407,2
2020-07-18,San Bernardino,71,2135413,33178,23680,21,23701,336
2020-07-18,San Diego,73,3302833,27801,23116,0,23116,478
2020-07-18,San Francisco,75,870044,6054,5051,5,5056,52
2020-07-18,San Joaquin,77,732212,11442,8118,6,8124,93
2020-07-18,San Luis Obispo,79,281455,1635,1234,4,1238,6
2020-07-18,San Mateo,81,765935,5428,4488,4,4492,110
2020-07-18,Santa Barbara,83,443738,6216,5110,37,5147,29
2020-07-18,Santa Clara,85,1922200,9981,7255,14,7269,164
2020-07-18,Santa Cruz,87,273765,986,751,9,760,3
2020-07-18,Shasta,89,179085,369,216,1,217,9
2020-07-18,Sierra,91,2930,1,1,0,1,0
2020-07-18,Siskiyou,93,43540,70,42,0,42,0
2020-07-18,Solano,95,438530,3515,2503,12,2515,26
2020-07-18,Sonoma,97,501317,2835,2019,5,2024,15
2020-07-18,Stanislaus,99,539301,9026,6344,11,6355,58
2020-07-18,Sutter,101,95872,596,473,0,473,2
2020-07-18,Tehama,103,63373,202,136,1,137,1
2020-07-18,Trinity,105,12862,8,2,4,6,0
2020-07-18,Tulare,107,460477,8929,6810,23,6833,167
2020-07-18,Tuolumne,109,53932,123,75,1,76,0
2020-07-18,Ventura,111,848112,7174,5630,17,5647,52
2020-07-18,Yolo,113,214977,1471,1077,3,1080,30
2020-07-18,Yuba,115,75493,317,237,0,237,1
2020-07-17,Alameda,1,1643700,11097,8893,27,8920,160
2020-07-17,Alpine,3,1148,3,1,0,1,0
2020-07-17,Amador,5,37829,97,48,0,48,0
2020-07-17,Butte,7,227075,832,497,6,503,4
2020-07-17,Calaveras,9,45235,98,86,0,86,0
2020-07-17,Colusa,11,21464,272,146,0,146,0
2020-07-17,Contra Costa,13,1133247,7688,5483,21,5504,93
2020-07-17,Del Norte,15,27424,82,60,0,60,0
2020-07-17,El Dorado,17,186661,609,368,0,368,0
2020-07-17,Fresno,19,978130,17039,9954,119,10073,104
2020-07-17,Glenn,21,27897,297,203,0,203,0
2020-07-17,Humboldt,23,135768,217,185,1,186,4
2020-07-17,Imperial,25,180216,9722,7193,6,7199,120
2020-07-17,Inyo,27,18085,42,38,0,38,1
2020-07-17,Kern,29,883053,19504,8291,72,8363,113
2020-07-17,Kings,31,150075,3823,2978,23,3001,37
2020-07-17,Lake,33,64148,182,139,0,139,1
2020-07-17,Lassen,35,31185,522,391,2,393,0
2020-07-17,Los Angeles,37,10098052,170977,150481,306,150787,4052
2020-07-17,Madera,39,155013,2009,1214,1,1215,9
2020-07-17,Marin,41,260295,4716,3839,4,3843,21
2020-07-17,Mariposa,43,17540,47,35,0,35,1
2020-07-17,Mendocino,45,87422,200,126,0,126,0
2020-07-17,Merced,47,269075,4000,2328,1,2329,12
2020-07-17,Modoc,49,8938,2,0,0,0,0
2020-07-17,Mono,51,14174,100,54,0,54,1
2020-07-17,Monterey,53,433212,4004,2922,10,2932,18
2020-07-17,Napa,55,140530,885,598,0,598,5
2020-07-17,Nevada,57,99092,282,200,8,208,1
2020-07-17,Orange,59,3164182,37447,28962,520,29482,485
2020-07-17,Placer,61,380077,1750,1207,2,1209,11
2020-07-17,Plumas,63,18699,27,16,0,16,0
2020-07-17,Riverside,65,2383286,37222,29639,17,29656,580
2020-07-17,Sacramento,67,1510023,9352,6563,7,6570,95
2020-07-17,San Benito,69,59416,527,399,0,399,2
2020-07-17,San Bernardino,71,2135413,32660,23057,21,23078,322
2020-07-17,San Diego,73,3302833,27413,22491,0,22491,472
2020-07-17,San Francisco,75,870044,5960,4967,5,4972,52
2020-07-17,San Joaquin,77,732212,11197,7925,6,7931,86
2020-07-17,San Luis Obispo,79,281455,1599,1190,4,1194,6
2020-07-17,San Mateo,81,765935,5332,4407,4,4411,110
2020-07-17,Santa Barbara,83,443738,6143,5001,36,5037,29
2020-07-17,Santa Clara,85,1922200,9764,7080,14,7094,164
2020-07-17,Santa Cruz,87,273765,964,716,9,725,3
2020-07-17,Shasta,89,179085,357,213,1,214,8
2020-07-17,Sierra,91,2930,1,1,0,1,0
2020-07-17,Siskiyou,93,43540,69,40,0,40,0
2020-07-17,Solano,95,438530,3466,2452,12,2464,26
2020-07-17,Sonoma,97,501317,2787,1982,5,1987,15
2020-07-17,Stanislaus,99,539301,8852,6220,11,6231,56
2020-07-17,Sutter,101,95872,583,458,0,458,2
2020-07-17,Tehama,103,63373,198,128,1,129,1
2020-07-17,Trinity,105,12862,8,2,4,6,0
2020-07-17,Tulare,107,460477,8793,6671,23,6694,166
2020-07-17,Tuolumne,109,53932,122,73,1,74,0
2020-07-17,Ventura,111,848112,7091,5451,17,5468,51
2020-07-17,Yolo,113,214977,1447,1055,3,1058,30
2020-07-17,Yuba,115,75493,307,231,0,231,1
2020-07-16,Alameda,1,1643700,10864,8719,21,8740,153
2020-07-16,Alpine,3,1148,3,1,0,1,0
2020-07-16,Amador,5,37829,94,46,0,46,0
2020-07-16,Butte,7,227075,795,465,5,470,4
2020-07-16,Calaveras,9,45235,96,82,0,82,0
2020-07-16,Colusa,11,21464,263,140,0,140,0
2020-07-16,Contra Costa,13,1133247,7476,5338,15,5353,91
2020-07-16,Del Norte,15,27424,82,60,0,60,0
2020-07-16,El Dorado,17,186661,592,357,0,357,0
2020-07-16,Fresno,19,978130,16528,9481,110,9591,101
2020-07-16,Glenn,21,27897,288,190,0,190,0
2020-07-16,Humboldt,23,135768,215,184,1,185,4
2020-07-16,Imperial,25,180216,9627,7148,6,7154,113
2020-07-16,Inyo,27,18085,42,38,0,38,1
2020-07-16,Kern,29,883053,18982,7435,70,7505,112
2020-07-16,Kings,31,150075,3657,2937,23,2960,37
2020-07-16,Lake,33,64148,177,128,0,128,1
2020-07-16,Lassen,35,31185,521,355,2,357,0
2020-07-16,Los Angeles,37,10098052,167727,147759,282,148041,3994
2020-07-16,Madera,39,155013,1945,1192,1,1193,8
2020-07-16,Marin,41,260295,4644,3546,4,3550,21
2020-07-16,Mariposa,43,17540,45,34,0,34,1
2020-07-16,Mendocino,45,87422,195,121,0,121,0
2020-07-16,Merced,47,269075,3838,2228,1,2229,12
2020-07-16,Modoc,49,8938,1,0,0,0,0
2020-07-16,Mono,51,14174,97,53,0,53,1
2020-07-16,Monterey,53,433212,3899,2857,9,2866,18
2020-07-16,Napa,55,140530,856,581,0,581,5
2020-07-16,Nevada,57,99092,279,191,8,199,1
2020-07-16,Orange,59,3164182,36746,28525,482,29007,471
2020-07-16,Placer,61,380077,1700,1168,2,1170,11
2020-07-16,Plumas,63,18699,25,16,0,16,0
2020-07-16,Riverside,65,2383286,36477,28904,16,28920,577
2020-07-16,Sacramento,67,1510023,9038,6440,7,6447,91
2020-07-16,San Benito,69,59416,510,389,0,389,2
2020-07-16,San Bernardino,71,2135413,31803,22355,19,22374,321
2020-07-16,San Diego,73,3302833,26926,21857,0,21857,465
2020-07-16,San Francisco,75,870044,5819,4838,5,4843,52
2020-07-16,San Joaquin,77,732212,10834,7713,6,7719,82
2020-07-16,San Luis Obispo,79,281455,1555,1146,4,1150,6
2020-07-16,San Mateo,81,765935,5228,4336,4,4340,110
2020-07-16,Santa Barbara,83,443738,6047,4872,35,4907,28
2020-07-16,Santa Clara,85,1922200,9484,6990,12,7002,164
2020-07-16,Santa Cruz,87,273765,923,698,9,707,3
2020-07-16,Shasta,89,179085,342,208,1,209,7
2020-07-16,Sierra,91,2930,1,1,0,1,0
2020-07-16,Siskiyou,93,43540,66,39,0,39,0
2020-07-16,Solano,95,438530,3372,2372,12,2384,25
2020-07-16,Sonoma,97,501317,2696,1954,5,1959,14
2020-07-16,Stanislaus,99,539301,8570,6077,10,6087,56
2020-07-16,Sutter,101,95872,567,444,0,444,2
2020-07-16,Tehama,103,63373,188,126,1,127,1
2020-07-16,Trinity,105,12862,8,2,3,5,0
2020-07-16,Tulare,107,460477,8577,6467,22,6489,163
2020-07-16,Tuolumne,109,53932,117,71,1,72,0
2020-07-16,Ventura,111,848112,6929,5231,17,5248,50
2020-07-16,Yolo,113,214977,1405,1034,3,1037,29
2020-07-16,Yuba,115,75493,289,221,0,221,1
2020-07-15,Alameda,1,1643700,10662,8615,15,8630,153
2020-07-15,Alpine,3,1148,3,1,0,1,0
2020-07-15,Amador,5,37829,73,44,0,44,0
2020-07-15,Butte,7,227075,754,420,5,425,4
2020-07-15,Calaveras,9,45235,96,75,0,75,0
2020-07-15,Colusa,11,21464,258,135,0,135,0
2020-07-15,Contra Costa,13,1133247,7245,5246,15,5261,90
2020-07-15,Del Norte,15,27424,81,60,0,60,0
2020-07-15,El Dorado,17,186661,568,339,0,339,0
2020-07-15,Fresno,19,978130,16055,9124,103,9227,101
2020-07-15,Glenn,21,27897,279,184,0,184,0
2020-07-15,Humboldt,23,135768,213,181,1,182,4
2020-07-15,Imperial,25,180216,9560,7110,6,7116,110
2020-07-15,Inyo,27,18085,42,36,0,36,1
2020-07-15,Kern,29,883053,18363,7155,67,7222,108
2020-07-15,Kings,31,150075,3596,2906,23,2929,37
2020-07-15,Lake,33,64148,175,122,0,122,1
2020-07-15,Lassen,35,31185,517,319,2,321,0
2020-07-15,Los Angeles,37,10098052,164262,143343,267,143610,3946
2020-07-15,Madera,39,155013,1876,1147,1,1148,4
2020-07-15,Marin,41,260295,4589,3458,4,3462,21
2020-07-15,Mariposa,43,17540,45,34,0,34,1
2020-07-15,Mendocino,45,87422,192,119,0,119,0
2020-07-15,Merced,47,269075,3688,2156,1,2157,12
2020-07-15,Modoc,49,8938,1,0,0,0,0
2020-07-15,Mono,51,14174,95,52,0,52,1
2020-07-15,Monterey,53,433212,3788,2780,9,2789,18
2020-07-15,Napa,55,140530,830,573,0,573,5
2020-07-15,Nevada,57,99092,275,185,6,191,1
2020-07-15,Orange,59,3164182,35943,27718,447,28165,454
2020-07-15,Placer,61,380077,1644,1145,2,1147,11
2020-07-15,Plumas,63,18699,25,16,0,16,0
2020-07-15,Riverside,65,2383286,35698,28492,14,28506,568
2020-07-15,Sacramento,67,1510023,8661,6217,7,6224,91
2020-07-15,San Benito,69,59416,501,388,0,388,2
2020-07-15,San Bernardino,71,2135413,31017,21508,19,21527,317
2020-07-15,San Diego,73,3302833,26459,21448,0,21448,448
2020-07-15,San Francisco,75,870044,5705,4757,5,4762,50
2020-07-15,San Joaquin,77,732212,10401,7381,5,7386,75
2020-07-15,San Luis Obispo,79,281455,1512,1097,4,1101,6
2020-07-15,San Mateo,81,765935,5115,4258,4,4262,109
2020-07-15,Santa Barbara,83,443738,5931,4733,35,4768,28
2020-07-15,Santa Clara,85,1922200,9181,6900,12,6912,164
2020-07-15,Santa Cruz,87,273765,887,660,8,668,3
2020-07-15,Shasta,89,179085,333,193,1,194,7
2020-07-15,Sierra,91,2930,1,1,0,1,0
2020-07-15,Siskiyou,93,43540,65,38,0,38,0
2020-07-15,Solano,95,438530,3278,2343,12,2355,25
2020-07-15,Sonoma,97,501317,2599,1920,5,1925,14
2020-07-15,Stanislaus,99,539301,8273,5777,10,5787,56
2020-07-15,Sutter,101,95872,541,433,0,433,2
2020-07-15,Tehama,103,63373,180,126,1,127,1
2020-07-15,Trinity,105,12862,7,2,3,5,0
2020-07-15,Tulare,107,460477,8364,6320,21,6341,156
2020-07-15,Tuolumne,109,53932,110,68,1,69,0
2020-07-15,Ventura,111,848112,6752,5087,17,5104,50
2020-07-15,Yolo,113,214977,1373,1002,3,1005,27
2020-07-15,Yuba,115,75493,277,221,0,221,1
2020-07-14,Alameda,1,1643700,10321,8388,9,8397,151
2020-07-14,Alpine,3,1148,3,1,0,1,0
2020-07-14,Amador,5,37829,69,44,0,44,0
2020-07-14,Butte,7,227075,708,382,5,387,4
2020-07-14,Calaveras,9,45235,94,74,0,74,0
2020-07-14,Colusa,11,21464,248,128,0,128,0
2020-07-14,Contra Costa,13,1133247,7009,5110,13,5123,90
2020-07-14,Del Norte,15,27424,80,60,0,60,0
2020-07-14,El Dorado,17,186661,553,324,0,324,0
2020-07-14,Fresno,19,978130,15635,8941,99,9040,98
2020-07-14,Glenn,21,27897,269,177,0,177,0
2020-07-14,Humboldt,23,135768,210,175,1,176,4
2020-07-14,Imperial,25,180216,9433,7095,6,7101,109
2020-07-14,Inyo,27,18085,42,35,0,35,1
2020-07-14,Kern,29,883053,17604,6979,54,7033,107
2020-07-14,Kings,31,150075,3529,2867,22,2889,37
2020-07-14,Lake,33,64148,169,120,0,120,1
2020-07-14,Lassen,35,31185,500,263,2,265,0
2020-07-14,Los Angeles,37,10098052,161127,140632,236,140868,3900
2020-07-14,Madera,39,155013,1802,1118,1,1119,4
2020-07-14,Marin,41,260295,4475,3451,4,3455,21
2020-07-14,Mariposa,43,17540,41,32,0,32,1
2020-07-14,Mendocino,45,87422,184,110,0,110,0
2020-07-14,Merced,47,269075,3509,2084,1,2085,12
2020-07-14,Modoc,49,8938,1,0,0,0,0
2020-07-14,Mono,51,14174,85,48,0,48,1
2020-07-14,Monterey,53,433212,3674,2724,9,2733,18
2020-07-14,Napa,55,140530,774,557,0,557,4
2020-07-14,Nevada,57,99092,258,180,5,185,1
2020-07-14,Orange,59,3164182,35064,26915,400,27315,432
2020-07-14,Placer,61,380077,1587,1122,2,1124,11
2020-07-14,Plumas,63,18699,24,14,0,14,0
2020-07-14,Riverside,65,2383286,34943,27850,13,27863,547
2020-07-14,Sacramento,67,1510023,8309,5978,7,5985,87
2020-07-14,San Benito,69,59416,482,360,0,360,2
2020-07-14,San Bernardino,71,2135413,30168,20489,19,20508,316
2020-07-14,San Diego,73,3302833,25840,20887,0,20887,436
2020-07-14,San Francisco,75,870044,5555,4659,4,4663,50
2020-07-14,San Joaquin,77,732212,9974,7143,5,7148,75
2020-07-14,San Luis Obispo,79,281455,1474,1060,4,1064,5
2020-07-14,San Mateo,81,765935,5022,4173,4,4177,108
2020-07-14,Santa Barbara,83,443738,5807,4641,33,4674,28
2020-07-14,Santa Clara,85,1922200,8854,6686,9,6695,164
2020-07-14,Santa Cruz,87,273765,848,639,8,647,3
2020-07-14,Shasta,89,179085,324,190,1,191,7
2020-07-14,Sierra,91,2930,1,1,0,1,0
2020-07-14,Siskiyou,93,43540,64,38,0,38,0
2020-07-14,Solano,95,438530,3178,2266,10,2276,25
2020-07-14,Sonoma,97,501317,2507,1866,5,1871,14
2020-07-14,Stanislaus,99,539301,7899,5631,9,5640,53
2020-07-14,Sutter,101,95872,522,405,0,405,2
2020-07-14,Tehama,103,63373,168,123,1,124,1
2020-07-14,Trinity,105,12862,7,2,3,5,0
2020-07-14,Tulare,107,460477,8118,6199,21,6220,156
2020-07-14,Tuolumne,109,53932,105,68,1,69,0
2020-07-14,Ventura,111,848112,6591,4950,17,4967,50
2020-07-14,Yolo,113,214977,1325,966,3,969,27
2020-07-14,Yuba,115,75493,260,210,0,210,1
2020-07-13,Alameda,1,1643700,10013,8115,9,8124,148
2020-07-13,Alpine,3,1148,3,1,0,1,0
2020-07-13,Amador,5,37829,65,42,0,42,0
2020-07-13,Butte,7,227075,673,354,5,359,4
2020-07-13,Calaveras,9,45235,86,63,0,63,0
2020-07-13,Colusa,11,21464,242,116,0,116,0
2020-07-13,Contra Costa,13,1133247,6736,4882,11,4893,88
2020-07-13,Del Norte,15,27424,74,59,0,59,0
2020-07-13,El Dorado,17,186661,522,298,0,298,0
2020-07-13,Fresno,19,978130,15209,8666,95,8761,95
2020-07-13,Glenn,21,27897,262,168,0,168,0
2020-07-13,Humboldt,23,135768,205,174,1,175,4
2020-07-13,Imperial,25,180216,9348,7052,6,7058,109
2020-07-13,Inyo,27,18085,41,35,0,35,1
2020-07-13,Kern,29,883053,16919,6808,50,6858,107
2020-07-13,Kings,31,150075,3478,2824,22,2846,37
2020-07-13,Lake,33,64148,164,118,0,118,1
2020-07-13,Lassen,35,31185,495,237,2,239,0
2020-07-13,Los Angeles,37,10098052,157889,136368,222,136590,3829
2020-07-13,Madera,39,155013,1733,1059,1,1060,4
2020-07-13,Marin,41,260295,4372,3402,4,3406,21
2020-07-13,Mariposa,43,17540,40,31,0,31,1
2020-07-13,Mendocino,45,87422,180,87,0,87,0
2020-07-13,Merced,47,269075,3360,2007,1,2008,12
2020-07-13,Modoc,49,8938,1,0,0,0,0
2020-07-13,Mono,51,14174,81,47,0,47,1
2020-07-13,Monterey,53,433212,3551,2613,6,2619,18
2020-07-13,Napa,55,140530,738,534,0,534,4
2020-07-13,Nevada,57,99092,243,172,5,177,1
2020-07-13,Orange,59,3164182,34201,25978,369,26347,423
2020-07-13,Placer,61,380077,1540,1096,2,1098,11
2020-07-13,Plumas,63,18699,22,14,0,14,0
2020-07-13,Riverside,65,2383286,34017,27136,11,27147,545
2020-07-13,Sacramento,67,1510023,8014,5747,7,5754,85
2020-07-13,San Benito,69,59416,469,343,0,343,2
2020-07-13,San Bernardino,71,2135413,29292,19610,16,19626,313
2020-07-13,San Diego,73,3302833,25273,20348,0,20348,422
2020-07-13,San Francisco,75,870044,5428,4534,3,4537,50
2020-07-13,San Joaquin,77,732212,9557,6927,5,6932,71
2020-07-13,San Luis Obispo,79,281455,1443,989,4,993,5
2020-07-13,San Mateo,81,765935,4891,4057,4,4061,108
2020-07-13,Santa Barbara,83,443738,5693,4441,32,4473,28
2020-07-13,Santa Clara,85,1922200,8530,6488,8,6496,164
2020-07-13,Santa Cruz,87,273765,810,574,8,582,3
2020-07-13,Shasta,89,179085,313,185,1,186,6
2020-07-13,Sierra,91,2930,1,1,0,1,0
2020-07-13,Siskiyou,93,43540,60,37,0,37,0
2020-07-13,Solano,95,438530,3066,2046,10,2056,23
2020-07-13,Sonoma,97,501317,2397,1818,5,1823,14
2020-07-13,Stanislaus,99,539301,7596,5324,7,5331,53
2020-07-13,Sutter,101,95872,484,379,0,379,2
2020-07-13,Tehama,103,63373,155,112,1,113,1
2020-07-13,Trinity,105,12862,7,2,3,5,0
2020-07-13,Tulare,107,460477,7857,5930,19,5949,147
2020-07-13,Tuolumne,109,53932,97,56,1,57,0
2020-07-13,Ventura,111,848112,6401,4800,14,4814,50
2020-07-13,Yolo,113,214977,1280,941,3,944,27
2020-07-13,Yuba,115,75493,245,194,0,194,1
2020-07-12,Alameda,1,1643700,9742,8056,9,8065,148
2020-07-12,Alpine,3,1148,3,1,0,1,0
2020-07-12,Amador,5,37829,55,40,0,40,0
2020-07-12,Butte,7,227075,623,341,5,346,4
2020-07-12,Calaveras,9,45235,86,62,0,62,0
2020-07-12,Colusa,11,21464,208,116,0,116,0
2020-07-12,Contra Costa,13,1133247,6464,4708,9,4717,88
2020-07-12,Del Norte,15,27424,63,59,0,59,0
2020-07-12,El Dorado,17,186661,500,290,0,290,0
2020-07-12,Fresno,19,978130,14784,8407,92,8499,95
2020-07-12,Glenn,21,27897,249,166,0,166,0
2020-07-12,Humboldt,23,135768,201,174,1,175,4
2020-07-12,Imperial,25,180216,9228,6999,6,7005,109
2020-07-12,Inyo,27,18085,39,35,0,35,1
2020-07-12,Kern,29,883053,16176,6662,47,6709,105
2020-07-12,Kings,31,150075,3416,2779,22,2801,34
2020-07-12,Lake,33,64148,155,114,0,114,1
2020-07-12,Lassen,35,31185,488,237,2,239,0
2020-07-12,Los Angeles,37,10098052,154467,133830,193,134023,3816
2020-07-12,Madera,39,155013,1678,1025,1,1026,4
2020-07-12,Marin,41,260295,4295,3358,4,3362,21
2020-07-12,Mariposa,43,17540,39,31,0,31,1
2020-07-12,Mendocino,45,87422,161,88,0,88,0
2020-07-12,Merced,47,269075,3230,1908,1,1909,12
2020-07-12,Modoc,49,8938,1,0,0,0,0
2020-07-12,Mono,51,14174,71,45,0,45,1
2020-07-12,Monterey,53,433212,3436,2521,6,2527,18
2020-07-12,Napa,55,140530,706,519,0,519,4
2020-07-12,Nevada,57,99092,233,166,5,171,1
2020-07-12,Orange,59,3164182,33327,25399,360,25759,422
2020-07-12,Placer,61,380077,1483,1058,2,1060,11
2020-07-12,Plumas,63,18699,21,14,0,14,0
2020-07-12,Riverside,65,2383286,33259,26404,11,26415,542
2020-07-12,Sacramento,67,1510023,7705,5515,6,5521,85
2020-07-12,San Benito,69,59416,454,324,0,324,2
2020-07-12,San Bernardino,71,2135413,28383,19042,11,19053,312
2020-07-12,San Diego,73,3302833,24646,19929,0,19929,422
2020-07-12,San Francisco,75,870044,5279,4535,3,4538,50
2020-07-12,San Joaquin,77,732212,9195,6703,5,6708,71
2020-07-12,San Luis Obispo,79,281455,1396,972,4,976,5
2020-07-12,San Mateo,81,765935,4773,3988,4,3992,108
2020-07-12,Santa Barbara,83,443738,5563,4353,31,4384,28
2020-07-12,Santa Clara,85,1922200,8291,6252,8,6260,164
2020-07-12,Santa Cruz,87,273765,768,573,6,579,3
2020-07-12,Shasta,89,179085,307,173,1,174,6
2020-07-12,Sierra,91,2930,1,1,0,1,0
2020-07-12,Siskiyou,93,43540,58,36,0,36,0
2020-07-12,Solano,95,438530,2941,2037,10,2047,23
2020-07-12,Sonoma,97,501317,2302,1743,5,1748,13
2020-07-12,Stanislaus,99,539301,7292,5177,7,5184,53
2020-07-12,Sutter,101,95872,466,362,0,362,2
2020-07-12,Tehama,103,63373,148,111,1,112,1
2020-07-12,Trinity,105,12862,7,2,3,5,0
2020-07-12,Tulare,107,460477,7602,5864,18,5882,146
2020-07-12,Tuolumne,109,53932,89,52,1,53,0
2020-07-12,Ventura,111,848112,6185,4724,13,4737,50
2020-07-12,Yolo,113,214977,1238,889,3,892,27
2020-07-12,Yuba,115,75493,234,188,0,188,1
2020-07-11,Alameda,1,1643700,9640,7845,9,7854,148
2020-07-11,Alpine,3,1148,3,1,0,1,0
2020-07-11,Amador,5,37829,51,37,0,37,0
2020-07-11,Butte,7,227075,607,325,5,330,4
2020-07-11,Calaveras,9,45235,83,62,0,62,0
2020-07-11,Colusa,11,21464,203,110,0,110,0
2020-07-11,Contra Costa,13,1133247,6348,4650,9,4659,87
2020-07-11,Del Norte,15,27424,63,59,0,59,0
2020-07-11,El Dorado,17,186661,489,283,0,283,0
2020-07-11,Fresno,19,978130,14525,8086,91,8177,95
2020-07-11,Glenn,21,27897,241,161,0,161,0
2020-07-11,Humboldt,23,135768,200,174,1,175,4
2020-07-11,Imperial,25,180216,9189,6884,6,6890,109
2020-07-11,Inyo,27,18085,39,35,0,35,1
2020-07-11,Kern,29,883053,15820,6509,46,6555,103
2020-07-11,Kings,31,150075,3389,2753,22,2775,33
2020-07-11,Lake,33,64148,154,110,0,110,1
2020-07-11,Lassen,35,31185,487,237,2,239,0
2020-07-11,Los Angeles,37,10098052,152750,130479,183,130662,3802
2020-07-11,Madera,39,155013,1637,988,1,989,4
2020-07-11,Marin,41,260295,4267,3191,4,3195,21
2020-07-11,Mariposa,43,17540,39,31,0,31,1
2020-07-11,Mendocino,45,87422,157,88,0,88,0
2020-07-11,Merced,47,269075,3149,1851,1,1852,12
2020-07-11,Modoc,49,8938,1,0,0,0,0
2020-07-11,Mono,51,14174,68,45,0,45,1
2020-07-11,Monterey,53,433212,3347,2376,5,2381,18
2020-07-11,Napa,55,140530,694,509,0,509,4
2020-07-11,Nevada,57,99092,224,163,4,167,1
2020-07-11,Orange,59,3164182,32950,24430,346,24776,422
2020-07-11,Placer,61,380077,1448,1029,2,1031,11
2020-07-11,Plumas,63,18699,21,12,0,12,0
2020-07-11,Riverside,65,2383286,32867,25994,11,26005,538
2020-07-11,Sacramento,67,1510023,7531,5367,6,5373,84
2020-07-11,San Benito,69,59416,439,314,0,314,2
2020-07-11,San Bernardino,71,2135413,27946,18907,11,18918,310
2020-07-11,San Diego,73,3302833,24261,19371,0,19371,422
2020-07-11,San Francisco,75,870044,5183,4430,2,4432,50
2020-07-11,San Joaquin,77,732212,9017,6518,5,6523,72
2020-07-11,San Luis Obispo,79,281455,1348,930,4,934,4
2020-07-11,San Mateo,81,765935,4705,3956,4,3960,108
2020-07-11,Santa Barbara,83,443738,5494,4283,30,4313,28
2020-07-11,Santa Clara,85,1922200,8131,5959,8,5967,164
2020-07-11,Santa Cruz,87,273765,737,571,6,577,3
2020-07-11,Shasta,89,179085,300,168,1,169,6
2020-07-11,Sierra,91,2930,1,1,0,1,0
2020-07-11,Siskiyou,93,43540,58,36,0,36,0
2020-07-11,Solano,95,438530,2900,2034,10,2044,23
2020-07-11,Sonoma,97,501317,2265,1690,5,1695,13
2020-07-11,Stanislaus,99,539301,7151,4911,7,4918,51
2020-07-11,Sutter,101,95872,450,352,0,352,2
2020-07-11,Tehama,103,63373,146,111,1,112,1
2020-07-11,Trinity,105,12862,7,2,3,5,0
2020-07-11,Tulare,107,460477,7496,5780,18,5798,149
2020-07-11,Tuolumne,109,53932,87,50,1,51,0
2020-07-11,Ventura,111,848112,6089,4545,12,4557,49
2020-07-11,Yolo,113,214977,1209,833,3,836,27
2020-07-11,Yuba,115,75493,224,175,0,175,1
2020-07-10,Alameda,1,1643700,9483,7551,9,7560,147
2020-07-10,Alpine,3,1148,3,1,0,1,0
2020-07-10,Amador,5,37829,47,37,0,37,0
2020-07-10,Butte,7,227075,596,318,5,323,4
2020-07-10,Calaveras,9,45235,83,61,0,61,0
2020-07-10,Colusa,11,21464,197,103,0,103,0
2020-07-10,Contra Costa,13,1133247,6205,4482,9,4491,86
2020-07-10,Del Norte,15,27424,63,57,0,57,0
2020-07-10,El Dorado,17,186661,471,266,0,266,0
2020-07-10,Fresno,19,978130,14193,7760,88,7848,93
2020-07-10,Glenn,21,27897,236,157,0,157,0
2020-07-10,Humboldt,23,135768,199,168,1,169,4
2020-07-10,Imperial,25,180216,9144,6878,6,6884,98
2020-07-10,Inyo,27,18085,39,35,0,35,1
2020-07-10,Kern,29,883053,15387,6344,45,6389,102
2020-07-10,Kings,31,150075,3354,2707,22,2729,33
2020-07-10,Lake,33,64148,147,104,0,104,1
2020-07-10,Lassen,35,31185,486,235,2,237,0
2020-07-10,Los Angeles,37,10098052,150332,127503,177,127680,3750
2020-07-10,Madera,39,155013,1591,914,1,915,4
2020-07-10,Marin,41,260295,4205,3101,4,3105,21
2020-07-10,Mariposa,43,17540,38,31,0,31,1
2020-07-10,Mendocino,45,87422,149,88,0,88,0
2020-07-10,Merced,47,269075,3070,1802,1,1803,12
2020-07-10,Modoc,49,8938,1,0,0,0,0
2020-07-10,Mono,51,14174,67,45,0,45,1
2020-07-10,Monterey,53,433212,3268,2285,5,2290,18
2020-07-10,Napa,55,140530,683,496,0,496,4
2020-07-10,Nevada,57,99092,219,161,4,165,1
2020-07-10,Orange,59,3164182,32364,23692,342,24034,416
2020-07-10,Placer,61,380077,1407,1002,2,1004,11
2020-07-10,Plumas,63,18699,19,12,0,12,0
2020-07-10,Riverside,65,2383286,32349,25481,11,25492,533
2020-07-10,Sacramento,67,1510023,7274,5181,6,5187,81
2020-07-10,San Benito,69,59416,430,302,0,302,2
2020-07-10,San Bernardino,71,2135413,27420,18242,11,18253,308
2020-07-10,San Diego,73,3302833,23880,18862,0,18862,420
2020-07-10,San Francisco,75,870044,5092,4305,2,4307,50
2020-07-10,San Joaquin,77,732212,8784,6225,5,6230,67
2020-07-10,San Luis Obispo,79,281455,1310,891,4,895,4
2020-07-10,San Mateo,81,765935,4640,3844,4,3848,107
2020-07-10,Santa Barbara,83,443738,5397,4177,29,4206,28
2020-07-10,Santa Clara,85,1922200,7907,5819,8,5827,164
2020-07-10,Santa Cruz,87,273765,710,540,6,546,3
2020-07-10,Shasta,89,179085,296,158,1,159,6
2020-07-10,Sierra,91,2930,1,1,0,1,0
2020-07-10,Siskiyou,93,43540,58,31,0,31,0
2020-07-10,Solano,95,438530,2853,1950,10,1960,23
2020-07-10,Sonoma,97,501317,2218,1606,4,1610,13
2020-07-10,Stanislaus,99,539301,6981,4781,7,4788,46
2020-07-10,Sutter,101,95872,443,338,0,338,2
2020-07-10,Tehama,103,63373,145,107,1,108,1
2020-07-10,Trinity,105,12862,7,2,3,5,0
2020-07-10,Tulare,107,460477,7359,5677,18,5695,150
2020-07-10,Tuolumne,109,53932,86,49,1,50,0
2020-07-10,Ventura,111,848112,5977,4416,12,4428,48
2020-07-10,Yolo,113,214977,1185,794,3,797,27
2020-07-10,Yuba,115,75493,210,164,0,164,1
2020-07-09,Alameda,1,1643700,9247,7433,9,7442,146
2020-07-09,Alpine,3,1148,3,1,0,1,0
2020-07-09,Amador,5,37829,44,36,0,36,0
2020-07-09,Butte,7,227075,565,295,5,300,4
2020-07-09,Calaveras,9,45235,82,59,0,59,0
2020-07-09,Colusa,11,21464,189,97,0,97,0
2020-07-09,Contra Costa,13,1133247,5962,4388,9,4397,86
2020-07-09,Del Norte,15,27424,63,57,0,57,0
2020-07-09,El Dorado,17,186661,447,255,0,255,0
2020-07-09,Fresno,19,978130,13737,7385,86,7471,90
2020-07-09,Glenn,21,27897,226,150,0,150,0
2020-07-09,Humboldt,23,135768,196,166,1,167,4
2020-07-09,Imperial,25,180216,9048,6778,6,6784,87
2020-07-09,Inyo,27,18085,37,35,0,35,1
2020-07-09,Kern,29,883053,14742,6100,43,6143,95
2020-07-09,Kings,31,150075,3291,2686,21,2707,33
2020-07-09,Lake,33,64148,144,99,0,99,1
2020-07-09,Lassen,35,31185,430,221,2,223,0
2020-07-09,Los Angeles,37,10098052,147065,125062,150,125212,3698
2020-07-09,Madera,39,155013,1514,850,1,851,4
2020-07-09,Marin,41,260295,4054,2975,4,2979,20
2020-07-09,Mariposa,43,17540,38,32,0,32,1
2020-07-09,Mendocino,45,87422,145,88,0,88,0
2020-07-09,Merced,47,269075,2937,1728,1,1729,11
2020-07-09,Modoc,49,8938,1,0,0,0,0
2020-07-09,Mono,51,14174,63,45,0,45,1
2020-07-09,Monterey,53,433212,3143,2223,5,2228,17
2020-07-09,Napa,55,140530,666,468,0,468,4
2020-07-09,Nevada,57,99092,213,156,4,160,1
2020-07-09,Orange,59,3164182,31395,22960,324,23284,407
2020-07-09,Placer,61,380077,1362,982,2,984,11
2020-07-09,Plumas,63,18699,19,12,0,12,0
2020-07-09,Riverside,65,2383286,31455,24980,11,24991,529
2020-07-09,Sacramento,67,1510023,6949,4950,6,4956,81
2020-07-09,San Benito,69,59416,414,295,0,295,2
2020-07-09,San Bernardino,71,2135413,26549,17339,10,17349,307
2020-07-09,San Diego,73,3302833,23288,18404,0,18404,415
2020-07-09,San Francisco,75,870044,4960,4143,2,4145,50
2020-07-09,San Joaquin,77,732212,8425,6004,5,6009,66
2020-07-09,San Luis Obispo,79,281455,1271,869,4,873,3
2020-07-09,San Mateo,81,765935,4513,3792,4,3796,106
2020-07-09,Santa Barbara,83,443738,5264,4068,29,4097,28
2020-07-09,Santa Clara,85,1922200,7650,5638,8,5646,164
2020-07-09,Santa Cruz,87,273765,683,526,6,532,3
2020-07-09,Shasta,89,179085,290,155,1,156,5
2020-07-09,Sierra,91,2930,1,1,0,1,0
2020-07-09,Siskiyou,93,43540,54,31,0,31,0
2020-07-09,Solano,95,438530,2755,1892,10,1902,23
2020-07-09,Sonoma,97,501317,2132,1584,4,1588,13
2020-07-09,Stanislaus,99,539301,6665,4633,6,4639,46
2020-07-09,Sutter,101,95872,426,321,0,321,2
2020-07-09,Tehama,103,63373,140,102,1,103,1
2020-07-09,Trinity,105,12862,7,2,3,5,0
2020-07-09,Tulare,107,460477,7142,5501,16,5517,146
2020-07-09,Tuolumne,109,53932,85,47,1,48,0
2020-07-09,Ventura,111,848112,5809,4278,12,4290,47
2020-07-09,Yolo,113,214977,1138,764,3,767,27
2020-07-09,Yuba,115,75493,193,152,0,152,1
2020-07-08,Alameda,1,1643700,8954,7335,9,7344,142
2020-07-08,Alpine,3,1148,3,1,0,1,0
2020-07-08,Amador,5,37829,41,35,0,35,0
2020-07-08,Butte,7,227075,528,281,5,286,3
2020-07-08,Calaveras,9,45235,76,58,0,58,0
2020-07-08,Colusa,11,21464,176,90,0,90,0
2020-07-08,Contra Costa,13,1133247,5716,4268,7,4275,84
2020-07-08,Del Norte,15,27424,61,57,0,57,0
2020-07-08,El Dorado,17,186661,426,248,0,248,0
2020-07-08,Fresno,19,978130,13322,7102,80,7182,86
2020-07-08,Glenn,21,27897,215,146,0,146,0
2020-07-08,Humboldt,23,135768,193,162,1,163,4
2020-07-08,Imperial,25,180216,8960,6727,6,6733,76
2020-07-08,Inyo,27,18085,37,35,0,35,1
2020-07-08,Kern,29,883053,14164,5873,42,5915,91
2020-07-08,Kings,31,150075,3231,2629,19,2648,33
2020-07-08,Lake,33,64148,137,97,0,97,1
2020-07-08,Lassen,35,31185,334,221,2,223,0
2020-07-08,Los Angeles,37,10098052,143853,123462,121,123583,3650
2020-07-08,Madera,39,155013,1444,828,1,829,4
2020-07-08,Marin,41,260295,3955,2756,4,2760,17
2020-07-08,Mariposa,43,17540,38,31,0,31,1
2020-07-08,Mendocino,45,87422,132,84,0,84,0
2020-07-08,Merced,47,269075,2818,1578,1,1579,11
2020-07-08,Modoc,49,8938,1,0,0,0,0
2020-07-08,Mono,51,14174,60,45,0,45,1
2020-07-08,Monterey,53,433212,3025,2182,4,2186,17
2020-07-08,Napa,55,140530,643,468,0,468,4
2020-07-08,Nevada,57,99092,204,156,4,160,1
2020-07-08,Orange,59,3164182,30444,22088,319,22407,378
2020-07-08,Placer,61,380077,1317,948,2,950,11
2020-07-08,Plumas,63,18699,19,12,0,12,0
2020-07-08,Riverside,65,2383286,30491,24042,10,24052,508
2020-07-08,Sacramento,67,1510023,6660,4799,6,4805,80
2020-07-08,San Benito,69,59416,398,282,0,282,2
2020-07-08,San Bernardino,71,2135413,25699,16510,9,16519,296
2020-07-08,San Diego,73,3302833,22721,17844,0,17844,406
2020-07-08,San Francisco,75,870044,4871,4093,2,4095,50
2020-07-08,San Joaquin,77,732212,8083,5759,5,5764,61
2020-07-08,San Luis Obispo,79,281455,1220,825,4,829,2
2020-07-08,San Mateo,81,765935,4392,3733,4,3737,106
2020-07-08,Santa Barbara,83,443738,5145,3985,29,4014,28
2020-07-08,Santa Clara,85,1922200,7417,5510,8,5518,164
2020-07-08,Santa Cruz,87,273765,650,509,5,514,3
2020-07-08,Shasta,89,179085,281,148,1,149,6
2020-07-08,Sierra,91,2930,1,1,0,1,0
2020-07-08,Siskiyou,93,43540,54,31,0,31,0
2020-07-08,Solano,95,438530,2639,1821,10,1831,23
2020-07-08,Sonoma,97,501317,2058,1495,4,1499,9
2020-07-08,Stanislaus,99,539301,6365,4344,6,4350,46
2020-07-08,Sutter,101,95872,401,298,0,298,2
2020-07-08,Tehama,103,63373,134,100,1,101,1
2020-07-08,Trinity,105,12862,6,2,3,5,0
2020-07-08,Tulare,107,460477,6950,5307,11,5318,138
2020-07-08,Tuolumne,109,53932,81,42,1,43,0
2020-07-08,Ventura,111,848112,5644,4139,12,4151,47
2020-07-08,Yolo,113,214977,1095,727,3,730,26
2020-07-08,Yuba,115,75493,180,145,0,145,1
2020-07-07,Alameda,1,1643700,8635,7097,9,7106,141
2020-07-07,Alpine,3,1148,3,1,0,1,0
2020-07-07,Amador,5,37829,41,33,0,33,0
2020-07-07,Butte,7,227075,484,269,5,274,3
2020-07-07,Calaveras,9,45235,74,58,0,58,0
2020-07-07,Colusa,11,21464,143,84,0,84,0
2020-07-07,Contra Costa,13,1133247,5478,4131,6,4137,84
2020-07-07,Del Norte,15,27424,61,57,0,57,0
2020-07-07,El Dorado,17,186661,406,244,0,244,0
2020-07-07,Fresno,19,978130,12869,6738,80,6818,84
2020-07-07,Glenn,21,27897,206,145,0,145,0
2020-07-07,Humboldt,23,135768,190,150,1,151,4
2020-07-07,Imperial,25,180216,8861,6678,6,6684,51
2020-07-07,Inyo,27,18085,36,32,0,32,1
2020-07-07,Kern,29,883053,13465,5645,38,5683,88
2020-07-07,Kings,31,150075,3170,2623,15,2638,33
2020-07-07,Lake,33,64148,127,94,0,94,1
2020-07-07,Lassen,35,31185,263,219,2,221,0
2020-07-07,Los Angeles,37,10098052,140285,121026,113,121139,3588
2020-07-07,Madera,39,155013,1400,794,1,795,4
2020-07-07,Marin,41,260295,3866,2627,4,2631,17
2020-07-07,Mariposa,43,17540,38,31,0,31,1
2020-07-07,Mendocino,45,87422,124,82,0,82,0
2020-07-07,Merced,47,269075,2644,1531,1,1532,10
2020-07-07,Modoc,49,8938,1,0,0,0,0
2020-07-07,Mono,51,14174,59,42,0,42,1
2020-07-07,Monterey,53,433212,2882,2166,4,2170,17
2020-07-07,Napa,55,140530,624,459,0,459,4
2020-07-07,Nevada,57,99092,198,150,4,154,1
2020-07-07,Orange,59,3164182,29433,21741,305,22046,373
2020-07-07,Placer,61,380077,1276,930,2,932,11
2020-07-07,Plumas,63,18699,17,12,0,12,0
2020-07-07,Riverside,65,2383286,29477,23279,10,23289,499
2020-07-07,Sacramento,67,1510023,6318,4592,6,4598,76
2020-07-07,San Benito,69,59416,380,274,0,274,2
2020-07-07,San Bernardino,71,2135413,24831,16004,8,16012,277
2020-07-07,San Diego,73,3302833,22007,17580,0,17580,399
2020-07-07,San Francisco,75,870044,4779,4045,1,4046,50
2020-07-07,San Joaquin,77,732212,7742,5547,5,5552,59
2020-07-07,San Luis Obispo,79,281455,1159,795,4,799,2
2020-07-07,San Mateo,81,765935,4277,3691,4,3695,106
2020-07-07,Santa Barbara,83,443738,5017,3866,28,3894,27
2020-07-07,Santa Clara,85,1922200,7147,5438,8,5446,164
2020-07-07,Santa Cruz,87,273765,616,502,4,506,2
2020-07-07,Shasta,89,179085,268,144,1,145,6
2020-07-07,Sierra,91,2930,1,1,0,1,0
2020-07-07,Siskiyou,93,43540,53,30,0,30,0
2020-07-07,Solano,95,438530,2528,1776,9,1785,22
2020-07-07,Sonoma,97,501317,1987,1473,4,1477,8
2020-07-07,Stanislaus,99,539301,6026,4101,6,4107,46
2020-07-07,Sutter,101,95872,375,273,0,273,2
2020-07-07,Tehama,103,63373,125,95,1,96,1
2020-07-07,Trinity,105,12862,6,2,3,5,0
2020-07-07,Tulare,107,460477,6772,5189,9,5198,137
2020-07-07,Tuolumne,109,53932,75,40,1,41,0
2020-07-07,Ventura,111,848112,5475,3992,10,4002,46
2020-07-07,Yolo,113,214977,1027,706,3,709,26
2020-07-07,Yuba,115,75493,160,138,0,138,1
2020-07-06,Alameda,1,1643700,8397,6970,9,6979,141
2020-07-06,Alpine,3,1148,2,1,0,1,0
2020-07-06,Amador,5,37829,39,33,0,33,0
2020-07-06,Butte,7,227075,429,257,5,262,2
2020-07-06,Calaveras,9,45235,71,45,0,45,0
2020-07-06,Colusa,11,21464,134,80,0,80,0
2020-07-06,Contra Costa,13,1133247,5248,3901,5,3906,83
2020-07-06,Del Norte,15,27424,60,57,0,57,0
2020-07-06,El Dorado,17,186661,391,232,0,232,0
2020-07-06,Fresno,19,978130,12403,6364,73,6437,82
2020-07-06,Glenn,21,27897,198,129,0,129,0
2020-07-06,Humboldt,23,135768,188,148,1,149,3
2020-07-06,Imperial,25,180216,8741,6443,6,6449,47
2020-07-06,Inyo,27,18085,36,32,0,32,1
2020-07-06,Kern,29,883053,12659,5491,36,5527,82
2020-07-06,Kings,31,150075,3121,2583,9,2592,33
2020-07-06,Lake,33,64148,121,93,0,93,1
2020-07-06,Lassen,35,31185,261,219,2,221,0
2020-07-06,Los Angeles,37,10098052,136672,116707,99,116806,3541
2020-07-06,Madera,39,155013,1330,734,1,735,4
2020-07-06,Marin,41,260295,3626,2136,4,2140,17
2020-07-06,Mariposa,43,17540,36,31,0,31,1
2020-07-06,Mendocino,45,87422,107,72,0,72,0
2020-07-06,Merced,47,269075,2493,1396,1,1397,10
2020-07-06,Modoc,49,8938,1,0,0,0,0
2020-07-06,Mono,51,14174,58,40,0,40,1
2020-07-06,Monterey,53,433212,2794,2078,4,2082,15
2020-07-06,Napa,55,140530,606,454,0,454,4
2020-07-06,Nevada,57,99092,192,146,4,150,1
2020-07-06,Orange,59,3164182,28374,20167,267,20434,372
2020-07-06,Placer,61,380077,1216,904,2,906,11
2020-07-06,Plumas,63,18699,17,11,0,11,0
2020-07-06,Riverside,65,2383286,28428,22485,10,22495,477
2020-07-06,Sacramento,67,1510023,5966,4420,6,4426,71
2020-07-06,San Benito,69,59416,365,264,0,264,2
2020-07-06,San Bernardino,71,2135413,23976,15346,8,15354,272
2020-07-06,San Diego,73,3302833,21294,17002,0,17002,387
2020-07-06,San Francisco,75,870044,4658,3861,1,3862,50
2020-07-06,San Joaquin,77,732212,7372,5104,5,5109,57
2020-07-06,San Luis Obispo,79,281455,1102,751,4,755,2
2020-07-06,San Mateo,81,765935,4185,3650,4,3654,106
2020-07-06,Santa Barbara,83,443738,4880,3763,27,3790,27
2020-07-06,Santa Clara,85,1922200,6877,5369,8,5377,165
2020-07-06,Santa Cruz,87,273765,594,466,3,469,2
2020-07-06,Shasta,89,179085,258,143,1,144,6
2020-07-06,Sierra,91,2930,1,1,0,1,0
2020-07-06,Siskiyou,93,43540,49,30,0,30,0
2020-07-06,Solano,95,438530,2395,1668,9,1677,22
2020-07-06,Sonoma,97,501317,1923,1369,4,1373,8
2020-07-06,Stanislaus,99,539301,5624,3983,6,3989,46
2020-07-06,Sutter,101,95872,348,250,0,250,2
2020-07-06,Tehama,103,63373,122,95,1,96,1
2020-07-06,Trinity,105,12862,5,2,3,5,0
2020-07-06,Tulare,107,460477,6568,5039,7,5046,136
2020-07-06,Tuolumne,109,53932,72,30,1,31,0
2020-07-06,Ventura,111,848112,5282,3912,10,3922,44
2020-07-06,Yolo,113,214977,971,685,3,688,26
2020-07-06,Yuba,115,75493,146,124,0,124,1
2020-07-05,Alameda,1,1643700,8145,6861,9,6870,141
2020-07-05,Alpine,3,1148,2,1,0,1,0
2020-07-05,Amador,5,37829,37,31,0,31,0
2020-07-05,Butte,7,227075,394,248,5,253,2
2020-07-05,Calaveras,9,45235,69,45,0,45,0
2020-07-05,Colusa,11,21464,124,79,0,79,0
2020-07-05,Contra Costa,13,1133247,5008,3665,4,3669,80
2020-07-05,Del Norte,15,27424,60,57,0,57,0
2020-07-05,El Dorado,17,186661,373,227,0,227,0
2020-07-05,Fresno,19,978130,11838,6186,70,6256,82
2020-07-05,Glenn,21,27897,195,129,0,129,0
2020-07-05,Humboldt,23,135768,184,147,1,148,3
2020-07-05,Imperial,25,180216,8607,6441,6,6447,47
2020-07-05,Inyo,27,18085,35,32,0,32,1
2020-07-05,Kern,29,883053,11948,5351,36,5387,82
2020-07-05,Kings,31,150075,3038,2546,8,2554,31
2020-07-05,Lake,33,64148,121,92,0,92,1
2020-07-05,Lassen,35,31185,255,219,2,221,0
2020-07-05,Los Angeles,37,10098052,133452,115133,93,115226,3495
2020-07-05,Madera,39,155013,1251,564,1,565,4
2020-07-05,Marin,41,260295,3443,2080,4,2084,17
2020-07-05,Mariposa,43,17540,36,31,0,31,1
2020-07-05,Mendocino,45,87422,104,72,0,72,0
2020-07-05,Merced,47,269075,2348,1340,1,1341,10
2020-07-05,Modoc,49,8938,1,0,0,0,0
2020-07-05,Mono,51,14174,54,39,0,39,1
2020-07-05,Monterey,53,433212,2691,1994,4,1998,15
2020-07-05,Napa,55,140530,576,450,0,450,4
2020-07-05,Nevada,57,99092,186,141,4,145,1
2020-07-05,Orange,59,3164182,27432,19430,252,19682,372
2020-07-05,Placer,61,380077,1160,855,2,857,11
2020-07-05,Plumas,63,18699,16,11,0,11,0
2020-07-05,Riverside,65,2383286,27570,21511,10,21521,474
2020-07-05,Sacramento,67,1510023,5649,4265,2,4267,71
2020-07-05,San Benito,69,59416,346,258,0,258,2
2020-07-05,San Bernardino,71,2135413,23098,15026,8,15034,270
2020-07-05,San Diego,73,3302833,20606,16728,0,16728,387
2020-07-05,San Francisco,75,870044,4540,3861,1,3862,50
2020-07-05,San Joaquin,77,732212,7053,5015,5,5020,57
2020-07-05,San Luis Obispo,79,281455,1022,730,4,734,2
2020-07-05,San Mateo,81,765935,4074,3575,4,3579,106
2020-07-05,Santa Barbara,83,443738,4733,3671,24,3695,27
2020-07-05,Santa Clara,85,1922200,6588,5237,8,5245,162
2020-07-05,Santa Cruz,87,273765,576,467,1,468,2
2020-07-05,Shasta,89,179085,252,138,1,139,6
2020-07-05,Sierra,91,2930,1,1,0,1,0
2020-07-05,Siskiyou,93,43540,45,30,0,30,0
2020-07-05,Solano,95,438530,2275,1547,9,1556,22
2020-07-05,Sonoma,97,501317,1842,1369,4,1373,8
2020-07-05,Stanislaus,99,539301,5293,3777,6,3783,45
2020-07-05,Sutter,101,95872,320,241,0,241,2
2020-07-05,Tehama,103,63373,120,95,1,96,1
2020-07-05,Trinity,105,12862,5,2,3,5,0
2020-07-05,Tulare,107,460477,6309,4981,5,4986,135
2020-07-05,Tuolumne,109,53932,67,30,1,31,0
2020-07-05,Ventura,111,848112,5079,3866,10,3876,44
2020-07-05,Yolo,113,214977,931,644,3,647,26
2020-07-05,Yuba,115,75493,136,115,0,115,1
2020-07-04,Alameda,1,1643700,8033,6737,9,6746,141
2020-07-04,Alpine,3,1148,2,1,0,1,0
2020-07-04,Amador,5,37829,36,31,0,31,0
2020-07-04,Butte,7,227075,376,224,5,229,2
2020-07-04,Calaveras,9,45235,69,45,0,45,0
2020-07-04,Colusa,11,21464,123,76,0,76,0
2020-07-04,Contra Costa,13,1133247,4861,3583,4,3587,80
2020-07-04,Del Norte,15,27424,60,50,0,50,0
2020-07-04,El Dorado,17,186661,353,211,0,211,0
2020-07-04,Fresno,19,978130,11522,5999,68,6067,82
2020-07-04,Glenn,21,27897,188,128,0,128,0
2020-07-04,Humboldt,23,135768,177,144,1,145,3
2020-07-04,Imperial,25,180216,8559,6441,6,6447,47
2020-07-04,Inyo,27,18085,35,32,0,32,1
2020-07-04,Kern,29,883053,11644,5231,36,5267,81
2020-07-04,Kings,31,150075,2995,2509,8,2517,31
2020-07-04,Lake,33,64148,113,86,0,86,1
2020-07-04,Lassen,35,31185,255,219,2,221,0
2020-07-04,Los Angeles,37,10098052,131636,107256,82,107338,3462
2020-07-04,Madera,39,155013,1205,568,1,569,4
2020-07-04,Marin,41,260295,3414,1962,4,1966,17
2020-07-04,Mariposa,43,17540,36,28,0,28,1
2020-07-04,Mendocino,45,87422,104,72,0,72,0
2020-07-04,Merced,47,269075,2245,1252,1,1253,10
2020-07-04,Modoc,49,8938,1,0,0,0,0
2020-07-04,Mono,51,14174,54,37,0,37,1
2020-07-04,Monterey,53,433212,2611,1878,4,1882,15
2020-07-04,Napa,55,140530,567,426,0,426,4
2020-07-04,Nevada,57,99092,183,125,4,129,1
2020-07-04,Orange,59,3164182,27000,19247,237,19484,372
2020-07-04,Placer,61,380077,1124,796,2,798,11
2020-07-04,Plumas,63,18699,16,11,0,11,0
2020-07-04,Riverside,65,2383286,27202,21508,10,21518,474
2020-07-04,Sacramento,67,1510023,5482,4039,2,4041,71
2020-07-04,San Benito,69,59416,333,255,0,255,2
2020-07-04,San Bernardino,71,2135413,22671,14636,8,14644,270
2020-07-04,San Diego,73,3302833,20146,16166,0,16166,387
2020-07-04,San Francisco,75,870044,4448,3861,1,3862,50
2020-07-04,San Joaquin,77,732212,6840,4807,5,4812,57
2020-07-04,San Luis Obispo,79,281455,982,699,4,703,2
2020-07-04,San Mateo,81,765935,4011,3532,4,3536,106
2020-07-04,Santa Barbara,83,443738,4658,3520,22,3542,27
2020-07-04,Santa Clara,85,1922200,6396,5045,8,5053,161
2020-07-04,Santa Cruz,87,273765,566,466,1,467,2
2020-07-04,Shasta,89,179085,249,135,1,136,6
2020-07-04,Sierra,91,2930,1,1,0,1,0
2020-07-04,Siskiyou,93,43540,38,30,0,30,0
2020-07-04,Solano,95,438530,2239,1548,9,1557,22
2020-07-04,Sonoma,97,501317,1816,1370,4,1374,8
2020-07-04,Stanislaus,99,539301,5135,3572,6,3578,44
2020-07-04,Sutter,101,95872,301,225,0,225,2
2020-07-04,Tehama,103,63373,117,92,1,93,1
2020-07-04,Trinity,105,12862,5,2,3,5,0
2020-07-04,Tulare,107,460477,6197,4802,4,4806,135
2020-07-04,Tuolumne,109,53932,63,30,1,31,0
2020-07-04,Ventura,111,848112,4955,3687,10,3697,44
2020-07-04,Yolo,113,214977,906,615,3,618,26
2020-07-04,Yuba,115,75493,129,102,0,102,1
2020-07-03,Alameda,1,1643700,7912,6486,9,6495,141
2020-07-03,Alpine,3,1148,2,1,0,1,0
2020-07-03,Amador,5,37829,36,25,0,25,0
2020-07-03,Butte,7,227075,364,212,5,217,2
2020-07-03,Calaveras,9,45235,69,44,0,44,0
2020-07-03,Colusa,11,21464,117,70,0,70,0
2020-07-03,Contra Costa,13,1133247,4727,3447,4,3451,78
2020-07-03,Del Norte,15,27424,60,50,0,50,0
2020-07-03,El Dorado,17,186661,341,201,0,201,0
2020-07-03,Fresno,19,978130,11217,5783,66,5849,81
2020-07-03,Glenn,21,27897,183,122,0,122,0
2020-07-03,Humboldt,23,135768,173,143,1,144,3
2020-07-03,Imperial,25,180216,8511,6345,6,6351,47
2020-07-03,Inyo,27,18085,35,32,0,32,1
2020-07-03,Kern,29,883053,11383,5213,36,5249,81
2020-07-03,Kings,31,150075,2959,2492,8,2500,31
2020-07-03,Lake,33,64148,106,83,0,83,0
2020-07-03,Lassen,35,31185,255,219,2,221,0
2020-07-03,Los Angeles,37,10098052,130120,107236,78,107314,3461
2020-07-03,Madera,39,155013,1160,565,1,566,4
2020-07-03,Marin,41,260295,3385,1776,4,1780,17
2020-07-03,Mariposa,43,17540,36,28,0,28,1
2020-07-03,Mendocino,45,87422,103,72,0,72,0
2020-07-03,Merced,47,269075,2179,1188,1,1189,10
2020-07-03,Modoc,49,8938,1,0,0,0,0
2020-07-03,Mono,51,14174,54,37,0,37,1
2020-07-03,Monterey,53,433212,2540,1804,4,1808,15
2020-07-03,Napa,55,140530,549,388,0,388,4
2020-07-03,Nevada,57,99092,182,125,4,129,1
2020-07-03,Orange,59,3164182,26609,18819,228,19047,366
2020-07-03,Placer,61,380077,1097,745,2,747,11
2020-07-03,Plumas,63,18699,16,11,0,11,0
2020-07-03,Riverside,65,2383286,26896,21171,10,21181,472
2020-07-03,Sacramento,67,1510023,5346,3711,2,3713,71
2020-07-03,San Benito,69,59416,326,243,0,243,2
2020-07-03,San Bernardino,71,2135413,22282,14040,8,14048,269
2020-07-03,San Diego,73,3302833,19690,15698,0,15698,387
2020-07-03,San Francisco,75,870044,4401,3781,1,3782,50
2020-07-03,San Joaquin,77,732212,6702,4416,4,4420,56
2020-07-03,San Luis Obispo,79,281455,947,676,4,680,2
2020-07-03,San Mateo,81,765935,3954,3439,4,3443,106
2020-07-03,Santa Barbara,83,443738,4571,3406,21,3427,27
2020-07-03,Santa Clara,85,1922200,6285,4820,8,4828,161
2020-07-03,Santa Cruz,87,273765,553,436,1,437,2
2020-07-03,Shasta,89,179085,241,113,1,114,6
2020-07-03,Sierra,91,2930,1,1,0,1,0
2020-07-03,Siskiyou,93,43540,35,30,0,30,0
2020-07-03,Solano,95,438530,2195,1496,8,1504,22
2020-07-03,Sonoma,97,501317,1768,1282,4,1286,8
2020-07-03,Stanislaus,99,539301,5010,3021,6,3027,43
2020-07-03,Sutter,101,95872,291,205,0,205,2
2020-07-03,Tehama,103,63373,115,89,1,90,1
2020-07-03,Trinity,105,12862,5,2,3,5,0
2020-07-03,Tulare,107,460477,6083,4656,4,4660,134
2020-07-03,Tuolumne,109,53932,61,27,1,28,0
2020-07-03,Ventura,111,848112,4859,3536,10,3546,44
2020-07-03,Yolo,113,214977,872,586,3,589,25
2020-07-03,Yuba,115,75493,124,96,0,96,1
2020-07-02,Alameda,1,1643700,7786,6386,9,6395,139
2020-07-02,Alpine,3,1148,2,1,0,1,0
2020-07-02,Amador,5,37829,35,23,0,23,0
2020-07-02,Butte,7,227075,347,199,5,204,2
2020-07-02,Calaveras,9,45235,65,42,0,42,0
2020-07-02,Colusa,11,21464,109,60,0,60,0
2020-07-02,Contra Costa,13,1133247,4544,3347,4,3351,77
2020-07-02,Del Norte,15,27424,59,50,0,50,0
2020-07-02,El Dorado,17,186661,330,193,0,193,0
2020-07-02,Fresno,19,978130,10760,5402,65,5467,78
2020-07-02,Glenn,21,27897,177,114,0,114,0
2020-07-02,Humboldt,23,135768,169,138,1,139,3
2020-07-02,Imperial,25,180216,8408,6236,6,6242,47
2020-07-02,Inyo,27,18085,35,29,0,29,1
2020-07-02,Kern,29,883053,10848,5036,34,5070,78
2020-07-02,Kings,31,150075,2909,2419,8,2427,31
2020-07-02,Lake,33,64148,103,81,0,81,0
2020-07-02,Lassen,35,31185,253,218,2,220,0
2020-07-02,Los Angeles,37,10098052,128100,107144,55,107199,3458
2020-07-02,Madera,39,155013,1092,548,1,549,4
2020-07-02,Marin,41,260295,3300,1706,4,1710,17
2020-07-02,Mariposa,43,17540,35,28,0,28,1
2020-07-02,Mendocino,45,87422,99,71,0,71,0
2020-07-02,Merced,47,269075,2082,1122,1,1123,10
2020-07-02,Modoc,49,8938,1,0,0,0,0
2020-07-02,Mono,51,14174,54,37,0,37,1
2020-07-02,Monterey,53,433212,2480,1796,4,1800,15
2020-07-02,Napa,55,140530,532,352,0,352,4
2020-07-02,Nevada,57,99092,176,118,4,122,1
2020-07-02,Orange,59,3164182,25847,17056,215,17271,360
2020-07-02,Placer,61,380077,1072,740,2,742,11
2020-07-02,Plumas,63,18699,15,8,0,8,0
2020-07-02,Riverside,65,2383286,26325,20253,10,20263,458
2020-07-02,Sacramento,67,1510023,5112,3587,2,3589,70
2020-07-02,San Benito,69,59416,318,236,0,236,2
2020-07-02,San Bernardino,71,2135413,21746,13185,8,13193,260
2020-07-02,San Diego,73,3302833,19228,15208,0,15208,377
2020-07-02,San Francisco,75,870044,4306,3676,1,3677,50
2020-07-02,San Joaquin,77,732212,6354,4243,4,4247,56
2020-07-02,San Luis Obispo,79,281455,902,659,4,663,2
2020-07-02,San Mateo,81,765935,3873,3390,4,3394,107
2020-07-02,Santa Barbara,83,443738,4471,3385,19,3404,27
2020-07-02,Santa Clara,85,1922200,6159,4722,8,4730,160
2020-07-02,Santa Cruz,87,273765,530,414,1,415,2
2020-07-02,Shasta,89,179085,238,110,1,111,5
2020-07-02,Sierra,91,2930,1,1,0,1,0
2020-07-02,Siskiyou,93,43540,35,30,0,30,0
2020-07-02,Solano,95,438530,2112,1429,8,1437,21
2020-07-02,Sonoma,97,501317,1711,1244,4,1248,6
2020-07-02,Stanislaus,99,539301,4838,2850,6,2856,41
2020-07-02,Sutter,101,95872,279,195,0,195,2
2020-07-02,Tehama,103,63373,113,86,1,87,1
2020-07-02,Trinity,105,12862,5,2,3,5,0
2020-07-02,Tulare,107,460477,5917,4559,3,4562,132
2020-07-02,Tuolumne,109,53932,58,23,1,24,0
2020-07-02,Ventura,111,848112,4703,3394,10,3404,42
2020-07-02,Yolo,113,214977,840,554,3,557,24
2020-07-02,Yuba,115,75493,114,93,0,93,1
2020-07-01,Alameda,1,1643700,7565,6125,9,6134,137
2020-07-01,Alpine,3,1148,2,1,0,1,0
2020-07-01,Amador,5,37829,34,22,0,22,0
2020-07-01,Butte,7,227075,322,185,5,190,2
2020-07-01,Calaveras,9,45235,63,37,0,37,0
2020-07-01,Colusa,11,21464,103,53,0,53,0
2020-07-01,Contra Costa,13,1133247,4332,3259,4,3263,76
2020-07-01,Del Norte,15,27424,59,50,0,50,0
2020-07-01,El Dorado,17,186661,303,183,0,183,0
2020-07-01,Fresno,19,978130,10327,5111,62,5173,76
2020-07-01,Glenn,21,27897,170,110,0,110,0
2020-07-01,Humboldt,23,135768,164,134,0,134,3
2020-07-01,Imperial,25,180216,8310,6150,6,6156,46
2020-07-01,Inyo,27,18085,34,30,0,30,1
2020-07-01,Kern,29,883053,10217,4853,31,4884,78
2020-07-01,Kings,31,150075,2841,2360,8,2368,30
2020-07-01,Lake,33,64148,102,75,0,75,0
2020-07-01,Lassen,35,31185,252,217,2,219,0
2020-07-01,Los Angeles,37,10098052,124895,105325,44,105369,3408
2020-07-01,Madera,39,155013,1051,519,1,520,4
2020-07-01,Marin,41,260295,3143,1636,4,1640,17
2020-07-01,Mariposa,43,17540,35,29,0,29,1
2020-07-01,Mendocino,45,87422,95,70,0,70,0
2020-07-01,Merced,47,269075,1982,1052,1,1053,10
2020-07-01,Modoc,49,8938,1,0,0,0,0
2020-07-01,Mono,51,14174,51,37,0,37,1
2020-07-01,Monterey,53,433212,2373,1703,4,1707,15
2020-07-01,Napa,55,140530,509,347,0,347,4
2020-07-01,Nevada,57,99092,166,115,4,119,1
2020-07-01,Orange,59,3164182,24964,15662,193,15855,343
2020-07-01,Placer,61,380077,1023,713,2,715,11
2020-07-01,Plumas,63,18699,13,8,0,8,0
2020-07-01,Riverside,65,2383286,25484,19537,10,19547,457
2020-07-01,Sacramento,67,1510023,4861,3425,2,3427,64
2020-07-01,San Benito,69,59416,309,219,0,219,2
2020-07-01,San Bernardino,71,2135413,20847,12712,8,12720,253
2020-07-01,San Diego,73,3302833,18670,14624,0,14624,372
2020-07-01,San Francisco,75,870044,4213,3626,1,3627,50
2020-07-01,San Joaquin,77,732212,5995,3990,4,3994,54
2020-07-01,San Luis Obispo,79,281455,876,613,4,617,1
2020-07-01,San Mateo,81,765935,3811,3326,4,3330,84
2020-07-01,Santa Barbara,83,443738,4351,3268,18,3286,27
2020-07-01,Santa Clara,85,1922200,5973,4547,7,4554,159
2020-07-01,Santa Cruz,87,273765,509,398,0,398,2
2020-07-01,Shasta,89,179085,233,104,1,105,5
2020-07-01,Sierra,91,2930,1,1,0,1,0
2020-07-01,Siskiyou,93,43540,35,28,0,28,0
2020-07-01,Solano,95,438530,2023,1350,8,1358,21
2020-07-01,Sonoma,97,501317,1615,1178,4,1182,6
2020-07-01,Stanislaus,99,539301,4558,2619,6,2625,41
2020-07-01,Sutter,101,95872,266,188,0,188,2
2020-07-01,Tehama,103,63373,106,80,1,81,1
2020-07-01,Trinity,105,12862,5,2,2,4,0
2020-07-01,Tulare,107,460477,5739,4359,3,4362,128
2020-07-01,Tuolumne,109,53932,55,17,1,18,0
2020-07-01,Ventura,111,848112,4560,3224,8,3232,41
2020-07-01,Yolo,113,214977,790,526,3,529,24
2020-07-01,Yuba,115,75493,109,57,0,57,1
2020-06-30,Alameda,1,1643700,7316,5959,7,5966,137
2020-06-30,Alpine,3,1148,2,1,0,1,0
2020-06-30,Amador,5,37829,34,21,0,21,0
2020-06-30,Butte,7,227075,305,163,5,168,2
2020-06-30,Calaveras,9,45235,58,31,0,31,0
2020-06-30,Colusa,11,21464,94,33,0,33,0
2020-06-30,Contra Costa,13,1133247,4126,3140,4,3144,75
2020-06-30,Del Norte,15,27424,59,48,0,48,0
2020-06-30,El Dorado,17,186661,290,175,0,175,0
2020-06-30,Fresno,19,978130,9880,4826,58,4884,75
2020-06-30,Glenn,21,27897,165,96,0,96,0
2020-06-30,Humboldt,23,135768,160,132,0,132,3
2020-06-30,Imperial,25,180216,8213,5968,6,5974,45
2020-06-30,Inyo,27,18085,34,30,0,30,1
2020-06-30,Kern,29,883053,9568,4721,27,4748,75
2020-06-30,Kings,31,150075,2792,2315,5,2320,30
2020-06-30,Lake,33,64148,94,56,0,56,0
2020-06-30,Lassen,35,31185,245,215,2,217,0
2020-06-30,Los Angeles,37,10098052,121304,103640,41,103681,3378
2020-06-30,Madera,39,155013,994,475,1,476,4
2020-06-30,Marin,41,260295,3072,1614,4,1618,17
2020-06-30,Mariposa,43,17540,34,27,0,27,1
2020-06-30,Mendocino,45,87422,90,65,0,65,0
2020-06-30,Merced,47,269075,1845,970,1,971,10
2020-06-30,Modoc,49,8938,1,0,0,0,0
2020-06-30,Mono,51,14174,49,36,0,36,1
2020-06-30,Monterey,53,433212,2275,1657,4,1661,15
2020-06-30,Napa,55,140530,484,342,0,342,4
2020-06-30,Nevada,57,99092,158,113,4,117,1
2020-06-30,Orange,59,3164182,24036,14354,183,14537,335
2020-06-30,Placer,61,380077,997,667,2,669,11
2020-06-30,Plumas,63,18699,12,8,0,8,0
2020-06-30,Riverside,65,2383286,24767,18656,10,18666,449
2020-06-30,Sacramento,67,1510023,4571,3246,2,3248,64
2020-06-30,San Benito,69,59416,298,200,0,200,2
2020-06-30,San Bernardino,71,2135413,19863,12375,8,12383,249
2020-06-30,San Diego,73,3302833,17967,14150,0,14150,365
2020-06-30,San Francisco,75,870044,4107,3555,1,3556,50
2020-06-30,San Joaquin,77,732212,5621,3744,4,3748,52
2020-06-30,San Luis Obispo,79,281455,840,583,4,587,1
2020-06-30,San Mateo,81,765935,3734,3268,4,3272,84
2020-06-30,Santa Barbara,83,443738,4234,3102,18,3120,25
2020-06-30,Santa Clara,85,1922200,5773,4346,7,4353,157
2020-06-30,Santa Cruz,87,273765,484,379,0,379,2
2020-06-30,Shasta,89,179085,217,100,1,101,5
2020-06-30,Sierra,91,2930,1,1,0,1,0
2020-06-30,Siskiyou,93,43540,34,26,0,26,0
2020-06-30,Solano,95,438530,1931,1256,8,1264,21
2020-06-30,Sonoma,97,501317,1550,1122,4,1126,6
2020-06-30,Stanislaus,99,539301,4261,2578,6,2584,41
2020-06-30,Sutter,101,95872,243,168,0,168,2
2020-06-30,Tehama,103,63373,104,75,1,76,1
2020-06-30,Trinity,105,12862,5,2,2,4,0
2020-06-30,Tulare,107,460477,5532,4207,3,4210,117
2020-06-30,Tuolumne,109,53932,51,16,1,17,0
2020-06-30,Ventura,111,848112,4426,3030,8,3038,40
2020-06-30,Yolo,113,214977,752,515,3,518,24
2020-06-30,Yuba,115,75493,105,55,0,55,1
2020-06-29,Alameda,1,1643700,7106,5766,7,5773,135
2020-06-29,Alpine,3,1148,2,1,0,1,0
2020-06-29,Amador,5,37829,31,20,0,20,0
2020-06-29,Butte,7,227075,284,157,5,162,2
2020-06-29,Calaveras,9,45235,56,30,0,30,0
2020-06-29,Colusa,11,21464,89,17,0,17,0
2020-06-29,Contra Costa,13,1133247,3963,2976,3,2979,75
2020-06-29,Del Norte,15,27424,59,47,0,47,0
2020-06-29,El Dorado,17,186661,276,163,0,163,0
2020-06-29,Fresno,19,978130,9532,4531,57,4588,74
2020-06-29,Glenn,21,27897,156,77,0,77,0
2020-06-29,Humboldt,23,135768,159,128,0,128,3
2020-06-29,Imperial,25,180216,8082,5512,6,5518,45
2020-06-29,Inyo,27,18085,33,29,0,29,1
2020-06-29,Kern,29,883053,8905,4613,25,4638,73
2020-06-29,Kings,31,150075,2728,2280,5,2285,20
2020-06-29,Lake,33,64148,87,53,0,53,0
2020-06-29,Lassen,35,31185,237,77,2,79,0
2020-06-29,Los Angeles,37,10098052,118254,100846,35,100881,3337
2020-06-29,Madera,39,155013,937,422,1,423,4
2020-06-29,Marin,41,260295,2996,1517,4,1521,17
2020-06-29,Mariposa,43,17540,32,25,0,25,1
2020-06-29,Mendocino,45,87422,87,63,0,63,0
2020-06-29,Merced,47,269075,1739,848,1,849,10
2020-06-29,Modoc,49,8938,1,0,0,0,0
2020-06-29,Mono,51,14174,47,35,0,35,1
2020-06-29,Monterey,53,433212,2203,1614,4,1618,14
2020-06-29,Napa,55,140530,463,317,0,317,4
2020-06-29,Nevada,57,99092,155,107,3,110,1
2020-06-29,Orange,59,3164182,23045,13682,167,13849,324
2020-06-29,Placer,61,380077,958,628,2,630,11
2020-06-29,Plumas,63,18699,12,6,0,6,0
2020-06-29,Riverside,65,2383286,23734,17683,10,17693,432
2020-06-29,Sacramento,67,1510023,4289,2985,2,2987,62
2020-06-29,San Benito,69,59416,283,193,0,193,2
2020-06-29,San Bernardino,71,2135413,18901,11643,8,11651,245
2020-06-29,San Diego,73,3302833,17391,13834,0,13834,361
2020-06-29,San Francisco,75,870044,4030,3389,1,3390,50
2020-06-29,San Joaquin,77,732212,5263,3202,4,3206,52
2020-06-29,San Luis Obispo,79,281455,806,544,4,548,1
2020-06-29,San Mateo,81,765935,3680,3170,4,3174,84
2020-06-29,Santa Barbara,83,443738,4124,2933,17,2950,25
2020-06-29,Santa Clara,85,1922200,5601,4231,7,4238,157
2020-06-29,Santa Cruz,87,273765,466,348,0,348,2
2020-06-29,Shasta,89,179085,209,94,1,95,5
2020-06-29,Sierra,91,2930,1,1,0,1,0
2020-06-29,Siskiyou,93,43540,34,25,0,25,0
2020-06-29,Solano,95,438530,1829,1077,8,1085,21
2020-06-29,Sonoma,97,501317,1478,1103,4,1107,5
2020-06-29,Stanislaus,99,539301,4055,2400,5,2405,36
2020-06-29,Sutter,101,95872,221,152,0,152,2
2020-06-29,Tehama,103,63373,100,63,1,64,1
2020-06-29,Trinity,105,12862,5,2,2,4,0
2020-06-29,Tulare,107,460477,5378,3906,3,3909,117
2020-06-29,Tuolumne,109,53932,47,16,1,17,0
2020-06-29,Ventura,111,848112,4279,2794,8,2802,40
2020-06-29,Yolo,113,214977,719,483,3,486,24
2020-06-29,Yuba,115,75493,92,55,0,55,1
2020-06-28,Alameda,1,1643700,6847,5698,7,5705,135
2020-06-28,Alpine,3,1148,2,1,0,1,0
2020-06-28,Amador,5,37829,29,20,0,20,0
2020-06-28,Butte,7,227075,265,150,5,155,2
2020-06-28,Calaveras,9,45235,51,30,0,30,0
2020-06-28,Colusa,11,21464,74,17,0,17,0
2020-06-28,Contra Costa,13,1133247,3773,2803,3,2806,73
2020-06-28,Del Norte,15,27424,58,47,0,47,0
2020-06-28,El Dorado,17,186661,264,162,0,162,0
2020-06-28,Fresno,19,978130,9171,4365,57,4422,74
2020-06-28,Glenn,21,27897,148,77,0,77,0
2020-06-28,Humboldt,23,135768,156,127,0,127,3
2020-06-28,Imperial,25,180216,7893,5513,6,5519,45
2020-06-28,Inyo,27,18085,33,29,0,29,1
2020-06-28,Kern,29,883053,8352,4541,23,4564,72
2020-06-28,Kings,31,150075,2669,2234,5,2239,18
2020-06-28,Lake,33,64148,83,53,0,53,0
2020-06-28,Lassen,35,31185,237,77,2,79,0
2020-06-28,Los Angeles,37,10098052,115050,98003,31,98034,3316
2020-06-28,Madera,39,155013,890,424,1,425,4
2020-06-28,Marin,41,260295,2650,1473,4,1477,17
2020-06-28,Mariposa,43,17540,32,24,0,24,1
2020-06-28,Mendocino,45,87422,85,63,0,63,0
2020-06-28,Merced,47,269075,1626,814,1,815,10
2020-06-28,Modoc,49,8938,1,0,0,0,0
2020-06-28,Mono,51,14174,47,35,0,35,1
2020-06-28,Monterey,53,433212,2121,1560,4,1564,13
2020-06-28,Napa,55,140530,429,307,0,307,4
2020-06-28,Nevada,57,99092,144,102,3,105,1
2020-06-28,Orange,59,3164182,22070,13213,149,13362,324
2020-06-28,Placer,61,380077,918,618,2,620,11
2020-06-28,Plumas,63,18699,11,6,0,6,0
2020-06-28,Riverside,65,2383286,22907,16848,9,16857,432
2020-06-28,Sacramento,67,1510023,4061,2803,2,2805,63
2020-06-28,San Benito,69,59416,272,190,0,190,2
2020-06-28,San Bernardino,71,2135413,18147,11344,7,11351,245
2020-06-28,San Diego,73,3302833,16846,13333,0,13333,361
2020-06-28,San Francisco,75,870044,3951,3388,1,3389,50
2020-06-28,San Joaquin,77,732212,4928,3201,4,3205,52
2020-06-28,San Luis Obispo,79,281455,767,531,4,535,1
2020-06-28,San Mateo,81,765935,3602,3124,4,3128,84
2020-06-28,Santa Barbara,83,443738,3979,2872,17,2889,25
2020-06-28,Santa Clara,85,1922200,5441,4131,7,4138,156
2020-06-28,Santa Cruz,87,273765,443,349,0,349,2
2020-06-28,Shasta,89,179085,196,89,0,89,5
2020-06-28,Sierra,91,2930,1,1,0,1,0
2020-06-28,Siskiyou,93,43540,34,25,0,25,0
2020-06-28,Solano,95,438530,1754,1077,8,1085,21
2020-06-28,Sonoma,97,501317,1424,1084,4,1088,5
2020-06-28,Stanislaus,99,539301,3849,2376,5,2381,36
2020-06-28,Sutter,101,95872,195,145,0,145,2
2020-06-28,Tehama,103,63373,93,63,1,64,1
2020-06-28,Trinity,105,12862,5,2,2,4,0
2020-06-28,Tulare,107,460477,5213,3812,3,3815,117
2020-06-28,Tuolumne,109,53932,42,14,1,15,0
2020-06-28,Ventura,111,848112,4121,2650,8,2658,40
2020-06-28,Yolo,113,214977,684,468,3,471,24
2020-06-28,Yuba,115,75493,88,39,0,39,1
2020-06-27,Alameda,1,1643700,6752,5581,7,5588,135
2020-06-27,Alpine,3,1148,2,1,0,1,0
2020-06-27,Amador,5,37829,27,20,0,20,0
2020-06-27,Butte,7,227075,257,137,5,142,2
2020-06-27,Calaveras,9,45235,49,30,0,30,0
2020-06-27,Colusa,11,21464,68,17,0,17,0
2020-06-27,Contra Costa,13,1133247,3678,2717,2,2719,72
2020-06-27,Del Norte,15,27424,58,47,0,47,0
2020-06-27,El Dorado,17,186661,258,159,0,159,0
2020-06-27,Fresno,19,978130,8925,4238,57,4295,74
2020-06-27,Glenn,21,27897,144,77,0,77,0
2020-06-27,Humboldt,23,135768,154,127,0,127,3
2020-06-27,Imperial,25,180216,7831,5513,6,5519,45
2020-06-27,Inyo,27,18085,33,29,0,29,1
2020-06-27,Kern,29,883053,8090,4411,22,4433,70
2020-06-27,Kings,31,150075,2643,2187,5,2192,18
2020-06-27,Lake,33,64148,80,42,0,42,0
2020-06-27,Lassen,35,31185,237,33,2,35,0
2020-06-27,Los Angeles,37,10098052,113309,95341,28,95369,3291
2020-06-27,Madera,39,155013,847,427,0,427,4
2020-06-27,Marin,41,260295,2605,1423,4,1427,17
2020-06-27,Mariposa,43,17540,31,22,0,22,1
2020-06-27,Mendocino,45,87422,85,63,0,63,0
2020-06-27,Merced,47,269075,1568,807,0,807,10
2020-06-27,Modoc,49,8938,1,0,0,0,0
2020-06-27,Mono,51,14174,46,35,0,35,1
2020-06-27,Monterey,53,433212,2057,1455,4,1459,12
2020-06-27,Napa,55,140530,419,282,0,282,3
2020-06-27,Nevada,57,99092,140,102,2,104,1
2020-06-27,Orange,59,3164182,21562,12951,144,13095,320
2020-06-27,Placer,61,380077,897,584,2,586,10
2020-06-27,Plumas,63,18699,11,6,0,6,0
2020-06-27,Riverside,65,2383286,22518,16209,9,16218,432
2020-06-27,Sacramento,67,1510023,3943,2685,2,2687,63
2020-06-27,San Benito,69,59416,265,182,0,182,2
2020-06-27,San Bernardino,71,2135413,17769,11238,7,11245,243
2020-06-27,San Diego,73,3302833,16481,12836,0,12836,360
2020-06-27,San Francisco,75,870044,3896,3332,1,3333,49
2020-06-27,San Joaquin,77,732212,4763,2995,4,2999,52
2020-06-27,San Luis Obispo,79,281455,743,505,4,509,1
2020-06-27,San Mateo,81,765935,3545,3083,4,3087,83
2020-06-27,Santa Barbara,83,443738,3907,2799,17,2816,25
2020-06-27,Santa Clara,85,1922200,5336,4006,7,4013,157
2020-06-27,Santa Cruz,87,273765,436,347,0,347,2
2020-06-27,Shasta,89,179085,191,87,0,87,5
2020-06-27,Sierra,91,2930,1,1,0,1,0
2020-06-27,Siskiyou,93,43540,34,25,0,25,0
2020-06-27,Solano,95,438530,1721,1076,8,1084,21
2020-06-27,Sonoma,97,501317,1393,1004,4,1008,5
2020-06-27,Stanislaus,99,539301,3750,2164,5,2169,36
2020-06-27,Sutter,101,95872,188,141,0,141,2
2020-06-27,Tehama,103,63373,90,63,1,64,1
2020-06-27,Trinity,105,12862,5,2,2,4,0
2020-06-27,Tulare,107,460477,5117,3810,3,3813,117
2020-06-27,Tuolumne,109,53932,41,13,1,14,0
2020-06-27,Ventura,111,848112,4022,2471,8,2479,40
2020-06-27,Yolo,113,214977,659,432,3,435,24
2020-06-27,Yuba,115,75493,80,39,0,39,1
2020-06-26,Alameda,1,1643700,6666,5502,6,5508,132
2020-06-26,Alpine,3,1148,2,1,0,1,0
2020-06-26,Amador,5,37829,26,20,0,20,0
2020-06-26,Butte,7,227075,242,135,5,140,2
2020-06-26,Calaveras,9,45235,47,30,0,30,0
2020-06-26,Colusa,11,21464,63,17,0,17,0
2020-06-26,Contra Costa,13,1133247,3565,2676,2,2678,72
2020-06-26,Del Norte,15,27424,57,47,0,47,0
2020-06-26,El Dorado,17,186661,250,159,0,159,0
2020-06-26,Fresno,19,978130,8699,4166,57,4223,74
2020-06-26,Glenn,21,27897,137,71,0,71,0
2020-06-26,Humboldt,23,135768,152,126,0,126,3
2020-06-26,Imperial,25,180216,7767,5400,6,5406,44
2020-06-26,Inyo,27,18085,32,29,0,29,1
2020-06-26,Kern,29,883053,7758,4366,22,4388,70
2020-06-26,Kings,31,150075,2611,2176,4,2180,18
2020-06-26,Lake,33,64148,79,42,0,42,0
2020-06-26,Lassen,35,31185,236,30,2,32,0
2020-06-26,Los Angeles,37,10098052,111144,93328,28,93356,3275
2020-06-26,Madera,39,155013,815,409,0,409,4
2020-06-26,Marin,41,260295,2569,1406,4,1410,17
2020-06-26,Mariposa,43,17540,30,21,0,21,1
2020-06-26,Mendocino,45,87422,82,63,0,63,0
2020-06-26,Merced,47,269075,1522,797,0,797,10
2020-06-26,Modoc,49,8938,1,0,0,0,0
2020-06-26,Mono,51,14174,45,35,0,35,1
2020-06-26,Monterey,53,433212,2005,1449,4,1453,12
2020-06-26,Napa,55,140530,409,277,0,277,3
2020-06-26,Nevada,57,99092,136,101,1,102,1
2020-06-26,Orange,59,3164182,20886,12659,141,12800,320
2020-06-26,Placer,61,380077,870,584,2,586,10
2020-06-26,Plumas,63,18699,11,6,0,6,0
2020-06-26,Riverside,65,2383286,22056,15858,9,15867,430
2020-06-26,Sacramento,67,1510023,3779,2687,2,2689,63
2020-06-26,San Benito,69,59416,261,176,0,176,2
2020-06-26,San Bernardino,71,2135413,17392,11111,7,11118,243
2020-06-26,San Diego,73,3302833,16116,12402,0,12402,358
2020-06-26,San Francisco,75,870044,3840,3330,1,3331,49
2020-06-26,San Joaquin,77,732212,4549,2943,4,2947,52
2020-06-26,San Luis Obispo,79,281455,728,498,4,502,1
2020-06-26,San Mateo,81,765935,3493,3055,4,3059,83
2020-06-26,Santa Barbara,83,443738,3817,2784,15,2799,25
2020-06-26,Santa Clara,85,1922200,5235,3968,7,3975,156
2020-06-26,Santa Cruz,87,273765,429,344,0,344,2
2020-06-26,Shasta,89,179085,184,86,0,86,5
2020-06-26,Sierra,91,2930,1,1,0,1,0
2020-06-26,Siskiyou,93,43540,33,24,0,24,0
2020-06-26,Solano,95,438530,1679,1068,8,1076,21
2020-06-26,Sonoma,97,501317,1361,977,4,981,5
2020-06-26,Stanislaus,99,539301,3637,2157,5,2162,36
2020-06-26,Sutter,101,95872,181,138,0,138,2
2020-06-26,Tehama,103,63373,87,63,1,64,1
2020-06-26,Trinity,105,12862,5,2,2,4,0
2020-06-26,Tulare,107,460477,5028,3720,3,3723,117
2020-06-26,Tuolumne,109,53932,39,10,1,11,0
2020-06-26,Ventura,111,848112,3936,2444,8,2452,40
2020-06-26,Yolo,113,214977,635,418,3,421,24
2020-06-26,Yuba,115,75493,74,38,0,38,1
2020-06-25,Alameda,1,1643700,6476,5398,6,5404,130
2020-06-25,Alpine,3,1148,2,1,0,1,0
2020-06-25,Amador,5,37829,25,18,0,18,0
2020-06-25,Butte,7,227075,237,127,5,132,1
2020-06-25,Calaveras,9,45235,42,26,0,26,0
2020-06-25,Colusa,11,21464,53,14,0,14,0
2020-06-25,Contra Costa,13,1133247,3380,2591,2,2593,71
2020-06-25,Del Norte,15,27424,55,47,0,47,0
2020-06-25,El Dorado,17,186661,242,150,0,150,0
2020-06-25,Fresno,19,978130,8386,3938,56,3994,71
2020-06-25,Glenn,21,27897,132,59,0,59,0
2020-06-25,Humboldt,23,135768,151,121,0,121,3
2020-06-25,Imperial,25,180216,7638,5192,6,5198,44
2020-06-25,Inyo,27,18085,29,27,0,27,1
2020-06-25,Kern,29,883053,7333,4236,19,4255,69
2020-06-25,Kings,31,150075,2559,2110,4,2114,17
2020-06-25,Lake,33,64148,78,42,0,42,0
2020-06-25,Lassen,35,31185,230,13,2,15,0
2020-06-25,Los Angeles,37,10098052,108379,91524,28,91552,3239
2020-06-25,Madera,39,155013,771,380,0,380,4
2020-06-25,Marin,41,260295,2467,1321,4,1325,17
2020-06-25,Mariposa,43,17540,29,20,0,20,1
2020-06-25,Mendocino,45,87422,79,61,0,61,0
2020-06-25,Merced,47,269075,1435,747,0,747,10
2020-06-25,Modoc,49,8938,1,0,0,0,0
2020-06-25,Mono,51,14174,44,35,0,35,1
2020-06-25,Monterey,53,433212,1917,1426,3,1429,12
2020-06-25,Napa,55,140530,391,260,0,260,3
2020-06-25,Nevada,57,99092,128,92,1,93,1
2020-06-25,Orange,59,3164182,19964,12221,139,12360,311
2020-06-25,Placer,61,380077,820,574,2,576,10
2020-06-25,Plumas,63,18699,10,6,0,6,0
2020-06-25,Riverside,65,2383286,21302,15224,9,15233,427
2020-06-25,Sacramento,67,1510023,3558,2519,2,2521,62
2020-06-25,San Benito,69,59416,253,174,0,174,2
2020-06-25,San Bernardino,71,2135413,16640,10590,7,10597,242
2020-06-25,San Diego,73,3302833,15577,11963,0,11963,352
2020-06-25,San Francisco,75,870044,3775,3252,1,3253,48
2020-06-25,San Joaquin,77,732212,4277,2803,4,2807,50
2020-06-25,San Luis Obispo,79,281455,696,473,4,477,1
2020-06-25,San Mateo,81,765935,3425,2996,4,3000,82
2020-06-25,Santa Barbara,83,443738,3711,2622,14,2636,25
2020-06-25,Santa Clara,85,1922200,5087,3871,7,3878,156
2020-06-25,Santa Cruz,87,273765,417,335,0,335,2
2020-06-25,Shasta,89,179085,174,84,0,84,5
2020-06-25,Sierra,91,2930,1,1,0,1,0
2020-06-25,Siskiyou,93,43540,32,24,0,24,0
2020-06-25,Solano,95,438530,1626,1034,8,1042,21
2020-06-25,Sonoma,97,501317,1314,953,3,956,5
2020-06-25,Stanislaus,99,539301,3425,2130,5,2135,36
2020-06-25,Sutter,101,95872,169,126,0,126,2
2020-06-25,Tehama,103,63373,83,59,1,60,1
2020-06-25,Trinity,105,12862,5,2,2,4,0
2020-06-25,Tulare,107,460477,4898,3656,3,3659,117
2020-06-25,Tuolumne,109,53932,38,10,1,11,0
2020-06-25,Ventura,111,848112,3754,2346,7,2353,40
2020-06-25,Yolo,113,214977,605,397,3,400,24
2020-06-25,Yuba,115,75493,63,38,0,38,1
2020-06-24,Alameda,1,1643700,6315,5242,6,5248,123
2020-06-24,Alpine,3,1148,2,1,0,1,0
2020-06-24,Amador,5,37829,23,16,0,16,0
2020-06-24,Butte,7,227075,220,119,5,124,1
2020-06-24,Calaveras,9,45235,40,26,0,26,0
2020-06-24,Colusa,11,21464,44,11,0,11,0
2020-06-24,Contra Costa,13,1133247,3226,2520,2,2522,66
2020-06-24,Del Norte,15,27424,49,47,0,47,0
2020-06-24,El Dorado,17,186661,226,149,0,149,0
2020-06-24,Fresno,19,978130,8055,3765,56,3821,71
2020-06-24,Glenn,21,27897,124,54,0,54,0
2020-06-24,Humboldt,23,135768,151,117,0,117,3
2020-06-24,Imperial,25,180216,7520,5138,6,5144,38
2020-06-24,Inyo,27,18085,29,28,0,28,1
2020-06-24,Kern,29,883053,6940,4155,17,4172,67
2020-06-24,Kings,31,150075,2497,2063,4,2067,16
2020-06-24,Lake,33,64148,65,40,0,40,0
2020-06-24,Lassen,35,31185,229,9,2,11,0
2020-06-24,Los Angeles,37,10098052,105621,89566,28,89594,3186
2020-06-24,Madera,39,155013,750,373,0,373,4
2020-06-24,Marin,41,260295,2239,1261,4,1265,17
2020-06-24,Mariposa,43,17540,28,19,0,19,1
2020-06-24,Mendocino,45,87422,79,60,0,60,0
2020-06-24,Merced,47,269075,1349,696,0,696,8
2020-06-24,Modoc,49,8938,1,0,0,0,0
2020-06-24,Mono,51,14174,42,35,0,35,1
2020-06-24,Monterey,53,433212,1840,1407,3,1410,12
2020-06-24,Napa,55,140530,373,258,0,258,3
2020-06-24,Nevada,57,99092,122,92,1,93,1
2020-06-24,Orange,59,3164182,18970,11804,121,11925,303
2020-06-24,Placer,61,380077,781,548,2,550,10
2020-06-24,Plumas,63,18699,10,6,0,6,0
2020-06-24,Riverside,65,2383286,20456,14946,9,14955,410
2020-06-24,Sacramento,67,1510023,3354,2446,2,2448,62
2020-06-24,San Benito,69,59416,249,171,0,171,2
2020-06-24,San Bernardino,71,2135413,15828,10211,6,10217,239
2020-06-24,San Diego,73,3302833,15077,11628,0,11628,347
2020-06-24,San Francisco,75,870044,3712,3216,1,3217,48
2020-06-24,San Joaquin,77,732212,4055,2680,4,2684,49
2020-06-24,San Luis Obispo,79,281455,665,461,3,464,1
2020-06-24,San Mateo,81,765935,3368,2964,4,2968,82
2020-06-24,Santa Barbara,83,443738,3591,2569,12,2581,22
2020-06-24,Santa Clara,85,1922200,4957,3812,7,3819,155
2020-06-24,Santa Cruz,87,273765,405,329,0,329,2
2020-06-24,Shasta,89,179085,166,83,0,83,5
2020-06-24,Sierra,91,2930,1,1,0,1,0
2020-06-24,Siskiyou,93,43540,31,24,0,24,0
2020-06-24,Solano,95,438530,1536,979,7,986,21
2020-06-24,Sonoma,97,501317,1265,933,3,936,4
2020-06-24,Stanislaus,99,539301,3246,2039,5,2044,36
2020-06-24,Sutter,101,95872,156,118,0,118,2
2020-06-24,Tehama,103,63373,81,55,1,56,1
2020-06-24,Trinity,105,12862,5,2,2,4,0
2020-06-24,Tulare,107,460477,4746,3541,3,3544,116
2020-06-24,Tuolumne,109,53932,33,9,1,10,0
2020-06-24,Ventura,111,848112,3413,2314,7,2321,42
2020-06-24,Yolo,113,214977,570,376,3,379,24
2020-06-24,Yuba,115,75493,57,37,0,37,1
2020-06-23,Alameda,1,1643700,6134,5159,6,5165,121
2020-06-23,Alpine,3,1148,2,1,0,1,0
2020-06-23,Amador,5,37829,22,13,0,13,0
2020-06-23,Butte,7,227075,202,111,5,116,1
2020-06-23,Calaveras,9,45235,40,26,0,26,0
2020-06-23,Colusa,11,21464,40,7,0,7,0
2020-06-23,Contra Costa,13,1133247,3100,2453,2,2455,60
2020-06-23,Del Norte,15,27424,48,46,0,46,0
2020-06-23,El Dorado,17,186661,217,142,0,142,0
2020-06-23,Fresno,19,978130,7407,3569,54,3623,67
2020-06-23,Glenn,21,27897,120,47,0,47,0
2020-06-23,Humboldt,23,135768,151,110,0,110,3
2020-06-23,Imperial,25,180216,7357,5025,6,5031,38
2020-06-23,Inyo,27,18085,29,26,0,26,1
2020-06-23,Kern,29,883053,6574,4087,14,4101,64
2020-06-23,Kings,31,150075,2432,1727,4,1731,16
2020-06-23,Lake,33,64148,59,40,0,40,0
2020-06-23,Lassen,35,31185,225,9,2,11,0
2020-06-23,Los Angeles,37,10098052,102686,88433,26,88459,3152
2020-06-23,Madera,39,155013,711,369,0,369,4
2020-06-23,Marin,41,260295,1971,1139,4,1143,17
2020-06-23,Mariposa,43,17540,26,18,0,18,1
2020-06-23,Mendocino,45,87422,78,61,0,61,0
2020-06-23,Merced,47,269075,1252,656,0,656,8
2020-06-23,Modoc,49,8938,1,0,0,0,0
2020-06-23,Mono,51,14174,42,35,0,35,1
2020-06-23,Monterey,53,433212,1770,1346,3,1349,12
2020-06-23,Napa,55,140530,358,230,0,230,3
2020-06-23,Nevada,57,99092,116,81,1,82,1
2020-06-23,Orange,59,3164182,18000,11071,118,11189,278
2020-06-23,Placer,61,380077,753,525,2,527,10
2020-06-23,Plumas,63,18699,9,6,0,6,0
2020-06-23,Riverside,65,2383286,19437,14469,9,14478,406
2020-06-23,Sacramento,67,1510023,3177,2374,2,2376,62
2020-06-23,San Benito,69,59416,235,167,0,167,2
2020-06-23,San Bernardino,71,2135413,15044,9771,6,9777,229
2020-06-23,San Diego,73,3302833,14557,11296,0,11296,341
2020-06-23,San Francisco,75,870044,3639,3177,1,3178,48
2020-06-23,San Joaquin,77,732212,3796,2502,4,2506,48
2020-06-23,San Luis Obispo,79,281455,635,445,3,448,1
2020-06-23,San Mateo,81,765935,3303,2907,4,2911,81
2020-06-23,Santa Barbara,83,443738,3495,2498,12,2510,22
2020-06-23,Santa Clara,85,1922200,4811,3700,7,3707,155
2020-06-23,Santa Cruz,87,273765,395,313,0,313,2
2020-06-23,Shasta,89,179085,157,81,0,81,5
2020-06-23,Sierra,91,2930,1,1,0,1,0
2020-06-23,Siskiyou,93,43540,29,24,0,24,0
2020-06-23,Solano,95,438530,1479,941,6,947,21
2020-06-23,Sonoma,97,501317,1212,912,3,915,4
2020-06-23,Stanislaus,99,539301,3070,1850,5,1855,35
2020-06-23,Sutter,101,95872,146,112,0,112,2
2020-06-23,Tehama,103,63373,79,50,1,51,1
2020-06-23,Trinity,105,12862,5,2,2,4,0
2020-06-23,Tulare,107,460477,4624,3456,3,3459,111
2020-06-23,Tuolumne,109,53932,28,9,1,10,0
2020-06-23,Ventura,111,848112,3253,2209,6,2215,40
2020-06-23,Yolo,113,214977,544,350,0,350,24
2020-06-23,Yuba,115,75493,54,35,0,35,1
2020-06-22,Alameda,1,1643700,5983,4944,6,4950,121
2020-06-22,Alpine,3,1148,2,1,0,1,0
2020-06-22,Amador,5,37829,19,12,0,12,0
2020-06-22,Butte,7,227075,183,104,5,109,1
2020-06-22,Calaveras,9,45235,38,20,0,20,0
2020-06-22,Colusa,11,21464,37,7,0,7,0
2020-06-22,Contra Costa,13,1133247,2958,2363,2,2365,60
2020-06-22,Del Norte,15,27424,48,46,0,46,0
2020-06-22,El Dorado,17,186661,208,137,0,137,0
2020-06-22,Fresno,19,978130,6875,3425,54,3479,67
2020-06-22,Glenn,21,27897,111,40,0,40,0
2020-06-22,Humboldt,23,135768,148,110,0,110,3
2020-06-22,Imperial,25,180216,7201,4700,6,4706,38
2020-06-22,Inyo,27,18085,29,26,0,26,1
2020-06-22,Kern,29,883053,6222,3982,12,3994,60
2020-06-22,Kings,31,150075,2384,1513,4,1517,13
2020-06-22,Lake,33,64148,53,37,0,37,0
2020-06-22,Lassen,35,31185,115,7,2,9,0
2020-06-22,Los Angeles,37,10098052,99790,85925,25,85950,3117
2020-06-22,Madera,39,155013,686,333,0,333,4
2020-06-22,Marin,41,260295,1715,1029,4,1033,17
2020-06-22,Mariposa,43,17540,25,18,0,18,1
2020-06-22,Mendocino,45,87422,73,48,0,48,0
2020-06-22,Merced,47,269075,1163,619,0,619,8
2020-06-22,Modoc,49,8938,1,0,0,0,0
2020-06-22,Mono,51,14174,42,34,0,34,1
2020-06-22,Monterey,53,433212,1709,1293,3,1296,12
2020-06-22,Napa,55,140530,334,222,0,222,3
2020-06-22,Nevada,57,99092,111,79,1,80,1
2020-06-22,Orange,59,3164182,17070,10711,116,10827,275
2020-06-22,Placer,61,380077,728,512,2,514,9
2020-06-22,Plumas,63,18699,7,6,0,6,0
2020-06-22,Riverside,65,2383286,18464,13948,9,13957,403
2020-06-22,Sacramento,67,1510023,2963,2243,2,2245,62
2020-06-22,San Benito,69,59416,226,164,0,164,2
2020-06-22,San Bernardino,71,2135413,14268,9133,6,9139,229
2020-06-22,San Diego,73,3302833,14066,11098,0,11098,338
2020-06-22,San Francisco,75,870044,3546,3000,1,3001,47
2020-06-22,San Joaquin,77,732212,3549,2332,4,2336,48
2020-06-22,San Luis Obispo,79,281455,603,422,3,425,1
2020-06-22,San Mateo,81,765935,3231,2813,4,2817,81
2020-06-22,Santa Barbara,83,443738,3403,2447,12,2459,21
2020-06-22,Santa Clara,85,1922200,4651,3580,7,3587,155
2020-06-22,Santa Cruz,87,273765,382,290,0,290,3
2020-06-22,Shasta,89,179085,154,77,0,77,5
2020-06-22,Sierra,91,2930,1,1,0,1,0
2020-06-22,Siskiyou,93,43540,29,23,0,23,0
2020-06-22,Solano,95,438530,1401,784,5,789,21
2020-06-22,Sonoma,97,501317,1167,860,1,861,4
2020-06-22,Stanislaus,99,539301,2885,1784,5,1789,35
2020-06-22,Sutter,101,95872,137,100,0,100,2
2020-06-22,Tehama,103,63373,75,38,1,39,1
2020-06-22,Trinity,105,12862,5,2,2,4,0
2020-06-22,Tulare,107,460477,4487,3185,3,3188,111
2020-06-22,Tuolumne,109,53932,19,8,1,9,0
2020-06-22,Ventura,111,848112,3104,2065,6,2071,39
2020-06-22,Yolo,113,214977,518,333,0,333,24
2020-06-22,Yuba,115,75493,49,36,0,36,1
2020-06-21,Alameda,1,1643700,5789,4835,6,4841,121
2020-06-21,Alpine,3,1148,2,1,0,1,0
2020-06-21,Amador,5,37829,14,12,0,12,0
2020-06-21,Butte,7,227075,169,97,5,102,1
2020-06-21,Calaveras,9,45235,38,20,0,20,0
2020-06-21,Colusa,11,21464,29,7,0,7,0
2020-06-21,Contra Costa,13,1133247,2832,2282,2,2284,60
2020-06-21,Del Norte,15,27424,47,46,0,46,0
2020-06-21,El Dorado,17,186661,199,132,0,132,0
2020-06-21,Fresno,19,978130,6305,3296,53,3349,67
2020-06-21,Glenn,21,27897,102,40,0,40,0
2020-06-21,Humboldt,23,135768,143,108,0,108,3
2020-06-21,Imperial,25,180216,7017,4701,6,4707,38
2020-06-21,Inyo,27,18085,27,26,0,26,1
2020-06-21,Kern,29,883053,5930,3918,11,3929,60
2020-06-21,Kings,31,150075,2321,1334,4,1338,11
2020-06-21,Lake,33,64148,48,36,0,36,0
2020-06-21,Lassen,35,31185,22,7,2,9,0
2020-06-21,Los Angeles,37,10098052,96913,83383,25,83408,3101
2020-06-21,Madera,39,155013,652,319,0,319,4
2020-06-21,Marin,41,260295,1558,907,4,911,17
2020-06-21,Mariposa,43,17540,22,18,0,18,1
2020-06-21,Mendocino,45,87422,70,48,0,48,0
2020-06-21,Merced,47,269075,1068,577,0,577,8
2020-06-21,Modoc,49,8938,1,0,0,0,0
2020-06-21,Mono,51,14174,42,34,0,34,1
2020-06-21,Monterey,53,433212,1636,1227,3,1230,12
2020-06-21,Napa,55,140530,319,218,0,218,3
2020-06-21,Nevada,57,99092,108,79,1,80,1
2020-06-21,Orange,59,3164182,16233,10563,112,10675,275
2020-06-21,Placer,61,380077,689,498,2,500,9
2020-06-21,Plumas,63,18699,7,6,0,6,0
2020-06-21,Riverside,65,2383286,17759,13528,8,13536,402
2020-06-21,Sacramento,67,1510023,2763,2156,2,2158,62
2020-06-21,San Benito,69,59416,212,151,0,151,2
2020-06-21,San Bernardino,71,2135413,13492,8925,5,8930,229
2020-06-21,San Diego,73,3302833,13521,10796,0,10796,338
2020-06-21,San Francisco,75,870044,3440,3000,1,3001,47
2020-06-21,San Joaquin,77,732212,3313,2188,4,2192,48
2020-06-21,San Luis Obispo,79,281455,578,418,3,421,1
2020-06-21,San Mateo,81,765935,3173,2781,4,2785,81
2020-06-21,Santa Barbara,83,443738,3296,2430,11,2441,21
2020-06-21,Santa Clara,85,1922200,4513,3514,7,3521,154
2020-06-21,Santa Cruz,87,273765,372,290,0,290,3
2020-06-21,Shasta,89,179085,144,75,0,75,5
2020-06-21,Sierra,91,2930,1,1,0,1,0
2020-06-21,Siskiyou,93,43540,29,23,0,23,0
2020-06-21,Solano,95,438530,1301,783,4,787,21
2020-06-21,Sonoma,97,501317,1117,836,1,837,4
2020-06-21,Stanislaus,99,539301,2698,1688,5,1693,35
2020-06-21,Sutter,101,95872,129,96,0,96,2
2020-06-21,Tehama,103,63373,64,35,1,36,1
2020-06-21,Trinity,105,12862,5,2,2,4,0
2020-06-21,Tulare,107,460477,4319,3173,3,3176,111
2020-06-21,Tuolumne,109,53932,17,8,1,9,0
2020-06-21,Ventura,111,848112,2926,2021,6,2027,39
2020-06-21,Yolo,113,214977,486,323,0,323,24
2020-06-21,Yuba,115,75493,45,35,0,35,1
2020-06-20,Alameda,1,1643700,5727,4758,6,4764,119
2020-06-20,Alpine,3,1148,2,1,0,1,0
2020-06-20,Amador,5,37829,14,12,0,12,0
2020-06-20,Butte,7,227075,162,94,5,99,1
2020-06-20,Calaveras,9,45235,38,20,0,20,0
2020-06-20,Colusa,11,21464,26,7,0,7,0
2020-06-20,Contra Costa,13,1133247,2774,2231,2,2233,54
2020-06-20,Del Norte,15,27424,47,46,0,46,0
2020-06-20,El Dorado,17,186661,194,130,0,130,0
2020-06-20,Fresno,19,978130,6180,3222,51,3273,67
2020-06-20,Glenn,21,27897,97,40,0,40,0
2020-06-20,Humboldt,23,135768,143,108,0,108,3
2020-06-20,Imperial,25,180216,6936,4616,6,4622,37
2020-06-20,Inyo,27,18085,27,26,0,26,1
2020-06-20,Kern,29,883053,5766,3836,11,3847,59
2020-06-20,Kings,31,150075,2297,1331,4,1335,9
2020-06-20,Lake,33,64148,48,37,0,37,0
2020-06-20,Lassen,35,31185,21,7,2,9,0
2020-06-20,Los Angeles,37,10098052,95341,81604,24,81628,3093
2020-06-20,Madera,39,155013,619,321,0,321,4
2020-06-20,Marin,41,260295,1538,879,4,883,17
2020-06-20,Mariposa,43,17540,22,18,0,18,1
2020-06-20,Mendocino,45,87422,69,48,0,48,0
2020-06-20,Merced,47,269075,1028,566,0,566,8
2020-06-20,Modoc,49,8938,1,0,0,0,0
2020-06-20,Mono,51,14174,42,34,0,34,1
2020-06-20,Monterey,53,433212,1600,1181,3,1184,12
2020-06-20,Napa,55,140530,310,212,0,212,3
2020-06-20,Nevada,57,99092,105,73,1,74,1
2020-06-20,Orange,59,3164182,15886,10284,108,10392,273
2020-06-20,Placer,61,380077,665,483,2,485,9
2020-06-20,Plumas,63,18699,6,6,0,6,0
2020-06-20,Riverside,65,2383286,17460,13021,8,13029,402
2020-06-20,Sacramento,67,1510023,2694,2069,2,2071,63
2020-06-20,San Benito,69,59416,208,139,0,139,2
2020-06-20,San Bernardino,71,2135413,13131,8718,5,8723,229
2020-06-20,San Diego,73,3302833,13198,10486,0,10486,338
2020-06-20,San Francisco,75,870044,3397,2999,1,3000,47
2020-06-20,San Joaquin,77,732212,3230,2046,4,2050,48
2020-06-20,San Luis Obispo,79,281455,565,405,3,408,1
2020-06-20,San Mateo,81,765935,3125,2755,4,2759,81
2020-06-20,Santa Barbara,83,443738,3240,2358,10,2368,21
2020-06-20,Santa Clara,85,1922200,4441,3435,7,3442,154
2020-06-20,Santa Cruz,87,273765,370,287,0,287,3
2020-06-20,Shasta,89,179085,138,66,0,66,5
2020-06-20,Sierra,91,2930,1,1,0,1,0
2020-06-20,Siskiyou,93,43540,28,22,0,22,0
2020-06-20,Solano,95,438530,1277,784,4,788,21
2020-06-20,Sonoma,97,501317,1081,806,1,807,4
2020-06-20,Stanislaus,99,539301,2590,1598,5,1603,35
2020-06-20,Sutter,101,95872,127,89,0,89,2
2020-06-20,Tehama,103,63373,62,35,1,36,1
2020-06-20,Trinity,105,12862,5,2,2,4,0
2020-06-20,Tulare,107,460477,4246,3172,3,3175,111
2020-06-20,Tuolumne,109,53932,14,8,1,9,0
2020-06-20,Ventura,111,848112,2861,1946,6,1952,37
2020-06-20,Yolo,113,214977,470,309,0,309,24
2020-06-20,Yuba,115,75493,43,34,0,34,1
2020-06-19,Alameda,1,1643700,5656,4646,6,4652,119
2020-06-19,Alpine,3,1148,2,1,0,1,0
2020-06-19,Amador,5,37829,14,12,0,12,0
2020-06-19,Butte,7,227075,157,91,5,96,1
2020-06-19,Calaveras,9,45235,37,20,0,20,0
2020-06-19,Colusa,11,21464,24,7,0,7,0
2020-06-19,Contra Costa,13,1133247,2694,2106,2,2108,54
2020-06-19,Del Norte,15,27424,47,46,0,46,0
2020-06-19,El Dorado,17,186661,185,124,0,124,0
2020-06-19,Fresno,19,978130,6018,3109,49,3158,61
2020-06-19,Glenn,21,27897,91,40,0,40,0
2020-06-19,Humboldt,23,135768,141,106,0,106,3
2020-06-19,Imperial,25,180216,6845,4504,6,4510,36
2020-06-19,Inyo,27,18085,27,26,0,26,1
2020-06-19,Kern,29,883053,5543,3742,10,3752,57
2020-06-19,Kings,31,150075,2276,1285,4,1289,9
2020-06-19,Lake,33,64148,45,36,0,36,0
2020-06-19,Lassen,35,31185,20,7,2,9,0
2020-06-19,Los Angeles,37,10098052,93362,79572,24,79596,3047
2020-06-19,Madera,39,155013,599,300,0,300,4
2020-06-19,Marin,41,260295,1509,829,4,833,17
2020-06-19,Mariposa,43,17540,21,18,0,18,1
2020-06-19,Mendocino,45,87422,68,48,0,48,0
2020-06-19,Merced,47,269075,983,529,0,529,8
2020-06-19,Modoc,49,8938,1,0,0,0,0
2020-06-19,Mono,51,14174,42,34,0,34,1
2020-06-19,Monterey,53,433212,1571,1159,3,1162,12
2020-06-19,Napa,55,140530,300,209,0,209,3
2020-06-19,Nevada,57,99092,102,71,1,72,1
2020-06-19,Orange,59,3164182,15361,9972,100,10072,260
2020-06-19,Placer,61,380077,647,464,2,466,9
2020-06-19,Plumas,63,18699,6,5,0,5,0
2020-06-19,Riverside,65,2383286,17054,12710,8,12718,398
2020-06-19,Sacramento,67,1510023,2610,1976,2,1978,64
2020-06-19,San Benito,69,59416,207,136,0,136,2
2020-06-19,San Bernardino,71,2135413,12725,8454,4,8458,226
2020-06-19,San Diego,73,3302833,12835,10352,0,10352,332
2020-06-19,San Francisco,75,870044,3342,2968,1,2969,47
2020-06-19,San Joaquin,77,732212,3107,1969,4,1973,48
2020-06-19,San Luis Obispo,79,281455,550,392,3,395,1
2020-06-19,San Mateo,81,765935,3086,2713,4,2717,81
2020-06-19,Santa Barbara,83,443738,3167,2284,8,2292,21
2020-06-19,Santa Clara,85,1922200,4367,3376,7,3383,154
2020-06-19,Santa Cruz,87,273765,360,283,0,283,3
2020-06-19,Shasta,89,179085,134,58,0,58,5
2020-06-19,Sierra,91,2930,1,1,0,1,0
2020-06-19,Siskiyou,93,43540,28,21,0,21,0
2020-06-19,Solano,95,438530,1239,755,4,759,21
2020-06-19,Sonoma,97,501317,1054,803,1,804,4
2020-06-19,Stanislaus,99,539301,2480,1549,5,1554,35
2020-06-19,Sutter,101,95872,126,89,0,89,2
2020-06-19,Tehama,103,63373,61,35,1,36,1
2020-06-19,Trinity,105,12862,5,2,2,4,0
2020-06-19,Tulare,107,460477,4174,3053,3,3056,107
2020-06-19,Tuolumne,109,53932,13,8,1,9,0
2020-06-19,Ventura,111,848112,2777,1865,6,1871,37
2020-06-19,Yolo,113,214977,451,303,0,303,24
2020-06-19,Yuba,115,75493,42,33,0,33,1
2020-06-18,Alameda,1,1643700,5527,4589,6,4595,118
2020-06-18,Alpine,3,1148,2,1,0,1,0
2020-06-18,Amador,5,37829,13,12,0,12,0
2020-06-18,Butte,7,227075,152,88,5,93,1
2020-06-18,Calaveras,9,45235,37,20,0,20,0
2020-06-18,Colusa,11,21464,20,7,0,7,0
2020-06-18,Contra Costa,13,1133247,2588,2072,2,2074,53
2020-06-18,Del Norte,15,27424,47,46,0,46,0
2020-06-18,El Dorado,17,186661,181,121,0,121,0
2020-06-18,Fresno,19,978130,5751,2947,48,2995,57
2020-06-18,Glenn,21,27897,82,35,0,35,0
2020-06-18,Humboldt,23,135768,140,106,0,106,3
2020-06-18,Imperial,25,180216,6696,4366,6,4372,36
2020-06-18,Inyo,27,18085,26,25,0,25,1
2020-06-18,Kern,29,883053,5325,3634,10,3644,57
2020-06-18,Kings,31,150075,2217,1141,4,1145,8
2020-06-18,Lake,33,64148,44,36,0,36,0
2020-06-18,Lassen,35,31185,19,5,2,7,0
2020-06-18,Los Angeles,37,10098052,91098,78244,24,78268,3009
2020-06-18,Madera,39,155013,564,288,0,288,4
2020-06-18,Marin,41,260295,1446,819,4,823,17
2020-06-18,Mariposa,43,17540,19,18,0,18,1
2020-06-18,Mendocino,45,87422,64,45,0,45,0
2020-06-18,Merced,47,269075,931,486,0,486,7
2020-06-18,Modoc,49,8938,1,0,0,0,0
2020-06-18,Mono,51,14174,42,34,0,34,1
2020-06-18,Monterey,53,433212,1504,1127,3,1130,12
2020-06-18,Napa,55,140530,285,205,0,205,3
2020-06-18,Nevada,57,99092,98,68,1,69,1
2020-06-18,Orange,59,3164182,14706,9597,81,9678,255
2020-06-18,Placer,61,380077,625,457,2,459,9
2020-06-18,Plumas,63,18699,6,5,0,5,0
2020-06-18,Riverside,65,2383286,16441,12410,8,12418,392
2020-06-18,Sacramento,67,1510023,2495,1938,2,1940,63
2020-06-18,San Benito,69,59416,201,134,0,134,2
2020-06-18,San Bernardino,71,2135413,12089,8141,4,8145,226
2020-06-18,San Diego,73,3302833,12413,10094,0,10094,331
2020-06-18,San Francisco,75,870044,3293,2951,1,2952,47
2020-06-18,San Joaquin,77,732212,2955,1908,4,1912,47
2020-06-18,San Luis Obispo,79,281455,531,378,3,381,1
2020-06-18,San Mateo,81,765935,3047,2674,4,2678,78
2020-06-18,Santa Barbara,83,443738,3093,2201,8,2209,19
2020-06-18,Santa Clara,85,1922200,4267,3338,7,3345,152
2020-06-18,Santa Cruz,87,273765,343,275,0,275,3
2020-06-18,Shasta,89,179085,123,51,0,51,4
2020-06-18,Sierra,91,2930,1,1,0,1,0
2020-06-18,Siskiyou,93,43540,28,18,0,18,0
2020-06-18,Solano,95,438530,1201,735,4,739,21
2020-06-18,Sonoma,97,501317,1012,789,1,790,4
2020-06-18,Stanislaus,99,539301,2346,1495,5,1500,35
2020-06-18,Sutter,101,95872,122,85,0,85,2
2020-06-18,Tehama,103,63373,56,31,1,32,1
2020-06-18,Trinity,105,12862,5,2,2,4,0
2020-06-18,Tulare,107,460477,4054,3005,3,3008,107
2020-06-18,Tuolumne,109,53932,12,8,1,9,0
2020-06-18,Ventura,111,848112,2651,1781,6,1787,37
2020-06-18,Yolo,113,214977,418,294,0,294,24
2020-06-18,Yuba,115,75493,41,32,0,32,1
2020-06-17,Alameda,1,1643700,5404,4485,6,4491,117
2020-06-17,Alpine,3,1148,2,1,0,1,0
2020-06-17,Amador,5,37829,12,10,0,10,0
2020-06-17,Butte,7,227075,143,81,5,86,1
2020-06-17,Calaveras,9,45235,37,20,0,20,0
2020-06-17,Colusa,11,21464,19,7,0,7,0
2020-06-17,Contra Costa,13,1133247,2491,2020,2,2022,45
2020-06-17,Del Norte,15,27424,47,45,0,45,0
2020-06-17,El Dorado,17,186661,174,116,0,116,0
2020-06-17,Fresno,19,978130,5527,2801,46,2847,56
2020-06-17,Glenn,21,27897,75,31,0,31,0
2020-06-17,Humboldt,23,135768,138,105,0,105,3
2020-06-17,Imperial,25,180216,6524,4108,6,4114,36
2020-06-17,Inyo,27,18085,25,25,0,25,1
2020-06-17,Kern,29,883053,5124,3547,10,3557,56
2020-06-17,Kings,31,150075,2187,1097,4,1101,7
2020-06-17,Lake,33,64148,43,32,0,32,0
2020-06-17,Lassen,35,31185,15,5,2,7,0
2020-06-17,Los Angeles,37,10098052,88791,77166,24,77190,2973
2020-06-17,Madera,39,155013,542,258,0,258,4
2020-06-17,Marin,41,260295,1254,771,3,774,17
2020-06-17,Mariposa,43,17540,18,18,0,18,1
2020-06-17,Mendocino,45,87422,62,42,0,42,0
2020-06-17,Merced,47,269075,860,460,0,460,7
2020-06-17,Modoc,49,8938,1,0,0,0,0
2020-06-17,Mono,51,14174,42,34,0,34,1
2020-06-17,Monterey,53,433212,1452,1077,3,1080,12
2020-06-17,Napa,55,140530,270,202,0,202,3
2020-06-17,Nevada,57,99092,94,57,1,58,1
2020-06-17,Orange,59,3164182,14103,9278,76,9354,230
2020-06-17,Placer,61,380077,603,427,2,429,9
2020-06-17,Plumas,63,18699,6,5,0,5,0
2020-06-17,Riverside,65,2383286,15808,11859,8,11867,370
2020-06-17,Sacramento,67,1510023,2387,1889,2,1891,63
2020-06-17,San Benito,69,59416,196,116,0,116,2
2020-06-17,San Bernardino,71,2135413,11537,7670,4,7674,225
2020-06-17,San Diego,73,3302833,12034,9856,0,9856,327
2020-06-17,San Francisco,75,870044,3254,2906,1,2907,46
2020-06-17,San Joaquin,77,732212,2783,1825,4,1829,46
2020-06-17,San Luis Obispo,79,281455,514,362,3,365,1
2020-06-17,San Mateo,81,765935,3000,2649,4,2653,78
2020-06-17,Santa Barbara,83,443738,3020,2147,6,2153,19
2020-06-17,Santa Clara,85,1922200,4176,3264,6,3270,148
2020-06-17,Santa Cruz,87,273765,337,265,0,265,2
2020-06-17,Shasta,89,179085,121,51,0,51,4
2020-06-17,Sierra,91,2930,1,1,0,1,0
2020-06-17,Siskiyou,93,43540,27,16,0,16,0
2020-06-17,Solano,95,438530,1151,722,4,726,21
2020-06-17,Sonoma,97,501317,986,748,1,749,4
2020-06-17,Stanislaus,99,539301,2223,1387,5,1392,35
2020-06-17,Sutter,101,95872,116,79,0,79,2
2020-06-17,Tehama,103,63373,41,24,1,25,1
2020-06-17,Trinity,105,12862,5,2,2,4,0
2020-06-17,Tulare,107,460477,3945,2882,3,2885,106
2020-06-17,Tuolumne,109,53932,12,7,1,8,0
2020-06-17,Ventura,111,848112,2551,1729,6,1735,37
2020-06-17,Yolo,113,214977,398,277,0,277,24
2020-06-17,Yuba,115,75493,40,30,0,30,1
2020-06-16,Alameda,1,1643700,5288,4428,6,4434,113
2020-06-16,Alpine,3,1148,2,1,0,1,0
2020-06-16,Amador,5,37829,12,10,0,10,0
2020-06-16,Butte,7,227075,139,79,5,84,1
2020-06-16,Calaveras,9,45235,34,19,0,19,0
2020-06-16,Colusa,11,21464,16,7,0,7,0
2020-06-16,Contra Costa,13,1133247,2400,1971,1,1972,45
2020-06-16,Del Norte,15,27424,47,45,0,45,0
2020-06-16,El Dorado,17,186661,168,115,0,115,0
2020-06-16,Fresno,19,978130,5290,2731,45,2776,50
2020-06-16,Glenn,21,27897,71,30,0,30,0
2020-06-16,Humboldt,23,135768,135,105,0,105,3
2020-06-16,Imperial,25,180216,6364,3939,6,3945,36
2020-06-16,Inyo,27,18085,25,24,0,24,1
2020-06-16,Kern,29,883053,4900,3496,10,3506,55
2020-06-16,Kings,31,150075,2141,1044,4,1048,6
2020-06-16,Lake,33,64148,43,31,0,31,0
2020-06-16,Lassen,35,31185,12,5,2,7,0
2020-06-16,Los Angeles,37,10098052,86469,75051,24,75075,2942
2020-06-16,Madera,39,155013,516,239,0,239,3
2020-06-16,Marin,41,260295,1201,725,3,728,17
2020-06-16,Mariposa,43,17540,18,17,0,17,1
2020-06-16,Mendocino,45,87422,61,35,0,35,0
2020-06-16,Merced,47,269075,812,436,0,436,7
2020-06-16,Modoc,49,8938,1,0,0,0,0
2020-06-16,Mono,51,14174,42,34,0,34,1
2020-06-16,Monterey,53,433212,1404,1019,3,1022,12
2020-06-16,Napa,55,140530,255,196,0,196,3
2020-06-16,Nevada,57,99092,91,53,1,54,1
2020-06-16,Orange,59,3164182,13520,9163,74,9237,223
2020-06-16,Placer,61,380077,569,392,2,394,9
2020-06-16,Plumas,63,18699,6,5,0,5,0
2020-06-16,Riverside,65,2383286,15133,11638,8,11646,364
2020-06-16,Sacramento,67,1510023,2277,1825,2,1827,60
2020-06-16,San Benito,69,59416,188,110,0,110,2
2020-06-16,San Bernardino,71,2135413,10995,7463,4,7467,225
2020-06-16,San Diego,73,3302833,11672,9732,0,9732,323
2020-06-16,San Francisco,75,870044,3203,2893,1,2894,46
2020-06-16,San Joaquin,77,732212,2631,1718,4,1722,47
2020-06-16,San Luis Obispo,79,281455,491,343,3,346,1
2020-06-16,San Mateo,81,765935,2946,2618,4,2622,77
2020-06-16,Santa Barbara,83,443738,2953,2090,6,2096,16
2020-06-16,Santa Clara,85,1922200,4070,3228,5,3233,148
2020-06-16,Santa Cruz,87,273765,321,257,0,257,2
2020-06-16,Shasta,89,179085,112,51,0,51,4
2020-06-16,Sierra,91,2930,1,1,0,1,0
2020-06-16,Siskiyou,93,43540,26,15,0,15,0
2020-06-16,Solano,95,438530,1061,694,4,698,19
2020-06-16,Sonoma,97,501317,954,739,1,740,4
2020-06-16,Stanislaus,99,539301,2070,1278,5,1283,36
2020-06-16,Sutter,101,95872,109,73,0,73,2
2020-06-16,Tehama,103,63373,37,24,1,25,1
2020-06-16,Trinity,105,12862,5,2,2,4,0
2020-06-16,Tulare,107,460477,3828,2802,3,2805,96
2020-06-16,Tuolumne,109,53932,12,7,1,8,0
2020-06-16,Ventura,111,848112,2450,1676,6,1682,37
2020-06-16,Yolo,113,214977,374,262,0,262,24
2020-06-16,Yuba,115,75493,39,29,0,29,1
2020-06-15,Alameda,1,1643700,5163,4323,6,4329,112
2020-06-15,Alpine,3,1148,2,1,0,1,0
2020-06-15,Amador,5,37829,12,10,0,10,0
2020-06-15,Butte,7,227075,131,78,5,83,1
2020-06-15,Calaveras,9,45235,34,18,0,18,0
2020-06-15,Colusa,11,21464,14,7,0,7,0
2020-06-15,Contra Costa,13,1133247,2323,1918,1,1919,43
2020-06-15,Del Norte,15,27424,47,45,0,45,0
2020-06-15,El Dorado,17,186661,158,114,0,114,0
2020-06-15,Fresno,19,978130,5079,2616,44,2660,48
2020-06-15,Glenn,21,27897,66,21,0,21,0
2020-06-15,Humboldt,23,135768,133,105,0,105,3
2020-06-15,Imperial,25,180216,6189,3726,6,3732,36
2020-06-15,Inyo,27,18085,25,23,0,23,1
2020-06-15,Kern,29,883053,4678,3417,10,3427,55
2020-06-15,Kings,31,150075,2064,1022,4,1026,6
2020-06-15,Lake,33,64148,43,31,0,31,0
2020-06-15,Lassen,35,31185,12,5,2,7,0
2020-06-15,Los Angeles,37,10098052,84281,73705,24,73729,2908
2020-06-15,Madera,39,155013,494,203,0,203,3
2020-06-15,Marin,41,260295,1035,708,3,711,17
2020-06-15,Mariposa,43,17540,18,17,0,17,1
2020-06-15,Mendocino,45,87422,52,33,0,33,0
2020-06-15,Merced,47,269075,767,414,0,414,7
2020-06-15,Modoc,49,8938,1,0,0,0,0
2020-06-15,Mono,51,14174,42,34,0,34,1
2020-06-15,Monterey,53,433212,1338,998,3,1001,12
2020-06-15,Napa,55,140530,247,187,0,187,3
2020-06-15,Nevada,57,99092,85,52,1,53,1
2020-06-15,Orange,59,3164182,12956,8944,67,9011,212
2020-06-15,Placer,61,380077,548,386,2,388,9
2020-06-15,Plumas,63,18699,6,4,0,4,0
2020-06-15,Riverside,65,2383286,14511,11376,8,11384,364
2020-06-15,Sacramento,67,1510023,2162,1791,2,1793,60
2020-06-15,San Benito,69,59416,182,108,0,108,2
2020-06-15,San Bernardino,71,2135413,10490,7189,4,7193,224
2020-06-15,San Diego,73,3302833,11332,9612,0,9612,320
2020-06-15,San Francisco,75,870044,3159,2833,1,2834,45
2020-06-15,San Joaquin,77,732212,2495,1667,4,1671,43
2020-06-15,San Luis Obispo,79,281455,478,332,3,335,1
2020-06-15,San Mateo,81,765935,2899,2591,4,2595,75
2020-06-15,Santa Barbara,83,443738,2885,2054,6,2060,16
2020-06-15,Santa Clara,85,1922200,3970,3204,5,3209,148
2020-06-15,Santa Cruz,87,273765,310,254,0,254,2
2020-06-15,Shasta,89,179085,106,50,0,50,4
2020-06-15,Sierra,91,2930,1,1,0,1,0
2020-06-15,Siskiyou,93,43540,25,14,0,14,0
2020-06-15,Solano,95,438530,1001,638,4,642,19
2020-06-15,Sonoma,97,501317,925,726,1,727,4
2020-06-15,Stanislaus,99,539301,1953,1253,5,1258,35
2020-06-15,Sutter,101,95872,99,71,0,71,2
2020-06-15,Tehama,103,63373,37,17,1,18,1
2020-06-15,Trinity,105,12862,4,2,2,4,0
2020-06-15,Tulare,107,460477,3714,2662,3,2665,96
2020-06-15,Tuolumne,109,53932,11,7,1,8,0
2020-06-15,Ventura,111,848112,2369,1656,6,1662,37
2020-06-15,Yolo,113,214977,354,255,0,255,24
2020-06-15,Yuba,115,75493,39,28,0,28,1
2020-06-14,Alameda,1,1643700,5018,4271,6,4277,112
2020-06-14,Alpine,3,1148,2,1,0,1,0
2020-06-14,Amador,5,37829,12,10,0,10,0
2020-06-14,Butte,7,227075,124,78,5,83,1
2020-06-14,Calaveras,9,45235,33,18,0,18,0
2020-06-14,Colusa,11,21464,13,7,0,7,0
2020-06-14,Contra Costa,13,1133247,2254,1893,1,1894,43
2020-06-14,Del Norte,15,27424,47,45,0,45,0
2020-06-14,El Dorado,17,186661,154,110,0,110,0
2020-06-14,Fresno,19,978130,4894,2585,43,2628,48
2020-06-14,Glenn,21,27897,51,21,0,21,0
2020-06-14,Humboldt,23,135768,129,105,0,105,3
2020-06-14,Imperial,25,180216,5956,3730,6,3736,36
2020-06-14,Inyo,27,18085,24,23,0,23,1
2020-06-14,Kern,29,883053,4467,3328,10,3338,55
2020-06-14,Kings,31,150075,2013,1022,4,1026,6
2020-06-14,Lake,33,64148,40,31,0,31,0
2020-06-14,Lassen,35,31185,12,5,2,7,0
2020-06-14,Los Angeles,37,10098052,81955,72932,24,72956,2887
2020-06-14,Madera,39,155013,476,203,0,203,3
2020-06-14,Marin,41,260295,870,689,2,691,17
2020-06-14,Mariposa,43,17540,18,16,0,16,1
2020-06-14,Mendocino,45,87422,49,33,0,33,0
2020-06-14,Merced,47,269075,716,403,0,403,7
2020-06-14,Modoc,49,8938,1,0,0,0,0
2020-06-14,Mono,51,14174,42,34,0,34,1
2020-06-14,Monterey,53,433212,1277,949,3,952,12
2020-06-14,Napa,55,140530,225,181,0,181,3
2020-06-14,Nevada,57,99092,81,52,1,53,1
2020-06-14,Orange,59,3164182,12532,8744,64,8808,211
2020-06-14,Placer,61,380077,522,369,2,371,9
2020-06-14,Plumas,63,18699,5,4,0,4,0
2020-06-14,Riverside,65,2383286,14068,11218,8,11226,364
2020-06-14,Sacramento,67,1510023,2077,1750,2,1752,60
2020-06-14,San Benito,69,59416,171,104,0,104,2
2020-06-14,San Bernardino,71,2135413,9950,7015,4,7019,224
2020-06-14,San Diego,73,3302833,10957,9442,0,9442,319
2020-06-14,San Francisco,75,870044,3119,2834,1,2835,45
2020-06-14,San Joaquin,77,732212,2344,1603,4,1607,43
2020-06-14,San Luis Obispo,79,281455,463,330,3,333,1
2020-06-14,San Mateo,81,765935,2842,2571,4,2575,75
2020-06-14,Santa Barbara,83,443738,2808,2049,6,2055,17
2020-06-14,Santa Clara,85,1922200,3878,3178,5,3183,148
2020-06-14,Santa Cruz,87,273765,296,254,0,254,2
2020-06-14,Shasta,89,179085,100,48,0,48,4
2020-06-14,Sierra,91,2930,1,1,0,1,0
2020-06-14,Siskiyou,93,43540,24,13,0,13,0
2020-06-14,Solano,95,438530,952,638,4,642,19
2020-06-14,Sonoma,97,501317,897,724,1,725,4
2020-06-14,Stanislaus,99,539301,1805,1159,5,1164,35
2020-06-14,Sutter,101,95872,94,63,0,63,2
2020-06-14,Tehama,103,63373,34,17,1,18,1
2020-06-14,Trinity,105,12862,4,2,2,4,0
2020-06-14,Tulare,107,460477,3582,2646,3,2649,96
2020-06-14,Tuolumne,109,53932,11,7,1,8,0
2020-06-14,Ventura,111,848112,2271,1610,5,1615,37
2020-06-14,Yolo,113,214977,338,254,0,254,24
2020-06-14,Yuba,115,75493,38,28,0,28,1
2020-06-13,Alameda,1,1643700,4955,4196,6,4202,112
2020-06-13,Alpine,3,1148,2,1,0,1,0
2020-06-13,Amador,5,37829,11,10,0,10,0
2020-06-13,Butte,7,227075,115,72,5,77,1
2020-06-13,Calaveras,9,45235,31,18,0,18,0
2020-06-13,Colusa,11,21464,12,7,0,7,0
2020-06-13,Contra Costa,13,1133247,2218,1868,1,1869,43
2020-06-13,Del Norte,15,27424,47,45,0,45,0
2020-06-13,El Dorado,17,186661,150,110,0,110,0
2020-06-13,Fresno,19,978130,4796,2499,43,2542,48
2020-06-13,Glenn,21,27897,49,21,0,21,0
2020-06-13,Humboldt,23,135768,128,104,0,104,3
2020-06-13,Imperial,25,180216,5883,3646,6,3652,36
2020-06-13,Inyo,27,18085,24,23,0,23,1
2020-06-13,Kern,29,883053,4358,3239,10,3249,55
2020-06-13,Kings,31,150075,1993,1023,4,1027,6
2020-06-13,Lake,33,64148,39,29,0,29,0
2020-06-13,Lassen,35,31185,12,5,2,7,0
2020-06-13,Los Angeles,37,10098052,80916,71938,23,71961,2874
2020-06-13,Madera,39,155013,472,203,0,203,3
2020-06-13,Marin,41,260295,839,677,2,679,17
2020-06-13,Mariposa,43,17540,18,16,0,16,1
2020-06-13,Mendocino,45,87422,49,33,0,33,0
2020-06-13,Merced,47,269075,698,376,0,376,7
2020-06-13,Modoc,49,8938,1,0,0,0,0
2020-06-13,Mono,51,14174,42,35,0,35,1
2020-06-13,Monterey,53,433212,1239,900,3,903,11
2020-06-13,Napa,55,140530,222,171,0,171,3
2020-06-13,Nevada,57,99092,79,52,1,53,1
2020-06-13,Orange,59,3164182,12289,8581,60,8641,211
2020-06-13,Placer,61,380077,505,346,2,348,9
2020-06-13,Plumas,63,18699,5,4,0,4,0
2020-06-13,Riverside,65,2383286,13788,10931,8,10939,364
2020-06-13,Sacramento,67,1510023,2023,1713,2,1715,60
2020-06-13,San Benito,69,59416,164,99,0,99,2
2020-06-13,San Bernardino,71,2135413,9725,6885,4,6889,224
2020-06-13,San Diego,73,3302833,10785,9316,0,9316,319
2020-06-13,San Francisco,75,870044,3099,2834,1,2835,44
2020-06-13,San Joaquin,77,732212,2263,1461,4,1465,43
2020-06-13,San Luis Obispo,79,281455,452,326,3,329,1
2020-06-13,San Mateo,81,765935,2819,2551,4,2555,75
2020-06-13,Santa Barbara,83,443738,2750,1999,6,2005,15
2020-06-13,Santa Clara,85,1922200,3837,3141,5,3146,148
2020-06-13,Santa Cruz,87,273765,290,254,0,254,2
2020-06-13,Shasta,89,179085,98,48,0,48,4
2020-06-13,Sierra,91,2930,1,1,0,1,0
2020-06-13,Siskiyou,93,43540,24,13,0,13,0
2020-06-13,Solano,95,438530,924,637,4,641,19
2020-06-13,Sonoma,97,501317,882,711,1,712,4
2020-06-13,Stanislaus,99,539301,1748,1122,5,1127,33
2020-06-13,Sutter,101,95872,93,62,0,62,2
2020-06-13,Tehama,103,63373,33,17,1,18,1
2020-06-13,Trinity,105,12862,4,2,2,4,0
2020-06-13,Tulare,107,460477,3550,2626,3,2629,96
2020-06-13,Tuolumne,109,53932,10,7,1,8,0
2020-06-13,Ventura,111,848112,2225,1567,5,1572,37
2020-06-13,Yolo,113,214977,317,251,0,251,24
2020-06-13,Yuba,115,75493,38,28,0,28,1
2020-06-12,Alameda,1,1643700,4882,4167,6,4173,109
2020-06-12,Alpine,3,1148,2,1,0,1,0
2020-06-12,Amador,5,37829,11,10,0,10,0
2020-06-12,Butte,7,227075,111,71,5,76,1
2020-06-12,Calaveras,9,45235,28,18,0,18,0
2020-06-12,Colusa,11,21464,12,7,0,7,0
2020-06-12,Contra Costa,13,1133247,2181,1827,1,1828,43
2020-06-12,Del Norte,15,27424,47,45,0,45,0
2020-06-12,El Dorado,17,186661,150,110,0,110,0
2020-06-12,Fresno,19,978130,4660,2428,43,2471,47
2020-06-12,Glenn,21,27897,46,21,0,21,0
2020-06-12,Humboldt,23,135768,126,105,0,105,3
2020-06-12,Imperial,25,180216,5799,3543,6,3549,36
2020-06-12,Inyo,27,18085,24,23,0,23,1
2020-06-12,Kern,29,883053,4241,3152,10,3162,54
2020-06-12,Kings,31,150075,1980,987,4,991,6
2020-06-12,Lake,33,64148,38,29,0,29,0
2020-06-12,Lassen,35,31185,12,5,2,7,0
2020-06-12,Los Angeles,37,10098052,79508,70385,23,70408,2814
2020-06-12,Madera,39,155013,447,187,0,187,3
2020-06-12,Marin,41,260295,836,649,2,651,17
2020-06-12,Mariposa,43,17540,18,16,0,16,1
2020-06-12,Mendocino,45,87422,49,33,0,33,0
2020-06-12,Merced,47,269075,663,372,0,372,7
2020-06-12,Modoc,49,8938,1,0,0,0,0
2020-06-12,Mono,51,14174,39,35,0,35,1
2020-06-12,Monterey,53,433212,1198,864,2,866,11
2020-06-12,Napa,55,140530,219,162,0,162,3
2020-06-12,Nevada,57,99092,73,52,1,53,1
2020-06-12,Orange,59,3164182,11984,8440,59,8499,203
2020-06-12,Placer,61,380077,489,333,2,335,9
2020-06-12,Plumas,63,18699,5,4,0,4,0
2020-06-12,Riverside,65,2383286,13451,10616,8,10624,364
2020-06-12,Sacramento,67,1510023,1968,1702,2,1704,60
2020-06-12,San Benito,69,59416,157,96,0,96,2
2020-06-12,San Bernardino,71,2135413,9457,6707,4,6711,223
2020-06-12,San Diego,73,3302833,10615,9132,0,9132,313
2020-06-12,San Francisco,75,870044,3065,2823,1,2824,44
2020-06-12,San Joaquin,77,732212,2183,1406,4,1410,43
2020-06-12,San Luis Obispo,79,281455,436,321,3,324,1
2020-06-12,San Mateo,81,765935,2784,2533,4,2537,75
2020-06-12,Santa Barbara,83,443738,2696,1969,6,1975,14
2020-06-12,Santa Clara,85,1922200,3795,3099,5,3104,149
2020-06-12,Santa Cruz,87,273765,282,251,0,251,2
2020-06-12,Shasta,89,179085,91,48,0,48,5
2020-06-12,Sierra,91,2930,1,1,0,1,0
2020-06-12,Siskiyou,93,43540,24,13,0,13,0
2020-06-12,Solano,95,438530,910,620,4,624,19
2020-06-12,Sonoma,97,501317,863,696,1,697,4
2020-06-12,Stanislaus,99,539301,1689,1092,5,1097,33
2020-06-12,Sutter,101,95872,92,56,0,56,2
2020-06-12,Tehama,103,63373,32,13,1,14,1
2020-06-12,Trinity,105,12862,4,2,2,4,0
2020-06-12,Tulare,107,460477,3496,2552,3,2555,95
2020-06-12,Tuolumne,109,53932,10,7,1,8,0
2020-06-12,Ventura,111,848112,2173,1534,5,1539,35
2020-06-12,Yolo,113,214977,305,243,0,243,24
2020-06-12,Yuba,115,75493,36,27,0,27,1
2020-06-11,Alameda,1,1643700,4752,4073,5,4078,108
2020-06-11,Alpine,3,1148,2,1,0,1,0
2020-06-11,Amador,5,37829,10,10,0,10,0
2020-06-11,Butte,7,227075,105,72,5,77,1
2020-06-11,Calaveras,9,45235,27,16,0,16,0
2020-06-11,Colusa,11,21464,12,7,0,7,0
2020-06-11,Contra Costa,13,1133247,2127,1797,1,1798,43
2020-06-11,Del Norte,15,27424,47,45,0,45,0
2020-06-11,El Dorado,17,186661,142,109,0,109,0
2020-06-11,Fresno,19,978130,4505,2338,43,2381,45
2020-06-11,Glenn,21,27897,42,21,0,21,0
2020-06-11,Humboldt,23,135768,122,113,0,113,3
2020-06-11,Imperial,25,180216,5642,3463,6,3469,36
2020-06-11,Inyo,27,18085,22,23,0,23,1
2020-06-11,Kern,29,883053,4089,3047,8,3055,54
2020-06-11,Kings,31,150075,1946,963,4,967,6
2020-06-11,Lake,33,64148,38,28,0,28,0
2020-06-11,Lassen,35,31185,12,5,2,7,0
2020-06-11,Los Angeles,37,10098052,77840,68807,22,68829,2800
2020-06-11,Madera,39,155013,429,178,0,178,3
2020-06-11,Marin,41,260295,788,637,2,639,17
2020-06-11,Mariposa,43,17540,18,16,0,16,1
2020-06-11,Mendocino,45,87422,40,35,0,35,0
2020-06-11,Merced,47,269075,623,370,0,370,7
2020-06-11,Modoc,49,8938,1,0,0,0,0
2020-06-11,Mono,51,14174,39,35,0,35,1
2020-06-11,Monterey,53,433212,1151,813,2,815,11
2020-06-11,Napa,55,140530,210,162,0,162,3
2020-06-11,Nevada,57,99092,67,50,1,51,1
2020-06-11,Orange,59,3164182,11676,8304,58,8362,188
2020-06-11,Placer,61,380077,469,321,2,323,9
2020-06-11,Plumas,63,18699,5,4,0,4,0
2020-06-11,Riverside,65,2383286,13099,10014,8,10022,361
2020-06-11,Sacramento,67,1510023,1920,1669,2,1671,60
2020-06-11,San Benito,69,59416,151,94,0,94,2
2020-06-11,San Bernardino,71,2135413,9160,6509,4,6513,221
2020-06-11,San Diego,73,3302833,10385,9000,0,9000,308
2020-06-11,San Francisco,75,870044,3036,2766,1,2767,44
2020-06-11,San Joaquin,77,732212,2071,1351,4,1355,43
2020-06-11,San Luis Obispo,79,281455,422,307,3,310,1
2020-06-11,San Mateo,81,765935,2746,2499,4,2503,74
2020-06-11,Santa Barbara,83,443738,2631,1895,6,1901,14
2020-06-11,Santa Clara,85,1922200,3729,3049,5,3054,149
2020-06-11,Santa Cruz,87,273765,278,247,0,247,2
2020-06-11,Shasta,89,179085,84,47,0,47,5
2020-06-11,Sierra,91,2930,1,1,0,1,0
2020-06-11,Siskiyou,93,43540,24,14,0,14,0
2020-06-11,Solano,95,438530,884,616,4,620,19
2020-06-11,Sonoma,97,501317,840,682,1,683,4
2020-06-11,Stanislaus,99,539301,1598,1062,5,1067,30
2020-06-11,Sutter,101,95872,89,56,0,56,2
2020-06-11,Tehama,103,63373,27,10,1,11,1
2020-06-11,Trinity,105,12862,3,2,2,4,0
2020-06-11,Tulare,107,460477,3399,2473,3,2476,95
2020-06-11,Tuolumne,109,53932,10,7,1,8,0
2020-06-11,Ventura,111,848112,2096,1491,5,1496,34
2020-06-11,Yolo,113,214977,297,230,0,230,24
2020-06-11,Yuba,115,75493,36,27,0,27,1
2020-06-10,Alameda,1,1643700,4652,4027,4,4031,107
2020-06-10,Alpine,3,1148,2,1,0,1,0
2020-06-10,Amador,5,37829,10,10,0,10,0
2020-06-10,Butte,7,227075,102,71,5,76,1
2020-06-10,Calaveras,9,45235,27,16,0,16,0
2020-06-10,Colusa,11,21464,11,7,0,7,0
2020-06-10,Contra Costa,13,1133247,2083,1778,1,1779,43
2020-06-10,Del Norte,15,27424,47,45,0,45,0
2020-06-10,El Dorado,17,186661,139,109,0,109,0
2020-06-10,Fresno,19,978130,4329,2324,43,2367,45
2020-06-10,Glenn,21,27897,39,21,0,21,0
2020-06-10,Humboldt,23,135768,118,112,0,112,3
2020-06-10,Imperial,25,180216,5494,3454,6,3460,36
2020-06-10,Inyo,27,18085,22,23,0,23,1
2020-06-10,Kern,29,883053,3964,3000,8,3008,54
2020-06-10,Kings,31,150075,1899,952,3,955,6
2020-06-10,Lake,33,64148,38,28,0,28,0
2020-06-10,Lassen,35,31185,12,5,2,7,0
2020-06-10,Los Angeles,37,10098052,76320,67018,22,67040,2752
2020-06-10,Madera,39,155013,415,176,0,176,3
2020-06-10,Marin,41,260295,756,633,2,635,17
2020-06-10,Mariposa,43,17540,17,16,0,16,1
2020-06-10,Mendocino,45,87422,39,35,0,35,0
2020-06-10,Merced,47,269075,590,370,0,370,7
2020-06-10,Modoc,49,8938,1,0,0,0,0
2020-06-10,Mono,51,14174,39,35,0,35,1
2020-06-10,Monterey,53,433212,1097,791,2,793,11
2020-06-10,Napa,55,140530,207,159,0,159,3
2020-06-10,Nevada,57,99092,65,50,1,51,1
2020-06-10,Orange,59,3164182,11400,8222,55,8277,184
2020-06-10,Placer,61,380077,443,309,2,311,9
2020-06-10,Plumas,63,18699,5,4,0,4,0
2020-06-10,Riverside,65,2383286,12776,9857,8,9865,361
2020-06-10,Sacramento,67,1510023,1881,1643,2,1645,59
2020-06-10,San Benito,69,59416,142,94,0,94,2
2020-06-10,San Bernardino,71,2135413,8868,6438,4,6442,219
2020-06-10,San Diego,73,3302833,10221,8839,0,8839,305
2020-06-10,San Francisco,75,870044,3011,2774,1,2775,44
2020-06-10,San Joaquin,77,732212,1942,1282,4,1286,41
2020-06-10,San Luis Obispo,79,281455,403,306,3,309,1
2020-06-10,San Mateo,81,765935,2705,2492,4,2496,74
2020-06-10,Santa Barbara,83,443738,2575,1878,6,1884,13
2020-06-10,Santa Clara,85,1922200,3678,3032,5,3037,149
2020-06-10,Santa Cruz,87,273765,274,242,0,242,2
2020-06-10,Shasta,89,179085,79,45,0,45,5
2020-06-10,Sierra,91,2930,1,1,0,1,0
2020-06-10,Siskiyou,93,43540,24,14,0,14,0
2020-06-10,Solano,95,438530,848,608,4,612,19
2020-06-10,Sonoma,97,501317,822,673,1,674,4
2020-06-10,Stanislaus,99,539301,1508,1030,5,1035,29
2020-06-10,Sutter,101,95872,88,56,0,56,2
2020-06-10,Tehama,103,63373,25,10,1,11,1
2020-06-10,Trinity,105,12862,3,2,2,4,0
2020-06-10,Tulare,107,460477,3307,2455,3,2458,95
2020-06-10,Tuolumne,109,53932,10,7,1,8,0
2020-06-10,Ventura,111,848112,2050,1446,4,1450,34
2020-06-10,Yolo,113,214977,289,226,0,226,24
2020-06-10,Yuba,115,75493,35,27,0,27,1
2020-06-09,Alameda,1,1643700,4542,3963,4,3967,103
2020-06-09,Alpine,3,1148,2,1,0,1,0
2020-06-09,Amador,5,37829,10,10,0,10,0
2020-06-09,Butte,7,227075,101,70,5,75,1
2020-06-09,Calaveras,9,45235,27,16,0,16,0
2020-06-09,Colusa,11,21464,10,7,0,7,0
2020-06-09,Contra Costa,13,1133247,2043,1744,1,1745,42
2020-06-09,Del Norte,15,27424,47,45,0,45,0
2020-06-09,El Dorado,17,186661,133,108,0,108,0
2020-06-09,Fresno,19,978130,4177,2278,43,2321,43
2020-06-09,Glenn,21,27897,38,19,0,19,0
2020-06-09,Humboldt,23,135768,116,113,0,113,2
2020-06-09,Imperial,25,180216,5342,3067,6,3073,36
2020-06-09,Inyo,27,18085,22,22,0,22,1
2020-06-09,Kern,29,883053,3837,2920,8,2928,51
2020-06-09,Kings,31,150075,1867,934,3,937,6
2020-06-09,Lake,33,64148,38,28,0,28,0
2020-06-09,Lassen,35,31185,12,5,2,7,0
2020-06-09,Los Angeles,37,10098052,74663,65827,22,65849,2692
2020-06-09,Madera,39,155013,400,172,0,172,3
2020-06-09,Marin,41,260295,720,616,2,618,17
2020-06-09,Mariposa,43,17540,17,16,0,16,1
2020-06-09,Mendocino,45,87422,35,35,0,35,0
2020-06-09,Merced,47,269075,561,349,0,349,7
2020-06-09,Modoc,49,8938,1,0,0,0,0
2020-06-09,Mono,51,14174,39,35,0,35,1
2020-06-09,Monterey,53,433212,1056,772,2,774,11
2020-06-09,Napa,55,140530,197,156,0,156,3
2020-06-09,Nevada,57,99092,57,50,1,51,1
2020-06-09,Orange,59,3164182,11159,7991,53,8044,174
2020-06-09,Placer,61,380077,430,301,2,303,9
2020-06-09,Plumas,63,18699,5,4,0,4,0
2020-06-09,Riverside,65,2383286,12398,9511,8,9519,354
2020-06-09,Sacramento,67,1510023,1827,1625,2,1627,59
2020-06-09,San Benito,69,59416,136,95,0,95,2
2020-06-09,San Bernardino,71,2135413,8544,6268,3,6271,217
2020-06-09,San Diego,73,3302833,10036,8731,0,8731,301
2020-06-09,San Francisco,75,870044,2986,2749,1,2750,44
2020-06-09,San Joaquin,77,732212,1836,1240,4,1244,41
2020-06-09,San Luis Obispo,79,281455,390,301,2,303,1
2020-06-09,San Mateo,81,765935,2674,2463,4,2467,74
2020-06-09,Santa Barbara,83,443738,2513,1854,6,1860,13
2020-06-09,Santa Clara,85,1922200,3611,3006,5,3011,147
2020-06-09,Santa Cruz,87,273765,268,237,0,237,2
2020-06-09,Shasta,89,179085,75,44,0,44,4
2020-06-09,Sierra,91,2930,1,1,0,1,0
2020-06-09,Siskiyou,93,43540,19,10,0,10,0
2020-06-09,Solano,95,438530,813,596,4,600,18
2020-06-09,Sonoma,97,501317,799,661,1,662,4
2020-06-09,Stanislaus,99,539301,1407,993,5,998,25
2020-06-09,Sutter,101,95872,85,56,0,56,2
2020-06-09,Tehama,103,63373,25,9,1,10,1
2020-06-09,Trinity,105,12862,3,2,2,4,0
2020-06-09,Tulare,107,460477,3241,2393,3,2396,91
2020-06-09,Tuolumne,109,53932,10,8,1,9,0
2020-06-09,Ventura,111,848112,1984,1407,4,1411,34
2020-06-09,Yolo,113,214977,278,226,0,226,24
2020-06-09,Yuba,115,75493,34,27,0,27,1
2020-06-08,Alameda,1,1643700,4462,3937,4,3941,103
2020-06-08,Alpine,3,1148,2,1,0,1,0
2020-06-08,Amador,5,37829,10,10,0,10,0
2020-06-08,Butte,7,227075,97,68,5,73,1
2020-06-08,Calaveras,9,45235,27,16,0,16,0
2020-06-08,Colusa,11,21464,9,7,0,7,0
2020-06-08,Contra Costa,13,1133247,2000,1714,1,1715,41
2020-06-08,Del Norte,15,27424,47,45,0,45,0
2020-06-08,El Dorado,17,186661,129,107,0,107,0
2020-06-08,Fresno,19,978130,4052,2194,42,2236,42
2020-06-08,Glenn,21,27897,36,17,0,17,0
2020-06-08,Humboldt,23,135768,116,112,0,112,2
2020-06-08,Imperial,25,180216,5190,3051,6,3057,21
2020-06-08,Inyo,27,18085,22,22,0,22,1
2020-06-08,Kern,29,883053,3707,2853,8,2861,49
2020-06-08,Kings,31,150075,1791,892,3,895,6
2020-06-08,Lake,33,64148,38,28,0,28,0
2020-06-08,Lassen,35,31185,12,4,2,6,0
2020-06-08,Los Angeles,37,10098052,73201,64634,22,64656,2640
2020-06-08,Madera,39,155013,370,154,0,154,3
2020-06-08,Marin,41,260295,679,596,2,598,17
2020-06-08,Mariposa,43,17540,16,16,0,16,1
2020-06-08,Mendocino,45,87422,33,32,0,32,0
2020-06-08,Merced,47,269075,527,331,0,331,7
2020-06-08,Modoc,49,8938,1,0,0,0,0
2020-06-08,Mono,51,14174,39,35,0,35,1
2020-06-08,Monterey,53,433212,1005,751,1,752,10
2020-06-08,Napa,55,140530,181,151,0,151,3
2020-06-08,Nevada,57,99092,56,50,1,51,1
2020-06-08,Orange,59,3164182,10907,7786,52,7838,160
2020-06-08,Placer,61,380077,414,290,2,292,9
2020-06-08,Plumas,63,18699,5,4,0,4,0
2020-06-08,Riverside,65,2383286,12029,9246,8,9254,347
2020-06-08,Sacramento,67,1510023,1777,1591,2,1593,59
2020-06-08,San Benito,69,59416,129,93,0,93,2
2020-06-08,San Bernardino,71,2135413,8223,6122,3,6125,214
2020-06-08,San Diego,73,3302833,9879,8621,0,8621,296
2020-06-08,San Francisco,75,870044,2959,2715,1,2716,43
2020-06-08,San Joaquin,77,732212,1729,1198,4,1202,40
2020-06-08,San Luis Obispo,79,281455,384,300,2,302,1
2020-06-08,San Mateo,81,765935,2643,2431,3,2434,74
2020-06-08,Santa Barbara,83,443738,2451,1824,6,1830,13
2020-06-08,Santa Clara,85,1922200,3566,2971,5,2976,146
2020-06-08,Santa Cruz,87,273765,267,234,0,234,2
2020-06-08,Shasta,89,179085,71,43,0,43,4
2020-06-08,Sierra,91,2930,1,1,0,1,0
2020-06-08,Siskiyou,93,43540,19,8,0,8,0
2020-06-08,Solano,95,438530,786,560,4,564,19
2020-06-08,Sonoma,97,501317,783,654,1,655,4
2020-06-08,Stanislaus,99,539301,1325,956,5,961,28
2020-06-08,Sutter,101,95872,78,55,0,55,2
2020-06-08,Tehama,103,63373,19,8,1,9,1
2020-06-08,Trinity,105,12862,3,2,2,4,0
2020-06-08,Tulare,107,460477,3158,2301,3,2304,91
2020-06-08,Tuolumne,109,53932,9,8,1,9,0
2020-06-08,Ventura,111,848112,1926,1382,4,1386,30
2020-06-08,Yolo,113,214977,267,228,0,228,24
2020-06-08,Yuba,115,75493,32,27,0,27,1
2020-06-07,Alameda,1,1643700,4349,3866,4,3870,102
2020-06-07,Alpine,3,1148,2,1,0,1,0
2020-06-07,Amador,5,37829,10,10,0,10,0
2020-06-07,Butte,7,227075,95,64,4,68,1
2020-06-07,Calaveras,9,45235,25,16,0,16,0
2020-06-07,Colusa,11,21464,9,7,0,7,0
2020-06-07,Contra Costa,13,1133247,1949,1653,0,1653,38
2020-06-07,Del Norte,15,27424,45,45,0,45,0
2020-06-07,El Dorado,17,186661,129,104,0,104,0
2020-06-07,Fresno,19,978130,3922,2144,42,2186,41
2020-06-07,Glenn,21,27897,29,16,0,16,0
2020-06-07,Humboldt,23,135768,116,112,0,112,2
2020-06-07,Imperial,25,180216,5038,3048,6,3054,19
2020-06-07,Inyo,27,18085,22,21,0,21,1
2020-06-07,Kern,29,883053,3577,2771,8,2779,46
2020-06-07,Kings,31,150075,1742,882,3,885,6
2020-06-07,Lake,33,64148,35,28,0,28,0
2020-06-07,Lassen,35,31185,11,4,2,6,0
2020-06-07,Los Angeles,37,10098052,71498,63750,22,63772,2629
2020-06-07,Madera,39,155013,353,149,0,149,3
2020-06-07,Marin,41,260295,665,584,2,586,17
2020-06-07,Mariposa,43,17540,16,16,0,16,1
2020-06-07,Mendocino,45,87422,33,32,0,32,0
2020-06-07,Merced,47,269075,494,318,0,318,7
2020-06-07,Modoc,49,8938,1,0,0,0,0
2020-06-07,Mono,51,14174,39,35,0,35,1
2020-06-07,Monterey,53,433212,958,732,1,733,10
2020-06-07,Napa,55,140530,173,142,0,142,3
2020-06-07,Nevada,57,99092,55,50,1,51,1
2020-06-07,Orange,59,3164182,10650,7643,50,7693,158
2020-06-07,Placer,61,380077,392,273,2,275,9
2020-06-07,Plumas,63,18699,5,4,0,4,0
2020-06-07,Riverside,65,2383286,11733,9105,8,9113,344
2020-06-07,Sacramento,67,1510023,1731,1568,2,1570,59
2020-06-07,San Benito,69,59416,126,92,0,92,2
2020-06-07,San Bernardino,71,2135413,7940,6033,3,6036,214
2020-06-07,San Diego,73,3302833,9700,8478,0,8478,296
2020-06-07,San Francisco,75,870044,2915,2674,0,2674,43
2020-06-07,San Joaquin,77,732212,1628,1126,4,1130,37
2020-06-07,San Luis Obispo,79,281455,374,296,2,298,1
2020-06-07,San Mateo,81,765935,2616,2399,3,2402,73
2020-06-07,Santa Barbara,83,443738,2390,1818,6,1824,13
2020-06-07,Santa Clara,85,1922200,3515,2947,5,2952,146
2020-06-07,Santa Cruz,87,273765,259,230,0,230,2
2020-06-07,Shasta,89,179085,70,41,0,41,4
2020-06-07,Sierra,91,2930,1,1,0,1,0
2020-06-07,Siskiyou,93,43540,19,8,0,8,0
2020-06-07,Solano,95,438530,763,560,4,564,19
2020-06-07,Sonoma,97,501317,752,639,1,640,4
2020-06-07,Stanislaus,99,539301,1245,905,5,910,28
2020-06-07,Sutter,101,95872,70,55,0,55,2
2020-06-07,Tehama,103,63373,16,8,1,9,1
2020-06-07,Trinity,105,12862,2,2,2,4,0
2020-06-07,Tulare,107,460477,3036,2219,3,2222,90
2020-06-07,Tuolumne,109,53932,9,4,1,5,0
2020-06-07,Ventura,111,848112,1861,1337,4,1341,30
2020-06-07,Yolo,113,214977,257,224,0,224,24
2020-06-07,Yuba,115,75493,32,27,0,27,1
2020-06-06,Alameda,1,1643700,4304,3801,4,3805,102
2020-06-06,Alpine,3,1148,2,1,0,1,0
2020-06-06,Amador,5,37829,10,10,0,10,0
2020-06-06,Butte,7,227075,94,63,4,67,1
2020-06-06,Calaveras,9,45235,23,16,0,16,0
2020-06-06,Colusa,11,21464,9,7,0,7,0
2020-06-06,Contra Costa,13,1133247,1928,1619,0,1619,37
2020-06-06,Del Norte,15,27424,45,45,0,45,0
2020-06-06,El Dorado,17,186661,126,104,0,104,0
2020-06-06,Fresno,19,978130,3869,2117,42,2159,41
2020-06-06,Glenn,21,27897,27,16,0,16,0
2020-06-06,Humboldt,23,135768,116,112,0,112,2
2020-06-06,Imperial,25,180216,4962,3047,6,3053,19
2020-06-06,Inyo,27,18085,22,21,0,21,1
2020-06-06,Kern,29,883053,3507,2695,8,2703,46
2020-06-06,Kings,31,150075,1723,882,3,885,6
2020-06-06,Lake,33,64148,35,28,0,28,0
2020-06-06,Lassen,35,31185,11,4,2,6,0
2020-06-06,Los Angeles,37,10098052,70751,62269,22,62291,2607
2020-06-06,Madera,39,155013,344,149,0,149,3
2020-06-06,Marin,41,260295,660,556,2,558,17
2020-06-06,Mariposa,43,17540,16,16,0,16,1
2020-06-06,Mendocino,45,87422,33,32,0,32,0
2020-06-06,Merced,47,269075,492,315,0,315,7
2020-06-06,Modoc,49,8938,1,0,0,0,0
2020-06-06,Mono,51,14174,39,35,0,35,1
2020-06-06,Monterey,53,433212,934,679,1,680,10
2020-06-06,Napa,55,140530,167,136,0,136,3
2020-06-06,Nevada,57,99092,54,50,1,51,1
2020-06-06,Orange,59,3164182,10491,7576,49,7625,157
2020-06-06,Placer,61,380077,381,270,2,272,9
2020-06-06,Plumas,63,18699,5,4,0,4,0
2020-06-06,Riverside,65,2383286,11554,8935,8,8943,345
2020-06-06,Sacramento,67,1510023,1708,1533,2,1535,59
2020-06-06,San Benito,69,59416,116,92,0,92,2
2020-06-06,San Bernardino,71,2135413,7792,5946,3,5949,214
2020-06-06,San Diego,73,3302833,9579,8347,0,8347,296
2020-06-06,San Francisco,75,870044,2900,2674,0,2674,43
2020-06-06,San Joaquin,77,732212,1588,1076,4,1080,37
2020-06-06,San Luis Obispo,79,281455,368,295,2,297,1
2020-06-06,San Mateo,81,765935,2601,2342,3,2345,72
2020-06-06,Santa Barbara,83,443738,2350,1815,6,1821,13
2020-06-06,Santa Clara,85,1922200,3474,2934,5,2939,144
2020-06-06,Santa Cruz,87,273765,257,226,0,226,2
2020-06-06,Shasta,89,179085,70,40,0,40,4
2020-06-06,Sierra,91,2930,1,1,0,1,0
2020-06-06,Siskiyou,93,43540,17,8,0,8,0
2020-06-06,Solano,95,438530,748,560,4,564,19
2020-06-06,Sonoma,97,501317,740,622,1,623,4
2020-06-06,Stanislaus,99,539301,1211,858,5,863,27
2020-06-06,Sutter,101,95872,70,51,0,51,2
2020-06-06,Tehama,103,63373,15,8,1,9,1
2020-06-06,Trinity,105,12862,2,2,1,3,0
2020-06-06,Tulare,107,460477,3003,2213,3,2216,90
2020-06-06,Tuolumne,109,53932,9,4,1,5,0
2020-06-06,Ventura,111,848112,1837,1303,4,1307,30
2020-06-06,Yolo,113,214977,255,223,0,223,24
2020-06-06,Yuba,115,75493,32,27,0,27,1
2020-06-05,Alameda,1,1643700,4253,3734,4,3738,102
2020-06-05,Alpine,3,1148,2,1,0,1,0
2020-06-05,Amador,5,37829,10,10,0,10,0
2020-06-05,Butte,7,227075,91,61,4,65,1
2020-06-05,Calaveras,9,45235,22,16,0,16,0
2020-06-05,Colusa,11,21464,9,7,0,7,0
2020-06-05,Contra Costa,13,1133247,1913,1575,0,1575,37
2020-06-05,Del Norte,15,27424,45,45,0,45,0
2020-06-05,El Dorado,17,186661,125,101,0,101,0
2020-06-05,Fresno,19,978130,3805,2051,41,2092,38
2020-06-05,Glenn,21,27897,25,16,0,16,0
2020-06-05,Humboldt,23,135768,115,111,0,111,2
2020-06-05,Imperial,25,180216,4856,2778,6,2784,19
2020-06-05,Inyo,27,18085,22,21,0,21,1
2020-06-05,Kern,29,883053,3418,2624,8,2632,46
2020-06-05,Kings,31,150075,1708,865,3,868,6
2020-06-05,Lake,33,64148,35,28,0,28,0
2020-06-05,Lassen,35,31185,10,4,2,6,0
2020-06-05,Los Angeles,37,10098052,69603,60955,22,60977,2553
2020-06-05,Madera,39,155013,322,144,0,144,3
2020-06-05,Marin,41,260295,651,546,2,548,17
2020-06-05,Mariposa,43,17540,16,16,0,16,1
2020-06-05,Mendocino,45,87422,33,32,0,32,0
2020-06-05,Merced,47,269075,490,309,0,309,7
2020-06-05,Modoc,49,8938,1,0,0,0,0
2020-06-05,Mono,51,14174,39,35,0,35,1
2020-06-05,Monterey,53,433212,902,649,1,650,10
2020-06-05,Napa,55,140530,164,123,0,123,3
2020-06-05,Nevada,57,99092,54,50,1,51,1
2020-06-05,Orange,59,3164182,10296,7391,47,7438,153
2020-06-05,Placer,61,380077,371,265,2,267,9
2020-06-05,Plumas,63,18699,5,4,0,4,0
2020-06-05,Riverside,65,2383286,11294,8700,8,8708,345
2020-06-05,Sacramento,67,1510023,1686,1514,2,1516,59
2020-06-05,San Benito,69,59416,114,92,0,92,2
2020-06-05,San Bernardino,71,2135413,7610,5869,2,5871,212
2020-06-05,San Diego,73,3302833,9464,8182,0,8182,294
2020-06-05,San Francisco,75,870044,2882,2675,0,2675,43
2020-06-05,San Joaquin,77,732212,1509,1046,4,1050,36
2020-06-05,San Luis Obispo,79,281455,361,293,2,295,1
2020-06-05,San Mateo,81,765935,2576,2331,3,2334,72
2020-06-05,Santa Barbara,83,443738,2315,1795,6,1801,13
2020-06-05,Santa Clara,85,1922200,3449,2902,5,2907,144
2020-06-05,Santa Cruz,87,273765,254,222,0,222,2
2020-06-05,Shasta,89,179085,69,40,0,40,4
2020-06-05,Sierra,91,2930,1,1,0,1,0
2020-06-05,Siskiyou,93,43540,15,8,0,8,0
2020-06-05,Solano,95,438530,741,558,4,562,19
2020-06-05,Sonoma,97,501317,719,618,1,619,4
2020-06-05,Stanislaus,99,539301,1178,842,5,847,27
2020-06-05,Sutter,101,95872,70,49,0,49,2
2020-06-05,Tehama,103,63373,15,7,1,8,1
2020-06-05,Trinity,105,12862,2,1,1,2,0
2020-06-05,Tulare,107,460477,2954,2180,3,2183,90
2020-06-05,Tuolumne,109,53932,9,4,1,5,0
2020-06-05,Ventura,111,848112,1804,1274,4,1278,30
2020-06-05,Yolo,113,214977,254,216,0,216,24
2020-06-05,Yuba,115,75493,32,27,0,27,1
2020-06-04,Alameda,1,1643700,4154,3643,4,3647,99
2020-06-04,Alpine,3,1148,2,1,0,1,0
2020-06-04,Amador,5,37829,10,10,0,10,0
2020-06-04,Butte,7,227075,87,57,3,60,1
2020-06-04,Calaveras,9,45235,22,15,0,15,0
2020-06-04,Colusa,11,21464,9,7,0,7,0
2020-06-04,Contra Costa,13,1133247,1855,1551,0,1551,37
2020-06-04,Del Norte,15,27424,45,45,0,45,0
2020-06-04,El Dorado,17,186661,123,101,0,101,0
2020-06-04,Fresno,19,978130,3699,2007,41,2048,35
2020-06-04,Glenn,21,27897,22,16,0,16,0
2020-06-04,Humboldt,23,135768,115,109,0,109,2
2020-06-04,Imperial,25,180216,4673,2631,6,2637,19
2020-06-04,Inyo,27,18085,22,20,0,20,1
2020-06-04,Kern,29,883053,3303,2530,8,2538,46
2020-06-04,Kings,31,150075,1638,842,3,845,6
2020-06-04,Lake,33,64148,34,27,0,27,0
2020-06-04,Lassen,35,31185,8,4,2,6,0
2020-06-04,Los Angeles,37,10098052,68135,59596,22,59618,2515
2020-06-04,Madera,39,155013,314,127,0,127,3
2020-06-04,Marin,41,260295,629,533,2,535,14
2020-06-04,Mariposa,43,17540,16,16,0,16,1
2020-06-04,Mendocino,45,87422,33,29,0,29,0
2020-06-04,Merced,47,269075,470,304,0,304,7
2020-06-04,Modoc,49,8938,1,0,0,0,0
2020-06-04,Mono,51,14174,39,35,0,35,1
2020-06-04,Monterey,53,433212,867,621,1,622,10
2020-06-04,Napa,55,140530,160,117,0,117,3
2020-06-04,Nevada,57,99092,53,49,1,50,1
2020-06-04,Orange,59,3164182,10045,7192,46,7238,148
2020-06-04,Placer,61,380077,354,256,2,258,9
2020-06-04,Plumas,63,18699,4,4,0,4,0
2020-06-04,Riverside,65,2383286,11016,8473,8,8481,341
2020-06-04,Sacramento,67,1510023,1659,1492,2,1494,58
2020-06-04,San Benito,69,59416,112,88,0,88,2
2020-06-04,San Bernardino,71,2135413,7342,5726,2,5728,207
2020-06-04,San Diego,73,3302833,9301,7942,0,7942,288
2020-06-04,San Francisco,75,870044,2849,2636,0,2636,43
2020-06-04,San Joaquin,77,732212,1447,1016,4,1020,36
2020-06-04,San Luis Obispo,79,281455,353,288,2,290,1
2020-06-04,San Mateo,81,765935,2550,2284,3,2287,72
2020-06-04,Santa Barbara,83,443738,2276,1750,6,1756,13
2020-06-04,Santa Clara,85,1922200,3417,2871,5,2876,144
2020-06-04,Santa Cruz,87,273765,248,218,0,218,2
2020-06-04,Shasta,89,179085,63,40,0,40,4
2020-06-04,Sierra,91,2930,1,1,0,1,0
2020-06-04,Siskiyou,93,43540,14,8,0,8,0
2020-06-04,Solano,95,438530,724,551,4,555,19
2020-06-04,Sonoma,97,501317,700,591,1,592,4
2020-06-04,Stanislaus,99,539301,1102,806,5,811,28
2020-06-04,Sutter,101,95872,65,46,0,46,2
2020-06-04,Tehama,103,63373,14,6,1,7,1
2020-06-04,Trinity,105,12862,2,1,1,2,0
2020-06-04,Tulare,107,460477,2838,2086,3,2089,90
2020-06-04,Tuolumne,109,53932,8,4,1,5,0
2020-06-04,Ventura,111,848112,1761,1236,4,1240,30
2020-06-04,Yolo,113,214977,249,216,0,216,24
2020-06-04,Yuba,115,75493,31,27,0,27,1
2020-06-03,Alameda,1,1643700,4095,3589,3,3592,99
2020-06-03,Alpine,3,1148,2,1,0,1,0
2020-06-03,Amador,5,37829,10,10,0,10,0
2020-06-03,Butte,7,227075,85,53,3,56,1
2020-06-03,Calaveras,9,45235,21,15,0,15,0
2020-06-03,Colusa,11,21464,9,7,0,7,0
2020-06-03,Contra Costa,13,1133247,1807,1511,0,1511,37
2020-06-03,Del Norte,15,27424,45,39,0,39,0
2020-06-03,El Dorado,17,186661,120,90,0,90,0
2020-06-03,Fresno,19,978130,3603,1943,41,1984,35
2020-06-03,Glenn,21,27897,22,16,0,16,0
2020-06-03,Humboldt,23,135768,115,103,0,103,2
2020-06-03,Imperial,25,180216,4501,2540,6,2546,19
2020-06-03,Inyo,27,18085,22,20,0,20,1
2020-06-03,Kern,29,883053,3208,2452,8,2460,44
2020-06-03,Kings,31,150075,1573,744,3,747,6
2020-06-03,Lake,33,64148,32,26,0,26,0
2020-06-03,Lassen,35,31185,8,4,2,6,0
2020-06-03,Los Angeles,37,10098052,66529,58166,22,58188,2472
2020-06-03,Madera,39,155013,306,117,0,117,3
2020-06-03,Marin,41,260295,611,527,2,529,14
2020-06-03,Mariposa,43,17540,16,16,0,16,1
2020-06-03,Mendocino,45,87422,32,29,0,29,0
2020-06-03,Merced,47,269075,456,299,0,299,7
2020-06-03,Modoc,49,8938,1,0,0,0,0
2020-06-03,Mono,51,14174,39,35,0,35,1
2020-06-03,Monterey,53,433212,839,592,1,593,10
2020-06-03,Napa,55,140530,159,116,0,116,3
2020-06-03,Nevada,57,99092,52,43,1,44,1
2020-06-03,Orange,59,3164182,9818,6939,45,6984,145
2020-06-03,Placer,61,380077,336,243,2,245,9
2020-06-03,Plumas,63,18699,4,4,0,4,0
2020-06-03,Riverside,65,2383286,10741,8208,8,8216,335
2020-06-03,Sacramento,67,1510023,1629,1457,2,1459,58
2020-06-03,San Benito,69,59416,106,88,0,88,2
2020-06-03,San Bernardino,71,2135413,7119,5565,2,5567,203
2020-06-03,San Diego,73,3302833,9153,7800,0,7800,283
2020-06-03,San Francisco,75,870044,2818,2608,0,2608,43
2020-06-03,San Joaquin,77,732212,1382,1004,4,1008,35
2020-06-03,San Luis Obispo,79,281455,348,279,2,281,1
2020-06-03,San Mateo,81,765935,2522,2243,3,2246,71
2020-06-03,Santa Barbara,83,443738,2233,1722,6,1728,12
2020-06-03,Santa Clara,85,1922200,3377,2836,5,2841,144
2020-06-03,Santa Cruz,87,273765,242,217,0,217,2
2020-06-03,Shasta,89,179085,60,40,0,40,4
2020-06-03,Sierra,91,2930,1,1,0,1,0
2020-06-03,Siskiyou,93,43540,13,8,0,8,0
2020-06-03,Solano,95,438530,699,543,2,545,18
2020-06-03,Sonoma,97,501317,688,578,1,579,4
2020-06-03,Stanislaus,99,539301,1062,780,5,785,27
2020-06-03,Sutter,101,95872,57,45,0,45,2
2020-06-03,Tehama,103,63373,14,6,1,7,1
2020-06-03,Trinity,105,12862,2,1,1,2,0
2020-06-03,Tulare,107,460477,2769,2041,3,2044,88
2020-06-03,Tuolumne,109,53932,6,4,1,5,0
2020-06-03,Ventura,111,848112,1697,1202,4,1206,30
2020-06-03,Yolo,113,214977,245,213,0,213,24
2020-06-03,Yuba,115,75493,31,27,0,27,1
2020-06-02,Alameda,1,1643700,4019,3517,3,3520,99
2020-06-02,Alpine,3,1148,2,1,0,1,0
2020-06-02,Amador,5,37829,10,10,0,10,0
2020-06-02,Butte,7,227075,81,51,3,54,1
2020-06-02,Calaveras,9,45235,21,15,0,15,0
2020-06-02,Colusa,11,21464,9,7,0,7,0
2020-06-02,Contra Costa,13,1133247,1775,1505,0,1505,37
2020-06-02,Del Norte,15,27424,45,39,0,39,0
2020-06-02,El Dorado,17,186661,119,88,0,88,0
2020-06-02,Fresno,19,978130,3492,1917,41,1958,34
2020-06-02,Glenn,21,27897,21,16,0,16,0
2020-06-02,Humboldt,23,135768,115,101,0,101,2
2020-06-02,Imperial,25,180216,4308,2459,6,2465,19
2020-06-02,Inyo,27,18085,20,20,0,20,1
2020-06-02,Kern,29,883053,3110,2406,6,2412,41
2020-06-02,Kings,31,150075,1545,720,3,723,5
2020-06-02,Lake,33,64148,32,25,0,25,0
2020-06-02,Lassen,35,31185,7,4,2,6,0
2020-06-02,Los Angeles,37,10098052,65128,57144,22,57166,2430
2020-06-02,Madera,39,155013,285,110,0,110,2
2020-06-02,Marin,41,260295,584,509,2,511,14
2020-06-02,Mariposa,43,17540,16,16,0,16,1
2020-06-02,Mendocino,45,87422,32,29,0,29,0
2020-06-02,Merced,47,269075,440,297,0,297,6
2020-06-02,Modoc,49,8938,1,0,0,0,0
2020-06-02,Mono,51,14174,39,35,0,35,1
2020-06-02,Monterey,53,433212,809,582,1,583,10
2020-06-02,Napa,55,140530,150,116,0,116,3
2020-06-02,Nevada,57,99092,51,41,1,42,1
2020-06-02,Orange,59,3164182,9617,6790,44,6834,142
2020-06-02,Placer,61,380077,322,226,2,228,9
2020-06-02,Plumas,63,18699,4,4,0,4,0
2020-06-02,Riverside,65,2383286,10446,8091,7,8098,330
2020-06-02,Sacramento,67,1510023,1600,1428,2,1430,58
2020-06-02,San Benito,69,59416,105,86,0,86,2
2020-06-02,San Bernardino,71,2135413,6913,5438,2,5440,202
2020-06-02,San Diego,73,3302833,9007,7676,0,7676,276
2020-06-02,San Francisco,75,870044,2783,2554,0,2554,43
2020-06-02,San Joaquin,77,732212,1316,985,4,989,35
2020-06-02,San Luis Obispo,79,281455,343,275,2,277,1
2020-06-02,San Mateo,81,765935,2487,2203,3,2206,71
2020-06-02,Santa Barbara,83,443738,2188,1703,6,1709,12
2020-06-02,Santa Clara,85,1922200,3327,2819,5,2824,144
2020-06-02,Santa Cruz,87,273765,237,215,0,215,2
2020-06-02,Shasta,89,179085,59,38,0,38,4
2020-06-02,Sierra,91,2930,1,1,0,1,0
2020-06-02,Siskiyou,93,43540,12,8,0,8,0
2020-06-02,Solano,95,438530,684,537,1,538,18
2020-06-02,Sonoma,97,501317,677,571,1,572,4
2020-06-02,Stanislaus,99,539301,1003,772,5,777,27
2020-06-02,Sutter,101,95872,54,43,0,43,2
2020-06-02,Tehama,103,63373,14,6,1,7,1
2020-06-02,Trinity,105,12862,2,1,1,2,0
2020-06-02,Tulare,107,460477,2689,2012,3,2015,86
2020-06-02,Tuolumne,109,53932,6,4,1,5,0
2020-06-02,Ventura,111,848112,1647,1178,4,1182,30
2020-06-02,Yolo,113,214977,243,213,0,213,24
2020-06-02,Yuba,115,75493,31,27,0,27,1
2020-06-01,Alameda,1,1643700,3954,3460,3,3463,98
2020-06-01,Alpine,3,1148,2,1,0,1,0
2020-06-01,Amador,5,37829,10,10,0,10,0
2020-06-01,Butte,7,227075,80,50,2,52,1
2020-06-01,Calaveras,9,45235,21,15,0,15,0
2020-06-01,Colusa,11,21464,9,7,0,7,0
2020-06-01,Contra Costa,13,1133247,1739,1486,0,1486,37
2020-06-01,Del Norte,15,27424,45,38,0,38,0
2020-06-01,El Dorado,17,186661,117,88,0,88,0
2020-06-01,Fresno,19,978130,3398,1854,39,1893,33
2020-06-01,Glenn,21,27897,21,16,0,16,0
2020-06-01,Humboldt,23,135768,115,98,0,98,2
2020-06-01,Imperial,25,180216,4085,2366,6,2372,14
2020-06-01,Inyo,27,18085,20,20,0,20,1
2020-06-01,Kern,29,883053,3027,2366,6,2372,38
2020-06-01,Kings,31,150075,1277,703,3,706,4
2020-06-01,Lake,33,64148,32,22,0,22,0
2020-06-01,Lassen,35,31185,7,4,2,6,0
2020-06-01,Los Angeles,37,10098052,63663,55899,22,55921,2367
2020-06-01,Madera,39,155013,273,103,0,103,2
2020-06-01,Marin,41,260295,543,495,2,497,14
2020-06-01,Mariposa,43,17540,16,16,0,16,1
2020-06-01,Mendocino,45,87422,32,28,0,28,0
2020-06-01,Merced,47,269075,421,289,0,289,6
2020-06-01,Modoc,49,8938,1,0,0,0,0
2020-06-01,Mono,51,14174,39,35,0,35,1
2020-06-01,Monterey,53,433212,784,554,1,555,10
2020-06-01,Napa,55,140530,147,114,0,114,3
2020-06-01,Nevada,57,99092,51,41,1,42,1
2020-06-01,Orange,59,3164182,9421,6640,43,6683,135
2020-06-01,Placer,61,380077,310,218,2,220,9
2020-06-01,Plumas,63,18699,4,4,0,4,0
2020-06-01,Riverside,65,2383286,9995,7921,7,7928,322
2020-06-01,Sacramento,67,1510023,1561,1415,2,1417,58
2020-06-01,San Benito,69,59416,102,86,0,86,2
2020-06-01,San Bernardino,71,2135413,6707,5310,2,5312,202
2020-06-01,San Diego,73,3302833,8827,7556,0,7556,269
2020-06-01,San Francisco,75,870044,2746,2546,0,2546,43
2020-06-01,San Joaquin,77,732212,1251,957,4,961,35
2020-06-01,San Luis Obispo,79,281455,339,275,2,277,1
2020-06-01,San Mateo,81,765935,2457,2190,3,2193,71
2020-06-01,Santa Barbara,83,443738,2148,1671,5,1676,10
2020-06-01,Santa Clara,85,1922200,3288,2797,4,2801,142
2020-06-01,Santa Cruz,87,273765,233,215,0,215,2
2020-06-01,Shasta,89,179085,59,38,0,38,4
2020-06-01,Sierra,91,2930,1,1,0,1,0
2020-06-01,Siskiyou,93,43540,12,7,0,7,0
2020-06-01,Solano,95,438530,660,529,1,530,17
2020-06-01,Sonoma,97,501317,661,565,1,566,4
2020-06-01,Stanislaus,99,539301,966,758,5,763,27
2020-06-01,Sutter,101,95872,49,43,0,43,2
2020-06-01,Tehama,103,63373,11,5,1,6,1
2020-06-01,Trinity,105,12862,1,1,1,2,0
2020-06-01,Tulare,107,460477,2575,1976,3,1979,84
2020-06-01,Tuolumne,109,53932,5,4,1,5,0
2020-06-01,Ventura,111,848112,1597,1163,4,1167,29
2020-06-01,Yolo,113,214977,240,212,0,212,24
2020-06-01,Yuba,115,75493,30,26,0,26,1
2020-05-31,Alameda,1,1643700,3848,3362,3,3365,98
2020-05-31,Alpine,3,1148,2,1,0,1,0
2020-05-31,Amador,5,37829,10,10,0,10,0
2020-05-31,Butte,7,227075,78,51,2,53,0
2020-05-31,Calaveras,9,45235,18,15,0,15,0
2020-05-31,Colusa,11,21464,9,5,0,5,0
2020-05-31,Contra Costa,13,1133247,1705,1458,0,1458,37
2020-05-31,Del Norte,15,27424,45,37,0,37,0
2020-05-31,El Dorado,17,186661,113,88,0,88,0
2020-05-31,Fresno,19,978130,3239,1780,37,1817,31
2020-05-31,Glenn,21,27897,20,16,0,16,0
2020-05-31,Humboldt,23,135768,113,98,0,98,2
2020-05-31,Imperial,25,180216,3818,2197,6,2203,14
2020-05-31,Inyo,27,18085,20,20,0,20,1
2020-05-31,Kern,29,883053,2893,2300,6,2306,38
2020-05-31,Kings,31,150075,1240,703,3,706,3
2020-05-31,Lake,33,64148,32,19,0,19,0
2020-05-31,Lassen,35,31185,7,4,2,6,0
2020-05-31,Los Angeles,37,10098052,62374,54925,22,54947,2344
2020-05-31,Madera,39,155013,255,101,0,101,2
2020-05-31,Marin,41,260295,533,486,2,488,14
2020-05-31,Mariposa,43,17540,16,16,0,16,1
2020-05-31,Mendocino,45,87422,32,24,0,24,0
2020-05-31,Merced,47,269075,394,288,0,288,6
2020-05-31,Modoc,49,8938,0,0,0,0,0
2020-05-31,Mono,51,14174,39,34,0,34,1
2020-05-31,Monterey,53,433212,711,545,1,546,10
2020-05-31,Napa,55,140530,145,114,0,114,3
2020-05-31,Nevada,57,99092,50,41,1,42,1
2020-05-31,Orange,59,3164182,9210,6532,42,6574,135
2020-05-31,Placer,61,380077,287,215,2,217,9
2020-05-31,Plumas,63,18699,4,4,0,4,0
2020-05-31,Riverside,65,2383286,9739,7704,7,7711,321
2020-05-31,Sacramento,67,1510023,1530,1398,2,1400,57
2020-05-31,San Benito,69,59416,96,85,0,85,2
2020-05-31,San Bernardino,71,2135413,6439,5185,2,5187,198
2020-05-31,San Diego,73,3302833,8633,7483,0,7483,269
2020-05-31,San Francisco,75,870044,2710,2501,0,2501,43
2020-05-31,San Joaquin,77,732212,1186,888,4,892,34
2020-05-31,San Luis Obispo,79,281455,329,271,2,273,1
2020-05-31,San Mateo,81,765935,2411,2169,3,2172,71
2020-05-31,Santa Barbara,83,443738,2092,1662,5,1667,9
2020-05-31,Santa Clara,85,1922200,3244,2785,4,2789,142
2020-05-31,Santa Cruz,87,273765,230,210,0,210,2
2020-05-31,Shasta,89,179085,57,38,0,38,4
2020-05-31,Sierra,91,2930,1,1,0,1,0
2020-05-31,Siskiyou,93,43540,11,7,0,7,0
2020-05-31,Solano,95,438530,634,512,1,513,6
2020-05-31,Sonoma,97,501317,641,555,1,556,4
2020-05-31,Stanislaus,99,539301,912,738,5,743,27
2020-05-31,Sutter,101,95872,47,42,0,42,2
2020-05-31,Tehama,103,63373,10,4,1,5,1
2020-05-31,Trinity,105,12862,1,1,1,2,0
2020-05-31,Tulare,107,460477,2503,1884,3,1887,82
2020-05-31,Tuolumne,109,53932,5,4,1,5,0
2020-05-31,Ventura,111,848112,1542,1151,4,1155,30
2020-05-31,Yolo,113,214977,234,211,0,211,24
2020-05-31,Yuba,115,75493,30,26,0,26,1
2020-05-30,Alameda,1,1643700,3822,3304,3,3307,96
2020-05-30,Alpine,3,1148,2,1,0,1,0
2020-05-30,Amador,5,37829,10,10,0,10,0
2020-05-30,Butte,7,227075,77,44,2,46,0
2020-05-30,Calaveras,9,45235,17,15,0,15,0
2020-05-30,Colusa,11,21464,8,5,0,5,0
2020-05-30,Contra Costa,13,1133247,1690,1429,0,1429,37
2020-05-30,Del Norte,15,27424,45,37,0,37,0
2020-05-30,El Dorado,17,186661,112,86,0,86,0
2020-05-30,Fresno,19,978130,3178,1744,36,1780,31
2020-05-30,Glenn,21,27897,19,16,0,16,0
2020-05-30,Humboldt,23,135768,112,98,0,98,2
2020-05-30,Imperial,25,180216,3728,2091,6,2097,14
2020-05-30,Inyo,27,18085,20,20,0,20,1
2020-05-30,Kern,29,883053,2824,2217,6,2223,38
2020-05-30,Kings,31,150075,1226,703,3,706,3
2020-05-30,Lake,33,64148,31,18,0,18,0
2020-05-30,Lassen,35,31185,7,4,2,6,0
2020-05-30,Los Angeles,37,10098052,61838,53627,22,53649,2319
2020-05-30,Madera,39,155013,250,101,0,101,2
2020-05-30,Marin,41,260295,533,462,2,464,14
2020-05-30,Mariposa,43,17540,16,16,0,16,1
2020-05-30,Mendocino,45,87422,32,24,0,24,0
2020-05-30,Merced,47,269075,393,285,0,285,6
2020-05-30,Modoc,49,8938,0,0,0,0,0
2020-05-30,Mono,51,14174,39,34,0,34,1
2020-05-30,Monterey,53,433212,695,520,1,521,10
2020-05-30,Napa,55,140530,143,113,0,113,3
2020-05-30,Nevada,57,99092,50,41,1,42,1
2020-05-30,Orange,59,3164182,9055,6354,42,6396,134
2020-05-30,Placer,61,380077,279,199,1,200,9
2020-05-30,Plumas,63,18699,4,4,0,4,0
2020-05-30,Riverside,65,2383286,9595,7492,7,7499,316
2020-05-30,Sacramento,67,1510023,1519,1384,2,1386,57
2020-05-30,San Benito,69,59416,95,85,0,85,2
2020-05-30,San Bernardino,71,2135413,6330,5122,2,5124,198
2020-05-30,San Diego,73,3302833,8540,7387,0,7387,269
2020-05-30,San Francisco,75,870044,2685,2496,0,2496,41
2020-05-30,San Joaquin,77,732212,1148,888,4,892,34
2020-05-30,San Luis Obispo,79,281455,324,270,2,272,1
2020-05-30,San Mateo,81,765935,2387,2129,3,2132,71
2020-05-30,Santa Barbara,83,443738,2065,1660,5,1665,9
2020-05-30,Santa Clara,85,1922200,3228,2741,4,2745,141
2020-05-30,Santa Cruz,87,273765,230,206,0,206,2
2020-05-30,Shasta,89,179085,57,36,0,36,4
2020-05-30,Sierra,91,2930,1,1,0,1,0
2020-05-30,Siskiyou,93,43540,10,7,0,7,0
2020-05-30,Solano,95,438530,627,512,1,513,6
2020-05-30,Sonoma,97,501317,631,551,1,552,4
2020-05-30,Stanislaus,99,539301,895,712,5,717,27
2020-05-30,Sutter,101,95872,46,40,0,40,2
2020-05-30,Tehama,103,63373,10,4,1,5,1
2020-05-30,Trinity,105,12862,1,1,1,2,0
2020-05-30,Tulare,107,460477,2466,1879,3,1882,81
2020-05-30,Tuolumne,109,53932,5,4,1,5,0
2020-05-30,Ventura,111,848112,1525,1116,4,1120,30
2020-05-30,Yolo,113,214977,230,210,0,210,24
2020-05-30,Yuba,115,75493,30,25,0,25,1
2020-05-29,Alameda,1,1643700,3787,3209,3,3212,96
2020-05-29,Alpine,3,1148,2,1,0,1,0
2020-05-29,Amador,5,37829,10,10,0,10,0
2020-05-29,Butte,7,227075,72,41,2,43,0
2020-05-29,Calaveras,9,45235,17,15,0,15,0
2020-05-29,Colusa,11,21464,8,5,0,5,0
2020-05-29,Contra Costa,13,1133247,1674,1411,0,1411,37
2020-05-29,Del Norte,15,27424,45,37,0,37,0
2020-05-29,El Dorado,17,186661,111,85,0,85,0
2020-05-29,Fresno,19,978130,3130,1687,36,1723,31
2020-05-29,Glenn,21,27897,19,14,0,14,0
2020-05-29,Humboldt,23,135768,111,98,0,98,2
2020-05-29,Imperial,25,180216,3610,1607,6,1613,14
2020-05-29,Inyo,27,18085,20,20,0,20,1
2020-05-29,Kern,29,883053,2766,2128,6,2134,36
2020-05-29,Kings,31,150075,1215,693,3,696,3
2020-05-29,Lake,33,64148,30,17,0,17,0
2020-05-29,Lassen,35,31185,7,0,2,2,0
2020-05-29,Los Angeles,37,10098052,60882,51578,22,51600,2273
2020-05-29,Madera,39,155013,235,98,0,98,2
2020-05-29,Marin,41,260295,525,448,2,450,14
2020-05-29,Mariposa,43,17540,16,16,0,16,1
2020-05-29,Mendocino,45,87422,30,25,0,25,0
2020-05-29,Merced,47,269075,388,285,0,285,7
2020-05-29,Modoc,49,8938,0,0,0,0,0
2020-05-29,Mono,51,14174,38,34,0,34,1
2020-05-29,Monterey,53,433212,665,479,1,480,10
2020-05-29,Napa,55,140530,140,113,0,113,3
2020-05-29,Nevada,57,99092,50,41,1,42,1
2020-05-29,Orange,59,3164182,8860,6176,40,6216,133
2020-05-29,Placer,61,380077,261,199,1,200,9
2020-05-29,Plumas,63,18699,4,4,0,4,0
2020-05-29,Riverside,65,2383286,9409,7376,7,7383,313
2020-05-29,Sacramento,67,1510023,1496,1360,2,1362,57
2020-05-29,San Benito,69,59416,95,84,0,84,2
2020-05-29,San Bernardino,71,2135413,6223,4983,2,4985,196
2020-05-29,San Diego,73,3302833,8417,7242,0,7242,266
2020-05-29,San Francisco,75,870044,2661,2453,0,2453,41
2020-05-29,San Joaquin,77,732212,1111,855,4,859,34
2020-05-29,San Luis Obispo,79,281455,320,270,2,272,1
2020-05-29,San Mateo,81,765935,2371,2103,3,2106,71
2020-05-29,Santa Barbara,83,443738,2034,1656,5,1661,9
2020-05-29,Santa Clara,85,1922200,3200,2707,4,2711,141
2020-05-29,Santa Cruz,87,273765,227,203,0,203,2
2020-05-29,Shasta,89,179085,57,36,0,36,4
2020-05-29,Sierra,91,2930,1,1,0,1,0
2020-05-29,Siskiyou,93,43540,10,7,0,7,0
2020-05-29,Solano,95,438530,619,498,1,499,6
2020-05-29,Sonoma,97,501317,620,537,1,538,4
2020-05-29,Stanislaus,99,539301,865,698,5,703,27
2020-05-29,Sutter,101,95872,44,40,0,40,2
2020-05-29,Tehama,103,63373,9,4,1,5,1
2020-05-29,Trinity,105,12862,1,1,1,2,0
2020-05-29,Tulare,107,460477,2428,1852,3,1855,80
2020-05-29,Tuolumne,109,53932,5,4,1,5,0
2020-05-29,Ventura,111,848112,1502,1093,4,1097,29
2020-05-29,Yolo,113,214977,226,211,0,211,24
2020-05-29,Yuba,115,75493,29,25,0,25,1
2020-05-28,Alameda,1,1643700,3688,3083,3,3086,94
2020-05-28,Alpine,3,1148,2,1,0,1,0
2020-05-28,Amador,5,37829,10,10,0,10,0
2020-05-28,Butte,7,227075,71,40,2,42,0
2020-05-28,Calaveras,9,45235,16,15,0,15,0
2020-05-28,Colusa,11,21464,8,5,0,5,0
2020-05-28,Contra Costa,13,1133247,1635,1392,0,1392,37
2020-05-28,Del Norte,15,27424,45,37,0,37,0
2020-05-28,El Dorado,17,186661,108,82,0,82,0
2020-05-28,Fresno,19,978130,3050,1653,35,1688,31
2020-05-28,Glenn,21,27897,18,14,0,14,0
2020-05-28,Humboldt,23,135768,110,97,0,97,2
2020-05-28,Imperial,25,180216,3415,1430,6,1436,14
2020-05-28,Inyo,27,18085,20,20,0,20,1
2020-05-28,Kern,29,883053,2690,2069,6,2075,36
2020-05-28,Kings,31,150075,878,626,3,629,3
2020-05-28,Lake,33,64148,29,17,0,17,0
2020-05-28,Lassen,35,31185,7,0,2,2,0
2020-05-28,Los Angeles,37,10098052,59304,49861,22,49883,2222
2020-05-28,Madera,39,155013,217,93,0,93,2
2020-05-28,Marin,41,260295,500,443,2,445,14
2020-05-28,Mariposa,43,17540,16,16,0,16,1
2020-05-28,Mendocino,45,87422,28,24,0,24,0
2020-05-28,Merced,47,269075,379,283,0,283,7
2020-05-28,Modoc,49,8938,0,0,0,0,0
2020-05-28,Mono,51,14174,38,34,0,34,1
2020-05-28,Monterey,53,433212,633,471,1,472,10
2020-05-28,Napa,55,140530,137,113,0,113,3
2020-05-28,Nevada,57,99092,45,41,1,42,1
2020-05-28,Orange,59,3164182,8664,6045,40,6085,130
2020-05-28,Placer,61,380077,254,196,1,197,9
2020-05-28,Plumas,63,18699,4,4,0,4,0
2020-05-28,Riverside,65,2383286,9007,7240,7,7247,304
2020-05-28,Sacramento,67,1510023,1476,1339,2,1341,57
2020-05-28,San Benito,69,59416,94,82,0,82,2
2020-05-28,San Bernardino,71,2135413,6058,4831,2,4833,191
2020-05-28,San Diego,73,3302833,8260,7102,0,7102,260
2020-05-28,San Francisco,75,870044,2627,2417,0,2417,40
2020-05-28,San Joaquin,77,732212,1076,840,4,844,34
2020-05-28,San Luis Obispo,79,281455,317,267,2,269,1
2020-05-28,San Mateo,81,765935,2344,2070,3,2073,71
2020-05-28,Santa Barbara,83,443738,1988,1642,4,1646,9
2020-05-28,Santa Clara,85,1922200,3161,2698,4,2702,140
2020-05-28,Santa Cruz,87,273765,226,201,0,201,2
2020-05-28,Shasta,89,179085,55,36,0,36,4
2020-05-28,Sierra,91,2930,1,1,0,1,0
2020-05-28,Siskiyou,93,43540,8,6,0,6,0
2020-05-28,Solano,95,438530,602,489,1,490,6
2020-05-28,Sonoma,97,501317,598,529,1,530,4
2020-05-28,Stanislaus,99,539301,824,684,5,689,27
2020-05-28,Sutter,101,95872,44,40,0,40,2
2020-05-28,Tehama,103,63373,9,4,1,5,1
2020-05-28,Trinity,105,12862,1,1,1,2,0
2020-05-28,Tulare,107,460477,2392,1832,3,1835,79
2020-05-28,Tuolumne,109,53932,5,4,1,5,0
2020-05-28,Ventura,111,848112,1472,1083,4,1087,29
2020-05-28,Yolo,113,214977,223,206,0,206,22
2020-05-28,Yuba,115,75493,28,24,0,24,1
2020-05-27,Alameda,1,1643700,3606,3037,3,3040,94
2020-05-27,Alpine,3,1148,2,1,0,1,0
2020-05-27,Amador,5,37829,10,10,0,10,0
2020-05-27,Butte,7,227075,68,40,1,41,0
2020-05-27,Calaveras,9,45235,15,15,0,15,0
2020-05-27,Colusa,11,21464,8,5,0,5,0
2020-05-27,Contra Costa,13,1133247,1595,1373,0,1373,37
2020-05-27,Del Norte,15,27424,45,34,0,34,0
2020-05-27,El Dorado,17,186661,107,82,0,82,0
2020-05-27,Fresno,19,978130,2963,1620,35,1655,27
2020-05-27,Glenn,21,27897,18,14,0,14,0
2020-05-27,Humboldt,23,135768,110,86,0,86,2
2020-05-27,Imperial,25,180216,3235,1369,6,1375,14
2020-05-27,Inyo,27,18085,20,20,0,20,1
2020-05-27,Kern,29,883053,2625,1999,6,2005,37
2020-05-27,Kings,31,150075,851,586,3,589,3
2020-05-27,Lake,33,64148,29,13,0,13,0
2020-05-27,Lassen,35,31185,7,0,2,2,0
2020-05-27,Los Angeles,37,10098052,57926,48711,22,48733,2177
2020-05-27,Madera,39,155013,208,91,0,91,2
2020-05-27,Marin,41,260295,471,439,2,441,14
2020-05-27,Mariposa,43,17540,16,16,0,16,1
2020-05-27,Mendocino,45,87422,27,21,0,21,0
2020-05-27,Merced,47,269075,375,278,0,278,7
2020-05-27,Modoc,49,8938,0,0,0,0,0
2020-05-27,Mono,51,14174,38,34,0,34,1
2020-05-27,Monterey,53,433212,593,443,1,444,8
2020-05-27,Napa,55,140530,132,112,0,112,3
2020-05-27,Nevada,57,99092,44,41,1,42,1
2020-05-27,Orange,59,3164182,8508,5849,40,5889,121
2020-05-27,Placer,61,380077,235,196,1,197,9
2020-05-27,Plumas,63,18699,4,4,0,4,0
2020-05-27,Riverside,65,2383286,8628,7156,7,7163,299
2020-05-27,Sacramento,67,1510023,1448,1318,2,1320,50
2020-05-27,San Benito,69,59416,91,74,0,74,2
2020-05-27,San Bernardino,71,2135413,5874,4708,2,4710,183
2020-05-27,San Diego,73,3302833,8110,6985,0,6985,255
2020-05-27,San Francisco,75,870044,2598,2394,0,2394,40
2020-05-27,San Joaquin,77,732212,1035,825,4,829,34
2020-05-27,San Luis Obispo,79,281455,312,266,2,268,1
2020-05-27,San Mateo,81,765935,2304,2045,3,2048,71
2020-05-27,Santa Barbara,83,443738,1969,1629,4,1633,9
2020-05-27,Santa Clara,85,1922200,3129,2680,4,2684,140
2020-05-27,Santa Cruz,87,273765,222,202,0,202,2
2020-05-27,Shasta,89,179085,52,36,0,36,4
2020-05-27,Sierra,91,2930,1,1,0,1,0
2020-05-27,Siskiyou,93,43540,8,6,0,6,0
2020-05-27,Solano,95,438530,582,477,1,478,5
2020-05-27,Sonoma,97,501317,584,521,1,522,4
2020-05-27,Stanislaus,99,539301,799,675,5,680,27
2020-05-27,Sutter,101,95872,43,40,0,40,2
2020-05-27,Tehama,103,63373,9,3,1,4,1
2020-05-27,Trinity,105,12862,1,1,1,2,0
2020-05-27,Tulare,107,460477,2340,1817,3,1820,77
2020-05-27,Tuolumne,109,53932,5,4,1,5,0
2020-05-27,Ventura,111,848112,1450,1065,4,1069,28
2020-05-27,Yolo,113,214977,222,204,0,204,22
2020-05-27,Yuba,115,75493,28,24,0,24,1
2020-05-26,Alameda,1,1643700,3513,2956,3,2959,92
2020-05-26,Alpine,3,1148,2,1,0,1,0
2020-05-26,Amador,5,37829,10,10,0,10,0
2020-05-26,Butte,7,227075,66,37,1,38,0
2020-05-26,Calaveras,9,45235,15,13,0,13,0
2020-05-26,Colusa,11,21464,8,4,0,4,0
2020-05-26,Contra Costa,13,1133247,1560,1352,0,1352,37
2020-05-26,Del Norte,15,27424,44,30,0,30,0
2020-05-26,El Dorado,17,186661,103,79,0,79,0
2020-05-26,Fresno,19,978130,2878,1496,35,1531,22
2020-05-26,Glenn,21,27897,16,12,0,12,0
2020-05-26,Humboldt,23,135768,108,81,0,81,2
2020-05-26,Imperial,25,180216,3019,1369,6,1375,14
2020-05-26,Inyo,27,18085,20,20,0,20,1
2020-05-26,Kern,29,883053,2547,1890,6,1896,31
2020-05-26,Kings,31,150075,783,449,2,451,2
2020-05-26,Lake,33,64148,27,12,0,12,0
2020-05-26,Lassen,35,31185,6,0,2,2,0
2020-05-26,Los Angeles,37,10098052,56459,47760,22,47782,2121
2020-05-26,Madera,39,155013,193,83,0,83,2
2020-05-26,Marin,41,260295,459,424,2,426,14
2020-05-26,Mariposa,43,17540,16,16,0,16,1
2020-05-26,Mendocino,45,87422,25,20,0,20,0
2020-05-26,Merced,47,269075,361,266,0,266,7
2020-05-26,Modoc,49,8938,0,1,0,1,0
2020-05-26,Mono,51,14174,37,34,0,34,1
2020-05-26,Monterey,53,433212,565,424,0,424,8
2020-05-26,Napa,55,140530,127,109,0,109,3
2020-05-26,Nevada,57,99092,43,41,1,42,1
2020-05-26,Orange,59,3164182,8240,5651,39,5690,115
2020-05-26,Placer,61,380077,230,188,1,189,9
2020-05-26,Plumas,63,18699,4,4,0,4,0
2020-05-26,Riverside,65,2383286,8181,6917,7,6924,284
2020-05-26,Sacramento,67,1510023,1422,1298,2,1300,50
2020-05-26,San Benito,69,59416,86,69,0,69,2
2020-05-26,San Bernardino,71,2135413,5706,4430,2,4432,175
2020-05-26,San Diego,73,3302833,7967,6884,0,6884,249
2020-05-26,San Francisco,75,870044,2565,2363,0,2363,40
2020-05-26,San Joaquin,77,732212,988,760,4,764,33
2020-05-26,San Luis Obispo,79,281455,310,260,2,262,1
2020-05-26,San Mateo,81,765935,2266,1967,2,1969,71
2020-05-26,Santa Barbara,83,443738,1945,1590,4,1594,9
2020-05-26,Santa Clara,85,1922200,3096,2659,4,2663,139
2020-05-26,Santa Cruz,87,273765,220,197,0,197,2
2020-05-26,Shasta,89,179085,52,36,0,36,4
2020-05-26,Sierra,91,2930,1,1,0,1,0
2020-05-26,Siskiyou,93,43540,7,6,0,6,0
2020-05-26,Solano,95,438530,564,470,1,471,5
2020-05-26,Sonoma,97,501317,576,509,0,509,4
2020-05-26,Stanislaus,99,539301,778,663,5,668,27
2020-05-26,Sutter,101,95872,42,39,0,39,2
2020-05-26,Tehama,103,63373,8,2,1,3,1
2020-05-26,Trinity,105,12862,1,1,1,2,0
2020-05-26,Tulare,107,460477,2284,1768,3,1771,76
2020-05-26,Tuolumne,109,53932,5,2,1,3,0
2020-05-26,Ventura,111,848112,1416,1033,2,1035,27
2020-05-26,Yolo,113,214977,216,198,0,198,22
2020-05-26,Yuba,115,75493,27,24,0,24,1
2020-05-25,Alameda,1,1643700,3420,2900,2,2902,92
2020-05-25,Alpine,3,1148,2,1,0,1,0
2020-05-25,Amador,5,37829,10,10,0,10,0
2020-05-25,Butte,7,227075,63,37,1,38,0
2020-05-25,Calaveras,9,45235,15,13,0,13,0
2020-05-25,Colusa,11,21464,7,4,0,4,0
2020-05-25,Contra Costa,13,1133247,1528,1348,0,1348,37
2020-05-25,Del Norte,15,27424,44,20,0,20,0
2020-05-25,El Dorado,17,186661,95,78,0,78,0
2020-05-25,Fresno,19,978130,2776,1496,32,1528,22
2020-05-25,Glenn,21,27897,16,12,0,12,0
2020-05-25,Humboldt,23,135768,107,81,0,81,2
2020-05-25,Imperial,25,180216,2808,1369,6,1375,14
2020-05-25,Inyo,27,18085,19,20,0,20,1
2020-05-25,Kern,29,883053,2476,1890,6,1896,31
2020-05-25,Kings,31,150075,754,447,2,449,2
2020-05-25,Lake,33,64148,25,13,0,13,0
2020-05-25,Lassen,35,31185,6,0,2,2,0
2020-05-25,Los Angeles,37,10098052,54644,45952,22,45974,2094
2020-05-25,Madera,39,155013,181,83,0,83,2
2020-05-25,Marin,41,260295,441,415,2,417,14
2020-05-25,Mariposa,43,17540,16,15,0,15,1
2020-05-25,Mendocino,45,87422,22,19,0,19,0
2020-05-25,Merced,47,269075,354,262,0,262,6
2020-05-25,Modoc,49,8938,0,1,0,1,0
2020-05-25,Mono,51,14174,37,34,0,34,1
2020-05-25,Monterey,53,433212,535,418,0,418,8
2020-05-25,Napa,55,140530,127,107,0,107,3
2020-05-25,Nevada,57,99092,43,41,1,42,1
2020-05-25,Orange,59,3164182,8018,5601,38,5639,115
2020-05-25,Placer,61,380077,227,186,1,187,9
2020-05-25,Plumas,63,18699,4,4,0,4,0
2020-05-25,Riverside,65,2383286,7950,6900,7,6907,284
2020-05-25,Sacramento,67,1510023,1402,1290,1,1291,50
2020-05-25,San Benito,69,59416,85,70,0,70,2
2020-05-25,San Bernardino,71,2135413,5516,4393,2,4395,175
2020-05-25,San Diego,73,3302833,7791,6799,0,6799,249
2020-05-25,San Francisco,75,870044,2528,2358,0,2358,40
2020-05-25,San Joaquin,77,732212,962,760,4,764,33
2020-05-25,San Luis Obispo,79,281455,308,260,2,262,1
2020-05-25,San Mateo,81,765935,2230,1938,2,1940,71
2020-05-25,Santa Barbara,83,443738,1928,1590,4,1594,9
2020-05-25,Santa Clara,85,1922200,3064,2647,4,2651,139
2020-05-25,Santa Cruz,87,273765,218,191,0,191,2
2020-05-25,Shasta,89,179085,51,36,0,36,4
2020-05-25,Sierra,91,2930,1,1,0,1,0
2020-05-25,Siskiyou,93,43540,7,6,0,6,0
2020-05-25,Solano,95,438530,550,437,1,438,5
2020-05-25,Sonoma,97,501317,564,496,0,496,4
2020-05-25,Stanislaus,99,539301,748,651,5,656,27
2020-05-25,Sutter,101,95872,42,38,0,38,2
2020-05-25,Tehama,103,63373,7,2,1,3,1
2020-05-25,Trinity,105,12862,1,1,1,2,0
2020-05-25,Tulare,107,460477,2221,1747,3,1750,76
2020-05-25,Tuolumne,109,53932,5,2,1,3,0
2020-05-25,Ventura,111,848112,1377,1020,2,1022,27
2020-05-25,Yolo,113,214977,214,197,0,197,22
2020-05-25,Yuba,115,75493,26,24,0,24,1
2020-05-24,Alameda,1,1643700,3347,2830,2,2832,92
2020-05-24,Alpine,3,1148,2,1,0,1,0
2020-05-24,Amador,5,37829,10,9,0,9,0
2020-05-24,Butte,7,227075,61,35,1,36,0
2020-05-24,Calaveras,9,45235,15,13,0,13,0
2020-05-24,Colusa,11,21464,7,4,0,4,0
2020-05-24,Contra Costa,13,1133247,1500,1325,0,1325,37
2020-05-24,Del Norte,15,27424,43,16,0,16,0
2020-05-24,El Dorado,17,186661,94,76,0,76,0
2020-05-24,Fresno,19,978130,2710,1455,30,1485,22
2020-05-24,Glenn,21,27897,15,12,0,12,0
2020-05-24,Humboldt,23,135768,107,81,0,81,2
2020-05-24,Imperial,25,180216,2682,1369,6,1375,14
2020-05-24,Inyo,27,18085,19,20,0,20,1
2020-05-24,Kern,29,883053,2403,1861,5,1866,31
2020-05-24,Kings,31,150075,743,446,2,448,2
2020-05-24,Lake,33,64148,24,12,0,12,0
2020-05-24,Lassen,35,31185,5,0,2,2,0
2020-05-24,Los Angeles,37,10098052,53630,44954,22,44976,2085
2020-05-24,Madera,39,155013,176,83,0,83,2
2020-05-24,Marin,41,260295,439,401,2,403,14
2020-05-24,Mariposa,43,17540,16,15,0,15,1
2020-05-24,Mendocino,45,87422,21,19,0,19,0
2020-05-24,Merced,47,269075,353,258,0,258,6
2020-05-24,Modoc,49,8938,0,0,0,0,0
2020-05-24,Mono,51,14174,37,34,0,34,1
2020-05-24,Monterey,53,433212,507,405,0,405,8
2020-05-24,Napa,55,140530,125,104,0,104,3
2020-05-24,Nevada,57,99092,43,41,1,42,1
2020-05-24,Orange,59,3164182,7862,5439,37,5476,113
2020-05-24,Placer,61,380077,219,184,1,185,9
2020-05-24,Plumas,63,18699,4,4,0,4,0
2020-05-24,Riverside,65,2383286,7809,6571,7,6578,284
2020-05-24,Sacramento,67,1510023,1385,1283,1,1284,50
2020-05-24,San Benito,69,59416,84,67,0,67,2
2020-05-24,San Bernardino,71,2135413,5408,4262,2,4264,175
2020-05-24,San Diego,73,3302833,7648,6703,0,6703,249
2020-05-24,San Francisco,75,870044,2504,2318,0,2318,40
2020-05-24,San Joaquin,77,732212,943,760,4,764,33
2020-05-24,San Luis Obispo,79,281455,306,257,2,259,1
2020-05-24,San Mateo,81,765935,2195,1925,2,1927,71
2020-05-24,Santa Barbara,83,443738,1913,1573,4,1577,9
2020-05-24,Santa Clara,85,1922200,3045,2623,4,2627,139
2020-05-24,Santa Cruz,87,273765,215,185,0,185,2
2020-05-24,Shasta,89,179085,50,36,0,36,4
2020-05-24,Sierra,91,2930,1,1,0,1,0
2020-05-24,Siskiyou,93,43540,6,6,0,6,0
2020-05-24,Solano,95,438530,542,436,0,436,5
2020-05-24,Sonoma,97,501317,553,485,0,485,4
2020-05-24,Stanislaus,99,539301,728,634,5,639,27
2020-05-24,Sutter,101,95872,42,38,0,38,2
2020-05-24,Tehama,103,63373,5,2,1,3,1
2020-05-24,Trinity,105,12862,1,1,1,2,0
2020-05-24,Tulare,107,460477,2175,1684,3,1687,74
2020-05-24,Tuolumne,109,53932,5,2,0,2,0
2020-05-24,Ventura,111,848112,1365,982,2,984,27
2020-05-24,Yolo,113,214977,212,192,0,192,22
2020-05-24,Yuba,115,75493,26,24,0,24,1
2020-05-23,Alameda,1,1643700,3306,2783,2,2785,91
2020-05-23,Alpine,3,1148,2,1,0,1,0
2020-05-23,Amador,5,37829,10,9,0,9,0
2020-05-23,Butte,7,227075,60,34,1,35,0
2020-05-23,Calaveras,9,45235,15,13,0,13,0
2020-05-23,Colusa,11,21464,7,4,0,4,0
2020-05-23,Contra Costa,13,1133247,1489,1302,0,1302,36
2020-05-23,Del Norte,15,27424,43,10,0,10,0
2020-05-23,El Dorado,17,186661,94,74,0,74,0
2020-05-23,Fresno,19,978130,2690,1447,30,1477,21
2020-05-23,Glenn,21,27897,15,12,0,12,0
2020-05-23,Humboldt,23,135768,105,80,0,80,2
2020-05-23,Imperial,25,180216,2594,1283,6,1289,14
2020-05-23,Inyo,27,18085,19,20,0,20,1
2020-05-23,Kern,29,883053,2360,1806,5,1811,31
2020-05-23,Kings,31,150075,739,444,2,446,2
2020-05-23,Lake,33,64148,23,10,0,10,0
2020-05-23,Lassen,35,31185,5,0,2,2,0
2020-05-23,Los Angeles,37,10098052,53089,44029,22,44051,2069
2020-05-23,Madera,39,155013,172,83,0,83,2
2020-05-23,Marin,41,260295,439,393,1,394,14
2020-05-23,Mariposa,43,17540,16,15,0,15,1
2020-05-23,Mendocino,45,87422,21,13,0,13,0
2020-05-23,Merced,47,269075,350,247,0,247,6
2020-05-23,Modoc,49,8938,0,0,0,0,0
2020-05-23,Mono,51,14174,36,34,0,34,1
2020-05-23,Monterey,53,433212,493,397,0,397,8
2020-05-23,Napa,55,140530,121,101,0,101,3
2020-05-23,Nevada,57,99092,43,41,1,42,1
2020-05-23,Orange,59,3164182,7705,5313,36,5349,113
2020-05-23,Placer,61,380077,213,184,1,185,9
2020-05-23,Plumas,63,18699,4,4,0,4,0
2020-05-23,Riverside,65,2383286,7718,6460,7,6467,284
2020-05-23,Sacramento,67,1510023,1369,1275,1,1276,50
2020-05-23,San Benito,69,59416,79,67,0,67,2
2020-05-23,San Bernardino,71,2135413,5315,4172,2,4174,175
2020-05-23,San Diego,73,3302833,7557,6561,0,6561,249
2020-05-23,San Francisco,75,870044,2485,2312,0,2312,40
2020-05-23,San Joaquin,77,732212,928,759,4,763,33
2020-05-23,San Luis Obispo,79,281455,303,256,2,258,1
2020-05-23,San Mateo,81,765935,2167,1862,2,1864,71
2020-05-23,Santa Barbara,83,443738,1902,1566,4,1570,9
2020-05-23,Santa Clara,85,1922200,3032,2593,4,2597,139
2020-05-23,Santa Cruz,87,273765,213,177,0,177,2
2020-05-23,Shasta,89,179085,50,35,0,35,4
2020-05-23,Sierra,91,2930,1,1,0,1,0
2020-05-23,Siskiyou,93,43540,6,6,0,6,0
2020-05-23,Solano,95,438530,537,435,0,435,5
2020-05-23,Sonoma,97,501317,539,462,0,462,4
2020-05-23,Stanislaus,99,539301,720,625,5,630,27
2020-05-23,Sutter,101,95872,41,38,0,38,2
2020-05-23,Tehama,103,63373,5,2,1,3,1
2020-05-23,Trinity,105,12862,1,1,1,2,0
2020-05-23,Tulare,107,460477,2154,1682,3,1685,73
2020-05-23,Tuolumne,109,53932,5,2,0,2,0
2020-05-23,Ventura,111,848112,1345,961,2,963,27
2020-05-23,Yolo,113,214977,211,188,0,188,22
2020-05-23,Yuba,115,75493,26,24,0,24,1
2020-05-22,Alameda,1,1643700,3252,2722,2,2724,91
2020-05-22,Alpine,3,1148,2,1,0,1,0
2020-05-22,Amador,5,37829,10,9,0,9,0
2020-05-22,Butte,7,227075,58,34,1,35,0
2020-05-22,Calaveras,9,45235,15,13,0,13,0
2020-05-22,Colusa,11,21464,7,4,0,4,0
2020-05-22,Contra Costa,13,1133247,1477,1272,0,1272,36
2020-05-22,Del Norte,15,27424,41,9,0,9,0
2020-05-22,El Dorado,17,186661,91,74,0,74,0
2020-05-22,Fresno,19,978130,2632,1399,29,1428,20
2020-05-22,Glenn,21,27897,15,12,0,12,0
2020-05-22,Humboldt,23,135768,105,80,0,80,2
2020-05-22,Imperial,25,180216,2494,1214,6,1220,14
2020-05-22,Inyo,27,18085,19,20,0,20,1
2020-05-22,Kern,29,883053,2312,1749,5,1754,28
2020-05-22,Kings,31,150075,736,428,2,430,2
2020-05-22,Lake,33,64148,22,10,0,10,0
2020-05-22,Lassen,35,31185,3,0,2,2,0
2020-05-22,Los Angeles,37,10098052,52296,43025,22,43047,2027
2020-05-22,Madera,39,155013,168,82,0,82,2
2020-05-22,Marin,41,260295,435,372,1,373,14
2020-05-22,Mariposa,43,17540,16,15,0,15,1
2020-05-22,Mendocino,45,87422,20,13,0,13,0
2020-05-22,Merced,47,269075,350,233,0,233,6
2020-05-22,Modoc,49,8938,0,0,0,0,0
2020-05-22,Mono,51,14174,36,34,0,34,1
2020-05-22,Monterey,53,433212,482,372,0,372,8
2020-05-22,Napa,55,140530,119,97,0,97,3
2020-05-22,Nevada,57,99092,42,41,1,42,1
2020-05-22,Orange,59,3164182,7511,5144,34,5178,113
2020-05-22,Placer,61,380077,213,181,1,182,9
2020-05-22,Plumas,63,18699,4,4,0,4,0
2020-05-22,Riverside,65,2383286,7603,6351,7,6358,283
2020-05-22,Sacramento,67,1510023,1353,1262,1,1263,50
2020-05-22,San Benito,69,59416,78,64,0,64,2
2020-05-22,San Bernardino,71,2135413,5240,4107,2,4109,173
2020-05-22,San Diego,73,3302833,7471,6436,0,6436,242
2020-05-22,San Francisco,75,870044,2467,2251,0,2251,40
2020-05-22,San Joaquin,77,732212,915,747,4,751,33
2020-05-22,San Luis Obispo,79,281455,303,254,2,256,1
2020-05-22,San Mateo,81,765935,2148,1847,2,1849,71
2020-05-22,Santa Barbara,83,443738,1886,1554,4,1558,9
2020-05-22,Santa Clara,85,1922200,3014,2537,4,2541,139
2020-05-22,Santa Cruz,87,273765,210,171,0,171,2
2020-05-22,Shasta,89,179085,50,34,0,34,4
2020-05-22,Sierra,91,2930,1,0,0,0,0
2020-05-22,Siskiyou,93,43540,6,6,0,6,0
2020-05-22,Solano,95,438530,534,431,0,431,4
2020-05-22,Sonoma,97,501317,535,444,0,444,4
2020-05-22,Stanislaus,99,539301,710,616,5,621,27
2020-05-22,Sutter,101,95872,41,38,0,38,2
2020-05-22,Tehama,103,63373,5,2,0,2,1
2020-05-22,Trinity,105,12862,1,1,1,2,0
2020-05-22,Tulare,107,460477,2124,1662,3,1665,73
2020-05-22,Tuolumne,109,53932,5,2,0,2,0
2020-05-22,Ventura,111,848112,1327,937,2,939,27
2020-05-22,Yolo,113,214977,209,187,0,187,22
2020-05-22,Yuba,115,75493,26,24,0,24,1
2020-05-21,Alameda,1,1643700,3187,2606,2,2608,89
2020-05-21,Alpine,3,1148,2,1,0,1,0
2020-05-21,Amador,5,37829,10,9,0,9,0
2020-05-21,Butte,7,227075,57,31,1,32,0
2020-05-21,Calaveras,9,45235,14,13,0,13,0
2020-05-21,Colusa,11,21464,7,4,0,4,0
2020-05-21,Contra Costa,13,1133247,1441,1243,0,1243,36
2020-05-21,Del Norte,15,27424,38,9,0,9,0
2020-05-21,El Dorado,17,186661,90,67,0,67,0
2020-05-21,Fresno,19,978130,2542,1362,29,1391,20
2020-05-21,Glenn,21,27897,14,12,0,12,0
2020-05-21,Humboldt,23,135768,104,79,0,79,0
2020-05-21,Imperial,25,180216,2332,1096,6,1102,14
2020-05-21,Inyo,27,18085,19,20,0,20,1
2020-05-21,Kern,29,883053,2236,1684,4,1688,27
2020-05-21,Kings,31,150075,715,417,2,419,2
2020-05-21,Lake,33,64148,17,10,0,10,0
2020-05-21,Lassen,35,31185,3,0,2,2,0
2020-05-21,Los Angeles,37,10098052,51257,42063,22,42085,1996
2020-05-21,Madera,39,155013,165,82,0,82,2
2020-05-21,Marin,41,260295,424,359,1,360,14
2020-05-21,Mariposa,43,17540,16,15,0,15,1
2020-05-21,Mendocino,45,87422,20,12,0,12,0
2020-05-21,Merced,47,269075,339,226,0,226,6
2020-05-21,Modoc,49,8938,0,0,0,0,0
2020-05-21,Mono,51,14174,36,33,0,33,1
2020-05-21,Monterey,53,433212,471,363,0,363,8
2020-05-21,Napa,55,140530,117,96,0,96,3
2020-05-21,Nevada,57,99092,42,41,1,42,1
2020-05-21,Orange,59,3164182,7310,4975,34,5009,106
2020-05-21,Placer,61,380077,206,176,1,177,8
2020-05-21,Plumas,63,18699,4,4,0,4,0
2020-05-21,Riverside,65,2383286,7416,6245,7,6252,279
2020-05-21,Sacramento,67,1510023,1340,1258,1,1259,56
2020-05-21,San Benito,69,59416,75,61,0,61,2
2020-05-21,San Bernardino,71,2135413,5094,3950,2,3952,167
2020-05-21,San Diego,73,3302833,7335,6317,0,6317,241
2020-05-21,San Francisco,75,870044,2443,2248,0,2248,37
2020-05-21,San Joaquin,77,732212,879,730,4,734,33
2020-05-21,San Luis Obispo,79,281455,303,251,1,252,1
2020-05-21,San Mateo,81,765935,2111,1791,2,1793,74
2020-05-21,Santa Barbara,83,443738,1866,1541,4,1545,10
2020-05-21,Santa Clara,85,1922200,2994,2520,4,2524,138
2020-05-21,Santa Cruz,87,273765,202,164,0,164,3
2020-05-21,Shasta,89,179085,48,34,0,34,4
2020-05-21,Sierra,91,2930,1,0,0,0,0
2020-05-21,Siskiyou,93,43540,6,6,0,6,0
2020-05-21,Solano,95,438530,525,424,0,424,4
2020-05-21,Sonoma,97,501317,517,427,0,427,4
2020-05-21,Stanislaus,99,539301,699,602,5,607,27
2020-05-21,Sutter,101,95872,40,38,0,38,2
2020-05-21,Tehama,103,63373,4,2,0,2,1
2020-05-21,Trinity,105,12862,1,1,1,2,0
2020-05-21,Tulare,107,460477,2074,1606,3,1609,73
2020-05-21,Tuolumne,109,53932,3,2,0,2,0
2020-05-21,Ventura,111,848112,1280,907,2,909,30
2020-05-21,Yolo,113,214977,206,185,0,185,22
2020-05-21,Yuba,115,75493,26,24,0,24,1
2020-05-20,Alameda,1,1643700,3114,2554,2,2556,89
2020-05-20,Alpine,3,1148,2,1,0,1,0
2020-05-20,Amador,5,37829,10,9,0,9,0
2020-05-20,Butte,7,227075,54,30,1,31,0
2020-05-20,Calaveras,9,45235,14,13,0,13,0
2020-05-20,Colusa,11,21464,7,3,0,3,0
2020-05-20,Contra Costa,13,1133247,1411,1223,0,1223,33
2020-05-20,Del Norte,15,27424,31,9,0,9,0
2020-05-20,El Dorado,17,186661,89,67,0,67,0
2020-05-20,Fresno,19,978130,2470,1329,28,1357,17
2020-05-20,Glenn,21,27897,13,12,0,12,0
2020-05-20,Humboldt,23,135768,101,73,0,73,0
2020-05-20,Imperial,25,180216,2221,1047,6,1053,14
2020-05-20,Inyo,27,18085,19,20,0,20,1
2020-05-20,Kern,29,883053,2173,1639,3,1642,27
2020-05-20,Kings,31,150075,572,403,2,405,2
2020-05-20,Lake,33,64148,17,9,0,9,0
2020-05-20,Lassen,35,31185,2,0,2,2,0
2020-05-20,Los Angeles,37,10098052,50261,40932,22,40954,1955
2020-05-20,Madera,39,155013,163,82,0,82,2
2020-05-20,Marin,41,260295,397,348,1,349,14
2020-05-20,Mariposa,43,17540,16,15,0,15,1
2020-05-20,Mendocino,45,87422,20,12,0,12,0
2020-05-20,Merced,47,269075,332,225,0,225,6
2020-05-20,Modoc,49,8938,0,0,0,0,0
2020-05-20,Mono,51,14174,36,33,0,33,1
2020-05-20,Monterey,53,433212,457,356,0,356,8
2020-05-20,Napa,55,140530,110,93,0,93,3
2020-05-20,Nevada,57,99092,42,41,1,42,1
2020-05-20,Orange,59,3164182,7104,4866,33,4899,96
2020-05-20,Placer,61,380077,204,176,1,177,8
2020-05-20,Plumas,63,18699,4,4,0,4,0
2020-05-20,Riverside,65,2383286,7273,6090,7,6097,265
2020-05-20,Sacramento,67,1510023,1330,1244,1,1245,56
2020-05-20,San Benito,69,59416,74,61,0,61,2
2020-05-20,San Bernardino,71,2135413,4968,3771,2,3773,161
2020-05-20,San Diego,73,3302833,7218,6142,0,6142,230
2020-05-20,San Francisco,75,870044,2420,2199,0,2199,37
2020-05-20,San Joaquin,77,732212,843,713,4,717,33
2020-05-20,San Luis Obispo,79,281455,297,249,1,250,1
2020-05-20,San Mateo,81,765935,2058,1739,2,1741,74
2020-05-20,Santa Barbara,83,443738,1844,1524,4,1528,10
2020-05-20,Santa Clara,85,1922200,2974,2508,4,2512,138
2020-05-20,Santa Cruz,87,273765,199,163,0,163,3
2020-05-20,Shasta,89,179085,48,34,0,34,4
2020-05-20,Sierra,91,2930,1,0,0,0,0
2020-05-20,Siskiyou,93,43540,6,6,0,6,0
2020-05-20,Solano,95,438530,520,418,0,418,4
2020-05-20,Sonoma,97,501317,508,411,0,411,4
2020-05-20,Stanislaus,99,539301,683,584,4,588,25
2020-05-20,Sutter,101,95872,40,38,0,38,2
2020-05-20,Tehama,103,63373,4,2,0,2,1
2020-05-20,Trinity,105,12862,1,1,1,2,0
2020-05-20,Tulare,107,460477,2036,1585,3,1588,71
2020-05-20,Tuolumne,109,53932,3,2,0,2,0
2020-05-20,Ventura,111,848112,1248,879,2,881,29
2020-05-20,Yolo,113,214977,203,184,0,184,22
2020-05-20,Yuba,115,75493,26,23,0,23,1
2020-05-19,Alameda,1,1643700,3039,2493,0,2493,88
2020-05-19,Alpine,3,1148,2,1,0,1,0
2020-05-19,Amador,5,37829,10,9,0,9,0
2020-05-19,Butte,7,227075,52,25,1,26,0
2020-05-19,Calaveras,9,45235,14,13,0,13,0
2020-05-19,Colusa,11,21464,5,3,0,3,0
2020-05-19,Contra Costa,13,1133247,1388,1205,0,1205,33
2020-05-19,Del Norte,15,27424,28,8,0,8,0
2020-05-19,El Dorado,17,186661,86,67,0,67,0
2020-05-19,Fresno,19,978130,2365,1288,28,1316,15
2020-05-19,Glenn,21,27897,13,12,0,12,0
2020-05-19,Humboldt,23,135768,101,72,0,72,0
2020-05-19,Imperial,25,180216,2060,1012,6,1018,14
2020-05-19,Inyo,27,18085,19,20,0,20,1
2020-05-19,Kern,29,883053,2077,1601,3,1604,26
2020-05-19,Kings,31,150075,563,393,2,395,2
2020-05-19,Lake,33,64148,14,11,0,11,0
2020-05-19,Lassen,35,31185,2,0,2,2,0
2020-05-19,Los Angeles,37,10098052,49054,39670,22,39692,1906
2020-05-19,Madera,39,155013,160,80,0,80,2
2020-05-19,Marin,41,260295,373,340,1,341,14
2020-05-19,Mariposa,43,17540,16,15,0,15,1
2020-05-19,Mendocino,45,87422,20,12,0,12,0
2020-05-19,Merced,47,269075,324,222,0,222,5
2020-05-19,Modoc,49,8938,0,0,0,0,0
2020-05-19,Mono,51,14174,36,33,0,33,1
2020-05-19,Monterey,53,433212,445,350,0,350,8
2020-05-19,Napa,55,140530,109,93,0,93,3
2020-05-19,Nevada,57,99092,42,41,1,42,1
2020-05-19,Orange,59,3164182,6909,4746,33,4779,90
2020-05-19,Placer,61,380077,202,177,1,178,8
2020-05-19,Plumas,63,18699,4,5,0,5,0
2020-05-19,Riverside,65,2383286,7114,5963,7,5970,265
2020-05-19,Sacramento,67,1510023,1316,1239,1,1240,57
2020-05-19,San Benito,69,59416,72,59,0,59,2
2020-05-19,San Bernardino,71,2135413,4820,3656,2,3658,158
2020-05-19,San Diego,73,3302833,7074,6028,0,6028,222
2020-05-19,San Francisco,75,870044,2386,2186,0,2186,37
2020-05-19,San Joaquin,77,732212,821,705,4,709,33
2020-05-19,San Luis Obispo,79,281455,297,245,1,246,1
2020-05-19,San Mateo,81,765935,2017,1704,2,1706,71
2020-05-19,Santa Barbara,83,443738,1827,1521,4,1525,10
2020-05-19,Santa Clara,85,1922200,2927,2480,4,2484,138
2020-05-19,Santa Cruz,87,273765,188,161,0,161,3
2020-05-19,Shasta,89,179085,48,34,0,34,4
2020-05-19,Sierra,91,2930,0,0,0,0,0
2020-05-19,Siskiyou,93,43540,6,6,0,6,0
2020-05-19,Solano,95,438530,506,415,0,415,4
2020-05-19,Sonoma,97,501317,497,389,0,389,4
2020-05-19,Stanislaus,99,539301,669,582,4,586,25
2020-05-19,Sutter,101,95872,40,38,0,38,2
2020-05-19,Tehama,103,63373,4,2,0,2,1
2020-05-19,Trinity,105,12862,1,1,0,1,0
2020-05-19,Tulare,107,460477,1990,1551,3,1554,68
2020-05-19,Tuolumne,109,53932,3,2,0,2,0
2020-05-19,Ventura,111,848112,1211,861,2,863,28
2020-05-19,Yolo,113,214977,201,183,0,183,22
2020-05-19,Yuba,115,75493,26,23,0,23,1
2020-05-18,Alameda,1,1643700,2966,2442,0,2442,84
2020-05-18,Alpine,3,1148,1,1,0,1,0
2020-05-18,Amador,5,37829,10,8,0,8,0
2020-05-18,Butte,7,227075,50,24,1,25,0
2020-05-18,Calaveras,9,45235,14,13,0,13,0
2020-05-18,Colusa,11,21464,5,3,0,3,0
2020-05-18,Contra Costa,13,1133247,1357,1173,0,1173,33
2020-05-18,Del Norte,15,27424,23,8,0,8,0
2020-05-18,El Dorado,17,186661,84,67,0,67,0
2020-05-18,Fresno,19,978130,2292,1244,28,1272,14
2020-05-18,Glenn,21,27897,13,11,0,11,0
2020-05-18,Humboldt,23,135768,101,70,0,70,0
2020-05-18,Imperial,25,180216,1905,767,6,773,14
2020-05-18,Inyo,27,18085,19,20,0,20,1
2020-05-18,Kern,29,883053,2028,1566,3,1569,26
2020-05-18,Kings,31,150075,532,381,2,383,2
2020-05-18,Lake,33,64148,13,9,0,9,0
2020-05-18,Lassen,35,31185,2,0,2,2,0
2020-05-18,Los Angeles,37,10098052,48033,38477,22,38499,1825
2020-05-18,Madera,39,155013,155,74,0,74,2
2020-05-18,Marin,41,260295,360,329,1,330,14
2020-05-18,Mariposa,43,17540,16,15,0,15,1
2020-05-18,Mendocino,45,87422,15,12,0,12,0
2020-05-18,Merced,47,269075,315,217,0,217,5
2020-05-18,Modoc,49,8938,0,0,0,0,0
2020-05-18,Mono,51,14174,36,33,0,33,1
2020-05-18,Monterey,53,433212,434,345,0,345,8
2020-05-18,Napa,55,140530,105,92,0,92,3
2020-05-18,Nevada,57,99092,42,41,1,42,1
2020-05-18,Orange,59,3164182,6721,4558,30,4588,88
2020-05-18,Placer,61,380077,200,176,1,177,8
2020-05-18,Plumas,63,18699,4,5,0,5,0
2020-05-18,Riverside,65,2383286,6914,5873,7,5880,253
2020-05-18,Sacramento,67,1510023,1310,1233,0,1233,57
2020-05-18,San Benito,69,59416,70,59,0,59,2
2020-05-18,San Bernardino,71,2135413,4673,3558,2,3560,156
2020-05-18,San Diego,73,3302833,6941,5948,0,5948,211
2020-05-18,San Francisco,75,870044,2363,2183,0,2183,36
2020-05-18,San Joaquin,77,732212,809,697,4,701,33
2020-05-18,San Luis Obispo,79,281455,293,243,1,244,1
2020-05-18,San Mateo,81,765935,1979,1701,2,1703,68
2020-05-18,Santa Barbara,83,443738,1810,1501,4,1505,10
2020-05-18,Santa Clara,85,1922200,2896,2468,4,2472,137
2020-05-18,Santa Cruz,87,273765,186,160,0,160,3
2020-05-18,Shasta,89,179085,47,34,0,34,4
2020-05-18,Sierra,91,2930,0,0,0,0,0
2020-05-18,Siskiyou,93,43540,6,6,0,6,0
2020-05-18,Solano,95,438530,496,398,0,398,4
2020-05-18,Sonoma,97,501317,479,387,0,387,4
2020-05-18,Stanislaus,99,539301,657,572,4,576,25
2020-05-18,Sutter,101,95872,40,38,0,38,2
2020-05-18,Tehama,103,63373,4,2,0,2,1
2020-05-18,Trinity,105,12862,1,1,0,1,0
2020-05-18,Tulare,107,460477,1945,1491,3,1494,63
2020-05-18,Tuolumne,109,53932,3,2,0,2,0
2020-05-18,Ventura,111,848112,1189,850,1,851,27
2020-05-18,Yolo,113,214977,196,183,0,183,22
2020-05-18,Yuba,115,75493,26,23,0,23,1
2020-05-17,Alameda,1,1643700,2871,2389,0,2389,83
2020-05-17,Alpine,3,1148,1,1,0,1,0
2020-05-17,Amador,5,37829,10,8,0,8,0
2020-05-17,Butte,7,227075,50,23,1,24,0
2020-05-17,Calaveras,9,45235,14,13,0,13,0
2020-05-17,Colusa,11,21464,3,3,0,3,0
2020-05-17,Contra Costa,13,1133247,1319,1155,0,1155,33
2020-05-17,Del Norte,15,27424,23,7,0,7,0
2020-05-17,El Dorado,17,186661,84,65,0,65,0
2020-05-17,Fresno,19,978130,2194,1213,25,1238,14
2020-05-17,Glenn,21,27897,13,9,0,9,0
2020-05-17,Humboldt,23,135768,94,70,0,70,0
2020-05-17,Imperial,25,180216,1756,715,5,720,14
2020-05-17,Inyo,27,18085,19,20,0,20,1
2020-05-17,Kern,29,883053,1950,1546,3,1549,26
2020-05-17,Kings,31,150075,485,356,2,358,2
2020-05-17,Lake,33,64148,13,7,0,7,0
2020-05-17,Lassen,35,31185,2,0,2,2,0
2020-05-17,Los Angeles,37,10098052,46799,37996,22,38018,1807
2020-05-17,Madera,39,155013,153,69,0,69,2
2020-05-17,Marin,41,260295,349,315,1,316,14
2020-05-17,Mariposa,43,17540,15,15,0,15,1
2020-05-17,Mendocino,45,87422,14,10,0,10,0
2020-05-17,Merced,47,269075,304,214,0,214,5
2020-05-17,Modoc,49,8938,0,0,0,0,0
2020-05-17,Mono,51,14174,36,32,0,32,1
2020-05-17,Monterey,53,433212,414,342,0,342,8
2020-05-17,Napa,55,140530,102,89,0,89,3
2020-05-17,Nevada,57,99092,42,41,1,42,1
2020-05-17,Orange,59,3164182,6542,4466,30,4496,88
2020-05-17,Placer,61,380077,194,175,1,176,8
2020-05-17,Plumas,63,18699,4,4,0,4,0
2020-05-17,Riverside,65,2383286,6741,5776,7,5783,245
2020-05-17,Sacramento,67,1510023,1299,1224,0,1224,56
2020-05-17,San Benito,69,59416,69,59,0,59,2
2020-05-17,San Bernardino,71,2135413,4523,3467,2,3469,155
2020-05-17,San Diego,73,3302833,6809,5838,0,5838,209
2020-05-17,San Francisco,75,870044,2336,2132,0,2132,36
2020-05-17,San Joaquin,77,732212,779,688,4,692,32
2020-05-17,San Luis Obispo,79,281455,291,242,1,243,1
2020-05-17,San Mateo,81,765935,1942,1680,2,1682,68
2020-05-17,Santa Barbara,83,443738,1784,1457,4,1461,10
2020-05-17,Santa Clara,85,1922200,2858,2453,4,2457,135
2020-05-17,Santa Cruz,87,273765,175,155,0,155,3
2020-05-17,Shasta,89,179085,46,34,0,34,4
2020-05-17,Sierra,91,2930,0,0,0,0,0
2020-05-17,Siskiyou,93,43540,6,6,0,6,0
2020-05-17,Solano,95,438530,484,392,0,392,4
2020-05-17,Sonoma,97,501317,458,376,0,376,4
2020-05-17,Stanislaus,99,539301,646,566,4,570,25
2020-05-17,Sutter,101,95872,39,38,0,38,2
2020-05-17,Tehama,103,63373,3,2,0,2,1
2020-05-17,Trinity,105,12862,1,1,0,1,0
2020-05-17,Tulare,107,460477,1886,1430,3,1433,63
2020-05-17,Tuolumne,109,53932,3,2,0,2,0
2020-05-17,Ventura,111,848112,1147,838,1,839,27
2020-05-17,Yolo,113,214977,194,182,0,182,22
2020-05-17,Yuba,115,75493,26,21,0,21,1
2020-05-16,Alameda,1,1643700,2821,2327,0,2327,83
2020-05-16,Alpine,3,1148,1,1,0,1,0
2020-05-16,Amador,5,37829,10,8,0,8,0
2020-05-16,Butte,7,227075,45,22,1,23,0
2020-05-16,Calaveras,9,45235,14,13,0,13,0
2020-05-16,Colusa,11,21464,3,3,0,3,0
2020-05-16,Contra Costa,13,1133247,1301,1136,0,1136,33
2020-05-16,Del Norte,15,27424,19,4,0,4,0
2020-05-16,El Dorado,17,186661,84,65,0,65,0
2020-05-16,Fresno,19,978130,2139,1177,25,1202,14
2020-05-16,Glenn,21,27897,13,9,0,9,0
2020-05-16,Humboldt,23,135768,92,69,0,69,0
2020-05-16,Imperial,25,180216,1691,712,5,717,14
2020-05-16,Inyo,27,18085,19,20,0,20,1
2020-05-16,Kern,29,883053,1914,1509,3,1512,26
2020-05-16,Kings,31,150075,476,356,2,358,2
2020-05-16,Lake,33,64148,13,7,0,7,0
2020-05-16,Lassen,35,31185,1,0,2,2,0
2020-05-16,Los Angeles,37,10098052,46222,37352,22,37374,1778
2020-05-16,Madera,39,155013,151,70,0,70,2
2020-05-16,Marin,41,260295,345,297,1,298,14
2020-05-16,Mariposa,43,17540,15,15,0,15,1
2020-05-16,Mendocino,45,87422,14,10,0,10,0
2020-05-16,Merced,47,269075,302,201,0,201,5
2020-05-16,Modoc,49,8938,0,0,0,0,0
2020-05-16,Mono,51,14174,36,32,0,32,1
2020-05-16,Monterey,53,433212,399,329,0,329,8
2020-05-16,Napa,55,140530,102,86,0,86,3
2020-05-16,Nevada,57,99092,42,41,1,42,1
2020-05-16,Orange,59,3164182,6466,4396,30,4426,87
2020-05-16,Placer,61,380077,192,174,1,175,8
2020-05-16,Plumas,63,18699,4,4,0,4,0
2020-05-16,Riverside,65,2383286,6655,5633,7,5640,243
2020-05-16,Sacramento,67,1510023,1292,1209,0,1209,55
2020-05-16,San Benito,69,59416,64,58,0,58,2
2020-05-16,San Bernardino,71,2135413,4452,3362,2,3364,155
2020-05-16,San Diego,73,3302833,6723,5664,0,5664,209
2020-05-16,San Francisco,75,870044,2313,2094,0,2094,36
2020-05-16,San Joaquin,77,732212,771,668,4,672,32
2020-05-16,San Luis Obispo,79,281455,290,240,1,241,1
2020-05-16,San Mateo,81,765935,1927,1652,2,1654,68
2020-05-16,Santa Barbara,83,443738,1772,1422,3,1425,10
2020-05-16,Santa Clara,85,1922200,2843,2420,3,2423,135
2020-05-16,Santa Cruz,87,273765,172,154,0,154,3
2020-05-16,Shasta,89,179085,46,33,0,33,4
2020-05-16,Sierra,91,2930,0,0,0,0,0
2020-05-16,Siskiyou,93,43540,6,6,0,6,0
2020-05-16,Solano,95,438530,479,392,0,392,4
2020-05-16,Sonoma,97,501317,445,356,0,356,4
2020-05-16,Stanislaus,99,539301,637,546,4,550,24
2020-05-16,Sutter,101,95872,39,35,0,35,2
2020-05-16,Tehama,103,63373,3,2,0,2,1
2020-05-16,Trinity,105,12862,1,1,0,1,0
2020-05-16,Tulare,107,460477,1868,1426,3,1429,63
2020-05-16,Tuolumne,109,53932,3,2,0,2,0
2020-05-16,Ventura,111,848112,1122,813,1,814,25
2020-05-16,Yolo,113,214977,193,181,0,181,22
2020-05-16,Yuba,115,75493,26,21,0,21,1
2020-05-15,Alameda,1,1643700,2787,2289,0,2289,83
2020-05-15,Alpine,3,1148,1,1,0,1,0
2020-05-15,Amador,5,37829,10,8,0,8,0
2020-05-15,Butte,7,227075,43,22,1,23,0
2020-05-15,Calaveras,9,45235,14,13,0,13,0
2020-05-15,Colusa,11,21464,3,3,0,3,0
2020-05-15,Contra Costa,13,1133247,1283,1106,0,1106,33
2020-05-15,Del Norte,15,27424,14,4,0,4,0
2020-05-15,El Dorado,17,186661,84,64,0,64,0
2020-05-15,Fresno,19,978130,2073,1126,25,1151,14
2020-05-15,Glenn,21,27897,13,9,0,9,0
2020-05-15,Humboldt,23,135768,91,60,0,60,0
2020-05-15,Imperial,25,180216,1608,680,5,685,14
2020-05-15,Inyo,27,18085,19,20,0,20,1
2020-05-15,Kern,29,883053,1858,1472,3,1475,25
2020-05-15,Kings,31,150075,473,347,2,349,2
2020-05-15,Lake,33,64148,13,7,0,7,0
2020-05-15,Lassen,35,31185,1,0,2,2,0
2020-05-15,Los Angeles,37,10098052,45435,36317,22,36339,1734
2020-05-15,Madera,39,155013,150,71,0,71,2
2020-05-15,Marin,41,260295,337,295,1,296,14
2020-05-15,Mariposa,43,17540,15,15,0,15,1
2020-05-15,Mendocino,45,87422,14,10,0,10,0
2020-05-15,Merced,47,269075,299,191,0,191,5
2020-05-15,Modoc,49,8938,0,0,0,0,0
2020-05-15,Mono,51,14174,36,31,0,31,1
2020-05-15,Monterey,53,433212,393,321,0,321,8
2020-05-15,Napa,55,140530,102,83,0,83,3
2020-05-15,Nevada,57,99092,42,41,1,42,1
2020-05-15,Orange,59,3164182,6295,4281,30,4311,87
2020-05-15,Placer,61,380077,190,174,1,175,8
2020-05-15,Plumas,63,18699,4,4,0,4,0
2020-05-15,Riverside,65,2383286,6541,5496,7,5503,233
2020-05-15,Sacramento,67,1510023,1282,1203,0,1203,55
2020-05-15,San Benito,69,59416,61,57,0,57,2
2020-05-15,San Bernardino,71,2135413,4374,3225,2,3227,153
2020-05-15,San Diego,73,3302833,6616,5525,0,5525,208
2020-05-15,San Francisco,75,870044,2297,2062,0,2062,36
2020-05-15,San Joaquin,77,732212,765,656,4,660,32
2020-05-15,San Luis Obispo,79,281455,289,237,1,238,1
2020-05-15,San Mateo,81,765935,1905,1612,2,1614,68
2020-05-15,Santa Barbara,83,443738,1758,1409,3,1412,10
2020-05-15,Santa Clara,85,1922200,2817,2395,3,2398,135
2020-05-15,Santa Cruz,87,273765,171,146,0,146,3
2020-05-15,Shasta,89,179085,45,33,0,33,4
2020-05-15,Sierra,91,2930,0,0,0,0,0
2020-05-15,Siskiyou,93,43540,5,5,0,5,0
2020-05-15,Solano,95,438530,475,388,0,388,4
2020-05-15,Sonoma,97,501317,437,349,0,349,4
2020-05-15,Stanislaus,99,539301,630,540,4,544,23
2020-05-15,Sutter,101,95872,38,35,0,35,2
2020-05-15,Tehama,103,63373,3,1,0,1,1
2020-05-15,Trinity,105,12862,1,1,0,1,0
2020-05-15,Tulare,107,460477,1841,1356,3,1359,61
2020-05-15,Tuolumne,109,53932,3,2,0,2,0
2020-05-15,Ventura,111,848112,1105,789,0,789,25
2020-05-15,Yolo,113,214977,192,182,0,182,22
2020-05-15,Yuba,115,75493,26,21,0,21,1
2020-05-14,Alameda,1,1643700,2696,2255,0,2255,80
2020-05-14,Alpine,3,1148,1,1,0,1,0
2020-05-14,Amador,5,37829,10,8,0,8,0
2020-05-14,Butte,7,227075,41,22,1,23,0
2020-05-14,Calaveras,9,45235,14,13,0,13,0
2020-05-14,Colusa,11,21464,3,3,0,3,0
2020-05-14,Contra Costa,13,1133247,1257,1090,0,1090,32
2020-05-14,Del Norte,15,27424,14,4,0,4,0
2020-05-14,El Dorado,17,186661,75,59,0,59,0
2020-05-14,Fresno,19,978130,2021,1038,22,1060,12
2020-05-14,Glenn,21,27897,12,8,0,8,0
2020-05-14,Humboldt,23,135768,89,59,0,59,0
2020-05-14,Imperial,25,180216,1491,652,5,657,13
2020-05-14,Inyo,27,18085,19,20,0,20,1
2020-05-14,Kern,29,883053,1816,1430,3,1433,21
2020-05-14,Kings,31,150075,457,342,2,344,1
2020-05-14,Lake,33,64148,13,7,0,7,0
2020-05-14,Lassen,35,31185,1,0,2,2,0
2020-05-14,Los Angeles,37,10098052,44259,35427,22,35449,1693
2020-05-14,Madera,39,155013,141,69,0,69,2
2020-05-14,Marin,41,260295,319,283,1,284,14
2020-05-14,Mariposa,43,17540,15,15,0,15,0
2020-05-14,Mendocino,45,87422,13,10,0,10,0
2020-05-14,Merced,47,269075,289,182,0,182,3
2020-05-14,Modoc,49,8938,0,0,0,0,0
2020-05-14,Mono,51,14174,36,31,0,31,1
2020-05-14,Monterey,53,433212,383,317,0,317,7
2020-05-14,Napa,55,140530,100,83,0,83,3
2020-05-14,Nevada,57,99092,41,41,1,42,1
2020-05-14,Orange,59,3164182,6119,4163,28,4191,83
2020-05-14,Placer,61,380077,190,172,1,173,8
2020-05-14,Plumas,63,18699,4,4,0,4,0
2020-05-14,Riverside,65,2383286,6358,5339,7,5346,224
2020-05-14,Sacramento,67,1510023,1270,1181,0,1181,55
2020-05-14,San Benito,69,59416,59,56,0,56,2
2020-05-14,San Bernardino,71,2135413,4196,3149,2,3151,149
2020-05-14,San Diego,73,3302833,6482,5393,0,5393,200
2020-05-14,San Francisco,75,870044,2264,2029,0,2029,36
2020-05-14,San Joaquin,77,732212,750,643,4,647,31
2020-05-14,San Luis Obispo,79,281455,286,236,1,237,1
2020-05-14,San Mateo,81,765935,1873,1588,2,1590,67
2020-05-14,Santa Barbara,83,443738,1740,1395,3,1398,11
2020-05-14,Santa Clara,85,1922200,2796,2380,3,2383,134
2020-05-14,Santa Cruz,87,273765,169,145,0,145,3
2020-05-14,Shasta,89,179085,45,33,0,33,4
2020-05-14,Sierra,91,2930,0,0,0,0,0
2020-05-14,Siskiyou,93,43540,5,5,0,5,0
2020-05-14,Solano,95,438530,466,372,0,372,4
2020-05-14,Sonoma,97,501317,420,333,0,333,4
2020-05-14,Stanislaus,99,539301,611,533,4,537,23
2020-05-14,Sutter,101,95872,38,34,0,34,2
2020-05-14,Tehama,103,63373,3,1,0,1,1
2020-05-14,Trinity,105,12862,1,1,0,1,0
2020-05-14,Tulare,107,460477,1808,1317,3,1320,55
2020-05-14,Tuolumne,109,53932,3,2,0,2,0
2020-05-14,Ventura,111,848112,1077,760,0,760,25
2020-05-14,Yolo,113,214977,192,180,0,180,22
2020-05-14,Yuba,115,75493,26,21,0,21,1
2020-05-13,Alameda,1,1643700,2638,2181,0,2181,78
2020-05-13,Alpine,3,1148,1,1,0,1,0
2020-05-13,Amador,5,37829,10,8,0,8,0
2020-05-13,Butte,7,227075,40,21,1,22,0
2020-05-13,Calaveras,9,45235,14,13,0,13,0
2020-05-13,Colusa,11,21464,3,3,0,3,0
2020-05-13,Contra Costa,13,1133247,1235,1082,0,1082,32
2020-05-13,Del Norte,15,27424,13,4,0,4,0
2020-05-13,El Dorado,17,186661,74,58,0,58,0
2020-05-13,Fresno,19,978130,1932,993,22,1015,10
2020-05-13,Glenn,21,27897,11,6,0,6,0
2020-05-13,Humboldt,23,135768,83,58,0,58,0
2020-05-13,Imperial,25,180216,1421,610,5,615,11
2020-05-13,Inyo,27,18085,19,20,0,20,1
2020-05-13,Kern,29,883053,1772,1390,3,1393,19
2020-05-13,Kings,31,150075,444,314,2,316,1
2020-05-13,Lake,33,64148,13,7,0,7,0
2020-05-13,Lassen,35,31185,1,0,2,2,0
2020-05-13,Los Angeles,37,10098052,42949,34574,22,34596,1643
2020-05-13,Madera,39,155013,132,69,0,69,2
2020-05-13,Marin,41,260295,306,278,1,279,14
2020-05-13,Mariposa,43,17540,15,15,0,15,0
2020-05-13,Mendocino,45,87422,13,10,0,10,0
2020-05-13,Merced,47,269075,286,176,0,176,3
2020-05-13,Modoc,49,8938,0,0,0,0,0
2020-05-13,Mono,51,14174,35,31,0,31,1
2020-05-13,Monterey,53,433212,373,309,0,309,6
2020-05-13,Napa,55,140530,100,81,0,81,3
2020-05-13,Nevada,57,99092,41,41,1,42,1
2020-05-13,Orange,59,3164182,5873,4025,26,4051,79
2020-05-13,Placer,61,380077,189,170,1,171,8
2020-05-13,Plumas,63,18699,4,4,0,4,0
2020-05-13,Riverside,65,2383286,6235,5204,7,5211,216
2020-05-13,Sacramento,67,1510023,1255,1173,0,1173,53
2020-05-13,San Benito,69,59416,59,55,0,55,2
2020-05-13,San Bernardino,71,2135413,3941,3064,1,3065,140
2020-05-13,San Diego,73,3302833,6346,5280,0,5280,194
2020-05-13,San Francisco,75,870044,2236,2004,0,2004,35
2020-05-13,San Joaquin,77,732212,729,639,3,642,31
2020-05-13,San Luis Obispo,79,281455,284,231,1,232,1
2020-05-13,San Mateo,81,765935,1841,1550,2,1552,66
2020-05-13,Santa Barbara,83,443738,1724,1382,3,1385,10
2020-05-13,Santa Clara,85,1922200,2777,2370,3,2373,132
2020-05-13,Santa Cruz,87,273765,165,142,0,142,2
2020-05-13,Shasta,89,179085,45,32,0,32,4
2020-05-13,Sierra,91,2930,0,0,0,0,0
2020-05-13,Siskiyou,93,43540,5,5,0,5,0
2020-05-13,Solano,95,438530,453,368,0,368,4
2020-05-13,Sonoma,97,501317,410,330,0,330,4
2020-05-13,Stanislaus,99,539301,602,521,4,525,15
2020-05-13,Sutter,101,95872,38,33,0,33,2
2020-05-13,Tehama,103,63373,3,1,0,1,1
2020-05-13,Trinity,105,12862,1,2,0,2,0
2020-05-13,Tulare,107,460477,1775,1283,3,1286,54
2020-05-13,Tuolumne,109,53932,3,2,0,2,0
2020-05-13,Ventura,111,848112,1050,742,0,742,25
2020-05-13,Yolo,113,214977,190,178,0,178,22
2020-05-13,Yuba,115,75493,24,19,0,19,1
2020-05-12,Alameda,1,1643700,2576,2146,0,2146,74
2020-05-12,Alpine,3,1148,1,1,0,1,0
2020-05-12,Amador,5,37829,10,8,0,8,0
2020-05-12,Butte,7,227075,38,20,1,21,0
2020-05-12,Calaveras,9,45235,13,13,0,13,0
2020-05-12,Colusa,11,21464,3,3,0,3,0
2020-05-12,Contra Costa,13,1133247,1204,1067,0,1067,32
2020-05-12,Del Norte,15,27424,10,3,0,3,0
2020-05-12,El Dorado,17,186661,71,56,0,56,0
2020-05-12,Fresno,19,978130,1851,978,22,1000,9
2020-05-12,Glenn,21,27897,10,6,0,6,0
2020-05-12,Humboldt,23,135768,80,58,0,58,0
2020-05-12,Imperial,25,180216,1290,602,3,605,9
2020-05-12,Inyo,27,18085,19,20,0,20,1
2020-05-12,Kern,29,883053,1731,1363,3,1366,18
2020-05-12,Kings,31,150075,423,302,2,304,1
2020-05-12,Lake,33,64148,13,7,0,7,0
2020-05-12,Lassen,35,31185,1,0,2,2,0
2020-05-12,Los Angeles,37,10098052,41953,33281,21,33302,1601
2020-05-12,Madera,39,155013,128,69,0,69,2
2020-05-12,Marin,41,260295,301,274,1,275,14
2020-05-12,Mariposa,43,17540,15,15,0,15,0
2020-05-12,Mendocino,45,87422,13,10,0,10,0
2020-05-12,Merced,47,269075,275,175,0,175,3
2020-05-12,Modoc,49,8938,0,0,0,0,0
2020-05-12,Mono,51,14174,35,31,0,31,1
2020-05-12,Monterey,53,433212,366,298,0,298,6
2020-05-12,Napa,55,140530,98,80,0,80,3
2020-05-12,Nevada,57,99092,41,41,1,42,1
2020-05-12,Orange,59,3164182,5691,3843,24,3867,78
2020-05-12,Placer,61,380077,188,170,1,171,8
2020-05-12,Plumas,63,18699,4,4,0,4,0
2020-05-12,Riverside,65,2383286,6114,5134,7,5141,210
2020-05-12,Sacramento,67,1510023,1235,1166,0,1166,52
2020-05-12,San Benito,69,59416,59,55,0,55,2
2020-05-12,San Bernardino,71,2135413,3790,2997,1,2998,131
2020-05-12,San Diego,73,3302833,6202,3,0,3,0
2020-05-12,San Francisco,75,870044,2201,1981,0,1981,35
2020-05-12,San Joaquin,77,732212,714,625,3,628,30
2020-05-12,San Luis Obispo,79,281455,281,226,1,227,1
2020-05-12,San Mateo,81,765935,1815,1533,2,1535,66
2020-05-12,Santa Barbara,83,443738,1685,1377,3,1380,10
2020-05-12,Santa Clara,85,1922200,2747,2362,3,2365,131
2020-05-12,Santa Cruz,87,273765,163,141,0,141,2
2020-05-12,Shasta,89,179085,44,33,0,33,4
2020-05-12,Sierra,91,2930,0,0,0,0,0
2020-05-12,Siskiyou,93,43540,5,5,0,5,0
2020-05-12,Solano,95,438530,445,361,0,361,4
2020-05-12,Sonoma,97,501317,387,308,0,308,4
2020-05-12,Stanislaus,99,539301,595,515,4,519,15
2020-05-12,Sutter,101,95872,38,33,0,33,2
2020-05-12,Tehama,103,63373,3,1,0,1,1
2020-05-12,Trinity,105,12862,1,1,0,1,0
2020-05-12,Tulare,107,460477,1745,1261,2,1263,52
2020-05-12,Tuolumne,109,53932,3,2,0,2,0
2020-05-12,Ventura,111,848112,1013,718,0,718,20
2020-05-12,Yolo,113,214977,189,176,0,176,22
2020-05-12,Yuba,115,75493,24,19,0,19,1
2020-05-11,Alameda,1,1643700,2526,2103,0,2103,71
2020-05-11,Alpine,3,1148,1,1,0,1,0
2020-05-11,Amador,5,37829,10,8,0,8,0
2020-05-11,Butte,7,227075,37,19,1,20,0
2020-05-11,Calaveras,9,45235,13,13,0,13,0
2020-05-11,Colusa,11,21464,3,3,0,3,0
2020-05-11,Contra Costa,13,1133247,1190,1052,0,1052,32
2020-05-11,Del Norte,15,27424,8,3,0,3,0
2020-05-11,El Dorado,17,186661,71,55,0,55,0
2020-05-11,Fresno,19,978130,1766,937,20,957,8
2020-05-11,Glenn,21,27897,10,6,0,6,0
2020-05-11,Humboldt,23,135768,77,56,0,56,0
2020-05-11,Imperial,25,180216,1184,562,1,563,9
2020-05-11,Inyo,27,18085,19,20,0,20,1
2020-05-11,Kern,29,883053,1679,1331,3,1334,17
2020-05-11,Kings,31,150075,400,289,1,290,1
2020-05-11,Lake,33,64148,12,7,0,7,0
2020-05-11,Lassen,35,31185,1,0,2,2,0
2020-05-11,Los Angeles,37,10098052,40775,32279,21,32300,1553
2020-05-11,Madera,39,155013,120,68,0,68,2
2020-05-11,Marin,41,260295,292,271,1,272,14
2020-05-11,Mariposa,43,17540,15,15,0,15,0
2020-05-11,Mendocino,45,87422,13,10,0,10,0
2020-05-11,Merced,47,269075,260,158,0,158,3
2020-05-11,Modoc,49,8938,0,0,0,0,0
2020-05-11,Mono,51,14174,35,30,0,30,1
2020-05-11,Monterey,53,433212,363,286,0,286,6
2020-05-11,Napa,55,140530,92,79,0,79,2
2020-05-11,Nevada,57,99092,41,41,1,42,1
2020-05-11,Orange,59,3164182,5484,3699,20,3719,77
2020-05-11,Placer,61,380077,188,170,1,171,8
2020-05-11,Plumas,63,18699,4,4,0,4,0
2020-05-11,Riverside,65,2383286,5957,5082,7,5089,203
2020-05-11,Sacramento,67,1510023,1220,1160,0,1160,52
2020-05-11,San Benito,69,59416,57,52,0,52,2
2020-05-11,San Bernardino,71,2135413,3680,2945,1,2946,124
2020-05-11,San Diego,73,3302833,6049,5067,0,5067,175
2020-05-11,San Francisco,75,870044,2154,1974,0,1974,35
2020-05-11,San Joaquin,77,732212,704,620,3,623,30
2020-05-11,San Luis Obispo,79,281455,279,224,1,225,1
2020-05-11,San Mateo,81,765935,1789,1499,2,1501,66
2020-05-11,Santa Barbara,83,443738,1664,1372,3,1375,10
2020-05-11,Santa Clara,85,1922200,2731,2340,3,2343,129
2020-05-11,Santa Cruz,87,273765,160,140,0,140,2
2020-05-11,Shasta,89,179085,44,31,0,31,4
2020-05-11,Sierra,91,2930,0,0,0,0,0
2020-05-11,Siskiyou,93,43540,5,5,0,5,0
2020-05-11,Solano,95,438530,440,354,0,354,4
2020-05-11,Sonoma,97,501317,377,303,0,303,3
2020-05-11,Stanislaus,99,539301,585,507,4,511,14
2020-05-11,Sutter,101,95872,37,32,0,32,2
2020-05-11,Tehama,103,63373,3,1,0,1,1
2020-05-11,Trinity,105,12862,1,1,0,1,0
2020-05-11,Tulare,107,460477,1696,1203,2,1205,49
2020-05-11,Tuolumne,109,53932,3,2,0,2,0
2020-05-11,Ventura,111,848112,969,698,0,698,19
2020-05-11,Yolo,113,214977,189,174,0,174,20
2020-05-11,Yuba,115,75493,24,18,0,18,1
2020-05-10,Alameda,1,1643700,2449,2047,0,2047,71
2020-05-10,Alpine,3,1148,1,1,0,1,0
2020-05-10,Amador,5,37829,10,8,0,8,0
2020-05-10,Butte,7,227075,33,18,1,19,0
2020-05-10,Calaveras,9,45235,13,13,0,13,0
2020-05-10,Colusa,11,21464,3,3,0,3,0
2020-05-10,Contra Costa,13,1133247,1176,1046,0,1046,31
2020-05-10,Del Norte,15,27424,7,3,0,3,0
2020-05-10,El Dorado,17,186661,71,55,0,55,0
2020-05-10,Fresno,19,978130,1685,894,20,914,8
2020-05-10,Glenn,21,27897,10,6,0,6,0
2020-05-10,Humboldt,23,135768,73,56,0,56,0
2020-05-10,Imperial,25,180216,1088,509,1,510,7
2020-05-10,Inyo,27,18085,19,20,0,20,1
2020-05-10,Kern,29,883053,1630,1300,2,1302,16
2020-05-10,Kings,31,150075,387,266,1,267,1
2020-05-10,Lake,33,64148,12,7,0,7,0
2020-05-10,Lassen,35,31185,1,0,2,2,0
2020-05-10,Los Angeles,37,10098052,39515,31711,21,31732,1514
2020-05-10,Madera,39,155013,118,65,0,65,2
2020-05-10,Marin,41,260295,284,267,1,268,14
2020-05-10,Mariposa,43,17540,15,15,0,15,0
2020-05-10,Mendocino,45,87422,12,10,0,10,0
2020-05-10,Merced,47,269075,245,154,0,154,3
2020-05-10,Modoc,49,8938,0,0,0,0,0
2020-05-10,Mono,51,14174,35,27,0,27,1
2020-05-10,Monterey,53,433212,349,282,0,282,6
2020-05-10,Napa,55,140530,86,79,0,79,2
2020-05-10,Nevada,57,99092,41,41,1,42,1
2020-05-10,Orange,59,3164182,5339,3627,20,3647,76
2020-05-10,Placer,61,380077,187,168,1,169,8
2020-05-10,Plumas,63,18699,4,4,0,4,0
2020-05-10,Riverside,65,2383286,5835,4951,7,4958,193
2020-05-10,Sacramento,67,1510023,1204,1152,0,1152,52
2020-05-10,San Benito,69,59416,57,52,0,52,2
2020-05-10,San Bernardino,71,2135413,3582,2910,1,2911,121
2020-05-10,San Diego,73,3302833,5897,4928,0,4928,175
2020-05-10,San Francisco,75,870044,2136,1953,0,1953,35
2020-05-10,San Joaquin,77,732212,689,611,3,614,29
2020-05-10,San Luis Obispo,79,281455,276,218,1,219,1
2020-05-10,San Mateo,81,765935,1767,1463,2,1465,65
2020-05-10,Santa Barbara,83,443738,1643,1323,3,1326,10
2020-05-10,Santa Clara,85,1922200,2707,2331,3,2334,129
2020-05-10,Santa Cruz,87,273765,159,139,0,139,2
2020-05-10,Shasta,89,179085,44,31,0,31,4
2020-05-10,Sierra,91,2930,0,0,0,0,0
2020-05-10,Siskiyou,93,43540,5,5,0,5,0
2020-05-10,Solano,95,438530,430,322,0,322,4
2020-05-10,Sonoma,97,501317,367,290,0,290,3
2020-05-10,Stanislaus,99,539301,578,498,4,502,14
2020-05-10,Sutter,101,95872,34,31,0,31,2
2020-05-10,Tehama,103,63373,3,1,0,1,1
2020-05-10,Trinity,105,12862,1,1,0,1,0
2020-05-10,Tulare,107,460477,1628,1143,2,1145,47
2020-05-10,Tuolumne,109,53932,3,2,0,2,0
2020-05-10,Ventura,111,848112,921,690,0,690,19
2020-05-10,Yolo,113,214977,189,173,0,173,20
2020-05-10,Yuba,115,75493,23,17,0,17,1
2020-05-09,Alameda,1,1643700,2406,2011,0,2011,71
2020-05-09,Alpine,3,1148,1,1,0,1,0
2020-05-09,Amador,5,37829,9,8,0,8,0
2020-05-09,Butte,7,227075,32,18,1,19,0
2020-05-09,Calaveras,9,45235,13,13,0,13,0
2020-05-09,Colusa,11,21464,3,3,0,3,0
2020-05-09,Contra Costa,13,1133247,1162,1039,0,1039,31
2020-05-09,Del Norte,15,27424,7,3,0,3,0
2020-05-09,El Dorado,17,186661,68,54,0,54,0
2020-05-09,Fresno,19,978130,1649,861,19,880,8
2020-05-09,Glenn,21,27897,9,6,0,6,0
2020-05-09,Humboldt,23,135768,71,55,0,55,0
2020-05-09,Imperial,25,180216,1032,474,1,475,7
2020-05-09,Inyo,27,18085,19,20,0,20,1
2020-05-09,Kern,29,883053,1594,1262,1,1263,15
2020-05-09,Kings,31,150075,382,264,1,265,1
2020-05-09,Lake,33,64148,12,7,0,7,0
2020-05-09,Lassen,35,31185,1,0,2,2,0
2020-05-09,Los Angeles,37,10098052,38892,31268,21,31289,1499
2020-05-09,Madera,39,155013,117,61,0,61,2
2020-05-09,Marin,41,260295,283,261,1,262,14
2020-05-09,Mariposa,43,17540,15,15,0,15,0
2020-05-09,Mendocino,45,87422,12,10,0,10,0
2020-05-09,Merced,47,269075,241,153,0,153,3
2020-05-09,Modoc,49,8938,0,0,0,0,0
2020-05-09,Mono,51,14174,35,27,0,27,1
2020-05-09,Monterey,53,433212,342,273,0,273,6
2020-05-09,Napa,55,140530,85,78,0,78,2
2020-05-09,Nevada,57,99092,41,41,1,42,1
2020-05-09,Orange,59,3164182,5258,3506,19,3525,75
2020-05-09,Placer,61,380077,186,168,1,169,8
2020-05-09,Plumas,63,18699,4,4,0,4,0
2020-05-09,Riverside,65,2383286,5741,4871,7,4878,183
2020-05-09,Sacramento,67,1510023,1200,1150,0,1150,52
2020-05-09,San Benito,69,59416,56,52,0,52,2
2020-05-09,San Bernardino,71,2135413,3526,2825,1,2826,121
2020-05-09,San Diego,73,3302833,5785,4778,0,4778,175
2020-05-09,San Francisco,75,870044,2121,1944,0,1944,34
2020-05-09,San Joaquin,77,732212,680,605,3,608,28
2020-05-09,San Luis Obispo,79,281455,272,213,1,214,1
2020-05-09,San Mateo,81,765935,1748,1453,2,1455,65
2020-05-09,Santa Barbara,83,443738,1630,1245,3,1248,10
2020-05-09,Santa Clara,85,1922200,2696,2317,3,2320,128
2020-05-09,Santa Cruz,87,273765,158,138,0,138,2
2020-05-09,Shasta,89,179085,44,31,0,31,4
2020-05-09,Sierra,91,2930,0,0,0,0,0
2020-05-09,Siskiyou,93,43540,5,5,0,5,0
2020-05-09,Solano,95,438530,424,321,0,321,4
2020-05-09,Sonoma,97,501317,363,288,0,288,3
2020-05-09,Stanislaus,99,539301,570,491,4,495,12
2020-05-09,Sutter,101,95872,34,31,0,31,2
2020-05-09,Tehama,103,63373,2,1,0,1,1
2020-05-09,Trinity,105,12862,1,1,0,1,0
2020-05-09,Tulare,107,460477,1600,1083,2,1085,47
2020-05-09,Tuolumne,109,53932,3,2,0,2,0
2020-05-09,Ventura,111,848112,900,679,0,679,19
2020-05-09,Yolo,113,214977,189,172,0,172,18
2020-05-09,Yuba,115,75493,23,17,0,17,1
2020-05-08,Alameda,1,1643700,2363,1955,0,1955,70
2020-05-08,Alpine,3,1148,1,1,0,1,0
2020-05-08,Amador,5,37829,9,8,0,8,0
2020-05-08,Butte,7,227075,32,18,1,19,0
2020-05-08,Calaveras,9,45235,13,13,0,13,0
2020-05-08,Colusa,11,21464,3,3,0,3,0
2020-05-08,Contra Costa,13,1133247,1150,1024,0,1024,29
2020-05-08,Del Norte,15,27424,7,3,0,3,0
2020-05-08,El Dorado,17,186661,67,54,0,54,0
2020-05-08,Fresno,19,978130,1615,838,18,856,8
2020-05-08,Glenn,21,27897,8,6,0,6,0
2020-05-08,Humboldt,23,135768,68,54,0,54,0
2020-05-08,Imperial,25,180216,986,467,1,468,7
2020-05-08,Inyo,27,18085,19,20,0,20,1
2020-05-08,Kern,29,883053,1563,1214,1,1215,13
2020-05-08,Kings,31,150075,373,236,1,237,1
2020-05-08,Lake,33,64148,12,7,0,7,0
2020-05-08,Lassen,35,31185,1,0,2,2,0
2020-05-08,Los Angeles,37,10098052,38163,30357,21,30378,1447
2020-05-08,Madera,39,155013,114,57,0,57,2
2020-05-08,Marin,41,260295,283,257,1,258,14
2020-05-08,Mariposa,43,17540,15,15,0,15,0
2020-05-08,Mendocino,45,87422,12,10,0,10,0
2020-05-08,Merced,47,269075,240,151,0,151,3
2020-05-08,Modoc,49,8938,0,0,0,0,0
2020-05-08,Mono,51,14174,32,27,0,27,1
2020-05-08,Monterey,53,433212,334,265,0,265,6
2020-05-08,Napa,55,140530,84,78,0,78,2
2020-05-08,Nevada,57,99092,41,41,1,42,1
2020-05-08,Orange,59,3164182,5116,3395,19,3414,72
2020-05-08,Placer,61,380077,184,166,1,167,8
2020-05-08,Plumas,63,18699,4,4,0,4,0
2020-05-08,Riverside,65,2383286,5642,4672,7,4679,181
2020-05-08,Sacramento,67,1510023,1195,1145,0,1145,51
2020-05-08,San Benito,69,59416,56,51,0,51,2
2020-05-08,San Bernardino,71,2135413,3478,2631,1,2632,119
2020-05-08,San Diego,73,3302833,5678,4664,0,4664,169
2020-05-08,San Francisco,75,870044,2103,1890,0,1890,33
2020-05-08,San Joaquin,77,732212,673,595,3,598,28
2020-05-08,San Luis Obispo,79,281455,269,210,1,211,1
2020-05-08,San Mateo,81,765935,1663,1423,2,1425,62
2020-05-08,Santa Barbara,83,443738,1617,1054,2,1056,8
2020-05-08,Santa Clara,85,1922200,2674,2285,3,2288,128
2020-05-08,Santa Cruz,87,273765,154,137,0,137,2
2020-05-08,Shasta,89,179085,44,31,0,31,4
2020-05-08,Sierra,91,2930,0,0,0,0,0
2020-05-08,Siskiyou,93,43540,5,5,0,5,0
2020-05-08,Solano,95,438530,419,314,0,314,4
2020-05-08,Sonoma,97,501317,358,285,0,285,3
2020-05-08,Stanislaus,99,539301,556,487,4,491,12
2020-05-08,Sutter,101,95872,34,30,0,30,2
2020-05-08,Tehama,103,63373,2,1,0,1,1
2020-05-08,Trinity,105,12862,1,0,0,0,0
2020-05-08,Tulare,107,460477,1555,1050,2,1052,43
2020-05-08,Tuolumne,109,53932,3,2,0,2,0
2020-05-08,Ventura,111,848112,883,665,0,665,19
2020-05-08,Yolo,113,214977,188,172,0,172,18
2020-05-08,Yuba,115,75493,22,16,0,16,1
2020-05-07,Alameda,1,1643700,2303,1914,0,1914,68
2020-05-07,Alpine,3,1148,1,1,0,1,0
2020-05-07,Amador,5,37829,9,8,0,8,0
2020-05-07,Butte,7,227075,32,19,1,20,0
2020-05-07,Calaveras,9,45235,13,13,0,13,0
2020-05-07,Colusa,11,21464,3,3,0,3,0
2020-05-07,Contra Costa,13,1133247,1136,1005,0,1005,29
2020-05-07,Del Norte,15,27424,6,3,0,3,0
2020-05-07,El Dorado,17,186661,66,54,0,54,0
2020-05-07,Fresno,19,978130,1536,812,17,829,8
2020-05-07,Glenn,21,27897,8,5,0,5,0
2020-05-07,Humboldt,23,135768,67,54,0,54,0
2020-05-07,Imperial,25,180216,923,442,1,443,6
2020-05-07,Inyo,27,18085,19,20,0,20,1
2020-05-07,Kern,29,883053,1521,1176,1,1177,13
2020-05-07,Kings,31,150075,351,219,1,220,1
2020-05-07,Lake,33,64148,11,7,0,7,0
2020-05-07,Lassen,35,31185,1,0,2,2,0
2020-05-07,Los Angeles,37,10098052,37041,29544,21,29565,1399
2020-05-07,Madera,39,155013,110,54,0,54,2
2020-05-07,Marin,41,260295,276,252,1,253,14
2020-05-07,Mariposa,43,17540,15,15,0,15,0
2020-05-07,Mendocino,45,87422,12,10,0,10,0
2020-05-07,Merced,47,269075,232,146,0,146,3
2020-05-07,Modoc,49,8938,0,0,0,0,0
2020-05-07,Mono,51,14174,32,26,0,26,1
2020-05-07,Monterey,53,433212,326,249,0,249,6
2020-05-07,Napa,55,140530,84,78,0,78,2
2020-05-07,Nevada,57,99092,41,41,1,42,1
2020-05-07,Orange,59,3164182,4933,3283,18,3301,69
2020-05-07,Placer,61,380077,184,165,1,166,8
2020-05-07,Plumas,63,18699,4,4,0,4,0
2020-05-07,Riverside,65,2383286,5526,4608,7,4615,170
2020-05-07,Sacramento,67,1510023,1189,1139,0,1139,50
2020-05-07,San Benito,69,59416,56,50,0,50,2
2020-05-07,San Bernardino,71,2135413,3386,2522,1,2523,115
2020-05-07,San Diego,73,3302833,5521,4431,0,4431,165
2020-05-07,San Francisco,75,870044,2072,1852,0,1852,33
2020-05-07,San Joaquin,77,732212,660,583,3,586,28
2020-05-07,San Luis Obispo,79,281455,258,209,1,210,1
2020-05-07,San Mateo,81,765935,1641,1398,2,1400,58
2020-05-07,Santa Barbara,83,443738,1587,720,2,722,8
2020-05-07,Santa Clara,85,1922200,2637,2281,3,2284,127
2020-05-07,Santa Cruz,87,273765,151,136,0,136,2
2020-05-07,Shasta,89,179085,43,31,0,31,4
2020-05-07,Sierra,91,2930,0,0,0,0,0
2020-05-07,Siskiyou,93,43540,5,5,0,5,0
2020-05-07,Solano,95,438530,413,307,0,307,4
2020-05-07,Sonoma,97,501317,346,282,0,282,3
2020-05-07,Stanislaus,99,539301,547,466,4,470,10
2020-05-07,Sutter,101,95872,34,29,0,29,2
2020-05-07,Tehama,103,63373,2,1,0,1,1
2020-05-07,Trinity,105,12862,1,0,0,0,0
2020-05-07,Tulare,107,460477,1491,1001,2,1003,41
2020-05-07,Tuolumne,109,53932,3,2,0,2,0
2020-05-07,Ventura,111,848112,861,647,0,647,19
2020-05-07,Yolo,113,214977,187,172,0,172,18
2020-05-07,Yuba,115,75493,22,16,0,16,1
2020-05-06,Alameda,1,1643700,2266,1864,0,1864,67
2020-05-06,Alpine,3,1148,1,1,0,1,0
2020-05-06,Amador,5,37829,9,8,0,8,0
2020-05-06,Butte,7,227075,31,19,1,20,0
2020-05-06,Calaveras,9,45235,13,13,0,13,0
2020-05-06,Colusa,11,21464,3,3,0,3,0
2020-05-06,Contra Costa,13,1133247,1115,990,0,990,29
2020-05-06,Del Norte,15,27424,6,3,0,3,0
2020-05-06,El Dorado,17,186661,64,53,0,53,0
2020-05-06,Fresno,19,978130,1475,773,15,788,8
2020-05-06,Glenn,21,27897,8,3,0,3,0
2020-05-06,Humboldt,23,135768,66,54,0,54,0
2020-05-06,Imperial,25,180216,855,399,1,400,6
2020-05-06,Inyo,27,18085,19,20,0,20,1
2020-05-06,Kern,29,883053,1466,1112,1,1113,12
2020-05-06,Kings,31,150075,333,208,1,209,1
2020-05-06,Lake,33,64148,11,7,0,7,0
2020-05-06,Lassen,35,31185,1,0,2,2,0
2020-05-06,Los Angeles,37,10098052,36038,28687,21,28708,1347
2020-05-06,Madera,39,155013,108,55,0,55,2
2020-05-06,Marin,41,260295,269,244,1,245,14
2020-05-06,Mariposa,43,17540,15,14,0,14,0
2020-05-06,Mendocino,45,87422,12,10,0,10,0
2020-05-06,Merced,47,269075,225,140,0,140,3
2020-05-06,Modoc,49,8938,0,0,0,0,0
2020-05-06,Mono,51,14174,32,26,0,26,1
2020-05-06,Monterey,53,433212,318,246,0,246,6
2020-05-06,Napa,55,140530,83,78,0,78,2
2020-05-06,Nevada,57,99092,41,41,1,42,1
2020-05-06,Orange,59,3164182,4748,3156,17,3173,66
2020-05-06,Placer,61,380077,181,164,1,165,8
2020-05-06,Plumas,63,18699,4,4,0,4,0
2020-05-06,Riverside,65,2383286,5381,4535,7,4542,163
2020-05-06,Sacramento,67,1510023,1182,1135,0,1135,49
2020-05-06,San Benito,69,59416,55,50,0,50,2
2020-05-06,San Bernardino,71,2135413,3264,2426,0,2426,110
2020-05-06,San Diego,73,3302833,5388,4321,0,4321,158
2020-05-06,San Francisco,75,870044,2047,1804,0,1804,32
2020-05-06,San Joaquin,77,732212,647,581,3,584,28
2020-05-06,San Luis Obispo,79,281455,255,207,1,208,1
2020-05-06,San Mateo,81,765935,1610,1348,2,1350,57
2020-05-06,Santa Barbara,83,443738,1540,565,2,567,8
2020-05-06,Santa Clara,85,1922200,2622,2270,3,2273,127
2020-05-06,Santa Cruz,87,273765,147,135,0,135,2
2020-05-06,Shasta,89,179085,43,31,0,31,4
2020-05-06,Sierra,91,2930,0,0,0,0,0
2020-05-06,Siskiyou,93,43540,5,5,0,5,0
2020-05-06,Solano,95,438530,403,300,0,300,4
2020-05-06,Sonoma,97,501317,330,269,0,269,3
2020-05-06,Stanislaus,99,539301,531,434,4,438,9
2020-05-06,Sutter,101,95872,34,29,0,29,2
2020-05-06,Tehama,103,63373,2,1,0,1,1
2020-05-06,Trinity,105,12862,1,0,0,0,0
2020-05-06,Tulare,107,460477,1443,963,2,965,40
2020-05-06,Tuolumne,109,53932,3,2,0,2,0
2020-05-06,Ventura,111,848112,836,619,0,619,19
2020-05-06,Yolo,113,214977,186,172,0,172,18
2020-05-06,Yuba,115,75493,22,15,0,15,1
2020-05-05,Alameda,1,1643700,2223,1819,0,1819,67
2020-05-05,Alpine,3,1148,1,1,0,1,0
2020-05-05,Amador,5,37829,9,8,0,8,0
2020-05-05,Butte,7,227075,30,19,1,20,0
2020-05-05,Calaveras,9,45235,13,13,0,13,0
2020-05-05,Colusa,11,21464,3,3,0,3,0
2020-05-05,Contra Costa,13,1133247,1097,976,0,976,29
2020-05-05,Del Norte,15,27424,6,3,0,3,0
2020-05-05,El Dorado,17,186661,62,54,0,54,0
2020-05-05,Fresno,19,978130,1406,726,13,739,8
2020-05-05,Glenn,21,27897,8,3,0,3,0
2020-05-05,Humboldt,23,135768,63,54,0,54,0
2020-05-05,Imperial,25,180216,800,389,1,390,6
2020-05-05,Inyo,27,18085,19,20,0,20,1
2020-05-05,Kern,29,883053,1415,1084,1,1085,11
2020-05-05,Kings,31,150075,317,187,1,188,1
2020-05-05,Lake,33,64148,10,7,0,7,0
2020-05-05,Lassen,35,31185,1,0,2,2,0
2020-05-05,Los Angeles,37,10098052,34970,27867,21,27888,1289
2020-05-05,Madera,39,155013,105,53,0,53,2
2020-05-05,Marin,41,260295,263,244,1,245,14
2020-05-05,Mariposa,43,17540,15,14,0,14,0
2020-05-05,Mendocino,45,87422,12,10,0,10,0
2020-05-05,Merced,47,269075,220,141,0,141,3
2020-05-05,Modoc,49,8938,0,0,0,0,0
2020-05-05,Mono,51,14174,32,25,0,25,1
2020-05-05,Monterey,53,433212,304,240,0,240,6
2020-05-05,Napa,55,140530,83,74,0,74,2
2020-05-05,Nevada,57,99092,41,41,1,42,1
2020-05-05,Orange,59,3164182,4625,3041,17,3058,63
2020-05-05,Placer,61,380077,181,162,1,163,8
2020-05-05,Plumas,63,18699,4,4,0,4,0
2020-05-05,Riverside,65,2383286,5271,4309,7,4316,161
2020-05-05,Sacramento,67,1510023,1175,1125,0,1125,48
2020-05-05,San Benito,69,59416,54,50,0,50,2
2020-05-05,San Bernardino,71,2135413,3171,2345,0,2345,104
2020-05-05,San Diego,73,3302833,5245,4162,0,4162,150
2020-05-05,San Francisco,75,870044,2012,1779,0,1779,31
2020-05-05,San Joaquin,77,732212,638,577,3,580,26
2020-05-05,San Luis Obispo,79,281455,254,203,1,204,1
2020-05-05,San Mateo,81,765935,1578,1335,2,1337,56
2020-05-05,Santa Barbara,83,443738,1314,541,2,543,7
2020-05-05,Santa Clara,85,1922200,2580,2249,3,2252,124
2020-05-05,Santa Cruz,87,273765,144,134,0,134,2
2020-05-05,Shasta,89,179085,42,31,0,31,4
2020-05-05,Sierra,91,2930,0,0,0,0,0
2020-05-05,Siskiyou,93,43540,5,5,0,5,0
2020-05-05,Solano,95,438530,387,299,0,299,4
2020-05-05,Sonoma,97,501317,327,263,0,263,3
2020-05-05,Stanislaus,99,539301,519,430,4,434,9
2020-05-05,Sutter,101,95872,34,29,0,29,2
2020-05-05,Tehama,103,63373,2,1,0,1,1
2020-05-05,Trinity,105,12862,1,0,0,0,0
2020-05-05,Tulare,107,460477,1354,869,2,871,40
2020-05-05,Tuolumne,109,53932,3,2,0,2,0
2020-05-05,Ventura,111,848112,813,607,0,607,19
2020-05-05,Yolo,113,214977,184,171,0,171,18
2020-05-05,Yuba,115,75493,22,15,0,15,1
2020-05-04,Alameda,1,1643700,2164,1762,0,1762,65
2020-05-04,Alpine,3,1148,1,1,0,1,0
2020-05-04,Amador,5,37829,8,8,0,8,0
2020-05-04,Butte,7,227075,29,16,1,17,0
2020-05-04,Calaveras,9,45235,13,13,0,13,0
2020-05-04,Colusa,11,21464,3,3,0,3,0
2020-05-04,Contra Costa,13,1133247,1079,949,0,949,28
2020-05-04,Del Norte,15,27424,5,3,0,3,0
2020-05-04,El Dorado,17,186661,61,51,0,51,0
2020-05-04,Fresno,19,978130,1339,680,12,692,8
2020-05-04,Glenn,21,27897,8,4,0,4,0
2020-05-04,Humboldt,23,135768,61,54,0,54,0
2020-05-04,Imperial,25,180216,747,351,1,352,6
2020-05-04,Inyo,27,18085,19,20,0,20,1
2020-05-04,Kern,29,883053,1375,1047,1,1048,8
2020-05-04,Kings,31,150075,300,153,1,154,1
2020-05-04,Lake,33,64148,9,7,0,7,0
2020-05-04,Lassen,35,31185,1,0,2,2,0
2020-05-04,Los Angeles,37,10098052,33670,26243,20,26263,1235
2020-05-04,Madera,39,155013,104,52,0,52,2
2020-05-04,Marin,41,260295,258,244,1,245,13
2020-05-04,Mariposa,43,17540,15,13,0,13,0
2020-05-04,Mendocino,45,87422,12,10,0,10,0
2020-05-04,Merced,47,269075,220,138,0,138,3
2020-05-04,Modoc,49,8938,0,0,0,0,0
2020-05-04,Mono,51,14174,32,25,0,25,1
2020-05-04,Monterey,53,433212,293,237,0,237,6
2020-05-04,Napa,55,140530,83,72,0,72,2
2020-05-04,Nevada,57,99092,41,41,1,42,1
2020-05-04,Orange,59,3164182,4489,2931,16,2947,57
2020-05-04,Placer,61,380077,179,162,1,163,8
2020-05-04,Plumas,63,18699,4,4,0,4,0
2020-05-04,Riverside,65,2383286,5178,4221,7,4228,147
2020-05-04,Sacramento,67,1510023,1165,1119,0,1119,44
2020-05-04,San Benito,69,59416,52,49,0,49,2
2020-05-04,San Bernardino,71,2135413,3029,2184,0,2184,99
2020-05-04,San Diego,73,3302833,5104,4022,0,4022,144
2020-05-04,San Francisco,75,870044,1974,1760,0,1760,31
2020-05-04,San Joaquin,77,732212,624,574,3,577,26
2020-05-04,San Luis Obispo,79,281455,251,202,1,203,1
2020-05-04,San Mateo,81,765935,1553,1313,2,1315,53
2020-05-04,Santa Barbara,83,443738,1058,524,2,526,7
2020-05-04,Santa Clara,85,1922200,2566,2238,3,2241,119
2020-05-04,Santa Cruz,87,273765,143,133,0,133,2
2020-05-04,Shasta,89,179085,40,31,0,31,4
2020-05-04,Sierra,91,2930,0,0,0,0,0
2020-05-04,Siskiyou,93,43540,5,5,0,5,0
2020-05-04,Solano,95,438530,373,293,0,293,4
2020-05-04,Sonoma,97,501317,313,256,0,256,4
2020-05-04,Stanislaus,99,539301,513,422,4,426,8
2020-05-04,Sutter,101,95872,31,28,0,28,2
2020-05-04,Tehama,103,63373,2,1,0,1,1
2020-05-04,Trinity,105,12862,0,0,0,0,0
2020-05-04,Tulare,107,460477,1276,760,2,762,40
2020-05-04,Tuolumne,109,53932,3,3,0,3,0
2020-05-04,Ventura,111,848112,793,590,0,590,19
2020-05-04,Yolo,113,214977,183,171,0,171,18
2020-05-04,Yuba,115,75493,19,16,0,16,1
2020-05-03,Alameda,1,1643700,2108,1731,0,1731,64
2020-05-03,Alpine,3,1148,1,1,0,1,0
2020-05-03,Amador,5,37829,8,8,0,8,0
2020-05-03,Butte,7,227075,29,17,1,18,0
2020-05-03,Calaveras,9,45235,13,13,0,13,0
2020-05-03,Colusa,11,21464,3,3,0,3,0
2020-05-03,Contra Costa,13,1133247,1063,945,0,945,28
2020-05-03,Del Norte,15,27424,5,3,0,3,0
2020-05-03,El Dorado,17,186661,59,49,0,49,0
2020-05-03,Fresno,19,978130,1247,646,11,657,8
2020-05-03,Glenn,21,27897,7,5,0,5,0
2020-05-03,Humboldt,23,135768,60,54,0,54,0
2020-05-03,Imperial,25,180216,690,351,1,352,6
2020-05-03,Inyo,27,18085,19,20,0,20,1
2020-05-03,Kern,29,883053,1322,1025,1,1026,8
2020-05-03,Kings,31,150075,280,137,1,138,1
2020-05-03,Lake,33,64148,9,7,0,7,0
2020-05-03,Lassen,35,31185,1,0,2,2,0
2020-05-03,Los Angeles,37,10098052,32687,25708,20,25728,1210
2020-05-03,Madera,39,155013,97,46,0,46,2
2020-05-03,Marin,41,260295,253,243,1,244,13
2020-05-03,Mariposa,43,17540,15,13,0,13,0
2020-05-03,Mendocino,45,87422,12,10,0,10,0
2020-05-03,Merced,47,269075,212,134,0,134,3
2020-05-03,Modoc,49,8938,0,0,0,0,0
2020-05-03,Mono,51,14174,32,25,0,25,1
2020-05-03,Monterey,53,433212,284,235,0,235,6
2020-05-03,Napa,55,140530,83,72,0,72,2
2020-05-03,Nevada,57,99092,41,41,1,42,1
2020-05-03,Orange,59,3164182,4318,2859,15,2874,55
2020-05-03,Placer,61,380077,179,161,1,162,8
2020-05-03,Plumas,63,18699,4,4,0,4,0
2020-05-03,Riverside,65,2383286,5073,4034,7,4041,139
2020-05-03,Sacramento,67,1510023,1156,1109,0,1109,43
2020-05-03,San Benito,69,59416,52,49,0,49,2
2020-05-03,San Bernardino,71,2135413,2968,2123,0,2123,99
2020-05-03,San Diego,73,3302833,4967,3929,0,3929,142
2020-05-03,San Francisco,75,870044,1946,1692,0,1692,30
2020-05-03,San Joaquin,77,732212,617,570,3,573,26
2020-05-03,San Luis Obispo,79,281455,248,200,1,201,1
2020-05-03,San Mateo,81,765935,1525,1277,2,1279,53
2020-05-03,Santa Barbara,83,443738,690,512,2,514,7
2020-05-03,Santa Clara,85,1922200,2539,2235,3,2238,116
2020-05-03,Santa Cruz,87,273765,143,133,0,133,2
2020-05-03,Shasta,89,179085,38,31,0,31,4
2020-05-03,Sierra,91,2930,0,0,0,0,0
2020-05-03,Siskiyou,93,43540,5,5,0,5,0
2020-05-03,Solano,95,438530,363,266,0,266,4
2020-05-03,Sonoma,97,501317,304,254,0,254,4
2020-05-03,Stanislaus,99,539301,485,411,4,415,8
2020-05-03,Sutter,101,95872,30,28,0,28,2
2020-05-03,Tehama,103,63373,2,1,0,1,1
2020-05-03,Trinity,105,12862,0,0,0,0,0
2020-05-03,Tulare,107,460477,1198,736,2,738,40
2020-05-03,Tuolumne,109,53932,3,3,0,3,0
2020-05-03,Ventura,111,848112,762,583,0,583,19
2020-05-03,Yolo,113,214977,182,171,0,171,18
2020-05-03,Yuba,115,75493,19,16,0,16,1
2020-05-02,Alameda,1,1643700,2071,1678,0,1678,63
2020-05-02,Alpine,3,1148,1,1,0,1,0
2020-05-02,Amador,5,37829,8,8,0,8,0
2020-05-02,Butte,7,227075,29,17,1,18,0
2020-05-02,Calaveras,9,45235,13,13,0,13,0
2020-05-02,Colusa,11,21464,3,3,0,3,0
2020-05-02,Contra Costa,13,1133247,1046,929,0,929,28
2020-05-02,Del Norte,15,27424,5,3,0,3,0
2020-05-02,El Dorado,17,186661,59,47,0,47,0
2020-05-02,Fresno,19,978130,1225,629,10,639,8
2020-05-02,Glenn,21,27897,7,5,0,5,0
2020-05-02,Humboldt,23,135768,60,54,0,54,0
2020-05-02,Imperial,25,180216,663,345,1,346,6
2020-05-02,Inyo,27,18085,19,20,0,20,1
2020-05-02,Kern,29,883053,1296,1007,1,1008,8
2020-05-02,Kings,31,150075,277,120,1,121,1
2020-05-02,Lake,33,64148,9,7,0,7,0
2020-05-02,Lassen,35,31185,1,0,2,2,0
2020-05-02,Los Angeles,37,10098052,32159,24955,20,24975,1192
2020-05-02,Madera,39,155013,97,46,0,46,2
2020-05-02,Marin,41,260295,252,243,1,244,13
2020-05-02,Mariposa,43,17540,15,13,0,13,0
2020-05-02,Mendocino,45,87422,12,10,0,10,0
2020-05-02,Merced,47,269075,209,131,0,131,3
2020-05-02,Modoc,49,8938,0,0,0,0,0
2020-05-02,Mono,51,14174,32,25,0,25,1
2020-05-02,Monterey,53,433212,278,225,0,225,5
2020-05-02,Napa,55,140530,83,71,0,71,2
2020-05-02,Nevada,57,99092,41,41,1,42,1
2020-05-02,Orange,59,3164182,4204,2774,15,2789,52
2020-05-02,Placer,61,380077,177,150,1,151,8
2020-05-02,Plumas,63,18699,4,4,0,4,0
2020-05-02,Riverside,65,2383286,5007,3997,7,4004,137
2020-05-02,Sacramento,67,1510023,1153,1097,0,1097,43
2020-05-02,San Benito,69,59416,52,49,0,49,2
2020-05-02,San Bernardino,71,2135413,2929,2124,0,2124,99
2020-05-02,San Diego,73,3302833,4865,3844,0,3844,138
2020-05-02,San Francisco,75,870044,1923,1632,0,1632,29
2020-05-02,San Joaquin,77,732212,609,559,3,562,25
2020-05-02,San Luis Obispo,79,281455,242,193,1,194,1
2020-05-02,San Mateo,81,765935,1509,1272,2,1274,52
2020-05-02,Santa Barbara,83,443738,678,506,2,508,7
2020-05-02,Santa Clara,85,1922200,2529,2203,3,2206,115
2020-05-02,Santa Cruz,87,273765,142,131,0,131,2
2020-05-02,Shasta,89,179085,38,31,0,31,4
2020-05-02,Sierra,91,2930,0,0,0,0,0
2020-05-02,Siskiyou,93,43540,5,5,0,5,0
2020-05-02,Solano,95,438530,356,267,0,267,4
2020-05-02,Sonoma,97,501317,301,250,0,250,3
2020-05-02,Stanislaus,99,539301,477,388,4,392,8
2020-05-02,Sutter,101,95872,30,28,0,28,2
2020-05-02,Tehama,103,63373,2,1,0,1,1
2020-05-02,Trinity,105,12862,0,0,0,0,0
2020-05-02,Tulare,107,460477,1158,711,2,713,35
2020-05-02,Tuolumne,109,53932,3,3,0,3,0
2020-05-02,Ventura,111,848112,748,564,0,564,19
2020-05-02,Yolo,113,214977,182,169,0,169,17
2020-05-02,Yuba,115,75493,19,16,0,16,1
2020-05-01,Alameda,1,1643700,2034,1630,0,1630,63
2020-05-01,Alpine,3,1148,1,1,0,1,0
2020-05-01,Amador,5,37829,8,8,0,8,0
2020-05-01,Butte,7,227075,29,17,1,18,0
2020-05-01,Calaveras,9,45235,13,13,0,13,0
2020-05-01,Colusa,11,21464,3,3,0,3,0
2020-05-01,Contra Costa,13,1133247,1032,915,0,915,28
2020-05-01,Del Norte,15,27424,5,3,0,3,0
2020-05-01,El Dorado,17,186661,59,47,0,47,0
2020-05-01,Fresno,19,978130,1194,617,10,627,7
2020-05-01,Glenn,21,27897,7,4,0,4,0
2020-05-01,Humboldt,23,135768,60,54,0,54,0
2020-05-01,Imperial,25,180216,626,337,1,338,6
2020-05-01,Inyo,27,18085,19,20,0,20,1
2020-05-01,Kern,29,883053,1269,972,1,973,8
2020-05-01,Kings,31,150075,260,112,1,113,1
2020-05-01,Lake,33,64148,9,6,0,6,0
2020-05-01,Lassen,35,31185,1,0,2,2,0
2020-05-01,Los Angeles,37,10098052,31405,24306,20,24326,1155
2020-05-01,Madera,39,155013,93,46,0,46,2
2020-05-01,Marin,41,260295,252,242,1,243,13
2020-05-01,Mariposa,43,17540,15,10,0,10,0
2020-05-01,Mendocino,45,87422,12,11,0,11,0
2020-05-01,Merced,47,269075,206,131,0,131,3
2020-05-01,Modoc,49,8938,0,0,0,0,0
2020-05-01,Mono,51,14174,32,25,0,25,1
2020-05-01,Monterey,53,433212,274,222,0,222,5
2020-05-01,Napa,55,140530,83,69,0,69,2
2020-05-01,Nevada,57,99092,41,41,1,42,1
2020-05-01,Orange,59,3164182,4126,2660,14,2674,51
2020-05-01,Placer,61,380077,176,149,1,150,8
2020-05-01,Plumas,63,18699,4,4,0,4,0
2020-05-01,Riverside,65,2383286,4944,3893,7,3900,132
2020-05-01,Sacramento,67,1510023,1148,1081,0,1081,43
2020-05-01,San Benito,69,59416,52,49,0,49,2
2020-05-01,San Bernardino,71,2135413,2874,2084,0,2084,98
2020-05-01,San Diego,73,3302833,4775,3713,0,3713,134
2020-05-01,San Francisco,75,870044,1879,1552,0,1552,29
2020-05-01,San Joaquin,77,732212,605,554,3,557,25
2020-05-01,San Luis Obispo,79,281455,239,186,1,187,1
2020-05-01,San Mateo,81,765935,1487,1222,2,1224,52
2020-05-01,Santa Barbara,83,443738,670,499,2,501,7
2020-05-01,Santa Clara,85,1922200,2519,2176,3,2179,112
2020-05-01,Santa Cruz,87,273765,142,127,0,127,2
2020-05-01,Shasta,89,179085,38,31,0,31,4
2020-05-01,Sierra,91,2930,0,0,0,0,0
2020-05-01,Siskiyou,93,43540,5,5,0,5,0
2020-05-01,Solano,95,438530,348,266,0,266,4
2020-05-01,Sonoma,97,501317,298,242,0,242,3
2020-05-01,Stanislaus,99,539301,472,384,4,388,8
2020-05-01,Sutter,101,95872,30,28,0,28,2
2020-05-01,Tehama,103,63373,2,1,0,1,1
2020-05-01,Trinity,105,12862,0,0,0,0,0
2020-05-01,Tulare,107,460477,1114,685,2,687,32
2020-05-01,Tuolumne,109,53932,3,3,0,3,0
2020-05-01,Ventura,111,848112,735,556,0,556,18
2020-05-01,Yolo,113,214977,182,165,0,165,18
2020-05-01,Yuba,115,75493,19,16,0,16,1
2020-04-30,Alameda,1,1643700,1974,1599,0,1599,60
2020-04-30,Alpine,3,1148,1,1,0,1,0
2020-04-30,Amador,5,37829,8,8,0,8,0
2020-04-30,Butte,7,227075,29,16,1,17,0
2020-04-30,Calaveras,9,45235,13,13,0,13,0
2020-04-30,Colusa,11,21464,3,3,0,3,0
2020-04-30,Contra Costa,13,1133247,1010,900,0,900,25
2020-04-30,Del Norte,15,27424,4,3,0,3,0
2020-04-30,El Dorado,17,186661,59,44,0,44,0
2020-04-30,Fresno,19,978130,1132,562,7,569,7
2020-04-30,Glenn,21,27897,7,4,0,4,0
2020-04-30,Humboldt,23,135768,60,54,0,54,0
2020-04-30,Imperial,25,180216,579,322,1,323,6
2020-04-30,Inyo,27,18085,19,20,0,20,1
2020-04-30,Kern,29,883053,1238,941,1,942,8
2020-04-30,Kings,31,150075,248,87,1,88,1
2020-04-30,Lake,33,64148,9,6,0,6,0
2020-04-30,Lassen,35,31185,1,0,2,2,0
2020-04-30,Los Angeles,37,10098052,30398,23284,20,23304,1099
2020-04-30,Madera,39,155013,82,46,0,46,2
2020-04-30,Marin,41,260295,252,240,1,241,13
2020-04-30,Mariposa,43,17540,15,3,0,3,0
2020-04-30,Mendocino,45,87422,12,11,0,11,0
2020-04-30,Merced,47,269075,199,122,0,122,3
2020-04-30,Modoc,49,8938,0,0,0,0,0
2020-04-30,Mono,51,14174,31,25,0,25,1
2020-04-30,Monterey,53,433212,264,213,0,213,5
2020-04-30,Napa,55,140530,81,69,0,69,2
2020-04-30,Nevada,57,99092,41,41,1,42,1
2020-04-30,Orange,59,3164182,3912,2591,13,2604,46
2020-04-30,Placer,61,380077,175,148,1,149,8
2020-04-30,Plumas,63,18699,4,4,0,4,0
2020-04-30,Riverside,65,2383286,4844,3820,6,3826,124
2020-04-30,Sacramento,67,1510023,1142,1071,0,1071,43
2020-04-30,San Benito,69,59416,52,48,0,48,2
2020-04-30,San Bernardino,71,2135413,2673,2020,0,2020,96
2020-04-30,San Diego,73,3302833,4604,3566,0,3566,124
2020-04-30,San Francisco,75,870044,1845,1518,0,1518,26
2020-04-30,San Joaquin,77,732212,598,548,3,551,25
2020-04-30,San Luis Obispo,79,281455,236,182,1,183,1
2020-04-30,San Mateo,81,765935,1457,1194,2,1196,52
2020-04-30,Santa Barbara,83,443738,652,490,2,492,7
2020-04-30,Santa Clara,85,1922200,2483,2172,3,2175,111
2020-04-30,Santa Cruz,87,273765,141,126,0,126,2
2020-04-30,Shasta,89,179085,37,31,0,31,4
2020-04-30,Sierra,91,2930,0,0,0,0,0
2020-04-30,Siskiyou,93,43540,5,5,0,5,0
2020-04-30,Solano,95,438530,338,262,0,262,4
2020-04-30,Sonoma,97,501317,289,233,0,233,3
2020-04-30,Stanislaus,99,539301,465,378,4,382,7
2020-04-30,Sutter,101,95872,30,28,0,28,2
2020-04-30,Tehama,103,63373,1,1,0,1,1
2020-04-30,Trinity,105,12862,0,0,0,0,0
2020-04-30,Tulare,107,460477,1050,637,2,639,31
2020-04-30,Tuolumne,109,53932,3,3,0,3,0
2020-04-30,Ventura,111,848112,707,547,0,547,18
2020-04-30,Yolo,113,214977,181,164,0,164,16
2020-04-30,Yuba,115,75493,19,15,0,15,1
2020-04-29,Alameda,1,1643700,1916,1564,0,1564,60
2020-04-29,Alpine,3,1148,1,1,0,1,0
2020-04-29,Amador,5,37829,8,8,0,8,0
2020-04-29,Butte,7,227075,29,16,1,17,0
2020-04-29,Calaveras,9,45235,13,13,0,13,0
2020-04-29,Colusa,11,21464,3,3,0,3,0
2020-04-29,Contra Costa,13,1133247,991,885,0,885,25
2020-04-29,Del Norte,15,27424,4,3,0,3,0
2020-04-29,El Dorado,17,186661,57,44,0,44,0
2020-04-29,Fresno,19,978130,1080,544,7,551,7
2020-04-29,Glenn,21,27897,7,4,0,4,0
2020-04-29,Humboldt,23,135768,60,53,0,53,0
2020-04-29,Imperial,25,180216,550,300,1,301,6
2020-04-29,Inyo,27,18085,19,20,0,20,1
2020-04-29,Kern,29,883053,1195,910,1,911,6
2020-04-29,Kings,31,150075,229,80,1,81,1
2020-04-29,Lake,33,64148,9,6,0,6,0
2020-04-29,Lassen,35,31185,1,0,2,2,0
2020-04-29,Los Angeles,37,10098052,29421,22560,20,22580,1043
2020-04-29,Madera,39,155013,81,45,0,45,2
2020-04-29,Marin,41,260295,249,234,1,235,13
2020-04-29,Mariposa,43,17540,15,1,0,1,0
2020-04-29,Mendocino,45,87422,12,11,0,11,0
2020-04-29,Merced,47,269075,192,116,0,116,3
2020-04-29,Modoc,49,8938,0,0,0,0,0
2020-04-29,Mono,51,14174,31,25,0,25,1
2020-04-29,Monterey,53,433212,256,204,0,204,5
2020-04-29,Napa,55,140530,79,68,0,68,2
2020-04-29,Nevada,57,99092,41,41,1,42,1
2020-04-29,Orange,59,3164182,3782,2421,12,2433,43
2020-04-29,Placer,61,380077,173,145,1,146,8
2020-04-29,Plumas,63,18699,4,4,0,4,0
2020-04-29,Riverside,65,2383286,4768,3700,6,3706,116
2020-04-29,Sacramento,67,1510023,1120,1055,0,1055,41
2020-04-29,San Benito,69,59416,52,48,0,48,2
2020-04-29,San Bernardino,71,2135413,2586,1975,0,1975,91
2020-04-29,San Diego,73,3302833,4463,3434,0,3434,120
2020-04-29,San Francisco,75,870044,1817,1489,0,1489,23
2020-04-29,San Joaquin,77,732212,590,540,3,543,25
2020-04-29,San Luis Obispo,79,281455,234,181,1,182,1
2020-04-29,San Mateo,81,765935,1431,1170,2,1172,50
2020-04-29,Santa Barbara,83,443738,638,477,2,479,7
2020-04-29,Santa Clara,85,1922200,2463,2147,3,2150,108
2020-04-29,Santa Cruz,87,273765,140,124,0,124,2
2020-04-29,Shasta,89,179085,37,31,0,31,4
2020-04-29,Sierra,91,2930,0,0,0,0,0
2020-04-29,Siskiyou,93,43540,5,5,0,5,0
2020-04-29,Solano,95,438530,315,252,0,252,3
2020-04-29,Sonoma,97,501317,281,230,0,230,2
2020-04-29,Stanislaus,99,539301,452,374,4,378,5
2020-04-29,Sutter,101,95872,30,28,0,28,2
2020-04-29,Tehama,103,63373,1,1,0,1,1
2020-04-29,Trinity,105,12862,0,0,0,0,0
2020-04-29,Tulare,107,460477,980,615,2,617,30
2020-04-29,Tuolumne,109,53932,3,4,0,4,0
2020-04-29,Ventura,111,848112,684,530,0,530,18
2020-04-29,Yolo,113,214977,178,161,0,161,11
2020-04-29,Yuba,115,75493,19,15,0,15,1
2020-04-28,Alameda,1,1643700,1859,1525,0,1525,55
2020-04-28,Alpine,3,1148,1,1,0,1,0
2020-04-28,Amador,5,37829,8,8,0,8,0
2020-04-28,Butte,7,227075,29,16,1,17,0
2020-04-28,Calaveras,9,45235,13,13,0,13,0
2020-04-28,Colusa,11,21464,3,3,0,3,0
2020-04-28,Contra Costa,13,1133247,984,866,0,866,25
2020-04-28,Del Norte,15,27424,4,3,0,3,0
2020-04-28,El Dorado,17,186661,56,43,0,43,0
2020-04-28,Fresno,19,978130,1030,525,6,531,7
2020-04-28,Glenn,21,27897,5,4,0,4,0
2020-04-28,Humboldt,23,135768,59,53,0,53,0
2020-04-28,Imperial,25,180216,516,295,1,296,6
2020-04-28,Inyo,27,18085,19,20,0,20,1
2020-04-28,Kern,29,883053,1153,882,1,883,5
2020-04-28,Kings,31,150075,216,57,1,58,1
2020-04-28,Lake,33,64148,9,6,0,6,0
2020-04-28,Lassen,35,31185,1,0,2,2,0
2020-04-28,Los Angeles,37,10098052,28357,21029,20,21049,984
2020-04-28,Madera,39,155013,81,44,0,44,2
2020-04-28,Marin,41,260295,248,228,1,229,12
2020-04-28,Mariposa,43,17540,15,0,0,0,0
2020-04-28,Mendocino,45,87422,12,10,0,10,0
2020-04-28,Merced,47,269075,185,108,0,108,3
2020-04-28,Modoc,49,8938,0,0,0,0,0
2020-04-28,Mono,51,14174,31,25,0,25,1
2020-04-28,Monterey,53,433212,250,191,0,191,5
2020-04-28,Napa,55,140530,78,67,0,67,2
2020-04-28,Nevada,57,99092,41,41,1,42,1
2020-04-28,Orange,59,3164182,3619,2324,11,2335,42
2020-04-28,Placer,61,380077,163,143,1,144,8
2020-04-28,Plumas,63,18699,4,4,0,4,0
2020-04-28,Riverside,65,2383286,4673,3504,6,3510,113
2020-04-28,Sacramento,67,1510023,1106,1044,0,1044,41
2020-04-28,San Benito,69,59416,51,46,0,46,2
2020-04-28,San Bernardino,71,2135413,2509,1891,0,1891,89
2020-04-28,San Diego,73,3302833,4333,3316,0,3316,118
2020-04-28,San Francisco,75,870044,1782,1471,0,1471,23
2020-04-28,San Joaquin,77,732212,584,532,3,535,25
2020-04-28,San Luis Obispo,79,281455,228,172,1,173,1
2020-04-28,San Mateo,81,765935,1418,1129,2,1131,48
2020-04-28,Santa Barbara,83,443738,631,469,2,471,7
2020-04-28,Santa Clara,85,1922200,2433,2130,3,2133,106
2020-04-28,Santa Cruz,87,273765,140,123,0,123,2
2020-04-28,Shasta,89,179085,37,29,0,29,4
2020-04-28,Sierra,91,2930,0,0,0,0,0
2020-04-28,Siskiyou,93,43540,5,5,0,5,0
2020-04-28,Solano,95,438530,296,246,0,246,3
2020-04-28,Sonoma,97,501317,278,226,0,226,1
2020-04-28,Stanislaus,99,539301,436,330,4,334,5
2020-04-28,Sutter,101,95872,30,25,0,25,2
2020-04-28,Tehama,103,63373,1,1,0,1,1
2020-04-28,Trinity,105,12862,0,0,0,0,0
2020-04-28,Tulare,107,460477,886,579,2,581,30
2020-04-28,Tuolumne,109,53932,3,4,0,4,0
2020-04-28,Ventura,111,848112,666,517,0,517,17
2020-04-28,Yolo,113,214977,178,160,0,160,10
2020-04-28,Yuba,115,75493,19,15,0,15,1
2020-04-27,Alameda,1,1643700,1799,1494,0,1494,53
2020-04-27,Alpine,3,1148,1,1,0,1,0
2020-04-27,Amador,5,37829,8,8,0,8,0
2020-04-27,Butte,7,227075,28,16,1,17,0
2020-04-27,Calaveras,9,45235,13,13,0,13,0
2020-04-27,Colusa,11,21464,3,3,0,3,0
2020-04-27,Contra Costa,13,1133247,972,843,0,843,25
2020-04-27,Del Norte,15,27424,4,3,0,3,0
2020-04-27,El Dorado,17,186661,55,43,0,43,0
2020-04-27,Fresno,19,978130,927,504,5,509,7
2020-04-27,Glenn,21,27897,5,4,0,4,0
2020-04-27,Humboldt,23,135768,59,52,0,52,0
2020-04-27,Imperial,25,180216,486,290,1,291,6
2020-04-27,Inyo,27,18085,19,20,0,20,1
2020-04-27,Kern,29,883053,1115,865,1,866,4
2020-04-27,Kings,31,150075,193,48,1,49,1
2020-04-27,Lake,33,64148,8,6,0,6,0
2020-04-27,Lassen,35,31185,1,0,2,2,0
2020-04-27,Los Angeles,37,10098052,27340,20456,20,20476,931
2020-04-27,Madera,39,155013,79,42,0,42,2
2020-04-27,Marin,41,260295,243,227,1,228,12
2020-04-27,Mariposa,43,17540,14,0,0,0,0
2020-04-27,Mendocino,45,87422,12,10,0,10,0
2020-04-27,Merced,47,269075,182,108,0,108,3
2020-04-27,Modoc,49,8938,0,0,0,0,0
2020-04-27,Mono,51,14174,31,23,0,23,1
2020-04-27,Monterey,53,433212,243,185,0,185,4
2020-04-27,Napa,55,140530,75,64,0,64,2
2020-04-27,Nevada,57,99092,41,39,1,40,1
2020-04-27,Orange,59,3164182,3450,2198,11,2209,42
2020-04-27,Placer,61,380077,163,142,1,143,8
2020-04-27,Plumas,63,18699,4,4,0,4,0
2020-04-27,Riverside,65,2383286,4550,3381,6,3387,100
2020-04-27,Sacramento,67,1510023,1091,1035,0,1035,41
2020-04-27,San Benito,69,59416,49,45,0,45,2
2020-04-27,San Bernardino,71,2135413,2395,1742,0,1742,82
2020-04-27,San Diego,73,3302833,4207,3143,0,3143,113
2020-04-27,San Francisco,75,870044,1728,1453,0,1453,23
2020-04-27,San Joaquin,77,732212,578,522,3,525,25
2020-04-27,San Luis Obispo,79,281455,221,166,1,167,1
2020-04-27,San Mateo,81,765935,1396,1092,2,1094,46
2020-04-27,Santa Barbara,83,443738,618,466,2,468,7
2020-04-27,Santa Clara,85,1922200,2413,2104,2,2106,105
2020-04-27,Santa Cruz,87,273765,140,123,0,123,2
2020-04-27,Shasta,89,179085,37,29,0,29,4
2020-04-27,Sierra,91,2930,0,0,0,0,0
2020-04-27,Siskiyou,93,43540,5,5,0,5,0
2020-04-27,Solano,95,438530,296,222,0,222,3
2020-04-27,Sonoma,97,501317,269,220,0,220,1
2020-04-27,Stanislaus,99,539301,420,316,4,320,5
2020-04-27,Sutter,101,95872,29,26,0,26,2
2020-04-27,Tehama,103,63373,1,1,0,1,1
2020-04-27,Trinity,105,12862,0,0,0,0,0
2020-04-27,Tulare,107,460477,815,535,2,537,28
2020-04-27,Tuolumne,109,53932,3,3,0,3,0
2020-04-27,Ventura,111,848112,649,513,0,513,17
2020-04-27,Yolo,113,214977,175,160,0,160,9
2020-04-27,Yuba,115,75493,19,15,0,15,1
2020-04-26,Alameda,1,1643700,1738,1449,0,1449,52
2020-04-26,Alpine,3,1148,1,1,0,1,0
2020-04-26,Amador,5,37829,8,8,0,8,0
2020-04-26,Butte,7,227075,28,16,1,17,0
2020-04-26,Calaveras,9,45235,13,13,0,13,0
2020-04-26,Colusa,11,21464,3,3,0,3,0
2020-04-26,Contra Costa,13,1133247,956,830,0,830,25
2020-04-26,Del Norte,15,27424,3,3,0,3,0
2020-04-26,El Dorado,17,186661,53,41,0,41,0
2020-04-26,Fresno,19,978130,836,476,5,481,7
2020-04-26,Glenn,21,27897,5,4,0,4,0
2020-04-26,Humboldt,23,135768,59,53,0,53,0
2020-04-26,Imperial,25,180216,452,272,1,273,6
2020-04-26,Inyo,27,18085,19,20,0,20,1
2020-04-26,Kern,29,883053,1065,831,1,832,4
2020-04-26,Kings,31,150075,168,33,1,34,1
2020-04-26,Lake,33,64148,8,6,0,6,0
2020-04-26,Lassen,35,31185,1,0,2,2,0
2020-04-26,Los Angeles,37,10098052,26191,19570,20,19590,901
2020-04-26,Madera,39,155013,77,39,0,39,2
2020-04-26,Marin,41,260295,237,225,1,226,12
2020-04-26,Mariposa,43,17540,14,0,0,0,0
2020-04-26,Mendocino,45,87422,12,5,0,5,0
2020-04-26,Merced,47,269075,166,104,0,104,3
2020-04-26,Modoc,49,8938,0,0,0,0,0
2020-04-26,Mono,51,14174,31,23,0,23,1
2020-04-26,Monterey,53,433212,236,182,0,182,4
2020-04-26,Napa,55,140530,74,62,0,62,2
2020-04-26,Nevada,57,99092,41,37,1,38,1
2020-04-26,Orange,59,3164182,3285,2124,11,2135,40
2020-04-26,Placer,61,380077,163,141,1,142,8
2020-04-26,Plumas,63,18699,4,4,0,4,0
2020-04-26,Riverside,65,2383286,4409,3301,6,3307,95
2020-04-26,Sacramento,67,1510023,1082,1027,0,1027,41
2020-04-26,San Benito,69,59416,49,45,0,45,2
2020-04-26,San Bernardino,71,2135413,2298,1681,0,1681,82
2020-04-26,San Diego,73,3302833,4065,3045,0,3045,111
2020-04-26,San Francisco,75,870044,1689,1403,0,1403,23
2020-04-26,San Joaquin,77,732212,570,514,3,517,25
2020-04-26,San Luis Obispo,79,281455,218,165,1,166,1
2020-04-26,San Mateo,81,765935,1370,1070,2,1072,46
2020-04-26,Santa Barbara,83,443738,606,464,2,466,7
2020-04-26,Santa Clara,85,1922200,2394,2097,1,2098,102
2020-04-26,Santa Cruz,87,273765,140,116,0,116,2
2020-04-26,Shasta,89,179085,34,29,0,29,4
2020-04-26,Sierra,91,2930,0,0,0,0,0
2020-04-26,Siskiyou,93,43540,5,5,0,5,0
2020-04-26,Solano,95,438530,287,205,0,205,3
2020-04-26,Sonoma,97,501317,258,216,0,216,1
2020-04-26,Stanislaus,99,539301,405,294,4,298,4
2020-04-26,Sutter,101,95872,29,26,0,26,2
2020-04-26,Tehama,103,63373,1,1,0,1,1
2020-04-26,Trinity,105,12862,0,0,0,0,0
2020-04-26,Tulare,107,460477,758,497,2,499,28
2020-04-26,Tuolumne,109,53932,3,3,0,3,0
2020-04-26,Ventura,111,848112,634,509,0,509,17
2020-04-26,Yolo,113,214977,174,158,0,158,8
2020-04-26,Yuba,115,75493,18,15,0,15,1
2020-04-25,Alameda,1,1643700,1713,1396,0,1396,52
2020-04-25,Alpine,3,1148,1,1,0,1,0
2020-04-25,Amador,5,37829,8,8,0,8,0
2020-04-25,Butte,7,227075,27,16,1,17,0
2020-04-25,Calaveras,9,45235,13,12,0,12,0
2020-04-25,Colusa,11,21464,3,3,0,3,0
2020-04-25,Contra Costa,13,1133247,942,821,0,821,24
2020-04-25,Del Norte,15,27424,2,2,0,2,0
2020-04-25,El Dorado,17,186661,52,41,0,41,0
2020-04-25,Fresno,19,978130,806,459,4,463,7
2020-04-25,Glenn,21,27897,5,4,0,4,0
2020-04-25,Humboldt,23,135768,59,53,0,53,0
2020-04-25,Imperial,25,180216,435,232,1,233,6
2020-04-25,Inyo,27,18085,19,20,0,20,1
2020-04-25,Kern,29,883053,1034,802,1,803,4
2020-04-25,Kings,31,150075,156,33,1,34,1
2020-04-25,Lake,33,64148,6,6,0,6,0
2020-04-25,Lassen,35,31185,1,0,2,2,0
2020-04-25,Los Angeles,37,10098052,25557,19144,20,19164,881
2020-04-25,Madera,39,155013,74,39,0,39,2
2020-04-25,Marin,41,260295,237,215,1,216,12
2020-04-25,Mariposa,43,17540,14,0,0,0,0
2020-04-25,Mendocino,45,87422,11,5,0,5,0
2020-04-25,Merced,47,269075,166,103,0,103,3
2020-04-25,Modoc,49,8938,0,0,0,0,0
2020-04-25,Mono,51,14174,31,23,0,23,1
2020-04-25,Monterey,53,433212,234,173,0,173,4
2020-04-25,Napa,55,140530,74,60,0,60,2
2020-04-25,Nevada,57,99092,41,37,1,38,1
2020-04-25,Orange,59,3164182,3179,2047,11,2058,40
2020-04-25,Placer,61,380077,163,137,1,138,8
2020-04-25,Plumas,63,18699,4,4,0,4,0
2020-04-25,Riverside,65,2383286,4321,3037,6,3043,93
2020-04-25,Sacramento,67,1510023,1080,1015,0,1015,41
2020-04-25,San Benito,69,59416,49,45,0,45,2
2020-04-25,San Bernardino,71,2135413,2253,1675,0,1675,82
2020-04-25,San Diego,73,3302833,3965,2945,0,2945,111
2020-04-25,San Francisco,75,870044,1664,1341,0,1341,22
2020-04-25,San Joaquin,77,732212,563,497,3,500,24
2020-04-25,San Luis Obispo,79,281455,217,159,1,160,1
2020-04-25,San Mateo,81,765935,1352,1054,2,1056,46
2020-04-25,Santa Barbara,83,443738,598,457,2,459,7
2020-04-25,Santa Clara,85,1922200,2376,2045,1,2046,99
2020-04-25,Santa Cruz,87,273765,140,112,0,112,2
2020-04-25,Shasta,89,179085,34,29,0,29,4
2020-04-25,Sierra,91,2930,0,0,0,0,0
2020-04-25,Siskiyou,93,43540,5,5,0,5,0
2020-04-25,Solano,95,438530,283,203,0,203,3
2020-04-25,Sonoma,97,501317,254,199,0,199,1
2020-04-25,Stanislaus,99,539301,397,276,4,280,4
2020-04-25,Sutter,101,95872,29,24,0,24,2
2020-04-25,Tehama,103,63373,1,1,0,1,1
2020-04-25,Trinity,105,12862,0,0,0,0,0
2020-04-25,Tulare,107,460477,725,478,2,480,28
2020-04-25,Tuolumne,109,53932,3,2,0,2,0
2020-04-25,Ventura,111,848112,620,494,0,494,16
2020-04-25,Yolo,113,214977,174,157,0,157,8
2020-04-25,Yuba,115,75493,17,15,0,15,1
2020-04-24,Alameda,1,1643700,1682,1385,0,1385,50
2020-04-24,Alpine,3,1148,1,1,0,1,0
2020-04-24,Amador,5,37829,8,8,0,8,0
2020-04-24,Butte,7,227075,27,15,1,16,0
2020-04-24,Calaveras,9,45235,13,12,0,12,0
2020-04-24,Colusa,11,21464,3,3,0,3,0
2020-04-24,Contra Costa,13,1133247,933,806,0,806,23
2020-04-24,Del Norte,15,27424,2,2,0,2,0
2020-04-24,El Dorado,17,186661,51,41,0,41,0
2020-04-24,Fresno,19,978130,787,449,4,453,7
2020-04-24,Glenn,21,27897,5,4,0,4,0
2020-04-24,Humboldt,23,135768,59,53,0,53,0
2020-04-24,Imperial,25,180216,419,232,1,233,6
2020-04-24,Inyo,27,18085,19,20,0,20,0
2020-04-24,Kern,29,883053,1010,770,1,771,4
2020-04-24,Kings,31,150075,127,30,1,31,1
2020-04-24,Lake,33,64148,6,6,0,6,0
2020-04-24,Lassen,35,31185,1,0,2,2,0
2020-04-24,Los Angeles,37,10098052,24625,18553,20,18573,836
2020-04-24,Madera,39,155013,74,39,0,39,2
2020-04-24,Marin,41,260295,237,211,1,212,11
2020-04-24,Mariposa,43,17540,8,0,0,0,0
2020-04-24,Mendocino,45,87422,11,5,0,5,0
2020-04-24,Merced,47,269075,163,102,0,102,3
2020-04-24,Modoc,49,8938,0,0,0,0,0
2020-04-24,Mono,51,14174,30,23,0,23,1
2020-04-24,Monterey,53,433212,227,167,0,167,4
2020-04-24,Napa,55,140530,73,59,0,59,2
2020-04-24,Nevada,57,99092,41,36,1,37,1
2020-04-24,Orange,59,3164182,3071,1945,11,1956,39
2020-04-24,Placer,61,380077,161,137,1,138,8
2020-04-24,Plumas,63,18699,4,4,0,4,0
2020-04-24,Riverside,65,2383286,4240,3044,6,3050,87
2020-04-24,Sacramento,67,1510023,1074,1009,0,1009,41
2020-04-24,San Benito,69,59416,49,45,0,45,2
2020-04-24,San Bernardino,71,2135413,2218,1667,0,1667,80
2020-04-24,San Diego,73,3302833,3854,2828,0,2828,102
2020-04-24,San Francisco,75,870044,1606,1345,0,1345,22
2020-04-24,San Joaquin,77,732212,556,484,3,487,24
2020-04-24,San Luis Obispo,79,281455,214,151,1,152,1
2020-04-24,San Mateo,81,765935,1329,1004,2,1006,43
2020-04-24,Santa Barbara,83,443738,591,450,2,452,6
2020-04-24,Santa Clara,85,1922200,2348,2026,1,2027,98
2020-04-24,Santa Cruz,87,273765,136,111,0,111,2
2020-04-24,Shasta,89,179085,34,28,0,28,4
2020-04-24,Sierra,91,2930,0,0,0,0,0
2020-04-24,Siskiyou,93,43540,5,5,0,5,0
2020-04-24,Solano,95,438530,281,203,0,203,3
2020-04-24,Sonoma,97,501317,250,199,0,199,1
2020-04-24,Stanislaus,99,539301,394,273,4,277,4
2020-04-24,Sutter,101,95872,28,24,0,24,2
2020-04-24,Tehama,103,63373,1,1,0,1,1
2020-04-24,Trinity,105,12862,0,0,0,0,0
2020-04-24,Tulare,107,460477,697,459,2,461,27
2020-04-24,Tuolumne,109,53932,3,2,0,2,0
2020-04-24,Ventura,111,848112,611,489,0,489,16
2020-04-24,Yolo,113,214977,173,155,0,155,8
2020-04-24,Yuba,115,75493,16,15,0,15,1
2020-04-23,Alameda,1,1643700,1644,1336,0,1336,46
2020-04-23,Alpine,3,1148,1,1,0,1,0
2020-04-23,Amador,5,37829,8,8,0,8,0
2020-04-23,Butte,7,227075,26,15,1,16,0
2020-04-23,Calaveras,9,45235,13,12,0,12,0
2020-04-23,Colusa,11,21464,3,3,0,3,0
2020-04-23,Contra Costa,13,1133247,912,786,0,786,23
2020-04-23,Del Norte,15,27424,2,2,0,2,0
2020-04-23,El Dorado,17,186661,50,39,0,39,0
2020-04-23,Fresno,19,978130,749,426,4,430,7
2020-04-23,Glenn,21,27897,5,3,0,3,0
2020-04-23,Humboldt,23,135768,59,53,0,53,0
2020-04-23,Imperial,25,180216,399,181,1,182,4
2020-04-23,Inyo,27,18085,19,19,0,19,0
2020-04-23,Kern,29,883053,962,732,1,733,4
2020-04-23,Kings,31,150075,112,28,1,29,1
2020-04-23,Lake,33,64148,6,6,0,6,0
2020-04-23,Lassen,35,31185,1,0,2,2,0
2020-04-23,Los Angeles,37,10098052,23565,17548,19,17567,784
2020-04-23,Madera,39,155013,72,37,0,37,2
2020-04-23,Marin,41,260295,224,209,1,210,11
2020-04-23,Mariposa,43,17540,7,0,0,0,0
2020-04-23,Mendocino,45,87422,9,5,0,5,0
2020-04-23,Merced,47,269075,159,98,0,98,3
2020-04-23,Modoc,49,8938,0,0,0,0,0
2020-04-23,Mono,51,14174,30,23,0,23,1
2020-04-23,Monterey,53,433212,223,161,0,161,4
2020-04-23,Napa,55,140530,66,59,0,59,2
2020-04-23,Nevada,57,99092,41,36,1,37,1
2020-04-23,Orange,59,3164182,2893,1841,10,1851,37
2020-04-23,Placer,61,380077,158,136,1,137,8
2020-04-23,Plumas,63,18699,4,4,0,4,0
2020-04-23,Riverside,65,2383286,4127,2935,6,2941,78
2020-04-23,Sacramento,67,1510023,1062,978,0,978,41
2020-04-23,San Benito,69,59416,46,43,0,43,2
2020-04-23,San Bernardino,71,2135413,2153,1604,0,1604,79
2020-04-23,San Diego,73,3302833,3693,2645,0,2645,100
2020-04-23,San Francisco,75,870044,1581,1312,0,1312,21
2020-04-23,San Joaquin,77,732212,546,479,3,482,20
2020-04-23,San Luis Obispo,79,281455,210,146,1,147,1
2020-04-23,San Mateo,81,765935,1289,970,2,972,42
2020-04-23,Santa Barbara,83,443738,581,445,2,447,6
2020-04-23,Santa Clara,85,1922200,2318,1996,1,1997,95
2020-04-23,Santa Cruz,87,273765,135,110,0,110,2
2020-04-23,Shasta,89,179085,34,27,0,27,3
2020-04-23,Sierra,91,2930,0,0,0,0,0
2020-04-23,Siskiyou,93,43540,5,5,0,5,0
2020-04-23,Solano,95,438530,267,196,0,196,3
2020-04-23,Sonoma,97,501317,238,187,0,187,1
2020-04-23,Stanislaus,99,539301,390,254,4,258,4
2020-04-23,Sutter,101,95872,28,24,0,24,2
2020-04-23,Tehama,103,63373,1,1,0,1,1
2020-04-23,Trinity,105,12862,0,0,0,0,0
2020-04-23,Tulare,107,460477,668,440,2,442,25
2020-04-23,Tuolumne,109,53932,3,2,0,2,0
2020-04-23,Ventura,111,848112,597,479,0,479,16
2020-04-23,Yolo,113,214977,170,151,0,151,8
2020-04-23,Yuba,115,75493,16,15,0,15,1
2020-04-22,Alameda,1,1643700,1595,1275,0,1275,46
2020-04-22,Alpine,3,1148,1,1,0,1,0
2020-04-22,Amador,5,37829,8,7,0,7,0
2020-04-22,Butte,7,227075,25,15,1,16,0
2020-04-22,Calaveras,9,45235,13,12,0,12,0
2020-04-22,Colusa,11,21464,3,3,0,3,0
2020-04-22,Contra Costa,13,1133247,897,772,0,772,22
2020-04-22,Del Norte,15,27424,2,2,0,2,0
2020-04-22,El Dorado,17,186661,50,39,0,39,0
2020-04-22,Fresno,19,978130,712,388,4,392,7
2020-04-22,Glenn,21,27897,5,3,0,3,0
2020-04-22,Humboldt,23,135768,59,53,0,53,0
2020-04-22,Imperial,25,180216,388,170,1,171,3
2020-04-22,Inyo,27,18085,19,18,0,18,0
2020-04-22,Kern,29,883053,940,713,1,714,4
2020-04-22,Kings,31,150075,91,28,1,29,1
2020-04-22,Lake,33,64148,6,6,0,6,0
2020-04-22,Lassen,35,31185,1,0,2,2,0
2020-04-22,Los Angeles,37,10098052,22536,16400,19,16419,715
2020-04-22,Madera,39,155013,70,37,0,37,2
2020-04-22,Marin,41,260295,222,202,1,203,11
2020-04-22,Mariposa,43,17540,6,0,0,0,0
2020-04-22,Mendocino,45,87422,6,5,0,5,0
2020-04-22,Merced,47,269075,147,92,0,92,3
2020-04-22,Modoc,49,8938,0,0,0,0,0
2020-04-22,Mono,51,14174,29,23,0,23,1
2020-04-22,Monterey,53,433212,216,154,0,154,4
2020-04-22,Napa,55,140530,65,58,0,58,2
2020-04-22,Nevada,57,99092,41,36,1,37,1
2020-04-22,Orange,59,3164182,2800,1785,10,1795,36
2020-04-22,Placer,61,380077,156,133,1,134,8
2020-04-22,Plumas,63,18699,4,4,0,4,0
2020-04-22,Riverside,65,2383286,4024,2822,6,2828,76
2020-04-22,Sacramento,67,1510023,1057,959,0,959,36
2020-04-22,San Benito,69,59416,45,43,0,43,2
2020-04-22,San Bernardino,71,2135413,2090,1564,0,1564,74
2020-04-22,San Diego,73,3302833,3565,2493,0,2493,96
2020-04-22,San Francisco,75,870044,1544,1255,0,1255,21
2020-04-22,San Joaquin,77,732212,535,462,3,465,20
2020-04-22,San Luis Obispo,79,281455,201,142,1,143,1
2020-04-22,San Mateo,81,765935,1266,945,2,947,40
2020-04-22,Santa Barbara,83,443738,573,437,2,439,6
2020-04-22,Santa Clara,85,1922200,2305,1969,1,1970,95
2020-04-22,Santa Cruz,87,273765,131,106,0,106,2
2020-04-22,Shasta,89,179085,33,26,0,26,3
2020-04-22,Sierra,91,2930,0,0,0,0,0
2020-04-22,Siskiyou,93,43540,5,5,0,5,0
2020-04-22,Solano,95,438530,248,195,0,195,3
2020-04-22,Sonoma,97,501317,235,185,0,185,1
2020-04-22,Stanislaus,99,539301,334,247,4,251,4
2020-04-22,Sutter,101,95872,28,22,0,22,2
2020-04-22,Tehama,103,63373,1,1,0,1,1
2020-04-22,Trinity,105,12862,0,0,0,0,0
2020-04-22,Tulare,107,460477,635,425,2,427,23
2020-04-22,Tuolumne,109,53932,3,2,0,2,0
2020-04-22,Ventura,111,848112,587,465,0,465,15
2020-04-22,Yolo,113,214977,170,147,0,147,8
2020-04-22,Yuba,115,75493,16,15,0,15,1
2020-04-21,Alameda,1,1643700,1565,1234,0,1234,46
2020-04-21,Alpine,3,1148,1,1,0,1,0
2020-04-21,Amador,5,37829,8,7,0,7,0
2020-04-21,Butte,7,227075,24,15,1,16,0
2020-04-21,Calaveras,9,45235,12,12,0,12,0
2020-04-21,Colusa,11,21464,3,3,0,3,0
2020-04-21,Contra Costa,13,1133247,883,766,0,766,22
2020-04-21,Del Norte,15,27424,2,2,0,2,0
2020-04-21,El Dorado,17,186661,50,36,0,36,0
2020-04-21,Fresno,19,978130,678,372,4,376,7
2020-04-21,Glenn,21,27897,5,3,0,3,0
2020-04-21,Humboldt,23,135768,58,53,0,53,0
2020-04-21,Imperial,25,180216,368,165,1,166,2
2020-04-21,Inyo,27,18085,19,18,0,18,0
2020-04-21,Kern,29,883053,898,676,1,677,4
2020-04-21,Kings,31,150075,78,28,1,29,1
2020-04-21,Lake,33,64148,6,6,0,6,0
2020-04-21,Lassen,35,31185,1,0,2,2,0
2020-04-21,Los Angeles,37,10098052,21676,15096,19,15115,650
2020-04-21,Madera,39,155013,70,37,0,37,2
2020-04-21,Marin,41,260295,216,202,1,203,10
2020-04-21,Mariposa,43,17540,5,0,0,0,0
2020-04-21,Mendocino,45,87422,6,5,0,5,0
2020-04-21,Merced,47,269075,143,89,0,89,3
2020-04-21,Modoc,49,8938,0,0,0,0,0
2020-04-21,Mono,51,14174,29,23,0,23,1
2020-04-21,Monterey,53,433212,213,151,0,151,4
2020-04-21,Napa,55,140530,64,58,0,58,2
2020-04-21,Nevada,57,99092,41,36,1,37,1
2020-04-21,Orange,59,3164182,2678,1717,9,1726,36
2020-04-21,Placer,61,380077,154,133,0,133,8
2020-04-21,Plumas,63,18699,4,4,0,4,0
2020-04-21,Riverside,65,2383286,3893,2631,6,2637,68
2020-04-21,Sacramento,67,1510023,1047,941,0,941,33
2020-04-21,San Benito,69,59416,44,43,0,43,2
2020-04-21,San Bernardino,71,2135413,2029,1499,0,1499,71
2020-04-21,San Diego,73,3302833,3409,2436,0,2436,87
2020-04-21,San Francisco,75,870044,1514,1232,0,1232,20
2020-04-21,San Joaquin,77,732212,525,447,3,450,20
2020-04-21,San Luis Obispo,79,281455,197,134,1,135,1
2020-04-21,San Mateo,81,765935,1220,933,2,935,34
2020-04-21,Santa Barbara,83,443738,561,414,1,415,5
2020-04-21,Santa Clara,85,1922200,2263,1943,1,1944,91
2020-04-21,Santa Cruz,87,273765,129,104,0,104,2
2020-04-21,Shasta,89,179085,32,26,0,26,3
2020-04-21,Sierra,91,2930,0,0,0,0,0
2020-04-21,Siskiyou,93,43540,5,5,0,5,0
2020-04-21,Solano,95,438530,240,193,0,193,3
2020-04-21,Sonoma,97,501317,225,182,0,182,1
2020-04-21,Stanislaus,99,539301,315,235,4,239,4
2020-04-21,Sutter,101,95872,28,22,0,22,2
2020-04-21,Tehama,103,63373,1,1,0,1,1
2020-04-21,Trinity,105,12862,0,0,0,0,0
2020-04-21,Tulare,107,460477,600,410,2,412,23
2020-04-21,Tuolumne,109,53932,3,2,0,2,0
2020-04-21,Ventura,111,848112,575,455,0,455,14
2020-04-21,Yolo,113,214977,168,143,0,143,8
2020-04-21,Yuba,115,75493,16,15,0,15,1
2020-04-20,Alameda,1,1643700,1532,1181,0,1181,42
2020-04-20,Alpine,3,1148,1,1,0,1,0
2020-04-20,Amador,5,37829,8,7,0,7,0
2020-04-20,Butte,7,227075,24,15,1,16,0
2020-04-20,Calaveras,9,45235,12,12,0,12,0
2020-04-20,Colusa,11,21464,3,3,0,3,0
2020-04-20,Contra Costa,13,1133247,873,753,0,753,22
2020-04-20,Del Norte,15,27424,2,2,0,2,0
2020-04-20,El Dorado,17,186661,50,36,0,36,0
2020-04-20,Fresno,19,978130,660,356,4,360,7
2020-04-20,Glenn,21,27897,4,3,0,3,0
2020-04-20,Humboldt,23,135768,58,53,0,53,0
2020-04-20,Imperial,25,180216,348,149,1,150,2
2020-04-20,Inyo,27,18085,19,17,0,17,0
2020-04-20,Kern,29,883053,866,651,1,652,3
2020-04-20,Kings,31,150075,67,19,1,20,1
2020-04-20,Lake,33,64148,6,6,0,6,0
2020-04-20,Lassen,35,31185,1,0,2,2,0
2020-04-20,Los Angeles,37,10098052,20762,13787,19,13806,608
2020-04-20,Madera,39,155013,69,35,0,35,2
2020-04-20,Marin,41,260295,212,200,1,201,10
2020-04-20,Mariposa,43,17540,5,0,0,0,0
2020-04-20,Mendocino,45,87422,6,5,0,5,0
2020-04-20,Merced,47,269075,136,88,0,88,3
2020-04-20,Modoc,49,8938,0,0,0,0,0
2020-04-20,Mono,51,14174,29,23,0,23,1
2020-04-20,Monterey,53,433212,204,147,0,147,4
2020-04-20,Napa,55,140530,64,55,0,55,2
2020-04-20,Nevada,57,99092,41,34,1,35,1
2020-04-20,Orange,59,3164182,2597,1679,9,1688,33
2020-04-20,Placer,61,380077,153,132,0,132,8
2020-04-20,Plumas,63,18699,4,4,0,4,0
2020-04-20,Riverside,65,2383286,3768,2477,6,2483,61
2020-04-20,Sacramento,67,1510023,1036,924,0,924,32
2020-04-20,San Benito,69,59416,44,43,0,43,2
2020-04-20,San Bernardino,71,2135413,1942,1344,0,1344,63
2020-04-20,San Diego,73,3302833,3268,2327,0,2327,72
2020-04-20,San Francisco,75,870044,1482,1223,0,1223,19
2020-04-20,San Joaquin,77,732212,521,422,3,425,17
2020-04-20,San Luis Obispo,79,281455,183,132,1,133,1
2020-04-20,San Mateo,81,765935,1197,890,2,892,31
2020-04-20,Santa Barbara,83,443738,550,388,1,389,4
2020-04-20,Santa Clara,85,1922200,2239,1920,1,1921,84
2020-04-20,Santa Cruz,87,273765,127,102,0,102,2
2020-04-20,Shasta,89,179085,32,26,0,26,3
2020-04-20,Sierra,91,2930,0,0,0,0,0
2020-04-20,Siskiyou,93,43540,5,5,0,5,0
2020-04-20,Solano,95,438530,237,185,0,185,2
2020-04-20,Sonoma,97,501317,217,178,0,178,1
2020-04-20,Stanislaus,99,539301,301,228,4,232,3
2020-04-20,Sutter,101,95872,27,22,0,22,2
2020-04-20,Tehama,103,63373,1,1,0,1,1
2020-04-20,Trinity,105,12862,0,0,0,0,0
2020-04-20,Tulare,107,460477,589,401,2,403,20
2020-04-20,Tuolumne,109,53932,3,2,0,2,0
2020-04-20,Ventura,111,848112,563,426,0,426,13
2020-04-20,Yolo,113,214977,167,125,0,125,5
2020-04-20,Yuba,115,75493,16,15,0,15,1
2020-04-19,Alameda,1,1643700,1482,1134,0,1134,41
2020-04-19,Alpine,3,1148,1,1,0,1,0
2020-04-19,Amador,5,37829,7,7,0,7,0
2020-04-19,Butte,7,227075,23,15,1,16,0
2020-04-19,Calaveras,9,45235,12,12,0,12,0
2020-04-19,Colusa,11,21464,3,3,0,3,0
2020-04-19,Contra Costa,13,1133247,859,731,0,731,20
2020-04-19,Del Norte,15,27424,2,2,0,2,0
2020-04-19,El Dorado,17,186661,50,36,0,36,0
2020-04-19,Fresno,19,978130,624,326,4,330,7
2020-04-19,Glenn,21,27897,4,3,0,3,0
2020-04-19,Humboldt,23,135768,58,53,0,53,0
2020-04-19,Imperial,25,180216,322,144,0,144,2
2020-04-19,Inyo,27,18085,19,17,0,17,0
2020-04-19,Kern,29,883053,841,629,1,630,3
2020-04-19,Kings,31,150075,57,17,1,18,1
2020-04-19,Lake,33,64148,6,6,0,6,0
2020-04-19,Lassen,35,31185,1,0,2,2,0
2020-04-19,Los Angeles,37,10098052,19766,12299,19,12318,589
2020-04-19,Madera,39,155013,67,34,0,34,2
2020-04-19,Marin,41,260295,211,194,1,195,10
2020-04-19,Mariposa,43,17540,2,0,0,0,0
2020-04-19,Mendocino,45,87422,6,4,0,4,0
2020-04-19,Merced,47,269075,131,85,0,85,3
2020-04-19,Modoc,49,8938,0,0,0,0,0
2020-04-19,Mono,51,14174,29,23,0,23,1
2020-04-19,Monterey,53,433212,196,140,0,140,4
2020-04-19,Napa,55,140530,62,49,0,49,2
2020-04-19,Nevada,57,99092,40,34,1,35,1
2020-04-19,Orange,59,3164182,2501,1591,8,1599,32
2020-04-19,Placer,61,380077,152,131,0,131,8
2020-04-19,Plumas,63,18699,4,4,0,4,0
2020-04-19,Riverside,65,2383286,3625,2316,6,2322,56
2020-04-19,Sacramento,67,1510023,1010,912,0,912,32
2020-04-19,San Benito,69,59416,42,40,0,40,2
2020-04-19,San Bernardino,71,2135413,1879,1262,0,1262,58
2020-04-19,San Diego,73,3302833,3101,2270,0,2270,71
2020-04-19,San Francisco,75,870044,1449,1153,0,1153,19
2020-04-19,San Joaquin,77,732212,503,404,3,407,17
2020-04-19,San Luis Obispo,79,281455,178,132,1,133,1
2020-04-19,San Mateo,81,765935,1161,845,2,847,31
2020-04-19,Santa Barbara,83,443738,541,377,1,378,3
2020-04-19,Santa Clara,85,1922200,2203,1878,1,1879,81
2020-04-19,Santa Cruz,87,273765,124,98,0,98,2
2020-04-19,Shasta,89,179085,30,26,0,26,3
2020-04-19,Sierra,91,2930,0,0,0,0,0
2020-04-19,Siskiyou,93,43540,5,5,0,5,0
2020-04-19,Solano,95,438530,229,174,0,174,2
2020-04-19,Sonoma,97,501317,211,172,0,172,1
2020-04-19,Stanislaus,99,539301,293,221,4,225,3
2020-04-19,Sutter,101,95872,26,21,0,21,2
2020-04-19,Tehama,103,63373,1,1,0,1,1
2020-04-19,Trinity,105,12862,0,0,0,0,0
2020-04-19,Tulare,107,460477,544,391,2,393,17
2020-04-19,Tuolumne,109,53932,3,2,0,2,0
2020-04-19,Ventura,111,848112,555,418,0,418,13
2020-04-19,Yolo,113,214977,167,120,0,120,5
2020-04-19,Yuba,115,75493,16,15,0,15,1
2020-04-18,Alameda,1,1643700,1457,1085,0,1085,40
2020-04-18,Alpine,3,1148,1,1,0,1,0
2020-04-18,Amador,5,37829,7,7,0,7,0
2020-04-18,Butte,7,227075,22,15,1,16,0
2020-04-18,Calaveras,9,45235,12,12,0,12,0
2020-04-18,Colusa,11,21464,3,3,0,3,0
2020-04-18,Contra Costa,13,1133247,847,721,0,721,17
2020-04-18,Del Norte,15,27424,2,2,0,2,0
2020-04-18,El Dorado,17,186661,50,36,0,36,0
2020-04-18,Fresno,19,978130,604,319,4,323,7
2020-04-18,Glenn,21,27897,4,3,0,3,0
2020-04-18,Humboldt,23,135768,58,52,0,52,0
2020-04-18,Imperial,25,180216,313,137,0,137,2
2020-04-18,Inyo,27,18085,19,17,0,17,0
2020-04-18,Kern,29,883053,819,626,1,627,3
2020-04-18,Kings,31,150075,56,17,1,18,1
2020-04-18,Lake,33,64148,6,6,0,6,0
2020-04-18,Lassen,35,31185,1,0,2,2,0
2020-04-18,Los Angeles,37,10098052,19242,11984,18,12002,566
2020-04-18,Madera,39,155013,66,34,0,34,2
2020-04-18,Marin,41,260295,209,193,1,194,10
2020-04-18,Mariposa,43,17540,2,0,0,0,0
2020-04-18,Mendocino,45,87422,6,4,0,4,0
2020-04-18,Merced,47,269075,129,82,0,82,3
2020-04-18,Modoc,49,8938,0,0,0,0,0
2020-04-18,Mono,51,14174,29,22,0,22,1
2020-04-18,Monterey,53,433212,192,135,0,135,3
2020-04-18,Napa,55,140530,62,49,0,49,2
2020-04-18,Nevada,57,99092,39,34,1,35,1
2020-04-18,Orange,59,3164182,2437,1569,7,1576,32
2020-04-18,Placer,61,380077,150,130,0,130,8
2020-04-18,Plumas,63,18699,4,4,0,4,0
2020-04-18,Riverside,65,2383286,3553,2257,6,2263,56
2020-04-18,Sacramento,67,1510023,998,901,0,901,32
2020-04-18,San Benito,69,59416,42,40,0,40,2
2020-04-18,San Bernardino,71,2135413,1834,1255,0,1255,58
2020-04-18,San Diego,73,3302833,2999,2215,0,2215,71
2020-04-18,San Francisco,75,870044,1410,1144,0,1144,19
2020-04-18,San Joaquin,77,732212,494,392,3,395,17
2020-04-18,San Luis Obispo,79,281455,174,129,1,130,1
2020-04-18,San Mateo,81,765935,1139,821,2,823,31
2020-04-18,Santa Barbara,83,443738,535,372,1,373,3
2020-04-18,Santa Clara,85,1922200,2173,1862,1,1863,79
2020-04-18,Santa Cruz,87,273765,122,96,0,96,2
2020-04-18,Shasta,89,179085,30,26,0,26,3
2020-04-18,Sierra,91,2930,0,0,0,0,0
2020-04-18,Siskiyou,93,43540,5,5,0,5,0
2020-04-18,Solano,95,438530,226,175,0,175,2
2020-04-18,Sonoma,97,501317,207,168,0,168,1
2020-04-18,Stanislaus,99,539301,285,216,4,220,3
2020-04-18,Sutter,101,95872,26,21,0,21,2
2020-04-18,Tehama,103,63373,1,1,0,1,1
2020-04-18,Trinity,105,12862,0,0,0,0,0
2020-04-18,Tulare,107,460477,535,385,2,387,17
2020-04-18,Tuolumne,109,53932,3,2,0,2,0
2020-04-18,Ventura,111,848112,547,416,0,416,13
2020-04-18,Yolo,113,214977,165,118,0,118,5
2020-04-18,Yuba,115,75493,16,14,0,14,1
2020-04-17,Alameda,1,1643700,1402,1043,0,1043,40
2020-04-17,Alpine,3,1148,1,1,0,1,0
2020-04-17,Amador,5,37829,7,7,0,7,0
2020-04-17,Butte,7,227075,22,15,1,16,0
2020-04-17,Calaveras,9,45235,12,11,0,11,0
2020-04-17,Colusa,11,21464,3,3,0,3,0
2020-04-17,Contra Costa,13,1133247,838,687,0,687,15
2020-04-17,Del Norte,15,27424,2,2,0,2,0
2020-04-17,El Dorado,17,186661,50,35,0,35,0
2020-04-17,Fresno,19,978130,582,315,4,319,7
2020-04-17,Glenn,21,27897,4,3,0,3,0
2020-04-17,Humboldt,23,135768,57,52,0,52,0
2020-04-17,Imperial,25,180216,304,135,0,135,2
2020-04-17,Inyo,27,18085,19,17,0,17,0
2020-04-17,Kern,29,883053,799,612,1,613,3
2020-04-17,Kings,31,150075,54,15,1,16,1
2020-04-17,Lake,33,64148,6,6,0,6,0
2020-04-17,Lassen,35,31185,1,0,2,2,0
2020-04-17,Los Angeles,37,10098052,18599,11354,18,11372,489
2020-04-17,Madera,39,155013,66,34,0,34,2
2020-04-17,Marin,41,260295,206,189,1,190,10
2020-04-17,Mariposa,43,17540,1,0,0,0,0
2020-04-17,Mendocino,45,87422,6,4,0,4,0
2020-04-17,Merced,47,269075,128,80,0,80,3
2020-04-17,Modoc,49,8938,0,0,0,0,0
2020-04-17,Mono,51,14174,29,22,0,22,1
2020-04-17,Monterey,53,433212,187,119,0,119,3
2020-04-17,Napa,55,140530,60,46,0,46,2
2020-04-17,Nevada,57,99092,38,34,1,35,1
2020-04-17,Orange,59,3164182,2387,1496,7,1503,31
2020-04-17,Placer,61,380077,150,130,0,130,8
2020-04-17,Plumas,63,18699,4,4,0,4,0
2020-04-17,Riverside,65,2383286,3427,2080,6,2086,50
2020-04-17,Sacramento,67,1510023,991,882,0,882,32
2020-04-17,San Benito,69,59416,42,38,0,38,2
2020-04-17,San Bernardino,71,2135413,1796,1229,0,1229,57
2020-04-17,San Diego,73,3302833,2909,2160,0,2160,70
2020-04-17,San Francisco,75,870044,1384,1090,0,1090,19
2020-04-17,San Joaquin,77,732212,483,356,3,359,17
2020-04-17,San Luis Obispo,79,281455,167,116,1,117,1
2020-04-17,San Mateo,81,765935,1123,768,2,770,31
2020-04-17,Santa Barbara,83,443738,530,349,1,350,3
2020-04-17,Santa Clara,85,1922200,2145,1834,1,1835,74
2020-04-17,Santa Cruz,87,273765,121,94,0,94,2
2020-04-17,Shasta,89,179085,30,26,0,26,3
2020-04-17,Sierra,91,2930,0,0,0,0,0
2020-04-17,Siskiyou,93,43540,5,5,0,5,0
2020-04-17,Solano,95,438530,225,173,0,173,2
2020-04-17,Sonoma,97,501317,204,167,0,167,1
2020-04-17,Stanislaus,99,539301,283,201,4,205,3
2020-04-17,Sutter,101,95872,26,20,0,20,2
2020-04-17,Tehama,103,63373,1,1,0,1,1
2020-04-17,Trinity,105,12862,0,0,0,0,0
2020-04-17,Tulare,107,460477,528,370,2,372,17
2020-04-17,Tuolumne,109,53932,3,2,0,2,0
2020-04-17,Ventura,111,848112,542,398,0,398,13
2020-04-17,Yolo,113,214977,164,117,0,117,5
2020-04-17,Yuba,115,75493,16,14,0,14,1
2020-04-16,Alameda,1,1643700,1369,981,0,981,39
2020-04-16,Alpine,3,1148,1,1,0,1,0
2020-04-16,Amador,5,37829,7,7,0,7,0
2020-04-16,Butte,7,227075,21,15,1,16,0
2020-04-16,Calaveras,9,45235,12,10,0,10,0
2020-04-16,Colusa,11,21464,3,3,0,3,0
2020-04-16,Contra Costa,13,1133247,824,675,0,675,14
2020-04-16,Del Norte,15,27424,2,2,0,2,0
2020-04-16,El Dorado,17,186661,49,34,0,34,0
2020-04-16,Fresno,19,978130,553,289,4,293,7
2020-04-16,Glenn,21,27897,4,3,0,3,0
2020-04-16,Humboldt,23,135768,57,47,0,47,0
2020-04-16,Imperial,25,180216,290,132,0,132,2
2020-04-16,Inyo,27,18085,17,17,0,17,0
2020-04-16,Kern,29,883053,773,587,1,588,3
2020-04-16,Kings,31,150075,50,12,1,13,1
2020-04-16,Lake,33,64148,6,6,0,6,0
2020-04-16,Lassen,35,31185,1,0,2,2,0
2020-04-16,Los Angeles,37,10098052,17714,10786,18,10804,447
2020-04-16,Madera,39,155013,64,34,0,34,2
2020-04-16,Marin,41,260295,202,170,1,171,10
2020-04-16,Mariposa,43,17540,1,1,0,1,0
2020-04-16,Mendocino,45,87422,6,4,0,4,0
2020-04-16,Merced,47,269075,122,76,0,76,3
2020-04-16,Modoc,49,8938,0,0,0,0,0
2020-04-16,Mono,51,14174,29,22,0,22,1
2020-04-16,Monterey,53,433212,184,116,0,116,3
2020-04-16,Napa,55,140530,57,44,0,44,2
2020-04-16,Nevada,57,99092,38,34,1,35,1
2020-04-16,Orange,59,3164182,2324,1439,6,1445,28
2020-04-16,Placer,61,380077,148,129,0,129,7
2020-04-16,Plumas,63,18699,4,4,0,4,0
2020-04-16,Riverside,65,2383286,3309,1913,6,1919,45
2020-04-16,Sacramento,67,1510023,983,865,0,865,32
2020-04-16,San Benito,69,59416,42,36,0,36,2
2020-04-16,San Bernardino,71,2135413,1713,1143,0,1143,54
2020-04-16,San Diego,73,3302833,2801,2089,0,2089,63
2020-04-16,San Francisco,75,870044,1340,1039,0,1039,16
2020-04-16,San Joaquin,77,732212,468,345,3,348,17
2020-04-16,San Luis Obispo,79,281455,163,113,1,114,1
2020-04-16,San Mateo,81,765935,1094,745,2,747,29
2020-04-16,Santa Barbara,83,443738,517,331,1,332,3
2020-04-16,Santa Clara,85,1922200,2119,1789,1,1790,70
2020-04-16,Santa Cruz,87,273765,119,90,0,90,2
2020-04-16,Shasta,89,179085,30,25,0,25,3
2020-04-16,Sierra,91,2930,0,0,0,0,0
2020-04-16,Siskiyou,93,43540,5,5,0,5,0
2020-04-16,Solano,95,438530,222,162,0,162,2
2020-04-16,Sonoma,97,501317,199,145,0,145,1
2020-04-16,Stanislaus,99,539301,280,185,4,189,3
2020-04-16,Sutter,101,95872,25,21,0,21,2
2020-04-16,Tehama,103,63373,1,1,0,1,1
2020-04-16,Trinity,105,12862,0,0,0,0,0
2020-04-16,Tulare,107,460477,512,305,2,307,16
2020-04-16,Tuolumne,109,53932,3,1,0,1,0
2020-04-16,Ventura,111,848112,530,384,0,384,13
2020-04-16,Yolo,113,214977,162,98,0,98,4
2020-04-16,Yuba,115,75493,15,14,0,14,1
2020-04-15,Alameda,1,1643700,1319,915,0,915,38
2020-04-15,Alpine,3,1148,1,1,0,1,0
2020-04-15,Amador,5,37829,7,7,0,7,0
2020-04-15,Butte,7,227075,21,14,1,15,0
2020-04-15,Calaveras,9,45235,11,9,0,9,0
2020-04-15,Colusa,11,21464,3,3,0,3,0
2020-04-15,Contra Costa,13,1133247,802,645,0,645,14
2020-04-15,Del Norte,15,27424,2,2,0,2,0
2020-04-15,El Dorado,17,186661,47,33,0,33,0
2020-04-15,Fresno,19,978130,528,264,4,268,7
2020-04-15,Glenn,21,27897,4,3,0,3,0
2020-04-15,Humboldt,23,135768,57,47,0,47,0
2020-04-15,Imperial,25,180216,264,115,0,115,2
2020-04-15,Inyo,27,18085,17,12,0,12,0
2020-04-15,Kern,29,883053,751,500,1,501,3
2020-04-15,Kings,31,150075,46,12,1,13,1
2020-04-15,Lake,33,64148,6,4,0,4,0
2020-04-15,Lassen,35,31185,1,0,2,2,0
2020-04-15,Los Angeles,37,10098052,16893,10416,18,10434,394
2020-04-15,Madera,39,155013,64,30,0,30,2
2020-04-15,Marin,41,260295,199,162,1,163,10
2020-04-15,Mariposa,43,17540,0,0,0,0,0
2020-04-15,Mendocino,45,87422,5,4,0,4,0
2020-04-15,Merced,47,269075,120,74,0,74,3
2020-04-15,Modoc,49,8938,0,0,0,0,0
2020-04-15,Mono,51,14174,29,22,0,22,1
2020-04-15,Monterey,53,433212,176,106,0,106,3
2020-04-15,Napa,55,140530,55,34,0,34,2
2020-04-15,Nevada,57,99092,37,34,1,35,1
2020-04-15,Orange,59,3164182,2222,1377,6,1383,24
2020-04-15,Placer,61,380077,147,123,0,123,6
2020-04-15,Plumas,63,18699,4,4,0,4,0
2020-04-15,Riverside,65,2383286,3114,1723,6,1729,42
2020-04-15,Sacramento,67,1510023,974,839,0,839,32
2020-04-15,San Benito,69,59416,42,34,0,34,2
2020-04-15,San Bernardino,71,2135413,1643,1063,0,1063,45
2020-04-15,San Diego,73,3302833,2713,2014,0,2014,60
2020-04-15,San Francisco,75,870044,1304,1006,0,1006,16
2020-04-15,San Joaquin,77,732212,460,329,3,332,17
2020-04-15,San Luis Obispo,79,281455,157,112,1,113,1
2020-04-15,San Mateo,81,765935,1045,707,2,709,28
2020-04-15,Santa Barbara,83,443738,498,317,1,318,2
2020-04-15,Santa Clara,85,1922200,2085,1692,1,1693,69
2020-04-15,Santa Cruz,87,273765,115,92,0,92,2
2020-04-15,Shasta,89,179085,30,25,0,25,3
2020-04-15,Sierra,91,2930,0,0,0,0,0
2020-04-15,Siskiyou,93,43540,5,5,0,5,0
2020-04-15,Solano,95,438530,217,153,0,153,2
2020-04-15,Sonoma,97,501317,197,140,0,140,1
2020-04-15,Stanislaus,99,539301,273,174,4,178,3
2020-04-15,Sutter,101,95872,25,19,0,19,2
2020-04-15,Tehama,103,63373,1,1,0,1,1
2020-04-15,Trinity,105,12862,0,0,0,0,0
2020-04-15,Tulare,107,460477,495,289,2,291,14
2020-04-15,Tuolumne,109,53932,3,1,0,1,0
2020-04-15,Ventura,111,848112,515,365,0,365,13
2020-04-15,Yolo,113,214977,158,93,0,93,3
2020-04-15,Yuba,115,75493,15,15,0,15,1
2020-04-14,Alameda,1,1643700,1274,843,0,843,30
2020-04-14,Alpine,3,1148,1,1,0,1,0
2020-04-14,Amador,5,37829,7,6,0,6,0
2020-04-14,Butte,7,227075,21,13,1,14,0
2020-04-14,Calaveras,9,45235,11,5,0,5,0
2020-04-14,Colusa,11,21464,3,3,0,3,0
2020-04-14,Contra Costa,13,1133247,790,617,0,617,12
2020-04-14,Del Norte,15,27424,2,2,0,2,0
2020-04-14,El Dorado,17,186661,47,30,0,30,0
2020-04-14,Fresno,19,978130,506,244,4,248,6
2020-04-14,Glenn,21,27897,4,3,0,3,0
2020-04-14,Humboldt,23,135768,57,44,0,44,0
2020-04-14,Imperial,25,180216,244,86,0,86,2
2020-04-14,Inyo,27,18085,17,12,0,12,0
2020-04-14,Kern,29,883053,728,453,1,454,3
2020-04-14,Kings,31,150075,45,12,1,13,1
2020-04-14,Lake,33,64148,6,3,0,3,0
2020-04-14,Lassen,35,31185,1,0,2,2,0
2020-04-14,Los Angeles,37,10098052,15999,9948,17,9965,357
2020-04-14,Madera,39,155013,63,29,0,29,2
2020-04-14,Marin,41,260295,195,147,1,148,9
2020-04-14,Mariposa,43,17540,0,0,0,0,0
2020-04-14,Mendocino,45,87422,5,4,0,4,0
2020-04-14,Merced,47,269075,113,61,0,61,3
2020-04-14,Modoc,49,8938,0,0,0,0,0
2020-04-14,Mono,51,14174,29,22,0,22,1
2020-04-14,Monterey,53,433212,171,98,0,98,3
2020-04-14,Napa,55,140530,55,33,0,33,2
2020-04-14,Nevada,57,99092,37,34,1,35,1
2020-04-14,Orange,59,3164182,2122,1362,6,1368,24
2020-04-14,Placer,61,380077,146,117,0,117,5
2020-04-14,Plumas,63,18699,4,3,0,3,0
2020-04-14,Riverside,65,2383286,2979,1467,6,1473,40
2020-04-14,Sacramento,67,1510023,965,737,0,737,29
2020-04-14,San Benito,69,59416,39,34,0,34,2
2020-04-14,San Bernardino,71,2135413,1588,933,0,933,37
2020-04-14,San Diego,73,3302833,2618,1932,0,1932,53
2020-04-14,San Francisco,75,870044,1250,968,0,968,14
2020-04-14,San Joaquin,77,732212,450,280,3,283,17
2020-04-14,San Luis Obispo,79,281455,155,109,1,110,1
2020-04-14,San Mateo,81,765935,1011,681,2,683,28
2020-04-14,Santa Barbara,83,443738,473,292,1,293,2
2020-04-14,Santa Clara,85,1922200,2052,1561,1,1562,63
2020-04-14,Santa Cruz,87,273765,107,84,0,84,2
2020-04-14,Shasta,89,179085,30,24,0,24,3
2020-04-14,Sierra,91,2930,0,0,0,0,0
2020-04-14,Siskiyou,93,43540,5,5,0,5,0
2020-04-14,Solano,95,438530,214,140,0,140,2
2020-04-14,Sonoma,97,501317,193,133,0,133,1
2020-04-14,Stanislaus,99,539301,260,136,4,140,3
2020-04-14,Sutter,101,95872,24,19,0,19,2
2020-04-14,Tehama,103,63373,1,1,0,1,1
2020-04-14,Trinity,105,12862,0,0,0,0,0
2020-04-14,Tulare,107,460477,472,228,2,230,12
2020-04-14,Tuolumne,109,53932,3,0,0,0,0
2020-04-14,Ventura,111,848112,502,328,0,328,11
2020-04-14,Yolo,113,214977,154,81,0,81,3
2020-04-14,Yuba,115,75493,14,14,0,14,1
2020-04-13,Alameda,1,1643700,1235,821,0,821,23
2020-04-13,Alpine,3,1148,1,1,0,1,0
2020-04-13,Amador,5,37829,7,6,0,6,0
2020-04-13,Butte,7,227075,21,13,1,14,0
2020-04-13,Calaveras,9,45235,10,5,0,5,0
2020-04-13,Colusa,11,21464,3,3,0,3,0
2020-04-13,Contra Costa,13,1133247,774,569,0,569,12
2020-04-13,Del Norte,15,27424,2,2,0,2,0
2020-04-13,El Dorado,17,186661,45,29,0,29,0
2020-04-13,Fresno,19,978130,484,205,3,208,4
2020-04-13,Glenn,21,27897,4,3,0,3,0
2020-04-13,Humboldt,23,135768,57,44,0,44,0
2020-04-13,Imperial,25,180216,226,82,0,82,2
2020-04-13,Inyo,27,18085,17,12,0,12,0
2020-04-13,Kern,29,883053,703,346,1,347,3
2020-04-13,Kings,31,150075,41,9,1,10,0
2020-04-13,Lake,33,64148,6,3,0,3,0
2020-04-13,Lassen,35,31185,1,0,2,2,0
2020-04-13,Los Angeles,37,10098052,15285,9367,17,9384,317
2020-04-13,Madera,39,155013,61,29,0,29,2
2020-04-13,Marin,41,260295,191,144,1,145,6
2020-04-13,Mariposa,43,17540,0,0,0,0,0
2020-04-13,Mendocino,45,87422,5,4,0,4,0
2020-04-13,Merced,47,269075,112,60,0,60,3
2020-04-13,Modoc,49,8938,0,0,0,0,0
2020-04-13,Mono,51,14174,29,21,0,21,1
2020-04-13,Monterey,53,433212,165,86,0,86,3
2020-04-13,Napa,55,140530,54,30,0,30,2
2020-04-13,Nevada,57,99092,37,24,1,25,1
2020-04-13,Orange,59,3164182,2049,1313,6,1319,21
2020-04-13,Placer,61,380077,145,116,0,116,5
2020-04-13,Plumas,63,18699,4,3,0,3,0
2020-04-13,Riverside,65,2383286,2839,1460,5,1465,35
2020-04-13,Sacramento,67,1510023,953,723,0,723,25
2020-04-13,San Benito,69,59416,38,33,0,33,2
2020-04-13,San Bernardino,71,2135413,1513,920,0,920,30
2020-04-13,San Diego,73,3302833,2535,1849,0,1849,47
2020-04-13,San Francisco,75,870044,1212,948,0,948,12
2020-04-13,San Joaquin,77,732212,436,255,3,258,16
2020-04-13,San Luis Obispo,79,281455,150,106,1,107,1
2020-04-13,San Mateo,81,765935,971,679,2,681,25
2020-04-13,Santa Barbara,83,443738,454,271,0,271,2
2020-04-13,Santa Clara,85,1922200,2012,1540,1,1541,58
2020-04-13,Santa Cruz,87,273765,101,82,0,82,1
2020-04-13,Shasta,89,179085,29,24,0,24,3
2020-04-13,Sierra,91,2930,0,0,0,0,0
2020-04-13,Siskiyou,93,43540,5,5,0,5,0
2020-04-13,Solano,95,438530,211,136,0,136,2
2020-04-13,Sonoma,97,501317,186,133,0,133,1
2020-04-13,Stanislaus,99,539301,254,130,4,134,1
2020-04-13,Sutter,101,95872,24,18,0,18,2
2020-04-13,Tehama,103,63373,1,1,0,1,0
2020-04-13,Trinity,105,12862,0,0,0,0,0
2020-04-13,Tulare,107,460477,435,185,2,187,11
2020-04-13,Tuolumne,109,53932,3,0,0,0,0
2020-04-13,Ventura,111,848112,481,309,0,309,9
2020-04-13,Yolo,113,214977,148,81,0,81,3
2020-04-13,Yuba,115,75493,14,13,0,13,1
2020-04-12,Alameda,1,1643700,1192,774,0,774,23
2020-04-12,Alpine,3,1148,1,1,0,1,0
2020-04-12,Amador,5,37829,7,6,0,6,0
2020-04-12,Butte,7,227075,21,13,1,14,0
2020-04-12,Calaveras,9,45235,10,5,0,5,0
2020-04-12,Colusa,11,21464,3,3,0,3,0
2020-04-12,Contra Costa,13,1133247,762,553,0,553,12
2020-04-12,Del Norte,15,27424,2,2,0,2,0
2020-04-12,El Dorado,17,186661,45,28,0,28,0
2020-04-12,Fresno,19,978130,455,205,3,208,4
2020-04-12,Glenn,21,27897,4,3,0,3,0
2020-04-12,Humboldt,23,135768,57,43,0,43,0
2020-04-12,Imperial,25,180216,203,78,0,78,2
2020-04-12,Inyo,27,18085,15,12,0,12,0
2020-04-12,Kern,29,883053,671,319,0,319,3
2020-04-12,Kings,31,150075,39,9,1,10,0
2020-04-12,Lake,33,64148,6,3,0,3,0
2020-04-12,Lassen,35,31185,1,0,2,2,0
2020-04-12,Los Angeles,37,10098052,14575,9133,17,9150,294
2020-04-12,Madera,39,155013,60,29,0,29,2
2020-04-12,Marin,41,260295,180,138,1,139,6
2020-04-12,Mariposa,43,17540,0,0,0,0,0
2020-04-12,Mendocino,45,87422,5,4,0,4,0
2020-04-12,Merced,47,269075,106,58,0,58,3
2020-04-12,Modoc,49,8938,0,0,0,0,0
2020-04-12,Mono,51,14174,29,20,0,20,1
2020-04-12,Monterey,53,433212,151,85,0,85,3
2020-04-12,Napa,55,140530,52,29,0,29,2
2020-04-12,Nevada,57,99092,37,24,1,25,1
2020-04-12,Orange,59,3164182,1989,1283,6,1289,21
2020-04-12,Placer,61,380077,144,114,0,114,4
2020-04-12,Plumas,63,18699,4,3,0,3,0
2020-04-12,Riverside,65,2383286,2657,1330,5,1335,34
2020-04-12,Sacramento,67,1510023,916,689,0,689,25
2020-04-12,San Benito,69,59416,36,33,0,33,2
2020-04-12,San Bernardino,71,2135413,1437,827,0,827,30
2020-04-12,San Diego,73,3302833,2445,1806,0,1806,45
2020-04-12,San Francisco,75,870044,1185,886,0,886,11
2020-04-12,San Joaquin,77,732212,418,246,3,249,15
2020-04-12,San Luis Obispo,79,281455,148,102,1,103,1
2020-04-12,San Mateo,81,765935,945,664,2,666,25
2020-04-12,Santa Barbara,83,443738,429,261,0,261,2
2020-04-12,Santa Clara,85,1922200,1988,1461,1,1462,53
2020-04-12,Santa Cruz,87,273765,100,80,0,80,1
2020-04-12,Shasta,89,179085,29,24,0,24,3
2020-04-12,Sierra,91,2930,0,0,0,0,0
2020-04-12,Siskiyou,93,43540,5,5,0,5,0
2020-04-12,Solano,95,438530,205,136,0,136,2
2020-04-12,Sonoma,97,501317,183,131,0,131,1
2020-04-12,Stanislaus,99,539301,246,117,4,121,1
2020-04-12,Sutter,101,95872,23,18,0,18,2
2020-04-12,Tehama,103,63373,1,1,0,1,0
2020-04-12,Trinity,105,12862,0,0,0,0,0
2020-04-12,Tulare,107,460477,424,166,2,168,11
2020-04-12,Tuolumne,109,53932,3,0,0,0,0
2020-04-12,Ventura,111,848112,472,306,0,306,9
2020-04-12,Yolo,113,214977,135,67,0,67,3
2020-04-12,Yuba,115,75493,14,13,0,13,1
2020-04-11,Alameda,1,1643700,1151,751,0,751,23
2020-04-11,Alpine,3,1148,1,1,0,1,0
2020-04-11,Amador,5,37829,7,6,0,6,0
2020-04-11,Butte,7,227075,21,13,1,14,0
2020-04-11,Calaveras,9,45235,10,5,0,5,0
2020-04-11,Colusa,11,21464,3,3,0,3,0
2020-04-11,Contra Costa,13,1133247,753,550,0,550,12
2020-04-11,Del Norte,15,27424,2,2,0,2,0
2020-04-11,El Dorado,17,186661,45,29,0,29,0
2020-04-11,Fresno,19,978130,445,201,3,204,4
2020-04-11,Glenn,21,27897,4,3,0,3,0
2020-04-11,Humboldt,23,135768,57,38,0,38,0
2020-04-11,Imperial,25,180216,192,78,0,78,2
2020-04-11,Inyo,27,18085,15,12,0,12,0
2020-04-11,Kern,29,883053,644,304,0,304,3
2020-04-11,Kings,31,150075,36,9,1,10,0
2020-04-11,Lake,33,64148,6,3,0,3,0
2020-04-11,Lassen,35,31185,1,0,2,2,0
2020-04-11,Los Angeles,37,10098052,14105,8823,17,8840,262
2020-04-11,Madera,39,155013,59,29,0,29,2
2020-04-11,Marin,41,260295,177,136,1,137,6
2020-04-11,Mariposa,43,17540,0,0,0,0,0
2020-04-11,Mendocino,45,87422,5,4,0,4,0
2020-04-11,Merced,47,269075,103,59,0,59,3
2020-04-11,Modoc,49,8938,0,0,0,0,0
2020-04-11,Mono,51,14174,29,20,0,20,1
2020-04-11,Monterey,53,433212,145,78,0,78,3
2020-04-11,Napa,55,140530,52,29,0,29,2
2020-04-11,Nevada,57,99092,37,24,1,25,1
2020-04-11,Orange,59,3164182,1928,1267,6,1273,21
2020-04-11,Placer,61,380077,144,113,0,113,4
2020-04-11,Plumas,63,18699,4,3,0,3,0
2020-04-11,Riverside,65,2383286,2578,1260,5,1265,33
2020-04-11,Sacramento,67,1510023,905,685,0,685,25
2020-04-11,San Benito,69,59416,36,33,0,33,2
2020-04-11,San Bernardino,71,2135413,1401,826,0,826,28
2020-04-11,San Diego,73,3302833,2379,1763,0,1763,45
2020-04-11,San Francisco,75,870044,1163,860,0,860,11
2020-04-11,San Joaquin,77,732212,413,244,3,247,15
2020-04-11,San Luis Obispo,79,281455,148,100,0,100,1
2020-04-11,San Mateo,81,765935,933,662,2,664,25
2020-04-11,Santa Barbara,83,443738,421,258,0,258,2
2020-04-11,Santa Clara,85,1922200,1946,1441,1,1442,51
2020-04-11,Santa Cruz,87,273765,100,79,0,79,1
2020-04-11,Shasta,89,179085,29,24,0,24,3
2020-04-11,Sierra,91,2930,0,0,0,0,0
2020-04-11,Siskiyou,93,43540,5,5,0,5,0
2020-04-11,Solano,95,438530,201,138,0,138,2
2020-04-11,Sonoma,97,501317,181,131,0,131,1
2020-04-11,Stanislaus,99,539301,239,119,3,122,1
2020-04-11,Sutter,101,95872,23,18,0,18,2
2020-04-11,Tehama,103,63373,1,1,0,1,0
2020-04-11,Trinity,105,12862,0,0,0,0,0
2020-04-11,Tulare,107,460477,402,168,2,170,10
2020-04-11,Tuolumne,109,53932,3,0,0,0,0
2020-04-11,Ventura,111,848112,462,304,0,304,9
2020-04-11,Yolo,113,214977,132,67,0,67,3
2020-04-11,Yuba,115,75493,14,13,0,13,1
2020-04-10,Alameda,1,1643700,1110,706,0,706,21
2020-04-10,Alpine,3,1148,1,1,0,1,0
2020-04-10,Amador,5,37829,7,5,0,5,0
2020-04-10,Butte,7,227075,21,13,1,14,0
2020-04-10,Calaveras,9,45235,10,5,0,5,0
2020-04-10,Colusa,11,21464,3,3,0,3,0
2020-04-10,Contra Costa,13,1133247,740,537,0,537,10
2020-04-10,Del Norte,15,27424,2,2,0,2,0
2020-04-10,El Dorado,17,186661,45,26,0,26,0
2020-04-10,Fresno,19,978130,438,186,3,189,3
2020-04-10,Glenn,21,27897,4,3,0,3,0
2020-04-10,Humboldt,23,135768,57,36,0,36,0
2020-04-10,Imperial,25,180216,185,70,0,70,2
2020-04-10,Inyo,27,18085,13,11,0,11,0
2020-04-10,Kern,29,883053,620,272,0,272,3
2020-04-10,Kings,31,150075,33,7,1,8,0
2020-04-10,Lake,33,64148,6,3,0,3,0
2020-04-10,Lassen,35,31185,1,0,2,2,0
2020-04-10,Los Angeles,37,10098052,13592,8384,16,8400,239
2020-04-10,Madera,39,155013,58,29,0,29,2
2020-04-10,Marin,41,260295,172,128,1,129,6
2020-04-10,Mariposa,43,17540,0,0,0,0,0
2020-04-10,Mendocino,45,87422,5,4,0,4,0
2020-04-10,Merced,47,269075,100,56,0,56,3
2020-04-10,Modoc,49,8938,0,0,0,0,0
2020-04-10,Mono,51,14174,29,20,0,20,1
2020-04-10,Monterey,53,433212,134,78,0,78,3
2020-04-10,Napa,55,140530,49,28,0,28,2
2020-04-10,Nevada,57,99092,37,23,1,24,1
2020-04-10,Orange,59,3164182,1881,1167,6,1173,21
2020-04-10,Placer,61,380077,143,112,0,112,4
2020-04-10,Plumas,63,18699,4,3,0,3,0
2020-04-10,Riverside,65,2383286,2513,1162,5,1167,30
2020-04-10,Sacramento,67,1510023,896,642,0,642,24
2020-04-10,San Benito,69,59416,36,32,0,32,2
2020-04-10,San Bernardino,71,2135413,1353,779,0,779,27
2020-04-10,San Diego,73,3302833,2319,1695,0,1695,44
2020-04-10,San Francisco,75,870044,1132,797,0,797,10
2020-04-10,San Joaquin,77,732212,401,234,3,237,14
2020-04-10,San Luis Obispo,79,281455,148,97,0,97,1
2020-04-10,San Mateo,81,765935,917,642,2,644,24
2020-04-10,Santa Barbara,83,443738,409,254,0,254,2
2020-04-10,Santa Clara,85,1922200,1897,1351,1,1352,50
2020-04-10,Santa Cruz,87,273765,99,75,0,75,1
2020-04-10,Shasta,89,179085,29,24,0,24,3
2020-04-10,Sierra,91,2930,0,0,0,0,0
2020-04-10,Siskiyou,93,43540,5,5,0,5,0
2020-04-10,Solano,95,438530,198,129,0,129,2
2020-04-10,Sonoma,97,501317,180,129,0,129,1
2020-04-10,Stanislaus,99,539301,232,101,3,104,0
2020-04-10,Sutter,101,95872,23,18,0,18,2
2020-04-10,Tehama,103,63373,1,1,0,1,0
2020-04-10,Trinity,105,12862,0,0,0,0,0
2020-04-10,Tulare,107,460477,359,163,2,165,10
2020-04-10,Tuolumne,109,53932,3,0,0,0,0
2020-04-10,Ventura,111,848112,454,290,0,290,9
2020-04-10,Yolo,113,214977,130,62,0,62,3
2020-04-10,Yuba,115,75493,14,13,0,13,1
2020-04-09,Alameda,1,1643700,1060,641,0,641,17
2020-04-09,Alpine,3,1148,1,1,0,1,0
2020-04-09,Amador,5,37829,7,2,0,2,0
2020-04-09,Butte,7,227075,20,12,1,13,0
2020-04-09,Calaveras,9,45235,10,5,0,5,0
2020-04-09,Colusa,11,21464,3,3,0,3,0
2020-04-09,Contra Costa,13,1133247,697,505,0,505,7
2020-04-09,Del Norte,15,27424,2,2,0,2,0
2020-04-09,El Dorado,17,186661,44,25,0,25,0
2020-04-09,Fresno,19,978130,414,165,3,168,3
2020-04-09,Glenn,21,27897,4,2,0,2,0
2020-04-09,Humboldt,23,135768,57,36,0,36,0
2020-04-09,Imperial,25,180216,164,67,0,67,2
2020-04-09,Inyo,27,18085,12,11,0,11,0
2020-04-09,Kern,29,883053,584,241,0,241,2
2020-04-09,Kings,31,150075,31,5,1,6,0
2020-04-09,Lake,33,64148,5,1,0,1,0
2020-04-09,Lassen,35,31185,1,0,2,2,0
2020-04-09,Los Angeles,37,10098052,12965,7919,16,7935,220
2020-04-09,Madera,39,155013,58,28,0,28,2
2020-04-09,Marin,41,260295,170,126,1,127,7
2020-04-09,Mariposa,43,17540,0,0,0,0,0
2020-04-09,Mendocino,45,87422,5,4,0,4,0
2020-04-09,Merced,47,269075,97,41,0,41,3
2020-04-09,Modoc,49,8938,0,0,0,0,0
2020-04-09,Mono,51,14174,29,19,0,19,1
2020-04-09,Monterey,53,433212,116,70,0,70,3
2020-04-09,Napa,55,140530,45,27,0,27,2
2020-04-09,Nevada,57,99092,36,23,1,24,1
2020-04-09,Orange,59,3164182,1805,1105,5,1110,19
2020-04-09,Placer,61,380077,142,107,0,107,4
2020-04-09,Plumas,63,18699,4,3,0,3,0
2020-04-09,Riverside,65,2383286,2371,1083,5,1088,29
2020-04-09,Sacramento,67,1510023,873,601,0,601,21
2020-04-09,San Benito,69,59416,36,32,0,32,2
2020-04-09,San Bernardino,71,2135413,1284,717,0,717,27
2020-04-09,San Diego,73,3302833,2223,1630,0,1630,40
2020-04-09,San Francisco,75,870044,1112,748,0,748,8
2020-04-09,San Joaquin,77,732212,380,223,3,226,14
2020-04-09,San Luis Obispo,79,281455,141,93,0,93,1
2020-04-09,San Mateo,81,765935,901,630,2,632,23
2020-04-09,Santa Barbara,83,443738,399,232,0,232,2
2020-04-09,Santa Clara,85,1922200,1829,1301,1,1302,49
2020-04-09,Santa Cruz,87,273765,99,73,0,73,1
2020-04-09,Shasta,89,179085,29,22,0,22,3
2020-04-09,Sierra,91,2930,0,0,0,0,0
2020-04-09,Siskiyou,93,43540,5,4,0,4,0
2020-04-09,Solano,95,438530,189,118,0,118,2
2020-04-09,Sonoma,97,501317,176,113,0,113,1
2020-04-09,Stanislaus,99,539301,220,93,3,96,0
2020-04-09,Sutter,101,95872,23,17,0,17,2
2020-04-09,Tehama,103,63373,1,1,0,1,0
2020-04-09,Trinity,105,12862,0,0,0,0,0
2020-04-09,Tulare,107,460477,334,147,2,149,9
2020-04-09,Tuolumne,109,53932,3,0,0,0,0
2020-04-09,Ventura,111,848112,435,273,0,273,9
2020-04-09,Yolo,113,214977,121,59,0,59,3
2020-04-09,Yuba,115,75493,14,13,0,13,0
2020-04-08,Alameda,1,1643700,1019,594,0,594,15
2020-04-08,Alpine,3,1148,1,1,0,1,0
2020-04-08,Amador,5,37829,7,2,0,2,0
2020-04-08,Butte,7,227075,19,11,1,12,0
2020-04-08,Calaveras,9,45235,10,5,0,5,0
2020-04-08,Colusa,11,21464,3,3,0,3,0
2020-04-08,Contra Costa,13,1133247,684,481,0,481,7
2020-04-08,Del Norte,15,27424,2,2,0,2,0
2020-04-08,El Dorado,17,186661,44,25,0,25,0
2020-04-08,Fresno,19,978130,394,151,3,154,3
2020-04-08,Glenn,21,27897,4,2,0,2,0
2020-04-08,Humboldt,23,135768,57,40,0,40,0
2020-04-08,Imperial,25,180216,153,59,0,59,2
2020-04-08,Inyo,27,18085,12,11,0,11,0
2020-04-08,Kern,29,883053,543,198,0,198,2
2020-04-08,Kings,31,150075,31,5,1,6,0
2020-04-08,Lake,33,64148,5,1,0,1,0
2020-04-08,Lassen,35,31185,1,0,2,2,0
2020-04-08,Los Angeles,37,10098052,12365,7505,16,7521,196
2020-04-08,Madera,39,155013,57,28,0,28,2
2020-04-08,Marin,41,260295,164,125,1,126,7
2020-04-08,Mariposa,43,17540,0,0,0,0,0
2020-04-08,Mendocino,45,87422,5,4,0,4,0
2020-04-08,Merced,47,269075,82,35,0,35,1
2020-04-08,Modoc,49,8938,0,0,0,0,0
2020-04-08,Mono,51,14174,29,19,0,19,1
2020-04-08,Monterey,53,433212,107,68,0,68,3
2020-04-08,Napa,55,140530,43,21,0,21,2
2020-04-08,Nevada,57,99092,36,21,1,22,1
2020-04-08,Orange,59,3164182,1744,1034,5,1039,19
2020-04-08,Placer,61,380077,142,102,0,102,4
2020-04-08,Plumas,63,18699,4,3,0,3,0
2020-04-08,Riverside,65,2383286,2217,974,5,979,28
2020-04-08,Sacramento,67,1510023,839,565,0,565,21
2020-04-08,San Benito,69,59416,36,31,0,31,2
2020-04-08,San Bernardino,71,2135413,1227,635,0,635,22
2020-04-08,San Diego,73,3302833,2149,1532,0,1532,36
2020-04-08,San Francisco,75,870044,1044,687,0,687,7
2020-04-08,San Joaquin,77,732212,363,211,3,214,12
2020-04-08,San Luis Obispo,79,281455,139,90,0,90,1
2020-04-08,San Mateo,81,765935,886,608,2,610,22
2020-04-08,Santa Barbara,83,443738,381,221,0,221,2
2020-04-08,Santa Clara,85,1922200,1785,1257,1,1258,47
2020-04-08,Santa Cruz,87,273765,98,69,0,69,1
2020-04-08,Shasta,89,179085,29,18,0,18,3
2020-04-08,Sierra,91,2930,0,0,0,0,0
2020-04-08,Siskiyou,93,43540,5,4,0,4,0
2020-04-08,Solano,95,438530,176,111,0,111,2
2020-04-08,Sonoma,97,501317,171,107,0,107,1
2020-04-08,Stanislaus,99,539301,204,86,3,89,0
2020-04-08,Sutter,101,95872,22,17,0,17,2
2020-04-08,Tehama,103,63373,1,1,0,1,0
2020-04-08,Trinity,105,12862,0,0,0,0,0
2020-04-08,Tulare,107,460477,305,145,2,147,6
2020-04-08,Tuolumne,109,53932,3,0,0,0,0
2020-04-08,Ventura,111,848112,426,263,0,263,7
2020-04-08,Yolo,113,214977,104,56,0,56,3
2020-04-08,Yuba,115,75493,14,10,0,10,0
2020-04-07,Alameda,1,1643700,984,560,0,560,14
2020-04-07,Alpine,3,1148,1,1,0,1,0
2020-04-07,Amador,5,37829,7,2,0,2,0
2020-04-07,Butte,7,227075,18,11,1,12,0
2020-04-07,Calaveras,9,45235,9,5,0,5,0
2020-04-07,Colusa,11,21464,3,2,0,2,0
2020-04-07,Contra Costa,13,1133247,664,471,0,471,7
2020-04-07,Del Norte,15,27424,2,2,0,2,0
2020-04-07,El Dorado,17,186661,43,22,0,22,0
2020-04-07,Fresno,19,978130,379,138,3,141,3
2020-04-07,Glenn,21,27897,4,2,0,2,0
2020-04-07,Humboldt,23,135768,56,40,0,40,0
2020-04-07,Imperial,25,180216,135,53,0,53,2
2020-04-07,Inyo,27,18085,12,11,0,11,0
2020-04-07,Kern,29,883053,500,134,0,134,2
2020-04-07,Kings,31,150075,29,5,1,6,0
2020-04-07,Lake,33,64148,4,1,0,1,0
2020-04-07,Lassen,35,31185,1,0,2,2,0
2020-04-07,Los Angeles,37,10098052,11716,6885,16,6901,170
2020-04-07,Madera,39,155013,56,28,0,28,2
2020-04-07,Marin,41,260295,162,122,1,123,7
2020-04-07,Mariposa,43,17540,0,0,0,0,0
2020-04-07,Mendocino,45,87422,5,4,0,4,0
2020-04-07,Merced,47,269075,67,27,0,27,1
2020-04-07,Modoc,49,8938,0,0,0,0,0
2020-04-07,Mono,51,14174,28,18,0,18,1
2020-04-07,Monterey,53,433212,99,63,0,63,2
2020-04-07,Napa,55,140530,41,18,0,18,2
2020-04-07,Nevada,57,99092,36,20,1,21,1
2020-04-07,Orange,59,3164182,1697,971,4,975,19
2020-04-07,Placer,61,380077,137,94,0,94,3
2020-04-07,Plumas,63,18699,4,3,0,3,0
2020-04-07,Riverside,65,2383286,2061,905,5,910,25
2020-04-07,Sacramento,67,1510023,809,513,0,513,18
2020-04-07,San Benito,69,59416,36,26,0,26,2
2020-04-07,San Bernardino,71,2135413,1160,554,0,554,19
2020-04-07,San Diego,73,3302833,2072,1456,0,1456,31
2020-04-07,San Francisco,75,870044,984,636,0,636,6
2020-04-07,San Joaquin,77,732212,345,198,3,201,12
2020-04-07,San Luis Obispo,79,281455,134,87,0,87,1
2020-04-07,San Mateo,81,765935,865,573,2,575,22
2020-04-07,Santa Barbara,83,443738,366,209,0,209,2
2020-04-07,Santa Clara,85,1922200,1717,1193,1,1194,46
2020-04-07,Santa Cruz,87,273765,98,67,0,67,1
2020-04-07,Shasta,89,179085,28,16,0,16,3
2020-04-07,Sierra,91,2930,0,0,0,0,0
2020-04-07,Siskiyou,93,43540,5,4,0,4,0
2020-04-07,Solano,95,438530,171,99,0,99,1
2020-04-07,Sonoma,97,501317,168,102,0,102,1
2020-04-07,Stanislaus,99,539301,187,83,3,86,0
2020-04-07,Sutter,101,95872,22,16,0,16,2
2020-04-07,Tehama,103,63373,1,1,0,1,0
2020-04-07,Trinity,105,12862,0,0,0,0,0
2020-04-07,Tulare,107,460477,278,144,2,146,5
2020-04-07,Tuolumne,109,53932,3,1,0,1,0
2020-04-07,Ventura,111,848112,409,247,0,247,6
2020-04-07,Yolo,113,214977,97,51,0,51,2
2020-04-07,Yuba,115,75493,14,10,0,10,0
2020-04-06,Alameda,1,1643700,954,527,0,527,13
2020-04-06,Alpine,3,1148,1,1,0,1,0
2020-04-06,Amador,5,37829,6,2,0,2,0
2020-04-06,Butte,7,227075,17,11,1,12,0
2020-04-06,Calaveras,9,45235,9,4,0,4,0
2020-04-06,Colusa,11,21464,3,1,0,1,0
2020-04-06,Contra Costa,13,1133247,639,447,0,447,7
2020-04-06,Del Norte,15,27424,2,2,0,2,0
2020-04-06,El Dorado,17,186661,41,23,0,23,0
2020-04-06,Fresno,19,978130,359,122,3,125,1
2020-04-06,Glenn,21,27897,4,2,0,2,0
2020-04-06,Humboldt,23,135768,55,37,0,37,0
2020-04-06,Imperial,25,180216,128,47,0,47,1
2020-04-06,Inyo,27,18085,11,11,0,11,0
2020-04-06,Kern,29,883053,463,117,0,117,2
2020-04-06,Kings,31,150075,29,3,1,4,0
2020-04-06,Lake,33,64148,4,1,0,1,0
2020-04-06,Lassen,35,31185,1,0,2,2,0
2020-04-06,Los Angeles,37,10098052,10984,6346,16,6362,145
2020-04-06,Madera,39,155013,54,29,0,29,2
2020-04-06,Marin,41,260295,159,119,1,120,7
2020-04-06,Mariposa,43,17540,0,0,0,0,0
2020-04-06,Mendocino,45,87422,5,4,0,4,0
2020-04-06,Merced,47,269075,60,25,0,25,1
2020-04-06,Modoc,49,8938,0,0,0,0,0
2020-04-06,Mono,51,14174,28,18,0,18,1
2020-04-06,Monterey,53,433212,94,62,0,62,2
2020-04-06,Napa,55,140530,41,18,0,18,2
2020-04-06,Nevada,57,99092,36,19,1,20,1
2020-04-06,Orange,59,3164182,1653,910,3,913,17
2020-04-06,Placer,61,380077,137,90,0,90,3
2020-04-06,Plumas,63,18699,4,2,0,2,0
2020-04-06,Riverside,65,2383286,1935,854,5,859,17
2020-04-06,Sacramento,67,1510023,779,448,0,448,15
2020-04-06,San Benito,69,59416,34,25,0,25,1
2020-04-06,San Bernardino,71,2135413,1101,550,0,550,13
2020-04-06,San Diego,73,3302833,1990,1406,0,1406,19
2020-04-06,San Francisco,75,870044,945,586,0,586,6
2020-04-06,San Joaquin,77,732212,330,191,3,194,10
2020-04-06,San Luis Obispo,79,281455,132,85,0,85,1
2020-04-06,San Mateo,81,765935,847,569,2,571,20
2020-04-06,Santa Barbara,83,443738,354,189,0,189,2
2020-04-06,Santa Clara,85,1922200,1666,1128,1,1129,43
2020-04-06,Santa Cruz,87,273765,96,65,0,65,1
2020-04-06,Shasta,89,179085,28,16,0,16,3
2020-04-06,Sierra,91,2930,0,0,0,0,0
2020-04-06,Siskiyou,93,43540,4,4,0,4,0
2020-04-06,Solano,95,438530,164,95,0,95,1
2020-04-06,Sonoma,97,501317,167,102,0,102,1
2020-04-06,Stanislaus,99,539301,171,72,3,75,0
2020-04-06,Sutter,101,95872,22,14,0,14,2
2020-04-06,Tehama,103,63373,1,1,0,1,0
2020-04-06,Trinity,105,12862,0,0,0,0,0
2020-04-06,Tulare,107,460477,266,126,2,128,5
2020-04-06,Tuolumne,109,53932,3,1,0,1,0
2020-04-06,Ventura,111,848112,391,234,0,234,6
2020-04-06,Yolo,113,214977,93,43,0,43,1
2020-04-06,Yuba,115,75493,14,8,0,8,0
2020-04-05,Alameda,1,1643700,912,475,0,475,12
2020-04-05,Alpine,3,1148,1,1,0,1,0
2020-04-05,Amador,5,37829,6,2,0,2,0
2020-04-05,Butte,7,227075,17,10,1,11,0
2020-04-05,Calaveras,9,45235,9,3,0,3,0
2020-04-05,Colusa,11,21464,3,1,0,1,0
2020-04-05,Contra Costa,13,1133247,622,415,0,415,6
2020-04-05,Del Norte,15,27424,2,1,0,1,0
2020-04-05,El Dorado,17,186661,40,19,0,19,0
2020-04-05,Fresno,19,978130,326,102,3,105,1
2020-04-05,Glenn,21,27897,4,2,0,2,0
2020-04-05,Humboldt,23,135768,55,29,0,29,0
2020-04-05,Imperial,25,180216,120,42,0,42,1
2020-04-05,Inyo,27,18085,11,10,0,10,0
2020-04-05,Kern,29,883053,409,109,0,109,2
2020-04-05,Kings,31,150075,28,4,1,5,0
2020-04-05,Lake,33,64148,4,0,0,0,0
2020-04-05,Lassen,35,31185,1,0,2,2,0
2020-04-05,Los Angeles,37,10098052,10415,5892,16,5908,130
2020-04-05,Madera,39,155013,53,27,0,27,2
2020-04-05,Marin,41,260295,159,113,1,114,6
2020-04-05,Mariposa,43,17540,0,0,0,0,0
2020-04-05,Mendocino,45,87422,5,4,0,4,0
2020-04-05,Merced,47,269075,53,16,0,16,0
2020-04-05,Modoc,49,8938,0,0,0,0,0
2020-04-05,Mono,51,14174,28,18,0,18,1
2020-04-05,Monterey,53,433212,87,61,0,61,2
2020-04-05,Napa,55,140530,39,15,0,15,2
2020-04-05,Nevada,57,99092,36,19,1,20,1
2020-04-05,Orange,59,3164182,1596,820,3,823,15
2020-04-05,Placer,61,380077,134,86,0,86,3
2020-04-05,Plumas,63,18699,3,2,0,2,0
2020-04-05,Riverside,65,2383286,1806,669,5,674,17
2020-04-05,Sacramento,67,1510023,749,393,0,393,11
2020-04-05,San Benito,69,59416,34,22,0,22,1
2020-04-05,San Bernardino,71,2135413,1027,375,0,375,13
2020-04-05,San Diego,73,3302833,1908,1328,0,1328,19
2020-04-05,San Francisco,75,870044,898,559,0,559,6
2020-04-05,San Joaquin,77,732212,315,179,3,182,10
2020-04-05,San Luis Obispo,79,281455,130,83,0,83,1
2020-04-05,San Mateo,81,765935,827,528,2,530,19
2020-04-05,Santa Barbara,83,443738,334,171,0,171,1
2020-04-05,Santa Clara,85,1922200,1622,1052,1,1053,42
2020-04-05,Santa Cruz,87,273765,96,59,0,59,1
2020-04-05,Shasta,89,179085,27,11,0,11,2
2020-04-05,Sierra,91,2930,0,0,0,0,0
2020-04-05,Siskiyou,93,43540,4,3,0,3,0
2020-04-05,Solano,95,438530,160,78,0,78,1
2020-04-05,Sonoma,97,501317,165,88,0,88,1
2020-04-05,Stanislaus,99,539301,157,51,3,54,0
2020-04-05,Sutter,101,95872,22,14,0,14,1
2020-04-05,Tehama,103,63373,1,1,0,1,0
2020-04-05,Trinity,105,12862,0,0,0,0,0
2020-04-05,Tulare,107,460477,234,81,2,83,4
2020-04-05,Tuolumne,109,53932,3,1,0,1,0
2020-04-05,Ventura,111,848112,377,196,0,196,6
2020-04-05,Yolo,113,214977,75,37,0,37,2
2020-04-05,Yuba,115,75493,14,7,0,7,0
2020-04-04,Alameda,1,1643700,889,468,0,468,12
2020-04-04,Alpine,3,1148,1,1,0,1,0
2020-04-04,Amador,5,37829,5,2,0,2,0
2020-04-04,Butte,7,227075,17,10,1,11,0
2020-04-04,Calaveras,9,45235,9,3,0,3,0
2020-04-04,Colusa,11,21464,3,1,0,1,0
2020-04-04,Contra Costa,13,1133247,614,382,0,382,5
2020-04-04,Del Norte,15,27424,2,1,0,1,0
2020-04-04,El Dorado,17,186661,40,19,0,19,0
2020-04-04,Fresno,19,978130,316,102,3,105,1
2020-04-04,Glenn,21,27897,4,2,0,2,0
2020-04-04,Humboldt,23,135768,55,29,0,29,0
2020-04-04,Imperial,25,180216,119,42,0,42,1
2020-04-04,Inyo,27,18085,11,10,0,10,0
2020-04-04,Kern,29,883053,380,103,0,103,2
2020-04-04,Kings,31,150075,28,3,1,4,0
2020-04-04,Lake,33,64148,4,0,0,0,0
2020-04-04,Lassen,35,31185,1,0,2,2,0
2020-04-04,Los Angeles,37,10098052,9799,5275,16,5291,117
2020-04-04,Madera,39,155013,51,27,0,27,2
2020-04-04,Marin,41,260295,157,111,0,111,6
2020-04-04,Mariposa,43,17540,0,0,0,0,0
2020-04-04,Mendocino,45,87422,5,4,0,4,0
2020-04-04,Merced,47,269075,49,11,0,11,0
2020-04-04,Modoc,49,8938,0,0,0,0,0
2020-04-04,Mono,51,14174,28,18,0,18,1
2020-04-04,Monterey,53,433212,84,61,0,61,2
2020-04-04,Napa,55,140530,39,15,0,15,2
2020-04-04,Nevada,57,99092,36,19,1,20,1
2020-04-04,Orange,59,3164182,1554,781,2,783,15
2020-04-04,Placer,61,380077,133,87,0,87,2
2020-04-04,Plumas,63,18699,3,2,0,2,0
2020-04-04,Riverside,65,2383286,1705,652,5,657,15
2020-04-04,Sacramento,67,1510023,731,393,0,393,11
2020-04-04,San Benito,69,59416,34,22,0,22,1
2020-04-04,San Bernardino,71,2135413,979,373,0,373,13
2020-04-04,San Diego,73,3302833,1860,1211,0,1211,18
2020-04-04,San Francisco,75,870044,860,537,0,537,6
2020-04-04,San Joaquin,77,732212,292,171,3,174,10
2020-04-04,San Luis Obispo,79,281455,130,82,0,82,0
2020-04-04,San Mateo,81,765935,815,520,2,522,17
2020-04-04,Santa Barbara,83,443738,325,167,0,167,1
2020-04-04,Santa Clara,85,1922200,1571,1045,1,1046,39
2020-04-04,Santa Cruz,87,273765,96,56,0,56,1
2020-04-04,Shasta,89,179085,26,11,0,11,2
2020-04-04,Sierra,91,2930,0,0,0,0,0
2020-04-04,Siskiyou,93,43540,4,3,0,3,0
2020-04-04,Solano,95,438530,155,79,0,79,1
2020-04-04,Sonoma,97,501317,162,88,0,88,1
2020-04-04,Stanislaus,99,539301,146,51,3,54,0
2020-04-04,Sutter,101,95872,22,14,0,14,1
2020-04-04,Tehama,103,63373,1,1,0,1,0
2020-04-04,Trinity,105,12862,0,0,0,0,0
2020-04-04,Tulare,107,460477,220,79,2,81,4
2020-04-04,Tuolumne,109,53932,3,1,0,1,0
2020-04-04,Ventura,111,848112,364,194,0,194,6
2020-04-04,Yolo,113,214977,73,40,0,40,2
2020-04-04,Yuba,115,75493,13,7,0,7,0
2020-04-03,Alameda,1,1643700,853,395,0,395,11
2020-04-03,Alpine,3,1148,1,1,0,1,0
2020-04-03,Amador,5,37829,5,2,0,2,0
2020-04-03,Butte,7,227075,17,8,1,9,0
2020-04-03,Calaveras,9,45235,9,3,0,3,0
2020-04-03,Colusa,11,21464,3,1,0,1,0
2020-04-03,Contra Costa,13,1133247,591,327,0,327,5
2020-04-03,Del Norte,15,27424,2,1,0,1,0
2020-04-03,El Dorado,17,186661,38,16,0,16,0
2020-04-03,Fresno,19,978130,304,98,3,101,1
2020-04-03,Glenn,21,27897,4,2,0,2,0
2020-04-03,Humboldt,23,135768,55,34,0,34,0
2020-04-03,Imperial,25,180216,110,35,0,35,0
2020-04-03,Inyo,27,18085,11,10,0,10,0
2020-04-03,Kern,29,883053,354,87,0,87,1
2020-04-03,Kings,31,150075,26,3,1,4,0
2020-04-03,Lake,33,64148,3,0,0,0,0
2020-04-03,Lassen,35,31185,1,0,2,2,0
2020-04-03,Los Angeles,37,10098052,9184,4566,16,4582,91
2020-04-03,Madera,39,155013,50,28,0,28,2
2020-04-03,Marin,41,260295,155,106,0,106,6
2020-04-03,Mariposa,43,17540,0,0,0,0,0
2020-04-03,Mendocino,45,87422,5,4,0,4,0
2020-04-03,Merced,47,269075,46,9,0,9,0
2020-04-03,Modoc,49,8938,0,0,0,0,0
2020-04-03,Mono,51,14174,28,18,0,18,1
2020-04-03,Monterey,53,433212,81,58,0,58,2
2020-04-03,Napa,55,140530,38,13,0,13,1
2020-04-03,Nevada,57,99092,36,19,1,20,1
2020-04-03,Orange,59,3164182,1515,713,2,715,13
2020-04-03,Placer,61,380077,129,76,0,76,2
2020-04-03,Plumas,63,18699,3,2,0,2,0
2020-04-03,Riverside,65,2383286,1626,540,5,545,14
2020-04-03,Sacramento,67,1510023,709,363,0,363,11
2020-04-03,San Benito,69,59416,34,22,0,22,1
2020-04-03,San Bernardino,71,2135413,934,356,0,356,11
2020-04-03,San Diego,73,3302833,1800,1114,0,1114,17
2020-04-03,San Francisco,75,870044,835,506,0,506,6
2020-04-03,San Joaquin,77,732212,280,162,3,165,10
2020-04-03,San Luis Obispo,79,281455,130,82,0,82,0
2020-04-03,San Mateo,81,765935,798,474,2,476,13
2020-04-03,Santa Barbara,83,443738,314,154,0,154,1
2020-04-03,Santa Clara,85,1922200,1537,983,1,984,39
2020-04-03,Santa Cruz,87,273765,96,52,0,52,1
2020-04-03,Shasta,89,179085,26,10,0,10,1
2020-04-03,Sierra,91,2930,0,0,0,0,0
2020-04-03,Siskiyou,93,43540,4,3,0,3,0
2020-04-03,Solano,95,438530,147,72,0,72,1
2020-04-03,Sonoma,97,501317,162,84,0,84,1
2020-04-03,Stanislaus,99,539301,140,48,3,51,0
2020-04-03,Sutter,101,95872,22,12,0,12,1
2020-04-03,Tehama,103,63373,1,1,0,1,0
2020-04-03,Trinity,105,12862,0,0,0,0,0
2020-04-03,Tulare,107,460477,207,73,2,75,3
2020-04-03,Tuolumne,109,53932,3,1,0,1,0
2020-04-03,Ventura,111,848112,354,186,0,186,6
2020-04-03,Yolo,113,214977,72,33,0,33,1
2020-04-03,Yuba,115,75493,13,6,0,6,0
2020-04-02,Alameda,1,1643700,802,345,0,345,10
2020-04-02,Alpine,3,1148,1,1,0,1,0
2020-04-02,Amador,5,37829,5,2,0,2,0
2020-04-02,Butte,7,227075,17,7,0,7,0
2020-04-02,Calaveras,9,45235,7,3,0,3,0
2020-04-02,Colusa,11,21464,3,1,0,1,0
2020-04-02,Contra Costa,13,1133247,561,297,0,297,3
2020-04-02,Del Norte,15,27424,2,0,0,0,0
2020-04-02,El Dorado,17,186661,36,16,0,16,0
2020-04-02,Fresno,19,978130,287,92,3,95,0
2020-04-02,Glenn,21,27897,3,2,0,2,0
2020-04-02,Humboldt,23,135768,51,23,0,23,0
2020-04-02,Imperial,25,180216,106,24,0,24,0
2020-04-02,Inyo,27,18085,10,8,0,8,0
2020-04-02,Kern,29,883053,327,74,0,74,0
2020-04-02,Kings,31,150075,26,3,1,4,0
2020-04-02,Lake,33,64148,3,0,0,0,0
2020-04-02,Lassen,35,31185,1,0,2,2,0
2020-04-02,Los Angeles,37,10098052,8352,4040,16,4056,79
2020-04-02,Madera,39,155013,48,25,0,25,1
2020-04-02,Marin,41,260295,149,102,0,102,1
2020-04-02,Mariposa,43,17540,0,0,0,0,0
2020-04-02,Mendocino,45,87422,5,4,0,4,0
2020-04-02,Merced,47,269075,41,9,0,9,0
2020-04-02,Modoc,49,8938,0,0,0,0,0
2020-04-02,Mono,51,14174,28,16,0,16,1
2020-04-02,Monterey,53,433212,79,50,0,50,2
2020-04-02,Napa,55,140530,38,13,0,13,0
2020-04-02,Nevada,57,99092,35,17,1,18,0
2020-04-02,Orange,59,3164182,1463,640,2,642,12
2020-04-02,Placer,61,380077,128,72,0,72,2
2020-04-02,Plumas,63,18699,3,1,0,1,0
2020-04-02,Riverside,65,2383286,1510,438,5,443,13
2020-04-02,Sacramento,67,1510023,691,322,0,322,9
2020-04-02,San Benito,69,59416,32,18,0,18,1
2020-04-02,San Bernardino,71,2135413,879,335,0,335,8
2020-04-02,San Diego,73,3302833,1733,968,0,968,16
2020-04-02,San Francisco,75,870044,808,473,0,473,6
2020-04-02,San Joaquin,77,732212,262,148,3,151,9
2020-04-02,San Luis Obispo,79,281455,125,79,0,79,0
2020-04-02,San Mateo,81,765935,777,423,2,425,13
2020-04-02,Santa Barbara,83,443738,301,125,0,125,1
2020-04-02,Santa Clara,85,1922200,1487,908,1,909,38
2020-04-02,Santa Cruz,87,273765,94,49,0,49,1
2020-04-02,Shasta,89,179085,25,7,0,7,1
2020-04-02,Sierra,91,2930,0,0,0,0,0
2020-04-02,Siskiyou,93,43540,4,3,0,3,0
2020-04-02,Solano,95,438530,137,65,0,65,0
2020-04-02,Sonoma,97,501317,158,76,0,76,1
2020-04-02,Stanislaus,99,539301,129,40,3,43,0
2020-04-02,Sutter,101,95872,21,10,0,10,1
2020-04-02,Tehama,103,63373,1,1,0,1,0
2020-04-02,Trinity,105,12862,0,0,0,0,0
2020-04-02,Tulare,107,460477,180,64,2,66,1
2020-04-02,Tuolumne,109,53932,3,1,0,1,0
2020-04-02,Ventura,111,848112,336,178,0,178,5
2020-04-02,Yolo,113,214977,70,29,0,29,1
2020-04-02,Yuba,115,75493,10,5,0,5,0
2020-04-01,Alameda,1,1643700,776,287,0,287,8
2020-04-01,Alpine,3,1148,1,1,0,1,0
2020-04-01,Amador,5,37829,5,1,0,1,0
2020-04-01,Butte,7,227075,17,6,0,6,0
2020-04-01,Calaveras,9,45235,6,3,0,3,0
2020-04-01,Colusa,11,21464,3,1,0,1,0
2020-04-01,Contra Costa,13,1133247,517,267,0,267,3
2020-04-01,Del Norte,15,27424,2,0,0,0,0
2020-04-01,El Dorado,17,186661,35,14,0,14,0
2020-04-01,Fresno,19,978130,267,75,2,77,0
2020-04-01,Glenn,21,27897,3,2,0,2,0
2020-04-01,Humboldt,23,135768,51,19,0,19,0
2020-04-01,Imperial,25,180216,99,25,0,25,0
2020-04-01,Inyo,27,18085,10,8,0,8,0
2020-04-01,Kern,29,883053,301,53,0,53,0
2020-04-01,Kings,31,150075,24,3,1,4,0
2020-04-01,Lake,33,64148,3,0,0,0,0
2020-04-01,Lassen,35,31185,1,0,2,2,0
2020-04-01,Los Angeles,37,10098052,7699,3502,16,3518,66
2020-04-01,Madera,39,155013,46,17,0,17,1
2020-04-01,Marin,41,260295,145,87,0,87,1
2020-04-01,Mariposa,43,17540,0,0,0,0,0
2020-04-01,Mendocino,45,87422,5,4,0,4,0
2020-04-01,Merced,47,269075,38,7,0,7,0
2020-04-01,Modoc,49,8938,0,0,0,0,0
2020-04-01,Mono,51,14174,28,12,0,12,1
2020-04-01,Monterey,53,433212,78,47,0,47,2
2020-04-01,Napa,55,140530,36,11,0,11,0
2020-04-01,Nevada,57,99092,35,15,1,16,0
2020-04-01,Orange,59,3164182,1409,579,2,581,11
2020-04-01,Placer,61,380077,127,52,0,52,2
2020-04-01,Plumas,63,18699,3,1,0,1,0
2020-04-01,Riverside,65,2383286,1342,306,5,311,11
2020-04-01,Sacramento,67,1510023,659,299,0,299,8
2020-04-01,San Benito,69,59416,29,14,0,14,1
2020-04-01,San Bernardino,71,2135413,830,245,0,245,5
2020-04-01,San Diego,73,3302833,1663,851,0,851,11
2020-04-01,San Francisco,75,870044,780,432,0,432,6
2020-04-01,San Joaquin,77,732212,251,132,3,135,8
2020-04-01,San Luis Obispo,79,281455,119,69,0,69,0
2020-04-01,San Mateo,81,765935,759,354,2,356,13
2020-04-01,Santa Barbara,83,443738,283,103,0,103,0
2020-04-01,Santa Clara,85,1922200,1447,805,1,806,33
2020-04-01,Santa Cruz,87,273765,89,44,0,44,1
2020-04-01,Shasta,89,179085,24,5,0,5,1
2020-04-01,Sierra,91,2930,0,0,0,0,0
2020-04-01,Siskiyou,93,43540,4,3,0,3,0
2020-04-01,Solano,95,438530,132,57,0,57,0
2020-04-01,Sonoma,97,501317,154,60,0,60,1
2020-04-01,Stanislaus,99,539301,118,29,3,32,0
2020-04-01,Sutter,101,95872,21,9,0,9,1
2020-04-01,Tehama,103,63373,1,0,0,0,0
2020-04-01,Trinity,105,12862,0,0,0,0,0
2020-04-01,Tulare,107,460477,145,43,2,45,1
2020-04-01,Tuolumne,109,53932,3,1,0,1,0
2020-04-01,Ventura,111,848112,323,154,0,154,5
2020-04-01,Yolo,113,214977,65,22,0,22,1
2020-04-01,Yuba,115,75493,9,5,0,5,0
2020-03-31,Alameda,1,1643700,708,269,0,269,7
2020-03-31,Alpine,3,1148,1,1,0,1,0
2020-03-31,Amador,5,37829,5,1,0,1,0
2020-03-31,Butte,7,227075,17,6,0,6,0
2020-03-31,Calaveras,9,45235,6,3,0,3,0
2020-03-31,Colusa,11,21464,3,1,0,1,0
2020-03-31,Contra Costa,13,1133247,492,246,0,246,3
2020-03-31,Del Norte,15,27424,1,0,0,0,0
2020-03-31,El Dorado,17,186661,31,14,0,14,0
2020-03-31,Fresno,19,978130,243,59,2,61,0
2020-03-31,Glenn,21,27897,3,2,0,2,0
2020-03-31,Humboldt,23,135768,51,18,0,18,0
2020-03-31,Imperial,25,180216,94,17,0,17,0
2020-03-31,Inyo,27,18085,10,8,0,8,0
2020-03-31,Kern,29,883053,278,47,0,47,0
2020-03-31,Kings,31,150075,22,2,1,3,0
2020-03-31,Lake,33,64148,1,0,0,0,0
2020-03-31,Lassen,35,31185,1,0,2,2,0
2020-03-31,Los Angeles,37,10098052,7035,3001,16,3017,53
2020-03-31,Madera,39,155013,45,17,0,17,1
2020-03-31,Marin,41,260295,136,85,0,85,1
2020-03-31,Mariposa,43,17540,0,0,0,0,0
2020-03-31,Mendocino,45,87422,5,4,0,4,0
2020-03-31,Merced,47,269075,33,6,0,6,0
2020-03-31,Modoc,49,8938,0,0,0,0,0
2020-03-31,Mono,51,14174,26,12,0,12,0
2020-03-31,Monterey,53,433212,76,43,0,43,2
2020-03-31,Napa,55,140530,35,9,0,9,0
2020-03-31,Nevada,57,99092,35,15,1,16,0
2020-03-31,Orange,59,3164182,1341,506,2,508,7
2020-03-31,Placer,61,380077,120,49,0,49,2
2020-03-31,Plumas,63,18699,1,0,0,0,0
2020-03-31,Riverside,65,2383286,1195,284,5,289,8
2020-03-31,Sacramento,67,1510023,607,271,0,271,8
2020-03-31,San Benito,69,59416,29,14,0,14,1
2020-03-31,San Bernardino,71,2135413,746,193,0,193,5
2020-03-31,San Diego,73,3302833,1581,736,0,736,9
2020-03-31,San Francisco,75,870044,745,404,0,404,5
2020-03-31,San Joaquin,77,732212,235,122,3,125,7
2020-03-31,San Luis Obispo,79,281455,116,67,0,67,0
2020-03-31,San Mateo,81,765935,740,297,2,299,12
2020-03-31,Santa Barbara,83,443738,266,89,0,89,0
2020-03-31,Santa Clara,85,1922200,1398,777,1,778,30
2020-03-31,Santa Cruz,87,273765,83,40,0,40,1
2020-03-31,Shasta,89,179085,21,5,0,5,1
2020-03-31,Sierra,91,2930,0,0,0,0,0
2020-03-31,Siskiyou,93,43540,4,3,0,3,0
2020-03-31,Solano,95,438530,118,56,0,56,0
2020-03-31,Sonoma,97,501317,149,58,0,58,1
2020-03-31,Stanislaus,99,539301,103,28,3,31,0
2020-03-31,Sutter,101,95872,21,8,0,8,0
2020-03-31,Tehama,103,63373,1,0,0,0,0
2020-03-31,Trinity,105,12862,0,0,0,0,0
2020-03-31,Tulare,107,460477,124,42,2,44,1
2020-03-31,Tuolumne,109,53932,3,1,0,1,0
2020-03-31,Ventura,111,848112,312,143,0,143,4
2020-03-31,Yolo,113,214977,58,21,0,21,1
2020-03-31,Yuba,115,75493,9,5,0,5,0
2020-03-30,Alameda,1,1643700,668,250,0,250,7
2020-03-30,Alpine,3,1148,1,1,0,1,0
2020-03-30,Amador,5,37829,5,1,0,1,0
2020-03-30,Butte,7,227075,15,5,0,5,0
2020-03-30,Calaveras,9,45235,6,3,0,3,0
2020-03-30,Colusa,11,21464,3,1,0,1,0
2020-03-30,Contra Costa,13,1133247,466,212,0,212,3
2020-03-30,Del Norte,15,27424,0,0,0,0,0
2020-03-30,El Dorado,17,186661,31,11,0,11,0
2020-03-30,Fresno,19,978130,219,46,2,48,0
2020-03-30,Glenn,21,27897,3,2,0,2,0
2020-03-30,Humboldt,23,135768,49,11,0,11,0
2020-03-30,Imperial,25,180216,90,9,0,9,0
2020-03-30,Inyo,27,18085,10,5,0,5,0
2020-03-30,Kern,29,883053,245,30,0,30,0
2020-03-30,Kings,31,150075,22,1,1,2,0
2020-03-30,Lake,33,64148,1,0,0,0,0
2020-03-30,Lassen,35,31185,1,0,1,1,0
2020-03-30,Los Angeles,37,10098052,6383,2467,16,2483,44
2020-03-30,Madera,39,155013,44,14,0,14,1
2020-03-30,Marin,41,260295,129,78,0,78,0
2020-03-30,Mariposa,43,17540,0,0,0,0,0
2020-03-30,Mendocino,45,87422,5,2,0,2,0
2020-03-30,Merced,47,269075,29,6,0,6,0
2020-03-30,Modoc,49,8938,0,0,0,0,0
2020-03-30,Mono,51,14174,26,11,0,11,0
2020-03-30,Monterey,53,433212,71,41,0,41,1
2020-03-30,Napa,55,140530,34,9,0,9,0
2020-03-30,Nevada,57,99092,34,14,1,15,0
2020-03-30,Orange,59,3164182,1277,418,2,420,5
2020-03-30,Placer,61,380077,117,44,0,44,2
2020-03-30,Plumas,63,18699,1,0,0,0,0
2020-03-30,Riverside,65,2383286,1114,204,5,209,7
2020-03-30,Sacramento,67,1510023,583,238,0,238,8
2020-03-30,San Benito,69,59416,29,11,0,11,1
2020-03-30,San Bernardino,71,2135413,702,145,0,145,4
2020-03-30,San Diego,73,3302833,1511,605,0,605,7
2020-03-30,San Francisco,75,870044,705,368,0,368,5
2020-03-30,San Joaquin,77,732212,228,112,3,115,5
2020-03-30,San Luis Obispo,79,281455,114,62,0,62,0
2020-03-30,San Mateo,81,765935,716,257,2,259,11
2020-03-30,Santa Barbara,83,443738,256,79,0,79,0
2020-03-30,Santa Clara,85,1922200,1367,745,1,746,31
2020-03-30,Santa Cruz,87,273765,80,36,0,36,1
2020-03-30,Shasta,89,179085,20,4,0,4,1
2020-03-30,Sierra,91,2930,0,0,0,0,0
2020-03-30,Siskiyou,93,43540,4,2,0,2,0
2020-03-30,Solano,95,438530,112,50,0,50,0
2020-03-30,Sonoma,97,501317,146,57,0,57,1
2020-03-30,Stanislaus,99,539301,96,28,3,31,0
2020-03-30,Sutter,101,95872,20,6,0,6,0
2020-03-30,Tehama,103,63373,1,0,0,0,0
2020-03-30,Trinity,105,12862,0,0,0,0,0
2020-03-30,Tulare,107,460477,114,40,2,42,1
2020-03-30,Tuolumne,109,53932,3,1,0,1,0
2020-03-30,Ventura,111,848112,301,118,0,118,2
2020-03-30,Yolo,113,214977,56,17,0,17,1
2020-03-30,Yuba,115,75493,8,5,0,5,0
2020-03-29,Alameda,1,1643700,634,207,0,207,6
2020-03-29,Alpine,3,1148,1,0,0,0,0
2020-03-29,Amador,5,37829,5,1,0,1,0
2020-03-29,Butte,7,227075,15,4,0,4,0
2020-03-29,Calaveras,9,45235,6,2,0,2,0
2020-03-29,Colusa,11,21464,3,1,0,1,0
2020-03-29,Contra Costa,13,1133247,436,187,0,187,3
2020-03-29,Del Norte,15,27424,0,0,0,0,0
2020-03-29,El Dorado,17,186661,30,9,0,9,0
2020-03-29,Fresno,19,978130,195,31,2,33,0
2020-03-29,Glenn,21,27897,2,1,0,1,0
2020-03-29,Humboldt,23,135768,46,9,0,9,0
2020-03-29,Imperial,25,180216,84,9,0,9,0
2020-03-29,Inyo,27,18085,9,0,0,0,0
2020-03-29,Kern,29,883053,227,20,0,20,0
2020-03-29,Kings,31,150075,19,1,1,2,0
2020-03-29,Lake,33,64148,0,0,0,0,0
2020-03-29,Lassen,35,31185,1,0,1,1,0
2020-03-29,Los Angeles,37,10098052,5739,2119,16,2135,37
2020-03-29,Madera,39,155013,39,11,0,11,1
2020-03-29,Marin,41,260295,124,60,0,60,0
2020-03-29,Mariposa,43,17540,0,0,0,0,0
2020-03-29,Mendocino,45,87422,5,2,0,2,0
2020-03-29,Merced,47,269075,28,4,0,4,0
2020-03-29,Modoc,49,8938,0,0,0,0,0
2020-03-29,Mono,51,14174,26,8,0,8,0
2020-03-29,Monterey,53,433212,66,36,0,36,1
2020-03-29,Napa,55,140530,32,5,0,5,0
2020-03-29,Nevada,57,99092,32,13,1,14,0
2020-03-29,Orange,59,3164182,1204,343,2,345,2
2020-03-29,Placer,61,380077,116,35,0,35,2
2020-03-29,Plumas,63,18699,1,0,0,0,0
2020-03-29,Riverside,65,2383286,990,122,5,127,7
2020-03-29,Sacramento,67,1510023,543,217,0,217,7
2020-03-29,San Benito,69,59416,28,10,0,10,1
2020-03-29,San Bernardino,71,2135413,650,94,0,94,2
2020-03-29,San Diego,73,3302833,1439,521,0,521,7
2020-03-29,San Francisco,75,870044,661,333,0,333,5
2020-03-29,San Joaquin,77,732212,219,86,3,89,4
2020-03-29,San Luis Obispo,79,281455,109,55,0,55,0
2020-03-29,San Mateo,81,765935,691,234,2,236,12
2020-03-29,Santa Barbara,83,443738,245,52,0,52,0
2020-03-29,Santa Clara,85,1922200,1312,591,1,592,30
2020-03-29,Santa Cruz,87,273765,80,33,0,33,1
2020-03-29,Shasta,89,179085,19,4,0,4,1
2020-03-29,Sierra,91,2930,0,0,0,0,0
2020-03-29,Siskiyou,93,43540,4,2,0,2,0
2020-03-29,Solano,95,438530,103,48,0,48,0
2020-03-29,Sonoma,97,501317,144,35,0,35,1
2020-03-29,Stanislaus,99,539301,91,19,3,22,0
2020-03-29,Sutter,101,95872,17,6,0,6,0
2020-03-29,Tehama,103,63373,1,0,0,0,0
2020-03-29,Trinity,105,12862,0,0,0,0,0
2020-03-29,Tulare,107,460477,95,24,2,26,1
2020-03-29,Tuolumne,109,53932,2,1,0,1,0
2020-03-29,Ventura,111,848112,274,92,0,92,2
2020-03-29,Yolo,113,214977,51,13,0,13,1
2020-03-29,Yuba,115,75493,8,3,0,3,0
2020-03-28,Alameda,1,1643700,607,410,0,410,12
2020-03-28,Alpine,3,1148,1,0,0,0,0
2020-03-28,Amador,5,37829,5,2,0,2,0
2020-03-28,Butte,7,227075,15,8,0,8,0
2020-03-28,Calaveras,9,45235,6,4,0,4,0
2020-03-28,Colusa,11,21464,3,2,0,2,0
2020-03-28,Contra Costa,13,1133247,413,350,0,350,4
2020-03-28,Del Norte,15,27424,0,0,0,0,0
2020-03-28,El Dorado,17,186661,29,18,0,18,0
2020-03-28,Fresno,19,978130,185,62,2,64,0
2020-03-28,Glenn,21,27897,2,2,0,2,0
2020-03-28,Humboldt,23,135768,46,18,0,18,0
2020-03-28,Imperial,25,180216,79,18,0,18,0
2020-03-28,Inyo,27,18085,9,0,0,0,0
2020-03-28,Kern,29,883053,210,40,0,40,0
2020-03-28,Kings,31,150075,18,2,1,3,0
2020-03-28,Lake,33,64148,0,0,0,0,0
2020-03-28,Lassen,35,31185,1,0,1,1,0
2020-03-28,Los Angeles,37,10098052,5354,3600,15,3615,64
2020-03-28,Madera,39,155013,39,22,0,22,2
2020-03-28,Marin,41,260295,119,116,0,116,0
2020-03-28,Mariposa,43,17540,0,0,0,0,0
2020-03-28,Mendocino,45,87422,5,4,0,4,0
2020-03-28,Merced,47,269075,27,8,0,8,0
2020-03-28,Modoc,49,8938,0,0,0,0,0
2020-03-28,Mono,51,14174,24,12,0,12,0
2020-03-28,Monterey,53,433212,65,64,0,64,2
2020-03-28,Napa,55,140530,27,10,0,10,0
2020-03-28,Nevada,57,99092,32,22,1,23,0
2020-03-28,Orange,59,3164182,1168,656,2,658,4
2020-03-28,Placer,61,380077,111,70,0,70,2
2020-03-28,Plumas,63,18699,1,0,0,0,0
2020-03-28,Riverside,65,2383286,922,242,5,247,14
2020-03-28,Sacramento,67,1510023,525,406,0,406,14
2020-03-28,San Benito,69,59416,28,20,0,20,2
2020-03-28,San Bernardino,71,2135413,602,162,0,162,4
2020-03-28,San Diego,73,3302833,1380,980,0,980,14
2020-03-28,San Francisco,75,870044,637,600,0,600,6
2020-03-28,San Joaquin,77,732212,212,166,3,169,8
2020-03-28,San Luis Obispo,79,281455,107,104,0,104,0
2020-03-28,San Mateo,81,765935,671,462,2,464,17
2020-03-28,Santa Barbara,83,443738,234,98,0,98,0
2020-03-28,Santa Clara,85,1922200,1293,1174,1,1175,54
2020-03-28,Santa Cruz,87,273765,79,62,0,62,0
2020-03-28,Shasta,89,179085,19,8,0,8,2
2020-03-28,Sierra,91,2930,0,0,0,0,0
2020-03-28,Siskiyou,93,43540,4,4,0,4,0
2020-03-28,Solano,95,438530,99,96,0,96,0
2020-03-28,Sonoma,97,501317,142,70,0,70,2
2020-03-28,Stanislaus,99,539301,86,34,3,37,0
2020-03-28,Sutter,101,95872,17,6,0,6,0
2020-03-28,Tehama,103,63373,1,0,0,0,0
2020-03-28,Trinity,105,12862,0,0,0,0,0
2020-03-28,Tulare,107,460477,89,46,2,48,0
2020-03-28,Tuolumne,109,53932,2,2,0,2,0
2020-03-28,Ventura,111,848112,270,178,0,178,4
2020-03-28,Yolo,113,214977,50,26,0,26,2
2020-03-28,Yuba,115,75493,8,6,0,6,0
2020-03-27,Alameda,1,1643700,588,185,0,185,4
2020-03-27,Alpine,3,1148,1,0,0,0,0
2020-03-27,Amador,5,37829,4,1,0,1,0
2020-03-27,Butte,7,227075,13,4,0,4,0
2020-03-27,Calaveras,9,45235,6,2,0,2,0
2020-03-27,Colusa,11,21464,3,0,0,0,0
2020-03-27,Contra Costa,13,1133247,392,161,0,161,2
2020-03-27,Del Norte,15,27424,0,0,0,0,0
2020-03-27,El Dorado,17,186661,27,9,0,9,0
2020-03-27,Fresno,19,978130,173,29,1,30,0
2020-03-27,Glenn,21,27897,2,0,0,0,0
2020-03-27,Humboldt,23,135768,42,9,0,9,0
2020-03-27,Imperial,25,180216,74,9,0,9,0
2020-03-27,Inyo,27,18085,9,0,0,0,0
2020-03-27,Kern,29,883053,197,20,0,20,0
2020-03-27,Kings,31,150075,17,0,1,1,0
2020-03-27,Lake,33,64148,0,0,0,0,0
2020-03-27,Lassen,35,31185,1,0,1,1,0
2020-03-27,Los Angeles,37,10098052,4941,1474,15,1489,26
2020-03-27,Madera,39,155013,37,10,0,10,1
2020-03-27,Marin,41,260295,114,58,0,58,0
2020-03-27,Mariposa,43,17540,0,0,0,0,0
2020-03-27,Mendocino,45,87422,5,2,0,2,0
2020-03-27,Merced,47,269075,26,3,0,3,0
2020-03-27,Modoc,49,8938,0,0,0,0,0
2020-03-27,Mono,51,14174,24,6,0,6,0
2020-03-27,Monterey,53,433212,62,26,0,26,1
2020-03-27,Napa,55,140530,27,5,0,5,0
2020-03-27,Nevada,57,99092,32,6,1,7,0
2020-03-27,Orange,59,3164182,1116,299,2,301,2
2020-03-27,Placer,61,380077,108,33,0,33,1
2020-03-27,Plumas,63,18699,0,0,0,0,0
2020-03-27,Riverside,65,2383286,866,121,5,126,7
2020-03-27,Sacramento,67,1510023,502,163,0,163,6
2020-03-27,San Benito,69,59416,27,9,0,9,1
2020-03-27,San Bernardino,71,2135413,512,77,0,77,2
2020-03-27,San Diego,73,3302833,1323,419,0,419,5
2020-03-27,San Francisco,75,870044,612,285,0,285,2
2020-03-27,San Joaquin,77,732212,201,73,3,76,3
2020-03-27,San Luis Obispo,79,281455,105,46,0,46,0
2020-03-27,San Mateo,81,765935,645,213,2,215,7
2020-03-27,Santa Barbara,83,443738,218,37,0,37,0
2020-03-27,Santa Clara,85,1922200,1256,557,1,558,25
2020-03-27,Santa Cruz,87,273765,78,31,0,31,0
2020-03-27,Shasta,89,179085,16,3,0,3,1
2020-03-27,Sierra,91,2930,0,0,0,0,0
2020-03-27,Siskiyou,93,43540,4,2,0,2,0
2020-03-27,Solano,95,438530,93,48,0,48,0
2020-03-27,Sonoma,97,501317,134,35,0,35,1
2020-03-27,Stanislaus,99,539301,84,16,3,19,0
2020-03-27,Sutter,101,95872,16,2,0,2,0
2020-03-27,Tehama,103,63373,1,0,0,0,0
2020-03-27,Trinity,105,12862,0,0,0,0,0
2020-03-27,Tulare,107,460477,81,15,2,17,0
2020-03-27,Tuolumne,109,53932,2,1,0,1,0
2020-03-27,Ventura,111,848112,261,80,0,80,2
2020-03-27,Yolo,113,214977,49,13,0,13,1
2020-03-27,Yuba,115,75493,7,3,0,3,0
2020-03-26,Alameda,1,1643700,548,172,0,172,4
2020-03-26,Alpine,3,1148,1,0,0,0,0
2020-03-26,Amador,5,37829,4,1,0,1,0
2020-03-26,Butte,7,227075,13,4,0,4,0
2020-03-26,Calaveras,9,45235,6,2,0,2,0
2020-03-26,Colusa,11,21464,3,0,0,0,0
2020-03-26,Contra Costa,13,1133247,382,147,0,147,2
2020-03-26,Del Norte,15,27424,0,0,0,0,0
2020-03-26,El Dorado,17,186661,26,7,0,7,0
2020-03-26,Fresno,19,978130,164,25,1,26,0
2020-03-26,Glenn,21,27897,2,0,0,0,0
2020-03-26,Humboldt,23,135768,38,8,0,8,0
2020-03-26,Imperial,25,180216,70,8,0,8,0
2020-03-26,Inyo,27,18085,8,0,0,0,0
2020-03-26,Kern,29,883053,181,20,0,20,0
2020-03-26,Kings,31,150075,17,0,1,1,0
2020-03-26,Lake,33,64148,0,0,0,0,0
2020-03-26,Lassen,35,31185,1,0,1,1,0
2020-03-26,Los Angeles,37,10098052,4540,1075,15,1090,19
2020-03-26,Madera,39,155013,35,8,0,8,0
2020-03-26,Marin,41,260295,105,56,0,56,0
2020-03-26,Mariposa,43,17540,0,0,0,0,0
2020-03-26,Mendocino,45,87422,4,1,0,1,0
2020-03-26,Merced,47,269075,23,1,0,1,0
2020-03-26,Modoc,49,8938,0,0,0,0,0
2020-03-26,Mono,51,14174,23,5,0,5,0
2020-03-26,Monterey,53,433212,59,25,0,25,1
2020-03-26,Napa,55,140530,26,5,0,5,0
2020-03-26,Nevada,57,99092,32,7,1,8,0
2020-03-26,Orange,59,3164182,1054,279,2,281,1
2020-03-26,Placer,61,380077,104,34,0,34,1
2020-03-26,Plumas,63,18699,0,0,0,0,0
2020-03-26,Riverside,65,2383286,796,118,5,123,7
2020-03-26,Sacramento,67,1510023,469,147,0,147,5
2020-03-26,San Benito,69,59416,27,8,0,8,1
2020-03-26,San Bernardino,71,2135413,445,57,0,57,1
2020-03-26,San Diego,73,3302833,1256,299,0,299,2
2020-03-26,San Francisco,75,870044,585,261,0,261,1
2020-03-26,San Joaquin,77,732212,190,69,3,72,3
2020-03-26,San Luis Obispo,79,281455,100,38,0,38,0
2020-03-26,San Mateo,81,765935,612,122,2,124,5
2020-03-26,Santa Barbara,83,443738,202,33,0,33,0
2020-03-26,Santa Clara,85,1922200,1213,487,1,488,20
2020-03-26,Santa Cruz,87,273765,74,30,0,30,0
2020-03-26,Shasta,89,179085,16,3,0,3,1
2020-03-26,Sierra,91,2930,0,0,0,0,0
2020-03-26,Siskiyou,93,43540,4,2,0,2,0
2020-03-26,Solano,95,438530,85,41,0,41,0
2020-03-26,Sonoma,97,501317,129,33,0,33,1
2020-03-26,Stanislaus,99,539301,82,15,3,18,0
2020-03-26,Sutter,101,95872,12,2,0,2,0
2020-03-26,Tehama,103,63373,1,0,0,0,0
2020-03-26,Trinity,105,12862,0,0,0,0,0
2020-03-26,Tulare,107,460477,74,15,2,17,0
2020-03-26,Tuolumne,109,53932,2,0,0,0,0
2020-03-26,Ventura,111,848112,245,70,0,70,1
2020-03-26,Yolo,113,214977,45,13,0,13,1
2020-03-26,Yuba,115,75493,7,3,0,3,0
2020-03-25,Alameda,1,1643700,527,134,0,134,3
2020-03-25,Alpine,3,1148,1,0,0,0,0
2020-03-25,Amador,5,37829,4,1,0,1,0
2020-03-25,Butte,7,227075,13,4,0,4,0
2020-03-25,Calaveras,9,45235,6,2,0,2,0
2020-03-25,Colusa,11,21464,2,0,0,0,0
2020-03-25,Contra Costa,13,1133247,368,131,0,131,1
2020-03-25,Del Norte,15,27424,0,0,0,0,0
2020-03-25,El Dorado,17,186661,26,5,0,5,0
2020-03-25,Fresno,19,978130,149,21,1,22,0
2020-03-25,Glenn,21,27897,2,0,0,0,0
2020-03-25,Humboldt,23,135768,35,3,0,3,0
2020-03-25,Imperial,25,180216,62,8,0,8,0
2020-03-25,Inyo,27,18085,5,0,0,0,0
2020-03-25,Kern,29,883053,161,13,0,13,0
2020-03-25,Kings,31,150075,16,0,1,1,0
2020-03-25,Lake,33,64148,0,0,0,0,0
2020-03-25,Lassen,35,31185,1,0,1,1,0
2020-03-25,Los Angeles,37,10098052,4143,725,15,740,10
2020-03-25,Madera,39,155013,33,6,0,6,0
2020-03-25,Marin,41,260295,99,47,0,47,0
2020-03-25,Mariposa,43,17540,0,0,0,0,0
2020-03-25,Mendocino,45,87422,3,1,0,1,0
2020-03-25,Merced,47,269075,19,0,0,0,0
2020-03-25,Modoc,49,8938,0,0,0,0,0
2020-03-25,Mono,51,14174,22,4,0,4,0
2020-03-25,Monterey,53,433212,56,23,0,23,1
2020-03-25,Napa,55,140530,26,5,0,5,0
2020-03-25,Nevada,57,99092,31,5,1,6,0
2020-03-25,Orange,59,3164182,996,214,2,216,1
2020-03-25,Placer,61,380077,98,30,0,30,1
2020-03-25,Plumas,63,18699,0,1,0,1,0
2020-03-25,Riverside,65,2383286,725,87,5,92,5
2020-03-25,Sacramento,67,1510023,443,114,0,114,5
2020-03-25,San Benito,69,59416,26,4,0,4,1
2020-03-25,San Bernardino,71,2135413,406,46,0,46,1
2020-03-25,San Diego,73,3302833,1194,238,0,238,2
2020-03-25,San Francisco,75,870044,544,212,0,212,1
2020-03-25,San Joaquin,77,732212,177,64,3,67,2
2020-03-25,San Luis Obispo,79,281455,96,35,0,35,0
2020-03-25,San Mateo,81,765935,577,111,2,113,5
2020-03-25,Santa Barbara,83,443738,191,25,0,25,0
2020-03-25,Santa Clara,85,1922200,1169,452,1,453,20
2020-03-25,Santa Cruz,87,273765,71,26,0,26,0
2020-03-25,Shasta,89,179085,15,3,0,3,1
2020-03-25,Sierra,91,2930,0,0,0,0,0
2020-03-25,Siskiyou,93,43540,4,2,0,2,0
2020-03-25,Solano,95,438530,80,39,0,39,0
2020-03-25,Sonoma,97,501317,124,31,0,31,1
2020-03-25,Stanislaus,99,539301,75,14,3,17,0
2020-03-25,Sutter,101,95872,9,1,0,1,0
2020-03-25,Tehama,103,63373,1,0,0,0,0
2020-03-25,Trinity,105,12862,0,0,0,0,0
2020-03-25,Tulare,107,460477,64,11,2,13,0
2020-03-25,Tuolumne,109,53932,2,0,0,0,0
2020-03-25,Ventura,111,848112,229,53,0,53,1
2020-03-25,Yolo,113,214977,43,9,0,9,1
2020-03-25,Yuba,115,75493,7,2,0,2,0
2020-03-24,Alameda,1,1643700,495,96,0,96,2
2020-03-24,Alpine,3,1148,1,0,0,0,0
2020-03-24,Amador,5,37829,2,1,0,1,0
2020-03-24,Butte,7,227075,12,3,0,3,0
2020-03-24,Calaveras,9,45235,5,2,0,2,0
2020-03-24,Colusa,11,21464,2,0,0,0,0
2020-03-24,Contra Costa,13,1133247,355,108,0,108,1
2020-03-24,Del Norte,15,27424,0,0,0,0,0
2020-03-24,El Dorado,17,186661,26,3,0,3,0
2020-03-24,Fresno,19,978130,130,18,1,19,0
2020-03-24,Glenn,21,27897,2,0,0,0,0
2020-03-24,Humboldt,23,135768,33,2,0,2,0
2020-03-24,Imperial,25,180216,59,3,0,3,0
2020-03-24,Inyo,27,18085,5,0,0,0,0
2020-03-24,Kern,29,883053,143,5,0,5,0
2020-03-24,Kings,31,150075,15,0,1,1,0
2020-03-24,Lake,33,64148,0,0,0,0,0
2020-03-24,Lassen,35,31185,1,0,1,1,0
2020-03-24,Los Angeles,37,10098052,3693,633,15,648,7
2020-03-24,Madera,39,155013,32,6,0,6,0
2020-03-24,Marin,41,260295,88,44,0,44,0
2020-03-24,Mariposa,43,17540,0,0,0,0,0
2020-03-24,Mendocino,45,87422,3,1,0,1,0
2020-03-24,Merced,47,269075,17,0,0,0,0
2020-03-24,Modoc,49,8938,0,0,0,0,0
2020-03-24,Mono,51,14174,21,1,0,1,0
2020-03-24,Monterey,53,433212,52,23,0,23,1
2020-03-24,Napa,55,140530,23,2,0,2,0
2020-03-24,Nevada,57,99092,30,4,1,5,0
2020-03-24,Orange,59,3164182,934,166,2,168,0
2020-03-24,Placer,61,380077,92,22,0,22,1
2020-03-24,Plumas,63,18699,0,1,0,1,0
2020-03-24,Riverside,65,2383286,658,56,5,61,5
2020-03-24,Sacramento,67,1510023,424,93,0,93,4
2020-03-24,San Benito,69,59416,25,4,0,4,1
2020-03-24,San Bernardino,71,2135413,362,27,0,27,0
2020-03-24,San Diego,73,3302833,1127,231,0,231,2
2020-03-24,San Francisco,75,870044,512,181,0,181,1
2020-03-24,San Joaquin,77,732212,166,52,3,55,2
2020-03-24,San Luis Obispo,79,281455,94,32,0,32,0
2020-03-24,San Mateo,81,765935,536,100,2,102,2
2020-03-24,Santa Barbara,83,443738,185,20,0,20,0
2020-03-24,Santa Clara,85,1922200,1100,389,1,390,17
2020-03-24,Santa Cruz,87,273765,66,22,0,22,0
2020-03-24,Shasta,89,179085,14,3,0,3,0
2020-03-24,Sierra,91,2930,0,0,0,0,0
2020-03-24,Siskiyou,93,43540,4,2,0,2,0
2020-03-24,Solano,95,438530,78,34,0,34,0
2020-03-24,Sonoma,97,501317,117,27,0,27,1
2020-03-24,Stanislaus,99,539301,66,13,3,16,0
2020-03-24,Sutter,101,95872,9,0,0,0,0
2020-03-24,Tehama,103,63373,1,0,0,0,0
2020-03-24,Trinity,105,12862,0,0,0,0,0
2020-03-24,Tulare,107,460477,56,10,2,12,0
2020-03-24,Tuolumne,109,53932,2,0,0,0,0
2020-03-24,Ventura,111,848112,213,44,0,44,1
2020-03-24,Yolo,113,214977,39,8,0,8,0
2020-03-24,Yuba,115,75493,7,2,0,2,0
2020-03-23,Alameda,1,1643700,465,88,0,88,1
2020-03-23,Alpine,3,1148,1,0,0,0,0
2020-03-23,Amador,5,37829,2,1,0,1,0
2020-03-23,Butte,7,227075,12,2,0,2,0
2020-03-23,Calaveras,9,45235,5,2,0,2,0
2020-03-23,Colusa,11,21464,1,0,0,0,0
2020-03-23,Contra Costa,13,1133247,335,91,0,91,2
2020-03-23,Del Norte,15,27424,0,0,0,0,0
2020-03-23,El Dorado,17,186661,25,3,0,3,0
2020-03-23,Fresno,19,978130,120,10,1,11,0
2020-03-23,Glenn,21,27897,2,0,0,0,0
2020-03-23,Humboldt,23,135768,31,2,0,2,0
2020-03-23,Imperial,25,180216,55,2,0,2,0
2020-03-23,Inyo,27,18085,3,0,0,0,0
2020-03-23,Kern,29,883053,129,5,0,5,0
2020-03-23,Kings,31,150075,15,0,1,1,0
2020-03-23,Lake,33,64148,0,0,0,0,0
2020-03-23,Lassen,35,31185,1,0,1,1,0
2020-03-23,Los Angeles,37,10098052,3389,389,15,404,4
2020-03-23,Madera,39,155013,32,4,0,4,0
2020-03-23,Marin,41,260295,83,30,0,30,0
2020-03-23,Mariposa,43,17540,0,0,0,0,0
2020-03-23,Mendocino,45,87422,3,1,0,1,0
2020-03-23,Merced,47,269075,11,0,0,0,0
2020-03-23,Modoc,49,8938,0,0,0,0,0
2020-03-23,Mono,51,14174,19,1,0,1,0
2020-03-23,Monterey,53,433212,47,14,0,14,1
2020-03-23,Napa,55,140530,21,1,0,1,0
2020-03-23,Nevada,57,99092,27,2,1,3,0
2020-03-23,Orange,59,3164182,880,138,2,140,0
2020-03-23,Placer,61,380077,89,19,0,19,1
2020-03-23,Plumas,63,18699,0,0,0,0,0
2020-03-23,Riverside,65,2383286,617,39,5,44,5
2020-03-23,Sacramento,67,1510023,391,87,0,87,4
2020-03-23,San Benito,69,59416,24,4,0,4,1
2020-03-23,San Bernardino,71,2135413,332,17,0,17,0
2020-03-23,San Diego,73,3302833,1068,178,0,178,1
2020-03-23,San Francisco,75,870044,483,152,0,152,0
2020-03-23,San Joaquin,77,732212,154,37,3,40,2
2020-03-23,San Luis Obispo,79,281455,88,23,0,23,0
2020-03-23,San Mateo,81,765935,498,88,2,90,1
2020-03-23,Santa Barbara,83,443738,164,18,0,18,0
2020-03-23,Santa Clara,85,1922200,1053,336,1,337,13
2020-03-23,Santa Cruz,87,273765,64,21,0,21,0
2020-03-23,Shasta,89,179085,12,2,0,2,0
2020-03-23,Sierra,91,2930,0,0,0,0,0
2020-03-23,Siskiyou,93,43540,4,2,0,2,0
2020-03-23,Solano,95,438530,74,33,0,33,0
2020-03-23,Sonoma,97,501317,105,19,0,19,1
2020-03-23,Stanislaus,99,539301,58,10,3,13,0
2020-03-23,Sutter,101,95872,9,0,0,0,0
2020-03-23,Tehama,103,63373,1,0,0,0,0
2020-03-23,Trinity,105,12862,0,0,0,0,0
2020-03-23,Tulare,107,460477,50,9,2,11,0
2020-03-23,Tuolumne,109,53932,2,0,0,0,0
2020-03-23,Ventura,111,848112,196,30,0,30,0
2020-03-23,Yolo,113,214977,38,8,0,8,0
2020-03-23,Yuba,115,75493,7,2,0,2,0
2020-03-22,Alameda,1,1643700,426,72,0,72,1
2020-03-22,Alpine,3,1148,1,0,0,0,0
2020-03-22,Amador,5,37829,2,1,0,1,0
2020-03-22,Butte,7,227075,9,1,0,1,0
2020-03-22,Calaveras,9,45235,4,2,0,2,0
2020-03-22,Colusa,11,21464,1,0,0,0,0
2020-03-22,Contra Costa,13,1133247,309,79,0,79,1
2020-03-22,Del Norte,15,27424,0,0,0,0,0
2020-03-22,El Dorado,17,186661,23,1,0,1,0
2020-03-22,Fresno,19,978130,102,8,1,9,0
2020-03-22,Glenn,21,27897,2,0,0,0,0
2020-03-22,Humboldt,23,135768,28,1,0,1,0
2020-03-22,Imperial,25,180216,53,2,0,2,0
2020-03-22,Inyo,27,18085,1,0,0,0,0
2020-03-22,Kern,29,883053,113,3,0,3,0
2020-03-22,Kings,31,150075,13,0,1,1,0
2020-03-22,Lake,33,64148,0,0,0,0,0
2020-03-22,Lassen,35,31185,1,0,1,1,0
2020-03-22,Los Angeles,37,10098052,3066,384,15,399,3
2020-03-22,Madera,39,155013,30,4,0,4,0
2020-03-22,Marin,41,260295,73,30,0,30,0
2020-03-22,Mariposa,43,17540,0,0,0,0,0
2020-03-22,Mendocino,45,87422,3,1,0,1,0
2020-03-22,Merced,47,269075,7,0,0,0,0
2020-03-22,Modoc,49,8938,0,0,0,0,0
2020-03-22,Mono,51,14174,14,1,0,1,0
2020-03-22,Monterey,53,433212,45,14,0,14,1
2020-03-22,Napa,55,140530,17,1,0,1,0
2020-03-22,Nevada,57,99092,23,2,1,3,0
2020-03-22,Orange,59,3164182,814,102,2,104,0
2020-03-22,Placer,61,380077,87,18,0,18,1
2020-03-22,Plumas,63,18699,0,0,0,0,0
2020-03-22,Riverside,65,2383286,539,26,3,29,5
2020-03-22,Sacramento,67,1510023,360,82,0,82,4
2020-03-22,San Benito,69,59416,19,4,0,4,1
2020-03-22,San Bernardino,71,2135413,289,16,0,16,0
2020-03-22,San Diego,73,3302833,980,161,0,161,0
2020-03-22,San Francisco,75,870044,446,134,0,134,0
2020-03-22,San Joaquin,77,732212,140,30,3,33,2
2020-03-22,San Luis Obispo,79,281455,83,19,0,19,0
2020-03-22,San Mateo,81,765935,465,82,2,84,1
2020-03-22,Santa Barbara,83,443738,147,16,0,16,0
2020-03-22,Santa Clara,85,1922200,991,284,1,285,13
2020-03-22,Santa Cruz,87,273765,63,19,0,19,0
2020-03-22,Shasta,89,179085,12,1,0,1,0
2020-03-22,Sierra,91,2930,0,0,0,0,0
2020-03-22,Siskiyou,93,43540,4,2,0,2,0
2020-03-22,Solano,95,438530,65,30,0,30,0
2020-03-22,Sonoma,97,501317,100,18,0,18,1
2020-03-22,Stanislaus,99,539301,52,8,3,11,0
2020-03-22,Sutter,101,95872,8,0,0,0,0
2020-03-22,Tehama,103,63373,0,0,0,0,0
2020-03-22,Trinity,105,12862,0,0,0,0,0
2020-03-22,Tulare,107,460477,46,5,2,7,0
2020-03-22,Tuolumne,109,53932,2,0,0,0,0
2020-03-22,Ventura,111,848112,174,26,0,26,0
2020-03-22,Yolo,113,214977,32,6,0,6,0
2020-03-22,Yuba,115,75493,7,2,0,2,0
2020-03-21,Alameda,1,1643700,403,62,0,62,0
2020-03-21,Alpine,3,1148,1,0,0,0,0
2020-03-21,Amador,5,37829,2,1,0,1,0
2020-03-21,Butte,7,227075,8,1,0,1,0
2020-03-21,Calaveras,9,45235,4,2,0,2,0
2020-03-21,Colusa,11,21464,1,0,0,0,0
2020-03-21,Contra Costa,13,1133247,298,62,0,62,1
2020-03-21,Del Norte,15,27424,0,0,0,0,0
2020-03-21,El Dorado,17,186661,20,1,0,1,0
2020-03-21,Fresno,19,978130,98,8,1,9,0
2020-03-21,Glenn,21,27897,2,0,0,0,0
2020-03-21,Humboldt,23,135768,25,1,0,1,0
2020-03-21,Imperial,25,180216,49,2,0,2,0
2020-03-21,Inyo,27,18085,1,0,0,0,0
2020-03-21,Kern,29,883053,107,3,0,3,0
2020-03-21,Kings,31,150075,13,0,1,1,0
2020-03-21,Lake,33,64148,0,0,0,0,0
2020-03-21,Lassen,35,31185,1,0,1,1,0
2020-03-21,Los Angeles,37,10098052,2794,322,15,337,2
2020-03-21,Madera,39,155013,30,4,0,4,0
2020-03-21,Marin,41,260295,68,30,0,30,0
2020-03-21,Mariposa,43,17540,0,0,0,0,0
2020-03-21,Mendocino,45,87422,3,1,0,1,0
2020-03-21,Merced,47,269075,6,0,0,0,0
2020-03-21,Modoc,49,8938,0,0,0,0,0
2020-03-21,Mono,51,14174,14,1,0,1,0
2020-03-21,Monterey,53,433212,43,8,0,8,1
2020-03-21,Napa,55,140530,17,0,0,0,0
2020-03-21,Nevada,57,99092,23,2,1,3,0
2020-03-21,Orange,59,3164182,765,85,2,87,0
2020-03-21,Placer,61,380077,78,11,0,11,1
2020-03-21,Plumas,63,18699,0,0,0,0,0
2020-03-21,Riverside,65,2383286,496,20,3,23,3
2020-03-21,Sacramento,67,1510023,332,66,0,66,3
2020-03-21,San Benito,69,59416,17,4,0,4,1
2020-03-21,San Bernardino,71,2135413,268,13,0,13,0
2020-03-21,San Diego,73,3302833,903,121,0,121,0
2020-03-21,San Francisco,75,870044,410,106,0,106,0
2020-03-21,San Joaquin,77,732212,131,26,3,29,2
2020-03-21,San Luis Obispo,79,281455,79,16,0,16,0
2020-03-21,San Mateo,81,765935,427,78,2,80,1
2020-03-21,Santa Barbara,83,443738,132,8,0,8,0
2020-03-21,Santa Clara,85,1922200,931,269,1,270,10
2020-03-21,Santa Cruz,87,273765,61,17,0,17,0
2020-03-21,Shasta,89,179085,11,1,0,1,0
2020-03-21,Sierra,91,2930,0,0,0,0,0
2020-03-21,Siskiyou,93,43540,4,0,0,0,0
2020-03-21,Solano,95,438530,63,30,0,30,0
2020-03-21,Sonoma,97,501317,99,15,0,15,1
2020-03-21,Stanislaus,99,539301,46,7,3,10,0
2020-03-21,Sutter,101,95872,7,0,0,0,0
2020-03-21,Tehama,103,63373,0,0,0,0,0
2020-03-21,Trinity,105,12862,0,0,0,0,0
2020-03-21,Tulare,107,460477,42,5,2,7,0
2020-03-21,Tuolumne,109,53932,2,0,0,0,0
2020-03-21,Ventura,111,848112,166,22,0,22,0
2020-03-21,Yolo,113,214977,32,6,0,6,0
2020-03-21,Yuba,115,75493,7,1,0,1,0
2020-03-20,Alameda,1,1643700,382,42,0,42,0
2020-03-20,Alpine,3,1148,1,0,0,0,0
2020-03-20,Amador,5,37829,1,0,0,0,0
2020-03-20,Butte,7,227075,8,0,0,0,0
2020-03-20,Calaveras,9,45235,4,2,0,2,0
2020-03-20,Colusa,11,21464,1,0,0,0,0
2020-03-20,Contra Costa,13,1133247,269,52,0,52,1
2020-03-20,Del Norte,15,27424,0,0,0,0,0
2020-03-20,El Dorado,17,186661,19,1,0,1,0
2020-03-20,Fresno,19,978130,95,7,1,8,0
2020-03-20,Glenn,21,27897,1,0,0,0,0
2020-03-20,Humboldt,23,135768,25,1,0,1,0
2020-03-20,Imperial,25,180216,48,2,0,2,0
2020-03-20,Inyo,27,18085,0,0,0,0,0
2020-03-20,Kern,29,883053,92,3,0,3,0
2020-03-20,Kings,31,150075,13,0,1,1,0
2020-03-20,Lake,33,64148,0,0,0,0,0
2020-03-20,Lassen,35,31185,1,0,1,1,0
2020-03-20,Los Angeles,37,10098052,2569,267,14,281,1
2020-03-20,Madera,39,155013,29,4,0,4,0
2020-03-20,Marin,41,260295,65,30,0,30,0
2020-03-20,Mariposa,43,17540,0,0,0,0,0
2020-03-20,Mendocino,45,87422,3,1,0,1,0
2020-03-20,Merced,47,269075,6,0,0,0,0
2020-03-20,Modoc,49,8938,0,0,0,0,0
2020-03-20,Mono,51,14174,14,0,0,0,0
2020-03-20,Monterey,53,433212,42,4,0,4,0
2020-03-20,Napa,55,140530,16,0,0,0,0
2020-03-20,Nevada,57,99092,20,2,1,3,0
2020-03-20,Orange,59,3164182,718,71,2,73,2
2020-03-20,Placer,61,380077,72,9,0,9,1
2020-03-20,Plumas,63,18699,0,0,0,0,0
2020-03-20,Riverside,65,2383286,443,19,3,22,3
2020-03-20,Sacramento,67,1510023,311,56,0,56,4
2020-03-20,San Benito,69,59416,17,4,0,4,1
2020-03-20,San Bernardino,71,2135413,241,9,0,9,0
2020-03-20,San Diego,73,3302833,851,98,0,98,0
2020-03-20,San Francisco,75,870044,378,87,0,87,0
2020-03-20,San Joaquin,77,732212,116,18,3,21,2
2020-03-20,San Luis Obispo,79,281455,76,11,0,11,0
2020-03-20,San Mateo,81,765935,397,71,2,73,1
2020-03-20,Santa Barbara,83,443738,116,7,0,7,0
2020-03-20,Santa Clara,85,1922200,895,246,1,247,8
2020-03-20,Santa Cruz,87,273765,59,13,0,13,0
2020-03-20,Shasta,89,179085,10,1,0,1,0
2020-03-20,Sierra,91,2930,0,0,0,0,0
2020-03-20,Siskiyou,93,43540,4,0,0,0,0
2020-03-20,Solano,95,438530,59,29,0,29,0
2020-03-20,Sonoma,97,501317,91,7,0,7,0
2020-03-20,Stanislaus,99,539301,40,7,3,10,0
2020-03-20,Sutter,101,95872,7,0,0,0,0
2020-03-20,Tehama,103,63373,0,0,0,0,0
2020-03-20,Trinity,105,12862,0,0,0,0,0
2020-03-20,Tulare,107,460477,38,4,2,6,0
2020-03-20,Tuolumne,109,53932,2,0,0,0,0
2020-03-20,Ventura,111,848112,156,18,0,18,0
2020-03-20,Yolo,113,214977,30,5,0,5,0
2020-03-20,Yuba,115,75493,6,0,0,0,0
2020-03-19,Alameda,1,1643700,346,36,0,36,0
2020-03-19,Alpine,3,1148,1,0,0,0,0
2020-03-19,Amador,5,37829,1,0,0,0,0
2020-03-19,Butte,7,227075,6,0,0,0,0
2020-03-19,Calaveras,9,45235,4,2,0,2,0
2020-03-19,Colusa,11,21464,0,0,0,0,0
2020-03-19,Contra Costa,13,1133247,253,46,0,46,0
2020-03-19,Del Norte,15,27424,0,0,0,0,0
2020-03-19,El Dorado,17,186661,18,0,0,0,0
2020-03-19,Fresno,19,978130,87,6,1,7,0
2020-03-19,Glenn,21,27897,1,0,0,0,0
2020-03-19,Humboldt,23,135768,23,1,0,1,0
2020-03-19,Imperial,25,180216,41,2,0,2,0
2020-03-19,Inyo,27,18085,0,0,0,0,0
2020-03-19,Kern,29,883053,80,3,0,3,0
2020-03-19,Kings,31,150075,10,0,1,1,0
2020-03-19,Lake,33,64148,0,0,0,0,0
2020-03-19,Lassen,35,31185,0,0,1,1,0
2020-03-19,Los Angeles,37,10098052,2282,233,14,247,0
2020-03-19,Madera,39,155013,28,3,0,3,0
2020-03-19,Marin,41,260295,62,19,0,19,0
2020-03-19,Mariposa,43,17540,0,0,0,0,0
2020-03-19,Mendocino,45,87422,2,1,0,1,0
2020-03-19,Merced,47,269075,5,0,0,0,0
2020-03-19,Modoc,49,8938,0,0,0,0,0
2020-03-19,Mono,51,14174,12,0,0,0,0
2020-03-19,Monterey,53,433212,34,3,0,3,0
2020-03-19,Napa,55,140530,14,0,0,0,0
2020-03-19,Nevada,57,99092,18,2,1,3,0
2020-03-19,Orange,59,3164182,634,59,2,61,0
2020-03-19,Placer,61,380077,64,8,0,8,1
2020-03-19,Plumas,63,18699,0,0,0,0,0
2020-03-19,Riverside,65,2383286,355,14,2,16,3
2020-03-19,Sacramento,67,1510023,278,52,0,52,3
2020-03-19,San Benito,69,59416,14,3,0,3,0
2020-03-19,San Bernardino,71,2135413,211,7,0,7,0
2020-03-19,San Diego,73,3302833,768,68,0,68,0
2020-03-19,San Francisco,75,870044,342,80,0,80,0
2020-03-19,San Joaquin,77,732212,102,15,3,18,2
2020-03-19,San Luis Obispo,79,281455,74,6,0,6,0
2020-03-19,San Mateo,81,765935,362,58,2,60,1
2020-03-19,Santa Barbara,83,443738,101,5,0,5,0
2020-03-19,Santa Clara,85,1922200,829,183,1,184,8
2020-03-19,Santa Cruz,87,273765,56,13,0,13,0
2020-03-19,Shasta,89,179085,9,1,0,1,0
2020-03-19,Sierra,91,2930,0,0,0,0,0
2020-03-19,Siskiyou,93,43540,3,0,0,0,0
2020-03-19,Solano,95,438530,55,26,0,26,0
2020-03-19,Sonoma,97,501317,88,8,0,8,0
2020-03-19,Stanislaus,99,539301,39,7,3,10,0
2020-03-19,Sutter,101,95872,7,0,0,0,0
2020-03-19,Tehama,103,63373,0,0,0,0,0
2020-03-19,Trinity,105,12862,0,0,0,0,0
2020-03-19,Tulare,107,460477,33,3,2,5,0
2020-03-19,Tuolumne,109,53932,2,0,0,0,0
2020-03-19,Ventura,111,848112,134,15,0,15,0
2020-03-19,Yolo,113,214977,26,5,0,5,0
2020-03-19,Yuba,115,75493,5,0,0,0,0
2020-03-18,Alameda,1,1643700,318,29,0,29,0
2020-03-18,Alpine,3,1148,1,0,0,0,0
2020-03-18,Amador,5,37829,1,0,0,0,0
2020-03-18,Butte,7,227075,5,0,0,0,0
2020-03-18,Calaveras,9,45235,4,2,0,2,0
2020-03-18,Colusa,11,21464,0,0,0,0,0
2020-03-18,Contra Costa,13,1133247,232,44,0,44,0
2020-03-18,Del Norte,15,27424,0,0,0,0,0
2020-03-18,El Dorado,17,186661,17,0,0,0,0
2020-03-18,Fresno,19,978130,78,3,1,4,0
2020-03-18,Glenn,21,27897,1,0,0,0,0
2020-03-18,Humboldt,23,135768,19,1,0,1,0
2020-03-18,Imperial,25,180216,34,2,0,2,0
2020-03-18,Inyo,27,18085,0,0,0,0,0
2020-03-18,Kern,29,883053,65,1,0,1,0
2020-03-18,Kings,31,150075,8,0,1,1,0
2020-03-18,Lake,33,64148,0,0,0,0,0
2020-03-18,Lassen,35,31185,0,0,1,1,0
2020-03-18,Los Angeles,37,10098052,2043,47,14,61,0
2020-03-18,Madera,39,155013,27,2,0,2,0
2020-03-18,Marin,41,260295,58,10,0,10,0
2020-03-18,Mariposa,43,17540,0,0,0,0,0
2020-03-18,Mendocino,45,87422,2,0,0,0,0
2020-03-18,Merced,47,269075,5,0,0,0,0
2020-03-18,Modoc,49,8938,0,0,0,0,0
2020-03-18,Mono,51,14174,11,0,0,0,0
2020-03-18,Monterey,53,433212,28,1,0,1,0
2020-03-18,Napa,55,140530,11,0,0,0,0
2020-03-18,Nevada,57,99092,16,2,1,3,0
2020-03-18,Orange,59,3164182,578,38,2,40,0
2020-03-18,Placer,61,380077,57,8,0,8,1
2020-03-18,Plumas,63,18699,0,0,0,0,0
2020-03-18,Riverside,65,2383286,303,11,2,13,2
2020-03-18,Sacramento,67,1510023,255,46,0,46,3
2020-03-18,San Benito,69,59416,13,3,0,3,0
2020-03-18,San Bernardino,71,2135413,189,3,0,3,0
2020-03-18,San Diego,73,3302833,683,40,0,40,0
2020-03-18,San Francisco,75,870044,323,65,0,65,0
2020-03-18,San Joaquin,77,732212,90,14,3,17,2
2020-03-18,San Luis Obispo,79,281455,68,5,0,5,0
2020-03-18,San Mateo,81,765935,339,57,2,59,1
2020-03-18,Santa Barbara,83,443738,88,2,0,2,0
2020-03-18,Santa Clara,85,1922200,781,151,1,152,6
2020-03-18,Santa Cruz,87,273765,54,11,0,11,0
2020-03-18,Shasta,89,179085,8,1,0,1,0
2020-03-18,Sierra,91,2930,0,0,0,0,0
2020-03-18,Siskiyou,93,43540,3,0,0,0,0
2020-03-18,Solano,95,438530,51,26,0,26,0
2020-03-18,Sonoma,97,501317,79,6,0,6,0
2020-03-18,Stanislaus,99,539301,35,5,2,7,0
2020-03-18,Sutter,101,95872,5,0,0,0,0
2020-03-18,Tehama,103,63373,0,0,0,0,0
2020-03-18,Trinity,105,12862,0,0,0,0,0
2020-03-18,Tulare,107,460477,25,3,2,5,0
2020-03-18,Tuolumne,109,53932,2,0,0,0,0
2020-03-18,Ventura,111,848112,115,11,0,11,0
2020-03-18,Yolo,113,214977,23,4,0,4,0
2020-03-18,Yuba,115,75493,4,0,0,0,0
2020-03-17,Alameda,1,1643700,287,19,0,19,0
2020-03-17,Alpine,3,1148,0,0,0,0,0
2020-03-17,Amador,5,37829,1,0,0,0,0
2020-03-17,Butte,7,227075,5,0,0,0,0
2020-03-17,Calaveras,9,45235,4,2,0,2,0
2020-03-17,Colusa,11,21464,0,0,0,0,0
2020-03-17,Contra Costa,13,1133247,210,37,0,37,0
2020-03-17,Del Norte,15,27424,0,0,0,0,0
2020-03-17,El Dorado,17,186661,16,0,0,0,0
2020-03-17,Fresno,19,978130,68,2,1,3,0
2020-03-17,Glenn,21,27897,1,0,0,0,0
2020-03-17,Humboldt,23,135768,17,1,0,1,0
2020-03-17,Imperial,25,180216,28,2,0,2,0
2020-03-17,Inyo,27,18085,0,0,0,0,0
2020-03-17,Kern,29,883053,51,0,0,0,0
2020-03-17,Kings,31,150075,7,0,1,1,0
2020-03-17,Lake,33,64148,0,0,0,0,0
2020-03-17,Lassen,35,31185,0,0,1,1,0
2020-03-17,Los Angeles,37,10098052,1842,41,14,55,0
2020-03-17,Madera,39,155013,20,2,0,2,0
2020-03-17,Marin,41,260295,51,4,0,4,0
2020-03-17,Mariposa,43,17540,0,0,0,0,0
2020-03-17,Mendocino,45,87422,2,0,0,0,0
2020-03-17,Merced,47,269075,5,0,0,0,0
2020-03-17,Modoc,49,8938,0,0,0,0,0
2020-03-17,Mono,51,14174,9,0,0,0,0
2020-03-17,Monterey,53,433212,26,0,0,0,0
2020-03-17,Napa,55,140530,8,0,0,0,0
2020-03-17,Nevada,57,99092,15,1,1,2,0
2020-03-17,Orange,59,3164182,502,24,2,26,0
2020-03-17,Placer,61,380077,47,7,0,7,1
2020-03-17,Plumas,63,18699,0,0,0,0,0
2020-03-17,Riverside,65,2383286,246,11,2,13,0
2020-03-17,Sacramento,67,1510023,235,36,0,36,1
2020-03-17,San Benito,69,59416,12,2,0,2,0
2020-03-17,San Bernardino,71,2135413,161,2,0,2,0
2020-03-17,San Diego,73,3302833,616,17,0,17,0
2020-03-17,San Francisco,75,870044,297,46,0,46,0
2020-03-17,San Joaquin,77,732212,84,11,3,14,0
2020-03-17,San Luis Obispo,79,281455,61,1,0,1,0
2020-03-17,San Mateo,81,765935,307,46,2,48,1
2020-03-17,Santa Barbara,83,443738,75,0,0,0,0
2020-03-17,Santa Clara,85,1922200,724,121,1,122,4
2020-03-17,Santa Cruz,87,273765,51,10,0,10,0
2020-03-17,Shasta,89,179085,4,1,0,1,0
2020-03-17,Sierra,91,2930,0,0,0,0,0
2020-03-17,Siskiyou,93,43540,3,0,0,0,0
2020-03-17,Solano,95,438530,48,27,0,27,0
2020-03-17,Sonoma,97,501317,71,4,0,4,0
2020-03-17,Stanislaus,99,539301,32,4,2,6,0
2020-03-17,Sutter,101,95872,5,0,0,0,0
2020-03-17,Tehama,103,63373,0,0,0,0,0
2020-03-17,Trinity,105,12862,0,0,0,0,0
2020-03-17,Tulare,107,460477,22,2,2,4,0
2020-03-17,Tuolumne,109,53932,2,0,0,0,0
2020-03-17,Ventura,111,848112,98,7,0,7,0
2020-03-17,Yolo,113,214977,19,2,0,2,0
2020-03-17,Yuba,115,75493,4,0,0,0,0
2020-03-16,Alameda,1,1643700,258,17,0,17,0
2020-03-16,Alpine,3,1148,0,0,0,0,0
2020-03-16,Amador,5,37829,1,0,0,0,0
2020-03-16,Butte,7,227075,4,0,0,0,0
2020-03-16,Calaveras,9,45235,4,2,0,2,0
2020-03-16,Colusa,11,21464,0,0,0,0,0
2020-03-16,Contra Costa,13,1133247,186,36,0,36,0
2020-03-16,Del Norte,15,27424,0,0,0,0,0
2020-03-16,El Dorado,17,186661,15,0,0,0,0
2020-03-16,Fresno,19,978130,53,2,1,3,0
2020-03-16,Glenn,21,27897,0,0,0,0,0
2020-03-16,Humboldt,23,135768,13,1,0,1,0
2020-03-16,Imperial,25,180216,23,2,0,2,0
2020-03-16,Inyo,27,18085,0,0,0,0,0
2020-03-16,Kern,29,883053,43,0,0,0,0
2020-03-16,Kings,31,150075,6,0,1,1,0
2020-03-16,Lake,33,64148,0,0,0,0,0
2020-03-16,Lassen,35,31185,0,0,0,0,0
2020-03-16,Los Angeles,37,10098052,1609,43,14,57,0
2020-03-16,Madera,39,155013,19,2,0,2,0
2020-03-16,Marin,41,260295,48,4,0,4,0
2020-03-16,Mariposa,43,17540,0,0,0,0,0
2020-03-16,Mendocino,45,87422,2,0,0,0,0
2020-03-16,Merced,47,269075,5,0,0,0,0
2020-03-16,Modoc,49,8938,0,0,0,0,0
2020-03-16,Mono,51,14174,7,0,0,0,0
2020-03-16,Monterey,53,433212,25,0,0,0,0
2020-03-16,Napa,55,140530,7,0,0,0,0
2020-03-16,Nevada,57,99092,11,1,1,2,0
2020-03-16,Orange,59,3164182,420,18,2,20,0
2020-03-16,Placer,61,380077,39,7,0,7,1
2020-03-16,Plumas,63,18699,0,0,0,0,0
2020-03-16,Riverside,65,2383286,212,10,2,12,0
2020-03-16,Sacramento,67,1510023,208,34,0,34,1
2020-03-16,San Benito,69,59416,8,2,0,2,0
2020-03-16,San Bernardino,71,2135413,141,1,0,1,0
2020-03-16,San Diego,73,3302833,525,17,0,17,0
2020-03-16,San Francisco,75,870044,261,40,0,40,0
2020-03-16,San Joaquin,77,732212,74,9,3,12,0
2020-03-16,San Luis Obispo,79,281455,54,1,0,1,0
2020-03-16,San Mateo,81,765935,269,42,2,44,1
2020-03-16,Santa Barbara,83,443738,63,0,0,0,0
2020-03-16,Santa Clara,85,1922200,649,115,1,116,2
2020-03-16,Santa Cruz,87,273765,44,9,0,9,0
2020-03-16,Shasta,89,179085,4,1,0,1,0
2020-03-16,Sierra,91,2930,0,0,0,0,0
2020-03-16,Siskiyou,93,43540,2,0,0,0,0
2020-03-16,Solano,95,438530,43,27,0,27,0
2020-03-16,Sonoma,97,501317,63,4,0,4,0
2020-03-16,Stanislaus,99,539301,28,2,2,4,0
2020-03-16,Sutter,101,95872,3,0,0,0,0
2020-03-16,Tehama,103,63373,0,0,0,0,0
2020-03-16,Trinity,105,12862,0,0,0,0,0
2020-03-16,Tulare,107,460477,19,2,2,4,0
2020-03-16,Tuolumne,109,53932,2,0,0,0,0
2020-03-16,Ventura,111,848112,88,7,0,7,0
2020-03-16,Yolo,113,214977,18,2,0,2,0
2020-03-16,Yuba,115,75493,3,0,0,0,0
2020-03-15,Alameda,1,1643700,212,17,0,17,0
2020-03-15,Alpine,3,1148,0,0,0,0,0
2020-03-15,Amador,5,37829,1,0,0,0,0
2020-03-15,Butte,7,227075,4,0,0,0,0
2020-03-15,Calaveras,9,45235,2,2,0,2,0
2020-03-15,Colusa,11,21464,0,0,0,0,0
2020-03-15,Contra Costa,13,1133247,161,34,0,34,0
2020-03-15,Del Norte,15,27424,0,0,0,0,0
2020-03-15,El Dorado,17,186661,14,0,0,0,0
2020-03-15,Fresno,19,978130,33,1,1,2,0
2020-03-15,Glenn,21,27897,0,0,0,0,0
2020-03-15,Humboldt,23,135768,11,1,0,1,0
2020-03-15,Imperial,25,180216,18,2,0,2,0
2020-03-15,Inyo,27,18085,0,0,0,0,0
2020-03-15,Kern,29,883053,37,0,0,0,0
2020-03-15,Kings,31,150075,6,0,1,1,0
2020-03-15,Lake,33,64148,0,0,0,0,0
2020-03-15,Lassen,35,31185,0,0,0,0,0
2020-03-15,Los Angeles,37,10098052,1371,41,14,55,0
2020-03-15,Madera,39,155013,18,2,0,2,0
2020-03-15,Marin,41,260295,41,3,0,3,0
2020-03-15,Mariposa,43,17540,0,0,0,0,0
2020-03-15,Mendocino,45,87422,2,0,0,0,0
2020-03-15,Merced,47,269075,3,0,0,0,0
2020-03-15,Modoc,49,8938,0,0,0,0,0
2020-03-15,Mono,51,14174,6,0,0,0,0
2020-03-15,Monterey,53,433212,19,0,0,0,0
2020-03-15,Napa,55,140530,7,0,0,0,0
2020-03-15,Nevada,57,99092,11,0,1,1,0
2020-03-15,Orange,59,3164182,350,16,1,17,0
2020-03-15,Placer,61,380077,33,7,0,7,1
2020-03-15,Plumas,63,18699,0,0,0,0,0
2020-03-15,Riverside,65,2383286,167,10,2,12,0
2020-03-15,Sacramento,67,1510023,172,30,0,30,1
2020-03-15,San Benito,69,59416,8,2,0,2,0
2020-03-15,San Bernardino,71,2135413,119,0,0,0,0
2020-03-15,San Diego,73,3302833,438,16,0,16,0
2020-03-15,San Francisco,75,870044,205,31,0,31,0
2020-03-15,San Joaquin,77,732212,63,6,3,9,0
2020-03-15,San Luis Obispo,79,281455,45,1,0,1,0
2020-03-15,San Mateo,81,765935,235,29,1,30,1
2020-03-15,Santa Barbara,83,443738,53,0,0,0,0
2020-03-15,Santa Clara,85,1922200,578,79,1,80,2
2020-03-15,Santa Cruz,87,273765,38,8,0,8,0
2020-03-15,Shasta,89,179085,4,1,0,1,0
2020-03-15,Sierra,91,2930,0,0,0,0,0
2020-03-15,Siskiyou,93,43540,2,0,0,0,0
2020-03-15,Solano,95,438530,42,26,0,26,0
2020-03-15,Sonoma,97,501317,54,4,0,4,0
2020-03-15,Stanislaus,99,539301,27,2,2,4,0
2020-03-15,Sutter,101,95872,2,0,0,0,0
2020-03-15,Tehama,103,63373,0,0,0,0,0
2020-03-15,Trinity,105,12862,0,0,0,0,0
2020-03-15,Tulare,107,460477,14,2,2,4,0
2020-03-15,Tuolumne,109,53932,1,0,0,0,0
2020-03-15,Ventura,111,848112,77,5,0,5,0
2020-03-15,Yolo,113,214977,15,2,0,2,0
2020-03-15,Yuba,115,75493,2,0,0,0,0
2020-03-14,Alameda,1,1643700,194,11,0,11,0
2020-03-14,Alpine,3,1148,0,0,0,0,0
2020-03-14,Amador,5,37829,1,0,0,0,0
2020-03-14,Butte,7,227075,3,0,0,0,0
2020-03-14,Calaveras,9,45235,2,2,0,2,0
2020-03-14,Colusa,11,21464,0,0,0,0,0
2020-03-14,Contra Costa,13,1133247,139,30,0,30,0
2020-03-14,Del Norte,15,27424,0,0,0,0,0
2020-03-14,El Dorado,17,186661,12,0,0,0,0
2020-03-14,Fresno,19,978130,25,1,1,2,0
2020-03-14,Glenn,21,27897,0,0,0,0,0
2020-03-14,Humboldt,23,135768,7,1,0,1,0
2020-03-14,Imperial,25,180216,14,2,0,2,0
2020-03-14,Inyo,27,18085,0,0,0,0,0
2020-03-14,Kern,29,883053,32,0,0,0,0
2020-03-14,Kings,31,150075,6,0,1,1,0
2020-03-14,Lake,33,64148,0,0,0,0,0
2020-03-14,Lassen,35,31185,0,0,0,0,0
2020-03-14,Los Angeles,37,10098052,1193,35,14,49,0
2020-03-14,Madera,39,155013,18,2,0,2,0
2020-03-14,Marin,41,260295,37,3,0,3,0
2020-03-14,Mariposa,43,17540,0,0,0,0,0
2020-03-14,Mendocino,45,87422,2,0,0,0,0
2020-03-14,Merced,47,269075,3,0,0,0,0
2020-03-14,Modoc,49,8938,0,0,0,0,0
2020-03-14,Mono,51,14174,5,0,0,0,0
2020-03-14,Monterey,53,433212,13,0,0,0,0
2020-03-14,Napa,55,140530,5,0,0,0,0
2020-03-14,Nevada,57,99092,8,0,1,1,0
2020-03-14,Orange,59,3164182,311,14,0,14,0
2020-03-14,Placer,61,380077,29,6,0,6,1
2020-03-14,Plumas,63,18699,0,0,0,0,0
2020-03-14,Riverside,65,2383286,147,10,2,12,0
2020-03-14,Sacramento,67,1510023,150,31,0,31,1
2020-03-14,San Benito,69,59416,8,2,0,2,0
2020-03-14,San Bernardino,71,2135413,101,0,0,0,0
2020-03-14,San Diego,73,3302833,363,10,0,10,0
2020-03-14,San Francisco,75,870044,184,29,0,29,0
2020-03-14,San Joaquin,77,732212,54,6,3,9,0
2020-03-14,San Luis Obispo,79,281455,40,0,0,0,0
2020-03-14,San Mateo,81,765935,212,27,1,28,0
2020-03-14,Santa Barbara,83,443738,41,0,0,0,0
2020-03-14,Santa Clara,85,1922200,522,62,1,63,2
2020-03-14,Santa Cruz,87,273765,33,8,0,8,0
2020-03-14,Shasta,89,179085,4,1,0,1,0
2020-03-14,Sierra,91,2930,0,0,0,0,0
2020-03-14,Siskiyou,93,43540,1,0,0,0,0
2020-03-14,Solano,95,438530,40,26,0,26,0
2020-03-14,Sonoma,97,501317,41,2,0,2,0
2020-03-14,Stanislaus,99,539301,23,2,2,4,0
2020-03-14,Sutter,101,95872,2,0,0,0,0
2020-03-14,Tehama,103,63373,0,0,0,0,0
2020-03-14,Trinity,105,12862,0,0,0,0,0
2020-03-14,Tulare,107,460477,12,2,2,4,0
2020-03-14,Tuolumne,109,53932,1,0,0,0,0
2020-03-14,Ventura,111,848112,68,5,0,5,0
2020-03-14,Yolo,113,214977,15,2,0,2,0
2020-03-14,Yuba,115,75493,1,0,0,0,0
2020-03-13,Alameda,1,1643700,176,12,0,12,0
2020-03-13,Alpine,3,1148,0,0,0,0,0
2020-03-13,Amador,5,37829,1,0,0,0,0
2020-03-13,Butte,7,227075,1,0,0,0,0
2020-03-13,Calaveras,9,45235,2,2,0,2,0
2020-03-13,Colusa,11,21464,0,0,0,0,0
2020-03-13,Contra Costa,13,1133247,125,22,0,22,0
2020-03-13,Del Norte,15,27424,0,0,0,0,0
2020-03-13,El Dorado,17,186661,11,0,0,0,0
2020-03-13,Fresno,19,978130,20,1,1,2,0
2020-03-13,Glenn,21,27897,0,0,0,0,0
2020-03-13,Humboldt,23,135768,7,1,0,1,0
2020-03-13,Imperial,25,180216,13,2,0,2,0
2020-03-13,Inyo,27,18085,0,0,0,0,0
2020-03-13,Kern,29,883053,27,0,0,0,0
2020-03-13,Kings,31,150075,5,0,1,1,0
2020-03-13,Lake,33,64148,0,0,0,0,0
2020-03-13,Lassen,35,31185,0,0,0,0,0
2020-03-13,Los Angeles,37,10098052,1040,30,13,43,0
2020-03-13,Madera,39,155013,17,1,0,1,0
2020-03-13,Marin,41,260295,34,3,0,3,0
2020-03-13,Mariposa,43,17540,0,0,0,0,0
2020-03-13,Mendocino,45,87422,2,0,0,0,0
2020-03-13,Merced,47,269075,2,0,0,0,0
2020-03-13,Modoc,49,8938,0,0,0,0,0
2020-03-13,Mono,51,14174,3,0,0,0,0
2020-03-13,Monterey,53,433212,8,0,0,0,0
2020-03-13,Napa,55,140530,3,0,0,0,0
2020-03-13,Nevada,57,99092,7,0,1,1,0
2020-03-13,Orange,59,3164182,273,10,0,10,0
2020-03-13,Placer,61,380077,26,6,0,6,1
2020-03-13,Plumas,63,18699,0,0,0,0,0
2020-03-13,Riverside,65,2383286,121,5,2,7,0
2020-03-13,Sacramento,67,1510023,129,18,0,18,1
2020-03-13,San Benito,69,59416,6,2,0,2,0
2020-03-13,San Bernardino,71,2135413,94,0,0,0,0
2020-03-13,San Diego,73,3302833,313,8,0,8,0
2020-03-13,San Francisco,75,870044,170,28,0,28,0
2020-03-13,San Joaquin,77,732212,50,6,3,9,0
2020-03-13,San Luis Obispo,79,281455,32,0,0,0,0
2020-03-13,San Mateo,81,765935,191,24,1,25,0
2020-03-13,Santa Barbara,83,443738,37,0,0,0,0
2020-03-13,Santa Clara,85,1922200,460,59,1,60,1
2020-03-13,Santa Cruz,87,273765,32,7,0,7,0
2020-03-13,Shasta,89,179085,3,1,0,1,0
2020-03-13,Sierra,91,2930,0,0,0,0,0
2020-03-13,Siskiyou,93,43540,0,0,0,0,0
2020-03-13,Solano,95,438530,39,26,0,26,0
2020-03-13,Sonoma,97,501317,40,2,0,2,0
2020-03-13,Stanislaus,99,539301,18,2,2,4,0
2020-03-13,Sutter,101,95872,2,0,0,0,0
2020-03-13,Tehama,103,63373,0,0,0,0,0
2020-03-13,Trinity,105,12862,0,0,0,0,0
2020-03-13,Tulare,107,460477,9,2,2,4,0
2020-03-13,Tuolumne,109,53932,1,0,0,0,0
2020-03-13,Ventura,111,848112,54,5,0,5,0
2020-03-13,Yolo,113,214977,15,1,0,1,0
2020-03-13,Yuba,115,75493,1,0,0,0,0
2020-03-12,Alameda,1,1643700,151,9,0,9,0
2020-03-12,Alpine,3,1148,0,0,0,0,0
2020-03-12,Amador,5,37829,1,0,0,0,0
2020-03-12,Butte,7,227075,0,0,0,0,0
2020-03-12,Calaveras,9,45235,2,2,0,2,0
2020-03-12,Colusa,11,21464,0,0,0,0,0
2020-03-12,Contra Costa,13,1133247,108,18,0,18,0
2020-03-12,Del Norte,15,27424,0,0,0,0,0
2020-03-12,El Dorado,17,186661,9,0,0,0,0
2020-03-12,Fresno,19,978130,11,1,1,2,0
2020-03-12,Glenn,21,27897,0,0,0,0,0
2020-03-12,Humboldt,23,135768,6,1,0,1,0
2020-03-12,Imperial,25,180216,12,2,0,2,0
2020-03-12,Inyo,27,18085,0,0,0,0,0
2020-03-12,Kern,29,883053,18,0,0,0,0
2020-03-12,Kings,31,150075,4,0,1,1,0
2020-03-12,Lake,33,64148,0,0,0,0,0
2020-03-12,Lassen,35,31185,0,0,0,0,0
2020-03-12,Los Angeles,37,10098052,880,30,13,43,0
2020-03-12,Madera,39,155013,14,1,0,1,0
2020-03-12,Marin,41,260295,24,1,0,1,0
2020-03-12,Mariposa,43,17540,0,0,0,0,0
2020-03-12,Mendocino,45,87422,2,0,0,0,0
2020-03-12,Merced,47,269075,2,0,0,0,0
2020-03-12,Modoc,49,8938,0,0,0,0,0
2020-03-12,Mono,51,14174,3,0,0,0,0
2020-03-12,Monterey,53,433212,6,0,0,0,0
2020-03-12,Napa,55,140530,3,0,0,0,0
2020-03-12,Nevada,57,99092,4,0,1,1,0
2020-03-12,Orange,59,3164182,237,7,0,7,0
2020-03-12,Placer,61,380077,22,6,0,6,1
2020-03-12,Plumas,63,18699,0,0,0,0,0
2020-03-12,Riverside,65,2383286,98,5,1,6,0
2020-03-12,Sacramento,67,1510023,105,17,0,17,1
2020-03-12,San Benito,69,59416,5,2,0,2,0
2020-03-12,San Bernardino,71,2135413,78,0,0,0,0
2020-03-12,San Diego,73,3302833,258,9,0,9,0
2020-03-12,San Francisco,75,870044,147,20,0,20,0
2020-03-12,San Joaquin,77,732212,44,3,3,6,1
2020-03-12,San Luis Obispo,79,281455,25,0,0,0,0
2020-03-12,San Mateo,81,765935,157,21,1,22,0
2020-03-12,Santa Barbara,83,443738,25,0,0,0,0
2020-03-12,Santa Clara,85,1922200,402,51,1,52,1
2020-03-12,Santa Cruz,87,273765,29,5,0,5,0
2020-03-12,Shasta,89,179085,2,1,0,1,0
2020-03-12,Sierra,91,2930,0,0,0,0,0
2020-03-12,Siskiyou,93,43540,0,0,0,0,0
2020-03-12,Solano,95,438530,34,26,0,26,0
2020-03-12,Sonoma,97,501317,34,2,0,2,0
2020-03-12,Stanislaus,99,539301,16,2,2,4,0
2020-03-12,Sutter,101,95872,0,0,0,0,0
2020-03-12,Tehama,103,63373,0,0,0,0,0
2020-03-12,Trinity,105,12862,0,0,0,0,0
2020-03-12,Tulare,107,460477,9,1,1,2,0
2020-03-12,Tuolumne,109,53932,1,0,0,0,0
2020-03-12,Ventura,111,848112,45,3,0,3,0
2020-03-12,Yolo,113,214977,14,1,0,1,0
2020-03-12,Yuba,115,75493,1,0,0,0,0
2020-03-11,Alameda,1,1643700,118,5,0,5,0
2020-03-11,Alpine,3,1148,0,0,0,0,0
2020-03-11,Amador,5,37829,1,0,0,0,0
2020-03-11,Butte,7,227075,0,0,0,0,0
2020-03-11,Calaveras,9,45235,2,2,0,2,0
2020-03-11,Colusa,11,21464,0,0,0,0,0
2020-03-11,Contra Costa,13,1133247,93,16,0,16,0
2020-03-11,Del Norte,15,27424,0,0,0,0,0
2020-03-11,El Dorado,17,186661,8,0,0,0,0
2020-03-11,Fresno,19,978130,8,1,1,2,0
2020-03-11,Glenn,21,27897,0,0,0,0,0
2020-03-11,Humboldt,23,135768,6,1,0,1,0
2020-03-11,Imperial,25,180216,10,0,0,0,0
2020-03-11,Inyo,27,18085,0,0,0,0,0
2020-03-11,Kern,29,883053,16,0,0,0,0
2020-03-11,Kings,31,150075,3,0,1,1,0
2020-03-11,Lake,33,64148,0,0,0,0,0
2020-03-11,Lassen,35,31185,0,0,0,0,0
2020-03-11,Los Angeles,37,10098052,712,21,13,34,0
2020-03-11,Madera,39,155013,12,1,0,1,0
2020-03-11,Marin,41,260295,17,1,0,1,0
2020-03-11,Mariposa,43,17540,0,0,0,0,0
2020-03-11,Mendocino,45,87422,1,0,0,0,0
2020-03-11,Merced,47,269075,2,0,0,0,0
2020-03-11,Modoc,49,8938,0,0,0,0,0
2020-03-11,Mono,51,14174,3,0,0,0,0
2020-03-11,Monterey,53,433212,5,0,0,0,0
2020-03-11,Napa,55,140530,2,0,0,0,0
2020-03-11,Nevada,57,99092,4,0,1,1,0
2020-03-11,Orange,59,3164182,205,6,0,6,0
2020-03-11,Placer,61,380077,18,6,0,6,1
2020-03-11,Plumas,63,18699,0,0,0,0,0
2020-03-11,Riverside,65,2383286,75,4,1,5,0
2020-03-11,Sacramento,67,1510023,87,9,0,9,1
2020-03-11,San Benito,69,59416,5,2,0,2,0
2020-03-11,San Bernardino,71,2135413,71,0,0,0,0
2020-03-11,San Diego,73,3302833,208,4,0,4,0
2020-03-11,San Francisco,75,870044,122,17,0,17,0
2020-03-11,San Joaquin,77,732212,33,1,3,4,0
2020-03-11,San Luis Obispo,79,281455,22,0,0,0,0
2020-03-11,San Mateo,81,765935,139,16,0,16,0
2020-03-11,Santa Barbara,83,443738,15,0,0,0,0
2020-03-11,Santa Clara,85,1922200,362,48,1,49,1
2020-03-11,Santa Cruz,87,273765,26,2,0,2,0
2020-03-11,Shasta,89,179085,2,1,0,1,0
2020-03-11,Sierra,91,2930,0,0,0,0,0
2020-03-11,Siskiyou,93,43540,0,0,0,0,0
2020-03-11,Solano,95,438530,29,26,0,26,0
2020-03-11,Sonoma,97,501317,30,2,0,2,0
2020-03-11,Stanislaus,99,539301,16,2,2,4,0
2020-03-11,Sutter,101,95872,0,0,0,0,0
2020-03-11,Tehama,103,63373,0,0,0,0,0
2020-03-11,Trinity,105,12862,0,0,0,0,0
2020-03-11,Tulare,107,460477,8,0,1,1,0
2020-03-11,Tuolumne,109,53932,1,0,0,0,0
2020-03-11,Ventura,111,848112,37,3,0,3,0
2020-03-11,Yolo,113,214977,10,1,0,1,0
2020-03-11,Yuba,115,75493,1,0,0,0,0
2020-03-10,Alameda,1,1643700,98,4,0,4,0
2020-03-10,Alpine,3,1148,0,0,0,0,0
2020-03-10,Amador,5,37829,1,0,0,0,0
2020-03-10,Butte,7,227075,0,0,0,0,0
2020-03-10,Calaveras,9,45235,2,2,0,2,0
2020-03-10,Colusa,11,21464,0,0,0,0,0
2020-03-10,Contra Costa,13,1133247,84,11,0,11,0
2020-03-10,Del Norte,15,27424,0,0,0,0,0
2020-03-10,El Dorado,17,186661,7,0,0,0,0
2020-03-10,Fresno,19,978130,6,1,1,2,0
2020-03-10,Glenn,21,27897,0,0,0,0,0
2020-03-10,Humboldt,23,135768,6,1,0,1,0
2020-03-10,Imperial,25,180216,9,0,0,0,0
2020-03-10,Inyo,27,18085,0,0,0,0,0
2020-03-10,Kern,29,883053,11,0,0,0,0
2020-03-10,Kings,31,150075,3,0,1,1,0
2020-03-10,Lake,33,64148,0,0,0,0,0
2020-03-10,Lassen,35,31185,0,0,0,0,0
2020-03-10,Los Angeles,37,10098052,576,20,13,33,0
2020-03-10,Madera,39,155013,7,1,0,1,0
2020-03-10,Marin,41,260295,16,1,0,1,0
2020-03-10,Mariposa,43,17540,0,0,0,0,0
2020-03-10,Mendocino,45,87422,0,0,0,0,0
2020-03-10,Merced,47,269075,2,0,0,0,0
2020-03-10,Modoc,49,8938,0,0,0,0,0
2020-03-10,Mono,51,14174,3,0,0,0,0
2020-03-10,Monterey,53,433212,3,0,0,0,0
2020-03-10,Napa,55,140530,2,0,0,0,0
2020-03-10,Nevada,57,99092,3,0,1,1,0
2020-03-10,Orange,59,3164182,185,5,0,5,1
2020-03-10,Placer,61,380077,14,7,0,7,1
2020-03-10,Plumas,63,18699,0,0,0,0,0
2020-03-10,Riverside,65,2383286,56,4,1,5,0
2020-03-10,Sacramento,67,1510023,78,8,0,8,0
2020-03-10,San Benito,69,59416,5,2,0,2,0
2020-03-10,San Bernardino,71,2135413,63,0,0,0,0
2020-03-10,San Diego,73,3302833,165,3,0,3,0
2020-03-10,San Francisco,75,870044,91,16,0,16,0
2020-03-10,San Joaquin,77,732212,30,1,3,4,0
2020-03-10,San Luis Obispo,79,281455,15,0,0,0,0
2020-03-10,San Mateo,81,765935,123,11,0,11,0
2020-03-10,Santa Barbara,83,443738,11,0,0,0,0
2020-03-10,Santa Clara,85,1922200,315,45,1,46,1
2020-03-10,Santa Cruz,87,273765,22,2,0,2,0
2020-03-10,Shasta,89,179085,2,1,0,1,0
2020-03-10,Sierra,91,2930,0,0,0,0,0
2020-03-10,Siskiyou,93,43540,0,0,0,0,0
2020-03-10,Solano,95,438530,27,26,0,26,0
2020-03-10,Sonoma,97,501317,27,2,0,2,0
2020-03-10,Stanislaus,99,539301,12,0,2,2,0
2020-03-10,Sutter,101,95872,0,0,0,0,0
2020-03-10,Tehama,103,63373,0,0,0,0,0
2020-03-10,Trinity,105,12862,0,0,0,0,0
2020-03-10,Tulare,107,460477,7,0,1,1,0
2020-03-10,Tuolumne,109,53932,1,0,0,0,0
2020-03-10,Ventura,111,848112,29,1,0,1,0
2020-03-10,Yolo,113,214977,7,2,0,2,0
2020-03-10,Yuba,115,75493,1,0,0,0,0
2020-03-09,Alameda,1,1643700,71,4,0,4,0
2020-03-09,Alpine,3,1148,0,0,0,0,0
2020-03-09,Amador,5,37829,0,0,0,0,0
2020-03-09,Butte,7,227075,0,0,0,0,0
2020-03-09,Calaveras,9,45235,2,0,0,0,0
2020-03-09,Colusa,11,21464,0,0,0,0,0
2020-03-09,Contra Costa,13,1133247,72,9,0,9,0
2020-03-09,Del Norte,15,27424,0,0,0,0,0
2020-03-09,El Dorado,17,186661,5,0,0,0,0
2020-03-09,Fresno,19,978130,6,1,1,2,0
2020-03-09,Glenn,21,27897,0,0,0,0,0
2020-03-09,Humboldt,23,135768,5,1,0,1,0
2020-03-09,Imperial,25,180216,9,0,0,0,0
2020-03-09,Inyo,27,18085,0,0,0,0,0
2020-03-09,Kern,29,883053,8,0,0,0,0
2020-03-09,Kings,31,150075,2,0,1,1,0
2020-03-09,Lake,33,64148,0,0,0,0,0
2020-03-09,Lassen,35,31185,0,0,0,0,0
2020-03-09,Los Angeles,37,10098052,475,17,12,29,0
2020-03-09,Madera,39,155013,7,1,0,1,0
2020-03-09,Marin,41,260295,15,1,0,1,0
2020-03-09,Mariposa,43,17540,0,0,0,0,0
2020-03-09,Mendocino,45,87422,0,0,0,0,0
2020-03-09,Merced,47,269075,2,0,0,0,0
2020-03-09,Modoc,49,8938,0,0,0,0,0
2020-03-09,Mono,51,14174,3,0,0,0,0
2020-03-09,Monterey,53,433212,1,0,0,0,0
2020-03-09,Napa,55,140530,2,0,0,0,0
2020-03-09,Nevada,57,99092,2,0,1,1,0
2020-03-09,Orange,59,3164182,157,4,0,4,0
2020-03-09,Placer,61,380077,12,7,0,7,1
2020-03-09,Plumas,63,18699,0,0,0,0,0
2020-03-09,Riverside,65,2383286,47,4,1,5,0
2020-03-09,Sacramento,67,1510023,74,8,0,8,0
2020-03-09,San Benito,69,59416,3,2,0,2,0
2020-03-09,San Bernardino,71,2135413,52,0,0,0,0
2020-03-09,San Diego,73,3302833,126,2,0,2,0
2020-03-09,San Francisco,75,870044,71,14,0,14,0
2020-03-09,San Joaquin,77,732212,21,0,3,3,0
2020-03-09,San Luis Obispo,79,281455,15,0,0,0,0
2020-03-09,San Mateo,81,765935,109,6,0,6,0
2020-03-09,Santa Barbara,83,443738,9,0,0,0,0
2020-03-09,Santa Clara,85,1922200,271,42,1,43,1
2020-03-09,Santa Cruz,87,273765,19,2,0,2,0
2020-03-09,Shasta,89,179085,2,1,0,1,0
2020-03-09,Sierra,91,2930,0,0,0,0,0
2020-03-09,Siskiyou,93,43540,0,0,0,0,0
2020-03-09,Solano,95,438530,25,26,0,26,0
2020-03-09,Sonoma,97,501317,22,2,0,2,0
2020-03-09,Stanislaus,99,539301,12,0,2,2,0
2020-03-09,Sutter,101,95872,0,0,0,0,0
2020-03-09,Tehama,103,63373,0,0,0,0,0
2020-03-09,Trinity,105,12862,0,0,0,0,0
2020-03-09,Tulare,107,460477,7,0,1,1,0
2020-03-09,Tuolumne,109,53932,1,0,0,0,0
2020-03-09,Ventura,111,848112,25,1,0,1,0
2020-03-09,Yolo,113,214977,6,2,0,2,0
2020-03-09,Yuba,115,75493,0,0,0,0,0
2020-03-08,Alameda,1,1643700,46,4,0,4,0
2020-03-08,Alpine,3,1148,0,0,0,0,0
2020-03-08,Amador,5,37829,0,0,0,0,0
2020-03-08,Butte,7,227075,0,0,0,0,0
2020-03-08,Calaveras,9,45235,2,0,0,0,0
2020-03-08,Colusa,11,21464,0,0,0,0,0
2020-03-08,Contra Costa,13,1133247,58,9,0,9,0
2020-03-08,Del Norte,15,27424,0,0,0,0,0
2020-03-08,El Dorado,17,186661,5,0,0,0,0
2020-03-08,Fresno,19,978130,4,1,1,2,0
2020-03-08,Glenn,21,27897,0,0,0,0,0
2020-03-08,Humboldt,23,135768,5,1,0,1,0
2020-03-08,Imperial,25,180216,9,0,0,0,0
2020-03-08,Inyo,27,18085,0,0,0,0,0
2020-03-08,Kern,29,883053,8,0,0,0,0
2020-03-08,Kings,31,150075,1,0,1,1,0
2020-03-08,Lake,33,64148,0,0,0,0,0
2020-03-08,Lassen,35,31185,0,0,0,0,0
2020-03-08,Los Angeles,37,10098052,383,14,12,26,0
2020-03-08,Madera,39,155013,7,1,0,1,0
2020-03-08,Marin,41,260295,13,1,0,1,0
2020-03-08,Mariposa,43,17540,0,0,0,0,0
2020-03-08,Mendocino,45,87422,0,0,0,0,0
2020-03-08,Merced,47,269075,2,0,0,0,0
2020-03-08,Modoc,49,8938,0,0,0,0,0
2020-03-08,Mono,51,14174,3,0,0,0,0
2020-03-08,Monterey,53,433212,1,0,0,0,0
2020-03-08,Napa,55,140530,2,0,0,0,0
2020-03-08,Nevada,57,99092,1,0,1,1,0
2020-03-08,Orange,59,3164182,132,4,0,4,0
2020-03-08,Placer,61,380077,11,7,0,7,1
2020-03-08,Plumas,63,18699,0,0,0,0,0
2020-03-08,Riverside,65,2383286,40,1,1,2,0
2020-03-08,Sacramento,67,1510023,64,5,0,5,0
2020-03-08,San Benito,69,59416,3,2,0,2,0
2020-03-08,San Bernardino,71,2135413,41,0,0,0,0
2020-03-08,San Diego,73,3302833,92,2,0,2,0
2020-03-08,San Francisco,75,870044,52,9,0,9,0
2020-03-08,San Joaquin,77,732212,18,0,3,3,0
2020-03-08,San Luis Obispo,79,281455,9,0,0,0,0
2020-03-08,San Mateo,81,765935,96,4,0,4,0
2020-03-08,Santa Barbara,83,443738,6,0,0,0,0
2020-03-08,Santa Clara,85,1922200,230,36,1,37,0
2020-03-08,Santa Cruz,87,273765,17,1,0,1,0
2020-03-08,Shasta,89,179085,2,0,0,0,0
2020-03-08,Sierra,91,2930,0,0,0,0,0
2020-03-08,Siskiyou,93,43540,0,0,0,0,0
2020-03-08,Solano,95,438530,24,26,0,26,0
2020-03-08,Sonoma,97,501317,17,2,0,2,0
2020-03-08,Stanislaus,99,539301,11,0,2,2,0
2020-03-08,Sutter,101,95872,0,0,0,0,0
2020-03-08,Tehama,103,63373,0,0,0,0,0
2020-03-08,Trinity,105,12862,0,0,0,0,0
2020-03-08,Tulare,107,460477,7,0,0,0,0
2020-03-08,Tuolumne,109,53932,1,0,0,0,0
2020-03-08,Ventura,111,848112,21,1,0,1,0
2020-03-08,Yolo,113,214977,3,2,0,2,0
2020-03-08,Yuba,115,75493,0,0,0,0,0
2020-03-07,Alameda,1,1643700,41,3,0,3,0
2020-03-07,Alpine,3,1148,0,0,0,0,0
2020-03-07,Amador,5,37829,0,0,0,0,0
2020-03-07,Butte,7,227075,0,0,0,0,0
2020-03-07,Calaveras,9,45235,2,0,0,0,0
2020-03-07,Colusa,11,21464,0,0,0,0,0
2020-03-07,Contra Costa,13,1133247,55,4,0,4,0
2020-03-07,Del Norte,15,27424,0,0,0,0,0
2020-03-07,El Dorado,17,186661,4,0,0,0,0
2020-03-07,Fresno,19,978130,3,1,1,2,0
2020-03-07,Glenn,21,27897,0,0,0,0,0
2020-03-07,Humboldt,23,135768,5,1,0,1,0
2020-03-07,Imperial,25,180216,8,0,0,0,0
2020-03-07,Inyo,27,18085,0,0,0,0,0
2020-03-07,Kern,29,883053,7,0,0,0,0
2020-03-07,Kings,31,150075,1,0,1,1,0
2020-03-07,Lake,33,64148,0,0,0,0,0
2020-03-07,Lassen,35,31185,0,0,0,0,0
2020-03-07,Los Angeles,37,10098052,333,14,12,26,0
2020-03-07,Madera,39,155013,6,1,0,1,0
2020-03-07,Marin,41,260295,11,0,0,0,0
2020-03-07,Mariposa,43,17540,0,0,0,0,0
2020-03-07,Mendocino,45,87422,0,0,0,0,0
2020-03-07,Merced,47,269075,2,0,0,0,0
2020-03-07,Modoc,49,8938,0,0,0,0,0
2020-03-07,Mono,51,14174,3,0,0,0,0
2020-03-07,Monterey,53,433212,1,0,0,0,0
2020-03-07,Napa,55,140530,1,0,0,0,0
2020-03-07,Nevada,57,99092,1,0,1,1,0
2020-03-07,Orange,59,3164182,124,4,0,4,0
2020-03-07,Placer,61,380077,11,6,0,6,1
2020-03-07,Plumas,63,18699,0,0,0,0,0
2020-03-07,Riverside,65,2383286,30,0,1,1,0
2020-03-07,Sacramento,67,1510023,51,4,0,4,0
2020-03-07,San Benito,69,59416,3,2,0,2,0
2020-03-07,San Bernardino,71,2135413,39,0,0,0,0
2020-03-07,San Diego,73,3302833,74,2,0,2,0
2020-03-07,San Francisco,75,870044,46,9,0,9,0
2020-03-07,San Joaquin,77,732212,16,0,3,3,0
2020-03-07,San Luis Obispo,79,281455,6,0,0,0,0
2020-03-07,San Mateo,81,765935,86,1,0,1,0
2020-03-07,Santa Barbara,83,443738,5,0,0,0,0
2020-03-07,Santa Clara,85,1922200,201,31,1,32,0
2020-03-07,Santa Cruz,87,273765,17,1,0,1,0
2020-03-07,Shasta,89,179085,2,0,0,0,0
2020-03-07,Sierra,91,2930,0,0,0,0,0
2020-03-07,Siskiyou,93,43540,0,0,0,0,0
2020-03-07,Solano,95,438530,23,25,0,25,0
2020-03-07,Sonoma,97,501317,13,2,0,2,0
2020-03-07,Stanislaus,99,539301,10,0,2,2,0
2020-03-07,Sutter,101,95872,0,0,0,0,0
2020-03-07,Tehama,103,63373,0,0,0,0,0
2020-03-07,Trinity,105,12862,0,0,0,0,0
2020-03-07,Tulare,107,460477,4,0,0,0,0
2020-03-07,Tuolumne,109,53932,1,0,0,0,0
2020-03-07,Ventura,111,848112,18,1,0,1,0
2020-03-07,Yolo,113,214977,3,2,0,2,0
2020-03-07,Yuba,115,75493,0,0,0,0,0
2020-03-06,Alameda,1,1643700,39,3,0,3,0
2020-03-06,Alpine,3,1148,0,0,0,0,0
2020-03-06,Amador,5,37829,0,0,0,0,0
2020-03-06,Butte,7,227075,0,0,0,0,0
2020-03-06,Calaveras,9,45235,2,0,0,0,0
2020-03-06,Colusa,11,21464,0,0,0,0,0
2020-03-06,Contra Costa,13,1133247,46,4,0,4,0
2020-03-06,Del Norte,15,27424,0,0,0,0,0
2020-03-06,El Dorado,17,186661,3,0,0,0,0
2020-03-06,Fresno,19,978130,2,0,1,1,0
2020-03-06,Glenn,21,27897,0,0,0,0,0
2020-03-06,Humboldt,23,135768,4,1,0,1,0
2020-03-06,Imperial,25,180216,7,0,0,0,0
2020-03-06,Inyo,27,18085,0,0,0,0,0
2020-03-06,Kern,29,883053,6,0,0,0,0
2020-03-06,Kings,31,150075,1,0,1,1,0
2020-03-06,Lake,33,64148,0,0,0,0,0
2020-03-06,Lassen,35,31185,0,0,0,0,0
2020-03-06,Los Angeles,37,10098052,290,13,12,25,0
2020-03-06,Madera,39,155013,5,0,0,0,0
2020-03-06,Marin,41,260295,10,0,0,0,0
2020-03-06,Mariposa,43,17540,0,0,0,0,0
2020-03-06,Mendocino,45,87422,0,0,0,0,0
2020-03-06,Merced,47,269075,2,0,0,0,0
2020-03-06,Modoc,49,8938,0,0,0,0,0
2020-03-06,Mono,51,14174,1,0,0,0,0
2020-03-06,Monterey,53,433212,1,0,0,0,0
2020-03-06,Napa,55,140530,1,0,0,0,0
2020-03-06,Nevada,57,99092,1,0,1,1,0
2020-03-06,Orange,59,3164182,98,4,0,4,0
2020-03-06,Placer,61,380077,10,5,0,5,1
2020-03-06,Plumas,63,18699,0,0,0,0,0
2020-03-06,Riverside,65,2383286,30,0,1,1,0
2020-03-06,Sacramento,67,1510023,42,2,0,2,0
2020-03-06,San Benito,69,59416,3,2,0,2,0
2020-03-06,San Bernardino,71,2135413,37,0,0,0,0
2020-03-06,San Diego,73,3302833,61,2,0,2,0
2020-03-06,San Francisco,75,870044,40,2,0,2,0
2020-03-06,San Joaquin,77,732212,13,0,3,3,0
2020-03-06,San Luis Obispo,79,281455,4,0,0,0,0
2020-03-06,San Mateo,81,765935,78,1,0,1,0
2020-03-06,Santa Barbara,83,443738,3,0,0,0,0
2020-03-06,Santa Clara,85,1922200,183,20,1,21,0
2020-03-06,Santa Cruz,87,273765,15,0,0,0,0
2020-03-06,Shasta,89,179085,2,0,0,0,0
2020-03-06,Sierra,91,2930,0,0,0,0,0
2020-03-06,Siskiyou,93,43540,0,0,0,0,0
2020-03-06,Solano,95,438530,22,25,0,25,0
2020-03-06,Sonoma,97,501317,13,2,0,2,0
2020-03-06,Stanislaus,99,539301,6,0,2,2,0
2020-03-06,Sutter,101,95872,0,0,0,0,0
2020-03-06,Tehama,103,63373,0,0,0,0,0
2020-03-06,Trinity,105,12862,0,0,0,0,0
2020-03-06,Tulare,107,460477,4,0,0,0,0
2020-03-06,Tuolumne,109,53932,1,0,0,0,0
2020-03-06,Ventura,111,848112,15,1,0,1,0
2020-03-06,Yolo,113,214977,3,1,0,1,0
2020-03-06,Yuba,115,75493,0,0,0,0,0
2020-03-05,Alameda,1,1643700,34,2,0,2,0
2020-03-05,Alpine,3,1148,0,0,0,0,0
2020-03-05,Amador,5,37829,0,0,0,0,0
2020-03-05,Butte,7,227075,0,0,0,0,0
2020-03-05,Calaveras,9,45235,2,0,0,0,0
2020-03-05,Colusa,11,21464,0,0,0,0,0
2020-03-05,Contra Costa,13,1133247,39,1,0,1,0
2020-03-05,Del Norte,15,27424,0,0,0,0,0
2020-03-05,El Dorado,17,186661,1,0,0,0,0
2020-03-05,Fresno,19,978130,2,0,1,1,0
2020-03-05,Glenn,21,27897,0,0,0,0,0
2020-03-05,Humboldt,23,135768,4,1,0,1,0
2020-03-05,Imperial,25,180216,5,0,0,0,0
2020-03-05,Inyo,27,18085,0,0,0,0,0
2020-03-05,Kern,29,883053,6,0,0,0,0
2020-03-05,Kings,31,150075,1,0,1,1,0
2020-03-05,Lake,33,64148,0,0,0,0,0
2020-03-05,Lassen,35,31185,0,0,0,0,0
2020-03-05,Los Angeles,37,10098052,243,11,12,23,0
2020-03-05,Madera,39,155013,5,0,0,0,0
2020-03-05,Marin,41,260295,10,0,0,0,0
2020-03-05,Mariposa,43,17540,0,0,0,0,0
2020-03-05,Mendocino,45,87422,0,0,0,0,0
2020-03-05,Merced,47,269075,2,0,0,0,0
2020-03-05,Modoc,49,8938,0,0,0,0,0
2020-03-05,Mono,51,14174,1,0,0,0,0
2020-03-05,Monterey,53,433212,1,0,0,0,0
2020-03-05,Napa,55,140530,1,0,0,0,0
2020-03-05,Nevada,57,99092,0,0,1,1,0
2020-03-05,Orange,59,3164182,83,3,0,3,0
2020-03-05,Placer,61,380077,10,2,0,2,1
2020-03-05,Plumas,63,18699,0,0,0,0,0
2020-03-05,Riverside,65,2383286,27,0,1,1,0
2020-03-05,Sacramento,67,1510023,36,2,0,2,0
2020-03-05,San Benito,69,59416,1,2,0,2,0
2020-03-05,San Bernardino,71,2135413,32,0,0,0,0
2020-03-05,San Diego,73,3302833,54,2,0,2,0
2020-03-05,San Francisco,75,870044,30,2,0,2,0
2020-03-05,San Joaquin,77,732212,10,0,3,3,0
2020-03-05,San Luis Obispo,79,281455,4,0,0,0,0
2020-03-05,San Mateo,81,765935,65,1,0,1,0
2020-03-05,Santa Barbara,83,443738,2,0,0,0,0
2020-03-05,Santa Clara,85,1922200,162,14,1,15,0
2020-03-05,Santa Cruz,87,273765,13,0,0,0,0
2020-03-05,Shasta,89,179085,2,0,0,0,0
2020-03-05,Sierra,91,2930,0,0,0,0,0
2020-03-05,Siskiyou,93,43540,0,0,0,0,0
2020-03-05,Solano,95,438530,22,24,0,24,0
2020-03-05,Sonoma,97,501317,12,2,0,2,0
2020-03-05,Stanislaus,99,539301,5,0,2,2,0
2020-03-05,Sutter,101,95872,0,0,0,0,0
2020-03-05,Tehama,103,63373,0,0,0,0,0
2020-03-05,Trinity,105,12862,0,0,0,0,0
2020-03-05,Tulare,107,460477,4,0,0,0,0
2020-03-05,Tuolumne,109,53932,1,0,0,0,0
2020-03-05,Ventura,111,848112,13,0,0,0,0
2020-03-05,Yolo,113,214977,3,0,0,0,0
2020-03-05,Yuba,115,75493,0,0,0,0,0
2020-03-04,Alameda,1,1643700,30,2,0,2,0
2020-03-04,Alpine,3,1148,0,0,0,0,0
2020-03-04,Amador,5,37829,0,0,0,0,0
2020-03-04,Butte,7,227075,0,0,0,0,0
2020-03-04,Calaveras,9,45235,0,0,0,0,0
2020-03-04,Colusa,11,21464,0,0,0,0,0
2020-03-04,Contra Costa,13,1133247,34,1,0,1,0
2020-03-04,Del Norte,15,27424,0,0,0,0,0
2020-03-04,El Dorado,17,186661,1,0,0,0,0
2020-03-04,Fresno,19,978130,2,0,1,1,0
2020-03-04,Glenn,21,27897,0,0,0,0,0
2020-03-04,Humboldt,23,135768,1,1,0,1,0
2020-03-04,Imperial,25,180216,5,0,0,0,0
2020-03-04,Inyo,27,18085,0,0,0,0,0
2020-03-04,Kern,29,883053,6,0,0,0,0
2020-03-04,Kings,31,150075,1,0,1,1,0
2020-03-04,Lake,33,64148,0,0,0,0,0
2020-03-04,Lassen,35,31185,0,0,0,0,0
2020-03-04,Los Angeles,37,10098052,208,7,12,19,0
2020-03-04,Madera,39,155013,5,0,0,0,0
2020-03-04,Marin,41,260295,10,0,0,0,0
2020-03-04,Mariposa,43,17540,0,0,0,0,0
2020-03-04,Mendocino,45,87422,0,0,0,0,0
2020-03-04,Merced,47,269075,2,0,0,0,0
2020-03-04,Modoc,49,8938,0,0,0,0,0
2020-03-04,Mono,51,14174,1,0,0,0,0
2020-03-04,Monterey,53,433212,1,0,0,0,0
2020-03-04,Napa,55,140530,1,0,0,0,0
2020-03-04,Nevada,57,99092,0,0,1,1,0
2020-03-04,Orange,59,3164182,80,3,0,3,0
2020-03-04,Placer,61,380077,9,2,0,2,1
2020-03-04,Plumas,63,18699,0,0,0,0,0
2020-03-04,Riverside,65,2383286,23,0,1,1,0
2020-03-04,Sacramento,67,1510023,32,1,0,1,0
2020-03-04,San Benito,69,59416,1,2,0,2,0
2020-03-04,San Bernardino,71,2135413,29,0,0,0,0
2020-03-04,San Diego,73,3302833,41,2,0,2,0
2020-03-04,San Francisco,75,870044,25,0,0,0,0
2020-03-04,San Joaquin,77,732212,9,0,3,3,0
2020-03-04,San Luis Obispo,79,281455,4,0,0,0,0
2020-03-04,San Mateo,81,765935,60,1,0,1,0
2020-03-04,Santa Barbara,83,443738,2,0,0,0,0
2020-03-04,Santa Clara,85,1922200,145,12,1,13,0
2020-03-04,Santa Cruz,87,273765,13,0,0,0,0
2020-03-04,Shasta,89,179085,2,0,0,0,0
2020-03-04,Sierra,91,2930,0,0,0,0,0
2020-03-04,Siskiyou,93,43540,0,0,0,0,0
2020-03-04,Solano,95,438530,21,24,0,24,0
2020-03-04,Sonoma,97,501317,11,2,0,2,0
2020-03-04,Stanislaus,99,539301,5,0,2,2,0
2020-03-04,Sutter,101,95872,0,0,0,0,0
2020-03-04,Tehama,103,63373,0,0,0,0,0
2020-03-04,Trinity,105,12862,0,0,0,0,0
2020-03-04,Tulare,107,460477,4,0,0,0,0
2020-03-04,Tuolumne,109,53932,0,0,0,0,0
2020-03-04,Ventura,111,848112,12,0,0,0,0
2020-03-04,Yolo,113,214977,3,0,0,0,0
2020-03-04,Yuba,115,75493,0,0,0,0,0
2020-03-03,Alameda,1,1643700,24,2,0,2,0
2020-03-03,Alpine,3,1148,0,0,0,0,0
2020-03-03,Amador,5,37829,0,0,0,0,0
2020-03-03,Butte,7,227075,0,0,0,0,0
2020-03-03,Calaveras,9,45235,0,0,0,0,0
2020-03-03,Colusa,11,21464,0,0,0,0,0
2020-03-03,Contra Costa,13,1133247,30,0,0,0,0
2020-03-03,Del Norte,15,27424,0,0,0,0,0
2020-03-03,El Dorado,17,186661,1,0,0,0,0
2020-03-03,Fresno,19,978130,1,0,1,1,0
2020-03-03,Glenn,21,27897,0,0,0,0,0
2020-03-03,Humboldt,23,135768,1,1,0,1,0
2020-03-03,Imperial,25,180216,5,0,0,0,0
2020-03-03,Inyo,27,18085,0,0,0,0,0
2020-03-03,Kern,29,883053,4,0,0,0,0
2020-03-03,Kings,31,150075,1,0,1,1,0
2020-03-03,Lake,33,64148,0,0,0,0,0
2020-03-03,Lassen,35,31185,0,0,0,0,0
2020-03-03,Los Angeles,37,10098052,189,5,12,17,0
2020-03-03,Madera,39,155013,4,0,0,0,0
2020-03-03,Marin,41,260295,6,0,0,0,0
2020-03-03,Mariposa,43,17540,0,0,0,0,0
2020-03-03,Mendocino,45,87422,0,0,0,0,0
2020-03-03,Merced,47,269075,2,0,0,0,0
2020-03-03,Modoc,49,8938,0,0,0,0,0
2020-03-03,Mono,51,14174,1,0,0,0,0
2020-03-03,Monterey,53,433212,0,0,0,0,0
2020-03-03,Napa,55,140530,1,0,0,0,0
2020-03-03,Nevada,57,99092,0,0,1,1,0
2020-03-03,Orange,59,3164182,72,1,0,1,0
2020-03-03,Placer,61,380077,8,2,0,2,0
2020-03-03,Plumas,63,18699,0,0,0,0,0
2020-03-03,Riverside,65,2383286,20,0,1,1,0
2020-03-03,Sacramento,67,1510023,31,1,0,1,0
2020-03-03,San Benito,69,59416,1,2,0,2,0
2020-03-03,San Bernardino,71,2135413,26,0,0,0,0
2020-03-03,San Diego,73,3302833,34,2,0,2,0
2020-03-03,San Francisco,75,870044,23,0,0,0,0
2020-03-03,San Joaquin,77,732212,8,0,3,3,0
2020-03-03,San Luis Obispo,79,281455,2,0,0,0,0
2020-03-03,San Mateo,81,765935,53,1,0,1,0
2020-03-03,Santa Barbara,83,443738,1,0,0,0,0
2020-03-03,Santa Clara,85,1922200,130,11,1,12,0
2020-03-03,Santa Cruz,87,273765,10,0,0,0,0
2020-03-03,Shasta,89,179085,2,0,0,0,0
2020-03-03,Sierra,91,2930,0,0,0,0,0
2020-03-03,Siskiyou,93,43540,0,0,0,0,0
2020-03-03,Solano,95,438530,20,24,0,24,0
2020-03-03,Sonoma,97,501317,11,1,0,1,0
2020-03-03,Stanislaus,99,539301,5,0,2,2,0
2020-03-03,Sutter,101,95872,0,0,0,0,0
2020-03-03,Tehama,103,63373,0,0,0,0,0
2020-03-03,Trinity,105,12862,0,0,0,0,0
2020-03-03,Tulare,107,460477,4,0,0,0,0
2020-03-03,Tuolumne,109,53932,0,0,0,0,0
2020-03-03,Ventura,111,848112,11,0,0,0,0
2020-03-03,Yolo,113,214977,2,0,0,0,0
2020-03-03,Yuba,115,75493,0,0,0,0,0
2020-03-02,Alameda,1,1643700,21,1,0,1,0
2020-03-02,Alpine,3,1148,0,0,0,0,0
2020-03-02,Amador,5,37829,0,0,0,0,0
2020-03-02,Butte,7,227075,0,0,0,0,0
2020-03-02,Calaveras,9,45235,0,0,0,0,0
2020-03-02,Colusa,11,21464,0,0,0,0,0
2020-03-02,Contra Costa,13,1133247,27,0,0,0,0
2020-03-02,Del Norte,15,27424,0,0,0,0,0
2020-03-02,El Dorado,17,186661,1,0,0,0,0
2020-03-02,Fresno,19,978130,1,0,1,1,0
2020-03-02,Glenn,21,27897,0,0,0,0,0
2020-03-02,Humboldt,23,135768,1,1,0,1,0
2020-03-02,Imperial,25,180216,5,0,0,0,0
2020-03-02,Inyo,27,18085,0,0,0,0,0
2020-03-02,Kern,29,883053,4,0,0,0,0
2020-03-02,Kings,31,150075,1,0,1,1,0
2020-03-02,Lake,33,64148,0,0,0,0,0
2020-03-02,Lassen,35,31185,0,0,0,0,0
2020-03-02,Los Angeles,37,10098052,174,1,12,13,0
2020-03-02,Madera,39,155013,4,0,0,0,0
2020-03-02,Marin,41,260295,6,0,0,0,0
2020-03-02,Mariposa,43,17540,0,0,0,0,0
2020-03-02,Mendocino,45,87422,0,0,0,0,0
2020-03-02,Merced,47,269075,1,0,0,0,0
2020-03-02,Modoc,49,8938,0,0,0,0,0
2020-03-02,Mono,51,14174,1,0,0,0,0
2020-03-02,Monterey,53,433212,0,0,0,0,0
2020-03-02,Napa,55,140530,1,0,0,0,0
2020-03-02,Nevada,57,99092,0,0,1,1,0
2020-03-02,Orange,59,3164182,67,1,0,1,0
2020-03-02,Placer,61,380077,8,1,0,1,0
2020-03-02,Plumas,63,18699,0,0,0,0,0
2020-03-02,Riverside,65,2383286,19,0,1,1,0
2020-03-02,Sacramento,67,1510023,25,1,0,1,0
2020-03-02,San Benito,69,59416,1,2,0,2,0
2020-03-02,San Bernardino,71,2135413,26,0,0,0,0
2020-03-02,San Diego,73,3302833,28,2,0,2,0
2020-03-02,San Francisco,75,870044,17,0,0,0,0
2020-03-02,San Joaquin,77,732212,7,0,3,3,0
2020-03-02,San Luis Obispo,79,281455,2,0,0,0,0
2020-03-02,San Mateo,81,765935,44,1,0,1,0
2020-03-02,Santa Barbara,83,443738,1,0,0,0,0
2020-03-02,Santa Clara,85,1922200,108,7,1,8,0
2020-03-02,Santa Cruz,87,273765,9,0,0,0,0
2020-03-02,Shasta,89,179085,2,0,0,0,0
2020-03-02,Sierra,91,2930,0,0,0,0,0
2020-03-02,Siskiyou,93,43540,0,0,0,0,0
2020-03-02,Solano,95,438530,19,24,0,24,0
2020-03-02,Sonoma,97,501317,10,1,0,1,0
2020-03-02,Stanislaus,99,539301,2,0,2,2,0
2020-03-02,Sutter,101,95872,0,0,0,0,0
2020-03-02,Tehama,103,63373,0,0,0,0,0
2020-03-02,Trinity,105,12862,0,0,0,0,0
2020-03-02,Tulare,107,460477,4,0,0,0,0
2020-03-02,Tuolumne,109,53932,0,0,0,0,0
2020-03-02,Ventura,111,848112,10,0,0,0,0
2020-03-02,Yolo,113,214977,2,0,0,0,0
2020-03-02,Yuba,115,75493,0,0,0,0,0
2020-03-01,Alameda,1,1643700,20,1,0,1,0
2020-03-01,Alpine,3,1148,0,0,0,0,0
2020-03-01,Amador,5,37829,0,0,0,0,0
2020-03-01,Butte,7,227075,0,0,0,0,0
2020-03-01,Calaveras,9,45235,0,0,0,0,0
2020-03-01,Colusa,11,21464,0,0,0,0,0
2020-03-01,Contra Costa,13,1133247,24,0,0,0,0
2020-03-01,Del Norte,15,27424,0,0,0,0,0
2020-03-01,El Dorado,17,186661,1,0,0,0,0
2020-03-01,Fresno,19,978130,0,0,1,1,0
2020-03-01,Glenn,21,27897,0,0,0,0,0
2020-03-01,Humboldt,23,135768,1,1,0,1,0
2020-03-01,Imperial,25,180216,5,0,0,0,0
2020-03-01,Inyo,27,18085,0,0,0,0,0
2020-03-01,Kern,29,883053,2,0,0,0,0
2020-03-01,Kings,31,150075,1,0,1,1,0
2020-03-01,Lake,33,64148,0,0,0,0,0
2020-03-01,Lassen,35,31185,0,0,0,0,0
2020-03-01,Los Angeles,37,10098052,155,1,12,13,0
2020-03-01,Madera,39,155013,2,0,0,0,0
2020-03-01,Marin,41,260295,5,0,0,0,0
2020-03-01,Mariposa,43,17540,0,0,0,0,0
2020-03-01,Mendocino,45,87422,0,0,0,0,0
2020-03-01,Merced,47,269075,1,0,0,0,0
2020-03-01,Modoc,49,8938,0,0,0,0,0
2020-03-01,Mono,51,14174,1,0,0,0,0
2020-03-01,Monterey,53,433212,0,0,0,0,0
2020-03-01,Napa,55,140530,1,0,0,0,0
2020-03-01,Nevada,57,99092,0,0,1,1,0
2020-03-01,Orange,59,3164182,64,1,0,1,0
2020-03-01,Placer,61,380077,8,0,0,0,0
2020-03-01,Plumas,63,18699,0,0,0,0,0
2020-03-01,Riverside,65,2383286,18,0,1,1,0
2020-03-01,Sacramento,67,1510023,21,1,0,1,0
2020-03-01,San Benito,69,59416,0,2,0,2,0
2020-03-01,San Bernardino,71,2135413,24,0,0,0,0
2020-03-01,San Diego,73,3302833,21,2,0,2,0
2020-03-01,San Francisco,75,870044,13,0,0,0,0
2020-03-01,San Joaquin,77,732212,7,0,3,3,0
2020-03-01,San Luis Obispo,79,281455,2,0,0,0,0
2020-03-01,San Mateo,81,765935,36,0,0,0,0
2020-03-01,Santa Barbara,83,443738,1,0,0,0,0
2020-03-01,Santa Clara,85,1922200,95,6,1,7,0
2020-03-01,Santa Cruz,87,273765,8,0,0,0,0
2020-03-01,Shasta,89,179085,2,0,0,0,0
2020-03-01,Sierra,91,2930,0,0,0,0,0
2020-03-01,Siskiyou,93,43540,0,0,0,0,0
2020-03-01,Solano,95,438530,19,24,0,24,0
2020-03-01,Sonoma,97,501317,9,0,0,0,0
2020-03-01,Stanislaus,99,539301,2,0,2,2,0
2020-03-01,Sutter,101,95872,0,0,0,0,0
2020-03-01,Tehama,103,63373,0,0,0,0,0
2020-03-01,Trinity,105,12862,0,0,0,0,0
2020-03-01,Tulare,107,460477,4,0,0,0,0
2020-03-01,Tuolumne,109,53932,0,0,0,0,0
2020-03-01,Ventura,111,848112,8,0,0,0,0
2020-03-01,Yolo,113,214977,2,0,0,0,0
2020-03-01,Yuba,115,75493,0,0,0,0,0
2020-02-29,Alameda,1,1643700,16,0,0,0,0
2020-02-29,Alpine,3,1148,0,0,0,0,0
2020-02-29,Amador,5,37829,0,0,0,0,0
2020-02-29,Butte,7,227075,0,0,0,0,0
2020-02-29,Calaveras,9,45235,0,0,0,0,0
2020-02-29,Colusa,11,21464,0,0,0,0,0
2020-02-29,Contra Costa,13,1133247,20,0,0,0,0
2020-02-29,Del Norte,15,27424,0,0,0,0,0
2020-02-29,El Dorado,17,186661,1,0,0,0,0
2020-02-29,Fresno,19,978130,0,0,0,0,0
2020-02-29,Glenn,21,27897,0,0,0,0,0
2020-02-29,Humboldt,23,135768,1,1,0,1,0
2020-02-29,Imperial,25,180216,3,0,0,0,0
2020-02-29,Inyo,27,18085,0,0,0,0,0
2020-02-29,Kern,29,883053,2,0,0,0,0
2020-02-29,Kings,31,150075,1,0,1,1,0
2020-02-29,Lake,33,64148,0,0,0,0,0
2020-02-29,Lassen,35,31185,0,0,0,0,0
2020-02-29,Los Angeles,37,10098052,127,1,12,13,0
2020-02-29,Madera,39,155013,2,0,0,0,0
2020-02-29,Marin,41,260295,4,0,0,0,0
2020-02-29,Mariposa,43,17540,0,0,0,0,0
2020-02-29,Mendocino,45,87422,0,0,0,0,0
2020-02-29,Merced,47,269075,1,0,0,0,0
2020-02-29,Modoc,49,8938,0,0,0,0,0
2020-02-29,Mono,51,14174,1,0,0,0,0
2020-02-29,Monterey,53,433212,0,0,0,0,0
2020-02-29,Napa,55,140530,1,0,0,0,0
2020-02-29,Nevada,57,99092,0,0,1,1,0
2020-02-29,Orange,59,3164182,59,1,0,1,0
2020-02-29,Placer,61,380077,7,0,0,0,0
2020-02-29,Plumas,63,18699,0,0,0,0,0
2020-02-29,Riverside,65,2383286,15,0,1,1,0
2020-02-29,Sacramento,67,1510023,16,1,0,1,0
2020-02-29,San Benito,69,59416,0,2,0,2,0
2020-02-29,San Bernardino,71,2135413,22,0,0,0,0
2020-02-29,San Diego,73,3302833,16,2,0,2,0
2020-02-29,San Francisco,75,870044,12,0,0,0,0
2020-02-29,San Joaquin,77,732212,6,0,3,3,0
2020-02-29,San Luis Obispo,79,281455,2,0,0,0,0
2020-02-29,San Mateo,81,765935,29,0,0,0,0
2020-02-29,Santa Barbara,83,443738,0,0,0,0,0
2020-02-29,Santa Clara,85,1922200,73,3,1,4,0
2020-02-29,Santa Cruz,87,273765,8,0,0,0,0
2020-02-29,Shasta,89,179085,2,0,0,0,0
2020-02-29,Sierra,91,2930,0,0,0,0,0
2020-02-29,Siskiyou,93,43540,0,0,0,0,0
2020-02-29,Solano,95,438530,18,23,0,23,0
2020-02-29,Sonoma,97,501317,6,0,0,0,0
2020-02-29,Stanislaus,99,539301,2,0,2,2,0
2020-02-29,Sutter,101,95872,0,0,0,0,0
2020-02-29,Tehama,103,63373,0,0,0,0,0
2020-02-29,Trinity,105,12862,0,0,0,0,0
2020-02-29,Tulare,107,460477,2,0,0,0,0
2020-02-29,Tuolumne,109,53932,0,0,0,0,0
2020-02-29,Ventura,111,848112,6,0,0,0,0
2020-02-29,Yolo,113,214977,2,0,0,0,0
2020-02-29,Yuba,115,75493,0,0,0,0,0
2020-02-28,Alameda,1,1643700,14,0,0,0,0
2020-02-28,Alpine,3,1148,0,0,0,0,0
2020-02-28,Amador,5,37829,0,0,0,0,0
2020-02-28,Butte,7,227075,0,0,0,0,0
2020-02-28,Calaveras,9,45235,0,0,0,0,0
2020-02-28,Colusa,11,21464,0,0,0,0,0
2020-02-28,Contra Costa,13,1133247,20,0,0,0,0
2020-02-28,Del Norte,15,27424,0,0,0,0,0
2020-02-28,El Dorado,17,186661,0,0,0,0,0
2020-02-28,Fresno,19,978130,0,0,0,0,0
2020-02-28,Glenn,21,27897,0,0,0,0,0
2020-02-28,Humboldt,23,135768,1,1,0,1,0
2020-02-28,Imperial,25,180216,3,0,0,0,0
2020-02-28,Inyo,27,18085,0,0,0,0,0
2020-02-28,Kern,29,883053,2,0,0,0,0
2020-02-28,Kings,31,150075,1,0,1,1,0
2020-02-28,Lake,33,64148,0,0,0,0,0
2020-02-28,Lassen,35,31185,0,0,0,0,0
2020-02-28,Los Angeles,37,10098052,118,1,12,13,0
2020-02-28,Madera,39,155013,2,0,0,0,0
2020-02-28,Marin,41,260295,2,0,0,0,0
2020-02-28,Mariposa,43,17540,0,0,0,0,0
2020-02-28,Mendocino,45,87422,0,0,0,0,0
2020-02-28,Merced,47,269075,1,0,0,0,0
2020-02-28,Modoc,49,8938,0,0,0,0,0
2020-02-28,Mono,51,14174,0,0,0,0,0
2020-02-28,Monterey,53,433212,0,0,0,0,0
2020-02-28,Napa,55,140530,1,0,0,0,0
2020-02-28,Nevada,57,99092,0,0,1,1,0
2020-02-28,Orange,59,3164182,57,1,0,1,0
2020-02-28,Placer,61,380077,7,0,0,0,0
2020-02-28,Plumas,63,18699,0,0,0,0,0
2020-02-28,Riverside,65,2383286,13,0,1,1,0
2020-02-28,Sacramento,67,1510023,10,1,0,1,0
2020-02-28,San Benito,69,59416,0,2,0,2,0
2020-02-28,San Bernardino,71,2135413,22,0,0,0,0
2020-02-28,San Diego,73,3302833,13,2,0,2,0
2020-02-28,San Francisco,75,870044,10,0,0,0,0
2020-02-28,San Joaquin,77,732212,6,0,3,3,0
2020-02-28,San Luis Obispo,79,281455,2,0,0,0,0
2020-02-28,San Mateo,81,765935,24,0,0,0,0
2020-02-28,Santa Barbara,83,443738,0,0,0,0,0
2020-02-28,Santa Clara,85,1922200,69,3,1,4,0
2020-02-28,Santa Cruz,87,273765,8,0,0,0,0
2020-02-28,Shasta,89,179085,2,0,0,0,0
2020-02-28,Sierra,91,2930,0,0,0,0,0
2020-02-28,Siskiyou,93,43540,0,0,0,0,0
2020-02-28,Solano,95,438530,17,23,0,23,0
2020-02-28,Sonoma,97,501317,6,0,0,0,0
2020-02-28,Stanislaus,99,539301,2,0,2,2,0
2020-02-28,Sutter,101,95872,0,0,0,0,0
2020-02-28,Tehama,103,63373,0,0,0,0,0
2020-02-28,Trinity,105,12862,0,0,0,0,0
2020-02-28,Tulare,107,460477,2,0,0,0,0
2020-02-28,Tuolumne,109,53932,0,0,0,0,0
2020-02-28,Ventura,111,848112,6,0,0,0,0
2020-02-28,Yolo,113,214977,2,0,0,0,0
2020-02-28,Yuba,115,75493,0,0,0,0,0
2020-02-27,Alameda,1,1643700,13,0,0,0,0
2020-02-27,Alpine,3,1148,0,0,0,0,0
2020-02-27,Amador,5,37829,0,0,0,0,0
2020-02-27,Butte,7,227075,0,0,0,0,0
2020-02-27,Calaveras,9,45235,0,0,0,0,0
2020-02-27,Colusa,11,21464,0,0,0,0,0
2020-02-27,Contra Costa,13,1133247,14,0,0,0,0
2020-02-27,Del Norte,15,27424,0,0,0,0,0
2020-02-27,El Dorado,17,186661,0,0,0,0,0
2020-02-27,Fresno,19,978130,0,0,0,0,0
2020-02-27,Glenn,21,27897,0,0,0,0,0
2020-02-27,Humboldt,23,135768,1,1,0,1,0
2020-02-27,Imperial,25,180216,3,0,0,0,0
2020-02-27,Inyo,27,18085,0,0,0,0,0
2020-02-27,Kern,29,883053,2,0,0,0,0
2020-02-27,Kings,31,150075,1,0,1,1,0
2020-02-27,Lake,33,64148,0,0,0,0,0
2020-02-27,Lassen,35,31185,0,0,0,0,0
2020-02-27,Los Angeles,37,10098052,105,1,12,13,0
2020-02-27,Madera,39,155013,2,0,0,0,0
2020-02-27,Marin,41,260295,1,0,0,0,0
2020-02-27,Mariposa,43,17540,0,0,0,0,0
2020-02-27,Mendocino,45,87422,0,0,0,0,0
2020-02-27,Merced,47,269075,1,0,0,0,0
2020-02-27,Modoc,49,8938,0,0,0,0,0
2020-02-27,Mono,51,14174,0,0,0,0,0
2020-02-27,Monterey,53,433212,0,0,0,0,0
2020-02-27,Napa,55,140530,1,0,0,0,0
2020-02-27,Nevada,57,99092,0,0,1,1,0
2020-02-27,Orange,59,3164182,51,1,0,1,0
2020-02-27,Placer,61,380077,6,0,0,0,0
2020-02-27,Plumas,63,18699,0,0,0,0,0
2020-02-27,Riverside,65,2383286,12,0,1,1,0
2020-02-27,Sacramento,67,1510023,10,1,0,1,0
2020-02-27,San Benito,69,59416,0,2,0,2,0
2020-02-27,San Bernardino,71,2135413,22,0,0,0,0
2020-02-27,San Diego,73,3302833,12,2,0,2,0
2020-02-27,San Francisco,75,870044,9,0,0,0,0
2020-02-27,San Joaquin,77,732212,5,0,3,3,0
2020-02-27,San Luis Obispo,79,281455,2,0,0,0,0
2020-02-27,San Mateo,81,765935,20,0,0,0,0
2020-02-27,Santa Barbara,83,443738,0,0,0,0,0
2020-02-27,Santa Clara,85,1922200,58,2,1,3,0
2020-02-27,Santa Cruz,87,273765,6,0,0,0,0
2020-02-27,Shasta,89,179085,0,0,0,0,0
2020-02-27,Sierra,91,2930,0,0,0,0,0
2020-02-27,Siskiyou,93,43540,0,0,0,0,0
2020-02-27,Solano,95,438530,17,23,0,23,0
2020-02-27,Sonoma,97,501317,5,0,0,0,0
2020-02-27,Stanislaus,99,539301,2,0,2,2,0
2020-02-27,Sutter,101,95872,0,0,0,0,0
2020-02-27,Tehama,103,63373,0,0,0,0,0
2020-02-27,Trinity,105,12862,0,0,0,0,0
2020-02-27,Tulare,107,460477,2,0,0,0,0
2020-02-27,Tuolumne,109,53932,0,0,0,0,0
2020-02-27,Ventura,111,848112,4,0,0,0,0
2020-02-27,Yolo,113,214977,2,0,0,0,0
2020-02-27,Yuba,115,75493,0,0,0,0,0
2020-02-26,Alameda,1,1643700,13,0,0,0,0
2020-02-26,Alpine,3,1148,0,0,0,0,0
2020-02-26,Amador,5,37829,0,0,0,0,0
2020-02-26,Butte,7,227075,0,0,0,0,0
2020-02-26,Calaveras,9,45235,0,0,0,0,0
2020-02-26,Colusa,11,21464,0,0,0,0,0
2020-02-26,Contra Costa,13,1133247,13,0,0,0,0
2020-02-26,Del Norte,15,27424,0,0,0,0,0
2020-02-26,El Dorado,17,186661,0,0,0,0,0
2020-02-26,Fresno,19,978130,0,0,0,0,0
2020-02-26,Glenn,21,27897,0,0,0,0,0
2020-02-26,Humboldt,23,135768,1,1,0,1,0
2020-02-26,Imperial,25,180216,3,0,0,0,0
2020-02-26,Inyo,27,18085,0,0,0,0,0
2020-02-26,Kern,29,883053,2,0,0,0,0
2020-02-26,Kings,31,150075,1,0,1,1,0
2020-02-26,Lake,33,64148,0,0,0,0,0
2020-02-26,Lassen,35,31185,0,0,0,0,0
2020-02-26,Los Angeles,37,10098052,99,1,12,13,0
2020-02-26,Madera,39,155013,2,0,0,0,0
2020-02-26,Marin,41,260295,1,0,0,0,0
2020-02-26,Mariposa,43,17540,0,0,0,0,0
2020-02-26,Mendocino,45,87422,0,0,0,0,0
2020-02-26,Merced,47,269075,1,0,0,0,0
2020-02-26,Modoc,49,8938,0,0,0,0,0
2020-02-26,Mono,51,14174,0,0,0,0,0
2020-02-26,Monterey,53,433212,0,0,0,0,0
2020-02-26,Napa,55,140530,0,0,0,0,0
2020-02-26,Nevada,57,99092,0,0,1,1,0
2020-02-26,Orange,59,3164182,50,1,0,1,0
2020-02-26,Placer,61,380077,5,0,0,0,0
2020-02-26,Plumas,63,18699,0,0,0,0,0
2020-02-26,Riverside,65,2383286,10,0,1,1,0
2020-02-26,Sacramento,67,1510023,10,1,0,1,0
2020-02-26,San Benito,69,59416,0,2,0,2,0
2020-02-26,San Bernardino,71,2135413,20,0,0,0,0
2020-02-26,San Diego,73,3302833,11,2,0,2,0
2020-02-26,San Francisco,75,870044,9,0,0,0,0
2020-02-26,San Joaquin,77,732212,5,0,3,3,0
2020-02-26,San Luis Obispo,79,281455,2,0,0,0,0
2020-02-26,San Mateo,81,765935,18,0,0,0,0
2020-02-26,Santa Barbara,83,443738,0,0,0,0,0
2020-02-26,Santa Clara,85,1922200,50,2,1,3,0
2020-02-26,Santa Cruz,87,273765,6,0,0,0,0
2020-02-26,Shasta,89,179085,0,0,0,0,0
2020-02-26,Sierra,91,2930,0,0,0,0,0
2020-02-26,Siskiyou,93,43540,0,0,0,0,0
2020-02-26,Solano,95,438530,17,23,0,23,0
2020-02-26,Sonoma,97,501317,5,0,0,0,0
2020-02-26,Stanislaus,99,539301,2,0,2,2,0
2020-02-26,Sutter,101,95872,0,0,0,0,0
2020-02-26,Tehama,103,63373,0,0,0,0,0
2020-02-26,Trinity,105,12862,0,0,0,0,0
2020-02-26,Tulare,107,460477,2,0,0,0,0
2020-02-26,Tuolumne,109,53932,0,0,0,0,0
2020-02-26,Ventura,111,848112,4,0,0,0,0
2020-02-26,Yolo,113,214977,2,0,0,0,0
2020-02-26,Yuba,115,75493,0,0,0,0,0
2020-02-25,Alameda,1,1643700,13,0,0,0,0
2020-02-25,Alpine,3,1148,0,0,0,0,0
2020-02-25,Amador,5,37829,0,0,0,0,0
2020-02-25,Butte,7,227075,0,0,0,0,0
2020-02-25,Calaveras,9,45235,0,0,0,0,0
2020-02-25,Colusa,11,21464,0,0,0,0,0
2020-02-25,Contra Costa,13,1133247,11,0,0,0,0
2020-02-25,Del Norte,15,27424,0,0,0,0,0
2020-02-25,El Dorado,17,186661,0,0,0,0,0
2020-02-25,Fresno,19,978130,0,0,0,0,0
2020-02-25,Glenn,21,27897,0,0,0,0,0
2020-02-25,Humboldt,23,135768,1,1,0,1,0
2020-02-25,Imperial,25,180216,3,0,0,0,0
2020-02-25,Inyo,27,18085,0,0,0,0,0
2020-02-25,Kern,29,883053,2,0,0,0,0
2020-02-25,Kings,31,150075,1,0,1,1,0
2020-02-25,Lake,33,64148,0,0,0,0,0
2020-02-25,Lassen,35,31185,0,0,0,0,0
2020-02-25,Los Angeles,37,10098052,84,1,12,13,0
2020-02-25,Madera,39,155013,2,0,0,0,0
2020-02-25,Marin,41,260295,1,0,0,0,0
2020-02-25,Mariposa,43,17540,0,0,0,0,0
2020-02-25,Mendocino,45,87422,0,0,0,0,0
2020-02-25,Merced,47,269075,0,0,0,0,0
2020-02-25,Modoc,49,8938,0,0,0,0,0
2020-02-25,Mono,51,14174,0,0,0,0,0
2020-02-25,Monterey,53,433212,0,0,0,0,0
2020-02-25,Napa,55,140530,0,0,0,0,0
2020-02-25,Nevada,57,99092,0,0,1,1,0
2020-02-25,Orange,59,3164182,49,1,0,1,0
2020-02-25,Placer,61,380077,5,0,0,0,0
2020-02-25,Plumas,63,18699,0,0,0,0,0
2020-02-25,Riverside,65,2383286,10,0,1,1,0
2020-02-25,Sacramento,67,1510023,8,1,0,1,0
2020-02-25,San Benito,69,59416,0,2,0,2,0
2020-02-25,San Bernardino,71,2135413,18,0,0,0,0
2020-02-25,San Diego,73,3302833,7,2,0,2,0
2020-02-25,San Francisco,75,870044,7,0,0,0,0
2020-02-25,San Joaquin,77,732212,5,0,2,2,0
2020-02-25,San Luis Obispo,79,281455,2,0,0,0,0
2020-02-25,San Mateo,81,765935,17,0,0,0,0
2020-02-25,Santa Barbara,83,443738,0,0,0,0,0
2020-02-25,Santa Clara,85,1922200,40,2,1,3,0
2020-02-25,Santa Cruz,87,273765,5,0,0,0,0
2020-02-25,Shasta,89,179085,0,0,0,0,0
2020-02-25,Sierra,91,2930,0,0,0,0,0
2020-02-25,Siskiyou,93,43540,0,0,0,0,0
2020-02-25,Solano,95,438530,16,21,0,21,0
2020-02-25,Sonoma,97,501317,5,0,0,0,0
2020-02-25,Stanislaus,99,539301,2,0,2,2,0
2020-02-25,Sutter,101,95872,0,0,0,0,0
2020-02-25,Tehama,103,63373,0,0,0,0,0
2020-02-25,Trinity,105,12862,0,0,0,0,0
2020-02-25,Tulare,107,460477,2,0,0,0,0
2020-02-25,Tuolumne,109,53932,0,0,0,0,0
2020-02-25,Ventura,111,848112,4,0,0,0,0
2020-02-25,Yolo,113,214977,2,0,0,0,0
2020-02-25,Yuba,115,75493,0,0,0,0,0
2020-02-24,Alameda,1,1643700,13,0,0,0,0
2020-02-24,Alpine,3,1148,0,0,0,0,0
2020-02-24,Amador,5,37829,0,0,0,0,0
2020-02-24,Butte,7,227075,0,0,0,0,0
2020-02-24,Calaveras,9,45235,0,0,0,0,0
2020-02-24,Colusa,11,21464,0,0,0,0,0
2020-02-24,Contra Costa,13,1133247,9,0,0,0,0
2020-02-24,Del Norte,15,27424,0,0,0,0,0
2020-02-24,El Dorado,17,186661,0,0,0,0,0
2020-02-24,Fresno,19,978130,0,0,0,0,0
2020-02-24,Glenn,21,27897,0,0,0,0,0
2020-02-24,Humboldt,23,135768,1,1,0,1,0
2020-02-24,Imperial,25,180216,3,0,0,0,0
2020-02-24,Inyo,27,18085,0,0,0,0,0
2020-02-24,Kern,29,883053,2,0,0,0,0
2020-02-24,Kings,31,150075,1,0,1,1,0
2020-02-24,Lake,33,64148,0,0,0,0,0
2020-02-24,Lassen,35,31185,0,0,0,0,0
2020-02-24,Los Angeles,37,10098052,78,1,12,13,0
2020-02-24,Madera,39,155013,1,0,0,0,0
2020-02-24,Marin,41,260295,1,0,0,0,0
2020-02-24,Mariposa,43,17540,0,0,0,0,0
2020-02-24,Mendocino,45,87422,0,0,0,0,0
2020-02-24,Merced,47,269075,0,0,0,0,0
2020-02-24,Modoc,49,8938,0,0,0,0,0
2020-02-24,Mono,51,14174,0,0,0,0,0
2020-02-24,Monterey,53,433212,0,0,0,0,0
2020-02-24,Napa,55,140530,0,0,0,0,0
2020-02-24,Nevada,57,99092,0,0,1,1,0
2020-02-24,Orange,59,3164182,47,1,0,1,0
2020-02-24,Placer,61,380077,3,0,0,0,0
2020-02-24,Plumas,63,18699,0,0,0,0,0
2020-02-24,Riverside,65,2383286,9,0,1,1,0
2020-02-24,Sacramento,67,1510023,7,1,0,1,0
2020-02-24,San Benito,69,59416,0,2,0,2,0
2020-02-24,San Bernardino,71,2135413,18,0,0,0,0
2020-02-24,San Diego,73,3302833,7,2,0,2,0
2020-02-24,San Francisco,75,870044,6,0,0,0,0
2020-02-24,San Joaquin,77,732212,5,0,1,1,0
2020-02-24,San Luis Obispo,79,281455,2,0,0,0,0
2020-02-24,San Mateo,81,765935,13,0,0,0,0
2020-02-24,Santa Barbara,83,443738,0,0,0,0,0
2020-02-24,Santa Clara,85,1922200,38,2,1,3,0
2020-02-24,Santa Cruz,87,273765,5,0,0,0,0
2020-02-24,Shasta,89,179085,0,0,0,0,0
2020-02-24,Sierra,91,2930,0,0,0,0,0
2020-02-24,Siskiyou,93,43540,0,0,0,0,0
2020-02-24,Solano,95,438530,13,15,0,15,0
2020-02-24,Sonoma,97,501317,5,0,0,0,0
2020-02-24,Stanislaus,99,539301,2,0,2,2,0
2020-02-24,Sutter,101,95872,0,0,0,0,0
2020-02-24,Tehama,103,63373,0,0,0,0,0
2020-02-24,Trinity,105,12862,0,0,0,0,0
2020-02-24,Tulare,107,460477,2,0,0,0,0
2020-02-24,Tuolumne,109,53932,0,0,0,0,0
2020-02-24,Ventura,111,848112,4,0,0,0,0
2020-02-24,Yolo,113,214977,2,0,0,0,0
2020-02-24,Yuba,115,75493,0,0,0,0,0
2020-02-23,Alameda,1,1643700,11,0,0,0,0
2020-02-23,Alpine,3,1148,0,0,0,0,0
2020-02-23,Amador,5,37829,0,0,0,0,0
2020-02-23,Butte,7,227075,0,0,0,0,0
2020-02-23,Calaveras,9,45235,0,0,0,0,0
2020-02-23,Colusa,11,21464,0,0,0,0,0
2020-02-23,Contra Costa,13,1133247,6,0,0,0,0
2020-02-23,Del Norte,15,27424,0,0,0,0,0
2020-02-23,El Dorado,17,186661,0,0,0,0,0
2020-02-23,Fresno,19,978130,0,0,0,0,0
2020-02-23,Glenn,21,27897,0,0,0,0,0
2020-02-23,Humboldt,23,135768,1,1,0,1,0
2020-02-23,Imperial,25,180216,3,0,0,0,0
2020-02-23,Inyo,27,18085,0,0,0,0,0
2020-02-23,Kern,29,883053,2,0,0,0,0
2020-02-23,Kings,31,150075,1,0,1,1,0
2020-02-23,Lake,33,64148,0,0,0,0,0
2020-02-23,Lassen,35,31185,0,0,0,0,0
2020-02-23,Los Angeles,37,10098052,69,1,12,13,0
2020-02-23,Madera,39,155013,1,0,0,0,0
2020-02-23,Marin,41,260295,1,0,0,0,0
2020-02-23,Mariposa,43,17540,0,0,0,0,0
2020-02-23,Mendocino,45,87422,0,0,0,0,0
2020-02-23,Merced,47,269075,0,0,0,0,0
2020-02-23,Modoc,49,8938,0,0,0,0,0
2020-02-23,Mono,51,14174,0,0,0,0,0
2020-02-23,Monterey,53,433212,0,0,0,0,0
2020-02-23,Napa,55,140530,0,0,0,0,0
2020-02-23,Nevada,57,99092,0,0,1,1,0
2020-02-23,Orange,59,3164182,47,1,0,1,0
2020-02-23,Placer,61,380077,3,0,0,0,0
2020-02-23,Plumas,63,18699,0,0,0,0,0
2020-02-23,Riverside,65,2383286,9,0,0,0,0
2020-02-23,Sacramento,67,1510023,6,1,0,1,0
2020-02-23,San Benito,69,59416,0,2,0,2,0
2020-02-23,San Bernardino,71,2135413,17,0,0,0,0
2020-02-23,San Diego,73,3302833,6,2,0,2,0
2020-02-23,San Francisco,75,870044,5,0,0,0,0
2020-02-23,San Joaquin,77,732212,4,0,1,1,0
2020-02-23,San Luis Obispo,79,281455,2,0,0,0,0
2020-02-23,San Mateo,81,765935,10,0,0,0,0
2020-02-23,Santa Barbara,83,443738,0,0,0,0,0
2020-02-23,Santa Clara,85,1922200,26,2,1,3,0
2020-02-23,Santa Cruz,87,273765,2,0,0,0,0
2020-02-23,Shasta,89,179085,0,0,0,0,0
2020-02-23,Sierra,91,2930,0,0,0,0,0
2020-02-23,Siskiyou,93,43540,0,0,0,0,0
2020-02-23,Solano,95,438530,11,15,0,15,0
2020-02-23,Sonoma,97,501317,5,0,0,0,0
2020-02-23,Stanislaus,99,539301,2,0,2,2,0
2020-02-23,Sutter,101,95872,0,0,0,0,0
2020-02-23,Tehama,103,63373,0,0,0,0,0
2020-02-23,Trinity,105,12862,0,0,0,0,0
2020-02-23,Tulare,107,460477,2,0,0,0,0
2020-02-23,Tuolumne,109,53932,0,0,0,0,0
2020-02-23,Ventura,111,848112,4,0,0,0,0
2020-02-23,Yolo,113,214977,2,0,0,0,0
2020-02-23,Yuba,115,75493,0,0,0,0,0
2020-02-22,Alameda,1,1643700,10,0,0,0,0
2020-02-22,Alpine,3,1148,0,0,0,0,0
2020-02-22,Amador,5,37829,0,0,0,0,0
2020-02-22,Butte,7,227075,0,0,0,0,0
2020-02-22,Calaveras,9,45235,0,0,0,0,0
2020-02-22,Colusa,11,21464,0,0,0,0,0
2020-02-22,Contra Costa,13,1133247,5,0,0,0,0
2020-02-22,Del Norte,15,27424,0,0,0,0,0
2020-02-22,El Dorado,17,186661,0,0,0,0,0
2020-02-22,Fresno,19,978130,0,0,0,0,0
2020-02-22,Glenn,21,27897,0,0,0,0,0
2020-02-22,Humboldt,23,135768,1,1,0,1,0
2020-02-22,Imperial,25,180216,2,0,0,0,0
2020-02-22,Inyo,27,18085,0,0,0,0,0
2020-02-22,Kern,29,883053,2,0,0,0,0
2020-02-22,Kings,31,150075,1,0,1,1,0
2020-02-22,Lake,33,64148,0,0,0,0,0
2020-02-22,Lassen,35,31185,0,0,0,0,0
2020-02-22,Los Angeles,37,10098052,67,1,12,13,0
2020-02-22,Madera,39,155013,0,0,0,0,0
2020-02-22,Marin,41,260295,1,0,0,0,0
2020-02-22,Mariposa,43,17540,0,0,0,0,0
2020-02-22,Mendocino,45,87422,0,0,0,0,0
2020-02-22,Merced,47,269075,0,0,0,0,0
2020-02-22,Modoc,49,8938,0,0,0,0,0
2020-02-22,Mono,51,14174,0,0,0,0,0
2020-02-22,Monterey,53,433212,0,0,0,0,0
2020-02-22,Napa,55,140530,0,0,0,0,0
2020-02-22,Nevada,57,99092,0,0,1,1,0
2020-02-22,Orange,59,3164182,46,1,0,1,0
2020-02-22,Placer,61,380077,3,0,0,0,0
2020-02-22,Plumas,63,18699,0,0,0,0,0
2020-02-22,Riverside,65,2383286,9,0,0,0,0
2020-02-22,Sacramento,67,1510023,6,1,0,1,0
2020-02-22,San Benito,69,59416,0,2,0,2,0
2020-02-22,San Bernardino,71,2135413,15,0,0,0,0
2020-02-22,San Diego,73,3302833,5,2,0,2,0
2020-02-22,San Francisco,75,870044,3,0,0,0,0
2020-02-22,San Joaquin,77,732212,4,0,1,1,0
2020-02-22,San Luis Obispo,79,281455,2,0,0,0,0
2020-02-22,San Mateo,81,765935,8,0,0,0,0
2020-02-22,Santa Barbara,83,443738,0,0,0,0,0
2020-02-22,Santa Clara,85,1922200,23,2,1,3,0
2020-02-22,Santa Cruz,87,273765,2,0,0,0,0
2020-02-22,Shasta,89,179085,0,0,0,0,0
2020-02-22,Sierra,91,2930,0,0,0,0,0
2020-02-22,Siskiyou,93,43540,0,0,0,0,0
2020-02-22,Solano,95,438530,11,11,0,11,0
2020-02-22,Sonoma,97,501317,4,0,0,0,0
2020-02-22,Stanislaus,99,539301,2,0,2,2,0
2020-02-22,Sutter,101,95872,0,0,0,0,0
2020-02-22,Tehama,103,63373,0,0,0,0,0
2020-02-22,Trinity,105,12862,0,0,0,0,0
2020-02-22,Tulare,107,460477,2,0,0,0,0
2020-02-22,Tuolumne,109,53932,0,0,0,0,0
2020-02-22,Ventura,111,848112,4,0,0,0,0
2020-02-22,Yolo,113,214977,1,0,0,0,0
2020-02-22,Yuba,115,75493,0,0,0,0,0
2020-02-21,Alameda,1,1643700,9,0,0,0,0
2020-02-21,Alpine,3,1148,0,0,0,0,0
2020-02-21,Amador,5,37829,0,0,0,0,0
2020-02-21,Butte,7,227075,0,0,0,0,0
2020-02-21,Calaveras,9,45235,0,0,0,0,0
2020-02-21,Colusa,11,21464,0,0,0,0,0
2020-02-21,Contra Costa,13,1133247,4,0,0,0,0
2020-02-21,Del Norte,15,27424,0,0,0,0,0
2020-02-21,El Dorado,17,186661,0,0,0,0,0
2020-02-21,Fresno,19,978130,0,0,0,0,0
2020-02-21,Glenn,21,27897,0,0,0,0,0
2020-02-21,Humboldt,23,135768,1,1,0,1,0
2020-02-21,Imperial,25,180216,2,0,0,0,0
2020-02-21,Inyo,27,18085,0,0,0,0,0
2020-02-21,Kern,29,883053,2,0,0,0,0
2020-02-21,Kings,31,150075,1,0,1,1,0
2020-02-21,Lake,33,64148,0,0,0,0,0
2020-02-21,Lassen,35,31185,0,0,0,0,0
2020-02-21,Los Angeles,37,10098052,65,1,12,13,0
2020-02-21,Madera,39,155013,0,0,0,0,0
2020-02-21,Marin,41,260295,1,0,0,0,0
2020-02-21,Mariposa,43,17540,0,0,0,0,0
2020-02-21,Mendocino,45,87422,0,0,0,0,0
2020-02-21,Merced,47,269075,0,0,0,0,0
2020-02-21,Modoc,49,8938,0,0,0,0,0
2020-02-21,Mono,51,14174,0,0,0,0,0
2020-02-21,Monterey,53,433212,0,0,0,0,0
2020-02-21,Napa,55,140530,0,0,0,0,0
2020-02-21,Nevada,57,99092,0,0,1,1,0
2020-02-21,Orange,59,3164182,44,1,0,1,0
2020-02-21,Placer,61,380077,2,0,0,0,0
2020-02-21,Plumas,63,18699,0,0,0,0,0
2020-02-21,Riverside,65,2383286,9,0,0,0,0
2020-02-21,Sacramento,67,1510023,5,1,0,1,0
2020-02-21,San Benito,69,59416,0,2,0,2,0
2020-02-21,San Bernardino,71,2135413,14,0,0,0,0
2020-02-21,San Diego,73,3302833,5,2,0,2,0
2020-02-21,San Francisco,75,870044,3,0,0,0,0
2020-02-21,San Joaquin,77,732212,2,0,1,1,0
2020-02-21,San Luis Obispo,79,281455,2,0,0,0,0
2020-02-21,San Mateo,81,765935,8,0,0,0,0
2020-02-21,Santa Barbara,83,443738,0,0,0,0,0
2020-02-21,Santa Clara,85,1922200,21,2,1,3,0
2020-02-21,Santa Cruz,87,273765,2,0,0,0,0
2020-02-21,Shasta,89,179085,0,0,0,0,0
2020-02-21,Sierra,91,2930,0,0,0,0,0
2020-02-21,Siskiyou,93,43540,0,0,0,0,0
2020-02-21,Solano,95,438530,10,11,0,11,0
2020-02-21,Sonoma,97,501317,3,0,0,0,0
2020-02-21,Stanislaus,99,539301,2,0,2,2,0
2020-02-21,Sutter,101,95872,0,0,0,0,0
2020-02-21,Tehama,103,63373,0,0,0,0,0
2020-02-21,Trinity,105,12862,0,0,0,0,0
2020-02-21,Tulare,107,460477,2,0,0,0,0
2020-02-21,Tuolumne,109,53932,0,0,0,0,0
2020-02-21,Ventura,111,848112,4,0,0,0,0
2020-02-21,Yolo,113,214977,1,0,0,0,0
2020-02-21,Yuba,115,75493,0,0,0,0,0
2020-02-20,Alameda,1,1643700,7,0,0,0,0
2020-02-20,Alpine,3,1148,0,0,0,0,0
2020-02-20,Amador,5,37829,0,0,0,0,0
2020-02-20,Butte,7,227075,0,0,0,0,0
2020-02-20,Calaveras,9,45235,0,0,0,0,0
2020-02-20,Colusa,11,21464,0,0,0,0,0
2020-02-20,Contra Costa,13,1133247,3,0,0,0,0
2020-02-20,Del Norte,15,27424,0,0,0,0,0
2020-02-20,El Dorado,17,186661,0,0,0,0,0
2020-02-20,Fresno,19,978130,0,0,0,0,0
2020-02-20,Glenn,21,27897,0,0,0,0,0
2020-02-20,Humboldt,23,135768,1,1,0,1,0
2020-02-20,Imperial,25,180216,2,0,0,0,0
2020-02-20,Inyo,27,18085,0,0,0,0,0
2020-02-20,Kern,29,883053,2,0,0,0,0
2020-02-20,Kings,31,150075,1,0,1,1,0
2020-02-20,Lake,33,64148,0,0,0,0,0
2020-02-20,Lassen,35,31185,0,0,0,0,0
2020-02-20,Los Angeles,37,10098052,63,1,10,11,0
2020-02-20,Madera,39,155013,0,0,0,0,0
2020-02-20,Marin,41,260295,0,0,0,0,0
2020-02-20,Mariposa,43,17540,0,0,0,0,0
2020-02-20,Mendocino,45,87422,0,0,0,0,0
2020-02-20,Merced,47,269075,0,0,0,0,0
2020-02-20,Modoc,49,8938,0,0,0,0,0
2020-02-20,Mono,51,14174,0,0,0,0,0
2020-02-20,Monterey,53,433212,0,0,0,0,0
2020-02-20,Napa,55,140530,0,0,0,0,0
2020-02-20,Nevada,57,99092,0,0,1,1,0
2020-02-20,Orange,59,3164182,44,1,0,1,0
2020-02-20,Placer,61,380077,2,0,0,0,0
2020-02-20,Plumas,63,18699,0,0,0,0,0
2020-02-20,Riverside,65,2383286,7,0,0,0,0
2020-02-20,Sacramento,67,1510023,2,1,0,1,0
2020-02-20,San Benito,69,59416,0,2,0,2,0
2020-02-20,San Bernardino,71,2135413,13,0,0,0,0
2020-02-20,San Diego,73,3302833,5,2,0,2,0
2020-02-20,San Francisco,75,870044,3,0,0,0,0
2020-02-20,San Joaquin,77,732212,2,0,1,1,0
2020-02-20,San Luis Obispo,79,281455,2,0,0,0,0
2020-02-20,San Mateo,81,765935,7,0,0,0,0
2020-02-20,Santa Barbara,83,443738,0,0,0,0,0
2020-02-20,Santa Clara,85,1922200,17,2,1,3,0
2020-02-20,Santa Cruz,87,273765,2,0,0,0,0
2020-02-20,Shasta,89,179085,0,0,0,0,0
2020-02-20,Sierra,91,2930,0,0,0,0,0
2020-02-20,Siskiyou,93,43540,0,0,0,0,0
2020-02-20,Solano,95,438530,8,7,0,7,0
2020-02-20,Sonoma,97,501317,2,0,0,0,0
2020-02-20,Stanislaus,99,539301,2,0,2,2,0
2020-02-20,Sutter,101,95872,0,0,0,0,0
2020-02-20,Tehama,103,63373,0,0,0,0,0
2020-02-20,Trinity,105,12862,0,0,0,0,0
2020-02-20,Tulare,107,460477,2,0,0,0,0
2020-02-20,Tuolumne,109,53932,0,0,0,0,0
2020-02-20,Ventura,111,848112,4,0,0,0,0
2020-02-20,Yolo,113,214977,1,0,0,0,0
2020-02-20,Yuba,115,75493,0,0,0,0,0
2020-02-19,Alameda,1,1643700,6,0,0,0,0
2020-02-19,Alpine,3,1148,0,0,0,0,0
2020-02-19,Amador,5,37829,0,0,0,0,0
2020-02-19,Butte,7,227075,0,0,0,0,0
2020-02-19,Calaveras,9,45235,0,0,0,0,0
2020-02-19,Colusa,11,21464,0,0,0,0,0
2020-02-19,Contra Costa,13,1133247,3,0,0,0,0
2020-02-19,Del Norte,15,27424,0,0,0,0,0
2020-02-19,El Dorado,17,186661,0,0,0,0,0
2020-02-19,Fresno,19,978130,0,0,0,0,0
2020-02-19,Glenn,21,27897,0,0,0,0,0
2020-02-19,Humboldt,23,135768,1,0,0,0,0
2020-02-19,Imperial,25,180216,2,0,0,0,0
2020-02-19,Inyo,27,18085,0,0,0,0,0
2020-02-19,Kern,29,883053,2,0,0,0,0
2020-02-19,Kings,31,150075,1,0,1,1,0
2020-02-19,Lake,33,64148,0,0,0,0,0
2020-02-19,Lassen,35,31185,0,0,0,0,0
2020-02-19,Los Angeles,37,10098052,57,1,10,11,0
2020-02-19,Madera,39,155013,0,0,0,0,0
2020-02-19,Marin,41,260295,0,0,0,0,0
2020-02-19,Mariposa,43,17540,0,0,0,0,0
2020-02-19,Mendocino,45,87422,0,0,0,0,0
2020-02-19,Merced,47,269075,0,0,0,0,0
2020-02-19,Modoc,49,8938,0,0,0,0,0
2020-02-19,Mono,51,14174,0,0,0,0,0
2020-02-19,Monterey,53,433212,0,0,0,0,0
2020-02-19,Napa,55,140530,0,0,0,0,0
2020-02-19,Nevada,57,99092,0,0,1,1,0
2020-02-19,Orange,59,3164182,43,1,0,1,0
2020-02-19,Placer,61,380077,2,0,0,0,0
2020-02-19,Plumas,63,18699,0,0,0,0,0
2020-02-19,Riverside,65,2383286,5,0,0,0,0
2020-02-19,Sacramento,67,1510023,2,0,0,0,0
2020-02-19,San Benito,69,59416,0,2,0,2,0
2020-02-19,San Bernardino,71,2135413,12,0,0,0,0
2020-02-19,San Diego,73,3302833,4,2,0,2,0
2020-02-19,San Francisco,75,870044,2,0,0,0,0
2020-02-19,San Joaquin,77,732212,2,0,1,1,0
2020-02-19,San Luis Obispo,79,281455,2,0,0,0,0
2020-02-19,San Mateo,81,765935,6,0,0,0,0
2020-02-19,Santa Barbara,83,443738,0,0,0,0,0
2020-02-19,Santa Clara,85,1922200,15,2,1,3,0
2020-02-19,Santa Cruz,87,273765,0,0,0,0,0
2020-02-19,Shasta,89,179085,0,0,0,0,0
2020-02-19,Sierra,91,2930,0,0,0,0,0
2020-02-19,Siskiyou,93,43540,0,0,0,0,0
2020-02-19,Solano,95,438530,5,7,0,7,0
2020-02-19,Sonoma,97,501317,2,0,0,0,0
2020-02-19,Stanislaus,99,539301,1,0,2,2,0
2020-02-19,Sutter,101,95872,0,0,0,0,0
2020-02-19,Tehama,103,63373,0,0,0,0,0
2020-02-19,Trinity,105,12862,0,0,0,0,0
2020-02-19,Tulare,107,460477,2,0,0,0,0
2020-02-19,Tuolumne,109,53932,0,0,0,0,0
2020-02-19,Ventura,111,848112,2,0,0,0,0
2020-02-19,Yolo,113,214977,1,0,0,0,0
2020-02-19,Yuba,115,75493,0,0,0,0,0
2020-02-18,Alameda,1,1643700,6,0,0,0,0
2020-02-18,Alpine,3,1148,0,0,0,0,0
2020-02-18,Amador,5,37829,0,0,0,0,0
2020-02-18,Butte,7,227075,0,0,0,0,0
2020-02-18,Calaveras,9,45235,0,0,0,0,0
2020-02-18,Colusa,11,21464,0,0,0,0,0
2020-02-18,Contra Costa,13,1133247,3,0,0,0,0
2020-02-18,Del Norte,15,27424,0,0,0,0,0
2020-02-18,El Dorado,17,186661,0,0,0,0,0
2020-02-18,Fresno,19,978130,0,0,0,0,0
2020-02-18,Glenn,21,27897,0,0,0,0,0
2020-02-18,Humboldt,23,135768,1,0,0,0,0
2020-02-18,Imperial,25,180216,1,0,0,0,0
2020-02-18,Inyo,27,18085,0,0,0,0,0
2020-02-18,Kern,29,883053,2,0,0,0,0
2020-02-18,Kings,31,150075,1,0,1,1,0
2020-02-18,Lake,33,64148,0,0,0,0,0
2020-02-18,Lassen,35,31185,0,0,0,0,0
2020-02-18,Los Angeles,37,10098052,54,1,9,10,0
2020-02-18,Madera,39,155013,0,0,0,0,0
2020-02-18,Marin,41,260295,0,0,0,0,0
2020-02-18,Mariposa,43,17540,0,0,0,0,0
2020-02-18,Mendocino,45,87422,0,0,0,0,0
2020-02-18,Merced,47,269075,0,0,0,0,0
2020-02-18,Modoc,49,8938,0,0,0,0,0
2020-02-18,Mono,51,14174,0,0,0,0,0
2020-02-18,Monterey,53,433212,0,0,0,0,0
2020-02-18,Napa,55,140530,0,0,0,0,0
2020-02-18,Nevada,57,99092,0,0,1,1,0
2020-02-18,Orange,59,3164182,42,1,0,1,0
2020-02-18,Placer,61,380077,0,0,0,0,0
2020-02-18,Plumas,63,18699,0,0,0,0,0
2020-02-18,Riverside,65,2383286,5,0,0,0,0
2020-02-18,Sacramento,67,1510023,2,0,0,0,0
2020-02-18,San Benito,69,59416,0,2,0,2,0
2020-02-18,San Bernardino,71,2135413,12,0,0,0,0
2020-02-18,San Diego,73,3302833,4,2,0,2,0
2020-02-18,San Francisco,75,870044,2,0,0,0,0
2020-02-18,San Joaquin,77,732212,1,0,1,1,0
2020-02-18,San Luis Obispo,79,281455,2,0,0,0,0
2020-02-18,San Mateo,81,765935,5,0,0,0,0
2020-02-18,Santa Barbara,83,443738,0,0,0,0,0
2020-02-18,Santa Clara,85,1922200,14,2,1,3,0
2020-02-18,Santa Cruz,87,273765,0,0,0,0,0
2020-02-18,Shasta,89,179085,0,0,0,0,0
2020-02-18,Sierra,91,2930,0,0,0,0,0
2020-02-18,Siskiyou,93,43540,0,0,0,0,0
2020-02-18,Solano,95,438530,5,7,0,7,0
2020-02-18,Sonoma,97,501317,1,0,0,0,0
2020-02-18,Stanislaus,99,539301,1,0,2,2,0
2020-02-18,Sutter,101,95872,0,0,0,0,0
2020-02-18,Tehama,103,63373,0,0,0,0,0
2020-02-18,Trinity,105,12862,0,0,0,0,0
2020-02-18,Tulare,107,460477,2,0,0,0,0
2020-02-18,Tuolumne,109,53932,0,0,0,0,0
2020-02-18,Ventura,111,848112,2,0,0,0,0
2020-02-18,Yolo,113,214977,1,0,0,0,0
2020-02-18,Yuba,115,75493,0,0,0,0,0
2020-02-17,Alameda,1,1643700,6,0,0,0,0
2020-02-17,Alpine,3,1148,0,0,0,0,0
2020-02-17,Amador,5,37829,0,0,0,0,0
2020-02-17,Butte,7,227075,0,0,0,0,0
2020-02-17,Calaveras,9,45235,0,0,0,0,0
2020-02-17,Colusa,11,21464,0,0,0,0,0
2020-02-17,Contra Costa,13,1133247,3,0,0,0,0
2020-02-17,Del Norte,15,27424,0,0,0,0,0
2020-02-17,El Dorado,17,186661,0,0,0,0,0
2020-02-17,Fresno,19,978130,0,0,0,0,0
2020-02-17,Glenn,21,27897,0,0,0,0,0
2020-02-17,Humboldt,23,135768,1,0,0,0,0
2020-02-17,Imperial,25,180216,1,0,0,0,0
2020-02-17,Inyo,27,18085,0,0,0,0,0
2020-02-17,Kern,29,883053,2,0,0,0,0
2020-02-17,Kings,31,150075,1,0,0,0,0
2020-02-17,Lake,33,64148,0,0,0,0,0
2020-02-17,Lassen,35,31185,0,0,0,0,0
2020-02-17,Los Angeles,37,10098052,51,1,8,9,0
2020-02-17,Madera,39,155013,0,0,0,0,0
2020-02-17,Marin,41,260295,0,0,0,0,0
2020-02-17,Mariposa,43,17540,0,0,0,0,0
2020-02-17,Mendocino,45,87422,0,0,0,0,0
2020-02-17,Merced,47,269075,0,0,0,0,0
2020-02-17,Modoc,49,8938,0,0,0,0,0
2020-02-17,Mono,51,14174,0,0,0,0,0
2020-02-17,Monterey,53,433212,0,0,0,0,0
2020-02-17,Napa,55,140530,0,0,0,0,0
2020-02-17,Nevada,57,99092,0,0,1,1,0
2020-02-17,Orange,59,3164182,42,1,0,1,0
2020-02-17,Placer,61,380077,0,0,0,0,0
2020-02-17,Plumas,63,18699,0,0,0,0,0
2020-02-17,Riverside,65,2383286,5,0,0,0,0
2020-02-17,Sacramento,67,1510023,2,0,0,0,0
2020-02-17,San Benito,69,59416,0,2,0,2,0
2020-02-17,San Bernardino,71,2135413,10,0,0,0,0
2020-02-17,San Diego,73,3302833,4,2,0,2,0
2020-02-17,San Francisco,75,870044,2,0,0,0,0
2020-02-17,San Joaquin,77,732212,1,0,1,1,0
2020-02-17,San Luis Obispo,79,281455,1,0,0,0,0
2020-02-17,San Mateo,81,765935,5,0,0,0,0
2020-02-17,Santa Barbara,83,443738,0,0,0,0,0
2020-02-17,Santa Clara,85,1922200,12,2,1,3,0
2020-02-17,Santa Cruz,87,273765,0,0,0,0,0
2020-02-17,Shasta,89,179085,0,0,0,0,0
2020-02-17,Sierra,91,2930,0,0,0,0,0
2020-02-17,Siskiyou,93,43540,0,0,0,0,0
2020-02-17,Solano,95,438530,3,5,0,5,0
2020-02-17,Sonoma,97,501317,1,0,0,0,0
2020-02-17,Stanislaus,99,539301,1,0,2,2,0
2020-02-17,Sutter,101,95872,0,0,0,0,0
2020-02-17,Tehama,103,63373,0,0,0,0,0
2020-02-17,Trinity,105,12862,0,0,0,0,0
2020-02-17,Tulare,107,460477,2,0,0,0,0
2020-02-17,Tuolumne,109,53932,0,0,0,0,0
2020-02-17,Ventura,111,848112,2,0,0,0,0
2020-02-17,Yolo,113,214977,1,0,0,0,0
2020-02-17,Yuba,115,75493,0,0,0,0,0
2020-02-16,Alameda,1,1643700,5,0,0,0,0
2020-02-16,Alpine,3,1148,0,0,0,0,0
2020-02-16,Amador,5,37829,0,0,0,0,0
2020-02-16,Butte,7,227075,0,0,0,0,0
2020-02-16,Calaveras,9,45235,0,0,0,0,0
2020-02-16,Colusa,11,21464,0,0,0,0,0
2020-02-16,Contra Costa,13,1133247,3,0,0,0,0
2020-02-16,Del Norte,15,27424,0,0,0,0,0
2020-02-16,El Dorado,17,186661,0,0,0,0,0
2020-02-16,Fresno,19,978130,0,0,0,0,0
2020-02-16,Glenn,21,27897,0,0,0,0,0
2020-02-16,Humboldt,23,135768,1,0,0,0,0
2020-02-16,Imperial,25,180216,1,0,0,0,0
2020-02-16,Inyo,27,18085,0,0,0,0,0
2020-02-16,Kern,29,883053,2,0,0,0,0
2020-02-16,Kings,31,150075,1,0,0,0,0
2020-02-16,Lake,33,64148,0,0,0,0,0
2020-02-16,Lassen,35,31185,0,0,0,0,0
2020-02-16,Los Angeles,37,10098052,44,1,8,9,0
2020-02-16,Madera,39,155013,0,0,0,0,0
2020-02-16,Marin,41,260295,0,0,0,0,0
2020-02-16,Mariposa,43,17540,0,0,0,0,0
2020-02-16,Mendocino,45,87422,0,0,0,0,0
2020-02-16,Merced,47,269075,0,0,0,0,0
2020-02-16,Modoc,49,8938,0,0,0,0,0
2020-02-16,Mono,51,14174,0,0,0,0,0
2020-02-16,Monterey,53,433212,0,0,0,0,0
2020-02-16,Napa,55,140530,0,0,0,0,0
2020-02-16,Nevada,57,99092,0,0,0,0,0
2020-02-16,Orange,59,3164182,41,1,0,1,0
2020-02-16,Placer,61,380077,0,0,0,0,0
2020-02-16,Plumas,63,18699,0,0,0,0,0
2020-02-16,Riverside,65,2383286,5,0,0,0,0
2020-02-16,Sacramento,67,1510023,2,0,0,0,0
2020-02-16,San Benito,69,59416,0,2,0,2,0
2020-02-16,San Bernardino,71,2135413,9,0,0,0,0
2020-02-16,San Diego,73,3302833,4,2,0,2,0
2020-02-16,San Francisco,75,870044,2,0,0,0,0
2020-02-16,San Joaquin,77,732212,1,0,1,1,0
2020-02-16,San Luis Obispo,79,281455,1,0,0,0,0
2020-02-16,San Mateo,81,765935,4,0,0,0,0
2020-02-16,Santa Barbara,83,443738,0,0,0,0,0
2020-02-16,Santa Clara,85,1922200,10,2,1,3,0
2020-02-16,Santa Cruz,87,273765,0,0,0,0,0
2020-02-16,Shasta,89,179085,0,0,0,0,0
2020-02-16,Sierra,91,2930,0,0,0,0,0
2020-02-16,Siskiyou,93,43540,0,0,0,0,0
2020-02-16,Solano,95,438530,1,0,0,0,0
2020-02-16,Sonoma,97,501317,1,0,0,0,0
2020-02-16,Stanislaus,99,539301,1,0,2,2,0
2020-02-16,Sutter,101,95872,0,0,0,0,0
2020-02-16,Tehama,103,63373,0,0,0,0,0
2020-02-16,Trinity,105,12862,0,0,0,0,0
2020-02-16,Tulare,107,460477,2,0,0,0,0
2020-02-16,Tuolumne,109,53932,0,0,0,0,0
2020-02-16,Ventura,111,848112,2,0,0,0,0
2020-02-16,Yolo,113,214977,1,0,0,0,0
2020-02-16,Yuba,115,75493,0,0,0,0,0
2020-02-15,Alameda,1,1643700,5,0,0,0,0
2020-02-15,Alpine,3,1148,0,0,0,0,0
2020-02-15,Amador,5,37829,0,0,0,0,0
2020-02-15,Butte,7,227075,0,0,0,0,0
2020-02-15,Calaveras,9,45235,0,0,0,0,0
2020-02-15,Colusa,11,21464,0,0,0,0,0
2020-02-15,Contra Costa,13,1133247,3,0,0,0,0
2020-02-15,Del Norte,15,27424,0,0,0,0,0
2020-02-15,El Dorado,17,186661,0,0,0,0,0
2020-02-15,Fresno,19,978130,0,0,0,0,0
2020-02-15,Glenn,21,27897,0,0,0,0,0
2020-02-15,Humboldt,23,135768,1,0,0,0,0
2020-02-15,Imperial,25,180216,1,0,0,0,0
2020-02-15,Inyo,27,18085,0,0,0,0,0
2020-02-15,Kern,29,883053,2,0,0,0,0
2020-02-15,Kings,31,150075,1,0,0,0,0
2020-02-15,Lake,33,64148,0,0,0,0,0
2020-02-15,Lassen,35,31185,0,0,0,0,0
2020-02-15,Los Angeles,37,10098052,41,1,8,9,0
2020-02-15,Madera,39,155013,0,0,0,0,0
2020-02-15,Marin,41,260295,0,0,0,0,0
2020-02-15,Mariposa,43,17540,0,0,0,0,0
2020-02-15,Mendocino,45,87422,0,0,0,0,0
2020-02-15,Merced,47,269075,0,0,0,0,0
2020-02-15,Modoc,49,8938,0,0,0,0,0
2020-02-15,Mono,51,14174,0,0,0,0,0
2020-02-15,Monterey,53,433212,0,0,0,0,0
2020-02-15,Napa,55,140530,0,0,0,0,0
2020-02-15,Nevada,57,99092,0,0,0,0,0
2020-02-15,Orange,59,3164182,40,1,0,1,0
2020-02-15,Placer,61,380077,0,0,0,0,0
2020-02-15,Plumas,63,18699,0,0,0,0,0
2020-02-15,Riverside,65,2383286,4,0,0,0,0
2020-02-15,Sacramento,67,1510023,2,0,0,0,0
2020-02-15,San Benito,69,59416,0,2,0,2,0
2020-02-15,San Bernardino,71,2135413,8,0,0,0,0
2020-02-15,San Diego,73,3302833,4,2,0,2,0
2020-02-15,San Francisco,75,870044,2,0,0,0,0
2020-02-15,San Joaquin,77,732212,1,0,1,1,0
2020-02-15,San Luis Obispo,79,281455,1,0,0,0,0
2020-02-15,San Mateo,81,765935,4,0,0,0,0
2020-02-15,Santa Barbara,83,443738,0,0,0,0,0
2020-02-15,Santa Clara,85,1922200,10,2,1,3,0
2020-02-15,Santa Cruz,87,273765,0,0,0,0,0
2020-02-15,Shasta,89,179085,0,0,0,0,0
2020-02-15,Sierra,91,2930,0,0,0,0,0
2020-02-15,Siskiyou,93,43540,0,0,0,0,0
2020-02-15,Solano,95,438530,1,0,0,0,0
2020-02-15,Sonoma,97,501317,0,0,0,0,0
2020-02-15,Stanislaus,99,539301,1,0,2,2,0
2020-02-15,Sutter,101,95872,0,0,0,0,0
2020-02-15,Tehama,103,63373,0,0,0,0,0
2020-02-15,Trinity,105,12862,0,0,0,0,0
2020-02-15,Tulare,107,460477,2,0,0,0,0
2020-02-15,Tuolumne,109,53932,0,0,0,0,0
2020-02-15,Ventura,111,848112,2,0,0,0,0
2020-02-15,Yolo,113,214977,1,0,0,0,0
2020-02-15,Yuba,115,75493,0,0,0,0,0
2020-02-14,Alameda,1,1643700,4,0,0,0,0
2020-02-14,Alpine,3,1148,0,0,0,0,0
2020-02-14,Amador,5,37829,0,0,0,0,0
2020-02-14,Butte,7,227075,0,0,0,0,0
2020-02-14,Calaveras,9,45235,0,0,0,0,0
2020-02-14,Colusa,11,21464,0,0,0,0,0
2020-02-14,Contra Costa,13,1133247,3,0,0,0,0
2020-02-14,Del Norte,15,27424,0,0,0,0,0
2020-02-14,El Dorado,17,186661,0,0,0,0,0
2020-02-14,Fresno,19,978130,0,0,0,0,0
2020-02-14,Glenn,21,27897,0,0,0,0,0
2020-02-14,Humboldt,23,135768,1,0,0,0,0
2020-02-14,Imperial,25,180216,1,0,0,0,0
2020-02-14,Inyo,27,18085,0,0,0,0,0
2020-02-14,Kern,29,883053,2,0,0,0,0
2020-02-14,Kings,31,150075,1,0,0,0,0
2020-02-14,Lake,33,64148,0,0,0,0,0
2020-02-14,Lassen,35,31185,0,0,0,0,0
2020-02-14,Los Angeles,37,10098052,36,1,8,9,0
2020-02-14,Madera,39,155013,0,0,0,0,0
2020-02-14,Marin,41,260295,0,0,0,0,0
2020-02-14,Mariposa,43,17540,0,0,0,0,0
2020-02-14,Mendocino,45,87422,0,0,0,0,0
2020-02-14,Merced,47,269075,0,0,0,0,0
2020-02-14,Modoc,49,8938,0,0,0,0,0
2020-02-14,Mono,51,14174,0,0,0,0,0
2020-02-14,Monterey,53,433212,0,0,0,0,0
2020-02-14,Napa,55,140530,0,0,0,0,0
2020-02-14,Nevada,57,99092,0,0,0,0,0
2020-02-14,Orange,59,3164182,40,1,0,1,0
2020-02-14,Placer,61,380077,0,0,0,0,0
2020-02-14,Plumas,63,18699,0,0,0,0,0
2020-02-14,Riverside,65,2383286,4,0,0,0,0
2020-02-14,Sacramento,67,1510023,1,0,0,0,0
2020-02-14,San Benito,69,59416,0,2,0,2,0
2020-02-14,San Bernardino,71,2135413,8,0,0,0,0
2020-02-14,San Diego,73,3302833,3,2,0,2,0
2020-02-14,San Francisco,75,870044,2,0,0,0,0
2020-02-14,San Joaquin,77,732212,1,0,1,1,0
2020-02-14,San Luis Obispo,79,281455,0,0,0,0,0
2020-02-14,San Mateo,81,765935,3,0,0,0,0
2020-02-14,Santa Barbara,83,443738,0,0,0,0,0
2020-02-14,Santa Clara,85,1922200,8,2,1,3,0
2020-02-14,Santa Cruz,87,273765,0,0,0,0,0
2020-02-14,Shasta,89,179085,0,0,0,0,0
2020-02-14,Sierra,91,2930,0,0,0,0,0
2020-02-14,Siskiyou,93,43540,0,0,0,0,0
2020-02-14,Solano,95,438530,1,0,0,0,0
2020-02-14,Sonoma,97,501317,0,0,0,0,0
2020-02-14,Stanislaus,99,539301,1,0,2,2,0
2020-02-14,Sutter,101,95872,0,0,0,0,0
2020-02-14,Tehama,103,63373,0,0,0,0,0
2020-02-14,Trinity,105,12862,0,0,0,0,0
2020-02-14,Tulare,107,460477,2,0,0,0,0
2020-02-14,Tuolumne,109,53932,0,0,0,0,0
2020-02-14,Ventura,111,848112,2,0,0,0,0
2020-02-14,Yolo,113,214977,1,0,0,0,0
2020-02-14,Yuba,115,75493,0,0,0,0,0
2020-02-13,Alameda,1,1643700,4,0,0,0,0
2020-02-13,Alpine,3,1148,0,0,0,0,0
2020-02-13,Amador,5,37829,0,0,0,0,0
2020-02-13,Butte,7,227075,0,0,0,0,0
2020-02-13,Calaveras,9,45235,0,0,0,0,0
2020-02-13,Colusa,11,21464,0,0,0,0,0
2020-02-13,Contra Costa,13,1133247,3,0,0,0,0
2020-02-13,Del Norte,15,27424,0,0,0,0,0
2020-02-13,El Dorado,17,186661,0,0,0,0,0
2020-02-13,Fresno,19,978130,0,0,0,0,0
2020-02-13,Glenn,21,27897,0,0,0,0,0
2020-02-13,Humboldt,23,135768,1,0,0,0,0
2020-02-13,Imperial,25,180216,1,0,0,0,0
2020-02-13,Inyo,27,18085,0,0,0,0,0
2020-02-13,Kern,29,883053,2,0,0,0,0
2020-02-13,Kings,31,150075,1,0,0,0,0
2020-02-13,Lake,33,64148,0,0,0,0,0
2020-02-13,Lassen,35,31185,0,0,0,0,0
2020-02-13,Los Angeles,37,10098052,31,1,7,8,0
2020-02-13,Madera,39,155013,0,0,0,0,0
2020-02-13,Marin,41,260295,0,0,0,0,0
2020-02-13,Mariposa,43,17540,0,0,0,0,0
2020-02-13,Mendocino,45,87422,0,0,0,0,0
2020-02-13,Merced,47,269075,0,0,0,0,0
2020-02-13,Modoc,49,8938,0,0,0,0,0
2020-02-13,Mono,51,14174,0,0,0,0,0
2020-02-13,Monterey,53,433212,0,0,0,0,0
2020-02-13,Napa,55,140530,0,0,0,0,0
2020-02-13,Nevada,57,99092,0,0,0,0,0
2020-02-13,Orange,59,3164182,39,1,0,1,0
2020-02-13,Placer,61,380077,0,0,0,0,0
2020-02-13,Plumas,63,18699,0,0,0,0,0
2020-02-13,Riverside,65,2383286,4,0,0,0,0
2020-02-13,Sacramento,67,1510023,1,0,0,0,0
2020-02-13,San Benito,69,59416,0,2,0,2,0
2020-02-13,San Bernardino,71,2135413,8,0,0,0,0
2020-02-13,San Diego,73,3302833,2,2,0,2,0
2020-02-13,San Francisco,75,870044,2,0,0,0,0
2020-02-13,San Joaquin,77,732212,1,0,1,1,0
2020-02-13,San Luis Obispo,79,281455,0,0,0,0,0
2020-02-13,San Mateo,81,765935,2,0,0,0,0
2020-02-13,Santa Barbara,83,443738,0,0,0,0,0
2020-02-13,Santa Clara,85,1922200,7,2,0,2,0
2020-02-13,Santa Cruz,87,273765,0,0,0,0,0
2020-02-13,Shasta,89,179085,0,0,0,0,0
2020-02-13,Sierra,91,2930,0,0,0,0,0
2020-02-13,Siskiyou,93,43540,0,0,0,0,0
2020-02-13,Solano,95,438530,0,0,0,0,0
2020-02-13,Sonoma,97,501317,0,0,0,0,0
2020-02-13,Stanislaus,99,539301,1,0,1,1,0
2020-02-13,Sutter,101,95872,0,0,0,0,0
2020-02-13,Tehama,103,63373,0,0,0,0,0
2020-02-13,Trinity,105,12862,0,0,0,0,0
2020-02-13,Tulare,107,460477,2,0,0,0,0
2020-02-13,Tuolumne,109,53932,0,0,0,0,0
2020-02-13,Ventura,111,848112,2,0,0,0,0
2020-02-13,Yolo,113,214977,1,0,0,0,0
2020-02-13,Yuba,115,75493,0,0,0,0,0
2020-02-12,Alameda,1,1643700,4,0,0,0,0
2020-02-12,Alpine,3,1148,0,0,0,0,0
2020-02-12,Amador,5,37829,0,0,0,0,0
2020-02-12,Butte,7,227075,0,0,0,0,0
2020-02-12,Calaveras,9,45235,0,0,0,0,0
2020-02-12,Colusa,11,21464,0,0,0,0,0
2020-02-12,Contra Costa,13,1133247,3,0,0,0,0
2020-02-12,Del Norte,15,27424,0,0,0,0,0
2020-02-12,El Dorado,17,186661,0,0,0,0,0
2020-02-12,Fresno,19,978130,0,0,0,0,0
2020-02-12,Glenn,21,27897,0,0,0,0,0
2020-02-12,Humboldt,23,135768,1,0,0,0,0
2020-02-12,Imperial,25,180216,1,0,0,0,0
2020-02-12,Inyo,27,18085,0,0,0,0,0
2020-02-12,Kern,29,883053,2,0,0,0,0
2020-02-12,Kings,31,150075,1,0,0,0,0
2020-02-12,Lake,33,64148,0,0,0,0,0
2020-02-12,Lassen,35,31185,0,0,0,0,0
2020-02-12,Los Angeles,37,10098052,29,1,7,8,0
2020-02-12,Madera,39,155013,0,0,0,0,0
2020-02-12,Marin,41,260295,0,0,0,0,0
2020-02-12,Mariposa,43,17540,0,0,0,0,0
2020-02-12,Mendocino,45,87422,0,0,0,0,0
2020-02-12,Merced,47,269075,0,0,0,0,0
2020-02-12,Modoc,49,8938,0,0,0,0,0
2020-02-12,Mono,51,14174,0,0,0,0,0
2020-02-12,Monterey,53,433212,0,0,0,0,0
2020-02-12,Napa,55,140530,0,0,0,0,0
2020-02-12,Nevada,57,99092,0,0,0,0,0
2020-02-12,Orange,59,3164182,39,1,0,1,0
2020-02-12,Placer,61,380077,0,0,0,0,0
2020-02-12,Plumas,63,18699,0,0,0,0,0
2020-02-12,Riverside,65,2383286,4,0,0,0,0
2020-02-12,Sacramento,67,1510023,1,0,0,0,0
2020-02-12,San Benito,69,59416,0,2,0,2,0
2020-02-12,San Bernardino,71,2135413,8,0,0,0,0
2020-02-12,San Diego,73,3302833,2,2,0,2,0
2020-02-12,San Francisco,75,870044,2,0,0,0,0
2020-02-12,San Joaquin,77,732212,1,0,1,1,0
2020-02-12,San Luis Obispo,79,281455,0,0,0,0,0
2020-02-12,San Mateo,81,765935,2,0,0,0,0
2020-02-12,Santa Barbara,83,443738,0,0,0,0,0
2020-02-12,Santa Clara,85,1922200,6,2,0,2,0
2020-02-12,Santa Cruz,87,273765,0,0,0,0,0
2020-02-12,Shasta,89,179085,0,0,0,0,0
2020-02-12,Sierra,91,2930,0,0,0,0,0
2020-02-12,Siskiyou,93,43540,0,0,0,0,0
2020-02-12,Solano,95,438530,0,0,0,0,0
2020-02-12,Sonoma,97,501317,0,0,0,0,0
2020-02-12,Stanislaus,99,539301,1,0,1,1,0
2020-02-12,Sutter,101,95872,0,0,0,0,0
2020-02-12,Tehama,103,63373,0,0,0,0,0
2020-02-12,Trinity,105,12862,0,0,0,0,0
2020-02-12,Tulare,107,460477,2,0,0,0,0
2020-02-12,Tuolumne,109,53932,0,0,0,0,0
2020-02-12,Ventura,111,848112,2,0,0,0,0
2020-02-12,Yolo,113,214977,1,0,0,0,0
2020-02-12,Yuba,115,75493,0,0,0,0,0
2020-02-11,Alameda,1,1643700,4,0,0,0,0
2020-02-11,Alpine,3,1148,0,0,0,0,0
2020-02-11,Amador,5,37829,0,0,0,0,0
2020-02-11,Butte,7,227075,0,0,0,0,0
2020-02-11,Calaveras,9,45235,0,0,0,0,0
2020-02-11,Colusa,11,21464,0,0,0,0,0
2020-02-11,Contra Costa,13,1133247,3,0,0,0,0
2020-02-11,Del Norte,15,27424,0,0,0,0,0
2020-02-11,El Dorado,17,186661,0,0,0,0,0
2020-02-11,Fresno,19,978130,0,0,0,0,0
2020-02-11,Glenn,21,27897,0,0,0,0,0
2020-02-11,Humboldt,23,135768,1,0,0,0,0
2020-02-11,Imperial,25,180216,1,0,0,0,0
2020-02-11,Inyo,27,18085,0,0,0,0,0
2020-02-11,Kern,29,883053,2,0,0,0,0
2020-02-11,Kings,31,150075,1,0,0,0,0
2020-02-11,Lake,33,64148,0,0,0,0,0
2020-02-11,Lassen,35,31185,0,0,0,0,0
2020-02-11,Los Angeles,37,10098052,28,1,6,7,0
2020-02-11,Madera,39,155013,0,0,0,0,0
2020-02-11,Marin,41,260295,0,0,0,0,0
2020-02-11,Mariposa,43,17540,0,0,0,0,0
2020-02-11,Mendocino,45,87422,0,0,0,0,0
2020-02-11,Merced,47,269075,0,0,0,0,0
2020-02-11,Modoc,49,8938,0,0,0,0,0
2020-02-11,Mono,51,14174,0,0,0,0,0
2020-02-11,Monterey,53,433212,0,0,0,0,0
2020-02-11,Napa,55,140530,0,0,0,0,0
2020-02-11,Nevada,57,99092,0,0,0,0,0
2020-02-11,Orange,59,3164182,38,1,0,1,0
2020-02-11,Placer,61,380077,0,0,0,0,0
2020-02-11,Plumas,63,18699,0,0,0,0,0
2020-02-11,Riverside,65,2383286,4,0,0,0,0
2020-02-11,Sacramento,67,1510023,1,0,0,0,0
2020-02-11,San Benito,69,59416,0,2,0,2,0
2020-02-11,San Bernardino,71,2135413,8,0,0,0,0
2020-02-11,San Diego,73,3302833,2,1,0,1,0
2020-02-11,San Francisco,75,870044,2,0,0,0,0
2020-02-11,San Joaquin,77,732212,0,0,1,1,0
2020-02-11,San Luis Obispo,79,281455,0,0,0,0,0
2020-02-11,San Mateo,81,765935,2,0,0,0,0
2020-02-11,Santa Barbara,83,443738,0,0,0,0,0
2020-02-11,Santa Clara,85,1922200,5,2,0,2,0
2020-02-11,Santa Cruz,87,273765,0,0,0,0,0
2020-02-11,Shasta,89,179085,0,0,0,0,0
2020-02-11,Sierra,91,2930,0,0,0,0,0
2020-02-11,Siskiyou,93,43540,0,0,0,0,0
2020-02-11,Solano,95,438530,0,0,0,0,0
2020-02-11,Sonoma,97,501317,0,0,0,0,0
2020-02-11,Stanislaus,99,539301,1,0,1,1,0
2020-02-11,Sutter,101,95872,0,0,0,0,0
2020-02-11,Tehama,103,63373,0,0,0,0,0
2020-02-11,Trinity,105,12862,0,0,0,0,0
2020-02-11,Tulare,107,460477,2,0,0,0,0
2020-02-11,Tuolumne,109,53932,0,0,0,0,0
2020-02-11,Ventura,111,848112,2,0,0,0,0
2020-02-11,Yolo,113,214977,1,0,0,0,0
2020-02-11,Yuba,115,75493,0,0,0,0,0
2020-02-10,Alameda,1,1643700,4,0,0,0,0
2020-02-10,Alpine,3,1148,0,0,0,0,0
2020-02-10,Amador,5,37829,0,0,0,0,0
2020-02-10,Butte,7,227075,0,0,0,0,0
2020-02-10,Calaveras,9,45235,0,0,0,0,0
2020-02-10,Colusa,11,21464,0,0,0,0,0
2020-02-10,Contra Costa,13,1133247,3,0,0,0,0
2020-02-10,Del Norte,15,27424,0,0,0,0,0
2020-02-10,El Dorado,17,186661,0,0,0,0,0
2020-02-10,Fresno,19,978130,0,0,0,0,0
2020-02-10,Glenn,21,27897,0,0,0,0,0
2020-02-10,Humboldt,23,135768,0,0,0,0,0
2020-02-10,Imperial,25,180216,1,0,0,0,0
2020-02-10,Inyo,27,18085,0,0,0,0,0
2020-02-10,Kern,29,883053,2,0,0,0,0
2020-02-10,Kings,31,150075,1,0,0,0,0
2020-02-10,Lake,33,64148,0,0,0,0,0
2020-02-10,Lassen,35,31185,0,0,0,0,0
2020-02-10,Los Angeles,37,10098052,26,1,6,7,0
2020-02-10,Madera,39,155013,0,0,0,0,0
2020-02-10,Marin,41,260295,0,0,0,0,0
2020-02-10,Mariposa,43,17540,0,0,0,0,0
2020-02-10,Mendocino,45,87422,0,0,0,0,0
2020-02-10,Merced,47,269075,0,0,0,0,0
2020-02-10,Modoc,49,8938,0,0,0,0,0
2020-02-10,Mono,51,14174,0,0,0,0,0
2020-02-10,Monterey,53,433212,0,0,0,0,0
2020-02-10,Napa,55,140530,0,0,0,0,0
2020-02-10,Nevada,57,99092,0,0,0,0,0
2020-02-10,Orange,59,3164182,38,1,0,1,0
2020-02-10,Placer,61,380077,0,0,0,0,0
2020-02-10,Plumas,63,18699,0,0,0,0,0
2020-02-10,Riverside,65,2383286,4,0,0,0,0
2020-02-10,Sacramento,67,1510023,1,0,0,0,0
2020-02-10,San Benito,69,59416,0,2,0,2,0
2020-02-10,San Bernardino,71,2135413,7,0,0,0,0
2020-02-10,San Diego,73,3302833,2,0,0,0,0
2020-02-10,San Francisco,75,870044,2,0,0,0,0
2020-02-10,San Joaquin,77,732212,0,0,1,1,0
2020-02-10,San Luis Obispo,79,281455,0,0,0,0,0
2020-02-10,San Mateo,81,765935,2,0,0,0,0
2020-02-10,Santa Barbara,83,443738,0,0,0,0,0
2020-02-10,Santa Clara,85,1922200,5,2,0,2,0
2020-02-10,Santa Cruz,87,273765,0,0,0,0,0
2020-02-10,Shasta,89,179085,0,0,0,0,0
2020-02-10,Sierra,91,2930,0,0,0,0,0
2020-02-10,Siskiyou,93,43540,0,0,0,0,0
2020-02-10,Solano,95,438530,0,0,0,0,0
2020-02-10,Sonoma,97,501317,0,0,0,0,0
2020-02-10,Stanislaus,99,539301,1,0,0,0,0
2020-02-10,Sutter,101,95872,0,0,0,0,0
2020-02-10,Tehama,103,63373,0,0,0,0,0
2020-02-10,Trinity,105,12862,0,0,0,0,0
2020-02-10,Tulare,107,460477,2,0,0,0,0
2020-02-10,Tuolumne,109,53932,0,0,0,0,0
2020-02-10,Ventura,111,848112,2,0,0,0,0
2020-02-10,Yolo,113,214977,1,0,0,0,0
2020-02-10,Yuba,115,75493,0,0,0,0,0
2020-02-09,Alameda,1,1643700,4,0,0,0,0
2020-02-09,Alpine,3,1148,0,0,0,0,0
2020-02-09,Amador,5,37829,0,0,0,0,0
2020-02-09,Butte,7,227075,0,0,0,0,0
2020-02-09,Calaveras,9,45235,0,0,0,0,0
2020-02-09,Colusa,11,21464,0,0,0,0,0
2020-02-09,Contra Costa,13,1133247,3,0,0,0,0
2020-02-09,Del Norte,15,27424,0,0,0,0,0
2020-02-09,El Dorado,17,186661,0,0,0,0,0
2020-02-09,Fresno,19,978130,0,0,0,0,0
2020-02-09,Glenn,21,27897,0,0,0,0,0
2020-02-09,Humboldt,23,135768,0,0,0,0,0
2020-02-09,Imperial,25,180216,1,0,0,0,0
2020-02-09,Inyo,27,18085,0,0,0,0,0
2020-02-09,Kern,29,883053,2,0,0,0,0
2020-02-09,Kings,31,150075,1,0,0,0,0
2020-02-09,Lake,33,64148,0,0,0,0,0
2020-02-09,Lassen,35,31185,0,0,0,0,0
2020-02-09,Los Angeles,37,10098052,24,1,6,7,0
2020-02-09,Madera,39,155013,0,0,0,0,0
2020-02-09,Marin,41,260295,0,0,0,0,0
2020-02-09,Mariposa,43,17540,0,0,0,0,0
2020-02-09,Mendocino,45,87422,0,0,0,0,0
2020-02-09,Merced,47,269075,0,0,0,0,0
2020-02-09,Modoc,49,8938,0,0,0,0,0
2020-02-09,Mono,51,14174,0,0,0,0,0
2020-02-09,Monterey,53,433212,0,0,0,0,0
2020-02-09,Napa,55,140530,0,0,0,0,0
2020-02-09,Nevada,57,99092,0,0,0,0,0
2020-02-09,Orange,59,3164182,37,1,0,1,0
2020-02-09,Placer,61,380077,0,0,0,0,0
2020-02-09,Plumas,63,18699,0,0,0,0,0
2020-02-09,Riverside,65,2383286,4,0,0,0,0
2020-02-09,Sacramento,67,1510023,0,0,0,0,0
2020-02-09,San Benito,69,59416,0,2,0,2,0
2020-02-09,San Bernardino,71,2135413,7,0,0,0,0
2020-02-09,San Diego,73,3302833,2,0,0,0,0
2020-02-09,San Francisco,75,870044,1,0,0,0,0
2020-02-09,San Joaquin,77,732212,0,0,1,1,0
2020-02-09,San Luis Obispo,79,281455,0,0,0,0,0
2020-02-09,San Mateo,81,765935,2,0,0,0,0
2020-02-09,Santa Barbara,83,443738,0,0,0,0,0
2020-02-09,Santa Clara,85,1922200,4,2,0,2,0
2020-02-09,Santa Cruz,87,273765,0,0,0,0,0
2020-02-09,Shasta,89,179085,0,0,0,0,0
2020-02-09,Sierra,91,2930,0,0,0,0,0
2020-02-09,Siskiyou,93,43540,0,0,0,0,0
2020-02-09,Solano,95,438530,0,0,0,0,0
2020-02-09,Sonoma,97,501317,0,0,0,0,0
2020-02-09,Stanislaus,99,539301,0,0,0,0,0
2020-02-09,Sutter,101,95872,0,0,0,0,0
2020-02-09,Tehama,103,63373,0,0,0,0,0
2020-02-09,Trinity,105,12862,0,0,0,0,0
2020-02-09,Tulare,107,460477,2,0,0,0,0
2020-02-09,Tuolumne,109,53932,0,0,0,0,0
2020-02-09,Ventura,111,848112,1,0,0,0,0
2020-02-09,Yolo,113,214977,1,0,0,0,0
2020-02-09,Yuba,115,75493,0,0,0,0,0
2020-02-08,Alameda,1,1643700,3,0,0,0,0
2020-02-08,Alpine,3,1148,0,0,0,0,0
2020-02-08,Amador,5,37829,0,0,0,0,0
2020-02-08,Butte,7,227075,0,0,0,0,0
2020-02-08,Calaveras,9,45235,0,0,0,0,0
2020-02-08,Colusa,11,21464,0,0,0,0,0
2020-02-08,Contra Costa,13,1133247,2,0,0,0,0
2020-02-08,Del Norte,15,27424,0,0,0,0,0
2020-02-08,El Dorado,17,186661,0,0,0,0,0
2020-02-08,Fresno,19,978130,0,0,0,0,0
2020-02-08,Glenn,21,27897,0,0,0,0,0
2020-02-08,Humboldt,23,135768,0,0,0,0,0
2020-02-08,Imperial,25,180216,1,0,0,0,0
2020-02-08,Inyo,27,18085,0,0,0,0,0
2020-02-08,Kern,29,883053,2,0,0,0,0
2020-02-08,Kings,31,150075,1,0,0,0,0
2020-02-08,Lake,33,64148,0,0,0,0,0
2020-02-08,Lassen,35,31185,0,0,0,0,0
2020-02-08,Los Angeles,37,10098052,21,1,3,4,0
2020-02-08,Madera,39,155013,0,0,0,0,0
2020-02-08,Marin,41,260295,0,0,0,0,0
2020-02-08,Mariposa,43,17540,0,0,0,0,0
2020-02-08,Mendocino,45,87422,0,0,0,0,0
2020-02-08,Merced,47,269075,0,0,0,0,0
2020-02-08,Modoc,49,8938,0,0,0,0,0
2020-02-08,Mono,51,14174,0,0,0,0,0
2020-02-08,Monterey,53,433212,0,0,0,0,0
2020-02-08,Napa,55,140530,0,0,0,0,0
2020-02-08,Nevada,57,99092,0,0,0,0,0
2020-02-08,Orange,59,3164182,37,1,0,1,0
2020-02-08,Placer,61,380077,0,0,0,0,0
2020-02-08,Plumas,63,18699,0,0,0,0,0
2020-02-08,Riverside,65,2383286,4,0,0,0,0
2020-02-08,Sacramento,67,1510023,0,0,0,0,0
2020-02-08,San Benito,69,59416,0,2,0,2,0
2020-02-08,San Bernardino,71,2135413,7,0,0,0,0
2020-02-08,San Diego,73,3302833,1,0,0,0,0
2020-02-08,San Francisco,75,870044,1,0,0,0,0
2020-02-08,San Joaquin,77,732212,0,0,1,1,0
2020-02-08,San Luis Obispo,79,281455,0,0,0,0,0
2020-02-08,San Mateo,81,765935,2,0,0,0,0
2020-02-08,Santa Barbara,83,443738,0,0,0,0,0
2020-02-08,Santa Clara,85,1922200,4,2,0,2,0
2020-02-08,Santa Cruz,87,273765,0,0,0,0,0
2020-02-08,Shasta,89,179085,0,0,0,0,0
2020-02-08,Sierra,91,2930,0,0,0,0,0
2020-02-08,Siskiyou,93,43540,0,0,0,0,0
2020-02-08,Solano,95,438530,0,0,0,0,0
2020-02-08,Sonoma,97,501317,0,0,0,0,0
2020-02-08,Stanislaus,99,539301,0,0,0,0,0
2020-02-08,Sutter,101,95872,0,0,0,0,0
2020-02-08,Tehama,103,63373,0,0,0,0,0
2020-02-08,Trinity,105,12862,0,0,0,0,0
2020-02-08,Tulare,107,460477,2,0,0,0,0
2020-02-08,Tuolumne,109,53932,0,0,0,0,0
2020-02-08,Ventura,111,848112,1,0,0,0,0
2020-02-08,Yolo,113,214977,1,0,0,0,0
2020-02-08,Yuba,115,75493,0,0,0,0,0
2020-02-07,Alameda,1,1643700,3,0,0,0,0
2020-02-07,Alpine,3,1148,0,0,0,0,0
2020-02-07,Amador,5,37829,0,0,0,0,0
2020-02-07,Butte,7,227075,0,0,0,0,0
2020-02-07,Calaveras,9,45235,0,0,0,0,0
2020-02-07,Colusa,11,21464,0,0,0,0,0
2020-02-07,Contra Costa,13,1133247,2,0,0,0,0
2020-02-07,Del Norte,15,27424,0,0,0,0,0
2020-02-07,El Dorado,17,186661,0,0,0,0,0
2020-02-07,Fresno,19,978130,0,0,0,0,0
2020-02-07,Glenn,21,27897,0,0,0,0,0
2020-02-07,Humboldt,23,135768,0,0,0,0,0
2020-02-07,Imperial,25,180216,1,0,0,0,0
2020-02-07,Inyo,27,18085,0,0,0,0,0
2020-02-07,Kern,29,883053,2,0,0,0,0
2020-02-07,Kings,31,150075,1,0,0,0,0
2020-02-07,Lake,33,64148,0,0,0,0,0
2020-02-07,Lassen,35,31185,0,0,0,0,0
2020-02-07,Los Angeles,37,10098052,20,1,2,3,0
2020-02-07,Madera,39,155013,0,0,0,0,0
2020-02-07,Marin,41,260295,0,0,0,0,0
2020-02-07,Mariposa,43,17540,0,0,0,0,0
2020-02-07,Mendocino,45,87422,0,0,0,0,0
2020-02-07,Merced,47,269075,0,0,0,0,0
2020-02-07,Modoc,49,8938,0,0,0,0,0
2020-02-07,Mono,51,14174,0,0,0,0,0
2020-02-07,Monterey,53,433212,0,0,0,0,0
2020-02-07,Napa,55,140530,0,0,0,0,0
2020-02-07,Nevada,57,99092,0,0,0,0,0
2020-02-07,Orange,59,3164182,35,1,0,1,0
2020-02-07,Placer,61,380077,0,0,0,0,0
2020-02-07,Plumas,63,18699,0,0,0,0,0
2020-02-07,Riverside,65,2383286,4,0,0,0,0
2020-02-07,Sacramento,67,1510023,0,0,0,0,0
2020-02-07,San Benito,69,59416,0,2,0,2,0
2020-02-07,San Bernardino,71,2135413,4,0,0,0,0
2020-02-07,San Diego,73,3302833,1,0,0,0,0
2020-02-07,San Francisco,75,870044,1,0,0,0,0
2020-02-07,San Joaquin,77,732212,0,0,1,1,0
2020-02-07,San Luis Obispo,79,281455,0,0,0,0,0
2020-02-07,San Mateo,81,765935,1,0,0,0,0
2020-02-07,Santa Barbara,83,443738,0,0,0,0,0
2020-02-07,Santa Clara,85,1922200,4,2,0,2,0
2020-02-07,Santa Cruz,87,273765,0,0,0,0,0
2020-02-07,Shasta,89,179085,0,0,0,0,0
2020-02-07,Sierra,91,2930,0,0,0,0,0
2020-02-07,Siskiyou,93,43540,0,0,0,0,0
2020-02-07,Solano,95,438530,0,0,0,0,0
2020-02-07,Sonoma,97,501317,0,0,0,0,0
2020-02-07,Stanislaus,99,539301,0,0,0,0,0
2020-02-07,Sutter,101,95872,0,0,0,0,0
2020-02-07,Tehama,103,63373,0,0,0,0,0
2020-02-07,Trinity,105,12862,0,0,0,0,0
2020-02-07,Tulare,107,460477,2,0,0,0,0
2020-02-07,Tuolumne,109,53932,0,0,0,0,0
2020-02-07,Ventura,111,848112,1,0,0,0,0
2020-02-07,Yolo,113,214977,1,0,0,0,0
2020-02-07,Yuba,115,75493,0,0,0,0,0
2020-02-06,Alameda,1,1643700,3,0,0,0,0
2020-02-06,Alpine,3,1148,0,0,0,0,0
2020-02-06,Amador,5,37829,0,0,0,0,0
2020-02-06,Butte,7,227075,0,0,0,0,0
2020-02-06,Calaveras,9,45235,0,0,0,0,0
2020-02-06,Colusa,11,21464,0,0,0,0,0
2020-02-06,Contra Costa,13,1133247,2,0,0,0,0
2020-02-06,Del Norte,15,27424,0,0,0,0,0
2020-02-06,El Dorado,17,186661,0,0,0,0,0
2020-02-06,Fresno,19,978130,0,0,0,0,0
2020-02-06,Glenn,21,27897,0,0,0,0,0
2020-02-06,Humboldt,23,135768,0,0,0,0,0
2020-02-06,Imperial,25,180216,1,0,0,0,0
2020-02-06,Inyo,27,18085,0,0,0,0,0
2020-02-06,Kern,29,883053,2,0,0,0,0
2020-02-06,Kings,31,150075,0,0,0,0,0
2020-02-06,Lake,33,64148,0,0,0,0,0
2020-02-06,Lassen,35,31185,0,0,0,0,0
2020-02-06,Los Angeles,37,10098052,18,1,2,3,0
2020-02-06,Madera,39,155013,0,0,0,0,0
2020-02-06,Marin,41,260295,0,0,0,0,0
2020-02-06,Mariposa,43,17540,0,0,0,0,0
2020-02-06,Mendocino,45,87422,0,0,0,0,0
2020-02-06,Merced,47,269075,0,0,0,0,0
2020-02-06,Modoc,49,8938,0,0,0,0,0
2020-02-06,Mono,51,14174,0,0,0,0,0
2020-02-06,Monterey,53,433212,0,0,0,0,0
2020-02-06,Napa,55,140530,0,0,0,0,0
2020-02-06,Nevada,57,99092,0,0,0,0,0
2020-02-06,Orange,59,3164182,5,1,0,1,0
2020-02-06,Placer,61,380077,0,0,0,0,0
2020-02-06,Plumas,63,18699,0,0,0,0,0
2020-02-06,Riverside,65,2383286,4,0,0,0,0
2020-02-06,Sacramento,67,1510023,0,0,0,0,0
2020-02-06,San Benito,69,59416,0,2,0,2,0
2020-02-06,San Bernardino,71,2135413,4,0,0,0,0
2020-02-06,San Diego,73,3302833,1,0,0,0,0
2020-02-06,San Francisco,75,870044,1,0,0,0,0
2020-02-06,San Joaquin,77,732212,0,0,1,1,0
2020-02-06,San Luis Obispo,79,281455,0,0,0,0,0
2020-02-06,San Mateo,81,765935,1,0,0,0,0
2020-02-06,Santa Barbara,83,443738,0,0,0,0,0
2020-02-06,Santa Clara,85,1922200,4,2,0,2,0
2020-02-06,Santa Cruz,87,273765,0,0,0,0,0
2020-02-06,Shasta,89,179085,0,0,0,0,0
2020-02-06,Sierra,91,2930,0,0,0,0,0
2020-02-06,Siskiyou,93,43540,0,0,0,0,0
2020-02-06,Solano,95,438530,0,0,0,0,0
2020-02-06,Sonoma,97,501317,0,0,0,0,0
2020-02-06,Stanislaus,99,539301,0,0,0,0,0
2020-02-06,Sutter,101,95872,0,0,0,0,0
2020-02-06,Tehama,103,63373,0,0,0,0,0
2020-02-06,Trinity,105,12862,0,0,0,0,0
2020-02-06,Tulare,107,460477,2,0,0,0,0
2020-02-06,Tuolumne,109,53932,0,0,0,0,0
2020-02-06,Ventura,111,848112,1,0,0,0,0
2020-02-06,Yolo,113,214977,1,0,0,0,0
2020-02-06,Yuba,115,75493,0,0,0,0,0
2020-02-05,Alameda,1,1643700,3,0,0,0,0
2020-02-05,Alpine,3,1148,0,0,0,0,0
2020-02-05,Amador,5,37829,0,0,0,0,0
2020-02-05,Butte,7,227075,0,0,0,0,0
2020-02-05,Calaveras,9,45235,0,0,0,0,0
2020-02-05,Colusa,11,21464,0,0,0,0,0
2020-02-05,Contra Costa,13,1133247,2,0,0,0,0
2020-02-05,Del Norte,15,27424,0,0,0,0,0
2020-02-05,El Dorado,17,186661,0,0,0,0,0
2020-02-05,Fresno,19,978130,0,0,0,0,0
2020-02-05,Glenn,21,27897,0,0,0,0,0
2020-02-05,Humboldt,23,135768,0,0,0,0,0
2020-02-05,Imperial,25,180216,1,0,0,0,0
2020-02-05,Inyo,27,18085,0,0,0,0,0
2020-02-05,Kern,29,883053,1,0,0,0,0
2020-02-05,Kings,31,150075,0,0,0,0,0
2020-02-05,Lake,33,64148,0,0,0,0,0
2020-02-05,Lassen,35,31185,0,0,0,0,0
2020-02-05,Los Angeles,37,10098052,18,1,1,2,0
2020-02-05,Madera,39,155013,0,0,0,0,0
2020-02-05,Marin,41,260295,0,0,0,0,0
2020-02-05,Mariposa,43,17540,0,0,0,0,0
2020-02-05,Mendocino,45,87422,0,0,0,0,0
2020-02-05,Merced,47,269075,0,0,0,0,0
2020-02-05,Modoc,49,8938,0,0,0,0,0
2020-02-05,Mono,51,14174,0,0,0,0,0
2020-02-05,Monterey,53,433212,0,0,0,0,0
2020-02-05,Napa,55,140530,0,0,0,0,0
2020-02-05,Nevada,57,99092,0,0,0,0,0
2020-02-05,Orange,59,3164182,4,1,0,1,0
2020-02-05,Placer,61,380077,0,0,0,0,0
2020-02-05,Plumas,63,18699,0,0,0,0,0
2020-02-05,Riverside,65,2383286,4,0,0,0,0
2020-02-05,Sacramento,67,1510023,0,0,0,0,0
2020-02-05,San Benito,69,59416,0,2,0,2,0
2020-02-05,San Bernardino,71,2135413,4,0,0,0,0
2020-02-05,San Diego,73,3302833,0,0,0,0,0
2020-02-05,San Francisco,75,870044,1,0,0,0,0
2020-02-05,San Joaquin,77,732212,0,0,1,1,0
2020-02-05,San Luis Obispo,79,281455,0,0,0,0,0
2020-02-05,San Mateo,81,765935,1,0,0,0,0
2020-02-05,Santa Barbara,83,443738,0,0,0,0,0
2020-02-05,Santa Clara,85,1922200,2,2,0,2,0
2020-02-05,Santa Cruz,87,273765,0,0,0,0,0
2020-02-05,Shasta,89,179085,0,0,0,0,0
2020-02-05,Sierra,91,2930,0,0,0,0,0
2020-02-05,Siskiyou,93,43540,0,0,0,0,0
2020-02-05,Solano,95,438530,0,0,0,0,0
2020-02-05,Sonoma,97,501317,0,0,0,0,0
2020-02-05,Stanislaus,99,539301,0,0,0,0,0
2020-02-05,Sutter,101,95872,0,0,0,0,0
2020-02-05,Tehama,103,63373,0,0,0,0,0
2020-02-05,Trinity,105,12862,0,0,0,0,0
2020-02-05,Tulare,107,460477,2,0,0,0,0
2020-02-05,Tuolumne,109,53932,0,0,0,0,0
2020-02-05,Ventura,111,848112,0,0,0,0,0
2020-02-05,Yolo,113,214977,1,0,0,0,0
2020-02-05,Yuba,115,75493,0,0,0,0,0
2020-02-04,Alameda,1,1643700,3,0,0,0,0
2020-02-04,Alpine,3,1148,0,0,0,0,0
2020-02-04,Amador,5,37829,0,0,0,0,0
2020-02-04,Butte,7,227075,0,0,0,0,0
2020-02-04,Calaveras,9,45235,0,0,0,0,0
2020-02-04,Colusa,11,21464,0,0,0,0,0
2020-02-04,Contra Costa,13,1133247,2,0,0,0,0
2020-02-04,Del Norte,15,27424,0,0,0,0,0
2020-02-04,El Dorado,17,186661,0,0,0,0,0
2020-02-04,Fresno,19,978130,0,0,0,0,0
2020-02-04,Glenn,21,27897,0,0,0,0,0
2020-02-04,Humboldt,23,135768,0,0,0,0,0
2020-02-04,Imperial,25,180216,1,0,0,0,0
2020-02-04,Inyo,27,18085,0,0,0,0,0
2020-02-04,Kern,29,883053,0,0,0,0,0
2020-02-04,Kings,31,150075,0,0,0,0,0
2020-02-04,Lake,33,64148,0,0,0,0,0
2020-02-04,Lassen,35,31185,0,0,0,0,0
2020-02-04,Los Angeles,37,10098052,17,1,1,2,0
2020-02-04,Madera,39,155013,0,0,0,0,0
2020-02-04,Marin,41,260295,0,0,0,0,0
2020-02-04,Mariposa,43,17540,0,0,0,0,0
2020-02-04,Mendocino,45,87422,0,0,0,0,0
2020-02-04,Merced,47,269075,0,0,0,0,0
2020-02-04,Modoc,49,8938,0,0,0,0,0
2020-02-04,Mono,51,14174,0,0,0,0,0
2020-02-04,Monterey,53,433212,0,0,0,0,0
2020-02-04,Napa,55,140530,0,0,0,0,0
2020-02-04,Nevada,57,99092,0,0,0,0,0
2020-02-04,Orange,59,3164182,4,1,0,1,0
2020-02-04,Placer,61,380077,0,0,0,0,0
2020-02-04,Plumas,63,18699,0,0,0,0,0
2020-02-04,Riverside,65,2383286,4,0,0,0,0
2020-02-04,Sacramento,67,1510023,0,0,0,0,0
2020-02-04,San Benito,69,59416,0,2,0,2,0
2020-02-04,San Bernardino,71,2135413,3,0,0,0,0
2020-02-04,San Diego,73,3302833,0,0,0,0,0
2020-02-04,San Francisco,75,870044,1,0,0,0,0
2020-02-04,San Joaquin,77,732212,0,0,1,1,0
2020-02-04,San Luis Obispo,79,281455,0,0,0,0,0
2020-02-04,San Mateo,81,765935,0,0,0,0,0
2020-02-04,Santa Barbara,83,443738,0,0,0,0,0
2020-02-04,Santa Clara,85,1922200,2,2,0,2,0
2020-02-04,Santa Cruz,87,273765,0,0,0,0,0
2020-02-04,Shasta,89,179085,0,0,0,0,0
2020-02-04,Sierra,91,2930,0,0,0,0,0
2020-02-04,Siskiyou,93,43540,0,0,0,0,0
2020-02-04,Solano,95,438530,0,0,0,0,0
2020-02-04,Sonoma,97,501317,0,0,0,0,0
2020-02-04,Stanislaus,99,539301,0,0,0,0,0
2020-02-04,Sutter,101,95872,0,0,0,0,0
2020-02-04,Tehama,103,63373,0,0,0,0,0
2020-02-04,Trinity,105,12862,0,0,0,0,0
2020-02-04,Tulare,107,460477,2,0,0,0,0
2020-02-04,Tuolumne,109,53932,0,0,0,0,0
2020-02-04,Ventura,111,848112,0,0,0,0,0
2020-02-04,Yolo,113,214977,1,0,0,0,0
2020-02-04,Yuba,115,75493,0,0,0,0,0
2020-02-03,Alameda,1,1643700,3,0,0,0,0
2020-02-03,Alpine,3,1148,0,0,0,0,0
2020-02-03,Amador,5,37829,0,0,0,0,0
2020-02-03,Butte,7,227075,0,0,0,0,0
2020-02-03,Calaveras,9,45235,0,0,0,0,0
2020-02-03,Colusa,11,21464,0,0,0,0,0
2020-02-03,Contra Costa,13,1133247,2,0,0,0,0
2020-02-03,Del Norte,15,27424,0,0,0,0,0
2020-02-03,El Dorado,17,186661,0,0,0,0,0
2020-02-03,Fresno,19,978130,0,0,0,0,0
2020-02-03,Glenn,21,27897,0,0,0,0,0
2020-02-03,Humboldt,23,135768,0,0,0,0,0
2020-02-03,Imperial,25,180216,1,0,0,0,0
2020-02-03,Inyo,27,18085,0,0,0,0,0
2020-02-03,Kern,29,883053,0,0,0,0,0
2020-02-03,Kings,31,150075,0,0,0,0,0
2020-02-03,Lake,33,64148,0,0,0,0,0
2020-02-03,Lassen,35,31185,0,0,0,0,0
2020-02-03,Los Angeles,37,10098052,17,1,0,1,0
2020-02-03,Madera,39,155013,0,0,0,0,0
2020-02-03,Marin,41,260295,0,0,0,0,0
2020-02-03,Mariposa,43,17540,0,0,0,0,0
2020-02-03,Mendocino,45,87422,0,0,0,0,0
2020-02-03,Merced,47,269075,0,0,0,0,0
2020-02-03,Modoc,49,8938,0,0,0,0,0
2020-02-03,Mono,51,14174,0,0,0,0,0
2020-02-03,Monterey,53,433212,0,0,0,0,0
2020-02-03,Napa,55,140530,0,0,0,0,0
2020-02-03,Nevada,57,99092,0,0,0,0,0
2020-02-03,Orange,59,3164182,3,1,0,1,0
2020-02-03,Placer,61,380077,0,0,0,0,0
2020-02-03,Plumas,63,18699,0,0,0,0,0
2020-02-03,Riverside,65,2383286,4,0,0,0,0
2020-02-03,Sacramento,67,1510023,0,0,0,0,0
2020-02-03,San Benito,69,59416,0,2,0,2,0
2020-02-03,San Bernardino,71,2135413,3,0,0,0,0
2020-02-03,San Diego,73,3302833,0,0,0,0,0
2020-02-03,San Francisco,75,870044,1,0,0,0,0
2020-02-03,San Joaquin,77,732212,0,0,1,1,0
2020-02-03,San Luis Obispo,79,281455,0,0,0,0,0
2020-02-03,San Mateo,81,765935,0,0,0,0,0
2020-02-03,Santa Barbara,83,443738,0,0,0,0,0
2020-02-03,Santa Clara,85,1922200,2,2,0,2,0
2020-02-03,Santa Cruz,87,273765,0,0,0,0,0
2020-02-03,Shasta,89,179085,0,0,0,0,0
2020-02-03,Sierra,91,2930,0,0,0,0,0
2020-02-03,Siskiyou,93,43540,0,0,0,0,0
2020-02-03,Solano,95,438530,0,0,0,0,0
2020-02-03,Sonoma,97,501317,0,0,0,0,0
2020-02-03,Stanislaus,99,539301,0,0,0,0,0
2020-02-03,Sutter,101,95872,0,0,0,0,0
2020-02-03,Tehama,103,63373,0,0,0,0,0
2020-02-03,Trinity,105,12862,0,0,0,0,0
2020-02-03,Tulare,107,460477,2,0,0,0,0
2020-02-03,Tuolumne,109,53932,0,0,0,0,0
2020-02-03,Ventura,111,848112,0,0,0,0,0
2020-02-03,Yolo,113,214977,1,0,0,0,0
2020-02-03,Yuba,115,75493,0,0,0,0,0
2020-02-02,Alameda,1,1643700,3,0,0,0,0
2020-02-02,Alpine,3,1148,0,0,0,0,0
2020-02-02,Amador,5,37829,0,0,0,0,0
2020-02-02,Butte,7,227075,0,0,0,0,0
2020-02-02,Calaveras,9,45235,0,0,0,0,0
2020-02-02,Colusa,11,21464,0,0,0,0,0
2020-02-02,Contra Costa,13,1133247,1,0,0,0,0
2020-02-02,Del Norte,15,27424,0,0,0,0,0
2020-02-02,El Dorado,17,186661,0,0,0,0,0
2020-02-02,Fresno,19,978130,0,0,0,0,0
2020-02-02,Glenn,21,27897,0,0,0,0,0
2020-02-02,Humboldt,23,135768,0,0,0,0,0
2020-02-02,Imperial,25,180216,1,0,0,0,0
2020-02-02,Inyo,27,18085,0,0,0,0,0
2020-02-02,Kern,29,883053,0,0,0,0,0
2020-02-02,Kings,31,150075,0,0,0,0,0
2020-02-02,Lake,33,64148,0,0,0,0,0
2020-02-02,Lassen,35,31185,0,0,0,0,0
2020-02-02,Los Angeles,37,10098052,15,1,0,1,0
2020-02-02,Madera,39,155013,0,0,0,0,0
2020-02-02,Marin,41,260295,0,0,0,0,0
2020-02-02,Mariposa,43,17540,0,0,0,0,0
2020-02-02,Mendocino,45,87422,0,0,0,0,0
2020-02-02,Merced,47,269075,0,0,0,0,0
2020-02-02,Modoc,49,8938,0,0,0,0,0
2020-02-02,Mono,51,14174,0,0,0,0,0
2020-02-02,Monterey,53,433212,0,0,0,0,0
2020-02-02,Napa,55,140530,0,0,0,0,0
2020-02-02,Nevada,57,99092,0,0,0,0,0
2020-02-02,Orange,59,3164182,3,1,0,1,0
2020-02-02,Placer,61,380077,0,0,0,0,0
2020-02-02,Plumas,63,18699,0,0,0,0,0
2020-02-02,Riverside,65,2383286,3,0,0,0,0
2020-02-02,Sacramento,67,1510023,0,0,0,0,0
2020-02-02,San Benito,69,59416,0,2,0,2,0
2020-02-02,San Bernardino,71,2135413,2,0,0,0,0
2020-02-02,San Diego,73,3302833,0,0,0,0,0
2020-02-02,San Francisco,75,870044,1,0,0,0,0
2020-02-02,San Joaquin,77,732212,0,0,1,1,0
2020-02-02,San Luis Obispo,79,281455,0,0,0,0,0
2020-02-02,San Mateo,81,765935,0,0,0,0,0
2020-02-02,Santa Barbara,83,443738,0,0,0,0,0
2020-02-02,Santa Clara,85,1922200,2,2,0,2,0
2020-02-02,Santa Cruz,87,273765,0,0,0,0,0
2020-02-02,Shasta,89,179085,0,0,0,0,0
2020-02-02,Sierra,91,2930,0,0,0,0,0
2020-02-02,Siskiyou,93,43540,0,0,0,0,0
2020-02-02,Solano,95,438530,0,0,0,0,0
2020-02-02,Sonoma,97,501317,0,0,0,0,0
2020-02-02,Stanislaus,99,539301,0,0,0,0,0
2020-02-02,Sutter,101,95872,0,0,0,0,0
2020-02-02,Tehama,103,63373,0,0,0,0,0
2020-02-02,Trinity,105,12862,0,0,0,0,0
2020-02-02,Tulare,107,460477,2,0,0,0,0
2020-02-02,Tuolumne,109,53932,0,0,0,0,0
2020-02-02,Ventura,111,848112,0,0,0,0,0
2020-02-02,Yolo,113,214977,1,0,0,0,0
2020-02-02,Yuba,115,75493,0,0,0,0,0
2020-02-01,Alameda,1,1643700,3,0,0,0,0
2020-02-01,Alpine,3,1148,0,0,0,0,0
2020-02-01,Amador,5,37829,0,0,0,0,0
2020-02-01,Butte,7,227075,0,0,0,0,0
2020-02-01,Calaveras,9,45235,0,0,0,0,0
2020-02-01,Colusa,11,21464,0,0,0,0,0
2020-02-01,Contra Costa,13,1133247,0,0,0,0,0
2020-02-01,Del Norte,15,27424,0,0,0,0,0
2020-02-01,El Dorado,17,186661,0,0,0,0,0
2020-02-01,Fresno,19,978130,0,0,0,0,0
2020-02-01,Glenn,21,27897,0,0,0,0,0
2020-02-01,Humboldt,23,135768,0,0,0,0,0
2020-02-01,Imperial,25,180216,0,0,0,0,0
2020-02-01,Inyo,27,18085,0,0,0,0,0
2020-02-01,Kern,29,883053,0,0,0,0,0
2020-02-01,Kings,31,150075,0,0,0,0,0
2020-02-01,Lake,33,64148,0,0,0,0,0
2020-02-01,Lassen,35,31185,0,0,0,0,0
2020-02-01,Los Angeles,37,10098052,14,1,0,1,0
2020-02-01,Madera,39,155013,0,0,0,0,0
2020-02-01,Marin,41,260295,0,0,0,0,0
2020-02-01,Mariposa,43,17540,0,0,0,0,0
2020-02-01,Mendocino,45,87422,0,0,0,0,0
2020-02-01,Merced,47,269075,0,0,0,0,0
2020-02-01,Modoc,49,8938,0,0,0,0,0
2020-02-01,Mono,51,14174,0,0,0,0,0
2020-02-01,Monterey,53,433212,0,0,0,0,0
2020-02-01,Napa,55,140530,0,0,0,0,0
2020-02-01,Nevada,57,99092,0,0,0,0,0
2020-02-01,Orange,59,3164182,3,1,0,1,0
2020-02-01,Placer,61,380077,0,0,0,0,0
2020-02-01,Plumas,63,18699,0,0,0,0,0
2020-02-01,Riverside,65,2383286,2,0,0,0,0
2020-02-01,Sacramento,67,1510023,0,0,0,0,0
2020-02-01,San Benito,69,59416,0,0,0,0,0
2020-02-01,San Bernardino,71,2135413,1,0,0,0,0
2020-02-01,San Diego,73,3302833,0,0,0,0,0
2020-02-01,San Francisco,75,870044,1,0,0,0,0
2020-02-01,San Joaquin,77,732212,0,0,1,1,0
2020-02-01,San Luis Obispo,79,281455,0,0,0,0,0
2020-02-01,San Mateo,81,765935,0,0,0,0,0
2020-02-01,Santa Barbara,83,443738,0,0,0,0,0
2020-02-01,Santa Clara,85,1922200,2,1,0,1,0
2020-02-01,Santa Cruz,87,273765,0,0,0,0,0
2020-02-01,Shasta,89,179085,0,0,0,0,0
2020-02-01,Sierra,91,2930,0,0,0,0,0
2020-02-01,Siskiyou,93,43540,0,0,0,0,0
2020-02-01,Solano,95,438530,0,0,0,0,0
2020-02-01,Sonoma,97,501317,0,0,0,0,0
2020-02-01,Stanislaus,99,539301,0,0,0,0,0
2020-02-01,Sutter,101,95872,0,0,0,0,0
2020-02-01,Tehama,103,63373,0,0,0,0,0
2020-02-01,Trinity,105,12862,0,0,0,0,0
2020-02-01,Tulare,107,460477,1,0,0,0,0
2020-02-01,Tuolumne,109,53932,0,0,0,0,0
2020-02-01,Ventura,111,848112,0,0,0,0,0
2020-02-01,Yolo,113,214977,0,0,0,0,0
2020-02-01,Yuba,115,75493,0,0,0,0,0
